timestamp,rel_time,acc_x,acc_y,acc_z,gyro_x,gyro_y,gyro_z,azimuth,pitch,roll,label
1787517388000,0,-3.03086005489014,-9.16460550145829,-1.71923604510986,-0.035430185,-0.025045475,0.00061086525,100.98162,110.87549,-18.828714,STD
1787522319000,0.004931,-3.03545107188411,-9.17378772720202,-1.71464502811589,-0.038179077,-0.018020526,0.00061086525,101.405205,110.952324,-19.05327,STD
1787527304000,0.009916,-3.04000201627073,-9.16488750379016,-1.71286362308985,-0.04428773,-0.029932396,0.0027488936,101.81932,111.03672,-19.272902,STD
1787532679000,0.015291,-3.04489989956865,-9.15345900145897,-1.71123098964128,-0.036651913,-0.037873644,0.0009162979,102.23006,111.12283,-19.483452,STD
1787537350000,0.019962,-3.0491562740588,-9.14352736715405,-1.70981219320625,-0.035124753,-0.038789943,0.004581489,102.67019,111.22824,-19.71469,STD
1787542319000,0.024931,-3.05368419631133,-9.13296211541755,-1.70830288053538,-0.042455133,-0.04550946,0.00030543262,103.098724,111.33435,-19.935616,STD
1787547298000,0.02991,-3.05822123090488,-9.12237560135114,-1.70679053040693,-0.03481932,-0.057726767,-0.0033597588,103.51869,111.44234,-20.150024,STD
1787552266000,0.034878,-3.06274824192331,-9.11181247584763,-1.70528152148181,-0.03573562,-0.046120327,-0.002443461,103.937294,111.55357,-20.35613,STD
1787557313000,0.039925,-3.07065496886256,-9.0984275863653,-1.7122677515895,-0.043982297,-0.047647487,0.0015271631,104.34503,111.66696,-20.557604,STD
1787562325000,0.044937,-3.08067726828313,-9.08339420264133,-1.72479552775487,-0.03756821,-0.03359759,0.00030543262,104.754684,111.77843,-20.749435,STD
1787567327000,0.049939,-3.09067957109673,-9.06839081369734,-1.73729830835726,-0.032375857,-0.031154128,0.008857546,105.151924,111.89479,-20.938707,STD
1787572337000,0.054949,-3.10069787119591,-9.05336342892937,-1.74982108541003,-0.035430185,-0.027794369,0.0061086523,105.54743,112.00729,-21.116882,STD
1787577289000,0.059901,-3.09554807893953,-9.05741932529044,-1.73604653190349,-0.031154128,-0.017104227,0.011301007,105.94081,112.122345,-21.292511,STD
1787582302000,0.064914,-3.08601399605302,-9.06695328373548,-1.71459501340483,-0.029321533,-0.0030543262,0.011911872,106.3305,112.23447,-21.459122,STD
1787587274000,0.069886,-3.07655788990666,-9.07640926645815,-1.6933189411975,-0.03176499,-0.0009162979,0.016187929,106.71702,112.350395,-21.623983,STD
1787592313000,0.074925,-3.06697435835567,-9.08599267292225,-1.67175616407507,-0.03023783,0.004581489,0.012217305,107.10331,112.46169,-21.779673,STD
1787597292000,0.079904,-3.05083592370985,-9.07808255937108,-1.65262225196296,-0.025961773,-0.0036651916,0.009773844,107.48272,112.57755,-21.936602,STD
1787602328000,0.08494,-3.03222740093566,-9.06412632516639,-1.63401363203434,-0.028405234,0.004886922,0.013133603,107.86393,112.691536,-22.087002,STD
1787607351000,0.089963,-3.02467864001267,-9.06125127661337,-1.63601833343244,-0.043982297,0.00580322,0.017715093,108.23299,112.79263,-22.222906,STD
1787612304000,0.094916,-3.02236657208033,-9.06356336868785,-1.64757857652564,-0.03390302,-0.003970624,0.014660766,108.59641,112.88857,-22.351912,STD
1787617309000,0.099921,-3.0200302304689,-9.06589973469487,-1.65926018700039,-0.03940081,-0.0125227375,0.00580322,108.953865,112.982025,-22.474083,STD
1787622792000,0.105404,-3.01747075773055,-9.06845923415871,-1.67205744379021,-0.041233405,-0.013133603,0.007330383,109.30643,113.07399,-22.592997,STD
1787627314000,0.109926,-3.0195451229375,-9.060682541875,-1.69019666583333,-0.034513887,-0.008857546,0.009162978,109.64983,113.157196,-22.700447,STD
1787632297000,0.114909,-3.02451613259375,-9.0457693571875,-1.71505145458333,-0.035124753,-0.005192355,0.0076358155,109.98861,113.23769,-22.802532,STD
1787637323000,0.119935,-3.04808706621177,-9.05297160384501,-1.71759202824983,-0.030543262,-0.0027488936,0.008552114,110.32615,113.31459,-22.898573,STD
1787642307000,0.124919,-3.08136890655444,-9.07199013875884,-1.70808295937842,-0.034208454,-0.005192355,0.016187929,110.65939,113.39063,-22.99156,STD
1787647321000,0.129933,-3.10453907324609,-9.09004331461287,-1.71309437993457,-0.03268129,-0.0070249503,0.0143553335,110.99241,113.46188,-23.077898,STD
1787652298000,0.13491,-3.12186503965831,-9.10736919056707,-1.72608885474373,-0.036957346,0.0061086523,0.016493361,111.32564,113.53397,-23.162905,STD
1787657311000,0.139923,-3.10397866986301,-9.1125137108067,-1.81170732907154,-0.041233405,0.0067195175,0.01740966,111.64734,113.59558,-23.237183,STD
1787662315000,0.144927,-3.04145755792564,-9.10209333507284,-1.98885012594042,-0.04153884,0.005192355,0.012217305,111.96841,113.65346,-23.306223,STD
1787667408000,0.15002,-3.02822622472421,-9.12679648654925,-1.97828800755758,-0.03970624,0.006414085,0.01282817,112.28401,113.71088,-23.372694,STD
1787672379000,0.154991,-3.04665331861815,-9.17286410102574,-1.84929863892007,-0.038179077,0.007941248,0.014660766,112.59538,113.76458,-23.434422,STD
1787677306000,0.159918,-3.06760860659449,-9.18616975295276,-1.72530515319882,-0.037873644,0.005192355,0.015271631,112.927635,113.81381,-23.485859,STD
1787682318000,0.16493,-3.09123022179134,-9.17199704035433,-1.60247321788386,-0.036651913,-0.00580322,0.015882496,113.25404,113.860695,-23.53447,STD
1787687311000,0.169923,-3.07660660473174,-9.15305907028311,-1.63025850485052,-0.043066,-0.012217305,0.015271631,113.55729,113.90613,-23.584105,STD
1787693070000,0.175682,-3.01655098653732,-9.12576111383884,-1.83226343954662,-0.03726278,-0.01282817,0.013133603,113.85549,113.94818,-23.630302,STD
1787697290000,0.179902,-3.00879765457042,-9.12387419870537,-1.84667619638093,-0.027488936,-0.015577064,0.012217305,114.12779,113.99228,-23.681211,STD
1787702321000,0.184933,-3.03242499901922,-9.13805040800314,-1.74271583146332,-0.027183503,-0.013744468,0.004581489,114.39801,114.03169,-23.72637,STD
1787707297000,0.189909,-3.05593113953096,-9.13114089774421,-1.66030214850442,-0.02443461,-0.019242255,0.0012217305,114.68771,114.06617,-23.761305,STD
1787712301000,0.194913,-3.079742382381,-9.0978055953493,-1.60315535462586,-0.028405234,-0.02443461,0.009468411,114.97507,114.09982,-23.794552,STD
1787717375000,0.199987,-3.07454832737046,-9.07318478242862,-1.64563769257138,-0.024129177,-0.01038471,0.008246681,115.239845,114.13009,-23.82593,STD
1787722379000,0.204991,-3.03231850072259,-9.06051559631653,-1.81455677868347,-0.02565634,-0.0033597588,0.013439035,115.49838,114.162766,-23.859047,STD
1787727302000,0.209914,-2.99894539363453,-9.04937953484544,-1.95296614951527,-0.025045475,0.007330383,0.013133603,115.74897,114.19566,-23.89342,STD
1787732304000,0.214916,-3.00770758560454,-9.04499832449241,-1.94858503065667,-0.027488936,0.007330383,0.013133603,115.995834,114.228165,-23.926762,STD
1787737640000,0.220252,-3.01720679392805,-9.04029988885423,-1.94347644621543,-0.046120327,0.013439035,0.01863139,116.27668,114.25429,-23.947174,STD
1787742316000,0.224928,-3.02884671823664,-9.03564406498232,-1.92950851273654,-0.04153884,0.012217305,0.016798794,116.55214,114.27546,-23.96328,STD
1787747666000,0.230278,-3.0421644246205,-9.03031714930339,-1.91352723726346,-0.030848695,0.011911872,0.0125227375,116.82303,114.29313,-23.974936,STD
1787752320000,0.234932,-3.05374958452901,-9.0256832305053,-1.89962502117904,-0.03634648,0.012217305,0.014966198,117.09097,114.31098,-23.985922,STD
1787757293000,0.239905,-3.06340750005886,-9.02222986502526,-1.89072766354407,-0.03970624,0.016493361,0.015271631,117.353096,114.3227,-23.990469,STD
1787762770000,0.245382,-3.05311724616215,-9.02994746814459,-1.92674367306391,-0.0421497,0.007941248,0.010995574,117.60849,114.332535,-23.992836,STD
1787767340000,0.249952,-3.04453107484428,-9.03638702378734,-1.95679537353965,-0.02107485,0.009468411,0.013439035,117.859764,114.34512,-23.999239,STD
1787772314000,0.254926,-3.03518586343617,-9.04339585305802,-1.98950372324783,-0.01985312,0.003970624,0.008552114,118.103264,114.35401,-24.0009,STD
1787777434000,0.260046,-3.02558139246424,-9.05111628290295,-2.02380899111068,-0.02565634,-0.0021380284,0.005497787,118.3445,114.36211,-24.002079,STD
1787782297000,0.264909,-3.01663985874052,-9.06452886358836,-2.06404598623404,-0.01985312,0.0027488936,0.01038471,118.58492,114.369194,-24.002438,STD
1787787674000,0.270286,-3.00782339063489,-9.07916603425805,-2.10707412265872,-0.013439035,0.004581489,0.009162978,118.83115,114.376526,-24.000046,STD
1787792328000,0.27494,-3.02442008666915,-9.08746412232359,-2.11122329666729,-0.024129177,0.0067195175,0.008246681,119.076515,114.38453,-23.997353,STD
1787797270000,0.279882,-3.04204382362689,-9.09627571476448,-2.11562923090672,-0.028405234,0.0106901415,0.0070249503,119.327774,114.388145,-23.989166,STD
1787802349000,0.284961,-3.03436339137931,-9.09059218424977,-2.07591706589003,-0.032375857,0.010079277,0.007330383,119.57562,114.39126,-23.979713,STD
1787807246000,0.289858,-3.02125125172414,-9.08185106206897,-2.02783929655172,-0.03390302,0.0143553335,0.0143553335,119.82372,114.39489,-23.970184,STD
1787812318000,0.29493,-3.01516103657436,-9.0772799885527,-1.96820594386548,-0.028710667,0.009162978,0.01038471,120.064,114.39774,-23.959536,STD
1787817354000,0.299966,-3.0128702342564,-9.074989114473,-1.90406276134518,-0.025961773,0.0106901415,0.00580322,120.3053,114.40141,-23.94897,STD
1787822313000,0.304925,-3.01061445810573,-9.07273326765782,-1.84090032248136,-0.027488936,0.004581489,0.008552114,120.52997,114.410866,-23.944618,STD
1787827311000,0.309923,-3.00834094142878,-9.0704596797606,-1.77724114332399,-0.029321533,0.004886922,0.012217305,120.754745,114.417946,-23.93755,STD
1787832573000,0.315185,-3.01775612068891,-9.07189576071699,-1.71904145344995,-0.016493361,-0.0067195175,0.013133603,120.97601,114.42388,-23.930952,STD
1787837291000,0.319903,-3.03727165568513,-9.07677474635569,-1.67513149970845,-0.016798794,-0.005192355,0.0106901415,121.19916,114.429504,-23.922636,STD
1787842307000,0.324919,-3.05410953648367,-9.08170776025017,-1.61046750618485,-0.01038471,0.0036651916,0.0125227375,121.40146,114.43142,-23.916786,STD
1787847286000,0.329898,-3.06831078333168,-9.08644109728978,-1.53472768775936,-0.017104227,-0.0021380284,0.01282817,121.59746,114.43201,-23.908894,STD
1787852282000,0.334894,-3.06857347583309,-9.09676141738356,-1.46727885318896,-0.01282817,-0.002443461,0.014966198,121.78781,114.42636,-23.897533,STD
1787857316000,0.339928,-3.05903924011668,-9.11106299495698,-1.40530659480866,-0.0125227375,0.004276057,0.01282817,121.976364,114.419525,-23.884045,STD
1787862283000,0.344895,-3.0603781432023,-9.10905460887216,-1.35486445998614,-0.022296581,0.0027488936,0.01160644,122.14263,114.41237,-23.871944,STD
1787867343000,0.349955,-3.06997490743638,-9.09465923705317,-1.3116792965046,-0.021380283,0.0067195175,0.01740966,122.31104,114.40539,-23.860096,STD
1787872309000,0.354921,-3.07284996896739,-9.09491401889585,-1.2876489712566,-0.018936822,0.004886922,0.013133603,122.46655,114.39409,-23.84533,STD
1787877310000,0.359922,-3.07048702175736,-9.10672850821451,-1.27819735512852,-0.013744468,0.025045475,0.016798794,122.62888,114.38592,-23.833015,STD
1787882275000,0.364887,-3.06814108436529,-9.11845795021955,-1.26881377702896,-0.01038471,0.028710667,0.018936822,122.77641,114.37317,-23.818554,STD
1787887356000,0.369968,-3.06574033755982,-9.1304614335685,-1.25921096528196,-0.0061086523,0.03604105,0.014966198,122.92961,114.35905,-23.802134,STD
1787892307000,0.374919,-3.0598759828028,-9.13392217551986,-1.27101887066128,-0.00030543262,0.049785517,0.025961773,123.08476,114.34908,-23.7897,STD
1787897344000,0.379956,-3.05036813028481,-9.12916862156302,-1.30429657785552,0.0036651916,0.059253927,0.03940081,123.23914,114.338234,-23.776154,STD
1787902402000,0.385014,-3.03473148809742,-9.11600398809742,-1.30876776338583,0.0036651916,0.06780604,0.03573562,123.39344,114.32379,-23.759033,STD
1787907347000,0.389959,-3.01305172431789,-9.09432422431789,-1.2827520015748,0.006414085,0.08246681,0.03481932,123.5513,114.313,-23.745358,STD
1787912311000,0.394923,-2.99235726940886,-9.07622133058165,-1.26543430764778,0.0015271631,0.06780604,0.03573562,123.70969,114.30426,-23.73238,STD
1787917389000,0.400001,-2.97389973438656,-9.06699237033874,-1.27004869140336,0.0018325958,0.064446285,0.037873644,123.87429,114.29459,-23.717993,STD
1787922299000,0.404911,-2.96413943900273,-9.06047670833333,-1.2778037648224,0.004276057,0.044593163,0.043066,124.02447,114.28454,-23.704454,STD
1787927351000,0.409963,-2.99246608385051,-9.06519792261905,-1.30140939257416,0.008246681,0.038179077,0.035124753,124.17572,114.27086,-23.686817,STD
1787932331000,0.414943,-3.02041372485265,-9.07295572485265,-1.33027872777996,-0.00061086525,0.01282817,0.03726278,124.312706,114.25595,-23.667858,STD
1787937355000,0.419967,-3.04877168791749,-9.10131368791749,-1.39644707795678,0.009468411,0.0018325958,0.027183503,124.45005,114.23391,-23.642603,STD
1787942296000,0.424908,-3.07353830471356,-9.1262858626541,-1.46204710007252,0.016187929,0.0021380284,0.033292156,124.58825,114.21862,-23.624218,STD
1787947300000,0.429912,-3.06658798216099,-9.12165223364757,-1.53386689818709,0.018020526,0.008246681,0.03604105,124.722984,114.199196,-23.601856,STD
1787952297000,0.434909,-3.05964738228185,-9.11702508653614,-1.60558622895818,0.0012217305,0.009162978,0.029321533,124.86318,114.1834,-23.579723,STD
1787957312000,0.439924,-3.05268178124245,-9.11238127169446,-1.67756390432681,-0.01863139,-0.002443461,0.023518313,124.99988,114.16848,-23.558388,STD
1787962294000,0.444906,-3.04576201566352,-9.10776801435823,-1.74906794793329,-0.020158553,-0.008552114,0.028405234,125.13845,114.157074,-23.540195,STD
1787967417000,0.450029,-3.03443325258702,-9.09435345719661,-1.79652063555974,-0.028710667,-0.018936822,0.0125227375,125.26978,114.139656,-23.514494,STD
1787972361000,0.454973,-3.02329785766698,-9.08099093678269,-1.84106226174977,-0.027183503,-0.02107485,0.015577064,125.40101,114.12807,-23.495113,STD
1787977302000,0.459914,-3.01216921966134,-9.06763652469426,-1.885576860254,-0.038179077,-0.0290161,0.0143553335,125.5488,114.10711,-23.460081,STD
1787982273000,0.464885,-3.00097301251176,-9.05420102935089,-1.93036173561618,-0.04520403,-0.043066,0.012217305,125.69238,114.08641,-23.425829,STD
1787987314000,0.469926,-2.96648800559312,-9.05353234921123,-1.97169401725056,-0.04153884,-0.045814894,0.013133603,125.83541,114.06627,-23.391972,STD
1787992241000,0.474853,-2.92298625980332,-9.05836597746363,-2.01036223573038,-0.04062254,-0.042455133,0.0125227375,125.97427,114.045815,-23.35732,STD
1787997298000,0.47991,-2.89760616099597,-9.06309484753406,-2.010398872654,-0.05375614,-0.05100725,0.0143553335,126.12717,114.02942,-23.322632,STD
1788002361000,0.484973,-2.87899650259067,-9.06774734715026,-1.99644166528497,-0.04153884,-0.052839845,0.016187929,126.28132,114.011055,-23.287384,STD
1788007312000,0.489924,-2.88573867823881,-9.08510680636816,-1.96658250981095,-0.038179077,-0.038789943,0.017715093,126.44523,113.98969,-23.245302,STD
1788012289000,0.494901,-2.904709368,-9.10882010666667,-1.92864122933333,-0.033292156,-0.03848451,0.015577064,126.602394,113.96698,-23.203205,STD
1788018353000,0.500965,-2.94394379126883,-9.12526836755586,-1.88276686618762,-0.024740042,-0.031154128,0.026267206,126.76232,113.95188,-23.167377,STD
1788022317000,0.504929,-2.97383841491289,-9.13274178934934,-1.85287220352397,-0.016187929,-0.025350908,0.0290161,126.91979,113.9336,-23.12865,STD
1788027308000,0.50992,-2.98193128335354,-9.1272245010101,-1.8176334259899,-0.027488936,-0.023518313,0.033292156,127.07006,113.920494,-23.096058,STD
1788032298000,0.51491,-2.97227709507071,-9.11274342020202,-1.78384374179798,-0.013744468,-0.028710667,0.02565634,127.217926,113.90227,-23.060705,STD
1788037314000,0.519926,-2.96257260440404,-9.09818688686869,-1.74987799913131,-0.006414085,-0.016493361,0.021991149,127.361725,113.891014,-23.032671,STD
1788042320000,0.524932,-2.95288746080808,-9.08365937373737,-1.71597997126263,-0.0036651916,-0.01863139,0.02443461,127.49783,113.878456,-23.004612,STD
1788047301000,0.529913,-2.93719847630881,-9.09438552961399,-1.65483947271388,-0.015882496,-0.036651913,0.027794369,127.63124,113.86845,-22.978043,STD
1788052341000,0.534953,-2.91823488844907,-9.11809001443866,-1.57898507177095,-0.020463986,-0.0290161,0.02443461,127.77017,113.85623,-22.949213,STD
1788057339000,0.539951,-2.914058138,-9.12940564,-1.54331607285714,-0.014049901,-0.037873644,0.02321288,127.88594,113.8443,-22.924007,STD
1788062291000,0.544903,-2.9182924075,-9.1336396,-1.5306130875,-0.016187929,-0.040927973,0.014966198,128.00417,113.83031,-22.8952,STD
1788067412000,0.550024,-2.91877996962011,-9.15129545915678,-1.49695954412604,-0.023823744,-0.046120327,0.011301007,128.11053,113.81588,-22.869646,STD
1788072394000,0.555006,-2.91354159463109,-9.18796468577075,-1.43409833316864,-0.018936822,-0.03940081,0.014660766,128.21846,113.80027,-22.843359,STD
1788077304000,0.559916,-2.91268981023189,-9.20062989555049,-1.38768263655733,-0.018325957,-0.04428773,0.011301007,128.31377,113.78147,-22.813578,STD
1788082324000,0.564936,-2.91507188505104,-9.1958655966703,-1.35195114116539,-0.02565634,-0.0290161,0.007330383,128.41641,113.76371,-22.783663,STD
1788087688000,0.5703,-2.91761719368249,-9.19077481993856,-1.3137711130215,-0.021380283,-0.018020526,0.011301007,128.50781,113.744446,-22.756035,STD
1788092305000,0.574917,-2.91980803819245,-9.18639299365772,-1.2809081022198,-0.026267206,-0.0143553335,-0.0015271631,128.59996,113.72092,-22.722328,STD
1788097294000,0.579906,-2.91344804314452,-9.18291077580071,-1.26787749794879,-0.0106901415,-0.0030543262,0.014049901,128.7003,113.70608,-22.699072,STD
1788102316000,0.584928,-2.89918511138296,-9.18053381494662,-1.27500900106267,-0.007330383,0.010995574,0.01038471,128.80042,113.683914,-22.666553,STD
1788107308000,0.58992,-2.88500738232009,-9.17817105338078,-1.28209790260478,-0.00061086525,0.021380283,0.005192355,128.88786,113.66519,-22.641384,STD
1788112303000,0.594915,-2.87082113298735,-9.17580687188612,-1.28919106430407,-0.0015271631,0.036957346,0.01038471,128.98058,113.6487,-22.617395,STD
1788117386000,0.599998,-2.869146838813,-9.180262538813,-1.30423207762601,-0.0021380284,0.038789943,0.0125227375,129.07103,113.62948,-22.5912,STD
1788122404000,0.605016,-2.88058284433392,-9.19169854433392,-1.32710408866784,0.008246681,0.04337143,0.016187929,129.1664,113.6113,-22.5662,STD
1788127291000,0.609903,-2.89172030128504,-9.20283600128504,-1.34937900257008,0.0070249503,0.031154128,0.01038471,129.2603,113.5894,-22.535675,STD
1788132320000,0.614932,-2.90318137576983,-9.21429707576984,-1.37230115153967,0.0070249503,0.02321288,0.01740966,129.35654,113.571144,-22.509508,STD
1788137309000,0.619921,-2.91799000871582,-9.21980866104037,-1.40988729562728,0.022296581,0.004886922,0.013133603,129.44421,113.54719,-22.479359,STD
1788142307000,0.624919,-2.94161297110848,-9.2103592787484,-1.48548087395124,0.025350908,-0.006414085,0.009468411,129.53096,113.52641,-22.451426,STD
1788147256000,0.629868,-2.96661074634069,-9.2008517955836,-1.55662091835962,0.03268129,-0.018325957,0.009162978,129.61705,113.50374,-22.422428,STD
1788152310000,0.634922,-2.99714769458465,-9.19067258254469,-1.61769492113565,0.032986723,-0.021380283,0.0143553335,129.70157,113.48215,-22.394213,STD
1788157346000,0.639958,-3.03015576338537,-9.16901261063415,-1.69044189425366,0.030543262,-0.04184427,0.009468411,129.78502,113.46048,-22.363935,STD
1788162295000,0.644907,-3.06714758292683,-9.12739707317073,-1.78292112926829,0.029626964,-0.034513887,0.0125227375,129.87563,113.442444,-22.336632,STD
1788167412000,0.650024,-3.09179909540846,-9.09041789822578,-1.85738143789238,0.030543262,-0.03726278,0.009468411,129.95532,113.42654,-22.30821,STD
1788172377000,0.654989,-3.08716385310977,-9.06724144472607,-1.88519323049327,0.02687807,-0.025045475,0.010995574,130.04123,113.413284,-22.281315,STD
1788177300000,0.659912,-3.08602329072333,-9.04320806801612,-1.91380415940138,0.03359759,-0.015882496,0.014049901,130.13525,113.40232,-22.254738,STD
1788182331000,0.664943,-3.0952674636416,-9.01547530794321,-1.94615893353799,0.03756821,-0.013744468,0.01740966,130.2298,113.39238,-22.228579,STD
1788187320000,0.669932,-3.10138448665985,-8.9896189733197,-1.97582424235382,0.03726278,-0.004886922,0.011911872,130.33664,113.38253,-22.20154,STD
1788192302000,0.674914,-3.09251372929255,-8.97187745858511,-1.99356584971646,0.05222898,-0.01282817,0.02321288,130.43849,113.37633,-22.1807,STD
1788197591000,0.680203,-3.0850716942594,-8.95665849118339,-2.01246910125392,0.042455133,-0.017715093,0.010079277,130.5451,113.366295,-22.151674,STD
1788202322000,0.684934,-3.10282545768025,-8.98772792476489,-2.03022295736677,0.054367006,0.005497787,0.009468411,130.6575,113.35927,-22.128477,STD
1788207652000,0.690264,-3.1222332659744,-9.02280898720116,-2.04885380511954,0.05467244,0.01863139,0.02443461,130.77293,113.35588,-22.107718,STD
1788212285000,0.694897,-3.12651914340014,-9.05495290007245,-2.03599623997102,0.06169739,0.014049901,0.026572637,130.88794,113.34697,-22.082794,STD
1788217349000,0.699961,-3.13120372861145,-9.09008710572325,-2.0219425577107,0.057726767,0.006414085,0.030543262,131.0068,113.343864,-22.061945,STD
1788222361000,0.704973,-3.13584020986718,-9.12486053359092,-2.00803318656363,0.077579886,-0.005497787,0.027183503,131.12111,113.33621,-22.039711,STD
1788227334000,0.709946,-3.14044061315624,-9.15936337812123,-1.99423204875151,0.07819075,-0.017104227,0.035124753,131.23227,113.33448,-22.021826,STD
1788232312000,0.714924,-3.12167068942835,-9.17281255961237,-1.97635819154268,0.09132435,-0.050701816,0.02565634,131.32481,113.31979,-21.99457,STD
1788237306000,0.719918,-3.09826302537197,-9.18217533193031,-1.95763206029757,0.084910266,-0.0421497,0.01863139,131.42586,113.30959,-21.969019,STD
1788242308000,0.72492,-3.05779015309253,-9.18976530257298,-1.9218888629144,0.098043874,-0.04428773,0.023823744,131.51256,113.29342,-21.945639,STD
1788247322000,0.729934,-3.01264693529936,-9.19689332008907,-1.88149758237011,0.101098195,-0.047647487,0.018020526,131.59956,113.27412,-21.917044,STD
1788252367000,0.734979,-2.96722461105393,-9.20406540791687,-1.84085657512123,0.101098195,-0.050701816,0.010995574,131.68214,113.251945,-21.88651,STD
1788257300000,0.739912,-2.92281067141019,-9.21107827397328,-1.80111780628897,0.1020145,-0.06047566,0.015271631,131.76086,113.231285,-21.858284,STD
1788262349000,0.744961,-2.92909490643832,-9.20933880459319,-1.76956813521445,0.11636983,-0.08368854,0.0015271631,131.83247,113.20302,-21.82401,STD
1788267307000,0.749919,-2.95239541404456,-9.2046786057513,-1.74160747742664,0.1160644,-0.086437434,-0.008552114,131.90677,113.17861,-21.791924,STD
1788272314000,0.754926,-2.96933429780263,-9.21004513916659,-1.68289697582896,0.10842858,-0.08827003,-0.01985312,131.97095,113.13927,-21.749208,STD
1788277365000,0.759977,-2.98369807592794,-9.21962119123033,-1.61107803520736,0.11209377,-0.081855945,-0.027794369,132.03592,113.098045,-21.705177,STD
1788282355000,0.764967,-3.00781896653465,-9.25555728366337,-1.55334854346535,0.10354166,-0.0693332,-0.03268129,132.09657,113.054504,-21.660563,STD
1788287340000,0.769952,-3.03617956930693,-9.30282520173267,-1.50135405569307,0.11056661,-0.07360926,-0.03940081,132.1531,113.00769,-21.614546,STD
1788292283000,0.774895,-3.05170551531923,-9.35277916623839,-1.44985920258944,0.10445796,-0.067500606,-0.03634648,132.2045,112.96567,-21.574268,WAL
1788297383000,0.779995,-3.06135987882981,-9.4058782915596,-1.39675987564736,0.109650314,-0.06261369,-0.03359759,132.25356,112.92125,-21.533161,WAL
1788327331000,0.809943,-2.91250732105806,-9.66858072621092,-0.703189617938853,0.035124753,-0.05009095,-0.059253927,132.48398,112.67783,-21.328337,WAL
1788332199000,0.814811,-2.88096805770878,-9.70579614132762,-0.588214859785867,0.025350908,-0.055283304,-0.06994407,132.4825,112.63363,-21.299107,WAL
1788337239000,0.819851,-2.82929014250535,-9.72646769593148,-0.474523597430407,0.051618114,-0.056505036,-0.07452556,132.4824,112.59115,-21.274185,WAL
1788342564000,0.825176,-2.78221355583268,-9.74849670350923,-0.379128236033955,0.053145275,-0.07941248,-0.08155051,132.47307,112.53037,-21.233036,WAL
1788347225000,0.829837,-2.7509629927365,-9.76802827995099,-0.32834610465389,0.061391957,-0.12950343,-0.092240654,132.45528,112.466446,-21.191895,WAL
1788352262000,0.834874,-2.71495918666368,-9.78899047262938,-0.271380103663775,0.055588737,-0.20189096,-0.11789699,132.40701,112.39078,-21.141973,WAL
1788357285000,0.839897,-2.65260444398245,-9.80817643942567,-0.189839260960814,0.0290161,-0.2687807,-0.14110987,132.34598,112.31649,-21.092876,WAL
1788362265000,0.844877,-2.59078349662977,-9.82719816242896,-0.108996458519892,0.0290161,-0.34880406,-0.17195857,132.28371011976,112.268996107784,-21.0598067125748,WAL
1788367305000,0.849917,-2.5282177185861,-9.84644906281783,-0.0271796464110081,-0.036651913,-0.4456262,-0.20555615,132.22069,112.22093,-21.026339,WAL
1788372295000,0.854907,-2.465565259233,-9.86866171087586,0.0510345367526216,-0.043982297,-0.52412236,-0.23823744,132.10724,112.12777,-20.963001,WAL
1788377279000,0.859891,-2.39406200682113,-9.93063095405972,0.0939364921817637,-0.06352998,-0.61575216,-0.28099802,131.93385,112.01892,-20.883154,WAL
1788382330000,0.864942,-2.31982052490119,-9.99815552529644,0.131137907660079,-0.05009095,-0.6844745,-0.33383787,131.73071,111.882614,-20.783964,WAL
1788387288000,0.8699,-2.22598302608696,-10.1201443717391,0.0936028787391304,-0.03940081,-0.73364913,-0.3848451,131.50783,111.74138,-20.67882,WAL
1788392473000,0.875085,-2.12783600876697,-10.2453980299774,0.0604292169852941,-0.032375857,-0.7593055,-0.44684792,131.27905,111.57451,-20.550644,WAL
1788397314000,0.879926,-2.03605734803922,-10.3371771470588,0.0953925089215686,0.016187929,-0.74281216,-0.52626044,131.0502,111.38969,-20.407068,WAL
1788402284000,0.884896,-1.94183302582956,-10.4314019377828,0.13128748122549,0.07360926,-0.72387534,-0.60048056,130.82704,111.17656,-20.230886,WAL
1788407314000,0.889926,-1.85761348276657,-10.4899873510086,0.151164515146974,0.14630222,-0.70096785,-0.69058317,130.61154,110.938385,-20.031952,WAL
1788412282000,0.894894,-1.77534674340058,-10.5448314939481,0.169446001118156,0.23365596,-0.65393126,-0.77213365,130.4117,110.68333,-19.8185,WAL
1788417375000,0.899987,-1.72401551326194,-10.5409355479819,0.227440289511944,0.32498032,-0.6001751,-0.8344419,130.2269,110.39117,-19.571209,WAL
1788422280000,0.904892,-1.6804850523888,-10.5264255963756,0.290317672388797,0.43096542,-0.54825157,-0.9068295,130.058,110.07456,-19.303263,WAL
1788427313000,0.909925,-1.69652927075606,-10.4425587169758,0.408056679475036,0.5314528,-0.5164866,-0.97341377,129.90648,109.73148,-19.011127,WAL
1788432273000,0.914885,-1.71911649281978,-10.3522098287209,0.530027763526391,0.63713247,-0.52748215,-1.01312,129.76144,109.37781,-18.71336,WAL
1788437395000,0.920007,-1.70405049629255,-10.2305460451561,0.543589977775533,0.7312057,-0.5320636,-1.0613784,129.62,108.99523,-18.390745,WAL
1788442242000,0.924854,-1.68060431506213,-10.1086253151834,0.529522269037277,0.8179486,-0.5183192,-1.0754282,129.48595,108.61645,-18.074741,WAL
1788447336000,0.929948,-1.63795404546677,-9.98561081867076,0.595101246427199,0.8558222,-0.50854534,-1.1087204,129.32922,108.23251,-17.756838,WAL
1788452257000,0.934869,-1.59269138506531,-9.86792840261237,0.676573997339608,0.9184359,-0.52656585,-1.1530081,129.17348,107.84814,-17.44024,WAL
1788457345000,0.939957,-1.52653741810258,-9.77101800250451,0.724136867461431,0.95111716,-0.5674938,-1.183246,129.02061,107.47377,-17.127874,WAL
1788462283000,0.944895,-1.45547409714486,-9.68574177990383,0.757299727489481,0.98624194,-0.6243043,-1.2162327,128.86218,107.09698,-16.811018,WAL
1788467443000,0.950055,-1.38428020170334,-9.63314627111427,0.73256112966643,1.0057896,-0.6872234,-1.2409728,128.67122,106.716934,-16.487988,WAL
1788472349000,0.954961,-1.31758924244145,-9.59503735050188,0.689688370140931,0.9984592,-0.72784597,-1.2547172,128.47534,106.34586,-16.167868,WAL
1788477341000,0.959953,-1.31990482143663,-9.64225294151937,0.683445104287326,0.9954049,-0.763887,-1.2696834,128.26842,105.96711,-15.835982,WAL
1788482312000,0.964924,-1.3422846036856,-9.71386833819105,0.687921060737119,0.96577793,-0.82863873,-1.2605205,128.04688,105.60876,-15.516667,WAL
1788487327000,0.969939,-1.38484594031669,-9.91533127040195,0.579705938538368,0.9654725,-0.8185594,-1.260215,127.84695,105.243385,-15.183135,WAL
1788492314000,0.974926,-1.43817059699553,-10.1868018449046,0.410036454892408,0.93767816,-0.7480045,-1.2522738,127.65152,104.90028,-14.863927,WAL
1788497298000,0.97991,-1.54835325119785,-10.5539490227179,0.321242335296365,0.91690874,-0.6591236,-1.2470814,127.466934,104.56531,-14.546972,WAL
1788502317000,0.984929,-1.6873296928955,-10.9708784514663,0.271607882207765,0.9242391,-0.59437186,-1.2305881,127.30121,104.25126,-14.244672,WAL
1788507313000,0.989925,-1.70796305895704,-11.3119524579843,0.0269863550797081,0.9251554,-0.6001751,-1.2189816,127.16843,103.94612,-13.945004,WAL
1788512317000,0.994929,-1.68638226673872,-11.6270322947852,-0.288093423131586,0.9120218,-0.45723262,-1.2275337,127.102325,76.34645,-13.653438,WAL
1788517391000,1.000003,-1.67863979271375,-11.8469368178439,-0.41354715595539,0.93462384,-0.2678644,-1.207986,127.052185,76.61086,-13.386221,WAL
1788522322000,1.004934,-1.68365553363781,-11.9723303409453,-0.363389715290494,1.0097603,-0.18325958,-1.1725558,127.0159,76.860115,-13.130177,WAL
1788527308000,1.00992,-1.6731702815284,-11.9991357948508,-0.213879404707806,1.0910053,-0.18234327,-1.1438452,127.07355,77.11246,-12.869856,WAL
1788532297000,1.014909,-1.65364484017981,-11.9678953170413,-0.00691001184797717,1.1578951,-0.17837265,-1.1236867,127.156525,77.34601,-12.625427,WAL
1788537254000,1.019866,-1.64387834962891,-11.9315732079165,0.233278738627514,1.1997393,-0.183565,-1.1172725,127.22355,77.57851,-12.377246,WAL
1788542310000,1.024922,-1.68033555208132,-11.8690750222652,0.644723983639884,1.2211196,-0.21502456,-1.0903945,127.283424,77.78722,-12.148412,WAL
1788547260000,1.029872,-1.69718675482334,-11.7914287744145,1.00020983261711,1.2712106,-0.27855456,-1.0772609,127.29876,77.99739,-11.905895,WAL
1788552340000,1.034952,-1.67304515895197,-11.6755492150655,1.2609392444869,1.3457361,-0.344528,-1.0668762,127.30434,78.184906,-11.677984,WAL
1788557306000,1.039918,-1.67165362632372,-11.51574969999,1.41719516577916,1.4114041,-0.3903429,-1.0500773,127.24098,78.35364,-11.447406,WAL
1788562337000,1.044949,-1.72006202660504,-11.2495029929669,1.35426424541344,1.502423,-0.3848451,-1.0253373,127.17507,78.49281,-11.230012,WAL
1788567351000,1.049963,-1.90580464264572,-10.7213230465924,1.16450249503746,1.5683966,-0.3475823,-0.9810496,127.07681,78.59938,-11.018719,WAL
1788572531000,1.055143,-2.39073441717522,-9.61550236323771,0.69770094115476,1.5919148,-0.25717425,-0.9138544,126.99688,78.66696,-10.829797,WAL
1788577319000,1.059931,-2.77914802431951,-8.67907637644264,0.331858213388103,1.5531249,-0.094989546,-0.8304713,126.94535,78.69423,-10.670214,WAL
1788582306000,1.064918,-2.79332975312283,-8.26307715537959,0.379130836888053,1.4825699,0.10567969,-0.7199047,126.92942,78.67934,-10.547007,WAL
1788587297000,1.069909,-2.78064950044902,-7.87502343973807,0.444342334218896,1.3707817,0.2846632,-0.5992588,126.94271,78.594246,-10.512404,WAL
1788592300000,1.074912,-2.54310256757717,-7.72263468057998,0.659479149943873,1.2333369,0.39553526,-0.46700647,126.98902,78.48229,-10.518119,WAL
1788598423000,1.081035,-2.25505840462603,-7.55282514163424,0.902753756074362,1.1267409,0.43188173,-0.35063666,127.04183,78.34754,-10.545426,WAL
1788602325000,1.084937,-2.08057425808041,-7.50112622272373,0.9899958630869,1.0256428,0.4034765,-0.24678956,127.10071,78.197235,-10.608176,WAL
1788607347000,1.089959,-1.85600752718547,-7.43458804466926,1.1022792719585,0.9294315,0.32803464,-0.17104226,127.133804,78.05403,-10.655196,WAL
1788612339000,1.094951,-1.67503812708791,-7.40030571837358,1.15178264992841,0.8368854,0.26450464,-0.11148291,127.15569,77.90174,-10.72638,WAL
1788617415000,1.100027,-1.51264285141739,-7.38174617247304,1.17034214737998,0.7504479,0.19792034,-0.053145275,127.1495,77.744194,-10.815617,WAL
1788622379000,1.104991,-1.41409382672847,-7.37680805948242,1.15927824565469,0.6783658,0.1441642,0.006414085,127.12116,77.60914,-10.87253,WAL
1788627309000,1.109921,-1.35938506069911,-7.38136721456161,1.12736477896871,0.6010914,0.12034045,0.049785517,127.07922,77.47712,-10.940005,WAL
1788632302000,1.114914,-1.33954436462949,-7.40523616971734,1.10971414612681,0.5534439,0.106901415,0.087659165,127.0312,77.3629,-10.981607,WAL
1788637321000,1.119933,-1.35668015339954,-7.44929969228419,1.10726617265088,0.5186246,0.109650314,0.12370021,126.97896,77.24826,-11.034661,WAL
1788642307000,1.124919,-1.37370327410237,-7.4930734965317,1.10483429463713,0.48716503,0.1282817,0.1423316,126.935524,77.1507,-11.070603,WAL
1788647297000,1.129909,-1.39074005154062,-7.53688241815126,1.10240046565826,0.44776422,0.14996742,0.16340645,126.8922,77.05097,-11.117415,WAL
1788652353000,1.134965,-1.40634024204815,-7.5804799695738,1.16092708340568,0.41447207,0.16920967,0.18509217,126.85749,76.95419,-11.158271,WAL
1788657331000,1.139943,-1.42045043608919,-7.62281045347277,1.26440121762036,0.39064834,0.1853976,0.19364429,126.827484,76.86126,-11.2015505,WAL
1788662319000,1.144931,-1.42453198753152,-7.66882748753152,1.35544422443261,0.3576616,0.20799962,0.20769419,126.81016,76.770676,-11.244366,WAL
1788668230000,1.150842,-1.41924493562156,-7.72698516895489,1.45061115881199,0.3381139,0.24587326,0.2144137,126.80135,76.68295,-11.28801,WAL
1788672340000,1.154952,-1.40986495019478,-7.74013445019478,1.51066380680756,0.30726522,0.28405234,0.22540927,126.782936,76.59262,-11.327832,WAL
1788677308000,1.15992,-1.39133055564862,-7.72160005564862,1.57553389741917,0.2864958,0.33322698,0.22418754,126.77832,76.506584,-11.367372,WAL
1788682288000,1.1649,-1.36709972729479,-7.69736920945347,1.64410972615531,0.26297748,0.37934732,0.23640485,126.77741,76.41746,-11.399868,WAL
1788687319000,1.169931,-1.33151567343321,-7.66178510251108,1.72036143696982,0.226631,0.42455134,0.24862215,126.789665,76.33525,-11.433579,WAL
1788692304000,1.174916,-1.27821800735123,-7.63161680290048,1.79059943125521,0.19517145,0.4709771,0.25411993,126.807365,76.25238,-11.461041,WAL
1788697303000,1.179915,-1.20240411831972,-7.60767543443907,1.85444271938656,0.18051068,0.5158757,0.2724459,126.83568,76.1681,-11.496977,WAL
1788702459000,1.185071,-1.12666429538433,-7.58687015483634,1.92317887955131,0.14813483,0.5476407,0.28893927,126.86879,76.08711,-11.524526,WAL
1788707308000,1.18992,-1.08396665683156,-7.61248888955498,2.02138343484737,0.13164146,0.56382865,0.30115658,126.908325,76.004234,-11.556897,WAL
1788713242000,1.195854,-1.03048570116572,-7.65346622816545,2.14527847701149,0.1301143,0.5717699,0.3268129,126.952156,75.918816,-11.582731,WAL
1788717317000,1.199929,-0.977505154238393,-7.80887571544936,2.27949586206897,0.12308934,0.5702427,0.355829,126.99565,75.834854,-11.6130495,WAL
1788722289000,1.204901,-0.912862386306453,-7.99849435858449,2.44325754022988,0.13469578,0.5757405,0.36285394,127.04362,75.73782,-11.638267,WAL
1788727309000,1.209921,-0.899838007519936,-8.1211394370016,2.54782003508772,0.15424347,0.57971114,0.38240165,127.087006,75.63268,-11.674851,WAL
1788732315000,1.214927,-0.913740123885022,-8.20802768696535,2.62080623763955,0.1777618,0.5534439,0.39767328,127.12118,75.52626,-11.710783,WAL
1788738083000,1.220695,-0.929080854967663,-8.30700916266754,2.70640612266848,0.21013765,0.5375614,0.40591997,127.14643,75.40943,-11.737136,WAL
1788742316000,1.224928,-0.930980685992127,-8.36400429177992,2.78999874725841,0.24007004,0.5296202,0.40561453,127.16451,75.28927,-11.7646885,WAL
1788747275000,1.229887,-0.933206356214266,-8.43077463084638,2.88792830675321,0.25992316,0.5009095,0.40194935,127.16841,75.15183,-11.7940855,WAL
1788752306000,1.234918,-0.935464341067579,-8.49851441222233,2.98727971103196,0.2864958,0.46731192,0.39400807,127.167274,75.01118,-11.821702,WAL
1788757278000,1.23989,-0.937695845875902,-8.56545978948355,3.08546599250164,0.31490102,0.4260785,0.38453966,127.154594,74.869934,-11.846333,WAL
1788762326000,1.244938,-0.903060680625724,-8.59926246195442,3.19297177578216,0.3203988,0.40622538,0.36682457,127.144875,74.72964,-11.865349,WAL
1788767413000,1.250025,-0.846609672801275,-8.61337500637312,3.30587385037659,0.32253686,0.37110063,0.35308012,127.1182,74.588135,-11.880562,WAL
1788772387000,1.254999,-0.780929004118664,-8.58178425892857,3.37588791293203,0.31581733,0.33750305,0.32498032,127.07865,74.42577,-11.896127,WAL
1788777309000,1.259921,-0.708521894967358,-8.5184281577381,3.41661684862711,0.29443705,0.27947086,0.30543262,127.021805,74.26913,-11.907814,WAL
1788782302000,1.264914,-0.652877002066565,-8.42505256623885,3.42307406987166,0.267559,0.2321288,0.2724459,126.959984,74.111015,-11.9051695,WAL
1788787329000,1.269941,-0.616222845353491,-8.29938084685665,3.39165630405699,0.23945917,0.18692477,0.24801129,126.88313,73.96146,-11.8976965,WAL
1788792311000,1.274923,-0.606388804925706,-8.18200786726102,3.33943830423477,0.20525073,0.14905111,0.22449298,126.80885,73.81756,-11.884045,WAL
1788797295000,1.279907,-0.611116962060921,-8.06853213551263,3.27560807552749,0.16707164,0.11056661,0.20372356,126.72361,73.68614,-11.8630705,WAL
1788802317000,1.284929,-0.615881168548291,-7.95419121961367,3.2112911797474,0.122783914,0.089186326,0.204029,126.63589,73.56608,-11.841415,WAL
1788807449000,1.290061,-0.620749728423477,-7.83734582327885,3.14556551086181,0.086437434,0.07269296,0.19211712,126.541855,73.46006,-11.810132,WAL
1788812321000,1.294933,-0.625308044453163,-7.74483988104233,3.11359218604088,0.06169739,0.06627888,0.19364429,126.44533,73.35881,-11.7835865,WAL
1788817330000,1.299942,-0.629954967944396,-7.6611951611547,3.0996514640899,0.016493361,0.06963864,0.19456059,126.349266,73.27254,-11.754754,WAL
1788822309000,1.304921,-0.636502949907407,-7.63200580740741,3.12656145462963,-0.016493361,0.051618114,0.19639318,126.27778,73.18008,-11.748288,WAL
1788827308000,1.30992,-0.644711900210048,-7.64842364801097,3.18812831403464,-0.038789943,0.032986723,0.19730948,126.207924,73.09611,-11.742513,WAL
1788832300000,1.314912,-0.650134784467308,-7.67667908111517,3.24675356026109,-0.05375614,0.021685716,0.19517145,126.133644,73.01558,-11.739324,WAL
1788837321000,1.319933,-0.644814990806505,-7.75115552578825,3.29463131437106,-0.061086524,0.0033597588,0.18875736,126.05317,72.939896,-11.734164,WAL
1788842260000,1.324872,-0.627757590247534,-7.8319780212172,3.34745671706682,-0.069027774,-0.013439035,0.17867808,125.97675,72.84951,-11.738798,WAL
1788847301000,1.329913,-0.591817408747441,-7.92632085692351,3.41035203469198,-0.07880162,-0.018936822,0.16890424,125.899605,72.76372,-11.741609,WAL
1788852316000,1.334928,-0.549786639624276,-8.04530013644328,3.45605451158807,-0.11148291,0.0027488936,0.15790866,125.831795,72.68188,-11.746601,WAL
1788857314000,1.339926,-0.489218824077481,-8.23865136771791,3.45139545222174,-0.12583824,0.02076942,0.14844026,125.76286,72.60132,-11.748978,WAL
1788862284000,1.344896,-0.428990324023945,-8.43091939881734,3.44676249402833,-0.16493362,0.040011674,0.13500121,125.708,72.53336,-11.748747,WAL
1788867330000,1.349942,-0.36784082477442,-8.62612754467805,3.44205868979413,-0.18967366,0.07819075,0.13194689,125.66446,72.46661,-11.751281,WAL
1788872249000,1.354861,-0.294703142311716,-8.80550771681798,3.43740699178556,-0.2125811,0.13958271,0.129198,125.64202,72.40691,-11.757528,WAL
1788877336000,1.359948,-0.126204342621811,-8.91608453739732,3.43214140795504,-0.2510656,0.18997909,0.12797627,125.62797,72.35733,-11.765036,WAL
1788882274000,1.364886,-0.000359618391519505,-8.9741866632059,3.42454657908015,-0.28924468,0.23976462,0.13255776,125.662766,72.354485,-11.745696,WAL
1788887324000,1.369936,0.0324892189216961,-8.90848913264118,3.41046851581603,-0.3295618,0.28313604,0.14385876,125.70993,72.35987,-11.730845,WAL
1788892271000,1.374883,0.0356934142385464,-8.84818056637687,3.40494911681157,-0.3735441,0.3173445,0.15118915,125.78592,72.40076,-11.694092,WAL
1788897295000,1.379907,-0.0630065379505715,-8.80118062186187,3.42844908906906,-0.4089743,0.35735616,0.18020524,125.873566,72.44209,-11.669762,WAL
1788902285000,1.384897,-0.17595791407747,-8.76103179571443,3.47122491457711,-0.42577308,0.36926803,0.2125811,125.963036,72.48898,-11.645905,WAL
1788907310000,1.389922,-0.359389231297002,-8.75111690697435,3.60508020920985,-0.42485678,0.3662137,0.23457226,126.05801,72.53593,-11.628363,WAL
1788912287000,1.394899,-0.52674873512864,-8.76918477193479,3.73391399926491,-0.40225476,0.34788775,0.25259277,126.14984,72.54816,-11.642679,WAL
1788917324000,1.399936,-0.649492678088776,-8.87829034077844,3.85211189663557,-0.3903429,0.33475417,0.269697,126.240204,72.559,-11.661611,WAL
1788922282000,1.404894,-0.765477310227052,-8.99443182418009,3.97251633169028,-0.35827246,0.3286455,0.27030787,126.2965,72.5162,-11.712941,WAL
1788927315000,1.409927,-0.844984523476616,-9.18150793605667,4.12685391643703,-0.3210097,0.33475417,0.2519819,126.35192,72.47183,-11.761739,WAL
1788932402000,1.415014,-0.924391319534653,-9.37087775405941,4.2791412109901,-0.30298916,0.3436117,0.22999077,126.384026,72.39833,-11.826639,WAL
1788937311000,1.419923,-0.989557249549505,-9.55706591722772,4.38154465212871,-0.2761111,0.3481932,0.22266038,126.41622,72.318474,-11.888563,WAL
1788942485000,1.425097,-1.07709194247736,-9.74960303693893,4.48294450890965,-0.27550024,0.36132678,0.18570304,126.43945,72.22962,-11.954838,WAL
1788947334000,1.429946,-1.39466977591986,-9.88379054141784,4.4963633294163,-0.29260445,0.36193767,0.16249016,126.45965,72.14097,-12.020137,WAL
1788952701000,1.435313,-1.75437909672222,-10.031730913728,4.50998822507136,-0.32436943,0.355829,0.1518,126.47298,72.0509,-12.0833435,WAL
1788957314000,1.439926,-2.25062190277138,-10.1456226600221,4.49371793919529,-0.3747658,0.33444872,0.15668693,126.48258,71.97321,-12.141534,WAL
1788962297000,1.444909,-2.78666740516527,-10.2686494477488,4.47614264448025,-0.43035457,0.2846632,0.18478674,126.46558,71.86363,-12.252046,WAL
1788967383000,1.449995,-3.42942535326339,-10.5550135687481,4.46460906525774,-0.4831944,0.1872302,0.23793201,126.42641,71.762276,-12.362632,WAL
1788972336000,1.454948,-4.08018844644406,-10.8756100216887,4.45503897788762,-0.54611355,0.058948494,0.29871312,126.36166,71.671,-12.474208,WAL
1788977314000,1.459926,-4.6457364728,-11.308324311619,4.309721586,-0.58276546,-0.1160644,0.37782016,126.209595,71.5126,-12.664302,WAL
1788982267000,1.464879,-5.1878383604,-11.7645937281905,4.133538423,-0.600786,-0.29871312,0.43951756,126.01731,71.35858,-12.850948,WAL
1788987314000,1.469926,-5.64294312748345,-12.3304505573951,3.74040355618102,-0.59589905,-0.45998153,0.5021312,125.73824,71.13905,-13.117134,WAL
1788993103000,1.475715,-6.11718267190949,-13.0290612415379,3.18457446767844,-0.5882632,-0.58032197,0.54153204,125.42102,70.92008,-13.374843,WAL
1788997299000,1.479911,-6.42226660782974,-13.5599962723811,2.72401761045592,-0.569021,-0.66645396,0.58062744,125.07536,70.67816,-13.683594,WAL
1789002300000,1.484912,-6.75891988616616,-14.2099246309675,2.13487432454359,-0.5522222,-0.6835582,0.57635134,124.72306,70.4421,-13.975657,WAL
1789007310000,1.489922,-6.95102176831236,-14.6616031268151,1.6823968060342,-0.5027421,-0.6059783,0.5519168,124.45139,70.25519,-14.277207,WAL
1789012309000,1.494921,-6.98706790818544,-14.8984773301065,1.37857912630956,-0.45112398,-0.48655418,0.4972443,124.19637,70.07518,-14.55932,WAL
1789017317000,1.499929,-6.77179872741644,-14.7177142433199,1.38241893109374,-0.37140608,-0.34697145,0.43493605,124.05372,69.972946,-14.817294,WAL
1789022340000,1.504952,-6.40395941830054,-14.2837467227425,1.57253816481657,-0.28038713,-0.22510384,0.37782016,123.94678,69.8683,-15.060322,WAL
1789027309000,1.509921,-5.9007392725178,-13.7123304002933,1.86032981392962,-0.18478674,-0.13622294,0.32070425,123.912384,69.803734,-15.276666,WAL
1789032289000,1.514901,-5.06656997423544,-12.8032357815249,2.38480742243402,-0.10629055,-0.105374254,0.28130344,123.89901,69.73223,-15.479751,WAL
1789037311000,1.519923,-4.20504339328264,-11.8678605551331,2.7942670157161,-0.07849618,-0.08827003,0.19975294,123.89831,69.661575,-15.639479,WAL
1789042308000,1.52492,-3.31546460717153,-10.9075198051331,3.01160732960499,-0.050396383,-0.12095132,0.1337795,123.89369,69.58372,-15.785314,WAL
1789047279000,1.529891,-2.60815133379323,-10.0365950621811,2.99878403572104,-0.07788532,-0.18967366,0.0693332,123.849236,69.51005,-15.865998,WAL
1789052332000,1.534944,-2.07768197884143,-9.2408910536288,2.74269549357399,-0.13836098,-0.269697,0.034208454,123.7946,69.44808,-15.930661,WAL
1789057294000,1.539906,-1.61167490992624,-8.46412162830363,2.38996869017619,-0.24648413,-0.35369098,0.013439035,123.710335,69.426765,-15.928269,WAL
1789063118000,1.54573,-1.17173435282729,-7.56138641502766,1.77862259880148,-0.35705075,-0.4615087,0.021685716,123.59726,69.41809,-15.918031,WAL
1789067308000,1.54992,-0.98287074977119,-7.0101368861918,1.32503962447274,-0.48899764,-0.54244834,0.03176499,123.49484,69.47176,-15.874556,WAL
1789072315000,1.554927,-0.906545928611222,-6.46632249184242,0.766914335495424,-0.6200282,-0.6178902,0.06536258,123.36275,69.535614,-15.835162,WAL
1789077238000,1.55985,-0.920853352220249,-6.03935890408526,0.18869540053286,-0.7583892,-0.6783658,0.10751228,123.25559,69.666985,-15.775289,WAL
1789082301000,1.564913,-1.07043582264186,-5.76285795239787,-0.450429548039637,-0.8933904,-0.7461719,0.14905111,123.12596,69.80948,-15.721307,WAL
1789087284000,1.569896,-1.25164264241099,-5.54268599512805,-1.07728611069332,-1.02717,-0.8035932,0.1908954,123.02409,69.996185,-15.682568,WAL
1789092300000,1.574912,-1.52668418819488,-5.46267405908807,-1.70238066774516,-1.1792754,-0.8604037,0.24953845,122.90392,70.19001,-15.656969,WAL
1789097273000,1.579885,-1.77721172697856,-5.44313602651072,-2.25520180611111,-1.3170254,-0.9279043,0.29626966,122.79872,70.44071,-15.637796,WAL
1789102291000,1.584903,-1.98798552962963,-5.53681318518518,-2.68611698055556,-1.4468343,-0.9999864,0.3463606,122.67598,70.6918,-15.633241,WAL
1789107258000,1.58987,-2.15217889894862,-5.67553181809165,-3.0569258221583,-1.5745052,-1.072374,0.3659083,122.55671,70.99449,-15.637754,WAL
1789112292000,1.594904,-2.20955990811347,-5.9289646585003,-3.29601351013688,-1.6814066,-1.1362094,0.36560285,122.41807,71.292534,-15.6496525,WAL
1789117356000,1.599968,-2.20765188453074,-6.19319812533518,-3.50190213577439,-1.7614299,-1.171945,0.35185838,122.295654,71.61554,-15.672326,WAL
1789122327000,1.604939,-2.06238993385113,-6.47491846153491,-3.62075283940823,-1.8002199,-1.1866057,0.34391713,122.15947,71.92439,-15.6980505,WAL
1789127297000,1.609909,-1.90794784613038,-6.8286449234655,-3.71832937743042,-1.7907515,-1.1866057,0.34208453,122.04265,72.24559,-15.715888,WAL
1789132550000,1.615162,-1.67300296519253,-7.76362960774876,-3.65599711521159,-1.7489072,-1.1212431,0.34147367,121.93918,72.54066,-15.7378845,WAL
1789137580000,1.620192,-1.46096456478174,-8.63287467244477,-3.58178348545608,-1.6869044,-1.0870347,0.32895094,121.86328,72.85585,-15.718745,WAL
1789142341000,1.624953,-1.40795255835535,-9.15817586597611,-3.34563894222598,-1.5867225,-0.9963212,0.32986724,121.82032,73.128235,-15.710943,WAL
1789147315000,1.629927,-1.36114358123285,-9.70848726146609,-3.08708430437084,-1.5326608,-0.88300574,0.3295618,121.84926,73.44188,-15.631345,WAL
1789152325000,1.634937,-1.37054764189534,-10.2727338471188,-2.74853605838887,-1.3863586,-0.77671516,0.34330627,121.89912,73.704506,-15.561636,WAL
1789157306000,1.639918,-1.37455973785441,-10.8129409756705,-2.41958387645594,-1.2541064,-0.6908886,0.355829,121.981,73.94194,-15.482256,WAL
1789162343000,1.644955,-1.32373389900383,-11.1456198690613,-2.16545453746169,-1.1123856,-0.62125,0.3417791,122.08783,74.14844,-15.404038,WAL
1789167609000,1.650221,-1.27091997641048,-11.4753020776299,-1.90494245600687,-0.9795224,-0.54092115,0.310625,122.22625,74.32032,-15.321791,WAL
1789172409000,1.655021,-1.22749747404895,-11.5108294971232,-1.74309478232718,-0.8671232,-0.4538729,0.27122417,122.386024,74.47748,-15.237193,WAL
1789177247000,1.659859,-1.18373121021039,-11.5466381753542,-1.57996581456419,-0.7877107,-0.3643811,0.21777347,122.58421,74.62858,-15.133935,WAL
1789182357000,1.664969,-1.23950113281849,-11.3627498519747,-1.32964332938737,-0.74067414,-0.28771752,0.14966199,122.801926,74.78273,-15.019794,WAL
1789187254000,1.669866,-1.34158985172593,-11.0807903687157,-1.0525453635638,-0.7305948,-0.23609942,0.065973446,123.03587,74.94686,-14.890378,WAL
1789192318000,1.67493,-1.46831896860224,-10.6154681852804,-0.874468854120091,-0.75869465,-0.25900686,-0.019547688,123.235344,75.11887,-14.748423,WAL
1789197293000,1.679905,-1.60028540816104,-10.0970283025027,-0.737789279978237,-0.816116,-0.34147367,-0.08032878,123.430115,75.30037,-14.594211,WAL
1789202306000,1.684918,-1.81330322902388,-9.55594232762201,-0.674011282102804,-0.8720101,-0.44684792,-0.11728613,123.56008,75.45343,-14.462028,WAL
1789207313000,1.689925,-2.05729111541018,-9.00821448307373,-0.639155870504673,-0.9392053,-0.57726765,-0.13041973,123.657616,75.61222,-14.322719,WAL
1789212346000,1.694958,-2.24954013831886,-8.72289909256243,-0.771232744662504,-0.981355,-0.6945538,-0.12186762,123.683365,75.72421,-14.226327,WAL
1789217411000,1.700023,-2.42948645378212,-8.5034528805646,-0.946790204629026,-1.0033462,-0.73975784,-0.112704635,123.693,75.835335,-14.129096,WAL
1789222390000,1.705002,-2.57062943782783,-8.35285429239947,-1.05956830908156,-0.99204516,-0.7910705,-0.12736541,123.62137,75.89052,-14.08504,WAL
1789227357000,1.709969,-2.68804511863622,-8.24522267695156,-1.13295306488738,-0.9941832,-0.82527894,-0.12980886,123.54336,75.9365,-14.048252,WAL
1789232355000,1.714967,-2.77256251235877,-8.24741160277502,-1.25130615408325,-0.9935723,-0.88178396,-0.11636983,123.420395,75.954834,-14.0379095,WAL
1789237358000,1.71997,-2.83904206893954,-8.30914237522299,-1.39376238925669,-0.9896017,-0.91324353,-0.0870483,123.297226,75.965096,-14.03257,WAL
1789242344000,1.724956,-2.89628322336467,-8.43325871895101,-1.52068419142009,-0.9779953,-0.9086621,-0.055283304,123.14935,75.94637,-14.0535555,WAL
1789247352000,1.729964,-2.94849166053439,-8.59463104948046,-1.63933989263731,-0.9627236,-0.86437434,-0.03573562,123.00669,104.08094,-14.080061,WAL
1789252322000,1.734934,-2.93522641786111,-8.80490927003634,-1.61397035522863,-0.9465357,-0.806953,-0.004581489,122.865456,104.12658,-14.121279,WAL
1789257369000,1.739981,-2.87912038043807,-9.05128802255981,-1.49444007943878,-0.9263771,-0.7480045,0.018936822,122.740326,104.17909,-14.166074,WAL
1789262368000,1.74498,-2.82354794511457,-9.29532356523166,-1.37604660833249,-0.9242391,-0.68539083,0.034513887,122.63623,104.241745,-14.2161,WAL
1789267344000,1.749956,-2.76823119413041,-9.5382363198496,-1.25819785613707,-0.9334021,-0.63529986,0.051923547,122.5481,104.31467,-14.272736,WAL
1789272335000,1.754947,-2.62032186313236,-9.69185482536383,-1.06055670928621,-0.9440922,-0.6093381,0.057726767,122.46578,104.39192,-14.329488,WAL
1789277325000,1.759937,-2.42161814637165,-9.7959378963469,-0.819273487030987,-0.9960158,-0.6630942,0.04795292,122.37659,104.4735,-14.386069,WAL
1789282323000,1.764935,-2.21600329539659,-9.85854788058394,-0.713357924038929,-1.0494665,-0.74036866,0.049480084,122.29901,104.54425,-14.433382,WAL
1789287345000,1.769957,-2.00536942281265,-9.89599367211679,-0.689954182141119,-1.0461067,-0.8023715,0.054061573,122.21202,104.61288,-14.477409,WAL
1789292278000,1.77489,-1.7888275519064,-9.9039184910228,-0.696106542848497,-1.0134255,-0.8216137,0.06414085,122.098595,104.665794,-14.505914,WAL
1789297292000,1.779904,-1.56118466911438,-9.88938830946137,-0.72516731057091,-0.9779953,-0.8344419,0.058337633,121.97134,104.71544,-14.531152,WAL
1789302214000,1.784826,-1.39646405310103,-9.86573089666583,-0.772482165831035,-0.9392053,-0.86193085,0.039095376,121.838196,104.73595,-14.525459,WAL
1789307257000,1.789869,-1.27297007289045,-9.83425190659313,-0.835439893131111,-0.88239485,-0.88147855,0.024740042,121.70642,104.75495,-14.520387,WAL
1789312221000,1.794833,-1.15141066028579,-9.80326604367009,-0.897411370092755,-0.8509353,-0.9120218,-0.003970624,121.57276,104.73855,-14.475631,WAL
1789317263000,1.799875,-1.02794116827275,-9.77179329571321,-0.960356613211331,-0.79901177,-0.9654725,-0.038789943,121.42924,104.71511,-14.428062,WAL
1789322248000,1.80486,-1.00708194888537,-9.68314680600416,-1.09502762603785,-0.7516697,-1.0195341,-0.05467244,121.267525,104.69312,-14.381383,WAL
1789327250000,1.809862,-1.05928993360745,-9.5526267203012,-1.28250169892995,-0.70829827,-1.0476339,-0.064446285,121.1005,104.66331,-14.329993,WAL
1789332281000,1.814893,-1.11180060356683,-9.42134992078668,-1.47106268667889,-0.68416905,-1.10139,-0.087659165,120.92878,104.60321,-14.241406,WAL
1789337252000,1.819864,-1.16368502820767,-9.29163873605469,-1.65737488506886,-0.6395759,-1.1264355,-0.1020145,120.760605,104.54316,-14.156818,WAL
1789342249000,1.824861,-1.28214315262795,-9.16555220590551,-1.88618600035433,-0.602924,-1.1337659,-0.100792766,120.571945,104.48087,-14.069133,WAL
1789347245000,1.829857,-1.45638450424213,-9.04311283425197,-2.14990261405512,-0.5885687,-1.0958922,-0.0888809,120.392784,104.4205,-13.984692,WAL
1789352265000,1.834877,-1.63277708376905,-8.93986206789839,-2.43610165628637,-0.5946773,-1.0256428,-0.062002823,120.2491,104.39271,-13.919712,WAL
1789357348000,1.83996,-1.81265292604157,-8.85442071177829,-2.74638755698845,-0.59620446,-0.9098838,-0.03145956,120.13378,104.3716,-13.861175,WAL
1789362354000,1.844966,-1.98061558745809,-8.78517726755777,-3.00689259152696,-0.61391956,-0.77457714,0.0021380284,120.0493,104.39036,-13.827399,WAL
1789367403000,1.850015,-2.1339789967739,-8.74135940552787,-3.190928755913,-0.6450737,-0.6236934,0.035430185,120.00698,104.42128,-13.8013735,WAL
1789372316000,1.854928,-2.27883686509788,-8.70171933508009,-3.32719339230769,-0.6728681,-0.50976706,0.058337633,119.99034,104.48668,-13.7869005,WAL
1789377359000,1.859971,-2.40299064863556,-8.67784361706545,-3.22691527692308,-0.70249504,-0.4382958,0.080634214,120.00747,104.567535,-13.780281,WAL
1789382332000,1.864944,-2.51147661907944,-8.65566850454714,-3.10295122809948,-0.75441855,-0.3924809,0.11026118,120.0447,104.68427,-13.788404,WAL
1789387538000,1.87015,-2.52998323407572,-8.64178849498886,-2.80221844454343,-0.80878556,-0.36743546,0.15057829,120.09783,104.81762,-13.805161,WAL
1789392660000,1.875272,-2.5390806036306,-8.63092964626528,-2.50608247399728,-0.84604836,-0.33322698,0.17837265,120.140434,104.977066,-13.845613,WAL
1789397373000,1.879985,-2.35518779246718,-8.67996788854685,-2.22819989759167,-0.87598073,-0.28099802,0.20219639,120.19733,105.15351,-13.894376,WAL
1789402405000,1.885017,-2.15884817316433,-8.73232529044817,-1.93150880392033,-0.9092729,-0.27152961,0.2049453,120.214165,105.33621,-13.961532,WAL
1789407437000,1.890049,-2.05761704246082,-8.79144638693663,-1.55111922409228,-0.95356065,-0.29749137,0.20799962,120.23796,105.52916,-14.032906,WAL
1789412362000,1.894974,-1.98415721329699,-8.85113222846296,-1.15627291799864,-1.0005972,-0.37568212,0.21288654,120.2506,105.72656,-14.104911,WAL
1789417300000,1.899912,-1.94324132509599,-8.89146122664173,-0.85716714075416,-1.056186,-0.49021935,0.20189096,120.229454,105.894264,-14.160072,WAL
1789422624000,1.905236,-1.91312206751994,-8.92660057014867,-0.576053828925864,-1.1032226,-0.6209445,0.19211712,120.18305,106.06539,-14.217916,WAL
1789427228000,1.90984,-1.90897815426036,-8.92558013713825,-0.446893175706363,-1.1490375,-0.6918049,0.1853976,120.07859,106.21993,-14.281492,WAL
1789432302000,1.914914,-1.91387809206413,-8.91088001673893,-0.353794306270041,-1.1774428,-0.85154617,0.17134771,119.91206,106.3702,-14.346885,WAL
1789437270000,1.919882,-1.94218386463328,-8.87290191920841,-0.359139541797409,-1.205848,-0.97310835,0.17165314,119.69098,106.525314,-14.424933,WAL
1789442236000,1.924848,-1.98099515815567,-8.82438780230542,-0.407653689095175,-1.2260065,-1.065349,0.16890424,119.434494,106.67504,-14.502471,WAL
1789447258000,1.92987,-2.04436042126654,-8.7517295147448,-0.48358620442155,-1.2253957,-1.1481212,0.17898351,119.12874,106.82888,-14.593893,WAL
1789452231000,1.934843,-2.11638384442344,-8.67070345746692,-0.569113973591682,-1.2257011,-1.1850786,0.18509217,118.81305,106.979706,-14.6846,WAL
1789457268000,1.93988,-2.18746039933802,-8.58395149834505,-0.672758791017791,-1.2144,-1.205848,0.21074851,118.4785,107.1419,-14.78935,WAL
1789462304000,1.944916,-2.25729932230037,-8.49415880575093,-0.787494226963178,-1.1972959,-1.2134838,0.23884831,118.14177,107.30047,-14.89648,WAL
1789467272000,1.949884,-2.30188880045858,-8.44974890499452,-0.920500010973981,-1.1866057,-1.1847731,0.2660318,117.810814,107.486,-15.025355,WAL
1789472231000,1.954843,-2.33503010742698,-8.42607661349816,-1.06253387860034,-1.178359,-1.135904,0.30695978,117.49005,107.67339,-15.163183,WAL
1789477311000,1.959923,-2.33349443055281,-8.46610125883514,-1.13976198877591,-1.16492,-1.0522153,0.34025195,117.1996,107.87143,-15.307228,WAL
1789482250000,1.964862,-2.31481716080948,-8.53614047186575,-1.18178556535044,-1.1340714,-0.9761627,0.3820962,116.92792,108.07062,-15.459901,WAL
1789487216000,1.969828,-2.23523463365337,-8.64050601760176,-1.13645447443744,-1.1111639,-0.90102625,0.4071417,116.70093,108.2752,-15.607613,WAL
1789492317000,1.974929,-2.11797984084408,-8.76753157975798,-1.03874208757876,-1.0754282,-0.85062987,0.4361578,116.494705,108.47725,-15.76175,WAL
1789497247000,1.979859,-1.98252417337757,-8.87940542402655,-0.909921873377574,-1.0326678,-0.8222246,0.45142943,116.29484,108.68447,-15.911121,WAL
1789502214000,1.984826,-1.83397573065287,-8.98617483839173,-0.761373430652874,-0.9816604,-0.84329945,0.4642576,116.099815,108.88424,-16.063705,WAL
1789507241000,1.989853,-1.64918357290362,-9.09931530379875,-0.636419355672863,-0.91874135,-0.8753699,0.46883908,115.89011,109.06902,-16.205765,WAL
1789512272000,1.994884,-1.43987069347343,-9.21614093857345,-0.529329021034552,-0.8573494,-0.93126404,0.47891834,115.670975,109.244514,-16.351711,WAL
1789517253000,1.999865,-1.28420775281845,-9.35189105861805,-0.533275723613743,-0.8045095,-1.0067059,0.47494772,115.41125,109.395386,-16.483982,WAL
1789522235000,2.004847,-1.16092182386831,-9.50029091152263,-0.60633404781893,-0.74281216,-1.0467176,0.46181414,115.14778,109.530754,-16.614595,WAL
1789527229000,2.009841,-1.03733893964973,-9.64904821088142,-0.679568345506747,-0.72051555,-1.1120802,0.4578435,114.85288,109.63972,-16.727285,WAL
1789532235000,2.014847,-0.913459100162695,-9.79816295669442,-0.752978616677194,-0.6786713,-1.1481212,0.4352415,114.55498,109.72477,-16.829115,WAL
1789537223000,2.019835,-0.81868758868754,-9.94453753377654,-0.873654112068411,-0.6389651,-1.1707232,0.40439278,114.24314,109.79999,-16.927753,WAL
1789542233000,2.024845,-0.762095486071199,-10.0885898069912,-1.05886457746622,-0.6267477,-1.1710287,0.3827071,113.928604,109.86631,-17.021025,WAL
1789547220000,2.029832,-0.779957455719382,-10.2152301890606,-1.20345502247325,-0.6096435,-1.1548407,0.33628133,113.629105,109.90625,-17.058601,WAL
1789552235000,2.034847,-0.856101256195006,-10.3294461680539,-1.31767070330955,-0.61269784,-1.1456778,0.29016098,113.32785,109.93956,-17.089731,WAL
1789557229000,2.039841,-0.997643581559534,-10.4398543677722,-1.40769783968301,-0.6270532,-1.1407908,0.22510384,113.0519,109.95799,-17.08547,WAL
1789562245000,2.044857,-1.19503770298014,-10.5479508608747,-1.47819568059877,-0.63255095,-1.133155,0.17073683,112.77891,109.965576,-17.071224,WAL
1789567254000,2.049866,-1.43139745923355,-10.6817257951116,-1.55202061092336,-0.6585127,-1.1334605,0.13775012,112.50783,109.983025,-17.051573,WAL
1789572234000,2.054846,-1.70483056544961,-10.8400293859384,-1.62877382154496,-0.6713409,-1.1346822,0.09315695,112.23649,109.98276,-17.014715,WAL
1789577230000,2.059842,-1.91851204710673,-10.9292901578847,-1.6898247157693,-0.65057147,-1.108415,0.080634214,111.96665,110.00299,-17.000513,WAL
1789582227000,2.064839,-2.07439254772945,-10.9522137397969,-1.73567187959379,-0.65393126,-1.0732902,0.06047566,111.69794,110.015564,-16.973204,WAL
1789587211000,2.069823,-2.17681377572254,-10.9343055606936,-1.74137344046243,-0.6411031,-1.022283,0.06047566,111.42905,110.053444,-16.979074,WAL
1789592216000,2.074828,-2.20649908786127,-10.8600922803468,-1.69189792023121,-0.63591075,-0.9618073,0.049480084,111.1737,110.08441,-16.975248,WAL
1789597287000,2.079899,-2.19965241388036,-10.7752417028561,-1.58878060228859,-0.6230826,-0.895223,0.02107485,110.92872,110.12578,-16.984035,WAL
1789602413000,2.085025,-2.15398241964834,-10.6793346195925,-1.4289355271002,-0.5983425,-0.8145888,-0.013744468,110.70696,110.158905,-16.984724,WAL
1789607246000,2.089858,-2.10055057841811,-10.598366018524,-1.22917376359894,-0.58246,-0.75900006,-0.060170226,110.489494,110.18293,-16.980848,WAL
1789612418000,2.09503,-2.02287730702735,-10.5304020961482,-0.918480830108791,-0.57757306,-0.7128797,-0.092240654,110.29389,110.19912,-16.968359,WAL
1789617310000,2.099922,-1.93122964349816,-10.4925457583325,-0.62616270141379,-0.5842926,-0.68875057,-0.11484267,110.07171,110.20799,-16.95476,WAL
1789622319000,2.104931,-1.79759454695055,-10.5116363725002,-0.330256432575863,-0.5723807,-0.66950834,-0.12003502,109.86271,110.20931,-16.935999,WAL
1789627244000,2.109856,-1.65463149117956,-10.5591489778774,-0.0441709332878802,-0.50885075,-0.6404922,-0.113926366,109.62011,110.18182,-16.918926,WAL
1789632297000,2.114909,-1.4792828990369,-10.6791243608277,0.237309749143702,-0.4709771,-0.6386596,-0.09682214,109.37756,110.15771,-16.904892,WAL
1789637267000,2.119879,-1.30933584848546,-10.8205576456597,0.481583528684692,-0.40744713,-0.6795876,-0.076052725,109.08744,110.10125,-16.893976,WAL
1789642308000,2.12492,-1.14739938551535,-11.0610084266111,0.594448316179101,-0.30298916,-0.71929383,-0.07391469,108.79999,110.03261,-16.882715,WAL
1789647338000,2.12995,-0.998227363231179,-11.3149173617588,0.664500250766156,-0.20189096,-0.79137594,-0.07360926,108.45321,109.92426,-16.86394,WAL
1789652287000,2.134899,-0.889966714123917,-11.6081235916056,0.60134819407062,-0.09315695,-0.86620694,-0.081855945,108.09546,109.79895,-16.845226,WAL
1789657323000,2.139935,-0.783555903697183,-11.9174933967136,0.51489950199061,0.0106901415,-0.95233893,-0.093462385,107.70561,109.63141,-16.805943,WAL
1789662375000,2.144987,-0.700560369645179,-12.297525489888,0.287753824278801,0.12217305,-0.98532563,-0.11942416,107.310425,109.44467,-16.76074,WAL
1789667333000,2.149945,-0.619109091373239,-12.6704865187793,0.0648345309107981,0.23396139,-0.979217,-0.1386664,106.908264,109.235405,-16.69421,WAL
1789672322000,2.154934,-0.464550734569477,-13.1291041327959,-0.293355256687045,0.3408628,-0.91538155,-0.17348573,106.51371,109.005844,-16.61462,WAL
1789677280000,2.159892,-0.282862019718826,-13.6009614362557,-0.671696093863081,0.46914452,-0.8136725,-0.21655174,106.13335,108.757095,-16.525173,WAL
1789682299000,2.164911,0.0529115959168704,-14.1423963604611,-1.13338482303178,0.591623,-0.6805039,-0.26083946,105.82093,108.48179,-16.389334,WAL
1789687256000,2.169868,0.384537380476773,-14.6771429074397,-1.58937028437653,0.7110472,-0.4999932,-0.32375857,105.605385,108.17052,-16.191576,WAL
1789692312000,2.174924,0.541645594874875,-15.0020170455455,-1.76343235622623,0.8323039,-0.3051272,-0.38056904,105.432976,107.842125,-15.981524,WAL
1789697277000,2.179889,0.660636715295295,-15.2780765125125,-1.87766378610611,0.9810496,-0.08093964,-0.4437936,105.320564,107.48707,-15.7487135,WAL
1789702297000,2.184909,0.5555814238135,-15.5275027146834,-1.79590783903967,1.1267409,0.12492194,-0.50335294,105.34891,107.08222,-15.423398,WAL
1789707249000,2.189861,0.409428236610001,-15.7679481848096,-1.6780424115419,1.2770138,0.27030787,-0.56688297,105.420395,106.653076,-15.083181,WAL
1789712390000,2.195002,0.180800963554511,-15.8333740213343,-1.38096308215513,1.4459181,0.3726278,-0.65026605,105.53918,106.185326,-14.702282,WAL
1789717323000,2.199935,-0.0540870555993491,-15.8589982405532,-1.06066121150334,1.5931365,0.41508293,-0.74067414,105.67656,105.69777,-14.310631,WAL
1789722352000,2.204964,-0.231571327469426,-15.6078471828786,-0.75134417737159,1.7672331,0.41325033,-0.84238315,105.79539,105.18076,-13.916105,WAL
1789727310000,2.209922,-0.370041317873942,-15.1969036094073,-0.456537099070555,1.8438967,0.3979787,-0.88056225,105.919,104.66811,-13.525585,WAL
1789732298000,2.21491,-0.546057441737649,-14.6359544565588,-0.163246215229983,1.9969184,0.3555236,-0.9459248,105.96994,104.124626,-13.147882,WAL
1789737321000,2.219933,-0.761174636765332,-13.9188976746167,0.128698545630324,2.1820107,0.2846632,-0.9987647,106.00774,103.58636,-12.775058,WAL
1789742308000,2.22492,-0.989856191083726,-13.2778698878217,0.343725454349402,2.3628268,0.20708331,-1.0546589,105.988396,103.05542,-12.4245405,WAL
1789747810000,2.230422,-1.25245474570497,-12.6189864429141,0.529931690387822,2.5802948,0.13439035,-1.1227703,105.95091,102.52032,-12.06614,WAL
1789752333000,2.234945,-1.53389128117128,-12.0520494527936,0.749566337799548,2.801428,0.07574729,-1.1927143,105.859406,102.02838,-11.74458,WAL
1789757313000,2.239925,-1.92923229914953,-11.3948588660782,1.07816144887717,3.0213394,0.022602014,-1.2599095,105.75156,101.554756,-11.41284,WAL
1789762317000,2.244929,-2.35940113543632,-10.9329188732311,1.30132203425708,3.2592716,-0.053145275,-1.325883,105.58929,101.16232,-11.1227455,WAL
1789767318000,2.24993,-2.81593410026533,-10.6317015073703,1.43781124684552,3.501785,-0.13133603,-1.3808609,105.41558,100.823006,-10.822972,WAL
1789772309000,2.254921,-3.24014680663849,-10.4699749178595,1.36339994286675,3.694513,-0.18661933,-1.4095715,105.17281,79.36036,-10.597132,WAL
1789777312000,2.259924,-3.63600599738688,-10.4377536560669,1.09182218855318,3.7977493,-0.17715092,-1.4123205,104.93122,79.45115,-10.367654,WAL
1789782405000,2.265017,-4.04880741200508,-10.5206774006768,0.649899759234349,3.7546833,-0.12644911,-1.3713925,104.620895,79.342674,-10.250776,WAL
1789787325000,2.269937,-4.4593947734264,-10.7399229235195,0.0240530115186126,3.5940256,-0.044593163,-1.3271047,104.326,79.1571,-10.135425,WAL
1789792311000,2.274923,-4.87977717998753,-10.9632464668685,-0.590769052573922,3.3008103,0.03940081,-1.2727377,104.049904,78.869415,-10.116088,WAL
1789797295000,2.279907,-5.35589490916459,-11.2013057087638,-0.952108386738511,2.9318478,-0.0036651916,-1.2189816,103.76347,78.5685,-10.103606,WAL
1789802313000,2.284925,-5.8352606324813,-11.4409889503028,-1.31591271636088,2.5809057,-0.24740042,-1.1866057,103.63923,78.32007,-10.068008,WAL
1789807313000,2.289925,-6.32571501834817,-11.9728712187781,-1.39487564390561,2.2379048,-0.6600399,-1.244027,103.45691,78.12203,-10.014612,WAL
1789812287000,2.294899,-6.81630684030597,-12.5634860974903,-1.41392783944606,1.8597792,-1.1893547,-1.3655893,103.17439,77.98506,-9.939586,WAL
1789817965000,2.300577,-7.08352491885877,-12.9839549472629,-1.58152972065183,1.459357,-1.7464638,-1.4926492,102.89313,77.92408,-9.831267,WAL
1789822307000,2.304919,-7.24580237163801,-13.2690371755089,-1.73064946167071,1.1187997,-1.9575176,-1.5897768,102.56346,77.93242,-9.693461,WAL
1789827298000,2.30991,-6.77845007993656,-12.991638606397,-2.35664374274385,0.95111716,-2.1838431,-1.7595973,102.12389,77.9992,-9.49972,WAL
1789832428000,2.31504,-6.24599160888184,-12.6583111044145,-3.03628561586043,0.64873886,-2.1077905,-1.8374827,101.70914,78.14258,-9.31261,WAL
1789837304000,2.319916,-5.48875448812179,-12.274206307379,-3.4023023734122,0.47219884,-1.8121318,-1.8258762,101.33597,78.31084,-9.1078825,WAL
1789842318000,2.32493,-4.58547604344032,-11.8458474472995,-3.63976226294968,0.4456262,-1.4926492,-1.7950275,100.9893,78.510315,-8.896318,WAL
1789847325000,2.329937,-3.65327595226784,-11.4214048319853,-3.75258642324153,0.5296202,-1.2064588,-1.7418822,100.769905,78.79636,-8.656741,WAL
1789852307000,2.334919,-2.70558876181018,-11.0012957819187,-3.78189631426231,0.6585127,-0.8576548,-1.6887369,100.653175,79.06258,-8.446121,WAL
1789857310000,2.339922,-1.88754581492537,-10.712658961194,-3.4983073919403,0.8176431,-0.35613444,-1.6728544,100.66362,79.36928,-8.1868515,WAL
1789862332000,2.344944,-1.14100077970149,-10.4973096047761,-3.03889513176119,0.96974856,0.010079277,-1.6157386,100.730255,79.62459,-7.968244,WAL
1789867310000,2.349922,-0.671510863565773,-10.2749661065773,-2.50077426309379,1.0146471,0.26145032,-1.5436565,100.89099,79.911476,-7.7091937,WAL
1789872325000,2.354937,-0.354641239484369,-10.0458449484369,-1.91090927080796,1.0861185,0.4605924,-1.4825699,101.1405,80.1494,-7.47996,WAL
1789877308000,2.35992,-0.211633885812058,-9.92897915504713,-1.42468446584446,1.1355985,0.6291912,-1.4165965,101.41957,80.36501,-7.2272844,WAL
1789882301000,2.364913,-0.155290219442262,-9.86793992615868,-0.988021003676355,1.174083,0.8011498,-1.391551,101.75587,80.55972,-6.9932494,WAL
1789887539000,2.370151,-0.0892723487212658,-9.81295491581252,-0.810804529666634,1.1786644,0.9660834,-1.3487904,102.10787,80.71597,-6.7152405,WAL
1789892313000,2.374925,-0.0255769081600159,-9.76745820648821,-0.792605850687631,1.1847731,1.1450669,-1.2620476,102.507126,80.8426,-6.471057,WAL
1789897295000,2.379907,-0.132766366912488,-9.52406339380531,-0.897860952000983,1.221425,1.248914,-1.1859949,102.910286,80.92237,-6.2004104,WAL
1789902312000,2.384924,-0.35008736619469,-9.1555625238938,-1.08211135242478,1.2437216,1.3402383,-1.1291844,103.35251,80.98216,-5.9621515,WAL
1789907322000,2.389934,-0.537904406257491,-8.86155083723178,-1.38869806251691,1.2626585,1.4630222,-1.0497719,103.82721,81.01486,-5.739532,WAL
1789912346000,2.394958,-0.705321737755654,-8.61972628358786,-1.78398896589986,1.3084733,1.5677856,-0.97433007,104.31338,81.02164,-5.5412636,WAL
1789917320000,2.399932,-0.871052518873869,-8.37434822224431,-2.18108274656595,1.3588698,1.6526959,-0.9049969,104.837006,81.010414,-5.3739047,WAL
1789922313000,2.404925,-1.03739729895438,-8.12245432506709,-2.58506289769407,1.4077389,1.7024814,-0.87109387,105.36859,80.982155,-5.2246575,WAL
1789927307000,2.409919,-1.13822123539095,-7.89613615432099,-2.84202572057613,1.4220943,1.8203784,-0.81000733,105.981544,80.963776,-5.089274,WAL
1789932292000,2.414904,-1.17358449716049,-7.69574444703704,-2.95204471160494,1.4340062,1.9260582,-0.75594574,106.59351,80.93242,-4.9661813,WAL
1789937345000,2.419957,-1.20966857920314,-7.49101879871214,-3.05574902468055,1.4495832,2.0018053,-0.7134906,107.27777,80.9148,-4.852308,WAL
1789942310000,2.424922,-1.24794104117114,-7.27095155542811,-3.06531720261596,1.4288138,2.0528126,-0.677755,107.9743,80.899734,-4.7565613,WAL
1789947379000,2.429991,-1.29019770384649,-7.05021568060068,-3.05628143378414,1.4153748,2.0922134,-0.64965516,108.705956,80.87902,-4.666431,WAL
1789952390000,2.435002,-1.36184259406341,-6.86899676236059,-2.87084780995872,1.3952162,2.11451,-0.62796944,109.4378,80.86546,-4.586812,WAL
1789957319000,2.439931,-1.432315087354,-6.69074331035391,-2.68844862180557,1.348485,2.1413882,-0.61636305,110.1825,80.85368,-4.510225,WAL
1789962364000,2.444976,-1.53760916900488,-6.48811025389268,-2.40493238853659,1.2837334,2.147802,-0.6151413,110.91969,80.8549,-4.437355,WAL
1789967296000,2.449908,-1.6482030378439,-6.28535472343415,-2.10540721682927,1.2305881,2.1783454,-0.6075055,111.663216,80.867836,-4.3715925,WAL
1789972357000,2.454969,-1.69355624723425,-6.1041499033189,-1.71673497529582,1.1591167,2.1832323,-0.6068946,112.382706,80.86833,-4.3065996,WAL
1789977309000,2.459921,-1.71636736488696,-5.93534744213564,-1.310696842886,1.0797043,2.1664336,-0.605062,113.09738,80.88831,-4.2442513,WAL
1789982363000,2.464975,-1.7205864180762,-5.74413042392439,-0.847591286748056,0.99387777,2.1679606,-0.6001751,113.79561,80.87525,-4.1935806,WAL
1789987359000,2.469971,-1.71587580541498,-5.54628449540219,-0.367108421476814,0.91446525,2.1493294,-0.5900958,114.476616,80.88459,-4.1433115,WAL
1789992314000,2.474926,-1.70494437215926,-5.35698097330258,0.149339014975429,0.8029824,2.1163425,-0.58551437,115.11256,80.86345,-4.086595,WAL
1789997362000,2.479974,-1.69039908490623,-5.1678921377595,0.69721187614482,0.70707655,2.0454822,-0.5653558,115.725105,80.859436,-4.0349355,WAL
1790002309000,2.484921,-1.66365159690163,-5.00135364940339,1.17782431341622,0.5821546,1.947133,-0.54244834,116.26965,80.81965,-3.9705448,WAL
1790007351000,2.489963,-1.62975968038705,-4.84157765933019,1.63778570531435,0.4541783,1.8429805,-0.52290064,116.78568,80.80629,-3.908211,WAL
1790012348000,2.49496,-1.67853212767807,-4.7433645195069,1.97702352817873,0.31581733,1.7159204,-0.48441613,117.209305,80.740875,-3.8373363,WAL
1790017358000,2.49997,-1.76917980971094,-4.67537859233894,2.25803128568865,0.1563815,1.6517797,-0.45906523,117.61565,80.715195,-3.7677991,WAL
1790022352000,2.504964,-1.89322833519713,-4.65817239032258,2.44636277885305,-0.0070249503,1.5317446,-0.43218717,117.922,80.64794,-3.6844568,WAL
1790027349000,2.509961,-2.04514997950845,-4.6826761124424,2.55907877480799,-0.08857546,1.4117095,-0.39767328,118.20464,80.59779,-3.6098392,WAL
1790032279000,2.514891,-2.15733019436876,-4.75427530830558,2.54605344398022,-0.24831672,1.3075571,-0.34880406,118.450226,80.53918,-3.5612476,WAL
1790037359000,2.519971,-2.24570466121708,-4.86228849429811,2.44294984805732,-0.41996986,1.2018774,-0.31887165,118.65731,80.50395,-3.5137303,WAL
1790042310000,2.524922,-2.27666363041237,-4.96350087216495,2.24941426958763,-0.54275376,1.1236867,-0.29229903,118.852264,80.45508,-3.5059397,WAL
1790047304000,2.529916,-2.27233852292458,-5.06297730566106,1.9942353665491,-0.6462954,1.0677924,-0.2611449,119.019295,80.44263,-3.505108,WAL
1790052310000,2.534922,-2.24927580588938,-5.1664888477453,1.71414019049223,-0.70096785,1.0210613,-0.23854288,119.18961,80.45019,-3.5217998,WAL
1790057315000,2.539927,-2.19719296991199,-5.27586313504292,1.39643434174726,-0.73548174,0.9993755,-0.20341812,119.346695,80.4739,-3.549595,WAL
1790062313000,2.544925,-2.1560907983815,-5.39608220647399,1.1423968099711,-0.74006325,0.99112886,-0.16554448,119.52972,80.53945,-3.5829935,WAL
1790067322000,2.549934,-2.12374095845857,-5.5254815661657,0.939054814258189,-0.7498371,0.96577793,-0.13988814,119.69823,80.61087,-3.6204793,WAL
1790072815000,2.555427,-2.08749316004816,-5.60948738537173,0.763880789184308,-0.7449502,0.93401295,-0.10323623,119.898796,80.71568,-3.6641836,WAL
1790077309000,2.559921,-2.05726662516304,-5.6353958567272,0.655929128801043,-0.7305948,0.9108001,-0.067500606,120.09101,80.81513,-3.712765,WAL
1790082274000,2.564886,-2.03756711658777,-5.67324283412227,0.584591296775103,-0.7067711,0.8698721,-0.048258353,120.29613,80.93922,-3.757069,WAL
1790087280000,2.569892,-2.03273868866955,-5.72152711330446,0.565277564935039,-0.70524395,0.81092364,-0.0290161,120.48559,81.058235,-3.8078988,WAL
1790092308000,2.57492,-2.0092355227863,-5.74140683168044,0.588195344529713,-0.6988298,0.7312057,-0.01160644,120.67608,81.18064,-3.8569305,WAL
1790097300000,2.579912,-1.9669031270366,-5.731999730854,0.654045787032664,-0.70341134,0.66523224,0.016493361,120.85031,81.29866,-3.9106908,WAL
1790102306000,2.584918,-1.95717212364852,-5.74437103153135,0.794172757479851,-0.72387534,0.6053675,0.02565634,121.011635,81.4142,-3.9580057,WAL
1790107365000,2.589977,-1.98574438502064,-5.78246738002752,1.02275099763122,-0.7263188,0.5531385,0.04550946,121.153,81.51812,-4.012284,WAL
1790112324000,2.594936,-2.03854387567059,-5.74513770550588,1.32638546861176,-0.7635816,0.5222898,0.0693332,121.28435,81.61401,-4.058559,WAL
1790117329000,2.599941,-2.12425745656471,-5.60980043284706,1.73690824009412,-0.7910705,0.52015173,0.07819075,121.40731,81.704636,-4.1038527,WAL
1790122262000,2.604874,-2.19000742056175,-5.57758636256523,2.08638224796378,-0.820392,0.516792,0.0852157,121.50663,81.74816,-4.1538205,WAL
1790127303000,2.609915,-2.2122364871278,-5.78752797090965,2.31114325121252,-0.8698721,0.55863625,0.1301143,121.61497,81.79467,-4.2173896,WAL
1790132254000,2.614866,-2.23406868482042,-5.99372136565538,2.53189146130666,-0.93615097,0.61117065,0.18051068,121.69078,81.749794,-4.3044233,WAL
1790137322000,2.619934,-2.2564168120485,-6.2047874380794,2.75785630250179,-1.0164797,0.636827,0.22571471,121.767105,81.71369,-4.402172,WAL
1790142841000,2.625453,-2.03340322606516,-6.58805099085213,3.0726428858396,-1.0922271,0.6630942,0.2556471,121.86216,81.679276,-4.5131006,WAL
1790147289000,2.629901,-1.61398509387755,-7.0455980622449,3.39292583979592,-1.1679744,0.6957755,0.32803464,121.96048,81.6486,-4.6480365,WAL
1790152332000,2.634944,-1.12277324330429,-7.6137590316231,3.78163035095192,-1.212262,0.72784597,0.40683624,122.03453,81.5409,-4.7769985,WAL
1790157316000,2.639928,-0.558033142248037,-8.4249308978165,4.29503038433903,-1.217149,0.72601336,0.45020768,122.10329,81.43755,-4.914535,WAL
1790162305000,2.644917,0.0220214956880962,-9.20010452260473,4.76045461435089,-1.1670581,0.64904433,0.4804455,122.14712,81.31257,-4.9054246,WAL
1790167322000,2.649934,0.639795074040647,-9.893605410618,5.11517628270427,-1.0842859,0.5662721,0.5021312,122.1844,81.182236,-4.91321,WAL
1790172251000,2.654863,1.24673267972128,-10.5749420414766,5.46367600431356,-0.98837996,0.44898596,0.45631635,122.19478,81.03518,-4.8571796,WAL
1790177311000,2.659923,2.08973020606394,-11.7081404172251,5.75490126969131,-0.8597928,0.33078352,0.4334089,122.178696,80.86151,-4.819817,WAL
1790182338000,2.66495,2.92910390714499,-12.8969990175142,5.9959595642253,-0.7107417,0.19883664,0.3408628,122.12967,80.68426,-4.753453,WAL
1790187315000,2.669927,3.41764685118917,-14.125471100408,5.75405968297343,-0.5519168,0.0983493,0.24495697,122.0661,80.521454,-4.611911,WAL
1790192376000,2.674988,3.90637766414618,-15.3571149482195,5.4973931179643,-0.43096542,0.12889257,0.10903945,122.0509,80.42489,-4.367981,WAL
1790197311000,2.679923,4.28185496431442,-16.3377731111319,5.11308124989251,-0.3136793,0.31245756,-0.0421497,122.06043,80.30032,-4.10791,WAL
1790202312000,2.684924,4.66235384539677,-17.3315464592018,4.72362964863071,-0.21197024,0.59589905,-0.24037547,122.18975,80.29265,-3.7320206,WAL
1790207376000,2.689988,4.86979008459019,-17.7880513850728,4.48467116017409,-0.12492194,0.82802784,-0.45814893,122.36719,80.26305,-3.333753,WAL
1790212700000,2.695312,5.07192703451694,-18.2186910837714,4.24737965883823,-0.082161374,0.96974856,-0.675617,122.61003,80.22269,-2.9077122,WAL
1790217315000,2.699927,4.88354244987294,-17.5820187181279,4.25463752280813,-0.062002823,1.0082331,-0.8194757,122.97148,80.28286,-2.3892279,WAL
1790222314000,2.704926,4.46786019634689,-16.3045556045108,4.3864391432338,-0.050701816,1.0015136,-0.8561276,123.36188,80.31409,-1.8711641,WAL
1790227309000,2.709921,3.6818887482045,-14.5624348204504,4.58321611424224,-0.014660766,0.8924741,-0.8539896,123.7745,80.37102,-1.3093144,WAL
1790232313000,2.714925,2.74366473773585,-12.6276517735849,4.80683435660377,0.026572637,0.7690793,-0.7861836,124.17388,80.390945,-0.7820895,WAL
1790237297000,2.719909,1.85405865327753,-10.9532766638764,4.85204334462331,0.03756821,0.66339964,-0.68325275,124.498116,80.33061,-0.35226408,WAL
1790242317000,2.724929,0.974007325046454,-9.35680168089412,4.83435383620642,0.023518313,0.5842926,-0.56321776,124.7891,80.25143,0.042794555,WAL
1790247292000,2.729904,0.166790521972195,-8.16798708677259,4.65058499050645,-0.027488936,0.5384777,-0.4184427,124.96437,80.07327,0.27018276,WAL
1790252342000,2.734954,-0.601636479467726,-7.26988811606753,4.33360892744786,-0.10934488,0.50976706,-0.24953845,125.114975,79.91154,0.45375296,WAL
1790257277000,2.739889,-1.31278231356478,-6.88130946498613,3.87975088340927,-0.20250183,0.48991394,-0.043982297,125.176636,79.71383,0.46181113,WAL
1790262332000,2.744944,-2.00806359152139,-6.89089959508716,3.29475545071315,-0.3203988,0.45265114,0.16920967,125.21358,79.553406,0.42071947,WAL
1790267313000,2.749925,-2.70654304116969,-7.31758601931768,2.73496202202038,-0.4184427,0.41783184,0.39920044,125.20464,79.42205,0.2283048,WAL
1790272329000,2.754941,-3.4216746723261,-8.11359566114311,2.18584314492689,-0.54641896,0.39003745,0.6533204,125.16877,79.330124,-0.026204024,WAL
1790277323000,2.759935,-4.13093851717411,-9.11775721667159,1.64045918921076,-0.63713247,0.32498032,0.893085,125.106674,79.31062,-0.40337038,WAL
1790282373000,2.764985,-4.84096602924426,-10.6903010436496,1.0924514406641,-0.7431176,0.21655174,1.1206323,125.007866,79.31028,-0.8372111,WAL
1790287318000,2.76993,-5.56955750275374,-12.30833661369,0.597860994177813,-0.8527679,0.13622294,1.3029755,124.907906,79.38956,-1.3867917,WAL
1790292286000,2.774898,-6.40244553658537,-14.1706374390244,0.228208301219512,-0.88422745,0.05955936,1.4230106,124.771645,79.436195,-1.9698216,WAL
1790297327000,2.779939,-6.95868338944426,-15.5325766337014,0.00427050976862225,-0.83658,0.0067195175,1.45783,124.65397,79.53716,-2.6253896,WAL
1790342276000,2.824888,-2.39258507176478,-10.2751620365406,2.99143777299304,0.44929138,-0.8063421,0.22571471,123.63217,77.886696,-6.963197,WAL
1790347337000,2.829949,-1.88862807312415,-9.44165818475931,3.03947789613721,0.19883664,-0.904386,0.15515977,123.30359,77.61813,-6.9902816,WAL
1790352328000,2.83494,-1.46011497585266,-6.99168124069382,1.14377322279478,-0.09468412,-0.9954049,0.11575896,122.94637,77.41197,-6.9996095,WAL
1790357316000,2.839928,-1.08444133170283,-4.67725597289445,-0.670130806851784,-0.43004912,-1.0836749,0.089186326,122.58573,77.31818,-6.957826,WAL
1790362432000,2.845044,-1.3862674567488,-4.05558407572637,-1.476502139121,-0.7761043,-1.1276573,0.10720685,122.216705,77.29449,-6.9189644,WAL
1790368013000,2.850625,-1.72020282002813,-3.38208724868261,-2.3450083821097,-1.0864239,-1.1368202,0.16920967,121.9318,77.51129,-6.8861084,WAL
1790372361000,2.854973,-2.08721230199719,-2.96432121646507,-2.76667888978903,-1.3567317,-1.1582005,0.23945917,121.63384,77.79197,-6.859969,WAL
1790377245000,2.859857,-2.49946490317862,-2.49505504780122,-3.24033085839662,-1.5925257,-1.2308935,0.33414328,121.34413,78.172806,-6.9132805,WAL
1790382302000,2.864914,-2.87896341419558,-2.27015641955836,-3.57462628548896,-1.8017471,-1.3542882,0.4166101,121.03236,78.58642,-6.9843626,WAL
1790387321000,2.869933,-3.24019422757469,-2.13190751041009,-3.85558350717202,-2.014939,-1.5103643,0.5002986,120.68769,79.0168,-7.0830727,WAL
1790392310000,2.874922,-3.52881534363739,-2.2071580555608,-4.14867881765871,-2.1700988,-1.6801848,0.57726765,120.307396,79.43842,-7.265246,WAL
1790397942000,2.880554,-3.8035606242713,-2.44628828101123,-4.48956649542496,-2.2553146,-1.8026633,0.6282749,119.89525,79.83208,-7.468341,WAL
1790402373000,2.884985,-3.90975538997996,-2.74418696993988,-4.72159595390782,-2.2721133,-1.8887954,0.679893,119.44512,80.150856,-7.748546,WAL
1790407312000,2.889924,-3.93345269218437,-3.17073870655311,-4.9490901540481,-2.2003367,-1.919644,0.73975784,118.97629,80.378136,-8.054398,WAL
1790412312000,2.894924,-3.90884489702119,-3.63168619120031,-5.1167299706319,-2.0674734,-1.919644,0.8258898,118.505,80.49531,-8.416889,WAL
1790417327000,2.899939,-3.83379426365856,-4.12420567264381,-5.21992470170915,-1.8564194,-1.8585575,0.89461213,118.045235,80.48577,-8.802764,WAL
1790422292000,2.904904,-3.77460228210427,-4.6728474723814,-5.21348508703617,-1.7345519,-1.751656,1.040609,117.61932,80.359344,-9.232567,WAL
1790427306000,2.909918,-3.73400456704556,-5.30436800252701,-5.06913746730859,-1.4709635,-1.641395,1.1792754,117.21675,80.099106,-9.688265,WAL
1790432390000,2.915002,-3.65688762794515,-6.01114763164347,-5.02627751142738,-1.1957687,-1.5406022,1.3234396,116.86379,79.75001,-10.164539,WAL
1790437318000,2.91993,-3.50980315904841,-6.82991778381467,-5.19297333158113,-0.9398162,-1.4239268,1.4877623,116.5535,79.288506,-10.690632,WAL
1790442251000,2.924863,-3.45858647661198,-7.84287491262877,-5.2718294920641,-0.677755,-1.1386528,1.6734654,116.33059,78.76201,-11.237401,WAL
1790447288000,2.9299,-3.56441277041206,-9.19561065251812,-5.2074134975868,-0.39858958,-0.68325275,1.7993035,116.19929,101.81713,-11.811242,WAL
1790452311000,2.934923,-3.62914330830946,-10.5474079733934,-4.97251106401965,-0.18234327,-0.099265605,1.8295414,116.224365,102.37087,-12.341386,WAL
1790457312000,2.939924,-3.59483558853868,-11.900113478817,-4.32556497943103,-0.09621128,0.48197266,1.7763962,116.38941,102.94007,-12.872929,WAL
1790462293000,2.944905,-3.37096225438735,-13.0322361496047,-3.66805896666008,-0.1432479,0.9755518,1.6859881,116.71503,103.45384,-13.339909,WAL
1790468137000,2.950749,-2.66861139335968,-13.8617844424901,-2.8661622065415,-0.26328292,1.348485,1.6062702,117.17847,103.952675,-13.778329,WAL
1790472261000,2.954873,-2.12444093445105,-14.2510145588894,-2.30890880380906,-0.44257188,1.5745052,1.5161675,117.722435,104.321556,-14.09522,WAL
1790477306000,2.959918,-1.35723742413931,-14.3169096801754,-1.64525431413541,-0.62949663,1.627345,1.4071281,118.32066,104.66339,-14.370314,WAL
1790482277000,2.964889,-0.695200663562863,-14.2533542200218,-1.06908672628815,-0.80573124,1.606881,1.2855659,118.94163,104.75721,-14.412479,WAL
1790487320000,2.969932,-0.300340076475291,-13.8102326635174,-0.713712206155523,-0.89552844,1.5097535,1.0763446,119.54356,104.80727,-14.400005,WAL
1790492373000,2.974985,0.0874069589850027,-13.3420917143367,-0.381220505311551,-1.0118983,1.3261884,0.8246681,120.08652,104.598946,-14.147401,WAL
1790497283000,2.979895,0.364452131052491,-12.5823163331548,-0.356034589742903,-1.131017,1.1181889,0.6065892,120.58192,104.37613,-13.869725,WAL
1790502370000,2.984982,0.651484471237279,-11.7951519005535,-0.329940750130334,-1.2162327,0.71929383,0.3857614,120.93243,104.09295,-13.531941,WAL
1790507314000,2.989926,0.58122965572901,-11.1498202684879,-0.15272482272791,-1.2938126,0.1731803,0.2012801,121.173035,103.79628,-13.171968,WAL
1790512266000,2.994878,0.438856945087561,-10.5281259800861,0.0560884769626739,-1.3600914,-0.09743301,0.12217305,121.37599,103.50293,-12.804891,WAL
1790517303000,2.999915,0.232634655225806,-10.3316029644115,-0.0124792864447616,-1.382999,-0.6035349,-0.03176499,121.345825,103.17753,-12.3998995,WAL
1790522282000,3.004894,0.0148422735483871,-10.2363187673423,-0.144062186314017,-1.4257594,-0.9828822,-0.18081611,121.2784,102.86716,-11.997637,WAL
1790527313000,3.009925,-0.27411427181533,-10.0805661937855,-0.394683286820231,-1.4569136,-1.2330315,-0.31337386,121.07153,102.59327,-11.638537,WAL
1790532300000,3.014912,-0.587767373277397,-9.90267322642619,-0.689610829956871,-1.466382,-1.3487904,-0.39736784,120.80135,102.31679,-11.274106,WAL
1790537711000,3.020323,-1.43599375096829,-9.5838484838055,-0.883597920460042,-1.4727961,-1.409877,-0.47342056,120.47578,102.078766,-10.933803,WAL
1790542308000,3.02492,-2.34068486710359,-9.26739294756871,-1.00273421175053,-1.4553864,-1.3704761,-0.52473325,120.15548,101.84465,-10.593749,WAL
1790547286000,3.029898,-3.08690932583826,-8.96601302286175,-1.08115745476959,-1.450805,-1.2528846,-0.50823987,119.85066,101.700096,-10.316592,WAL
1790552329000,3.034941,-3.31639467140039,-8.75384758364712,-1.04651813941187,-1.4382823,-1.063211,-0.44135013,119.58789,101.569916,-10.0498905,WAL
1790557290000,3.039902,-3.5220910560396,-8.56135545866337,-1.01265721956683,-1.4456125,-0.8454375,-0.33475417,119.30185,101.65299,-9.994298,WAL
1790562338000,3.04495,-3.4941697850165,-8.55736662235974,-0.980747174715346,-1.466382,-0.5580254,-0.21777347,119.09724,101.75957,-9.956558,WAL
1790567372000,3.049984,-3.46632595016502,-8.55338884859736,-0.948925628403465,-1.4905112,-0.27030787,-0.12644911,118.926674,101.947525,-9.994267,WAL
1790572317000,3.054929,-3.29900934920322,-8.49414982357919,-0.83824811733888,-1.4929546,-0.0421497,-0.028099801,118.82828,102.16484,-10.060147,WAL
1790577306000,3.059918,-3.05981272568044,-8.40655632322663,-0.686644603688478,-1.4385877,0.105374254,0.09254608,118.79516,102.40208,-10.150626,WAL
1790582315000,3.064927,-2.81965720609223,-8.3186116763503,-0.534433338931039,-1.366811,0.14110987,0.17806722,118.7965,102.64878,-10.254853,WAL
1790587327000,3.069939,-2.43110731279058,-8.34018060450328,-0.342729475744814,-1.2431108,0.08124508,0.2415972,118.81696,102.89573,-10.382194,WAL
1790592244000,3.074856,-2.01877649859272,-8.38435928312311,-0.14638148728969,-1.0894781,-0.051618114,0.2779437,118.82915,103.13293,-10.523861,WAL
1790597318000,3.07993,-1.36902059744836,-8.54335657978672,-0.332705947402248,-0.91782504,-0.23609942,0.3118467,118.824745,103.291725,-10.635384,WAL
1790602340000,3.084952,-0.699048956260928,-8.71431493544048,-0.563730660410222,-0.76174897,-0.4382958,0.310625,118.776184,103.42191,-10.749395,WAL
1790607438000,3.09005,-0.484644835502015,-8.75784497187664,-0.884184958724374,-0.6377433,-0.6246097,0.31887165,118.68949,103.47701,-10.825706,WAL
1790612267000,3.094879,-0.371196496271246,-8.77405177956895,-1.20427131872437,-0.54000485,-0.71837753,0.31764993,118.56965,103.5067,-10.901699,WAL
1790617323000,3.099935,-0.329699914585309,-8.75733454737064,-1.55122067853304,-0.50854534,-0.8472701,0.30848694,118.431305,103.49756,-10.894631,WAL
1790622315000,3.104927,-0.354890885992201,-8.71199094193276,-1.90389419405628,-0.46853364,-0.9089675,0.2959642,118.28598,103.47114,-10.889145,WAL
1790627305000,3.109917,-0.46469838530783,-8.68963301494322,-2.25321999013748,-0.46609017,-0.92087936,0.27488935,118.157364,103.46448,-10.86035,WAL
1790632292000,3.114904,-0.621708222893007,-8.68011707571229,-2.60054481669655,-0.52870387,-0.88789266,0.25717425,118.02573,103.46143,-10.832079,WAL
1790637286000,3.119898,-0.84738857240652,-8.66215293518696,-2.82176804494727,-0.61819565,-0.7648033,0.26358834,117.93947,103.50243,-10.802959,WAL
1790642313000,3.124925,-1.11510393957814,-8.63907404084372,-2.96947301694152,-0.7244862,-0.5861252,0.26542094,117.88081,103.55272,-10.766171,WAL
1790647327000,3.129939,-1.40047810933794,-8.58189218246335,-2.96439948009151,-0.84513205,-0.3921755,0.28099802,117.88,103.680984,-10.751069,WAL
1790652332000,3.134944,-1.70036028601177,-8.49685111466991,-2.83459971942292,-0.9459248,-0.22968534,0.3042109,117.92463,103.82609,-10.732911,WAL
1790657238000,3.13985,-1.96723124059521,-8.3966454626214,-2.68631262892275,-1.0329732,-0.13164146,0.3417791,118.00366,104.0369,-10.752303,WAL
1790662327000,3.144939,-2.20172866956251,-8.26636878570792,-2.49958332993852,-1.0916162,-0.09468412,0.3933972,118.11527,104.26631,-10.775815,WAL
1790667309000,3.149921,-2.419907847596,-8.13373297838012,-2.30319794945681,-1.1334605,-0.07971791,0.43035457,118.2041,104.54665,-10.857216,WAL
1790672320000,3.154932,-2.57992400225879,-7.97371698541465,-2.03478357545445,-1.1539245,-0.058643065,0.48747048,118.31033,104.843025,-10.952431,WAL
1790677267000,3.159879,-2.70805763562128,-7.8416661547619,-1.80392763796503,-1.1597277,-0.08307768,0.5412266,118.36158,105.16458,-11.099814,WAL
1790682290000,3.164902,-2.76621936933594,-7.770082425,-1.65181207207031,-1.1426234,-0.1255328,0.58459806,118.41765,105.48698,-11.254723,WAL
1790687278000,3.16989,-2.82340947411444,-7.71193909591281,-1.51031715912807,-1.1133019,-0.18234327,0.63713247,118.43303,105.81068,-11.457525,WAL
1790692308000,3.17492,-2.87772288762567,-7.73004359859062,-1.42432122038899,-1.0726794,-0.2669481,0.68752885,118.43179,106.12805,-11.669476,WAL
1790697560000,3.180172,-2.93640492956877,-7.76117670520865,-1.33901713942834,-1.02717,-0.35338554,0.73639804,118.39792,106.43441,-11.909415,WAL
1790702329000,3.184941,-3.01372993537496,-7.93856916163729,-1.31627450463101,-0.9914343,-0.44104472,0.763887,118.34212,106.73148,-12.155429,WAL
1790707552000,3.190164,-3.09724496061427,-8.13778545528455,-1.29317178952123,-0.95142263,-0.5271767,0.79626286,118.23046,107.04526,-12.433514,WAL
1790712340000,3.194952,-3.15707612195122,-8.39091797560976,-1.2977741902439,-0.9224065,-0.5653558,0.80939645,118.109604,107.345856,-12.708156,WAL
1790717503000,3.200115,-3.21967549349646,-8.66307185889062,-1.29577260336676,-0.91813046,-0.6383542,0.8176431,117.94851,107.63629,-12.996561,WAL
1790722963000,3.205575,-3.25334537630393,-8.93724060325637,-1.17552292146077,-0.91874135,-0.70157874,0.818254,117.78113,107.91378,-13.27986,WAL
1790727288000,3.2099,-3.28001611680618,-9.15441639435194,-1.08027019724036,-0.93126404,-0.7602218,0.81336707,117.57327,108.20007,-13.566225,WAL
1790732296000,3.214908,-3.26034203061163,-9.40200671396851,-0.936428643247881,-0.9550878,-0.8127562,0.81245077,117.35165,108.47929,-13.848596,WAL
1790737256000,3.219868,-3.23157688406338,-9.64651148587,-0.787808310587404,-0.9877691,-0.8552113,0.79320854,117.11703,108.7474,-14.119071,WAL
1790742310000,3.224922,-3.15166655167179,-9.86148236471945,-0.562903295147963,-1.0332786,-0.9068295,0.7849618,116.84349,109.00455,-14.391603,WAL
1790747275000,3.229887,-3.06486520453497,-10.0670642767102,-0.329910318447348,-1.054048,-0.9804387,0.75991637,116.55191,109.24538,-14.649935,WAL
1790752422000,3.235034,-2.95097196705123,-10.3322379300939,-0.111490962524443,-1.0360274,-1.0604621,0.7247916,116.22091,109.46566,-14.903581,WAL
1790757351000,3.239963,-2.83559240449746,-10.5999185807587,0.0915770425107548,-0.99265605,-1.1582005,0.691194,115.86518,109.67074,-15.148927,WAL
1790762345000,3.244957,-2.68763413707658,-10.8592702367452,0.183108822118925,-0.9074403,-1.2568552,0.64996064,115.45473,109.83146,-15.385007,WAL
1790767324000,3.249936,-2.52962742361929,-11.11383627743,0.235777728132364,-0.7663304,-1.3353515,0.6078109,115.02278,109.95982,-15.609469,WAL
1790772316000,3.254928,-2.31270384325426,-11.304578914659,0.0848628167892884,-0.60048056,-1.3524556,0.5705481,114.55181,110.04007,-15.8181715,WAL
1790777305000,3.259917,-2.05149714825797,-11.4462508893625,-0.220616191165678,-0.398895,-1.318858,0.54275376,114.07393,110.078995,-16.013205,WAL
1790782297000,3.264909,-1.70878223578328,-11.5752949745905,-0.583539652713146,-0.19211712,-1.2043208,0.52931476,113.6105,110.07311,-16.179008,WAL
1790787326000,3.269938,-1.24354893887022,-11.6865460225745,-1.03360231953171,-0.015271631,-1.0528263,0.51068336,113.16829,110.0321,-16.326292,WAL
1790792953000,3.275565,-0.381016911531995,-11.5258019557907,-1.62845590694293,0.12675454,-0.87964594,0.4886922,112.81568,109.971535,-16.416016,WAL
1790797336000,3.279948,0.49908697423598,-11.2268987820196,-2.14738507383048,0.21655174,-0.7125743,0.45998153,112.50549,109.88817,-16.488205,WAL
1790802325000,3.284937,1.18077491742029,-10.9486737123671,-2.47628366629952,0.2724459,-0.51893,0.42058071,112.32289,109.79377,-16.485022,WAL
1790807315000,3.289927,1.52244947423188,-10.7362814737198,-2.52707309161353,0.28191432,-0.42241332,0.3744604,112.15868,109.68708,-16.468851,WAL
1790812306000,3.294918,1.69643562700548,-10.6776194439462,-2.47483862187344,0.23579398,-0.24373524,0.34330627,112.20423,109.56841,-16.32214,WAL
1790817351000,3.299963,1.62903055590433,-10.8413172511211,-2.27262350911809,0.19425514,-0.11362094,0.25809056,112.25589,109.42647,-16.14836,WAL
1790822263000,3.304875,1.4516927511436,-11.0690966815542,-1.99781249325055,0.08735373,-0.03634648,0.14294247,112.36158,109.2853,-15.925489,WAL
1790827322000,3.309934,1.09751875719607,-11.4087158727218,-1.59512146330863,-0.027183503,-0.03481932,0.03604105,112.47591,109.13828,-15.682444,WAL
1790832275000,3.314887,0.745155406035351,-11.6788889694875,-1.28810749240644,-0.12980886,-0.10995574,-0.054367006,112.54717,108.98213,-15.433049,WAL
1790837320000,3.319932,0.377795438942431,-11.8601831642145,-1.10681294895823,-0.20372356,-0.1881465,-0.11881329,112.61091,108.82666,-15.166498,WAL
1790842296000,3.324908,0.0833921324502157,-12.0391821580251,-1.03922019549417,-0.21533,-0.23365596,-0.15454891,112.579994,108.66277,-14.942808,WAL
1790847322000,3.329934,-0.102125649772414,-12.2202832775993,-1.1540645491695,-0.17379116,-0.23243423,-0.204029,112.53443,108.48886,-14.704527,WAL
1790852280000,3.334892,-0.252915755597701,-12.4146021114943,-1.28711184287356,-0.105374254,-0.16279559,-0.24190263,112.44422,108.32723,-14.514357,WAL
1790857325000,3.339937,-0.273110110388715,-12.6771282018809,-1.50420114501567,-0.0027488936,-0.051618114,-0.26511553,112.36436,108.14876,-14.317486,WAL
1790862959000,3.345571,-0.278934017182085,-13.025706794391,-1.63502509880285,0.09285152,0.081855945,-0.2938262,112.306816,107.978035,-14.12686,WAL
1790867321000,3.349933,-0.261448031812474,-13.3684325487652,-1.58956148279615,0.20280726,0.22632557,-0.33933565,112.282005,107.78271,-13.924079,WAL
1790872250000,3.354862,-0.241689108867308,-13.7557079369611,-1.53818822206781,0.33841935,0.376293,-0.39736784,112.311554,107.57815,-13.702647,WAL
1790877310000,3.359922,-0.169914085113695,-14.2125813998708,-1.15695614877261,0.4914411,0.49541172,-0.47433686,112.36891,107.342674,-13.463845,WAL
1790882466000,3.365078,-0.0954180233045234,-14.6871680436187,-0.733815049676898,0.65240407,0.5516113,-0.5513059,112.446625,107.07562,-13.211387,WAL
1790887295000,3.369907,-0.0907485577839257,-15.1494453271405,-0.430299722576737,0.81245077,0.58551437,-0.6258314,112.534096,106.74982,-12.929145,WAL
1790892429000,3.375041,-0.0892778329818182,-15.6233814901435,-0.123658116689952,0.95172805,0.573297,-0.7174612,112.56961,106.335915,-12.6208105,WAL
1790897310000,3.379922,-0.1250630176,-15.8872973936842,-0.00288312444210526,1.099252,0.5589417,-0.79809546,112.61124,105.89009,-12.3026,WAL
1790902727000,3.385339,-0.163698979550971,-16.1616303201283,0.130081363242892,1.2507466,0.48930305,-0.8881981,112.5866,105.37118,-11.967287,WAL
1790907314000,3.389926,-0.178930881262136,-16.0930865596394,0.225280766830791,1.4162911,0.45631635,-0.9896017,112.56621,104.81951,-11.615405,WAL
1790912336000,3.394948,-0.195607273325243,-16.0180425733356,0.329508236815187,1.5057828,0.35613444,-1.0384709,112.480095,104.25343,-11.273042,WAL
1790917304000,3.399916,-0.197684141611682,-15.6469586527853,0.459924975489454,1.6969837,0.23273966,-1.1383474,112.37439,103.62615,-10.900638,WAL
1790922292000,3.404904,-0.192517118541915,-15.125089759762,0.604601562094105,1.8829921,0.0852157,-1.2253957,112.23501,102.99708,-10.533507,WAL
1790927308000,3.40992,-0.313884723954082,-14.4830879451531,0.624422452359694,2.0909917,-0.05681047,-1.3112222,112.05158,102.32911,-10.160564,WAL
1790932468000,3.41508,-0.469038015869309,-13.7945949977433,0.614725383639129,2.2925773,-0.17287487,-1.4062119,111.83459,101.63593,-9.774519,WAL
1790937291000,3.419903,-0.822120502391701,-13.2906297853112,0.507012902505426,2.5231788,-0.23579398,-1.4828753,111.58486,100.91923,-9.388926,WAL
1790942311000,3.424923,-1.24365296171977,-12.8023200605087,0.369284471877767,2.7684412,-0.2302962,-1.5683966,111.32415,100.182396,-8.9847,WAL
1790947301000,3.429913,-1.73824976371714,-12.422663442799,0.244782089679748,3.0030136,-0.16432275,-1.6636915,111.06418,99.46927,-8.595228,WAL
1790952333000,3.434945,-2.32256612536098,-12.1594978537579,0.133271320912625,3.2345314,-0.06719518,-1.7519615,110.81904,98.76213,-8.192148,WAL
1790957258000,3.43987,-2.9195417936,-11.9544667365333,0.0313424610261333,3.3875532,0.03970624,-1.8463402,110.57598,98.17316,-7.851855,WAL
1790962342000,3.444954,-3.5946888592,-11.8661786704,-0.0569459955584,3.4526103,0.13927728,-1.9187278,110.36272,97.63332,-7.5011115,WAL
1790967278000,3.44989,-4.22591700610169,-11.8237597355932,-0.218961525518644,3.421151,0.26267207,-1.9489655,110.15747,97.28286,-7.256302,WAL
1790972330000,3.454942,-4.83977145878935,-11.8378172619855,-0.486058451139952,3.3368514,0.35796702,-1.9361374,109.97629,82.987724,-7.0106716,WAL
1790977288000,3.4599,-5.45474477337406,-11.8482408058731,-0.867569260583366,3.1908545,0.41447207,-1.8640553,109.83357,83.12059,-6.8236785,WAL
1790982292000,3.464904,-6.09698327171856,-11.8529632445802,-1.45786216590461,3.0387492,0.43890667,-1.7583756,109.71234,83.16618,-6.656057,WAL
1790987254000,3.469866,-6.72651182168499,-11.9161136309952,-1.98069028437591,2.8652635,0.43157628,-1.6362026,109.656715,83.10829,-6.5477576,WAL
1790992311000,3.474923,-7.35314673703668,-12.0998634330188,-2.38588266766222,2.6829202,0.32711834,-1.5360206,109.581894,82.996994,-6.4657073,WAL
1790997273000,3.479885,-7.89641094066599,-12.2645572290616,-2.65578670387487,2.4923303,0.095294975,-1.4492778,109.62446,82.86044,-6.391468,WAL
1791002345000,3.484957,-8.26402141412714,-12.3919957073663,-2.59696900764884,2.277611,-0.23090707,-1.3878858,109.61,82.70655,-6.3392653,WAL
1791007315000,3.489927,-8.42775999619163,-12.4311570627928,-2.58678411115309,2.0302107,-0.38973203,-1.3756685,109.65733,82.547806,-6.3174787,WAL
1791012349000,3.494961,-8.14361644817893,-12.2745136580021,-2.68514137319027,1.894904,-0.6203337,-1.4165965,109.590065,82.39251,-6.293531,WAL
1791017327000,3.499939,-7.86263381369201,-12.1196128099592,-2.7824044741877,1.5424347,-0.7669413,-1.5552629,109.522484,82.29767,-6.2621818,WAL
1791022317000,3.504929,-7.06303591045289,-11.6844478965443,-2.82234800665379,1.1609493,-0.81581056,-1.6759088,109.41615,82.232864,-6.2237444,WAL
1791027282000,3.509894,-6.0016321921657,-11.1078200005366,-2.83255401760034,0.80481493,-0.92087936,-1.7498235,109.25071,82.24227,-6.1574893,WAL
1791032289000,3.514901,-4.72710823911768,-10.7092873389659,-2.59766268985126,0.61086524,-0.93279123,-1.7638733,109.10565,82.337364,-6.037261,WAL
1791037285000,3.519897,-3.40061534024082,-10.3607199120712,-2.29750727639381,0.6252206,-0.7669413,-1.681712,108.97578,82.44815,-5.930433,WAL
1791042311000,3.524923,-2.51115536121374,-10.2986810892296,-2.31685920278034,0.7733554,-0.48655418,-1.5909985,108.854836,82.638054,-5.7409177,WAL
1791047295000,3.529907,-1.73077913900794,-10.3030905435064,-2.4094461872252,0.98471475,-0.0009162979,-1.4822645,108.8361,82.78548,-5.595042,WAL
1791052314000,3.534926,-1.10650181251436,-10.3340145855009,-2.02764698143738,1.3106114,0.6178902,-1.4239268,108.84713,82.95038,-5.3853207,WAL
1791057303000,3.539915,-0.572466546798287,-10.3789333047112,-1.39379205595947,1.606881,1.1044444,-1.3845261,108.96156,83.05434,-5.2153106,WAL
1791062350000,3.544962,-0.337030860683544,-10.3402604962025,-0.846517001898734,1.8176296,1.3048081,-1.3481796,109.14961,83.17198,-4.993539,WAL
1791067387000,3.549999,-0.210023494821266,-10.2718715532152,-0.333602607392405,1.887879,1.3014483,-1.3121386,109.41824,83.24395,-4.795245,WAL
1791072279000,3.554891,-0.0339472728109726,-10.2712001150125,-0.115575097949127,1.8115209,1.2275337,-1.3090842,109.71171,83.27473,-4.531591,WAL
1791077309000,3.559921,0.163062689523192,-10.2904204850873,0.0237734079561097,1.6664404,1.2104294,-1.3521502,110.01713,83.29203,-4.275126,WAL
1791082325000,3.564937,0.356162482546249,-10.1800421975458,-5.16389439434786e-05,1.5216653,1.2443326,-1.3628404,110.30841,83.257034,-3.9978454,WAL
1791087319000,3.569931,0.547344278950451,-10.0288753913731,-0.0756351441665892,1.4315627,1.2666291,-1.3038919,110.58713,83.220184,-3.7378075,WAL
1791092310000,3.574922,0.613771938728949,-9.88806453769046,-0.20708404701684,1.3961325,1.2415836,-1.2379184,110.869896,83.17705,-3.4280987,WAL
1791097301000,3.579913,0.599398103876303,-9.75390839885726,-0.374778955398958,1.3921618,1.2287555,-1.1768318,111.15774,83.12237,-3.1452212,WAL
1791102437000,3.585049,0.421480156936136,-9.62747002657639,-0.634350234508893,1.3979651,1.2556335,-1.0980303,111.469185,83.05149,-2.8555126,WAL
1791107330000,3.589942,0.156310212352466,-9.51382594826192,-0.932666446887631,1.4150693,1.2754866,-1.0577132,111.77111,82.962204,-2.5812669,WAL
1791112359000,3.594971,-0.212255026358339,-9.25285022773102,-1.43283069327537,1.4077389,1.3206906,-0.98532563,112.088806,82.87029,-2.3345146,WAL
1791117865000,3.600477,-0.675610895365831,-8.87728816279715,-2.10103866992878,1.3994923,1.464244,-0.9272934,112.43577,82.76516,-2.1078227,WAL
1791122307000,3.604919,-1.00494208694009,-8.58356111018711,-2.5551305008883,1.3973542,1.641395,-0.8720101,112.836044,82.6604,-1.9151559,WAL
1791127305000,3.609917,-1.33061511090531,-8.26241103534304,-2.98031454556795,1.4043792,1.8145752,-0.8188649,113.268486,82.55152,-1.7490149,WAL
1791132285000,3.614897,-1.62796448474576,-7.92403035108959,-3.32938955012107,1.3710871,1.9746219,-0.7874053,113.83156,82.47546,-1.6127095,WAL
1791137327000,3.619939,-1.87773926040062,-7.54671106581554,-3.54196395478759,1.3390167,2.105958,-0.75869465,114.426186,82.39859,-1.4983641,WAL
1791142313000,3.624925,-2.0786679806601,-7.21561822408801,-3.64414043593901,1.3063353,2.2201898,-0.743423,115.12606,82.34686,-1.4194446,WAL
1791147312000,3.629924,-2.24037477585408,-6.91992592678054,-3.65338081872225,1.2647965,2.3185391,-0.7351763,115.85087,82.311424,-1.3522606,WAL
1791152342000,3.634954,-2.36590918129183,-6.63587364847901,-3.58540811503752,1.210735,2.4220808,-0.72234815,116.632866,82.29217,-1.3148892,WAL
1791157330000,3.639942,-2.44825300927804,-6.36946715807139,-3.43040801286757,1.1472049,2.5103507,-0.713796,117.431946,82.293434,-1.2827005,WAL
1791162371000,3.644983,-2.50422152036306,-6.09198309715864,-3.17848520343331,1.0858129,2.577546,-0.71593404,118.260605,82.29843,-1.2731735,WAL
1791167317000,3.649929,-2.53226030457774,-5.81159505982636,-2.83734636937648,1.0201449,2.6083946,-0.72356987,119.0981,82.32884,-1.2669822,WAL
1791172267000,3.654879,-2.53893687940718,-5.51762469986349,-2.43406461452808,0.9370673,2.6190848,-0.71929383,119.94188,82.35306,-1.2762545,WAL
1791177314000,3.659926,-2.52008582262091,-5.20186915422192,-1.94864955781006,0.8390234,2.6099217,-0.71868294,120.78384,82.40658,-1.2830505,WAL
1791182263000,3.664875,-2.49951979711213,-4.89916318396734,-1.44740437371042,0.70952,2.5531113,-0.70188415,121.59476,82.435,-1.2984754,WAL
1791187919000,3.670531,-2.47254988036248,-4.56473599097789,-0.83248982123083,0.5864306,2.4920247,-0.6957755,122.397385,82.49503,-1.3108721,WAL
1791192269000,3.674881,-2.44120162170401,-4.34615546251563,-0.357836795037984,0.45265114,2.39337,-0.66798115,123.137,82.51888,-1.3305293,WAL
1791197302000,3.679914,-2.39021596201558,-4.14684754934128,0.19373625237042,0.3136793,2.2837198,-0.6392705,123.85136,82.58275,-1.3497496,WAL
1791202322000,3.684934,-2.3517070194695,-3.93032676456194,0.722762804001072,0.15210545,2.2171354,-0.6026186,124.5086,82.60486,-1.3749604,WAL
1791207341000,3.689953,-2.33882866978655,-3.6770541379298,1.2078442457176,-0.0290161,2.0861049,-0.5742133,125.11124,82.673355,-1.3998003,WAL
1791212378000,3.69499,-2.34220743555017,-3.44628281624818,1.67182723133301,-0.105374254,1.9260582,-0.5174029,125.66279,82.64282,-1.4278163,WAL
1791217308000,3.69992,-2.49325455828405,-3.43255127267087,1.91899525469704,-0.26145032,1.7669277,-0.46395215,126.171974,82.68509,-1.458374,WAL
1791222582000,3.705194,-2.65250370588085,-3.42109116577176,2.15195172873093,-0.42332962,1.6285667,-0.42424592,126.60802,82.64525,-1.492362,WAL
1791227308000,3.70992,-2.76822859480951,-3.44809361165942,1.9976519171056,-0.57451874,1.4902058,-0.38545597,126.99264,82.6426,-1.5361844,WAL
1791232307000,3.714919,-2.89063839585784,-3.47665586874627,1.83443889164749,-0.68844515,1.3732251,-0.33841935,127.33598,82.61267,-1.6180052,WAL
1791237292000,3.719904,-2.86267055340098,-3.50533827975485,1.61655022089822,-0.7800749,1.2754866,-0.2941316,127.64011,82.61402,-1.706273,WAL
1791242322000,3.724934,-2.76103301798453,-3.53437754670953,1.3697163001708,-0.8604037,1.1670581,-0.25625798,127.90256,82.638115,-1.8017492,WAL
1791247293000,3.729905,-2.66166949317642,-3.6079141239913,1.13807928935918,-0.92271197,1.070236,-0.2171626,128.15974,82.69763,-1.9375391,WAL
1791252316000,3.734928,-2.56176931526899,-3.70305715530063,0.909736053955696,-0.96577793,0.9779953,-0.16462818,128.38208,82.76401,-2.0842714,WAL
1791257520000,3.740132,-2.47853228381702,-3.82449515838662,0.733692698376783,-0.9990701,0.8897252,-0.13439035,128.59567,82.880325,-2.216382,WAL
1791262377000,3.744989,-2.40989305469749,-3.94804586636498,0.59641414457452,-1.0235047,0.81092364,-0.093462385,128.78044,82.99284,-2.3631809,WAL
1791267302000,3.749914,-2.36000249063621,-3.99045059838131,0.52741117421883,-1.056186,0.7312057,-0.07147124,128.95686,83.15126,-2.49041,WAL
1791272287000,3.754899,-2.32087491359492,-3.98555967040262,0.498065580811392,-1.0858129,0.6356053,-0.052839845,129.10246,83.30274,-2.6244168,WAL
1791277274000,3.759886,-2.35569496841166,-4.00302544080904,0.555175642623438,-1.1252137,0.55771995,-0.01740966,129.24202,83.47925,-2.7505405,WAL
1791282286000,3.764898,-2.42707954370414,-4.03157923117192,0.655113983432481,-1.1468995,0.47891834,-0.0015271631,129.35199,83.64863,-2.8724217,WAL
1791287273000,3.769885,-2.49205950841791,-4.12220641683582,0.854225461074627,-1.183246,0.4147775,0.025961773,129.45021,83.816765,-3.0007536,WAL
1791292300000,3.774912,-2.55433358425871,-4.24675456851741,1.10811187018905,-1.244638,0.31887165,0.043676864,129.51492,83.98326,-3.1267784,WAL
1791297312000,3.779924,-2.63740807674419,-4.37114422209302,1.3001072372093,-1.2925909,0.23609942,0.06505715,129.56157,84.10682,-3.2749267,WAL
1791302335000,3.784947,-2.73206763495528,-4.49592268571556,1.45930749314848,-1.3423764,0.2098322,0.13103059,129.59377,84.219795,-3.4389265,WAL
1791307209000,3.789821,-2.77696636502256,-4.72628620413475,1.65028611170112,-1.4056009,0.19975294,0.15790866,129.59344,84.27825,-3.6005278,WAL
1791312253000,3.794865,-2.75161985479064,-5.13183073837758,1.90375137281981,-1.4450017,0.16615535,0.21410827,129.57494,84.310005,-3.7869728,WAL
1791317277000,3.799889,-2.64666105617409,-5.78609349188259,2.24161446192308,-1.534188,0.15424347,0.28680122,129.5488,84.295296,-4.00149,WAL
1791322250000,3.804862,-2.463486288917,-6.6826862823583,2.66098850826923,-1.609019,0.18478674,0.39187005,129.52136,84.250656,-4.239681,WAL
1791327249000,3.809861,-2.16772907064578,-7.72625754253238,3.11810720759895,-1.6471981,0.20861048,0.4709771,129.47614,84.16188,-4.461232,WAL
1791332249000,3.814861,-1.76873151607644,-8.9015651686532,3.6081801629472,-1.6175711,0.22143865,0.5497787,129.43207,84.04073,-4.710048,WAL
1791337248000,3.81986,-1.22536948722076,-10.2934146745575,4.24338338638289,-1.5161675,0.23762658,0.6224717,129.37035,83.88961,-4.865129,WAL
1791342253000,3.824865,-0.36135623178369,-12.1671781939407,5.20108494605277,-1.3481796,0.23732115,0.64873886,129.30527,83.71711,-5.0282125,WAL
1791347209000,3.829821,0.537534670574105,-13.8692001197258,5.95320288313218,-1.099252,0.14172074,0.6218608,129.21854,83.532425,-4.9803596,WAL
1791352317000,3.834929,1.51523996796601,-15.4420306030704,6.49637247197065,-0.818254,0.02565634,0.49968776,129.12752,83.322945,-4.928572,WAL
1791357221000,3.839833,2.39274884303219,-16.6329673805779,6.76785300805596,-0.5195409,-0.048258353,0.29138273,129.02118,83.097885,-4.7461934,WAL
1791362309000,3.844921,3.20812959562911,-17.3726023476591,6.66091768018471,-0.24617869,0.008552114,0.02687807,128.93034,82.84114,-4.5376225,WAL
1791367277000,3.849889,4.05109209561245,-18.0288123844683,6.50984969236163,0.019547688,0.22693644,-0.2773328,128.89827,82.64479,-4.181796,WAL
1791372310000,3.854922,5.0752090529693,-18.4538215109954,6.18725294596834,0.2687807,0.48808134,-0.63194007,128.91441,82.4092,-3.768685,WAL
1791377240000,3.859852,5.75973055382975,-18.6655183844289,5.92285759158425,0.48197266,0.7254025,-0.9275989,129.0562,82.2471,-3.2038066,WAL
1791382285000,3.864897,5.8018902991274,-18.4594036719023,5.7589034069808,0.6160576,0.86590147,-1.0714576,129.25806,82.01474,-2.624253,WAL
1791387252000,3.869864,5.59606781476765,-17.7972540745985,5.61409030848617,0.6792821,0.84482664,-1.0998629,129.55533,81.83691,-1.9102372,WAL
1791392284000,3.874896,4.70305762026038,-15.8555299388958,5.51334032464126,0.6722572,0.75655663,-1.0384709,129.87605,81.58427,-1.2247701,WAL
1791397259000,3.879871,3.77050270321333,-13.8578279849251,5.41766405927799,0.65057147,0.6985244,-0.93370754,130.2088,81.28952,-0.5716468,WAL
1791402442000,3.885054,2.53487997530497,-11.361968547952,5.33889937098086,0.6041457,0.52412236,-0.7812967,130.47821,80.96765,0.026989495,WAL
1791407338000,3.88995,1.40816753688807,-9.12326275399754,5.22768969012476,0.52198434,0.4886922,-0.70341134,130.71292,80.595535,0.46763405,WAL
1791412392000,3.895004,0.455622750738007,-7.43079440221402,4.92151444486031,0.4709771,0.43982297,-0.5290093,130.88416,80.227684,0.8328701,WAL
1791417326000,3.899938,-0.474305222127921,-5.7785112902829,4.62260889279564,0.35246924,0.410196,-0.33383787,130.97021,79.85002,1.0047039,WAL
1791422323000,3.904935,-1.46426418738811,-4.72202453164106,3.96605822961479,0.19639318,0.3866777,-0.14049901,131.03539,79.50946,1.125358,WAL
1791427320000,3.909932,-2.43663934337955,-3.82751863097054,3.26725714018198,0.028405234,0.35827246,0.07819075,131.07848,79.219635,1.1823282,WAL
1791432287000,3.914899,-3.14974705705373,-3.79042047812825,2.62010150214905,-0.13500121,0.31490102,0.30970868,131.04523,78.98164,1.0384538,WAL
1791437308000,3.91992,-3.87060750206239,-3.75291900331023,1.96591014749567,-0.34147367,0.21685717,0.5589417,130.95593,78.8579,0.7294702,WAL
1791442805000,3.925417,-4.77926285725552,-4.50847619897476,1.0928133579653,-0.58459806,0.12797627,0.7892379,130.84058,78.78243,0.36359218,WAL
1791447270000,3.929882,-5.5422401557571,-5.28831468261041,0.350912937026814,-0.84238315,0.032070424,0.9798279,130.67935,78.75461,-0.053301096,WAL
1791452364000,3.934976,-6.23794400924821,-6.6998105978222,-0.255636748651551,-1.0940597,-0.112704635,1.1624765,130.47632,78.84717,-0.6138631,WAL
1791457280000,3.939892,-6.85125167392601,-8.23542160581742,-0.761264732597454,-1.3316863,-0.33322698,1.2947289,130.21696,78.97123,-1.2055472,WAL
1791462334000,3.944946,-7.5553129288777,-11.2060824469146,-1.20433882781506,-1.4819591,-0.59956425,1.3845261,129.92453,79.21115,-1.9248976,WAL
1791467344000,3.949956,-8.27984028066741,-14.6542950377983,-1.61579873296048,-1.5305228,-0.86529064,1.4135422,129.57031,79.42283,-2.6541789,WAL
1791472314000,3.954926,-8.05450518290901,-16.5785574007721,-1.58935524258139,-1.4569136,-1.024421,1.3994923,129.19916,79.657814,-3.4503899,WAL
1791477322000,3.959934,-7.17876305770033,-17.4893293991027,-1.2640795288919,-1.2800682,-1.0021244,1.3381003,128.81285,79.793785,-4.232565,WAL
1791482294000,3.964906,-5.98701364289356,-17.6543746969324,-0.306921625349389,-0.9761627,-0.8029824,1.1960741,128.49336,79.92065,-5.0033674,WAL
1791487319000,3.969931,-4.62498918169992,-17.4597998243825,0.970505015241276,-0.5992588,-0.636827,0.9935723,128.18608,79.92058,-5.715587,WAL
1791492310000,3.974922,-3.31451470198562,-16.8792703234947,2.14454582505098,-0.2489276,-0.6924158,0.7840455,127.91511,79.8943,-6.226618,WAL
1791497294000,3.979906,-2.06963047178276,-15.7163536623377,3.17426483211334,-0.028710667,-0.7892379,0.5830709,127.69087,79.81338,-6.67064,WAL
1791502345000,3.984957,-1.20194822811121,-14.4436982366007,3.63851868522022,0.01985312,-0.9987647,0.38056904,127.396545,79.70246,-6.8382983,WAL
1791507309000,3.989921,-0.684180349360848,-13.1129443076813,3.60218412119996,-0.009162978,-1.1743884,0.29657507,127.090256,79.57909,-6.9744024,WAL
1791512972000,3.995584,-0.30537409497663,-11.5641065768758,3.10875167896679,-0.18875736,-1.3680327,0.09132435,126.71092,79.50928,-6.8590846,WAL
1791517334000,3.999946,-0.172635780934809,-10.3480524249693,2.38939564132841,-0.5705481,-1.4257594,0.052534413,126.32394,79.47343,-6.7737274,WAL
1791522313000,4.004925,-0.19890429317373,-9.07554316451931,1.45714105852701,-0.6927212,-1.4883732,-0.014660766,125.89197,79.47818,-6.598999,WAL
1791527306000,4.009918,-0.408834660994534,-7.91878366001254,0.407489228370218,-0.9025534,-1.5149459,-0.0580322,125.463066,79.58316,-6.427283,WAL
1791532257000,4.014869,-0.694438600900322,-6.82339769684887,-0.652608574623794,-1.1050552,-1.5045611,-0.040317107,125.07032,79.77522,-6.253241,WAL
1791537288000,4.0199,-1.22117534971061,-5.86804212601286,-1.78870734458521,-1.2855659,-1.4590516,-0.0012217305,124.691414,80.00548,-6.0813932,WAL
1791542253000,4.024865,-1.72005516535283,-5.09090840813942,-2.76584166995916,-1.4404203,-1.4049901,0.071776666,124.34849,80.34963,-5.978626,WAL
1791547306000,4.029918,-2.19344625500997,-4.57155699848039,-3.5241866380473,-1.5430456,-1.3988814,0.16737708,124.00999,80.70067,-5.897484,WAL
1791552305000,4.034917,-2.65994449290579,-4.13193032820658,-4.17287065167423,-1.6307048,-1.4104879,0.27030787,123.67997,81.12386,-5.9220505,WAL
1791557346000,4.039958,-3.12572402395006,-3.87620810370791,-4.57015328261445,-1.6878207,-1.4511104,0.37659842,123.341736,81.51773,-5.978957,WAL
1791562272000,4.044884,-3.55987078711452,-3.66945952131212,-4.91225854769201,-1.7159204,-1.5231925,0.47219884,122.99892,81.89211,-6.1317744,WAL
1791567334000,4.049946,-3.89791106757022,-3.67898176872913,-5.02652546698095,-1.6988163,-1.6126842,0.5354234,122.6385,82.194984,-6.3113337,WAL
1791572317000,4.054929,-4.1930178744856,-3.69135293078938,-5.12297963845866,-1.6563611,-1.702176,0.5839872,122.25348,82.37915,-6.588558,WAL
1791577309000,4.059921,-4.25114488683128,-3.72265219184437,-5.1185083154508,-1.5943583,-1.820073,0.6411031,121.835434,82.44904,-6.892735,WAL
1791582685000,4.065297,-4.31718551683141,-3.77538773347806,-5.10861531959353,-1.5479325,-1.93797,0.71929383,121.38421,82.359795,-7.27354,WAL
1791587326000,4.069938,-4.41572618706697,-4.05048053256351,-5.03881570854504,-1.4902058,-2.0222695,0.8155051,120.91181,82.14736,-7.683714,WAL
1791592272000,4.074884,-4.52074281171363,-4.34365204393534,-4.96442896511778,-1.4156802,-2.0546453,0.9016371,120.42086,81.816986,-8.1304035,WAL
1791597308000,4.07992,-4.59324119663866,-4.82643214807302,-4.93582773862649,-1.3084733,-2.0500638,0.97127575,119.92139,81.388756,-8.607191,WAL
1791602335000,4.084947,-4.65834295882353,-5.34724464320487,-4.91722740162272,-1.1362094,-1.9798143,1.0082331,119.43762,99.112816,-9.105859,WAL
1791607321000,4.089933,-4.64441982667826,-6.0405167254559,-4.79483723027081,-1.0454959,-1.822211,1.074512,118.97994,99.69693,-9.6501255,WAL
1791612244000,4.094856,-4.606936704,-6.77846388228572,-4.64256244342857,-0.89644474,-1.5677856,1.1313224,118.5781,100.31176,-10.204235,WAL
1791617373000,4.099985,-4.5678851224,-7.54728999794286,-4.48391580891429,-0.81031275,-1.1826351,1.2018774,118.26898,100.960045,-10.77363,WAL
1791622254000,4.104866,-4.5307217826087,-8.2789414447205,-4.33294013664596,-0.745561,-0.68630713,1.271516,118.07464,101.62954,-11.353258,WAL
1791627327000,4.109939,-4.41342533514644,-9.13980030543933,-3.9768192,-0.6988298,-0.20097467,1.3063353,117.996445,102.312904,-11.934894,WAL
1791632319000,4.114931,-4.26921705895689,-10.0236587512893,-3.5534976,-0.7031059,0.18295415,1.323745,118.04224,103.014885,-12.520593,WAL
1791637343000,4.119955,-3.80370857224174,-10.7276126886859,-3.29004699191848,-0.7452556,0.46975538,1.3402383,118.20857,103.62661,-13.023983,WAL
1791642319000,4.124931,-3.19613067974099,-11.3399744049794,-3.10346797294448,-0.79779,0.70371675,1.3567317,118.4769,104.23915,-13.515075,WAL
1791647352000,4.129964,-2.52717896061018,-11.8936724603576,-2.9773251890789,-0.8347474,0.91690874,1.3530666,118.80892,104.744,-13.914771,WAL
1791652446000,4.135058,-1.82565646395258,-12.4245541731442,-2.87778490505247,-0.8940013,1.0671816,1.2767084,119.19111,105.23104,-14.281464,WAL
1791657443000,4.140055,-1.17745168740292,-12.7342635099811,-2.70687892550402,-1.022283,1.1780536,1.1404854,119.63912,105.52901,-14.449085,WAL
1791662395000,4.145007,-0.55574013174496,-12.932080393485,-2.49964168454663,-1.1887437,1.1667526,0.9618073,120.089165,105.80258,-14.574718,WAL
1791667356000,4.149968,-0.0744444997382413,-12.8460267112474,-2.12275697026585,-1.3839152,0.981355,0.7675522,120.54334,105.85144,-14.460732,WAL
1791672339000,4.154951,0.325672144547035,-12.5922946949898,-1.64456877606339,-1.5525141,0.6197228,0.5626069,120.93112,105.87976,-14.304937,WAL
1791677352000,4.159964,0.631544110552249,-12.1823432840277,-1.2219319309396,-1.7055358,0.13103059,0.35430184,121.23779,105.67144,-13.913952,WAL
1791682341000,4.164953,0.887942576932384,-11.6975170441994,-0.830341577607572,-1.7983873,-0.42210788,0.1685988,121.41252,105.46816,-13.514225,WAL
1791687321000,4.169933,0.989256926321404,-11.2779641227815,-0.534816047659781,-1.8246545,-0.93645644,0.00030543262,121.4279,105.18467,-13.050082,WAL
1791692312000,4.174924,0.993892539627582,-10.8978436380564,-0.298399589947629,-1.8063285,-1.3942999,-0.16584991,121.300385,104.904495,-12.586143,WAL
1791697341000,4.179953,0.534531015143603,-10.608866435221,-0.225009690334024,-1.7470746,-1.5937474,-0.30757064,121.056725,104.68146,-12.173276,WAL
1791702360000,4.184972,-0.30068431305483,-10.3968167353921,-0.285595265276852,-1.6481144,-1.8716911,-0.36743546,120.66572,104.45546,-11.779541,WAL
1791707307000,4.189919,-1.04402584728272,-10.202227422288,-0.368576447265807,-1.5958854,-1.992337,-0.45998153,120.23437,104.24832,-11.402752,WAL
1791712308000,4.19492,-1.63142898849651,-10.035121159336,-0.500235761810108,-1.4700472,-1.9950858,-0.5183192,119.76712,104.02501,-11.041421,WAL
1791717309000,4.199921,-2.08901830764816,-9.82113779271792,-0.630278389987138,-1.3625349,-1.915368,-0.5335908,119.29397,103.84794,-10.791207,WAL
1791722323000,4.204935,-2.37882775569407,-9.54558160829128,-0.758554736400515,-1.2846496,-1.7736472,-0.5009095,118.84913,103.66665,-10.551318,WAL
1791727294000,4.209906,-2.56569955015198,-9.29226489496792,-0.856433691573793,-1.2208142,-1.6129897,-0.41447207,118.4137,103.581955,-10.428407,WAL
1791732414000,4.215026,-2.61123875987842,-9.06042883958122,-0.914392618963188,-1.1844677,-1.4569136,-0.29443705,118.02868,103.50916,-10.326828,WAL
1791737446000,4.220058,-2.63968985369306,-8.84153399450974,-0.975584729750365,-1.153619,-1.3264939,-0.15118915,117.65316,103.54213,-10.320178,WAL
1791742312000,4.224924,-2.46379274062795,-8.74159273286437,-1.08751926004118,-1.1340714,-1.2363913,-0.0012217305,117.32166,103.59711,-10.346304,WAL
1791747297000,4.229909,-2.28359399245089,-8.63920736720426,-1.20219119458694,-1.0842859,-1.1569787,0.118507855,117.014595,103.71168,-10.427604,WAL
1791752300000,4.234912,-1.959083621339,-8.60265555719053,-1.29400691982201,-1.035722,-1.0867293,0.19639318,116.739265,103.84182,-10.534528,WAL
1791757258000,4.23987,-1.57972852906553,-8.59305168856189,-1.37564022936893,-0.9618073,-1.0555751,0.26206118,116.48332,103.976425,-10.667544,WAL
1791762306000,4.244918,-1.27883237284212,-8.60284010628147,-1.38265851842036,-0.8888089,-1.0607675,0.30634892,116.266304,104.10663,-10.784138,WAL
1791767921000,4.250533,-0.979534964767206,-8.6218430045057,-1.35890482122979,-0.82436264,-1.1068878,0.33383787,116.05082,104.23062,-10.911946,WAL
1791772311000,4.254923,-0.785737247030125,-8.63513442966086,-1.4039248830144,-0.7858781,-1.1624765,0.3549127,115.86995,104.32039,-10.995512,WAL
1791777306000,4.259918,-0.604471058251232,-8.64872943226601,-1.51721622438424,-0.7703011,-1.1917981,0.36254853,115.6855,104.40282,-11.082043,WAL
1791782282000,4.264894,-0.450725695894382,-8.66820242263097,-1.66513280821124,-0.73792523,-1.1896601,0.36835176,115.50073,104.468636,-11.146597,WAL
1791787322000,4.269934,-0.343883778744598,-8.69872850252978,-1.8788166425108,-0.7165449,-1.153619,0.3680463,115.31942,104.53186,-11.210408,WAL
1791792308000,4.27492,-0.282981721067498,-8.7321840511347,-2.02223319766241,-0.7107417,-1.1166617,0.3549127,115.14854,104.60501,-11.257389,WAL
1791797319000,4.279931,-0.273633450920425,-8.76957742456414,-2.08767118630564,-0.7141015,-1.0882565,0.33628133,114.9878,104.672585,-11.3009615,WAL
1791802453000,4.285065,-0.317106156627177,-8.80215150506278,-2.0877381373228,-0.72418076,-1.040609,0.3109304,114.859,104.755104,-11.324213,WAL
1791807312000,4.289924,-0.425477477652896,-8.82571047185095,-2.00292575848522,-0.7629707,-1.0195341,0.3036,114.73365,104.84156,-11.347427,WAL
1791812266000,4.294878,-0.578231307536657,-8.82342592473118,-1.92772228504399,-0.80848014,-1.0207558,0.301462,114.6242,104.928276,-11.359625,WAL
1791817312000,4.299924,-0.790802714164223,-8.7856351827957,-1.86631276099707,-0.8723156,-1.0180069,0.30268374,114.5246,105.023285,-11.370093,WAL
1791822256000,4.304868,-0.991865236977396,-8.68847413762753,-1.79836109975995,-0.95264435,-1.0140363,0.30573806,114.3897,105.16236,-11.417957,WAL
1791827309000,4.309921,-1.18547041646829,-8.49002941428286,-1.71607892311462,-1.0103711,-1.0082331,0.31978795,114.26025,105.30812,-11.46831,WAL
1791832263000,4.314875,-1.36842716563816,-8.30771504368694,-1.63783189642472,-1.0687088,-0.98990715,0.34422258,114.10429,105.490036,-11.550336,WAL
1791837345000,4.319957,-1.54481711838574,-8.14085927936135,-1.56155510359487,-1.1261301,-0.9773844,0.37659842,113.95343,105.681854,-11.636742,WAL
1791842244000,4.324856,-1.69829152763438,-8.00084848248682,-1.49386573368489,-1.1560625,-0.9505063,0.41141775,113.79936,105.891945,-11.758553,WAL
1791847322000,4.329934,-1.82426698760292,-7.89736862359145,-1.43537717089462,-1.169807,-0.9126327,0.4541783,113.65786,106.11114,-11.88701,WAL
1791852326000,4.334938,-1.94455154747741,-7.81893816731928,-1.38181497228916,-1.1743884,-0.8717047,0.49418998,113.47968,106.38092,-12.063901,WAL
1791857314000,4.339926,-2.04796737963102,-7.84141984954819,-1.34584428072289,-1.1630874,-0.8188649,0.5479461,113.32309,106.65248,-12.248586,WAL
1791862408000,4.34502,-2.15223939490909,-7.87070372042105,-1.30943090327273,-1.1606439,-0.77396625,0.59620446,113.15519,106.94483,-12.462474,WAL
1791867317000,4.349929,-2.237716688,-7.96967742821053,-1.277939222,-1.1307116,-0.73456544,0.6432411,113.00757,107.23016,-12.681634,WAL
1791872667000,4.355279,-2.32818587502254,-8.09675104869252,-1.23333556486324,-1.094976,-0.7153232,0.68416905,112.84333,107.53074,-12.921438,WAL
1791877305000,4.359917,-2.35043684382326,-8.60852165825068,-0.979675394138864,-1.0522153,-0.7098254,0.72356987,112.692604,107.82274,-13.164733,WAL
1791882650000,4.365262,-2.37395326633874,-9.18717268660817,-0.694179720437827,-1.0186177,-0.7357872,0.7351763,112.52031,108.10945,-13.414839,WAL
1791887314000,4.369926,-2.35020084496145,-9.46032443702916,-0.587294299610033,-0.98440933,-0.7657196,0.73426,112.35302,108.38277,-13.664044,WAL
1791892296000,4.374908,-2.32482894030843,-9.7521001704334,-0.473121236453071,-0.93951076,-0.7861836,0.71776664,112.130974,108.613075,-13.915983,WAL
1791897300000,4.379912,-2.24163466578745,-10.0070997628032,-0.437230818752407,-0.8872818,-0.8405506,0.70707655,111.89318,108.82744,-14.164821,WAL
1791902421000,4.385033,-2.13304940180015,-10.252597190027,-0.432509718174817,-0.8549059,-0.90102625,0.68630713,111.6482,109.02295,-14.39996,WAL
1791907290000,4.389902,-2.00473527387708,-10.4610790360172,-0.510771389184379,-0.7987063,-0.9477574,0.64934975,111.3652,109.18282,-14.628098,WAL
1791912314000,4.394926,-1.85864554924092,-10.6625818868181,-0.636710776138624,-0.72326446,-0.9761627,0.61666846,111.071175,109.322876,-14.846665,WAL
1791917305000,4.399917,-1.66421143597493,-10.7552925028808,-0.716284760240574,-0.62949663,-0.97585726,0.5873469,110.76341,109.438866,-15.043625,WAL
1791922353000,4.404965,-1.44919837413323,-10.8090458193672,-0.779811322108562,-0.52442783,-0.97005403,0.5653558,110.44973,109.52868,-15.228631,WAL
1791927313000,4.409925,-1.1429301936004,-10.8725212453002,-0.821057890508582,-0.42455134,-0.95417154,0.54428095,110.1513,109.60345,-15.386599,WAL
1791932299000,4.414911,-0.804677851610389,-10.9397378323495,-0.855750434132231,-0.31337386,-0.9437868,0.51159966,109.852875,109.64691,-15.530271,WAL
1791937267000,4.419879,-0.467646637208791,-11.0067117602398,-0.890317733916084,-0.20616703,-0.89552844,0.49602258,109.58026,109.677635,-15.649855,WAL
1791942311000,4.424923,-0.125459550767233,-11.0747102490237,-0.925413841023522,-0.124005646,-0.8561276,0.46639562,109.306694,109.6812,-15.752792,WAL
1791947285000,4.429897,0.217592147732664,-11.1581363953561,-0.989283834295576,-0.062002823,-0.8347474,0.4166101,109.03302,109.67252,-15.8480425,WAL
1791952370000,4.434982,0.579224060038908,-11.2752855199247,-1.11152564406966,-0.009468411,-0.8032878,0.36132678,108.772804,109.64306,-15.927449,WAL
1791957380000,4.439992,0.861392747855592,-11.3292046264929,-1.26556570222584,0.042455133,-0.7657196,0.28252518,108.55823,109.54487,-15.897609,WAL
1791962308000,4.44492,1.04928255748281,-11.3078535269634,-1.45772568716974,0.08857546,-0.6899723,0.17959438,108.359474,109.42097,-15.841456,WAL
1791967277000,4.449889,1.15592816684625,-11.269386045172,-1.59590158367178,0.10048734,-0.59803706,0.051618114,108.19797,109.257805,-15.712739,WAL
1791972316000,4.454928,0.965937871643183,-11.1693907133237,-1.53590464559677,0.08093964,-0.5338962,-0.07788532,108.044014,109.069855,-15.554349,WAL
1791977352000,4.459964,0.710738987150635,-11.0810867291289,-1.44000147014519,0.020463986,-0.50518554,-0.21410827,107.934,108.8664,-15.331774,WAL
1791982346000,4.464958,0.307120898061706,-11.0203271510889,-1.26206234981851,-0.07971791,-0.5140431,-0.29352075,107.82636,108.66026,-15.092583,WAL
1791987283000,4.469895,-0.0905935927358121,-10.9718309988258,-1.08855872606849,-0.1872302,-0.4908302,-0.32528573,107.708435,108.47195,-14.863635,WAL
1791992314000,4.474926,-0.481886735960861,-11.0472605553816,-0.93769871210274,-0.2565634,-0.45204028,-0.33414328,107.588524,108.28613,-14.624641,WAL
1791997511000,4.480123,-0.869778449940048,-11.1494042997602,-0.777432320493605,-0.25900686,-0.31398472,-0.31887165,107.45054,108.1431,-14.455204,WAL
1792002343000,4.484955,-1.06397864466427,-11.4915666786571,-0.583232130597522,-0.22479841,-0.25595254,-0.30879238,107.30012,108.00585,-14.289098,WAL
1792007476000,4.490088,-1.25095910936117,-11.8590587870887,-0.385083641915528,-0.17898351,-0.15974127,-0.3036,107.150764,107.90465,-14.185429,WAL
1792012312000,4.494924,-1.206401236396,-12.2511679389071,-0.291512136604772,-0.073303826,-0.0720821,-0.321926,107.01576,107.78639,-14.078591,WAL
1792017662000,4.500274,-1.15143060841191,-12.6853318660256,-0.189409043655121,0.048563786,-0.002443461,-0.35918877,106.85681,107.65078,-13.9944935,WAL
1792022319000,4.504931,-0.964056554719447,-13.0725720030809,-0.135278764375875,0.19150625,0.058643065,-0.4279111,106.71921,107.485245,-13.8945875,WAL
1792027243000,4.509855,-0.765939775595182,-13.4820137971245,-0.0780450312491831,0.3640757,0.116980694,-0.5027421,106.576546,107.26396,-13.768484,WAL
1792032298000,4.51491,-0.567658319018868,-13.927998494141,0.0110984436564052,0.51923543,0.17073683,-0.59864795,106.44684,107.006836,-13.617729,WAL
1792037256000,4.519868,-0.374336170113208,-14.3712247385303,0.105401937412115,0.6826419,0.20952678,-0.7067711,106.32664,106.70655,-13.444373,WAL
1792042320000,4.524932,-0.239561489920315,-14.786109410969,0.15892411868667,0.84207773,0.24709499,-0.79779,106.21304,106.33344,-13.214768,WAL
1792047260000,4.529872,-0.123207759527791,-15.181712046483,0.200811459995081,0.9828822,0.28771752,-0.8875872,106.108154,105.92276,-12.959603,WAL
1792052348000,4.53496,-0.070519535062596,-15.5058504663018,0.073626299233871,1.1319333,0.33658674,-0.9828822,106.00452,105.43516,-12.6492195,WAL
1792057305000,4.539917,-0.0386161555207373,-15.7975382211982,-0.099563485483871,1.2950343,0.3811799,-1.0656544,105.91059,104.91927,-12.323977,WAL
1792062344000,4.544956,-0.0221161547851932,-15.8317009910292,-0.19952876615832,1.475545,0.36774087,-1.1328496,105.80956,104.347694,-11.962456,WAL
1792067336000,4.549948,-0.0126904020154771,-15.7515824421333,-0.265509035054219,1.6865989,0.31612277,-1.1887437,105.71065,103.74799,-11.590613,WAL
1792072283000,4.554895,0.00465805365729223,-15.0760073392825,-0.184813204694429,1.8781052,0.24953845,-1.2412782,105.613754,103.131256,-11.197242,WAL
1792077312000,4.559924,0.0263642738651523,-14.08620367532,-0.0285284213737155,2.1148155,0.17104226,-1.2999213,105.49905,102.48417,-10.799526,WAL
1792082308000,4.56492,-0.132483908119807,-13.3708138481896,0.1494252987968,2.378404,0.124005646,-1.3497068,105.38637,101.821236,-10.39622,WAL
1792087302000,4.569914,-0.515135737993435,-12.9881619809211,0.355468594997436,2.6621506,0.10598512,-1.434617,105.259735,101.13023,-9.978596,WAL
1792092945000,4.575557,-1.06651604111353,-12.6999805954032,0.598679463486229,2.9232957,0.111177474,-1.5598444,105.11737,100.427536,-9.55914,WAL
1792097307000,4.579919,-1.5672746782445,-12.5675484777095,0.793189025073311,3.1401527,0.12767084,-1.6261233,104.97609,99.73704,-9.142217,WAL
1792102307000,4.584919,-2.20469209788386,-12.5376142332677,0.77041452757874,3.247054,0.12858713,-1.7479908,104.788445,99.08905,-8.740815,WAL
1792107325000,4.589937,-2.9141863770374,-12.6416735265748,0.477156858610236,3.3790011,0.1328632,-1.8573358,104.61067,98.48276,-8.333157,WAL
1792112286000,4.594898,-3.5869657109434,-12.7952645433962,-0.0172382651320755,3.4153476,0.17165314,-1.9300288,104.39578,98.03412,-8.0048,WAL
1792117308000,4.59992,-4.23173106482622,-13.0149623314796,-0.77662865947567,3.3576207,0.27214047,-1.954158,104.20495,82.32954,-7.6678934,WAL
1792122276000,4.604888,-4.84495281025975,-13.3173945624244,-1.45855101693511,3.2061262,0.45142943,-1.9254472,104.02128,82.47181,-7.467476,WAL
1792127446000,4.610058,-5.44881516385811,-13.7506998626757,-2.07163248988921,2.9932396,0.63132924,-1.8692477,103.870834,82.54167,-7.2734685,WAL
1792132274000,4.614886,-6.04897208804156,-14.1696574769459,-2.59695567785509,2.7192667,0.70921457,-1.8148806,103.84644,82.53072,-7.146801,WAL
1792137316000,4.619928,-6.77019746813248,-14.6445017077651,-3.0225233981631,2.4440718,0.5653558,-1.7424932,103.81096,82.48785,-7.0416775,WAL
1792142306000,4.624918,-7.45036519024344,-15.0313412345145,-3.41415906679199,2.2116377,0.21746802,-1.6609426,103.863205,82.440956,-6.9607954,WAL
1792147366000,4.629978,-7.90584651931573,-14.8445939894727,-3.60546112036846,2.0772474,-0.14782938,-1.6187929,103.86633,82.395996,-6.8862615,WAL
1792152591000,4.635203,-8.3588346629703,-14.6351166538614,-3.79475176435644,1.890017,-0.4978552,-1.5488489,103.88446,82.35245,-6.8355355,WAL
1792157340000,4.639952,-8.49212320027723,-14.1776124759604,-3.83437817267327,1.6841555,-0.7696902,-1.5036448,103.81471,82.32064,-6.784674,WAL
1792163012000,4.645624,-8.65131725873267,-13.6311892927525,-3.88170623920792,1.5274686,-0.9633345,-1.5063937,103.73224,82.28478,-6.741172,WAL
1792167334000,4.649946,-8.55367822582284,-13.0585736416091,-3.86743252080455,1.3698653,-1.0488557,-1.5445728,103.59656,82.27243,-6.6979213,WAL
1792172328000,4.65494,-8.23787900345388,-12.2520710511987,-3.80427262559935,1.241889,-1.0210613,-1.6102408,103.43283,82.28354,-6.64503,WAL
1792177310000,4.659922,-7.663719316233,-11.4942949427853,-3.638933069589,1.1294898,-0.91538155,-1.6084082,103.299095,82.29485,-6.6002064,WAL
1792182359000,4.664971,-6.82733014732407,-10.7722838373004,-3.37085964672531,1.1145236,-0.72601336,-1.5128077,103.190704,82.30069,-6.5684004,WAL
1792188151000,4.670763,-5.86785974401242,-9.94402312766115,-3.06333711449586,1.1746938,-0.50243664,-1.4049901,103.1261,82.31968,-6.516171,WAL
1792192390000,4.675002,-4.45246253479143,-9.7560863016139,-2.47580175164477,1.3041973,-0.3387248,-1.3087788,103.09222,82.30657,-6.4947324,WAL
1792197369000,4.679981,-2.75776137181409,-9.55423591154423,-1.76932586941529,1.5402967,-0.005497787,-1.2809844,103.166176,82.25624,-6.4956584,WAL
1792202295000,4.684907,-1.82085790725986,-9.46957758725986,-1.03839898054682,1.6615535,0.28496864,-1.2479976,103.23691,82.23785,-6.4275703,WAL
1792207239000,4.689851,-1.51924946220425,-9.48394018220425,-0.277196768395551,1.8472565,0.50854534,-1.2043208,103.382164,82.15749,-6.381437,WAL
1792212227000,4.694839,-1.31714610992685,-9.4771564430512,0.108917412039707,1.9792033,0.5879578,-1.1728612,103.38323,82.14921,-6.2283835,WAL
1792217263000,4.699875,-1.20123575527691,-9.45195855130616,0.169392392221108,1.9981402,0.58276546,-1.16492,103.42547,82.11427,-6.0898213,WAL
1792222220000,4.704832,-0.932316676825178,-9.42802571625888,0.250361304890489,1.8930714,0.6939429,-1.1707232,103.5088,82.03334,-5.9060454,WAL
1792227223000,4.709835,-0.568338505722178,-9.40439078610892,0.344901089656669,1.7736472,0.79901177,-1.1548407,103.58565,81.92929,-5.738228,WAL
1792232328000,4.71494,-0.319616134615948,-9.38721572647033,0.342366916290364,1.6652187,0.83658,-1.0952814,103.68961,81.826225,-5.553345,WAL
1792237218000,4.71983,-0.158312129193576,-9.37511789257728,0.27784531799535,1.5833627,0.82253003,-1.0369438,103.805275,81.72753,-5.3817487,WAL
1792242259000,4.724871,-0.056176290938349,-9.26911398404104,0.172407082912511,1.541213,0.7733554,-0.9932669,103.96239,81.62701,-5.1510453,WAL
1792247228000,4.72984,-0.119463089733542,-8.92555698418353,-0.0310147708634939,1.525636,0.7528914,-0.9468411,104.11857,81.51477,-4.945892,WAL
1792252249000,4.734861,-0.213107705765729,-8.59840320276215,-0.285108637469054,1.493871,0.7461719,-0.8921687,104.27594,81.41205,-4.722375,WAL
1792257217000,4.739829,-0.446736716024553,-8.36964116040921,-0.76696848161023,1.4721853,0.77182823,-0.8258898,104.43219,81.29161,-4.5233307,WAL
1792262219000,4.744831,-0.697715240403538,-8.13969247221946,-1.28959826786602,1.4498887,0.8552113,-0.77457714,104.61078,81.1798,-4.3474164,WAL
1792267225000,4.749837,-1.00744561559686,-7.91096862578273,-1.9519447599841,1.416902,1.0180069,-0.7293731,104.814575,81.063835,-4.199012,WAL
1792272219000,4.754831,-1.30575935369765,-7.65737512949213,-2.55718947559648,1.3735305,1.2165382,-0.69974613,105.0851,80.98556,-4.092067,WAL
1792277224000,4.759836,-1.56200361045441,-7.30148023760024,-2.94155583595684,1.3448198,1.423316,-0.6783658,105.399536,80.90976,-4.005783,WAL
1792282225000,4.764837,-1.81464495369068,-6.95182979685921,-3.27242979070643,1.3234396,1.602605,-0.65484756,105.86659,80.86806,-3.928977,WAL
1792287250000,4.769862,-2.05304513302289,-6.62760567444764,-3.36302188275042,1.289842,1.6789632,-0.6404922,106.35763,80.840515,-3.8613935,WAL
1792292247000,4.774859,-2.28717032383269,-6.32686313671751,-3.42761052489941,1.2425,1.8170186,-0.63499445,106.971115,80.83485,-3.8264961,WAL
1792297224000,4.779836,-2.50570910382708,-6.13508414935903,-3.36517080694301,1.2186762,1.9398025,-0.6273586,107.596565,80.835754,-3.7996335,WAL
1792302469000,4.785081,-2.72915388503912,-5.93486702378938,-3.28606371929583,1.1728612,2.0625865,-0.63071835,108.28038,80.8451,-3.801702,WAL
1792307241000,4.789853,-2.84995253925777,-5.7754126972933,-3.05413054336012,1.1249083,2.129171,-0.6545421,108.979256,80.86881,-3.803429,WAL
1792312242000,4.794854,-2.95795639333333,-5.59157788,-2.79515076,1.0684034,2.17804,-0.6814202,109.71337,80.88217,-3.8361003,WAL
1792317272000,4.799884,-2.94856627559454,-5.30048413204678,-2.43363098192982,1.0067059,2.2186625,-0.70921457,110.46096,80.91789,-3.864658,WAL
1792322228000,4.80484,-2.92638900842797,-5.02018904289699,-2.06269621396693,0.9230174,2.298686,-0.7107417,111.22697,80.93273,-3.9126885,WAL
1792327241000,4.809853,-2.75899526001195,-4.80975116348874,-1.52225341351863,0.7800749,2.316401,-0.7049385,111.98372,80.98593,-3.954663,WAL
1792332253000,4.814865,-2.5889677183586,-4.6004760715696,-0.977705232993618,0.65057147,2.2867742,-0.6921103,112.72785,81.000275,-3.9999115,WAL
1792337286000,4.819898,-2.38709267301556,-4.40340777209813,-0.381693227343438,0.52564955,2.212554,-0.66798115,113.459946,81.05171,-4.049442,WAL
1792342273000,4.824885,-2.19009550816018,-4.2131174460309,0.202500744535606,0.40317106,2.1022928,-0.63438356,114.12797,81.06815,-4.078292,WAL
1792347239000,4.829851,-2.02962487557272,-4.08220712466702,0.709250080895045,0.26419923,1.9727893,-0.5852089,114.76397,81.11833,-4.114955,WAL
1792352282000,4.834894,-1.86666607570591,-3.94926698156633,1.22385678714971,0.121256754,1.815797,-0.5357288,115.31887,81.1166,-4.118633,WAL
1792357310000,4.839922,-1.81603098134435,-3.82805507342637,1.59218575488465,-0.029626964,1.6242907,-0.47158796,115.820595,81.14531,-4.134244,WAL
1792362291000,4.844903,-1.78885807288522,-3.71030570885788,1.92731848170512,-0.18142697,1.4645494,-0.40775254,116.28096,81.20508,-4.1587586,WAL
1792367377000,4.849989,-1.79961426139261,-3.69582196139261,2.01404141403905,-0.34238997,1.2962561,-0.344528,116.62932,81.22401,-4.1531343,WAL
1792372249000,4.854861,-1.82376104406022,-3.71996874406022,2.00526076579628,-0.50885075,1.151481,-0.28405234,116.93286,81.27443,-4.159473,WAL
1792377341000,4.859953,-1.84899819868737,-3.74520589868737,1.99608361865914,-0.65576386,1.0308352,-0.21502456,117.17354,81.28736,-4.1730886,WAL
1792382297000,4.864909,-1.87356130519407,-3.76976900519407,1.98715157992943,-0.7834347,0.906524,-0.16462818,117.367226,81.33028,-4.192833,WAL
1792387297000,4.869909,-1.89631634295956,-3.84337251104216,1.91217967128183,-0.8872818,0.84757555,-0.11728613,117.55041,81.38483,-4.229207,WAL
1792392313000,4.874925,-1.91687587824738,-3.97186937849347,1.76312332221271,-0.93187493,0.7357872,-0.093767814,117.67962,81.45012,-4.265968,WAL
1792397316000,4.879928,-1.91329646198198,-4.11248215567568,1.62026918930931,-0.99082345,0.63163465,-0.050701816,117.80531,81.52158,-4.3294725,WAL
1792402435000,4.885047,-1.89366732597598,-4.26460776756757,1.47795827352352,-1.0552697,0.50915617,-0.022602014,117.89143,81.6001,-4.3900414,WAL
1792407341000,4.889953,-1.86039039964311,-4.42410208362777,1.37183919445039,-1.1059716,0.3717115,0.0012217305,117.958694,81.69735,-4.4604564,WAL
1792412314000,4.894926,-1.81789804917916,-4.59407161859386,1.2826051697359,-1.1722504,0.25045475,0.023518313,117.99308,81.80423,-4.5339003,WAL
1792417306000,4.899918,-1.79466285450402,-4.69651238808335,1.20873148489255,-1.2186762,0.12186762,0.024740042,118.00347,81.9339,-4.5949388,WAL
1792422385000,4.904997,-1.80522082437595,-4.68067548839809,1.16122056534621,-1.271516,-0.01740966,0.04062254,117.97411,82.06764,-4.6614065,WAL
1792427308000,4.90992,-1.84571459951553,-4.63064416129952,1.13726012835566,-1.3417655,-0.13225232,0.058643065,117.9293,82.229576,-4.7125735,WAL
1792432291000,4.914903,-1.91371292898262,-4.54904593872898,1.13272690954688,-1.3799446,-0.22113322,0.0729984,117.85193,82.38565,-4.763301,WAL
1792437318000,4.91993,-2.0014408249845,-4.59041233922298,1.17575837361025,-1.434617,-0.3222314,0.07452556,117.74612,82.55265,-4.8157034,WAL
1792442304000,4.924916,-2.11491977389957,-4.80256875149824,1.28430345966109,-1.4905112,-0.3594942,0.11056661,117.63239,82.70846,-4.8811984,WAL
1792447307000,4.929919,-2.18592174271618,-4.97283477616204,1.3527395218558,-1.5393804,-0.3830125,0.124311075,117.50076,82.84986,-4.9631305,WAL
1792452347000,4.934959,-2.21098903536744,-5.09817137029343,1.37780677088202,-1.5876387,-0.37384954,0.16982053,117.366585,82.97535,-5.0640945,WAL
1792457306000,4.939918,-2.20807381816704,-5.25934467163178,1.40237838961593,-1.6542231,-0.3387248,0.21410827,117.22927,83.0679,-5.186716,WAL
1792462302000,4.944914,-2.0719551027027,-5.60450273783784,1.42668538648649,-1.7217237,-0.2843578,0.24923302,117.09959,83.14582,-5.319624,WAL
1792467313000,4.949925,-1.92849318683977,-5.98151999399743,1.50884492717939,-1.7825048,-0.22296582,0.2864958,116.983475,83.19926,-5.4694824,WAL
1792472313000,4.954925,-1.75830605089347,-6.47789900475861,1.81612713667687,-1.8298469,-0.16676621,0.33841935,116.88056,83.23184,-5.6330347,WAL
1792477303000,4.959915,-1.56344738732394,-7.03463664788732,2.13414412957746,-1.861001,-0.14019357,0.41080686,116.79755,83.26804,-5.767259,WAL
1792482292000,4.964904,-1.25215577582639,-7.87695546910032,2.50494747953435,-1.8316795,-0.1160644,0.4877759,116.72942,83.27227,-5.916392,WAL
1792487282000,4.969894,-0.932184043566162,-8.74295302635797,2.88697837447907,-1.7461584,-0.09896017,0.56779927,116.66511,83.25841,-6.0160832,WAL
1792492308000,4.97492,-0.516431232159394,-9.87019979162956,3.39273947337489,-1.6905695,-0.06841691,0.600786,116.61138,83.23131,-6.1231923,WAL
1792497326000,4.979938,-0.101340184081567,-10.9956522922529,3.89769554067676,-1.5464053,-0.014966198,0.643852,116.57876,83.21978,-6.124571,WAL
1792502338000,4.98495,0.798471276024949,-12.7834564176036,4.80243680878038,-1.3466524,0.019547688,0.66431594,116.54885,83.19054,-6.1341434,WAL
1792507636000,4.990248,1.84588342413339,-14.7704733268802,5.80573468305291,-1.1209377,-0.04550946,0.6102544,116.50472,83.14772,-6.137987,WAL
1792512305000,4.994917,2.86108317522806,-15.908041150821,6.06859900445976,-0.86742866,-0.1777618,0.48349985,116.42125,83.116936,-6.0668106,WAL
1792517593000,5.000205,3.97499506306862,-17.158219502313,6.31924165844256,-0.63285637,-0.22052236,0.21288654,116.29941,83.16338,-5.8342357,WAL
1792522311000,5.004923,4.43658315759445,-17.7068993486893,5.84458976021588,-0.48472157,-0.10995574,-0.087964594,116.19378,83.2005,-5.573252,WAL
1792527294000,5.009906,4.92409767116423,-18.2863973721087,5.3432776769468,-0.42394048,0.1337795,-0.35430184,116.14801,83.376465,-5.1107106,WAL
1792532291000,5.014903,5.4149339870505,-18.6077884044227,4.95281459165255,-0.35521814,0.38240165,-0.6603453,116.15163,83.54566,-4.5836935,WAL
1792537298000,5.01991,5.90691126337285,-18.9087071592788,4.57069620208188,-0.24312437,0.53023106,-0.9233228,116.2096,83.67778,-4.0253887,WAL
1792542342000,5.024954,5.73498445188284,-17.8590217154812,4.8665672539749,-0.070249505,0.4981606,-1.0372492,116.35817,83.88595,-3.3717904,WAL
1792547333000,5.029945,5.50642320292887,-16.7019301129707,5.21893245062761,0.13988814,0.3200934,-1.010982,116.51313,83.997086,-2.717867,WAL
1792552385000,5.034997,4.66238319311598,-14.431255425911,5.40952801508025,0.3036,0.11881329,-0.9193522,116.70052,84.09993,-2.0130935,WAL
1792557244000,5.039856,3.79812556115878,-12.1531851039669,5.57862175458767,0.40469822,-0.0571159,-0.7635816,116.841,84.06774,-1.3644747,WAL
1792562335000,5.044947,2.79308570548499,-9.9323252491956,5.52957730087497,0.4266894,-0.21777347,-0.58184916,116.87445,83.85599,-0.8113614,WAL
1792567280000,5.049892,1.80842436260231,-7.78923887366638,5.46274513039797,0.38759398,-0.34574974,-0.3549127,116.86305,83.58497,-0.33147094,WAL
1792572313000,5.054925,0.569454099864851,-6.13493883939079,5.05188444048238,0.30298916,-0.44715336,-0.11636983,116.73933,83.20466,-0.031434238,WAL
1792577241000,5.059853,-0.701299222850608,-4.64339820622726,4.56615239848217,0.1957823,-0.5030475,0.10720685,116.587296,82.8396,0.20486344,WAL
1792582301000,5.064913,-1.84317659605204,-4.00127493346792,3.88481502332885,0.07666359,-0.5326745,0.35063666,116.33081,82.463104,0.22045343,WAL
1792587318000,5.06993,-2.95112083755047,-3.4968801584926,3.18211122538358,-0.064751714,-0.5375614,0.5919284,116.056076,82.12738,0.17416328,WAL
1792592304000,5.074916,-4.11942522630024,-3.6391472725815,2.18629941617259,-0.15424347,-0.54641896,0.7330383,115.71875,81.84029,-0.08877713,WAL
1792597316000,5.079928,-5.3296529695221,-4.12526400253191,1.02670862963393,-0.38453966,-0.5216789,1.0100657,115.36893,81.61657,-0.4556347,WAL
1792602317000,5.084929,-6.35988310402477,-5.56546509820433,0.0574133911455109,-0.63499445,-0.40530908,1.2586879,115.032326,81.458046,-0.9701655,WAL
1792607287000,5.089899,-7.32753594922601,-7.29938105444788,-0.84638413496388,-0.88514376,-0.312763,1.459357,114.68504,81.31827,-1.5494243,WAL
1792612303000,5.094915,-8.04241954473282,-9.48724556992367,-1.38123871229008,-1.1242975,-0.23243423,1.5940529,114.40414,81.3171,-2.3145337,WAL
1792617373000,5.099985,-8.70494643900764,-11.799139736145,-1.83527806314886,-1.2644911,-0.2012801,1.6780468,114.13222,81.26571,-3.1253946,WAL
1792622310000,5.104922,-9.09266549053089,-13.7347496196833,-2.04682022527166,-1.2837334,-0.28588495,1.6927075,113.90511,81.26152,-4.052981,WAL
1792627295000,5.109907,-9.38909784745938,-15.5726282722757,-2.17527412623409,-1.1679744,-0.39553526,1.6187929,113.68817,81.140076,-4.9735885,WAL
1792632303000,5.114915,-9.00632725539898,-16.6075799419839,-2.00906125940703,-0.9575313,-0.46578476,1.4443909,113.50894,80.96769,-5.9025874,WAL
1792637319000,5.119931,-8.43926909800513,-17.4251980400805,-1.76289665296486,-0.68539083,-0.45081854,1.2263119,113.33709,80.676544,-6.7764444,WAL
1792642307000,5.124919,-7.36716271718282,-17.7516036427572,-1.03917731221978,-0.3921755,-0.45478916,0.9825767,113.17638,80.34753,-7.555334,WAL
1792647329000,5.129941,-5.95459051118881,-17.761213172028,0.00343558246153841,-0.12644911,-0.61544675,0.7287622,112.98916,79.981895,-8.238957,WAL
1792652324000,5.134936,-4.53705682891542,-17.1096258214744,1.00705611785256,0.002443461,-0.9129381,0.4709771,112.78862,79.71123,-8.714379,WAL
1792657312000,5.139924,-3.1133647188197,-16.0300711059903,1.98761230940097,-0.038789943,-1.2391402,0.22693644,112.54237,79.477,-9.098864,WAL
1792662303000,5.144915,-2.05179243678498,-14.7438213770524,2.31447730805231,-0.24984388,-1.5198327,0.013133603,112.20705,79.396614,-9.214789,WAL
1792667357000,5.149969,-1.24756481580769,-13.2876457638384,2.15743878004129,-0.50488013,-1.7305813,-0.15454891,111.806114,79.37892,-9.263795,WAL
1792672312000,5.154924,-0.711621214717939,-11.4447652996554,1.65432267742427,-0.7516697,-1.8228219,-0.28405234,111.32246,79.51148,-9.082216,WAL
1792677305000,5.159917,-0.382028267264647,-9.24169665517867,0.856360780808997,-0.98624194,-1.8558086,-0.33444872,110.80755,79.691055,-8.88168,WAL
1792682283000,5.164895,-0.315192468754855,-7.43050043170047,-0.0322406019162711,-1.2278391,-1.8787161,-0.33933565,110.29005,79.98325,-8.59451,WAL
1792687319000,5.169931,-0.77833046919508,-6.37933323921018,-1.11983437565818,-1.4773777,-1.8793269,-0.33108896,109.783485,80.30622,-8.31054,WAL
1792692306000,5.174918,-1.32615598293177,-5.49108376230006,-2.05009399501923,-1.5879441,-1.7989981,-0.28069258,109.33914,80.67729,-8.041877,WAL
1792697356000,5.179968,-1.97732643848957,-4.75668094290342,-2.83345701941689,-1.7785342,-1.8011361,-0.19150625,108.88495,81.06817,-7.795786,WAL
1792702315000,5.184927,-2.54259218599371,-4.16117045639866,-3.50265920992727,-1.9254472,-1.8671097,-0.08582657,108.44216,81.425316,-7.6740184,WAL
1792707313000,5.189925,-3.04128269287399,-3.68129849536072,-4.08132837698054,-2.0384574,-1.9740111,0.018020526,107.991554,81.74813,-7.582724,WAL
1792712307000,5.194919,-3.45430150710983,-3.31304644751445,-4.54301565933526,-2.1007655,-2.1148155,0.1160644,107.50273,81.96039,-7.6269927,WAL
1792717403000,5.200015,-3.77871728560694,-3.06385754608863,-4.8815363115896,-2.10046,-2.2605069,0.19333886,106.98194,82.084724,-7.702444,WAL
1792722299000,5.204911,-4.02742195000921,-2.89483270263303,-5.11049857214141,-2.033876,-2.403144,0.25289822,106.42892,82.05054,-7.882759,WAL
1792727308000,5.20992,-4.18640997109188,-2.82858773227766,-5.19882547597128,-1.9364429,-2.5418103,0.31764993,105.83568,81.8988,-8.097362,WAL
1792732261000,5.214873,-4.33869863587786,-2.84226888633588,-5.31318864307524,-1.8289305,-2.6816983,0.4007276,105.20849,98.410866,-8.392957,WAL
1792737319000,5.219931,-4.47604071068702,-3.14864739061069,-5.52976646663032,-1.6942347,-2.808453,0.51068336,104.54791,98.82406,-8.727414,WAL
1792742239000,5.224851,-4.60104163736858,-3.5858485104353,-5.66343313182667,-1.5302174,-2.8722885,0.62858033,103.86651,99.34818,-9.1263075,WAL
1792747308000,5.22992,-4.71552298761914,-4.26796616343716,-5.67297323189545,-1.3222178,-2.8298333,0.7452556,103.18515,99.93841,-9.567199,WAL
1792752283000,5.234895,-4.81151170840071,-5.00096857801223,-5.58661362851509,-1.0650436,-2.6829202,0.84971356,102.53151,100.58972,-10.054838,WAL
1792757345000,5.239957,-4.878430330211,-5.86613120918951,-5.31893874198383,-0.80970186,-2.4474316,0.9584476,101.92484,101.27688,-10.581775,WAL
1792762240000,5.244852,-4.94176803811459,-6.76353335220064,-4.98991387460349,-0.58276546,-2.1273382,1.0546589,101.39552,101.97046,-11.13048,WAL
1792767361000,5.249973,-5.00496746260904,-7.83792554837431,-4.48917926605868,-0.453262,-1.7373008,1.1334605,100.96504,102.67588,-11.699425,WAL
1792772248000,5.25486,-5.03596740630814,-8.89889185513566,-4.15082918159884,-0.43860126,-1.3310753,1.185384,100.63128,103.34462,-12.261689,WAL
1792777307000,5.259919,-4.99841006680233,-10.0819502800388,-4.13205043831395,-0.52626044,-0.8191703,1.2003502,100.450676,104.01622,-12.817775,WAL
1792782267000,5.264879,-4.79885078684848,-11.0946496139394,-4.11116624066667,-0.5900958,-0.5497787,1.1578951,100.30399,104.59844,-13.332649,WAL
1792787313000,5.269925,-4.06666033527273,-11.6462329709091,-4.081878696,-0.6218608,-0.06414085,1.1227703,100.37629,105.18267,-13.822903,WAL
1792792269000,5.274881,-3.33669909788112,-12.0822095010313,-4.06402462602663,-0.68294734,0.3036,1.0726794,100.50087,105.67164,-14.207189,WAL
1792797316000,5.279928,-2.56179395131258,-12.2181581542284,-4.07761939670917,-0.7330383,0.58123827,1.0708468,100.74439,106.1553,-14.571283,WAL
1792802365000,5.284977,-1.81517716557588,-12.3399035112266,-4.02390325176715,-0.79168135,0.77763146,1.0500773,101.11083,106.45419,-14.724637,WAL
1792807311000,5.289923,-1.25386480806653,-12.3743697276507,-3.57091443305613,-0.86193085,0.8194757,0.9651671,101.50924,106.74062,-14.850044,WAL
1792812312000,5.294924,-0.716819522368149,-12.3693176646846,-3.12575288552223,-1.0118983,0.70402217,0.81581056,101.96492,106.84417,-14.75483,WAL
1792817406000,5.300018,-0.28800240565667,-12.2095621160807,-2.72216023485005,-1.2400564,0.48258355,0.6356053,102.39158,106.950836,-14.636135,WAL
1792822289000,5.304901,0.123052557221648,-12.056423846777,-2.33528490834195,-1.4645494,0.18448131,0.45356745,102.775635,106.864174,-14.339067,WAL
1792827311000,5.309923,0.495726008668044,-11.9087088900729,-1.95165568175492,-1.67316,-0.15424347,0.27885997,103.069786,106.79648,-14.027439,WAL
1792832454000,5.315066,0.846548240367232,-11.7523277048964,-1.56391416450094,-1.7944167,-0.5235115,0.09193522,103.25649,106.73264,-13.698229,WAL
1792837320000,5.319932,0.89481641740113,-11.5285388986817,-1.23481288455744,-1.8396207,-0.93218035,-0.0580322,103.26147,106.66578,-13.355462,WAL
1792842302000,5.324914,0.944235253813559,-11.2994152175141,-0.897866198022599,-1.815186,-1.3643675,-0.18142697,103.10657,106.58529,-13.008458,WAL
1792847325000,5.329937,0.746484774762422,-11.1061577307122,-0.639189168999309,-1.7235563,-1.8124372,-0.29229903,102.82815,106.4908,-12.66105,WAL
1792852344000,5.334956,0.528067736424973,-10.9162295091376,-0.387534763777536,-1.5903877,-2.19209,-0.39492437,102.44626,106.37815,-12.316818,WAL
1792857313000,5.339925,-0.00376375672976154,-10.6542556567212,-0.48369070748583,-1.4544702,-2.4284947,-0.49327368,101.91518,106.25867,-12.009308,WAL
1792862662000,5.345274,-0.610027027358583,-10.3598500286243,-0.650838708616493,-1.3283265,-2.5274549,-0.5497787,101.32018,106.11438,-11.710165,WAL
1792867352000,5.349964,-1.1260426449226,-10.0668576783176,-1.00942578888132,-1.2067643,-2.4966063,-0.56016344,100.66974,105.9512,-11.457686,WAL
1792872645000,5.355257,-1.70103787300351,-9.73425112388001,-1.41043560214258,-1.087951,-2.3350325,-0.52595496,100.049545,105.8121,-11.269514,WAL
1792877309000,5.359921,-2.04904117919751,-9.39929797857421,-1.68448825403194,-0.97310835,-2.1154263,-0.44348818,99.46648,105.6626,-11.09646,WAL
1792882297000,5.364909,-2.42121967218543,-9.04107621854305,-1.97757886887417,-0.90285885,-2.0054705,-0.38423425,98.93079,105.59299,-11.001198,WAL
1792887347000,5.369959,-2.5930436476446,-8.83946693102763,-2.23571511136951,-0.8866709,-1.7828102,-0.2565634,98.50572,105.543625,-10.935788,WAL
1792892244000,5.374856,-2.74219131675611,-8.65769342526337,-2.48274092312661,-0.88025683,-1.565953,-0.11453723,98.12045,105.49839,-10.889915,WAL
1792897329000,5.379941,-2.62925570847508,-8.68982575587454,-2.55637370703962,-0.895223,-1.4114041,-0.012217305,97.753105,105.589096,-10.935052,WAL
1792902301000,5.384913,-2.4888096871989,-8.74600407639367,-2.60787064342739,-0.9468411,-1.3481796,0.063224554,97.43331,105.70467,-11.00471,WAL
1792907347000,5.389959,-2.14510394142456,-8.86318202178922,-2.52986770835504,-0.97433007,-1.3738359,0.111177474,97.13046,105.89791,-11.122035,WAL
1792912240000,5.394852,-1.78363658104588,-8.98523570587057,-2.43598004790623,-0.98868537,-1.4712689,0.13622294,96.833015,106.10315,-11.252369,WAL
1792917358000,5.39997,-1.40300171907492,-9.155008633952,-2.27425194123992,-0.9944886,-1.6212363,0.1328632,96.539154,106.29342,-11.366227,WAL
1792922247000,5.404859,-1.03902538436498,-9.32334824399961,-2.1104625549898,-0.98715824,-1.7837266,0.092240654,96.2182,106.47471,-11.480474,WAL
1792927340000,5.409952,-0.733394673317963,-9.44374377475942,-1.98700016173817,-1.0152581,-1.9294178,0.03940081,95.8733,106.614044,-11.558205,WAL
1792932286000,5.414898,-0.453257705342823,-9.54820125210505,-1.877794256666,-1.047023,-2.0137172,-0.022296581,95.50275,106.73654,-11.626203,WAL
1792937355000,5.419967,-0.303364511691861,-9.50245887419933,-1.93971685562388,-1.0867293,-2.0265455,-0.05009095,95.088036,106.8273,-11.660341,WAL
1792942346000,5.424958,-0.184982292587753,-9.42489824827056,-2.03768840814758,-1.1270463,-1.9645426,-0.081855945,94.67355,106.90707,-11.677109,WAL
1792947321000,5.429933,-0.171166178092539,-9.28355931796166,-2.10569309830998,-1.1600331,-1.8680259,-0.10934488,94.22477,106.98178,-11.664584,WAL
1792952379000,5.434991,-0.268504391029472,-9.07141181785861,-2.14313084645507,-1.1838568,-1.7449366,-0.12156218,93.80667,107.05616,-11.643616,WAL
1792957343000,5.439955,-0.364033629665087,-8.8632069561521,-2.17987283573784,-1.1908818,-1.6062702,-0.12339478,93.42167,107.15088,-11.603514,WAL
1792962330000,5.444942,-0.4600054896723,-8.65403740632729,-2.21678506389118,-1.2064588,-1.4859297,-0.116675265,93.072044,107.24921,-11.558367,WAL
1792967431000,5.450043,-0.665930430677949,-8.46628145493691,-2.12343681036451,-1.205848,-1.4156802,-0.12217305,92.7378,107.35033,-11.50829,WAL
1792972348000,5.45496,-0.929999402693771,-8.30123796274785,-1.953678148568,-1.1945469,-1.3961325,-0.1001819,92.43064,107.45677,-11.466067,WAL
1792977339000,5.459951,-1.17726588896889,-8.16316612224462,-1.76048019351959,-1.2046263,-1.3836098,-0.07269296,92.17243,107.59071,-11.45082,WAL
1792982343000,5.464955,-1.41190866627304,-8.04354462788979,-1.55344243188364,-1.196685,-1.3793337,-0.038789943,91.924324,107.720406,-11.444454,WAL
1792987349000,5.469961,-1.65379329865963,-7.89709923745938,-1.48394699751219,-1.1826351,-1.3655893,-0.008246681,91.691,107.83913,-11.483678,WAL
1792992326000,5.474938,-1.900630464013,-7.72770147315191,-1.53718639305443,-1.1609493,-1.3130548,0.036651913,91.477234,107.95878,-11.532616,WAL
1792997322000,5.479934,-2.05107457536259,-7.68432430834432,-1.57849549141081,-1.1249083,-1.2641857,0.102319926,91.244484,108.071465,-11.629597,WAL
1793002372000,5.484984,-2.12395143070258,-7.74353648577886,-1.6103790740064,-1.0693196,-1.1972959,0.17592919,91.03841,108.179634,-11.733313,WAL
1793007345000,5.489957,-2.13868500929372,-7.8769210279634,-1.61735987248895,-1.0158689,-1.1178834,0.26297748,90.771286,108.37917,-11.898948,WAL
1793012332000,5.494944,-2.07976499113807,-8.10769090253932,-1.59280990764881,-0.9779953,-1.0384709,0.3304781,90.532585,108.57149,-12.0691185,WAL
1793017356000,5.499968,-1.99020832918848,-8.37099396989529,-1.53279047840314,-0.93951076,-0.9660834,0.40622538,90.32634,108.76744,-12.260989,WAL
1793022347000,5.504959,-1.86989563093033,-8.66455693153443,-1.43654030974627,-0.9056077,-0.8912524,0.47311515,90.15184,108.95946,-12.4564705,WAL
1793027328000,5.50994,-1.74776032618841,-8.92825695217433,-1.31946347889307,-0.86834496,-0.84116143,0.52564955,89.99198,109.13109,-12.648222,WAL
1793032339000,5.514951,-1.62282412796259,-9.16424746292547,-1.18064549160158,-0.8200866,-0.81581056,0.5705481,89.85351,109.29784,-12.845722,WAL
1793037344000,5.519956,-1.49131614948454,-9.33225250515464,-1.07437951649485,-0.79534656,-0.84604836,0.59040123,89.701385,109.43017,-13.027365,WAL
1793042337000,5.524949,-1.35116121637356,-9.40957991469578,-1.01155143781079,-0.7635816,-0.895223,0.59406644,89.554726,109.55137,-13.209688,WAL
1793047313000,5.529925,-1.2674107076215,-9.43444583465307,-1.01466188718697,-0.7110472,-0.9407325,0.5879578,89.30517,109.67944,-13.3829775,WAL
1793052399000,5.535011,-1.25294739826784,-9.39346610576066,-1.10144181882114,-0.66675943,-0.98471475,0.569021,89.04492,109.79425,-13.55047,WAL
1793057270000,5.539882,-1.23909549503118,-9.35421870909631,-1.18455331056122,-0.63041294,-1.0195341,0.54275376,88.75477,109.88343,-13.698016,WAL
1793062342000,5.544954,-1.22467199816886,-9.3133517832327,-1.27109436703949,-0.58276546,-1.044885,0.52748215,88.45745,109.95389,-13.839982,WAL
1793067300000,5.549912,-1.2605985626883,-9.31167428215527,-1.36224808876014,-0.5412266,-1.0451905,0.5155703,88.13927,110.02493,-13.979649,WAL
1793072349000,5.554961,-1.3726572075898,-9.36770423841251,-1.46496842387022,-0.50915617,-1.0351112,0.50671273,87.81945,110.0803,-14.111282,WAL
1793077261000,5.559873,-1.47419494716067,-9.478084816482,-1.52469520775623,-0.47128254,-1.022283,0.49205196,87.51527,110.15238,-14.238026,WAL
1793082345000,5.564957,-1.56330623085675,-9.71170085328453,-1.50061109062129,-0.4184427,-1.0091494,0.4841107,87.21737,110.20923,-14.358382,WAL
1793087242000,5.569854,-1.64913981784725,-9.93672401068461,-1.47741283696082,-0.40622538,-0.9972375,0.4550946,86.91931,110.28382,-14.478904,WAL
1793092319000,5.574931,-1.73812840701425,-10.1700183888999,-1.4533618804907,-0.37904188,-0.9816604,0.41722095,86.62842,110.33624,-14.588505,WAL
1793097302000,5.579914,-1.79914502326044,-10.4317704592445,-1.41192212842942,-0.3662137,-0.95111716,0.3707952,86.32828,110.39047,-14.686336,WAL
1793102336000,5.584948,-1.79458101576257,-10.7786351243965,-1.32520593831298,-0.3472769,-0.9221011,0.31764993,86.03248,110.42404,-14.766595,WAL
1793107282000,5.589894,-1.77299349510188,-11.1140079188999,-1.26674537359229,-0.36193767,-0.9095783,0.25167647,85.70088,110.44179,-14.841032,WAL
1793112341000,5.594953,-1.66600968518519,-11.4300961481481,-1.33968881111111,-0.3659083,-0.8924741,0.18570304,85.37877,110.43892,-14.894692,WAL
1793117372000,5.599984,-1.55385020574041,-11.6872137913093,-1.41839459689886,-0.35185838,-0.86070913,0.13041973,85.02243,110.408585,-14.931728,WAL
1793122350000,5.604962,-1.41904015674427,-11.7051888336318,-1.52174902566689,-0.31703907,-0.81092364,0.070554934,84.67514,110.35764,-14.94432,WAL
1793127387000,5.609999,-1.28821508059731,-11.7023223194225,-1.61239440654668,-0.2666427,-0.74372846,0.0067195175,84.32976,110.28424,-14.923069,WAL
1793132316000,5.614928,-1.22752944902097,-11.4455751353837,-1.53303628794502,-0.22388211,-0.6969972,-0.048563786,83.99268,110.19374,-14.885222,WAL
1793137483000,5.620095,-1.17271953750896,-11.1757163425627,-1.43672522344086,-0.22540927,-0.6817256,-0.121256754,83.68078,110.08635,-14.80856,WAL
1793142337000,5.624949,-1.2310350846595,-10.9132965326165,-1.18263606924731,-0.24923302,-0.6881397,-0.19486602,83.3745,109.9638,-14.716046,WAL
1793147346000,5.629958,-1.29121278875448,-10.6424970212814,-0.92043323172043,-0.29840767,-0.7367035,-0.25900686,83.036026,109.85131,-14.627213,WAL
1793152326000,5.634938,-1.36520506447955,-10.4507398682159,-0.549847948369785,-0.35643986,-0.8014552,-0.3115413,82.68915,109.73241,-14.52447,WAL
1793157244000,5.639856,-1.44150915909275,-10.2790553067537,-0.158789194570676,-0.38881573,-0.86834496,-0.34574974,82.32721,109.60891,-14.414639,WAL
1793162343000,5.644955,-1.49723668778511,-10.3227507551367,0.178294699377945,-0.38545597,-0.9456194,-0.3707952,81.89662,109.478645,-14.324409,WAL
1793167304000,5.649916,-1.54649361982092,-10.4123091959472,0.491747839481621,-0.35521814,-1.0122037,-0.38973203,81.45232,109.343025,-14.23139,WAL
1793172307000,5.654919,-1.60690817465919,-10.651774402011,0.646462701123465,-0.28619036,-1.0809261,-0.4111123,80.92687,109.172165,-14.159984,WAL
1793177328000,5.65994,-1.67199490784105,-10.9539625806826,0.734794659400561,-0.19547687,-1.1163563,-0.419359,80.3973,108.989555,-14.08819,WAL
1793182286000,5.664898,-1.73738157068047,-11.4042047909168,0.500677528105353,-0.08155051,-1.1594223,-0.42424592,79.80129,108.74769,-14.0187,WAL
1793188218000,5.67083,-1.81636303279524,-12.0448323840272,0.00484941813084119,-0.01282817,-1.1511755,-0.46181414,79.214195,108.48985,-13.934182,WAL
1793192338000,5.67495,-1.86037253177944,-12.4738385211586,-0.334507015253828,0.1704314,-1.1169671,-0.47616947,78.60897,108.17774,-13.851796,WAL
1793197450000,5.680062,-1.73112137468507,-12.7360335680018,-0.670559985138417,0.23090707,-1.0002918,-0.5186246,78.03379,107.86559,-13.742993,WAL
1793202343000,5.684955,-1.60740738570567,-12.9869960805612,-0.992216319576073,0.37934732,-0.8371908,-0.56596667,77.512955,107.563995,-13.632797,WAL
1793207312000,5.689924,-1.45766891073413,-13.2643676621819,-1.29199222886809,0.5174029,-0.63591075,-0.6084218,77.041985,107.25041,-13.502512,WAL
1793212323000,5.694935,-1.27052112929707,-13.5778402278444,-1.55399913265087,0.64904433,-0.4196644,-0.6603453,76.62594,106.90575,-13.346689,WAL
1793217317000,5.699929,-1.10027168399393,-13.8716642439289,-1.767331984085,0.77091193,-0.21960606,-0.7128797,76.301384,106.55891,-13.146388,WAL
1793222378000,5.70499,-0.958398126086297,-14.1343934612966,-1.89344185479185,0.9034697,-0.048258353,-0.75686204,76.03189,106.18617,-12.928484,WAL
1793227337000,5.709949,-0.857897137140661,-14.3160017519216,-1.95600759169869,1.0311406,0.07086037,-0.79473567,75.82957,105.79064,-12.670226,WAL
1793232376000,5.714988,-0.792984979277479,-14.427279507206,-1.9606441688701,1.1731668,0.14019357,-0.8371908,75.660515,105.36978,-12.399365,WAL
1793237324000,5.719936,-0.728144546809595,-14.447074250075,-1.86579455514243,1.3228287,0.17867808,-0.8784242,75.527565,104.91683,-12.100218,WAL
1793242314000,5.724926,-0.661274422141929,-14.3467690156922,-1.63652547648176,1.4990633,0.17073683,-0.9239337,75.39871,104.4379,-11.794994,WAL
1793247322000,5.729934,-0.600478615877129,-14.1473407267126,-1.29993084474447,1.6765196,0.07666359,-0.9816604,75.233444,103.93327,-11.47791,WAL
1793252356000,5.734968,-0.548057830496557,-13.810974101486,-0.815038640413193,1.8451185,-0.09040806,-1.0564915,75.0415,103.40212,-11.154321,WAL
1793257514000,5.740126,-0.525088803806584,-13.4122886851852,-0.234070153806584,1.9553796,-0.30726522,-1.1511755,74.77622,102.829124,-10.816315,WAL
1793262317000,5.744929,-0.591340189997942,-12.8870094796296,0.546749949002058,2.0503693,-0.58276546,-1.273654,74.44318,102.22713,-10.463595,WAL
1793267270000,5.749882,-0.738909083621352,-12.4365224825269,1.30774900710445,2.1526892,-0.91354895,-1.41904,73.95491,101.572136,-10.094542,WAL
1793272266000,5.754878,-1.11098133918971,-12.2390025336022,1.95083675556836,2.2837198,-1.2342533,-1.5790867,73.390724,100.89167,-9.697687,WAL
1793277220000,5.759832,-1.51616121694563,-12.1026449084877,2.50907504417154,2.4904976,-1.3744467,-1.6594155,72.71371,100.15944,-9.287501,WAL
1793282237000,5.764849,-2.10621845256017,-12.2596764619194,2.6803819675151,2.6337454,-1.5803084,-1.808772,71.9308,99.40445,-8.821289,WAL
1793287503000,5.770115,-2.77493491893805,-12.4310342017699,2.68023464247788,2.9651399,-1.5378532,-1.9168952,71.14194,98.66374,-8.3703785,WAL
1793292237000,5.774849,-3.55952122035398,-12.6093491327434,2.01155318584071,3.2302554,-1.2541064,-1.9984456,70.37918,97.977425,-7.884298,WAL
1793297207000,5.779819,-4.38612936041142,-12.8079074175658,1.27074483664415,3.3945782,-0.7996226,-2.0164661,69.74701,97.42601,-7.4247046,WAL
1793302208000,5.78482,-5.24094100651407,-13.0976744447918,0.217925713532318,3.418402,-0.28863382,-1.9798143,69.23167,82.97722,-6.9609876,WAL
1793307232000,5.789844,-6.07902305498444,-13.3959234860888,-0.78598911699519,3.3869424,0.1731803,-1.9193386,68.97001,83.13486,-6.6027293,WAL
1793312201000,5.794813,-6.77467602537018,-13.7370177097048,-1.43227315329624,3.3008103,0.5021312,-1.8237382,68.82663,83.134766,-6.2761602,WAL
1793317529000,5.800141,-7.51745335883687,-14.1022143858528,-2.06923009793772,3.2265902,0.5128214,-1.6930131,68.87854,82.97222,-6.087999,WAL
1793322199000,5.804811,-8.13080185543411,-14.4158059934007,-1.95393912381934,3.1053336,0.21288654,-1.5534303,68.932976,82.73992,-5.9350343,WAL
1793327230000,5.809842,-8.76480794506259,-14.7107241668985,-1.82971809958275,2.8591547,-0.4025602,-1.3817772,69.00836,82.44772,-5.908991,WAL
1793332216000,5.814828,-9.05417277816412,-14.4593091043115,-1.70638221223922,2.4996605,-1.1716396,-1.2186762,68.94448,82.15566,-5.908206,WAL
1793337301000,5.819913,-9.33619241862226,-14.1920528304315,-1.61858544456851,2.112983,-1.9205604,-1.2006557,68.77598,81.85247,-5.9437375,WAL
1793342212000,5.824824,-9.4474520344436,-13.8004182392127,-2.00131884828728,1.7095064,-2.5836546,-1.3344351,68.405304,81.61987,-5.9567695,WAL
1793347202000,5.829814,-9.56050140991673,-13.402483682059,-2.39020903044095,1.3234396,-2.9773571,-1.6551393,67.93479,81.459145,-5.926505,WAL
1793352210000,5.834822,-8.69960817557283,-12.755772623261,-2.76871115134002,0.90010995,-3.2143729,-1.9205604,67.31648,81.40347,-5.8530626,WAL
1793357498000,5.84011,-7.69867508889664,-12.0595353172531,-3.14459654749327,0.5458081,-3.170696,-1.9407189,66.66295,81.42679,-5.7516036,WAL
1793362228000,5.84484,-6.25389741392405,-11.4996839746835,-3.01366351898734,0.3943135,-2.9394836,-1.8484782,66.03634,81.52985,-5.6270757,WAL
1793367536000,5.850148,-4.65590825019455,-10.8879982214008,-2.88451181058366,0.4016439,-2.6083946,-1.8008307,65.41571,81.762634,-5.401336,WAL
1793372233000,5.854845,-3.70200420661479,-10.6735888526265,-3.12079996984436,0.6133087,-2.3527474,-1.7482964,64.83433,81.957275,-5.2131596,WAL
1793377206000,5.859818,-2.6920478922179,-10.4465805939689,-3.3709726366537,1.0555751,-1.6209309,-1.7104226,64.37436,82.1811,-4.8993154,WAL
1793382221000,5.864833,-1.88879096238264,-10.3529910735992,-2.99599445509339,1.3084733,-0.7788532,-1.6245961,64.025375,82.36562,-4.6344676,WAL
1793387167000,5.869779,-1.11408772218072,-10.2716944131247,-2.57516795245835,1.7095064,-0.21594086,-1.525636,63.81066,82.394516,-4.405132,WAL
1793392212000,5.874824,-0.657667234189755,-10.1852645770381,-1.26829978030895,1.8558086,-0.12797627,-1.4688255,63.656635,82.49082,-4.085281,WAL
1793397224000,5.879836,-0.227140400233207,-10.0991594759817,0.0902514311959339,1.720502,-0.160963,-1.4263704,63.627697,82.5315,-3.8124065,WAL
1793402250000,5.884862,0.102878859269736,-9.75366490580801,0.0226552143264119,1.5800029,0.030848695,-1.3603969,63.63622,82.50664,-3.4868183,WAL
1793407164000,5.889776,0.41916420790651,-9.3996143851941,-0.133127123187882,1.5741998,0.18234327,-1.2492194,63.621426,82.449745,-3.1950066,WAL
1793412229000,5.894841,0.241127866373155,-8.71544096270408,-0.148083329028253,1.6065756,0.17287487,-1.1239921,63.590416,82.25639,-2.8432186,WAL
1793417199000,5.899811,0.0317376252733405,-8.02212644857757,-0.152736447192296,1.6187929,0.11209377,-1.0296134,63.58135,82.04041,-2.5276723,WAL
1793422231000,5.904843,-0.303347219804512,-7.76186440935643,-0.535691595964347,1.6111571,0.083383106,-0.93737274,63.58466,81.80822,-2.201948,WAL
1793427161000,5.909773,-0.645716383618592,-7.55739403721422,-0.954142781451304,1.5723672,0.1142318,-0.84635377,63.580456,81.560394,-1.9117985,WAL
1793432243000,5.914855,-0.881411832244221,-7.42121549037355,-1.31317794187067,1.5451837,0.19700404,-0.7452556,63.605938,81.277916,-1.6686546,WAL
1793437195000,5.919807,-1.09880617778211,-7.2963293636204,-1.65545841416171,1.5399913,0.33108896,-0.65118235,63.647255,80.99224,-1.4594703,WAL
1793442229000,5.924841,-1.28799634481374,-7.07472254762526,-1.887541630244,1.5650368,0.46761733,-0.54641896,63.756954,80.73997,-1.3242115,WAL
1793447202000,5.929814,-1.46971812388794,-6.84039707463601,-2.09795640590421,1.566564,0.57635134,-0.47250426,63.88987,80.49788,-1.2161877,WAL
1793452251000,5.934863,-1.65221516633614,-6.55926761814576,-2.24680823014378,1.5384641,0.6930266,-0.40103304,64.10225,80.29248,-1.1639783,WAL
1793457199000,5.939811,-1.83076447001487,-6.27734775018344,-2.38306952664353,1.5216653,0.8188649,-0.33475417,64.34023,80.08939,-1.139757,WAL
1793462228000,5.94484,-1.97555506789818,-5.9829641501981,-2.44840610415016,1.4902058,0.97097033,-0.27855456,64.64943,79.9198,-1.147914,WAL
1793467245000,5.949857,-2.11356604922742,-5.68790631006339,-2.50075499082805,1.4514158,1.1270463,-0.22540927,64.98718,79.76471,-1.1820958,WAL
1793472310000,5.954922,-2.19940596798477,-5.44541916233158,-2.40548399276509,1.4361442,1.2003502,-0.18020524,65.37934,79.61328,-1.2611579,WAL
1793477278000,5.95989,-2.27373131280023,-5.21779754827182,-2.28470518011131,1.3933836,1.3246613,-0.15454891,65.82335,79.48948,-1.3604608,WAL
1793482310000,5.964922,-2.29643409330972,-4.96688606414797,-2.01764961628296,1.3692545,1.416902,-0.12339478,66.30629,79.35227,-1.5034288,WAL
1793487309000,5.969921,-2.30585448354978,-4.71253513419913,-1.71619688268398,1.3200798,1.4706581,-0.09682214,66.80819,79.24228,-1.6566472,WAL
1793492281000,5.974893,-2.27880500818562,-4.4206852080462,-1.33325319735909,1.2452488,1.4764613,-0.06841691,67.32871,79.11944,-1.8300538,WAL
1793497305000,5.979917,-2.24047497002589,-4.11404430240988,-0.92120447915953,1.1621711,1.4501941,-0.051923547,67.85092,79.019745,-2.0084832,WAL
1793502412000,5.985024,-2.24900742046948,-3.84064205953052,-0.481943567504225,1.0656544,1.4114041,-0.029932396,68.35656,78.894585,-2.1942394,WAL
1793507362000,5.989974,-2.27126336413146,-3.58692411586854,-0.0501779629971831,0.9459248,1.3637567,0.0027488936,68.84773,78.80383,-2.3855145,WAL
1793512343000,5.994955,-2.28552519708401,-3.3300357153956,0.395748262744698,0.79137594,1.2944235,0.03268129,69.30241,78.67762,-2.5697126,WAL
1793517371000,5.999983,-2.29534409981648,-3.06983328068923,0.852329941431485,0.63041294,1.2244794,0.052839845,69.739685,78.58937,-2.7576637,WAL
1793522348000,6.00496,-2.28864133977512,-2.83455305347857,1.22120775558679,0.45875978,1.1484267,0.09468412,70.13057,78.46247,-2.9589539,WAL
1793527343000,6.009955,-2.2742343175886,-2.6088428386407,1.55256951660476,0.28252518,1.0671816,0.15149458,70.49625,78.38009,-3.1661932,WAL
1793532319000,6.014931,-2.22777681066166,-2.47012659649886,1.82126792499258,0.09010262,0.97005403,0.20219639,70.81139,78.26408,-3.3785198,WAL
1793537353000,6.019965,-2.16579239347246,-2.36999789193947,2.06443795612699,-0.09773844,0.8518516,0.25167647,71.09274,78.18893,-3.6011002,WAL
1793542339000,6.024951,-2.03313500682688,-2.39277581532124,2.22303104255027,-0.2724459,0.72356987,0.321926,71.32011,78.09019,-3.833838,WAL
1793547337000,6.029949,-1.86411725598823,-2.47728456818048,2.34040447654733,-0.44226643,0.5723807,0.37659842,71.504036,78.03343,-4.0684576,WAL
1793552455000,6.035067,-1.71089036655038,-2.63881542698096,2.35374585612479,-0.6032294,0.40591997,0.43157628,71.62455,77.967384,-4.299091,WAL
1793557387000,6.039999,-1.57436569496661,-2.83654079646168,2.3066682865444,-0.752586,0.24251351,0.47250426,71.699326,77.93322,-4.532668,WAL
1793562338000,6.04495,-1.41581369183454,-3.03847193504792,2.17906904378056,-0.8863655,0.094989546,0.50946164,71.713264,77.91777,-4.730548,WAL
1793567387000,6.049999,-1.24086050942695,-3.24652450696264,1.99938739831801,-1.0042624,-0.03756821,0.550695,71.68156,77.92591,-4.931946,WAL
1793572347000,6.054959,-1.0977979592944,-3.47930257625259,1.83807969054254,-1.1114693,-0.09590584,0.58246,71.62694,77.983696,-5.094059,WAL
1793577341000,6.059953,-0.974911185136871,-3.73452884515268,1.68683443383734,-1.2119566,-0.20250183,0.59620446,71.51975,78.06102,-5.2512364,WAL
1793582341000,6.064953,-0.843040143852705,-3.99727859612224,1.57899756349699,-1.2565498,-0.30879238,0.63499445,71.40437,78.19901,-5.3550096,WAL
1793587352000,6.069964,-0.70359202241483,-4.26655763541082,1.50686923953908,-1.3423764,-0.4007276,0.66981375,71.26414,78.36517,-5.455352,WAL
1793592310000,6.074922,-0.582000041233026,-4.52880921117058,1.46445499448905,-1.4153748,-0.49877146,0.7113526,71.11292,78.585396,-5.490586,WAL
1793597342000,6.079954,-0.472139695509961,-4.7915188636634,1.44534885608088,-1.4920384,-0.57971114,0.74281216,70.943405,78.817055,-5.5293765,WAL
1793602367000,6.084979,-0.413728633642371,-5.08632156997732,1.44417186103166,-1.565953,-0.6762278,0.7699956,70.76934,79.110115,-5.472657,WAL
1793607348000,6.08996,-0.399614202039649,-5.40624856185028,1.45828628280896,-1.6276505,-0.7687739,0.8042041,70.57853,79.40353,-5.428622,WAL
1793612342000,6.094954,-0.443970685163769,-5.70175975804438,1.52590420875997,-1.6890424,-0.8573494,0.8170323,70.39515,79.738815,-5.306375,WAL
1793617392000,6.100004,-0.546168676519066,-5.97583607828259,1.64668365838056,-1.7256943,-0.9492846,0.8268061,70.19147,80.0657,-5.1996984,WAL
1793622345000,6.104957,-0.676851860168337,-6.31293865170341,1.75304693611222,-1.7489072,-0.9947941,0.8051204,69.99749,80.4115,-5.0642195,WAL
1793627344000,6.109956,-0.849545275497996,-6.74467242795591,1.84419067766533,-1.7712038,-1.0112875,0.766025,69.794556,80.752975,-4.9365063,WAL
1793632331000,6.114943,-1.03507802542557,-7.23783281433096,1.90632098873713,-1.7876972,-0.9663888,0.72356987,69.59277,81.05094,-4.855637,WAL
1793637351000,6.119963,-1.23967519535827,-7.81831751346002,1.93011138679731,-1.7889189,-0.8750645,0.65240407,69.40927,81.34942,-4.7642636,WAL
1793642278000,6.12489,-1.42871342465173,-8.43466649818292,2.05494723528165,-1.7898352,-0.71959925,0.6010914,69.24653,81.62225,-4.725612,WAL
1793647332000,6.129944,-1.60461109374117,-9.13825768473652,2.33833791303251,-1.7592919,-0.54061574,0.59864795,69.123,81.88042,-4.688971,WAL
1793652281000,6.134893,-1.7104033092728,-9.87858153655252,2.59125392816468,-1.6804903,-0.34880406,0.6169739,69.04812,82.11297,-4.6976733,WAL
1793657348000,6.13996,-1.72440647749134,-10.7094364766256,2.81530481462101,-1.5781704,-0.17012598,0.6450737,69.0241,82.32056,-4.7157087,WAL
1793662242000,6.144854,-1.59715403169659,-11.5729530615506,3.18528106625567,-1.4639386,-0.0061086523,0.6924158,69.02968,82.44751,-4.773963,WAL
1793667384000,6.149996,-1.16970616530479,-12.6075713412902,3.89445593757151,-1.2528846,0.0729984,0.7510588,69.06281,82.51672,-4.8461223,WAL
1793672246000,6.154858,-0.696796062501978,-13.7476936478441,4.55842075890032,-0.9816604,0.042760566,0.75136423,69.111465,82.536354,-4.8900228,WAL
1793677344000,6.159956,-0.0401635088508702,-15.3216804775514,5.23919432891614,-0.86009824,-0.20311269,0.68019843,69.12228,82.54621,-4.926777,WAL
1793682290000,6.164902,0.607972699415957,-16.6271236270046,5.74592114222926,-0.71593404,-0.47311515,0.46486846,69.084816,82.50643,-4.7978725,WAL
1793687350000,6.169962,1.298731431667,-17.4090243595328,5.8802352408236,-0.63255095,-0.61758476,0.2706133,69.01724,82.463264,-4.6611276,WAL
1793692268000,6.17488,1.9962741540343,-18.0591493490072,6.03948004840253,-0.4260785,-0.61269784,0.036957346,68.88806,82.395706,-4.336115,WAL
1793697352000,6.179964,2.79163654208484,-18.4194796843863,6.2855590007852,-0.03940081,-0.5537493,-0.32986724,68.75237,82.297165,-3.9417217,WAL
1793702322000,6.184934,3.57289930055612,-18.7572251116279,6.54224292807887,0.43554693,-0.48716503,-0.7699956,68.60521,82.17327,-3.417224,WAL
1793707346000,6.189958,4.42425724757331,-18.8593875674419,7.06765228929221,0.92179567,-0.41691554,-0.9416488,68.48736,81.91607,-2.901242,WAL
1793712305000,6.194917,5.17428410827068,-18.7836467706767,7.55804457744361,1.3396275,-0.29840767,-0.8546005,68.37426,81.518524,-2.290041,WAL
1793717395000,6.200007,4.82706317168579,-16.5218888042145,7.71236503846458,1.4837917,-0.17195857,-0.7351763,68.29257,81.0308,-1.6823142,WAL
1793722407000,6.205019,4.45465135209698,-14.2655925307948,7.83372311917098,1.4205672,-0.13408493,-0.6065892,68.158615,80.39486,-1.0544392,WAL
1793727343000,6.209955,3.71524583859615,-11.6869156751882,7.57955236683938,1.2147056,-0.14813483,-0.4447099,68.03929,79.74225,-0.5069022,WAL
1793732626000,6.215238,2.83384800374413,-8.91950562344154,7.18972950567844,0.9645562,-0.16890424,-0.29138273,67.86621,79.03933,-0.04631893,WAL
1793737360000,6.219972,0.95404818265824,-6.34943293490376,5.41412192843053,0.6899723,-0.1337795,-0.110872045,67.692505,78.40925,0.34258553,WAL
1793742308000,6.22492,-1.01072780270995,-3.66318036564206,3.55824818693862,0.42760566,-0.071776666,0.07147124,67.48617,77.82887,0.6132722,WAL
1793747351000,6.229963,-2.19719568489761,-3.40968643554608,2.76015825426621,0.20677789,-0.028099801,0.24098633,67.27097,77.323975,0.83242446,WAL
1793752317000,6.234929,-3.29688269914676,-3.36910764788396,2.06625975221843,0.017715093,-0.04886922,0.4266894,67.04008,76.89523,0.9941069,WAL
1793757346000,6.239958,-4.44781992981279,-3.91795861324532,1.36909884990261,-0.160963,-0.13744467,0.6389651,66.90358,76.728065,0.8471262,WAL
1793762329000,6.244941,-5.6149011880316,-4.88364066470079,0.682276742906612,-0.3659083,-0.1966986,0.8503244,66.75726,76.62068,0.6487435,WAL
1793767345000,6.249957,-6.51253597869063,-6.2491058902439,0.23705977605905,-0.63346726,-0.2275473,1.0577132,66.653046,76.710434,0.2397318,WAL
1793772349000,6.254961,-7.30753485440901,-7.75392510600375,-0.117850418667917,-0.9074403,-0.24220806,1.2070698,66.52674,76.845184,-0.21237326,WAL
1793777337000,6.259949,-7.93414458722602,-9.38649473693345,-0.317882924650402,-1.0494665,-0.30298916,1.2476922,66.446526,77.13151,-0.8211962,WAL
1793782334000,6.264946,-8.49418870217197,-11.0761197958941,-0.455520911142517,-1.3054191,-0.45265114,1.2712106,66.328995,77.48911,-1.463119,WAL
1793787355000,6.269967,-8.59554787354977,-12.5265240356829,-0.770850339407234,-1.5106697,-0.745561,1.2302825,66.21128,77.93225,-2.1793628,WAL
1793792312000,6.274924,-8.49372615443112,-13.8502112170225,-1.15962559732378,-1.6249015,-1.0372492,1.1325442,66.051704,78.35969,-2.875172,WAL
1793797341000,6.279953,-7.9389105544171,-14.8631850076644,-1.24667700403388,-1.6475036,-1.2403619,1.0173961,65.87337,78.814,-3.589087,WAL
1793802365000,6.284977,-7.12860192642195,-15.6880497079468,-1.15933834102461,-1.5613716,-1.3631458,0.9147707,65.6346,79.192184,-4.25803,WAL
1793807345000,6.289957,-6.10171140579825,-16.0491534225576,-0.663104487815727,-1.4165965,-1.4217888,0.79626286,65.39754,79.59748,-4.835963,WAL
1793812332000,6.294944,-4.95893446369142,-16.1771819721009,0.0434255782227958,-1.2507466,-1.4498887,0.64721173,65.13491,79.9106,-5.3593245,WAL
1793817359000,6.299971,-3.81201765503929,-15.735810630905,0.718004099390824,-1.0852021,-1.527774,0.46395215,64.85216,80.22068,-5.6945257,WAL
1793822354000,6.304966,-2.67516098484819,-14.9840934139102,1.36763652111941,-0.9822713,-1.6362026,0.29901853,64.556206,80.47675,-5.982188,WAL
1793827340000,6.309952,-1.76101377173328,-13.9411367620851,1.66263307103558,-0.95386606,-1.7296649,0.16371189,64.22678,80.74435,-6.0397205,WAL
1793832331000,6.314943,-1.00352776662015,-12.6881878244792,1.70550965613476,-1.0125091,-1.7959439,0.04734206,63.883144,81.013855,-6.0538816,WAL
1793837351000,6.319963,-0.525085000269973,-11.3952188676132,1.44727466889311,-1.1389582,-1.8261817,-0.03756821,63.519775,81.33733,-5.8613544,WAL
1793842345000,6.324957,-0.257282961193881,-10.0849023256674,0.969056749105089,-1.29198,-1.8377881,-0.10842858,63.15243,81.68276,-5.6493797,WAL
1793847334000,6.329946,-0.138213748130194,-8.88991647783934,0.309322869113573,-1.4477507,-1.8216002,-0.13927728,62.785126,82.08923,-5.349566,WAL
1793852380000,6.334992,-0.128652102299169,-7.76642278068856,-0.493855510486743,-1.6194037,-1.7821994,-0.1432479,62.428513,82.52109,-5.0526843,WAL
1793857341000,6.339953,-0.248144753967262,-6.79957266380952,-1.21632858089286,-1.7562376,-1.7821994,-0.13713925,62.088715,83.00616,-4.7514296,WAL
1793862346000,6.344958,-0.471636827335317,-5.93413507492063,-1.89155998297619,-1.8826867,-1.8435913,-0.100792766,61.748386,83.50003,-4.471301,WAL
1793867350000,6.349962,-0.803657567286245,-5.24230965050043,-2.49328715975598,-1.9587394,-1.9446895,-0.031154128,61.428867,84.05337,-4.2291055,WAL
1793872359000,6.354971,-1.22890118438662,-4.69818084892765,-3.03284364338004,-1.9807305,-2.0011945,0.03634648,61.11308,84.5854,-4.0096984,WAL
1793877336000,6.359948,-1.64028489321361,-4.26031169135827,-3.56402314567914,-1.9724839,-2.1190915,0.08124508,60.788895,85.119225,-3.848243,WAL
1793882367000,6.364979,-2.04183231882131,-3.94959041270959,-4.0946393563548,-1.9410243,-2.2033908,0.15821409,60.46893,85.57706,-3.7264152,WAL
1793887299000,6.369911,-2.40812363864201,-3.75151002053882,-4.53615221119396,-1.8680259,-2.2452352,0.23609942,60.066708,85.89566,-3.7503734,WAL
1793892289000,6.374901,-2.74067948256288,-3.69925129183815,-4.87345869981111,-1.7675385,-2.2589796,0.30665436,59.659046,86.07583,-3.799714,WAL
1793897304000,6.379916,-3.04766888203756,-3.74811983996365,-5.10896232127423,-1.6239853,-2.2449298,0.37232238,59.231483,86.032455,-3.961078,WAL
1793902351000,6.384963,-3.31608341577141,-3.9482106621567,-5.1919270210622,-1.4795157,-2.228742,0.44348818,58.808575,94.17907,-4.1499867,WAL
1793907363000,6.389975,-3.54563980131291,-4.21408835448578,-5.2219164857768,-1.325883,-2.186592,0.5271767,58.40982,94.58552,-4.418971,WAL
1793912351000,6.394963,-3.72618754095882,-4.56568133160931,-5.18390642749155,-1.1368202,-2.1056526,0.6392705,58.034706,95.08948,-4.7209034,WAL
1793917348000,6.39996,-3.92459962078718,-5.05886980152294,-5.11995405172073,-0.98471475,-1.9828686,0.75533485,57.68807,95.69366,-5.0846825,WAL
1793922344000,6.404956,-4.14698397197389,-5.74494876236155,-5.0205908646163,-0.8194757,-1.8038851,0.86162543,57.39012,96.325554,-5.4783015,WAL
1793927267000,6.409879,-4.33462305009161,-6.44196612055698,-4.92212434609747,-0.6637051,-1.5467108,0.9465357,57.15573,96.98371,-5.9139514,WAL
1793932331000,6.414943,-4.4767904893734,-7.19278901539025,-4.81994135269329,-0.5488624,-1.2253957,1.0348058,57.001774,97.652466,-6.375194,WAL
1793937344000,6.419956,-4.60791010186237,-7.99341717613636,-4.68300125205177,-0.44440445,-0.82711154,1.1154399,56.950775,98.30914,-6.859362,WAL
1793942351000,6.424963,-4.70377207765152,-9.00248888636364,-4.41559747537879,-0.40653083,-0.36193767,1.1780536,57.021,98.96857,-7.3490143,WAL
1793947301000,6.429913,-4.68275176827211,-9.91415275,-4.09839622376312,-0.45478916,0.12003502,1.2076806,57.22328,99.59992,-7.8275967,WAL
1793952372000,6.434984,-4.39606383814655,-10.651349375,-3.65243731637931,-0.5357288,0.5204572,1.1902709,57.541866,100.22512,-8.291215,WAL
1793957371000,6.439983,-4.01576715449366,-11.2763422829781,-3.23244355138002,-0.65240407,0.7635816,1.1768318,57.9436,100.80978,-8.723633,WAL
1793962346000,6.444958,-3.21084890137511,-11.4541732450643,-2.90018083922012,-0.7440339,0.8881981,1.196685,58.429268,101.39719,-9.141692,WAL
1793967393000,6.450005,-2.41414103056888,-11.6236751908352,-2.51279360929208,-0.788627,0.86834496,1.183246,58.927227,101.84649,-9.447682,WAL
1793972355000,6.454967,-1.73946989595613,-11.7306917277979,-1.85673403153824,-0.8561276,0.8011498,1.1459832,59.445942,102.30683,-9.74226,WAL
1793977291000,6.459903,-1.08789590015323,-11.8294643634953,-1.22197120015323,-0.90285885,0.5739079,1.033584,59.950436,102.55311,-9.830829,WAL
1793982353000,6.464965,-0.617739794813306,-11.8529721520706,-0.751815094813306,-1.0332786,0.2724459,0.8561276,60.400948,102.80801,-9.900577,WAL
1793987528000,6.47014,-0.14790287902661,-11.8640802018004,-0.305377835867049,-1.1829406,-0.07941248,0.64751714,60.695786,102.90876,-9.860645,WAL
1793992325000,6.474937,0.161120378208527,-11.7232024334751,-0.291744457220299,-1.3112222,-0.45753807,0.44929138,60.882107,103.00091,-9.795416,WAL
1793997633000,6.480245,0.486629097025858,-11.5652607012093,-0.291534725533379,-1.3738359,-0.8081747,0.26633725,60.87914,103.01237,-9.663716,WAL
1794002389000,6.485001,0.585148461001868,-11.3995685069315,-0.466182704886442,-1.3921618,-1.1578951,0.124311075,60.758858,103.01345,-9.513605,WAL
1794007726000,6.490338,0.676798367439278,-11.2163779840389,-0.663671704500843,-1.3552046,-1.4605788,-0.0018325958,60.520943,102.97948,-9.320914,WAL
1794012343000,6.494955,0.479541960617627,-11.0980245052047,-0.856544625240409,-1.2852604,-1.7275269,-0.13988814,60.187668,102.91721,-9.108582,WAL
1794017698000,6.50031,0.229719278834008,-10.951726277193,-1.0836396362753,-1.2253957,-1.9083431,-0.26633725,59.78554,102.86739,-8.889757,WAL
1794022350000,6.504962,-0.503783961079622,-10.6030112690058,-1.36421462618084,-1.1753048,-2.0015,-0.36987892,59.33079,102.78721,-8.655217,WAL
1794027268000,6.50988,-1.27922870181377,-10.2343568385965,-1.66083281198381,-1.1368202,-2.0210476,-0.45631635,58.848095,102.74138,-8.439879,WAL
1794032346000,6.514958,-1.78023605529295,-9.84954111459782,-1.83839689739821,-1.1472049,-1.996613,-0.5009095,58.353905,102.686775,-8.216543,WAL
1794037280000,6.519892,-2.16031638242304,-9.47415362413108,-1.96509035610725,-1.1725558,-1.928807,-0.50976706,57.869423,102.62135,-7.984868,WAL
1794042343000,6.524955,-2.47721986820411,-9.15495978461859,-1.98334938472295,-1.221425,-1.8044959,-0.47219884,57.442783,102.70027,-7.871756,WAL
1794047394000,6.530006,-2.76494075653762,-8.86219074251278,-1.95811072417823,-1.2287555,-1.6227635,-0.38026363,57.06062,102.78152,-7.7689896,WAL
1794052366000,6.534978,-2.84168152007247,-8.66151706093258,-1.88282467607514,-1.2324207,-1.4187346,-0.27916542,56.753662,102.93489,-7.723644,WAL
1794057326000,6.539938,-2.87338825030991,-8.48033682635644,-1.79676397005817,-1.2382239,-1.2443326,-0.16890424,56.50091,103.103226,-7.7009344,WAL
1794062337000,6.544949,-2.80305017394018,-8.32892471284823,-1.74306445851113,-1.2324207,-1.0980303,-0.049785517,56.261494,103.3479,-7.762755,WAL
1794067390000,6.550002,-2.69033324708842,-8.18915580452809,-1.70248641568993,-1.2266175,-1.0461067,0.052534413,56.055367,103.6022,-7.8458767,WAL
1794072343000,6.554955,-2.47636457455912,-8.19049126856821,-1.69246941644942,-1.1972959,-1.0024298,0.10140363,55.88295,103.859055,-7.948616,WAL
1794077343000,6.559955,-2.18264252272658,-8.29574174139958,-1.70470782569136,-1.1621711,-0.9914343,0.16920967,55.72761,104.125534,-8.082215,WAL
1794082341000,6.564953,-1.88903795971477,-8.40095011404181,-1.7169413395696,-1.0778717,-1.0363328,0.23335053,55.551582,104.37776,-8.231178,WAL
1794087347000,6.569959,-1.59496344142003,-8.50632688744058,-1.72919443490262,-0.9954049,-1.1200215,0.2687807,55.375385,104.6208,-8.389373,WAL
1794092309000,6.574921,-1.28189950030127,-8.68597941504318,-1.80513574008837,-0.9089675,-1.212873,0.30634892,55.175537,104.86009,-8.572919,WAL
1794097344000,6.579956,-0.952625871259289,-8.9087233048805,-1.91650773556939,-0.8417723,-1.287704,0.310625,54.963314,105.07739,-8.755873,WAL
1794102375000,6.584987,-0.700731597529504,-9.0871982193155,-1.97891789724626,-0.77640975,-1.3298537,0.2910773,54.735603,105.21387,-8.871772,WAL
1794107346000,6.589958,-0.490042782942565,-9.2417030397325,-2.01637365869394,-0.74067414,-1.3518448,0.26236662,54.497223,105.334755,-8.984867,WAL
1794112339000,6.594951,-0.356758367778525,-9.32804997404595,-2.06504786634625,-0.73639804,-1.3500122,0.22510384,54.222546,105.44161,-9.06343,WAL
1794117390000,6.600002,-0.268411109745266,-9.37454898577333,-2.12084619488609,-0.7483099,-1.3316863,0.17898351,53.948956,105.53178,-9.127898,WAL
1794122346000,6.604958,-0.245991564192461,-9.35716865828992,-2.17750118590254,-0.788627,-1.3203852,0.12889257,53.653126,105.60975,-9.159751,WAL
1794127346000,6.609958,-0.275341262833793,-9.28868566717744,-2.23620054232302,-0.81397796,-1.2913691,0.10140363,53.370434,105.67781,-9.180305,WAL
1794132325000,6.614937,-0.373684011895528,-9.23569406855956,-2.22390263719826,-0.87109387,-1.2757921,0.08582657,53.077057,105.761734,-9.1824,WAL
1794137354000,6.619966,-0.521390259438069,-9.19281174376731,-2.1619613576573,-0.9053023,-1.2547172,0.070249505,52.795807,105.83657,-9.17345,WAL
1794142343000,6.624955,-0.692275007741489,-9.07459791983373,-2.06536961400435,-0.93370754,-1.2412782,0.054367006,52.51431,105.9403,-9.168309,WAL
1794147347000,6.629959,-0.8819913170289,-8.89911025475059,-1.94205394808987,-0.9789116,-1.2296717,0.05131268,52.242317,106.04995,-9.160463,WAL
1794152364000,6.634976,-1.06542794748075,-8.68848371065198,-1.84787941254264,-1.01312,-1.2299771,0.06078109,51.961514,106.17467,-9.1702795,WAL
1794157345000,6.639957,-1.24208510026313,-8.4513908290615,-1.77814633486015,-1.0726794,-1.2253957,0.07727446,51.690197,106.31051,-9.179185,WAL
1794162337000,6.644949,-1.4030139043614,-8.22522329719973,-1.70590126345985,-1.1139128,-1.1927143,0.10476339,51.41396,106.46956,-9.218392,WAL
1794167377000,6.649989,-1.54900665838618,-8.00858925602498,-1.63055014081374,-1.1478158,-1.1658363,0.14752395,51.144855,106.63873,-9.264606,WAL
1794172324000,6.654936,-1.68089104722913,-7.8574751020197,-1.56438960444732,-1.1603385,-1.1206323,0.16920967,50.885433,106.83643,-9.336935,WAL
1794177343000,6.659955,-1.80044631374988,-7.78095979536365,-1.50700307451995,-1.1597277,-1.0677924,0.21899518,50.64644,107.042046,-9.423719,WAL
1794182327000,6.664939,-1.87789419192982,-7.76514386245614,-1.45607783368421,-1.1478158,-1.0088439,0.28313604,50.416195,107.27446,-9.539168,WAL
1794187347000,6.669959,-1.90199225528822,-7.82779869634085,-1.41270141022556,-1.1078042,-0.9294315,0.3472769,50.216084,107.4993,-9.659623,WAL
1794192307000,6.674919,-1.90910250201322,-7.95226900246394,-1.37403295552885,-1.065349,-0.8717047,0.4120286,50.026386,107.73983,-9.808119,WAL
1794197355000,6.679967,-1.8945761033754,-8.1604800926883,-1.34013814334936,-1.0241156,-0.83077675,0.47250426,49.86425,107.97246,-9.964228,WAL
1794202285000,6.684897,-1.8707273079242,-8.38568618604651,-1.2719006332472,-0.9825767,-0.8029824,0.5329799,49.701324,108.20538,-10.137663,WAL
1794207312000,6.689924,-1.83386822200211,-8.64369988372093,-1.15671589352091,-0.926988,-0.79809546,0.58246,49.55247,108.425575,-10.3181505,WAL
1794212243000,6.694855,-1.79070560348488,-8.87342232545564,-1.06125906350891,-0.88514376,-0.8258898,0.6197228,49.383762,108.63528,-10.506756,WAL
1794217315000,6.699927,-1.73233559923893,-9.06312457260164,-0.998024896475065,-0.84299403,-0.88056225,0.64996064,49.21723,108.83198,-10.702652,WAL
1794222243000,6.704855,-1.69348070042833,-9.20514039555733,-0.962522998715012,-0.81336707,-0.93401295,0.65576386,49.011333,108.99616,-10.888996,WAL
1794227304000,6.709916,-1.68865271110668,-9.26790455921905,-0.977006966679948,-0.782213,-0.9960158,0.64751714,48.794266,109.14689,-11.077613,WAL
1794232255000,6.714867,-1.68394314844444,-9.30393134666667,-0.991135654666667,-0.7504479,-1.042747,0.63713247,48.54084,109.27656,-11.255659,WAL
1794237301000,6.719913,-1.67917035508148,-9.28961266755556,-1.00545403475556,-0.7165449,-1.0729848,0.61483586,48.278786,109.38961,-11.424301,WAL
1794242258000,6.72487,-1.68581321916396,-9.29261778750716,-1.03065468769803,-0.6722572,-1.069625,0.59773165,48.00491,109.49723,-11.58798,WAL
1794247299000,6.729911,-1.71806522733346,-9.3340852805879,-1.08133646293186,-0.6420194,-1.0464121,0.57971114,47.73219,109.59101,-11.738839,WAL
1794252290000,6.734902,-1.75267046216687,-9.39088506360189,-1.12479380041,-0.6105598,-1.0299188,0.5696318,47.452244,109.67802,-11.889976,WAL
1794257272000,6.739884,-1.79668492061296,-9.50336637797253,-1.14435575924559,-0.559858,-0.9966267,0.56321776,47.187943,109.746635,-12.0272255,WAL
1794262283000,6.744895,-1.80753834663347,-9.6131055878486,-1.16261097918327,-0.52595496,-0.981355,0.5580254,46.914925,109.828125,-12.17026,WAL
1794267278000,6.74989,-1.72654088931275,-9.71316130846614,-1.17690468909363,-0.46761733,-0.9502009,0.5531385,46.66057,109.88735,-12.301269,WAL
1794272290000,6.754902,-1.5983409292436,-9.838205263649,-1.17886656101846,-0.43493605,-0.9114109,0.5338962,46.40184,109.95076,-12.427992,WAL
1794277262000,6.759874,-1.33837728850506,-10.0319957992853,-1.14578025524122,-0.36713,-0.88514376,0.4908302,46.15119,109.9845,-12.539105,WAL
1794282286000,6.764898,-1.06996460111045,-10.2718843083482,-1.13790524972239,-0.29260445,-0.8756753,0.46761733,45.890602,110.00405,-12.640706,WAL
1794287288000,6.7699,-0.784996207614515,-10.6470928286734,-1.20914734809637,-0.21777347,-0.8872818,0.4456262,45.632797,109.99849,-12.72496,WAL
1794292278000,6.77489,-0.506145105270802,-10.9634300477055,-1.31920827899647,-0.15057829,-0.8961393,0.39858958,45.339947,109.93726,-12.760931,WAL
1794297288000,6.7799,-0.244833025028744,-11.0819884259203,-1.56358347188603,-0.07269296,-0.89675015,0.35033122,45.04878,109.85222,-12.786099,WAL
1794302429000,6.785041,0.0233117662934947,-11.2036468335855,-1.81434851512859,0.005192355,-0.8756753,0.25717425,44.71657,109.70547,-12.750717,WAL
1794307219000,6.789831,0.273149064568835,-11.3169990554715,-2.0479926616238,0.044593163,-0.8454375,0.1423316,44.38611,109.53816,-12.6920185,WAL
1794312229000,6.794841,0.428869090166733,-11.392908197896,-2.23496021198888,0.040927973,-0.7840455,0.01863139,44.050064,109.34609,-12.569896,WAL
1794317259000,6.799871,0.266321904517666,-11.3403193382295,-2.24930260103216,-0.016187929,-0.7244862,-0.119729586,43.71595,109.13513,-12.409308,WAL
1794322232000,6.804844,0.0171964177413751,-11.2804886192604,-2.21088702420948,-0.14477506,-0.6939429,-0.24648413,43.3813,108.94311,-12.210281,WAL
1794327222000,6.809834,-0.518924104323653,-11.195088899727,-2.00213215148672,-0.3051272,-0.70524395,-0.33658674,43.046047,108.754524,-11.984063,WAL
1794332219000,6.814831,-1.05579669926533,-11.1095693809878,-1.79308443625714,-0.46944994,-0.70921457,-0.35888332,42.719723,108.61673,-11.771274,WAL
1794337281000,6.819893,-1.59965282806155,-11.0229374410524,-1.58131746917846,-0.6020077,-0.65209866,-0.3323107,42.40621,108.50192,-11.547055,WAL
1794342228000,6.82484,-2.05299989027179,-10.9429495585754,-1.36754296636176,-0.6737844,-0.5635232,-0.27855456,42.089146,108.41822,-11.336996,WAL
1794347218000,6.82983,-2.20975622729147,-10.8802471921275,-1.12569041494658,-0.6441574,-0.4596761,-0.2321288,41.795776,108.345436,-11.130631,WAL
1794352319000,6.834931,-2.34974171216271,-10.8494799815004,-0.868136968843009,-0.5546656,-0.40683624,-0.20433442,41.531322,108.35434,-11.069997,WAL
1794357309000,6.839921,-2.28136106559689,-11.1571927380417,-0.511581006986917,-0.4175264,-0.41783184,-0.21013765,41.28265,108.3453,-11.010039,WAL
1794362285000,6.844897,-2.17777347514623,-11.5327983488707,-0.184799707731486,-0.23518312,-0.44165558,-0.23365596,41.041718,108.29096,-10.964837,WAL
1794367298000,6.84991,-1.82785078308288,-12.388165099883,-0.055198703988122,-0.1328632,-0.48472157,-0.25503623,40.795918,108.22279,-10.920489,WAL
1794372248000,6.85486,-1.48232568319986,-13.2327821789796,0.0727735618266895,0.056199603,-0.52534413,-0.2947425,40.48845,108.02935,-10.849412,WAL
1794377303000,6.859915,-1.26236072378914,-13.6731282963326,-0.122193572037964,0.22388211,-0.5699373,-0.35918877,40.170273,107.813194,-10.768802,WAL
1794382419000,6.865031,-1.05512981693403,-14.0698994691804,-0.357223730923815,0.37720928,-0.56505036,-0.42760566,39.857723,107.55464,-10.675087,WAL
1794387320000,6.869932,-0.856607792990148,-14.4499963257337,-0.582376742788467,0.5143485,-0.5119051,-0.5137377,39.48257,107.15662,-10.479232,WAL
1794392540000,6.875152,-0.648940290341574,-14.8472206059634,-0.824333711636158,0.64873886,-0.40408736,-0.59559363,39.114964,106.73337,-10.273212,WAL
1794397298000,6.87991,-0.502756168178902,-15.122390857709,-1.0694070947575,0.79320854,-0.2742785,-0.67073005,38.772835,106.27506,-10.042637,WAL
1794402298000,6.88491,-0.349136872085299,-15.4115567380638,-1.32694532838649,0.93034774,-0.13408493,-0.73364913,38.44686,105.77983,-9.734149,WAL
1794407312000,6.889924,-0.207510354729307,-15.5302694250428,-1.5000210979131,1.0726794,0.02107485,-0.77518797,38.165855,105.25746,-9.408398,WAL
1794412298000,6.89491,-0.0679046670188527,-15.6313632266357,-1.66369671444702,1.219287,0.1704314,-0.8017606,37.926277,104.71152,-9.068797,WAL
1794417325000,6.899937,0.0609493117386598,-15.3319364734822,-1.50051878350881,1.391551,0.28893927,-0.83658,37.726208,104.13796,-8.695389,WAL
1794422248000,6.90486,0.186203539716619,-15.0072030314868,-1.31495699657581,1.5873333,0.3408628,-0.88514376,37.55081,103.53706,-8.315892,WAL
1794427305000,6.909917,0.285633082315436,-14.444524147651,-1.05621255385906,1.8170186,0.30573806,-0.9443977,37.36888,102.90588,-7.930825,WAL
1794432272000,6.914884,0.379529648381366,-13.8623654713778,-0.793302115929728,2.0341814,0.21288654,-1.0231993,37.18395,102.24046,-7.536351,WAL
1794437323000,6.919935,0.210294046080652,-13.3334263393921,-0.516190625176798,2.2602015,0.12339478,-1.1029172,36.975414,101.5092,-7.126381,WAL
1794442246000,6.924858,0.00425001762415575,-12.8276819725864,-0.244587150456893,2.4599543,0.03756821,-1.2189816,36.739254,100.73549,-6.6959763,WAL
1794447306000,6.929918,-0.468347581448209,-12.374441535334,0.159293922311713,2.6600127,-0.03940081,-1.3680327,36.46814,99.89321,-6.237201,WAL
1794452325000,6.934937,-0.984836002166505,-11.9370548770571,0.582721366586641,2.8112018,-0.118202426,-1.5247196,36.171326,99.01718,-5.7529297,WAL
1794457327000,6.939939,-1.60888437712244,-11.6656960009528,0.912667447527394,2.9526172,-0.22937989,-1.668273,35.851585,98.09895,-5.2721844,WAL
1794462268000,6.94488,-2.25363111226298,-11.4402602277275,1.21475161904717,3.0708196,-0.27855456,-1.7256943,35.529945,97.16485,-4.7771244,WAL
1794467311000,6.949923,-2.97110491676845,-11.3847795712659,1.30860068574682,3.1111367,-0.37048978,-1.8106046,35.23999,96.19383,-4.293098,WAL
1794472282000,6.954894,-3.70532912909637,-11.4094179486596,1.30367301026809,3.1926873,-0.4083634,-1.851838,34.959812,95.22004,-3.8105981,WAL
1794477303000,6.959915,-4.44254032171784,-11.4525110890544,0.899613209008467,3.2314773,-0.38423425,-1.8377881,34.75516,94.30936,-3.4074018,WAL
1794482310000,6.964922,-5.17626067742528,-11.5014257453841,0.366443031082322,3.2265902,-0.2669481,-1.7519615,34.57662,93.47491,-3.0197482,WAL
1794487321000,6.969933,-5.88335361206424,-11.6875399574031,-0.300075191169213,3.1575625,-0.10140363,-1.6077974,34.494045,92.87714,-2.7561355,WAL
1794492308000,6.97492,-6.58019768989424,-11.9073496006169,-0.996919205514101,3.012482,0.050701816,-1.4501941,34.4485,87.47176,-2.528111,WAL
1794497302000,6.979914,-7.07919485385141,-12.2924992395782,-1.45013036834912,2.797152,0.14508049,-1.2968669,34.49582,87.42915,-2.460618,WAL
1794502366000,6.984978,-7.51951664941912,-12.7375555266035,-1.82890179742263,2.5751023,0.14813483,-1.1972959,34.56085,87.19647,-2.4266825,WAL
1794507311000,6.989923,-7.8082115620049,-13.0052355983591,-2.02704714864202,2.3365595,-0.0070249503,-1.1447614,34.66063,86.83731,-2.5388148,WAL
1794512314000,6.994926,-8.04316643568465,-13.2085624439834,-2.15807979502075,2.0295997,-0.32895094,-1.1441506,34.708996,86.49971,-2.6594484,WAL
1794517330000,6.999942,-8.09736503371701,-13.2558189831686,-2.12027011401889,1.711339,-0.67347896,-1.2092078,34.735912,86.19591,-2.8335404,WAL
1794522314000,7.004926,-8.02480207443805,-13.1936220836139,-1.96477829809969,1.3991868,-1.1026118,-1.3264939,34.641727,85.96963,-2.9779522,WAL
1794527307000,7.009919,-7.257073801236,-12.6484796608729,-2.40947130096562,1.1759156,-1.498147,-1.4703526,34.483116,85.79311,-3.1162233,WAL
1794532305000,7.014917,-6.24948964584782,-11.936699983005,-3.06116571394361,1.0354166,-1.6395624,-1.5610662,34.27025,85.68117,-3.2225425,WAL
1794537317000,7.019929,-5.01799372895593,-11.3496690090703,-3.28163156141181,1.0051788,-1.4596626,-1.4975362,34.037216,85.58335,-3.3098886,WAL
1794542310000,7.024922,-3.68385098559598,-10.826383361678,-3.2910601254264,1.044885,-1.1630874,-1.4086553,33.79496,85.51691,-3.3701978,WAL
1794547331000,7.029943,-2.63367088765262,-10.4167321250985,-3.21801725032493,1.0757337,-0.7867944,-1.312444,33.543518,85.63257,-3.3036344,WAL
1794552325000,7.034937,-1.74834237630957,-10.072960674232,-3.10028743746554,1.2027937,-0.3866777,-1.2492194,33.38851,85.70691,-3.2563825,WAL
1794557313000,7.039925,-1.17836497316727,-9.76166133977901,-2.72205449362736,1.387275,-0.046731193,-1.2125676,33.25961,85.87205,-3.047806,WAL
1794562300000,7.044912,-0.805314727873881,-9.47050044198895,-2.1806766901124,1.5870279,0.07666359,-1.1774428,33.185646,85.98526,-2.8651524,WAL
1794567280000,7.049892,-0.637412135776595,-9.33526999959046,-1.45285074682093,1.6737708,0.2828306,-1.1212431,33.20645,86.11819,-2.576888,WAL
1794572317000,7.054929,-0.66704563656394,-9.35008704136377,-0.534212671086311,1.7892243,0.35796702,-1.1175779,33.224083,86.17838,-2.292222,WAL
1794577305000,7.059917,-0.600751005933352,-9.34632127737993,0.00644488693020148,1.7550159,0.30818152,-1.1554517,33.254517,86.18266,-1.9533838,WAL
1794582301000,7.064913,-0.459128006235081,-9.32804721359687,0.257711477446768,1.6242907,0.2996294,-1.176221,33.313828,86.139725,-1.6308969,WAL
1794587319000,7.069931,-0.275087503743461,-9.35197859582495,0.457889877354125,1.5464053,0.37293324,-1.16492,33.38581,85.954994,-1.3027862,WAL
1794592306000,7.074918,-0.0444579622225352,-9.42405002746479,0.597228573887324,1.4801265,0.41141775,-1.1230757,33.440674,85.76557,-0.9854708,WAL
1794597306000,7.079918,0.102084561047503,-9.51282527405603,0.556918745237515,1.4071281,0.5479461,-1.073901,33.5493,85.52281,-0.6578555,WAL
1794602324000,7.084936,0.155740731141697,-9.62013774056029,0.317904885708486,1.3866642,0.72204274,-1.0122037,33.67349,85.25962,-0.3566679,WAL
1794607311000,7.089923,0.108233491407719,-9.66306204496473,-0.0533601096179467,1.3918564,0.9202685,-0.95722586,33.843124,84.95438,-0.042340346,WAL
1794612302000,7.094914,-0.0369206152644984,-9.64433259384796,-0.554375885019593,1.3866642,1.1187997,-0.90041536,34.05462,84.64775,0.23976763,WAL
1794617302000,7.099914,-0.189282987542857,-9.55553227704434,-1.09699252720394,1.3930782,1.3158038,-0.8350528,34.337734,84.337456,0.49715006,WAL
1794622312000,7.104924,-0.350003501257143,-9.38535713812808,-1.68787678418916,1.4062119,1.5268577,-0.786489,34.672405,84.028564,0.72711533,WAL
1794627288000,7.1099,-0.490077831559228,-9.18843079066193,-2.14952249791527,1.400714,1.676825,-0.73639804,35.079563,83.76938,0.8983278,WAL
1794632305000,7.114917,-0.605475193784225,-8.95302027197618,-2.44955563006052,1.4013249,1.7632625,-0.6966918,35.518612,83.513954,1.0448463,WAL
1794637264000,7.119876,-0.717299790571635,-8.7077188444742,-2.70600869462355,1.3765849,1.8280143,-0.6704246,36.023014,83.33008,1.1299882,WAL
1794642307000,7.124919,-0.826735207162427,-8.43413051076321,-2.89005913209393,1.3472633,1.8741345,-0.6414085,36.536987,83.15896,1.1928385,WAL
1794647307000,7.129919,-0.943016892449215,-8.18357969333807,-2.99928629295662,1.3359623,1.9022343,-0.63346726,37.100067,83.00897,1.2247666,WAL
1794652319000,7.134931,-1.07075297431562,-7.96217049188326,-3.00354415879535,1.3093897,1.9233092,-0.6209445,37.66564,82.88328,1.2389766,WAL
1794657305000,7.139917,-1.19986870194293,-7.73705965695203,-2.98443997213115,1.2846496,1.9352211,-0.61422503,38.265438,82.769066,1.2302781,WAL
1794662303000,7.144915,-1.34033430054645,-7.48519029726776,-2.83913063278689,1.2696834,1.9734001,-0.60903263,38.871216,82.67036,1.2104251,WAL
1794667349000,7.149961,-1.47339653362145,-7.23052397644632,-2.6613306310775,1.255328,2.019826,-0.6041457,39.500706,82.57881,1.1610854,WAL
1794672315000,7.154927,-1.56682235354091,-6.97827424803065,-2.35302548875356,1.2049317,2.038152,-0.5900958,40.12522,82.512825,1.1013693,WAL
1794677275000,7.159887,-1.65808129817281,-6.72030111200311,-2.03850660517057,1.1407908,2.035403,-0.57604593,40.77175,82.44041,1.0256265,WAL
1794682299000,7.164911,-1.73757749208864,-6.42102144665176,-1.67843575855768,1.0760391,2.0146337,-0.5564982,41.410156,82.39368,0.93913484,WAL
1794687271000,7.169883,-1.81568546308093,-6.12223275641026,-1.31782774395032,1.0329732,2.006387,-0.54275376,42.061684,82.31435,0.83968043,WAL
1794692309000,7.174921,-1.88817337171474,-5.78878820512821,-0.902230387660256,0.9633345,1.9932534,-0.5170974,42.697124,82.27209,0.7281553,WAL
1794697363000,7.179975,-1.95651977343086,-5.42525937016902,-0.445941093248987,0.86926126,1.9792033,-0.4908302,43.336193,82.19963,0.61916023,WAL
1794702372000,7.184984,-1.98496903182762,-4.80411712948503,0.360121822121182,0.7648033,1.9410243,-0.46181414,43.955494,82.16057,0.5001093,WAL
1794707357000,7.189969,-2.01505446439245,-4.22295792361384,1.11988762580613,0.6640105,1.8973475,-0.42455134,44.5612,82.095024,0.3714624,WAL
1794712346000,7.194958,-2.06672239646087,-4.0914395064884,1.36413571537554,0.5354234,1.8341229,-0.3747658,45.141846,82.07548,0.23094468,WAL
1794717466000,7.200078,-2.11896812085699,-3.96147303885735,1.60985575229811,0.39553526,1.7690657,-0.33444872,45.731377,81.93294,0.11194343,WAL
1794722348000,7.20496,-2.15749452979308,-3.91010449360923,1.77252294634682,0.25595254,1.6783522,-0.30207285,46.28995,81.83003,-0.01837321,WAL
1794727243000,7.209855,-2.19612352851126,-3.85859916198498,1.93562329761033,0.1160644,1.5745052,-0.27305678,46.820087,81.731476,-0.1598693,WAL
1794732322000,7.214934,-2.20685040361917,-3.92938766876414,1.94650618552334,-0.023518313,1.4446963,-0.23182335,47.31196,81.67259,-0.31145474,WAL
1794737249000,7.219861,-2.21170182183837,-4.02156461492906,1.92710051264651,-0.15393804,1.3139712,-0.20738874,47.77039,81.65035,-0.46379712,WAL
1794742345000,7.224957,-2.15552521486825,-4.14090729209498,1.84640662178138,-0.27366763,1.174083,-0.18845193,48.184162,81.63503,-0.6236136,WAL
1794747278000,7.22989,-2.09399324340246,-4.25923820414788,1.76120840859633,-0.38423425,1.0302242,-0.17745635,48.55619,81.65137,-0.7834779,WAL
1794752345000,7.234957,-2.02409991449641,-4.36035755134873,1.6252675176014,-0.47800204,0.8885035,-0.1695151,48.90474,81.68341,-0.94038856,WAL
1794757287000,7.239899,-1.95521487933243,-4.45679641835824,1.48749754317873,-0.5488624,0.82772243,-0.1591304,49.232334,81.73633,-1.0985103,WAL
1794762344000,7.244956,-1.89005312273114,-4.53798704488502,1.28383585499196,-0.58246,0.6988298,-0.15790866,49.49664,81.81713,-1.2376702,WAL
1794767300000,7.249912,-1.82717083004637,-4.61434405762279,1.07273103201476,-0.65026605,0.5946773,-0.14966199,49.74777,81.92293,-1.3797117,WAL
1794772314000,7.254926,-1.79897654986359,-4.70141411609654,0.878982038132214,-0.6979135,0.5326745,-0.1328632,49.97175,82.05316,-1.5099539,WAL
1794777267000,7.259879,-1.78404458016789,-4.79100609018888,0.694820974606506,-0.7367035,0.48380527,-0.11759156,50.16805,82.19517,-1.637474,WAL
1794782303000,7.264915,-1.81661823321397,-4.82326021131006,0.570506388689943,-0.77854776,0.44898596,-0.10354166,50.3812,82.3639,-1.7469344,WAL
1794787288000,7.2699,-1.85935802551477,-4.84225572414205,0.461282375857953,-0.82924956,0.4297437,-0.07391469,50.58285,82.53918,-1.8624611,WAL
1794792310000,7.274922,-1.87491497105012,-4.84214546447494,0.433095428949876,-0.86376345,0.4089743,-0.05009095,50.794838,82.735886,-1.9727334,WAL
1794797313000,7.279925,-1.88404642338479,-4.83757973830761,0.423963976615209,-0.9071349,0.410196,-0.03145956,51.006443,82.94108,-2.088268,WAL
1794802356000,7.284968,-1.92994597907098,-4.76770523807544,0.540495939176972,-0.95630956,0.41691554,-0.00030543262,51.23216,83.155495,-2.2189555,WAL
1794807302000,7.289914,-1.98901308165853,-4.67418225283176,0.702930432744466,-1.0140363,0.41325033,0.008246681,51.45535,83.375946,-2.34597,WAL
1794812312000,7.294924,-2.0432561628866,-4.68821218226804,0.862524734226804,-1.070236,0.4269948,0.05497787,51.690624,83.58941,-2.490781,WAL
1794817364000,7.299976,-2.09645979917526,-4.73144018449485,1.02213557364948,-1.1313224,0.42271876,0.096516706,51.919697,83.80748,-2.6334474,WAL
1794822357000,7.304969,-2.14904209450172,-4.7741633466323,1.17988239099656,-1.2024882,0.42730024,0.14202617,52.137222,84.004265,-2.7965887,WAL
1794827309000,7.309921,-2.15908252302048,-5.00677579972485,1.41214718575359,-1.2760975,0.40439278,0.1740966,52.344673,84.19745,-2.9640446,WAL
1794832298000,7.31491,-2.16395143723632,-5.26482845652706,1.65559304906756,-1.3518448,0.38545597,0.22724187,52.552723,84.379745,-3.1476822,WAL
1794837323000,7.319935,-2.11608094997514,-5.55411753389359,1.89538392135256,-1.4300356,0.37018433,0.29779682,52.73979,84.51777,-3.3486676,WAL
1794842241000,7.324853,-2.06455566802586,-5.83984824715067,2.12958949939334,-1.5057828,0.35613444,0.364992,52.920105,84.638306,-3.5599954,WAL
1794847299000,7.329911,-1.77767276571007,-6.52704430256511,2.50432608107125,-1.539075,0.37293324,0.4098906,53.090755,84.706055,-3.7701926,WAL
1794852298000,7.33491,-1.46713581918428,-7.25163075677641,2.89014477413268,-1.5128077,0.33200526,0.4538729,53.238544,84.73844,-3.9935532,WAL
1794857315000,7.339927,-0.995494299113402,-8.16948037113402,3.39741664381443,-1.4172074,0.31306845,0.50854534,53.37878,84.71778,-4.2049985,WAL
1794862239000,7.344851,-0.509347890791753,-9.09801986391752,3.91273177226804,-1.3649784,0.28344148,0.5348125,53.50263,84.6791,-4.4153614,WAL
1794867387000,7.349999,0.166348169470144,-10.2972196550941,4.58670553507225,-1.2308935,0.24862215,0.5867361,53.600437,84.61521,-4.5391073,WAL
1794872302000,7.354914,0.825148560390803,-11.4608149713714,5.24122799540125,-1.0396926,0.14385876,0.5580254,53.66873,84.54724,-4.6428432,WAL
1794877327000,7.359939,1.55220865087212,-12.9678283532813,5.83130433543413,-0.81000733,-0.027488936,0.50335294,53.672886,84.50245,-4.6096168,WAL
1794882316000,7.364928,2.2934988576949,-14.579328719283,6.38842298943818,-0.5879578,-0.1133155,0.39736784,53.67101,84.44573,-4.556293,WAL
1794887318000,7.36993,2.89011129862362,-16.2475143564111,6.40303018115492,-0.41447207,-0.0012217305,0.2556471,53.629013,84.421234,-4.292062,WAL
1794892272000,7.374884,3.40564141595778,-17.9266696572493,6.13790043728656,-0.25534168,0.26847526,0.09468412,53.610245,84.34696,-4.0132933,WAL
1794897307000,7.379919,4.32624648821418,-18.6083402646231,6.18651113730721,-0.04734206,0.6291912,-0.17104226,53.61286,84.26346,-3.5248282,WAL
1794902363000,7.384975,5.40653344958774,-18.8901550051411,6.3602964852556,0.16493362,0.8524625,-0.5204572,53.66241,84.10268,-3.0125866,WAL
1794907312000,7.389924,5.31402903071609,-17.8993817035758,6.38682079128933,0.35338554,0.84329945,-0.7672467,53.754555,83.93546,-2.4444482,WAL
1794912303000,7.394915,4.64911646399029,-16.2705687836803,6.34219581808421,0.505491,0.7296785,-0.8527679,53.886936,83.67675,-1.8779861,WAL
1794917307000,7.399919,3.67758280508439,-14.1676758351266,6.17366227226793,0.61300325,0.59742624,-0.8210029,53.967617,83.325516,-1.186164,WAL
1794922314000,7.404926,2.42316652476793,-11.6284946221519,5.89040703938818,0.6435465,0.52839845,-0.7443393,54.035572,82.895004,-0.53573537,WAL
1794927307000,7.409919,1.49367749637041,-9.56241680277687,5.52748148033257,0.59773165,0.5180137,-0.6441574,54.0841,82.40191,-0.0054846425,WAL
1794932297000,7.414909,0.75775072268922,-7.77740277451671,5.11645855659404,0.49296826,0.5479461,-0.5317582,54.1176,81.90561,0.47241366,WAL
1794937246000,7.419858,0.030961600976858,-6.06658107438807,4.66471054012016,0.33567044,0.6282749,-0.40622538,54.176273,81.452614,0.7649082,WAL
1794942309000,7.424921,-0.697320029122163,-4.6100177691255,3.98498099015354,0.15363261,0.7076874,-0.2556471,54.23473,81.04498,1.008649,WAL
1794947302000,7.429914,-1.34148959885569,-3.59692804577241,3.34694486395423,-0.020463986,0.7632761,-0.09162979,54.33339,80.73434,1.0962012,WAL
1794952435000,7.435047,-1.88168458891109,-3.25316757212787,2.74424787212787,-0.1863139,0.77640975,0.09254608,54.434265,80.48001,1.1320375,WAL
1794957342000,7.439954,-2.41527317879172,-3.09683699777474,2.17306212867461,-0.3286455,0.76174897,0.2874121,54.575935,80.344315,1.0285759,WAL
1794962306000,7.444918,-3.02772530711497,-3.66753082053484,1.61628756345891,-0.3924809,0.7189884,0.39736784,54.707767,80.23272,0.8967515,WAL
1794967335000,7.449947,-3.62765621844095,-4.34956368314912,1.08559985135544,-0.56046885,0.66859204,0.591623,54.87028,80.29086,0.599401,WAL
1794972311000,7.454923,-4.09431050628272,-5.66636086492147,0.766796360209424,-0.752586,0.5742133,0.7849618,55.00201,80.36484,0.27399746,WAL
1794977317000,7.459929,-4.54807257911167,-7.02733142739921,0.467099086742776,-0.97035944,0.4251622,0.9669997,55.15086,80.595566,-0.19814758,WAL
1794982299000,7.464911,-4.79914169550482,-8.84439106635747,0.43731122351766,-1.1921035,0.25350907,1.1355985,55.25823,80.85352,-0.7154195,WAL
1794987319000,7.469931,-5.05212583125223,-10.6753102529433,0.407296154591509,-1.3860532,-0.03756821,1.2464706,55.331738,81.2162,-1.3240972,WAL
1794992307000,7.474919,-5.43972276767677,-12.6384507205387,0.216816323063973,-1.4844025,-0.4092797,1.3631458,55.3279,81.548485,-1.9653301,WAL
1794997293000,7.479905,-5.85505628787879,-14.6302658535354,-0.00648127376767675,-1.5012014,-0.7733554,1.4291192,55.243793,81.838196,-2.606033,WAL
1795002333000,7.484945,-6.47179498486876,-16.0195357496655,-0.41222361074771,-1.3921618,-1.0204504,1.457219,55.11778,82.08501,-3.2667263,WAL
1795007248000,7.48986,-7.15979734256305,-17.0999893477097,-0.887041977303551,-1.1716396,-1.0073168,1.4016303,54.967,82.22112,-3.9026096,WAL
1795012305000,7.494917,-6.92636515966386,-17.7610329495798,-0.655488149411765,-0.8228355,-0.65148777,1.2391402,54.896145,82.28572,-4.528479,WAL
1795017339000,7.499951,-6.36097337187183,-18.2596457917629,-0.170230854621849,-0.398895,-0.30940324,0.9947941,54.831406,82.232574,-5.0897098,WAL
1795022313000,7.504925,-5.30837727827272,-18.2362514414632,0.951741452470391,0.0018325958,-0.31642818,0.74372846,54.81202,82.10493,-5.657903,WAL
1795027306000,7.509918,-3.90007894233309,-17.8453363308877,2.53545076007337,0.27916542,-0.5522222,0.5119051,54.82663,81.92161,-6.1402326,WAL
1795032303000,7.514915,-2.91107286266311,-16.7733938036003,3.42880425088104,0.37934732,-0.7666359,0.3042109,54.815434,81.76904,-6.431156,WAL
1795037322000,7.519934,-2.12363115361463,-15.3633234651872,3.98733863923231,0.31703907,-0.93615097,0.11789699,54.752926,81.64179,-6.6441107,WAL
1795042325000,7.524937,-1.52002977086926,-13.7224032038854,4.13035855652691,0.15149458,-1.0363328,-0.016493361,54.5543,81.56723,-6.617777,WAL
1795047301000,7.529913,-1.05241504132223,-11.9180717696501,3.96976352019031,-0.089491755,-1.1753048,-0.11056661,54.30252,81.55116,-6.5448313,WAL
1795052332000,7.534944,-0.730986262504847,-10.2227122466072,3.40128147793718,-0.39003745,-1.2556335,-0.11789699,53.98976,81.57608,-6.3819647,WAL
1795057314000,7.539926,-0.532110627433114,-8.64558229682047,2.51790362446685,-0.69913524,-1.3860532,-0.09896017,53.628887,81.65792,-6.198433,WAL
1795062309000,7.544921,-0.606317320882936,-7.23081043853175,1.43495237950397,-0.86162543,-1.4306464,-0.013133603,53.25531,81.766495,-6.0097218,WAL
1795067303000,7.549915,-0.962169794791667,-5.98769900416667,0.149138777083333,-1.1554517,-1.4251486,0.073303826,52.86289,81.95146,-5.827859,WAL
1795072317000,7.554929,-1.39161504200744,-4.96430514055762,-0.966868542388476,-1.4095715,-1.3955216,0.17623462,52.524643,82.22234,-5.654432,WAL
1795077305000,7.559917,-1.89771903159851,-4.19183063988848,-1.8858467685223,-1.6505579,-1.4004086,0.28985557,52.181156,82.51825,-5.5125666,WAL
1795082292000,7.564904,-2.41211432562466,-3.50840644359113,-2.71183463391022,-1.7928895,-1.4327844,0.4071417,51.914364,82.879906,-5.464303,WAL
1795087322000,7.569934,-2.94879878565711,-3.00819565884262,-3.34751917852893,-1.9120082,-1.4816537,0.5128214,51.65112,83.22513,-5.450829,WAL
1795092309000,7.574921,-3.43052900954577,-2.69050201348965,-3.83152699187678,-1.9770653,-1.5589281,0.5867361,51.36468,83.45483,-5.629671,WAL
1795097300000,7.579912,-3.85725343788875,-2.56858069228883,-4.15508745511626,-2.0143282,-1.6639969,0.63224554,51.065456,83.59879,-5.8328815,WAL
1795102286000,7.584898,-4.24966231824286,-2.63843133023211,-4.48709874713217,-2.0314324,-1.7730364,0.6743952,50.755997,83.56679,-6.1644692,WAL
1795107315000,7.589927,-4.60073615224439,-2.96178865024938,-4.83355295311721,-2.0189097,-1.9141463,0.71593404,50.414852,83.402916,-6.513124,WAL
1795112241000,7.594853,-4.79874735191126,-3.31750716140031,-5.14355096398387,-1.9520199,-2.0069978,0.77732605,50.079285,83.04174,-6.954819,WAL
1795117309000,7.599921,-4.71484075148867,-3.76034702521129,-5.40459336390703,-1.8072448,-2.0103576,0.8518516,49.73684,97.44052,-7.4179006,WAL
1795122247000,7.604859,-4.60276583910348,-4.23089061163567,-5.60691746313782,-1.5836681,-1.881465,0.95294976,49.436066,98.080315,-7.9590116,WAL
1795127308000,7.60992,-4.39937059647115,-4.82720939260849,-5.66238911235098,-1.3121386,-1.674687,1.0482447,49.167126,98.78934,-8.521864,WAL
1795132298000,7.61491,-4.21122201110451,-5.45434141377672,-5.67961241650831,-1.02717,-1.4373659,1.1429288,48.983654,99.529495,-9.084674,WAL
1795137336000,7.619948,-4.08229318889549,-6.28043938622328,-5.51248265015835,-0.7415904,-1.1557571,1.2544118,48.886547,100.29771,-9.673662,WAL
1795142272000,7.624884,-3.96758883449295,-7.15038626289544,-5.32780120639598,-0.5009095,-0.86376345,1.3384057,48.904697,101.00308,-10.205097,WAL
1795147301000,7.629913,-3.92012482818567,-8.3986908182517,-5.01453861608357,-0.3277292,-0.5354234,1.3949108,49.029602,101.7079,-10.746856,WAL
1795152373000,7.634985,-3.84456303396452,-9.64541874367152,-4.68270932986845,-0.27916542,-0.36285394,1.3921618,49.23707,102.30486,-11.203638,WAL
1795157311000,7.639923,-3.59477385612916,-10.7812522477576,-4.25853901766992,-0.32834008,0.08979719,1.3799446,49.631847,102.89908,-11.649628,WAL
1795162285000,7.644897,-3.28512558328446,-11.8770659120235,-3.84765770557185,-0.39064834,0.56291234,1.3368785,50.12356,103.33603,-11.968635,WAL
1795167325000,7.649937,-2.49930253383558,-12.5945562143796,-3.56456617033067,-0.52564955,0.89980453,1.2928963,50.70618,103.78229,-12.270418,WAL
1795172318000,7.65493,-1.74245480512449,-13.2417444959467,-3.24671407295889,-0.6239988,1.1123856,1.2812898,51.312668,104.13447,-12.49982,WAL
1795177306000,7.659918,-1.12010100535611,-13.4952963488709,-2.69812072032426,-0.68508536,1.2287555,1.2651019,51.98075,104.48884,-12.708303,WAL
1795182351000,7.664963,-0.508303382519201,-13.7209368396313,-2.14725841628264,-0.73792523,1.2501358,1.1823297,52.620537,104.70162,-12.774346,WAL
1795187346000,7.669958,-0.126202020998464,-13.5543800608295,-1.65248614669739,-0.84513205,1.1808025,1.035722,53.254898,104.919014,-12.8236475,WAL
1795192292000,7.674904,0.239742613850857,-13.3547878880565,-1.20239851712736,-0.9984592,1.047023,0.84696466,53.73972,105.04323,-12.793108,WAL
1795197294000,7.679906,0.507865169168174,-12.8680424195298,-1.07452466781193,-1.162782,0.84299403,0.6414085,54.16999,105.15403,-12.729348,WAL
1795202358000,7.68497,0.779311114815293,-12.3752637204857,-0.945065816765694,-1.2953397,0.6252206,0.47433686,54.481636,105.19227,-12.603834,WAL
1795207312000,7.689924,0.779429574649746,-11.8282484047716,-0.677486643942132,-1.3817772,0.35827246,0.2929099,54.70457,105.20726,-12.436802,WAL
1795212242000,7.694854,0.712323866121827,-11.2674361296447,-0.37551096557665,-1.4269812,-0.010995574,0.099571034,54.82211,105.205986,-12.243658,WAL
1795217311000,7.699923,0.595119124494603,-10.9220447566241,-0.289074827095191,-1.416902,-0.4266894,-0.08827003,54.802742,105.17431,-12.018607,WAL
1795222250000,7.704862,0.469790763532875,-10.6388956187439,-0.256582289965653,-1.3692545,-0.8210029,-0.22815818,54.674816,105.11981,-11.777603,WAL
1795227306000,7.709918,0.0244692568802648,-10.4903317960289,-0.323963427620337,-1.2983941,-1.2147056,-0.35521814,54.397346,105.02912,-11.542765,WAL
1795232272000,7.714884,-0.504911487401725,-10.3854093592058,-0.41934734474629,-1.2238685,-1.5180001,-0.4905248,54.02668,104.9016,-11.287794,WAL
1795237345000,7.719957,-1.14987159250861,-10.2311951775701,-0.653728934727004,-1.174083,-1.7085901,-0.59803706,53.58438,104.76328,-11.043807,WAL
1795242254000,7.724866,-1.80198854685489,-10.0693220495327,-0.917350686030497,-1.1597277,-1.774869,-0.6844745,53.089005,104.59604,-10.781278,WAL
1795247362000,7.729974,-2.40171650813397,-9.77315432296651,-1.16869116602871,-1.1566733,-1.7165314,-0.7244862,52.56239,104.49718,-10.591654,WAL
1795252275000,7.734887,-2.95303982991895,-9.44695506190802,-1.40300355859779,-1.1792754,-1.6417004,-0.7199047,52.025845,104.39146,-10.395047,WAL
1795257324000,7.739936,-3.34699341241587,-9.13223471049724,-1.51572901196384,-1.1859949,-1.4269812,-0.6621779,51.599453,104.380325,-10.276545,WAL
1795262288000,7.7449,-3.66217086181818,-8.8313834,-1.57303401636364,-1.1911873,-1.1563679,-0.5671884,51.21922,104.37989,-10.164641,WAL
1795267314000,7.749926,-3.7951861420979,-8.62723777142857,-1.55209514953047,-1.2266175,-0.8958339,-0.4288274,50.919212,104.51692,-10.161454,WAL
1795272309000,7.754921,-3.85253223510489,-8.46475755714286,-1.49952793919081,-1.2443326,-0.655153,-0.2602286,50.703506,104.671844,-10.180307,WAL
1795277316000,7.759928,-3.72355839936671,-8.31990488214922,-1.45057442806254,-1.2757921,-0.44165558,-0.10140363,50.573338,104.91512,-10.2629385,WAL
1795282313000,7.764925,-3.51993890682763,-8.18257959870374,-1.40322110370077,-1.2620476,-0.28008172,0.027794369,50.50814,105.17455,-10.373397,WAL
1795287319000,7.769931,-3.1493997620574,-8.1173622321728,-1.30021848095473,-1.2244794,-0.2171626,0.14569137,50.45894,105.48214,-10.539333,WAL
1795292306000,7.774918,-2.70661480877799,-8.08438895941414,-1.17303556936582,-1.1429288,-0.25320363,0.23976462,50.436604,105.791534,-10.728994,WAL
1795297318000,7.77993,-2.20736406128292,-8.10821236701915,-0.999741616231045,-1.0369438,-0.35796702,0.2947425,50.407772,106.08012,-10.924277,WAL
1795302359000,7.784971,-1.6775920245012,-8.16118963607342,-0.802281110135674,-0.9392053,-0.548557,0.3387248,50.35279,106.36285,-11.146058,WAL
1795307248000,7.78986,-1.23372453077904,-8.30363818301626,-0.730832785428845,-0.8127562,-0.74097955,0.34238997,50.249493,106.555626,-11.329188,WAL
1795312251000,7.794863,-0.816161942374322,-8.49714299298544,-0.72064833853757,-0.7312057,-0.92179567,0.32895094,50.101482,106.73685,-11.524418,WAL
1795317299000,7.799911,-0.55546433998006,-8.62390998728814,-0.869956936939182,-0.6658431,-1.0552697,0.2941316,49.867233,106.82277,-11.656261,WAL
1795322252000,7.804864,-0.347379338540379,-8.72795236949153,-1.06385434394816,-0.60903263,-1.105666,0.2648101,49.609066,106.887215,-11.785087,WAL
1795327247000,7.809859,-0.264901807722782,-8.78518079761322,-1.34897702423946,-0.5861252,-1.0635164,0.22876903,49.311676,106.89504,-11.849281,WAL
1795332242000,7.814854,-0.222788397407806,-8.82729432030715,-1.66248790852,-0.5897904,-0.9795224,0.20372356,49.014713,106.88881,-11.903051,WAL
1795337254000,7.819866,-0.29343428129529,-8.8014683759058,-1.89391089271337,-0.6081163,-0.87872964,0.17379116,48.733776,106.87564,-11.913448,WAL
1795342252000,7.824864,-0.409049927762681,-8.74847780525362,-2.09142102773752,-0.6407976,-0.77854776,0.17623462,48.480133,106.86411,-11.917565,WAL
1795347225000,7.829837,-0.574249583449301,-8.72719060600654,-2.2137773794826,-0.6979135,-0.72173727,0.17562376,48.25371,106.8984,-11.907861,WAL
1795352300000,7.834912,-0.762126425505005,-8.71755570165527,-2.31012451150758,-0.76083267,-0.65240407,0.17715092,48.062035,106.93807,-11.891332,WAL
1795357248000,7.83986,-0.970646148778334,-8.67823895172211,-2.26676291168678,-0.79076505,-0.57848936,0.1863139,47.9042,107.027054,-11.893481,WAL
1795362239000,7.844851,-1.19108562582082,-8.62664691958591,-2.16826865371406,-0.84940815,-0.5421429,0.19547687,47.75761,107.13125,-11.893281,WAL
1795367284000,7.849896,-1.41718398991276,-8.55744904441993,-2.0411956373709,-0.9202685,-0.5525276,0.22327125,47.63228,107.283005,-11.924094,WAL
1795372252000,7.854864,-1.64140398221197,-8.4811190345934,-1.90284707425048,-0.9981538,-0.59223384,0.24709499,47.511417,107.444954,-11.955204,WAL
1795377248000,7.85986,-1.81943775313453,-8.35113134730834,-1.79096182981006,-1.0763446,-0.62858033,0.2779437,47.38282,107.643936,-12.027456,WAL
1795382240000,7.864852,-1.97470246361579,-8.19586619466588,-1.69215702744809,-1.1319333,-0.64904433,0.31031954,47.252777,107.85295,-12.106244,WAL
1795387250000,7.869862,-2.09519909404106,-8.06918695923886,-1.62896641222834,-1.1731668,-0.64751714,0.3494149,47.110924,108.09562,-12.223094,WAL
1795392241000,7.874853,-2.19572538177266,-7.95908679884827,-1.58588371034552,-1.2070698,-0.6420194,0.3933972,46.971718,108.34765,-12.347944,WAL
1795397326000,7.879938,-2.31718909024981,-7.90522709321402,-1.5469292182513,-1.2428054,-0.6582073,0.42760566,46.828384,108.62511,-12.501314,WAL
1795402381000,7.884993,-2.4480533241704,-7.88266430238628,-1.51082870580723,-1.2538009,-0.68325275,0.46883908,46.69292,108.90556,-12.664759,WAL
1795407339000,7.889951,-2.57950541162391,-7.90983966047263,-1.4713589774692,-1.2403619,-0.7131852,0.52320606,46.55297,109.20855,-12.856462,WAL
1795412333000,7.894945,-2.71474522133912,-7.9822894774793,-1.42788903683094,-1.2049317,-0.72601336,0.57910025,46.419662,109.507935,-13.055324,WAL
1795417346000,7.899958,-2.82770864251631,-8.0990040548252,-1.36744278598695,-1.1566733,-0.7305948,0.6236934,46.279392,109.825096,-13.279693,WAL
1795422349000,7.904961,-2.92102392229039,-8.25297407157464,-1.29279056216769,-1.1068878,-0.7315111,0.67256266,46.146816,110.13651,-13.515192,WAL
1795427328000,7.90994,-2.93985662839411,-8.57458449860483,-1.06079653331088,-1.0680978,-0.74036866,0.7086037,45.995308,110.45701,-13.77703,WAL
1795432352000,7.914964,-2.87967386507265,-9.07919509727701,-0.658034349841239,-1.0369438,-0.76174897,0.73273283,45.848064,110.766884,-14.043267,WAL
1795437295000,7.919907,-2.80198241718466,-9.46804887558022,-0.350189326099899,-1.0128145,-0.8063421,0.754724,45.67394,111.07215,-14.323737,WAL
1795442332000,7.924944,-2.6948942215338,-9.7016960419778,-0.170086410010091,-0.9761627,-0.86437434,0.7461719,45.493942,111.35887,-14.598134,WAL
1795447318000,7.92993,-2.57427407921064,-9.89868546536743,-0.106602918132149,-0.9483683,-0.89858276,0.72265357,45.22382,111.5583,-14.842039,WAL
1795452379000,7.934991,-2.43151750738795,-10.0509591817289,-0.201773936200972,-0.91782504,-0.9923506,0.70829827,44.924496,111.74378,-15.088357,WAL
1795457240000,7.939852,-2.29440237290266,-10.1972153633597,-0.293183997223013,-0.8885035,-1.0778717,0.68936145,44.575752,111.87339,-15.301205,WAL
1795462341000,7.944953,-2.15051751361249,-10.3506925866673,-0.389107206701193,-0.8237518,-1.171945,0.6627888,44.20084,111.980736,-15.509174,WAL
1795467277000,7.949889,-1.95466189597483,-10.4698044975912,-0.571189545654311,-0.7290677,-1.2403619,0.63804877,43.797874,112.079346,-15.7185955,WAL
1795472352000,7.954964,-1.64166905736506,-10.5343142790778,-0.934356832560712,-0.61941737,-1.2996159,0.61208695,43.373802,112.15252,-15.919619,WAL
1795477259000,7.959871,-1.33903736099892,-10.5966885643496,-1.28550202996952,-0.47128254,-1.2959507,0.6038403,42.94288,112.17315,-16.06703,WAL
1795482348000,7.96496,-1.02518109386884,-10.6613763038541,-1.64967115766739,-0.31612277,-1.244027,0.5873469,42.513084,112.16123,-16.198112,WAL
1795487249000,7.969861,-0.720615546968998,-10.7538691094612,-1.96675640190629,-0.14508049,-1.1301007,0.5830709,42.097206,112.12638,-16.324932,WAL
1795492311000,7.974923,-0.399602755469048,-10.9338309037825,-2.20022029089997,-0.015882496,-0.9972375,0.58001655,41.707302,112.066246,-16.434788,WAL
1795497302000,7.979914,-0.0707969781126091,-11.0585386423473,-2.35477815083267,0.089491755,-0.87598073,0.56382865,41.395203,111.99103,-16.44778,WAL
1795502375000,7.984987,0.295213997735924,-11.0489065802934,-2.31625055635408,0.17287487,-0.7501425,0.535118,41.12489,111.89174,-16.442753,WAL
1795507307000,7.989919,0.62305947531162,-11.0139956507841,-2.27992780097507,0.21563543,-0.6640105,0.46914452,40.855377,111.76378,-16.385921,WAL
1795512343000,7.994955,0.88000826389224,-10.9073375446321,-2.24599124588862,0.19883664,-0.59712076,0.3811799,40.61403,111.62118,-16.306213,WAL
1795517324000,7.999936,1.04325869806034,-10.859782972978,-2.22676092096983,0.122478485,-0.5540548,0.28221974,40.342075,111.43716,-16.166702,WAL
1795522345000,8.004957,0.972060983111234,-10.9621298734962,-2.24456033344438,-0.01282817,-0.48472157,0.16340645,40.089138,111.2457,-15.991685,WAL
1795527288000,8.0099,0.855976415134988,-11.0756619277338,-2.23898273269703,-0.15454891,-0.3998113,0.051923547,39.81657,111.03619,-15.771732,WAL
1795532333000,8.014945,0.364086677192982,-11.2952558596491,-2.04574033859649,-0.30787608,-0.36682457,-0.027488936,39.542057,110.837845,-15.52945,WAL
1795537349000,8.019961,-0.124975547884738,-11.5135875073175,-1.85360875310426,-0.4447099,-0.38912117,-0.103847094,39.258205,110.65392,-15.272142,WAL
1795542339000,8.024951,-0.579797354399597,-11.4240097606442,-1.63468713287368,-0.5552765,-0.45265114,-0.1414153,38.968056,110.48863,-15.009044,WAL
1795548032000,8.030644,-1.07843327056821,-11.2925613041073,-1.38757507178123,-0.61636305,-0.5183192,-0.12980886,38.668156,110.33754,-14.745507,WAL
1795552329000,8.034941,-1.26234093843371,-11.1962285811875,-1.26059122329219,-0.6026186,-0.52931476,-0.11636983,38.365097,110.211716,-14.531893,WAL
1795557436000,8.040048,-1.45965586524556,-11.0981707619495,-1.10995362044887,-0.5839872,-0.49113566,-0.071776666,38.044567,110.158325,-14.409214,WAL
1795562305000,8.044917,-1.38521690699596,-11.2076402754249,-0.969833118715372,-0.49846604,-0.42760566,-0.036651913,37.732666,110.088806,-14.287559,WAL
1795567299000,8.049911,-1.30886690545591,-11.3199201584186,-0.826115356206217,-0.39675698,-0.36682457,-0.027183503,37.429176,110.03586,-14.202106,WAL
1795572328000,8.05494,-1.18295846851815,-11.6479953602366,-0.623733938772809,-0.2574797,-0.31245756,-0.008552114,37.149773,109.966385,-14.124667,WAL
1795577301000,8.059913,-1.0540345155003,-11.9917920032083,-0.418410625394024,-0.1142318,-0.27580565,-0.02687807,36.884914,109.86978,-14.036426,WAL
1795582300000,8.064912,-0.890463247953507,-12.3607743303199,-0.297031328090602,0.023518313,-0.2968805,-0.056505036,36.58671,109.721176,-13.942306,WAL
1795587253000,8.069865,-0.725533022451818,-12.7283330848401,-0.183936338811842,0.15149458,-0.30665436,-0.099265605,36.304756,109.54188,-13.836137,WAL
1795592310000,8.074922,-0.591603884332902,-13.1908398130534,-0.0639752775693961,0.28252518,-0.2959642,-0.15302174,35.98662,109.273155,-13.685747,WAL
1795597272000,8.079884,-0.463950611351109,-13.6541744002587,0.0542222036304845,0.398895,-0.25534168,-0.21594086,35.67705,108.977455,-13.520766,WAL
1795602426000,8.085038,-0.333195769866784,-14.0768040531884,0.114669339677735,0.50793445,-0.21899518,-0.28802297,35.34072,108.60036,-13.301043,WAL
1795607316000,8.089928,-0.209341731077481,-14.4713018933294,0.165128387018317,0.6133087,-0.16798794,-0.36713,35.02328,108.196465,-13.061414,WAL
1795612341000,8.094953,-0.117410447565217,-14.8780541392896,0.110611116537658,0.71776664,-0.09010262,-0.4550946,34.681026,107.72308,-12.773259,WAL
1795617318000,8.09993,-0.0320510025217391,-15.2811406314795,0.0394782440175107,0.8179486,-0.004276057,-0.5421429,34.360386,107.22733,-12.465315,WAL
1795622342000,8.104954,0.00547987448489714,-15.5103738036126,-0.0656979494530858,0.93309665,0.0852157,-0.63255095,34.044567,106.66573,-12.102287,WAL
1795627242000,8.109854,0.0337345780373307,-15.7034475718013,-0.17400764288008,1.0861185,0.16676621,-0.73426,33.755615,106.07381,-11.715957,WAL
1795632357000,8.114969,0.130787506662522,-15.5537544398679,-0.336287891466874,1.2421945,0.23182335,-0.83291477,33.468296,105.44853,-11.296516,WAL
1795637287000,8.119899,0.236277506370119,-15.3473610961725,-0.501402695731494,1.4737124,0.25870144,-0.91599244,33.19852,104.78089,-10.861699,WAL
1795642310000,8.124922,0.389552902579333,-14.8590979829129,-0.525960727957689,1.7424932,0.22571471,-0.97219205,32.929066,104.0861,-10.414758,WAL
1795647315000,8.129927,0.554222723870355,-14.3000868586927,-0.512960461046922,2.037541,0.19730948,-1.0195341,32.67327,103.34843,-9.957115,WAL
1795652379000,8.134991,0.600771511184824,-13.6742495196748,-0.504467756226558,2.1804836,0.12095132,-1.0476339,32.394638,102.62381,-9.50257,WAL
1795657329000,8.139941,0.564800099965312,-13.0216254221138,-0.499328990860705,2.4468207,0.07544186,-1.1313224,32.11878,101.82186,-9.028334,WAL
1795662282000,8.144894,0.20675904900118,-12.5379033690523,-0.466922048005309,2.673757,0.087964594,-1.255328,31.825535,101.01364,-8.545323,WAL
1795667374000,8.149986,-0.277440232178529,-12.1016443167519,-0.423775572696618,2.8619037,0.14355333,-1.4086553,31.533464,100.16407,-8.037517,WAL
1795672295000,8.154907,-0.902271395360016,-11.7937398407985,-0.158227027164565,2.9956832,0.20463985,-1.5885551,31.257616,99.29534,-7.5100255,WAL
1795677301000,8.159913,-1.60218199658357,-11.5271073245605,0.203631501368557,3.1025846,0.23945917,-1.7379116,30.991081,98.3998,-6.953737,WAL
1795682312000,8.164924,-2.32151702809991,-11.4344425013381,0.509586918590544,3.1560352,0.22510384,-1.861001,30.772131,97.54534,-6.4357505,WAL
1795687289000,8.169901,-3.04433948028546,-11.4202697181088,0.788322390258698,3.1975741,0.20830505,-1.9346102,30.564047,96.691345,-5.896471,WAL
1795692311000,8.174923,-3.74213130144813,-11.4473099933012,0.839783375549207,3.1832187,0.1994475,-1.9523253,30.455376,95.906944,-5.4266505,WAL
1795697296000,8.179908,-4.41936665697961,-11.4943401854005,0.778644076711654,3.1355712,0.20647246,-1.9297233,30.351833,95.18565,-4.957124,WAL
1795702406000,8.185018,-5.0970582160383,-11.580879540395,0.392971912108518,3.0469959,0.20677789,-1.8674151,30.333311,94.646385,-4.5946326,WAL
1795707323000,8.189935,-5.7405066641532,-11.6842071615799,-0.147149081565929,2.944065,0.22999077,-1.7690657,30.329615,85.740074,-4.2587085,WAL
1795712304000,8.194916,-6.38095729753299,-11.885189146682,-0.770192099124116,2.8283062,0.2761111,-1.6404786,30.401625,85.85492,-4.057734,WAL
1795717307000,8.199919,-7.01777834635686,-12.1417495693249,-1.43908322948174,2.7284296,0.25411993,-1.5305228,30.46307,85.81521,-3.886858,WAL
1795722306000,8.204918,-7.58657469134328,-12.4437305074627,-1.8504677719403,2.604424,0.14202617,-1.4624114,30.555275,85.59693,-3.8573937,WAL
1795727304000,8.209916,-8.09897253233145,-12.7836871106536,-2.04754403083891,2.3970351,-0.09743301,-1.4117095,30.602167,85.33316,-3.8539207,WAL
1795732295000,8.214907,-8.42741856349953,-12.9677619529633,-2.08010412568203,2.1563544,-0.4877759,-1.3778065,30.614279,85.02708,-3.970649,WAL
1795737319000,8.219931,-8.63562578984008,-13.0492344075259,-2.00315809189087,1.9498819,-0.8142834,-1.4080443,30.572714,84.75619,-4.074078,WAL
1795742310000,8.224922,-8.57403322573992,-13.1362484907703,-2.41077863522739,1.7208074,-0.8863655,-1.5470163,30.539852,84.509766,-4.213589,WAL
1795747295000,8.229907,-8.21956152985459,-13.2297898540786,-3.34618877258946,1.3939945,-0.81489426,-1.6395624,30.450136,84.325714,-4.343275,WAL
1795752363000,8.234975,-6.67184263822986,-12.498169820752,-3.44110114288351,1.2195925,-0.79504114,-1.7745636,30.346552,84.16544,-4.4404526,WAL
1795757338000,8.23995,-4.16301355220052,-11.0910031783737,-2.82083706074031,0.93462384,-0.9053023,-1.707063,30.217758,84.069595,-4.557057,WAL
1795762303000,8.244915,-2.45966428402107,-10.2617125575066,-2.20059992932397,0.8549059,-0.93462384,-1.5241088,30.056282,84.10821,-4.6153116,WAL
1795767308000,8.24992,-1.61333929031314,-10.0513004240562,-1.57403896356453,0.9294315,-0.7696902,-1.3350459,29.917421,84.14874,-4.687394,WAL
1795772288000,8.2549,-0.977738763208095,-9.94066917117961,-1.10772333575377,1.0928379,-0.45478916,-1.2208142,29.648775,84.404564,-4.425956,WAL
1795777307000,8.259919,-0.61745773198351,-9.96318648463412,-0.851023093834911,1.2275337,-0.22693644,-1.1930199,29.407047,84.61849,-4.20096,WAL
1795782282000,8.264894,-0.339262000264484,-9.97468131281486,-0.581902601876574,1.3289373,0.004276057,-1.1872166,29.229296,84.81442,-3.8776774,WAL
1795787322000,8.269934,-0.253143105554156,-9.95948381911209,-0.27288773940806,1.4437801,0.28924468,-1.2366967,29.134161,84.96713,-3.5582814,WAL
1795792244000,8.274856,-0.0511651673909548,-9.98282078919598,0.179378897670352,1.5891659,0.51251596,-1.3219124,29.081549,85.07138,-3.1807747,WAL
1795797298000,8.27991,0.352583390289447,-10.0703807042714,0.894451661051256,1.6801848,0.643852,-1.3683381,29.081852,85.125916,-2.812527,WAL
1795802315000,8.284927,0.741662968485751,-10.1173386684671,1.25566765142485,1.6410894,0.55924714,-1.3646729,29.095493,85.10925,-2.4237328,WAL
1795807344000,8.289956,1.113932122317,-10.1038831195288,1.0897163182995,1.4966198,0.37751472,-1.3414601,29.114115,85.057785,-2.0379322,WAL
1795812239000,8.294851,1.38304525959168,-10.0514568196075,0.872197844160174,1.3561208,0.33078352,-1.3127494,29.13695,84.90037,-1.5931035,WAL
1795817313000,8.299925,1.35908200719992,-9.86933630160765,0.464822258238485,1.3100005,0.4392121,-1.2345587,29.146534,84.702614,-1.179359,WAL
1795822248000,8.30486,1.28420155128668,-9.68786198803532,0.00274454191149939,1.3289373,0.5946773,-1.1600331,29.150446,84.49085,-0.71839595,WAL
1795827306000,8.309918,1.01281898241383,-9.48547474655778,-0.719409095461969,1.3350459,0.7556403,-1.0983357,29.180725,84.255775,-0.29092976,WAL
1795832278000,8.31489,0.718259547482355,-9.27406731507426,-1.4412645712525,1.3255776,0.9596693,-1.0268645,29.291737,84.010445,0.09221698,WAL
1795837324000,8.319936,0.193933131923523,-8.95845338354577,-2.27102380405562,1.3249667,1.2186762,-0.9605856,29.456623,83.74443,0.44186208,WAL
1795842274000,8.324886,-0.297135068923168,-8.64931482295146,-3.01667347213598,1.3362677,1.3579534,-0.90224797,29.71908,83.50549,0.71830964,WAL
1795847295000,8.329907,-0.708159639295539,-8.33750322450383,-3.51746198377874,1.3762794,1.642922,-0.8753699,30.090134,83.257645,0.9638935,WAL
1795852340000,8.334952,-1.10345312721656,-8.02417480784677,-3.95628140249202,1.389413,1.8869628,-0.8060367,30.551512,83.09144,1.085376,WAL
1795857329000,8.339941,-1.41833685993204,-7.71421102749459,-4.11372347434868,1.4056009,2.0674734,-0.7644979,31.070759,82.91949,1.1929213,WAL
1795862320000,8.344932,-1.69484100180663,-7.42528871689498,-4.22487698710542,1.4135422,2.201253,-0.7333437,31.684301,82.814804,1.1973662,WAL
1795867316000,8.349928,-1.85157207800278,-7.20206561187215,-4.19163067513401,1.398576,2.3173172,-0.7113526,32.338127,82.722694,1.1809872,WAL
1795872329000,8.354941,-1.99800555392889,-6.98557890249975,-4.11116431669157,1.3741413,2.4193318,-0.6945538,33.052643,82.65749,1.0935421,WAL
1795877310000,8.359922,-2.10727235351061,-6.79554985838064,-3.87362796193606,1.3472633,2.5027149,-0.68966687,33.7896,82.60681,0.9939447,WAL
1795882278000,8.36489,-2.20703790455172,-6.6004712070936,-3.59540498297537,1.312444,2.579073,-0.6783658,34.562157,82.569664,0.85132897,WAL
1795887290000,8.369902,-2.27324331365517,-6.38293904985222,-3.16034052035468,1.2641857,2.6273315,-0.6918049,35.345886,82.5518,0.7067273,WAL
1795892314000,8.374926,-2.32856942760555,-6.18117624436828,-2.73292278359558,1.2067643,2.6493225,-0.6960809,36.14871,82.52257,0.53426164,WAL
1795897309000,8.379921,-2.33602177462221,-6.05076137772239,-2.34540455170587,1.1236867,2.6484063,-0.70341134,36.9531,82.52247,0.3602795,WAL
1795902328000,8.38494,-2.34350992871164,-5.91971989309861,-1.95602437035364,1.0311406,2.6160305,-0.72784597,37.758858,82.48058,0.1757308,WAL
1795907312000,8.389924,-2.31694244586176,-5.7266435426283,-1.50745075726491,0.9459248,2.5912905,-0.74097955,38.559124,82.46926,-0.014541472,WAL
1795912300000,8.394912,-2.26970702792445,-5.49519028080688,-1.02092660356966,0.8414669,2.5778513,-0.74067414,39.3472,82.49722,-0.20478146,WAL
1795917307000,8.399919,-2.20374270242411,-5.29834362983184,-0.449149918724612,0.72326446,2.5405886,-0.7486154,40.104515,82.499626,-0.38242683,WAL
1795922318000,8.40493,-2.1251403687268,-5.12541816739463,0.179669188591396,0.605062,2.4871378,-0.73853606,40.845715,82.53832,-0.5671865,WAL
1795927307000,8.409919,-2.0813511236255,-5.02689234252988,0.767199503800797,0.49968776,2.418721,-0.7281514,41.61489,82.504776,-0.710655,WAL
1795932323000,8.414935,-2.04785893191235,-4.95033913974104,1.34613461305976,0.3747658,2.3286183,-0.6994407,42.35357,82.517,-0.86273336,WAL
1795937293000,8.419905,-2.0467787215859,-4.95281226475771,1.79229729955947,0.25411993,2.2088888,-0.66248333,43.078476,82.46812,-0.9663638,WAL
1795942312000,8.424924,-2.0559849960927,-4.98043108827811,2.20197689963608,0.10323623,2.1423044,-0.6261369,43.785088,82.46735,-1.0797665,WAL
1795947280000,8.429892,-2.12687025356831,-4.9216594786387,2.44469506619089,-0.049785517,1.9969184,-0.6072,44.43621,82.416985,-1.1571826,WAL
1795952347000,8.434959,-2.23052737658025,-4.81800240482571,2.60960409645597,-0.12797627,1.8353447,-0.57757306,45.0569,82.38834,-1.247455,WAL
1795957367000,8.439979,-2.3029959251073,-4.73166187167382,2.65805712575107,-0.26053402,1.6551393,-0.5467244,45.627285,82.35747,-1.3215162,WAL
1795962309000,8.444921,-2.35598566477888,-4.65659308533308,2.63597812519127,-0.41508293,1.4691309,-0.5207626,46.144985,82.35361,-1.3982819,WAL
1795967300000,8.449912,-2.38222614705247,-4.57524017484345,2.4897092597927,-0.54183745,1.2928963,-0.49205196,46.62301,82.345406,-1.4906639,WAL
1795972303000,8.454915,-2.3770531033902,-4.48729837856834,2.20001865265601,-0.64996064,1.1377366,-0.4596761,47.049404,82.371605,-1.5862973,WAL
1795977336000,8.459948,-2.3408260585948,-4.45036318962464,1.92233709239654,-0.745561,1.0030408,-0.43585235,47.439865,82.42207,-1.6914535,WAL
1795982283000,8.464895,-2.28610823909528,-4.44580342688162,1.65786780606352,-0.79259765,0.8872818,-0.41050145,47.787003,82.48328,-1.8014946,WAL
1795987286000,8.469898,-2.24247407433277,-4.50163887761683,1.39863559809505,-0.850019,0.7910705,-0.3744604,48.10501,82.60226,-1.9245217,WAL
1795992322000,8.474934,-2.20897855358667,-4.61169573853557,1.14502650540728,-0.88789266,0.6957755,-0.35338554,48.38709,82.72277,-2.0461447,WAL
1795997297000,8.479909,-2.15356653847995,-4.69601682136445,0.935793276062238,-0.93370754,0.61086524,-0.32711834,48.657173,82.885704,-2.1679106,WAL
1796002358000,8.48497,-2.07621844661879,-4.75886211445242,0.761760195571514,-0.9642508,0.537256,-0.29749137,48.900314,83.04617,-2.2929447,WAL
1796007351000,8.489963,-2.0066962333081,-4.82630471907646,0.642052056188494,-1.0012082,0.47433686,-0.28069258,49.1365,83.245,-2.4152503,WAL
1796012302000,8.494914,-1.94388337229372,-4.89809084595004,0.570265882465935,-1.0433578,0.4092797,-0.25992316,49.348625,83.441414,-2.5431902,WAL
1796017296000,8.499908,-1.90778789993696,-4.96366857838832,0.558777219909645,-1.0974194,0.35369098,-0.24007004,49.554962,83.66716,-2.6531084,WAL
1796022316000,8.504928,-1.91283891233452,-5.01922966201933,0.639593471012818,-1.1386528,0.3145956,-0.2125811,49.746185,83.8865,-2.768128,WAL
1796027306000,8.509918,-1.99636963507044,-5.06449228912623,0.787234514483013,-1.1878275,0.2996294,-0.19394971,49.940205,84.11827,-2.8663657,WAL
1796032297000,8.514909,-2.15920173383666,-5.09969921946414,1.00287710066292,-1.2406673,0.32803464,-0.13775012,50.13395,84.33874,-2.9815755,WAL
1796037265000,8.519877,-2.29513403103086,-5.1760426599832,1.21120464667227,-1.2846496,0.35216382,-0.070554934,50.321804,84.54258,-3.0955315,WAL
1796042305000,8.524917,-2.37620417169851,-5.34324971268108,1.40881296243964,-1.3439035,0.40408736,-0.010995574,50.524666,84.737144,-3.2225764,WAL
1796047326000,8.529938,-2.35342425801646,-5.64616369188554,1.62200917044296,-1.3713925,0.4654793,0.015882496,50.729454,84.87431,-3.3798532,WAL
1796052411000,8.535023,-2.18638863585849,-6.1424983626029,1.86063161595453,-1.450805,0.54000485,0.09865474,50.949497,84.9894,-3.5681422,WAL
1796057297000,8.539909,-1.97408595155027,-6.65193082718308,2.18120559677747,-1.5173893,0.61391956,0.19333886,51.176647,85.047356,-3.7735796,WAL
1796062311000,8.544923,-1.67144046300701,-7.22793325495578,2.65958059722476,-1.5793921,0.69974613,0.2828306,51.42555,85.07287,-3.9983797,WAL
1796067369000,8.549981,-1.30541451061947,-7.87391198042371,3.17941515781711,-1.6233743,0.7623598,0.40683624,51.6754,85.068634,-4.195702,WAL
1796072300000,8.554912,-0.866403507817109,-8.59152609207115,3.73662155181908,-1.6013832,0.784351,0.5006041,51.935246,85.02629,-4.405695,WAL
1796077253000,8.559865,-0.367716600353898,-9.394097350412,4.3650037025037,-1.5030339,0.79137594,0.59712076,52.16964,84.96626,-4.5588307,WAL
1796082303000,8.564915,0.439523418925628,-10.6356125891612,5.36128073028734,-1.3600914,0.7675522,0.63194007,52.39822,84.88332,-4.7169976,WAL
1796087247000,8.569859,1.28220129383127,-11.9318599104425,6.29597368737022,-1.1725558,0.70005155,0.6377433,52.55488,84.840485,-4.7555146,WAL
1796092319000,8.574931,2.29078452116722,-13.4839029020764,7.14298782046165,-0.9193522,0.5665775,0.58551437,52.68304,84.78131,-4.787191,WAL
1796097303000,8.579915,3.16808216534636,-14.8865409617797,7.70691948463124,-0.61117065,0.37659842,0.4896085,52.688843,84.79179,-4.6230083,WAL
1796102345000,8.584957,3.7825323022045,-16.0115908104221,7.63335842611345,-0.30176744,0.25534168,0.3295618,52.67929,84.76696,-4.43761,WAL
1796107342000,8.589954,4.37860173408201,-17.0926374527097,7.52152266464043,-0.065973446,0.30024028,0.13897185,52.602177,84.77574,-4.021111,WAL
1796112304000,8.594916,4.80454971149804,-17.7291103195961,6.90952877622089,0.06352998,0.50915617,-0.053145275,52.5493,84.687065,-3.595005,WAL
1796117314000,8.599926,5.19386155845674,-18.3015977926734,6.35518539555729,0.14569137,0.7480045,-0.2764165,52.54278,84.59699,-3.0212722,WAL
1796122314000,8.604926,5.29649664224474,-18.3809070288387,6.2478848791894,0.1881465,0.91507614,-0.50854534,52.581844,84.41072,-2.4464083,WAL
1796127317000,8.609929,5.34167798974264,-18.3456571633374,6.15573885250395,0.22021692,0.9407325,-0.6753115,52.672775,84.24238,-1.831007,WAL
1796132297000,8.614909,4.65484941926972,-16.8523590735854,6.2576553414011,0.25809056,0.8378017,-0.7199047,52.773758,83.99475,-1.2366897,WAL
1796137248000,8.61986,3.97202045292205,-15.3677568964044,6.35897834070426,0.32528573,0.75319684,-0.6783658,52.883076,83.69669,-0.65648943,WAL
1796142310000,8.624922,2.91793946701296,-13.4453686348647,6.26795990084826,0.35643986,0.59528816,-0.6310238,52.93868,83.35696,-0.101098806,WAL
1796147289000,8.629901,1.84539182657263,-11.5138739725505,6.15888738894396,0.36071593,0.46792278,-0.5183192,52.970886,82.98083,0.3905515,WAL
1796152330000,8.634942,0.69038339959068,-9.74866267816961,5.75351717255458,0.3286455,0.38759398,-0.39064834,52.96476,82.568924,0.77570957,WAL
1796157356000,8.639968,-0.476569769993703,-8.03106916700252,5.28370480683249,0.24831672,0.33475417,-0.25961772,52.922398,82.17431,1.1146461,WAL
1796162306000,8.644918,-1.39976715114461,-7.17607083539922,4.61287680522055,0.12370021,0.29718593,-0.10445796,52.88463,81.81018,1.2880499,WAL
1796167299000,8.649911,-2.31196557680998,-6.3840156242695,3.91871594301135,-0.019242255,0.2602286,0.096516706,52.825287,81.48782,1.4100162,WAL
1796172316000,8.654928,-3.33570612606697,-6.02346042965638,3.03907140389582,-0.18509217,0.19547687,0.30268374,52.787453,81.268555,1.3636323,WAL
1796177244000,8.659856,-4.37379919500985,-5.80138084847888,2.11976502998468,-0.3576616,0.0720821,0.52320606,52.713806,81.10011,1.2608095,WAL
1796182300000,8.664912,-5.24003591085384,-6.4501628566136,1.20641429934105,-0.56688297,-0.087659165,0.7483099,52.659786,81.09348,0.9783203,WAL
1796187248000,8.66986,-6.07209187727931,-7.15421012468886,0.314925873681621,-0.79809546,-0.24281894,0.95294976,52.562992,81.135,0.64486885,WAL
1796192306000,8.674918,-6.52094515005476,-8.55444869529025,-0.244748784348302,-1.0277808,-0.39400807,1.1224649,52.477135,81.3445,0.1320089,WAL
1796197285000,8.679897,-6.89523588526835,-10.0472601919222,-0.736549641140015,-1.2363913,-0.58368176,1.2357804,52.330036,81.57818,-0.41460967,WAL
1796202343000,8.684955,-7.4441732689468,-11.9091348743214,-1.10179762482519,-1.3628404,-0.83199847,1.3277156,52.189503,81.94594,-1.1182294,WAL
1796207247000,8.689859,-8.05609076818675,-13.8774692217698,-1.3924584183279,-1.4013249,-1.099252,1.3900238,51.98804,82.263855,-1.8346905,WAL
1796212306000,8.694918,-8.62578512304493,-15.233375289576,-1.52162656569026,-1.3319917,-1.2867876,1.4236214,51.78699,82.581184,-2.6049993,WAL
1796217290000,8.699902,-9.17382010360727,-16.4243800645511,-1.61224641879577,-1.153619,-1.310306,1.4419475,51.558475,82.7527,-3.3731964,WAL
1796222315000,8.704927,-9.18505610971163,-17.3335728210143,-1.40104520271793,-0.88300574,-1.0708468,1.409877,51.39166,82.7956,-4.173652,WAL
1796227276000,8.709888,-8.86485428162634,-18.0527128255441,-1.00735499252569,-0.56169057,-0.70829827,1.3151928,51.256752,82.670395,-4.9404554,WAL
1796232300000,8.714912,-7.47554464930418,-17.7464014373757,0.208325083459245,-0.24312437,-0.46914452,1.1551461,51.175346,82.39763,-5.709657,WAL
1796237304000,8.719916,-5.83208480914513,-17.1890548230616,1.61836615596421,-0.0067195175,-0.44929138,0.9599747,51.13624,82.04067,-6.41651,WAL
1796242302000,8.724914,-4.35961085142269,-16.0663381636091,2.55475218390116,0.12461651,-0.5925393,0.8765916,51.10783,81.6477,-7.026125,WAL
1796247307000,8.729919,-2.92847255991202,-14.7967077648821,3.3712636865219,0.13775012,-0.8197812,0.7290677,51.065018,81.28676,-7.5381293,WAL
1796252309000,8.734921,-1.81009243075206,-13.2483546265073,3.59860516938862,0.047036625,-1.0467176,0.59773165,50.911415,81.01629,-7.8123393,WAL
1796257274000,8.739886,-0.859517883094986,-11.56850249249,3.52316269287074,-0.18051068,-1.2779301,0.48349985,50.69606,80.804245,-8.034529,WAL
1796262271000,8.744883,-0.312468577389486,-10.0697448933692,2.90586000953803,-0.44959682,-1.5326608,0.41599923,50.36685,80.72115,-8.04957,WAL
1796267285000,8.749897,0.108239658942652,-8.62595101344086,2.11703211009558,-0.7431176,-1.7864754,0.39553526,49.976097,80.69356,-8.037491,WAL
1796272272000,8.754884,0.143069971355832,-7.41309857694888,0.882170036352872,-1.0485502,-1.9798143,0.38973203,49.52335,80.78526,-7.9224396,WAL
1796277261000,8.759873,0.0534908222172883,-6.27214312591277,-0.499234734872706,-1.3518448,-2.0650299,0.3915646,49.033955,80.92139,-7.8002243,WAL
1796282284000,8.764896,-0.320179322692536,-5.35913637319343,-1.75161325491982,-1.6136005,-2.0366247,0.4129449,48.60674,81.199234,-7.60727,WAL
1796287264000,8.769876,-0.797009871158186,-4.54238709067511,-2.94132904347654,-1.8203784,-1.9908098,0.45142943,48.166504,81.49612,-7.4239655,WAL
1796292275000,8.774887,-1.30582541627109,-4.02952119888977,-3.68509327386756,-1.9834795,-2.019826,0.505491,47.731407,81.806076,-7.341098,WAL
1796297315000,8.779927,-1.82979478111862,-3.64368915428304,-4.2424061083687,-2.1160371,-2.1700988,0.58032197,47.28552,82.088745,-7.279578,WAL
1796302348000,8.78496,-2.3530364107372,-3.25839298751604,-4.79894489726636,-2.2379048,-2.341141,0.63713247,46.93885,82.337234,-7.2886596,WAL
1796307417000,8.790029,-2.88002067867611,-2.87034087757328,-5.35946449212474,-2.2983804,-2.5051584,0.67011917,46.568825,82.50029,-7.3192177,WAL
1796312336000,8.794948,-3.2532759136651,-2.78371839314739,-5.75283871507976,-2.3118196,-2.6050348,0.68325275,46.097126,82.41659,-7.5417776,WAL
1796317203000,8.799815,-3.55724611507976,-2.83515956049965,-6.07083854329287,-2.2812762,-2.6508498,0.7162395,45.60908,97.7849,-7.7847977,WAL
1796322228000,8.80484,-3.7721722026975,-3.00553246718386,-6.29087250373187,-2.2064452,-2.6331346,0.7632761,45.111935,98.20009,-8.144589,WAL
1796327227000,8.809839,-3.93238485510597,-3.23856910780854,-6.45108500405638,-2.0289888,-2.5616634,0.82924956,44.631157,98.7177,-8.525645,WAL
1796332215000,8.814827,-3.98075807318662,-3.65528290245732,-6.60484469141419,-1.7669277,-2.3964243,0.89949906,44.206245,99.37182,-8.97635,WAL
1796337231000,8.819843,-3.97601740124346,-4.16253514688641,-6.7565463916017,-1.466382,-2.2742512,0.94225967,43.80359,100.06957,-9.441812,WAL
1796342226000,8.824838,-3.94959494887785,-4.82459843702085,-6.76264747914598,-1.2916746,-1.9743165,1.0253373,43.52824,100.8393,-9.951047,WAL
1796347211000,8.829823,-3.9116681580139,-5.56891210375372,-6.69153474627607,-0.9627236,-1.6450601,1.1172725,43.311737,101.5887,-10.470708,WAL
1796352317000,8.834929,-3.90989755461048,-6.57159908631355,-6.28920563776339,-0.6563747,-1.2956452,1.208597,43.238037,102.32191,-10.973671,WAL
1796357310000,8.839922,-3.92838468486372,-7.68313880625363,-5.71610418970133,-0.45448375,-0.8738427,1.2776246,43.29694,103.04435,-11.480172,WAL
1796362302000,8.844914,-3.94686811250725,-8.79445590658225,-5.14311752262227,-0.37843102,-0.35888332,1.3106114,43.535038,103.676865,-11.924726,WAL
1796367302000,8.849914,-3.96538116102842,-9.90755396380244,-4.5692126076793,-0.4184427,0.17195857,1.3164146,43.912605,104.30239,-12.359012,WAL
1796372307000,8.854919,-3.85631366372881,-11.0312234558325,-3.90179172307079,-0.5448918,0.6640105,1.2867876,44.437416,104.92451,-12.76827,WAL
1796377308000,8.85992,-3.62711190033898,-12.1629063772682,-3.14733597674975,-0.7144069,1.0323622,1.2577715,45.087917,105.557655,-13.156735,WAL
1796382287000,8.864899,-2.7505650843567,-13.1070497057011,-2.21815965101117,-0.8527679,1.2299771,1.2412782,45.767643,105.94906,-13.406967,WAL
1796387320000,8.869932,-1.22806681260978,-13.8822247657935,-1.10413648455797,-0.97035944,1.287704,1.1869112,46.505062,106.34863,-13.62917,WAL
1796392306000,8.874918,-0.121313228754495,-14.1933028241111,-0.342413894660408,-1.0687088,1.2574661,1.0961977,47.14832,106.63969,-13.782077,WAL
1796397290000,8.879902,0.460304652100479,-13.9072609487615,-0.0277681503695566,-1.149343,1.1691961,0.9569204,47.77938,106.92486,-13.907782,WAL
1796402292000,8.884904,0.937398356778868,-13.4539206249656,0.145727677674035,-1.1951579,1.0320568,0.77457714,48.23052,106.89407,-13.78513,WAL
1796407347000,8.889959,1.27484834280565,-12.7701404231863,0.127967148677428,-1.2599095,0.8219192,0.5348125,48.615726,106.84817,-13.628264,WAL
1796412261000,8.894873,1.52754690652585,-12.0781280875368,0.123382400644178,-1.3292428,0.5717699,0.30451632,48.851414,106.74793,-13.41251,WAL
1796417319000,8.899931,1.54790822676545,-11.2789476102354,0.159014644622741,-1.357648,0.22327125,0.08277224,48.97849,106.6121,-13.16082,WAL
1796422243000,8.904855,1.48057519630783,-10.667797725607,0.193660316851122,-1.3591752,-0.2284636,-0.084910266,48.964367,106.475075,-12.887597,WAL
1796427307000,8.909919,1.2362020985891,-10.3745496743014,0.229205486265689,-1.3295482,-0.8002335,-0.24862215,48.799202,106.2987,-12.588466,WAL
1796432269000,8.914881,0.928106663669096,-10.1059135447921,0.193902619209173,-1.246776,-1.4001031,-0.39370266,48.479523,106.1246,-12.307287,WAL
1796437319000,8.919931,0.23883725046721,-9.93489214530647,-0.225877986823832,-1.1636983,-1.6807957,-0.5326745,48.07842,105.91529,-12.001734,WAL
1796442242000,8.924854,-0.44226815707122,-9.78705928195122,-0.653705324794146,-1.1294898,-2.1319196,-0.59315014,47.443035,105.732925,-11.772027,WAL
1796447293000,8.929905,-1.16431546657561,-9.68323536097561,-1.13978944811707,-1.0961977,-2.4092526,-0.68752885,46.77195,105.49836,-11.500951,WAL
1796452355000,8.934967,-1.8545504067501,-9.54760067398441,-1.58290621981945,-1.0525209,-2.479502,-0.7483099,46.087177,105.35147,-11.314835,WAL
1796457333000,8.939945,-2.43652911189988,-9.32263419121871,-1.89101265621666,-1.0192287,-2.4104743,-0.7770206,45.367615,105.183365,-11.116415,WAL
1796462277000,8.944889,-2.92845102313405,-9.07439246490902,-2.1263143575195,-1.0170907,-2.2385156,-0.7706065,44.681667,105.15782,-11.022083,WAL
1796467295000,8.949907,-3.21843119036391,-8.76210628147048,-2.19323282539918,-1.0235047,-1.9788979,-0.700357,44.052544,105.12901,-10.926576,WAL
1796472290000,8.954902,-3.48295374234857,-8.46578913566059,-2.2447818391774,-1.0348058,-1.6811012,-0.56321776,43.522717,105.21634,-10.924499,WAL
1796477304000,8.959916,-3.59912993766526,-8.25833136550592,-2.20329037179642,-1.0797043,-1.3967434,-0.36774087,43.07959,105.331406,-10.943003,WAL
1796482319000,8.964931,-3.71532930334399,-8.05083221964918,-2.16179062929232,-1.1151345,-1.128879,-0.1554652,42.741867,105.53516,-11.0357065,WAL
1796487320000,8.969932,-3.67504190843374,-7.95188021240964,-2.19072921493976,-1.1545353,-0.8686504,0.040927973,42.50144,105.77749,-11.160622,WAL
1796492316000,8.974928,-3.60298514216867,-7.87501976204819,-2.2339632746988,-1.1823297,-0.60139686,0.18417588,42.355904,106.04889,-11.311178,WAL
1796497310000,8.979922,-3.19563723032298,-7.84607226940959,-2.13793493569224,-1.1710287,-0.3930918,0.30298916,42.2666,106.38533,-11.522291,WAL
1796502325000,8.984937,-2.72138727120963,-7.8263117663238,-2.01443233303847,-1.1218541,-0.2910773,0.41050145,42.23668,106.73802,-11.7569475,WAL
1796507365000,8.989977,-2.16363031001328,-7.96127066659855,-1.81149305203842,-1.0552697,-0.2910773,0.4841107,42.234303,107.10456,-12.008115,WAL
1796512245000,8.994857,-1.61448306734444,-8.10930165464391,-1.60615973478083,-0.9660834,-0.38637227,0.5311473,42.244183,107.46455,-12.27659,WAL
1796517304000,8.999916,-1.16898522640635,-8.357871312045,-1.45869790774322,-0.890947,-0.52656585,0.539394,42.208054,107.76723,-12.503662,WAL
1796522274000,9.004886,-0.741483184050298,-8.60987267868961,-1.31919728630046,-0.8145888,-0.7125743,0.52748215,42.13854,108.04967,-12.741664,WAL
1796527303000,9.009915,-0.369753357969493,-8.77773244270008,-1.27346588459786,-0.768163,-0.88086766,0.48349985,41.98453,108.23679,-12.905572,WAL
1796532299000,9.014911,-0.0143225281517433,-8.92464359345285,-1.24977046427298,-0.73639804,-0.9624182,0.43493605,41.80581,108.40167,-13.065398,WAL
1796537286000,9.019898,0.166630066988353,-9.02826736605657,-1.37176204642263,-0.7174612,-1.087951,0.398895,41.50797,108.486374,-13.171117,WAL
1796542310000,9.024922,0.304504927820299,-9.12166648899981,-1.53187476226659,-0.7150178,-1.1362094,0.33964106,41.208523,108.547516,-13.251352,WAL
1796547306000,9.029918,0.33670937218759,-9.13191715536042,-1.68672860751713,-0.7113526,-1.1242975,0.28985557,40.85585,108.56104,-13.279121,WAL
1796552371000,9.034983,0.308624922259963,-9.09447144369391,-1.84119312121972,-0.73853606,-1.0693196,0.24801129,40.502243,108.564384,-13.288089,WAL
1796557416000,9.040028,0.168174009479625,-9.0600431295198,-1.94332411696958,-0.79198676,-0.981355,0.23182335,40.152264,108.57615,-13.271371,WAL
1796562309000,9.044921,-0.0469826022307251,-9.02866595963268,-2.00607808230342,-0.8393288,-0.8781188,0.21624629,39.8228,108.57921,-13.2355,WAL
1796567284000,9.049896,-0.325213274565879,-8.93880928650919,-1.96218662429396,-0.9086621,-0.7663304,0.21777347,39.531136,108.62805,-13.200008,WAL
1796572315000,9.054927,-0.674240360008399,-8.78200001501312,-1.79526063241995,-0.9978484,-0.70157874,0.23548855,39.257957,108.68648,-13.159338,WAL
1796577306000,9.059918,-0.986744462533013,-8.59797754201681,-1.62866072304922,-1.0839803,-0.6621779,0.26236662,39.02256,108.7963,-13.149413,WAL
1796582302000,9.064914,-1.27393366487795,-8.39215843557423,-1.46113368751501,-1.169807,-0.6404922,0.30695978,38.805244,108.92663,-13.1449795,WAL
1796587307000,9.069919,-1.49480092697083,-8.18772307975956,-1.3000987296216,-1.2315043,-0.6047566,0.3481932,38.603485,109.09691,-13.193688,WAL
1796592313000,9.074925,-1.66487326542176,-7.98458139536855,-1.14419912303902,-1.2660183,-0.5852089,0.41263947,38.411686,109.28567,-13.258223,WAL
1796597302000,9.079914,-1.78400455306062,-7.8348783728078,-1.01875608070071,-1.2712106,-0.57879484,0.4718934,38.22426,109.51461,-13.37533,WAL
1796602406000,9.085018,-1.86184672541057,-7.72784535407584,-0.916588194565542,-1.2577715,-0.5714644,0.52931476,38.05197,109.750656,-13.50415,WAL
1796607367000,9.089979,-1.95763843410975,-7.6933970529017,-0.840774046308725,-1.207986,-0.5983425,0.5876524,37.866188,110.00742,-13.681301,WAL
1796612345000,9.094957,-2.07056391210028,-7.71692316344256,-0.784311331879195,-1.1414018,-0.6542367,0.6407976,37.68373,110.25917,-13.868838,WAL
1796617338000,9.09995,-2.13548813185028,-7.77566765925138,-0.794315466816907,-1.0613784,-0.68600166,0.68477994,37.498096,110.51253,-14.079243,WAL
1796622346000,9.104958,-2.15404335552761,-7.86844377763807,-0.868536439026985,-0.9975429,-0.70463306,0.72234815,37.309277,110.756424,-14.2991905,WAL
1796627336000,9.109948,-2.18086825312103,-8.02526957223796,-0.928370253380873,-0.93462384,-0.7318166,0.7535023,37.100334,111.00283,-14.545937,WAL
1796632340000,9.114952,-2.21831852738107,-8.2640156572238,-0.970501831476018,-0.895223,-0.7492262,0.7788532,36.89631,111.24009,-14.795196,WAL
1796637296000,9.119908,-2.24664534336745,-8.50676130880246,-0.978970202767656,-0.8579602,-0.77549344,0.79137594,36.683758,111.47536,-15.049281,WAL
1796642345000,9.124957,-2.26149276247697,-8.76411715905834,-0.934427769731832,-0.82833326,-0.81306165,0.8002335,36.470142,111.70154,-15.303854,WAL
1796647267000,9.129879,-2.26156565879126,-9.04883580532562,-0.891487348241747,-0.8051204,-0.8558222,0.7974846,36.240795,111.9145,-15.553223,WAL
1796652447000,9.135059,-2.24177601303481,-9.39515602672784,-0.846960477393039,-0.8045095,-0.8875872,0.7687739,36.00802,112.11583,-15.791831,WAL
1796657315000,9.139927,-2.22125635794448,-9.88505220318961,-0.789130564305966,-0.79412484,-0.91874135,0.73456544,35.73641,112.293564,-16.023764,WAL
1796662346000,9.144958,-2.1975406261075,-10.6060106491435,-0.708497046343768,-0.7632761,-0.9443977,0.69974613,35.460503,112.45491,-16.241589,WAL
1796667267000,9.149879,-2.15947251057282,-11.0879568488037,-0.699632678308349,-0.7370089,-0.9691377,0.66553766,35.1494,112.5841,-16.429682,WAL
1796672350000,9.154962,-2.09664848756081,-11.2329356351633,-0.801117525990271,-0.70066243,-1.0122037,0.62888575,34.828213,112.69239,-16.6037,WAL
1796677242000,9.159854,-1.9918785339406,-11.301323711168,-0.875339574964418,-0.63499445,-1.0213667,0.59406644,34.45779,112.72831,-16.729258,WAL
1796682302000,9.164914,-1.80795735242433,-11.250744836512,-0.912123816068887,-0.5479461,-1.0204504,0.5534439,34.08122,112.74182,-16.839607,WAL
1796687257000,9.169869,-1.58421185638009,-11.1953297339367,-0.983117704072398,-0.44929138,-1.0002918,0.5152648,33.70492,112.73554,-16.924448,WAL
1796692313000,9.174925,-1.23365738824535,-11.1222976060332,-1.15352612961287,-0.33505958,-0.9819659,0.47952923,33.332348,112.700516,-16.993532,WAL
1796697294000,9.179906,-0.890794182169715,-11.0632394065546,-1.34668610512487,-0.24831672,-0.9798279,0.44623706,32.94861,112.638245,-17.032534,WAL
1796702365000,9.184977,-0.548127475231641,-11.0361871681367,-1.60819490568192,-0.13836098,-0.91996306,0.4111123,32.590714,112.54251,-17.050892,WAL
1796707375000,9.189987,-0.195291325478502,-10.9899410040123,-1.86768985851991,-0.040927973,-0.8533788,0.37659842,32.22981,112.4189,-17.02109,WAL
1796712302000,9.194914,0.23476743887656,-10.8310062050723,-2.1294648243511,0.06811147,-0.73273283,0.34055737,31.904793,112.266106,-16.9696,WAL
1796717329000,9.199941,0.646523142463443,-10.6833472776857,-2.36492524792357,0.1432479,-0.58184916,0.30115658,31.596933,112.09593,-16.868383,WAL
1796722313000,9.204925,0.851256597023786,-10.6461229973192,-2.36027221895106,0.18570304,-0.43096542,0.23762658,31.322754,111.90062,-16.740892,WAL
1796727364000,9.209976,1.02423975893933,-10.6195158236405,-2.33283450365843,0.14569137,-0.30298916,0.16249016,31.07113,111.69161,-16.555792,WAL
1796732300000,9.214912,0.756547101824719,-10.7342413305169,-2.01840180879101,0.058643065,-0.24862215,0.067500606,30.835567,111.46806,-16.343735,WAL
1796737304000,9.219916,0.485166620422472,-10.8505473346517,-1.6996373831191,-0.017104227,-0.19394971,0.02443461,30.605968,111.23439,-16.102758,WAL
1796742309000,9.224921,0.109770206197015,-10.9493778459701,-1.40411994495522,-0.17715092,-0.22602014,-0.062308256,30.355593,111.00579,-15.82909,WAL
1796748402000,9.231014,-0.367929551828692,-11.0693646142932,-1.05645821463479,-0.31703907,-0.30695978,-0.115453534,30.104616,110.78976,-15.556477,WAL
1796752385000,9.234997,-0.608461892067262,-11.2136840042039,-0.94020089948082,-0.41905355,-0.32070425,-0.11178834,29.82775,110.60087,-15.31587,WAL
1796757303000,9.239915,-0.905458640571729,-11.3918820357331,-0.796652449586968,-0.408058,-0.33505958,-0.095294975,29.51735,110.42356,-15.1230135,WAL
1796762303000,9.244915,-0.937504807303371,-11.6626137191011,-0.832348275365169,-0.3484986,-0.30940324,-0.087659165,29.217714,110.25784,-14.929335,WAL
1796767300000,9.249912,-0.946775491069353,-11.9407342320806,-0.883337079639675,-0.26175576,-0.25228736,-0.087964594,28.927237,110.08906,-14.73906,WAL
1796772311000,9.254923,-0.820178147714078,-12.3345128586979,-1.01004038213353,-0.14538592,-0.1740966,-0.106901415,28.650904,109.914185,-14.577349,WAL
1796777242000,9.259854,-0.673309314658926,-12.7408500580552,-1.14711795965167,-0.011911872,-0.07452556,-0.13041973,28.401161,109.72154,-14.410969,WAL
1796782300000,9.264912,-0.58377558950867,-13.2162089612717,-1.15451448647399,0.10903945,0.019242255,-0.1777618,28.156666,109.50229,-14.227356,WAL
1796787249000,9.269861,-0.501586645390174,-13.6865122405588,-1.14994843799615,0.23487769,0.118202426,-0.25259277,27.943111,109.25085,-14.025697,WAL
1796792310000,9.274922,-0.382063952267447,-14.1151155241149,-1.09224187547626,0.36468655,0.20830505,-0.3359759,27.736328,108.94949,-13.77625,WAL
1796797291000,9.279903,-0.257943690340117,-14.5273720786172,-1.02574888132144,0.49357912,0.31612277,-0.40958515,27.562551,108.61867,-13.506797,WAL
1796802406000,9.285018,-0.128174006934771,-14.9987820324544,-0.953992872744742,0.623388,0.4156938,-0.49357912,27.372162,108.224266,-13.193369,WAL
1796807306000,9.289918,-0.00293019316301911,-15.4696988681542,-0.883856332763958,0.76174897,0.5027421,-0.5693264,27.209599,107.80162,-12.864122,WAL
1796812303000,9.294915,0.0884857411533671,-15.8185068948034,-0.829119755031141,0.8891144,0.56779927,-0.6536258,27.046312,107.30479,-12.476964,WAL
1796817290000,9.299902,0.172143935712729,-16.139196327754,-0.777995288672635,1.0345002,0.6102544,-0.7318166,26.902884,106.77905,-12.078005,WAL
1796822312000,9.304924,0.244956221565495,-16.23642738586,-0.731803040739977,1.2073752,0.6215554,-0.81183994,26.750893,106.1814,-11.63221,WAL
1796827246000,9.309858,0.313133855239617,-16.2656464494486,-0.687974597907864,1.3881912,0.6072,-0.8894198,26.606169,105.5575,-11.17822,WAL
1796832295000,9.314907,0.392728122277021,-15.8998785606046,-0.644420938067018,1.6062702,0.5656612,-0.977079,26.446823,104.86555,-10.691156,WAL
1796837265000,9.319877,0.47318396186139,-15.4550054940837,-0.601826669179676,1.7241671,0.46761733,-1.0256428,26.27288,104.17202,-10.211832,WAL
1796842311000,9.324923,0.44139660519827,-14.7848265673015,-0.532273626834115,1.9960022,0.34788775,-1.0968086,26.064396,103.39658,-9.718746,WAL
1796847276000,9.329888,0.384525227624437,-14.0761215811022,-0.45790335366271,2.2693644,0.2134974,-1.1667526,25.829952,102.611115,-9.23063,WAL
1796852407000,9.335019,0.0387859003751204,-13.4618477718862,-0.364635688085568,2.5237896,0.1133155,-1.2712106,25.57716,101.77842,-8.726463,WAL
1796857383000,9.339995,-0.446766504154712,-12.9279817697572,-0.265592661409033,2.7403414,0.08093964,-1.4074335,25.310087,100.90357,-8.206337,WAL
1796862302000,9.344914,-0.926756913696964,-12.4002311940995,-0.167684171010747,2.9278772,0.06963864,-1.5464053,25.049694,99.99907,-7.686735,WAL
1796867327000,9.349939,-1.41709068233893,-11.8611080709687,-0.0676658412178233,3.066849,0.07422013,-1.6636915,24.78918,99.06676,-7.1432357,WAL
1796872310000,9.354922,-2.01519109364515,-11.6862824057628,0.153969793193014,3.150843,0.098043874,-1.7724255,24.535543,98.11296,-6.57106,WAL
1796877307000,9.359919,-2.66213962655417,-11.6626711616341,0.427860406050622,3.202461,0.12889257,-1.8274034,24.291826,97.16185,-5.989767,WAL
1796882301000,9.364913,-3.30502523657035,-11.7317709114289,0.609943965573429,3.2290337,0.1518,-1.8622227,24.144592,96.33274,-5.5351806,WAL
1796887347000,9.369959,-3.95280752831894,-11.8469320451792,0.749097238513554,3.2253685,0.1863139,-1.847562,24.016535,95.55953,-5.086711,WAL
1796892311000,9.374923,-4.56115395492092,-11.9023479700816,0.34863263120278,3.1902437,0.23182335,-1.7644843,23.973333,94.93633,-4.739334,WAL
1796897291000,9.379903,-5.15688985368188,-11.9287717688123,-0.323972346766395,3.11694,0.31490102,-1.6258179,23.957855,94.45498,-4.42078,WAL
1796902426000,9.385038,-5.77116773322756,-11.9560179950136,-1.01751181702176,2.9987376,0.44043383,-1.4697418,24.032223,85.76567,-4.2261796,WAL
1796907331000,9.389943,-6.35793170580236,-11.9820438449683,-1.67998720194923,2.8527408,0.55680364,-1.3206906,24.131632,85.79536,-4.077102,WAL
1796912323000,9.394935,-6.90580444582135,-12.2301053363735,-2.05426257369882,2.7299569,0.55741453,-1.2198979,24.242762,85.66488,-3.9637952,WAL
1796917289000,9.399901,-7.42915005065926,-12.5742874878557,-2.294718637127,2.5983152,0.419359,-1.1771374,24.34776,85.424644,-3.8810744,WAL
1796922314000,9.404926,-7.73205605107271,-12.8813760613826,-2.43588196346842,2.4440718,0.20799962,-1.2137892,24.470161,85.09372,-4.0119696,WAL
1796927307000,9.409919,-7.92203191500795,-13.1663405763806,-2.52612051991458,2.2522602,0.098043874,-1.3277156,24.58106,84.797775,-4.1280518,WAL
1796932293000,9.414905,-7.86259447901051,-13.1643076903629,-2.72503159237557,2.007914,-0.07727446,-1.3955216,24.658861,84.49165,-4.311629,WAL
1796937318000,9.41993,-7.67174227868332,-13.011625113028,-2.98268251370216,1.8698585,-0.19700404,-1.5360206,24.720903,84.25181,-4.432249,WAL
1796942308000,9.42492,-7.08226195432669,-12.4417278696592,-2.85400605580984,1.6081028,-0.32834008,-1.611768,24.748167,84.0698,-4.562926,WAL
1796947297000,9.429909,-6.27038538699538,-11.6392378355761,-2.51142243679403,1.4040737,-0.5412266,-1.5555683,24.713615,83.912994,-4.677972,WAL
1796952415000,9.435027,-5.29719673829787,-10.9061492819149,-2.53754825,1.287704,-0.63407815,-1.4700472,24.655418,83.84988,-4.745561,WAL
1796957365000,9.439977,-4.26989747411348,-10.252413089539,-2.79437304166667,1.258077,-0.46822822,-1.3396275,24.606989,83.78928,-4.8354955,WAL
1796962339000,9.444951,-3.27889645427019,-9.87107057880435,-2.74792647694099,1.3411547,-0.13225232,-1.2137892,24.54669,83.772285,-4.826541,WAL
1796967359000,9.449971,-2.30842682907609,-9.6844421888587,-2.48198052798913,1.4715744,0.1591304,-1.1801916,24.521463,83.74427,-4.8300743,WAL
1796972344000,9.454956,-1.5606416870524,-9.65652553722436,-2.22719471465709,1.5274686,0.42302418,-1.180497,24.503874,83.84447,-4.7142396,WAL
1796977344000,9.459956,-1.00846891747926,-9.77277224974712,-1.98016998271293,1.5668694,0.70249504,-1.2076806,24.576107,83.91837,-4.609923,WAL
1796982325000,9.464937,-0.669669332895127,-9.88969981891865,-1.5940030082139,1.67316,0.8723156,-1.2333369,24.690435,84.01365,-4.355134,WAL
1796987342000,9.469954,-0.508199292982109,-10.0084277165168,-1.08584725936542,1.8133535,0.9468411,-1.2666291,24.854687,84.08623,-4.1011868,WAL
1796992308000,9.47492,-0.2260544911175,-10.0793550756182,-0.515387138690818,1.8713857,0.94134337,-1.3109168,25.031382,84.157455,-3.7567027,WAL
1796997321000,9.479933,0.174246665518497,-10.1069618885854,0.124174490593253,1.815186,0.87689704,-1.3048081,25.20707,84.19229,-3.4261496,WAL
1797002393000,9.485005,0.476753237711363,-10.1013909832013,0.384078842978437,1.6914859,0.8011498,-1.2773192,25.350645,84.193634,-3.060324,WAL
1797007435000,9.490047,0.646246669186641,-10.0529643202788,0.146788024754388,1.5864171,0.8042041,-1.2513574,25.492445,84.17134,-2.706466,WAL
1797012280000,9.494892,0.676076529633105,-9.94832784930093,-0.222363094638641,1.4899004,0.8588765,-1.2290609,25.59783,84.10723,-2.289608,WAL
1797017352000,9.499964,0.530223666575959,-9.76145413324575,-0.796658803131463,1.4425583,0.9947941,-1.1624765,25.719696,84.01294,-1.9070686,WAL
1797022243000,9.504855,0.35313811126843,-9.56365512788874,-1.36909988273554,1.4278975,1.2034045,-1.0876455,25.884937,83.90974,-1.5205472,WAL
1797027347000,9.509959,0.0771241882066297,-9.31319779692565,-2.01313240190317,1.4547756,1.3295482,-1.0235047,26.057375,83.77619,-1.1637197,WAL
1797032257000,9.514869,-0.188144203439837,-9.02262149150238,-2.52779530373895,1.4914275,1.5534303,-0.99387777,26.396467,83.61492,-0.8578901,WAL
1797037359000,9.519971,-0.463363207371079,-8.63826405321939,-2.88842707944061,1.5012014,1.7424932,-0.9440922,26.752874,83.4385,-0.5884046,WAL
1797042244000,9.524856,-0.706873762124033,-8.28995894004115,-3.20950347810326,1.4966198,1.9007072,-0.8958339,27.21662,83.27693,-0.38480294,WAL
1797047349000,9.529961,-0.917625487214657,-7.96904164504752,-3.4921023140002,1.4676038,2.0002782,-0.8527679,27.710283,83.1182,-0.2059477,WAL
1797052319000,9.534931,-1.10491629394824,-7.6582701755513,-3.70103415492901,1.4459181,2.1087067,-0.81214535,28.283228,82.98358,-0.10066338,WAL
1797057402000,9.540014,-1.25196767332595,-7.34456052867788,-3.75005124726614,1.4248432,2.2146919,-0.79137594,28.877615,82.862,-0.012086017,WAL
1797062274000,9.544886,-1.37888837503376,-7.0680846012541,-3.72708138140073,1.4052955,2.2971587,-0.77396625,29.52142,82.770874,0.02082695,WAL
1797067345000,9.549957,-1.47727188997685,-6.83852298485433,-3.53499927846807,1.3863586,2.3554964,-0.76083267,30.182917,82.69269,0.039984778,WAL
1797072289000,9.554901,-1.56195645261972,-6.6170944050142,-3.31764466301048,1.3524556,2.3802364,-0.7480045,30.875101,82.624214,0.02093453,WAL
1797077347000,9.559959,-1.60939495462736,-6.39887714717462,-2.99031880101851,1.2974777,2.4007003,-0.7367035,31.57732,82.57501,-0.009493962,WAL
1797082330000,9.564942,-1.65344813789257,-6.1874999912533,-2.65008548567655,1.2220359,2.408947,-0.7431176,32.29597,82.51507,-0.058153946,WAL
1797087353000,9.569965,-1.6863930911359,-5.9898303700812,-2.23121421811956,1.1365148,2.3878722,-0.7324274,33.00581,82.48169,-0.120710015,WAL
1797092310000,9.574922,-1.72378586748823,-5.7920424346859,-1.82119179652339,1.063211,2.3322835,-0.7284568,33.712906,82.423454,-0.18870138,WAL
1797097338000,9.57995,-1.79132725696824,-5.57494497102495,-1.42559227274822,0.9804387,2.2800546,-0.73426,34.409092,82.40018,-0.2622221,WAL
1797102320000,9.584932,-1.85741960073442,-5.36315489794363,-1.03653088888277,0.8933904,2.2470677,-0.7330383,35.088596,82.34584,-0.34867305,WAL
1797107382000,9.589994,-1.91972467450656,-5.16733905138162,-0.65825008715689,0.7693848,2.2162192,-0.73884153,35.747536,82.333694,-0.43514702,WAL
1797112684000,9.595296,-1.98371432243296,-4.9634102735775,-0.260628195814258,0.6426302,2.1777346,-0.7324274,36.407745,82.28872,-0.529482,WAL
1797117349000,9.599961,-2.01293327076521,-4.80896708662057,0.119218411454732,0.52381694,2.1261165,-0.7290677,37.047974,82.28495,-0.62443495,WAL
1797122312000,9.604924,-2.04401872426422,-4.6446580755022,0.523329603711109,0.3894266,2.0668626,-0.7150178,37.7184,82.237915,-0.71657884,WAL
1797127345000,9.609957,-2.08944881507618,-4.51198919983961,0.881849537321572,0.22907446,2.0402899,-0.68691796,38.375557,82.238335,-0.81676286,WAL
1797132270000,9.614882,-2.1367281239174,-4.38906330293705,1.22226002779872,0.06872234,1.9669861,-0.6743952,38.99616,82.282326,-0.9157231,WAL
1797137363000,9.619975,-2.20150969695761,-4.26647933117207,1.45622863720698,0.0009162979,1.9016235,-0.64568454,39.636833,82.26608,-1.0098786,WAL
1797142243000,9.624855,-2.26677523072319,-4.14993349177057,1.65668725705736,-0.15851954,1.8212948,-0.6096435,40.246574,82.32318,-1.1084722,WAL
1797147351000,9.629963,-2.30219959023131,-4.13524329693175,1.7600334528484,-0.30848694,1.7318029,-0.5684101,40.846554,82.33596,-1.2104592,WAL
1797152312000,9.634924,-2.32944715484611,-4.14432573943797,1.83723466463391,-0.4269948,1.6392568,-0.5332854,41.417572,82.38386,-1.31933,WAL
1797157411000,9.640023,-2.28937576386199,-4.12853963075061,1.84332660460048,-0.54153204,1.5262468,-0.5143485,41.964214,82.434425,-1.4354529,WAL
1797162243000,9.644855,-2.22868395240113,-4.10519666384181,1.82465223107345,-0.6453791,1.4172074,-0.47891834,42.480125,82.51048,-1.5636225,WAL
1797167347000,9.649959,-2.1442428014771,-4.07382061861152,1.76590942806499,-0.73639804,1.2846496,-0.44073927,42.96241,82.59322,-1.6941919,WAL
1797172297000,9.654909,-2.05554767296898,-4.04114359940916,1.69588698641064,-0.818254,1.149343,-0.4007276,43.408127,82.69598,-1.8312755,WAL
1797177349000,9.659961,-1.98875249124826,-4.0699051968843,1.57903657116491,-0.8872818,1.0345002,-0.3640757,43.82053,82.81189,-1.9599106,WAL
1797182328000,9.66494,-1.93197588414368,-4.12195037065886,1.44655767304029,-0.93126404,0.9245446,-0.3295618,44.191536,82.93529,-2.094261,WAL
1797187347000,9.669959,-1.85384799374875,-4.16793714586255,1.28476379455019,-0.9837985,0.8188649,-0.30115658,44.530613,83.08064,-2.2113957,WAL
1797192289000,9.674901,-1.76850289164496,-4.21060989495091,1.11407373886997,-1.035722,0.7333437,-0.26297748,44.8402,83.22755,-2.3374317,WAL
1797197341000,9.679953,-1.72669085710479,-4.29829650330256,1.02067689744932,-1.063211,0.66828656,-0.21930063,45.123425,83.39251,-2.4612877,WAL
1797202445000,9.685057,-1.70343017984201,-4.4052955701342,0.96019906370039,-1.1148291,0.59223384,-0.19058995,45.376575,83.567116,-2.5875986,WAL
1797207415000,9.690027,-1.67617805260455,-4.56974986151347,0.929068696054921,-1.1685852,0.539394,-0.15974127,45.616524,83.76159,-2.7122378,WAL
1797212372000,9.694984,-1.64632440190756,-4.76877406094749,0.914141901879258,-1.1979067,0.49174652,-0.12583824,45.83442,83.94827,-2.8424234,WAL
1797217340000,9.699952,-1.67637710892311,-4.8525394497609,0.938854054892885,-1.2388347,0.46944994,-0.079107046,46.07573,84.141594,-2.9552712,WAL
1797222354000,9.704966,-1.73148588893458,-4.88927855651301,0.980185623117827,-1.2861768,0.46486846,-0.027488936,46.306843,84.32567,-3.0767608,WAL
1797227342000,9.709954,-1.80672391726184,-5.02068970834953,1.1314086617313,-1.3347405,0.46670106,0.010079277,46.545475,84.50581,-3.1892276,WAL
1797232353000,9.714965,-1.89511123012381,-5.21219558706641,1.3523768926123,-1.3521502,0.4813618,0.029932396,46.785072,84.66937,-3.3094394,WAL
1797237340000,9.719952,-2.01540064790987,-5.34544723748394,1.56107824303785,-1.3976597,0.44898596,0.08399397,47.01023,84.81654,-3.4513168,WAL
1797242365000,9.724977,-2.15331745638897,-5.45007355752545,1.76557553180156,-1.4654657,0.44409904,0.17073683,47.245796,84.94084,-3.6065812,WAL
1797247360000,9.729972,-2.24769070621569,-5.91374751754902,2.02485056997059,-1.5121969,0.4541783,0.2415972,47.465977,85.01488,-3.7760284,WAL
1797252361000,9.734973,-2.31812253486275,-6.58050192019608,2.31596863488235,-1.5809193,0.44348818,0.30451632,47.676273,85.06438,-3.963793,WAL
1797257317000,9.739929,-2.25918545377049,-7.22124254495778,2.66579866265276,-1.6374242,0.4642576,0.3885103,47.883934,85.03655,-4.1990786,WAL
1797262328000,9.74494,-2.11137902622951,-7.85537924292101,3.06153816825633,-1.604743,0.50335294,0.47800204,48.09103,84.96255,-4.449036,WAL
1797267326000,9.749938,-1.81651612576681,-8.73948048076731,3.55735462732541,-1.5192219,0.5329799,0.5714644,48.296318,84.837654,-4.700649,WAL
1797272333000,9.754945,-1.41408934368069,-9.80782790768308,4.12745933116195,-1.3548992,0.59589905,0.59986967,48.5191,84.68033,-4.9533954,WAL
1797277313000,9.759925,-0.776586817808978,-11.1036889671742,4.85720797271109,-1.1117748,0.5900958,0.6010914,48.701725,84.511604,-5.1574574,WAL
1797282339000,9.764951,0.0419697750603125,-12.5837532888076,5.7138368485268,-0.78801614,0.5039638,0.5305365,48.87598,84.33419,-5.342954,WAL
1797287318000,9.76993,0.928156662548377,-14.1003027177731,6.38274072789521,-0.43218717,0.364992,0.39950588,48.98608,84.23164,-5.3770556,WAL
1797292324000,9.774936,1.87965991424233,-15.6655257124144,6.91082529234891,-0.1001819,0.3286455,0.21624629,49.100178,84.126144,-5.3761063,WAL
1797297324000,9.779936,2.79156526683774,-16.8038321879195,7.05704065100671,0.19425514,0.47983465,-0.010995574,49.159943,84.12635,-5.1140394,WAL
1797302401000,9.785013,3.68414210401698,-17.5908353355705,6.87468605536913,0.48075095,0.73853606,-0.30940324,49.24887,84.07711,-4.7996035,WAL
1797307415000,9.790027,4.52449374633518,-17.719776516145,6.66655122657488,0.68569624,0.92057395,-0.6105598,49.33235,84.07055,-4.2281804,WAL
1797312347000,9.794959,5.31513838698494,-17.2800102613907,6.43731117289025,0.7910705,0.9810496,-0.8032878,49.466614,83.93307,-3.6526392,WAL
1797317331000,9.799943,5.12490293313786,-16.0855847708133,6.25233270020188,0.8472701,0.9443977,-0.8576548,49.66206,83.779976,-2.9024422,WAL
1797322351000,9.804963,3.92324460762353,-14.1167139382811,6.11367969212651,0.8530733,0.84757555,-0.8356637,49.852444,83.492905,-2.1875274,WAL
1797327339000,9.809951,2.83563434756606,-12.091440826611,5.93729847621697,0.81092364,0.8002335,-0.806953,50.020267,83.146866,-1.4055787,WAL
1797332324000,9.814936,1.89720497760779,-9.97112180482151,5.70711766119611,0.7629707,0.7504479,-0.732122,50.147766,82.708725,-0.69690645,WAL
1797337303000,9.819915,0.97176662950063,-7.90949821191775,5.40247212945867,0.6450737,0.7287622,-0.64599,50.27429,82.24171,-0.1997698,WAL
1797342343000,9.824955,0.0704295475031472,-5.99035905958875,4.87078464729333,0.4841107,0.71776664,-0.55680364,50.381504,81.784355,0.25578284,WAL
1797347274000,9.829886,-0.710564772295938,-4.45911595647969,4.32840905718569,0.27916542,0.72601336,-0.45051312,50.500793,81.35805,0.5174451,WAL
1797352413000,9.835025,-1.32456496768665,-3.55001492843327,3.71916853003868,0.049785517,0.7079928,-0.30909783,50.604126,80.98672,0.7402286,WAL
1797357312000,9.839924,-1.93298003964293,-2.9047170980422,3.14114005532562,-0.1554652,0.677755,-0.13072516,50.739323,80.70983,0.7937327,WAL
1797362275000,9.844887,-2.60798086451613,-2.81310977419355,2.56256813548387,-0.34025195,0.6038403,0.059864793,50.8502,80.494965,0.8049164,WAL
1797367287000,9.849899,-3.27428410933891,-2.96941076115094,2.00753676425727,-0.5213735,0.47739118,0.2733622,50.967052,80.416336,0.664348,WAL
1797372338000,9.85495,-3.91000320066706,-3.7062671257965,1.5162992045898,-0.7174612,0.3323107,0.4914411,51.047592,80.39269,0.47151893,WAL
1797377325000,9.859937,-4.50780033555469,-4.64971055307723,1.06047654732262,-0.9584476,0.14508049,0.7162395,51.113785,80.52187,0.11352808,WAL
1797382299000,9.864911,-5.03531492232458,-6.08753811342611,0.673010019592317,-1.2394456,-0.05497787,0.9239337,51.124813,80.70098,-0.29575875,WAL
1797387283000,9.869895,-5.47897547527646,-7.70760500436414,0.323406334951817,-1.5216653,-0.2733622,1.1218541,51.112633,81.02043,-0.8618026,WAL
1797392311000,9.874923,-5.67390440276461,-9.87559455614139,0.0856882120181675,-1.7675385,-0.5891795,1.2483032,51.010372,81.359184,-1.453251,WAL
1797397355000,9.879967,-6.0079990638565,-12.0115666457399,-0.224672751375785,-1.9089539,-0.99204516,1.3857478,50.859863,81.76697,-2.1701744,WAL
1797402432000,9.885044,-6.78807406800199,-14.0368545465869,-0.767333694830892,-1.9190332,-1.4110987,1.5140295,50.6129,82.09891,-2.901374,WAL
1797407332000,9.889944,-7.48964523766183,-15.758942092193,-1.31286041918399,-1.8197676,-1.717753,1.5818355,50.32346,82.40479,-3.6317425,WAL
1797412329000,9.894941,-8.03409553887799,-16.7398910274617,-1.94179432699098,-1.609019,-1.7681495,1.5876387,49.99071,82.54589,-4.3578496,WAL
1797417329000,9.899941,-8.25679636852915,-17.6302897162992,-2.2796482867311,-1.2800682,-1.5131133,1.5082263,49.715927,82.557274,-5.140679,WAL
1797422346000,9.904958,-7.100731376865,-18.1333468771771,-1.37027493797443,-0.82894415,-1.2831224,1.3139712,49.42501,82.39597,-5.859617,WAL
1797427287000,9.909899,-5.83334743540756,-18.446743328827,-0.278481387713718,-0.2874121,-0.75747293,1.1701124,49.33582,82.09399,-6.6106935,WAL
1797432285000,9.914897,-4.02057199081511,-18.0137714576541,1.63421068457256,-0.028710667,-0.5360342,0.8585711,49.23235,81.787636,-7.2239933,WAL
1797437297000,9.919909,-2.35995842425955,-17.3839823300159,3.32018591050955,0.3475823,-0.73884153,0.59864795,49.12382,81.50772,-7.590441,WAL
1797442364000,9.924976,-1.38442231800756,-15.8723839774084,3.98664123957006,0.47800204,-1.0757337,0.36285394,49.045162,81.30072,-7.862898,WAL
1797447430000,9.930042,-0.52974330416815,-14.3266100770524,4.44283402624135,0.42302418,-1.3115277,0.14263703,48.845306,81.24922,-7.798587,WAL
1797452364000,9.934976,-0.169861863341246,-12.686111688724,4.06425747884273,0.2565634,-1.3961325,0.00580322,48.597546,81.22976,-7.6891212,WAL
1797457329000,9.939941,0.142429191904999,-11.0431802138527,3.60175580616118,0.050396383,-1.428203,-0.070554934,48.247177,81.28104,-7.4398017,WAL
1797462341000,9.944953,0.194897495448673,-9.42620232892775,2.70502488345424,-0.18081611,-1.4944818,-0.07666359,47.867916,81.36175,-7.173103,WAL
1797467309000,9.949921,0.175949396625579,-7.86570735676955,1.74422636021102,-0.42852196,-1.6111571,0.0033597588,47.484123,81.50099,-6.885229,WAL
1797472353000,9.954965,-0.271808129724879,-6.5367252190711,0.33426653042698,-0.7098254,-1.6832392,0.11362094,47.095894,81.66916,-6.607498,WAL
1797477306000,9.959918,-0.72049903138005,-5.28521777312681,-1.00851097389755,-0.9569204,-1.6148223,0.24190263,46.772552,81.91844,-6.3567486,WAL
1797482328000,9.96494,-1.24556040124102,-4.43255405656434,-2.04517062992815,-1.1707232,-1.473407,0.37293324,46.449673,82.17931,-6.1424847,WAL
1797487669000,9.970281,-1.79983453718315,-3.54550763686184,-3.12922428172974,-1.3765849,-1.3707817,0.4914411,46.253643,82.54002,-6.0036473,WAL
1797492304000,9.974916,-2.19601889821492,-3.18101800485541,-3.69180609425205,-1.5619824,-1.3475688,0.6078109,46.07873,82.8793,-5.9114013,WAL
1797497393000,9.980005,-2.63100966699393,-2.78082647577651,-4.30949300772046,-1.7186694,-1.4205672,0.6954701,45.85447,83.08745,-6.0576262,WAL
1797502387000,9.984999,-3.01597922836696,-2.57496271700626,-4.6758784918199,-1.815797,-1.566564,0.77121735,45.62632,83.21954,-6.236034,WAL
1797507250000,9.989862,-3.37703844183481,-2.43609378503131,-4.95361625909949,-1.8863518,-1.7272215,0.8020661,45.385555,83.277306,-6.4284987,WAL
1797512345000,9.994957,-3.62861209808078,-2.36434380687482,-5.12033895432063,-1.9120082,-1.9120082,0.84421575,45.085815,83.12125,-6.779748,WAL
1797517320000,9.999932,-3.82423120721856,-2.32340016966485,-5.2340711215602,-1.9083431,-2.0790799,0.8979719,44.75653,82.84427,-7.1468844,WAL
1797522345000,10.004957,-3.99317245928491,-2.27723228996638,-5.39993296510136,-1.89918,-2.1529946,0.98471475,44.412937,97.62793,-7.6112823,WAL
1797527345000,10.009957,-4.14438016021188,-2.22845572889885,-5.5950395658959,-1.851838,-2.2525656,1.0326678,44.026253,98.19548,-8.085293,WAL
1797532328000,10.01494,-4.22615934135368,-2.49590226964622,-5.80487457731642,-1.813659,-2.3069327,1.1178834,43.647842,98.91007,-8.636534,WAL
1797537334000,10.019946,-4.27366846909127,-2.92348471693588,-6.02341651530076,-1.6618589,-2.2589796,1.1954633,43.28394,99.67728,-9.203364,WAL
1797542343000,10.024955,-4.22828082481008,-3.59914192747901,-6.15944798128748,-1.409877,-2.1077905,1.2751812,42.955627,100.53036,-9.825447,WAL
1797547381000,10.029993,-4.1318232687525,-4.41420637759896,-6.25108257393043,-1.1453724,-1.8551978,1.3692545,42.68719,101.41444,-10.472545,WAL
1797552414000,10.035026,-3.92244985244339,-5.47393837246722,-6.63208147783075,-0.8958339,-1.5042557,1.4611896,42.538315,102.30043,-11.118427,WAL
1797557393000,10.040005,-3.65722918466428,-6.64848758805125,-7.15778717511919,-0.6945538,-0.9129381,1.57084,42.551144,103.19379,-11.778759,WAL
1797562342000,10.044954,-3.58016371217064,-8.05574033500627,-7.1372446195734,-0.48441613,-0.2415972,1.6377298,42.754673,103.9905,-12.349385,WAL
1797567360000,10.049972,-3.6079929076537,-9.61881464366374,-6.80793223086575,-0.35369098,0.41386122,1.6475036,43.141552,104.7796,-12.906337,WAL
1797572345000,10.054957,-3.57844907953914,-11.1794179544286,-6.18031223146796,-0.3286455,0.9645562,1.6016886,43.863804,105.40384,-13.243076,WAL
1797577341000,10.059953,-3.50462062658163,-12.7495023070672,-5.31898075997325,-0.39522982,1.3536774,1.5198327,44.727455,106.01873,-13.551132,WAL
1797582339000,10.064951,-3.01175565802115,-13.8059273915192,-4.60671191452011,-0.48747048,1.6551393,1.4456125,45.752525,106.449,-13.699085,WAL
1797587351000,10.069963,-2.2573982846496,-14.5460512199269,-3.98519731133735,-0.58276546,1.8942931,1.3662001,46.849255,106.88083,-13.819408,WAL
1797592307000,10.074919,-1.24650200466447,-14.7607140539054,-2.92778467293729,-0.7467828,2.042428,1.2305881,47.834713,107.18807,-13.868322,WAL
1797597360000,10.079972,-0.030262111461454,-14.6173864379707,-1.53955130280528,-1.0235047,2.1288655,1.0433578,48.846176,107.511086,-13.882972,WAL
1797602310000,10.084922,0.986613912887552,-14.3541095712136,-0.326466335908838,-1.3298537,2.05098,0.79504114,49.706608,107.67972,-13.75623,WAL
1797607322000,10.089934,1.41455511811211,-13.6640546965898,0.395684447209406,-1.6325374,1.7864754,0.5329799,50.510254,107.8695,-13.595212,WAL
1797612260000,10.094872,1.60760676013883,-12.9842714948181,1.10347135509582,-1.8771889,1.3805555,0.28863382,51.039265,107.794556,-13.243286,WAL
1797617288000,10.0999,1.48990982400274,-12.2922131111654,1.8190689391709,-1.998751,0.85918194,0.056505036,51.43299,107.72479,-12.866888,WAL
1797622291000,10.104903,1.27201683056995,-11.6385535671582,2.33461861666002,-2.0265455,0.5348125,-0.061391957,51.696716,107.60979,-12.461336,WAL
1797627308000,10.10992,0.889020870207254,-11.0401223478477,2.53090404259665,-2.0048597,-0.20097467,-0.2919936,51.664925,107.46038,-12.038278,WAL
1797632253000,10.114865,0.41321940887574,-10.5444611656805,2.49467317455621,-1.8979583,-0.94806284,-0.4990769,51.45627,107.28169,-11.673008,WAL
1797637383000,10.119995,-0.253970705587351,-10.1965691383257,2.05146829503347,-1.7663169,-1.5677856,-0.65393126,51.064278,107.06978,-11.308183,WAL
1797642243000,10.124855,-0.89952497008104,-9.88900350838673,1.59986364814644,-1.5900823,-1.9920316,-0.7779369,50.467716,106.86447,-11.015736,WAL
1797647393000,10.130005,-1.61525864375236,-9.61479415576706,1.0467967573153,-1.382388,-2.186592,-0.84788096,49.76158,106.607,-10.721857,WAL
1797652308000,10.13492,-2.25950345103596,-9.32018195587762,0.513472078339238,-1.1838568,-2.2269092,-0.8677341,49.021317,106.42901,-10.521323,WAL
1797657319000,10.139931,-2.75408005968867,-8.88227542673108,-0.053230185324745,-1.0259482,-2.1426098,-0.8481864,48.26775,106.20714,-10.315,WAL
1797662262000,10.144874,-3.1437103848186,-8.47186719767442,-0.553769272669767,-0.9034697,-1.997224,-0.7687739,47.57819,106.10606,-10.218101,WAL
1797667286000,10.149898,-3.33169005127442,-8.10038329069767,-0.93868029867907,-0.8240572,-1.8139644,-0.6478226,46.93479,105.98795,-10.12835,WAL
1797672262000,10.154874,-3.48054765933775,-7.75301427494797,-1.31638963363292,-0.8170323,-1.6523905,-0.5015204,46.382813,106.000946,-10.134498,WAL
1797677309000,10.159921,-3.44853831523179,-7.50151199905393,-1.68221094787133,-0.80939645,-1.4782939,-0.3200934,45.902527,106.020905,-10.169711,WAL
1797682409000,10.165021,-3.39834586776951,-7.26742479213945,-2.04493795796603,-0.84757555,-1.2803736,-0.12675454,45.523464,106.16451,-10.276703,WAL
1797687318000,10.16993,-3.16346583260797,-7.25176613402909,-2.32157446925724,-0.86926126,-1.0555751,0.03390302,45.216484,106.32504,-10.410005,WAL
1797692338000,10.17495,-2.88025509440204,-7.26287486717557,-2.51560540712468,-0.8881981,-0.8222246,0.16187929,45.013325,106.57301,-10.58071,WAL
1797697331000,10.179943,-2.48248211529654,-7.34710909336465,-2.46880861479742,-0.87781334,-0.64751714,0.27152961,44.87254,106.83909,-10.776906,WAL
1797702330000,10.184942,-2.07387890515814,-7.46301448400678,-2.394853416522,-0.8582657,-0.5369505,0.37293324,44.83283,107.11477,-10.957058,WAL
1797707312000,10.189924,-1.63117867345106,-7.68674470649506,-2.22824585267884,-0.8240572,-0.48716503,0.43676865,44.83541,107.39196,-11.146329,WAL
1797712314000,10.194926,-1.21311462803708,-7.9089992384257,-2.06945623875285,-0.7770206,-0.48166725,0.47769663,44.826046,107.639244,-11.309248,WAL
1797717298000,10.19991,-0.8913445987241,-8.12193496861307,-1.94169453382572,-0.7290677,-0.50701815,0.49602258,44.829082,107.88062,-11.478895,WAL
1797722317000,10.204929,-0.597083091220167,-8.31376925476852,-1.84150896184223,-0.689056,-0.56199604,0.48991394,44.78706,108.049034,-11.589463,WAL
1797727306000,10.209918,-0.423059316172721,-8.41452046717148,-1.85524767224192,-0.67256266,-0.6258314,0.4783075,44.7386,108.20993,-11.70318,WAL
1797732291000,10.214903,-0.261065214027589,-8.50471110918982,-1.88164807722945,-0.657291,-0.6814202,0.44623706,44.63349,108.31255,-11.76484,WAL
1797737332000,10.219944,-0.195408172323684,-8.50940099232563,-2.01296220960754,-0.6453791,-0.7156286,0.42730024,44.51825,108.408455,-11.827417,WAL
1797742422000,10.225034,-0.136886907151801,-8.50921311934117,-2.15109183291273,-0.65301496,-0.7199047,0.39461896,44.372654,108.48488,-11.854563,WAL
1797747357000,10.229969,-0.173304968291273,-8.4500335234059,-2.35139108599499,-0.66737026,-0.6737844,0.37873647,44.23324,108.55583,-11.877921,WAL
1797752544000,10.235156,-0.213394683873016,-8.38830921549953,-2.55830566954248,-0.68630713,-0.5830709,0.37140608,44.100636,108.64365,-11.887512,WAL
1797757365000,10.239977,-0.321167297111111,-8.34951074379085,-2.61003657503268,-0.72112644,-0.47647488,0.37048978,43.98646,108.73242,-11.888744,WAL
1797762246000,10.244858,-0.430281199873016,-8.31022940373483,-2.66241130013072,-0.77671516,-0.3747658,0.37048978,43.902905,108.87229,-11.897493,WAL
1797767360000,10.249972,-0.663253347920723,-8.27896149006557,-2.47085042444864,-0.8527679,-0.29565877,0.37140608,43.84421,109.020424,-11.899409,WAL
1797772248000,10.25486,-0.909727212788595,-8.25105871160342,-2.23832793424399,-0.9502009,-0.29901853,0.37232238,43.791622,109.18182,-11.899629,WAL
1797777345000,10.259957,-1.13924863450088,-8.25335645300642,-1.99993134734384,-1.0430524,-0.33658674,0.38362336,43.75483,109.38897,-11.919246,WAL
1797782261000,10.264873,-1.35453757950963,-8.26251787195953,-1.7709004652267,-1.1368202,-0.38545597,0.39950588,43.715183,109.61427,-11.94135,WAL
1797787341000,10.269953,-1.5736816665272,-8.31639484518828,-1.5483572334728,-1.2131784,-0.43157628,0.4266894,43.663208,109.85057,-11.996605,WAL
1797792264000,10.274876,-1.78503834686192,-8.38215058816497,-1.33700055313808,-1.2544118,-0.464563,0.46273044,43.60534,110.097466,-12.060614,WAL
1797797359000,10.279971,-1.96173103552339,-8.42618964142539,-1.1568916949703,-1.2822062,-0.48563787,0.5045747,43.520145,110.35727,-12.1626005,WAL
1797802467000,10.285079,-2.12515532383074,-8.46250592873051,-0.988927918151448,-1.2916746,-0.49877146,0.5516113,43.434963,110.62105,-12.275209,WAL
1797807369000,10.289981,-2.27593636714878,-8.50528829189845,-0.88422878724689,-1.2825116,-0.50823987,0.5891795,43.315483,110.89073,-12.426993,WAL
1797812369000,10.294981,-2.42607341579852,-8.55371956528775,-0.811581836705775,-1.2479976,-0.50610185,0.6469063,43.205013,111.16011,-12.593113,WAL
1797817345000,10.299957,-2.55001216222555,-8.63480735638722,-0.76108279809481,-1.2034045,-0.5009095,0.689056,43.06528,111.42834,-12.790883,WAL
1797822356000,10.304968,-2.66016739491018,-8.73538392754491,-0.72276791694012,-1.1710287,-0.5311473,0.71685034,42.923008,111.69155,-12.9985695,WAL
1797827345000,10.309957,-2.75591953132321,-8.88594512671895,-0.656493668636039,-1.1441506,-0.5546656,0.7501425,42.77567,111.955765,-13.238985,WAL
1797832287000,10.314899,-2.84269902760517,-9.06432530029541,-0.574535252684119,-1.1053606,-0.5839872,0.7809912,42.623257,112.20775,-13.48402,WAL
1797837317000,10.319929,-2.88258703581849,-9.23487396186739,-0.482244602849381,-1.0699304,-0.63071835,0.80878556,42.450893,112.46044,-13.751392,WAL
1797842312000,10.324924,-2.89702599823926,-9.39851536844753,-0.385985118062179,-1.0170907,-0.6783658,0.8179486,42.27376,112.6967,-14.01887,WAL
1797847300000,10.329912,-2.88671141107351,-9.56074858864448,-0.285060800612897,-0.96761054,-0.73639804,0.81397796,42.065296,112.9153,-14.296171,WAL
1797852365000,10.334977,-2.8639127214702,-9.72489877288964,-0.180186752257943,-0.90010995,-0.7993172,0.816116,41.846092,113.116005,-14.575993,WAL
1797857396000,10.340008,-2.82843503717536,-9.93961241308057,-0.141711328216114,-0.8313876,-0.8906415,0.7993172,41.5858,113.27563,-14.84586,WAL
1797862309000,10.344921,-2.78383701190521,-10.1893613918483,-0.155090717169668,-0.7663304,-0.9505063,0.77274454,41.318886,113.41631,-15.10975,WAL
1797867293000,10.349905,-2.68870988325787,-10.4179688448984,-0.214863534821523,-0.6597345,-0.9981538,0.73945236,40.998913,113.50676,-15.362598,WAL
1797872316000,10.354928,-2.52662316856902,-10.6155117937243,-0.336428576127198,-0.5546656,-1.040609,0.70524395,40.664387,113.57659,-15.606008,WAL
1797877306000,10.359918,-2.30988073697013,-10.7429598289261,-0.526697318257973,-0.4288274,-1.0430524,0.6713409,40.31788,113.589195,-15.814551,WAL
1797882288000,10.3649,-2.04503006452362,-10.8103762247679,-0.777101638843359,-0.32162055,-1.0360274,0.6395759,39.96353,113.5778,-16.010355,WAL
1797887289000,10.369901,-1.72212118368155,-10.8851487877018,-1.09346006002773,-0.2098322,-0.96974856,0.61636305,39.619473,113.52415,-16.162807,WAL
1797892312000,10.374924,-1.35058585437172,-10.9661245811466,-1.464995359495,-0.09621128,-0.8491027,0.61178154,39.29692,113.4477,-16.300093,WAL
1797897351000,10.379963,-0.915446113451222,-10.9522802191536,-1.83322305532486,0.002443461,-0.6963864,0.6041457,39.01899,113.34943,-16.375185,WAL
1797902309000,10.384921,-0.434307154889728,-10.8579393202861,-2.19171881580568,0.06383542,-0.53023106,0.605062,38.784115,113.23952,-16.435778,WAL
1797907307000,10.389919,0.0527260529728933,-10.6828549381261,-2.4338126695934,0.08674286,-0.39400807,0.56596667,38.609337,113.11446,-16.408632,WAL
1797912308000,10.39492,0.541916343476724,-10.4335564142605,-2.56551775215085,0.05375614,-0.27458394,0.5103779,38.477142,112.98849,-16.36457,WAL
1797917276000,10.399888,0.951044814133007,-10.2154049133496,-2.62692898767726,-0.016798794,-0.2284636,0.43035457,38.375214,112.86129,-16.236279,WAL
1797922323000,10.404935,1.28193868623179,-10.0263223284108,-2.61274778146699,-0.06963864,-0.16768251,0.3830125,38.306118,112.73562,-16.095354,WAL
1797927301000,10.409913,1.31915399549275,-10.0785489262923,-2.39196229992562,-0.20952678,-0.16646078,0.2706133,38.201504,112.599174,-15.878977,WAL
1797932293000,10.414905,0.98491098756415,-10.4376822058758,-1.90482088527334,-0.35094208,-0.22327125,0.14355333,38.088715,112.46428,-15.65015,WAL
1797937337000,10.419949,0.647186281636296,-10.8005564571216,-1.41260508088509,-0.50885075,-0.32895094,0.032986723,37.92912,112.32287,-15.376744,WAL
1797942310000,10.424922,0.293226336245639,-11.0140023872994,-1.16411909950155,-0.61758476,-0.419359,-0.038789943,37.74678,112.186584,-15.088221,WAL
1797947279000,10.429891,-0.0673183395673412,-11.1800425799023,-0.993334728018144,-0.68630713,-0.48838675,-0.062002823,37.53237,112.06629,-14.795553,WAL
1797952318000,10.43493,-0.358651653608632,-11.3289347552722,-0.913131368376655,-0.6792821,-0.50671273,-0.07086037,37.229614,111.896996,-14.53426,WAL
1797957246000,10.439858,-0.617885809080922,-11.4678105806768,-0.866839563531143,-0.6282749,-0.4718934,-0.054367006,36.924187,111.73681,-14.280184,WAL
1797962346000,10.444958,-0.729435037356026,-11.6831813758163,-0.896143109123293,-0.537256,-0.41447207,-0.0290161,36.608513,111.57877,-14.079782,WAL
1797967313000,10.449925,-0.771797202217495,-11.9232335467049,-0.957332902265981,-0.44073927,-0.33200526,-0.022296581,36.313477,111.41142,-13.877074,WAL
1797972358000,10.45497,-0.713115291846611,-12.2326927145967,-1.00964470694706,-0.3304781,-0.25381452,-0.029321533,36.038635,111.23952,-13.710303,WAL
1797977344000,10.459956,-0.609156935268679,-12.5681945115289,-1.05689851660564,-0.19394971,-0.17256944,-0.048258353,35.791695,111.04384,-13.537747,WAL
1797982340000,10.464952,-0.488468736085005,-12.9540629901227,-1.01517595072733,-0.06414085,-0.099265605,-0.082161374,35.56023,110.82596,-13.356763,WAL
1797987343000,10.469955,-0.359401129446274,-13.3651675314776,-0.929130869651801,0.08155051,-0.024129177,-0.12461651,35.353985,110.57545,-13.164974,WAL
1797992311000,10.474923,-0.20698879620489,-13.785534253999,-0.752687267202241,0.23518312,0.036651913,-0.19914207,35.149574,110.265305,-12.927798,WAL
1797997393000,10.480005,-0.0383940665040244,-14.22189709027,-0.524588503406011,0.36468655,0.09254608,-0.27275133,34.965736,109.929695,-12.678998,WAL
1798002362000,10.484974,0.113269745455532,-14.6927801573185,-0.372195809699385,0.50854534,0.16493362,-0.3594942,34.771103,109.50835,-12.375124,WAL
1798007357000,10.489969,0.260288260239915,-15.1843731663465,-0.248148932917787,0.63804877,0.23182335,-0.44104472,34.590946,109.06182,-12.056198,WAL
1798012341000,10.494953,0.354764138091211,-15.6567774735729,-0.210050521576563,0.76083267,0.28344148,-0.5317582,34.383068,108.519806,-11.682687,WAL
1798017296000,10.499908,0.416869239108024,-16.1153995630726,-0.224382468732508,0.89552844,0.31490102,-0.57635134,34.1938,107.95715,-11.306099,WAL
1798022355000,10.504967,0.477462235660722,-16.3055351264694,-0.300624196387313,0.9831876,0.36041048,-0.6759224,33.98946,107.31811,-10.860293,WAL
1798027347000,10.509959,0.535598547618565,-16.3297585687069,-0.412052116679165,1.174083,0.38453966,-0.782213,33.794746,106.63803,-10.412174,WAL
1798032305000,10.514917,0.583655544935277,-16.0447446178148,-0.529071983427175,1.3716979,0.38545597,-0.88025683,33.597946,105.91906,-9.930323,WAL
1798037296000,10.519908,0.626923272562687,-15.5947608107178,-0.650221571086268,1.5916094,0.35613444,-0.97066486,33.403656,105.15872,-9.435976,WAL
1798042312000,10.524924,0.62227005342701,-15.0421761578845,-0.678967376375878,1.8417587,0.28771752,-1.0571023,33.195946,104.36466,-8.930876,WAL
1798047335000,10.529947,0.556553764074941,-14.3615429929742,-0.589781041100703,2.0882428,0.17745635,-1.1508701,32.9714,103.52885,-8.415948,WAL
1798052309000,10.534921,0.385945698099873,-13.6890154606433,-0.57605932824799,2.3399193,0.09468412,-1.2522738,32.744373,102.67332,-7.8965836,WAL
1798057320000,10.539932,0.0508527165700381,-13.013752461807,-0.677602641525603,2.54517,0.07849618,-1.3747523,32.50593,101.77507,-7.3578067,WAL
1798062309000,10.544921,-0.469157685088121,-12.5731818257493,-0.656032706805735,2.7476718,0.14049901,-1.5012014,32.28058,100.836655,-6.820533,WAL
1798067291000,10.549903,-1.17226675972916,-12.3617739818779,-0.513510601907797,2.919325,0.25473082,-1.643533,32.066315,99.85656,-6.25147,WAL
1798072304000,10.554916,-1.87975086072787,-12.1490506737031,-0.370101667372797,3.043636,0.364992,-1.7528778,31.889717,98.90711,-5.7186055,WAL
1798077304000,10.559916,-2.58540027325401,-11.936879011849,-0.22706462913721,3.0863967,0.40286562,-1.844813,31.725124,97.93728,-5.157274,WAL
1798082290000,10.564902,-3.25505116282406,-11.8547048432614,-0.119042950400257,3.1010575,0.37568212,-1.890017,31.581278,96.95496,-4.582681,WAL
1798087289000,10.569901,-3.88984031852365,-11.9115517735998,-0.0479844838559272,3.046385,0.3539964,-1.9129245,31.450926,95.98851,-3.9969852,WAL
1798092279000,10.574891,-4.4963265760774,-12.0215054500147,-0.176596758449624,2.9852984,0.36926803,-1.9110919,31.451166,95.12886,-3.608505,WAL
1798097342000,10.579954,-5.0791415532102,-12.1968238850777,-0.546186799616339,2.903137,0.41447207,-1.8875736,31.460081,94.31999,-3.22906,WAL
1798102285000,10.584897,-5.63306311075237,-12.3706757917654,-0.982632538625593,2.8231137,0.49296826,-1.8347337,31.54394,93.630554,-2.9550705,WAL
1798107312000,10.589924,-6.17495251674566,-12.5513058088468,-1.53402892085308,2.7159069,0.5357288,-1.7641789,31.63577,93.040634,-2.7013774,WAL
1798112243000,10.594855,-6.66813874826189,-12.7629019564296,-1.97837067055111,2.5943446,0.53969944,-1.6826283,31.784742,92.67461,-2.560355,WAL
1798117343000,10.599955,-7.11445495457372,-13.0389733883655,-2.27744850757419,2.53112,0.4868596,-1.6368134,31.930676,92.440834,-2.434308,WAL
1798122247000,10.604859,-7.51240285594192,-13.2667643219335,-2.45483889679022,2.3649647,0.3463606,-1.5784758,32.079273,87.56137,-2.4244058,WAL
1798127324000,10.609936,-7.83289187595529,-13.392173448462,-2.31549585937142,2.1587977,0.07819075,-1.5421293,32.17367,87.48941,-2.4204984,WAL
1798132308000,10.61492,-8.07041292942723,-13.4684747516072,-2.22872614666862,1.9544634,-0.2302962,-1.4947872,32.242622,87.31725,-2.4985123,WAL
1798137365000,10.619977,-7.943040419248,-13.3222315922463,-2.37968626637444,1.7852536,-0.4373795,-1.4972308,32.259895,87.15248,-2.5658658,WAL
1798142288000,10.6249,-7.62899745246246,-13.0758539518519,-2.5327576005005,1.6022996,-0.36254853,-1.5793921,32.30703,86.96332,-2.6606014,WAL
1798147358000,10.62997,-5.85984774885886,-12.0308893962963,-2.73689031521522,1.3075571,-0.036957346,-1.7336355,32.362835,86.834816,-2.7263887,WAL
1798152336000,10.634948,-4.24379841225915,-11.0567534685842,-2.82452689047752,0.929126,0.10720685,-1.8023579,32.379845,86.77425,-2.7676938,WAL
1798157320000,10.639932,-3.43962122078563,-10.4302953343573,-2.15363869038444,0.7742717,0.025350908,-1.6985108,32.41949,86.724174,-2.8099992,WAL
1798162653000,10.645265,-2.59192278634324,-9.77298944756029,-1.45858577122827,0.8356637,-0.09712757,-1.5512923,32.334946,86.9661,-2.5936108,WAL
1798167297000,10.649909,-2.11383435975883,-9.46534984240045,-1.31723791727426,0.9459248,-0.18784106,-1.4059063,32.23472,87.190475,-2.4120994,WAL
1798172296000,10.654908,-1.59919955258927,-9.13419342849131,-1.16508504864461,1.0711522,-0.07391469,-1.3182472,32.144684,87.4256,-2.130676,WAL
1798177312000,10.659924,-1.28640948366455,-9.11858945468999,-1.03622115965819,1.1749994,0.20219639,-1.2699889,32.075466,87.605644,-1.8865305,WAL
1798182276000,10.664888,-1.01715889785374,-9.1658263736089,-0.913405101414944,1.282817,0.49480084,-1.2678508,32.044228,87.73555,-1.6609828,WAL
1798187383000,10.669995,-0.817623446701751,-9.37025624437853,-0.629742648693905,1.3927728,0.7504479,-1.3008375,32.052162,87.871544,-1.3533828,WAL
1798192326000,10.674938,-0.640971637422256,-9.60126239029758,-0.321734353235097,1.4957036,0.95294976,-1.323745,32.126923,87.93597,-1.0587549,WAL
1798197751000,10.680363,-0.373774394759511,-9.8345137415805,0.181912080195427,1.609019,0.98807454,-1.3435981,32.226456,87.919975,-0.7109726,WAL
1798202314000,10.684926,-0.12918286814344,-10.0252121647851,0.650367027386396,1.6685784,0.8686504,-1.3231341,32.334404,87.81927,-0.3781339,WAL
1798207317000,10.689929,0.119935247590595,-10.0550530979293,0.674702151333046,1.6417004,0.6728681,-1.2690725,32.46313,87.57535,-0.022664273,WAL
1798212371000,10.694983,0.360061896361087,-9.97675098317515,0.403254623955997,1.582141,0.6059783,-1.1881329,32.588486,87.28042,0.30992475,WAL
1798217413000,10.700025,0.330950671241627,-9.8937275539268,-0.085220679572857,1.5140295,0.5766568,-1.1071932,32.69305,86.85645,0.6674953,WAL
1798222344000,10.704956,0.230095306913892,-9.81120977487623,-0.62158789009999,1.4920384,0.68386364,-1.0613784,32.81318,86.42639,1.0026529,WAL
1798227308000,10.70992,-0.0149532782875037,-9.68445003777278,-1.28763211781975,1.4859297,0.8686504,-0.98807454,32.919815,86.04797,1.3499085,WAL
1798232298000,10.71491,-0.318920131756532,-9.53948123554164,-2.0077997191506,1.502423,1.0888673,-0.9239337,33.061726,85.669075,1.6744901,WAL
1798237404000,10.720016,-0.606382595318222,-9.19850572463625,-2.73415416703949,1.5335772,1.3692545,-0.8912524,33.286373,85.36103,1.9724959,WAL
1798242366000,10.724978,-0.874485795951697,-8.77518470058398,-3.43498531822231,1.5766432,1.6982054,-0.8164214,33.579185,85.06052,2.2239661,WAL
1798247390000,10.730002,-1.09454801795902,-8.43311020782276,-3.92897012667386,1.6484199,1.9361374,-0.7535023,34.0015,84.80707,2.3902278,WAL
1798252379000,10.734991,-1.28658079512793,-8.13803538466817,-4.30835186050387,1.6771306,2.1111503,-0.7290677,34.491524,84.5674,2.5322628,WAL
1798257317000,10.739929,-1.44737832608914,-7.86791482605902,-4.4940351550793,1.6832392,2.2721133,-0.7272351,35.076763,84.41204,2.6029887,WAL
1798262321000,10.744933,-1.59169369613531,-7.60814704946798,-4.56138235455732,1.6462818,2.3790147,-0.7305948,35.689075,84.27265,2.6585648,WAL
1798267335000,10.749947,-1.72508371133948,-7.41237283326921,-4.53936848535993,1.6035212,2.4657576,-0.7324274,36.347095,84.201294,2.6689088,WAL
1798272323000,10.754935,-1.85083009546421,-7.25760827812089,-4.4619861572846,1.5543466,2.5415049,-0.7492262,37.026413,84.14767,2.6760128,WAL
1798277313000,10.759925,-1.90529278078906,-7.10182326942902,-4.15848151714909,1.4941764,2.6300802,-0.7593055,37.766006,84.1153,2.6720352,WAL
1798282338000,10.76495,-1.9196039190226,-6.94440099791832,-3.72437825262688,1.4434745,2.6755898,-0.7733554,38.50782,84.10006,2.665958,WAL
1798287321000,10.769933,-1.96040219841238,-6.77342124578289,-3.22861930140901,1.3628404,2.670703,-0.78954333,39.271683,84.10993,2.6601946,WAL
1798292290000,10.774902,-2.01706477336773,-6.59398961050804,-2.69504632613614,1.2547172,2.6187794,-0.81214535,40.026863,84.146904,2.6521702,WAL
1798297337000,10.779949,-2.07966323033018,-6.3256315134606,-2.17902438240966,1.1184943,2.545781,-0.8350528,40.784977,84.150826,2.6569154,WAL
1798307317000,10.789929,-2.21306531995856,-5.75926739936859,-1.20699224871152,0.81489426,2.4043655,-0.82527894,42.266613,84.19004,2.6505475,WAL
1798312351000,10.794963,-2.28440940683702,-5.57377224704025,-0.736120619741515,0.69913524,2.35794,-0.80573124,42.991512,84.22645,2.6395514,WAL
1798317338000,10.79995,-2.32932636228111,-5.38890071657556,-0.287059283922913,0.5864306,2.2815816,-0.79473567,43.729614,84.20862,2.6171129,WAL
1798322353000,10.804965,-2.35157594668767,-5.20200519262485,0.149030135663856,0.5186246,2.2128594,-0.7742717,44.448376,84.221375,2.582968,WAL
1798327255000,10.809867,-2.37205492694436,-4.99969813253714,0.571154858287212,0.36987892,2.1453588,-0.7507534,45.15574,84.223526,2.5307128,WAL
1798332229000,10.814841,-2.39055575351005,-4.75918733888727,0.992049000728226,0.20158553,2.0619757,-0.7098254,45.832096,84.25955,2.466332,WAL
1798337249000,10.819861,-2.43083280950544,-4.57137603956443,1.38676318642241,0.057421334,1.9700404,-0.66798115,46.509586,84.24769,2.399961,WAL
1798342228000,10.82484,-2.52278018774955,-4.5172892800363,1.70587523706897,-0.064446285,1.8585575,-0.61911196,47.15191,84.28321,2.3199456,WAL
1798347272000,10.829884,-2.60419314614932,-4.47647867295708,1.89550959378797,-0.18600847,1.756543,-0.5876524,47.77385,84.288734,2.2369926,WAL
1798352303000,10.834915,-2.6750058760435,-4.44815364015285,1.96632222509308,-0.28985557,1.6346754,-0.5571091,48.35347,84.32829,2.1415646,WAL
1798357290000,10.839902,-2.7079013204947,-4.40604177031802,1.95251800600707,-0.3643811,1.5234979,-0.50885075,48.912163,84.35686,2.023567,WAL
1798362290000,10.844902,-2.70320128123282,-4.34964134825285,1.85381713243031,-0.43218717,1.3955216,-0.46181414,49.42718,84.413055,1.8992581,WAL
1798367261000,10.849873,-2.66613309675977,-4.28245565430872,1.70765004480668,-0.48472157,1.2660183,-0.42088616,49.915386,84.477425,1.7523361,WAL
1798372299000,10.854911,-2.58940437178213,-4.20093129013021,1.50144171535633,-0.5305365,1.1478158,-0.38545597,50.36587,84.559,1.5958049,WAL
1798377235000,10.859847,-2.50483181305869,-4.14213440944423,1.28112589001166,-0.5861252,1.0235047,-0.35460728,50.780693,84.66698,1.4341037,WAL
1798382282000,10.864894,-2.40620999058492,-4.10926040323552,1.03222287528177,-0.63071835,0.9068295,-0.32162055,51.15995,84.78332,1.2643313,WAL
1798387206000,10.869818,-2.31633998876783,-4.09105968008122,0.805240013181458,-0.68386364,0.7968737,-0.28863382,51.50557,84.93876,1.103656,WAL
1798392280000,10.874892,-2.23451781868067,-4.0958726927397,0.598278167072108,-0.7254025,0.6948592,-0.26083946,51.81696,85.1009,0.93804204,WAL
1798397220000,10.879832,-2.1593729943465,-4.11783944131712,0.415812908348531,-0.7855727,0.6038403,-0.24312437,52.10215,85.31292,0.7911711,WAL
1798402340000,10.884952,-2.08982222960486,-4.17248670048632,0.261807769544073,-0.8472701,0.5235115,-0.22510384,52.358837,85.5345,0.63914996,WAL
1798407206000,10.889818,-2.02667262132715,-4.21647592697769,0.175884672393509,-0.9126327,0.4831944,-0.20861048,52.60635,85.79792,0.5043716,WAL
1798412296000,10.894908,-1.96546361369651,-4.24943462339419,0.185301447714672,-0.93737274,0.42821655,-0.1994475,52.825462,86.06343,0.3695704,WAL
1798417323000,10.899935,-1.92631689310165,-4.28090685171156,0.265985610754996,-1.0177015,0.38087448,-0.1777618,53.04471,86.37698,0.24746193,WAL
1798422317000,10.904929,-1.93047210936577,-4.30999336556038,0.490367449554301,-1.0980303,0.37507126,-0.1518,53.25946,86.69279,0.12297253,WAL
1798427629000,10.910241,-1.93364534170592,-4.36177438302095,0.735643129818583,-1.1685852,0.38881573,-0.099265605,53.470173,87.01399,0.0061949817,WAL
1798432291000,10.914903,-1.92469534840132,-4.60342429570011,1.01309315589857,-1.2486086,0.4071417,-0.036957346,53.679962,87.35308,-0.11936447,WAL
1798437510000,10.920122,-1.90938733580019,-4.88847404964539,1.32634204212149,-1.3377949,0.46303585,0.028405234,53.897762,87.652756,-0.25516132,WAL
1798442311000,10.924923,-1.82904704946038,-5.33270842316785,1.64770299009148,-1.4242324,0.50579643,0.118507855,54.11549,87.95409,-0.41386867,WAL
1798447302000,10.929914,-1.7329765039738,-5.83611328427294,2.00386228368882,-1.5161675,0.5702427,0.20891592,54.34963,88.19515,-0.57667917,WAL
1798452371000,10.934983,-1.49667546169573,-6.80709573422427,2.60965224230463,-1.599856,0.66431594,0.36071593,54.60202,88.398865,-0.78036463,WAL
1798457304000,10.939916,-1.26671431717851,-7.75202696831578,3.19918900810691,-1.6105462,0.72265357,0.49846604,54.855064,88.4962,-0.96470404,WAL
1798462309000,10.944921,-0.777897158826264,-8.907771525276,4.0543837293434,-1.5696182,0.7654142,0.59315014,55.12792,88.5168,-1.1762327,WAL
1798467309000,10.949921,-0.23534127077668,-10.1041772002712,4.96328093058299,-1.4407257,0.79045963,0.65179324,55.409687,88.433205,-1.4119395,WAL
1798472316000,10.954928,0.664914631424082,-11.6554943292084,6.00146846651935,-1.2589933,0.7583892,0.72082096,55.6623,88.30412,-1.573045,WAL
1798477275000,10.959887,1.66772820904341,-13.3019738919662,7.06958130090356,-0.9978484,0.698219,0.6817256,55.91054,88.166,-1.7159983,WAL
1798482290000,10.964902,2.68698158584367,-14.7933329594408,7.80869711655838,-0.69913524,0.48716503,0.5390886,56.056515,88.080666,-1.6814072,WAL
1798487345000,10.969957,3.71638929021461,-16.2278312848986,8.4187168802914,-0.39645153,0.20708331,0.36346483,56.16386,87.93684,-1.6292965,WAL
1798492311000,10.974923,4.58615005870333,-17.1162722240386,8.50136869236485,-0.13072516,0.03359759,0.1600467,56.207886,87.72728,-1.2660463,WAL
1798497346000,10.979958,5.40577837497678,-17.788099111462,8.35804516784321,0.08246681,-0.0030543262,-0.096516706,56.220253,87.319695,-0.8663622,WAL
1798502423000,10.985035,5.95202871991503,-18.3049604078598,7.91050291173659,0.267559,0.09682214,-0.3555236,56.227688,86.68996,-0.21939646,WAL
1798507346000,10.989958,6.26250029014339,-18.6805317117366,7.2394838414445,0.4202753,0.16982053,-0.5757405,56.23195,85.918976,0.43225938,WAL
1798512307000,10.994919,6.07935995143373,-18.2632143749525,6.6375208987087,0.47586402,0.28955013,-0.66645396,56.330368,85.08818,1.2409271,WAL
1798517293000,10.999905,5.63958144849031,-17.4335287310103,6.07079638347892,0.48808134,0.37323865,-0.766025,56.442566,84.20697,2.0370498,WAL
1798522314000,11.004926,4.79405827550274,-16.0089196124314,5.60686160914077,0.49693888,0.44012842,-0.7641924,56.633015,83.393974,2.8285208,WAL
1798527309000,11.009921,3.62317563793419,-14.1092718016453,5.23276188062157,0.50915617,0.54702985,-0.7290677,56.844677,82.598434,3.563166,WAL
1798532289000,11.014901,2.53872184901704,-12.1204066474443,4.96714944322008,0.48991394,0.6395759,-0.6637051,57.072994,81.921646,4.1926513,WAL
1798537344000,11.019956,1.49915215504587,-10.0315057431193,4.77680588736768,0.44990227,0.7257079,-0.5946773,57.311943,81.27992,4.763539,WAL
1798542308000,11.02492,0.703023057345053,-8.31341116307112,4.45535266542511,0.33841935,0.8005389,-0.5204572,57.55016,80.781845,5.139444,WAL
1798547341000,11.029953,0.0471420984505363,-6.79578899737783,4.03884427091776,0.16798794,0.84299403,-0.4266894,57.791172,80.33699,5.472271,WAL
1798552309000,11.034921,-0.580479300363689,-5.76807721367472,3.50610889903986,-0.014660766,0.8405506,-0.29138273,58.01423,80.00985,5.6283035,WAL
1798557317000,11.039929,-1.19911628727088,-5.06571485471826,2.88282053360489,-0.19272798,0.8011498,-0.13561209,58.23122,79.74517,5.7477846,WAL
1798562309000,11.044921,-1.93350931696366,-4.75354698234169,2.25672023205477,-0.35002577,0.7263188,0.06688975,58.430073,79.61504,5.7315965,WAL
1798567288000,11.0499,-2.77358897414678,-4.79675109818786,1.62786055197825,-0.5039638,0.6133087,0.28008172,58.598324,79.551704,5.670797,WAL
1798572322000,11.054934,-3.58886315522551,-5.20797442723028,1.12681515777866,-0.64996064,0.45937067,0.5170974,58.738873,79.66817,5.463537,WAL
1798577306000,11.059918,-4.36651594242996,-5.93346742138883,0.74747235165905,-0.83108217,0.21105394,0.7489208,58.810726,79.85767,5.206365,WAL
1798582286000,11.064898,-4.95583554406528,-7.04577899308605,0.479394485863502,-1.0519099,-0.08032878,0.9431759,58.844326,80.26367,4.776119,WAL
1798587346000,11.069958,-5.37763158857567,-8.54123856994065,0.311634595220574,-1.2880094,-0.42821655,1.0995574,58.78367,80.73642,4.3032045,WAL
1798592295000,11.074907,-5.82351405063047,-10.169517945038,0.117733233300606,-1.4859297,-0.7690793,1.239751,58.65993,81.39383,3.6680784,WAL
1798597323000,11.079935,-6.31018079622678,-11.9910414968717,-0.109377853341034,-1.570229,-1.112691,1.3747523,58.43285,82.07611,3.0041392,WAL
1798602456000,11.085068,-6.96575033730319,-13.7725982307226,-0.374496844622527,-1.5592335,-1.4153748,1.486846,58.13971,82.844376,2.2528508,WAL
1798607361000,11.089973,-7.78595019953573,-15.3798109865765,-0.668441405391603,-1.4193454,-1.5460999,1.5522085,57.798748,83.54978,1.4891776,WAL
1798612291000,11.094903,-8.27008814432084,-16.6270573697307,-0.88209793530445,-1.1707232,-1.6358972,1.5540411,57.409798,84.2284,0.6604238,WAL
1798617357000,11.099969,-8.32689922140905,-17.4318716517369,-0.995718804195941,-1.0091494,-1.4669929,1.4816537,57.06224,84.76969,-0.15102762,WAL
1798622335000,11.104947,-7.81031963101153,-17.9831757455704,-0.606864533523952,-0.65301496,-1.1386528,1.2822062,56.7599,85.09538,-1.0110843,WAL
1798627322000,11.109934,-6.42235108718478,-18.1712230936533,0.543805794506422,-0.28221974,-0.9605856,1.035722,56.467865,85.20223,-1.8070178,WAL
1798632263000,11.114875,-5.02203065897052,-18.0171107362238,1.67549723551901,0.05222898,-1.0235047,0.8206975,56.21412,85.12105,-2.5209992,WAL
1798637379000,11.119991,-3.49420899442546,-16.8032250032038,2.82136360685604,0.26206118,-1.2147056,0.6310238,55.98007,84.91323,-3.1453924,WAL
1798642244000,11.124856,-2.29777826196458,-15.577751182982,3.52631404414284,0.30115658,-1.3771957,0.44073927,55.720963,84.66899,-3.4719033,WAL
1798647394000,11.130006,-1.4717337035374,-14.1582839820964,3.61176696453942,0.18875736,-1.4712689,0.2660318,55.432594,84.4462,-3.7329803,WAL
1798652368000,11.13498,-0.807750286713097,-12.7972382950434,3.5053988517547,0.013744468,-1.5152513,0.160963,55.098003,84.25753,-3.768524,WAL
1798657367000,11.139979,-0.426694553083394,-11.4505526390195,2.99443770516462,-0.22479841,-1.5430456,0.113926366,54.746872,84.13352,-3.7661078,WAL
1798662305000,11.144917,-0.0932303922409488,-10.1228250150437,2.4472835360799,-0.48380527,-1.593442,0.1142318,54.38352,84.104126,-3.641682,WAL
1798667341000,11.149953,-0.16849381042655,-8.79317148587183,1.47889426749896,-0.7415904,-1.6465873,0.17867808,54.01415,84.12255,-3.522328,WAL
1798672306000,11.154918,-0.32585843751986,-7.53429327564222,0.452466339966986,-0.99387777,-1.7250835,0.2574797,53.66009,84.27869,-3.3422022,WAL
1798677340000,11.159952,-0.887881577327969,-6.50972018632002,-0.935183622830909,-1.2690725,-1.7348573,0.35369098,53.312275,84.48131,-3.1885638,WAL
1798682328000,11.16494,-1.46980254032982,-5.59094981812061,-2.21351328827088,-1.5189165,-1.6765196,0.46731192,53.019962,84.81396,-3.055051,WAL
1798687331000,11.169943,-2.13369912693208,-4.97848170866511,-3.1859815676815,-1.7195857,-1.6581937,0.57818395,52.717968,85.17218,-2.9512346,WAL
1798692327000,11.174939,-2.76351069246575,-4.41484611663981,-4.06867663581789,-1.8597792,-1.7076738,0.67256266,52.40419,85.595184,-3.0094004,WAL
1798697367000,11.179979,-3.25454391164384,-4.05507921011281,-4.57429498956487,-1.9746219,-1.8527542,0.7480045,52.07829,85.974686,-3.0964074,WAL
1798702370000,11.184982,-3.70223836970307,-3.73766808575742,-5.0059564248616,-2.0772474,-2.0702224,0.79076505,51.66776,86.19615,-3.3806455,WAL
1798707352000,11.189964,-3.99998615800705,-3.56958478304982,-5.17403977771515,-2.1444426,-2.1862867,0.816116,51.25541,86.20492,-3.686829,WAL
1798712334000,11.194946,-4.25320111654311,-3.40769536703082,-5.35618141295357,-2.1762075,-2.4233024,0.82894415,50.74123,94.10402,-4.1038904,WAL
1798717347000,11.199959,-4.34685781417284,-3.26721005164846,-5.59032371935232,-2.175902,-2.6035078,0.8784242,50.22127,94.64937,-4.547691,WAL
1798722338000,11.20495,-4.42053997946393,-3.14524689948758,-5.83251701525424,-2.1380284,-2.676506,0.9401216,49.66843,95.41383,-5.06201,WAL
1798727346000,11.209958,-4.39690940476941,-3.11216414426488,-6.12081017457627,-2.0329595,-2.644741,1.0140363,49.10664,96.28302,-5.6029196,WAL
1798732322000,11.214934,-4.32571156565092,-3.20785182565092,-6.39029749054966,-1.8570304,-2.5393667,1.0934488,48.562115,97.24839,-6.190637,WAL
1798737420000,11.220032,-3.93965084108004,-4.14946324108004,-6.55507964802314,-1.6136005,-2.3903158,1.1374311,48.053596,98.228775,-6.7944956,WAL
1798742400000,11.225012,-3.57903972507433,-5.07735895242815,-6.68681338453915,-1.3359623,-2.212554,1.1997393,47.615314,99.23815,-7.423543,WAL
1798747369000,11.229981,-3.41868650005947,-6.10078926194252,-6.46514870763132,-1.0708468,-1.8579466,1.3225232,47.288517,100.239075,-8.075823,WAL
1798752428000,11.23504,-3.26902693465997,-7.15982423696942,-6.20889795864902,-0.784351,-1.3698653,1.4370605,47.12794,101.100075,-8.607762,WAL
1798757452000,11.240064,-3.32173050614331,-8.46423532670014,-5.50179300346874,-0.5503896,-0.84849185,1.5137241,47.097103,101.93602,-9.145022,WAL
1798762273000,11.244885,-3.37230453443177,-9.71594031547239,-4.82325936713829,-0.43493605,-0.33964106,1.5534303,47.269493,102.61587,-9.574915,WAL
1798767348000,11.24996,-3.17481940589277,-11.0393130198229,-4.4414327675455,-0.42852196,0.09315695,1.5467108,47.58061,103.27067,-9.987993,WAL
1798772252000,11.254864,-2.93918753685194,-12.319117353517,-4.13187709069356,-0.5143485,0.46273044,1.488984,48.026978,103.91117,-10.371226,WAL
1798777346000,11.259958,-2.22856455458305,-13.1642417839421,-4.12447523728463,-0.6221663,0.8008443,1.4456125,48.573284,104.379196,-10.66794,WAL
1798782262000,11.264874,-1.43594776379837,-13.8687899617505,-4.18936803448853,-0.7101309,1.112691,1.4196508,49.21658,104.845604,-10.932314,WAL
1798787435000,11.270047,-0.717394066466021,-14.3144048262863,-3.74209624542028,-0.795652,1.4147639,1.387275,49.978065,105.14241,-11.0346775,WAL
1798792243000,11.274855,-0.0793748021302088,-14.6521796851758,-3.19321202624554,-0.929126,1.5867225,1.2647965,50.7774,105.44437,-11.099707,WAL
1798797336000,11.279948,0.408065140346825,-14.5578382248422,-2.50670707495358,-1.1713341,1.643533,1.0864239,51.774693,105.53218,-10.862986,WAL
1798802313000,11.284925,0.841693920279614,-14.3631479831972,-1.81201596417564,-1.4358387,1.5543466,0.88086766,52.741585,105.65464,-10.616948,WAL
1798807422000,11.290034,1.27226206372339,-13.8475370631429,-1.19007062196354,-1.7027869,1.4483615,0.6365216,53.485878,105.78792,-10.354798,WAL
1798812302000,11.294914,1.67683071307669,-13.2097460620226,-0.637953425670639,-1.8316795,1.1658363,0.5112942,54.13607,105.95211,-10.104952,WAL
1798817343000,11.299955,1.8607846240706,-12.4382509200276,0.100660824344739,-2.0115793,0.7993172,0.2724459,54.62449,106.04174,-9.749219,WAL
1798822342000,11.304954,1.94576047630411,-11.6262597169904,0.90321062642343,-2.1120665,0.2657264,0.03604105,54.968693,106.142525,-9.407231,WAL
1798827331000,11.309943,1.79219408415626,-11.0289921985921,1.42328477443982,-2.1423044,-0.4196644,-0.18173242,55.112648,106.18275,-9.022781,WAL
1798832342000,11.314954,1.52574501483244,-10.5294000694031,1.81344234733294,-2.1022928,-1.1499538,-0.39584067,55.074314,106.21149,-8.630193,WAL
1798837431000,11.320043,0.973261799453294,-10.2211130273353,1.78295813698489,-1.9898936,-1.7974709,-0.5766568,54.83365,106.13055,-8.235622,WAL
1798842375000,11.324987,0.301800794615147,-10.0167552692426,1.54940644248279,-1.817935,-2.2739458,-0.72387534,54.422215,106.01187,-7.8450375,WAL
1798847347000,11.329959,-0.401077938690344,-9.90573079652238,1.16907191964484,-1.6163495,-2.5250115,-0.81153446,53.784916,105.89058,-7.542501,WAL
1798852418000,11.33503,-1.1287292363485,-9.82937219256382,0.724396154772475,-1.4065173,-2.5821273,-0.8579602,53.068497,105.71216,-7.233204,WAL
1798857446000,11.340058,-1.8139777138936,-9.68003224374735,0.255403183342518,-1.219287,-2.4801128,-0.84391034,52.32881,105.57856,-7.0214725,WAL
1798862343000,11.344955,-2.45511733509962,-9.48122940525647,-0.221723971555744,-1.0809261,-2.2925773,-0.78954333,51.6049,105.40222,-6.805134,WAL
1798867346000,11.349958,-2.86894125891707,-9.16695403195122,-0.545685500700488,-0.9645562,-2.0540345,-0.6743952,50.927254,105.33184,-6.7185383,WAL
1798872348000,11.35496,-3.16337054451707,-8.79774909195122,-0.788706543420488,-0.8970556,-1.8270979,-0.50732356,50.313347,105.248924,-6.647464,WAL
1798877330000,11.359942,-3.29324299028328,-8.4656988877551,-1.07579653652147,-0.8558222,-1.6172657,-0.31795537,49.787617,105.27811,-6.6938815,WAL
1798882337000,11.364949,-3.32245486232105,-8.15410680612245,-1.39225703472434,-0.8518516,-1.4123205,-0.102319926,49.342884,105.32004,-6.776418,WAL
1798887431000,11.370043,-3.20982823509725,-7.94997866115115,-1.66742610932965,-0.84238315,-1.2232577,0.087964594,48.971405,105.44864,-6.9442606,WAL
1798892315000,11.374927,-3.02973617167539,-7.81144650125383,-1.90754879626814,-0.82741696,-1.0476339,0.22235495,48.66895,105.59155,-7.140173,WAL
1798897345000,11.379957,-2.70304511142634,-7.71645641236229,-2.04813230381203,-0.79290307,-0.9450085,0.33017266,48.435013,105.8054,-7.3819113,WAL
1798902462000,11.385074,-2.28261055051185,-7.64956913553671,-2.12457500567417,-0.7504479,-0.9279043,0.41630468,48.238308,106.02486,-7.644886,WAL
1798907368000,11.38998,-1.88437766218487,-7.66458421512605,-2.16030770868347,-0.6985244,-0.9324858,0.45173484,48.09899,106.25832,-7.8883753,WAL
1798912342000,11.394954,-1.48408321908764,-7.73606531236495,-2.16983852164866,-0.6630942,-0.96577793,0.5021312,47.968254,106.49547,-8.155952,WAL
1798917336000,11.399948,-1.13860877050332,-7.85483125228248,-2.16326358829497,-0.61758476,-1.0082331,0.54061574,47.867977,106.68271,-8.358234,WAL
1798922347000,11.404959,-0.834345220220445,-8.00930348995318,-2.1445396925478,-0.58062744,-1.0491611,0.5525276,47.764984,106.86295,-8.56444,WAL
1798927337000,11.409949,-0.597191123201641,-8.12698696049244,-2.19584904767461,-0.5757405,-1.0891727,0.537256,47.690613,106.983,-8.689506,WAL
1798932320000,11.414932,-0.420559598677181,-8.21146260315417,-2.31104347399421,-0.58551437,-1.0946705,0.52381694,47.617428,107.09715,-8.815527,WAL
1798937386000,11.419998,-0.245647607332095,-8.29664008851749,-2.43074727932529,-0.623388,-1.0458013,0.50854534,47.523823,107.18747,-8.896225,WAL
1798942330000,11.424942,-0.172376593924482,-8.36502673290003,-2.6017129721758,-0.66767573,-0.9443977,0.48533243,47.443424,107.2759,-8.965217,WAL
1798947318000,11.42993,-0.111056382880821,-8.43110479627072,-2.7541661851618,-0.72173727,-0.816116,0.46883908,47.335266,107.40456,-9.024016,WAL
1798952396000,11.435008,-0.173428450899763,-8.46948788328729,-2.7109855504341,-0.79259765,-0.6948592,0.44959682,47.253815,107.54019,-9.066996,WAL
1798957360000,11.439972,-0.243906274692262,-8.50315026014249,-2.66173349062933,-0.88117313,-0.6044512,0.44135013,47.18243,107.722466,-9.105233,WAL
1798962342000,11.444954,-0.432751129131209,-8.48898661062735,-2.52482102193746,-0.9789116,-0.55863625,0.43951756,47.13327,107.91789,-9.133647,WAL
1798967449000,11.450061,-0.628979718286278,-8.47045394452122,-2.37612970860809,-1.0778717,-0.54000485,0.4334089,47.094833,108.13136,-9.160492,WAL
1798972348000,11.45496,-0.851290225417572,-8.40098148183613,-2.12603034214215,-1.1722504,-0.5635232,0.42821655,47.058807,108.362465,-9.186948,WAL
1798977603000,11.460215,-1.10266747193575,-8.32356138778863,-1.8509536536552,-1.2479976,-0.6243043,0.4428773,47.011635,108.60734,-9.244952,WAL
1798982339000,11.464951,-1.47935578063339,-8.22007587606096,-1.52393853754677,-1.3035865,-0.70463306,0.46028697,46.954426,108.86371,-9.305507,WAL
1798987321000,11.469933,-1.87561024725746,-8.11121506114812,-1.17993741667427,-1.3359623,-0.7644979,0.49388456,46.877594,109.11322,-9.409273,WAL
1798992310000,11.474922,-2.05909417809209,-8.08843602783629,-1.08479599109239,-1.348485,-0.7870999,0.5299256,46.794014,109.36678,-9.519751,WAL
1798997289000,11.479901,-2.19780465302438,-8.08365306129,-1.04174789372053,-1.3292428,-0.7806858,0.5739079,46.70916,109.61853,-9.641421,WAL
1799002410000,11.485022,-2.32571630954247,-8.11878928617615,-0.978350508331537,-1.2968669,-0.75686204,0.6197228,46.55106,109.89967,-9.857505,WAL
1799007324000,11.489936,-2.44559196023317,-8.16028459077104,-0.913802087702557,-1.2614367,-0.7473936,0.6392705,46.395912,110.1704,-10.074252,WAL
1799012344000,11.494956,-2.51287812243814,-8.31432113212461,-0.816095910950616,-1.2443326,-0.72143185,0.68936145,46.247234,110.45621,-10.330565,WAL
1799017285000,11.499897,-2.56501772426124,-8.49443971160974,-0.711816826090354,-1.1945469,-0.7153232,0.74006325,46.100758,110.72167,-10.58792,WAL
1799022333000,11.504945,-2.59117704092694,-8.7694359128044,-0.558140522812255,-1.1340714,-0.7199047,0.786489,45.94676,110.99058,-10.872915,WAL
1799027247000,11.509859,-2.60966109245876,-9.06055953142184,-0.396404956103692,-1.0833695,-0.74036866,0.82436264,45.7967,111.25037,-11.164461,WAL
1799032331000,11.514943,-2.5893332525367,-9.3948046703773,-0.246620470653138,-1.0329732,-0.799928,0.8445212,45.61112,111.48096,-11.471187,WAL
1799037296000,11.519908,-2.55654410102453,-9.73206419308442,-0.106095852127869,-0.9859365,-0.88270026,0.84635377,45.417755,111.69879,-11.780642,WAL
1799042345000,11.524957,-2.50157779676772,-10.1256103206685,-0.0564562484755069,-0.91507614,-0.98990715,0.8402451,45.16633,111.8642,-12.092282,WAL
1799047277000,11.529889,-2.43994096593054,-10.5286206159908,-0.0422323530492873,-0.850019,-1.0934488,0.8179486,44.89418,112.0148,-12.399961,WAL
1799052376000,11.534988,-2.3117255295117,-10.8796216982332,-0.170365078171148,-0.77366084,-1.1878275,0.79290307,44.561264,112.10239,-12.693476,WAL
1799057288000,11.5399,-2.16559212281332,-11.1947218966605,-0.343898562642171,-0.68875057,-1.2760975,0.75136423,44.200832,112.165695,-12.977148,WAL
1799062342000,11.544954,-1.87811543990582,-11.3855269795612,-0.598137357132552,-0.600786,-1.3267993,0.7086037,43.802834,112.17443,-13.2296505,WAL
1799067330000,11.549942,-1.52873709933874,-11.5099631118124,-0.885297641568981,-0.46883908,-1.3408492,0.6640105,43.390804,112.14776,-13.466432,WAL
1799072344000,11.554956,-1.0963414605975,-11.632367603149,-1.20188343879693,-0.3371976,-1.3121386,0.6209445,42.97665,112.08653,-13.651823,WAL
1799077310000,11.559922,-0.630741194337909,-11.752367574889,-1.52828356241421,-0.21074851,-1.2492194,0.5900958,42.570736,111.994286,-13.818719,WAL
1799082329000,11.564941,-0.100767621472663,-11.7956194638448,-1.79888576393298,-0.08307768,-1.1362094,0.56046885,42.20887,111.86743,-13.898944,WAL
1799087351000,11.569963,0.455295198368607,-11.8050444479718,-2.043930479806,-0.01038471,-0.9819659,0.52595496,41.87828,111.72205,-13.955352,WAL
1799092310000,11.574922,0.98287757920937,-11.6966466691069,-2.20479696222548,0.06566802,-0.8078693,0.4896085,41.607864,111.539276,-13.91044,WAL
1799097356000,11.579968,1.50847420579377,-11.5248172290316,-2.32608851173395,0.11575896,-0.63346726,0.41630468,41.37703,111.337944,-13.833002,WAL
1799102335000,11.584947,1.87686774252309,-11.3418659293574,-2.29256796005109,0.12522738,-0.5702427,0.30909783,41.15759,111.10382,-13.659494,WAL
1799107354000,11.589966,2.19800030620947,-11.152964044213,-2.2075622350167,0.100792766,-0.44104472,0.25167647,41.001762,110.868355,-13.465533,WAL
1799112338000,11.59495,2.16737980323201,-11.1980140961908,-2.00950446525587,0.037873644,-0.3313944,0.1328632,40.81761,110.59736,-13.187336,WAL
1799117344000,11.599956,1.99675316315891,-11.3363604630627,-1.76509320854175,-0.071776666,-0.26145032,0.005192355,40.65059,110.336525,-12.890278,WAL
1799122348000,11.60496,1.57384388622303,-11.4916342661805,-1.38308858047199,-0.204029,-0.24281894,-0.11759156,40.460533,110.05817,-12.535227,WAL
1799127343000,11.609955,1.00696150317837,-11.6563690929809,-0.922799456953307,-0.31215215,-0.2947425,-0.20647246,40.259212,109.79012,-12.162595,WAL
1799132311000,11.614923,0.534562988422193,-11.7877963849704,-0.63426188285141,-0.376293,-0.3662137,-0.24495697,40.030132,109.517845,-11.791024,WAL
1799137436000,11.620048,0.0962946119423097,-11.9059809314739,-0.427438623094211,-0.38362336,-0.398895,-0.23273966,39.79139,109.259384,-11.41994,WAL
1799142341000,11.624953,-0.0762161323350168,-12.0844366222024,-0.38603218533571,-0.31612277,-0.37323865,-0.22143865,39.499443,108.99014,-11.131228,WAL
1799147321000,11.629933,-0.132891709809764,-12.2969703774015,-0.419092934711824,-0.20677789,-0.3032946,-0.226631,39.21329,108.718864,-10.84559,WAL
1799152370000,11.634982,-0.0761627372607065,-12.6290943830669,-0.529600995441089,-0.054367006,-0.19547687,-0.23762658,38.93447,108.43876,-10.621868,WAL
1799157350000,11.639962,0.0414919347937636,-13.0197074203671,-0.680198967021906,0.10995574,-0.09285152,-0.26145032,38.677044,108.13401,-10.391757,WAL
1799162340000,11.644952,0.168779039343444,-13.4301115406028,-0.72032698554425,0.26847526,0.024740042,-0.30695978,38.449238,107.796906,-10.153805,WAL
1799167333000,11.649945,0.301884521028988,-13.8523770942599,-0.692787940199654,0.42271876,0.13561209,-0.3839288,38.248844,107.422,-9.897792,WAL
1799172346000,11.654958,0.421984804227375,-14.2629641742253,-0.579657222175251,0.57451874,0.22235495,-0.46975538,38.061398,107.00703,-9.605099,WAL
1799177346000,11.659958,0.530075169505438,-14.6609335975785,-0.392955662561051,0.71929383,0.2919936,-0.5513059,37.899,106.55759,-9.292291,WAL
1799182308000,11.66492,0.615818205674179,-15.0117148277975,-0.285814096795176,0.8750645,0.3454443,-0.6411031,37.737022,106.0321,-8.925639,WAL
1799187357000,11.669969,0.687516451314749,-15.3367469479043,-0.233235384989126,0.9999864,0.40133846,-0.7189884,37.595055,105.48454,-8.5442095,WAL
1799192310000,11.674922,0.739234689155538,-15.6124519406913,-0.263125210569521,1.1368202,0.45173484,-0.8011498,37.437958,104.84994,-8.124578,WAL
1799197332000,11.679944,0.777015312519639,-15.8580254723095,-0.357576746789081,1.2822062,0.48533243,-0.8866709,37.293236,104.19042,-7.6910973,WAL
1799202366000,11.684978,0.759609448572135,-15.9086201333927,-0.387112082472066,1.4721853,0.5012149,-0.97433007,37.145382,103.46976,-7.2305536,WAL
1799207427000,11.690039,0.692512153855434,-15.7840113371898,-0.358356094017601,1.568091,0.50518554,-1.0308352,37.007298,102.75068,-6.7662334,WAL
1799212342000,11.694954,0.649282876036225,-15.4579267302193,-0.321731404098189,1.7519615,0.44348818,-1.1368202,36.84977,101.96829,-6.273675,WAL
1799217369000,11.699981,0.626335958055291,-14.9255583250715,-0.275837592097235,1.9617938,0.3463606,-1.2330315,36.68708,101.17251,-5.78223,WAL
1799222347000,11.704959,0.541393739397394,-14.3499733711319,-0.300651677373779,2.1988094,0.2510656,-1.3045027,36.5073,100.34097,-5.2982264,WAL
1799227347000,11.709959,0.365922933208469,-13.7017063719463,-0.42738059634772,2.437047,0.19364429,-1.3698653,36.312805,99.46765,-4.802606,WAL
1799232302000,11.714914,0.0233092174408151,-13.1786476808511,-0.483469460653281,2.6847527,0.22235495,-1.4495832,36.125187,98.55027,-4.3035145,WAL
1799237447000,11.720059,-0.557469442433323,-12.794743106383,-0.449016487998202,2.9352076,0.30298916,-1.5515977,35.938953,97.583275,-3.7890935,WAL
1799242302000,11.724914,-1.15451036930489,-12.5914690300855,-0.374062292366532,3.1682527,0.37232238,-1.6930131,35.768307,96.60546,-3.285762,WAL
1799247346000,11.729958,-1.83841358912595,-12.58671960643,-0.241081117897945,3.3050864,0.4071417,-1.8399261,35.61238,95.59689,-2.7583137,WAL
1799252282000,11.734894,-2.5154251046203,-12.6121211344177,-0.187243252198383,3.368311,0.43066,-1.9428569,35.509262,94.5958,-2.2922096,WAL
1799257326000,11.739938,-3.21920620502944,-12.6844273601437,-0.249908688095001,3.323107,0.42485678,-1.9953914,35.41077,93.59788,-1.806961,WAL
1799262248000,11.74486,-3.88176983998173,-12.7710736942896,-0.409432330909091,3.211624,0.42546764,-2.005776,35.391396,92.63462,-1.400282,WAL
1799267328000,11.74994,-4.52629016378255,-12.8866428820466,-0.733915021818182,3.0589077,0.42546764,-1.9816469,35.376274,91.71739,-0.9979615,WAL
1799272284000,11.754896,-5.16698928402018,-13.0116222418974,-1.15959529304572,2.8738155,0.4896085,-1.88849,35.44311,90.95251,-0.71740025,WAL
1799277321000,11.759933,-5.86587119609358,-13.1876372283752,-2.02931491455248,2.6908615,0.60994893,-1.7763962,35.53023,89.53494,-0.4574329,WAL
1799282287000,11.764899,-6.57962417292861,-13.4364457561796,-2.65125674571881,2.5289822,0.68539083,-1.6759088,35.676132,89.23275,-0.33273283,WAL
1799287306000,11.769918,-7.3495163923769,-13.8356487983983,-2.81759153686969,2.405282,0.6227771,-1.6081028,35.81695,88.734344,-0.23439907,WAL
1799292294000,11.774906,-7.93292062979877,-14.0884003507302,-2.97305290118934,2.284636,0.398895,-1.5671748,35.958782,88.34964,-0.26240483,WAL
1799297310000,11.779922,-8.12577370953982,-14.0305445526672,-3.10804993114869,2.1731532,0.26633725,-1.5216653,36.105465,88.00263,-0.30824798,WAL
1799312232000,11.794844,-8.49612355369075,-13.666520044289,-3.46384240994561,1.6508633,-0.10903945,-1.6850718,36.434914,87.1633,-0.7470936,WAL
1799317271000,11.799883,-8.04616982696193,-13.0009638735431,-3.45446838212898,1.2968669,-0.0015271631,-1.7852536,36.52189,86.98142,-0.88158506,WAL
1799322240000,11.804852,-7.44212662618417,-12.2890946838286,-3.2872161226243,0.96761054,-0.086437434,-1.8148806,36.564674,86.91655,-0.99169236,WAL
1799327250000,11.809862,-6.37873194304207,-11.4139110151025,-2.67082369190939,0.8542951,-0.2574797,-1.7143933,36.6063,86.88397,-1.101936,WAL
1799332229000,11.814841,-5.2980524137736,-10.6168913468646,-2.14751314017974,0.8533788,-0.3640757,-1.6081028,36.622883,86.92212,-1.1398373,WAL
1799337253000,11.819865,-4.12229162435626,-10.072737812784,-1.93859697691609,0.8903361,-0.3368922,-1.488984,36.623096,86.965256,-1.2065088,WAL
1799342241000,11.824853,-3.05411537481025,-9.60934874762808,-1.81851208268501,0.9764681,-0.0067195175,-1.3652838,36.63761,86.960815,-1.1603031,WAL
1799347250000,11.829862,-2.29405584537002,-9.38633704212524,-1.97325477751423,1.149343,0.464563,-1.3057245,36.699013,86.91731,-1.1347992,WAL
1799352333000,11.834945,-1.56253051915529,-9.19590048739914,-2.07873382181492,1.3542882,0.9795224,-1.2724323,36.77666,86.88373,-0.9832882,WAL
1799357313000,11.839925,-1.06845543777269,-9.21015294083076,-1.89345559808746,1.5949692,1.3545936,-1.2525792,36.947765,86.781425,-0.8551919,WAL
1799362310000,11.844922,-0.615814643347597,-9.23836126629515,-1.60888159431287,1.8206838,1.4559973,-1.2507466,37.14828,86.65959,-0.62198466,WAL
1799367321000,11.849933,-0.429568703512787,-9.35297448989949,-0.71108051100607,1.947133,1.3588698,-1.2571607,37.394367,86.48178,-0.40222463,WAL
1799372308000,11.85492,-0.206619338047269,-9.47799676520728,0.11960804930647,1.9349157,1.1264355,-1.2476922,37.64061,86.215485,-0.119839154,WAL
1799377305000,11.859917,0.270821214713289,-9.67731627256877,0.527518430260558,1.7864754,0.97585726,-1.2003502,37.875904,85.93845,0.14609447,WAL
1799382377000,11.864989,0.728756634373113,-9.85286515013081,0.874559638183035,1.6511687,0.9257663,-1.1386528,38.04476,85.55268,0.43216893,WAL
1799387375000,11.869987,0.863614422539746,-9.70837477057758,0.4218227871774,1.5485435,0.91538155,-1.102001,38.17536,85.19611,0.70669824,WAL
1799392306000,11.874918,0.971639849845584,-9.56171463257743,-0.0321680323770405,1.473407,0.9239337,-1.0461067,38.303654,84.77741,1.0329767,WAL
1799397304000,11.879916,0.777359038604077,-9.36321028421424,-0.581222525025589,1.4425583,0.95417154,-0.9755518,38.427845,84.37632,1.3362103,WAL
1799402324000,11.884936,0.582223049722051,-9.1638321672108,-1.13269382416439,1.4388931,1.0381655,-0.93492925,38.591255,84.01321,1.6493546,WAL
1799407316000,11.889928,0.220999135798493,-8.96225217776401,-1.80895967982864,1.4563028,1.1734722,-0.87995136,38.77045,83.65999,1.9282428,WAL
1799412248000,11.89486,-0.173948499952514,-8.76234045401053,-2.50621291909776,1.4779885,1.3588698,-0.8368854,38.98174,83.31215,2.1874468,WAL
1799417326000,11.899938,-0.642513066568618,-8.45893455470536,-3.13427584959754,1.5018122,1.5778649,-0.79168135,39.29884,83.01914,2.3902123,WAL
1799422226000,11.904838,-1.10417552368876,-8.15115923919308,-3.72650948270893,1.5005904,1.7999145,-0.7519751,39.663315,82.73705,2.5698917,WAL
1799427308000,11.90992,-1.47319525517928,-7.85183743077689,-4.07948793937251,1.4999796,2.0237966,-0.72418076,40.129784,82.54934,2.664553,WAL
1799432238000,11.91485,-1.81177920936255,-7.56498164890438,-4.37574887473108,1.4966198,2.2137756,-0.71776664,40.644424,82.37248,2.742367,WAL
1799437373000,11.919985,-2.05075960296638,-7.31891221009511,-4.3854885233732,1.4966198,2.3585508,-0.69913524,41.238857,82.30462,2.718407,WAL
1799442312000,11.924924,-2.2601100410679,-7.09174472134853,-4.34094594327149,1.4899004,2.4373524,-0.6954701,41.86455,82.24678,2.6881585,WAL
1799447363000,11.929975,-2.45445158636627,-6.84460902915297,-4.20211713939277,1.4651603,2.484389,-0.7086037,42.537525,82.26,2.593056,WAL
1799452308000,11.93492,-2.63761664322181,-6.59733631715335,-4.03268944745697,1.4242324,2.5332582,-0.7171558,43.22932,82.28811,2.4889827,WAL
1799457421000,11.940033,-2.79837256461062,-6.28647768361011,-3.73177681008767,1.3771957,2.5689938,-0.7199047,43.939846,82.336876,2.346802,WAL
1799462279000,11.944891,-2.93753705240846,-5.96495981025271,-3.38626492647757,1.3093897,2.595261,-0.7333437,44.658215,82.408295,2.2053516,WAL
1799467343000,11.949955,-2.98183746931762,-5.6566471942161,-3.00534830512033,1.2443326,2.6138923,-0.73364913,45.437782,82.4522,2.0291936,WAL
1799472316000,11.954928,-2.98655425909676,-5.36420608015252,-2.62328808674854,1.1487321,2.6160305,-0.7348709,46.21562,82.52988,1.8542879,WAL
1799477344000,11.959956,-2.93079528625954,-5.09186404045802,-2.12912151374046,1.0509937,2.605951,-0.73761976,47.022205,82.57113,1.6600657,WAL
1799482325000,11.964937,-2.85040119567761,-4.83176547434321,-1.59473729653019,0.9456194,2.5778513,-0.7287622,47.81888,82.6488,1.4613712,WAL
1799487367000,11.969979,-2.75059009762898,-4.57045542337438,-0.945642241518266,0.84421575,2.5039365,-0.72082096,48.6083,82.687225,1.2700497,WAL
1799492330000,11.974942,-2.64418397357281,-4.31411336739595,-0.258838872845222,0.7302894,2.3936756,-0.6973027,49.373665,82.766045,1.0719991,WAL
1799497366000,11.979978,-2.58555567753883,-4.07547488499219,0.347376443144013,0.605062,2.3393085,-0.6588182,50.1336,82.78379,0.8901699,WAL
1799502421000,11.985033,-2.54551367574671,-3.84412108653616,0.921311577621542,0.4578435,2.2137756,-0.643852,50.837337,82.84485,0.7125267,WAL
1799507381000,11.989993,-2.52143993691661,-3.70897864340958,1.3297252744384,0.3830125,2.068695,-0.5867361,51.520496,82.79892,0.54403096,WAL
1799512345000,11.994957,-2.50924913909119,-3.64558644379936,1.6174282558724,0.23640485,1.9281962,-0.54825157,52.16519,82.81784,0.37850282,WAL
1799517297000,11.999909,-2.49708781136527,-3.58234748882962,1.90443574258898,0.082161374,1.7977765,-0.49296826,52.806835,82.72299,0.22176316,WAL
1799522325000,12.004937,-2.48473983967586,-3.5181379844702,2.19584802918248,-0.058643065,1.6756034,-0.44104472,53.406315,82.66625,0.057180643,WAL
1799527312000,12.009924,-2.46194656598144,-3.51705526644048,2.26768952890929,-0.19456059,1.5387696,-0.4034765,53.967587,82.64611,-0.11345975,WAL
1799532288000,12.0149,-2.43341394065463,-3.55034337070153,2.22013528577986,-0.33475417,1.3878858,-0.35002577,54.484535,82.665184,-0.299512,WAL
1799537365000,12.019977,-2.34956089302558,-3.54564033087248,2.11518452173046,-0.45814893,1.2538009,-0.30543262,54.957882,82.612595,-0.47737253,WAL
1799542343000,12.024955,-2.23714418994196,-3.51969793489933,1.98114918543443,-0.56199604,1.1279627,-0.26145032,55.385544,82.58912,-0.66595334,WAL
1799547352000,12.029964,-2.14334713000929,-3.52695983445855,1.7965415874058,-0.64996064,0.9947941,-0.22602014,55.770638,82.59775,-0.8524955,WAL
1799552375000,12.034987,-2.07382501436977,-3.57661851811706,1.54824853208424,-0.7312057,0.8781188,-0.18600847,56.119823,82.62671,-1.0487795,WAL
1799557342000,12.039954,-2.00381769463858,-3.66575519466853,1.30920673742013,-0.8026769,0.75961095,-0.15699236,56.420815,82.69894,-1.2216411,WAL
1799562346000,12.044958,-1.9320490136881,-3.79493883037141,1.07476234301118,-0.86498517,0.64934975,-0.12522738,56.68693,82.78332,-1.402219,WAL
1799567326000,12.049938,-1.87769939168452,-3.90803750932814,0.872079711230769,-0.92149025,0.56138515,-0.093462385,56.92203,82.92544,-1.5741876,WAL
1799572356000,12.054968,-1.84017549372931,-4.00653774146056,0.698531555846154,-0.98715824,0.473726,-0.06872234,57.12322,83.07834,-1.7483593,WAL
1799577342000,12.059954,-1.82606403228155,-4.12527339038228,0.562357504019013,-1.047023,0.4120286,-0.04734206,57.320896,83.27565,-1.9062032,WAL
1799582331000,12.064943,-1.84055998349515,-4.2702330538835,0.47054974236246,-1.1071932,0.34330627,-0.0290161,57.489994,83.48015,-2.0655754,WAL
1799587347000,12.069959,-1.89248665675782,-4.42957181957505,0.450085429962621,-1.1658363,0.3023783,0.0027488936,57.657703,83.72112,-2.2196562,WAL
1799592312000,12.074924,-1.98603148623844,-4.60262985911863,0.510889586218768,-1.2275337,0.2773328,0.02565634,57.81008,83.965515,-2.3729637,WAL
1799597317000,12.079929,-2.08683018189219,-4.70017011133724,0.586721794579569,-1.2788464,0.25625798,0.04184427,57.961887,84.22046,-2.530299,WAL
1799602362000,12.084974,-2.19714935165293,-4.69537363005063,0.682651470396108,-1.314582,0.27030787,0.10170906,58.115337,84.46039,-2.7044718,WAL
1799607267000,12.089879,-2.28522942349895,-4.76408243194265,0.8223781035348,-1.3979651,0.30970868,0.17684549,58.27254,84.68076,-2.904677,WAL
1799612349000,12.094961,-2.34822871506522,-4.94338776929204,1.03560628425769,-1.4776831,0.3371976,0.24740042,58.429417,84.87118,-3.1172633,WAL
1799617257000,12.099869,-2.39733511921931,-5.21584037813672,1.27863214048649,-1.5766432,0.37965274,0.3475823,58.604485,84.99905,-3.3817632,WAL
1799622351000,12.104963,-2.43016744543794,-5.65204222815114,1.58819478005961,-1.6627752,0.43463063,0.4550946,58.78949,85.08167,-3.6646333,WAL
1799627243000,12.109855,-2.37692741544096,-6.24374645975904,1.96764011780241,-1.7131716,0.48075095,0.56688297,58.978703,85.07177,-3.9798582,WAL
1799632338000,12.11495,-2.13237041105542,-7.24548975614458,2.54611148883855,-1.702176,0.52626044,0.65301496,59.181374,84.99975,-4.313109,WAL
1799637295000,12.119907,-1.83633379207634,-8.29303095276653,3.17613948582996,-1.5760323,0.54519725,0.732122,59.37601,84.82636,-4.6621733,WAL
1799642348000,12.12496,-1.35586962316368,-9.58515329014845,4.02511508704453,-1.3921618,0.54244834,0.81000733,59.574253,84.59647,-5.027678,WAL
1799647297000,12.129909,-0.784638531171443,-10.978892138361,4.94255294409251,-1.1395692,0.5467244,0.8081747,59.746292,84.38056,-5.284458,WAL
1799652358000,12.13497,0.287559382101559,-13.0258149878331,6.2974210659628,-0.79381937,0.45631635,0.7275405,59.88633,84.1432,-5.5318036,WAL
1799657280000,12.139892,1.34020287481591,-14.8683095228277,7.53831478497791,-0.36835176,0.28008172,0.5729916,59.94506,83.98939,-5.5831995,WAL
1799662349000,12.144961,2.46981755530682,-16.0837178619539,8.46297802503682,0.043676864,0.110872045,0.32253686,59.9795,83.83763,-5.582812,WAL
1799667309000,12.149921,3.5197825795968,-17.186271864654,9.17212951625975,0.3313944,0.11728613,0.020463986,59.93117,83.799835,-5.239304,WAL
1799672354000,12.154966,4.26866251248101,-17.8078908931213,8.76587489869314,0.50610185,0.30482176,-0.27855456,59.900047,83.67508,-4.856059,WAL
1799677311000,12.159923,4.95004416479885,-18.3622238754789,8.33442730771073,0.60048056,0.5531385,-0.58276546,59.851578,83.52267,-4.190723,WAL
1799682316000,12.164928,5.38161510344828,-18.6560595632184,7.74675626781609,0.63591075,0.6765333,-0.7901542,59.841827,83.223145,-3.5299652,WAL
1799687318000,12.16993,5.63554467323345,-18.6246610647904,7.15048545082,0.6774496,0.6747007,-0.8384125,59.896587,82.93049,-2.7590678,WAL
1799692313000,12.174925,4.06166846463859,-15.2444594101033,6.46282256698724,0.70921457,0.6377433,-0.82253003,59.981113,82.53418,-2.0208585,WAL
1799697320000,12.179932,2.55043139132009,-11.9856130772678,5.81270756030923,0.7110472,0.5696318,-0.80756384,60.07671,82.1657,-1.2720052,WAL
1799702385000,12.184997,1.54887767671984,-9.71669064151091,5.46619856378315,0.6930266,0.5375614,-0.7360926,60.163933,81.731224,-0.60097545,WAL
1799707345000,12.189957,0.580210170505451,-7.54457627714569,5.11454277635282,0.59742624,0.54092115,-0.6591236,60.252506,81.28045,-0.18531188,WAL
1799712336000,12.194948,-0.244053875213082,-5.97657952885035,4.60766750075322,0.44043383,0.56138515,-0.56413406,60.32606,80.845924,0.18964057,WAL
1799717451000,12.200063,-1.08782234723539,-4.4412591985782,4.08908068937599,0.2171626,0.5513059,-0.44776422,60.397915,80.4518,0.38485157,WAL
1799722351000,12.204963,-1.88475490252765,-3.80649322701422,3.60258127685624,-0.02565634,0.5204572,-0.29657507,60.462463,80.11123,0.53998053,WAL
1799727574000,12.210186,-2.73251478415922,-3.19075625236935,3.08098640572254,-0.23854288,0.45020768,-0.1142318,60.53425,79.86713,0.53428215,WAL
1799732315000,12.214927,-3.48248013298132,-3.33009402412673,2.57281316950988,-0.42058071,0.34330627,0.0983493,60.57768,79.68494,0.47949335,WAL
1799737319000,12.219931,-4.27404870617384,-3.47716135377742,2.03644977064717,-0.5946773,0.18692477,0.3475823,60.605755,79.62535,0.24372236,WAL
1799742344000,12.224956,-4.99377152360928,-4.3036939637248,1.49173638234877,-0.79779,0.04795292,0.6081163,60.5962,79.61791,-0.05258051,WAL
1799747290000,12.229902,-5.68490864426994,-5.27320558605735,0.954185316344108,-1.0302242,-0.110872045,0.84849185,60.52407,79.654686,-0.40570974,WAL
1799752401000,12.235013,-5.88474727116284,-6.8241258679996,0.634546088120959,-1.278541,-0.29229903,1.0433578,60.430702,79.82819,-0.9554476,WAL
1799757286000,12.239898,-5.97781932527604,-8.41100570262608,0.373944161671143,-1.5189165,-0.548557,1.1624765,60.26235,80.02238,-1.541548,WAL
1799762347000,12.244959,-6.25406322754581,-10.4305380279363,0.098503895346951,-1.7284433,-0.9193522,1.2599095,60.03934,80.320625,-2.2747278,WAL
1799767261000,12.249873,-6.56035412192851,-12.4709071432863,-0.170089720639832,-1.8387043,-1.3353515,1.3674219,59.726147,80.56908,-3.0291026,WAL
1799772349000,12.254961,-7.17128948493766,-14.242340521197,-0.714229130698254,-1.8387043,-1.7531832,1.4566082,59.334034,80.83519,-3.7842987,WAL
1799777239000,12.259851,-7.82061134209476,-15.8726518877805,-1.29348021453865,-1.7327193,-1.994475,1.5167783,58.875275,80.98778,-4.542915,WAL
1799782326000,12.264938,-8.12146008464904,-16.8476758348868,-1.55046435214,-1.4798211,-1.988061,1.5790867,58.401577,81.06124,-5.321193,WAL
1799787294000,12.269906,-8.32961781985924,-17.6350542210386,-1.72242061061442,-1.1349876,-1.6893479,1.5402967,57.95127,80.98906,-6.0679913,WAL
1799792312000,12.274924,-7.3345730321602,-18.1635821165049,-0.838830609083738,-0.70463306,-1.4584408,1.346347,57.537212,80.824745,-6.8228045,WAL
1799797266000,12.279878,-5.88075189118123,-18.5810167378641,0.447057131427994,-0.25992316,-0.9795224,1.210124,57.284393,80.512314,-7.567852,WAL
1799802391000,12.285003,-4.25664066633858,-17.9696771909449,1.80097693284941,-0.06261369,-0.7620544,0.9401216,57.045612,80.21598,-8.194784,WAL
1799807271000,12.289883,-2.66968099704724,-17.0359007185039,3.09814406064468,0.23060162,-0.82619524,0.7147123,56.86767,79.8345,-8.771789,WAL
1799812325000,12.294937,-1.5122910805146,-15.6063992120732,3.63045321955468,0.33017266,-0.9779953,0.5326745,56.688503,79.61233,-9.03701,WAL
1799817313000,12.299925,-0.571563363067788,-14.003852795052,3.81954427657595,0.25473082,-1.1304061,0.3549127,56.498222,79.4351,-9.227249,WAL
1799822346000,12.304958,0.0588361550667475,-12.2647439332019,3.50502117550566,0.07147124,-1.2641857,0.23335053,56.216446,79.376755,-9.161354,WAL
1799827317000,12.309929,0.54029153125,-10.4929878854167,2.97060559583333,-0.16371189,-1.4480561,0.16371189,55.881783,79.36613,-9.056023,WAL
1799832336000,12.314948,0.576124811147575,-8.84407989679139,1.89186562699415,-0.44257188,-1.6927075,0.1441642,55.48832,79.46035,-8.825176,WAL
1799837492000,12.320104,0.426463170520485,-7.20812361439172,0.560393314101171,-0.7510588,-1.9043725,0.18936823,55.05364,79.58995,-8.593336,WAL
1799842348000,12.32496,-0.00490758582896705,-6.08568267215569,-0.754135035686752,-1.0830641,-2.0152445,0.2415972,54.606255,79.82624,-8.317929,WAL
1799847367000,12.329979,-0.51309034260479,-5.01535086826347,-2.12577877601796,-1.3768903,-1.9672915,0.31703907,54.145924,80.08351,-8.065826,WAL
1799852373000,12.334985,-1.06467459860757,-4.22557499962738,-3.13432237419102,-1.6065756,-1.8677205,0.4120286,53.687057,80.37869,-7.9239197,WAL
1799857369000,12.339981,-1.63705923465385,-3.57343185434399,-3.96474933245734,-1.784032,-1.8594738,0.4896085,53.222836,80.68737,-7.8008986,WAL
1799862336000,12.344948,-2.153786153079,-3.12908725419045,-4.56773430099129,-1.960572,-1.9449949,0.57604593,52.855812,81.01736,-7.799133,WAL
1799867335000,12.349947,-2.64274126128968,-2.80311716536497,-5.04230843696806,-2.0980167,-2.0980167,0.6462954,52.486183,81.30541,-7.819557,WAL
1799872373000,12.354985,-3.09764782301259,-2.67844428678086,-5.35713565622166,-2.201253,-2.3173172,0.70066243,52.03782,81.441536,-8.023586,WAL
1799877347000,12.359959,-3.52480331613098,-2.67364474012091,-5.57311300070529,-2.235767,-2.564107,0.7367035,51.549755,81.4781,-8.246498,WAL
1799882309000,12.364921,-3.7653939223023,-2.61039899603152,-5.87592627923513,-2.2391264,-2.758973,0.7800749,51.01691,81.31985,-8.592759,WAL
1799887436000,12.370048,-3.90693410039397,-2.5113208418084,-6.23921268050351,-2.1991148,-2.8454103,0.86254174,50.455467,81.026,-8.968217,WAL
1799892347000,12.374959,-4.02774740152284,-2.55292384852792,-6.55741934314721,-2.101682,-2.8295279,0.9978484,49.88273,99.46627,-9.447346,WAL
1799897328000,12.37994,-4.13913318091371,-2.69820935311675,-6.85767604588832,-1.9159788,-2.69697,1.0601566,49.33112,100.04608,-9.936885,WAL
1799902316000,12.384928,-4.19896955819477,-3.16969560005938,-6.87859829839667,-1.7986927,-2.4724772,1.1557571,48.843685,100.7806,-10.5078,WAL
1799907311000,12.389923,-4.22264142874109,-3.87038361089667,-6.70342650578979,-1.5271631,-2.2339342,1.2113458,48.4129,101.553764,-11.088005,WAL
1799912307000,12.394919,-4.0908672768407,-4.61206593842035,-6.72014927784471,-1.2589933,-1.9645426,1.2589933,48.08705,102.40844,-11.707532,WAL
1799917300000,12.399912,-3.83939118902276,-5.38478258022566,-6.8847515103079,-1.0067059,-1.5570955,1.357648,47.888985,103.293175,-12.34967,WAL
1799922347000,12.404959,-3.68735717774134,-6.46138955267473,-6.76909461221562,-0.74464476,-1.0070114,1.4587462,47.830612,104.126526,-12.9626465,WAL
1799927343000,12.409955,-3.64813135868006,-7.84900423314204,-6.34741685251076,-0.52198434,-0.38606682,1.5121969,47.928913,104.95119,-13.569651,WAL
1799932316000,12.414928,-3.5999371819439,-9.2905284231529,-5.81943882317266,-0.44593164,0.2764165,1.536937,48.27924,105.67763,-14.062543,WAL
1799937418000,12.42003,-3.54202222504939,-10.8252729162386,-5.17754871446069,-0.50854534,0.89980453,1.5409076,48.81287,106.39973,-14.534239,WAL
1799942338000,12.42495,-3.2762880477257,-12.1575488073531,-4.48600281289268,-0.6078109,1.396438,1.536937,49.53772,106.95731,-14.877909,WAL
1799947376000,12.429988,-2.79815948102269,-13.3767765101576,-3.70665331956199,-0.6957755,1.7003434,1.4950926,50.38907,107.51166,-15.188781,WAL
1799952460000,12.435072,-2.13543020248411,-14.2846748150122,-2.88961633790709,-0.7556403,1.8515326,1.434617,51.32033,107.88458,-15.370243,WAL
1799957339000,12.439951,-1.32659235003423,-14.8467484984352,-2.07620863989242,-0.8622363,1.8585575,1.3213016,52.284595,108.25885,-15.520651,WAL
1799962312000,12.444924,-0.511378400751807,-15.1035607901205,-1.41260435879518,-1.0262536,1.7629571,1.1374311,53.052097,108.51821,-15.588798,WAL
1799967349000,12.449961,0.302280936397109,-14.9501279441928,-0.956955154072289,-1.2663237,1.6044376,0.9080512,53.788662,108.771774,-15.617754,WAL
1799972293000,12.454905,1.00322499306623,-14.6434088914409,-0.467165515387785,-1.4871514,1.3371841,0.6640105,54.339962,108.8211,-15.481943,WAL
1799977343000,12.459955,1.54119908483675,-14.0456603282521,0.110658511803481,-1.7030923,0.94714653,0.42180246,54.791748,108.86685,-15.307839,WAL
1799982256000,12.464868,1.94813886814771,-13.4068849158768,0.561462994056082,-1.8710803,0.47494772,0.19639318,55.04371,108.80633,-15.0205765,WAL
1799987365000,12.469977,2.19934856965837,-12.6580865100711,0.865813155993286,-1.9489655,-0.06688975,-0.004886922,55.14754,108.733154,-14.711803,WAL
1799992243000,12.474855,2.26589963080789,-12.0172115035756,1.13827590679358,-1.9187278,-0.37965274,-0.11362094,55.13671,108.57632,-14.347232,WAL
1799997376000,12.479988,2.04737847545419,-11.466158556436,1.39480065722845,-1.8613064,-0.9963212,-0.34055737,54.863052,108.372345,-13.955873,WAL
1800002359000,12.484971,1.7215907457407,-10.9873407288019,1.47672740797757,-1.7263051,-1.5671748,-0.5494733,54.471584,108.13649,-13.579129,WAL
1800007813000,12.490425,1.11531839744246,-10.5865843925831,1.19928077557545,-1.5763378,-1.9905044,-0.7742717,53.932556,107.84497,-13.172262,WAL
1800012289000,12.494901,0.384653847415563,-10.2122803177832,0.820404834670647,-1.4294246,-2.2678373,-0.8136725,53.250515,107.55432,-12.85156,WAL
1800017305000,12.499917,-0.995778836443366,-9.6834128962493,0.03158618492256,-1.2800682,-2.4269676,-0.86345804,52.471264,107.18898,-12.487233,WAL
1800022437000,12.505049,-2.24547901403729,-9.17889423217122,-0.679802709831954,-1.1499538,-2.422997,-0.8555168,51.668827,106.91342,-12.238577,WAL
1800027354000,12.509966,-2.65885261406237,-8.87181707892317,-0.900268681916228,-1.0531317,-2.3243423,-0.82924956,50.8526,106.60743,-11.983081,WAL
1800032436000,12.515048,-3.08609781140373,-8.55443532321712,-1.1281328409832,-0.9841039,-2.1380284,-0.7626653,50.13693,106.55077,-11.95466,WAL
1800037454000,12.520066,-3.35528752288085,-8.19705854718113,-1.33503408534586,-0.9654725,-1.9034561,-0.64996064,49.477997,106.493645,-11.931901,WAL
1800042302000,12.524914,-3.5734135519892,-7.83970318212715,-1.5299551847461,-0.9596693,-1.6581937,-0.46975538,48.89271,106.4479,-11.929777,WAL
1800047356000,12.529968,-3.64111465918754,-7.52904451525995,-1.73740629569564,-0.98654735,-1.3848315,-0.26053402,48.407097,106.541466,-12.024813,WAL
1800052235000,12.534847,-3.65586688204588,-7.24875207556304,-1.93902016213429,-1.0308352,-1.133155,-0.03573562,48.00492,106.672264,-12.157219,WAL
1800057212000,12.539824,-3.46729023644449,-7.15001608593984,-2.13203056530429,-1.0619892,-0.87109387,0.17867808,47.72556,106.90555,-12.360853,WAL
1800062215000,12.544827,-3.23746985470171,-7.08777280653543,-2.32354762508244,-1.0439687,-0.6087272,0.35094208,47.535786,107.16978,-12.596372,WAL
1800067282000,12.549894,-2.82963528700687,-7.1526509157213,-2.26859996451423,-1.0067059,-0.38820487,0.49266282,47.416454,107.52085,-12.894802,WAL
1800072245000,12.554857,-2.39585096889107,-7.24127363356232,-2.1659843141315,-0.9431759,-0.2556471,0.59589905,47.362713,107.88419,-13.213925,WAL
1800077204000,12.559816,-1.87770702506034,-7.4534274036605,-2.00050100476669,-0.8536842,-0.21013765,0.66156703,47.36479,108.25073,-13.538208,WAL
1800082248000,12.56486,-1.32878195707965,-7.70117251283186,-1.81590668429204,-0.7672467,-0.24831672,0.7189884,47.395203,108.61847,-13.877931,WAL
1800087255000,12.569867,-0.916215281846961,-7.99168723939309,-1.63922694184696,-0.689056,-0.28710666,0.7244862,47.401943,108.925186,-14.150729,WAL
1800092248000,12.57486,-0.535542349407137,-8.29174703877494,-1.46456518940714,-0.65270954,-0.4196644,0.71776664,47.378944,109.22711,-14.437977,WAL
1800097247000,12.579859,-0.238562898072704,-8.52855417293549,-1.41118742708552,-0.6160576,-0.56688297,0.68691796,47.29459,109.42857,-14.634698,WAL
1800102255000,12.584867,0.0184231291464594,-8.73515074700567,-1.41622647058205,-0.6123924,-0.71837753,0.6249151,47.17104,109.61609,-14.824596,WAL
1800107229000,12.589841,0.150857264290329,-8.87031623380119,-1.58706530273024,-0.61727935,-0.82802784,0.5580254,46.972977,109.71029,-14.9412,WAL
1800112261000,12.594873,0.248146280274947,-8.98613640684484,-1.80944013172467,-0.6453791,-0.8784242,0.4972443,46.746456,109.79138,-15.043496,WAL
1800117296000,12.599908,0.216036494078007,-8.96308826403921,-2.01414501397795,-0.68630713,-0.8533788,0.44440445,46.48781,109.828735,-15.08841,WAL
1800122252000,12.604864,0.128806785162344,-8.88070450500306,-2.20798882843578,-0.7312057,-0.79626286,0.4071417,46.222446,109.858086,-15.118389,WAL
1800127256000,12.609868,-0.109345677546301,-8.77759730783862,-2.25308737050756,-0.79290307,-0.6985244,0.3921755,45.984592,109.90241,-15.116432,WAL
1800132232000,12.614844,-0.400356359744719,-8.66787224867354,-2.24354604368806,-0.8588765,-0.61453044,0.38362336,45.758293,109.94583,-15.101309,WAL
1800137258000,12.61987,-0.702053196855524,-8.51501280339943,-2.1443582823796,-0.9450085,-0.5488624,0.38545597,45.564907,110.0462,-15.101709,WAL
1800142258000,12.62487,-1.00500222896128,-8.34771204796978,-2.01323108691218,-1.0384709,-0.5198463,0.40500367,45.38659,110.15905,-15.100503,WAL
1800147254000,12.629866,-1.23828354927495,-8.22223393773102,-1.85105760671026,-1.1349876,-0.52503866,0.43188173,45.228836,110.324356,-15.146072,WAL
1800152325000,12.634937,-1.43160048907213,-8.12097302227277,-1.66694618283575,-1.1924089,-0.537256,0.47708577,45.081387,110.50376,-15.199254,WAL
1800157306000,12.639918,-1.62444398137755,-8.09585504154519,-1.51235195175838,-1.2513574,-0.56321776,0.52534413,44.911438,110.74311,-15.326393,WAL
1800162303000,12.644915,-1.82064379285714,-8.13945495918367,-1.38155215331633,-1.2809844,-0.57726765,0.56321776,44.74706,110.98831,-15.459723,WAL
1800167287000,12.649899,-2.01293083635759,-8.21981236424061,-1.26577766467265,-1.2999213,-0.5861252,0.59956425,44.55615,111.257835,-15.647833,WAL
1800172331000,12.654943,-2.2002232675529,-8.38034924471031,-1.18015818134485,-1.2895365,-0.61361414,0.6282749,44.363506,111.52487,-15.840586,WAL
1800177307000,12.659919,-2.34332897313019,-8.49658292998376,-1.10648296955774,-1.2577715,-0.62125,0.6603453,44.1527,111.798355,-16.083536,WAL
1800182292000,12.664904,-2.44821282077562,-8.57410541780495,-1.04264063786417,-1.2220359,-0.6545421,0.6899723,43.936565,112.06467,-16.328163,WAL
1800187320000,12.669932,-2.57232792850584,-8.68640842888512,-0.964787517983831,-1.174083,-0.6768387,0.72509706,43.7116,112.33169,-16.591986,WAL
1800192313000,12.674925,-2.72027950381276,-8.84390546002595,-0.869334883287753,-1.1337659,-0.7370089,0.743423,43.475048,112.58666,-16.854498,WAL
1800197393000,12.680005,-2.84536584379822,-9.03252900890208,-0.766380401816024,-1.1096367,-0.77640975,0.763887,43.227226,112.84731,-17.130264,WAL
1800202320000,12.684932,-2.9340418046093,-9.25188528684471,-0.659035877182987,-1.067487,-0.7901542,0.77457714,42.9775,113.09017,-17.400839,WAL
1800207294000,12.689906,-2.99670604373269,-9.51465765072919,-0.506338536946649,-1.0167851,-0.81000733,0.7779369,42.69582,113.32809,-17.685266,WAL
1800212303000,12.694915,-3.01884476959572,-9.84231070103378,-0.284951111873731,-0.95264435,-0.83291477,0.766025,42.415512,113.54708,-17.959806,WAL
1800217266000,12.699878,-3.02300611778263,-10.1990217125068,-0.0670575212583288,-0.8940013,-0.8918633,0.7461719,42.08773,113.74229,-18.237667,WAL
1800222323000,12.704935,-2.96481626001092,-10.6751215531404,0.14983230916876,-0.8170323,-0.97433007,0.7199047,41.75114,113.91251,-18.504229,WAL
1800227240000,12.709852,-2.8506350919931,-11.0889802108993,0.263528666152667,-0.70616025,-1.0769554,0.67103547,41.336746,114.01378,-18.743828,WAL
1800232294000,12.714906,-2.64202919686812,-11.4366567834499,0.226443187669763,-0.550695,-1.1676689,0.63438356,40.906944,114.087425,-18.975506,WAL
1800237314000,12.719926,-2.33478222926953,-11.6771790925531,0.108051638201768,-0.40744713,-1.2250903,0.57971114,40.401005,114.07652,-19.160109,WAL
1800242322000,12.724934,-1.80854532377324,-11.6869239085645,-0.189174764480341,-0.23884831,-1.2311989,0.54000485,39.889942,114.030945,-19.33214,WAL
1800247238000,12.72985,-1.27522844343426,-11.6496692680738,-0.49521696863596,-0.07422013,-1.176221,0.5109888,39.356537,113.91434,-19.438528,WAL
1800252321000,12.734933,-0.689487577319262,-11.5152372284249,-0.840900142678765,0.07391469,-1.0873401,0.4877759,38.838284,113.76951,-19.525383,WAL
1800257256000,12.739868,-0.11466899361004,-11.380300908489,-1.22589189153078,0.18234327,-0.97127575,0.46639562,38.352913,113.5751,-19.531027,WAL
1800262271000,12.744883,0.483363278867477,-11.233165496887,-1.72899843605099,0.2510656,-0.7987063,0.441961,37.916634,113.36282,-19.51373,WAL
1800267279000,12.749891,1.03741237049858,-11.0516797117249,-2.19655317833284,0.2938262,-0.59040123,0.40530908,37.52996,113.11795,-19.415892,WAL
1800272332000,12.754944,1.48772115901068,-10.7814949256538,-2.58050064908414,0.310625,-0.37782016,0.3717115,37.19795,112.86648,-19.29892,WAL
1800277286000,12.759898,1.86562069855726,-10.5363445398257,-2.86110492248272,0.28099802,-0.20189096,0.3136793,36.938038,112.594734,-19.094147,WAL
1800282312000,12.764924,2.05369688160505,-10.3482681049995,-2.85145999776575,0.19303341,-0.101098195,0.21533,36.713203,112.3152,-18.86242,WAL
1800287298000,12.76991,2.13260028210568,-10.2586900823021,-2.75654405654095,0.06261369,-0.07391469,0.09315695,36.541744,112.03012,-18.56182,WAL
1800292294000,12.774906,1.89294870764093,-10.4560502370851,-2.4088143604891,-0.01282817,-0.059864793,0.029626964,36.39012,111.74456,-18.24891,WAL
1800297303000,12.779915,1.58295077548657,-10.7012838429697,-2.05628770280832,-0.18020524,-0.12339478,-0.0842994,36.199844,111.44559,-17.882915,WAL
1800302353000,12.784965,1.0158934288142,-11.1214114324504,-1.68666731459983,-0.30482176,-0.20341812,-0.15668693,36.003582,111.152,-17.51579,WAL
1800312329000,12.794941,-0.104297480176588,-11.9513506072344,-0.956502365536884,-0.36163223,-0.2574797,-0.17104226,35.44131,110.579094,-16.825598,WAL
1800317512000,12.800124,-0.656131596837019,-12.3783625013957,-0.597496520483144,-0.29871312,-0.20769419,-0.16035213,35.058807,110.32094,-16.563192,WAL
1800322234000,12.804846,-0.55902682531458,-12.684242041443,-0.675180295114881,-0.18112154,-0.103847094,-0.16523905,34.693203,110.05265,-16.296942,WAL
1800327217000,12.809829,-0.45145066,-13.00721862,-0.743543252,-0.058948494,0.01863139,-0.18325958,34.34378,109.79931,-16.092535,WAL
1800332219000,12.814831,-0.307276022912621,-13.3327745184466,-0.715638502330097,0.08124508,0.13805555,-0.22296582,34.02814,109.52329,-15.877958,WAL
1800337266000,12.819878,-0.162653529097806,-13.6640376532705,-0.678359776610621,0.22632557,0.22968534,-0.28680122,33.718716,109.21124,-15.632395,WAL
1800342229000,12.824841,-0.0310868210662293,-14.0246280461349,-0.527301697641993,0.38148534,0.31123585,-0.37110063,33.442966,108.86864,-15.368692,WAL
1800347217000,12.829829,0.0967976795346097,-14.3916645540501,-0.386285228500736,0.5561928,0.37904188,-0.45723262,33.158806,108.45951,-15.059657,WAL
1800352295000,12.834907,0.192293066762887,-14.8022942694158,-0.328987998158076,0.72204274,0.42241332,-0.54458636,32.892086,108.01837,-14.730887,WAL
1800357258000,12.83987,0.289250220112615,-15.1935018210511,-0.285674171747506,0.8729264,0.46731192,-0.63346726,32.62835,107.492035,-14.342496,WAL
1800362284000,12.844896,0.427139967460239,-15.4787909962956,-0.38077054032599,1.0088439,0.5018258,-0.7174612,32.376884,106.938446,-13.939494,WAL
1800367355000,12.849967,0.560994481648233,-15.7427927603015,-0.468524896680043,1.1502593,0.5345071,-0.81214535,32.100883,106.32529,-13.502325,WAL
1800372291000,12.854903,0.630395163413918,-15.724286021337,-0.459271483717334,1.2935071,0.55741453,-0.89980453,31.836988,105.69218,-13.054243,WAL
1800377557000,12.860169,0.706167024940673,-15.6727804110095,-0.449403916989885,1.4456125,0.5390886,-1.0012082,31.56075,105.01337,-12.5645485,WAL
1800382263000,12.864875,0.793831795312196,-15.2607559682941,-0.44063743354503,1.593442,0.5164866,-1.1032226,31.294006,104.31392,-12.062327,WAL
1800387669000,12.870281,0.888444558678261,-14.7815594904348,-0.433704427130435,1.7821994,0.38698313,-1.2018774,30.985989,103.576675,-11.545768,WAL
1800392286000,12.874898,0.839877665843478,-14.2473237791304,-0.49441305373913,1.9847012,0.3387248,-1.2406673,30.70079,102.82923,-11.027662,WAL
1800397603000,12.880215,0.783947371452632,-13.6320906673684,-0.564325933894737,2.0971005,0.25686884,-1.3582588,30.371202,102.05034,-10.475653,WAL
1800402377000,12.884989,0.343759042996743,-13.22638897557,-0.625198588517915,2.3429737,0.23273966,-1.3888022,30.053276,101.262085,-9.947097,WAL
1800407334000,12.889946,-0.192623072149837,-12.8349746887215,-0.688018118699104,2.6050348,0.27366763,-1.4700472,29.73269,100.4435,-9.381454,WAL
1800412309000,12.894921,-0.90026585215651,-12.6872984358051,-0.506574075622936,2.8573222,0.35643986,-1.577254,29.421146,99.65027,-8.843575,WAL
1800417265000,12.899877,-1.64120193705594,-12.5923069479636,-0.273844154253978,3.0524936,0.41355577,-1.7186694,29.11803,98.8418,-8.280101,WAL
1800422318000,12.90493,-2.41547417278905,-12.5664694340462,-0.0683420495892875,3.1713068,0.410196,-1.8267925,28.856909,98.13195,-7.7893467,WAL
1800427245000,12.909857,-3.1746200995703,-12.5570391058259,0.12498082611372,3.167947,0.37507126,-1.885741,28.607315,97.44737,-7.278956,WAL
1800432289000,12.914901,-3.82588559775563,-12.6912722819,0.0191675142536519,3.1074715,0.30848694,-1.9083431,28.435036,96.89447,-6.8500853,WAL
1800437299000,12.919911,-4.44321288323498,-12.8583684074683,-0.157211753096643,2.9914072,0.26236662,-1.9083431,28.264513,96.41895,-6.4188886,WAL
1800442309000,12.924921,-5.05223401040259,-12.9529086009403,-0.705899489483789,2.849381,0.2855795,-1.858252,28.198195,83.85904,-6.099098,WAL
1800447240000,12.929852,-5.64894268122245,-13.0222932627094,-1.3673670620335,2.6798658,0.35094208,-1.781894,28.135883,84.03873,-5.7950416,WAL
1800452373000,12.934985,-6.33603340539733,-13.1919781832304,-2.02259831459869,2.5497515,0.43890667,-1.6728544,28.142754,84.03674,-5.615972,WAL
1800457250000,12.939862,-7.01509028553077,-13.3919745217088,-2.63188903466441,2.4239132,0.49388456,-1.5723672,28.159674,83.97382,-5.4612203,WAL
1800462346000,12.944958,-7.5378443031104,-13.607402755242,-2.89946364894167,2.3130412,0.45234573,-1.4871514,28.188435,83.810326,-5.449059,WAL
1800467316000,12.949928,-7.96826255204213,-13.8202469686972,-3.00352086935308,2.2149973,0.29077184,-1.421178,28.19665,83.63225,-5.4566464,WAL
1800472351000,12.954963,-8.19918558451975,-13.9601132623822,-3.40121329592942,2.078469,0.09621128,-1.3884968,28.216372,83.40492,-5.5924273,WAL
1800477322000,12.959934,-8.33760406135954,-14.0651197812312,-3.92147464722278,1.9031507,0.06627888,-1.4636332,28.23847,83.21884,-5.7058034,WAL
1800482321000,12.964933,-8.21934514413955,-13.7501561514112,-4.07317419869659,1.6358972,0.093462385,-1.5668694,28.291214,83.02495,-5.8609133,WAL
1800487395000,12.970007,-7.98600101375931,-13.2453712205998,-4.06365000632105,1.382999,0.17165314,-1.6380352,28.348621,82.87798,-5.9917254,WAL
1800492313000,12.974925,-7.43484267376348,-12.5871666897008,-3.63284553388968,1.2696834,0.18417588,-1.6639969,28.406952,82.78252,-6.117382,WAL
1800497359000,12.979971,-6.70205604213312,-11.8248719990841,-2.97382951190718,1.119716,0.08979719,-1.6878207,28.45483,82.75266,-6.2108927,WAL
1800502376000,12.984988,-5.68205048984516,-11.0496879632013,-2.48983498499899,1.1096367,-0.02443461,-1.6392568,28.511883,82.71797,-6.284138,WAL
1800507376000,12.989988,-4.54103751980696,-10.269754824251,-2.08061087480394,1.1282681,-0.021685716,-1.5424347,28.572985,82.69584,-6.3586364,WAL
1800512339000,12.994951,-3.45732834227348,-9.75207197986511,-2.05573914131561,1.1301007,0.16157386,-1.389413,28.630924,82.691376,-6.3643303,WAL
1800517343000,12.999955,-2.3846847731991,-9.33519295103118,-2.18689206892777,1.2247849,0.58459806,-1.2082914,28.756744,82.640434,-6.4099884,WAL
1800522343000,13.004955,-1.56780740168614,-9.06525215703403,-2.02261283748095,1.4181237,1.0048733,-1.128879,28.882984,82.662704,-6.3185406,WAL
1800527348000,13.00996,-0.881326939674962,-8.87050605647537,-1.70615016988319,1.5781704,1.2993103,-1.0659598,29.090616,82.631676,-6.2838874,WAL
1800532309000,13.014921,-0.489666593981625,-8.99771272882012,-1.19992847863443,1.752267,1.493871,-1.0384709,29.398512,82.67906,-6.0958776,WAL
1800537386000,13.019998,-0.221637323500967,-9.27514671953578,-0.593335962282398,1.8771889,1.557401,-1.0714576,29.748234,82.69562,-5.9190006,WAL
1800542330000,13.024942,0.0197315322298595,-9.51391440149601,-0.088040205512989,1.9443841,1.4856243,-1.1047498,30.086525,82.72121,-5.6508636,WAL
1800547332000,13.029944,0.252153752330941,-9.73665230364904,0.371962108579804,1.9373591,1.3628404,-1.1074986,30.421946,82.714645,-5.3903103,WAL
1800552366000,13.034978,0.500543053128508,-9.83459980817331,0.588357340610537,1.847562,1.2709051,-1.0965031,30.696133,82.6837,-5.0845118,WAL
1800557338000,13.03995,0.753744202150665,-9.86273334751354,0.668068806922698,1.7406605,1.2250903,-1.0454959,30.939415,82.622284,-4.796519,WAL
1800562406000,13.045018,0.926199478723404,-9.92982428723404,0.613425042553191,1.6639969,1.1798862,-0.98624194,31.128077,82.52602,-4.480745,WAL
1800567337000,13.049949,1.04248996396769,-10.0182048850473,0.478528095212766,1.564426,1.1450669,-0.94897914,31.297865,82.42848,-4.18135,WAL
1800572312000,13.054924,0.95631298939694,-9.91191155805581,0.015050499939994,1.486846,1.2479976,-0.8894198,31.490793,82.30712,-3.8708696,WAL
1800577424000,13.060036,0.716401461260126,-9.65731156525653,-0.704684028232823,1.4810427,1.4025466,-0.8417723,31.680511,82.167145,-3.5778277,WAL
1800582339000,13.064951,0.411680932155689,-9.39568802109627,-1.35147495295256,1.5027285,1.4718798,-0.79168135,31.916315,82.00837,-3.2784111,WAL
1800587382000,13.069994,0.0468482679041917,-9.11538967222478,-1.98325841569784,1.5131133,1.6288722,-0.766025,32.213116,81.835144,-3.003644,WAL
1800592310000,13.074922,-0.34436001641477,-8.82075695298411,-2.57795600974667,1.5106697,1.7980819,-0.7351763,32.60899,81.670876,-2.7881508,WAL
1800597502000,13.080114,-0.808709724289395,-8.47916671253757,-3.17040211073422,1.496009,1.9620992,-0.70096785,33.041092,81.49876,-2.5942683,WAL
1800602319000,13.084931,-1.18262202634314,-8.18544440743137,-3.57808088937255,1.4785993,2.1245892,-0.6780604,33.58558,81.359375,-2.487662,WAL
1800607261000,13.089873,-1.52134617338235,-7.90240085382353,-3.88432461352941,1.4611896,2.254398,-0.6563747,34.160847,81.223976,-2.4018445,WAL
1800612248000,13.09486,-1.80162823006351,-7.62227130634137,-4.0840257819135,1.4425583,2.3576343,-0.65209866,34.82775,81.12296,-2.4087422,WAL
1800617253000,13.099865,-2.0190832942837,-7.34682832927714,-4.17100782778506,1.4239268,2.4184155,-0.62858033,35.513195,81.03014,-2.436024,WAL
1800622222000,13.104834,-2.20642231904037,-7.07738377559343,-4.14316580626902,1.393689,2.460565,-0.634689,36.262733,80.96262,-2.5344286,WAL
1800627241000,13.109853,-2.36732485053763,-6.80921277096774,-4.00176655483871,1.3585643,2.4862216,-0.6392705,37.019733,80.906525,-2.6463296,WAL
1800632224000,13.114836,-2.52094515151654,-6.54544741101772,-3.86416630902613,1.3063353,2.4975226,-0.65240407,37.811966,80.85971,-2.8009589,WAL
1800637302000,13.119914,-2.67200071349351,-6.27887848297095,-3.72643912850356,1.2635747,2.5231788,-0.6649268,38.611763,80.82632,-2.960252,WAL
1800642281000,13.124893,-2.7705548896943,-5.92281159789144,-3.35196997637395,1.2046263,2.5271494,-0.6771441,39.42521,80.78058,-3.152551,WAL
1800647217000,13.129829,-2.77856087353713,-5.39842210140571,-2.5473722157507,1.1233811,2.5097399,-0.68477994,40.235607,80.75868,-3.3463018,WAL
1800652733000,13.135345,-2.77885704819395,-4.8348257795314,-1.6675486139603,0.9957104,2.4883597,-0.6835582,41.07105,80.72871,-3.570064,WAL
1800657194000,13.139806,-2.69080845385617,-4.60775294370322,-1.15315911884152,0.8781188,2.4578164,-0.6774496,41.894012,80.72241,-3.7943316,WAL
1800662210000,13.144822,-2.5954410724747,-4.38302736845604,-0.576249556762254,0.75777835,2.4220808,-0.6609562,42.721127,80.620636,-3.9976826,WAL
1800667228000,13.14984,-2.52391430728319,-4.35918519637825,-0.00880425304127808,0.66248333,2.3527474,-0.6453791,43.522644,80.54904,-4.2021036,WAL
1800672241000,13.154853,-2.45394859244225,-4.3209080292043,0.542256296648921,0.5421429,2.248595,-0.62858033,44.30518,80.45113,-4.3713646,WAL
1800677217000,13.159829,-2.3950548248978,-4.18046874303641,0.977164728020724,0.41386122,2.1923954,-0.6044512,45.0743,80.38164,-4.548445,WAL
1800682503000,13.165115,-2.33640106100455,-4.0400526653154,1.42512704091359,0.26053402,1.9871446,-0.5696318,45.760464,80.28423,-4.689355,WAL
1800687250000,13.169862,-2.33190610164129,-4.02207310947202,1.6543653688155,0.1414153,1.9037615,-0.5537493,46.459442,80.212944,-4.836289,WAL
1800692500000,13.175112,-2.32867608384752,-4.00720923338615,1.89361556399478,0.06658431,1.758681,-0.5345071,47.06719,80.113754,-4.9549093,WAL
1800697201000,13.179813,-2.35804924982757,-4.08693651085842,1.84326171539752,-0.07819075,1.6184875,-0.50488013,47.647003,80.05859,-5.0789914,WAL
1800702247000,13.184859,-2.38957807253239,-4.17251486485227,1.78921246629695,-0.19486602,1.4935656,-0.47983465,48.18392,79.98202,-5.1932926,WAL
1800707203000,13.189815,-2.33361379727891,-4.0840848829932,1.73281572312925,-0.31031954,1.3833044,-0.46120325,48.68011,79.93688,-5.309672,WAL
1800712198000,13.19481,-2.26183081018407,-3.96444643791517,1.67538936343537,-0.40866885,1.2699889,-0.43585235,49.13468,79.91029,-5.430103,WAL
1800717260000,13.199872,-2.18891858344869,-3.90044832119571,1.49379742494734,-0.5161811,1.153619,-0.39095375,49.565212,79.90865,-5.560969,WAL
1800722205000,13.204817,-2.11766177333735,-3.84819332711405,1.29427820782426,-0.59864795,1.0421361,-0.35430184,49.96051,79.9197,-5.6916847,WAL
1800727206000,13.209818,-2.06964315826052,-3.87755395529364,1.06130908965454,-0.68386364,0.93615097,-0.32436943,50.325577,79.95482,-5.8130007,WAL
1800732192000,13.214804,-2.02597822019915,-3.92121879203414,0.823578144665718,-0.7492262,0.82802784,-0.28710666,50.653393,79.99396,-5.941321,WAL
1800737272000,13.219884,-1.97389790327446,-4.03287324812463,0.633173461341536,-0.8246681,0.72784597,-0.25961772,50.962795,80.06999,-6.0621624,WAL
1800742186000,13.224798,-1.92253212165112,-4.14961361214527,0.455727902264338,-0.8744536,0.6533204,-0.22724187,51.244713,80.14283,-6.1904325,WAL
1800747219000,13.229831,-1.88738398530242,-4.23025880346774,0.38059696815121,-0.9370673,0.58001655,-0.19486602,51.506218,80.25234,-6.3209515,WAL
1800752274000,13.234886,-1.85484986262097,-4.3050873433871,0.322035564310484,-0.98899084,0.5296202,-0.17104226,51.75095,80.3584,-6.454505,WAL
1800758196000,13.240808,-1.81761557944186,-4.39853825348837,0.261540353418605,-1.0574077,0.48563787,-0.14782938,52.008606,80.48467,-6.5775986,WAL
1800762223000,13.244835,-1.79967801032558,-4.51064806046512,0.288446730505814,-1.103528,0.4578435,-0.11881329,52.25514,80.602,-6.7056727,WAL
1800767213000,13.249825,-1.79274404871464,-4.63869232294789,0.341405792031762,-1.1643091,0.4392121,-0.1001819,52.51402,80.73419,-6.818246,WAL
1800772222000,13.254834,-1.85940242863524,-4.71487347062035,0.489006489717122,-1.2159272,0.45723262,-0.06536258,52.77413,80.85311,-6.941575,WAL
1800777216000,13.259828,-1.93401291439574,-4.81389154893365,0.647980485817536,-1.2687671,0.47494772,-0.014049901,53.03862,80.970406,-7.054007,WAL
1800782198000,13.26481,-2.05178458070695,-5.03530229340442,0.869391210612164,-1.2980887,0.5170974,0.013439035,53.314922,81.078125,-7.1685405,WAL
1800787216000,13.269828,-2.16301588481089,-5.29037717911747,1.09849638518111,-1.3799446,0.54611355,0.06688975,53.58311,81.16077,-7.303193,WAL
1800792212000,13.274824,-2.2252526274965,-5.75475937831699,1.36659327287372,-1.4672983,0.6078109,0.13561209,53.871067,81.2248,-7.4489164,WAL
1800797209000,13.279821,-2.27366161066667,-6.27524896918518,1.6605047562963,-1.557401,0.64660084,0.2406809,54.140633,81.24213,-7.62661,WAL
1800802238000,13.28485,-2.23085118648889,-7.16951161014321,2.12666300646914,-1.6218473,0.71685034,0.35063666,54.434162,81.23405,-7.822888,WAL
1800807212000,13.289824,-2.16097146810168,-8.07174060910685,2.61965251011006,-1.6346754,0.79412484,0.42210788,54.722633,81.19468,-8.017608,WAL
1800812218000,13.29483,-1.86212506757573,-9.12704178269212,3.38077675436837,-1.5836681,0.7831292,0.51251596,55.001152,81.10973,-8.242684,WAL
1800817305000,13.299917,-1.51875117252356,-10.2409656073298,4.18696960157068,-1.4474452,0.8035932,0.5589417,55.27966,81.014755,-8.419159,WAL
1800822231000,13.304843,-0.687530252883609,-11.8416599334474,5.37917800634313,-1.2177598,0.7684685,0.54367006,55.534225,80.89764,-8.596317,WAL
1800827256000,13.309868,0.181524797038241,-13.4674394145037,6.58840842408361,-0.8891144,0.6301075,0.4636467,55.68441,80.81681,-8.652396,WAL
1800832212000,13.314824,1.29121244439469,-14.9862064491777,7.69809595556766,-0.52412236,0.39584067,0.30543262,55.793697,80.738655,-8.678538,WAL
1800837343000,13.319955,2.42546498198058,-16.4996625937864,8.76557481941748,-0.18325958,0.20066923,0.11209377,55.750954,80.78862,-8.436688,WAL
1800842221000,13.324833,3.32802967161165,-17.2298783557282,8.80185908834951,0.1020145,0.19608775,-0.12186762,55.704437,80.81809,-8.156633,WAL
1800847511000,13.330123,4.30034369302549,-18.00345138557,8.81938626049062,0.34666604,0.3109304,-0.38545597,55.531223,80.9048,-7.614414,WAL
1800852319000,13.334931,5.0622282998557,-18.3622461307359,8.42515509835498,0.52106804,0.44715336,-0.6569856,55.38753,80.91456,-7.0497246,WAL
1800857247000,13.339859,5.84312832948533,-18.7299958196248,8.02108455613276,0.63407815,0.56382865,-0.8558222,55.262196,80.92582,-6.347736,WAL
1800862309000,13.344921,5.86526777925897,-18.272395490002,7.59881884430504,0.711658,0.59223384,-0.88300574,55.16875,80.81604,-5.6749396,WAL
1800867269000,13.349881,5.81870737149579,-17.7509182424035,7.18443111797687,0.7470882,0.57604593,-0.8362745,55.111,80.6172,-5.0198483,WAL
1800872323000,13.354935,3.76086860040711,-13.8552278775693,6.35028561648297,0.72112644,0.5870415,-0.75319684,55.08981,80.44065,-4.3068376,WAL
1800877244000,13.359856,1.49597984073081,-9.6249401411975,5.48457402227187,0.6646214,0.60048056,-0.66553766,55.065826,80.183235,-3.65574,WAL
1800882302000,13.364914,0.448448655539582,-7.29135530936362,4.9982625731359,0.61391956,0.63621616,-0.6221663,55.069767,79.906715,-3.0651667,WAL
1800887330000,13.369942,-0.391468721228675,-5.28847541091624,4.57830376428024,0.46639562,0.6575964,-0.5390886,55.064873,79.62468,-2.5425525,WAL
1800892308000,13.37492,-1.0198633122148,-3.97542742095159,4.0821737991931,0.27763826,0.68019843,-0.43279803,55.131023,79.31764,-2.321737,WAL
1800897240000,13.379852,-1.58935557031163,-2.84958507003339,3.56963081722315,0.07238753,0.66553766,-0.3042109,55.18291,79.04743,-2.1343794,WAL
1800902311000,13.384923,-2.28106989545009,-2.18935793836943,3.01198130096876,-0.14080444,0.61422503,-0.14935656,55.26324,78.819305,-2.0872893,WAL
1800907272000,13.389884,-3.0205939128007,-1.83769610066398,2.44828814847066,-0.30695978,0.5366451,0.028099801,55.323483,78.6255,-2.0818336,WAL
1800912302000,13.394914,-3.70441289745185,-2.14081972112593,1.9109829548642,-0.46792278,0.4392121,0.21899518,55.39783,78.51114,-2.2035248,WAL
1800917314000,13.399926,-4.36810208595556,-2.61962417457778,1.38477220859259,-0.64660084,0.27763826,0.43860126,55.42004,78.43153,-2.377152,WAL
1800922322000,13.404934,-4.93100934679196,-3.65172531261999,0.87578674632717,-0.8894198,0.08827003,0.65301496,55.44387,78.44531,-2.6940112,WAL
1800927300000,13.409912,-5.46087371261999,-4.84151157492169,0.374824053975952,-1.1899655,-0.10415252,0.84299403,55.40926,78.496284,-3.0598724,WAL
1800932301000,13.414913,-5.69552185760955,-6.50871672153756,0.113106363703052,-1.5100589,-0.3203988,1.022283,55.360916,78.6516,-3.5681832,WAL
1800937355000,13.419967,-5.85174631656886,-8.32186739818075,-0.085724788350939,-1.8002199,-0.62796944,1.1487321,55.224464,78.83043,-4.103367,WAL
1800942311000,13.424923,-6.23626772990692,-10.4811465832249,-0.498469398298469,-2.0344868,-1.0372492,1.2608259,55.049255,79.09202,-4.7415056,WAL
1800947315000,13.429927,-6.70153329911921,-12.7882880885797,-0.987717605404864,-2.1429152,-1.4801265,1.3863586,54.77135,79.30527,-5.403312,WAL
1800952299000,13.434911,-7.31634047288946,-14.5138268592644,-1.67610256098874,-2.1346686,-1.8863518,1.4926492,54.42783,79.52534,-6.0651665,WAL
1800957350000,13.439962,-7.99132710475431,-16.0662957349746,-2.44269483970896,-1.9871446,-2.1218405,1.5714508,54.00717,79.62789,-6.736183,WAL
1800962340000,13.444952,-8.11504934336486,-17.0027043751791,-2.67118256371453,-1.7040086,-2.1062634,1.6206255,53.62216,79.6788,-7.4234734,WAL
1800967297000,13.449909,-8.05608912687494,-17.732907367345,-2.72107209059903,-1.2889256,-1.7681495,1.5619824,53.269787,79.587166,-8.085766,WAL
1800972321000,13.454933,-6.8487204998033,-18.2394016945319,-1.51911622877655,-0.7348709,-1.1563679,1.3106114,53.086525,79.42212,-8.7453,WAL
1800977310000,13.459922,-5.02553686595201,-18.6153160734658,0.355755613778521,-0.064446285,-0.84757555,0.9428705,52.919807,79.15915,-9.32819,WAL
1800982290000,13.464902,-3.23916169170061,-18.2420926835522,2.08674004044247,0.21899518,-0.59681535,0.77366084,52.93366,78.895905,-9.845424,WAL
1800987368000,13.46998,-1.43931599116096,-17.377362252662,3.760898211682,0.5421429,-0.7583892,0.49846604,52.926388,78.64686,-10.206182,WAL
1800992366000,13.474978,-0.434081000948404,-16.033114125261,4.30738675007456,0.5839872,-1.0308352,0.24617869,52.89209,78.594635,-10.208909,WAL
1800997307000,13.479919,0.219795269710707,-14.4854498872651,4.35913226779004,0.42180246,-1.2470814,0.040927973,52.829887,78.584526,-10.14719,WAL
1801002360000,13.484972,0.519041031512157,-12.7696637820401,3.88985160332268,0.18020524,-1.3625349,-0.11178834,52.598698,78.69088,-9.831799,WAL
1801007358000,13.48997,0.634959094052117,-11.0077097349608,3.17115973177371,-0.06505715,-1.4300356,-0.19120082,52.321648,78.83206,-9.487203,WAL
1801012341000,13.494953,0.497674185702463,-9.30583924489992,2.15466636682833,-0.27885997,-1.5030339,-0.17654006,51.989506,79.0168,-9.089369,WAL
1801017304000,13.499916,0.20038491713241,-7.64559300712086,0.95178825952271,-0.49754974,-1.6111571,-0.09040806,51.627514,79.22245,-8.697824,WAL
1801022319000,13.504931,-0.294172057971865,-6.18492017477988,-0.431692917071147,-0.74281216,-1.6694947,0.026267206,51.276917,79.45398,-8.363248,WAL
1801027308000,13.50992,-0.961458679493978,-4.9277133809331,-1.95968257595588,-0.98868537,-1.6145169,0.20433442,50.92371,79.6794,-8.077687,WAL
1801032318000,13.51493,-1.59317642707307,-3.98177378363207,-3.14244610522947,-1.2180653,-1.4895949,0.3726278,50.640316,79.94235,-7.9065766,WAL
1801037335000,13.519947,-2.19411682755564,-3.29566074157967,-4.03675896523538,-1.4343116,-1.3942999,0.5009095,50.36491,80.20624,-7.7796903,WAL
1801042301000,13.524913,-2.74846408501432,-2.81040439818236,-4.6090125594389,-1.6077974,-1.4217888,0.61391956,50.19578,80.4758,-7.8137517,WAL
1801047300000,13.529912,-3.26868433112714,-2.50300160179789,-4.89276899446804,-1.7385225,-1.5848899,0.6976081,50.023937,80.71936,-7.879219,WAL
1801052355000,13.534967,-3.66677175010199,-2.20639125699854,-5.06538560113647,-1.8377881,-1.8606955,0.7324274,49.75084,80.85401,-8.138739,WAL
1801057361000,13.539973,-3.93220786155415,-1.92698468569208,-5.12126710017484,-1.8768835,-2.1762075,0.7666359,49.427597,80.90479,-8.422493,WAL
1801062338000,13.54495,-4.14742030640544,-1.65323286733763,-5.22942588709071,-1.9104811,-2.4996605,0.82711154,49.029205,80.802216,-8.814452,WAL
1801067297000,13.549909,-4.30037169545536,-1.38556811395599,-5.40362027815352,-1.9321668,-2.7864618,0.90102625,48.558228,80.59633,-9.223839,WAL
1801072268000,13.55488,-4.43160180843049,-1.20700624209641,-5.63851021368834,-1.926669,-2.8979447,0.9999864,48.04751,80.234055,-9.711865,WAL
1801077304000,13.559916,-4.46944949381166,-1.41246516205157,-6.1359373310426,-1.8603901,-2.9859092,1.1001683,47.46931,79.7687,-10.228241,WAL
1801082274000,13.564886,-4.40342430679717,-1.82531047349006,-6.61372425596105,-1.7944167,-2.9269607,1.1554517,46.918797,100.81961,-10.80522,WAL
1801087380000,13.569992,-4.18216097512296,-2.5612512721326,-7.08511117044068,-1.5683966,-2.73576,1.2373075,46.39199,101.49966,-11.425943,WAL
1801092314000,13.574926,-3.96489270190495,-3.43329350430056,-7.46998849352511,-1.3161092,-2.350915,1.3384057,45.99251,102.25136,-12.070974,WAL
1801097303000,13.579915,-3.73965178360593,-4.57328917208005,-7.74579384360208,-1.0231993,-1.8118263,1.4425583,45.70804,103.05011,-12.739232,WAL
1801102296000,13.584908,-3.55999995070182,-5.86956712266692,-7.80067049225152,-0.73761976,-1.1850786,1.5244142,45.641315,103.82443,-13.351997,WAL
1801107302000,13.589914,-3.48725105331942,-7.53369721261381,-7.33689654443285,-0.52626044,-0.48533243,1.5738943,45.771015,104.6186,-13.968745,WAL
1801112297000,13.594909,-3.42014695496082,-9.25344375333265,-6.79998002645772,-0.42210788,0.20463985,1.5662584,46.203796,105.28048,-14.434896,WAL
1801117338000,13.59995,-3.37593312214308,-11.2430700774397,-5.94026515142973,-0.49693888,0.782213,1.5118915,46.81957,105.94744,-14.878531,WAL
1801122336000,13.604948,-3.19123750386411,-13.0512982377987,-5.19759387121143,-0.67011917,1.2030991,1.4315627,47.63417,106.41181,-15.146473,WAL
1801127298000,13.60991,-2.54725091518176,-14.3088124319202,-4.81903407220035,-0.77488256,1.5140295,1.3671165,48.57881,106.87746,-15.39152,WAL
1801132460000,13.615072,-1.84818500999254,-15.557820967027,-4.39204043655135,-0.84391034,1.7345519,1.2724323,49.46758,107.21293,-15.537923,WAL
1801137966000,13.620578,-0.696678023123135,-16.0651676167568,-3.47425529663784,-1.0073168,1.8338175,1.1239921,50.39709,107.55198,-15.649045,WAL
1801142304000,13.624916,0.142454071483818,-16.3183724484496,-2.74369207599806,-1.2709051,1.7974709,0.95325524,51.191498,107.773285,-15.630555,WAL
1801147277000,13.629889,0.830069717975,-16.0184061,-1.8760964725,-1.582141,1.6242907,0.7440339,51.95682,107.99078,-15.569746,WAL
1801152395000,13.635007,1.49785873575734,-15.623674684231,-1.00050166140385,-1.8826867,1.3591752,0.5109888,52.52749,108.06403,-15.366735,WAL
1801157324000,13.639936,1.91088291546763,-14.7471455251799,-0.257058042086331,-2.119397,1.0186177,0.2919936,53.00946,108.1464,-15.133169,WAL
1801162325000,13.644937,2.29422482326873,-13.8618974515438,0.495596708765949,-2.2757785,0.5564982,0.07849618,53.26046,108.108315,-14.806236,WAL
1801167292000,13.649904,2.23862775591702,-13.0325729377618,1.22299283839486,-2.3267858,-0.0290161,-0.18295415,53.359505,108.05118,-14.444341,WAL
1801172597000,13.655209,2.16495896378863,-12.1504035202393,1.96409997131605,-2.2834144,-0.65393126,-0.43768495,53.236053,107.9103,-14.052631,WAL
1801177305000,13.659917,1.93569992315055,-11.4086837020937,2.21134005151545,-2.1288655,-0.95447695,-0.54183745,53.031273,107.751205,-13.659265,WAL
1801182616000,13.665228,1.59364857382711,-10.5932772199852,2.42696515430366,-2.0253236,-1.8017471,-0.7528914,52.42237,107.49106,-13.283254,WAL
1801187359000,13.669971,0.29321762588659,-10.1192492372553,1.86484343690432,-1.6328428,-2.0289888,-0.78893244,51.912525,107.17412,-12.919531,WAL
1801192278000,13.67489,-1.05546882423347,-9.62763134835611,1.28186289128186,-1.4999796,-2.3698518,-0.84238315,51.088978,106.88018,-12.609191,WAL
1801197303000,13.679915,-1.79187553407338,-9.30042668043274,0.74556390311063,-1.2547172,-2.5283713,-0.8677341,50.258743,106.48924,-12.297841,WAL
1801202305000,13.684917,-2.40474796037629,-9.00750946632173,0.222819778059643,-1.0671816,-2.5292876,-0.86498517,49.382,106.07766,-11.986812,WAL
1801207308000,13.68992,-2.88078686982759,-8.6138738772578,-0.291770234630542,-0.9447031,-2.4135287,-0.80481493,48.564835,105.86373,-11.873238,WAL
1801212249000,13.694861,-3.29842170021552,-8.18652656414204,-0.796817056640394,-0.8793405,-2.2220223,-0.68752885,47.783226,105.63292,-11.764161,WAL
1801217286000,13.699898,-3.49835457921257,-7.79410254344286,-1.20457495793179,-0.84849185,-1.9801197,-0.52473325,47.109375,105.54396,-11.756034,WAL
1801222321000,13.704933,-3.62769055689242,-7.41533298409809,-1.57872545101063,-0.8402451,-1.7040086,-0.32375857,46.51899,105.47555,-11.77296,WAL
1801227305000,13.709917,-3.62818778867199,-7.24124401399818,-1.92022681314858,-0.84299403,-1.4156802,-0.10720685,46.053806,105.55698,-11.891181,WAL
1801232320000,13.714932,-3.56989580657429,-7.15866379901891,-2.25054777451199,-0.84971356,-1.1389582,0.115453534,45.684673,105.67718,-12.0482435,WAL
1801237328000,13.71994,-3.27944913279084,-7.1654952124774,-2.39076897120755,-0.8491027,-0.8539896,0.28252518,45.443,105.90257,-12.269693,WAL
1801242303000,13.724915,-2.89653081980109,-7.20857349457505,-2.45299310647981,-0.8210029,-0.58123827,0.4156938,45.296307,106.15936,-12.524239,WAL
1801247305000,13.729917,-2.4125922990815,-7.29708897399207,-2.32177513653679,-0.7883216,-0.37659842,0.5158757,45.239693,106.47676,-12.80826,WAL
1801252343000,13.734955,-1.88547073804505,-7.40437918253892,-2.11185946029198,-0.7458665,-0.27885997,0.6010914,45.245422,106.807175,-13.110219,WAL
1801257295000,13.739907,-1.38941923061056,-7.57810676221122,-1.88064144942244,-0.6737844,-0.2846632,0.65118235,45.26663,107.1145,-13.379009,WAL
1801262297000,13.744909,-0.900308699690594,-7.79054865631188,-1.63361595637376,-0.6264423,-0.3640757,0.68600166,45.30488,107.42855,-13.660428,WAL
1801267279000,13.749891,-0.524382092773176,-8.02877950500986,-1.52453317960552,-0.57879484,-0.4792238,0.68783426,45.276413,107.662994,-13.880403,WAL
1801272289000,13.754901,-0.193160597270217,-8.27956182394477,-1.47248407220907,-0.54550266,-0.552833,0.6588182,45.24183,107.887215,-14.097905,WAL
1801277269000,13.759881,0.0294643008521253,-8.44408185980842,-1.58739344595889,-0.5329799,-0.68966687,0.63255095,45.093445,108.03634,-14.261883,WAL
1801282294000,13.764906,0.202328427348833,-8.5689279396827,-1.78426649799441,-0.5345071,-0.806953,0.57848936,44.929283,108.16421,-14.407553,WAL
1801287284000,13.769896,0.287438983700339,-8.59351345063885,-2.01189327890797,-0.548557,-0.88178396,0.5174029,44.703987,108.23582,-14.49522,WAL
1801292285000,13.774897,0.330465789576762,-8.5696099386105,-2.25571189712517,-0.57757306,-0.8784242,0.46486846,44.467285,108.29496,-14.567447,WAL
1801297286000,13.779898,0.172119107026944,-8.50466013889879,-2.32045362569144,-0.6414085,-0.8188649,0.42180246,44.224754,108.35022,-14.600458,WAL
1801302209000,13.784821,-0.082428939701523,-8.42061106606224,-2.29643962637396,-0.7125743,-0.7461719,0.3885103,43.98658,108.39755,-14.61718,WAL
1801307237000,13.789849,-0.34240610381908,-8.33476935608414,-2.27191344547446,-0.82344633,-0.6835582,0.36560285,43.775265,108.48324,-14.621257,WAL
1801312241000,13.794853,-0.601142326819131,-8.2493373917384,-2.24750433465084,-0.9465357,-0.6435465,0.33750305,43.577602,108.57118,-14.609836,WAL
1801317216000,13.799828,-0.918951895954789,-8.21611948304581,-2.07870831493159,-1.0769554,-0.6249151,0.33322698,43.405384,108.71421,-14.622473,WAL
1801322231000,13.804843,-1.26180272398374,-8.20183374390244,-1.85490292642276,-1.1841623,-0.63438356,0.34208453,43.23708,108.868126,-14.629144,WAL
1801327237000,13.809849,-1.57388245210051,-8.26227864077863,-1.66519451933658,-1.2776246,-0.6597345,0.37904188,43.0694,109.07685,-14.687474,WAL
1801332224000,13.814836,-1.87270563172112,-8.35240025364982,-1.48969515939021,-1.3335189,-0.6731735,0.42271876,42.905956,109.29628,-14.748433,WAL
1801337273000,13.819885,-2.11158521741696,-8.45065120034263,-1.36557590067574,-1.3671165,-0.66706485,0.46395215,42.72454,109.547585,-14.869879,WAL
1801342242000,13.824854,-2.31992341774055,-8.55029130788998,-1.26593593500523,-1.368949,-0.6395759,0.50671273,42.553772,109.80444,-14.999231,WAL
1801347248000,13.82986,-2.53079643884695,-8.67225180566722,-1.16091107256594,-1.3677273,-0.6337727,0.55833083,42.362034,110.090355,-15.176649,WAL
1801352281000,13.834893,-2.74346469663693,-8.80930445700559,-1.05221396522208,-1.3579534,-0.6377433,0.6065892,42.184376,110.3738,-15.358054,WAL
1801357249000,13.839861,-2.92926225760771,-8.95994942241639,-0.91643894356734,-1.3420709,-0.63621616,0.6411031,41.9998,110.67243,-15.569353,WAL
1801362248000,13.84486,-3.09754636044993,-9.12342530762278,-0.757770974761474,-1.314582,-0.64904433,0.6792821,41.82043,110.96801,-15.789072,WAL
1801367235000,13.849847,-3.20486581369213,-9.29587470073209,-0.600829044036407,-1.2632693,-0.6597345,0.711658,41.624863,111.26549,-16.03975,WAL
1801372252000,13.854864,-3.26665929141274,-9.47650208725762,-0.443968558393352,-1.2198979,-0.6704246,0.72051555,41.434048,111.55221,-16.286623,WAL
1801377249000,13.859861,-3.29698850274602,-9.68087409264145,-0.265677069612039,-1.196685,-0.7021896,0.73945236,41.210163,111.83798,-16.557396,WAL
1801382232000,13.864844,-3.3016519635493,-9.90472050337145,-0.0698115795270204,-1.1163563,-0.7501425,0.7593055,40.9859,112.098335,-16.823986,WAL
1801387250000,13.869862,-3.24337662873853,-10.1701063838863,0.0893519861974387,-1.0238101,-0.8045095,0.7675522,40.72269,112.33289,-17.089384,WAL
1801392232000,13.874844,-3.12309918229303,-10.4732055971564,0.209629422595543,-0.91629785,-0.90469146,0.7654142,40.43909,112.54483,-17.355408,WAL
1801397305000,13.879917,-2.92051673906163,-10.724591955781,0.235087346443865,-0.77854776,-1.0158689,0.7470882,40.09607,112.703804,-17.60659,WAL
1801402381000,13.884993,-2.64446730134053,-10.9237094203128,0.17173171222305,-0.6123924,-1.0919216,0.7324274,39.740265,112.83419,-17.854324,WAL
1801407289000,13.889901,-2.29723724611828,-11.0315919288191,0.0468582818011944,-0.43371433,-1.1417072,0.7067711,39.32092,112.890045,-18.065395,WAL
1801412347000,13.894959,-1.80733676852244,-11.0035975406473,-0.186427639959545,-0.2434298,-1.1554517,0.6942484,38.897064,112.91357,-18.269875,WAL
1801417298000,13.89991,-1.28723683394229,-10.9447154907539,-0.514631254334485,-0.07788532,-1.1294898,0.6649268,38.453205,112.865654,-18.410812,WAL
1801422342000,13.904954,-0.663909528016663,-10.812197485064,-1.07906154755131,0.0693332,-1.0250319,0.6637051,38.03777,112.79445,-18.542803,WAL
1801427238000,13.90985,-0.0638472836888356,-10.7012968116637,-1.64236983033753,0.18203785,-0.8347474,0.6713409,37.667133,112.668465,-18.59129,WAL
1801432336000,13.914948,0.550456941072498,-10.623289877172,-2.26154947195926,0.2764165,-0.591623,0.6542367,37.34775,112.51893,-18.615534,WAL
1801437370000,13.919982,1.1065268774582,-10.5335814097478,-2.76273914018135,0.32925636,-0.39400807,0.63071835,37.097683,112.360596,-18.570803,WAL
1801442412000,13.925024,1.5671779180835,-10.4195589633513,-3.05463674582979,0.32406402,-0.24556783,0.5723807,36.9023,112.18689,-18.49749,WAL
1801447239000,13.929851,1.95560139727047,-10.339411019024,-3.25615381679074,0.23671028,-0.15149458,0.46639562,36.75999,112.00551,-18.345707,WAL
1801452361000,13.934973,2.15846484807692,-10.3698406346154,-3.15979375576923,0.119729586,-0.09285152,0.32803464,36.64268,111.80972,-18.162806,WAL
1801457285000,13.939897,2.18967945406994,-10.4836747605858,-2.96068180222178,-0.063224554,-0.12614368,0.15790866,36.51085,111.592476,-17.901651,WAL
1801462339000,13.944951,1.79425287268108,-10.8212338224569,-2.47845421850154,-0.28038713,-0.23182335,-0.033292156,36.36085,111.36436,-17.599918,WAL
1801467293000,13.949905,1.34460279117052,-11.1131656543846,-1.99624011191911,-0.47647488,-0.35613444,-0.16829337,36.162037,111.10574,-17.245314,WAL
1801472347000,13.954959,0.718766049786117,-11.3060927442154,-1.47863071709119,-0.6224717,-0.4007276,-0.23609942,35.943604,110.85132,-16.863523,WAL
1801477301000,13.959913,0.126454277292619,-11.4599127614509,-1.03376523793543,-0.6606508,-0.4456262,-0.24312437,35.606148,110.60174,-16.522896,WAL
1801482302000,13.964914,-0.395191594766119,-11.4878581529709,-0.810202703969659,-0.68752885,-0.46731192,-0.22082779,35.25821,110.37139,-16.180065,WAL
1801487334000,13.969946,-0.879671954697884,-11.5423151186995,-0.624939263811471,-0.625526,-0.42760566,-0.18478674,34.87521,110.16089,-15.920923,WAL
1801492314000,13.974926,-1.1576059023515,-11.727604111645,-0.639567393920867,-0.51159966,-0.3378085,-0.13622294,34.50625,109.956985,-15.673778,WAL
1801497317000,13.979929,-1.37228962649297,-11.9381088773419,-0.659927807494145,-0.35979962,-0.21105394,-0.12034045,34.162872,109.78561,-15.497347,WAL
1801502338000,13.98495,-1.33944465308353,-12.2430988610461,-0.702157122014051,-0.20372356,-0.092240654,-0.12339478,33.850597,109.60229,-15.325774,WAL
1801507305000,13.989917,-1.29085137801548,-12.5597344211491,-0.712462305480848,-0.048563786,0.014660766,-0.14630222,33.57251,109.42642,-15.1858835,WAL
1801512306000,13.994918,-1.15423553137734,-12.959823591687,-0.551450790138549,0.09254608,0.0888809,-0.18203785,33.323696,109.22561,-15.03776,WAL
1801517279000,13.999891,-0.996234583603259,-13.3495435948597,-0.392617288345237,0.24648413,0.13927728,-0.26328292,33.07427,108.97769,-14.859626,WAL
1801522315000,14.004927,-0.739104863373906,-13.7085547714013,-0.237369166273011,0.40683624,0.16829337,-0.35155296,32.842663,108.70054,-14.669164,WAL
1801527307000,14.009919,-0.459719387916489,-14.1182410453771,-0.123245790046868,0.5589417,0.19975294,-0.43310347,32.592064,108.338936,-14.421772,WAL
1801532303000,14.014915,-0.0846186691231359,-14.7379730264593,-0.164017607492118,0.70157874,0.23426682,-0.52626044,32.35122,107.93944,-14.150101,WAL
1801537303000,14.019915,0.290782370501917,-15.3582011900724,-0.204822068506178,0.8527679,0.25778514,-0.6417139,32.084496,107.43657,-13.802046,WAL
1801542313000,14.024925,0.51020519992254,-15.3154564556898,-0.309116177939153,1.006095,0.28191432,-0.7431176,31.831379,106.90625,-13.438335,WAL
1801547395000,14.030007,0.706142485573052,-15.1592023722163,-0.425686466167253,1.1655309,0.30695978,-0.87598073,31.58498,106.33175,-13.0409565,WAL
1801552340000,14.034952,0.896797715313663,-15.00716056923,-0.539114265318759,1.3356569,0.3173445,-0.99082345,31.281622,105.66191,-12.561415,WAL
1801557264000,14.039876,1.08664328684911,-14.8557644442746,-0.652060369064363,1.5121969,0.3042109,-1.1050552,30.97414,104.95772,-12.0635605,WAL
1801562307000,14.044919,1.11457594067629,-14.2613516258651,-0.651970893454617,1.7085901,0.2938262,-1.2055426,30.67481,104.22092,-11.549347,WAL
1801567264000,14.049876,1.12865707502472,-13.6417815184892,-0.642583421544394,1.9336939,0.2770274,-1.2935071,30.374168,103.45001,-11.019989,WAL
1801572316000,14.054928,0.799840712222222,-13.0628531111111,-0.680751312037037,2.1933117,0.21594086,-1.3240504,30.044205,102.64864,-10.462683,WAL
1801577241000,14.059853,0.442951146212664,-12.5040391923536,-0.723014568956591,2.3160956,0.14844026,-1.393689,29.708416,101.82674,-9.881746,WAL
1801582317000,14.064929,-0.311343409301874,-12.2597808123119,-0.639690525497621,2.577546,0.14538592,-1.4645494,29.383814,100.976585,-9.320761,WAL
1801587303000,14.069915,-1.09952605805224,-12.0604168198854,-0.542326808690164,2.8215866,0.19394971,-1.57084,29.056927,100.11189,-8.739089,WAL
1801592311000,14.074923,-1.85501611607093,-12.0470839215849,-0.329406081142145,3.0179799,0.2648101,-1.7088956,28.771677,99.28432,-8.198187,WAL
1801597238000,14.07985,-2.59153158026231,-12.0688743037776,-0.098427854244389,3.1306844,0.3231477,-1.8231273,28.499952,98.44896,-7.640186,WAL
1801602365000,14.084977,-3.37767284044654,-12.2211732447402,0.0232326983237441,3.1548135,0.33444872,-1.9104811,28.298824,97.71793,-7.173749,WAL
1801607249000,14.089861,-4.13580316930013,-12.4270236741091,0.0834814612425934,3.120605,0.34391713,-1.9407189,28.117796,97.01904,-6.69816,WAL
1801612305000,14.094917,-4.78784826666667,-12.6283384202899,-0.172382524289855,3.048523,0.3594942,-1.9385809,28.056538,96.44369,-6.3068285,WAL
1801617291000,14.099903,-5.39874215632184,-12.8240148748626,-0.501692581731534,2.969416,0.37843102,-1.9138408,28.003653,95.95125,-5.923053,WAL
1801622317000,14.104929,-6.01159759130435,-13.0344501835749,-1.01814872850242,2.864958,0.419359,-1.8393153,28.051622,84.34502,-5.65335,WAL
1801627305000,14.109917,-6.61913156539485,-13.2463809255644,-1.57387733360939,2.7501154,0.47800204,-1.7742581,28.112497,84.54362,-5.3966703,WAL
1801632298000,14.11491,-7.22295293400742,-13.5995033844275,-1.87411730468933,2.6645942,0.4868596,-1.6988163,28.220974,84.55517,-5.264304,WAL
1801637344000,14.119956,-7.83196692914224,-13.9960703779797,-2.1054483056272,2.5934284,0.3903429,-1.6316211,28.313717,84.49793,-5.151529,WAL
1801642311000,14.124923,-8.22600734137412,-14.2165346152471,-2.11457699760941,2.4889705,0.21533,-1.57084,28.41858,84.330925,-5.1603336,WAL
1801647273000,14.129885,-8.54802610359529,-14.3775443933176,-2.04748973018353,2.3261747,-0.018325957,-1.5176947,28.473759,84.14978,-5.1809516,WAL
1801652304000,14.134916,-8.68902036703203,-14.2708649861658,-2.21342455745451,2.1358902,-0.3191771,-1.4584408,28.516064,83.89984,-5.294095,WAL
1801657303000,14.139915,-8.70939885942322,-13.9906587208684,-2.52929310463978,1.9407189,-0.56291234,-1.4440855,28.50169,83.67775,-5.3965855,WAL
1801662308000,14.14492,-8.38469099932513,-13.5397112728265,-3.12541409778682,1.7702875,-0.58184916,-1.5293012,28.518045,83.45006,-5.511581,WAL
1801667303000,14.149915,-7.93367541595871,-13.0269776955141,-3.82330150821755,1.5534303,-0.48197266,-1.6756034,28.493153,83.28117,-5.5988064,WAL
1801672316000,14.154928,-6.74357409292491,-12.2563794928341,-3.39783318416431,1.416902,-0.19547687,-1.7379116,28.51148,83.1473,-5.688676,WAL
1801677304000,14.159916,-5.26826641577513,-11.3885515659063,-2.53000510620711,1.1930199,0.032986723,-1.7760907,28.538197,83.09881,-5.7350435,WAL
1801682304000,14.164916,-3.91667516157193,-10.7527515429234,-1.87382382595708,1.1279627,0.007941248,-1.668273,28.52101,83.12895,-5.748165,WAL
1801687323000,14.169935,-2.6062913612529,-10.1997881670534,-1.29298001183295,1.078788,-0.15363261,-1.5189165,28.527178,83.18833,-5.760749,WAL
1801692310000,14.174922,-1.73415434662287,-9.92584197899704,-0.909482101355477,1.078788,-0.16157386,-1.3521502,28.498154,83.32281,-5.60986,WAL
1801697302000,14.179914,-1.07507718659326,-9.78871855634715,-0.621965233257772,1.1395692,-0.03268129,-1.2635747,28.461433,83.433014,-5.4834995,WAL
1801702375000,14.184987,-0.546368587062733,-9.6597445034615,-0.679462680578336,1.2000448,0.15363261,-1.2516629,28.373981,83.62715,-5.192616,WAL
1801707312000,14.189924,-0.163651292251571,-9.54392245191181,-1.0621800090425,1.3078625,0.4728097,-1.2183707,28.35989,83.76481,-4.9447584,WAL
1801712306000,14.194918,0.107421992163148,-9.58649448944338,-0.870101638848368,1.509448,0.82986045,-1.2263119,28.392275,83.914474,-4.586791,WAL
1801717293000,14.199905,0.309093732717658,-9.72399785297505,-0.333838119051823,1.7296649,1.0445796,-1.2669345,28.472017,84.01077,-4.2412834,WAL
1801722317000,14.204929,0.606403363798579,-9.92905978238613,0.134320422047639,1.8497,1.0149527,-1.2873985,28.596083,84.08882,-3.8571827,WAL
1801727303000,14.209915,0.980541156602591,-10.1884614850606,0.538389237442541,1.7907515,0.86376345,-1.2883148,28.740452,84.12676,-3.4786685,WAL
1801732321000,14.214933,1.2489289636891,-10.2387835965777,0.587359902714617,1.6230689,0.77274454,-1.2302825,28.88119,84.0838,-3.0803866,WAL
1801737328000,14.21994,1.45289722134571,-10.1646132946636,0.42511246287703,1.486846,0.7687739,-1.1710287,28.99655,84.00723,-2.6914077,WAL
1801742313000,14.224925,1.48991549199187,-10.0309576694103,0.063419112797521,1.4407257,0.8750645,-1.1050552,29.112467,83.8735,-2.262809,WAL
1801747311000,14.229923,1.39721694182241,-9.85019578212453,-0.45569259392079,1.452943,1.0546589,-1.0485502,29.240822,83.715225,-1.8621321,WAL
1801752329000,14.234941,1.17920226458658,-9.60995930109204,-1.12747846879875,1.4627168,1.2547172,-0.98746365,29.410486,83.538635,-1.4576913,WAL
1801757308000,14.23992,0.837015919677587,-9.3124056650026,-1.94575006183047,1.4761559,1.5283848,-0.91690874,29.643066,83.32637,-1.0919539,WAL
1801762305000,14.244917,0.451864122178959,-9.00526902499064,-2.61532148288094,1.4923438,1.7724255,-0.852157,29.977573,83.10275,-0.7694346,WAL
1801767294000,14.249906,0.0359695015724447,-8.69223075514789,-3.16984766548109,1.4899004,1.8903224,-0.8017606,30.344639,82.86764,-0.47800523,WAL
1801772315000,14.254927,-0.377454811794558,-8.34381382869663,-3.60068601025171,1.4795157,2.1022928,-0.77274454,30.867903,82.67722,-0.27297634,WAL
1801777307000,14.259919,-0.781817983130541,-7.95406595954346,-3.86376558029145,1.4844025,2.275473,-0.7290677,31.404957,82.48307,-0.09720389,WAL
1801782326000,14.264938,-1.12543741016981,-7.59272189690241,-4.05403609721963,1.4651603,2.399784,-0.6933321,32.03579,82.355255,-0.016853489,WAL
1801787328000,14.26994,-1.39807170485165,-7.26645438292592,-4.1613023491323,1.4446963,2.499355,-0.6612616,32.701305,82.23342,0.039939534,WAL
1801792310000,14.274922,-1.66112142371492,-6.92462913197729,-4.22634094329864,1.4450017,2.5659394,-0.64873886,33.431854,82.1361,0.012567547,WAL
1801797301000,14.279913,-1.9073207434353,-6.54779352204352,-4.20624294756649,1.4376713,2.6352727,-0.6374379,34.184647,82.056015,-0.03360966,WAL
1801802337000,14.284949,-2.10108128907603,-6.19321227483157,-4.0516254294514,1.4343116,2.6713138,-0.6093381,34.968834,81.99031,-0.14758176,WAL
1801807309000,14.289921,-2.22023553227141,-5.87699532395573,-3.72165958259865,1.3997977,2.6829202,-0.589485,35.759914,81.944626,-0.27025792,WAL
1801812250000,14.294862,-2.31919357659744,-5.58323589082779,-3.36937237231442,1.3362677,2.6691756,-0.5656612,36.570004,81.90712,-0.44809568,WAL
1801817292000,14.299904,-2.38157278172513,-5.32412243525788,-2.9615087434761,1.2687671,2.6459627,-0.5540548,37.37452,81.88872,-0.63388014,WAL
1801822243000,14.304855,-2.43862985168196,-5.06912406856269,-2.53724461877676,1.1838568,2.6169467,-0.5363397,38.195282,81.833694,-0.8501028,WAL
1801827306000,14.309918,-2.48805629245668,-4.80716346796126,-2.0528651379103,1.094976,2.552195,-0.52106804,38.992725,81.806656,-1.070966,WAL
1801832312000,14.314924,-2.51695945693146,-4.59427238736371,-1.58545375636682,0.9987647,2.489276,-0.49877146,39.80353,81.74074,-1.2949553,WAL
1801837325000,14.319937,-2.51228573239875,-4.45873447352025,-1.13677590841122,0.8918633,2.4346035,-0.49418998,40.591454,81.71102,-1.5192496,WAL
1801842269000,14.324881,-2.49197677356278,-4.28986450421073,-0.674576579050183,0.7761043,2.3658812,-0.48197266,41.37421,81.63321,-1.7463467,WAL
1801847299000,14.329911,-2.43640523491636,-4.03979216927514,-0.160539031770813,0.6417139,2.2727242,-0.46395215,42.126938,81.597,-1.9753543,WAL
1801852358000,14.33497,-2.3870838304739,-3.82733613839232,0.342544623443311,0.5015204,2.1627684,-0.44990227,42.87221,81.52158,-2.181613,WAL
1801857312000,14.339924,-2.35862344223155,-3.73721147656469,0.793167754273145,0.35094208,2.0525072,-0.41874814,43.583576,81.48833,-2.3957224,WAL
1801862307000,14.344919,-2.32547527046221,-3.67242328240428,1.22075314209482,0.20280726,1.9367483,-0.3830125,44.262062,81.41401,-2.5774777,WAL
1801867295000,14.349907,-2.27809461368776,-3.69137550553462,1.56189340581234,0.047647487,1.8707749,-0.3726278,44.91881,81.38407,-2.7599647,WAL
1801872327000,14.354939,-2.22469366832132,-3.74357040738368,1.87800745503959,-0.032070424,1.7153096,-0.33964106,45.508045,81.30357,-2.9318998,WAL
1801877305000,14.359917,-2.15259623282626,-3.90897024755805,2.09429958438751,-0.17562376,1.5567901,-0.31795537,46.074055,81.28156,-3.1017303,WAL
1801882818000,14.36543,-2.07152925895108,-4.08071516410304,2.31227691339881,-0.31520647,1.3912456,-0.28008172,46.57949,81.23011,-3.2572446,WAL
1801887326000,14.369938,-1.99152140694959,-4.09271637740919,2.24827070698666,-0.47525316,1.207986,-0.26908615,47.031796,81.220764,-3.404699,WAL
1801892263000,14.374875,-1.90389967550964,-4.10585967601001,2.17817340417902,-0.5381723,1.0167851,-0.2434298,47.4193,81.188774,-3.533693,WAL
1801897304000,14.379916,-1.79920663217391,-4.06109520886396,2.02957926496494,-0.6401868,0.8371908,-0.21991149,47.75458,81.205215,-3.6580713,WAL
1801902303000,14.384915,-1.69177449971014,-4.00290282909771,1.86395465925199,-0.7367035,0.6783658,-0.20586158,48.037918,81.23131,-3.7799363,WAL
1801907310000,14.389922,-1.61470689884965,-4.04869117143143,1.62550897154146,-0.8240572,0.5369505,-0.17562376,48.265656,81.28976,-3.888366,WAL
1801912329000,14.394941,-1.55220230013004,-4.14485213888166,1.35145058582575,-0.8906415,0.43035457,-0.15485434,48.45579,81.362724,-3.992756,WAL
1801917292000,14.399904,-1.54202667532277,-4.25478043887905,1.17232620135671,-0.9776898,0.3567453,-0.12217305,48.608932,81.48358,-4.0859346,WAL
1801922322000,14.404934,-1.55658687356103,-4.37334196312449,1.03504443495488,-1.044885,0.31398472,-0.110872045,48.73925,81.61062,-4.175527,WAL
1801927304000,14.409916,-1.57100812756164,-4.49077208515048,0.899072713242368,-1.1047498,0.2773328,-0.084910266,48.88432,81.77535,-4.255248,WAL
1801932365000,14.414977,-1.58565806062006,-4.61006430666264,0.760944876312017,-1.1621711,0.2764165,-0.05497787,49.02665,81.94635,-4.338262,WAL
1801937396000,14.420008,-1.60406982276006,-4.73037791392851,0.631832074109633,-1.2003502,0.27305678,-0.031154128,49.157074,82.11593,-4.4246078,WAL
1801942378000,14.42499,-1.68054308357109,-4.87567679804456,0.628008415061709,-1.2348641,0.2950479,-0.010995574,49.293606,82.28487,-4.5181174,WAL
1801947351000,14.429963,-1.75687819517551,-5.02071319923065,0.624191663466902,-1.2776246,0.32559118,0.010079277,49.486607,82.48289,-4.6100545,WAL
1801952345000,14.434957,-1.89411805268422,-5.14506344825475,0.665968296156358,-1.3203852,0.3576616,0.051923547,49.685856,82.668755,-4.71306,WAL
1801957319000,14.439931,-2.07886306327822,-5.2520213531537,0.743755691214534,-1.3723087,0.42485678,0.12217305,49.90329,82.84227,-4.8305674,WAL
1801962303000,14.444915,-2.28023534481013,-5.69514531974684,0.884067798379747,-1.4107933,0.45234573,0.17837265,50.13238,82.992714,-4.966781,WAL
1801967300000,14.449912,-2.49346403964557,-6.37360028086076,1.06821982310886,-1.4850134,0.48747048,0.20250183,50.382294,83.13444,-5.1128473,WAL
1801972318000,14.45493,-2.66009794545187,-6.85669965482288,1.37987304876852,-1.5118915,0.5381723,0.301462,50.642567,83.19699,-5.3288093,WAL
1801977312000,14.459924,-2.79619554486311,-7.21336911585713,1.7693937778432,-1.5632042,0.6081163,0.3930918,50.918137,83.24782,-5.5459967,WAL
1801982325000,14.464937,-2.68002246950455,-7.891770980546,2.33552848303337,-1.5439619,0.6939429,0.4822781,51.216827,83.21024,-5.8091674,WAL
1801987353000,14.469965,-2.37815838064712,-8.8071006376542,3.03176321807887,-1.4465289,0.745561,0.5693264,51.52261,83.12451,-6.0905747,WAL
1801992314000,14.474926,-1.80260661991926,-10.0263838119338,3.95073913698306,-1.2815952,0.8219192,0.6035349,51.82557,82.96519,-6.3867064,WAL
1801997340000,14.479952,-1.03482885207759,-11.4718913026782,5.03605464592359,-1.0149527,0.8127562,0.6026186,52.11434,82.76112,-6.6879168,WAL
1802002365000,14.484977,-0.0343740476531424,-13.1565686654733,6.22369007577566,-0.66920286,0.70524395,0.52564955,52.335754,82.5821,-6.8667665,WAL
1802007344000,14.489956,1.12735182052506,-15.0011049683771,7.47550900805489,-0.2846632,0.5152648,0.37018433,52.527164,82.39817,-7.0154233,WAL
1802012341000,14.494953,2.50113823432606,-16.5636423740993,8.1934113945624,0.08032878,0.32711834,0.19211712,52.585953,82.324486,-6.9023867,WAL
1802017339000,14.499951,4.03700822114516,-17.9017801683159,8.49230850417907,0.38453966,0.2959642,-0.040927973,52.63969,82.23774,-6.7379117,WAL
1802022349000,14.504961,5.09934410763153,-18.5889277567514,8.4863308754751,0.6356053,0.39706242,-0.29718593,52.577583,82.20676,-6.2629204,WAL
1802027345000,14.509957,5.64489446534307,-18.5697852514503,8.15134352880576,0.82772243,0.54825157,-0.5122105,52.537975,82.07244,-5.7745385,WAL
1802032352000,14.514964,5.61256530952287,-17.708740573925,7.73689961295896,0.9651671,0.66737026,-0.66920286,52.479332,81.96614,-5.0258427,WAL
1802037378000,14.51999,4.95573312943255,-15.9367124150795,7.23600606479482,1.0412198,0.6835582,-0.7076874,52.44911,81.709816,-4.3202,WAL
1802042306000,14.524918,4.12255915418616,-13.9533635620707,6.71686329138875,1.0601566,0.67347896,-0.68019843,52.45469,81.40223,-3.586986,WAL
1802047332000,14.529944,3.03004254875062,-11.6149941711299,6.15143804121453,0.9816604,0.6814202,-0.63285637,52.47294,81.01524,-2.9070961,WAL
1802052365000,14.534977,2.00282808370987,-9.34689482282996,5.60304696706302,0.8228355,0.7199047,-0.5751296,52.5214,80.588554,-2.3645601,WAL
1802057355000,14.539967,1.06998140416171,-7.19235057689259,5.08216815087198,0.6087272,0.76052725,-0.5213735,52.565178,80.16656,-1.8632693,WAL
1802062240000,14.544852,0.255546744443928,-5.39878651088916,4.58336745440862,0.36468655,0.7834347,-0.45020768,52.633545,79.79466,-1.540728,WAL
1802067316000,14.549928,-0.440005443328997,-4.01671536853108,4.08202782296757,0.23945917,0.8032878,-0.39553526,52.703014,79.44365,-1.2408468,WAL
1802072247000,14.554859,-1.13532773932427,-2.89162206235209,3.59301130490969,-0.011911872,0.79168135,-0.2742785,52.812458,79.19091,-1.1118299,WAL
1802077344000,14.559956,-1.91560587823334,-2.41028173014324,3.08127044156114,-0.2657264,0.7293731,-0.122783914,52.90697,78.971245,-1.0070899,WAL
1802082268000,14.56488,-2.65631853237665,-2.18370407295066,2.61063334332613,-0.47036624,0.643852,0.0580322,53.031967,78.829865,-1.0465882,WAL
1802087377000,14.569989,-3.39692181375074,-2.45782341550029,2.17300415671319,-0.66889745,0.51343226,0.24770586,53.117287,78.75146,-1.126369,WAL
1802092264000,14.574876,-4.03490028942574,-2.9582130799604,1.76163936613861,-0.8689558,0.36010507,0.4642576,53.207184,78.77296,-1.3677796,WAL
1802097337000,14.579949,-4.52073175524752,-4.07418231846535,1.35277138787129,-1.105666,0.15760323,0.657291,53.236263,78.84526,-1.6481471,WAL
1802102365000,14.584977,-4.93378411917862,-5.30727857535862,0.960550561988603,-1.3866642,-0.12034045,0.79534656,53.23964,79.02951,-2.0758736,WAL
1802107357000,14.589969,-5.17333782953429,-6.84793788602869,0.603568433759088,-1.6783522,-0.48166725,0.90102625,53.152683,79.24782,-2.5362046,WAL
1802112316000,14.594928,-5.48627841418576,-8.52762056858047,0.236662700780217,-1.9257526,-0.88789266,0.97402465,53.013916,79.57289,-3.0844512,WAL
1802117320000,14.599932,-6.03747944618039,-10.6910853158248,-0.172144760460079,-2.0888536,-1.3536774,1.0690142,52.750298,79.89097,-3.6481225,WAL
1802122316000,14.604928,-6.63896627009567,-12.7956083280527,-0.635946838197716,-2.1551325,-1.8393153,1.1945469,52.408024,80.26801,-4.240042,WAL
1802127343000,14.609955,-7.5254518378459,-14.6081983877173,-1.40852649154819,-2.130698,-2.2537873,1.3093897,51.954567,80.56968,-4.833704,WAL
1802132319000,14.614931,-8.30996413996796,-16.2071137981578,-2.09812418454145,-2.003638,-2.4449883,1.4450017,51.49202,80.82671,-5.4977612,WAL
1802137327000,14.619939,-8.75173211433721,-17.0858483243893,-2.51108141770124,-1.6942347,-2.3167064,1.5357152,51.008114,80.91131,-6.159732,WAL
1802142316000,14.624928,-8.83451703881129,-17.8674163271917,-2.55008894543834,-1.2895365,-1.784032,1.4978416,50.661915,80.8821,-6.8990726,WAL
1802147307000,14.629919,-7.59873342481426,-18.3030186448737,-1.21487422897474,-0.7825184,-1.0842859,1.2507466,50.40958,80.701355,-7.5799265,WAL
1802152358000,14.63497,-6.19133910456312,-18.5813421714656,0.267217433755106,-0.23854288,-0.5296202,0.93584555,50.302525,80.41434,-8.2466,WAL
1802157356000,14.639968,-4.17888725887217,-18.2141407995417,2.2510562896483,0.20861048,-0.37140608,0.6426302,50.287766,80.08366,-8.824918,WAL
1802162335000,14.644947,-2.35479483921122,-17.6139994645048,3.94122677063979,0.40103304,-0.41263947,0.43310347,50.323956,79.86639,-9.113753,WAL
1802167327000,14.649939,-1.29333889361963,-16.0171603128834,4.42074417361963,0.37232238,-0.5891795,0.35308012,50.36862,79.66829,-9.345467,WAL
1802172324000,14.654936,-0.310408502440605,-14.3967848844492,4.77509314978402,0.3042109,-0.7687739,0.1957823,50.296677,79.65586,-9.214581,WAL
1802177310000,14.659922,0.158371781301787,-12.6388586368545,4.32037626427449,0.14874569,-0.93126404,0.08735373,50.17644,79.65906,-9.077104,WAL
1802182344000,14.664956,0.561120615331325,-10.8842474267068,3.76919223935743,-0.0021380284,-1.0867293,0.023518313,49.957237,79.72847,-8.811749,WAL
1802187362000,14.669974,0.331935889415663,-9.31614157168675,2.39649637301205,-0.19639318,-1.318858,0.0061086523,49.66804,79.826805,-8.529948,WAL
1802192311000,14.674923,0.105902567662651,-7.76959795341365,1.04267575871486,-0.41538838,-1.5720617,0.058337633,49.322376,79.97435,-8.23404,WAL
1802197320000,14.679932,-0.122871105536145,-6.20430456405623,-0.327558118232932,-0.66431594,-1.7574593,0.1600467,48.9278,80.14007,-7.947695,WAL
1802202352000,14.684964,-0.402798050235651,-4.72106720562237,-1.6679189436785,-0.8912524,-1.8032742,0.2855795,48.487125,80.31109,-7.690459,WAL
1802207349000,14.689961,-1.05322215031583,-3.91154651168476,-2.73012224816662,-1.1139128,-1.7553213,0.3933972,48.02195,80.498024,-7.458652,WAL
1802212360000,14.694972,-1.69537421296596,-3.12551590356564,-3.75165582982172,-1.3014483,-1.7690657,0.48930305,47.673576,80.77274,-7.3917437,WAL
1802217335000,14.699947,-2.20865870362284,-2.66219712746687,-4.22860176127372,-1.488984,-1.8982637,0.54153204,47.314667,81.05335,-7.3454466,WAL
1802222693000,14.705305,-2.75750541106557,-2.16864028590945,-4.72829254156909,-1.706452,-2.1465805,0.5665775,46.960655,81.29108,-7.4564238,WAL
1802227346000,14.709958,-3.15319634036885,-1.85121787460968,-4.87613289900468,-1.9028453,-2.4740043,0.57818395,46.560318,81.495125,-7.5784745,WAL
1802232312000,14.714924,-3.57550477684426,-1.51244295638173,-5.03391824502342,-2.043955,-2.892447,0.5864306,46.034912,81.56612,-7.840543,WAL
1802237361000,14.719973,-3.86383702830264,-1.22213354994996,-5.42927111257006,-2.1768184,-3.2519412,0.6087272,45.441544,81.56137,-8.11472,WAL
1802242255000,14.724867,-4.13120351681345,-0.945385711108887,-5.83266640944756,-2.2589796,-3.449556,0.6658431,44.784443,81.45789,-8.407024,WAL
1802247351000,14.729963,-4.27112617303103,-0.990014799661894,-6.21054390075577,-2.2519548,-3.4669657,0.7593055,44.07047,81.16817,-8.806406,WAL
1802252305000,14.734917,-4.39379235620525,-1.06550169487868,-6.57382437615354,-2.1340578,-3.364035,0.86193085,43.3444,99.23659,-9.235258,WAL
1802257330000,14.739942,-4.41415315783997,-1.80042712852091,-6.74915047272176,-1.9312505,-3.1520646,0.9502009,42.675987,99.8045,-9.750816,WAL
1802262246000,14.744858,-4.42366614927258,-2.58524537054961,-6.90135773964437,-1.6594155,-3.0176742,0.9841039,42.02641,100.45239,-10.29009,WAL
1802267336000,14.749948,-4.19480414546892,-3.62008414449056,-7.04696266301018,-1.5253305,-2.6661212,1.0552697,41.543476,101.216835,-10.886744,WAL
1802272251000,14.754863,-3.95291858182627,-4.63879466252594,-7.18651218544323,-1.3081679,-2.2403483,1.1655309,41.135494,102.018456,-11.5055275,WAL
1802277294000,14.759906,-3.84128816949981,-5.99973461235427,-6.75545952707785,-1.0925325,-1.7751744,1.2950343,40.891804,102.82497,-12.108968,WAL
1802282358000,14.76497,-3.74553448089507,-7.40412174368184,-6.25389260943964,-0.9089675,-1.31672,1.3976597,40.787716,103.651306,-12.725026,WAL
1802287406000,14.770018,-3.72932223707075,-9.19075128361605,-5.56453294284237,-0.8032878,-0.84665924,1.46852,40.946293,104.35121,-13.21668,WAL
1802292267000,14.774879,-3.73413738237485,-11.0108775158254,-4.85189098532271,-0.77518797,-0.35796702,1.5082263,41.26012,105.05938,-13.708346,WAL
1802297344000,14.779956,-3.25567480230433,-12.2945236360747,-4.41951189040524,-0.7846564,0.10262536,1.5247196,41.73419,105.59208,-14.072906,WAL
1802302257000,14.784869,-2.70188796174017,-13.4207903355185,-4.05966721318534,-0.75502944,0.528093,1.5176947,42.344593,106.1205,-14.42497,WAL
1802307335000,14.789947,-2.12950254012714,-14.5848819902662,-3.68773737990167,-0.69913524,0.9233228,1.4886786,42.965553,106.53305,-14.706217,WAL
1802312287000,14.794899,-1.57131967131506,-15.7200891336909,-3.32503621124851,-0.6805039,1.2370021,1.416902,43.68198,106.93407,-14.960147,WAL
1802317227000,14.799839,-0.952700482273142,-15.8464981084863,-2.7280314711751,-0.7489208,1.4850134,1.2962561,44.396282,107.199615,-15.087999,WAL
1802322232000,14.804844,-0.311210774040353,-15.734723665619,-2.06710272454628,-0.93828905,1.6215417,1.0910053,45.154457,107.44749,-15.169652,WAL
1802327239000,14.809851,0.252354993399333,-15.1898383026568,-1.48013568561269,-1.1997393,1.6404786,0.818254,45.82473,107.56141,-15.10691,WAL
1802332226000,14.814838,0.797544140907162,-14.5578049457016,-0.910823090615214,-1.4914275,1.5439619,0.5314528,46.480843,107.667625,-14.993488,WAL
1802337256000,14.819868,1.25316325592009,-13.6327624453531,-0.599546918264617,-1.7470746,1.3313808,0.28588495,46.989803,107.676125,-14.778191,WAL
1802342247000,14.824859,1.68849762209382,-12.6637923729801,-0.33741009625306,-1.915368,0.97402465,0.08093964,47.407154,107.67573,-14.520749,WAL
1802347246000,14.829858,1.83289491618954,-11.6831657884995,0.152467864580454,-1.9963076,0.38331795,-0.07880162,47.602467,107.61701,-14.216598,WAL
1802352304000,14.834916,1.90940353237907,-10.688554526999,0.702373205160908,-1.9981402,-0.31398472,-0.22602014,47.64677,107.54621,-13.898486,WAL
1802357324000,14.839936,1.78683305537335,-9.97524159502196,0.750574875238653,-1.8735237,-0.6386596,-0.3231477,47.585606,107.44406,-13.565167,WAL
1802362358000,14.84497,1.61272303833089,-9.33056382225476,0.670578419168375,-1.6377298,-1.2241739,-0.36010507,47.24086,107.31135,-13.269988,WAL
1802367332000,14.849944,0.708734058905231,-9.00641265754359,0.283354852998929,-1.4969252,-1.6673567,-0.42424592,46.786297,107.146286,-12.9868965,WAL
1802372347000,14.854959,-0.442021835421253,-8.78187478815623,-0.207821466412779,-1.2443326,-1.9795089,-0.47403142,46.201653,106.91224,-12.7253065,WAL
1802377339000,14.859951,-1.23126128499801,-8.62170787673956,-0.550698762449304,-1.0574077,-2.1300871,-0.49113566,45.537537,106.71927,-12.520213,WAL
1802382334000,14.864946,-1.86844256629523,-8.48856580417495,-0.83124874177833,-0.93584555,-2.1429152,-0.49205196,44.826454,106.47908,-12.3116455,WAL
1802387359000,14.869971,-2.26379780601592,-8.31335184429372,-1.01047033846948,-0.8576548,-2.0555615,-0.45906523,44.161488,106.390785,-12.25814,WAL
1802392311000,14.874923,-2.54350500074708,-8.12221817674236,-1.14100037079033,-0.8185594,-1.915368,-0.39645153,43.518272,106.28653,-12.203836,WAL
1802397337000,14.879949,-2.727255136278,-8.01806993393252,-1.28058654495819,-0.80909103,-1.740966,-0.27855456,42.94178,106.29665,-12.252454,WAL
1802402356000,14.884968,-2.85662626589445,-7.96262535018745,-1.42381880844949,-0.80909103,-1.5748106,-0.12705997,42.41829,106.31548,-12.314103,WAL
1802407331000,14.889943,-2.93942890686748,-8.01498755058086,-1.62199519093246,-0.84635377,-1.387275,0.038179077,41.969948,106.424385,-12.446664,WAL
1802412331000,14.894943,-2.98865682914568,-8.14790278652205,-1.86321221570885,-0.8790351,-1.1652255,0.17867808,41.596066,106.55306,-12.59682,WAL
1802417353000,14.899965,-2.74957665971845,-8.24984971859718,-1.89858764374907,-0.93645644,-0.9300423,0.30115658,41.29981,106.76007,-12.795674,WAL
1802422337000,14.904949,-2.34170168318103,-8.33236796883181,-1.81135425132625,-0.977079,-0.6951646,0.398895,41.0828,106.98779,-13.0078745,WAL
1802427345000,14.909957,-1.93186262168437,-8.41528357821684,-1.72370079441344,-0.97402465,-0.48930305,0.4896085,40.937958,107.2718,-13.248938,WAL
1802432342000,14.914954,-1.52292376579402,-8.49801706465794,-1.63623986705853,-0.9636399,-0.3912592,0.54275376,40.840652,107.56697,-13.493275,WAL
1802437347000,14.919959,-1.12553751106059,-8.62065886754967,-1.49515468600376,-0.94134337,-0.39828414,0.5748242,40.77154,107.876945,-13.748009,WAL
1802442334000,14.924946,-0.738438358802016,-8.77172203311258,-1.31576731245428,-0.9224065,-0.48838675,0.5815437,40.71447,108.18396,-14.003517,WAL
1802447340000,14.929952,-0.449906035836783,-8.89957212004731,-1.25634003317564,-0.8958339,-0.6383542,0.5644395,40.571815,108.38067,-14.160532,WAL
1802452320000,14.934932,-0.243078723595506,-9.00768612359551,-1.29394502134831,-0.8750645,-0.7867944,0.5216789,40.40667,108.56399,-14.312268,WAL
1802457310000,14.939922,-0.10088185992354,-9.04302604119277,-1.37855406306031,-0.8527679,-0.852157,0.45631635,40.167168,108.67086,-14.406315,WAL
1802462304000,14.944916,-0.0186035167256045,-9.01102873908057,-1.50654255555768,-0.84665924,-0.95081174,0.42424592,39.878883,108.76825,-14.502784,WAL
1802467292000,14.949904,0.00602539518495873,-8.95340330051972,-1.662736833262,-0.8414669,-0.99173975,0.36071593,39.56011,108.824394,-14.544676,WAL
1802472341000,14.954953,-0.0481768129905228,-8.85978147324977,-1.85983578798533,-0.84513205,-0.9755518,0.30757064,39.232407,108.869934,-14.577839,WAL
1802477310000,14.959922,-0.156888932795664,-8.72815787314332,-2.00561250236853,-0.8530733,-0.9242391,0.27885997,38.903893,108.91454,-14.593722,WAL
1802482294000,14.964906,-0.329340657932557,-8.55091624889603,-2.09662872573264,-0.8891144,-0.8533788,0.27214047,38.58771,108.952324,-14.594811,WAL
1802487278000,14.96989,-0.530266485972603,-8.3866330630137,-2.13431610958904,-0.94897914,-0.7877107,0.2846632,38.304672,109.02825,-14.60049,WAL
1802492315000,14.974927,-0.766266377686888,-8.23559255587084,-2.11071613816047,-1.0103711,-0.7079928,0.30818152,38.04952,109.10677,-14.599562,WAL
1802497278000,14.97989,-0.985353579239485,-8.12277406068754,-2.03347050147878,-1.0699304,-0.61911196,0.34330627,37.836758,109.24251,-14.629214,WAL
1802502355000,14.984967,-1.19078318597849,-8.05741024515076,-1.87939827448627,-1.1438452,-0.54244834,0.38881573,37.648605,109.39388,-14.66176,WAL
1802507256000,14.989868,-1.35750636116887,-7.99035294481596,-1.70498379384659,-1.2030991,-0.47983465,0.43463063,37.49274,109.59339,-14.738285,WAL
1802512304000,14.994916,-1.46617443070151,-7.91337985694483,-1.47406410472043,-1.2403619,-0.44623706,0.49113566,37.357662,109.80787,-14.824555,WAL
1802517259000,14.999871,-1.56865487462242,-7.87626864547969,-1.25439471394384,-1.2541064,-0.43890667,0.5467244,37.222927,110.05309,-14.950403,WAL
1802522319000,15.004931,-1.65627419412891,-7.9948123578813,-1.05853969639438,-1.2379184,-0.44501534,0.59773165,37.101494,110.30282,-15.08548,WAL
1802527240000,15.009852,-1.73077605132079,-8.12410240366276,-0.897166310768841,-1.2043208,-0.453262,0.6444628,36.96163,110.55731,-15.247705,WAL
1802532297000,15.014909,-1.78391040143472,-8.2875930071736,-0.794984886298422,-1.1542299,-0.5009095,0.66859204,36.815277,110.80314,-15.415821,WAL
1802537703000,15.020315,-1.84291955198047,-8.46506369089094,-0.684960051130589,-1.0946705,-0.5467244,0.70402217,36.64362,111.03815,-15.603632,WAL
1802542315000,15.024927,-1.94583009173416,-8.68068556462887,-0.572248471527793,-1.0574077,-0.61361414,0.7281514,36.458336,111.26244,-15.793555,WAL
1802547278000,15.02989,-2.0544546684236,-8.90897468694894,-0.458143624049995,-1.0134255,-0.6908886,0.73731434,36.23045,111.46394,-15.99234,WAL
1802552309000,15.034921,-2.15248775659335,-9.11904538126151,-0.383451772882473,-0.9761627,-0.75136423,0.7318166,35.994823,111.65407,-16.18984,WAL
1802557273000,15.039885,-2.24612169595229,-9.33242013834572,-0.312470002970278,-0.93370754,-0.77579886,0.73273283,35.72494,111.82658,-16.396637,WAL
1802562303000,15.044915,-2.30734852016034,-9.61500551867423,-0.270082240181854,-0.92179567,-0.8213083,0.7199047,35.437008,111.98679,-16.595541,WAL
1802567447000,15.050059,-2.37149498605114,-9.90836328977273,-0.233189801431818,-0.88178396,-0.8707884,0.70402217,35.115437,112.12842,-16.801146,WAL
1802572324000,15.054936,-2.45110753123106,-10.2400824204545,-0.27741905580303,-0.86132,-0.91996306,0.6945538,34.787933,112.26396,-16.999384,WAL
1802577244000,15.059856,-2.53142201191288,-10.5747262840909,-0.322038274893939,-0.83658,-0.95294976,0.6750061,34.42831,112.37746,-17.184807,WAL
1802582294000,15.064906,-2.54213210921128,-10.8197239591249,-0.406901259689119,-0.8008443,-0.97127575,0.6545421,34.065834,112.47773,-17.361294,WAL
1802587309000,15.069921,-2.54674040435617,-11.0547471077528,-0.494458915561313,-0.72112644,-0.9816604,0.6236934,33.70165,112.55412,-17.522926,WAL
1802592313000,15.074925,-2.41996290795952,-11.1069375842896,-0.571304584823701,-0.63071835,-0.99387777,0.59742624,33.313736,112.61829,-17.679024,WAL
1802597271000,15.079883,-2.27136560691634,-11.1267504474233,-0.645603292238682,-0.5225952,-1.0067059,0.58276546,32.929493,112.657585,-17.822708,WAL
1802602318000,15.08493,-1.9757344891449,-11.1104746128712,-0.708990006167445,-0.38240165,-0.9825767,0.57696223,32.541927,112.674515,-17.951942,WAL
1802607251000,15.089863,-1.67545510210547,-11.0917072644751,-0.769984255894329,-0.25289822,-0.9450085,0.58093286,32.163166,112.671875,-18.072216,WAL
1802612306000,15.094918,-1.2595316145459,-11.059789020868,-0.913562857803468,-0.1337795,-0.874759,0.589485,31.790762,112.64822,-18.172184,WAL
1802617273000,15.099885,-0.840101856878613,-11.0271665317919,-1.06269344393064,-0.013133603,-0.7825184,0.60048056,31.444853,112.60395,-18.262936,WAL
1802622323000,15.104935,-0.336965217312594,-10.8494926755645,-1.32326386010035,0.094989546,-0.6646214,0.5900958,31.107044,112.52231,-18.308456,WAL
1802627242000,15.109854,0.164136758208731,-10.6556707476167,-1.59272431068741,0.18387043,-0.52106804,0.5342017,30.808666,112.417244,-18.331202,WAL
1802632303000,15.114915,0.650815395272763,-10.4486600128818,-1.85505186842003,0.226631,-0.36132678,0.46822822,30.534225,112.26873,-18.289349,WAL
1802637303000,15.119915,1.12745945694935,-10.2430486144237,-2.11206587251879,0.20219639,-0.21777347,0.376293,30.2962,112.10004,-18.214083,WAL
1802642313000,15.124925,1.33154374665784,-10.2429302865652,-2.09802424500331,0.098043874,-0.12583824,0.2519819,30.067043,111.90501,-18.064613,WAL
1802647238000,15.12985,1.47869983179541,-10.2830636585043,-2.03113504343387,-0.06078109,-0.08827003,0.10781772,29.85764,111.69865,-17.878847,WAL
1802652317000,15.134929,1.29723772741154,-10.5169047327296,-1.74928807944398,-0.22968534,-0.10751228,-0.020158553,29.636457,111.47498,-17.622223,WAL
1802657279000,15.139891,0.98697584915754,-10.8221623117102,-1.38898396613311,-0.38148534,-0.13897185,-0.07269296,29.415997,111.260994,-17.348066,WAL
1802662303000,15.144915,0.56592170763678,-11.0236827724152,-1.02883442301124,-0.43157628,-0.23457226,-0.1328632,29.124598,111.01108,-17.030516,WAL
1802667285000,15.149897,0.124366971783859,-11.1993551621057,-0.672741865550801,-0.4813618,-0.29779682,-0.13713925,28.832024,110.790764,-16.71824,WAL
1802672320000,15.154932,-0.148006412027426,-11.4005000927496,-0.448077467050962,-0.45142943,-0.2968805,-0.122783914,28.490543,110.55832,-16.430092,WAL
1802677295000,15.159907,-0.376084747204947,-11.604820420365,-0.258012179053555,-0.34513888,-0.25595254,-0.102319926,28.144548,110.32513,-16.147612,WAL
1802682300000,15.164912,-0.436214180700858,-11.9161299431216,-0.242518572987564,-0.2049453,-0.1872302,-0.11301007,27.786493,110.10038,-15.91869,WAL
1802687345000,15.169957,-0.454845239733925,-12.2561467960089,-0.270465163968958,-0.055283304,-0.12492194,-0.14844026,27.443346,109.858116,-15.688834,WAL
1802692312000,15.174924,-0.348160086934607,-12.9611805021548,-0.208843295580289,0.106901415,-0.08827003,-0.20861048,27.10219,109.58908,-15.472243,WAL
1802697291000,15.179903,-0.196275197486416,-13.8010142833989,-0.115032038494473,0.2648101,-0.04184427,-0.28924468,26.784834,109.28798,-15.238576,WAL
1802702304000,15.184916,-0.0567137598739678,-14.4296337059974,-0.0549532238633203,0.42821655,-0.0030543262,-0.3753767,26.46825,108.937546,-14.977659,WAL
1802707345000,15.189957,0.0744158715232508,-14.9121911535202,-0.0182369289342677,0.6032294,0.056505036,-0.46944994,26.172749,108.54681,-14.692716,WAL
1802712306000,15.194918,0.207131479043918,-15.2997808950641,-0.156991885989118,0.745561,0.11301007,-0.5681047,25.836054,108.05391,-14.331253,WAL
1802717298000,15.19991,0.341839512561213,-15.662099110377,-0.352086285329965,0.9095783,0.16646078,-0.6627888,25.521109,107.522545,-13.950626,WAL
1802722322000,15.204934,0.438938854723204,-15.8683026874755,-0.533394651213192,1.0473285,0.24129178,-0.7461719,25.201332,106.93792,-13.52516,WAL
1802727311000,15.209923,0.51866380926384,-16.0043038656262,-0.70691362843934,1.2052372,0.30604348,-0.8381071,24.900183,106.31807,-13.080433,WAL
1802732310000,15.214922,0.576952161055326,-15.9046793132506,-0.809648377393188,1.3732251,0.36346483,-0.94042706,24.604992,105.6668,-12.597878,WAL
1802737320000,15.219932,0.624185640086631,-15.6826817645206,-0.875775326950187,1.5479325,0.39553526,-1.0519099,24.326075,104.9863,-12.098841,WAL
1802742309000,15.224921,0.661804863583206,-15.2377589366373,-0.874301329699003,1.7366899,0.38331795,-1.1685852,24.034039,104.28519,-11.583591,WAL
1802747303000,15.229915,0.69389710608704,-14.6600993375192,-0.833039888728911,1.9358319,0.34055737,-1.278541,23.746052,103.551575,-11.052495,WAL
1802752283000,15.234895,0.578015685232304,-14.0819378824447,-0.851362278107265,2.158187,0.31031954,-1.3603969,23.462318,102.79445,-10.513121,WAL
1802757317000,15.239929,0.332482730271282,-13.4956655070159,-0.9215145502058,2.3952026,0.23243423,-1.3976597,23.156857,102.01111,-9.971296,WAL
1802762329000,15.244941,-0.147392483058409,-13.1222196531651,-0.962645684575873,2.5149322,0.16371189,-1.4727961,22.845535,101.22092,-9.42249,WAL
1802767300000,15.249912,-0.766865984367479,-12.8800189736816,-0.985934170296448,2.7681358,0.18295415,-1.5812247,22.542318,100.38194,-8.8629465,WAL
1802772322000,15.254934,-1.46907957703432,-12.7838753534983,-0.931471507903045,2.971554,0.23457226,-1.6951511,22.25793,99.58777,-8.33565,WAL
1802777310000,15.259922,-2.22314945584072,-12.7984705493431,-0.819577292402485,3.118467,0.28710666,-1.8289305,21.982386,98.76382,-7.7794647,WAL
1802782314000,15.264926,-2.9053161228671,-12.8477942800398,-0.767000713638626,3.179248,0.32345316,-1.920255,21.770714,98.027336,-7.3083386,WAL
1802787327000,15.269939,-3.54096916407168,-12.919484422001,-0.752662635340966,3.1645875,0.3585779,-1.956296,21.577536,97.30525,-6.8223467,WAL
1802792313000,15.274925,-4.13002165506958,-13.070361306163,-0.918516670775348,3.0992248,0.39278635,-1.9569068,21.449512,96.71275,-6.4345064,WAL
1802797303000,15.279915,-4.6910124019218,-13.2739465035501,-1.20353618331913,3.007595,0.41263947,-1.9285016,21.33147,96.18041,-6.0528064,WAL
1802802304000,15.284916,-5.28558554757785,-13.4048618633218,-1.55172441903114,2.9049697,0.4636467,-1.8683313,21.2903,95.80897,-5.7752485,WAL
1802807317000,15.289929,-5.91586265021372,-13.4586064679422,-1.96702315420313,2.7766879,0.54153204,-1.7690657,21.26446,95.523796,-5.5235143,WAL
1802812306000,15.294918,-6.52921540628571,-13.588766386,-2.24995859945714,2.6713138,0.5858198,-1.6630806,21.294094,84.59746,-5.384137,WAL
1802817293000,15.299905,-7.12962075923809,-13.7889013453333,-2.41370550958095,2.581211,0.57604593,-1.5635096,21.329054,84.65056,-5.2735014,WAL
1802822315000,15.304927,-7.65009078110883,-13.9117647655031,-2.515364935154,2.437047,0.46028697,-1.4792101,21.40644,84.56957,-5.2809315,WAL
1802827308000,15.30992,-8.05265678870637,-13.9264930902464,-2.53009295232033,2.3005185,0.25045475,-1.4217888,21.450592,84.45881,-5.305242,WAL
1802832310000,15.314922,-8.27917334700344,-13.8129713183958,-2.6940824016386,2.1847596,0.042455133,-1.3759739,21.515808,84.24561,-5.434695,WAL
1802837328000,15.31994,-8.30962705567626,-13.556287853069,-3.02472585369364,2.0335703,-0.03970624,-1.430341,21.554129,84.06392,-5.5417137,WAL
1802842304000,15.324916,-8.19456500598185,-13.1626311343116,-3.28125614562563,1.8252654,0.0143553335,-1.5234979,21.615402,83.85192,-5.691414,WAL
1802847301000,15.329913,-7.6745739505545,-12.3799627849221,-3.34022432810575,1.575116,0.18173242,-1.6022996,21.682821,83.68248,-5.8186145,WAL
1802852332000,15.334944,-6.86441737730647,-11.597888466596,-2.91301478048781,1.3271047,0.2321288,-1.6383406,21.762756,83.55403,-5.929035,WAL
1802857320000,15.339932,-5.75457867367203,-10.8288305192326,-1.96896112638581,1.2140946,0.23243423,-1.6175711,21.871773,83.45228,-6.026507,WAL
1802862291000,15.344903,-4.57990125765153,-10.123809380076,-1.48465019537908,1.1725558,0.0842994,-1.5106697,21.941437,83.40206,-6.0791826,WAL
1802867370000,15.349982,-3.27607247829566,-9.4962196310262,-1.67925158761752,1.1114693,0.07269296,-1.3878858,22.046654,83.35858,-6.1419806,WAL
1802872327000,15.354939,-2.20853315211945,-9.08527111363864,-1.58881616484016,1.1404854,0.30451632,-1.2363913,22.122038,83.37281,-6.086462,WAL
1802877403000,15.360015,-1.41449216785249,-8.95861476570798,-1.08706018261349,1.2983941,0.5448918,-1.112691,22.194674,83.35082,-6.0614686,WAL
1802882324000,15.364936,-0.834165011425234,-8.88372779547088,-0.873659865992092,1.4428637,0.67347896,-1.0867293,22.248384,83.47086,-5.872164,WAL
1802887435000,15.370047,-0.50427378489486,-8.87493051887132,-1.04520333336628,1.5238034,0.82711154,-1.0699304,22.374731,83.541245,-5.7251697,WAL
1802892396000,15.375008,-0.229831760754195,-8.93311806538661,-1.12211820671164,1.63437,1.0595458,-1.074512,22.529686,83.65002,-5.462076,WAL
1802897287000,15.379899,-0.136653790156547,-9.24911296081993,-0.850686700475696,1.7702875,1.2449434,-1.1081096,22.710682,83.7234,-5.204916,WAL
1802902226000,15.384838,-0.0425613761754022,-9.56820901245459,-0.576591380643487,1.8399261,1.284955,-1.1636983,22.91104,83.81116,-4.8934703,WAL
1802907229000,15.389841,0.205594543037757,-9.9572284895881,-0.11920276726087,1.8228219,1.2052372,-1.2082914,23.123457,83.86613,-4.5859,WAL
1802912226000,15.394838,0.46077827045989,-10.3086443558695,0.299304721534231,1.7088956,1.1029172,-1.2119566,23.33365,83.901215,-4.2838664,WAL
1802917241000,15.399853,0.560968771220842,-10.2562719395505,0.142187791186232,1.5540411,1.0497719,-1.178359,23.536358,83.897804,-3.965099,WAL
1802922289000,15.404901,0.661818551448417,-10.2035548991561,-0.0159630092916746,1.461495,1.0485502,-1.1362094,23.726452,83.84794,-3.6058352,WAL
1802927229000,15.409841,0.760510689785227,-10.1519657193723,-0.170730234798976,1.4184291,1.1050552,-1.099252,23.910488,83.78134,-3.2658868,WAL
1802932213000,15.414825,0.860081867410867,-10.0999170408212,-0.32687595381282,1.4071281,1.217149,-1.0555751,24.131617,83.67308,-2.9449804,WAL
1802937251000,15.419863,0.554015595465459,-9.66909954589108,-1.01706251186729,1.4019357,1.359786,-0.9960158,24.369307,83.54232,-2.6523147,WAL
1802942310000,15.424922,0.192038390067826,-9.19589733931983,-1.76865815513947,1.4074335,1.5974126,-0.93615097,24.657764,83.38793,-2.3886573,WAL
1802947227000,15.429839,-0.190324867195262,-8.83602629919756,-2.3759409111196,1.4251486,1.7263051,-0.87995136,24.959953,83.233406,-2.112527,WAL
1802952607000,15.435219,-0.604757869247271,-8.44445247671571,-3.0306569580636,1.4309518,2.005165,-0.83291477,25.446749,83.08442,-1.9122292,WAL
1802957289000,15.439901,-0.872895747037494,-8.15503359121025,-3.37114950834362,1.425454,2.0803015,-0.8188649,25.90503,82.926765,-1.7250351,WAL
1802962268000,15.44488,-1.15804279819459,-7.84725558374941,-3.73324100937826,1.4165965,2.2146919,-0.79320854,26.514881,82.79239,-1.6417732,WAL
1802967267000,15.449879,-1.40274689831874,-7.54598371856347,-3.91856487385595,1.3994923,2.3051,-0.77488256,27.127722,82.665085,-1.5690898,WAL
1802972242000,15.454854,-1.63973759594111,-7.24737552765619,-4.07497863629129,1.3726143,2.377793,-0.75228053,27.76689,82.54584,-1.5163413,WAL
1802977285000,15.459897,-1.83505009180426,-7.00185285049731,-4.11519189455938,1.3497068,2.4465153,-0.74067414,28.472128,82.447174,-1.5302374,WAL
1802982238000,15.46485,-2.01904877055898,-6.7706749008156,-4.13406359307738,1.3240504,2.4966063,-0.7452556,29.187513,82.36327,-1.5546553,WAL
1802987295000,15.469907,-2.21905812706924,-6.67595466446478,-4.0604468514425,1.2767084,2.5305092,-0.7516697,29.946693,82.2901,-1.6383537,WAL
1802992226000,15.474838,-2.41636969818941,-6.61018399359331,-3.97118697061281,1.2363913,2.5833492,-0.7779369,30.72174,82.23063,-1.7242855,WAL
1802997284000,15.479896,-2.50843009261888,-6.16556711192335,-3.25981857941803,1.2217305,2.6062565,-0.77579886,31.518026,82.16185,-1.8637707,WAL
1803002418000,15.48503,-2.5782205189851,-5.63341548663946,-2.40488633466998,1.1609493,2.5760188,-0.77824235,32.31075,82.12517,-2.0008168,WAL
1803007312000,15.489924,-2.56771188547566,-5.30564062037075,-1.75785023315339,1.0439687,2.5399778,-0.79381937,33.129135,82.08155,-2.1857843,WAL
1803012302000,15.494914,-2.50443552924221,-5.09390807932369,-1.21269993759931,0.9398162,2.5024095,-0.7840455,33.933113,82.054115,-2.3813221,WAL
1803017294000,15.499906,-2.44113381174374,-4.88209067553473,-0.667331144932777,0.84513205,2.4431555,-0.77488256,34.724976,81.932465,-2.5838308,WAL
1803022317000,15.504929,-2.3774389946374,-4.66895789924628,-0.118575647023325,0.75136423,2.3499987,-0.7583892,35.488865,81.84465,-2.7926,WAL
1803027312000,15.509924,-2.34617620328407,-4.47376830049261,0.39422161502463,0.64599,2.2470677,-0.7339546,36.261635,81.77012,-2.9960544,WAL
1803032297000,15.514909,-2.33147771795977,-4.28758898706896,0.889067508728448,0.5390886,2.1337523,-0.6994407,36.99762,81.723434,-3.2062576,WAL
1803037338000,15.51995,-2.36709697490531,-4.23627667551714,1.22064895972613,0.41141775,2.0182989,-0.6612616,37.697388,81.59571,-3.355787,WAL
1803042380000,15.524992,-2.42336921064388,-4.24096592648344,1.48325269386229,0.2764165,1.8955148,-0.623388,38.353725,81.500374,-3.5133827,WAL
1803047342000,15.529954,-2.4755050788508,-4.23037309859971,1.6374351211492,0.1337795,1.7705929,-0.58551437,38.986416,81.38965,-3.63807,WAL
1803052390000,15.535002,-2.52686003301787,-4.21169856981169,1.74014512698213,-0.0106901415,1.7107282,-0.5558874,39.596222,81.3132,-3.7715614,WAL
1803057368000,15.53998,-2.52973551877279,-4.15113333313887,1.78718442707574,-0.07696902,1.597718,-0.53969944,40.163376,81.216705,-3.9010756,WAL
1803062346000,15.544958,-2.4999365957183,-4.06173635653714,1.79711740142723,-0.21868975,1.488984,-0.5158757,40.70868,81.172165,-4.040344,WAL
1803067316000,15.549928,-2.43681095286505,-3.9911848183363,1.71913807136929,-0.35277468,1.3686435,-0.4822781,41.227158,81.120926,-4.182901,WAL
1803072352000,15.554964,-2.35581021139103,-3.92924311290259,1.59525456099585,-0.47525316,1.2498302,-0.44532076,41.709957,81.0974,-4.329596,WAL
1803077345000,15.559957,-2.27823558707625,-3.91039522580773,1.47499202287504,-0.5879578,1.1410962,-0.41172317,42.153805,81.09856,-4.4747458,WAL
1803082321000,15.564933,-2.20243615285814,-3.91513269044637,1.3565553574411,-0.68233645,1.0323622,-0.38026363,42.558926,81.11704,-4.625142,WAL
1803087361000,15.569973,-2.12591950722832,-3.94392272925937,1.22199319955503,-0.7654142,0.91446525,-0.3454443,42.942753,81.15922,-4.763758,WAL
1803092336000,15.574948,-2.05053986963315,-3.98632362167507,1.08065641595966,-0.8390234,0.79290307,-0.31581733,43.2906,81.21311,-4.904988,WAL
1803097339000,15.579951,-1.95109426100623,-4.0587947023862,0.941183949947293,-0.904386,0.6765333,-0.28496864,43.602196,81.28873,-5.042442,WAL
1803102400000,15.585012,-1.83497493890752,-4.15169041226641,0.801840724628654,-0.9761627,0.5720753,-0.25595254,43.879257,81.37191,-5.1827545,WAL
1803107343000,15.589955,-1.75344158591592,-4.26045581711007,0.717163563525589,-1.0390818,0.48563787,-0.22296582,44.152622,81.46429,-5.309743,WAL
1803112342000,15.594954,-1.69996685448822,-4.38685046610479,0.678272886677498,-1.0848967,0.39614612,-0.1957823,44.39295,81.557526,-5.4381247,WAL
1803117343000,15.599955,-1.68643188946322,-4.4856010304672,0.681781078926441,-1.1462886,0.32406402,-0.16920967,44.639065,81.66532,-5.5465283,WAL
1803122351000,15.604963,-1.70550171626243,-4.5618802878827,0.719920732524851,-1.1939361,0.267559,-0.13225232,44.861794,81.76519,-5.661486,WAL
1803127341000,15.609953,-1.73698920709814,-4.70374877673926,0.764703063768627,-1.2501358,0.23915374,-0.08582657,45.096146,81.870316,-5.760243,WAL
1803132325000,15.614937,-1.77907616683714,-4.90155745674985,0.815207406666079,-1.2837334,0.24495697,-0.03268129,45.321808,81.96356,-5.8690104,WAL
1803137390000,15.620002,-1.82908456367881,-5.1055432372348,0.885023913227084,-1.3356569,0.26511553,0.028405234,45.547726,82.05287,-5.9827156,WAL
1803142350000,15.624962,-1.89659176985078,-5.31288694650289,1.0007505667648,-1.3845261,0.30390546,0.093462385,45.778225,82.12565,-6.111054,WAL
1803147289000,15.629901,-1.9549024208589,-5.64526333680982,1.1646102404908,-1.4471397,0.3359759,0.19761491,46.01707,82.18516,-6.2527537,WAL
1803152417000,15.635029,-1.99316112601032,-6.30522645010225,1.45633306701724,-1.50731,0.40378192,0.2938262,46.274998,82.22685,-6.4096255,WAL
1803157326000,15.639938,-1.99201068476462,-6.99272622780185,1.79262468621233,-1.5271631,0.42180246,0.32467487,46.528576,82.24563,-6.5694427,WAL
1803162346000,15.644958,-1.87364463178058,-7.86863549449478,2.31343539844396,-1.5787812,0.41813725,0.42149702,46.790485,82.225586,-6.77213,WAL
1803167307000,15.649919,-1.69605434206198,-8.76667241028984,2.88426018186742,-1.5674802,0.44501534,0.52503866,47.05771,82.17341,-6.9584007,WAL
1803172349000,15.654961,-1.28442740382108,-9.80300340136396,3.67845816172901,-1.475545,0.49877146,0.5907067,47.327793,82.09498,-7.1563582,WAL
1803177345000,15.659957,-0.792446293930608,-10.9377795062337,4.48887173799169,-1.3289373,0.5342017,0.66889745,47.563946,81.99731,-7.3116508,WAL
1803182339000,15.664951,-0.00666126862858801,-12.4492601580168,5.38096887312264,-1.0974194,0.5766568,0.7131852,47.81217,81.873,-7.4723725,WAL
1803187381000,15.669993,0.813485398955639,-13.9555628453579,6.2921531259749,-0.8060367,0.6444628,0.6374379,47.99884,81.79026,-7.497885,WAL
1803192285000,15.674897,1.7494487335537,-15.3190087574016,7.23261604620101,-0.45814893,0.5726862,0.52534413,48.151546,81.67352,-7.524452,WAL
1803197449000,15.680061,2.71383152586433,-16.6894650186433,8.13811784350109,-0.12614368,0.48624873,0.35613444,48.221775,81.65205,-7.3177733,WAL
1803202344000,15.684956,3.40726365256018,-17.3090404856017,8.11349909973742,0.14172074,0.50579643,0.09743301,48.30522,81.60926,-7.072923,WAL
1803207540000,15.690152,4.14333583444201,-17.9667144644201,8.08736651698031,0.34025195,0.7031059,-0.11056661,48.30369,81.57115,-6.637102,WAL
1803212324000,15.694936,4.87582075510204,-18.3663956375025,7.77866509361487,0.4886922,0.9633345,-0.37293324,48.345867,81.48494,-6.1552606,WAL
1803217346000,15.699958,5.65812536734694,-18.7356836229541,7.38508327195393,0.5705481,1.0668762,-0.6414085,48.41526,81.34082,-5.6519003,WAL
1803222300000,15.704912,5.85160611611855,-18.2392840366423,7.19934799449858,0.61208695,0.97066486,-0.7715228,48.47734,81.205765,-5.0456395,WAL
1803227269000,15.709881,5.8999081047503,-17.5244132935445,7.06410232545676,0.6407976,0.8268061,-0.7831292,48.566784,81.00273,-4.4454174,WAL
1803232340000,15.714952,5.16947678195489,-15.9055450498568,6.8221058429019,0.6417139,0.68386364,-0.7357872,48.63319,80.81569,-3.7811995,WAL
1803238218000,15.72083,4.12142496240601,-13.7993643131937,6.51474447578768,0.58459806,0.5879578,-0.6618725,48.673157,80.57199,-3.1615343,WAL
1803242289000,15.724901,3.15723811086258,-11.8907291666482,6.16330026529731,0.4972443,0.56505036,-0.58551437,48.690353,80.29267,-2.5763,WAL
1803247291000,15.729903,1.85768311856937,-9.32874918702248,5.66469557706788,0.34697145,0.56321776,-0.49968776,48.68156,80.00534,-2.04215,WAL
1803252360000,15.734972,0.907496532340991,-7.35008727359028,5.12569543117524,0.25870144,0.5714644,-0.45081854,48.690735,79.68182,-1.6480529,WAL
1803257338000,15.73995,0.0747743720467058,-5.57602712322005,4.58714142320106,0.06505715,0.5885687,-0.3313944,48.69017,79.41424,-1.3114184,WAL
1803262340000,15.744952,-0.645194324750943,-4.38002932675134,3.96773062224648,-0.12950343,0.57971114,-0.1704314,48.72179,79.17419,-1.1288267,WAL
1803267360000,15.749972,-1.31304304546934,-3.45458176671959,3.30942257640405,-0.31764993,0.54458636,0.028405234,48.74041,78.981865,-0.99282956,WAL
1803272325000,15.754937,-2.03732216659334,-3.14441688614139,2.7089752630537,-0.49174652,0.4437936,0.24495697,48.776493,78.86108,-1.0073699,WAL
1803277307000,15.759919,-2.79586158051195,-3.13487551675832,2.1317219670433,-0.6740898,0.28771752,0.4636467,48.775585,78.788315,-1.0732442,WAL
1803282332000,15.764944,-3.50429994755182,-3.6796965536898,1.58081177893261,-0.91813046,0.07238753,0.6740898,48.767433,78.83051,-1.2790743,WAL
1803287333000,15.769945,-4.18047886311205,-4.50453896991088,1.04850067193351,-1.1945469,-0.16707164,0.8539896,48.697666,78.91843,-1.5283318,WAL
1803292281000,15.774893,-4.82788344901005,-7.17955029322455,0.495887252154014,-1.4669929,-0.46700647,0.9825767,48.59779,79.124245,-1.91412,WAL
1803297343000,15.779955,-5.47901297622127,-10.8789301498159,-0.0828945050442742,-1.6945401,-0.8173377,1.1129965,48.406624,79.36186,-2.3376863,WAL
1803302333000,15.784945,-6.37109560691271,-13.3133264070494,-0.572695308709236,-1.8298469,-1.1921035,1.25319,48.122948697516,79.670628744992,-2.89142636009615,WAL
1803307327000,15.789939,-7.39374949033392,-15.1204817627417,-1.02098189912127,-1.8506162,-1.5833627,1.396438,47.839046,79.979645,-3.4456103,WAL
1803312339000,15.794951,-8.11175998613781,-16.400873993676,-1.42763031869878,-1.7418822,-1.8695531,1.529912,47.523697,80.33987,-4.088176,WAL
1803317342000,15.799954,-8.63049560831731,-17.3365375037944,-1.80577414878073,-1.5180001,-1.890628,1.5864171,47.180256,80.57841,-4.728294,WAL
1803322303000,15.804915,-8.14601704218486,-17.9681634150831,-1.38621778660929,-1.1685852,-1.6615535,1.577254,46.889423,80.68623,-5.4862666,WAL
1803327339000,15.809951,-7.06157699761218,-18.4336088632972,-0.48891547698438,-0.7287622,-1.1847731,1.409877,46.672832,80.63935,-6.194851,WAL
1803332309000,15.814921,-5.6477697924587,-18.3061632225462,0.829033166798834,-0.24373524,-0.6743952,1.1285735,46.574417,80.47215,-6.8950047,WAL
1803337481000,15.820093,-3.95821983607386,-17.8007422137998,2.47526111923032,0.20189096,-0.50915617,0.86529064,46.518875,80.20471,-7.5269456,WAL
1803342405000,15.825017,-2.64284661672052,-16.76043623021,3.41846353953958,0.47067168,-0.6038403,0.6450737,46.502968,79.96356,-7.9119062,WAL
1803347346000,15.829958,-1.52962704404281,-15.322328845517,3.92490671030897,0.51923543,-0.67164636,0.43768495,46.549923,79.74112,-8.216263,WAL
1803352346000,15.834958,-0.741041832452397,-13.7481894248095,3.89366320609627,0.47494772,-0.77518797,0.34666604,46.4669,79.55433,-8.263614,WAL
1803357342000,15.839954,-0.19183360347738,-12.0913347216167,3.47829570826662,0.3268129,-0.88697636,0.1872302,46.369747,79.44454,-8.228788,WAL
1803362343000,15.844955,0.155573930998993,-10.4474692860954,2.83605572101289,0.11148291,-0.9795224,0.086132,46.189865,79.38808,-8.075791,WAL
1803367347000,15.849959,0.30997534674849,-8.81660386664317,1.97719786901933,-0.12095132,-1.0784826,0.050396383,45.977528,79.37845,-7.8950076,WAL
1803372342000,15.854954,0.217441425951047,-7.35480106518235,0.937738173095449,-0.3463606,-1.2116512,0.065973446,45.720894,79.446365,-7.673229,WAL
1803377348000,15.85996,-0.0983041777233854,-6.03997986461221,-0.268692818254202,-0.59620446,-1.387275,0.122478485,45.422657,79.55744,-7.4511476,WAL
1803382328000,15.86494,-0.55356626749105,-4.95913453949881,-1.37581739850835,-0.8732319,-1.525636,0.21502456,45.12983,79.7457,-7.2595735,WAL
1803387461000,15.870073,-1.17439303650358,-4.08899936420048,-2.41704655059666,-1.1319333,-1.5176947,0.3359759,44.827724,79.9578,-7.0938644,WAL
1803392333000,15.874945,-1.71860457979677,-3.42641890257023,-3.19204179199044,-1.3096951,-1.4688255,0.46028697,44.537937,80.21473,-7.0475545,WAL
1803397339000,15.879951,-2.22963663895198,-2.92016284070532,-3.7603858684997,-1.4651603,-1.5180001,0.5494733,44.22762,80.4883,-7.024828,WAL
1803402348000,15.88496,-2.62093640508673,-2.47841544864549,-4.18857714456246,-1.6447546,-1.6267341,0.61453044,44.01536,80.77632,-7.1175013,WAL
1803407358000,15.88997,-2.87808795877997,-2.10905229545897,-4.45975508716624,-1.8203784,-1.8044959,0.66737026,43.78075,81.03823,-7.2322173,WAL
1803412298000,15.89491,-3.10336583881963,-1.87050938706012,-4.7306748052584,-1.9730947,-2.021964,0.7318166,43.45377,81.21001,-7.505066,WAL
1803417350000,15.899962,-3.29308022309471,-1.80727125896843,-5.01281437650312,-2.0677788,-2.2644775,0.77304995,43.079014,81.31869,-7.7867246,WAL
1803422288000,15.9049,-3.4257102681109,-1.79765308894962,-5.34709605112789,-2.133447,-2.4587326,0.8378017,42.65726,81.29962,-8.156463,WAL
1803427350000,15.909962,-3.48833681097088,-1.86027968211269,-5.77102962232932,-2.1252003,-2.575408,0.9126327,42.197655,81.17045,-8.545277,WAL
1803432260000,15.914872,-3.51864369569882,-2.09107280562762,-6.09105633704282,-2.0344868,-2.5537221,1.0134255,41.74601,80.89563,-8.998962,WAL
1803437414000,15.920026,-3.5042014366917,-2.59173818668682,-6.28843407787964,-1.8643607,-2.4425447,1.1151345,41.298195,80.50251,-9.480298,WAL
1803442245000,15.924857,-3.41367892491394,-3.18196401069145,-6.49037630031474,-1.6206255,-2.3570235,1.2055426,40.892963,100.00851,-10.00541,WAL
1803447352000,15.929964,-3.17315193339235,-4.03342935171634,-6.73571387787941,-1.3603969,-2.0983222,1.2999213,40.585033,100.61364,-10.564059,WAL
1803452263000,15.934875,-2.98695192006254,-4.97393760316623,-6.80161335502785,-1.207986,-1.743104,1.3573426,40.37926,101.2569,-11.115556,WAL
1803457355000,15.939967,-2.89164249838757,-6.21296093087071,-6.50138837818821,-0.8900307,-1.3888022,1.4563028,40.26642,101.948105,-11.700776,WAL
1803462273000,15.944885,-2.8302388594815,-7.52945573783863,-6.18907478450335,-0.6392705,-1.0482447,1.5415184,40.373478,102.554,-12.188556,WAL
1803467339000,15.949951,-2.84908192985727,-9.2064861974949,-5.80750331034081,-0.46028697,-0.63163465,1.5980235,40.623363,103.168945,-12.683519,WAL
1803472291000,15.954903,-2.8232358656648,-10.8486686658176,-5.42201908945492,-0.36713,-0.15454891,1.6013832,40.998573,103.68625,-13.102427,WAL
1803477344000,15.959956,-2.63588164290372,-12.534855538054,-4.98321605463067,-0.3717115,0.32406402,1.5555683,41.50414,104.19826,-13.509999,WAL
1803482308000,15.96492,-2.33690422771108,-13.9868799464233,-4.55506918547475,-0.47494772,0.72295904,1.4908166,42.061543,104.631836,-13.849331,WAL
1803487355000,15.969967,-1.69909882892152,-14.8692576873698,-4.12826704413136,-0.57910025,1.0531317,1.4337007,42.73847,105.05638,-14.165789,WAL
1803492314000,15.974926,-1.02893154505711,-15.5365964409216,-3.71082976825522,-0.70096785,1.2968669,1.3417655,43.397762,105.3791,-14.379527,WAL
1803497339000,15.979951,-0.213922262859394,-15.5887191885585,-3.29384818298543,-0.8558222,1.4978416,1.2211196,44.13566,105.69593,-14.560895,WAL
1803502347000,15.984959,0.520668106551966,-15.4924352116635,-2.82667054320296,-1.07665,1.616044,1.0198395,44.754646,105.9143,-14.628532,WAL
1803507317000,15.989929,0.972972757847354,-14.8687307863359,-2.17916082708813,-1.3038919,1.6194037,0.77824235,45.38927,106.115425,-14.649502,WAL
1803512314000,15.994926,1.36594009835777,-14.1999742338221,-1.50446393951906,-1.5265522,1.4651603,0.53786683,45.908745,106.19584,-14.532071,WAL
1803517292000,15.999904,1.52904536322581,-13.3797876645161,-0.744859328516129,-1.7040086,1.1496484,0.32589662,46.36904,106.258865,-14.366865,WAL
1803522320000,16.004932,1.64976259356146,-12.5889363289509,-0.0281103692201711,-1.8353447,0.70249504,0.12614368,46.673283,106.228,-14.117025,WAL
1803527306000,16.009918,1.55086581112112,-11.9912556863575,0.431974781016659,-1.9019289,0.19608775,-0.064446285,46.856056,106.17922,-13.834667,WAL
1803532304000,16.014916,1.45173100995047,-11.3921365825304,0.893167236067537,-1.8988746,-0.31764993,-0.24862215,46.82002,106.06503,-13.541561,WAL
1803537323000,16.019935,1.13374776740362,-10.9449848975669,1.11585177788024,-1.831374,-0.7675522,-0.4098906,46.646282,105.92225,-13.22974,WAL
1803542301000,16.024913,0.762383111836898,-10.5462180309814,1.28809877789326,-1.7201965,-0.97585726,-0.5421429,46.3866,105.74577,-12.895278,WAL
1803547300000,16.029912,0.130819224017589,-10.3596193397961,1.25460672689386,-1.5992452,-1.3878858,-0.6151413,45.901108,105.5255,-12.613378,WAL
1803552325000,16.034937,-0.507855994431207,-10.1697441700615,1.18552921199078,-1.5265522,-1.7095064,-0.70005155,45.343563,105.30865,-12.35927,WAL
1803557310000,16.039922,-1.16378171010184,-9.96792111904304,0.910315638393543,-1.3762794,-1.8887954,-0.73884153,44.711525,105.052216,-12.110171,WAL
1803562366000,16.044978,-1.82037737951272,-9.74945880203196,0.624819137908858,-1.2366967,-1.9251418,-0.7489208,44.03089,104.855255,-11.940245,WAL
1803567298000,16.04991,-2.35150187140462,-9.36276285608601,0.266077114125074,-1.1096367,-1.861001,-0.7284568,43.33594,104.62957,-11.767076,WAL
1803572512000,16.055124,-2.89171655648391,-8.95374524558224,-0.101968040547349,-1.0015136,-1.7192802,-0.65148777,42.68628,104.50703,-11.699002,WAL
1803577306000,16.059918,-3.13302605455369,-8.57513871545084,-0.30583296222927,-0.91538155,-1.557401,-0.5338962,42.074097,104.37656,-11.63818,WAL
1803582300000,16.064912,-3.38440269897599,-8.18073716946081,-0.518202886901677,-0.86559606,-1.3903292,-0.3680463,41.55896,104.37276,-11.68377,WAL
1803587335000,16.069947,-3.48721832365206,-7.82214212040859,-0.714841664506108,-0.84116143,-1.2544118,-0.17592919,41.09802,104.38753,-11.757737,WAL
1803592294000,16.074906,-3.55723516322662,-7.47705953567818,-0.904887218986942,-0.84482664,-1.1184943,0.025961773,40.70223,104.43542,-11.867467,WAL
1803597303000,16.079915,-3.51470126535178,-7.42029233578648,-1.21965440173683,-0.84482664,-0.9434814,0.19456059,40.392384,104.586815,-12.064838,WAL
1803602298000,16.08491,-3.4630676400942,-7.38743463664017,-1.54353765674124,-0.84665924,-0.74220127,0.30909783,40.14538,104.76812,-12.288932,WAL
1803607311000,16.089923,-3.18363656511367,-7.38806079702314,-1.74519607661331,-0.82344633,-0.5720753,0.40469822,39.981525,105.01025,-12.560678,WAL
1803612293000,16.094905,-2.87720029195637,-7.39292496401264,-1.93003071453767,-0.7996226,-0.46731192,0.49113566,39.869743,105.271866,-12.848701,WAL
1803617319000,16.099931,-2.43109496665017,-7.49458929888174,-1.90445489044038,-0.75655663,-0.4392121,0.5525276,39.78594,105.584496,-13.161794,WAL
1803622256000,16.104868,-1.98191664210787,-7.60220495491341,-1.86234440571994,-0.7119634,-0.47678033,0.5849035,39.724194,105.90041,-13.48174,WAL
1803627307000,16.109919,-1.57309809491223,-7.82438806057721,-1.76324367227016,-0.66767573,-0.56779927,0.5900958,39.649345,106.20487,-13.779712,WAL
1803632273000,16.114885,-1.17689580999702,-8.05550598623426,-1.65947638606566,-0.6227771,-0.6924158,0.5635232,39.56141,106.495895,-14.0734415,WAL
1803637329000,16.119941,-0.863812474493927,-8.29836124696356,-1.60494870809717,-0.5815437,-0.80848014,0.52015173,39.41813,106.72071,-14.298418,WAL
1803642247000,16.124859,-0.570811564214476,-8.535552399921,-1.55844065793424,-0.58276546,-0.8698721,0.4990769,39.259975,106.93793,-14.518956,WAL
1803647324000,16.129936,-0.403293156598316,-8.70290206399208,-1.62138706066369,-0.5882632,-0.9401216,0.4529566,39.020744,107.07078,-14.659435,WAL
1803652274000,16.134886,-0.262415901620604,-8.85317121703814,-1.70121749305597,-0.6044512,-0.9615019,0.40683624,38.78111,107.194534,-14.78914,WAL
1803657352000,16.139964,-0.284614850169798,-8.91467735054757,-1.87859273316588,-0.65087694,-0.95569867,0.3680463,38.49634,107.265076,-14.857106,WAL
1803662243000,16.144855,-0.336382328343213,-8.95703243755652,-2.06683819768914,-0.7089091,-0.9101892,0.34238997,38.218746,107.32655,-14.910635,WAL
1803667340000,16.149952,-0.707488040919336,-8.8171716123962,-2.24811568122776,-0.7861836,-0.8481864,0.33108896,37.936623,107.377106,-14.932999,WAL
1803672249000,16.154861,-1.12110179504547,-8.64986720502175,-2.42006738202847,-0.8729264,-0.7761043,0.3359759,37.67298,107.43094,-14.947199,WAL
1803677344000,16.159956,-1.38256772305425,-8.46128155336085,-2.32538723112225,-0.9560041,-0.6597345,0.35827246,37.454224,107.524704,-14.966217,WAL
1803682306000,16.164918,-1.60204932954009,-8.27448829215802,-2.17595296349253,-1.0577132,-0.5589417,0.3839288,37.254475,107.632454,-14.982872,WAL
1803687359000,16.169971,-1.79120450576497,-8.16989398367265,-2.00899443660552,-1.144456,-0.5039638,0.41996986,37.12158,107.83604,-15.07018,WAL
1803692266000,16.174878,-1.9664469672949,-8.08937754192703,-1.84322453254384,-1.2287555,-0.49602258,0.46609017,37.00834,108.05899,-15.162816,WAL
1803697327000,16.179939,-2.05991873693256,-8.10607883299085,-1.66774911264711,-1.2880094,-0.5109888,0.5198463,36.902138,108.32195,-15.305092,WAL
1803702329000,16.184941,-2.13150956992341,-8.14634853054362,-1.49324654483467,-1.3115277,-0.5143485,0.5751296,36.807556,108.59738,-15.45633,WAL
1803707310000,16.189922,-2.18206257134366,-8.24810258416472,-1.30352619348334,-1.3222178,-0.52198434,0.6209445,36.692566,108.89775,-15.651177,WAL
1803712285000,16.194897,-2.22251647072808,-8.37957839078752,-1.10631332838039,-1.3048081,-0.5510005,0.6627888,36.57871,109.20062,-15.856097,WAL
1803717299000,16.199911,-2.24160627807177,-8.51053978071765,-0.971133012062341,-1.2733486,-0.5858198,0.6945538,36.439613,109.49861,-16.074657,WAL
1803722320000,16.204932,-2.25467762080464,-8.64125320804639,-0.853490818274737,-1.2302825,-0.63071835,0.7440339,36.298622,109.796486,-16.305273,WAL
1803727309000,16.209921,-2.26800734658773,-8.81132850007104,-0.716447642934407,-1.1869112,-0.6963864,0.7678576,36.10978,110.06926,-16.536177,WAL
1803732304000,16.214916,-2.28160034665877,-9.0106929900071,-0.564658773893441,-1.1472049,-0.7528914,0.7870999,35.919662,110.33689,-16.77373,WAL
1803737283000,16.219895,-2.29514980558844,-9.2094188749704,-0.413356115443997,-1.0998629,-0.81581056,0.7959574,35.678066,110.581,-17.012798,WAL
1803742309000,16.224921,-2.30882716662089,-9.4100206620412,-0.260625213381956,-1.0586295,-0.84299403,0.8032878,35.438633,110.8149,-17.249054,WAL
1803747263000,16.229875,-2.31427389002991,-9.64452268444666,-0.118077353575274,-1.0308352,-0.90316427,0.7959574,35.158806,111.04584,-17.489077,WAL
1803752311000,16.234923,-2.30463407220339,-9.95299675423729,0.0120602796881356,-0.98654735,-0.9639453,0.77824235,34.87806,111.25812,-17.720575,WAL
1803757249000,16.239861,-2.28183164653308,-10.279702328891,0.106332898696738,-0.9254609,-1.0021244,0.7620544,34.523117,111.41126,-17.928032,WAL
1803762314000,16.244926,-2.23210462831314,-10.6639573973905,0.137977421309972,-0.86926126,-1.0580186,0.7324274,34.151623,111.54381,-18.121603,WAL
1803767255000,16.249867,-2.15301156971712,-11.0104086834494,0.13836838537281,-0.7993172,-1.0968086,0.6954701,33.742638,111.6293,-18.284887,WAL
1803772322000,16.254934,-1.94301019862782,-11.2460199047921,0.0103187736293013,-0.7131852,-1.133155,0.65026605,33.324818,111.6896,-18.431332,WAL
1803777237000,16.259849,-1.70263093098303,-11.4252631931929,-0.144116280638385,-0.61911196,-1.146594,0.6218608,32.866287,111.706566,-18.546314,WAL
1803782299000,16.264911,-1.36696449792276,-11.4914507931539,-0.37577339687127,-0.49449542,-1.1255192,0.5882632,32.414547,111.69151,-18.638943,WAL
1803787284000,16.269896,-1.03822907602871,-11.5351411440704,-0.599897735719341,-0.3539964,-1.0680978,0.5714644,31.953411,111.63977,-18.694508,WAL
1803792316000,16.274928,-0.711794648407643,-11.5156526369427,-0.814272585987261,-0.21074851,-0.99387777,0.5546656,31.51158,111.56124,-18.731855,WAL
1803797275000,16.279887,-0.370630905681416,-11.4347581964602,-1.04326173716814,-0.090713486,-0.92057395,0.5332854,31.071737,111.44938,-18.725182,WAL
1803802325000,16.284937,0.028826472833825,-11.187475040118,-1.32383293431662,0.032375857,-0.84329945,0.5207626,30.66293,111.316574,-18.707182,WAL
1803807282000,16.289894,0.429028389676644,-10.928054088969,-1.58772901940133,0.12889257,-0.72601336,0.4896085,30.279512,111.151405,-18.640656,WAL
1803812306000,16.294918,0.860204120112712,-10.6124513661308,-1.81887479323725,0.20250183,-0.5842926,0.4428773,29.931038,110.96794,-18.557913,WAL
1803817304000,16.299916,1.27846945225889,-10.316790543202,-2.03358062723486,0.20830505,-0.43066,0.39706242,29.617733,110.77207,-18.43499,WAL
1803822321000,16.304933,1.57610020432554,-10.229553791947,-2.07463322236463,0.16249016,-0.2687807,0.3191771,29.347782,110.55533,-18.281347,WAL
1803827321000,16.309933,1.78330757816623,-10.220133201847,-2.04775637823219,0.052839845,-0.14874569,0.22327125,29.101019,110.321434,-18.072836,WAL
1803832300000,16.314912,1.65749516396532,-10.498717917075,-1.76917156916698,-0.0870483,-0.103847094,0.105374254,28.874002,110.07369,-17.832993,WAL
1803837385000,16.319997,1.49935197801532,-10.7962311117847,-1.46647368307807,-0.23304509,-0.12675454,-0.02107485,28.62327,109.79732,-17.541605,WAL
1803842315000,16.324927,1.08757569435227,-11.1979642377154,-1.01452424412891,-0.36071593,-0.16829337,-0.07086037,28.375578,109.52948,-17.240509,WAL
1803847306000,16.329918,0.68609977163734,-11.5580903414852,-0.602286831738741,-0.39706242,-0.26847526,-0.129198,28.063875,109.21547,-16.90671,WAL
1803852335000,16.334947,0.341369020921563,-11.7400312523114,-0.362890443328363,-0.4266894,-0.355829,-0.14721853,27.74277,108.92015,-16.57645,WAL
1803857307000,16.339919,0.0408503662187559,-11.9127501197143,-0.183730344187183,-0.3680463,-0.39187005,-0.1414153,27.34918,108.6272,-16.288465,WAL
1803862307000,16.344919,-0.0941356326536366,-12.056735272881,-0.242224283296373,-0.25778514,-0.36193767,-0.13805555,26.953209,108.3308,-15.999589,WAL
1803867337000,16.349949,-0.21775140903165,-12.2128333382939,-0.308019503039195,-0.12095132,-0.28496864,-0.15149458,26.554323,108.04884,-15.749604,WAL
1803872323000,16.354935,-0.182722099343953,-12.5130843850346,-0.463149325478935,0.044898596,-0.16340645,-0.16462818,26.184818,107.75373,-15.500409,WAL
1803877299000,16.359911,-0.138142244054303,-12.8180006220893,-0.592390523026231,0.20647246,-0.04184427,-0.21135938,25.843891,107.45878,-15.257575,WAL
1803882295000,16.364907,-0.0412618030971008,-13.1526788225495,-0.583583198089278,0.37140608,0.06383542,-0.28160888,25.538969,107.13783,-15.003356,WAL
1803887690000,16.370302,0.0634859831622517,-13.5163152715232,-0.564064399701987,0.52839845,0.16523905,-0.3484986,25.258606,106.79397,-14.731258,WAL
1803892313000,16.374925,0.155111762238204,-13.859911709851,-0.403719289906871,0.6976081,0.2302962,-0.44104472,25.000055,106.41103,-14.434546,WAL
1803897432000,16.380044,0.254348354496252,-14.2384034699214,-0.236075564296946,0.86926126,0.28405234,-0.5271767,24.737526,105.9789,-14.102327,WAL
1803902340000,16.384952,0.323103839071128,-14.5778837902724,-0.193103381389651,1.0216721,0.34605515,-0.61208695,24.498802,105.51669,-13.7492285,WAL
1803907249000,16.389861,0.391873332505943,-14.9174332793929,-0.150122442943865,1.1594223,0.3979787,-0.7125743,24.246233,104.98385,-13.345274,WAL
1803912304000,16.394916,0.453354823877951,-15.2497581334914,-0.194781048326977,1.3161092,0.44898596,-0.81092364,24.015919,104.42578,-12.926245,WAL
1803917301000,16.399913,0.512551147454901,-15.5753378462014,-0.253977377054943,1.4645494,0.45906523,-0.9138544,23.792013,103.843506,-12.4879875,WAL
1803922324000,16.404936,0.49493108027027,-15.640607981982,-0.263017074009009,1.6178766,0.46486846,-1.0409144,23.554615,103.20918,-12.010988,WAL
1803927301000,16.409913,0.471075347783784,-15.6835486810811,-0.267788233459459,1.7849482,0.42210788,-1.1746938,23.310852,102.55103,-11.516667,WAL
1803932297000,16.414909,0.490556577714011,-15.2779829290323,-0.23408169075975,1.9898936,0.35338554,-1.2993103,23.058851,101.85214,-10.9866905,WAL
1803937286000,16.419898,0.513560273022629,-14.8363115870968,-0.197275760010592,2.2153027,0.2996294,-1.3857478,22.804459,101.13728,-10.444326,WAL
1803942314000,16.424926,0.40083401453562,-14.2191009826495,-0.195690186184936,2.3240368,0.2098322,-1.41904,22.522589,100.43141,-9.904638,WAL
1803947238000,16.42985,0.266074532327006,-13.5838064825475,-0.200503026809553,2.5549438,0.14630222,-1.484708,22.239206,99.70005,-9.34472,WAL
1803952354000,16.434966,-0.225368459394506,-13.1602298475928,-0.29852727371271,2.8008173,0.13775012,-1.5512923,21.956415,99.000336,-8.794261,WAL
1803957248000,16.43986,-0.742186004242394,-12.786459692232,-0.404659452962489,3.0277536,0.21868975,-1.6520851,21.68828,98.31226,-8.226212,WAL
1803962307000,16.444919,-1.4149399044245,-12.6911239822468,-0.336324531107604,3.2018502,0.31520647,-1.7644843,21.45458,97.690544,-7.6783566,WAL
1803967268000,16.44988,-2.09908418494921,-12.6489508339087,-0.237920216584476,3.3151658,0.38698313,-1.8741345,21.243439,82.87913,-7.1124268,WAL
1803972315000,16.454927,-3.35666271515997,-12.776296285458,-0.450409658885677,3.3405166,0.42271876,-1.9398025,21.11004,83.28414,-6.623066,WAL
1803977273000,16.459885,-4.71017586121798,-12.937203226353,-0.724898360799362,3.2705724,0.43676865,-1.9596558,20.99502,83.598976,-6.126083,WAL
1803982304000,16.464916,-5.45476856849315,-13.0771923403434,-1.34950108853946,3.164893,0.46639562,-1.9306396,20.949146,83.710945,-5.739772,WAL
1803987338000,16.46995,-6.05936576027397,-13.2120643017557,-2.05176390208374,3.0451632,0.54825157,-1.8555032,20.923998,83.72903,-5.3718305,WAL
1803992311000,16.474923,-6.70146139536576,-13.4994536037917,-2.54883727849483,2.9202414,0.6942484,-1.7751744,21.057697,83.51078,-5.236416,WAL
1803997285000,16.479897,-7.35824456706243,-13.8369669360398,-2.9821318769054,2.7989845,0.82924956,-1.6969837,21.2089,83.25914,-5.1280093,WAL
1804002343000,16.484955,-7.9903084058277,-14.0784296252112,-2.91536119100507,2.6676486,0.9129381,-1.6417004,21.462969,82.967674,-5.1376705,WAL
1804007303000,16.489915,-8.59209443961149,-14.2639808583193,-2.59440866059966,2.4990497,0.79809546,-1.6001616,21.691734,82.69267,-5.1633625,WAL
1804012312000,16.494924,-8.88507289840697,-14.1014717334936,-2.27927035111712,2.3408356,0.4596761,-1.568091,21.948353,82.394455,-5.292538,WAL
1804017316000,16.499928,-9.08192848361888,-13.8325953475604,-1.96718218664462,2.186592,-0.023518313,-1.5406022,22.121424,82.133064,-5.416843,WAL
1804022320000,16.504932,-8.91836034325227,-13.4430525934192,-2.42587779625179,2.0418172,-0.47433686,-1.5601498,22.250738,81.828415,-5.6008196,WAL
1804027310000,16.509922,-8.64945193218884,-13.0191795776824,-3.10954406120172,1.9150625,-0.7180721,-1.6044376,22.294214,81.56565,-5.7629395,WAL
1804032304000,16.514916,-7.73926108188486,-12.3141877524365,-3.04780126933588,1.7256943,-0.5830709,-1.7052304,22.351976,81.30749,-5.9211955,WAL
1804037333000,16.519945,-6.51017509876419,-11.4673770130614,-2.6219762902542,1.4138476,-0.43493605,-1.7415768,22.338604,81.11096,-6.064308,WAL
1804042310000,16.524922,-5.33085176338081,-10.8057117226101,-2.27668230027925,1.1157454,-0.3036,-1.7153096,22.367504,81.011345,-6.162616,WAL
1804047299000,16.529911,-4.16562653327748,-10.2230988753607,-1.9653625702597,1.0155635,-0.3735441,-1.5897768,22.375263,80.92774,-6.269665,WAL
1804052379000,16.534991,-3.04899667181435,-9.82278907257384,-1.71980053265823,0.9230174,-0.38453966,-1.432479,22.377886,80.95923,-6.2238936,WAL
1804057311000,16.539923,-2.0226296271308,-9.59360038523207,-1.54043539835443,0.9074403,-0.15149458,-1.3069462,22.426487,80.97644,-6.212185,WAL
1804062305000,16.544917,-1.22129935891257,-9.32723568791078,-1.40789928713404,0.9627236,0.160963,-1.241889,22.427155,81.055275,-6.0501895,WAL
1804067299000,16.549911,-0.554527811141207,-9.04147664070902,-1.3031209200956,1.0784826,0.42210788,-1.2144,22.476757,81.10324,-5.9244466,WAL
1804072319000,16.554931,-0.186218288729383,-8.98757287232743,-0.986662659596823,1.235475,0.713796,-1.1731668,22.594704,81.168144,-5.678652,WAL
1804077308000,16.55992,0.00349550681429445,-9.07026826481368,-0.548861594520464,1.4401149,0.98899084,-1.1566733,22.779493,81.18673,-5.4492006,WAL
1804082298000,16.56491,0.232411274743232,-9.27558958078813,-0.190915152728587,1.6450601,1.1377366,-1.1774428,22.986952,81.189255,-5.1261034,WAL
1804087335000,16.569947,0.483386552788323,-9.54515570806436,0.129775456872531,1.6966782,1.1093313,-1.1969905,23.217161,81.159805,-4.819445,WAL
1804092312000,16.574924,0.791092670531915,-9.73403422340425,0.277383541768617,1.5931365,1.074512,-1.2095132,23.473932,81.07135,-4.4933214,WAL
1804097303000,16.579915,1.1406779737766,-9.87023618617021,0.309164032932181,1.432479,1.0800097,-1.1972959,23.727652,80.96583,-4.178626,WAL
1804102288000,16.5849,1.31578602581754,-9.83608448324488,0.240736293484963,1.3322971,1.0986412,-1.1734722,23.959545,80.83447,-3.824109,WAL
1804107318000,16.58993,1.30361230719232,-9.61695800561031,0.0630002456204195,1.3179418,1.1026118,-1.1475104,24.181467,80.70154,-3.4841092,WAL
1804112304000,16.594916,1.29154507835229,-9.39974834010614,-0.113181053515289,1.328021,1.0803152,-1.1090258,24.401793,80.55985,-3.0923054,WAL
1804117310000,16.599922,1.27942944506444,-9.18166739636088,-0.290069056618651,1.3448198,1.1129965,-1.0442741,24.630447,80.3957,-2.7295105,WAL
1804122315000,16.604927,1.0489490785124,-8.89021602948679,-0.817860850935619,1.3509285,1.1478158,-0.9825767,24.873743,80.19026,-2.3825698,WAL
1804127306000,16.609918,0.624664580991736,-8.53420714906642,-1.65667615583716,1.3658947,1.2925909,-0.91538155,25.148428,79.961006,-2.072756,WAL
1804132297000,16.614909,0.17315530710996,-8.24731503953176,-2.3529814964882,1.3640621,1.5241088,-0.85154617,25.483885,79.73704,-1.7880347,WAL
1804137324000,16.619936,-0.302635193724813,-8.0117294259835,-2.94425509487622,1.3750577,1.6291776,-0.8011498,25.816591,79.497116,-1.528221,WAL
1804142311000,16.624923,-0.731879827379224,-7.80164933918095,-3.41461135393552,1.3695599,1.8487836,-0.7797695,26.308443,79.32005,-1.3666337,WAL
1804147300000,16.629912,-1.11581160925549,-7.61662192088295,-3.76153769079291,1.3655893,2.0399845,-0.75136423,26.814734,79.139725,-1.2320944,WAL
1804152295000,16.634907,-1.47806138565737,-7.43540141480394,-4.04593480889075,1.3509285,2.2021692,-0.73548174,27.429424,79.01487,-1.2044294,WAL
1804157309000,16.639921,-1.81033177450199,-7.25919758479765,-4.2422764883204,1.3093897,2.362216,-0.72021013,28.092144,78.90479,-1.2008156,WAL
1804162306000,16.644918,-2.11133120961356,-7.14301810972722,-4.36137839877818,1.2757921,2.4966063,-0.7165449,28.837027,78.82139,-1.2910532,WAL
1804167306000,16.649918,-2.3834510713298,-7.08405860035045,-4.40673163802804,1.2428054,2.6203065,-0.7150178,29.620026,78.75687,-1.3989183,WAL
1804172271000,16.654883,-2.60580786500453,-6.95437262754105,-4.31542373003929,1.207986,2.7327056,-0.7296785,30.476784,78.705734,-1.5832522,WAL
1804177312000,16.659924,-2.75656621387126,-6.71121417561197,-4.00904412021759,1.1890492,2.819143,-0.7449502,31.358105,78.66641,-1.778697,WAL
1804182326000,16.664938,-2.86786390227376,-6.44286959067758,-3.62599947630741,1.1585059,2.833804,-0.76144356,32.29212,78.62453,-2.0383391,WAL
1804187328000,16.66994,-2.92450241947249,-6.1378925781628,-3.13367925269668,1.0635164,2.8069258,-0.77518797,33.23617,78.61277,-2.3014858,WAL
1804192244000,16.674856,-2.96159555659871,-5.81892333561159,-2.62383642051502,0.9456194,2.7571404,-0.7834347,34.199417,78.55397,-2.6049497,WAL
1804197305000,16.679917,-2.92519246781116,-5.41328814969957,-1.99458165553648,0.82924956,2.676506,-0.7828238,35.141838,78.52815,-2.9070349,WAL
1804202276000,16.684888,-2.86797778981482,-5.05093813415638,-1.35994595190329,0.72509706,2.5876253,-0.7724391,36.08399,78.45521,-3.204578,WAL
1804207313000,16.689925,-2.76872183925926,-4.75317017884774,-0.685005726502058,0.6209445,2.4654522,-0.75777835,36.98734,78.42125,-3.4990106,WAL
1804212239000,16.694851,-2.6852154039268,-4.53303334710255,-0.0639031817117804,0.5045747,2.3283129,-0.7113526,37.861195,78.33487,-3.7825751,WAL
1804217303000,16.699915,-2.62050354605414,-4.41747650630957,0.513881678661838,0.38728857,2.1838431,-0.66339964,38.689934,78.28322,-4.064282,WAL
1804222248000,16.70486,-2.57339320982659,-4.27048094104046,1.04127016289017,0.26633725,2.0289888,-0.6096435,39.465622,78.20112,-4.2891254,WAL
1804227303000,16.709915,-2.56390732180856,-4.03807891321642,1.49184545584599,0.112704635,1.8564194,-0.56382865,40.187195,78.15944,-4.517446,WAL
1804232327000,16.714939,-2.5534133443815,-3.84387219808692,1.8890767463503,-0.0070249503,1.6978999,-0.5018258,40.83627,78.086716,-4.7132726,WAL
1804237329000,16.719941,-2.54006741564822,-3.75045027888187,2.14709916553678,-0.13897185,1.6178766,-0.4792238,41.4536,78.05826,-4.906447,WAL
1804242306000,16.724918,-2.5241873155102,-3.66709906310204,2.36850469912245,-0.21868975,1.4694363,-0.43127087,41.985287,77.991684,-5.086308,WAL
1804247302000,16.729914,-2.48757071387755,-3.65977574277551,2.30991808553061,-0.35308012,1.3335189,-0.38331795,42.492683,77.969345,-5.2694697,WAL
1804252294000,16.734906,-2.45098342897959,-3.65245828579592,2.2513783787551,-0.48380527,1.2040154,-0.33841935,42.963055,77.920975,-5.435933,WAL
1804257277000,16.739889,-2.41446210673469,-3.64515402134694,2.19294421231633,-0.59040123,1.0882565,-0.3042109,43.393215,77.893364,-5.6063457,WAL
1804262267000,16.744879,-2.36717118068418,-3.6487861905999,2.11640600086267,-0.691194,0.9837985,-0.2574797,43.78891,77.883255,-5.78483,WAL
1804267286000,16.749898,-2.27184939706495,-3.7012131168468,1.95912507282102,-0.77182823,0.8677341,-0.23304509,44.14451,77.88929,-5.9591413,WAL
1804272274000,16.754886,-2.18144572184677,-3.7634513925009,1.80224549411818,-0.84665924,0.76144356,-0.2012801,44.467014,77.922874,-6.1330714,WAL
1804277263000,16.759875,-2.11237637950849,-3.87568901745573,1.64252271320925,-0.91629785,0.63041294,-0.17562376,44.74578,77.967354,-6.3036265,WAL
1804282725000,16.765337,-2.03511806456345,-4.00171867091329,1.4659913291068,-0.9779953,0.50823987,-0.15851954,45.006805,78.04047,-6.4534483,WAL
1804287365000,16.769977,-1.93689640194916,-4.17137428268864,1.28294186060484,-1.0305296,0.40133846,-0.13744467,45.231304,78.11818,-6.6041436,WAL
1804292694000,16.775306,-1.82738940273097,-4.37614431551424,1.07194019477048,-1.0891727,0.29932398,-0.13439035,45.43901,78.22566,-6.7336698,WAL
1804297283000,16.779895,-1.79334098703273,-4.73365256924269,0.876161882277746,-1.144456,0.21471913,-0.113926366,45.618023,78.33246,-6.867703,WAL
1804302192000,16.784804,-1.75691830830912,-5.11609057699012,0.666731562812318,-1.1997393,0.13408493,-0.11026118,45.78959,78.4669,-6.9771657,WAL
1804307215000,16.789827,-1.79095423540934,-5.23016325062783,0.624579977438473,-1.2547172,0.07147124,-0.095294975,45.94031,78.60182,-7.0902557,WAL
1804312219000,16.794831,-1.83427932483174,-5.30718564299347,0.60532442458664,-1.3029755,0.04886922,-0.07452556,46.078926,78.73862,-7.2019854,WAL
1804317229000,16.799841,-1.91477115708538,-5.52208287428852,0.687810220590775,-1.353372,0.07269296,-0.030848695,46.29066,78.8781,-7.298009,WAL
1804322521000,16.805133,-2.00429504860648,-5.76578674494603,0.787281192127576,-1.3933836,0.1151481,0.018936822,46.49931,79.01408,-7.399429,WAL
1804327226000,16.809838,-2.08388875790481,-5.98245845912659,0.875718629973503,-1.46852,0.16249016,0.064446285,46.71829,79.15257,-7.5180845,WAL
1804332218000,16.81483,-2.16833759888616,-6.21234691761531,0.969550657545633,-1.5335772,0.19700404,0.13439035,46.94223,79.27339,-7.656037,WAL
1804337250000,16.819862,-2.13405819179935,-6.88006924404204,1.34082970016651,-1.5632042,0.30818152,0.1777618,47.20062,79.38803,-7.8008685,WAL
1804342207000,16.824819,-2.07477342100115,-7.63100888315121,1.7657034609949,-1.6245961,0.40500367,0.2837469,47.459743,79.48169,-7.9801607,WAL
1804347227000,16.829839,-1.89928539747616,-8.4712013376332,2.25343395619742,-1.6563611,0.45631635,0.36865717,47.72585,79.555145,-8.165513,WAL
1804352261000,16.834873,-1.7100159380258,-9.32291404632642,2.7491398132922,-1.6566665,0.52748215,0.46975538,48.02046,79.5926,-8.384142,WAL
1804357288000,16.8399,-1.31003695724378,-10.6110728133511,3.5912830436265,-1.5738943,0.61208695,0.5552765,48.30358,79.5827,-8.577161,WAL
1804362224000,16.844836,-0.855088106378622,-12.0049588844067,4.52054025587181,-1.4419475,0.69058317,0.6356053,48.599567,79.53597,-8.793124,WAL
1804367303000,16.849915,0.0466844961292857,-13.7444295136064,5.82081965080067,-1.2208142,0.7516697,0.6453791,48.871437,79.47457,-8.924667,WAL
1804372233000,16.854845,1.02073577248256,-15.5023597985067,7.16129953399155,-0.88789266,0.7287622,0.6246097,49.13467,79.36781,-9.06631,WAL
1804377312000,16.859924,2.20746715084612,-16.6094281298701,8.00875043329398,-0.44837508,0.6588182,0.50976706,49.294144,79.27041,-9.045752,WAL
1804382287000,16.864899,3.42155163308737,-17.4953819448052,8.68845026357733,0.064751714,0.56321776,0.26328292,49.43978,79.14732,-8.985289,WAL
1804387356000,16.869968,4.6891069939964,-18.065207476686,8.42981491494897,0.48472157,0.5766568,-0.03726278,49.434,79.05522,-8.663019,WAL
1804392247000,16.874859,5.92174284332599,-18.510455359916,7.88145619711827,0.7724391,0.76052725,-0.37232238,49.468132,78.92009,-8.2925825,WAL
1804397310000,16.879922,6.51304190439684,-18.786905268696,7.42483612934987,0.945314,0.9728029,-0.72265357,49.42813,78.798775,-7.6831193,WAL
1804402351000,16.884963,6.87135243348365,-19.0000783795566,7.00756299722849,1.0461067,1.0845913,-0.9300423,49.43587,78.59001,-7.0716114,WAL
1804407491000,16.890103,6.48722233865636,-17.8656898886419,6.7586131279362,1.070236,1.0720685,-1.0170907,49.4596,78.46978,-6.303287,WAL
1804412335000,16.894947,5.73834480840986,-16.0988768264862,6.61511553953601,1.0525209,0.9272934,-1.001819,49.493454,78.266685,-5.5565886,WAL
1804417337000,16.899949,4.63732018982305,-13.8691181170558,6.35246199896346,0.9877691,0.7495316,-0.92271197,49.535347,78.07438,-4.806849,WAL
1804422321000,16.904933,3.2880040771647,-11.3354024910481,6.00263941711863,0.8927795,0.6102544,-0.8213083,49.55232,77.829285,-4.1038895,WAL
1804427349000,16.909961,2.0424501634936,-9.03088997251099,5.60673498784486,0.77182823,0.5335908,-0.7141015,49.55774,77.50358,-3.5368962,WAL
1804432321000,16.914933,0.871567885360856,-6.88427171461415,5.19264233562575,0.6044512,0.5308419,-0.6062838,49.536842,77.182076,-3.0172865,WAL
1804437382000,16.919994,-0.193047071206497,-5.21084925661253,4.6822140412993,0.4914411,0.54733527,-0.55741453,49.530926,76.82137,-2.672141,WAL
1804442360000,16.924972,-1.17411858763341,-3.83061647624332,4.13396826581257,0.2565634,0.5751296,-0.43096542,49.51044,76.52669,-2.3868284,WAL
1804447343000,16.929955,-2.02830964375885,-3.0830894174073,3.62126633331446,0.2565634,0.59620446,-0.27397305,49.5213295904724,76.4240727151721,-2.34250912323859,WAL
1804452352000,16.934964,-2.82487159893386,-2.6395492018398,3.12341516449665,-0.23762658,0.5729916,-0.08093964,49.532276,76.32092,-2.2979586,WAL
1804457352000,16.939964,-3.6516228236809,-2.72535946580821,2.60738993802345,-0.4382958,0.49266282,0.13927728,49.539932,76.09805,-2.20643,WAL
1804462351000,16.944963,-4.50365982565955,-3.23658168792923,2.07611974765494,-0.63224554,0.40469822,0.3726278,49.587032,76.018654,-2.3337781,WAL
1804467326000,16.949938,-5.14271876562623,-4.29758736388779,1.72961820454366,-0.8249735,0.30726522,0.6224717,49.655876,76.02514,-2.6338937,WAL
1804472351000,16.954963,-5.67034654516002,-5.68082780985776,1.48244126385816,-1.0488557,0.15485434,0.8417723,49.669582,76.0715,-2.983657,WAL
1804477309000,16.959921,-5.85899817466548,-7.34104540856378,1.304649855843,-1.3078625,-0.09010262,1.0173961,49.684372,76.22195,-3.494604,WAL
1804482327000,16.964939,-5.83994519324016,-9.20823878194073,1.16651564103479,-1.5864171,-0.42913285,1.1670581,49.61567,76.39523,-4.0457163,WAL
1804487380000,16.969992,-5.94097789298799,-11.1413035906047,0.979322354352964,-1.7886134,-0.84329945,1.2892311,49.500835,76.63044,-4.686905,WAL
1804492337000,16.974949,-6.11863640196967,-13.07217127792,0.764262025743549,-1.8829921,-1.2983941,1.4294246,49.26769,76.84045,-5.3493876,WAL
1804497335000,16.979947,-6.64271245388737,-14.6626999815738,0.259579474466485,-1.8603901,-1.7458528,1.5656476,48.951515,77.079834,-5.991862,WAL
1804502368000,16.98498,-7.43570023737896,-15.9903890102472,-0.469969371514525,-1.7195857,-2.0228803,1.6526959,48.55316,77.236176,-6.6337557,WAL
1804507347000,16.989959,-7.90309586922434,-17.0461954732386,-1.07715847662555,-1.4474452,-2.0134118,1.6423112,48.1687,77.36523,-7.2526045,WAL
1804512344000,16.994956,-7.97313274722977,-17.781583475852,-1.54240445937696,-1.067487,-1.6924021,1.5253305,47.802547,77.38095,-7.8474727,WAL
1804517284000,16.999896,-7.22510712330116,-18.2237952462084,-1.21949699732125,-0.61361414,-1.2284501,1.2739595,47.58131,77.35365,-8.474835,WAL
1804522315000,17.004927,-5.70195651373843,-18.4088507263148,-0.161357962097695,-0.15821409,-0.94134337,1.0115929,47.408516,77.22408,-9.04669,WAL
1804527279000,17.009891,-4.40042751899738,-17.9626764911072,0.804053517082825,0.1695151,-0.9129381,0.7800749,47.343914,77.100365,-9.532733,WAL
1804532290000,17.014902,-3.3000608057367,-16.8455743047951,1.69522510900436,0.32895094,-0.9807441,0.677755,47.337143,76.92857,-9.96985,WAL
1804537267000,17.019879,-2.26087346286562,-15.6127818559771,2.45147586438109,0.33841935,-1.0650436,0.4746423,47.29874,76.86358,-10.071487,WAL
1804542325000,17.024937,-1.43951708584146,-13.8211986967995,2.65681485143069,0.27183503,-1.0946705,0.3023783,47.258736,76.79978,-10.149162,WAL
1804547245000,17.029857,-0.761287135663189,-12.1422808518629,2.71046842070541,0.099571034,-1.1093313,0.17195857,47.104584,76.7772,-10.054324,WAL
1804552317000,17.034929,-0.351078213099851,-10.5641828536513,2.41608324164928,-0.13561209,-1.169807,0.08979719,46.93337,76.804726,-9.924679,WAL
1804557248000,17.03986,-0.0589750636045684,-9.09386421978641,2.00799020981904,-0.40500367,-1.2907583,0.04886922,46.693058,76.88419,-9.720176,WAL
1804562341000,17.044953,-0.0300372535186394,-7.73861017142292,1.27489901560368,-0.7119634,-1.4740179,0.05589417,46.418514,77.01846,-9.505231,WAL
1804567301000,17.049913,-0.109317485285223,-6.49266575449008,0.502101092071134,-0.9954049,-1.6719382,0.09407325,46.104,77.20913,-9.272114,WAL
1804572351000,17.054963,-0.479950616514345,-5.42353153460405,-0.443488584191393,-1.2644911,-1.8106046,0.1777618,45.753307,77.43957,-9.052982,WAL
1804577307000,17.059919,-0.890279210171616,-4.47435006757617,-1.32128816298689,-1.5109752,-1.8738291,0.2883284,45.378227,77.71842,-8.897472,WAL
1804582330000,17.064942,-1.4561030649248,-3.8343198628037,-2.04943850526417,-1.6765196,-1.9062049,0.3979787,44.975044,78.00884,-8.76372,WAL
1804587351000,17.069963,-2.0049637841549,-3.24320953155926,-2.73587899741839,-1.853976,-2.0201313,0.48624873,44.56559,78.334206,-8.746172,WAL
1804592425000,17.075037,-2.47766438252736,-2.8841388637265,-3.22676042454401,-2.0399845,-2.17804,0.5580254,44.141293,78.651596,-8.755793,WAL
1804597563000,17.080175,-2.94220571854595,-2.54104659258357,-3.71083295805477,-2.1911736,-2.3539693,0.6356053,43.71818,78.92986,-8.90076,WAL
1804602373000,17.084985,-3.21156215593022,-2.46023976449664,-4.01161438501121,-2.288912,-2.5589144,0.70402217,43.252796,79.172386,-9.061984,WAL
1804607658000,17.09027,-3.49606138256621,-2.38752012623639,-4.36367333590469,-2.3353379,-2.7061331,0.7556403,42.744286,79.3263,-9.349216,WAL
1804612342000,17.094954,-3.50759589817434,-2.66050378273764,-5.12879676664095,-2.302962,-2.7757716,0.8258898,42.206028,79.38837,-9.66517,WAL
1804617291000,17.099903,-3.51978298565184,-2.94893164696152,-5.93720749651153,-2.2153027,-2.7531698,0.9108001,41.679527,79.33234,-10.053582,WAL
1804622289000,17.104901,-3.48338949560157,-3.43309807909345,-6.26515784273083,-2.0674734,-2.598926,1.0177015,41.1788,79.1602,-10.476407,WAL
1804627279000,17.109891,-3.41920832223839,-4.02677426778959,-6.31329366690543,-1.8411479,-2.4767532,1.1200215,40.684273,78.88091,-10.927825,WAL
1804632297000,17.114909,-3.24570087164706,-4.73667443826471,-6.37657031129412,-1.5537357,-2.2336287,1.1646146,40.36957,78.52874,-11.404193,WAL
1804637406000,17.120018,-3.04902981647059,-5.48018685764706,-6.44372621294118,-1.400714,-2.0088303,1.2675453,40.098106,78.063156,-11.928265,WAL
1804642402000,17.125014,-3.0458925963503,-6.54043376836314,-6.22847942625401,-1.1133019,-1.7534887,1.4077389,39.95388,102.44304,-12.441472,WAL
1804647336000,17.129948,-3.0805571474553,-7.65402874552957,-5.95983016189821,-0.7974846,-1.3921618,1.5754215,39.92265,103.012825,-12.987763,WAL
1804652313000,17.134925,-3.11479824695864,-9.11358995559611,-5.69215936727494,-0.48624873,-1.001819,1.6853772,40.088818,103.51539,-13.45527,WAL
1804657307000,17.139919,-3.14873841062449,-10.7718111017843,-5.42548634898621,-0.28680122,-0.50732356,1.7394388,40.405453,104.0489,-13.944846,WAL
1804662288000,17.1449,-2.89050603996636,-12.257016823867,-5.01481538671086,-0.22204952,0.109650314,1.724778,40.85054,104.543594,-14.400664,WAL
1804667317000,17.149929,-2.4758935536513,-13.6676518214922,-4.52395239226202,-0.301462,0.72601336,1.6801848,41.44798,105.041466,-14.851572,WAL
1804672270000,17.154882,-1.74592722023713,-14.5692802325933,-3.86097029942482,-0.43860126,1.2043208,1.6303993,42.05469,105.525154,-15.277262,WAL
1804677290000,17.159902,-0.819344611659939,-15.1999386281534,-3.08477531597376,-0.5983425,1.4697418,1.5351044,42.782085,105.98794,-15.664437,WAL
1804682334000,17.164946,-0.000988541154534672,-15.3777663096659,-2.47900145701074,-0.80664754,1.5522085,1.4135422,43.480003,106.33223,-15.92471,WAL
1804687424000,17.170036,0.764908380136237,-15.3147497205648,-1.9603245348747,-1.0302242,1.5656476,1.2544118,44.231785,106.65422,-16.13941,WAL
1804692311000,17.174923,1.30469575081935,-14.894880534847,-1.40682254700494,-1.2260065,1.5036448,1.0051788,44.840614,106.77663,-16.159668,WAL
1804697330000,17.179942,1.75546274364265,-14.2732959645607,-0.808963200949655,-1.4153748,1.3435981,0.7654142,45.41783,106.883766,-16.141085,WAL
1804702342000,17.184954,2.01131341148487,-13.6107007692078,-0.244641307127787,-1.575116,1.0595458,0.53023106,45.804947,106.86966,-15.999414,WAL
1804707352000,17.189964,2.14979015053742,-12.9230927288018,0.299715526052946,-1.6850718,0.65270954,0.2770274,46.097878,106.812294,-15.798589,WAL
1804712340000,17.194952,2.12926409302094,-12.2964675842473,0.718967075194417,-1.7284433,0.16279559,0.06627888,46.196903,106.67002,-15.531487,WAL
1804717348000,17.19996,2.00972108588235,-11.7035343647059,1.06325092776471,-1.6859881,-0.364992,-0.13164146,46.155384,106.47987,-15.218673,WAL
1804722331000,17.204943,1.77304200112994,-11.2165285200714,1.22015584284865,-1.582141,-0.86162543,-0.3042109,45.91541,106.229485,-14.886895,WAL
1804727349000,17.209961,1.4586676086629,-10.7925992854594,1.25826180569928,-1.4639386,-1.0983357,-0.44776422,45.59161,105.93761,-14.523999,WAL
1804732328000,17.21494,0.957152623859816,-10.5229860571231,1.18997868334818,-1.3472633,-1.5180001,-0.5137377,45.03347,105.63129,-14.206357,WAL
1804737356000,17.219968,0.318365076022572,-10.3561381913672,1.04696655409365,-1.2901474,-1.8533652,-0.6301075,44.4268,105.27231,-13.843343,WAL
1804742405000,17.225017,-0.306323234405326,-10.1148500702663,0.748549287647929,-1.1887437,-2.0952678,-0.7348709,43.718437,104.93821,-13.541867,WAL
1804747350000,17.229962,-0.906170813985577,-9.82587251802885,0.345731937620192,-1.14018,-2.2834144,-0.82558435,42.930054,104.57687,-13.219345,WAL
1804752296000,17.234908,-1.49504199770053,-9.49199285454545,-0.0519964194064171,-1.0943651,-2.3142629,-0.84971356,42.126965,104.29448,-12.986279,WAL
1804757314000,17.239926,-2.0758308455508,-9.08595454181818,-0.447755136409626,-1.0280862,-2.2256875,-0.8219192,41.31214,103.99104,-12.739629,WAL
1804762309000,17.244921,-2.48957841001185,-8.70332551066351,-0.770303173074645,-0.977079,-2.0525072,-0.75961095,40.56891,103.8108,-12.588556,WAL
1804767289000,17.249901,-2.75798993667062,-8.3407345035545,-1.02929679102488,-0.91904676,-1.8041905,-0.6444628,39.886055,103.63896,-12.450981,WAL
1804772304000,17.254916,-2.90156564405696,-8.03294513436017,-1.20564324690497,-0.8793405,-1.5470163,-0.50671273,39.301636,103.59522,-12.41935,WAL
1804777320000,17.259932,-2.92017936262714,-7.78166068681585,-1.29871169398431,-0.86651236,-1.3060299,-0.3475823,38.79952,103.57842,-12.414915,WAL
1804782293000,17.264905,-2.86884518740501,-7.59126481106495,-1.42261823625494,-0.8744536,-1.0952814,-0.16523905,38.395863,103.67009,-12.5048065,WAL
1804787348000,17.26996,-2.72659039841929,-7.47353663212078,-1.5893996352822,-0.89675015,-0.89980453,0.003970624,38.07259,103.79423,-12.624315,WAL
1804792273000,17.274885,-2.51889828760793,-7.43545848342347,-1.72405330579751,-0.895223,-0.7312057,0.15393804,37.810146,103.98229,-12.797546,WAL
1804797307000,17.279919,-2.22613639048297,-7.48577679791252,-1.82926457451371,-0.87109387,-0.6035349,0.26419923,37.605972,104.1977,-12.997337,WAL
1804802286000,17.284898,-1.88693179156676,-7.56349570591153,-1.89269211570897,-0.8304713,-0.5345071,0.3408628,37.444546,104.4443,-13.204496,WAL
1804807320000,17.289932,-1.45346355144688,-7.69303817300537,-1.88272733455974,-0.7742717,-0.5174029,0.3930918,37.314407,104.70311,-13.429391,WAL
1804812254000,17.294866,-1.06441519474188,-7.86542566145005,-1.8448079370271,-0.7150178,-0.55863625,0.43035457,37.18492,104.94309,-13.622175,WAL
1804817299000,17.299911,-0.717357970840916,-8.10605181909779,-1.7661416448616,-0.6704246,-0.62949663,0.43463063,37.056488,105.17859,-13.81741,WAL
1804822245000,17.304857,-0.41497258308581,-8.31986749748198,-1.70047753761232,-0.6270532,-0.7370089,0.41263947,36.87868,105.35499,-13.954814,WAL
1804827309000,17.309921,-0.18510652198973,-8.49226726957638,-1.65737763209243,-0.6096435,-0.7788532,0.38698313,36.70224,105.525055,-14.089367,WAL
1804832300000,17.314912,-0.0125787002472727,-8.63512308063636,-1.66305249654545,-0.5934556,-0.8555168,0.36254853,36.445,105.62464,-14.165655,WAL
1804837320000,17.319932,0.0398673755345455,-8.71816277972727,-1.77668567290909,-0.60231316,-0.8970556,0.31581733,36.18652,105.708534,-14.225338,WAL
1804842285000,17.324897,0.075428211104616,-8.79663425781093,-1.89550504417456,-0.627664,-0.890947,0.2883284,35.893806,105.751915,-14.2462845,WAL
1804847301000,17.329913,-0.0262430756359605,-8.84504912255593,-2.06979870891957,-0.6542367,-0.8689558,0.27550024,35.594563,105.78447,-14.256052,WAL
1804852318000,17.33493,-0.134815221135405,-8.87280896127071,-2.23990423110109,-0.70096785,-0.8072584,0.24984388,35.30822,105.813354,-14.24382,WAL
1804857314000,17.339926,-0.289625394830866,-8.76021967545838,-2.38064070365722,-0.74464476,-0.7293731,0.2507602,35.035217,105.84571,-14.231952,WAL
1804862290000,17.344902,-0.447783907053503,-8.64940215978637,-2.50109193981909,-0.8063421,-0.61391956,0.24740042,34.80879,105.90546,-14.221965,WAL
1804867302000,17.349914,-0.651012742118938,-8.5524067931582,-2.40409633204388,-0.85918194,-0.49663344,0.269697,34.607796,105.97433,-14.215119,WAL
1804872644000,17.355256,-0.869479781188933,-8.45170528892339,-2.29383355082641,-0.9257663,-0.41996986,0.2919936,34.44839,106.09432,-14.234191,WAL
1804877312000,17.359924,-1.08175591962378,-8.39455372577847,-2.11829756901653,-1.0033462,-0.3924809,0.32711834,34.310867,106.23013,-14.259457,WAL
1804882290000,17.364902,-1.30812923091955,-8.33360675034243,-1.93110431335038,-1.0790935,-0.39095375,0.3659083,34.1817,106.40805,-14.32679,WAL
1804887358000,17.36997,-1.52499046834487,-8.23907329452486,-1.70907123241032,-1.1307116,-0.40469822,0.41447207,34.059128,106.60163,-14.404501,WAL
1804892371000,17.374983,-1.7364817558842,-8.13836320767778,-1.48247337926369,-1.1844677,-0.45051312,0.47219884,33.930958,106.814766,-14.495055,WAL
1804897306000,17.379918,-1.91909814013512,-8.09227601351219,-1.3499527972584,-1.2180653,-0.49510628,0.54000485,33.78524,107.06314,-14.642085,WAL
1804902312000,17.384924,-2.10217059422305,-8.05002842230491,-1.22321041576422,-1.2232577,-0.5271767,0.59742624,33.635216,107.32063,-14.800122,WAL
1804907316000,17.389928,-2.25076911902157,-8.07892246330891,-1.16367150709052,-1.210124,-0.5531385,0.6591236,33.44896,107.60832,-15.018676,WAL
1804912277000,17.394889,-2.39297219791516,-8.11815092181856,-1.11463594675405,-1.1930199,-0.5751296,0.70952,33.26275,107.89865,-15.244977,WAL
1804917299000,17.399911,-2.57693643422538,-8.35922441193071,-1.11523854472557,-1.1523973,-0.61850107,0.7703011,33.053677,108.20967,-15.524145,WAL
1804922253000,17.404865,-2.76161327184702,-8.61315547946672,-1.11985546446088,-1.108415,-0.63285637,0.81245077,32.8574,108.5151,-15.80242,WAL
1804927307000,17.409919,-2.84901432341274,-8.83434746454722,-1.03112625118361,-1.0800097,-0.6637051,0.82863873,32.63723,108.83216,-16.111582,WAL
1804932289000,17.414901,-2.91977035993141,-9.04661511233664,-0.929414516798591,-1.0607675,-0.6817256,0.8549059,32.430218,109.14621,-16.423855,WAL
1804937344000,17.419956,-2.95123276677019,-9.29714626086957,-0.781253314968944,-1.031446,-0.70066243,0.8707884,32.209797,109.46449,-16.751158,WAL
1804942336000,17.424948,-2.96659169347826,-9.55824956521739,-0.617424075577211,-1.01312,-0.7162395,0.8698721,31.996294,109.77327,-17.069593,WAL
1804947304000,17.429916,-2.93785671498288,-9.85132561149163,-0.485425320232116,-0.9914343,-0.75319684,0.86132,31.749113,110.06646,-17.383436,WAL
1804952289000,17.434901,-2.90152468630137,-10.1510648599696,-0.358262959025875,-0.9596693,-0.8035932,0.8371908,31.502676,110.341576,-17.682121,WAL
1804957314000,17.439926,-2.77157729889648,-10.4654966358382,-0.287918170467683,-0.93523467,-0.8527679,0.81336707,31.208618,110.59016,-17.962717,WAL
1804962244000,17.444856,-2.61279259464004,-10.7781042312139,-0.238297925128744,-0.8933904,-0.9083566,0.7831292,30.906368,110.81534,-18.226086,WAL
1804967305000,17.449917,-2.28924134603033,-10.9675963925067,-0.317990985388046,-0.83260936,-0.97433007,0.75625116,30.545805,110.99456,-18.459486,WAL
1804972254000,17.454866,-1.94160762404599,-11.1273202291605,-0.421341517974031,-0.7339546,-1.0430524,0.71593404,30.176098,111.144844,-18.672716,WAL
1804977308000,17.45992,-1.52417105822891,-11.2672558785854,-0.605947033027012,-0.6059783,-1.0913107,0.68936145,29.752249,111.24373,-18.846092,WAL
1804982288000,17.4649,-1.09917527878028,-11.400066972988,-0.805163813311055,-0.44135013,-1.1120802,0.64721173,29.324324,111.3059,-18.995966,WAL
1804987313000,17.469925,-0.569894571635349,-11.4408219156018,-1.07923199846451,-0.26267207,-1.1047498,0.62980205,28.861568,111.30897,-19.092268,WAL
1804992271000,17.474883,0.0011311558466659,-11.4357239012134,-1.38513868191775,-0.084910266,-1.0155635,0.6236934,28.426163,111.28164,-19.168856,WAL
1804997304000,17.479916,0.531818341419048,-11.294512152381,-1.63056542509524,0.071776666,-0.89949906,0.6178902,27.976385,111.18728,-19.176195,WAL
1805002338000,17.48495,1.05064597889333,-11.1200385066667,-1.86013514606667,0.20463985,-0.788627,0.56688297,27.55803,111.06182,-19.159328,WAL
1805007316000,17.489928,1.53533199368794,-10.8913187901722,-2.11131040440729,0.27305678,-0.677755,0.50426924,27.15063,110.88579,-19.073023,WAL
1805012306000,17.494918,2.0098254312766,-10.6395472531915,-2.3727659287234,0.2574797,-0.53969944,0.4437936,26.787828,110.693184,-18.963877,WAL
1805017304000,17.499916,2.16360474085851,-10.6567251495429,-2.48405081128776,0.17287487,-0.36987892,0.36835176,26.44034,110.44808,-18.775959,WAL
1805022320000,17.504932,2.20179013736089,-10.771281239368,-2.54132890604134,0.019547688,-0.28527406,0.26389378,26.107302,110.190636,-18.559866,WAL
1805027309000,17.509921,1.85042408413241,-11.0663934395079,-2.30339636294307,-0.17165314,-0.16920967,0.19914207,25.823236,109.914505,-18.285246,WAL
1805032281000,17.514893,1.35292389981447,-11.4290571688312,-1.9546813244898,-0.28099802,-0.11881329,0.056199603,25.53658,109.60049,-17.95977,WAL
1805037350000,17.519962,0.74103752537096,-11.6234840066701,-1.57689765275526,-0.4636467,-0.16707164,-0.08002335,25.24981,109.29715,-17.6105,WAL
1805042311000,17.524923,0.0926124970528476,-11.730742404823,-1.19661834491534,-0.61117065,-0.29046643,-0.16065755,24.950287,108.98489,-17.241882,WAL
1805047303000,17.529915,-0.378399313938002,-11.7370750551091,-0.992139604500574,-0.6921103,-0.39645153,-0.18448131,24.586205,108.716064,-16.925848,WAL
1805052291000,17.534903,-0.780588544910065,-11.7050825614237,-0.855029620849598,-0.6872234,-0.44990227,-0.16371189,24.200634,108.450455,-16.6075,WAL
1805057312000,17.539924,-0.966390447332036,-11.7650413171344,-0.835651916298648,-0.57910025,-0.40408736,-0.124311075,23.823795,108.24108,-16.371813,WAL
1805062307000,17.544919,-1.02518132619828,-11.8777237390414,-0.884644302564523,-0.4251622,-0.27183503,-0.09468412,23.462116,108.03096,-16.140785,WAL
1805067299000,17.549911,-0.92491815625,-12.0965534257111,-0.909370145138473,-0.2565634,-0.12889257,-0.0711658,23.116463,107.87903,-15.992291,WAL
1805072320000,17.554932,-0.7494577421875,-12.3664925423372,-0.922867084527507,-0.07666359,0.010995574,-0.06352998,22.815886,107.7115,-15.843371,WAL
1805077308000,17.55992,-0.577071823418413,-12.6851324450293,-0.858971754742278,0.093767814,0.12003502,-0.07391469,22.54447,107.54271,-15.704076,WAL
1805082322000,17.564934,-0.405391218508293,-13.0475691038832,-0.73021132346807,0.24953845,0.23182335,-0.09865474,22.320383,107.35474,-15.558706,WAL
1805087388000,17.57,-0.276378770474684,-13.454382693038,-0.543408036772152,0.408058,0.3155119,-0.15851954,22.083677,107.10855,-15.368358,WAL
1805092333000,17.574945,-0.187396478514636,-13.8852441813687,-0.313927389600475,0.57787853,0.3811799,-0.21380283,21.879126,106.842926,-15.17206,WAL
1805097307000,17.579919,-0.124245635364428,-14.2406669004462,-0.194644118905121,0.72173727,0.4251622,-0.28924468,21.648952,106.50405,-14.918338,WAL
1805102358000,17.58497,-0.0856998025393115,-14.5259061867828,-0.181795508857841,0.82650065,0.44409904,-0.3652974,21.435062,106.14589,-14.653205,WAL
1805107301000,17.589913,-0.0479781530333617,-14.8050465139184,-0.169221626564492,0.93187493,0.46181414,-0.45631635,21.200172,105.713455,-14.333471,WAL
1805113965000,17.596577,0.0085067383497961,-15.1911672919801,-0.156827914279112,1.0488557,0.46028697,-0.5589417,20.970596,105.26071,-13.997679,WAL
1805117310000,17.599922,0.0839842974481196,-15.466950492705,-0.188760724129588,1.171945,0.44501534,-0.6630942,20.747072,104.78788,-13.644569,WAL
1805122318000,17.60493,0.196986275314907,-15.8798420530131,-0.23656924781604,1.280679,0.42852196,-0.782213,20.486624,104.26816,-13.249897,WAL
1805127320000,17.609932,0.299469262723025,-15.8109362327103,-0.26954601153356,1.4355333,0.37384954,-0.8399397,20.219046,103.74041,-12.855749,WAL
1805132308000,17.61492,0.392815868619371,-15.3320276308411,-0.289838759316058,1.5219707,0.29626966,-0.95264435,19.944584,103.18383,-12.424217,WAL
1805137296000,17.619908,0.467452832000628,-14.7949628844221,-0.301931092911432,1.7217237,0.19150625,-1.0607675,19.635714,102.58325,-11.961763,WAL
1805142322000,17.624934,0.457374739104899,-13.9887150318258,-0.276735821209171,1.9413297,0.0580322,-1.1695015,19.303686,101.96944,-11.481422,WAL
1805147295000,17.629907,0.35562349534738,-13.2320551138952,-0.291705374925968,2.1844542,-0.0729984,-1.2635747,18.95336,101.34375,-10.988483,WAL
1805152334000,17.634946,0.00294412926252846,-12.5770788538345,-0.415372158053341,2.4107797,-0.16249016,-1.385137,18.584131,100.698235,-10.467761,WAL
1805157315000,17.639927,-0.4014837581189,-11.9750503448684,-0.531321557060041,2.6535985,-0.15943582,-1.5012014,18.209871,100.08143,-9.9638405,WAL
1805162347000,17.644959,-1.09039447329193,-11.5949614520359,-0.616841525700483,2.8524354,-0.062002823,-1.6368134,17.84648,99.463875,-9.427023,WAL
1805167357000,17.649969,-1.78042067655359,-11.2603676023968,-0.658321944564608,3.003319,0.08979719,-1.7571539,17.553568,98.94078,-8.939897,WAL
1805172342000,17.654954,-2.49096663919977,-11.1819310579878,-0.44608094204697,3.08884,0.22907446,-1.8545868,17.293392,81.55122,-8.427997,WAL
1805177350000,17.659962,-3.19613961937984,-11.1171852628876,-0.238094072736628,3.1074715,0.32986724,-1.9159788,17.146244,81.881966,-8.013391,WAL
1805182363000,17.664975,-3.7962462379845,-11.2241812387597,-0.0938823999627907,3.0790663,0.3924809,-1.921782,17.033752,82.14744,-7.5965934,WAL
1805187591000,17.670203,-4.41651555881772,-11.3347501212869,0.0257684413950459,3.0176742,0.4605924,-1.9010127,17.020695,82.23353,-7.2934837,WAL
1805192404000,17.675016,-4.90323914911675,-11.4211775037995,-0.329039350543768,2.934902,0.5421429,-1.8497,17.03282,82.24974,-7.008209,WAL
1805197635000,17.680247,-5.43278226165266,-11.5211330764239,-0.722879915378151,2.8539624,0.63194007,-1.7754798,17.150602,82.11303,-6.828459,WAL
1805202341000,17.684953,-5.92091850495798,-11.7399526292717,-1.25309702613445,2.769663,0.71929383,-1.7012597,17.29053,81.9306,-6.67344,WAL
1805207287000,17.689899,-6.43394907431373,-11.9699317003268,-1.81035453352941,2.6826148,0.7498371,-1.6184875,17.478727,81.66128,-6.6418033,WAL
1805212333000,17.694945,-7.16989231295204,-12.3689248170696,-1.84650830402909,2.5909848,0.72143185,-1.5357152,17.670952,81.37921,-6.635415,WAL
1805217272000,17.699884,-7.93219327912736,-12.7919089602005,-1.77678560200472,2.4425447,0.5384777,-1.4584408,17.82266,81.10183,-6.6498675,WAL
1805222355000,17.704967,-8.0620275264138,-12.8314475159267,-1.72416498257375,2.2675319,0.39920044,-1.3994923,18.044733,80.796196,-6.7719817,WAL
1805227271000,17.709883,-8.0251131990591,-12.7714620049985,-1.67802213360776,2.083356,0.009773844,-1.3805555,18.138138,80.52125,-6.887349,WAL
1805232336000,17.714948,-7.70542723961571,-12.5080186875765,-2.26984217996609,1.9978348,-0.34788775,-1.3942999,18.272106,80.17405,-7.1118255,WAL
1805237325000,17.719937,-7.30040897004804,-12.1840034140529,-3.05737831500424,1.7993035,-0.5326745,-1.4770721,18.341074,79.910095,-7.301719,WAL
1805242456000,17.725068,-6.31829441903406,-11.5032454114896,-3.10912039799695,1.5741998,-0.44806966,-1.591304,18.399221,79.67381,-7.4576397,WAL
1805247347000,17.729959,-5.08954378117946,-10.6745538575496,-2.76621320855109,1.2858714,-0.22571471,-1.6560557,18.442375,79.50796,-7.5912585,WAL
1805252346000,17.734958,-3.95190541207289,-10.1534881594533,-2.33530107334852,0.97494096,-0.13469578,-1.5885551,18.475834,79.46494,-7.65977,WAL
1805257333000,17.739945,-2.8734489060414,-9.78927219381995,-1.86702394654848,0.8371908,-0.23273966,-1.4590516,18.515522,79.446945,-7.724712,WAL
1805262274000,17.744886,-2.09144942045885,-9.67220338374065,-1.48988363810474,0.84391034,-0.2919936,-1.3121386,18.54152,79.52143,-7.623446,WAL
1805267329000,17.749941,-1.44919203033416,-9.68669068598504,-1.15185339296758,0.88789266,-0.15760323,-1.244638,18.591013,79.602806,-7.543544,WAL
1805272324000,17.754936,-1.04035241457256,-9.70744753848494,-1.11288785807727,0.93828905,0.044898596,-1.2296717,18.57497,79.73456,-7.3148794,WAL
1805277286000,17.759898,-0.756031676391847,-9.73154249923943,-1.23336276248859,1.0626001,0.35033122,-1.2476922,18.624348,79.830086,-7.110194,WAL
1805282291000,17.764903,-0.565323671455507,-9.89052653621934,-0.888731353085329,1.2302825,0.7315111,-1.2455542,18.708086,79.933685,-6.8204546,WAL
1805287334000,17.769946,-0.421295669077441,-10.118183420202,-0.307973338041751,1.4492778,1.0351112,-1.2901474,18.856548,80.00039,-6.52849,WAL
1805292286000,17.774898,-0.181052933314109,-10.3046629212152,0.0975433763781668,1.582141,1.1432343,-1.3384057,19.064276,80.06035,-6.192457,WAL
1805297340000,17.779952,0.132981515435633,-10.4691573486097,0.396623795926674,1.5586227,1.17897,-1.3634512,19.33448,80.09435,-5.8684306,WAL
1805302348000,17.78496,0.480019894701857,-10.5341646999022,0.522670842741936,1.4624114,1.1279627,-1.3610078,19.5725440144173,80.0526283660392,-5.52749671005206,WAL
1805307328000,17.78994,0.843657703264907,-10.5481505650049,0.559967026612903,1.3466524,0.93645644,-1.3478742,19.809277,80.01114,-5.188469,WAL
1805312309000,17.794921,0.962594036568728,-10.4702811349908,0.378117592496404,1.2336423,0.8359691,-1.2696834,20.018059,79.947044,-4.827499,WAL
1805317229000,17.799841,0.923869663772344,-10.3347455976988,0.0586414613273064,1.1899655,0.86009824,-1.1795808,20.20096,79.87177,-4.4829636,WAL
1805322251000,17.804863,0.709779588379415,-10.0698468147326,-0.469996067350151,1.1893547,0.9575313,-1.1407908,20.366114,79.800644,-4.0797057,WAL
1805327235000,17.809847,0.401528170643794,-9.73751359414733,-1.1057646428335,1.2040154,1.1236867,-1.0629056,20.547073,79.702324,-3.7291496,WAL
1805332255000,17.814867,0.0114987222062217,-9.42757128357796,-1.74820178190714,1.2275337,1.3197744,-0.97158116,20.80034,79.59216,-3.400997,WAL
1805338182000,17.820794,-0.49675274384658,-9.07651101938521,-2.50795908886735,1.2644911,1.4895949,-0.8530733,21.083591,79.452736,-3.1196682,WAL
1805342220000,17.824832,-0.826210678788721,-8.82398909849087,-2.90905581052423,1.3118331,1.6740762,-0.8197812,21.485947,79.32775,-2.9004467,WAL
1805347603000,17.830215,-1.25103320676827,-8.4759411644162,-3.34411492643963,1.3249667,1.8710803,-0.75319684,21.928192,79.18785,-2.7406886,WAL
1805352513000,17.835125,-1.52049197342042,-8.21089367661957,-3.58586938169377,1.3454307,2.0094411,-0.6979135,22.468714,79.06807,-2.679947,WAL
1805357250000,17.839862,-1.68577930239936,-7.99722984564116,-3.69471716367191,1.3637567,2.0894647,-0.65576386,23.042198,78.94568,-2.6473298,WAL
1805362244000,17.844856,-1.86237059910074,-7.75533205327053,-3.77808557090247,1.3741413,2.1465805,-0.62858033,23.6934,78.83434,-2.7136657,WAL
1805367347000,17.849959,-2.0507162050637,-7.45188650956,-3.75715829956108,1.3674219,2.196366,-0.61575216,24.361069,78.727005,-2.7967658,WAL
1805372629000,17.855241,-2.20115062213918,-7.15841978846537,-3.65693088503571,1.3634512,2.2220223,-0.600786,25.063368,78.61192,-2.9344325,WAL
1805377320000,17.859932,-2.27949484095665,-6.92338724887892,-3.47039706038864,1.3316863,2.2043073,-0.5852089,25.764675,78.511536,-3.0809643,WAL
1805382828000,17.86544,-2.36687103381711,-6.6374649980818,-3.24049758033086,1.2663237,2.186592,-0.58032197,26.496885,78.40095,-3.2721121,WAL
1805387309000,17.869921,-2.38429258696844,-6.28903361670557,-2.92690948717142,1.1826351,2.1755965,-0.5714644,27.223234,78.30811,-3.4725258,WAL
1805392535000,17.875147,-2.4030809708228,-5.88436379293912,-2.55503288645205,1.1001683,2.1529946,-0.559858,27.959248,78.18237,-3.7039511,WAL
1805397263000,17.879875,-2.38766792993581,-5.55408411544447,-2.08823758900019,1.0036516,2.1273382,-0.54275376,28.68869,78.08683,-3.942354,WAL
1805402788000,17.8854,-2.36965670935616,-5.16812912006419,-1.54275450557771,0.8961393,2.082745,-0.52473325,29.414215,77.95629,-4.1949635,WAL
1805407364000,17.889976,-2.35473918078195,-4.84846757094923,-1.09096616354309,0.78954333,2.0158553,-0.49449542,30.12219,77.85321,-4.4561453,WAL
1805412243000,17.894855,-2.33883388753161,-4.50763962118265,-0.609262640643844,0.655153,1.9422461,-0.4615087,30.828876,77.78011,-4.7162685,WAL
1805417247000,17.899859,-2.28228222611312,-4.17793100385078,-0.114397332310469,0.53786683,1.9058995,-0.4202753,31.523445,77.728775,-4.9874,WAL
1805422224000,17.904836,-2.22014528947052,-3.85290735006017,0.377917954963899,0.46792278,1.842675,-0.38881573,32.187458,77.69817,-5.260601,WAL
1805427251000,17.909863,-2.17238593172949,-3.73185618022353,0.803227252585717,0.34605515,1.7611245,-0.33567044,32.81159,77.544655,-5.566564,WAL
1805432238000,17.91485,-2.12715056366736,-3.64138534963061,1.2148694325914,0.23243423,1.6826283,-0.28496864,33.411934,77.410164,-5.8747697,WAL
1805437290000,17.919902,-2.16362328300688,-3.66325280942297,1.61456143006882,0.10354166,1.582141,-0.23457226,33.98855,77.28288,-6.1212544,WAL
1805442197000,17.924809,-2.22332897821069,-3.71798303002647,1.99767318210693,-0.02076942,1.4871514,-0.18478674,34.5375,77.17825,-6.3775573,WAL
1805447249000,17.929861,-2.2794333124,-3.8414677696,2.2215701286,-0.15241088,1.3677273,-0.15241088,35.038353,77.07569,-6.5946627,WAL
1805452418000,17.93503,-2.3360076728,-3.97818890262857,2.42429471491429,-0.27550024,1.2339478,-0.121256754,35.50193,76.99429,-6.818883,WAL
1805457384000,17.939996,-2.31447874673139,-4.03494397015388,2.53685683853145,-0.3827071,1.1001683,-0.086132,35.923992,76.897415,-7.039411,WAL
1805462245000,17.944857,-2.27601710708458,-4.07340550939791,2.62820297541051,-0.47708577,0.9370673,-0.06688975,36.29542,76.82293,-7.254039,WAL
1805467300000,17.949912,-2.20157540772633,-4.05968197298732,2.54301081386022,-0.56505036,0.7870999,-0.051618114,36.62995,76.743004,-7.4686337,WAL
1805472285000,17.954897,-2.1217970318785,-4.03621777938661,2.42568955184311,-0.6429357,0.6582073,-0.034513887,36.9194,76.67701,-7.679355,WAL
1805477313000,17.959925,-2.01916175545514,-4.04645818349949,1.93219870754682,-0.70157874,0.5491679,-0.009162978,37.16506,76.614174,-7.8734026,WAL
1805482313000,17.964925,-1.91208847678189,-4.06430366006708,1.35668016659834,-0.7654142,0.44715336,0.019242255,37.371727,76.56428,-8.0642395,WAL
1805487328000,17.96994,-1.82445487684767,-4.15726017514604,1.0023541798273,-0.79259765,0.38637227,0.038789943,37.562313,76.52942,-8.23768,WAL
1805492280000,17.974892,-1.74736954004673,-4.28493278151572,0.759053553164017,-0.8228355,0.33505958,0.05497787,37.722664,76.50237,-8.41072,WAL
1805497303000,17.979915,-1.66917898133286,-4.41443591192665,0.512264569373698,-0.8512407,0.3005457,0.054367006,37.919907,76.52337,-8.57738,WAL
1805502333000,17.984945,-1.59087945707828,-4.54411951653883,0.265131663049728,-0.8698721,0.27488935,0.059253927,38.102943,76.54193,-8.744644,WAL
1805507314000,17.989926,-1.5404224661678,-4.76585612721088,0.236611550376417,-0.89644474,0.26542094,0.06811147,38.279724,76.56445,-8.908733,WAL
1805512305000,17.994917,-1.49947695103553,-5.02116331927438,0.284782720683296,-0.9233228,0.26297748,0.0720821,38.450428,76.58761,-9.068733,WAL
1805517299000,17.999911,-1.45850682429327,-5.27662397188209,0.332982845811036,-0.93767816,0.2660318,0.073303826,38.730972,76.624146,-9.189655,WAL
1805522337000,18.004949,-1.41717572727135,-5.53433537913832,0.381607641644747,-0.9462303,0.27214047,0.08368854,39.007656,76.66206,-9.312634,WAL
1805527310000,18.009922,-1.40080119746498,-5.78855656571047,0.497489245670447,-0.96852684,0.2932153,0.09590584,39.30348,76.7044,-9.425567,WAL
1805532316000,18.014928,-1.39166344648813,-6.04441502430192,0.6345563309006,-1.0002918,0.33017266,0.096516706,39.602165,76.74952,-9.538114,WAL
1805537351000,18.019963,-1.41452262569285,-6.47537671665833,1.00028812067033,-1.0626001,0.40378192,0.13500121,39.894474,76.81486,-9.630765,WAL
1805542334000,18.024946,-1.45271867923962,-6.98624963081541,1.47296458244122,-1.1270463,0.44623706,0.160963,40.186256,76.885956,-9.720396,WAL
1805547306000,18.029918,-1.45582061652567,-7.66942475919732,2.06501706256148,-1.1881329,0.47616947,0.19394971,40.4895,76.95038,-9.8064165,WAL
1805552308000,18.03492,-1.44168433275625,-8.44220866555184,2.71999870257722,-1.260215,0.52412236,0.2733622,40.80365,77.00942,-9.915598,WAL
1805557312000,18.039924,-1.21739154839452,-9.50359775542663,3.43401372021606,-1.2748758,0.57940567,0.3484986,41.097023,77.02796,-10.007583,WAL
1805562304000,18.044916,-0.873074827458238,-10.7278346969091,4.18003319069721,-1.2458596,0.6377433,0.42332962,41.39638,77.03334,-10.123129,WAL
1805567297000,18.049909,-0.2125471811363,-12.2930921785614,5.19408406996921,-1.1554517,0.7174612,0.4718934,41.62389,77.0225,-10.198211,WAL
1805572351000,18.054963,0.640874163298815,-14.076697767329,6.37713376337345,-0.9807441,0.77854776,0.47861293,41.857723,76.98512,-10.283227,WAL
1805577308000,18.05992,1.63586312335025,-15.5415602218999,7.43767171225526,-0.7101309,0.70738196,0.3817908,41.978527,76.94822,-10.233228,WAL
1805582289000,18.064901,2.79715889209572,-16.7226232798094,8.40130021381954,-0.39553526,0.45051312,0.19975294,42.06488,76.89094,-10.160918,WAL
1805587405000,18.070017,3.82415177452131,-17.5659373643799,8.74694755190994,-0.1423316,0.226631,-0.004886922,41.96789,76.878296,-9.831714,WAL
1805592397000,18.075009,4.70274459107091,-18.1133320431059,8.60434869190802,0.09712757,0.12675454,-0.24495697,41.8563,76.833496,-9.461704,WAL
1805597304000,18.079916,5.55409728483173,-18.5216049673165,8.38091349277471,0.3817908,0.16707164,-0.5360342,41.61012,76.788025,-8.84897,WAL
1805602306000,18.084918,6.40893074088837,-18.8003557402774,8.06499675860731,0.68111473,0.23151793,-0.8558222,41.38379,76.68194,-8.202842,WAL
1805607311000,18.089923,6.67456691984939,-18.4228135463927,7.7637479337672,0.9486737,0.32650748,-1.0363328,41.16265,76.56735,-7.449728,WAL
1805612304000,18.094916,6.12775677943473,-17.1424771617702,7.48367442796579,1.1307116,0.42241332,-1.0445796,40.991314,76.35742,-6.709448,WAL
1805617306000,18.099918,5.37876535916286,-15.5240109511314,7.11316535831297,1.1664472,0.44868052,-0.9972375,40.820396,76.15445,-5.881748,WAL
1805622324000,18.104936,4.07690755102518,-12.9815599278657,6.49542098455328,1.1233811,0.5112942,-0.958753,40.70612,75.86424,-5.1029444,WAL
1805627261000,18.109873,2.82900982339205,-10.5157739627579,5.92162714503271,0.97219205,0.61422503,-0.8549059,40.64516,75.50885,-4.4689116,WAL
1805632287000,18.114899,1.61296651806744,-8.0643076829391,5.39354459149471,0.77579886,0.74372846,-0.75808376,40.611565,75.146774,-3.8765657,WAL
1805637354000,18.119966,0.545685597005875,-5.89769952283494,4.87929668000758,0.5311473,0.86742866,-0.6542367,40.6501,74.80514,-3.4872208,WAL
1805642353000,18.124965,-0.275356339511086,-4.20571801335986,4.39846553934053,0.2669481,0.9630291,-0.5317582,40.704224,74.51096,-3.1475117,WAL
1805647240000,18.129852,-1.04614969193357,-2.79556407532622,3.93048958570581,0.014049901,1.0088439,-0.3747658,40.84538,74.26859,-2.9878812,WAL
1805652288000,18.1349,-1.75821121047845,-1.98314496342428,3.4525960344998,-0.22204952,0.98807454,-0.19761491,40.982533,74.08645,-2.8724816,WAL
1805657245000,18.139857,-2.42274962801905,-1.3999338136733,3.00573281983749,-0.41722095,0.92087936,0.0009162979,41.171352,73.95888,-2.9110696,WAL
1805662305000,18.144917,-2.99753689466704,-1.44519262379752,2.6165067219576,-0.57696223,0.8014552,0.22693644,41.323208,73.873375,-3.0018222,WAL
1805667318000,18.14993,-3.56319693133871,-1.59635575340549,2.24052781934035,-0.74067414,0.6383542,0.464563,41.485405,73.85374,-3.2420022,WAL
1805672526000,18.155138,-4.12342978223221,-2.5232866337486,1.91966715658123,-0.93309665,0.44409904,0.68203104,41.588272,73.86624,-3.5295088,WAL
1805677325000,18.159937,-4.61245455641209,-3.46395957597509,1.61164536879212,-1.1429288,0.15485434,0.8744536,41.657505,73.94865,-3.9489312,WAL
1805682313000,18.164925,-4.9880134216357,-4.86376915102103,1.23120929991321,-1.3826935,-0.17928895,1.0454959,41.643562,74.06001,-4.4070897,WAL
1805687345000,18.169957,-5.30525289927206,-6.33777233057358,0.882260587436415,-1.6261233,-0.57451874,1.1768318,41.57295,74.25017,-4.963317,WAL
1805692336000,18.174948,-5.39328591869847,-8.02717181466409,0.664273584765831,-1.8154916,-1.0659598,1.2571607,41.37272,74.44654,-5.522516,WAL
1805698010000,18.180622,-5.53126612816472,-10.0013870338271,0.382857973516126,-1.9141463,-1.5870279,1.3570372,41.100216,74.70985,-6.147385,WAL
1805702333000,18.184945,-6.10101836327345,-12.1629656007984,-0.243434392115768,-1.933083,-2.071444,1.4804319,40.69562,74.93875,-6.7669744,WAL
1805707497000,18.190109,-6.78765278011318,-14.669957476152,-1.00500727006871,-1.8478674,-2.3463335,1.5845845,40.25329,75.18977,-7.377768,WAL
1805712370000,18.194982,-7.52803658508488,-15.886639607114,-1.92930849005154,-1.674687,-2.3341162,1.6249015,39.76161,75.356834,-7.979535,WAL
1805717471000,18.200083,-8.22441397556372,-17.112257587762,-2.81796612476408,-1.3591752,-1.994475,1.5748106,39.41142,75.51653,-8.623048,WAL
1805722453000,18.205065,-7.94478901857554,-17.7236410857256,-2.72317797019966,-0.93584555,-1.7159204,1.4950926,39.05856,75.54691,-9.239957,WAL
1805727533000,18.210145,-7.55739829180528,-18.3227616387558,-2.50001469345926,-0.6750061,-1.0290025,1.2327261,39.03921,75.59479,-9.892642,WAL
1805732672000,18.215284,-5.86000301187858,-18.6187658172164,-0.659242714068226,-0.12675454,-0.4560109,0.9279043,39.0766,75.470024,-10.48676,WAL
1805737376000,18.219988,-4.30628684204492,-18.8897141837233,1.02571377378066,0.3136793,-0.28985557,0.6395759,39.21645,75.36821,-10.936982,WAL
1805742334000,18.224946,-2.86114310574227,-17.9470818887075,2.5369067046764,0.50976706,-0.43066,0.39522982,39.441547,75.24721,-11.308998,WAL
1805747309000,18.229921,-1.42915131632418,-16.8856694127137,4.02837439456501,0.49846604,-0.6261369,0.18845193,39.704395,75.130455,-11.602315,WAL
1805752321000,18.234933,-0.641129478910716,-15.2332662254443,4.53704040557115,0.39522982,-0.7761043,0.019242255,39.7339,75.06597,-11.599484,WAL
1805757306000,18.239918,-0.00101830255170982,-13.4617958793265,4.82484221214011,0.19975294,-0.8775079,-0.09560041,39.727207,75.05482,-11.548622,WAL
1805762413000,18.245025,0.268589024743103,-11.6435173129748,4.22011597510996,-0.025350908,-0.9447031,-0.14446963,39.530094,75.07235,-11.301878,WAL
1805767349000,18.249961,0.485949213891443,-9.88573439334266,3.53495881477409,-0.24709499,-1.0418307,-0.12522738,39.298843,75.129395,-11.04297,WAL
1805772355000,18.254967,0.379275805262543,-8.48624853389678,2.6737079984715,-0.45906523,-1.1578951,-0.03848451,39.005665,75.19707,-10.74732,WAL
1805777341000,18.259953,0.23759727932656,-7.13386260654559,1.79787706522208,-0.6383542,-1.2858714,0.0720821,38.6793,75.28545,-10.463699,WAL
1805782366000,18.264978,-0.0221575583122982,-5.88087625140397,0.693444723256041,-0.8213083,-1.3793337,0.21105394,38.346638,75.40381,-10.23218,WAL
1805787406000,18.270018,-0.338554793651306,-4.67667789273065,-0.52019834689365,-1.0177015,-1.3946054,0.38545597,37.99296,75.52763,-10.040767,WAL
1805792323000,18.274935,-0.980673677088806,-3.55942190872378,-1.98565075364634,-1.2131784,-1.3912456,0.54641896,37.62237,75.677284,-9.964833,WAL
1805797344000,18.279956,-1.82906876439228,-2.45179491932954,-3.64473451262988,-1.378112,-1.4367551,0.6737844,37.230488,75.82905,-9.924133,WAL
1805802557000,18.285169,-2.25017577386131,-1.87448498672616,-4.54503782189998,-1.5280794,-1.5219707,0.7846564,36.877666,76.017784,-10.017907,WAL
1805807863000,18.290475,-2.37770808310095,-1.66193115443391,-4.92291103848299,-1.6643023,-1.6536123,0.88086766,36.49979,76.20057,-10.139396,WAL
1805812836000,18.295448,-2.47865041760682,-1.61130931886971,-5.39470312479478,-1.7446312,-1.8170186,0.9767735,36.216187,76.378746,-10.45397,WAL
1805817390000,18.300002,-2.55667790211534,-1.68015710495685,-5.91794660578825,-1.790446,-1.8936822,1.0534371,35.927166,76.51791,-10.792288,WAL
1805822519000,18.305131,-2.62306640415556,-1.80543258558156,-6.34156847903493,-1.7968601,-1.9782871,1.1246029,35.611828,76.60394,-11.186891,WAL
1805827555000,18.310167,-2.67169465124235,-1.96521113763054,-6.6298643728484,-1.7528778,-1.967597,1.1667526,35.311733,76.62382,-11.600132,WAL
1805832337000,18.314949,-2.7178702424991,-2.11693096207418,-6.9036195285704,-1.6633861,-1.8726074,1.2599095,35.061592,76.56794,-12.07279,WAL
1805837357000,18.319969,-2.76417919183673,-2.68705659836735,-6.99626770693878,-1.5222762,-1.7217237,1.3607023,34.84347,76.42487,-12.564147,WAL
1805842333000,18.324945,-2.80941332263882,-3.37913927196962,-7.0279316929663,-1.328021,-1.5564847,1.4321736,34.670147,76.19233,-13.078149,WAL
1805847337000,18.329949,-2.77810798671613,-4.30364200123653,-7.0002059251369,-1.0910053,-1.3631458,1.46852,34.605003,75.88313,-13.621944,WAL
1805852778000,18.33539,-2.69986864616675,-5.44041357083554,-6.93577351855679,-0.8738427,-1.1255192,1.4895949,34.61619,75.49834,-14.184079,WAL
1805857330000,18.339942,-2.63604043870664,-6.56261035058446,-6.84523747252074,-0.72234815,-0.8167268,1.4957036,34.767025,75.08867,-14.717536,WAL
1805862976000,18.345588,-2.55958301777904,-8.23957507286953,-6.67193396024698,-0.6072,-0.42943826,1.4731015,35.026848,74.64667,-15.246882,WAL
1805868035000,18.350647,-2.31867672150872,-10.1139874041281,-6.10081005766238,-0.5491679,0.012217305,1.4110987,35.450626,74.245384,-15.697408,WAL
1805872412000,18.355024,-1.88950891383406,-12.211759927103,-5.07424061667622,-0.56230146,0.42455134,1.3356569,35.99111,73.84127,-16.135473,WAL
1805877310000,18.359922,-1.40925670410353,-14.5592330405439,-3.92547728061266,-0.62796944,0.74372846,1.2592987,36.515522,73.47558,-16.521767,WAL
1805882366000,18.364978,-0.725315826074703,-15.1377348493389,-3.36187795280378,-0.7415904,0.8943067,1.1753048,37.118206,106.881065,-16.878334,WAL
1805887343000,18.369955,-0.0122684095859472,-15.3171470288582,-2.93864993601004,-0.86620694,0.9560041,1.0687088,37.79378,107.22572,-17.200281,WAL
1805892337000,18.374949,0.578467374947844,-14.8717271519518,-2.21706953351973,-1.0338894,1.031446,0.95478237,38.281837,107.33721,-17.28135,WAL
1805897241000,18.379853,1.1188716050285,-14.2353631437789,-1.41403892704592,-1.205848,1.0647382,0.82741696,38.772884,107.428856,-17.32798,WAL
1805902297000,18.384909,1.25690668681984,-13.5790529304941,-0.805937772117862,-1.4220943,0.9621128,0.69027776,39.142136,107.404976,-17.248755,WAL
1805907284000,18.389896,1.33496014056912,-12.9316687040954,-0.236606611132475,-1.6383406,0.74220127,0.5164866,39.481598,107.3575,-17.128443,WAL
1805912302000,18.394914,1.26576893754972,-12.3736991833731,0.125340361217184,-1.8203784,0.60994893,0.3191771,39.714607,107.22748,-16.925058,WAL
1805917285000,18.399897,1.16136686183373,-11.8421975178003,0.433800964689737,-1.883603,0.38545597,0.22937989,39.851646,107.09899,-16.714067,WAL
1805922312000,18.404924,0.938945581974036,-11.4248664867704,0.683541622629075,-1.9602666,0.13836098,0.03481932,39.887005,106.90087,-16.43528,WAL
1805927307000,18.409919,0.687700314294916,-11.0408880510356,0.915824987236151,-1.9602666,-0.13927728,-0.15027285,39.843903,106.69271,-16.145708,WAL
1805932277000,18.414889,0.336458372752647,-10.7564187743985,1.13465163282002,-1.9285016,-0.45204028,-0.32711834,39.67458,106.47605,-15.860147,WAL
1805937356000,18.419968,-0.0521046562223292,-10.4942558505294,1.35468134311838,-1.8555032,-0.82802784,-0.49693888,39.400112,106.216606,-15.538242,WAL
1805942307000,18.424919,-0.573553377455166,-10.3113067298605,1.31866066117279,-1.7592919,-1.2180653,-0.61666846,39.00523,105.96418,-15.247962,WAL
1805947329000,18.429941,-1.16224479747225,-10.1561474676914,1.17719212675776,-1.6471981,-1.527774,-0.68875057,38.522,105.676056,-14.93481,WAL
1805952298000,18.43491,-1.80713879663303,-9.89851200828465,0.964132690459905,-1.5106697,-1.7088956,-0.75441855,37.941334,105.40164,-14.6726885,WAL
1805957319000,18.439931,-2.50173044419543,-9.56653831396707,0.698553537685608,-1.3903292,-1.7733418,-0.79351395,37.308228,105.10701,-14.402041,WAL
1805962309000,18.444921,-2.98345153173077,-9.12734172115385,0.428285842384615,-1.2657127,-1.7519615,-0.788627,36.67128,104.89078,-14.223964,WAL
1805967303000,18.449915,-3.38104821147837,-8.64351945973558,0.155237503828526,-1.1661417,-1.6649132,-0.7309003,36.043644,104.668755,-14.045908,WAL
1805972304000,18.454916,-3.60594051750172,-8.16629537611531,-0.043828519566232,-1.0714576,-1.5244142,-0.6062838,35.47327,104.56991,-13.996248,WAL
1805977313000,18.459925,-3.76115360831454,-7.69124926159427,-0.213151801798412,-1.0051788,-1.3848315,-0.42088616,34.94213,104.49461,-13.971158,WAL
1805982280000,18.464892,-3.79918446318846,-7.40071557400058,-0.47249783922176,-0.9425651,-1.2651019,-0.19761491,34.483906,104.544426,-14.06991,WAL
1805987381000,18.469993,-3.78026992951312,-7.19265674046075,-0.78458624259607,-0.8875872,-1.131017,0.04062254,34.087986,104.63985,-14.212358,WAL
1805992374000,18.474986,-3.57863439927957,-7.13503043136228,-1.07538454097118,-0.8228355,-0.9669997,0.22876903,33.75182,104.82988,-14.43929,WAL
1805997305000,18.479917,-3.26935057299775,-7.1659588001497,-1.35374001691991,-0.7489208,-0.7867944,0.3484986,33.47675,105.05501,-14.7001295,WAL
1806002295000,18.484907,-2.82285042293083,-7.23330123905255,-1.55184052113953,-0.68783426,-0.65209866,0.45112398,33.25918,105.34755,-15.014037,WAL
1806007319000,18.489931,-2.22058320238481,-7.34233223126146,-1.65567972139851,-0.6215554,-0.57543504,0.5314528,33.091473,105.65457,-15.343408,WAL
1806012305000,18.494917,-1.69649757918263,-7.50828244022006,-1.70957901613125,-0.5549711,-0.5522222,0.59315014,32.966373,105.94406,-15.630696,WAL
1806017296000,18.499908,-1.21753304521073,-7.7101990109048,-1.73305765293251,-0.514654,-0.56138515,0.61911196,32.861332,106.23835,-15.924653,WAL
1806022300000,18.504912,-0.847136908321017,-7.95533019154596,-1.74980826445463,-0.4529566,-0.6087272,0.63529986,32.73223,106.46776,-16.147955,WAL
1806027312000,18.509924,-0.55627714545571,-8.23200157946596,-1.76163184851217,-0.4202753,-0.6985244,0.61819565,32.59107,106.69017,-16.366016,WAL
1806032311000,18.514923,-0.266171807354419,-8.50795534407331,-1.77342476485368,-0.41050145,-0.80573124,0.57787853,32.401424,106.83479,-16.50612,WAL
1806037371000,18.519983,0.0274735238703321,-8.78727641807075,-1.78536158355503,-0.42485678,-0.9034697,0.5317582,32.189747,106.96836,-16.637135,WAL
1806042372000,18.524984,0.158026268636874,-8.95663239397906,-1.87211356319185,-0.44959682,-0.979217,0.46975538,31.947676,107.085014,-16.752003,WAL
1806047302000,18.529914,0.149197982679506,-9.03167293062827,-2.02219440603029,-0.5006041,-1.0091494,0.39187005,31.691628,107.182365,-16.846117,WAL
1806052311000,18.534923,0.102965618010793,-9.06137578658343,-2.19203497703947,-0.56016344,-1.001819,0.3231477,31.371332,107.16394,-16.822945,WAL
1806057319000,18.539931,-0.00360232226219448,-9.01570342006137,-2.38994678133531,-0.6249151,-0.95722586,0.28038713,31.053623,107.13118,-16.782108,WAL
1806062306000,18.544918,-0.157781514346646,-8.91966070608763,-2.54013004788678,-0.698219,-0.86498517,0.258396,30.763935,107.095604,-16.726564,WAL
1806067300000,18.549912,-0.361772331808841,-8.7713041475378,-2.64212547840248,-0.7724391,-0.7339546,0.2666427,30.499647,107.05903,-16.66446,WAL
1806072293000,18.554905,-0.598786878889463,-8.64828626095041,-2.67540763734504,-0.86101454,-0.60231316,0.26816985,30.287685,107.047714,-16.610825,WAL
1806077310000,18.559922,-0.881707299876033,-8.55894323471074,-2.61584553347107,-0.95386606,-0.50335294,0.29840767,30.10575,107.05237,-16.565062,WAL
1806082295000,18.564907,-1.14954529756554,-8.43749852237335,-2.48402711488271,-1.0458013,-0.4382958,0.3295618,29.976355,107.11125,-16.557432,WAL
1806087388000,18.57,-1.40913855955056,-8.27885754583087,-2.27250668290952,-1.1371256,-0.43279803,0.3680463,29.85913,107.189095,-16.558876,WAL
1806092377000,18.574989,-1.61508709659627,-8.20636019903828,-2.08252301441637,-1.201572,-0.46395215,0.4147775,29.756907,107.32774,-16.614382,WAL
1806097309000,18.579921,-1.76650279823685,-8.22417371252121,-1.91329361328493,-1.2513574,-0.49602258,0.46670106,29.657242,107.48561,-16.680773,WAL
1806102299000,18.584911,-1.90269742178524,-8.24947028765572,-1.75012521278699,-1.2834278,-0.54244834,0.52595496,29.53744,107.69425,-16.805511,WAL
1806107325000,18.589937,-2.00676346064038,-8.28911478369196,-1.60145936168022,-1.2895365,-0.5928447,0.5653558,29.409304,107.91176,-16.937637,WAL
1806112256000,18.594868,-2.08890308044017,-8.34960063259641,-1.47250971624864,-1.2861768,-0.6160576,0.5867361,29.258875,108.150986,-17.102701,WAL
1806117292000,18.599904,-2.1414972531377,-8.44522671884604,-1.36732157055616,-1.287093,-0.6554584,0.61850107,29.093021,108.39985,-17.279732,WAL
1806122244000,18.604856,-2.19838956563581,-8.55835384695188,-1.23606955135856,-1.282817,-0.68966687,0.6478226,28.912142,108.64764,-17.470598,WAL
1806127318000,18.60993,-2.26560595308764,-8.70718984339492,-1.05362475958897,-1.2632693,-0.7180721,0.6637051,28.725658,108.892494,-17.66254,WAL
1806132353000,18.614965,-2.32662867847162,-8.8552474720054,-0.867438854095596,-1.244027,-0.75655663,0.6814202,28.496298,109.14079,-17.870556,WAL
1806137316000,18.619928,-2.37701200036619,-9.00181690960779,-0.675066598766503,-1.2140946,-0.79351395,0.6899723,28.263937,109.38029,-18.075096,WAL
1806142244000,18.624856,-2.42608165485016,-9.15844820544164,-0.475215066955047,-1.185384,-0.80664754,0.689056,27.997286,109.60107,-18.281427,WAL
1806147307000,18.629919,-2.47388063727327,-9.34964483389195,-0.24577953905698,-1.1417072,-0.8127562,0.68600166,27.72816,109.810936,-18.482979,WAL
1806152275000,18.634887,-2.52228476433991,-9.58035308649469,-0.0203791738998483,-1.0830641,-0.8216137,0.68539083,27.41527,109.994965,-18.683222,WAL
1806157326000,18.639938,-2.57611355493172,-9.94736687101669,0.209616291513809,-1.0259482,-0.8353582,0.6722572,27.106565,110.16304,-18.87062,WAL
1806162287000,18.644899,-2.6206041554897,-10.310731278013,0.388221524707875,-0.9440922,-0.8857546,0.6780604,26.741163,110.30054,-19.05817,WAL
1806167321000,18.649933,-2.64328249362122,-10.6871919751623,0.442649578848433,-0.84329945,-0.95081174,0.66767573,26.377146,110.41677,-19.227993,WAL
1806172338000,18.65495,-2.64501404554217,-11.0278737983936,0.457509832387149,-0.7131852,-0.9966267,0.6426302,25.959097,110.49032,-19.377169,WAL
1806177347000,18.659959,-2.53423940704819,-11.1819950957831,0.260042034016265,-0.54183745,-1.040609,0.6243043,25.53504,110.5465,-19.516457,WAL
1806182367000,18.664979,-2.40119154942931,-11.3036658887665,0.0401520144413296,-0.36713,-1.0601566,0.6087272,25.069952,110.56977,-19.63125,WAL
1806187353000,18.669965,-2.16215493190829,-11.2654197544053,-0.284937813342411,-0.1994475,-1.0479393,0.6072,24.6154,110.5778,-19.73511,WAL
1806192327000,18.674939,-1.90127475340548,-11.2186896935068,-0.623700959154091,-0.04642576,-0.96944314,0.61300325,24.17163,110.57119,-19.817736,WAL
1806197364000,18.679976,-1.52291578747021,-11.1276921276807,-1.04037478177125,0.07696902,-0.8533788,0.6249151,23.75617,110.55674,-19.891914,WAL
1806202314000,18.684926,-1.13641550991446,-11.0171927760498,-1.44856651283048,0.1863139,-0.6774496,0.6291912,23.398777,110.53512,-19.938,WAL
1806207355000,18.689967,-0.657778077183126,-10.7825667612753,-1.8568160725311,0.24098633,-0.5739079,0.6383542,23.062948,110.51451,-19.98264,WAL
1806212300000,18.694912,-0.162090860938545,-10.5583624751027,-2.21219754185224,0.25381452,-0.39461896,0.63621616,22.816816,110.472885,-19.983227,WAL
1806217286000,18.699898,0.609173888651438,-10.3940689382586,-2.10266880321132,0.23273966,-0.25778514,0.6041457,22.592531,110.42423,-19.973642,WAL
1806222692000,18.705304,1.38964687391054,-10.2509194167225,-1.96167966704339,0.16798794,-0.16676621,0.46517387,22.42307,110.31471,-19.8825,WAL
1806227329000,18.709941,1.40240650694378,-10.5401370252849,-1.57889174192127,-0.0125227375,-0.14905111,0.4083634,22.274683,110.22649,-19.802967,WAL
1806233213000,18.715825,1.39730924105988,-10.9069324048355,-1.103987468614,-0.081855945,-0.24465153,0.20250183,22.012646,109.94767,-19.540686,WAL
1806237390000,18.720002,1.20987445897292,-11.1655924741824,-0.860322300830288,-0.2929099,-0.29565877,0.13041973,21.770605,109.709785,-19.299889,WAL
1806242333000,18.724945,0.988066911006466,-11.4716869732921,-0.57197254637616,-0.33628133,-0.41050145,0.016493361,21.39424,109.361176,-18.971436,WAL
1806247308000,18.72992,0.701622773783325,-11.6399960792811,-0.444643045072392,-0.40408736,-0.5015204,-0.04795292,21.010767,109.02363,-18.640676,WAL
1806252293000,18.734905,0.396541963413879,-11.7687021591613,-0.363605959251123,-0.42271876,-0.56291234,-0.07880162,20.601864,108.66752,-18.29249,WAL
1806257283000,18.739895,0.191805855776112,-11.965882857056,-0.519455663222571,-0.3811799,-0.56230146,-0.07849618,20.139458,108.31751,-17.96123,WAL
1806262251000,18.744863,0.0182881991788066,-12.1827797680073,-0.745992602969304,-0.30787608,-0.50640726,-0.07727446,19.680332,107.963905,-17.62592,WAL
1806267295000,18.749907,0.0598046358337452,-12.4401372606504,-0.986630672595631,-0.20097467,-0.4034765,-0.08979719,19.237722,107.65121,-17.335472,WAL
1806272257000,18.754869,0.158442811985569,-12.7031723068103,-1.22618047024909,-0.093462385,-0.28955013,-0.10873401,18.822147,107.33826,-17.04592,WAL
1806277274000,18.759886,0.334555227381753,-13.0129434409262,-1.31599117154166,0.035430185,-0.15821409,-0.13561209,18.474323,107.04861,-16.77538,WAL
1806282261000,18.764873,0.533041335947952,-13.3343024442905,-1.35852397500495,0.15668693,-0.011911872,-0.17012598,18.169489,106.751945,-16.499466,WAL
1806287278000,18.76989,0.711489387355298,-13.664642322054,-1.24571544357376,0.2941316,0.11911872,-0.23304509,17.899443,106.426575,-16.192753,WAL
1806292283000,18.774895,0.882217484223805,-13.996612924112,-1.07972974638369,0.44501534,0.23793201,-0.30390546,17.671612,106.0899,-15.877838,WAL
1806297289000,18.779901,1.01178942829955,-14.4296439664874,-0.904633790525445,0.6084218,0.33261612,-0.37690386,17.44013,105.69873,-15.512333,WAL
1806302207000,18.784819,1.1238364796959,-14.8924471983864,-0.729255814729003,0.73792523,0.37720928,-0.46639562,17.23055,105.28843,-15.129421,WAL
1806307233000,18.789845,1.12246740269278,-15.3832350685435,-0.624567238066095,0.8753699,0.45051312,-0.505491,16.994709,104.8423,-14.717266,WAL
1806312188000,18.7948,1.0885862003264,-15.8720930234598,-0.54228426749286,0.9596693,0.50243664,-0.59956425,16.7687,104.368095,-14.274623,WAL
1806317222000,18.799834,0.923013932096567,-16.1664047472049,-0.386969527951914,1.0952814,0.55741453,-0.68752885,16.509445,103.86842,-13.809142,WAL
1806322205000,18.804817,0.729428252339962,-16.411927564955,-0.216991854674978,1.2269229,0.5696318,-0.7901542,16.25891,103.35765,-13.326075,WAL
1806327226000,18.809838,0.615916225567744,-16.1459908953041,-0.0752192211050808,1.366811,0.55741453,-0.926988,16.00225,102.82418,-12.813889,WAL
1806332258000,18.81487,0.523170853473826,-15.7471864949962,0.059261557051963,1.5210545,0.5204572,-1.0522153,15.74995,102.29161,-12.291318,WAL
1806337257000,18.819869,0.420731826072474,-15.0735073252246,0.190589765914606,1.706452,0.43768495,-1.1652255,15.489462,78.22462,-11.768584,WAL
1806342227000,18.824839,0.315036049601292,-14.3000058626224,0.320307315739982,1.9474384,0.34483343,-1.2373075,15.225169,78.7242,-11.237646,WAL
1806347227000,18.829839,0.0646277281400438,-13.6710693894967,0.344660274266958,2.2015584,0.23548855,-1.2834278,14.950759,79.17578,-10.718951,WAL
1806352305000,18.834917,-0.241311428814734,-13.0857947027717,0.331358571790664,2.4804184,0.16707164,-1.3319917,14.672155,79.5857,-10.192036,WAL
1806357352000,18.839964,-0.70340960397522,-12.5862025527614,0.273972700175346,2.7721064,0.14446963,-1.4077389,14.402116,79.904076,-9.688071,WAL
1806362307000,18.844919,-1.27639403559009,-12.1577097711046,0.184288173070139,3.0601294,0.1704314,-1.5033394,14.138455,80.14639,-9.174806,WAL
1806367287000,18.849899,-1.89728469008582,-11.9908138651968,0.190232401778633,3.2754595,0.23884831,-1.6074919,13.941907,80.24427,-8.7109,WAL
1806372324000,18.854936,-2.54921892432672,-11.9622621695768,0.247336135874519,3.4031303,0.29443705,-1.7146988,13.761234,80.25594,-8.229063,WAL
1806377311000,18.859923,-3.12091885247401,-11.9576646941663,0.186812273026569,3.428481,0.31948254,-1.7977765,13.675708,80.10918,-7.8280106,WAL
1806382318000,18.86493,-3.65175961395841,-11.9668964106662,0.0575640968425106,3.3554828,0.32650748,-1.8319849,13.609776,79.89949,-7.422243,WAL
1806387368000,18.86998,-4.15099485068424,-12.0065971718196,-0.435281135732387,3.247054,0.3930918,-1.8234328,13.650005,79.55731,-7.1235647,WAL
1806392345000,18.874957,-4.61482874949823,-12.069408273999,-1.20350603379625,3.1080823,0.552833,-1.7669277,13.722623,79.195244,-6.8439064,WAL
1806397299000,18.879911,-5.12291917577531,-12.2194955155061,-1.90006868981861,2.9477303,0.75900006,-1.7003434,13.906049,78.77872,-6.6724567,WAL
1806402316000,18.884928,-5.67114233442559,-12.4350361885118,-2.55606228282621,2.7925704,0.9370673,-1.6239853,14.123693,78.37185,-6.534924,WAL
1806407278000,18.88989,-6.16460952149308,-12.6521723485852,-2.87851952161349,2.6282477,0.9975429,-1.5986344,14.498724,77.984116,-6.467666,WAL
1806412296000,18.894908,-6.6192586205556,-12.8753635110519,-2.90745176368797,2.5344799,0.99112886,-1.5445728,14.895479,77.60225,-6.442471,WAL
1806417276000,18.899888,-7.04638458237792,-13.0591770957537,-2.86361375726115,2.3527474,0.79901177,-1.5146403,15.348721,77.273605,-6.503002,WAL
1806422343000,18.904955,-7.38122237760085,-13.0900852578556,-2.51847343856688,2.1774292,0.4334089,-1.4850134,15.741614,76.96626,-6.570978,WAL
1806427259000,18.909871,-7.5981203686088,-13.0549352265161,-2.3108486543698,2.0137172,0.032375857,-1.4611896,16.116467,76.66516,-6.718178,WAL
1806432404000,18.915016,-7.57859057669441,-12.8694062818074,-2.38408399756243,1.8808541,-0.29657507,-1.4694363,16.401237,76.408936,-6.843763,WAL
1806437366000,18.919978,-7.37369676811594,-12.6500179884058,-2.61149812463768,1.736079,-0.35155296,-1.5402967,16.671726,76.14999,-7.0030723,WAL
1806442309000,18.924921,-6.76539017439613,-12.3435773003865,-3.17864122917874,1.5021176,-0.11575896,-1.6297885,16.927197,75.95947,-7.1444445,WAL
1806447294000,18.929906,-6.04673414565545,-11.9550999727775,-3.47552375849322,1.1441506,0.10781772,-1.6670512,17.187584,75.83079,-7.264068,WAL
1806452204000,18.934816,-4.9886772345555,-11.3079851540934,-2.85202606447012,0.89827734,0.14996742,-1.6224581,17.456968,75.73904,-7.3789525,WAL
1806457220000,18.939832,-3.95124022478442,-10.6870703208991,-2.29106532463909,0.7816021,0.03848451,-1.4969252,17.734238,75.771996,-7.389487,WAL
1806462234000,18.944846,-3.06727168472047,-10.2078662947389,-1.99795983621742,0.74464476,0.038789943,-1.3686435,18.046116,75.83804,-7.422859,WAL
1806467224000,18.949836,-2.22091611540874,-9.78127743633703,-1.69784586937069,0.7672467,0.21533,-1.2675453,18.291086,75.918434,-7.3093324,WAL
1806472232000,18.954844,-1.54908605728622,-9.62084082166005,-1.35190353226009,0.88606006,0.43188173,-1.2186762,18.540285,75.97148,-7.224282,WAL
1806477230000,18.959842,-0.962591520798722,-9.48841323003195,-1.08468812571885,1.0180069,0.66431594,-1.2189816,18.776516,76.03713,-7.013459,WAL
1806482223000,18.964835,-0.633181267022763,-9.44067265255591,-1.05604372938299,1.1554517,0.94134337,-1.2235631,19.081734,76.06234,-6.83725,WAL
1806487267000,18.969879,-0.327463137812069,-9.45648454318675,-0.955022524269375,1.323745,1.1728612,-1.2461652,19.391455,76.058716,-6.5562706,WAL
1806492229000,18.974841,-0.107245688253796,-9.66264531995662,-0.641095532429501,1.4532484,1.3121386,-1.287704,19.751904,76.02575,-6.2880282,WAL
1806497229000,18.979841,0.116778690428056,-9.85018684548216,-0.314623919462794,1.4935656,1.310306,-1.3038919,20.11966,75.97761,-5.969912,WAL
1806502325000,18.984937,0.353013864725702,-9.96598831852696,0.0559410554650721,1.4059063,1.207986,-1.2996159,20.49617,75.92258,-5.6574626,WAL
1806507348000,18.98996,0.579284969135556,-10.0620884535836,0.38478343626672,1.2852604,1.1426234,-1.251052,20.867916,75.831726,-5.3160176,WAL
1806512309000,18.994921,0.759500623223198,-10.0383758838091,0.470148756783789,1.2348641,1.0543534,-1.2226468,21.20222,75.73582,-4.9725366,WAL
1806517304000,18.999916,0.906903371133918,-9.99296664587485,0.507900941210044,1.1936307,1.0308352,-1.1710287,21.521452,75.61581,-4.6081777,WAL
1806522337000,19.004949,0.801243595152451,-9.78644965713432,0.186118892573934,1.1933253,1.0928379,-1.1151345,21.834671,75.48358,-4.2640696,WAL
1806527299000,19.009911,0.646957986222493,-9.53874424876055,-0.211388615022702,1.2183707,1.212262,-1.0381655,22.152405,75.3222,-3.916756,WAL
1806532320000,19.014932,0.0865152938592676,-8.93229505531878,-1.26117303940785,1.2608259,1.346347,-0.9596693,22.484434,75.14236,-3.601859,WAL
1806537327000,19.019939,-0.472364722205793,-8.32753681760459,-2.30803036123545,1.2858714,1.5238034,-0.8668178,22.8866,74.965996,-3.345771,WAL
1806542358000,19.02497,-0.810690624812112,-7.9679407519878,-2.98458819692844,1.2959507,1.7137824,-0.79443026,23.32204,74.77526,-3.1253538,WAL
1806547649000,19.030261,-1.10617500664387,-7.65091906678065,-3.58551534958476,1.287093,1.9208658,-0.73273283,23.801775,74.57734,-2.9503343,WAL
1806552299000,19.034911,-1.20624727728383,-7.43337071358085,-3.66383270766976,1.273654,2.1093178,-0.68600166,24.399645,74.4715,-2.9401176,WAL
1806557273000,19.039885,-1.31329232549096,-7.20066415254519,-3.74760701715682,1.2538009,2.2745566,-0.6478226,25.10721,74.39286,-3.0145166,WAL
1806562309000,19.044921,-1.41937451377246,-7.00927650359281,-3.69633199640719,1.2412782,2.3661866,-0.6239988,25.842716,74.32028,-3.1119847,WAL
1806567286000,19.049898,-1.52402542586826,-6.82375877892216,-3.63449282107784,1.2147056,2.425746,-0.6230826,26.612608,74.26259,-3.2288222,WAL
1806572288000,19.0549,-1.61917781356299,-6.64836538129921,-3.47755435358268,1.1643091,2.4651468,-0.61941737,27.432573,74.20205,-3.3877466,WAL
1806577246000,19.059858,-1.71264597100394,-6.4754492753937,-3.31398505366142,1.108415,2.4801128,-0.6270532,28.261847,74.15744,-3.5516846,WAL
1806582318000,19.06493,-1.85608400236722,-6.41210359894569,-3.05123589034215,1.0506883,2.479502,-0.6389651,29.126945,74.10141,-3.7446246,WAL
1806587285000,19.069897,-2.0027527836483,-6.36479112072807,-2.78155461629202,0.9807441,2.449875,-0.64751714,29.987083,74.07086,-3.9402125,WAL
1806592315000,19.074927,-1.98244322576047,-6.11666748542315,-2.17884992845096,0.89888823,2.4266622,-0.679893,30.876894,74.023315,-4.1520042,WAL
1806597241000,19.079853,-1.93981920696717,-5.84671531694609,-1.5442252035639,0.84696466,2.3576343,-0.6939429,31.743158,73.992455,-4.3651533,WAL
1806602338000,19.08495,-1.88374564997044,-5.60158296055172,-0.856019314506404,0.75411314,2.309376,-0.70829827,32.650425,73.93744,-4.604015,WAL
1806607251000,19.089863,-1.82811901823645,-5.36980523958621,-0.188499859548768,0.6337727,2.1884248,-0.7165449,33.515472,73.911934,-4.833271,WAL
1806612342000,19.094954,-1.78677148477187,-5.23581599715584,0.319978456045823,0.5635232,2.0405953,-0.711658,34.363785,73.79725,-5.0487366,WAL
1806617261000,19.099873,-1.74955375560932,-5.1241628582461,0.780547573894924,0.42760566,1.9104811,-0.6957755,35.17673,73.74187,-5.2591867,WAL
1806622334000,19.104946,-1.77090729973243,-5.11640717252998,1.16114628764245,0.31398472,1.8106046,-0.6646214,35.930622,73.59656,-5.46527,WAL
1806627290000,19.109902,-1.80383157296601,-5.13051735784362,1.51390607735606,0.19883664,1.7143933,-0.6169739,36.63662,73.49699,-5.6701684,WAL
1806632347000,19.114959,-1.86380826210618,-5.15814285774018,1.6666241741832,0.08277224,1.6197093,-0.56779927,37.357998,73.329216,-5.851456,WAL
1806637336000,19.119948,-1.92885118531214,-5.18834149207507,1.77115747740665,-0.03359759,1.5451837,-0.52931476,38.040268,73.20384,-6.0343766,WAL
1806642347000,19.124959,-1.9941809283839,-5.21867329336834,1.87615174127771,-0.14263703,1.4862351,-0.47678033,38.672665,73.099434,-6.1902905,WAL
1806647303000,19.129915,-2.05879362179113,-5.24867217726565,1.97999360352976,-0.21685717,1.4471397,-0.4373795,39.27801,73.02172,-6.347185,WAL
1806652337000,19.134949,-2.11185583339282,-5.32504452607575,1.87637424231608,-0.30543262,1.4272866,-0.3998113,39.877197,72.969986,-6.5070176,WAL
1806657324000,19.139936,-2.15920820434265,-5.41974907019631,1.68696500574063,-0.37690386,1.4141531,-0.3659083,40.455963,72.93521,-6.6718507,WAL
1806662331000,19.144943,-2.1115429302907,-5.39337843327711,1.50327262915964,-0.42119157,1.409877,-0.3484986,41.025238,72.903694,-6.842998,WAL
1806667345000,19.149957,-2.02102358991963,-5.31238758329199,1.3222340479115,-0.48899764,1.4059063,-0.30909783,41.579777,72.89344,-7.025544,WAL
1806672333000,19.154945,-1.90814151711837,-5.23158265226186,1.22222135855919,-0.52656585,1.38025,-0.29352075,42.16749,72.8928,-7.21342,WAL
1806677362000,19.159974,-1.78337010290953,-5.15000115795137,1.15983565145476,-0.53969944,1.3356569,-0.2687807,42.73809,72.90044,-7.409003,WAL
1806682325000,19.164937,-1.66072385192908,-5.10777315028478,1.13014905017087,-0.57543504,1.246776,-0.2434298,43.32115,72.91433,-7.5946393,WAL
1806687367000,19.169979,-1.53636719580506,-5.08385842312912,1.11580021387747,-0.60903263,1.1343768,-0.2312125,43.876705,72.9334,-7.7745366,WAL
1806692311000,19.174923,-1.41442762661087,-5.06040852010302,1.10173027206181,-0.6435465,1.0076222,-0.2125811,44.41921,72.95281,-7.9265437,WAL
1806697368000,19.17998,-1.28970100820167,-5.03642264639691,1.08733874783815,-0.67347896,0.84940815,-0.20586158,44.9136,72.983604,-8.065007,WAL
1806702332000,19.184944,-1.22678617265554,-5.02933995929239,1.07611296283044,-0.7153232,0.77304995,-0.20219639,45.405334,73.02328,-8.192698,WAL
1806707362000,19.189974,-1.19773520517137,-5.03176087114283,1.06642931542869,-0.7602218,0.625526,-0.20097467,45.825726,73.07353,-8.302202,WAL
1806712326000,19.194938,-1.16906542334405,-5.0341500175495,1.05687272980199,-0.788627,0.5009095,-0.204029,46.24515,73.123474,-8.357607,WAL
1806717339000,19.199951,-1.14011264004423,-5.0365627473917,1.04722181043321,-0.82863873,0.40286562,-0.17989981,46.620796,73.18638,-8.412023,WAL
1806722323000,19.204935,-1.19469670227858,-5.1451227252229,1.01617192300376,-0.8738427,0.31795537,-0.14874569,46.976875,73.25507,-8.450825,WAL
1806727335000,19.209947,-1.29455586177927,-5.31155469082623,0.973375133267288,-0.9245446,0.3036,-0.12308934,47.31726,73.33401,-8.493109,WAL
1806732345000,19.214957,-1.4124230608272,-5.45963889676187,0.94607399477505,-0.98807454,0.2968805,-0.09712757,47.641376,73.42563,-8.521759,WAL
1806737363000,19.219975,-1.54095293082434,-5.59734961213105,0.927712567656892,-1.0451905,0.34391713,-0.043982297,47.967133,73.52072,-8.568466,WAL
1806742347000,19.224959,-1.65477575361329,-5.90545293308531,0.982743775323616,-1.110553,0.42210788,0.017715093,48.307785,73.63336,-8.642414,WAL
1806747339000,19.229951,-1.75710539340536,-6.35862675414331,1.09969189510753,-1.1695015,0.4859433,0.084910266,48.64903,73.74833,-8.734224,WAL
1806752323000,19.234935,-1.78126316267318,-6.80257001486096,1.29167095060301,-1.2403619,0.56077427,0.15821409,49.044994,73.869125,-8.856596,WAL
1806757358000,19.23997,-1.7476207008472,-7.24472777629822,1.54158615906509,-1.2739595,0.68844515,0.26725355,49.46218,73.97656,-9.013149,WAL
1806762337000,19.244949,-1.57174731790014,-7.95428533333333,1.88699848032366,-1.2699889,0.8206975,0.35827246,49.903584,74.08395,-9.181008,WAL
1806767346000,19.249958,-1.2877317785672,-8.872602,2.30828820029603,-1.2366967,0.9242391,0.41141775,50.363407,74.17744,-9.370885,WAL
1806772320000,19.254932,-0.997217051696092,-9.78962009164848,2.82526432880381,-1.169807,1.0488557,0.49235737,50.827312,74.22954,-9.5762615,WAL
1806777331000,19.259943,-0.697342946677247,-10.7178022239635,3.4297724918171,-1.0323622,1.1670581,0.54275376,51.311726,74.25239,-9.789001,WAL
1806782359000,19.264971,-0.259720491348765,-11.768330035648,4.20040754253345,-0.8454375,1.2330315,0.5476407,51.739796,74.26383,-9.926578,WAL
1806787461000,19.270073,0.308151711413224,-12.9422509546831,5.13095424182049,-0.59773165,1.2159272,0.47952923,52.1739,74.23701,-10.057396,WAL
1806792331000,19.274943,1.06523001676141,-14.1611397768215,6.00476497658126,-0.29718593,1.1181889,0.3484986,52.497974,74.168304,-10.089413,WAL
1806797342000,19.279954,2.07381385623899,-15.5203258842074,6.88847679233387,0.016187929,1.0015136,0.16401732,52.816277,74.06837,-10.087303,WAL
1806802332000,19.284944,3.02602167585236,-16.6091842508014,7.27176671005342,0.27000242,0.94989544,-0.070554934,52.995144,73.93362,-9.905062,WAL
1806807339000,19.289951,3.9249586613016,-17.4149673995143,7.11806226663429,0.36071593,0.93951076,-0.16554448,53.160137,73.77179,-9.718936,WAL
1806812333000,19.294945,4.70539355724131,-18.0530594797243,6.8602419411706,0.48563787,1.1319333,-0.37232238,53.246136,73.60347,-9.295299,WAL
1806817334000,19.299946,5.32726436078706,-18.4644516697962,6.45841798477827,0.58368176,1.2684617,-0.61575216,53.339943,73.42434,-8.858832,WAL
1806822249000,19.304861,5.64434080206144,-18.3569459661763,6.17679130815571,0.6258314,1.2589933,-0.8228355,53.43175,73.32462,-8.299435,WAL
1806827342000,19.309954,5.53208033849695,-17.4783869023316,6.05476898094666,0.6441574,1.1355985,-0.91721416,53.556362,73.200676,-7.7376127,WAL
1806832285000,19.314897,5.07680493600317,-16.1517718378271,5.96991994686756,0.6582073,0.9428705,-0.93279123,53.686306,73.138374,-7.104639,WAL
1806837443000,19.320055,4.09258296578113,-14.0707044399286,5.93074716613799,0.6395759,0.72509706,-0.8527679,53.787155,73.05165,-6.4917474,WAL
1806842307000,19.324919,3.07777654282949,-12.0555517329205,5.83711110934778,0.61300325,0.5708536,-0.75319684,53.867462,72.92147,-5.905392,WAL
1806847350000,19.329962,1.89538385113219,-9.88705343690729,5.65484477220824,0.5546656,0.4999932,-0.6310238,53.91021,72.77372,-5.3593946,WAL
1806852264000,19.334876,0.797783106160229,-7.86767906378544,5.40600833843722,0.44501534,0.50732356,-0.5036584,53.942772,72.53333,-4.9657965,WAL
1806857338000,19.33995,-0.219865441349402,-5.98118877021634,4.99798916704534,0.27885997,0.5702427,-0.38728857,53.963425,72.3087,-4.6127996,WAL
1806862248000,19.34486,-1.09786287103316,-4.40049451037962,4.54277070581451,0.0693332,0.6365216,-0.2519819,54.02811,72.016556,-4.4649878,WAL
1806867339000,19.349951,-1.74918605495819,-3.35556575734743,3.92424781962518,-0.15882497,0.68386364,-0.106901415,54.08725,71.77066,-4.358529,WAL
1806872300000,19.354912,-2.34359979664219,-2.52155382077337,3.32946705819873,-0.36193767,0.7104363,0.04153884,54.164303,71.58486,-4.392279,WAL
1806877344000,19.359956,-2.80702913510524,-2.31821252800783,2.75254480641214,-0.54611355,0.68875057,0.19730948,54.226933,71.44517,-4.468046,WAL
1806882317000,19.364929,-3.27100703313389,-2.41376398491417,2.20684560873958,-0.711658,0.623388,0.36010507,54.32949,71.39016,-4.670922,WAL
1806887461000,19.370073,-3.78320800466896,-3.86338899905836,1.74779767245709,-0.89766645,0.50762904,0.528093,54.396557,71.37344,-4.91261,WAL
1806892358000,19.37497,-4.2004325313309,-5.23846869344926,1.36458277167276,-1.0998629,0.31612277,0.6826419,54.480686,71.45186,-5.2575192,WAL
1806897341000,19.379953,-4.23815306835293,-6.61055431077957,1.27028142911768,-1.3332134,0.053145275,0.8228355,54.498085,71.56418,-5.6297865,WAL
1806902324000,19.384936,-4.29246364472135,-8.03936104109105,1.17090187291994,-1.5699236,-0.10323623,0.8921687,54.59511,71.81501,-6.0940943,WAL
1806907348000,19.38996,-4.46713119731162,-9.88989495066719,1.03400012070644,-1.6914859,-0.47158796,1.035722,54.54236,72.053314,-6.574242,WAL
1806912287000,19.394899,-4.69051063526637,-11.7179755821702,0.861380790281109,-1.8704693,-0.8200866,1.1780536,54.517788,72.38995,-7.0533786,WAL
1806917332000,19.399944,-5.55005595657558,-13.6935046557893,0.220283512769805,-1.9740111,-1.244027,1.3610078,54.35769,72.68376,-7.5400705,WAL
1806922484000,19.405096,-6.42733283401085,-15.6321378780464,-0.469347615595461,-1.9911152,-1.6841555,1.5775595,54.19124,73.00801,-8.037805,WAL
1806927346000,19.409958,-7.24969842203256,-16.5877360341391,-1.50764162278638,-1.922393,-1.9920316,1.7437148,53.93969,73.273445,-8.53675,WAL
1806932620000,19.415232,-7.9992627957655,-17.5849951028663,-2.53309829301908,-1.724778,-2.0207422,1.8258762,53.77533,73.55133,-9.1369095,WAL
1806937380000,19.419992,-7.1297082966144,-18.0584693982822,-2.36465062578648,-1.409877,-1.7269161,1.749518,53.615627,73.72218,-9.716183,WAL
1806942616000,19.425228,-6.11350812259639,-18.5581063649585,-2.03205262102489,-0.9425651,-1.1111639,1.4871514,53.656635,73.86985,-10.36689,WAL
1806947341000,19.429953,-4.52344969287457,-18.7701147397755,-0.0709805961346996,-0.37048978,-0.45081854,1.1490375,53.792686,73.893654,-10.9666605,WAL
1806952680000,19.435292,-2.76020054133855,-18.9396954897325,2.10681804941598,0.14538592,-0.20005837,0.83077675,54.042664,73.8907,-11.3467245,WAL
1806957347000,19.439959,-1.94343138156556,-17.5713962413338,3.18461659446119,0.47067168,-0.38637227,0.550695,54.363663,73.85354,-11.643334,WAL
1806962285000,19.444897,-1.07923465755463,-16.1236435761115,4.32499997038433,0.5723807,-0.62888575,0.29260445,54.542587,73.766396,-11.633759,WAL
1806967338000,19.44995,-0.701740021670061,-14.3843244840462,4.47910437644263,0.50243664,-0.7837401,0.10140363,54.69911,73.695786,-11.563986,WAL
1806972269000,19.454881,-0.426946696959558,-12.6393870043643,4.44246524352633,0.36041048,-0.87109387,-0.054367006,54.812737,73.664665,-11.429161,WAL
1806977343000,19.459955,-0.201917461301407,-10.7510087222389,3.89531327686321,0.16432275,-0.9669997,-0.1518,54.705235,73.59141,-11.181752,WAL
1806982307000,19.464919,0.00203231053217598,-8.87751697006884,3.21706164621371,-0.04428773,-1.0888673,-0.17256944,54.569584,73.56056,-10.912747,WAL
1806987414000,19.470026,-0.0998337787969478,-7.2707907125161,2.26917450805668,-0.2611449,-1.2342533,-0.10476339,54.382744,73.53096,-10.638559,WAL
1806992249000,19.474861,-0.278790334848875,-5.83454943464473,1.30556240994946,-0.49663344,-1.4263704,-0.013133603,54.14597,73.54367,-10.360114,WAL
1806997338000,19.47995,-0.71531926262686,-4.62884660565573,0.0430952122967779,-0.73731434,-1.5137241,0.1282817,53.882072,73.59351,-10.14677,WAL
1807002278000,19.48489,-1.21875980754754,-3.55670461610011,-1.26212098102276,-0.9737192,-1.599856,0.21105394,53.562782,73.68442,-9.932351,WAL
1807007348000,19.48996,-1.75198436674007,-2.83931086149535,-2.26739121140026,-1.0842859,-1.5949692,0.3622431,53.279205,73.804985,-9.84149,WAL
1807012280000,19.494892,-2.27674082415174,-2.28146172567311,-3.1230752921129,-1.2544118,-1.6136005,0.5021312,52.964188,73.97507,-9.764759,WAL
1807017323000,19.499935,-2.65865988414562,-1.8868567972573,-3.67691862412194,-1.4165965,-1.7211128,0.59803706,52.69948,74.21727,-9.821681,WAL
1807022307000,19.504919,-2.97887445928374,-1.56193313869376,-4.10544118379045,-1.606881,-1.9184223,0.6881397,52.40369,74.46905,-9.911269,WAL
1807027345000,19.509957,-3.20334123730298,-1.4387516732049,-4.53769585814361,-1.7708983,-2.189952,0.7489208,52.041256,74.78512,-10.119131,WAL
1807032412000,19.515024,-3.38747250718039,-1.4009811765324,-4.97205656987741,-1.9077321,-2.456289,0.8017606,51.623795,75.09403,-10.345459,WAL
1807037426000,19.520038,-3.47330568073394,-1.4527752353211,-5.46998202201835,-2.0033326,-2.659402,0.8371908,51.17793,75.39671,-10.635192,WAL
1807042421000,19.525033,-3.51146771982449,-1.548180382858,-5.99948091212605,-2.0500638,-2.7739391,0.8933904,50.681335,75.65735,-10.9453335,WAL
1807047339000,19.529951,-3.51815110661417,-1.83083475225394,-6.40019050434055,-2.0360138,-2.712547,0.9789116,50.22084,75.87847,-11.312926,WAL
1807052379000,19.534991,-3.50864971448819,-2.22039217666339,-6.74699146575787,-1.9428569,-2.5357015,1.0833695,49.76255,76.01517,-11.710061,WAL
1807057346000,19.539958,-3.47775874975865,-2.86997246624217,-6.8335990123344,-1.752267,-2.3109033,1.1847731,49.393784,76.08446,-12.152498,WAL
1807062344000,19.544956,-3.4335168253877,-3.68599069571737,-6.76477818976071,-1.5063937,-2.1019874,1.2608259,49.076046,76.0406,-12.629104,WAL
1807067317000,19.549929,-3.30528600297472,-4.68121635311849,-6.84939286901339,-1.2357804,-1.8115209,1.3359623,48.90112,75.90747,-13.136461,WAL
1807072351000,19.554963,-3.13319408329202,-5.7806927673178,-7.01192393237481,-0.9801333,-1.4123205,1.4294246,48.825775,75.65939,-13.679673,WAL
1807077343000,19.559955,-3.03997858654611,-7.16453639636327,-6.87815954759539,-0.7101309,-0.93309665,1.5079209,48.892143,75.346634,-14.206935,WAL
1807082381000,19.564993,-2.98724328149841,-8.71782878805644,-6.58571876560016,-0.48472157,-0.40408736,1.5500705,49.100616,74.96294,-14.753599,WAL
1807087414000,19.570026,-2.9000579606662,-10.3701803598285,-6.11161194977561,-0.39920044,0.15027285,1.566564,49.560116,74.60623,-15.228089,WAL
1807092421000,19.575033,-2.79484969020644,-12.0678599618031,-5.5425308209634,-0.40653083,0.6411031,1.5653422,50.165802,74.21196,-15.706209,WAL
1807097338000,19.57995,-2.49012569350471,-13.3841241203885,-4.89124509095369,-0.47250426,0.81489426,1.5247196,50.986107,73.91584,-16.042204,WAL
1807102348000,19.58496,-2.06644220390502,-14.5280690409144,-4.17569075951727,-0.57451874,1.0476339,1.502423,51.963116,73.59916,-16.38756,WAL
1807107345000,19.589957,-1.40736053127991,-15.1128239973526,-3.54773639356481,-0.6301075,1.1979067,1.4379768,52.808758,73.33397,-16.664854,WAL
1807112345000,19.594957,-0.588246642673862,-15.3224788186539,-2.97728195918949,-0.80573124,1.2779301,1.3326025,53.69834,106.92641,-16.923117,WAL
1807117322000,19.599934,0.107198270112448,-15.2215347768791,-2.536334688696,-1.0201449,1.3353515,1.180497,54.44401,107.09923,-17.079487,WAL
1807122358000,19.60497,0.739909875044388,-14.9361006750838,-2.16527080343263,-1.2513574,1.3842206,0.9483683,55.206608,107.23538,-17.18167,WAL
1807127344000,19.609956,1.17063328036323,-14.3897055686365,-1.6469220412833,-1.4709635,1.3469579,0.6728681,55.83125,107.241165,-17.138811,WAL
1807132403000,19.615015,1.47882772826588,-13.6616521786669,-1.02159993184291,-1.676825,1.1475104,0.4111123,56.415848,107.21051,-17.03796,WAL
1807137377000,19.619989,1.68500115193929,-12.9174654873524,-0.409121844688027,-1.8274034,0.7733554,0.16279559,56.862766,107.06712,-16.810015,WAL
1807142424000,19.625036,1.77130360032735,-12.1263596270211,0.209378768415832,-1.9123137,0.29779682,-0.055283304,57.212833,106.889114,-16.528364,WAL
1807147328000,19.62994,1.74794664119293,-11.4608033945449,0.696757913597762,-1.9361374,-0.25809056,-0.2669481,57.321796,106.648384,-16.1908,WAL
1807152353000,19.634965,1.57485795825757,-10.9223055376161,1.03812721447697,-1.8848248,-0.82344633,-0.4428773,57.281963,106.37673,-15.820026,WAL
1807157344000,19.639956,1.19129798886409,-10.5360496747679,1.28752761066027,-1.7825048,-1.3726143,-0.6133087,57.009914,106.05475,-15.429023,WAL
1807162331000,19.644943,0.513787129767393,-10.3567080619589,1.41207001586523,-1.6490307,-1.829236,-0.7687739,56.596638,105.69354,-15.011099,WAL
1807167319000,19.649931,-0.1948276469627,-10.1961686265542,1.32981527815275,-1.5057828,-2.1649065,-0.8927795,56.036995,105.31064,-14.6069145,WAL
1807172363000,19.654975,-0.943194548845471,-10.0531689369943,1.03428187298204,-1.3735305,-2.320677,-0.93737274,55.39903,104.90243,-14.193183,WAL
1807177336000,19.659948,-1.65342849548273,-9.84124196589903,0.669935363472099,-1.2363913,-2.3405302,-0.9691377,54.72736,104.52099,-13.84064,WAL
1807182376000,19.664988,-2.34221202781222,-9.54672784720992,0.218663346465899,-1.1307116,-2.230269,-0.94897914,54.05495,104.13621,-13.493441,WAL
1807187353000,19.669965,-2.90274292768743,-9.18551985382785,-0.148581059401031,-1.0332786,-2.0271564,-0.86498517,53.428375,103.87612,-13.274348,WAL
1807192329000,19.674941,-3.31388083201111,-8.73657599504165,-0.417947266112654,-0.95722586,-1.8234328,-0.7128797,52.842884,103.63449,-13.077785,WAL
1807197278000,19.67989,-3.61081056839013,-8.31166393713279,-0.617006312000588,-0.89980453,-1.7293595,-0.61483586,52.37177,103.514145,-13.003441,WAL
1807202352000,19.684964,-3.7535624804152,-7.90720055076381,-0.721690986205445,-0.8750645,-1.5656476,-0.38881573,51.992416,103.46597,-12.999016,WAL
1807207240000,19.689852,-3.81258633897796,-7.58003794774549,-0.87709830508517,-0.8518516,-1.412015,-0.15271631,51.667316,103.52294,-13.087175,WAL
1807212328000,19.69494,-3.73446718547094,-7.35056308089178,-1.13586788254409,-0.8350528,-1.2308935,0.07452556,51.409462,103.63344,-13.226323,WAL
1807217258000,19.69987,-3.59790342812887,-7.21301809847488,-1.40054257266228,-0.8371908,-1.0213667,0.23426682,51.191513,103.82116,-13.420669,WAL
1807222414000,19.705026,-3.34844822565056,-7.21772479762654,-1.70177151495568,-0.81183994,-0.8249735,0.3475823,51.033092,104.049194,-13.656532,WAL
1807227246000,19.709858,-3.04102445405405,-7.25714905405405,-1.93296203243243,-0.79534656,-0.68661255,0.43951756,50.950874,104.327065,-13.932492,WAL
1807232369000,19.714981,-2.5116142230234,-7.39568626779952,-2.0368650073215,-0.74464476,-0.6227771,0.51893,50.912983,104.621475,-14.227137,WAL
1807237374000,19.719986,-1.88034616471799,-7.64061695480434,-2.08778267984567,-0.6759224,-0.6218608,0.5748242,50.93206,104.91847,-14.5184765,WAL
1807242345000,19.724957,-1.00133936781922,-8.12603880360096,-2.02655828030498,-0.59650993,-0.66737026,0.58276546,50.96308,105.21272,-14.810188,WAL
1807247284000,19.729896,-0.196795207928513,-8.57561475142161,-1.97674316441917,-0.539394,-0.7644979,0.56382865,50.933075,105.454926,-15.0340805,WAL
1807252350000,19.734962,0.0938678795613322,-8.78252700264013,-2.01122859106418,-0.50488013,-0.87017757,0.52381694,50.891403,105.68505,-15.250633,WAL
1807257306000,19.739918,0.352958167758535,-8.96710838396833,-2.07042407758535,-0.5018258,-0.95905846,0.46089783,50.740776,105.7741,-15.320057,WAL
1807262310000,19.744922,0.471519125763483,-9.05247251380505,-2.27434893763483,-0.52687126,-1.0268645,0.398895,50.56635,105.84893,-15.377239,WAL
1807267287000,19.749899,0.568716429552826,-9.13023213120393,-2.46462484052088,-0.58093286,-1.0461067,0.33658674,50.363087,105.869675,-15.37564,WAL
1807272333000,19.754945,0.521223006427519,-9.15872777346437,-2.56911041602948,-0.6386596,-1.0091494,0.2874121,50.1569,105.876976,-15.358512,WAL
1807277292000,19.759904,0.466354527367643,-9.17769882076309,-2.65761629290151,-0.7079928,-0.9242391,0.24801129,49.9726,105.87104,-15.311882,WAL
1807282344000,19.764956,0.328024755572316,-9.10614899290151,-2.60514631952085,-0.786489,-0.81153446,0.22479841,49.807655,105.861206,-15.253898,WAL
1807287347000,19.769959,0.182395427754119,-9.03651887322351,-2.53603675439882,-0.86559606,-0.70707655,0.22235495,49.674423,105.86679,-15.196864,WAL
1807292294000,19.774906,-0.0692228686599459,-8.98293363093189,-2.25413107752643,-0.95111716,-0.6609562,0.23273966,49.55735,105.87873,-15.135993,WAL
1807297463000,19.780075,-0.332132707787558,-8.92694371433489,-1.95957469107942,-1.0491611,-0.5681047,0.25900686,49.478516,105.92408,-15.096422,WAL
1807302337000,19.784949,-0.580038019435456,-8.87414919827883,-1.68182893222031,-1.1117748,-0.5684101,0.2687807,49.385857,105.97508,-15.056654,WAL
1807307555000,19.790167,-0.842746723127775,-8.8165953701036,-1.38956008553527,-1.1432343,-0.57940567,0.2932153,49.312847,106.04907,-15.027894,WAL
1807312351000,19.794963,-1.03308470205229,-8.74408562328564,-1.21734956697583,-1.1914927,-0.6209445,0.3277292,49.23157,106.139435,-15.006172,WAL
1807317669000,19.800281,-1.24055218094657,-8.66522936144239,-1.03211875790215,-1.2165382,-0.6805039,0.3631594,49.08333,106.2636,-15.063498,WAL
1807322392000,19.805004,-1.35098624599493,-8.62700228913513,-0.985396650046953,-1.2464706,-0.73273283,0.40958515,48.928436,106.40334,-15.13339,WAL
1807327286000,19.809898,-1.46541866486994,-8.58739117503991,-0.936982930833881,-1.2220359,-0.7703011,0.4437936,48.745495,106.5577,-15.242431,WAL
1807332395000,19.815007,-1.61058510500818,-8.55978899713818,-0.916332252674775,-1.2043208,-0.79381937,0.48288897,48.556427,106.724754,-15.36377,WAL
1807337420000,19.820032,-1.75814270977105,-8.53519608013083,-0.901576507606296,-1.162782,-0.81031275,0.5216789,48.363007,106.89015,-15.49189,WAL
1807342440000,19.825052,-1.90798146565962,-8.56810205850957,-0.882636326155086,-1.1191051,-0.8151997,0.569021,48.157608,107.07895,-15.653211,WAL
1807347243000,19.829855,-2.0515785898288,-8.60515940427996,-0.864107648433031,-1.0748174,-0.8029824,0.61117065,47.95794,107.26536,-15.81863,WAL
1807352342000,19.834954,-2.19724667805457,-8.73820557502966,-0.797584405753262,-1.0219775,-0.77396625,0.6575964,47.765476,107.47374,-16.021019,WAL
1807357246000,19.839858,-2.33652512582048,-8.87748358649664,-0.727945230347964,-0.98349303,-0.77274454,0.70463306,47.57519,107.68265,-16.228811,WAL
1807362351000,19.844963,-2.4548238874854,-9.08234568304788,-0.656429706082133,-0.95325524,-0.7675522,0.73853606,47.391018,107.90871,-16.465239,WAL
1807367264000,19.849876,-2.56471301012067,-9.2883880868042,-0.5877490163877,-0.9297369,-0.7626653,0.7663304,47.214703,108.1341,-16.704178,WAL
1807372383000,19.854995,-2.60156766191041,-9.49797955769801,-0.48754497436369,-0.9016371,-0.7806858,0.77121735,47.025314,108.35763,-16.957586,WAL
1807377296000,19.859908,-2.62017764730545,-9.69803771442698,-0.385189719481855,-0.8698721,-0.806953,0.77549344,46.842667,108.577385,-17.208092,WAL
1807382419000,19.865031,-2.62759286878895,-9.97731117502032,-0.321345845732864,-0.820392,-0.86651236,0.77488256,46.623207,108.78945,-17.458843,WAL
1807387420000,19.870032,-2.63191817149824,-10.2671036112165,-0.269442714540775,-0.7806858,-0.9431759,0.7648033,46.397625,108.99011,-17.698805,WAL
1807392392000,19.875004,-2.5856710505577,-10.5011362171375,-0.296947891278015,-0.73364913,-0.97066486,0.7470882,46.13475,109.1677,-17.925127,WAL
1807397343000,19.879955,-2.50658872188054,-10.6988417807777,-0.376030173505681,-0.66798115,-1.024421,0.7302894,45.848354,109.32996,-18.141472,WAL
1807402344000,19.884956,-2.34969147588393,-10.828087808557,-0.56799370873923,-0.6246097,-1.0613784,0.6921103,45.521885,109.46389,-18.332024,WAL
1807407347000,19.889959,-2.1551363657522,-10.9229926919877,-0.814746593946717,-0.5439755,-1.0458013,0.6609562,45.202847,109.57953,-18.509485,WAL
1807412329000,19.894941,-1.90153780197487,-10.9931080062837,-1.09573627394973,-0.45051312,-0.99296147,0.6417139,44.87242,109.67438,-18.662342,WAL
1807417349000,19.899961,-1.61383231903052,-11.0506487423698,-1.39782688583882,-0.3622431,-0.90102625,0.6221663,44.565105,109.74955,-18.795942,WAL
1807422380000,19.904992,-1.25395536175403,-11.0328594360887,-1.62366644514113,-0.2611449,-0.788627,0.61300325,44.291016,109.80931,-18.900105,WAL
1807427350000,19.909962,-0.860514680604839,-10.9752830883065,-1.80599264866935,-0.16218472,-0.66523224,0.6038403,44.05251,109.85351,-18.990072,WAL
1807432425000,19.915037,-0.413915007006588,-10.7818111326268,-1.94207274127757,-0.08124508,-0.52687126,0.5910121,43.858406,109.88186,-19.046467,WAL
1807437342000,19.919954,0.0402055915955313,-10.5300215769121,-2.04998265147522,-0.02107485,-0.3817908,0.5739079,43.705868,109.89815,-19.091972,WAL
1807442346000,19.924958,0.467836991160605,-10.3109285753984,-2.06946505159379,-0.0030543262,-0.27000242,0.52564955,43.57696,109.87257,-19.08405,WAL
1807447348000,19.92996,0.869150967073968,-10.120059450756,-2.02052425302411,-0.021991149,-0.19853121,0.45631635,43.47929,109.83348,-19.060572,WAL
1807452331000,19.934943,1.07693569818887,-10.0721786082197,-1.79848505481142,-0.095294975,-0.17989981,0.3463606,43.38132,109.73928,-18.969517,WAL
1807457362000,19.939974,1.16323850051746,-10.11532985919,-1.46286323488904,-0.21410827,-0.23335053,0.20158553,43.279396,109.62093,-18.848257,WAL
1807462341000,19.944953,1.07438499325169,-10.3092004897858,-1.13140613033518,-0.35308012,-0.31215215,0.07147124,43.13703,109.44355,-18.661896,WAL
1807467341000,19.949953,0.870198792339349,-10.6036089586474,-0.799010007764776,-0.47647488,-0.39675698,-0.013439035,42.972507,109.247894,-18.449842,WAL
1807472336000,19.954948,0.569994662064051,-10.8585182548186,-0.500702215061777,-0.539394,-0.4831944,-0.058337633,42.7166,108.99887,-18.196997,WAL
1807477347000,19.959959,0.200006363618563,-11.0862029979243,-0.225582703050311,-0.5635232,-0.56291234,-0.060170226,42.435574,108.74755,-17.937054,WAL
1807482392000,19.965004,-0.0875806829221199,-11.3062411750588,-0.0865956147849726,-0.5158757,-0.6020077,-0.056199603,42.081356,108.47976,-17.681833,WAL
1807487456000,19.970068,-0.310871882868045,-11.5200309720807,-0.053339475013029,-0.44104472,-0.5842926,-0.03176499,41.72249,108.219734,-17.435556,WAL
1807492321000,19.974933,-0.426564734835943,-11.734763253715,-0.067831337442605,-0.31764993,-0.56230146,-0.02107485,41.3133,107.97901,-17.233377,WAL
1807497340000,19.979952,-0.455326673198364,-11.9648584002194,-0.125355215669093,-0.2501493,-0.5204572,-0.028099801,40.920044,107.74167,-17.033634,WAL
1807502325000,19.984937,-0.426918429795054,-12.2339708425864,-0.219099058779948,-0.124005646,-0.46670106,-0.05100725,40.5317,107.51604,-16.859682,WAL
1807507359000,19.989971,-0.343422470495526,-12.5447613712114,-0.348981678818436,0.012217305,-0.40103304,-0.07727446,40.164883,107.285576,-16.682266,WAL
1807512340000,19.994952,-0.248727458732536,-12.8624597498241,-0.446503100110564,0.15668693,-0.3210097,-0.124311075,39.815243,107.03944,-16.490416,WAL
1807517332000,19.999944,-0.138206733285556,-13.1940220776963,-0.5041660940195,0.30940324,-0.22082779,-0.19120082,39.49564,106.77602,-16.285217,WAL
1807522263000,20.004875,-0.0263198348478983,-13.5498005808407,-0.52624227297654,0.45814893,-0.1133155,-0.26236662,39.200523,106.481224,-16.046213,WAL
1807527345000,20.009957,0.0926179290101662,-13.9541886840665,-0.502454712653959,0.63255095,-0.015271631,-0.35277468,38.934986,106.15966,-15.784789,WAL
1807532310000,20.014922,0.229897968032987,-14.3538484449196,-0.511420208698839,0.7987063,0.09285152,-0.44318274,38.68636,105.79891,-15.48353,WAL
1807537378000,20.01999,0.402849907519853,-14.7689332276522,-0.57071802227245,0.94714653,0.20189096,-0.5332854,38.46921,105.416824,-15.161286,WAL
1807542279000,20.024891,0.556697823784391,-15.1336236568407,-0.656361686086468,1.1050552,0.31856623,-0.6264423,38.264046,104.98173,-14.787276,WAL
1807547345000,20.029957,0.697442653217294,-15.460515295059,-0.783486029803481,1.2626585,0.4297437,-0.7367035,38.09159,104.52839,-14.390758,WAL
1807552253000,20.034865,0.808806139565985,-15.70074108374,-0.867310053057834,1.4257594,0.5122105,-0.85062987,37.914963,104.03526,-13.948763,WAL
1807557321000,20.039933,0.859200977082338,-15.7511356107881,-0.852191616010799,1.5800029,0.559858,-0.97585726,37.76278,103.52762,-13.483306,WAL
1807562243000,20.044855,0.940372824004949,-15.4007813717046,-0.804258541867327,1.7672331,0.5882632,-1.1160508,37.630157,102.97997,-12.965922,WAL
1807567285000,20.049897,1.08283729566004,-14.3070222359855,-0.693963479421338,1.9837849,0.56321776,-1.2095132,37.49771,102.44059,-12.440356,WAL
1807572291000,20.054903,1.09270537740957,-13.3703055316268,-0.625229758013441,2.2379048,0.5112942,-1.2675453,37.36736,78.100685,-11.888663,WAL
1807577312000,20.059924,0.726767786228504,-12.8570425157146,-0.672754113544179,2.5158484,0.4352415,-1.3289373,37.225124,78.61924,-11.323835,WAL
1807582299000,20.064911,0.292742109628041,-12.458370046891,-0.693797554544607,2.7977629,0.39614612,-1.3979651,37.076183,79.08501,-10.7587595,WAL
1807587371000,20.069983,-0.377425467976135,-12.4130884867158,-0.630403323016687,3.044247,0.4166101,-1.4990633,36.924793,79.497086,-10.177628,WAL
1807592374000,20.074986,-1.05390150663975,-12.3852993122278,-0.555415108745352,3.2391129,0.45112398,-1.5641204,36.814743,79.765335,-9.662164,WAL
1807597306000,20.079918,-1.84671827982577,-12.4956911265271,-0.379791152404122,3.2959235,0.51923543,-1.7162259,36.72465,79.99006,-9.1034565,WAL
1807602277000,20.084889,-2.62308218778858,-12.610865337181,-0.255385402569866,3.3658676,0.5717699,-1.858252,36.698086,80.02331,-8.6498575,WAL
1807607319000,20.089931,-3.32224534117051,-12.7428752711624,-0.333613441634265,3.3423493,0.5907067,-1.949271,36.684765,80.00563,-8.178864,WAL
1807612311000,20.094923,-4.00390988138792,-12.8975100273906,-0.523577514479288,3.2513304,0.6065892,-1.983174,36.729298,79.85091,-7.8129206,WAL
1807617290000,20.099902,-4.65001999413473,-13.1282639316686,-1.07277100670538,3.1129694,0.6151413,-1.9752327,36.778915,79.66658,-7.444055,WAL
1807622343000,20.104955,-5.32988568268443,-13.4135961789959,-1.65326782972336,2.9907963,0.6453791,-1.9065105,36.94319,79.391365,-7.196528,WAL
1807627310000,20.109922,-6.10968890635246,-13.9302155793033,-2.33072199797131,2.8722885,0.7128797,-1.8322903,37.11641,79.11823,-6.963001,WAL
1807632304000,20.114916,-6.85781242708234,-14.3890488871966,-2.8148638066159,2.7742445,0.81245077,-1.7712038,37.42032,78.82552,-6.873188,WAL
1807637380000,20.119992,-7.48715210894812,-14.6343059381247,-2.58811639814374,2.638938,0.86070913,-1.7724255,37.72011,78.56538,-6.7896256,WAL
1807642357000,20.124969,-8.06735308981916,-14.8306622285943,-2.34734442851434,2.4651468,0.70616025,-1.7800614,38.114174,78.31747,-6.845715,WAL
1807647308000,20.12992,-8.39422098871016,-14.7264439011889,-1.98257894702767,2.3182335,0.33078352,-1.7669277,38.4437,78.09962,-6.8922424,WAL
1807652295000,20.134907,-8.65276667120603,-14.5824698164985,-1.77712397582052,2.2046127,-0.17837265,-1.7400496,38.762203,77.85328,-7.0028653,WAL
1807657318000,20.13993,-8.35585555168022,-14.1300336842363,-2.84694630457529,2.067168,-0.60994893,-1.7537941,38.98037,77.661095,-7.0776405,WAL
1807662302000,20.144914,-8.0168971713008,-13.6524770126385,-3.83038296605094,1.8573358,-0.6114761,-1.820073,39.22499,77.46207,-7.1643925,WAL
1807667303000,20.149915,-7.11359560602761,-12.8097059255298,-3.82572677542291,1.5265522,-0.34483343,-1.9236146,39.410862,77.34156,-7.21499,WAL
1807672597000,20.155209,-6.1385669077063,-11.9154094005095,-3.75238572739514,1.1551461,-0.18600847,-1.9382755,39.57984,77.357796,-7.240696,WAL
1807677312000,20.159924,-5.04985963721226,-11.0937437545264,-2.88552827998362,0.95294976,-0.110872045,-1.8044959,39.78674,77.404945,-7.281256,WAL
1807682582000,20.165194,-3.83300124580111,-10.1753603071604,-1.91663352964243,0.9645562,-0.15057829,-1.5885551,39.94977,77.50899,-7.216097,WAL
1807687363000,20.169975,-2.84662986211943,-9.75112018983015,-1.59669649753231,0.9211848,-0.21868975,-1.416902,40.115765,77.6534,-7.1809855,WAL
1807692775000,20.175387,-1.76587353411358,-9.34955865157329,-1.34553037720645,0.87598073,-0.12186762,-1.287704,40.304783,77.762955,-7.2017374,WAL
1807697303000,20.179915,-1.20011429044513,-9.19147828319263,-1.4536901971604,0.95539325,0.004886922,-1.2455542,40.33506,77.84297,-7.0555744,WAL
1807702294000,20.184906,-0.576504664749616,-9.01723377820414,-1.57290964534728,0.9954049,0.37018433,-1.2153164,40.446167,77.9383,-6.8064895,WAL
1807707319000,20.189931,-0.252619294182383,-9.01834447357513,-1.34966484797927,1.135293,0.7809912,-1.2067643,40.60392,77.980934,-6.579875,WAL
1807712262000,20.194874,0.0171836690830052,-9.04777760549223,-1.07495641924352,1.323745,1.135293,-1.2336423,40.847088,77.99712,-6.3750477,WAL
1807717287000,20.199899,0.261358511092129,-9.31173865552873,-0.465794461066152,1.4724907,1.3035865,-1.2583824,41.146935,78.01179,-6.085033,WAL
1807722309000,20.204921,0.50287717187494,-9.59505899275712,0.170514312139063,1.5445728,1.2910637,-1.2767084,41.492527,77.99378,-5.8061733,WAL
1807727310000,20.209922,0.802600077697707,-9.64970552381844,0.505575613966308,1.4877623,1.1780536,-1.2657127,41.839386,77.95122,-5.4846883,WAL
1807732260000,20.214872,1.10872628406177,-9.66745186448292,0.789518746254562,1.359786,1.0577132,-1.2220359,42.174637,77.896385,-5.1752534,WAL
1807737332000,20.219944,1.29745074436987,-9.65399170267391,0.812022809747523,1.2809844,0.95478237,-1.1691961,42.442307,77.78439,-4.8184643,WAL
1807742245000,20.224857,1.43278392729306,-9.62893001182487,0.731825346692234,1.2757921,0.88606006,-1.1481212,42.680195,77.67125,-4.4709044,WAL
1807747306000,20.229918,1.42343752300806,-9.63275042703671,0.202467587914055,1.2751812,0.98929626,-1.0690142,42.90953,77.53112,-4.098066,WAL
1807752272000,20.234884,1.38559134704068,-9.64221215627176,-0.40307085213767,1.3023647,1.1578951,-0.98563105,43.13225,77.367905,-3.7441802,WAL
1807757317000,20.239929,1.02755384831192,-9.26038336151778,-1.15865623930087,1.3228287,1.3454307,-0.89888823,43.398827,77.18933,-3.4001317,WAL
1807762271000,20.244883,0.6117558609999,-8.80678523423962,-1.92882757729907,1.3420709,1.5906931,-0.8020661,43.718555,76.98756,-3.1066282,WAL
1807767292000,20.249904,0.14123836693937,-8.48666620365332,-2.68228006420521,1.3842206,1.8533652,-0.7272351,44.143456,76.81365,-2.8607936,WAL
1807772335000,20.254947,-0.342095419359697,-8.19572743898173,-3.43308986167897,1.4049901,2.1337523,-0.67347896,44.632256,76.63403,-2.6609886,WAL
1807777302000,20.259914,-0.665848943017972,-7.92866757342397,-3.89880465039575,1.4083499,2.3674083,-0.6252206,45.256443,76.50428,-2.5841682,WAL
1807782305000,20.264917,-0.946927662322376,-7.66543495437192,-4.2869609076171,1.4132367,2.5509732,-0.5934556,45.936905,76.372536,-2.5383687,WAL
1807787363000,20.269975,-1.22796538431163,-7.41055116977588,-4.48900184055496,1.3997977,2.6145031,-0.5757405,46.7242,76.31904,-2.613435,WAL
1807792359000,20.274971,-1.50370379519744,-7.16545039564568,-4.57580827363927,1.3961325,2.713158,-0.56505036,47.565243,76.26982,-2.7139385,WAL
1807797308000,20.27992,-1.72782403534121,-6.9767144250122,-4.52698805515962,1.38025,2.767525,-0.5476407,48.458595,76.26649,-2.8877218,WAL
1807802323000,20.284935,-1.93882138421361,-6.80322793462853,-4.43321152094113,1.3603969,2.824641,-0.5381723,49.3742,76.275185,-3.072183,WAL
1807807317000,20.289929,-2.13614318603024,-6.65847085762782,-4.23623011632548,1.3240504,2.8478537,-0.5516113,50.340244,76.29346,-3.297386,WAL
1807812305000,20.294917,-2.32778972988376,-6.52579241796112,-3.99544358827281,1.2910637,2.8457158,-0.55863625,51.307587,76.32586,-3.5302083,WAL
1807817290000,20.299902,-2.42486040940932,-6.26536172425052,-3.55180143788463,1.2394456,2.8481593,-0.5751296,52.317425,76.3553,-3.785659,WAL
1807822340000,20.304952,-2.49185152991986,-5.95911617364203,-3.03501205874147,1.1893547,2.7925704,-0.5873469,53.303444,76.404076,-4.0355706,WAL
1807827310000,20.309922,-2.5124870558556,-5.70860764062051,-2.40393624700756,1.104139,2.7116308,-0.59650993,54.30896,76.440056,-4.298088,WAL
1807832317000,20.314929,-2.5170787476683,-5.47443107049698,-1.72436533132242,0.9825767,2.5900686,-0.61361414,55.2807,76.51146,-4.5462027,WAL
1807837370000,20.319982,-2.47356876446357,-5.24022951260375,-1.02986733584384,0.84513205,2.4294112,-0.60231316,56.217175,76.53728,-4.7714086,WAL
1807842397000,20.325009,-2.40450476941285,-5.00837159049083,-0.33429326043652,0.7110472,2.2901337,-0.59803706,57.119244,76.60604,-4.981184,WAL
1807847309000,20.329921,-2.34963454514954,-4.86528960114072,0.263543049166028,0.57635134,2.1465805,-0.56046885,57.9474,76.61475,-5.1630898,WAL
1807852300000,20.334912,-2.29923415260736,-4.75532526924847,0.836274125843558,0.4596761,2.0076087,-0.5216789,58.730335,76.66031,-5.3364053,WAL
1807857315000,20.339927,-2.27343408351913,-4.70302015579994,1.32901498300693,0.33750305,1.8698585,-0.47769663,59.418003,76.65923,-5.4792056,WAL
1807862307000,20.344919,-2.26383131449232,-4.6886160523953,1.76594127454052,0.20738874,1.7550159,-0.4364632,60.06481,76.69104,-5.6238513,WAL
1807867286000,20.349898,-2.2818647247026,-4.71023153494424,2.05135830375465,0.0888809,1.6606371,-0.3915646,60.654255,76.66281,-5.736539,WAL
1807872327000,20.354939,-2.31775823758364,-4.75509830892193,2.24428561925651,-0.023518313,1.566564,-0.35277468,61.20412,76.66483,-5.851371,WAL
1807877311000,20.359923,-2.35096050831643,-4.82859497910751,2.32261856997972,-0.12217305,1.5189165,-0.31612277,61.711708,76.63261,-5.954907,WAL
1807882295000,20.364907,-2.38153429151276,-4.93560322029465,2.27166215823636,-0.2275473,1.4602734,-0.29871312,62.183937,76.62926,-6.0568657,WAL
1807887374000,20.369986,-2.37963702292865,-4.96246176751438,2.1369442475931,-0.32834008,1.432479,-0.269697,62.643147,76.6127,-6.1669846,WAL
1807892396000,20.375008,-2.35536883764255,-4.93333994517106,1.94765225031789,-0.36560285,1.3735305,-0.2648101,63.073097,76.60751,-6.2688055,WAL
1807897307000,20.379919,-2.28467723640216,-4.89446028859784,1.79860248956086,-0.4352415,1.3048081,-0.2452624,63.501892,76.633156,-6.379829,WAL
1807902295000,20.384907,-2.18347146575501,-4.84845770924499,1.669795171302,-0.50335294,1.2095132,-0.23548855,63.902573,76.66772,-6.482764,WAL
1807907313000,20.389925,-2.07881757242777,-4.86286278291941,1.57791599650279,-0.5723807,1.0989466,-0.2284636,64.28705,76.74094,-6.58498,WAL
1807912304000,20.394916,-1.97222327016726,-4.93069550692347,1.5197736544146,-0.6407976,0.9611965,-0.22327125,64.632744,76.82822,-6.6803493,WAL
1807917288000,20.3999,-1.84768496871771,-5.11030823203382,1.4042684087365,-0.6945538,0.820392,-0.22724187,64.965706,76.93939,-6.7453227,WAL
1807922336000,20.404948,-1.70690001871301,-5.38279495669328,1.24077627909817,-0.73731434,0.6731735,-0.23273966,65.254745,77.06216,-6.8016458,WAL
1807927270000,20.409882,-1.63120283506898,-5.55898711155975,1.13034237316237,-0.77518797,0.52687126,-0.23854288,65.512634,77.210365,-6.8162293,WAL
1807932303000,20.414915,-1.6387170660145,-5.61534407903968,1.08525694825785,-0.8228355,0.39522982,-0.2565634,65.73197,77.371574,-6.8182464,WAL
1807937412000,20.420024,-1.64634476438538,-5.67255205576428,1.03949071820875,-0.8472701,0.28527406,-0.26358834,65.93464,77.578766,-6.767488,WAL
1807942310000,20.424922,-1.67933107157124,-5.70198968832668,0.979231664059032,-0.8848383,0.19639318,-0.27214047,66.10645,77.79935,-6.7080317,WAL
1807947365000,20.429977,-1.71903869921813,-5.73343172266429,0.918346958433294,-0.9260717,0.17195857,-0.25870144,66.26442,78.019646,-6.6531134,WAL
1807952296000,20.434908,-1.78447073646081,-5.8222323760095,0.904325822933492,-0.9560041,0.19883664,-0.23518312,66.44925,78.23313,-6.5950785,WAL
1807957475000,20.440087,-1.85182280202733,-5.91143478577247,0.892551658961897,-1.0085385,0.2443461,-0.20280726,66.64638,78.456215,-6.549666,WAL
1807962306000,20.444918,-1.89788318865961,-5.94493304208526,0.917675477994389,-1.0684034,0.31978795,-0.16157386,66.85742,78.67817,-6.51795,WAL
1807967298000,20.44991,-1.94547860370169,-5.97954767580777,0.943636584309892,-1.1407908,0.4034765,-0.1142318,67.08606,78.906456,-6.5087037,WAL
1807972332000,20.454944,-1.98729260084095,-6.31754135940292,1.20869009789761,-1.2281445,0.5317582,-0.023823744,67.34414,79.131935,-6.528974,WAL
1807977292000,20.459904,-2.0272387192053,-6.71200969536424,1.51827280198675,-1.2886202,0.6337727,0.06719518,67.61552,79.3527,-6.564953,WAL
1807982308000,20.46492,-1.8776464908362,-7.3568580257732,1.97433607978236,-1.3466524,0.70005155,0.14996742,67.91081,79.56422,-6.631496,WAL
1807987292000,20.469904,-1.71362312695685,-8.01750777835051,2.43906891239023,-1.3716979,0.72601336,0.1872302,68.22019,79.76497,-6.7109485,WAL
1807992399000,20.475011,-1.45597000602521,-8.71083929285787,2.96527525420637,-1.3564262,0.7480045,0.2611449,68.51914,79.909035,-6.812173,WAL
1807997241000,20.479853,-1.19463180079926,-9.3713121068757,3.47369681467363,-1.287093,0.8023715,0.3475823,68.830536,80.02932,-6.926523,WAL
1808002299000,20.484911,-0.714965115024014,-10.2782127391468,4.32408104375177,-1.1520919,0.84391034,0.39584067,69.127846,80.095146,-6.9693346,WAL
1808007317000,20.489929,-0.208107732773331,-11.2104686779358,5.21560702152745,-0.9596693,0.82833326,0.40958515,69.41764,80.12426,-7.0260496,WAL
1808012304000,20.494916,0.663475569260251,-12.4827494135586,6.22447236393983,-0.71959925,0.75686204,0.39278635,69.66657,80.094154,-7.00568,WAL
1808017297000,20.499909,1.653710087381,-13.8671067622089,7.27382523667834,-0.4111123,0.68630713,0.3222314,69.90534,80.02224,-6.977698,WAL
1808022335000,20.504947,2.55345508497703,-15.0825763864725,7.88105859388134,-0.051618114,0.57451874,0.15363261,69.99861,79.8681,-6.8102565,WAL
1808027316000,20.509928,3.42068077788095,-16.2435393562702,8.37994680998925,0.28344148,0.5119051,-0.008246681,70.085846,79.659325,-6.636386,WAL
1808032319000,20.514931,4.07788161325648,-17.0711900507205,8.08646827723343,0.5271767,0.5674938,-0.17989981,70.06414,79.38604,-6.262881,WAL
1808037401000,20.520013,4.68098857348703,-17.8098794985591,7.54881464553314,0.61666846,0.7281514,-0.376293,70.070786,79.07402,-5.867931,WAL
1808042387000,20.524999,5.0507751409556,-18.0981321440776,7.10562096802025,0.61391956,0.8784242,-0.57818395,70.053604,78.73115,-5.337886,WAL
1808047291000,20.529903,5.32322071184474,-18.2021568410505,6.70438278462188,0.5891795,0.8921687,-0.7440339,70.063194,78.35965,-4.804638,WAL
1808052287000,20.534899,4.93504013418812,-17.0275208604918,6.48055114800498,0.55955255,0.77824235,-0.8060367,70.12712,78.093506,-4.2246003,WAL
1808057327000,20.539939,4.36235618509234,-15.4942053882882,6.3050513650177,0.5656612,0.6267477,-0.77763146,70.194,77.803925,-3.6620557,WAL
1808062312000,20.544924,3.49053645962907,-13.5695745018546,6.03467475568922,0.5626069,0.4804455,-0.6969972,70.25957,77.56093,-3.104609,WAL
1808067287000,20.549899,2.49226827115789,-11.4775104442105,5.72420832210526,0.5207626,0.3827071,-0.61391956,70.29754,77.3047,-2.5808434,WAL
1808072321000,20.554933,1.57902020085571,-9.42548248087931,5.33747719961641,0.4266894,0.36377025,-0.5375614,70.31388,77.012215,-2.1555934,WAL
1808077312000,20.559924,0.713985942224845,-7.41803900361955,4.92376541900266,0.27366763,0.37782016,-0.45906523,70.30547,76.73731,-1.7686954,WAL
1808082327000,20.564939,-0.0123404664674698,-5.84653584756627,4.39817745240482,0.07666359,0.39828414,-0.3839288,70.29694,76.46957,-1.5107535,WAL
1808087405000,20.570017,-0.677940992819277,-4.47314877759036,3.81226146491566,-0.14874569,0.44226643,-0.3387248,70.29225,76.25187,-1.2769411,WAL
1808092382000,20.574994,-1.26227506869329,-3.54346696144809,3.27478401975356,-0.26297748,0.4654793,-0.21655174,70.29319,76.046326,-1.181312,WAL
1808097309000,20.579921,-1.79862104573503,-2.88092184931703,2.76548060862547,-0.47219884,0.462425,-0.07238753,70.290886,75.931015,-1.1080111,WAL
1808102288000,20.5849,-2.35790278984547,-2.58013543024283,2.35314611214128,-0.6414085,0.4129449,0.09987647,70.31479,75.87046,-1.1460849,WAL
1808107322000,20.589934,-2.94069573793756,-2.64601643017975,2.03894476613056,-0.80664754,0.33567044,0.28771752,70.31833,75.86186,-1.2268418,WAL
1808112306000,20.594918,-3.4691775559912,-3.1380757764953,1.8750771230246,-0.98563105,0.22693644,0.49357912,70.33,75.9511,-1.4235886,WAL
1808117285000,20.599897,-3.96517903211642,-3.910693719994,1.80830767726545,-1.1737776,0.040317107,0.67164636,70.28687,76.07782,-1.6556001,WAL
1808122361000,20.604973,-4.26239638321394,-4.93566299598258,1.75007015238141,-1.3833044,-0.23243423,0.81306165,70.21531,76.29139,-1.9921665,WAL
1808127310000,20.609922,-4.41839365411423,-6.08728930735721,1.69960046118103,-1.6398678,-0.537256,0.9334021,70.07145,76.548515,-2.3605046,WAL
1808132312000,20.614924,-4.55215979787527,-7.44575554731458,1.60267097031281,-1.8411479,-0.8399397,1.0616838,69.87476,76.854614,-2.8135548,WAL
1808137354000,20.619966,-4.66615467643124,-8.98468420076726,1.46492730958096,-1.969735,-1.1520919,1.2064588,69.58087,77.172585,-3.287201,WAL
1808142307000,20.624919,-4.98311198219721,-10.6993834498663,1.21410422915229,-2.0195205,-1.5091426,1.3588698,69.21645,77.525314,-3.789934,WAL
1808147308000,20.62992,-5.50441491209298,-12.629971501153,0.847425032135412,-1.9642372,-1.8307631,1.5042557,68.76722,77.82608,-4.31434,WAL
1808152281000,20.634893,-6.12847918823275,-14.4131107809565,0.29399443613948,-1.81091,-2.053118,1.6062702,68.2962,78.12628,-4.841318,WAL
1808157320000,20.639932,-6.97766160824787,-15.9395562342654,-0.654172504890424,-1.5406022,-2.0250182,1.6597209,67.80428,78.31488,-5.3842626,WAL
1808162311000,20.644923,-7.4169209742954,-17.0498400706053,-1.32525197336562,-1.16492,-1.7119498,1.602605,67.42024,78.48302,-5.9571266,WAL
1808167287000,20.649899,-7.42615180369976,-17.7283057426634,-1.70833168280872,-0.6588182,-1.1728612,1.3845261,67.11689,78.51411,-6.4943886,WAL
1808172365000,20.654977,-6.70819674455568,-18.2833063035401,-1.31052508892559,-0.090713486,-0.6780604,1.065349,66.98247,78.523,-7.063228,WAL
1808177312000,20.659924,-5.03591366105893,-18.6402561720508,0.131941308310455,0.36835176,-0.5891795,0.7690793,66.88934,78.432625,-7.5616837,WAL
1808182319000,20.664931,-3.44351203581509,-18.5365975177616,1.51156030503163,0.59589905,-0.6533204,0.5131268,66.94256,78.35803,-7.958867,WAL
1808187386000,20.669998,-1.94169544848662,-17.9226467574696,2.81974645080097,0.61575216,-0.8313876,0.4016439,66.986534,78.24248,-8.297189,WAL
1808192373000,20.674985,-0.878402952861423,-16.8815563205841,3.65967172212906,0.57940567,-0.9486737,0.21410827,67.0239,78.1924,-8.25114,WAL
1808197309000,20.679921,-0.352920896874235,-15.2962037960433,3.92241274686764,0.44043383,-0.97249746,0.076052725,67.03469,78.168976,-8.188775,WAL
1808202272000,20.684884,0.0669674187154852,-13.5655420892762,3.98742134926135,0.2742785,-0.9972375,-0.0067195175,66.91402,78.151505,-7.9164863,WAL
1808207319000,20.689931,0.23135180045871,-11.4747779520672,3.57132352890849,0.09315695,-1.1044444,-0.04886922,66.76445,78.172356,-7.6272306,WAL
1808212244000,20.694856,0.113186545133016,-9.23012905152618,2.47032011764212,-0.12980886,-1.3029755,-0.03268129,66.539,78.19212,-7.3016124,WAL
1808217288000,20.6999,-0.414371884068888,-6.63291869401661,0.328523023494819,-0.376293,-1.5027285,0.04795292,66.28008,78.24078,-6.989201,WAL
1808222351000,20.704963,-0.962857454995229,-4.56043793034351,-1.49362091913168,-0.63621616,-1.6426166,0.14202617,65.96235,78.32926,-6.708027,WAL
1808227314000,20.709926,-1.54790803256107,-3.86654063160305,-2.4596346301145,-0.9074403,-1.6942347,0.28160888,65.60871,78.44746,-6.464327,WAL
1808232298000,20.71491,-2.10391124443593,-3.21915699931048,-3.36328419862095,-1.1221595,-1.6716328,0.41905355,65.367775,78.73564,-6.35902,WAL
1808237400000,20.720012,-2.52504499231948,-2.7886648778778,-3.9762677557556,-1.3100005,-1.7189748,0.52931476,65.09577,79.054634,-6.284545,WAL
1808242271000,20.724883,-2.9114963368343,-2.39619927239809,-4.54455935246162,-1.5167783,-1.8503108,0.6270532,64.74128,79.43074,-6.4260163,WAL
1808247315000,20.729927,-3.14164388338804,-2.19162360425622,-4.94859630238221,-1.7244726,-2.0647244,0.7107417,64.35171,79.80655,-6.5941463,WAL
1808252279000,20.734891,-3.34632196168081,-2.01290551865862,-5.35992390720785,-1.8860464,-2.3408356,0.7663304,63.92991,80.18635,-6.855406,WAL
1808257289000,20.739901,-3.46405168583989,-1.92460817431755,-5.83084311117473,-1.9877555,-2.6413813,0.81153446,63.442272,80.520615,-7.1377473,WAL
1808262271000,20.744883,-3.55089912583653,-1.90925434983544,-6.27570057383434,-2.0427334,-2.8502972,0.874759,62.92563,80.79166,-7.4799223,WAL
1808267299000,20.749911,-3.54209456368623,-2.12496626042238,-6.64989455715853,-2.0378466,-2.9025261,0.9434814,62.37251,80.958664,-7.8427873,WAL
1808272395000,20.755007,-3.51775080942649,-2.3817157317141,-7.01045707156003,-1.997224,-2.7947085,1.0079277,61.841408,81.01686,-8.251505,WAL
1808277320000,20.759932,-3.31083920740424,-3.0831968771239,-7.13662286120265,-1.865277,-2.6322184,1.0458013,61.31795,80.9277,-8.681745,WAL
1808282346000,20.764958,-3.09880917190922,-3.84011841166634,-7.22405442046586,-1.6859881,-2.5088236,1.099252,60.858974,80.71018,-9.137545,WAL
1808287373000,20.769985,-2.88315937867808,-4.76501625584312,-7.14258659625722,-1.5793921,-2.2015584,1.1334605,60.5095,80.36445,-9.608461,WAL
1808292329000,20.774941,-2.67960109367231,-5.72276644415366,-7.00853777385737,-1.3432927,-1.8735237,1.2134838,60.23971,100.0615,-10.060243,WAL
1808297283000,20.779895,-2.51552886432377,-6.88014104776147,-6.640483818927,-1.0848967,-1.5076154,1.2770138,60.081917,100.56659,-10.517831,WAL
1808302464000,20.785076,-2.3374508001761,-8.115082136479,-6.24334891549179,-0.8735373,-1.1236867,1.3417655,60.3436246730952,101.029222366725,-10.8576292729453,WAL
1808317298000,20.79991,-1.57956900907443,-12.5887920326824,-4.63928872769462,-0.6469063,0.26175576,1.4358387,61.092934,102.35381,-11.830524,WAL
1808322247000,20.804859,-1.26301183940557,-13.9329789535604,-4.08897057151703,-0.6976081,0.6389651,1.4101825,61.668602,102.65774,-12.013904,WAL
1808327235000,20.809847,-0.628507485468891,-14.5531712216119,-3.45923689162089,-0.77671516,0.9098838,1.3649784,62.34317,102.97442,-12.192194,WAL
1808332222000,20.814834,-0.00559452358249159,-15.0632852929293,-2.86382004882155,-0.90377516,1.0855075,1.284955,62.994343,103.207245,-12.297742,WAL
1808337253000,20.819865,0.562194064453159,-14.9964862875817,-2.44394279302832,-1.0775663,1.2110404,1.1817188,63.700172,103.447845,-12.384798,WAL
1808342231000,20.824843,1.09172280503519,-14.8528778701556,-2.01428289186242,-1.2809844,1.3017539,1.0384709,64.32656,103.59286,-12.377911,WAL
1808347247000,20.829859,1.42977863328377,-14.2386642204381,-1.49529568282288,-1.4385877,1.3417655,0.82527894,64.96281,103.722984,-12.327724,WAL
1808352238000,20.83485,1.73992198295004,-13.6072341007137,-0.966368972410785,-1.597718,1.2797627,0.59742624,65.4845,103.812836,-12.211315,WAL
1808357248000,20.83986,1.86833740107058,-12.8319852704203,-0.348072526197462,-1.720502,1.0699304,0.36560285,65.96293,103.8813,-12.044759,WAL
1808362227000,20.844839,1.97348062909535,-12.0730349312469,0.252145849891443,-1.7965547,0.7107417,0.118507855,66.2999,103.885086,-11.812136,WAL
1808367240000,20.849852,1.88896684205379,-11.406314756088,0.735752612246455,-1.8591684,0.21624629,-0.0983493,66.52586,103.87511,-11.544698,WAL
1808372304000,20.854916,1.77313448363691,-10.7593828902122,1.20724319502602,-1.8548924,-0.37720928,-0.28802297,66.54896,103.79778,-11.253272,WAL
1808377249000,20.859861,1.29444269645717,-10.4465745230184,1.4631773811249,-1.8118263,-0.68752885,-0.44012842,66.50308,103.6981,-10.930071,WAL
1808382287000,20.864899,0.7964711,-10.1402420666667,1.6832834,-1.7168368,-1.2950343,-0.5149594,66.15626,103.56097,-10.656127,WAL
1808387276000,20.869888,0.175690634677419,-9.99039861397849,1.39644004032258,-1.6722436,-1.78617,-0.66737026,65.74576,103.38336,-10.335212,WAL
1808392274000,20.874886,-0.446209699193548,-9.8402848483871,1.10907922419355,-1.5503759,-2.085494,-0.7831292,65.19338,103.201866,-10.101877,WAL
1808397337000,20.879949,-1.17320316567488,-9.6875448329064,0.757405616914286,-1.4181237,-2.1975877,-0.86284715,64.5542,102.98572,-9.852587,WAL
1808402309000,20.884921,-1.90503346218719,-9.53742570226601,0.400872872685714,-1.280679,-2.1661282,-0.9098838,63.873245,102.72855,-9.589601,WAL
1808407348000,20.88996,-2.48217032185892,-9.19895621435059,0.139934069506509,-1.1725558,-2.047315,-0.90224797,63.199493,102.5585,-9.412327,WAL
1808412244000,20.894856,-3.00740736164093,-8.82987074296095,-0.0919272981229186,-1.0995574,-1.9007072,-0.8356637,62.551254,102.36973,-9.23619,WAL
1808417338000,20.89995,-3.33144245429616,-8.45287022765323,-0.199930707185606,-1.033584,-1.758681,-0.70402217,61.963455,102.29399,-9.1680975,WAL
1808422316000,20.904928,-3.6020791142596,-8.08590522034061,-0.277910777825459,-0.96974856,-1.6484199,-0.51923543,61.42208,102.22643,-9.12703,WAL
1808427349000,20.909961,-3.68251713147188,-7.8104817093937,-0.446532474303949,-0.9236283,-1.5784758,-0.29932398,60.926765,102.278564,-9.192674,WAL
1808432283000,20.914895,-3.70136512955724,-7.57016958619864,-0.639724592445154,-0.8921687,-1.4963144,-0.06261369,60.483273,102.35888,-9.3059025,WAL
1808437394000,20.920006,-3.67697863157999,-7.55939629742468,-1.01488731587949,-0.8555168,-1.3332134,0.11942416,60.08478,102.52078,-9.482141,WAL
1808442252000,20.924864,-3.63997030352988,-7.62416106473103,-1.42660530356965,-0.8249735,-1.0968086,0.23732115,59.744858,102.70942,-9.695985,WAL
1808447349000,20.929961,-3.30243657040204,-7.59655792322815,-1.68962160941708,-0.79259765,-0.85154617,0.3399465,59.478443,102.95851,-9.95584,WAL
1808452262000,20.934874,-2.87230489338445,-7.53643174737049,-1.88387456876044,-0.77274454,-0.67103547,0.44837508,59.272625,103.22582,-10.238024,WAL
1808457349000,20.939961,-2.34760329945205,-7.59052442136986,-1.91292124767123,-0.73731434,-0.5748242,0.5335908,59.165264,103.53296,-10.534216,WAL
1808462285000,20.944897,-1.80558036311517,-7.69125458295282,-1.86975125712836,-0.6957755,-0.53969944,0.5907067,59.102135,103.84664,-10.840704,WAL
1808467325000,20.949937,-1.33157653786982,-7.84214410986517,-1.78258845101368,-0.65087694,-0.5647449,0.6084218,59.073685,104.13794,-11.110353,WAL
1808472389000,20.955001,-0.884665053846154,-8.01149981210593,-1.67909314136192,-0.623388,-0.6243043,0.6078109,59.0534,104.42687,-11.382901,WAL
1808477346000,20.959958,-0.48776849860047,-8.20657576974155,-1.61397708103994,-0.6243043,-0.66737026,0.57604593,59.001984,104.65661,-11.587455,WAL
1808482355000,20.964967,-0.105535643548881,-8.41729404811523,-1.56497290165492,-0.6160576,-0.7461719,0.5549711,58.92836,104.8762,-11.792749,WAL
1808487513000,20.970125,0.142418723383838,-8.53390222979798,-1.60987089166667,-0.623388,-0.79779,0.5009095,58.811314,105.02857,-11.926556,WAL
1808492336000,20.974948,0.324375147987879,-8.60855106484848,-1.684519678,-0.63713247,-0.8414669,0.46089783,58.67717,105.17362,-12.056735,WAL
1808497342000,20.979954,0.398234666790874,-8.64990809554648,-1.79656010134502,-0.6704246,-0.8530733,0.42271876,58.497475,105.27308,-12.123608,WAL
1808502356000,20.984968,0.431723431059081,-8.67861283341636,-1.92094696574674,-0.72051555,-0.8179486,0.39706242,58.320145,105.36698,-12.179658,WAL
1808507350000,20.989962,0.381341276939058,-8.69660946398892,-1.97455981883657,-0.77579886,-0.7812967,0.36865717,58.12506,105.45372,-12.201874,WAL
1808512346000,20.994958,0.300872610813217,-8.7108096104076,-2.0029605070835,-0.8268061,-0.72387534,0.35338554,57.947815,105.54176,-12.216306,WAL
1808517334000,20.999946,0.18321596022402,-8.71826947662531,-1.93011961753846,-0.8918633,-0.6762278,0.3594942,57.780193,105.65536,-12.226553,WAL
1808522386000,21.004998,0.0487547397936477,-8.72307175990074,-1.81486717569231,-0.9596693,-0.64812803,0.3820962,57.6256,105.775536,-12.234597,WAL
1808527343000,21.009955,-0.115116591337922,-8.72775247134008,-1.65331125327893,-1.0225884,-0.6243043,0.40103304,57.479404,105.92254,-12.252835,WAL
1808532317000,21.014929,-0.293086451691672,-8.73243598308918,-1.4706579139416,-1.0757337,-0.6215554,0.4343252,57.339405,106.084526,-12.280458,WAL
1808537383000,21.019995,-0.473081247687082,-8.79502217184534,-1.31793369342592,-1.1123856,-0.63713247,0.464563,57.19794,106.25075,-12.325679,WAL
1808542349000,21.024961,-0.648889178293536,-8.88530175961635,-1.18488989454491,-1.128879,-0.6542367,0.4886922,57.061028,106.42419,-12.377287,WAL
1808547340000,21.029952,-0.800343455400966,-8.92517284154589,-1.10297609145894,-1.1319333,-0.66859204,0.5305365,56.881702,106.62031,-12.469295,WAL
1808552349000,21.034961,-0.939387584657005,-8.93907705120773,-1.04735843007729,-1.1181889,-0.7021896,0.559858,56.69689,106.8118,-12.563601,WAL
1808557350000,21.039962,-1.05319574757487,-8.93901640042352,-1.03043910865181,-1.1047498,-0.7302894,0.5858198,56.487976,107.011116,-12.687409,WAL
1808562343000,21.044955,-1.14963017800746,-8.92937326953716,-1.04008259197338,-1.0815369,-0.7641924,0.6123924,56.274437,107.20447,-12.817161,WAL
1808567323000,21.049935,-1.24638926654059,-8.91437165144021,-1.01864405475706,-1.0516045,-0.79259765,0.6264423,56.04191,107.40545,-12.968956,WAL
1808572397000,21.055009,-1.34535608397828,-8.89552093686354,-0.976229676306857,-1.0396926,-0.84635377,0.6392705,55.799397,107.60246,-13.125308,WAL
1808577344000,21.059956,-1.44909449190059,-8.94773435466345,-0.915623294997485,-1.0225884,-0.86926126,0.64476824,55.55559,107.80596,-13.293666,WAL
1808582333000,21.064945,-1.55965989772613,-9.058299509508,-0.838708194719791,-0.9978484,-0.91813046,0.6383542,55.29485,107.99736,-13.460271,WAL
1808587380000,21.069992,-1.70624070998639,-9.32063271703617,-0.686068684591599,-0.9944886,-0.9627236,0.623388,55.015434,108.19804,-13.640487,WAL
1808592327000,21.074939,-1.87669280832361,-9.69378486931155,-0.478762109708285,-0.97310835,-0.9993755,0.6065892,54.730103,108.38022,-13.813493,WAL
1808597341000,21.079953,-2.00662277757216,-9.99652812179423,-0.356626489339234,-0.9575313,-1.02717,0.5876524,54.41287,108.55774,-13.9935875,WAL
1808602312000,21.084924,-2.09280540903148,-10.2215604872775,-0.323111040436488,-0.9428705,-1.0687088,0.571159,54.08701,108.71992,-14.164912,WAL
1808607345000,21.089957,-2.14556236745927,-10.3631782061115,-0.375998438895072,-0.9086621,-1.0995574,0.5571091,53.707996,108.84688,-14.33835,WAL
1808612347000,21.094959,-2.16495046969544,-10.4213427152686,-0.511715245650106,-0.88025683,-1.1139128,0.52778757,53.327522,108.95804,-14.495866,WAL
1808617286000,21.099898,-2.11953484872426,-10.4557151193971,-0.671045359358684,-0.82741696,-1.10139,0.50640726,52.923206,109.05771,-14.654863,WAL
1808622311000,21.104923,-2.01523810505369,-10.4699371911142,-0.85593498956753,-0.75961095,-1.0839803,0.48075095,52.522392,109.13574,-14.796553,WAL
1808627344000,21.109956,-1.8500800016907,-10.4794348225758,-1.08775473095475,-0.66767573,-1.0393872,0.45081854,52.13622,109.21491,-14.936654,WAL
1808632341000,21.114953,-1.62639032789657,-10.4841942725012,-1.36379723575336,-0.5748242,-0.95722586,0.43768495,51.773277,109.274254,-15.063095,WAL
1808637395000,21.120007,-1.34542501903063,-10.4650412996333,-1.64970628060264,-0.46609017,-0.83199847,0.43676865,51.443058,109.32989,-15.170295,WAL
1808642328000,21.12494,-1.01764557793637,-10.422898351571,-1.93534277363465,-0.3594942,-0.66981375,0.45906523,51.15452,109.367386,-15.26689,WAL
1808647322000,21.129934,-0.622499686500284,-10.3619207511817,-2.15403563565891,-0.24587326,-0.47952923,0.48747048,50.926952,109.40033,-15.339082,WAL
1808652290000,21.134902,-0.159227768859898,-10.2809599162413,-2.29346698449612,-0.12095132,-0.30207285,0.5036584,50.747322,109.41203,-15.400889,WAL
1808657307000,21.139919,0.249118198734177,-10.2631845253165,-2.30552540759494,-0.04917465,-0.15241088,0.51343226,50.62843,109.42658,-15.431906,WAL
1808662348000,21.14496,0.549657827744345,-10.3633648549492,-2.08012063353393,-0.03726278,-0.05100725,0.49846604,50.547394,109.426254,-15.450723,WAL
1808667276000,21.149888,0.711090064132276,-10.5414633348783,-1.82101544285587,-0.09010262,-0.034208454,0.42577308,50.46533,109.392006,-15.409467,WAL
1808672526000,21.155138,0.693163974462965,-10.8462066720742,-1.48938254999554,-0.19517145,-0.08582657,0.30543262,50.387787,109.34956,-15.348186,WAL
1808677294000,21.159906,0.636154170608718,-11.1259145759144,-1.19287904136128,-0.3200934,-0.12522738,0.23060162,50.25812,109.26023,-15.242341,WAL
1808682367000,21.164979,0.388998460484168,-11.4369903485659,-0.898848984771511,-0.3811799,-0.2180789,0.096516706,50.08567,109.13734,-15.09364,WAL
1808687313000,21.169925,0.148030169083414,-11.7402784959214,-0.612179822561179,-0.49449542,-0.29718593,-0.0076358155,49.82559,108.99224,-14.929983,WAL
1808692327000,21.174939,-0.159021564822194,-11.9651060980077,-0.356439611212511,-0.5516113,-0.38331795,-0.064751714,49.532074,108.82975,-14.750216,WAL
1808697501000,21.180113,-0.464832602108533,-12.1879017053684,-0.115607796472187,-0.5644395,-0.4437936,-0.077579886,49.220608,108.66736,-14.55983,WAL
1808702305000,21.184917,-0.531826557689545,-12.3933502381322,-0.124540326370255,-0.51893,-0.44532076,-0.057421334,48.852047,108.48346,-14.3819065,WAL
1808707638000,21.19025,-0.598945937100885,-12.6210588033855,-0.135412270152739,-0.42424592,-0.4071417,-0.055283304,48.443035,108.29382,-14.230732,WAL
1808712304000,21.194916,-0.498959181358109,-12.8123375672731,-0.165843015190194,-0.2770274,-0.33567044,-0.04550946,48.051884,108.095314,-14.086516,WAL
1808717261000,21.199873,-0.392736646378052,-13.0155456325518,-0.198171605663975,-0.105068825,-0.26358834,-0.07269296,47.673714,107.868675,-13.93238,WAL
1808722382000,21.204994,-0.276523873609291,-13.3314815699821,-0.281024233269803,0.07238753,-0.20066923,-0.10567969,47.320763,107.62013,-13.777065,WAL
1808727247000,21.209859,-0.165526464660512,-13.6413493275759,-0.364272293603335,0.2648101,-0.13439035,-0.15699236,46.99358,107.33384,-13.606251,WAL
1808732337000,21.214949,-0.02108095293917,-13.9854019832291,-0.369365839306424,0.45081854,-0.06719518,-0.22082779,46.650993,107.01288,-13.415162,WAL
1808737304000,21.219916,0.123146448230055,-14.3234351826796,-0.364858736255448,0.6203337,0.019547688,-0.29932398,46.336174,106.65436,-13.203143,WAL
1808742312000,21.224924,0.321797681707121,-14.746402894652,-0.39839864030416,0.7788532,0.10781772,-0.3857614,46.023,106.24842,-12.955813,WAL
1808747238000,21.22985,0.530853514896767,-15.1835195343942,-0.441160066028805,0.93951076,0.22571471,-0.46853364,45.745667,105.80742,-12.6857815,WAL
1808752359000,21.234971,0.762866185581167,-15.6207863114272,-0.546159806929868,1.074512,0.344528,-0.55833083,45.46262,105.31062,-12.36865,WAL
1808757252000,21.239864,0.988085096302109,-16.0344533458558,-0.661067398083374,1.2284501,0.4578435,-0.6383542,45.214397,104.78215,-12.032588,WAL
1808762344000,21.244956,1.13274016183358,-16.2850321519681,-0.696935776930742,1.3741413,0.5323691,-0.74006325,44.96959,104.18772,-11.63385,WAL
1808767268000,21.24988,1.24552027236672,-16.4729984303936,-0.706334115386149,1.5241088,0.58459806,-0.8582657,44.75199,103.56402,-11.214136,WAL
1808772375000,21.254987,1.30453425560886,-16.1416022937269,-0.664167452042435,1.6462818,0.59803706,-0.9663888,44.52165,102.896194,-10.746274,WAL
1808777290000,21.259902,1.34361453600554,-15.6617840335793,-0.607718185089022,1.7962493,0.5925393,-1.0241156,44.3024,102.20637,-10.270669,WAL
1808782347000,21.264959,1.38382389062731,-15.1681032723247,-0.549638033922509,1.8839084,0.5366451,-1.1307116,44.060925,101.47483,-9.747328,WAL
1808787350000,21.269962,1.42360387899447,-14.6796941664207,-0.492178078160978,2.0916026,0.42821655,-1.2189816,43.80562,100.71785,-9.227631,WAL
1808792339000,21.274951,1.26616028875878,-14.075939197725,-0.46199361819003,2.3032675,0.29352075,-1.3142766,43.530422,99.944786,-8.691485,WAL
1808797308000,21.27992,0.852220478454333,-13.3223562956396,-0.467300529030891,2.521041,0.20189096,-1.4147639,43.238377,99.14775,-8.142364,WAL
1808802349000,21.284961,0.272989226578589,-12.7605257278997,-0.442444926083155,2.7293458,0.18509217,-1.5421293,42.93494,98.32958,-7.578537,WAL
1808807354000,21.289966,-0.392861212220711,-12.31817737109,-0.400538256537789,2.918714,0.22357668,-1.6694947,42.623188,97.50067,-6.9955034,WAL
1808812343000,21.294955,-1.14230201889461,-12.0720141545923,-0.214527432661413,3.0381384,0.25167647,-1.774869,42.34185,96.734955,-6.4460826,WAL
1808817338000,21.29995,-1.95431303056482,-11.9656792500758,0.0754764986359503,3.1019738,0.24129178,-1.8542814,42.06211,95.992775,-5.875373,WAL
1808822341000,21.304953,-2.65480041301468,-11.9341687960457,0.277132692441693,3.1123583,0.23396139,-1.8768835,41.852135,95.40447,-5.387699,WAL
1808827346000,21.309958,-3.28045942338036,-11.9525706616278,0.419746139519148,3.0757065,0.25259277,-1.8564194,41.648556,85.09229,-4.8977957,WAL
1808832355000,21.314967,-3.88686731029602,-11.9862397360211,0.309797723715738,2.9993484,0.31031954,-1.7959439,41.513454,85.36341,-4.5196133,WAL
1808837470000,21.320082,-4.48740552698096,-12.0350639481212,-0.0417368532153892,2.9055805,0.35521814,-1.700038,41.38218,85.493004,-4.1655602,WAL
1808842443000,21.325055,-5.10694608110103,-12.1814068058741,-0.487549882778498,2.8029552,0.40439278,-1.6291776,41.40196,85.41925,-3.895236,WAL
1808847348000,21.32996,-5.74876012134238,-12.4109610015458,-1.01692938704697,2.6859746,0.43860126,-1.5741998,41.43032,85.238434,-3.6562731,WAL
1808852332000,21.334944,-6.36334226055895,-12.6402768471758,-1.49432106671915,2.5503623,0.45051312,-1.5354098,41.547478,84.96082,-3.5249515,WAL
1808857346000,21.339958,-6.94454967718953,-12.8670892965952,-1.91486945325723,2.381458,0.36713,-1.4844025,41.64301,84.666824,-3.4166684,WAL
1808862342000,21.344954,-7.16858630671308,-12.8319172795624,-2.29886705495773,2.221106,0.14508049,-1.4309518,41.773537,84.36427,-3.424487,WAL
1808867286000,21.349898,-6.99906672481353,-12.509359508901,-2.6402604084734,2.0864103,-0.10476339,-1.389413,41.86504,84.08864,-3.4398968,WAL
1808872366000,21.354978,-6.82488398289408,-12.1779287898558,-2.99104484129289,1.9272798,-0.21624629,-1.4187346,42.003517,83.84785,-3.5325851,WAL
1808877348000,21.35996,-6.65406145922427,-11.8528918130283,-3.33506217284933,1.7116444,-0.17531833,-1.4709635,42.106106,83.65668,-3.6217062,WAL
1808882328000,21.36494,-6.14928363050345,-11.4348306574531,-3.28073219901283,1.5546521,0.048563786,-1.5964963,42.24585,83.50389,-3.6727645,WAL
1808887450000,21.370062,-5.20987940302073,-10.8876516447187,-2.723868814077,1.2134838,0.14538592,-1.6578883,42.352566,83.448746,-3.719361,WAL
1808892268000,21.37488,-4.37536353716479,-10.4412457061609,-2.37987419101785,0.95630956,0.032375857,-1.604743,42.425663,83.50482,-3.7265227,WAL
1808897342000,21.379954,-3.56637298954242,-10.0682379130196,-2.2733006153225,0.88331115,-0.14905111,-1.5366315,42.50265,83.60312,-3.7201843,WAL
1808902258000,21.38487,-2.80883544966144,-9.79870175623912,-2.16385441654092,0.9007208,-0.1328632,-1.4709635,42.518032,83.75239,-3.5927198,WAL
1808907353000,21.389965,-2.0630987615206,-9.65710629483459,-2.04113825142194,0.9398162,0.03970624,-1.3900238,42.524757,83.89387,-3.4928539,WAL
1808912244000,21.394856,-1.47837927164636,-9.60435348679209,-1.79000219136563,1.0341948,0.32803464,-1.2904528,42.53728,84.03167,-3.3052242,WAL
1808917334000,21.399946,-1.13626913385515,-9.71839002739058,-1.25783083834877,1.174083,0.63194007,-1.2311989,42.603172,84.13479,-3.1407826,WAL
1808922319000,21.404931,-0.865174058978436,-9.855949964921,-0.817747786966114,1.3313808,0.8362745,-1.2516629,42.695377,84.21951,-2.8781452,WAL
1808927344000,21.409956,-0.745618627794892,-10.0568031548246,-0.569072466534831,1.4110987,1.0305296,-1.2825116,42.867832,84.26876,-2.6451228,WAL
1808932291000,21.414903,-0.618230121662479,-10.2724655443763,-0.331455315723791,1.4459181,1.1695015,-1.3115277,43.0767,84.22894,-2.352925,WAL
1808937381000,21.419993,-0.461443469174791,-10.5419429039099,-0.106074519655845,1.5005904,1.3066407,-1.3353515,43.33528,84.14662,-2.0686526,WAL
1808942278000,21.42489,-0.300837338534895,-10.8011851653396,0.0364187778754098,1.5454891,1.3411547,-1.3509285,43.61213,84.00426,-1.7638538,WAL
1808947346000,21.429958,-0.109878947841124,-11.0694364230445,-0.00450087557770491,1.5308284,1.2852604,-1.3478742,43.894688,83.84587,-1.4700093,WAL
1808952329000,21.434941,0.0668432892351771,-11.2743717544767,-0.0883596684353363,1.4223998,1.210124,-1.3466524,44.182365,83.656845,-1.1472,WAL
1808957348000,21.43996,0.186386646098687,-11.1691729752288,-0.403954145274473,1.31672,1.2018774,-1.3219124,44.464577,83.455536,-0.8441224,WAL
1808962328000,21.44494,0.274888514428073,-11.0258739878829,-0.772461033976347,1.2880094,1.2577715,-1.2473868,44.722,83.25665,-0.53769225,WAL
1808967339000,21.449951,0.191153655207445,-10.6583713476154,-1.46094770928655,1.3240504,1.3084733,-1.1972959,44.96902,83.058334,-0.24276444,WAL
1808972348000,21.45496,0.085418756668608,-10.275180480198,-2.1392702219569,1.3616186,1.3521502,-1.0986412,45.283813,82.84964,0.03065218,WAL
1808977344000,21.459956,-0.244327563160551,-9.73179540429043,-2.71516508749757,1.3848315,1.5244142,-1.0372492,45.642,82.63106,0.28297248,WAL
1808982658000,21.46527,-0.587909479424278,-9.15755524527021,-3.30130125496515,1.4651603,1.6963727,-0.86620694,46.068394,82.43469,0.4496514,WAL
1808987355000,21.469967,-0.82407958855798,-8.68521506952114,-3.57004661314384,1.5494597,1.8383989,-0.81153446,46.5305,82.23335,0.61834383,WAL
1808992301000,21.474913,-1.07276968005793,-8.18783493129356,-3.85303885107269,1.5803084,1.9651535,-0.7263188,47.081215,82.09496,0.66367525,WAL
1808997308000,21.47992,-1.29877335719557,-7.70482134126857,-3.9383436062232,1.599856,2.0357084,-0.65209866,47.64759,81.94655,0.68720686,WAL
1809002265000,21.484877,-1.51655759741697,-7.23137756432632,-3.97621910046873,1.5931365,2.0809124,-0.5919284,48.232838,81.80903,0.68130356,WAL
1809007353000,21.489965,-1.62308458957567,-6.77396783773229,-3.85594235528173,1.572978,2.1105394,-0.54367006,48.85156,81.71989,0.603945,WAL
1809012243000,21.494855,-1.6975444247143,-6.34116989109609,-3.70236894834542,1.5561792,2.1197023,-0.49846604,49.468487,81.64378,0.5055669,WAL
1809017334000,21.499946,-1.80261056571374,-5.9311287047454,-3.45805688526326,1.5265522,2.1142046,-0.46395215,50.117947,81.58036,0.36733857,WAL
1809022309000,21.504921,-1.91267610763307,-5.54131329565887,-3.19665125912022,1.4944818,2.1038198,-0.43951756,50.76096,81.53358,0.21650557,WAL
1809027344000,21.509956,-1.96491176511978,-5.12815961589656,-2.73686935541746,1.4514158,2.0463986,-0.4089743,51.401142,81.47394,0.06354127,WAL
1809032304000,21.514916,-1.99347802431593,-4.71394845983763,-2.20839316257392,1.368949,1.9917262,-0.37812558,52.03184,81.44543,-0.09805936,WAL
1809037368000,21.51998,-2.04271492703443,-4.35332358392019,-1.59250751645149,1.2452488,1.9022343,-0.35033122,52.65482,81.39648,-0.26279756,WAL
1809042291000,21.524903,-2.09805139235133,-4.02591663761737,-0.965361567595853,1.1001683,1.8127426,-0.33383787,53.25527,81.387184,-0.43183255,WAL
1809047346000,21.529958,-2.14261190028962,-3.75028729919105,-0.475589384250474,0.9437868,1.7131716,-0.30298916,53.85187,81.31333,-0.5983252,WAL
1809052337000,21.534949,-2.18080050214721,-3.50683476296814,-0.0650616401328273,0.7779369,1.6584991,-0.2864958,54.43043,81.29154,-0.7644488,WAL
1809057350000,21.539962,-2.23203613417885,-3.35384764397692,0.284493940893266,0.6123924,1.591304,-0.26175576,54.9852,81.20048,-0.93197083,WAL
1809062343000,21.544955,-2.28911392682781,-3.24444839653835,0.603178783989854,0.4596761,1.5238034,-0.24740042,55.52021,81.15721,-1.1000456,WAL
1809067338000,21.54995,-2.33946559814251,-3.23339442684029,0.847086676805897,0.3036,1.432479,-0.2171626,56.029324,81.087234,-1.2730641,WAL
1809072440000,21.555052,-2.38748622385258,-3.27181075692383,1.05837691847666,0.16432275,1.3454307,-0.2003638,56.517628,81.056984,-1.4448352,WAL
1809077347000,21.559959,-2.42538955209095,-3.39289965058871,1.17637248436866,0.019547688,1.3096951,-0.18875736,56.985214,81.020355,-1.6261533,WAL
1809082382000,21.564994,-2.45964998778928,-3.56420228903776,1.24978786434227,-0.040317107,1.2229522,-0.16646078,57.41005,80.99633,-1.8103321,WAL
1809087368000,21.56998,-2.46449580878958,-3.76539976383545,1.26107471757917,-0.16432275,1.1484267,-0.14935656,57.82963,80.99217,-1.995257,WAL
1809092329000,21.574941,-2.45512212726645,-3.98099453674657,1.2423273545329,-0.27030787,1.0497719,-0.13683382,58.21457,80.9956,-2.1809907,WAL
1809097340000,21.579952,-2.40980917988613,-4.15324113301266,1.19953384791401,-0.36285394,0.96852684,-0.118202426,58.578815,81.01866,-2.373413,WAL
1809102353000,21.584965,-2.3438309743104,-4.29933561156376,1.14298113542751,-0.4334089,0.88697636,-0.1020145,58.912064,81.059814,-2.5641127,WAL
1809107354000,21.589966,-2.26018169271404,-4.39763083605103,1.05734037705771,-0.48441613,0.8081747,-0.09010262,59.218937,81.12624,-2.7499557,WAL
1809112346000,21.594958,-2.16488146219476,-4.4643410819994,0.95250999909698,-0.5390886,0.7443393,-0.06780604,59.50337,81.20516,-2.9392996,WAL
1809117326000,21.599938,-2.03854627547774,-4.45482675304652,0.839228196632316,-0.5873469,0.70646566,-0.057726767,59.786034,81.29536,-3.1043472,WAL
1809122395000,21.605007,-1.88798196373187,-4.39168699489745,0.717805406133067,-0.6392705,0.6783658,-0.03145956,60.049706,81.391785,-3.2761366,WAL
1809127342000,21.609954,-1.76424942842105,-4.3948471,0.605455823578947,-0.68233645,0.6414085,-0.021991149,60.305977,81.51209,-3.419542,WAL
1809132378000,21.61499,-1.65405714595675,-4.4420722875969,0.495263532895961,-0.72326446,0.6264423,-0.004276057,60.55753,81.635765,-3.5702045,WAL
1809137340000,21.619952,-1.54112231096371,-4.48061902857979,0.397583203019899,-0.7812967,0.6087272,0.007330383,60.79422,81.79587,-3.686335,WAL
1809142350000,21.624962,-1.4007210193133,-4.47125899785408,0.364822904892704,-0.8362745,0.5888741,0.021380283,61.024395,81.95697,-3.8054948,WAL
1809147271000,21.629883,-1.27408884219392,-4.46951582579966,0.339670796643939,-0.9059132,0.5748242,0.041233405,61.271267,82.15081,-3.887548,WAL
1809152339000,21.634951,-1.27895545360473,-4.55711569508673,0.398070789115612,-0.9691377,0.5687156,0.06963864,61.51373,82.346886,-3.9739487,WAL
1809157295000,21.639907,-1.28287713852516,-4.6654595342227,0.46877890300384,-1.029308,0.5720753,0.089491755,61.75468,82.56979,-4.0207367,WAL
1809162346000,21.644958,-1.27811471736733,-5.01312025708378,0.6830902271911,-1.0870347,0.6075055,0.12614368,62.001995,82.79243,-4.080454,WAL
1809167378000,21.64999,-1.27920651844708,-5.36688548847547,0.904403862273573,-1.1468995,0.66614854,0.16279559,62.27151,82.999344,-4.140781,WAL
1809172385000,21.654997,-1.35432818720259,-5.81292010868501,1.2236707338686,-1.2180653,0.6899723,0.21166481,62.539795,83.204315,-4.2137504,WAL
1809177606000,21.660218,-1.4295491588524,-6.29845454711762,1.56875710213279,-1.2525792,0.76144356,0.27916542,62.824406,83.37404,-4.2877674,WAL
1809182396000,21.665008,-1.46229790925397,-6.98208620248081,2.02724059088881,-1.3497068,0.77946407,0.31520647,63.09949,83.55871,-4.364253,WAL
1809187757000,21.670369,-1.4989505294842,-7.74721131822238,2.54037837444226,-1.385137,0.784351,0.410196,63.36285,83.66065,-4.478914,WAL
1809192326000,21.674938,-1.31853052772817,-8.77964669097222,3.31539931607143,-1.4013249,0.79534656,0.4437936,63.632324,83.771904,-4.58412,WAL
1809197242000,21.679854,-1.08500087348214,-9.96130629375,4.21215321178571,-1.348485,0.7305948,0.5021312,63.877396,83.839226,-4.7186027,WAL
1809202357000,21.684969,-0.444908810838253,-11.5890266345927,5.32784785194805,-1.2449434,0.6310238,0.5421429,64.08579,83.83708,-4.829355,WAL
1809207270000,21.689882,0.295757861094058,-13.2786727832546,6.45736463008658,-1.0848967,0.50610185,0.5357288,64.265656,83.81026,-4.938762,WAL
1809212344000,21.694956,1.26302458691767,-14.8097585568216,7.56020254822154,-0.8359691,0.28527406,0.43310347,64.31268,83.732735,-4.926821,WAL
1809217302000,21.699914,2.28388590417517,-16.2257919464976,8.61399477081145,-0.52626044,-0.03573562,0.2864958,64.296585,83.62803,-4.898268,WAL
1809222364000,21.704976,3.14562472691003,-17.1631583032116,8.97710729862358,-0.2134974,-0.2883284,0.06505715,64.154945,83.508865,-4.6138325,WAL
1809227324000,21.709936,3.9178822812687,-17.8785628593657,9.04817391741472,0.11056661,-0.40591997,-0.23365596,63.97687,83.32872,-4.283881,WAL
1809232384000,21.714996,4.78670238812915,-18.3354655479582,8.64478242450143,0.4550946,-0.30970868,-0.54519725,63.73965,83.03413,-3.7047145,WAL
1809237429000,21.720041,5.68601282910731,-18.6795901244065,8.04830100712251,0.77640975,0.00030543262,-0.81183994,63.55835,82.61219,-3.107594,WAL
1809242345000,21.724957,5.78739435104188,-18.3212396165475,7.55532667157303,1.0005972,0.3295618,-0.9108001,63.422653,82.108086,-2.409518,WAL
1809247358000,21.72997,5.39508777536262,-17.5121065969356,7.10907786044944,1.1123856,0.50823987,-0.9279043,63.351208,81.49878,-1.7243844,WAL
1809252337000,21.734949,4.604863450678,-15.9949085342036,6.64666241183971,1.0885619,0.6084218,-0.89858276,63.37426,80.92365,-0.9918033,WAL
1809257325000,21.739937,3.59456742088646,-14.0854973894961,6.17293506174863,0.9584476,0.67073005,-0.85918194,63.43815,80.31541,-0.31684557,WAL
1809262320000,21.744932,2.4748318004213,-12.022447618442,5.65364265985692,0.7602218,0.7318166,-0.8032878,63.546143,79.755936,0.25646418,WAL
1809267337000,21.749949,1.29562187301868,-9.87408885572337,5.10939197935215,0.54428095,0.7611381,-0.732122,63.65458,79.235825,0.77903956,WAL
1809272422000,21.755034,0.334257712388664,-7.87725270202429,4.62679961417004,0.33444872,0.80970186,-0.643852,63.7938,78.80388,1.1591244,WAL
1809277327000,21.759939,-0.477482361981831,-6.04040125598894,4.1954177236299,0.22357668,0.86834496,-0.6017023,63.93489,78.409424,1.5131072,WAL
1809282349000,21.764961,-1.17833531198553,-4.65679325702962,3.79181288869514,0.003970624,0.88117313,-0.46578476,64.08989,78.152985,1.6777514,WAL
1809287344000,21.769956,-1.79921466815813,-3.57143924370356,3.41264987700386,-0.19303341,0.86834496,-0.3032946,64.24511,77.92829,1.8159117,WAL
1809292299000,21.774911,-2.4000178213875,-3.07596743961288,3.09115290731123,-0.37140608,0.8167268,-0.12767084,64.4146,77.787224,1.8194567,WAL
1809297322000,21.779934,-2.99924728194711,-2.95151207382139,2.80075713401686,-0.54061574,0.7333437,0.07269296,64.55913,77.70655,1.7717125,WAL
1809302222000,21.784834,-3.6363877179311,-3.20979653016466,2.5581016114254,-0.6713409,0.6273586,0.29840767,64.698616,77.70263,1.5962679,WAL
1809307256000,21.789868,-4.34256012641681,-3.84778638612991,2.34868502471967,-0.8054258,0.50640726,0.5186246,64.79782,77.74902,1.3702888,WAL
1809312248000,21.79486,-4.75007119023995,-4.88967273180115,2.2607614653741,-0.9456194,0.3585779,0.7254025,64.875786,77.88615,1.009894,WAL
1809317241000,21.799853,-4.89530849630455,-6.29847571276703,2.28012638896426,-1.1081096,0.105068825,0.8561276,64.880295,78.05717,0.6201557,WAL
1809322255000,21.804867,-4.85703928047653,-7.76624153604102,2.2622550404343,-1.278541,-0.25350907,0.9370673,64.83547,78.3185,0.10324688,WAL
1809327249000,21.809861,-4.66952168463858,-9.2711897369056,2.21417372017694,-1.4123205,-0.636827,1.0012082,64.70444,78.58724,-0.43153024,WAL
1809332238000,21.81485,-4.65901959890981,-10.895508803667,2.12135955657086,-1.498147,-1.0112875,1.078788,64.48664,78.90224,-0.9899041,WAL
1809337278000,21.81989,-4.78817846511397,-12.6319766173439,1.99220079026759,-1.5140295,-1.3808609,1.1896601,64.15686,79.192245,-1.5528252,WAL
1809342248000,21.82486,-5.20376683729853,-14.231477875309,1.71565375572036,-1.4532484,-1.6878207,1.3072516,63.75552,79.5002,-2.0788755,WAL
1809347251000,21.829863,-5.86231277113616,-15.7475540872145,1.31294584651439,-1.2739595,-1.8661933,1.3991868,63.285095,79.72874,-2.6090465,WAL
1809352258000,21.83487,-6.1964652239969,-16.8605997334755,0.882534586167862,-1.0140363,-1.853976,1.4220943,62.818996,79.94217,-3.132023,WAL
1809357344000,21.839956,-6.2342303760031,-17.6159032665245,0.419911143832138,-0.6808093,-1.6584991,1.3277156,62.361145,80.042885,-3.6330383,WAL
1809362327000,21.844939,-5.73280041525923,-18.1824662653181,0.440160742891791,-0.32711834,-1.4266758,1.1362094,61.968704,80.10867,-4.174452,WAL
1809367347000,21.849959,-4.62815740072663,-18.5601226793009,0.987761542518657,-0.00061086525,-1.3622295,0.91782504,61.592125,80.06811,-4.6619825,WAL
1809372320000,21.854932,-3.63415094806883,-18.4497867021033,1.53592576604206,0.23304509,-1.3228287,0.80756384,61.31683,80.02232,-5.104559,WAL
1809377325000,21.859937,-2.76349473717017,-17.7120200357553,2.09497866771511,0.30085114,-1.3252722,0.63071835,61.061016,79.95624,-5.4504795,WAL
1809382242000,21.864854,-2.00149172312429,-16.6796455683055,2.45640914179411,0.33108896,-1.2993103,0.48563787,60.82136,79.881775,-5.582798,WAL
1809387360000,21.869972,-1.40283858548702,-14.9641768568203,2.4413171090116,0.26816985,-1.2009611,0.3830125,60.60964,79.83225,-5.6754503,WAL
1809392246000,21.874858,-0.966593877929825,-13.3106860140351,2.29779523561403,0.129198,-1.1175779,0.2968805,60.383587,79.80275,-5.604633,WAL
1809397343000,21.879955,-0.733471425169591,-11.5598893660819,1.93621753309942,-0.098043874,-1.131017,0.23884831,60.162716,79.81956,-5.516689,WAL
1809402261000,21.884873,-0.562715536956143,-9.94031610785168,1.50991074606448,-0.35308012,-1.239751,0.1966986,59.93937,79.88945,-5.348616,WAL
1809407322000,21.889934,-0.497021360955562,-8.4152725176687,0.913970793363346,-0.63255095,-1.4257594,0.1957823,59.691795,80.01756,-5.1785836,WAL
1809412245000,21.894857,-0.479705146538462,-7.03277111371238,0.277551240050167,-0.9285152,-1.5714508,0.22082779,59.439926,80.23051,-4.9871283,WAL
1809417293000,21.899905,-0.593835515588235,-5.90097832992327,-0.535627609015345,-1.2021828,-1.6930131,0.26939157,59.14481,80.49441,-4.802718,WAL
1809422305000,21.904917,-0.856202526036019,-4.7100956031952,-1.48052071700232,-1.4715744,-1.8081611,0.34972036,58.814625,80.847435,-4.660802,WAL
1809427312000,21.909924,-1.5897685067196,-3.30796330577072,-2.85943901494965,-1.7235563,-1.8713857,0.46120325,58.47074,81.239296,-4.5455036,WAL
1809432271000,21.914883,-2.24282027673538,-2.13713493912957,-4.07133411679116,-1.9654589,-1.9639318,0.56779927,58.132603,81.72903,-4.4846954,WAL
1809437335000,21.919947,-2.54227354449756,-2.03087728080868,-4.53983370041828,-2.1777346,-2.0836613,0.6600399,57.780067,82.233925,-4.455234,WAL
1809442311000,21.924923,-2.79791497468317,-1.95436576168582,-4.98807406811082,-2.3441954,-2.2351558,0.7318166,57.32327,82.76655,-4.6874433,WAL
1809447305000,21.929917,-2.86369472202574,-2.0154469100894,-5.37805414947441,-2.4352143,-2.3628268,0.78954333,56.84422,83.229164,-4.9480205,WAL
1809452298000,21.93491,-2.91599296478537,-2.10435478418124,-5.75311856486487,-2.4465153,-2.4474316,0.8356637,56.356213,83.58515,-5.2824297,WAL
1809457347000,21.939959,-2.87755639873808,-2.3830205025934,-6.03178413277027,-2.4098635,-2.463314,0.9089675,55.858418,83.75984,-5.650109,WAL
1809462292000,21.944904,-2.8325288129292,-2.68039802444239,-6.2487305268857,-2.293799,-2.3988678,0.9816604,55.391144,83.73489,-6.0526485,WAL
1809467311000,21.949923,-2.73021339734382,-3.16973250156409,-6.03965120342434,-2.1077905,-2.3353379,1.0149527,54.929577,83.49685,-6.47343,WAL
1809472771000,21.955383,-2.61454804862268,-3.70620581563101,-5.81938567751441,-1.9941696,-2.143526,1.10139,54.558376,96.9392,-6.9272046,WAL
1809477346000,21.959958,-2.4421313420701,-4.22746562321772,-5.75924035857967,-1.6197093,-2.094657,1.1371256,54.17728,97.494576,-7.3807592,WAL
1809482282000,21.964894,-2.25610973255239,-4.78985653256154,-5.69434914671914,-1.491122,-2.005776,1.2263119,53.882557,98.13891,-7.83986,WAL
1809487390000,21.970002,-2.14526604551276,-5.75968266485075,-5.62695378486849,-1.2186762,-1.8622227,1.3387111,53.6329,98.812386,-8.31468,WAL
1809492250000,21.974862,-2.06273433080485,-6.79132852417496,-5.56276233417397,-0.93431836,-1.6255124,1.4611896,53.45218,99.52648,-8.814212,WAL
1809497339000,21.979951,-2.04339779838089,-8.2554140519301,-5.55912291963669,-0.65393126,-1.3338243,1.5622878,53.38845,100.16262,-9.258499,WAL
1809502271000,21.984883,-2.04806092184816,-9.80823494560174,-5.57777531612203,-0.4364632,-0.9104946,1.6212363,53.447712,100.79533,-9.711853,WAL
1809507344000,21.989956,-1.96447956569243,-11.4081591996862,-5.3284070035308,-0.30390546,-0.33292156,1.640784,53.744892,101.284,-10.057965,WAL
1809512339000,21.994951,-1.84718813773048,-12.9845569007454,-4.97653286661436,-0.29718593,0.25289822,1.6230689,54.1741,101.76344,-10.393857,WAL
1809517336000,21.999948,-1.50414298184869,-14.1457618553996,-4.24329679987797,-0.37904188,0.7620544,1.565953,54.78586,102.140785,-10.633629,WAL
1809522429000,22.005041,-1.04784133335876,-15.1327623643482,-3.31581406050437,-0.5198463,1.0873401,1.4779885,55.506,102.51804,-10.850423,WAL
1809527343000,22.009955,-0.412429166935169,-15.3362644400508,-2.68508716801406,-0.7058548,1.2330315,1.3784174,56.194027,102.85521,-11.028255,WAL
1809532330000,22.014942,0.305689216461629,-15.2616546936145,-2.1441668228471,-0.93554014,1.2721269,1.2712106,56.93398,103.201546,-11.175689,WAL
1809537370000,22.019982,0.855658055207517,-14.8826654154268,-1.6977196101018,-1.1688906,1.3139712,1.1221595,57.551113,103.432434,-11.234556,WAL
1809542344000,22.024956,1.31261119714174,-14.3604329054424,-1.30604544671104,-1.3478742,1.328021,0.8912524,58.15854,103.651955,-11.243683,WAL
1809547337000,22.029949,1.62428630920783,-13.6657700565624,-0.774120066623794,-1.5338826,1.2403619,0.65057147,58.635677,103.792625,-11.154596,WAL
1809552336000,22.034948,1.84819494344734,-12.8680959002241,-0.158371429624866,-1.6740762,0.9810496,0.40744713,59.053436,103.912895,-11.013132,WAL
1809557347000,22.039959,2.02044023472222,-12.1229074756944,0.399831685,-1.7739527,0.54550266,0.18997909,59.340343,103.96421,-10.792342,WAL
1809562342000,22.044954,2.15331843382936,-11.4205512591766,0.912361856071429,-1.808772,0.01282817,0.009468411,59.512806,103.99856,-10.539042,WAL
1809567333000,22.049945,2.05507290586265,-10.9073952152921,1.19726881907577,-1.7935003,-0.2874121,-0.06505715,59.54931,103.99145,-10.277285,WAL
1809572427000,22.055039,1.76666461943049,-10.5372713690019,1.30301853246625,-1.774869,-0.8906415,-0.20708331,59.334297,103.94921,-9.993914,WAL
1809577339000,22.059951,1.30727575357368,-10.2631700194128,1.21047013017213,-1.6847663,-1.4092661,-0.3640757,59.01169,103.84211,-9.708305,WAL
1809582344000,22.064956,0.679306698175385,-10.0569024680119,0.944614586120302,-1.5793921,-1.7821994,-0.5174029,58.553898,103.706635,-9.4134,WAL
1809587294000,22.069906,0.0445892073492593,-9.81724570999374,0.541529167651784,-1.4764613,-2.0247128,-0.65148777,57.995045,103.54502,-9.143414,WAL
1809592329000,22.074941,-0.619393402409764,-9.5254961909034,-0.0570612194074692,-1.3695599,-2.076331,-0.72051555,57.38504,103.34569,-8.862027,WAL
1809597310000,22.079922,-1.24146929633893,-9.25682343764822,-0.545918673652174,-1.2434162,-1.9773707,-0.7483099,56.745094,103.21834,-8.664519,WAL
1809602302000,22.084914,-1.83197601001482,-9.00644849377471,-0.938015096608696,-1.1343768,-1.8228219,-0.7480045,56.11196,103.0619,-8.456228,WAL
1809607280000,22.089892,-2.32148351568121,-8.73773453781179,-1.16946866774322,-1.054048,-1.6303993,-0.6918049,55.552597,103.03666,-8.343208,WAL
1809612314000,22.094926,-2.70953688189407,-8.44549640564444,-1.23174884751068,-0.9761627,-1.4709635,-0.59040123,55.03808,102.99252,-8.236838,WAL
1809617285000,22.099897,-2.9667976986811,-8.19592494616142,-1.27079232544291,-0.9263771,-1.3460416,-0.43371433,54.605785,103.0714,-8.237548,WAL
1809622319000,22.104931,-3.08542380958661,-7.9871432644685,-1.28502749640748,-0.9062186,-1.2363913,-0.23060162,54.23012,103.16066,-8.27086,WAL
1809627309000,22.109921,-3.16130217467011,-7.87002850905844,-1.38134351122135,-0.929126,-1.1044444,-0.020158553,53.899963,103.344055,-8.389658,WAL
1809632308000,22.11492,-3.18505176451037,-7.86527869028673,-1.5808401650759,-0.93859446,-0.9080512,0.16829337,53.63545,103.546585,-8.547363,WAL
1809637294000,22.119906,-3.13032561480676,-7.87662589281408,-1.72925873210438,-0.9419542,-0.66889745,0.30726522,53.422325,103.80885,-8.760253,WAL
1809642313000,22.124925,-2.96879115612336,-7.90988295660769,-1.8100259366413,-0.9416488,-0.45020768,0.4120286,53.273388,104.09424,-9.002765,WAL
1809647271000,22.129883,-2.68938904862122,-7.96959956936997,-1.78334830110111,-0.9062186,-0.3191771,0.49388456,53.185467,104.42164,-9.275723,WAL
1809652294000,22.134906,-2.22419047334355,-8.07092984115281,-1.59450528795481,-0.8594874,-0.2938262,0.55863625,53.14021,104.7562,-9.561748,WAL
1809657246000,22.139858,-1.75237619448206,-8.20164895435308,-1.38489462189641,-0.79809546,-0.34788775,0.593761,53.116146,105.0788,-9.841861,WAL
1809662333000,22.144945,-1.23692800500403,-8.40782853975212,-1.11489797050081,-0.7535023,-0.39645153,0.5907067,53.108368,105.39337,-10.120863,WAL
1809667267000,22.149879,-0.776188941570588,-8.59847703441176,-0.893149894544118,-0.70616025,-0.52778757,0.58093286,53.02777,105.62719,-10.354247,WAL
1809672377000,22.154989,-0.382769951394118,-8.77599492754902,-0.749216148808824,-0.68111473,-0.6637051,0.5390886,52.935352,105.843796,-10.5737505,WAL
1809677267000,22.159879,-0.062530579497962,-8.90759996938065,-0.67271667885078,-0.65240407,-0.78801614,0.46120325,52.760868,105.95572,-10.712088,WAL
1809682343000,22.164955,0.125943712598668,-8.94626163952679,-0.750039443873148,-0.62858033,-0.8622363,0.40133846,52.564526,106.05375,-10.842588,WAL
1809687323000,22.169935,0.266118051685938,-8.94580560537113,-0.862291247236106,-0.61911196,-0.89888823,0.3381139,52.295097,106.07942,-10.90349,WAL
1809692330000,22.174942,0.292946331800634,-8.84743514378963,-1.06797470788325,-0.59406644,-0.8894198,0.29901853,52.01895,106.08552,-10.951177,WAL
1809697311000,22.179923,0.300615358951782,-8.74800124528302,-1.26875625765199,-0.61544675,-0.8481864,0.25686884,51.727005,106.08477,-10.955871,WAL
1809702345000,22.184957,0.185108573063792,-8.63730752021563,-1.44682919577718,-0.64904433,-0.79229224,0.24831672,51.444447,106.076485,-10.954504,WAL
1809707319000,22.189931,0.0597667892865636,-8.52112072413793,-1.60498908920927,-0.7147123,-0.743423,0.2452624,51.178974,106.11109,-10.945448,WAL
1809712325000,22.194937,-0.139751914169639,-8.35960529885057,-1.64774311693421,-0.7819075,-0.6924158,0.25870144,50.93295,106.150764,-10.933384,WAL
1809717342000,22.199954,-0.344164860054496,-8.20427008174387,-1.68436982779292,-0.874759,-0.66767573,0.2929099,50.710052,106.25682,-10.945714,WAL
1809722397000,22.205009,-0.583556044356646,-8.09678820163488,-1.67459876633364,-0.9468411,-0.6374379,0.32467487,50.50637,106.370415,-10.956386,WAL
1809727371000,22.209983,-0.818519375278941,-8.014228923354,-1.6606366044396,-1.0082331,-0.6243043,0.38698313,50.314278,106.55062,-11.019206,WAL
1809732330000,22.214942,-1.04925320858184,-8.06992337841347,-1.62085489829955,-1.0690142,-0.6252206,0.44073927,50.131676,106.744385,-11.085543,WAL
1809737359000,22.219971,-1.28324402279444,-8.12640400242922,-1.58051164357514,-1.1053606,-0.6249151,0.4868596,49.972748,106.97431,-11.196973,WAL
1809742347000,22.224959,-1.40245467789899,-8.23465303737374,-1.55970780650505,-1.1212431,-0.61911196,0.5390886,49.823742,107.216446,-11.321409,WAL
1809747240000,22.229852,-1.48292011232323,-8.35771816540404,-1.54550807338384,-1.1276573,-0.61483586,0.57696223,49.681194,107.46236,-11.451131,WAL
1809752342000,22.234954,-1.55047266890979,-8.50115499598394,-1.50577824598883,-1.1343768,-0.63316184,0.61361414,49.508656,107.75437,-11.642605,WAL
1809757293000,22.239905,-1.6108499902439,-8.64513166666667,-1.45933414146341,-1.1328496,-0.6401868,0.6301075,49.348343,108.03957,-11.831979,WAL
1809762342000,22.244954,-1.69700709956461,-8.80337880486839,-1.30819793686919,-1.1123856,-0.636827,0.6588182,49.192936,108.32119,-12.035303,WAL
1809767328000,22.24994,-1.79150536724718,-8.96402559350881,-1.11920145084108,-1.1099422,-0.6789767,0.66767573,49.028584,108.59625,-12.234838,WAL
1809772376000,22.254988,-1.86059898162898,-9.15529490354213,-0.974179948144887,-1.1050552,-0.7476991,0.68386364,48.835598,108.87291,-12.449934,WAL
1809777313000,22.259925,-1.91736988746248,-9.3539930986592,-0.851176307312387,-1.0961977,-0.8054258,0.6936375,48.640495,109.13913,-12.660842,WAL
1809782342000,22.264954,-1.9791898971181,-9.55440808608024,-0.721487648370691,-1.0888673,-0.8371908,0.68661255,48.40114,109.38153,-12.876645,WAL
1809787403000,22.270015,-2.04309596108495,-9.75525609700509,-0.589110725319269,-1.0870347,-0.870483,0.68233645,48.152515,109.616684,-13.092307,WAL
1809792314000,22.274926,-2.11503101618109,-10.0530720417103,-0.498568049733808,-1.0595458,-0.90041536,0.65668017,47.86473,109.82107,-13.298919,WAL
1809797358000,22.27997,-2.1960294521484,-10.4327517147349,-0.432756842976315,-1.0283916,-0.9257663,0.6365216,47.575077,110.016594,-13.500476,WAL
1809802343000,22.284955,-2.26988344238043,-10.7555107376968,-0.34130850914546,-0.9822713,-0.9578367,0.6020077,47.244804,110.17485,-13.688719,WAL
1809807347000,22.289959,-2.34106233225072,-11.0544619562333,-0.236912879978216,-0.91629785,-0.9932669,0.58032197,46.91156,110.314735,-13.870225,WAL
1809812343000,22.294955,-2.37804873893894,-11.1884233473473,-0.223123302842843,-0.84299403,-1.0421361,0.54153204,46.533455,110.41502,-14.039374,WAL
1809817344000,22.299956,-2.39722534626627,-11.2363648656657,-0.256682395701702,-0.7483099,-1.0803152,0.4999932,46.152622,110.48809,-14.196857,WAL
1809822420000,22.305032,-2.29360532523364,-11.1587765221586,-0.404246932559542,-0.6365216,-1.1053606,0.4822781,45.73273,110.52231,-14.348576,WAL
1809827348000,22.30996,-2.13235379626168,-11.0212382261079,-0.603439901627977,-0.5128214,-1.0852021,0.4596761,45.31837,110.523796,-14.480491,WAL
1809832339000,22.314951,-1.8996337912131,-10.8747910998333,-0.895892130430519,-0.37873647,-1.0250319,0.464563,44.907627,110.51324,-14.614409,WAL
1809837388000,22.32,-1.62934468441699,-10.7230502551731,-1.23730994693537,-0.23701571,-0.9138544,0.46731192,44.522488,110.471436,-14.730095,WAL
1809842345000,22.324957,-1.27499359459778,-10.5354789406738,-1.61720203628327,-0.095294975,-0.7489208,0.48624873,44.185577,110.432304,-14.832839,WAL
1809847345000,22.329957,-0.865808789568805,-10.3238312636283,-2.02638689042334,0.03604105,-0.5720753,0.5128214,43.891052,110.37038,-14.923811,WAL
1809852331000,22.334943,-0.393727917080507,-10.1376638015335,-2.30968805086995,0.14996742,-0.3744604,0.5235115,43.69295,110.30487,-14.967997,WAL
1809857347000,22.339959,0.125695948068416,-9.96767056060159,-2.50801353149513,0.1994475,-0.20311269,0.5143485,43.541866,110.22919,-14.999888,WAL
1809862340000,22.344952,0.498218146096692,-9.96342182900763,-2.47044094086514,0.17898351,-0.13683382,0.48380527,43.414967,110.18302,-15.0058,WAL
1809867347000,22.349959,0.756885494206616,-10.0903152619847,-2.24593720226972,0.1441642,-0.0421497,0.45051312,43.34477,110.12785,-14.993342,WAL
1809872418000,22.35503,0.853286097212888,-10.3661272526191,-1.87873330063254,0.008552114,-0.016493361,0.35796702,43.258736,110.05447,-14.908418,WAL
1809877391000,22.360003,0.839165097094287,-10.7332735506029,-1.42686095278711,-0.16890424,-0.057726767,0.24404067,43.17536,109.98417,-14.806353,WAL
1809882336000,22.364948,0.729668514076172,-11.0507352371094,-0.99918455371875,-0.3539964,-0.1386664,0.14080444,43.02612,109.8716,-14.649388,WAL
1809887385000,22.369997,0.545510444932617,-11.3387777287109,-0.578926384171875,-0.47555858,-0.24129178,0.07360926,42.85188,109.765366,-14.476925,WAL
1809892317000,22.374929,0.391451860991613,-11.5485607423779,-0.263661246869265,-0.52290064,-0.34697145,0.043066,42.56032,109.61193,-14.287274,WAL
1809897341000,22.379953,0.258527478712383,-11.6957270121362,-0.03104359275185,-0.5112942,-0.4156938,0.028405234,42.247635,109.4612,-14.090966,WAL
1809902327000,22.384939,0.16612662430116,-11.8599841393749,0.120840587049341,-0.44593164,-0.44043383,0.016493361,41.868584,109.26378,-13.901038,WAL
1809907347000,22.389959,0.114147928861805,-12.0442720202477,0.191720628527619,-0.34269542,-0.4297437,0.0067195175,41.484108,109.05675,-13.7119465,WAL
1809912340000,22.394952,0.110722161483701,-12.2727358070478,0.207542541316137,-0.22235495,-0.41172317,-0.021380283,41.075138,108.810074,-13.527252,WAL
1809917348000,22.39996,0.164298591762973,-12.5552298295928,0.158836697457094,-0.08155051,-0.3830125,-0.040927973,40.67872,108.54332,-13.342453,WAL
1809922337000,22.404949,0.196114184364544,-12.8453437779082,0.108896008165542,0.0720821,-0.32986724,-0.0711658,40.29094,108.23371,-13.143517,WAL
1809927346000,22.409958,0.205500788667449,-13.1457151940123,0.0572696992016437,0.23854288,-0.26633725,-0.12797627,39.918503,107.89111,-12.931317,WAL
1809932293000,22.414905,0.253899570158983,-13.4604841335453,0.0257157813354531,0.41722095,-0.19914207,-0.18509217,39.540848,107.513885,-12.706223,WAL
1809937348000,22.41996,0.354186824935684,-13.8056587823385,0.0187189960052031,0.6053675,-0.12308934,-0.26389378,39.186516,107.09539,-12.457807,WAL
1809942264000,22.424876,0.451716428196271,-14.1413419818375,0.0119146049698897,0.8151997,-0.054061573,-0.355829,38.83608,106.6321,-12.185146,WAL
1809947343000,22.429955,0.552479824241942,-14.4881554420196,0.00488460048080166,1.010982,0.022907447,-0.4636467,38.511868,106.12793,-11.885704,WAL
1809952255000,22.434867,0.67831988592783,-14.7985728892773,-0.0503808771851547,1.1826351,0.10567969,-0.56779927,38.211533,105.58344,-11.562517,WAL
1809957353000,22.439965,0.884110464611905,-15.0545562208286,-0.23609433480621,1.3680327,0.22540927,-0.6780604,37.944828,104.99014,-11.207269,WAL
1809962243000,22.444855,1.06381945049275,-15.2677451826087,-0.393892684649275,1.527774,0.2883284,-0.7486154,37.659954,104.32536,-10.794098,WAL
1809967349000,22.449961,1.21500534782609,-15.4236557826087,-0.516731194782609,1.609019,0.41783184,-0.8875872,37.42766,103.62294,-10.332075,WAL
1809972304000,22.454916,1.37185005759707,-15.4621720995618,-0.60466122499949,1.7363845,0.52015173,-1.0354166,37.168156,102.894264,-9.852888,WAL
1809977346000,22.459958,1.55883442335677,-15.196457209518,-0.60958186349944,1.8716911,0.61422503,-1.1670581,36.944096,102.14436,-9.34596,WAL
1809982270000,22.464882,1.70941950882677,-14.8570895616035,-0.620882813306363,2.026851,0.68630713,-1.2544118,36.72821,101.365166,-8.803742,WAL
1809987371000,22.469983,1.79026937389665,-14.3180903047996,-0.647832780836705,2.2275202,0.72021013,-1.2913691,36.528625,100.55889,-8.250993,WAL
1809992308000,22.47492,1.80693012704877,-13.813019635998,-0.657472606535948,2.4846945,0.71868294,-1.3222178,36.321598,99.71341,-7.679035,WAL
1809997342000,22.479954,1.42396765326295,-13.4058188951232,-0.560520069673203,2.7754662,0.72021013,-1.382999,36.125576,98.83711,-7.1003194,WAL
1810002328000,22.48494,0.998496362127237,-13.0450335924453,-0.439833425090457,3.0439415,0.72051555,-1.4776831,35.921513,97.944214,-6.5196376,WAL
1810007359000,22.489971,0.304039826640159,-12.9252997932406,-0.176418875801988,3.2852333,0.7150178,-1.632232,35.71492,97.01091,-5.915422,WAL
1810012303000,22.494915,-0.370848092938066,-12.8197635373867,0.0777211395226586,3.436117,0.6713409,-1.7898352,35.54236,96.100784,-5.3455353,WAL
1810017316000,22.499928,-1.00540193429947,-12.7925682963557,0.304347533478852,3.4620788,0.5858198,-1.9034561,35.356625,95.20064,-4.7545376,WAL
1810022500000,22.505112,-1.6947355645006,-12.7775899038307,0.493639662886081,3.4110715,0.49602258,-1.949271,35.241398,94.40491,-4.229795,WAL
1810027361000,22.509973,-2.91784505860409,-12.9923342793823,-0.113246779041316,3.302643,0.44012842,-1.9428569,35.115,93.71858,-3.698641,WAL
1810032620000,22.515232,-4.19059998060778,-13.2338477479467,-0.76807073096368,3.1737504,0.43585235,-1.8988746,35.07316,86.712296,-3.254289,WAL
1810037390000,22.520002,-4.80757788980653,-13.5506744736266,-1.34336080771126,3.0057623,0.4914411,-1.8429805,35.03728,86.90737,-2.8262336,WAL
1810042335000,22.524947,-5.44719125688994,-13.8791248213178,-1.9397569145282,2.839607,0.56688297,-1.7757853,35.10204,86.76809,-2.6194549,WAL
1810047354000,22.529966,-6.14055272129065,-14.2071877815908,-2.26462879906954,2.6847527,0.58123827,-1.738217,35.164356,86.53914,-2.4255185,WAL
1810052271000,22.534883,-6.82839832038019,-14.527554313957,-2.52846006391196,2.5115724,0.49877146,-1.7208074,35.218273,86.26951,-2.248992,WAL
1810057353000,22.539965,-7.3579907702537,-14.7142412104121,-2.87913613610299,2.3380868,0.40958515,-1.7040086,35.30364,86.01029,-2.2042034,WAL
1810062322000,22.544934,-7.83821572853909,-14.8668358590022,-3.238182869801,2.2000313,0.15668693,-1.6920967,35.313595,85.77838,-2.1562088,WAL
1810067327000,22.549939,-8.08140730419409,-14.8440381714959,-4.17372423857185,2.1163425,-0.018020526,-1.711339,35.398613,85.540886,-2.1973357,WAL
1810072367000,22.554979,-8.22837520911502,-14.7492202321972,-5.34946762645123,1.9120082,-0.014660766,-1.7571539,35.455784,85.376274,-2.2245073,WAL
1810077346000,22.559958,-7.82713659505834,-14.0423265106383,-5.02096163129719,1.7122552,0.4083634,-1.8396207,35.634567,85.23367,-2.3078582,WAL
1810082320000,22.564932,-7.17325823227768,-13.0521679027356,-4.00277949081282,1.3732251,0.6994407,-1.9095647,35.76886,85.18696,-2.3674433,WAL
1810087361000,22.569973,-6.41341924739941,-12.4019552859666,-3.50561125970559,1.1701124,0.5403103,-1.7935003,35.84371,85.260544,-2.4878294,WAL
1810092346000,22.574958,-5.60759546501472,-11.9568779508342,-3.31352526736016,1.2269229,0.15790866,-1.6200147,35.931393,85.34372,-2.593538,WAL
1810097353000,22.579965,-4.50745198778055,-11.3842294623441,-3.03789681047382,1.3353515,0.09468412,-1.493871,36.08244,85.364235,-2.6178617,WAL
1810102363000,22.584975,-3.21522781022444,-10.7285456498753,-2.70766184837905,1.3796391,0.35246924,-1.3833044,36.209713,85.36071,-2.6832178,WAL
1810107332000,22.589944,-2.13311016489099,-10.3663024615764,-2.13223637108612,1.3658947,0.63224554,-1.2663237,36.236534,85.37918,-2.6795187,WAL
1810112348000,22.59496,-1.17587160910526,-10.195705268324,-1.38350522104173,1.4056009,0.806953,-1.1377366,36.306488,85.35425,-2.714002,WAL
1810117354000,22.599966,-0.592836180943704,-10.0806704708929,-0.82932192730891,1.5045611,0.8353582,-1.0775663,36.3921,85.34537,-2.5787342,WAL
1810122433000,22.605045,-0.284954770490074,-10.0060327465714,-0.414148456305745,1.5961909,0.8558222,-1.1071932,36.522877,85.3176,-2.46278,WAL
1810127422000,22.610034,-0.0357205012940331,-10.0776464077231,-0.109876080491938,1.641395,0.956615,-1.1371256,36.645172,85.239586,-2.2225907,WAL
1810132390000,22.615002,0.159730154694464,-10.2926423859505,0.0904608435544829,1.6517797,1.1026118,-1.1655309,36.782864,85.13171,-1.9828563,WAL
1810137374000,22.619986,0.376661594836334,-10.4404832483633,0.243427485441899,1.5625933,1.1887437,-1.1896601,36.915886,84.9885,-1.6924679,WAL
1810142304000,22.624916,0.608479863876159,-10.5306346054283,0.35504369403437,1.4245378,1.2305881,-1.1948525,37.072178,84.8354,-1.4100624,WAL
1810147418000,22.63003,0.866320754074615,-10.5462541652251,0.378231967340559,1.3374895,1.2983941,-1.1939361,37.266384,84.64056,-1.1053417,WAL
1810152333000,22.634945,1.14591546661109,-10.4187200054189,0.231076887828262,1.3011429,1.3912456,-1.1734722,37.472652,84.45106,-0.8162812,WAL
1810157350000,22.639962,1.25802604270941,-10.135272883454,-0.0577965779927611,1.3289373,1.4358387,-1.1212431,37.697872,84.215004,-0.5012808,WAL
1810162353000,22.644965,1.12920163826267,-9.63979428541882,-0.538410662874871,1.3362677,1.5231925,-1.0888673,37.95428,83.98123,-0.20109992,WAL
1810167333000,22.649945,0.936385790868117,-9.17043553360768,-1.13808047553596,1.3335189,1.6502525,-1.0332786,38.266136,83.708534,0.12124277,WAL
1810172410000,22.655022,0.669601429472859,-8.717854760631,-1.88126544035175,1.3451253,1.8414533,-0.95417154,38.612186,83.42146,0.41217983,WAL
1810177334000,22.659946,0.412499172857358,-8.28509867775218,-2.53311382189723,1.3454307,2.067168,-0.8891144,39.05904,83.151405,0.6656118,WAL
1810182348000,22.66496,0.152759812815086,-7.85219987242312,-3.11031236293699,1.3521502,2.293188,-0.82253003,39.550743,82.87901,0.8809206,WAL
1810187281000,22.669893,-0.0931333066533821,-7.4451169784909,-3.50655647596915,1.3539828,2.475226,-0.7651087,40.150818,82.67551,1.0292195,WAL
1810192329000,22.674941,-0.332174640780755,-7.05308910879153,-3.68822786568434,1.3585643,2.5922067,-0.70463306,40.787746,82.47869,1.1451249,WAL
1810197243000,22.679855,-0.545684983170684,-6.72353762025471,-3.77637633947497,1.3521502,2.666427,-0.6740898,41.484325,82.360855,1.1972108,WAL
1810202303000,22.684915,-0.737211780418659,-6.46107504496438,-3.73617938739143,1.3377949,2.7079656,-0.6545421,42.197166,82.25539,1.2265805,WAL
1810207248000,22.68986,-0.924385695910998,-6.20457752820338,-3.6968960024007,1.3219124,2.7192667,-0.6429357,42.956944,82.17166,1.2021347,WAL
1810212316000,22.694928,-1.11621530232458,-5.9416999923197,-3.65663549782375,1.3048081,2.7339275,-0.6221663,43.72268,82.104034,1.1624036,WAL
1810217271000,22.699883,-1.29191606688689,-5.71830680248496,-3.5401472449364,1.273654,2.7495046,-0.62949663,44.486958,82.0543,1.1217576,WAL
1810222373000,22.704985,-1.44609688688492,-5.56412588186569,-3.2462399970713,1.217149,2.7177396,-0.634689,45.23572,82.02749,1.0711198,WAL
1810227297000,22.709909,-1.57825365218534,-5.41588248490217,-2.96365108253675,1.1685852,2.6700919,-0.65393126,46.009464,82.009514,0.95441955,WAL
1810232304000,22.714916,-1.67160722491969,-5.26651679777085,-2.67892263939453,1.0839803,2.6239717,-0.6588182,46.76842,82.028435,0.8318984,WAL
1810237320000,22.719932,-1.76428031430824,-5.09962909148601,-2.36033743078439,1.0137309,2.6087,-0.6768387,47.5135,82.03768,0.6869201,WAL
1810242314000,22.724926,-1.85382556890028,-4.8781224556957,-1.93617586945211,0.98471475,2.5555549,-0.6808093,48.228348,82.06893,0.5392735,WAL
1810247343000,22.729955,-1.921922150079,-4.66099304206004,-1.47064226309303,0.91751957,2.4510968,-0.6783658,48.949783,82.08285,0.39091352,WAL
1810252344000,22.734956,-1.90773281268023,-4.46707252563697,-0.86523222643097,0.7910705,2.3545802,-0.6835582,49.65169,82.13149,0.24509181,WAL
1810257311000,22.739923,-1.91349458662738,-4.29856228603808,-0.305133729995467,0.66523224,2.3075435,-0.6814202,50.387264,82.11257,0.111175045,WAL
1810262338000,22.74495,-2.00951798892112,-4.23745666273799,0.0745949072783318,0.6084218,2.21683,-0.66767573,51.075653,82.11869,-0.021568028,WAL
1810267637000,22.750249,-2.1102171278454,-4.17626906177724,0.476674926010347,0.4886922,2.1154263,-0.6398814,51.750587,82.08198,-0.12997006,WAL
1810272329000,22.754941,-2.18770580769933,-4.19450160833841,0.873235203027998,0.39461896,1.9996674,-0.6282749,52.389606,82.0607,-0.23630811,WAL
1810277667000,22.760279,-2.28443428925953,-4.23212714671004,1.30530866622067,0.28924468,1.8802432,-0.6084218,53.03555,81.994484,-0.34458685,WAL
1810282299000,22.764911,-2.46736959395161,-4.45977997127016,1.45978730947581,0.18295415,1.7724255,-0.60231316,53.647366,81.95911,-0.45047098,WAL
1810287366000,22.769978,-2.66748470381232,-4.70881210901759,1.62877333826979,0.06688975,1.6679676,-0.59315014,54.230797,81.89028,-0.5607692,WAL
1810292282000,22.774894,-2.68502046282051,-4.74618654070513,1.61768996622596,-0.061391957,1.5851953,-0.5882632,54.78577,81.856674,-0.67011833,WAL
1810297312000,22.779924,-2.66572106217949,-4.74136169054487,1.56944141424279,-0.15485434,1.5109752,-0.58368176,55.30937,81.84696,-0.77969015,WAL
1810302338000,22.78495,-2.56259400676991,-4.75714587497123,1.58595906245684,-0.24373524,1.4501941,-0.58093286,55.83197,81.84545,-0.92300314,WAL
1810307352000,22.789964,-2.44200864460605,-4.77724342658784,1.61610538988176,-0.33933565,1.3723087,-0.5681047,56.32391,81.87082,-1.0670807,WAL
1810312331000,22.794943,-2.24490176945869,-4.75381246934473,1.67267793760684,-0.42943826,1.2730432,-0.5635232,56.794586,81.92301,-1.1991134,WAL
1810317266000,22.799878,-2.04292932558405,-4.72688288202279,1.73102552521368,-0.5164866,1.1640037,-0.5549711,57.235794,81.998856,-1.3320632,WAL
1810322282000,22.804894,-1.83390615088979,-4.72535753746488,1.77091989569154,-0.6017023,1.0283916,-0.56107974,57.63305,82.0918,-1.4307815,WAL
1810327181000,22.809793,-1.62883749815798,-4.73024006980955,1.8050980299719,-0.6621779,0.8775079,-0.56199604,57.99098,82.19951,-1.5280995,WAL
1810332238000,22.81485,-1.43453130560748,-4.73843339618979,1.8137618480949,-0.7415904,0.7101309,-0.56107974,58.290165,82.32342,-1.56982,WAL
1810337439000,22.820051,-1.23758717733645,-4.74738539777139,1.81823784888569,-0.8173377,0.5589417,-0.5699373,58.548744,82.46187,-1.6035997,WAL
1810342225000,22.824837,-1.13657664042223,-4.77555514698334,1.78776970804098,-0.90041536,0.42363504,-0.5671884,58.74332,82.621346,-1.5937449,WAL
1810347236000,22.829848,-1.07201470484322,-4.81528553696575,1.73810666870537,-0.9981538,0.3115413,-0.55771995,58.89973,82.803505,-1.5795941,WAL
1810352738000,22.83535,-1.06871379256206,-4.89158691838877,1.70474395929742,-1.0677924,0.27550024,-0.54275376,59.04081,82.99069,-1.514132,WAL
1810357264000,22.839876,-1.08572668503582,-4.96389171140222,1.68347784370523,-1.1029172,0.2144137,-0.5329799,59.141872,83.1914,-1.4470663,WAL
1810362259000,22.844871,-1.13813859871457,-5.06801001456823,1.679509089343,-1.1869112,0.19425514,-0.4972443,59.252388,83.41918,-1.3820093,WAL
1810367216000,22.849828,-1.20594117666447,-5.18275296446935,1.68472466807295,-1.2492194,0.21563543,-0.44012842,59.35589,83.644516,-1.3273096,WAL
1810372278000,22.85489,-1.25702218525692,-5.3428929216996,1.71405534988142,-1.3295482,0.26450464,-0.3717115,59.471508,83.89397,-1.2822548,WAL
1810377244000,22.859856,-1.30401668966403,-5.50737336816205,1.7469514686166,-1.4019357,0.33505958,-0.3032946,59.59734,84.15041,-1.25628,WAL
1810382266000,22.864878,-1.27226836683897,-6.00846942027833,1.96325298178926,-1.4871514,0.41783184,-0.19700404,59.740555,84.421486,-1.275375,WAL
1810387282000,22.869894,-1.22451759252485,-6.57670368946322,2.21633202083499,-1.561677,0.52381694,-0.07941248,59.907803,84.69803,-1.3197144,WAL
1810392246000,22.874858,-1.0011749324195,-7.07390939901306,2.55732723548998,-1.638646,0.57879484,0.029626964,60.099194,84.971664,-1.3914975,WAL
1810397244000,22.879856,-0.738731651470442,-7.56062247158808,2.91997610652976,-1.6982054,0.5882632,0.13072516,60.303886,85.24235,-1.4940836,WAL
1810402321000,22.884933,-0.307822379002599,-8.35039425657071,3.50326926484067,-1.7030923,0.60994893,0.2687807,60.521034,85.454834,-1.6132715,WAL
1810407361000,22.889973,0.156865281342062,-9.20077282978723,4.13059777855974,-1.6239853,0.61453044,0.38515055,60.73238,85.639656,-1.7514952,WAL
1810412326000,22.894938,0.813720077091852,-10.2945642865264,4.85870583582328,-1.4963144,0.5720753,0.48166725,60.914097,85.74453,-1.8478473,WAL
1810417378000,22.89999,1.54714663331006,-11.4912070953426,5.63555883384861,-1.3133603,0.4972443,0.54000485,61.08294,85.79928,-1.9630543,WAL
1810422365000,22.904977,2.26783290166229,-12.6533940618256,6.29300190378147,-1.0757337,0.43463063,0.5213735,61.195827,85.74379,-1.9595686,WAL
1810427354000,22.909966,2.9877412368329,-13.8098919839603,6.91537410074852,-0.763887,0.39553526,0.4636467,61.288914,85.62549,-1.9624594,WAL
1810432342000,22.914954,3.65294102318239,-15.0599176256638,7.16037958219562,-0.40469822,0.45540005,0.3811799,61.3422,85.37457,-1.7898909,WAL
1810437437000,22.920049,4.30779684243507,-16.379052333108,7.24047001089119,-0.08002335,0.57696223,0.2275473,61.39995,85.05953,-1.5972484,WAL
1810442312000,22.924924,4.72782324590045,-17.2710615481206,7.06822346068773,0.14538592,0.83260936,0.047036625,61.468613,84.61054,-1.261052,WAL
1810447308000,22.92992,5.0341464029843,-17.9627588831062,6.74213741942379,0.2773328,1.1230757,-0.129198,61.58092,84.100174,-0.91930425,WAL
1810452293000,22.934905,5.12060527228494,-17.8660046395485,6.65871222107824,0.34208453,1.2348641,-0.31429017,61.702847,83.57293,-0.47303528,WAL
1810457319000,22.939931,5.10186928727131,-17.3882343316466,6.69150041494745,0.35369098,1.3445144,-0.3903429,61.904686,83.02956,-0.059468765,WAL
1810462309000,22.944921,4.66291063782656,-16.2124857190822,6.70080637578226,0.34972036,1.2861768,-0.47433686,62.100906,82.55367,0.41471562,WAL
1810467314000,22.949926,3.96776222538989,-14.6079305467369,6.69604498857654,0.35979962,1.1682798,-0.47342056,62.305042,82.07795,0.84415656,WAL
1810472316000,22.954928,3.00950657811604,-12.8850225211031,6.54116928595433,0.35246924,1.0152581,-0.4111123,62.470287,81.60065,1.251998,WAL
1810477315000,22.959927,1.8832715064446,-11.0868322656914,6.29036910512998,0.32803464,0.88606006,-0.32834008,62.60186,81.13946,1.6278309,WAL
1810482302000,22.964914,0.79004927798902,-9.54063070644322,5.92276681684484,0.2657264,0.81000733,-0.23151793,62.6938,80.68908,1.899031,WAL
1810487354000,22.969966,-0.295669001421555,-8.15202941317538,5.46611277570067,0.16065755,0.7797695,-0.1432479,62.7532,80.27603,2.1389537,WAL
1810492307000,22.974919,-1.23046309977438,-7.15870700697897,4.99683366928298,0.02321288,0.7846564,-0.040927973,62.82679,79.927704,2.2238786,WAL
1810497309000,22.979921,-2.05022129259273,-6.50839583929254,4.50223088815488,-0.15485434,0.7996226,0.10567969,62.886147,79.63594,2.2696848,WAL
1810502274000,22.984886,-2.82347407037575,-6.2024463606394,4.03464091737596,-0.33169982,0.77182823,0.28252518,62.982037,79.450165,2.15451,WAL
1810507322000,22.989934,-3.55108872430974,-6.38309564799668,3.59305409653311,-0.51923543,0.6450737,0.46914452,63.04522,79.32456,1.9999456,WAL
1810512308000,22.99492,-4.08259609817264,-6.93309731873801,3.12961347384149,-0.6966918,0.4089743,0.6469063,63.10716,79.32675,1.6992942,WAL
1810517325000,22.999937,-4.42214964659263,-7.87414555648662,2.63483536365472,-0.9095783,0.055283304,0.81061816,63.089962,79.38792,1.3635504,WAL
1810522310000,23.004922,-4.724271048028,-9.09603014711102,2.02411324244232,-1.1261301,-0.3839288,0.926988,63.012997,79.57404,0.91469336,WAL
1810527314000,23.009926,-4.99360372509367,-10.5986244780122,1.29644206679649,-1.3228287,-0.8539896,1.0665708,62.816936,79.79501,0.4341822,WAL
1810532307000,23.014919,-5.49198691876265,-12.3185925912113,0.553909870930905,-1.4899004,-1.3274102,1.2046263,62.529198,80.14623,-0.10631366,WAL
1810537391000,23.020003,-6.25208499500819,-14.3126763352607,-0.220263810730462,-1.5714508,-1.7721201,1.3197744,62.11229,80.48794,-0.6545359,WAL
1810542287000,23.024899,-6.98036656665155,-15.8179540830764,-0.928719261481952,-1.5604553,-2.144748,1.4178182,61.63429,80.9531,-1.2525533,WAL
1810547307000,23.029919,-7.72160043514421,-16.7466768474515,-1.60019015446218,-1.4208726,-2.327702,1.4880677,61.085857,81.3348,-1.8546909,WAL
1810552273000,23.034885,-8.39012484948613,-17.5963009969057,-2.22021907359929,-1.1520919,-2.3167064,1.4963144,60.560024,81.7362,-2.5402262,WAL
1810557304000,23.039916,-8.79478259586695,-18.1660160181236,-2.662148140347,-0.95142263,-1.9898936,1.4541647,60.076733,82.01186,-3.2161775,WAL
1810562251000,23.044863,-8.58898865721574,-18.6026259675267,-2.45943269521829,-0.47433686,-1.3347405,1.276403,59.739235,82.12666,-3.9430637,WAL
1810567343000,23.049955,-7.37380830972236,-18.8466193410183,-1.19162614556264,0.034208454,-0.6805039,0.95630956,59.50251,82.112114,-4.6001315,WAL
1810572296000,23.054908,-6.01443439249852,-18.5054756398897,0.149942332041741,0.48288897,-0.3622431,0.68752885,59.37863,81.97282,-5.2414403,WAL
1810577313000,23.059925,-4.3069222976964,-17.0817598946643,1.71082599844851,0.72387534,-0.3866777,0.47800204,59.349174,81.76632,-5.7925963,WAL
1810582238000,23.06485,-2.8400700975196,-15.4862032895128,2.90272059456295,0.73761976,-0.48747048,0.32528573,59.34663,81.547844,-6.102829,WAL
1810587349000,23.069961,-1.80081313019149,-13.3736955000496,3.35436037977974,0.6020077,-0.59589905,0.2321288,59.337936,81.344826,-6.3573647,WAL
1810592258000,23.07487,-0.930904429281658,-11.4285865919459,3.53051891744274,0.36071593,-0.74464476,0.16401732,59.21922,81.18675,-6.36521,WAL
1810597309000,23.079921,-0.344904633162976,-9.62938391728185,3.09101905481734,0.071776666,-0.9089675,0.13500121,59.066257,81.07985,-6.352365,WAL
1810602271000,23.084883,0.178154819541779,-7.91534076124819,2.55617141322413,-0.23762658,-1.1823297,0.11575896,58.805813,81.045555,-6.2149854,WAL
1810607326000,23.089938,0.474260437264151,-6.40971928265602,1.54740484701016,-0.57848936,-1.5305228,0.12308934,58.477474,81.07497,-6.0700603,WAL
1810612279000,23.094891,0.635551064511985,-5.09099762883988,0.433828429388303,-0.9795224,-1.8393153,0.16798794,58.109055,81.25064,-5.8471456,WAL
1810617320000,23.099932,0.422633757864813,-4.2069278314861,-1.06584986358006,-1.3423764,-2.000889,0.2593123,57.685394,81.472694,-5.637511,WAL
1810622334000,23.104946,0.132312971692823,-3.42306409933971,-2.45850367292823,-1.6148223,-2.0289888,0.37965274,57.240765,81.820915,-5.442795,WAL
1810627312000,23.109924,-0.51093502783445,-3.07634887643062,-3.3937225336555,-1.8280143,-2.0457878,0.49021935,56.762558,82.204575,-5.2733436,WAL
1810632292000,23.114904,-1.15593951276962,-2.7373936678076,-4.28199657552405,-1.992337,-2.1633792,0.589485,56.313744,82.69624,-5.20024,WAL
1810637322000,23.119934,-1.82424064471899,-2.48373196482025,-4.64785473339747,-2.1591032,-2.3851233,0.657291,55.84746,83.17602,-5.1553636,WAL
1810642287000,23.124899,-2.44709279705911,-2.23595632002178,-5.01014263414199,-2.32984,-2.6416867,0.74067414,55.32776,83.569824,-5.3088393,WAL
1810647309000,23.129921,-2.76616851839786,-2.00736471616002,-5.38636641806119,-2.4449883,-2.7333164,0.8240572,54.80752,83.85582,-5.4881206,WAL
1810652297000,23.134909,-3.06461783427499,-1.80420268996444,-5.75243532285658,-2.5100453,-2.8603766,0.8677341,54.19265,83.92014,-5.8055215,WAL
1810657320000,23.139932,-3.17390256654484,-1.84696626143817,-6.04227745613394,-2.5192082,-2.9245174,0.96577793,53.580933,83.77049,-6.1728535,WAL
1810662346000,23.144958,-3.24457920506621,-1.96116035640952,-6.34416497260603,-2.4602597,-2.8961122,1.044885,52.982872,96.61548,-6.6128874,WAL
1810667325000,23.149937,-2.82823447979275,-2.97228341761658,-6.79253643937824,-2.307238,-2.7601945,1.0943651,52.410374,97.180466,-7.0827265,WAL
1810672550000,23.155162,-2.39426856385727,-4.03222034553471,-7.24554636317031,-2.0778582,-2.5173757,1.1438452,51.90471,97.909164,-7.6015344,WAL
1810677342000,23.159954,-2.08841558938788,-4.96860112273147,-7.11379412365426,-1.7788396,-2.1902573,1.208597,51.478367,98.722984,-8.142994,WAL
1810682540000,23.165152,-1.77157038644018,-6.01252421785262,-6.93291346601772,-1.4330899,-1.8197676,1.2754866,51.246624,99.47599,-8.578893,WAL
1810687361000,23.169973,-1.650224647912,-7.30687801129173,-6.3261851957364,-1.106277,-1.4474452,1.3655893,51.12991,100.249084,-9.031651,WAL
1810692629000,23.175241,-1.52307157837637,-8.73457248931822,-5.65951402732677,-0.8005389,-1.0800097,1.457219,51.265644,100.82329,-9.342514,WAL
1810697344000,23.179956,-1.53146003899313,-10.3115880196916,-4.98005515527587,-0.56230146,-0.7519751,1.5286902,51.51082,101.38159,-9.662123,WAL
1810702304000,23.184916,-1.5402843793238,-11.970548153446,-4.26529036092328,-0.42394048,-0.46700647,1.5519031,51.8904,101.731926,-9.876472,WAL
1810707321000,23.189933,-1.3433271117718,-13.4511814487746,-3.83143054314986,-0.40622538,-0.15027285,1.5283848,52.3719,102.073906,-10.089386,WAL
1810712243000,23.194855,-1.10660026878264,-14.8620730453998,-3.46687136116914,-0.4700608,0.16982053,1.4840971,52.932682,102.41182,-10.295873,WAL
1810717321000,23.199933,-0.572277572037037,-15.4804012910053,-3.16949226084656,-0.54458636,0.50488013,1.423316,53.383995,102.70691,-10.509468,WAL
1810722304000,23.204916,0.0138675438161376,-15.9087377864701,-2.89445486022298,-0.6750061,0.8258898,1.3457361,53.91808,103.0079,-10.695183,WAL
1810727313000,23.209925,0.498571468328114,-15.7948035575363,-2.70820822444391,-0.8454375,1.104139,1.2205088,54.45004,103.215706,-10.795597,WAL
1810732244000,23.214856,0.934664891259937,-15.4686820346904,-2.56031572269333,-1.0848967,1.3393221,1.0396926,55.05061,103.431755,-10.85275,WAL
1810737335000,23.219947,1.33587044051106,-14.9930842038018,-2.32321274038641,-1.3521502,1.5109752,0.78954333,55.60671,103.58049,-10.797585,WAL
1810742315000,23.224927,1.56375610956684,-14.0617254004363,-1.80799312430664,-1.5610662,1.5485435,0.5497787,56.17856,103.73272,-10.69823,WAL
1810747239000,23.229851,1.7142224257559,-13.1359084421899,-1.23072122865495,-1.7027869,1.4825699,0.31673363,56.714203,103.840775,-10.493757,WAL
1810752299000,23.234911,1.68014806553491,-12.1720900112506,-0.466481427107986,-1.7650951,1.1749994,0.20799962,57.180107,103.963844,-10.276198,WAL
1810757246000,23.239858,1.6110217488936,-11.2910737164797,0.177596204381126,-1.8579466,0.70005155,-0.008246681,57.48786,104.052376,-10.0016575,WAL
1810762308000,23.24492,1.45427835356169,-10.5367456980903,0.589047635028797,-1.89918,0.14172074,-0.20189096,57.67483,104.14127,-9.73175,WAL
1810767291000,23.249903,1.24054967518438,-9.94360231236443,0.902728286225597,-1.9065105,-0.40622538,-0.36254853,57.68891,104.16003,-9.460683,WAL
1810772329000,23.254941,0.900406828430947,-9.65578971438901,1.02919164859002,-1.8411479,-0.90133166,-0.48624873,57.54905,104.15178,-9.18176,WAL
1810777297000,23.259909,0.528929904156799,-9.40053794569212,1.12797889795835,-1.7308867,-1.3252722,-0.57757306,57.216244,104.12505,-8.958959,WAL
1810782307000,23.264919,-0.127388350375664,-9.3662524842793,1.02512305072479,-1.5888605,-1.6303993,-0.6722572,56.771996,104.05527,-8.726371,WAL
1810787302000,23.269914,-0.771286515385347,-9.31685468258801,0.907374635226451,-1.4477507,-1.8075503,-0.74097955,56.21679,103.98595,-8.553774,WAL
1810792313000,23.274925,-1.3603093497431,-9.18443841160799,0.706467620515699,-1.3200798,-1.8603901,-0.77366084,55.613102,103.87377,-8.375073,WAL
1810797408000,23.28002,-1.95009013953648,-9.03790972640676,0.503115727614652,-1.2049317,-1.8411479,-0.7861836,55.002914,103.77942,-8.259401,WAL
1810802295000,23.284907,-2.40510180204262,-8.75295342600412,0.319272652206619,-1.1160508,-1.7644843,-0.73823065,54.403286,103.66202,-8.148798,WAL
1810807591000,23.290203,-2.88175380655154,-8.44264987842763,0.12663590614613,-1.0503827,-1.6777414,-0.6178902,53.791775,103.642494,-8.144034,WAL
1810812308000,23.29492,-3.11303231969802,-8.14865151527247,0.0325564937903506,-1.001819,-1.5867225,-0.43310347,53.218834,103.619804,-8.161751,WAL
1810817290000,23.299902,-3.35730400774037,-7.83813639014231,-0.0668082788101354,-0.97585726,-1.5027285,-0.19272798,52.689785,103.70446,-8.275693,WAL
1810822321000,23.304933,-3.48840652220851,-7.63486574953732,-0.335406818888341,-0.9578367,-1.3726143,0.047036625,52.21769,103.80602,-8.429322,WAL
1810827246000,23.309858,-3.570847254781,-7.47968318219206,-0.665169564857907,-0.93401295,-1.1835514,0.24037547,51.80454,103.928665,-8.623659,WAL
1810832310000,23.314922,-3.22243118063584,-7.54419713601879,-1.11918548280347,-0.93034774,-0.9416488,0.35918877,51.463463,104.14131,-8.88643,WAL
1810837311000,23.319923,-2.74228386979769,-7.67829232035766,-1.60365844183526,-0.9068295,-0.71593404,0.42913285,51.185574,104.36539,-9.174285,WAL
1810842314000,23.324926,-2.24976953834216,-7.82816546174007,-1.80184527394522,-0.87017757,-0.5705481,0.52931476,50.98937,104.66534,-9.512408,WAL
1810847307000,23.329919,-1.74847618720386,-7.99034879644381,-1.76990010664474,-0.8219192,-0.5225952,0.6105598,50.83872,104.96252,-9.851151,WAL
1810852291000,23.334903,-1.24808642912791,-8.15223979187009,-1.73801252126009,-0.7870999,-0.48624873,0.6261369,50.7574,105.26411,-10.144157,WAL
1810857319000,23.339931,-0.743279104969423,-8.3155600015417,-1.70584342428696,-0.7254025,-0.52870387,0.66523224,50.68167,105.562996,-10.458958,WAL
1810862312000,23.344924,-0.401849481953866,-8.50833697227997,-1.72022335234135,-0.6579019,-0.61391956,0.6658431,50.596382,105.85313,-10.763153,WAL
1810867287000,23.349899,-0.142424303179487,-8.71587687179487,-1.7579578974359,-0.6114761,-0.7122689,0.6411031,50.50379,106.13109,-11.065122,WAL
1810872386000,23.354998,0.0626789604063441,-8.86100549206986,-1.84436489640634,-0.59681535,-0.8222246,0.57757306,50.33678,106.28385,-11.233552,WAL
1810877324000,23.359936,0.228826269141136,-8.9654405735796,-1.95354743714114,-0.6075055,-0.88239485,0.4981606,50.15797,106.41855,-11.386779,WAL
1810882338000,23.36495,0.256320968978866,-8.96811640608335,-2.04154899810389,-0.64965516,-0.9007208,0.4382958,49.937283,106.52492,-11.49108,WAL
1810887330000,23.369942,0.209108426470472,-8.91618254868655,-2.1170891095003,-0.70921457,-0.88514376,0.37048978,49.70738,106.61417,-11.567728,WAL
1810892291000,23.374903,0.0576765269265419,-8.79388414899515,-2.1010752463469,-0.7959574,-0.852157,0.3173445,49.46978,106.707184,-11.60377,WAL
1810897312000,23.379924,-0.158923236860707,-8.62726906652807,-2.02966870787051,-0.8888089,-0.82650065,0.28099802,49.234253,106.79855,-11.622513,WAL
1810902293000,23.384905,-0.373797449851005,-8.46198132986833,-1.95883103247698,-0.99173975,-0.77763146,0.26939157,49.015297,106.92466,-11.63992,WAL
1810907332000,23.389944,-0.591173711496881,-8.29476894178794,-1.88716850561331,-1.0925325,-0.74220127,0.267559,48.80093,107.05935,-11.6477,WAL
1810912310000,23.394922,-0.852335785714286,-8.204587,-1.77307735714286,-1.1737776,-0.7144069,0.27916542,48.588562,107.21698,-11.655769,WAL
1810917291000,23.399903,-1.14638960809198,-8.16724655821918,-1.62838418091977,-1.2574661,-0.70554936,0.29718593,48.38392,107.3919,-11.663302,WAL
1810922312000,23.404924,-1.4045290652611,-8.1801713454368,-1.48272057740361,-1.3054191,-0.70707655,0.32925636,48.192165,107.62149,-11.741205,WAL
1810927328000,23.40994,-1.62959387627135,-8.23643769507077,-1.3373662488531,-1.3344351,-0.7309003,0.37751472,48.00371,107.86329,-11.827198,WAL
1810932309000,23.414921,-1.8280318224,-8.32521643771429,-1.21713554222857,-1.3399329,-0.7370089,0.42271876,47.807682,108.133675,-11.957103,WAL
1810937316000,23.419928,-2.0015691016,-8.44851929657143,-1.12123341934286,-1.3390167,-0.75869465,0.47036624,47.610004,108.40896,-12.099576,WAL
1810942309000,23.424921,-2.16187473905379,-8.58591826643704,-1.02321455734981,-1.3182472,-0.7901542,0.5235115,47.384506,108.69884,-12.286699,WAL
1810947308000,23.42992,-2.30252505539459,-8.74596881501368,-0.921364300334313,-1.2892311,-0.8032878,0.57879484,47.16873,108.98581,-12.481769,WAL
1810952274000,23.434886,-2.42875155697936,-8.9199717733542,-0.825460223359092,-1.2779301,-0.8368854,0.59773165,46.921467,109.27527,-12.702129,WAL
1810957292000,23.439904,-2.53687024004695,-9.11740550611367,-0.736144780984056,-1.2498302,-0.8866709,0.625526,46.678253,109.55675,-12.934579,WAL
1810962244000,23.444856,-2.63587392876115,-9.29869106535762,-0.64407887815405,-1.1991285,-0.9440922,0.65576386,46.403664,109.82827,-13.187389,WAL
1810967296000,23.449908,-2.72307349984823,-9.45932233342819,-0.54311086747676,-1.1475104,-0.9954049,0.66248333,46.125187,110.08449,-13.435506,WAL
1810972314000,23.454926,-2.80303738597892,-9.64694916975407,-0.453076853740019,-1.0900891,-1.033584,0.66614854,45.813164,110.3279,-13.696094,WAL
1810977310000,23.459922,-2.86416261889705,-9.91182466491004,-0.391951695285851,-1.0387764,-1.0836749,0.6768387,45.491745,110.55578,-13.956051,WAL
1810982243000,23.464855,-2.9258868379257,-10.186760016012,-0.357786765417957,-0.9798279,-1.1071932,0.67256266,45.143078,110.76007,-14.213925,WAL
1810987356000,23.469968,-2.99221099597523,-10.4946938542957,-0.367261645139319,-0.9114109,-1.1203269,0.6740898,44.7911,110.94803,-14.470557,WAL
1810992247000,23.474859,-3.01706407616836,-10.7493092192471,-0.398058681517637,-0.8374963,-1.1325442,0.677755,44.405994,111.11267,-14.727045,WAL
1810997310000,23.479922,-2.95478412367355,-10.9217768800514,-0.479501766353127,-0.7675522,-1.1395692,0.66859204,44.024662,111.25652,-14.972077,WAL
1811002312000,23.484924,-2.82664951371218,-11.0529869365787,-0.601875204625679,-0.66767573,-1.1438452,0.6649268,43.625893,111.376205,-15.214312,WAL
1811007292000,23.489904,-2.5399024466059,-11.0899863275795,-0.823872854548099,-0.5674938,-1.1261301,0.6649268,43.23838,111.47699,-15.444866,WAL
1811012390000,23.495002,-2.214017734979,-11.1176566994086,-1.06706493184195,-0.42455134,-1.0720685,0.66248333,42.854607,111.544876,-15.656053,WAL
1811017346000,23.499958,-1.79907046493529,-11.1135889308305,-1.35183273281906,-0.26328292,-0.96761054,0.66798115,42.498856,111.58922,-15.855301,WAL
1811022392000,23.505004,-1.37658783284478,-11.1094472923631,-1.64177186190109,-0.12675454,-0.8258898,0.6609562,42.177216,111.6068,-16.004007,WAL
1811027399000,23.510011,-0.669447296503634,-10.9835280194934,-2.03823880768722,0.0018325958,-0.64934975,0.64934975,41.903236,111.594376,-16.134459,WAL
1811032349000,23.514961,0.0334230556197744,-10.8510464004135,-2.41800411508271,0.09560041,-0.45112398,0.63407815,41.682014,111.56099,-16.242971,WAL
1811037354000,23.519966,0.512742236938195,-10.7501371333083,-2.57657583666165,0.13652839,-0.27763826,0.6020077,41.499535,111.50605,-16.286287,WAL
1811042298000,23.52491,0.986219566096692,-10.6504577293985,-2.7332149158797,0.12705997,-0.20341812,0.5317582,41.333885,111.421745,-16.248291,WAL
1811047311000,23.529923,1.42068326720636,-10.6163450493262,-2.71740637390386,0.055283304,-0.074830994,0.48075095,41.23265,111.338905,-16.189974,WAL
1811052300000,23.534912,1.790650980893,-10.6740022660901,-2.46275319408689,-0.00061086525,-0.024740042,0.34574974,41.11788,111.22186,-16.08925,WAL
1811057285000,23.539897,1.98276655101293,-10.8341979269062,-2.08797970382775,-0.15393804,-0.03970624,0.1777618,40.987354,111.08967,-15.907649,WAL
1811062310000,23.544922,1.93867505350708,-11.1330409127558,-1.54908331626794,-0.31612277,-0.13225232,0.016187929,40.836502,110.943245,-15.694763,WAL
1811067333000,23.549945,1.71392033489162,-11.3680109121966,-0.981215654020577,-0.44837508,-0.2782491,-0.10903945,40.583855,110.737816,-15.411845,WAL
1811072397000,23.555009,1.28277174921586,-11.5327191435421,-0.37566988392768,-0.5348125,-0.4025602,-0.16249016,40.30141,110.53847,-15.114288,WAL
1811077370000,23.559982,0.863314915672677,-11.664325242124,0.0600509569585893,-0.53969944,-0.4990769,-0.16401732,39.903893,110.27571,-14.800473,WAL
1811082309000,23.564921,0.450952428259362,-11.7627299485833,0.322463427597583,-0.4868596,-0.5174029,-0.13194689,39.493572,110.018486,-14.489495,WAL
1811087313000,23.569925,0.129147888281991,-12.0678265228081,0.445954097482227,-0.37232238,-0.49449542,-0.1142318,39.01515,109.73115,-14.226723,WAL
1811092327000,23.574939,-0.0747204606042654,-12.6272791177923,0.393801734919036,-0.23915374,-0.44012842,-0.09315695,38.54997,109.44141,-13.975297,WAL
1811097261000,23.579873,-0.142588113545085,-13.114266143339,0.313012720531693,-0.08246681,-0.37232238,-0.093462385,38.09752,109.139404,-13.767214,WAL
1811102291000,23.584903,-0.0231274038079555,-13.5204322816189,0.188773576657078,0.07849618,-0.29016098,-0.11636983,37.673088,108.81583,-13.5554285,WAL
1811107247000,23.589859,0.0647131146187308,-13.9469909189592,0.118661477092065,0.27366763,-0.21105394,-0.15943582,37.270374,108.45764,-13.343156,WAL
1811112322000,23.594934,0.108155431144702,-14.424856426954,0.128315327673056,0.46944994,-0.11484267,-0.21655174,36.902905,108.06961,-13.116898,WAL
1811117254000,23.599866,0.180023178643148,-14.8495859199457,0.098730774843962,0.657291,-0.038179077,-0.31306845,36.517467,107.63802,-12.857466,WAL
1811122366000,23.604978,0.303387441050591,-15.2244236419849,0.00383517999224656,0.8396343,0.0030543262,-0.43249258,36.153908,107.16556,-12.575961,WAL
1811127246000,23.609858,0.429222793214881,-15.5630394669628,-0.110603875857857,1.0085385,0.055588737,-0.5458081,35.79549,106.63425,-12.251479,WAL
1811132307000,23.614919,0.577237906396446,-15.8725252840089,-0.281045513675736,1.16492,0.14172074,-0.65484756,35.46205,106.06329,-11.897499,WAL
1811137354000,23.619966,0.728211461191453,-16.1327991206562,-0.47867910543924,1.3274102,0.23609942,-0.77854776,35.118713,105.44247,-11.500322,WAL
1811142318000,23.62493,0.892387645003238,-16.1635822421757,-0.801900970666955,1.4944818,0.2941316,-0.90469146,34.79349,104.78749,-11.078491,WAL
1811147288000,23.6299,1.05236133930926,-16.0320258483892,-0.988932653244824,1.6847663,0.4089743,-0.96577793,34.506783,104.09684,-10.62397,WAL
1811152284000,23.634896,1.20339235351407,-15.5389543694179,-0.873438408290781,1.777007,0.5403103,-1.0882565,34.240204,103.375145,-10.125329,WAL
1811157293000,23.639905,1.32446556712465,-15.0166447801673,-0.769010767124652,2.0143282,0.64843345,-1.1798862,34.0086,102.61855,-9.618217,WAL
1811162350000,23.644962,1.28106956910593,-14.3367743291517,-0.725614769105934,2.2608123,0.6649268,-1.2541064,33.78784,101.842735,-9.0929165,WAL
1811167332000,23.649944,1.1709754901883,-13.6967200475087,-0.655758816894554,2.5082128,0.679893,-1.310306,33.590485,101.01768,-8.544657,WAL
1811172374000,23.654986,0.690723953160487,-13.2118058435689,-0.436614918030128,2.7577512,0.6976081,-1.3631458,33.39891,100.15677,-7.98809,WAL
1811177292000,23.659904,0.211743155955079,-12.7692403364083,-0.22771252601123,2.997821,0.700357,-1.4285084,33.213318,99.28354,-7.4473433,WAL
1811182345000,23.664957,-0.409346326378221,-12.6867522520806,-0.0724401490945553,3.218038,0.67073005,-1.5241088,33.02341,98.38186,-6.8932376,WAL
1811187319000,23.669931,-1.0181203681686,-12.6106366337209,0.0831845920348837,3.3698382,0.64812803,-1.6624697,32.859447,97.5156,-6.3910646,WAL
1811192292000,23.674904,-1.59959403116279,-12.5875622992248,0.267779402930233,3.4541376,0.6389651,-1.7776178,32.693253,96.65496,-5.8770947,WAL
1811197568000,23.68018,-2.21932527083333,-12.5759439114583,0.437191216135417,3.4651332,0.6053675,-1.8576412,32.559612,95.88212,-5.4229283,WAL
1811202299000,23.684911,-2.80927149366987,-12.721161065605,0.269283426867989,3.4190128,0.5537493,-1.8729129,32.421333,95.172066,-4.9637,WAL
1811207554000,23.690166,-3.46231953922199,-12.887289287511,0.0448504856999122,3.311806,0.5152648,-1.8350391,32.374866,94.61096,-4.569786,WAL
1811212314000,23.694926,-4.02675070505996,-13.096173791752,-0.617356270334016,3.157257,0.4804455,-1.7721201,32.318115,85.80748,-4.188929,WAL
1811217647000,23.700259,-4.65747471568885,-13.3356620116214,-1.3536579083224,2.9727757,0.4822781,-1.7006488,32.31832,85.98277,-3.919672,WAL
1811222327000,23.704939,-5.1741378118463,-13.6675020828491,-1.87452124965323,2.747061,0.51007247,-1.6401732,32.316597,86.029396,-3.6723762,WAL
1811227250000,23.709862,-5.71762764568885,-14.0165723116214,-2.4224294183224,2.4984388,0.5012149,-1.600467,32.318665,85.94583,-3.5547645,WAL
1811232345000,23.714957,-6.25593933944954,-14.4337412293578,-2.66894184770642,2.2715025,0.39706242,-1.5601498,32.29901,85.84014,-3.4541125,WAL
1811237380000,23.719992,-6.78302806382979,-14.8572945106383,-2.84777570106383,2.1209242,0.15515977,-1.543351,32.23483,85.7367,-3.355952,WAL
1811242317000,23.724929,-7.13191369406911,-15.1508378543579,-3.35155152909747,2.0039434,0.014049901,-1.5873333,32.23246,85.617935,-3.3451,WAL
1811247343000,23.729955,-7.44469160165033,-15.4189333518308,-3.94731869068592,1.8988746,-0.18112154,-1.6325374,32.14266,85.52309,-3.328678,WAL
1811252344000,23.734956,-7.48143696917363,-14.9956006904364,-4.44744583940576,1.6270396,-0.092240654,-1.7617353,32.1533,85.463974,-3.341254,WAL
1811257329000,23.739941,-7.47257135264624,-14.4592419991643,-4.93061212752089,1.3078625,0.19394971,-1.8613064,32.161198,85.444756,-3.3396785,WAL
1811262329000,23.744941,-7.08769630590646,-13.4566341396162,-4.89130648323006,1.0680978,0.3359759,-1.8469511,32.2,85.46078,-3.3683028,WAL
1811267333000,23.749945,-6.54170934580252,-12.2545044058565,-4.62789164237457,1.0299188,0.38056904,-1.7259997,32.284973,85.49915,-3.3922048,WAL
1811272330000,23.754942,-5.66257489123813,-11.4305931698972,-4.19450670810918,1.1374311,0.41141775,-1.5335772,32.435772,85.53667,-3.448303,WAL
1811277339000,23.759951,-4.63789443112144,-10.7664484134691,-3.68691043993275,1.3197744,0.46792278,-1.3448198,32.59955,85.53803,-3.5320635,WAL
1811282334000,23.764946,-3.52032803815881,-10.3401594905848,-3.25903011244396,1.5021176,0.61544675,-1.2479976,32.78706,85.51715,-3.577055,WAL
1811287342000,23.769954,-2.35440217122646,-10.024786216499,-2.86720258581249,1.5900823,0.904386,-1.1991285,33.028194,85.450264,-3.6636717,WAL
1811292276000,23.774888,-1.35327550553766,-9.72141086855618,-2.30369547486911,1.6496416,1.2244794,-1.1505647,33.277283,85.40321,-3.6377678,WAL
1811297332000,23.779944,-0.402614477555376,-9.41427439493556,-1.63579522774869,1.7379116,1.3692545,-1.0366384,33.55464,85.30828,-3.6505659,WAL
1811302229000,23.784841,0.0818769282903029,-9.33760115785729,-1.23003858188656,1.8658879,1.4459181,-1.0149527,33.851044,85.28291,-3.4898937,WAL
1811307265000,23.789877,0.366210169107542,-9.367014766111,-0.930998414088229,1.9184223,1.5415184,-1.0415252,34.18776,85.22707,-3.3578126,WAL
1811312250000,23.794862,0.484411544999488,-9.47173866670079,-0.588927055450916,1.9746219,1.625207,-1.0977248,34.49863,85.149086,-3.0904648,WAL
1811317230000,23.799842,0.533231791554919,-9.60843556300543,-0.227657240116696,2.0005836,1.6300939,-1.1591167,34.80681,85.036545,-2.8235188,WAL
1811322268000,23.80488,0.609955120896559,-9.58332760557374,0.0474765710383814,1.9517145,1.5549575,-1.1450669,35.106007,84.87006,-2.5303779,WAL
1811327252000,23.809864,0.695163330754736,-9.50285303411683,0.288899870199345,1.8573358,1.4831808,-1.0800097,35.398033,84.67744,-2.2448924,WAL
1811332238000,23.81485,0.728547635933806,-9.47418076615445,0.10745041855989,1.7446312,1.4895949,-1.0387764,35.706448,84.43219,-1.945875,WAL
1811337268000,23.81988,0.742782654846336,-9.46469055535855,-0.234190283075256,1.6575829,1.5308284,-0.98471475,35.993473,84.17539,-1.6783319,WAL
1811342250000,23.824862,0.61961026436655,-9.28087025187782,-0.713978076124186,1.6511687,1.6844609,-0.9459248,36.330494,83.864555,-1.4098744,WAL
1811347245000,23.829857,0.437559828032048,-9.02216677065598,-1.25533865736605,1.6554449,1.8377881,-0.86742866,36.667374,83.55822,-1.1793581,WAL
1811352259000,23.834871,0.159512618458416,-8.72451414742574,-1.90119055932673,1.670411,1.994475,-0.79198676,37.076366,83.25575,-0.96880764,WAL
1811357255000,23.839867,-0.157879813806931,-8.41185902623762,-2.58808456455446,1.6807957,2.1691825,-0.7266242,37.521824,82.95086,-0.79309744,WAL
1811362248000,23.84486,-0.464409054493496,-8.09396816365786,-3.13405428959401,1.6853772,2.3341162,-0.655153,38.07637,82.660385,-0.6737386,WAL
1811367229000,23.849841,-0.765249885497635,-7.7743250049665,-3.613519371216,1.6988163,2.4764478,-0.61117065,38.6639,82.37077,-0.57894856,WAL
1811372268000,23.85488,-1.01890435756365,-7.4262089781328,-3.90829805961058,1.6914859,2.5677722,-0.58093286,39.343155,82.14119,-0.5654651,WAL
1811377250000,23.859862,-1.24281329615577,-7.06890749943085,-4.09885873881178,1.6856827,2.5909848,-0.56077427,40.03448,81.91793,-0.57135135,WAL
1811382246000,23.864858,-1.43451385980151,-6.74787345287413,-4.1231863657856,1.6603317,2.5772405,-0.56382865,40.785778,81.749596,-0.6417285,WAL
1811387281000,23.869893,-1.60982200198487,-6.44463767125872,-4.05685364214405,1.6325374,2.5485299,-0.5723807,41.53185,81.595505,-0.72266173,WAL
1811392227000,23.874839,-1.77213452323056,-6.15768711955594,-3.93281306311809,1.5891659,2.518292,-0.5766568,42.30185,81.47014,-0.8501301,WAL
1811397329000,23.879941,-1.933203881656,-5.86870967136901,-3.76700637353112,1.5473217,2.4981334,-0.57635134,43.059994,81.36421,-0.9812404,WAL
1811402347000,23.884959,-2.11775014607853,-5.6704204986846,-3.58855673623776,1.4767667,2.4437664,-0.59131753,43.82989,81.2655,-1.1274143,WAL
1811407357000,23.889969,-2.32179841311443,-5.53755188964494,-3.39874452963109,1.402852,2.400395,-0.61178154,44.590538,81.19164,-1.2764544,WAL
1811412328000,23.89494,-2.46240263558701,-5.24044143729954,-2.98573318918036,1.3448198,2.3490822,-0.6310238,45.36329,81.1018,-1.4431784,WAL
1811417339000,23.899951,-2.55266179736686,-4.8033969183528,-2.38242183504257,1.255328,2.2828035,-0.6218608,46.112457,81.05237,-1.6132493,WAL
1811422489000,23.905101,-2.63224148790219,-4.26452599150579,-1.51704269459717,1.0913107,2.2101104,-0.6114761,46.87916,81.00798,-1.8014109,WAL
1811427415000,23.910027,-2.69762659113949,-3.67606020867241,-0.489562483520839,0.9114109,2.1533,-0.60139686,47.624615,81.002426,-1.9919496,WAL
1811432344000,23.914956,-2.77386699130602,-3.34103082270843,0.253029847640771,0.7461719,2.0864103,-0.60048056,48.366524,80.94442,-2.1705127,WAL
1811437340000,23.919952,-2.86148806723855,-3.24418648069398,0.732640017609735,0.57726765,2.0073032,-0.5726862,49.081253,80.942566,-2.3579757,WAL
1811442352000,23.924964,-2.91756166542718,-3.18493510142558,1.17122788617286,0.41325033,1.960572,-0.5687156,49.77975,80.83893,-2.5155897,WAL
1811447349000,23.929961,-2.93187387844681,-3.17539357626358,1.55288714910777,0.33261612,1.8484782,-0.53878313,50.431286,80.75734,-2.685102,WAL
1811452329000,23.934941,-2.92577390487337,-3.2373645476743,1.8636749739885,0.16279559,1.7186694,-0.5012149,51.069458,80.66836,-2.8556628,WAL
1811457361000,23.939973,-2.89173761121986,-3.39782122280295,2.08247959560085,-0.0030543262,1.5845845,-0.47555858,51.670727,80.59817,-3.02895,WAL
1811462294000,23.944906,-2.81951099830508,-3.55595973702052,2.24590220392507,-0.15699236,1.4391985,-0.4529566,52.21859,80.515144,-3.1986096,WAL
1811467334000,23.949946,-2.69512360847458,-3.7186203043711,2.3463690014273,-0.30787608,1.3035865,-0.41905355,52.72643,80.46989,-3.374996,WAL
1811472376000,23.954988,-2.53007977223757,-3.85446638563536,2.39152226124704,-0.46486846,1.1499538,-0.3839288,53.17629,80.4366,-3.5379243,WAL
1811477371000,23.959983,-2.31298596457182,-3.95357436077348,2.36320569692186,-0.5867361,0.97585726,-0.35430184,53.577316,80.427345,-3.7026355,WAL
1811482239000,23.964851,-2.08556429085372,-3.99694041856328,2.27985327199072,-0.7141015,0.8216137,-0.32162055,53.920563,80.45012,-3.8437884,WAL
1811487366000,23.969978,-1.81972103791937,-3.95421564988881,2.09945960597506,-0.84238315,0.6637051,-0.29901853,54.20939,80.498375,-3.982498,WAL
1811492245000,23.974857,-1.5901570719685,-3.93526827653543,1.89023542,-0.9569204,0.5143485,-0.26939157,54.45157,80.574776,-4.0788374,WAL
1811497338000,23.97995,-1.40293147431102,-3.9640721992126,1.58779398125,-1.0616838,0.38087448,-0.22907446,54.64955,80.67308,-4.1778836,WAL
1811502270000,23.984882,-1.25521450147045,-3.96809378451651,1.30637840430422,-1.1664472,0.2761111,-0.20311269,54.811657,80.82529,-4.2244787,WAL
1811507357000,23.989969,-1.1887970264388,-3.91116456266433,1.04545265553608,-1.2458596,0.18203785,-0.17501289,54.935818,80.98711,-4.277592,WAL
1811512274000,23.994886,-1.16284629597476,-3.88379760684578,0.831239176307486,-1.3057245,0.11362094,-0.12156218,55.06347,81.1935,-4.306534,WAL
1811517337000,23.999949,-1.26483716100966,-3.94870072616885,0.738520247700545,-1.3500122,0.03634648,-0.06566802,55.16082,81.40506,-4.34025,WAL
1811522356000,24.004968,-1.38778509907975,-4.04202915644172,0.670347128680982,-1.3848315,-0.019242255,-0.022296581,55.282673,81.63803,-4.369413,WAL
1811527347000,24.009959,-1.62899722515337,-4.29270072392638,0.731832569386503,-1.4144585,-0.077579886,0.032986723,55.380417,81.86217,-4.4151363,WAL
1811532339000,24.014951,-1.8739590142246,-4.53374600412251,0.79744027566456,-1.4361442,-0.12705997,0.0580322,55.48228,82.085335,-4.4834514,WAL
1811537342000,24.019954,-2.14415258395722,-4.71076936397666,0.890610451492465,-1.455081,-0.15974127,0.09987647,55.57147,82.29211,-4.569612,WAL
1811542353000,24.024965,-2.40712285320677,-4.90366708002164,0.992626701278772,-1.4822645,-0.17867808,0.12858713,55.65265,82.474785,-4.6986856,WAL
1811547332000,24.029944,-2.57597829655715,-5.2835919622467,1.19900561457801,-1.5042557,-0.16798794,0.19914207,55.731594,82.62972,-4.848506,WAL
1811552519000,24.035131,-2.74073057933868,-5.703232416997,1.43596074731703,-1.5454891,-0.15271631,0.258396,55.798477,82.74851,-5.0495405,WAL
1811557350000,24.039962,-2.76309619898482,-6.37420147346031,1.91458538140772,-1.6148223,-0.09743301,0.35796702,55.877216,82.831894,-5.279147,WAL
1811562680000,24.045292,-2.77322297822699,-7.12649716364136,2.44581968510268,-1.6392568,-0.026572637,0.4605924,55.961674,82.84228,-5.541252,WAL
1811567361000,24.049973,-2.45266335199853,-8.05940784708471,2.98419549347268,-1.6224581,0.0720821,0.56688297,56.06679,82.810715,-5.828216,WAL
1811572299000,24.054911,-2.11450410518885,-9.04353793784378,3.55212964039237,-1.5155567,0.16982053,0.6786713,56.16149,82.69076,-6.112836,WAL
1811577349000,24.059961,-1.47122958200734,-10.5682348274174,4.52850507050184,-1.3567317,0.2932153,0.7443393,56.288155,82.536125,-6.4083776,WAL
1811582268000,24.06488,-0.764893207687679,-12.1923281728886,5.58560720171359,-1.1154399,0.3387248,0.79809546,56.41559,82.32394,-6.723498,WAL
1811587382000,24.069994,0.281033846201596,-13.9484201458272,6.73702262562814,-0.7837401,0.3399465,0.754724,56.539253,82.11919,-6.8988013,WAL
1811592249000,24.074861,1.341924911342,-15.6339045905015,7.84383956884422,-0.40469822,0.25320363,0.6096435,56.64613,81.89636,-7.052131,WAL
1811597328000,24.07994,2.24428496247142,-16.7106864417934,8.27455821289393,-0.049480084,0.16707164,0.37873647,56.701405,81.7233,-6.952799,WAL
1811602267000,24.084879,3.06717720751566,-17.5758991753653,8.50026619206681,0.26450464,0.21227567,0.1020145,56.767906,81.524994,-6.8099303,WAL
1811607346000,24.089958,3.95989053530455,-18.1171322740982,8.30632553163808,0.5143485,0.4269948,-0.20830505,56.733147,81.34632,-6.403525,WAL
1811612245000,24.094857,4.83385764979302,-18.5425558137197,8.001130289178,0.7348709,0.7275405,-0.50823987,56.75154,81.097275,-5.9636292,WAL
1811617351000,24.099963,5.46742104574713,-18.4881244873563,7.81533466896552,0.9071349,0.9334021,-0.7128797,56.78267,80.8274,-5.3883953,WAL
1811622362000,24.104974,5.99603997940613,-18.2674830536398,7.67743425287356,1.0393872,0.9999864,-0.7703011,56.871975,80.46554,-4.8267236,WAL
1811627346000,24.109958,5.64815178827105,-16.8655962843049,7.34741399189836,1.0916162,0.9502009,-0.75808376,56.98442,80.13484,-4.1678476,WAL
1811632300000,24.114912,4.88224744266069,-14.9035590304933,6.92663959650224,1.0601566,0.8891144,-0.7076874,57.1128,79.73469,-3.5573554,WAL
1811637358000,24.11997,3.8722325309559,-12.6079165152412,6.34860385093223,0.9621128,0.86651236,-0.63804877,57.224182,79.31465,-2.9394662,WAL
1811642337000,24.124949,2.76212422949591,-10.1995454326231,5.70417640461675,0.8170323,0.8542951,-0.5934556,57.315926,78.88058,-2.367744,WAL
1811647347000,24.129959,1.79312790349718,-7.92515520910556,5.08087793473006,0.7281514,0.88361657,-0.5137377,57.420963,78.42266,-1.9403819,WAL
1811652332000,24.134944,0.913142965584206,-5.74683172099114,4.47498673448832,0.5036584,0.9266826,-0.42332962,57.51563,78.03356,-1.5486523,WAL
1811657346000,24.139958,0.204929617935471,-4.10155694356217,3.8852293844306,0.2519819,0.9462303,-0.32284227,57.625298,77.69688,-1.3202608,WAL
1811662332000,24.144944,-0.404603484615539,-2.75770440401045,3.30929266051864,0.005497787,0.9370673,-0.19883664,57.72381,77.42092,-1.1307565,WAL
1811667364000,24.149976,-1.01792813178307,-1.97314794018411,2.87009262475485,-0.2321288,0.8472701,-0.07360926,57.841557,77.22684,-1.0676357,WAL
1811672382000,24.154994,-1.62861102954973,-1.48267830702421,2.50464459879928,-0.4550946,0.6939429,0.06047566,57.927433,77.095695,-1.0373831,WAL
1811677330000,24.159942,-2.17543763245557,-1.51073713317374,2.17511854018967,-0.7076874,0.4886922,0.20708331,58.019638,77.064705,-1.1088667,WAL
1811682345000,24.164957,-2.70165935223276,-1.79816917313323,1.85673220808397,-0.9718866,0.28588495,0.37323865,58.058968,77.09311,-1.2138957,WAL
1811687403000,24.170015,-3.24426158588529,-2.50250720360154,1.58241006745082,-1.2687671,0.052839845,0.52748215,58.063644,77.226906,-1.4211426,WAL
1811692326000,24.174938,-3.78408967398772,-3.59688579911523,1.36157131811179,-1.5683966,-0.17501289,0.68752885,58.001526,77.42202,-1.66599,WAL
1811697341000,24.179953,-4.24824181936,-5.06260927825,1.28319731811,-1.8716911,-0.47494772,0.8381071,57.88582,77.74124,-2.015663,WAL
1811702343000,24.184955,-4.6458383944,-6.79191447375,1.31672957565,-2.1245892,-0.89888823,0.9575313,57.663406,78.1042,-2.3839965,WAL
1811707348000,24.18996,-4.8962941110111,-8.79259189948995,1.23563798067807,-2.3283129,-1.391551,1.0855075,57.3679,78.55943,-2.8530421,WAL
1811712341000,24.194953,-5.03497707040704,-10.9923936479648,1.06826172486249,-2.4382687,-1.8567249,1.2333369,56.9543,79.005035,-3.34303,WAL
1811717356000,24.199968,-5.52589411541584,-13.0157945687129,0.502604099089109,-2.4419339,-2.2266037,1.3677273,56.45215,79.44916,-3.8898723,WAL
1811722369000,24.204981,-6.28167201243564,-14.898109559604,-0.362500131049505,-2.303573,-2.3765712,1.4624114,55.88007,79.80237,-4.4527736,WAL
1811727332000,24.209944,-6.19841607295872,-16.4420215004546,-0.7041225477996,-2.0231857,-2.1835377,1.459968,55.359226,80.11753,-5.006461,WAL
1811732333000,24.214945,-5.43197903733406,-17.7353834126205,-0.625736942916894,-1.600467,-1.6410894,1.321607,54.908566,80.29403,-5.540668,WAL
1811737355000,24.219967,-4.32078171471255,-18.5199605876777,0.186010687574696,-0.9963212,-1.2971723,1.0235047,54.563095,80.41774,-6.0939054,WAL
1811742337000,24.224949,-2.59046012476818,-18.3528274739337,2.33908130933443,-0.66248333,-0.72326446,0.8527679,54.445423,80.43812,-6.647938,WAL
1811747256000,24.229868,-1.33580569365661,-17.644611952636,3.88571487275632,-0.13530666,-0.5708536,0.5467244,54.366768,80.445404,-6.887905,WAL
1811752333000,24.234945,-0.75094099043135,-16.0636496112208,4.5756723499859,0.17073683,-0.7489208,0.28496864,54.363533,80.44079,-7.0892706,WAL
1811757245000,24.239857,-0.281379170732033,-14.411976713347,4.91879626963039,0.25625798,-0.95294976,0.07880162,54.23524,80.37815,-7.005219,WAL
1811762353000,24.244965,-0.0704377080913758,-12.3427416464066,4.34121855702259,0.2171626,-1.0574077,-0.09407325,54.091522,80.327515,-6.8593554,WAL
1811767293000,24.249905,0.0655210628664111,-10.4118047687408,3.66299725384842,0.09896017,-1.0705414,-0.18600847,53.851784,80.24042,-6.6245317,WAL
1811772333000,24.254945,0.0607764327278089,-8.58986750893542,2.71881614856974,-0.06963864,-1.1136073,-0.21227567,53.577133,80.182106,-6.3614,WAL
1811777285000,24.259897,-0.0263078771665351,-6.89513462770324,1.69016084218627,-0.2773328,-1.2257011,-0.172264,53.268627,80.17515,-6.1119986,WAL
1811782305000,24.264917,-0.320377080086819,-5.41530261586425,0.39530780706393,-0.47311515,-1.3866642,-0.08460484,52.932316,80.19041,-5.869445,WAL
1811787337000,24.269949,-0.676264621793505,-4.06878471790596,-0.85287711208919,-0.70188415,-1.5143349,0.061086524,52.600048,80.2919,-5.6957703,WAL
1811792333000,24.274945,-1.19577224087252,-3.10398480546777,-1.95683095398934,-0.93034774,-1.5372424,0.21746802,52.25016,80.41634,-5.5502954,WAL
1811797310000,24.279922,-1.68792411516486,-2.23984667999217,-2.95514732012523,-1.1478158,-1.5555683,0.36377025,51.946053,80.64678,-5.508469,WAL
1811802296000,24.284908,-2.08035119406125,-1.75865636170629,-3.55313121269934,-1.3384057,-1.5519031,0.5161811,51.643856,80.88613,-5.514967,WAL
1811807308000,24.28992,-2.4664786829084,-1.3244492222637,-4.12731063549445,-1.4746287,-1.6496416,0.63041294,51.31516,81.19299,-5.675805,WAL
1811812307000,24.294919,-2.80650850526316,-1.15879364210526,-4.55452757894737,-1.6166549,-1.8945986,0.7247916,50.949764,81.485596,-5.8735223,WAL
1811817895000,24.300507,-3.18487193867309,-0.973752703980738,-5.03153015167469,-1.7275269,-2.1988094,0.77732605,50.56554,81.75488,-6.1681356,WAL
1811822355000,24.304967,-3.46825107981808,-0.827492480545746,-5.40632211143927,-1.8075503,-2.5378397,0.80909103,50.106136,81.95898,-6.483403,WAL
1811827323000,24.309935,-3.7661918102232,-0.692036907886608,-5.83899140704464,-1.8536706,-2.850908,0.8561276,49.604874,82.06521,-6.8800497,WAL
1811832305000,24.314917,-3.8945511836389,-0.820396256481666,-6.41898551172778,-1.8851302,-2.9651399,0.9621128,49.069572,82.04573,-7.30939,WAL
1811837337000,24.319949,-4.01677183433649,-1.01746090607624,-6.98629837145314,-1.8729129,-3.0622675,1.0354166,48.486465,81.88097,-7.796014,WAL
1811842385000,24.324997,-4.06295859883443,-1.90886606373364,-7.36503017793064,-1.8359555,-2.9578094,1.1847731,47.935966,81.537964,-8.346195,WAL
1811847452000,24.330064,-4.10553261029897,-2.8077872619636,-7.73951869395454,-1.6820174,-2.6603181,1.2577715,47.47588,81.06406,-8.923837,WAL
1811852309000,24.334921,-3.95637722316326,-3.87819654046025,-7.81409634171461,-1.4104879,-2.310598,1.3008375,47.07268,99.55163,-9.542196,WAL
1811857260000,24.339872,-3.80433515569179,-4.96932199605772,-7.89011732875601,-1.1456778,-1.9456058,1.3457361,46.82013,100.25342,-10.166382,WAL
1811862305000,24.344917,-3.58993897478713,-6.35185079848628,-8.01896734508042,-0.9315695,-1.42973,1.4162911,46.72797,101.026215,-10.805346,WAL
1811867362000,24.349974,-3.36542956058657,-7.78138078194891,-8.15642201133396,-0.70524395,-0.7583892,1.4905112,46.80216,101.834854,-11.447707,WAL
1811872308000,24.35492,-3.30975416959552,-9.54443521269405,-7.50038717346077,-0.47891834,-0.0580322,1.5262468,47.113293,102.557915,-11.991907,WAL
1811877253000,24.359865,-3.30475271648537,-11.4199229447671,-6.60015329184708,-0.3827071,0.59406644,1.5134187,47.618793,103.290276,-12.521606,WAL
1811882306000,24.364918,-3.11827081181261,-13.0108536276107,-5.35788292581912,-0.4251622,1.1001683,1.4752395,48.40171,103.86521,-12.903456,WAL
1811887292000,24.369904,-2.90326343835026,-14.5250552062656,-4.07698731196589,-0.54733527,1.3744467,1.4059063,49.304237,104.43623,-13.261266,WAL
1811892320000,24.374932,-2.11845089916836,-15.3404438490872,-3.00214337396552,-0.7110472,1.4740179,1.3316863,50.16297,104.90729,-13.558655,WAL
1811897285000,24.379897,-1.17808322259635,-15.9384211979716,-2.00390701103448,-0.9117164,1.4822645,1.2834278,51.067974,105.391,-13.838084,WAL
1811902296000,24.384908,-0.272835984796389,-15.9315673115636,-1.3884787897426,-1.1450669,1.4746287,1.2006557,51.825317,105.68917,-14.000434,WAL
1811907318000,24.38993,0.623281601738379,-15.7698967260853,-0.871132530349597,-1.4013249,1.4498887,1.0512991,52.56929,105.99294,-14.132721,WAL
1811912309000,24.394921,1.32587500955519,-15.1926339275124,-0.404797571828666,-1.6609426,1.3799446,0.8384125,53.130253,106.12506,-14.109726,WAL
1811917308000,24.39992,1.95683991571252,-14.4532220165774,0.0437789840403625,-1.8777997,1.2348641,0.61850107,53.65144,106.25867,-14.053535,WAL
1811922364000,24.404976,2.27660308184965,-13.70592824273,0.524627139060336,-2.0363193,0.97127575,0.39706242,53.967648,106.30416,-13.898252,WAL
1811927348000,24.40996,2.50321806859545,-12.969429104451,1.00618422622156,-2.0952678,0.54000485,0.17501289,54.180546,106.326965,-13.70385,WAL
1811932308000,24.41492,2.46879981782876,-12.2653690387464,1.39817661154263,-2.081218,0.27152961,-0.057726767,54.298973,106.26303,-13.417948,WAL
1811937333000,24.419945,2.35144673392341,-11.5612504445448,1.76762149187139,-1.9666806,-0.32803464,-0.16126843,54.190357,106.18373,-13.1516485,WAL
1811942315000,24.424927,1.98394403945675,-10.9626803216974,1.93734823678412,-1.8930714,-0.9440922,-0.3549127,53.938137,106.01508,-12.82715,WAL
1811947306000,24.429918,1.40517674684193,-10.4464823219156,1.94256235359441,-1.7159204,-1.4853189,-0.54336464,53.52978,105.79579,-12.508968,WAL
1811952293000,24.434905,0.752467918066673,-10.0758377997928,1.642254171777,-1.5152513,-1.8579466,-0.69027776,52.959312,105.532166,-12.227895,WAL
1811957319000,24.439931,0.0634933638807798,-9.76307993426876,1.21164505470383,-1.3289373,-2.0653355,-0.7840455,52.277008,105.210915,-11.929148,WAL
1811962307000,24.444919,-0.620349747087283,-9.46319765699052,0.761134850679305,-1.135904,-2.1432207,-0.820392,51.51057,104.91236,-11.698755,WAL
1811967302000,24.449914,-1.3052077215393,-9.17036134330569,0.29354216892575,-0.9773844,-2.1245892,-0.8072584,50.71685,104.574486,-11.457151,WAL
1811972397000,24.455009,-1.89423578290063,-8.82924942256043,-0.141525827914055,-0.8552113,-2.035403,-0.7626653,49.96495,104.33712,-11.308415,WAL
1811977330000,24.459942,-2.38296639107729,-8.46740089356411,-0.531570409400179,-0.79137594,-1.8759671,-0.6582073,49.250397,104.09475,-11.169997,WAL
1811982305000,24.464917,-2.7475053825474,-8.09681030627127,-0.886951026592124,-0.75747293,-1.6707164,-0.5195409,48.65122,103.96789,-11.127769,WAL
1811987357000,24.469969,-3.01093694913952,-7.71577554769081,-1.2162404357122,-0.75319684,-1.4440855,-0.35155296,48.118587,103.86177,-11.109258,WAL
1811992308000,24.47492,-3.16011676383043,-7.42092190321216,-1.51862537641728,-0.7840455,-1.1933253,-0.16768251,47.6796,103.90682,-11.205928,WAL
1811997308000,24.47992,-3.19869006964052,-7.20394657343671,-1.80310412981573,-0.83291477,-0.9279043,0.018020526,47.326954,103.98811,-11.333529,WAL
1812002289000,24.484901,-3.13774756150295,-7.0917042227112,-2.03121530443026,-0.8927795,-0.6432411,0.18875736,47.095764,104.19065,-11.540451,WAL
1812007317000,24.489929,-2.97692500586444,-7.08224407528487,-2.20622808120825,-0.9279043,-0.37384954,0.33933565,46.95312,104.42942,-11.77679,WAL
1812012340000,24.494952,-2.69919618598822,-7.15673041462099,-2.24166896215919,-0.9230174,-0.16737708,0.44409904,46.901375,104.7431,-12.051853,WAL
1812017334000,24.499946,-2.29319805078398,-7.32390617309498,-2.12225779873165,-0.904386,-0.06719518,0.50671273,46.909855,105.07884,-12.3440075,WAL
1812022292000,24.504904,-1.8406956863531,-7.54508994730539,-1.90711732284141,-0.8558222,-0.055588737,0.552833,46.961586,105.431335,-12.641484,WAL
1812027348000,24.50996,-1.32160577636662,-7.83503186826347,-1.5750868143616,-0.81336707,-0.15424347,0.56291234,47.018654,105.78152,-12.940721,WAL
1812032293000,24.514905,-0.741078176916965,-8.15908902661899,-1.28397692574493,-0.75625116,-0.2312125,0.5561928,47.04718,106.07341,-13.191178,WAL
1812037375000,24.519987,-0.0304711320659515,-8.55548250278109,-1.03743983821216,-0.7263188,-0.41813725,0.52198434,47.020107,106.35249,-13.440261,WAL
1812042284000,24.524896,0.406751229610948,-8.81266210293255,-0.9734932082913,-0.6762278,-0.6001751,0.4783075,46.90277,106.51932,-13.604069,WAL
1812047351000,24.529963,0.444698968367546,-8.86958338416422,-1.19643622549365,-0.65209866,-0.75900006,0.4034765,46.738274,106.66458,-13.751966,WAL
1812052262000,24.534874,0.432293649433925,-8.87408143121302,-1.43009684770217,-0.6377433,-0.8756753,0.33322698,46.459003,106.684395,-13.789436,WAL
1812057355000,24.539967,0.316850638524655,-8.77306900887574,-1.70908410481262,-0.634689,-0.9419542,0.2565634,46.14648,106.67824,-13.804829,WAL
1812062245000,24.544857,0.165580215982296,-8.70105749024243,-1.95300767688361,-0.6649268,-0.9605856,0.21105394,45.82447,106.6853,-13.805298,WAL
1812067373000,24.549985,-0.0913067144673574,-8.68623704924052,-2.15061302387084,-0.71929383,-0.9392053,0.17715092,45.49401,106.67612,-13.785481,WAL
1812072291000,24.554903,-0.349052286740559,-8.66027118293281,-2.277796731231,-0.77579886,-0.9111055,0.16157386,45.190674,106.71334,-13.776468,WAL
1812077349000,24.559961,-0.638881506293281,-8.60800683668465,-2.27304538643453,-0.8753699,-0.8338311,0.14660765,44.908382,106.754776,-13.752713,WAL
1812082273000,24.564885,-0.939346176200978,-8.53235625390737,-2.22956298894429,-0.9773844,-0.75411314,0.15210545,44.662262,106.856,-13.764389,WAL
1812087363000,24.569975,-1.29925007580784,-8.38745987937482,-2.07999258976891,-1.0943651,-0.6750061,0.172264,44.44061,106.97252,-13.770843,WAL
1812092286000,24.574898,-1.62256315678509,-8.25051657173364,-1.92968659928169,-1.2018774,-0.6239988,0.20616703,44.25141,107.13828,-13.819971,WAL
1812097337000,24.579949,-1.84794439554455,-8.12373951155116,-1.75125975462046,-1.2932017,-0.5852089,0.24953845,44.085796,107.323586,-13.872573,WAL
1812102355000,24.584967,-2.06036722771528,-8.0034825804878,-1.57608495049278,-1.3524556,-0.53878313,0.30665436,43.92931,107.56874,-13.993102,WAL
1812107353000,24.589965,-2.20331858576406,-7.91771202439024,-1.41407342463912,-1.382388,-0.5036584,0.36713,43.788292,107.827896,-14.121752,WAL
1812112308000,24.59492,-2.34198807958659,-7.85195732544294,-1.25889122636693,-1.4046847,-0.47586402,0.4465425,43.63915,108.1288,-14.31065,WAL
1812117354000,24.599966,-2.46167176853686,-7.92100538013908,-1.13920758548295,-1.38025,-0.45937067,0.5271767,43.506897,108.43147,-14.509798,WAL
1812122487000,24.605099,-2.5848409676744,-7.99902896328261,-1.01603843232561,-1.3322971,-0.46089783,0.61361414,43.363747,108.75891,-14.7482815,WAL
1812127351000,24.609963,-2.72281115188438,-8.18933317441528,-0.878068248115616,-1.2812898,-0.47342056,0.698219,43.234024,109.08921,-15.0013075,WAL
1812132350000,24.614962,-2.86173796096984,-8.39260799763453,-0.737357460467179,-1.2275337,-0.49541172,0.768163,43.08566,109.42416,-15.2834425,WAL
1812137364000,24.619976,-2.96585753055391,-8.69076852710428,-0.609574217563572,-1.207986,-0.548557,0.8017606,42.935215,109.75675,-15.57274,WAL
1812142507000,24.625119,-3.06861635764228,-8.99466934336043,-0.479330862347787,-1.1624765,-0.62980205,0.8542951,42.750607,110.08686,-15.892864,WAL
1812147349000,24.629961,-3.1188830098374,-9.25856884092141,-0.366231107046974,-1.1151345,-0.70463306,0.87995136,42.560917,110.40465,-16.20742,WAL
1812152312000,24.634924,-3.17040580926829,-9.52906310081301,-0.250305025766938,-1.0778717,-0.7831292,0.8772025,42.31506,110.70558,-16.52844,WAL
1812157352000,24.639964,-3.18348767952,-9.8559515664,-0.1301488024612,-1.0207558,-0.8781188,0.86376345,42.052277,110.98863,-16.847593,WAL
1812162242000,24.644854,-3.18817073472,-10.1837654304,-0.0130723407982,-0.96852684,-0.9914343,0.8396343,41.76892,111.25364,-17.157372,WAL
1812167354000,24.649966,-3.17770788860182,-10.5276139977204,0.0550520854363602,-0.8912524,-1.1145236,0.8026769,41.421726,111.477776,-17.449804,WAL
1812172306000,24.654918,-3.16419412142857,-10.8609539642857,0.109107193169643,-0.82650065,-1.2305881,0.7703011,41.05062,111.68273,-17.732054,WAL
1812177348000,24.65996,-3.06495717373164,-11.1738994105779,-0.0867202779059745,-0.75961095,-1.3249667,0.7309003,40.608063,111.83682,-17.989246,WAL
1812182264000,24.664876,-2.93584568013712,-11.4690115610186,-0.372609997902057,-0.6740898,-1.3387111,0.6817256,40.16173,111.96142,-18.225359,WAL
1812187376000,24.669988,-2.65152646434688,-11.6500901168422,-0.713185067494832,-0.54611355,-1.2922854,0.6356053,39.67054,112.03859,-18.432205,WAL
1812192318000,24.67493,-2.30677650417364,-11.7665596158086,-1.06259384654395,-0.3839288,-1.2030991,0.6010914,39.196182,112.08449,-18.61582,WAL
1812197339000,24.679951,-1.83017648576635,-11.8208220502126,-1.43044224956469,-0.21533,-1.0708468,0.58001655,38.751415,112.10358,-18.762213,WAL
1812202332000,24.684944,-1.28801169702369,-11.8401849628467,-1.80318051655193,-0.0711658,-0.90010995,0.5549711,38.35258,112.091064,-18.880865,WAL
1812207345000,24.689957,-0.591321071323236,-11.6690109398167,-2.18634607530889,0.05100725,-0.6988298,0.53878313,38.00563,112.052055,-18.94971,WAL
1812212345000,24.694957,0.176846475508171,-11.4065936420885,-2.5728154356118,0.13041973,-0.46211955,0.5332854,37.72622,111.99504,-18.997004,WAL
1812217358000,24.69997,0.969770542921236,-11.0792437568295,-2.83857032803589,0.18295415,-0.22937989,0.50701815,37.495953,111.90005,-18.97362,WAL
1812222375000,24.704987,1.7745431111665,-10.7199700342971,-3.04455384225324,0.1554652,-0.02565634,0.4718934,37.329308,111.80259,-18.932762,WAL
1812227318000,24.70993,2.39342279851319,-10.5984236698996,-2.95428938046475,0.05100725,0.048563786,0.4071417,37.187176,111.66233,-18.803167,WAL
1812232344000,24.714956,2.93371091968295,-10.5936844527865,-2.71258153808586,-0.09101892,0.1337795,0.35277468,37.10537,111.52633,-18.656069,WAL
1812237374000,24.719986,3.10149411384752,-10.9112389865864,-2.15715804369267,-0.16890424,0.10781772,0.21777347,36.98241,111.30763,-18.397264,WAL
1812242336000,24.724948,3.05462540801854,-11.4080465734293,-1.43069408213828,-0.3390302,-0.05681047,0.03390302,36.83383,111.09884,-18.11476,WAL
1812247350000,24.729962,2.7678704139813,-11.8342881873555,-0.795929956576741,-0.46731192,-0.30665436,-0.13836098,36.55518,110.79431,-17.746637,WAL
1812252344000,24.734956,2.32561047796764,-12.2092477867122,-0.228683440761886,-0.5143485,-0.5381723,-0.24404067,36.222725,110.478775,-17.358734,WAL
1812257325000,24.739937,1.79473200965448,-12.4828790679019,0.0167682834929394,-0.514654,-0.68386364,-0.30695978,35.707714,110.076,-16.930536,WAL
1812262340000,24.744952,1.20310399668503,-12.6945180949424,0.060058135662694,-0.44593164,-0.70371675,-0.31887165,35.161854,109.66308,-16.49875,WAL
1812267322000,24.749934,0.721093626928791,-12.8858935759136,-0.123909489984946,-0.3313944,-0.6178902,-0.31031954,34.546886,109.231964,-16.100454,WAL
1812272333000,24.754945,0.302844112320491,-13.0665014900466,-0.451855143806279,-0.18142697,-0.4392121,-0.28588495,33.963585,108.79329,-15.704273,WAL
1812277318000,24.75993,0.0778961688556721,-13.2348836877846,-0.741486797818254,-0.021991149,-0.24801129,-0.26542094,33.43455,108.408264,-15.381242,WAL
1812282325000,24.764937,-0.0170376514749555,-13.3962714608988,-1.00730147888339,0.12889257,-0.044898596,-0.26511553,32.971394,108.010185,-15.053857,WAL
1812287319000,24.769931,-0.0357293665264618,-13.6524247698712,-1.09332204893954,0.28130344,0.122478485,-0.2929099,32.601223,107.671165,-14.78263,WAL
1812292297000,24.774909,0.00206912227552032,-13.978436407334,-1.04607392190287,0.4474588,0.26511553,-0.355829,32.287907,107.30606,-14.497154,WAL
1812297319000,24.779931,0.0399370228874101,-14.368696113226,-0.880533401979547,0.6243043,0.35888332,-0.4343252,32.02762,106.945946,-14.215957,WAL
1812302340000,24.784952,0.0775825842235162,-14.8086786509272,-0.619367322267896,0.80573124,0.39828414,-0.528093,31.79319,106.54984,-13.914155,WAL
1812307217000,24.789829,0.114148487955081,-15.2360426892401,-0.365691367128737,0.96944314,0.39736784,-0.61850107,31.547314,106.10454,-13.5842085,WAL
1812312253000,24.794865,0.151906513624994,-15.677339653961,-0.103745066107452,1.110553,0.39064834,-0.72204274,31.311071,105.622215,-13.23003,WAL
1812317232000,24.799844,0.181108292929375,-16.0606279583544,0.0819360877745466,1.2507466,0.36926803,-0.83260936,31.03317,105.0607,-12.832678,WAL
1812322281000,24.804893,0.200706347876178,-16.3839952024521,0.179926353811328,1.3820826,0.33108896,-0.9636399,30.75127,104.46772,-12.410769,WAL
1812327249000,24.809861,0.272926455050505,-16.1431097074448,0.270619129801721,1.5131133,0.31429017,-1.1001683,30.429476,103.81548,-11.95347,WAL
1812332240000,24.814852,0.40256894040404,-15.2981990391882,0.355557304710064,1.5928311,0.27488935,-1.1737776,30.098465,103.15843,-11.4905,WAL
1812337269000,24.819881,0.476485812573685,-14.6125747499097,0.401575820874413,1.752267,0.22632557,-1.3106114,29.748194,102.42942,-10.972929,WAL
1812342242000,24.824854,0.442069025438497,-14.2487402332628,0.372075722016208,1.9443841,0.16401732,-1.3946054,29.39371,101.70736,-10.463475,WAL
1812347225000,24.829837,0.407583031009653,-13.8841740968358,0.342516302629433,2.2122486,0.113926366,-1.4590516,29.040834,100.95437,-9.935979,WAL
1812352242000,24.834854,0.372861731782378,-13.5171204531565,0.312755193445517,2.495079,0.110872045,-1.509448,28.691437,100.189545,-9.398919,WAL
1812357209000,24.839821,0.104719813656687,-13.0717167158683,0.283743017560878,2.810591,0.15821409,-1.5528195,28.361584,99.408424,-8.850082,WAL
1812362247000,24.844859,-0.444208981401198,-12.5227873979042,0.254852028347305,3.126103,0.20830505,-1.645671,28.039593,98.62186,-8.2825985,WAL
1812367213000,24.849825,-1.32960959234619,-12.1376528909822,0.228730727173977,3.34632,0.23304509,-1.754405,27.75955,97.88383,-7.726905,WAL
1812372280000,24.854892,-2.64857862958493,-11.9329035303699,0.204922614000589,3.4831536,0.2406809,-1.8555032,27.495762,97.18891,-7.1548915,WAL
1812377175000,24.859787,-3.63376593076692,-11.8551021166917,-0.00293208415338347,3.5369098,0.23762658,-1.9010127,27.298088,83.33629,-6.661339,WAL
1812382246000,24.864858,-4.23746855702256,-11.9476047822556,-0.484920507404511,3.4874296,0.2657264,-1.915368,27.117086,83.757454,-6.156381,WAL
1812387202000,24.869814,-4.79174942417199,-12.0561667884951,-0.993953067906256,3.3667839,0.35460728,-1.8930714,27.094017,83.869644,-5.841449,WAL
1812392231000,24.874843,-5.30480312420105,-12.1914267257408,-1.56297643072826,3.2226195,0.48349985,-1.8472565,27.094612,83.86498,-5.5391498,WAL
1812397240000,24.879852,-5.79491771408725,-12.3689773612114,-2.08708843386126,3.0460796,0.59131753,-1.777007,27.15821,83.71117,-5.362661,WAL
1812402348000,24.88496,-6.25705262434009,-12.6272287010281,-2.54469251925535,2.8463266,0.6600399,-1.6957619,27.246456,83.51571,-5.2096343,WAL
1812407283000,24.889895,-6.69822731940314,-12.8762380014358,-2.91501268582709,2.6865854,0.66645396,-1.6157386,27.418278,83.26126,-5.162794,WAL
1812412331000,24.894943,-7.12955797882269,-13.1290873567839,-3.02408479231874,2.5350907,0.5821546,-1.5488489,27.578602,83.01635,-5.136499,WAL
1812417299000,24.899911,-7.50130236619802,-13.3493390875248,-3.18054485345545,2.405282,0.40958515,-1.5106697,27.77744,82.754395,-5.195872,WAL
1812422399000,24.905011,-7.73342134243564,-13.4944133845545,-3.48036521880198,2.2727242,0.17806722,-1.4782939,27.928686,82.516365,-5.265265,WAL
1812427306000,24.909918,-7.8262820103057,-13.4627178434326,-3.69723008396175,2.1536055,0.086437434,-1.5033394,28.119028,82.27089,-5.3794284,WAL
1812432347000,24.914959,-7.52011273046128,-12.9030019987613,-3.69962203009463,2.0561724,0.018936822,-1.5549575,28.245037,82.05652,-5.481559,WAL
1812437355000,24.919967,-7.21594773275034,-12.3469502332161,-3.70199831778229,1.8118263,0.11209377,-1.6633861,28.436869,81.91078,-5.580557,WAL
1812442344000,24.924956,-6.9129367156617,-11.7930080889858,-3.70436559000149,1.5225816,0.46975538,-1.7486018,28.680334,81.80911,-5.6681595,WAL
1812447350000,24.929962,-6.48466285923315,-11.3067228905737,-3.56218641703689,1.178359,0.6261369,-1.7809776,28.919199,81.77414,-5.7207837,WAL
1812452335000,24.934947,-5.61321875526367,-11.0715713795635,-2.90283990824802,1.056186,0.3943135,-1.6982054,29.139576,81.75025,-5.7753797,WAL
1812457316000,24.939928,-4.67129301375936,-10.795939829356,-2.32869704774838,1.0965031,0.18692477,-1.6493362,29.396841,81.79894,-5.7432227,WAL
1812462346000,24.944958,-3.28122642204693,-10.2668486191712,-2.27097796097853,1.1108584,0.21013765,-1.6010778,29.64631,81.859566,-5.7358513,WAL
1812467316000,24.949928,-2.00063136995259,-9.81687593540103,-2.17899032408139,1.1297953,0.43127087,-1.4767667,29.842403,81.91145,-5.626909,WAL
1812472379000,24.954991,-1.28701827326156,-9.821665381371,-1.86289324131766,1.2412782,0.7486154,-1.2910637,30.066545,81.91619,-5.5582523,WAL
1812477295000,24.959907,-0.630655435903873,-9.84413674267741,-1.57600030576961,1.4453071,1.0665708,-1.1972959,30.294027,81.98417,-5.304721,WAL
1812482348000,24.96496,-0.259656291952428,-10.0153665924907,-1.44757757074897,1.668273,1.3289373,-1.1887437,30.589445,81.993774,-5.0960565,WAL
1812487290000,24.969902,0.0950840106428572,-10.1845912142857,-1.27645158785714,1.8897116,1.6166549,-1.2049317,30.950228,81.958046,-4.8077483,WAL
1812492339000,24.974951,0.352688407023481,-10.3801801892265,-0.513179304129834,2.0173824,1.7767016,-1.2742649,31.34506,81.88054,-4.520903,WAL
1812497417000,24.980029,0.61778762647715,-10.5531819838971,0.211453066428571,1.9758437,1.6560557,-1.3588698,31.736235,81.778885,-4.167477,WAL
1812502329000,24.984941,0.95210400261245,-10.4135306776718,0.355336072142857,1.8038851,1.5497651,-1.3726143,32.169857,81.65418,-3.8318677,WAL
1812507323000,24.989935,1.29200139317021,-10.2715480589241,0.501621033571429,1.6676621,1.5268577,-1.3292428,32.55883,81.45041,-3.4574156,WAL
1812512344000,24.994956,1.51014471241359,-10.0793772626991,0.622613339104298,1.5855007,1.4886786,-1.2373075,32.90267,81.24828,-3.1025662,WAL
1812517276000,24.999888,1.69943557409077,-9.8806217640517,0.736187846227833,1.5164729,1.4337007,-1.1545353,33.225216,81.05648,-2.7691224,WAL
1812522451000,25.005063,1.50646143085267,-9.53961860891835,0.389336563356433,1.4749341,1.4172074,-1.0729848,33.537064,80.82394,-2.4123774,WAL
1812527289000,25.009901,1.25053171674199,-9.1952766191624,-0.0248042849143316,1.4492778,1.4199562,-1.0274754,33.829212,80.58742,-2.079691,WAL
1812532333000,25.014945,0.871578775869788,-8.89153840761123,-0.724549165785281,1.4425583,1.486846,-0.9465357,34.1297,80.312035,-1.7572904,WAL
1812537281000,25.019893,0.478205234565805,-8.60424380188415,-1.46267701670665,1.4340062,1.636508,-0.86529064,34.444447,80.033615,-1.4635458,WAL
1812542337000,25.024949,0.0842907734872612,-8.3204117732285,-2.10850638953025,1.4242324,1.8237382,-0.7965683,34.85228,79.75984,-1.2341483,WAL
1812547345000,25.029957,-0.302334681417197,-8.04356840682723,-2.70037752742834,1.4431691,1.9895881,-0.73823065,35.28598,79.47832,-1.0400337,WAL
1812552349000,25.034961,-0.613515773371967,-7.81178168644534,-3.12360344388567,1.4373659,2.1105394,-0.700357,35.831257,79.266975,-0.9416898,WAL
1812557357000,25.039969,-0.891452936008251,-7.59979571744426,-3.47220254699931,1.4333953,2.1972823,-0.66645396,36.40503,79.05516,-0.87224376,WAL
1812562348000,25.04496,-1.14331381568432,-7.26691155684316,-3.56933616803197,1.423316,2.2815816,-0.65179324,37.0639,78.901955,-0.88998544,WAL
1812567355000,25.049967,-1.38282963807193,-6.86931539071928,-3.53580387386613,1.4230106,2.3301454,-0.6273586,37.729755,78.75539,-0.9284784,WAL
1812572374000,25.054986,-1.60170477279582,-6.49132180752991,-3.41637148092892,1.3888022,2.3344216,-0.61453044,38.44538,78.6518,-1.0335114,WAL
1812577355000,25.059967,-1.80791662045843,-6.12685422076003,-3.25332032125264,1.3347405,2.3512204,-0.59803706,39.17214,78.563065,-1.1548243,WAL
1812582344000,25.064956,-1.94831524680056,-5.78196684490425,-2.98783936318543,1.2614367,2.3561072,-0.58368176,39.92151,78.47356,-1.3321215,WAL
1812587376000,25.069988,-2.0563556477347,-5.44434093865483,-2.66821997889771,1.1850786,2.3417518,-0.573297,40.664833,78.40964,-1.5168447,WAL
1812592312000,25.074924,-2.15697417175442,-5.07554844078022,-2.26831693849925,1.0983357,2.300824,-0.5720753,41.426056,78.32991,-1.7545469,WAL
1812597342000,25.079954,-2.25452845367725,-4.66479291487956,-1.78054493913878,1.0021244,2.2278256,-0.5555819,42.167576,78.28314,-1.9987359,WAL
1812602344000,25.084956,-2.31314495016184,-4.30773124815105,-1.26886910729769,0.8927795,2.1615467,-0.54305923,42.92366,78.20651,-2.2500482,WAL
1812607357000,25.089969,-2.35081728867092,-3.97809942942619,-0.741458089161354,0.7693848,2.0793853,-0.5305365,43.648064,78.16937,-2.5016258,WAL
1812612346000,25.094958,-2.35093099355516,-3.69284090314748,-0.169884979946043,0.6478226,1.9734001,-0.50518554,44.331516,78.108536,-2.7619667,WAL
1812617351000,25.099963,-2.32698405895284,-3.43421547973621,0.433574441366906,0.5290093,1.8460348,-0.4908302,44.980392,78.088646,-3.0162313,WAL
1812622350000,25.104962,-2.30325495601578,-3.24673591637081,0.965618875591716,0.4089743,1.7815884,-0.46028697,45.656223,78.00646,-3.2407334,WAL
1812627339000,25.109951,-2.27969546134122,-3.10537875151874,1.45094481029586,0.26145032,1.6630806,-0.45020768,46.276535,77.96995,-3.4538264,WAL
1812632343000,25.114955,-2.26164198017099,-3.04811154929564,1.86100351481589,0.18417588,1.529912,-0.41263947,46.857048,77.8689,-3.6398191,WAL
1812637355000,25.119967,-2.24765225282231,-3.05277480797629,2.21541146670553,0.051618114,1.3909402,-0.37904188,47.398624,77.824196,-3.821569,WAL
1812642330000,25.124942,-2.25078424632477,-3.11632286514235,2.492550935185,-0.0983493,1.235475,-0.34422258,47.877888,77.73889,-3.979869,WAL
1812647351000,25.129963,-2.26986374748537,-3.23556979720266,2.70242549775816,-0.26236662,1.0797043,-0.31856623,48.31355,77.690155,-4.138233,WAL
1812652346000,25.134958,-2.26715118566972,-3.36476862443393,2.80357853713394,-0.410196,0.9419542,-0.2828306,48.69303,77.62577,-4.283865,WAL
1812657354000,25.139966,-2.24301884472175,-3.50473640352219,2.79875206894435,-0.559858,0.8042041,-0.25381452,49.02472,77.60148,-4.426439,WAL
1812662344000,25.144956,-2.19471465530903,-3.60883034469097,2.69616513230983,-0.6881397,0.6768387,-0.22602014,49.31254,77.57717,-4.566767,WAL
1812667381000,25.149993,-2.1230451699683,-3.6804998300317,2.50026848915412,-0.79809546,0.58032197,-0.20525073,49.56611,77.58179,-4.7069554,WAL
1812672295000,25.154907,-2.06471305895028,-3.72961953577147,2.27710856851834,-0.8927795,0.49113566,-0.17440203,49.786514,77.60961,-4.8422275,WAL
1812677351000,25.159963,-2.01685262411782,-3.7583357367006,2.01387647679154,-0.97127575,0.4260785,-0.15607607,49.983364,77.656784,-4.974835,WAL
1812682327000,25.164939,-1.95696738731147,-3.89141525279751,1.69982401219227,-1.031446,0.3640757,-0.13225232,50.167637,77.7391,-5.09951,WAL
1812687349000,25.169961,-1.88208993904836,-4.14412676895981,1.32075693341442,-1.0760391,0.3231477,-0.10048734,50.335907,77.82972,-5.2276692,WAL
1812692283000,25.174895,-1.79064453649519,-4.39238658571712,1.08209185057984,-1.1151345,0.2761111,-0.083383106,50.5081,77.95572,-5.349329,WAL
1812697338000,25.17995,-1.67068526292992,-4.64670018354644,1.03410813113292,-1.1511755,0.22021692,-0.07513642,50.663456,78.08401,-5.472767,WAL
1812702304000,25.184916,-1.56239201983463,-4.86815617688749,1.03880591600551,-1.180497,0.17806722,-0.051923547,50.869816,78.24149,-5.588687,WAL
1812707350000,25.189962,-1.46725552360469,-5.04891547998819,1.12442877254651,-1.2119566,0.1328632,-0.04184427,51.058914,78.40406,-5.697485,WAL
1812712240000,25.194852,-1.41115190283057,-5.23752977395875,1.21996443174282,-1.2351695,0.106595986,-0.01863139,51.272907,78.55434,-5.7832046,WAL
1812717383000,25.199995,-1.42111025234533,-5.46159029842297,1.34444260487262,-1.2516629,0.09010262,0.004581489,51.47462,78.70568,-5.8678493,WAL
1812722282000,25.204894,-1.45415792772312,-5.66168952026943,1.4749963754232,-1.2666291,0.087964594,0.03359759,51.7034,78.82886,-5.922166,WAL
1812727348000,25.20996,-1.52725667536116,-5.84658648722857,1.62979376826199,-1.280679,0.10262536,0.06047566,51.92722,78.95157,-5.9814606,WAL
1812732311000,25.214923,-1.591584743654,-6.05297530064673,1.78843185125303,-1.3118331,0.11484267,0.08246681,52.140717,79.06513,-6.0401683,WAL
1812737353000,25.219965,-1.6062228476152,-6.43844577922393,1.99824487849636,-1.346347,0.16065755,0.13683382,52.36107,79.17223,-6.1164336,WAL
1812742316000,25.224928,-1.58754073049941,-6.86740466346611,2.22596994988109,-1.4083499,0.226631,0.21685717,52.576916,79.273605,-6.2009993,WAL
1812747348000,25.22996,-1.37743558376932,-7.5884472331847,2.57932873719778,-1.4544702,0.2519819,0.29138273,52.78868,79.368576,-6.297513,WAL
1812752318000,25.23493,-1.15122749491318,-8.34800146227803,2.97497744871971,-1.4990633,0.2846632,0.37323865,53.00576,79.44061,-6.407923,WAL
1812757356000,25.239968,-0.796219484425586,-9.43669284930835,3.68972685678407,-1.4877623,0.36102137,0.4804455,53.234436,79.49053,-6.546262,WAL
1812762288000,25.2449,-0.41755481486327,-10.5398175752508,4.42024189710801,-1.4056009,0.38637227,0.5525276,53.43397,79.50507,-6.6328735,WAL
1812767321000,25.249933,0.303122985003935,-12.0665166856187,5.49651716286642,-1.2644911,0.38728857,0.61361414,53.638847,79.48861,-6.746703,WAL
1812772500000,25.255112,1.07301389791107,-13.6359583900328,6.60379835395404,-1.0519099,0.3747658,0.6087272,53.761745,79.429115,-6.7536917,WAL
1812777373000,25.259985,2.06179697938924,-15.0982427816572,7.6436457056799,-0.73823065,0.29443705,0.54428095,53.861286,79.32171,-6.760849,WAL
1812782479000,25.265091,3.08365365223758,-16.5658047202343,8.65802363311064,-0.37843102,0.15943582,0.40958515,53.81426,79.15239,-6.5858126,WAL
1812787349000,25.269961,3.89888741823007,-17.2401867390867,8.78180239123273,-0.004886922,0.058643065,0.20738874,53.763435,78.93054,-6.386515,WAL
1812792247000,25.274859,4.7188083598792,-17.9184461083555,8.90629281367256,0.26450464,0.09621128,-0.02687807,53.60835,78.6414,-5.988648,WAL
1812797306000,25.279918,5.45002543528948,-18.343877560063,8.51199712032296,0.4841107,0.22785273,-0.27091873,53.477108,78.28801,-5.5642834,WAL
1812802272000,25.284884,6.14776129525404,-18.7138186445451,8.03435236579362,0.6215554,0.44257188,-0.52106804,53.40543,77.90293,-5.110371,WAL
1812807320000,25.289932,6.00254349713544,-18.1680480366304,7.62681638112586,0.7312057,0.59620446,-0.6420194,53.321945,77.50689,-4.552981,WAL
1812812274000,25.294886,5.68053933176964,-17.4388033150015,7.2432529682104,0.77732605,0.68203104,-0.6420194,53.29717,77.08339,-4.0084047,WAL
1812817288000,25.2999,4.76374998061107,-15.6954312336664,6.79134839311107,0.79320854,0.7156286,-0.5867361,53.317806,76.707344,-3.4222846,WAL
1812822353000,25.304965,3.70581562482706,-13.7100563489623,6.32063747482706,0.71868294,0.7309003,-0.5015204,53.358692,76.32405,-2.8857179,WAL
1812827313000,25.309925,2.60777382086923,-11.6175135741911,5.86435773877082,0.6035349,0.75411314,-0.46670106,53.427658,75.96395,-2.4160397,WAL
1812832281000,25.314893,1.48733696664752,-9.47228684932031,5.40889557932223,0.5348125,0.7641924,-0.38698313,53.486332,75.60004,-2.0058827,WAL
1812837349000,25.319961,0.443914144706504,-7.44606381893178,4.91913424794289,0.36957347,0.7834347,-0.30543262,53.574135,75.28486,-1.7422225,WAL
1812842310000,25.324922,-0.525893774457959,-5.54664724431518,4.42669279524061,0.15821409,0.77182823,-0.20341812,53.643166,75.00254,-1.513963,WAL
1812847306000,25.329918,-1.267353900181,-4.36359173013575,4.0229348559276,-0.055588737,0.7535023,-0.083383106,53.735203,74.76234,-1.4446217,WAL
1812852320000,25.334932,-1.93849698396179,-3.40274683519356,3.64632229974862,-0.28588495,0.71593404,0.06566802,53.804047,74.58795,-1.4103185,WAL
1812857316000,25.339928,-2.60405865096099,-3.08652103497621,3.33270603515699,-0.49388456,0.63713247,0.25473082,53.882694,74.479774,-1.5042113,WAL
1812862309000,25.344921,-3.26830988833492,-2.95458070117983,3.03697767621313,-0.7021896,0.50426924,0.45204028,53.923126,74.4307,-1.634404,WAL
1812867299000,25.349911,-3.88782994765412,-3.28405335365755,2.76182994697811,-0.91751957,0.36102137,0.6356053,53.965908,74.45085,-1.880646,WAL
1812872327000,25.354939,-4.49027901265261,-3.84277606736959,2.49461475371809,-1.1392636,0.17440203,0.786489,53.94646,74.517426,-2.159852,WAL
1812877311000,25.359923,-4.76231247444918,-4.8121573895112,2.31533543156823,-1.3793337,-0.084910266,0.90377516,53.90003,74.66809,-2.5540097,WAL
1812882302000,25.364914,-4.8906345867432,-5.96705801731161,2.17373842362525,-1.6270396,-0.42913285,0.9819659,53.768524,74.85969,-2.9611294,WAL
1812887345000,25.369957,-4.91291610831207,-7.51058109369685,2.00842990310374,-1.8438967,-0.8426886,1.0497719,53.584423,75.13193,-3.455508,WAL
1812892313000,25.374925,-4.84211629963861,-9.35643732201318,1.82637276943027,-1.9746219,-1.2269229,1.1496484,53.3033,75.41007,-3.9605663,WAL
1812897306000,25.379918,-5.02350735915493,-11.3977489859155,1.47381657605634,-2.0482311,-1.5775595,1.2718215,52.94761,75.75189,-4.4808826,WAL
1812902303000,25.384915,-5.34179367881455,-13.5415020635759,1.02915170807903,-2.0131063,-1.8765781,1.3854424,52.493748,76.0487,-5.003614,WAL
1812907319000,25.389931,-5.91057212973194,-15.1893355124821,0.327019435236341,-1.8692477,-2.0821342,1.4718798,52.018063,76.36549,-5.5052624,WAL
1812912309000,25.394921,-6.63908170165746,-16.4996751022099,-0.538391149171271,-1.6346754,-2.0137172,1.4636332,51.541557,76.59988,-6.0017533,WAL
1812917297000,25.399909,-6.59687375440964,-17.3604177175904,-0.994956860973494,-1.2651019,-1.8729129,1.3350459,51.130417,76.83794,-6.4799128,WAL
1812922324000,25.404936,-6.13284846409639,-17.9822103759036,-1.23160970573494,-0.81581056,-1.5201381,1.2339478,50.807777,76.94836,-6.961021,WAL
1812927311000,25.409923,-5.21500357832512,-18.4030773478524,-0.772574644836229,-0.5821546,-1.212873,0.95111716,50.62974,77.121605,-7.419844,WAL
1812932301000,25.414913,-3.95948270640394,-18.6797883944344,0.197976107345951,-0.16676621,-1.1374311,0.68508536,50.492153,77.12342,-7.839958,WAL
1812937347000,25.419959,-2.75193538057499,-18.5159505519239,1.16151655101115,0.057421334,-1.2461652,0.44715336,50.455982,77.20216,-8.094969,WAL
1812942318000,25.42493,-1.73194894298207,-17.1420901552252,2.06181075828596,0.115453534,-1.3765849,0.23579398,50.44526,77.25217,-8.276088,WAL
1812947312000,25.429924,-0.933760084213668,-15.6041127033721,2.55769335150701,0.06505715,-1.4138476,0.07941248,50.329266,77.30087,-8.22296,WAL
1812952277000,25.434889,-0.437129353536258,-13.8682705711728,2.5151249340197,-0.07788532,-1.3976597,-0.038179077,50.199455,77.38422,-8.122462,WAL
1812957277000,25.439889,-0.0880296985,-12.0617978785141,2.27741267110442,-0.2929099,-1.4144585,-0.09193522,49.94723,77.4555,-7.9168034,WAL
1812962310000,25.444922,0.04747250225,-10.1599277374498,1.75960070284137,-0.5317582,-1.4813483,-0.0571159,49.688015,77.563484,-7.7088933,WAL
1812967253000,25.449865,-0.125700210866795,-8.00295855150579,0.670389399015444,-0.795652,-1.5931365,0.01282817,49.38215,77.71626,-7.4692593,WAL
1812972329000,25.454941,-0.735694738052124,-5.37998199984556,-1.26751622874517,-1.0574077,-1.7159204,0.10598512,49.053303,77.90535,-7.248637,WAL
1812977241000,25.459853,-1.29808646388642,-3.49288321259982,-2.71277706912156,-1.3115277,-1.7492126,0.21930063,48.732033,78.14028,-7.0724616,WAL
1812982309000,25.464921,-1.82444735498373,-2.80382907871438,-3.37312078064675,-1.5082263,-1.7244726,0.3643811,48.390987,78.392296,-6.932621,WAL
1812987322000,25.469934,-2.27448085425855,-2.22102239355092,-3.96934857140057,-1.6420058,-1.7638733,0.50640726,48.12469,78.747284,-6.962953,WAL
1812992317000,25.474929,-2.57922936337352,-1.84125870713516,-4.44756942100363,-1.7916678,-1.9031507,0.6218608,47.84417,79.10761,-7.0278683,WAL
1812997264000,25.479876,-2.86605835031453,-1.5414779588353,-4.88462062330347,-1.9257526,-2.1041253,0.73639804,47.478344,79.47375,-7.245035,WAL
1813002340000,25.484952,-3.12088617742089,-1.43491364755051,-5.23674615891155,-2.037541,-2.364354,0.8353582,47.06019,79.80021,-7.489192,WAL
1813007281000,25.489893,-3.34037890650888,-1.3403563183432,-5.61597538816568,-2.1053472,-2.6520715,0.89980453,46.59985,80.07612,-7.8117023,WAL
1813012343000,25.494955,-3.43599579329389,-1.28499912081387,-6.16954720581335,-2.129171,-2.9165761,0.956615,46.076267,80.263535,-8.162013,WAL
1813017309000,25.499921,-3.5132556882506,-1.39274884318647,-6.67091343702361,-2.1181753,-3.018896,1.0348058,45.546307,80.337524,-8.584363,WAL
1813022331000,25.504943,-3.54454996521658,-1.96051511914854,-7.05985576000186,-2.038152,-3.0747902,1.0946705,44.96155,80.29085,-9.022254,WAL
1813027291000,25.509903,-3.56391954728431,-2.56873646634975,-7.41470144432083,-1.9636264,-2.9107728,1.2232577,44.458652,80.10263,-9.533768,WAL
1813032304000,25.514916,-3.48622793435825,-3.58358259612623,-7.52638319494285,-1.7675385,-2.63344,1.303281,43.98364,79.78617,-10.056369,WAL
1813037306000,25.519918,-3.39105368085045,-4.60454677126128,-7.64797574185064,-1.4972308,-2.3243423,1.3399329,43.628464,79.36238,-10.599666,WAL
1813042314000,25.524926,-3.17928656961989,-5.68179699049722,-7.83672446413899,-1.2302825,-1.9254472,1.382388,43.39344,78.82862,-11.171264,WAL
1813047430000,25.530042,-2.97768236870906,-6.81155836843697,-7.96470846301522,-1.0137309,-1.4217888,1.4538593,43.358418,101.72213,-11.699896,WAL
1813052291000,25.534903,-2.96829955609191,-8.24712977657966,-7.28445430333568,-0.77946407,-0.89644474,1.534799,43.461292,102.31947,-12.236422,WAL
1813057345000,25.539957,-2.95990190616016,-9.75027121765914,-6.55928692587269,-0.5421429,-0.42180246,1.5800029,43.862926,102.804634,-12.646852,WAL
1813062309000,25.544921,-2.96919871562531,-11.3632683393957,-5.61566008562628,-0.42363504,0.016798794,1.5870279,44.414436,103.31126,-13.061267,WAL
1813067592000,25.550204,-2.94686351386543,-13.0375980662428,-4.63577361185347,-0.39614612,0.41355577,1.5515977,45.000282,103.76103,-13.435048,WAL
1813072331000,25.554943,-2.55060535234887,-14.0454723233368,-4.0413862571415,-0.49388456,0.7284568,1.4773777,45.690914,104.20757,-13.792346,WAL
1813077352000,25.559964,-2.13076736353801,-15.1133213726867,-3.41162915479738,-0.63438356,0.9804387,1.4046847,46.336414,104.571396,-14.095844,WAL
1813082340000,25.564952,-1.3849414396928,-15.3650307526311,-2.7573949201005,-0.7812967,1.1481212,1.3460416,47.045773,104.92869,-14.376865,WAL
1813087937000,25.570549,-0.515894517365128,-15.5683169554376,-2.02048377487437,-0.9416488,1.2428054,1.2782356,47.80244,105.27929,-14.630254,WAL
1813092319000,25.574931,0.133616129974315,-15.301294145976,-1.70913205530822,-1.1606439,1.2907583,1.1850786,48.42891,105.548325,-14.79709,WAL
1813097264000,25.579876,0.863437682853168,-14.9566561178296,-1.38476693951199,-1.4016303,1.3594806,0.9987647,49.0825,105.7948,-14.914885,WAL
1813102305000,25.584917,1.33421787992307,-14.3146665640923,-1.06104016796883,-1.6594155,1.4208726,0.73761976,49.603996,105.91963,-14.903728,WAL
1813107282000,25.589894,1.77709233889499,-13.657498193326,-0.741980058097712,-1.8945986,1.3716979,0.49235737,50.105095,106.03107,-14.84818,WAL
1813112310000,25.594922,1.97981605067972,-12.9092304112742,-0.0148052578122169,-2.0457878,1.1291844,0.26053402,50.487522,106.04702,-14.676192,WAL
1813117289000,25.599901,2.16131711612289,-12.1616187154251,0.737127685694218,-2.1242838,0.9114109,0.05589417,50.85182,106.04212,-14.450429,WAL
1813122322000,25.604934,2.13075446118498,-11.3629196918413,1.37406341589725,-2.1276436,0.2883284,-0.054367006,50.971664,105.99426,-14.191988,WAL
1813127245000,25.609857,2.02042301927455,-10.565524608765,1.95079579843634,-2.1019874,-0.5198463,-0.24770586,50.960197,105.89847,-13.877442,WAL
1813132304000,25.614916,1.57024106095642,-10.1172120689425,1.82992982723372,-1.9700404,-1.2843442,-0.42424592,50.69966,105.72665,-13.582436,WAL
1813137330000,25.619942,1.05618561982931,-9.74543951511395,1.56831231717364,-1.7482964,-1.8536706,-0.5729916,50.25437,105.504486,-13.272318,WAL
1813142312000,25.624924,0.346225394202899,-9.50679969691241,1.03361922637681,-1.4886786,-2.1890357,-0.6976081,49.630592,105.20353,-12.982705,WAL
1813147241000,25.629853,-0.422167011956522,-9.31346197542533,0.413947965652174,-1.2492194,-2.3176227,-0.7892379,48.900692,104.84383,-12.674731,WAL
1813152293000,25.634905,-1.15133132075509,-9.10910734888318,-0.10668324545167,-1.0451905,-2.2699752,-0.8078693,48.120125,104.549416,-12.447092,WAL
1813157289000,25.639901,-1.86064728398893,-8.90577044514726,-0.598475659794426,-0.8781188,-2.1068742,-0.7858781,47.340843,104.20908,-12.200388,WAL
1813162311000,25.644923,-2.36377697766512,-8.59299001904672,-0.920046778129442,-0.7648033,-1.8945986,-0.7257079,46.65051,103.98847,-12.054308,WAL
1813167288000,25.6499,-2.81543781760637,-8.25876086449351,-1.20007643569601,-0.70341134,-1.6728544,-0.6123924,46.020878,103.76658,-11.917852,WAL
1813172386000,25.654998,-3.07430156102548,-7.87809730039046,-1.36876294786272,-0.6936375,-1.4706581,-0.45051312,45.497997,103.69541,-11.901858,WAL
1813177328000,25.65994,-3.24451319174887,-7.49390534695849,-1.48547956138512,-0.72692966,-1.3023647,-0.24190263,45.043762,103.65806,-11.919612,WAL
1813182306000,25.664918,-3.30265037555187,-7.26754847925376,-1.71968125110373,-0.79198676,-1.1313224,-0.021991149,44.68724,103.7605,-12.051157,WAL
1813187333000,25.669945,-3.32616223100215,-7.08885939914046,-1.9924172620043,-0.8555168,-0.9392053,0.19120082,44.402206,103.912575,-12.227153,WAL
1813192313000,25.674925,-3.18825724286862,-7.08367049208517,-2.15802500458015,-0.89888823,-0.73548174,0.34513888,44.18059,104.15888,-12.476576,WAL
1813197306000,25.679918,-2.98653828759542,-7.14610741545802,-2.28289860057252,-0.906524,-0.57543504,0.44684792,44.01808,104.442055,-12.7586565,WAL
1813202298000,25.68491,-2.62139591194388,-7.3164118766199,-2.22836035526121,-0.8781188,-0.49174652,0.5317582,43.9198,104.79453,-13.086812,WAL
1813207321000,25.689933,-2.19070384445265,-7.52953780371054,-2.10403693256415,-0.83016586,-0.49235737,0.5897904,43.856167,105.15646,-13.425825,WAL
1813212309000,25.694921,-1.7065729504031,-7.82647368251102,-1.93488141775771,-0.75808376,-0.548557,0.6102544,43.795345,105.51219,-13.756,WAL
1813217300000,25.699912,-1.1773697041277,-8.19126390357949,-1.72936563250564,-0.6951646,-0.5873469,0.6105598,43.750076,105.864525,-14.088373,WAL
1813222407000,25.705019,-0.758877698608977,-8.44161224150829,-1.61441899771533,-0.6765333,-0.68477994,0.5907067,43.62876,106.14386,-14.34938,WAL
1813227333000,25.709945,-0.405968700663162,-8.63237423079256,-1.5428833388799,-0.65057147,-0.77213365,0.54367006,43.504253,106.40051,-14.597411,WAL
1813232307000,25.714919,-0.213782617464089,-8.75897997078955,-1.58559896843729,-0.6389651,-0.8258898,0.5045747,43.302063,106.571686,-14.763768,WAL
1813237347000,25.719959,-0.0834944666186253,-8.86134886696231,-1.67400881862528,-0.6588182,-0.8597928,0.44440445,43.08147,106.72026,-14.908011,WAL
1813242303000,25.724915,-0.00380882301714985,-8.79963055818702,-1.81757545055125,-0.72112644,-0.8790351,0.39003745,42.81256,106.81123,-14.989122,WAL
1813247309000,25.729921,0.0500250330732952,-8.64791748346264,-1.99375895300123,-0.7855727,-0.8720101,0.36010507,42.54294,106.89082,-15.056157,WAL
1813252303000,25.734915,-0.0213584217164179,-8.53596203395522,-2.16526597925373,-0.86437434,-0.8689558,0.3203988,42.256084,106.95433,-15.086515,WAL
1813257282000,25.739894,-0.150351399757463,-8.44255330009328,-2.33429132488806,-0.9447031,-0.84879726,0.29565877,41.978146,107.01825,-15.108676,WAL
1813262267000,25.744879,-0.291406914839349,-8.30048580563269,-2.41587778349861,-1.029308,-0.79443026,0.26939157,41.727573,107.09853,-15.116669,WAL
1813267280000,25.749892,-0.44375448537386,-8.11481192145974,-2.42063859241372,-1.1362094,-0.73853606,0.269697,41.485386,107.1897,-15.122303,WAL
1813272276000,25.754888,-0.63241034452029,-7.99348282424844,-2.34200293594603,-1.2208142,-0.6731735,0.2742785,41.28146,107.3265,-15.145709,WAL
1813277262000,25.759874,-0.855076111020935,-7.93189447000695,-2.18566321801766,-1.3139712,-0.6249151,0.30543262,41.091747,107.483604,-15.173656,WAL
1813282272000,25.764884,-1.0687856183182,-7.88906001058034,-2.00536943237268,-1.3695599,-0.5708536,0.3463606,40.93071,107.680244,-15.232856,WAL
1813287316000,25.769928,-1.27379275554678,-7.86522198294512,-1.80036219557837,-1.4199562,-0.5555819,0.3817908,40.775593,107.892845,-15.297221,WAL
1813292270000,25.774882,-1.45156650826863,-7.89472772010869,-1.6006167507764,-1.4263704,-0.5354234,0.44043383,40.626507,108.13806,-15.410905,WAL
1813297336000,25.779948,-1.6069461462927,-7.98418873722826,-1.39815236948758,-1.42973,-0.5296202,0.48563787,40.48187,108.39027,-15.527943,WAL
1813302206000,25.784818,-1.75305509747322,-8.09096920820699,-1.16543941665656,-1.3927728,-0.5390886,0.539394,40.314182,108.65689,-15.698493,WAL
1813307259000,25.789871,-1.89978524934304,-8.23280815413382,-0.867088162330706,-1.3353515,-0.54702985,0.59650993,40.156384,108.92439,-15.877215,WAL
1813312222000,25.794834,-2.08400025780405,-8.49148622901222,-0.648306266854338,-1.2672399,-0.5552765,0.6606508,39.967926,109.18969,-16.090988,WAL
1813317225000,25.799837,-2.32399605232418,-8.91387886345422,-0.528308359570226,-1.244638,-0.59712076,0.68691796,39.77537,109.44847,-16.304659,WAL
1813322211000,25.804823,-2.48795171291397,-9.26022185561389,-0.418590781267165,-1.1820242,-0.6740898,0.7284568,39.523582,109.69387,-16.552279,WAL
1813327228000,25.80984,-2.55101814848546,-9.50763634531502,-0.32156566371769,-1.1200215,-0.75991637,0.7666359,39.266148,109.932335,-16.799591,WAL
1813332180000,25.814792,-2.60219399421342,-9.73640998087485,-0.233181540878776,-1.0647382,-0.8536842,0.7858781,38.966206,110.15888,-17.05944,WAL
1813337264000,25.819876,-2.64039594607689,-9.95129599127109,-0.152002227375441,-0.9966267,-0.97005403,0.7910705,38.644646,110.37138,-17.320759,WAL
1813342175000,25.824787,-2.68101207453914,-10.1782776537537,-0.122308338129842,-0.9388999,-1.0830641,0.7901542,38.268776,110.56819,-17.581673,WAL
1813347227000,25.829839,-2.72840733897943,-10.4411065028052,-0.165395010061448,-0.8732319,-1.1911873,0.77457714,37.869583,110.743576,-17.833725,WAL
1813352265000,25.834877,-2.76598973542366,-10.7213015358641,-0.225014784903523,-0.8145888,-1.2614367,0.76174897,37.43452,110.89377,-18.07359,WAL
1813357321000,25.839933,-2.75583452401426,-11.0919690056628,-0.367188582353188,-0.74372846,-1.2990049,0.7535023,36.98735,111.0235,-18.301815,WAL
1813362259000,25.844871,-2.71284154037346,-11.4122614257494,-0.520969805114496,-0.68111473,-1.2959507,0.72204274,36.515293,111.13846,-18.512838,WAL
1813367290000,25.849902,-2.5755200121769,-11.6206110816708,-0.719849254970025,-0.5934556,-1.258077,0.69913524,36.054077,111.23458,-18.711905,WAL
1813372324000,25.854936,-2.38825993969618,-11.7714457831301,-0.918500555486708,-0.49754974,-1.1844677,0.66156703,35.595966,111.305244,-18.878662,WAL
1813377325000,25.859937,-2.0436327630022,-11.7379406824905,-1.11474662275635,-0.40530908,-1.0961977,0.6227771,35.163475,111.35462,-19.02565,WAL
1813382301000,25.864913,-1.65779639251714,-11.685734566034,-1.344239929683,-0.30818152,-1.0021244,0.57879484,34.744938,111.37823,-19.137396,WAL
1813387316000,25.869928,-1.12802660378615,-11.5711899327238,-1.6878743778098,-0.20250183,-0.86651236,0.5656612,34.374416,111.38476,-19.232876,WAL
1813392327000,25.874939,-0.579671620257465,-11.4380108728768,-2.01569436728053,-0.1020145,-0.6976081,0.56596667,34.03057,111.3571,-19.281994,WAL
1813397305000,25.879917,0.0297766512605042,-11.241964184874,-2.28845432268908,0.00030543262,-0.5510005,0.5543602,33.72631,111.30917,-19.313635,WAL
1813402651000,25.885263,0.682349092711753,-11.031588290545,-2.56884773046619,0.07819075,-0.3830125,0.54458636,33.479088,111.22911,-19.289152,WAL
1813407284000,25.889896,1.21645150320639,-10.8519358316371,-2.60769166842854,0.119729586,-0.2593123,0.5213735,33.264084,111.13495,-19.250648,WAL
1813412306000,25.894918,1.74842527106396,-10.6937514926434,-2.58737505152637,0.12034045,-0.20189096,0.4605924,33.0627,110.985756,-19.130579,WAL
1813417293000,25.899905,2.02568010917826,-10.7319935616555,-2.23363612530277,0.082161374,-0.12003502,0.41447207,32.904694,110.83434,-19.00115,WAL
1813422332000,25.904944,2.23323019730574,-10.8265764765717,-1.84383636047638,0.027488936,-0.102319926,0.29535335,32.711113,110.59602,-18.776312,WAL
1813427314000,25.909926,2.07021695907848,-11.2038355572042,-1.29424879100351,-0.094989546,-0.113926366,0.14782938,32.52774,110.351845,-18.529226,WAL
1813432278000,25.91489,1.88751724095602,-11.5817908042065,-0.773267626795411,-0.21868975,-0.14721853,0.014966198,32.2335,110.041046,-18.228802,WAL
1813437324000,25.919936,1.5271619750478,-11.9837259302103,-0.47297156543977,-0.2843578,-0.21533,-0.07513642,31.91872,109.71373,-17.903936,WAL
1813442585000,25.925197,1.16108805618375,-12.4076708791519,-0.198459863074205,-0.30176744,-0.27916542,-0.12064589,31.507774,109.34221,-17.556953,WAL
1813447304000,25.929916,0.946643927965674,-12.8456841236749,-0.408341306678445,-0.26236662,-0.25411993,-0.13225232,31.103642,108.962875,-17.198057,WAL
1813452494000,25.935106,0.725127396208263,-13.3186908381437,-0.644510414932088,-0.17928895,-0.14905111,-0.13775012,30.687136,108.57953,-16.855446,WAL
1813457291000,25.939903,0.690462306904358,-13.6523425036786,-0.926164478183362,-0.04917465,-0.0015271631,-0.16279559,30.296188,108.185555,-16.507034,WAL
1813462319000,25.944931,0.654127916864742,-14.0020611975099,-1.2213816201528,0.09773844,0.15241088,-0.20922135,29.93289,107.82178,-16.186739,WAL
1813467326000,25.949938,0.706530211643836,-14.3491023878063,-1.29603780647309,0.25473082,0.2883284,-0.28313604,29.612015,107.4364,-15.853012,WAL
1813472355000,25.954967,0.766929879452055,-14.6975617298862,-1.35179134972024,0.4156938,0.41355577,-0.36835176,29.336569,107.02784,-15.504683,WAL
1813477355000,25.959967,0.852311895169686,-15.0631542998126,-1.29182613516552,0.57451874,0.5119051,-0.47067168,29.092218,106.61022,-15.143943,WAL
1813482295000,25.964907,0.940961624817822,-15.4276034940662,-1.21302634690818,0.7315111,0.61117065,-0.5849035,28.884819,106.16012,-14.760004,WAL
1813487391000,25.970003,1.033554172501,-15.7627882365054,-1.14821169110356,0.8924741,0.69913524,-0.68691796,28.692167,105.66159,-14.337716,WAL
1813492254000,25.974866,1.12200562382547,-16.0793513561575,-1.08769227831867,1.0390818,0.7684685,-0.7733554,28.522625,105.13615,-13.8965,WAL
1813497340000,25.979952,1.14556035029189,-16.3638922023177,-1.03956210749325,1.1856894,0.8145888,-0.8503244,28.328363,104.56433,-13.4274845,WAL
1813502258000,25.98487,1.16197538047399,-16.6347404360024,-0.994420849481572,1.3478742,0.8396343,-0.9370673,28.149591,103.96866,-12.943256,WAL
1813507304000,25.989916,1.16507429404003,-16.6611509192874,-0.947168742357599,1.509448,0.8359691,-1.0491611,27.951237,103.327614,-12.424444,WAL
1813512285000,25.994897,1.1598287982296,-16.5352588007477,-0.899959751106224,1.6780468,0.82772243,-1.1850786,27.761509,102.66315,-11.888533,WAL
1813517286000,25.999898,1.18081762901841,-16.0222156930268,-0.736475006353143,1.765706,0.77671516,-1.2394456,27.544424,101.99662,-11.352868,WAL
1813522363000,26.004975,1.20864639838787,-15.405345905943,-0.541673809647048,1.9645426,0.6927212,-1.3573426,27.3177,101.27953,-10.777017,WAL
1813527309000,26.009921,1.09613780704821,-14.7173718115086,-0.43189164851944,2.198504,0.60139686,-1.4352279,27.07994,100.58165,-10.215667,WAL
1813532302000,26.014914,0.927576073515811,-13.9885900113012,-0.352568481320892,2.4614816,0.5494733,-1.509448,26.83404,99.87184,-9.636874,WAL
1813537280000,26.019892,0.462502668329264,-13.5532123976282,-0.28977940975933,2.7608054,0.56596667,-1.5900823,26.590836,99.16781,-9.053416,WAL
1813542321000,26.024933,-0.0931759399128008,-13.1953888722532,-0.230843798728636,3.0448577,0.58368176,-1.6911805,26.339577,98.48451,-8.455867,WAL
1813547304000,26.029916,-0.697464282895623,-12.9639707942167,-0.131691049724698,3.2516358,0.5564982,-1.7962493,26.10948,82.120766,-7.8786707,WAL
1813552281000,26.034893,-1.35828101713805,-12.8601285330759,0.00991253548029312,3.3741143,0.5271767,-1.8768835,25.890411,82.65264,-7.2901955,WAL
1813557272000,26.039884,-1.95077210795608,-12.8233685390098,0.0819295725505683,3.4077117,0.48899764,-1.9172006,25.726492,82.99029,-6.7888994,WAL
1813562345000,26.044957,-2.47020274451936,-12.865484407147,0.0725704641388942,3.372587,0.4633413,-1.9101756,25.563784,83.20895,-6.2883306,WAL
1813567269000,26.049881,-2.97454625,-12.9130769479167,-0.386863085677083,3.2818735,0.45937067,-1.8622227,25.469864,83.2175,-5.890375,WAL
1813572372000,26.054984,-3.49749705090909,-12.9732391916667,-1.59011267225379,3.1312952,0.47861293,-1.7754798,25.378866,83.123505,-5.515342,WAL
1813577259000,26.059871,-4.17551631425743,-13.0701268381188,-2.56297630044554,2.971554,0.5830709,-1.670411,25.375904,82.886826,-5.2477126,WAL
1813582297000,26.064909,-5.35066463132673,-13.2755390672277,-3.08367200660396,2.7586675,0.7556403,-1.5766432,25.397766,82.62265,-5.01164,WAL
1813587269000,26.069881,-6.3213000349831,-13.4507630079507,-3.48727203190221,2.5506678,0.8530733,-1.496009,25.52659,82.36793,-4.9021254,WAL
1813592312000,26.074924,-6.74368431357583,-13.5467594349036,-3.56886909505069,2.4019222,0.86529064,-1.4227052,25.674337,82.12523,-4.822928,WAL
1813597260000,26.079872,-7.10506140301817,-13.5524820742224,-3.65660890896212,2.293799,0.7874053,-1.3640621,25.95257,81.837326,-4.945873,WAL
1813602200000,26.084812,-7.29933084599117,-13.2805051786264,-3.76831376513705,2.221106,0.6737844,-1.357648,26.217299,81.58113,-5.0694056,WAL
1813607247000,26.089859,-7.4230627930477,-12.9286271188359,-3.85126995214228,2.119397,0.63285637,-1.398576,26.53483,81.32311,-5.250545,WAL
1813612289000,26.094901,-7.35963090731609,-12.3918961307599,-3.85614932012935,1.9691241,0.6282749,-1.4236214,26.822914,81.09908,-5.427485,WAL
1813617227000,26.099839,-7.14287849648657,-11.8187576908769,-3.64112349914378,1.8982637,0.77304995,-1.4672983,27.186163,80.872635,-5.6137743,WAL
1813622258000,26.10487,-6.56912693705344,-11.126462680248,-2.92037761659286,1.7030923,0.9410379,-1.5250251,27.5489,80.723274,-5.7822638,WAL
1813627230000,26.109842,-5.94534141923915,-10.504542995641,-2.32342601147216,1.488984,0.95081174,-1.4935656,27.927416,80.57438,-5.952958,WAL
1813632224000,26.114836,-5.16828971329503,-10.0449450865861,-2.02966259484842,1.4046847,0.82741696,-1.4413365,28.309378,80.45164,-6.110717,WAL
1813637267000,26.119879,-4.33885512255252,-9.59323571363456,-1.81374302532699,1.3793337,0.68600166,-1.3826935,28.653856,80.34602,-6.183758,WAL
1813642230000,26.124842,-3.39692709682917,-9.18349708244154,-1.82787193686088,1.4223998,0.6533204,-1.3176364,28.986334,80.23677,-6.274184,WAL
1813647229000,26.129841,-2.53533507680511,-8.86597186968947,-1.72581483853115,1.5393804,0.75991637,-1.2501358,29.268984,80.14571,-6.2584987,WAL
1813652286000,26.134898,-1.94945214610402,-8.85674518098686,-1.2414234603734,1.6380352,1.0009027,-1.1511755,29.573463,80.033295,-6.2786264,WAL
1813657311000,26.139923,-1.39650178357121,-8.86820016823565,-0.799897487765968,1.7754798,1.1838568,-1.0855075,29.836857,79.951355,-6.1618686,WAL
1813662309000,26.144921,-1.00889269246887,-8.99417314181597,-0.581867354416439,1.863139,1.3368785,-1.0690142,30.154045,79.84796,-6.074406,WAL
1813667299000,26.149911,-0.652824305923032,-9.11427967376441,-0.391621985239304,1.8860464,1.4679092,-1.0882565,30.47962,79.724464,-5.8961124,WAL
1813672369000,26.154981,-0.439408737149834,-9.20913096503223,-0.329968606298105,1.9385809,1.5696182,-1.0977248,30.832367,79.564026,-5.738646,WAL
1813677385000,26.159997,-0.229806249745704,-9.33539311353929,-0.233206236118009,2.008525,1.6423112,-1.0735956,31.197903,79.38613,-5.5234237,WAL
1813682340000,26.164952,-0.0318297735512069,-9.65121320741035,0.073185940319857,2.0934353,1.6707164,-1.0635164,31.572086,79.186905,-5.3138795,WAL
1813687345000,26.169957,0.172353490660995,-9.92598270528992,0.324100038580229,2.0964894,1.6032158,-1.0760391,31.94999,78.969826,-5.0686607,WAL
1813692334000,26.174946,0.405944417264105,-9.88393597721717,0.155914570255207,1.9905044,1.4993688,-1.072374,32.315445,78.74858,-4.8402333,WAL
1813697332000,26.179944,0.623171350612943,-9.83511264278248,-0.0322488030200513,1.8347337,1.4523321,-1.0372492,32.66306,78.508125,-4.581644,WAL
1813702323000,26.184935,0.632255781656372,-9.70338828119358,-0.463760266486743,1.7299703,1.4425583,-0.9960158,32.982513,78.27444,-4.333242,WAL
1813707699000,26.190311,0.629379909015406,-9.55558761134454,-0.951584537128851,1.6392568,1.4932601,-0.9575313,33.33223,78.06272,-4.053018,WAL
1813712343000,26.194955,0.366874256792117,-9.30642976380552,-1.84588362185874,1.5952746,1.5247196,-0.9450085,33.666218,77.85823,-3.7860482,WAL
1813717700000,26.200312,0.0628643928154826,-9.01863729181774,-2.85161007167075,1.5803084,1.7373008,-0.88514376,34.10857,77.67274,-3.558891,WAL
1813722365000,26.204977,-0.226072703697011,-8.76034531582558,-3.20621461826556,1.5619824,1.8463402,-0.86254174,34.526524,77.49899,-3.3300662,WAL
1813727906000,26.210518,-0.566910438700705,-8.45423020006953,-3.62042684521705,1.5711454,2.0387628,-0.7877107,35.091137,77.37566,-3.2188072,WAL
1813732331000,26.214943,-0.794225242515149,-8.2227054705076,-3.81827485008443,1.6181821,2.0873265,-0.7620544,35.64284,77.25218,-3.1051538,WAL
1813737316000,26.219928,-1.05030756952419,-7.96188043618754,-4.04116124652826,1.6212363,2.151162,-0.72418076,36.297104,77.15239,-3.0971274,WAL
1813742354000,26.224966,-1.28541256655606,-7.69532768469583,-4.14923704933132,1.6059648,2.1789563,-0.6948592,36.9494,77.0507,-3.1008506,WAL
1813747297000,26.229909,-1.51389229142283,-7.4335279647461,-4.24443709208648,1.6108516,2.2000313,-0.66767573,37.611153,76.947685,-3.1238744,WAL
1813752326000,26.234938,-1.7164056952654,-7.17134326049224,-4.20388113407137,1.5931365,2.209805,-0.62949663,38.295155,76.87311,-3.222982,WAL
1813757259000,26.239871,-1.91252913679945,-6.91451500456657,-4.15251522933676,1.5683966,2.2079725,-0.61544675,38.978065,76.80691,-3.3282268,WAL
1813762343000,26.244955,-2.08944212635128,-6.67054742563721,-4.06499004284439,1.541213,2.2174408,-0.6059783,39.675068,76.75403,-3.502308,WAL
1813767257000,26.249869,-2.25746505702668,-6.4371822333135,-3.97631142279084,1.5027285,2.2333233,-0.6093381,40.370926,76.71811,-3.6804392,WAL
1813772373000,26.254985,-2.38836996830056,-6.10898427902358,-3.67948587294785,1.4587462,2.2925773,-0.6398814,41.161522,76.637726,-3.8930283,WAL
1813777247000,26.259859,-2.50710701731729,-5.78474091639761,-3.36894292805009,1.4654657,2.3475552,-0.6585127,41.950966,76.56257,-4.111689,WAL
1813782340000,26.264952,-2.47059771787072,-5.50774920745247,-2.82137839779468,1.4312572,2.3515258,-0.6545421,42.785076,76.47868,-4.357819,WAL
1813787290000,26.269902,-2.40300480912548,-5.25089601306084,-2.24458515302281,1.2803736,2.3554964,-0.65393126,43.63084,76.436584,-4.602995,WAL
1813792314000,26.274926,-2.34740257503963,-5.00982992608052,-1.65968710406848,1.1136073,2.3655756,-0.64965516,44.473087,76.37004,-4.870626,WAL
1813797242000,26.279854,-2.2975297881433,-4.78041561670718,-1.08615138271161,0.98532563,2.3102922,-0.63713247,45.292667,76.3414,-5.1371474,WAL
1813802298000,26.28491,-2.27692056368853,-4.54158299465717,-0.501006188990798,0.88086766,2.2379048,-0.6203337,46.133617,76.25721,-5.355635,WAL
1813807285000,26.289897,-2.26274444752152,-4.30531332279608,0.0754916179162956,0.7602218,2.1884248,-0.59040123,46.956142,76.21841,-5.579304,WAL
1813812305000,26.294917,-2.28574279996271,-4.11164000950872,0.547908156916193,0.68661255,2.0839667,-0.57910025,47.73722,76.126114,-5.758789,WAL
1813817303000,26.299915,-2.31697743451105,-3.92869419968304,0.994117534063578,0.52626044,1.9764545,-0.5488624,48.491653,76.0918,-5.9480977,WAL
1813822315000,26.304927,-2.35488525571841,-3.81705270884776,1.27478084121108,0.3643811,1.8894062,-0.51068336,49.205208,76.00361,-6.1082277,WAL
1813827293000,26.309905,-2.39568845233765,-3.74054680838772,1.47369601198245,0.19914207,1.7913623,-0.48288897,49.87774,75.96083,-6.266353,WAL
1813832308000,26.31492,-2.37134708556749,-3.63889398727697,1.53835986105558,0.04184427,1.6939293,-0.4538729,50.50477,75.8937,-6.4162807,WAL
1813837300000,26.319912,-2.33115390780009,-3.53171245969173,1.56962115936478,-0.118507855,1.5885551,-0.42485678,51.09566,75.86774,-6.5671406,WAL
1813842314000,26.324926,-2.22663276279586,-3.41131738332629,1.5397489305896,-0.26206118,1.4816537,-0.3817908,51.652813,75.84367,-6.721565,WAL
1813847311000,26.329923,-2.0901056306213,-3.28490331534235,1.47907017584531,-0.40042216,1.3723087,-0.3576616,52.175114,75.85699,-6.871284,WAL
1813852304000,26.334916,-1.9485087847619,-3.20588489619048,1.42506792897959,-0.5412266,1.2565498,-0.32498032,52.65973,75.89116,-7.014807,WAL
1813857320000,26.339932,-1.8047237912381,-3.14052816780952,1.37278250987755,-0.66981375,1.1362094,-0.2968805,53.107788,75.95183,-7.155644,WAL
1813862310000,26.344922,-1.66569823336495,-3.1153245111076,1.31884511916956,-0.7846564,1.0094548,-0.2779437,53.517708,76.04314,-7.271154,WAL
1813867292000,26.349904,-1.52993949465697,-3.12035255614922,1.26353599367689,-0.8958339,0.88422745,-0.25350907,53.88951,76.1568,-7.3876657,WAL
1813872318000,26.35493,-1.42180521369975,-3.16487043273175,1.21533233524405,-1.0009027,0.75869465,-0.23823744,54.22384,76.3005,-7.467259,WAL
1813877312000,26.359924,-1.32862389245283,-3.22862607358491,1.1711937634434,-1.1047498,0.61911196,-0.21868975,54.515316,76.46206,-7.5458584,WAL
1813882304000,26.364916,-1.28607855858095,-3.23999055128571,1.24717662162857,-1.2144,0.48472157,-0.19211712,54.78058,76.64988,-7.5922394,WAL
1813887305000,26.369917,-1.26327204580952,-3.23086801285714,1.37033167628571,-1.3005321,0.3472769,-0.16065755,55.00316,76.8476,-7.637176,WAL
1813892313000,26.374925,-1.34339085294239,-3.28558232157753,1.53682741629155,-1.3930782,0.2098322,-0.12522738,55.208515,77.06093,-7.6594563,WAL
1813897306000,26.379918,-1.48655546257485,-3.37937984221557,1.72935916646707,-1.4816537,0.09132435,-0.07819075,55.377743,77.27975,-7.687804,WAL
1813902299000,26.384911,-1.67173304411737,-3.53666168607359,1.872710448449,-1.559539,0.008552114,-0.008857546,55.505684,77.48644,-7.7164097,WAL
1813907319000,26.389931,-1.87773925408477,-3.72475432883093,1.99362707387983,-1.6285667,-0.028710667,0.030543262,55.61238,77.70078,-7.74617,WAL
1813912307000,26.394919,-2.04892191422055,-4.0474783352737,2.12807302257041,-1.6603317,-0.08124508,0.052534413,55.664925,77.88738,-7.8059435,WAL
1813917282000,26.399894,-2.1906651108687,-4.48688228435145,2.27454108782229,-1.7498235,-0.0983493,0.12797627,55.71267,78.07497,-7.8909364,WAL
1813922404000,26.405016,-2.31560478269401,-5.10064811073286,2.49762246092416,-1.8063285,-0.08124508,0.22785273,55.75937,78.21568,-8.0175,WAL
1813927314000,26.409926,-2.41709467055823,-5.82953031293044,2.77441302915727,-1.8530598,-0.06780604,0.34574974,55.795532,78.342834,-8.167399,WAL
1813932306000,26.414918,-2.35224750520305,-6.87754230515424,3.13121753260445,-1.8469511,0.01160644,0.4447099,55.859623,78.42041,-8.350133,WAL
1813937293000,26.419905,-2.10515114822335,-8.25755191643889,3.56946403201874,-1.7513506,0.1328632,0.5018258,55.93508,78.46211,-8.551905,WAL
1813942308000,26.42492,-1.40261791863273,-10.431560051737,4.57502726524243,-1.5839735,0.18448131,0.59315014,56.020786,78.42707,-8.764162,WAL
1813947307000,26.429919,-0.0996998436187999,-13.6421638549136,6.32707396210292,-1.352761,0.27550024,0.61666846,56.150032,78.36033,-8.972803,WAL
1813952290000,26.434902,1.15172326492751,-16.2222381283734,7.75928096509684,-1.0231993,0.34666604,0.6020077,56.334515,78.24282,-9.05271,WAL
1813957321000,26.439933,2.2888112070272,-17.170661227749,8.36606801689068,-0.61544675,0.32436943,0.48380527,56.512817,78.0956,-9.107288,WAL
1813962247000,26.444859,3.24752684442209,-17.913809872548,8.6076063065084,-0.2098322,0.25809056,0.28527406,56.485027,77.975975,-8.771512,WAL
1813967296000,26.449908,3.9722668867619,-18.3661649229454,8.26712411427422,0.11789699,0.30268374,0.01985312,56.501675,77.80773,-8.426441,WAL
1813972330000,26.454942,4.57788100855269,-18.691535911052,7.94068326057208,0.35094208,0.5122105,-0.24007004,56.48045,77.63332,-7.900334,WAL
1813977357000,26.459969,5.00793003829706,-18.8287850017105,7.63415903345054,0.5161811,0.7996226,-0.45540005,56.520042,77.39757,-7.373396,WAL
1813982240000,26.464852,5.10063672065314,-18.4181374276101,7.35283319843642,0.64904433,1.0082331,-0.5946773,56.621838,77.19279,-6.768106,WAL
1813987299000,26.469911,4.36227394343394,-16.5962035360713,7.10351601602177,0.7348709,1.0928379,-0.6261369,56.78056,76.93274,-6.196151,WAL
1813992245000,26.474857,3.56224776789204,-14.7313627584923,6.80432163641694,0.78984874,1.0882565,-0.61178154,56.962635,76.708015,-5.599228,WAL
1813997306000,26.479918,2.52025993238716,-12.5842364523034,6.33971227491857,0.79717916,1.042747,-0.5510005,57.15579,76.43897,-5.053784,WAL
1814002291000,26.484903,1.48894036645272,-10.4595063879439,5.87130053166453,0.7476991,1.0231993,-0.49235737,57.370323,76.095894,-4.6343455,WAL
1814007325000,26.489937,0.411082473102268,-8.24190364564613,5.31947870753102,0.6407976,1.0274754,-0.42485678,57.56616,75.749916,-4.256705,WAL
1814012280000,26.494892,-0.56739280953168,-6.3168405392562,4.79667437465565,0.5589417,1.0103711,-0.38759398,57.77255,75.37373,-4.036101,WAL
1814017289000,26.499901,-1.30837325303424,-5.14637488326446,4.32943185832349,0.3747658,0.9779953,-0.2941316,57.957542,75.04811,-3.8571625,WAL
1814022390000,26.505002,-2.06487315639166,-4.16165205421577,3.86015256375541,0.17379116,0.93370754,-0.1591304,58.139725,74.750496,-3.821799,WAL
1814027359000,26.509971,-2.80789813291024,-3.86444188340888,3.42392506988012,-0.04428773,0.8527679,0.008552114,58.288788,74.50284,-3.8176334,WAL
1814032308000,26.51492,-3.53346012210797,-3.73216039935733,2.99473404948586,-0.24984388,0.72082096,0.20616703,58.431755,74.313675,-3.949802,WAL
1814037322000,26.519934,-4.22187478673126,-4.12621841286336,2.57693751721376,-0.47342056,0.5170974,0.4147775,58.51768,74.17477,-4.1205845,WAL
1814042312000,26.524924,-4.83814463505232,-4.68788345865938,2.18176578828132,-0.73731434,0.25473082,0.6075055,58.588837,74.12118,-4.4281926,WAL
1814047309000,26.529921,-5.20358989167531,-5.86994154572452,1.86143707704346,-1.0497719,-0.04062254,0.7834347,58.578484,74.11679,-4.7721624,WAL
1814052326000,26.534938,-5.53925124858402,-7.12158243234739,1.53925621441158,-1.3649784,-0.3640757,0.9114109,58.53949,74.21556,-5.228825,WAL
1814057351000,26.539963,-5.57963181969792,-8.98918055223411,1.2111646934078,-1.6789632,-0.81245077,0.9755518,58.37367,74.36442,-5.6862683,WAL
1814062307000,26.544919,-5.72961597178841,-10.8535058261965,0.821386055566751,-1.9037615,-1.3432927,1.0329732,58.149994,74.613945,-6.192418,WAL
1814067295000,26.549907,-6.36243751491744,-12.8277305393227,0.139543165994962,-2.0405953,-1.8570304,1.1096367,57.799103,74.874245,-6.689527,WAL
1814072347000,26.554959,-7.00528467039915,-14.7925816015966,-0.553550618199042,-2.0815234,-2.268448,1.180497,57.395008,75.23258,-7.1424274,WAL
1814077379000,26.559991,-7.68236198914316,-16.0800553565726,-1.29218081778606,-1.9749273,-2.468812,1.207986,56.907703,75.535446,-7.5777373,WAL
1814082306000,26.564918,-8.15433454198473,-17.2292741346287,-1.88310189764053,-1.7476854,-2.454762,1.2202033,56.484306,75.88059,-8.06327,WAL
1814087323000,26.569935,-7.64943121210469,-17.8246791807277,-1.80212676163379,-1.3713925,-2.1429152,1.1777482,56.09271,76.10659,-8.530708,WAL
1814092300000,26.574912,-6.97150522378475,-18.2961459150747,-1.54911413356346,-0.9428705,-1.6154331,0.9981538,55.8496,76.29992,-9.017473,WAL
1814097298000,26.57991,-5.23779511735389,-18.0607596835635,-0.268069966039342,-0.50915617,-1.1621711,0.7452556,55.676537,76.37938,-9.462321,WAL
1814102518000,26.58513,-3.45900018229102,-17.7186459532508,1.03925847721362,-0.18387043,-0.97066486,0.50793445,55.615417,76.445206,-9.758295,WAL
1814107320000,26.589932,-2.21557297832817,-16.2189397260062,1.86504607770898,-0.026572637,-0.97494096,0.39706242,55.629936,76.46179,-10.019615,WAL
1814112274000,26.594886,-1.00493289143607,-14.6694561547435,2.63421275488927,-0.03145956,-1.0238101,0.21197024,55.60767,76.53955,-9.958511,WAL
1814117289000,26.599901,-0.549735619995261,-13.0762661105441,2.52916726600747,-0.12217305,-1.0528263,0.073303826,55.590652,76.613106,-9.88492,WAL
1814122369000,26.604981,-0.0886384836205232,-11.4624265443361,2.42276027029071,-0.28985557,-1.0684034,0.073303826,55.5170463207921,76.6792315049505,-9.77333603960396,WAL
1814127389000,26.610001,0.0205937791185734,-9.79501308999896,1.96596695165294,-0.47219884,-1.1374311,-0.027183503,55.44431,76.744576,-9.66307,WAL
1814132631000,26.615243,0.0926228738373437,-8.07265906842605,1.43542081792152,-0.66645396,-1.2837334,-0.009468411,55.27139,76.86166,-9.439712,WAL
1814137310000,26.619922,0.0269249061093575,-7.06013743077188,0.612263939594653,-0.8622363,-1.486846,0.03268129,55.038113,77.049545,-9.18046,WAL
1814142316000,26.624928,-0.0433644776150065,-5.97685396890039,-0.268420679534282,-1.0818423,-1.6459764,0.11453723,54.782043,77.263466,-8.968368,WAL
1814147307000,26.629919,-0.421664958903514,-5.06801717630806,-1.39823364035679,-1.3191634,-1.7464638,0.21960606,54.483784,77.500206,-8.773285,WAL
1814152276000,26.634888,-0.954839875073425,-4.2501371810508,-2.65093589104754,-1.5534303,-1.765706,0.34269542,54.162575,77.75284,-8.607853,WAL
1814157323000,26.639935,-1.56342518112,-3.74307556128,-3.3886420368,-1.7208074,-1.8319849,0.46120325,53.830757,78.06095,-8.5251875,WAL
1814162267000,26.644879,-2.17421084688,-3.31694607072,-3.9946928832,-1.8668042,-2.0033326,0.56505036,53.46765,78.375916,-8.471918,WAL
1814167302000,26.649914,-2.51866982520115,-3.07119374011494,-4.4211465158046,-2.0299053,-2.2492058,0.6658431,53.17784,78.72632,-8.525485,WAL
1814172388000,26.655,-2.80326431138889,-2.86591245222222,-4.80838159722222,-2.160325,-2.5066855,0.7501425,52.84743,79.04619,-8.60188,WAL
1814177329000,26.659941,-2.97698270836887,-2.7451696348403,-5.18497088076959,-2.2348504,-2.7253752,0.8228355,52.380512,79.31108,-8.839145,WAL
1814182271000,26.664883,-3.11603928139513,-2.65097013115345,-5.56176945758696,-2.2602015,-2.8747318,0.9007208,51.867676,79.50159,-9.102586,WAL
1814187324000,26.669936,-3.18583868605021,-2.67813104420083,-5.95606180209724,-2.2146919,-2.9492574,0.97219205,51.32883,79.59008,-9.441126,WAL
1814192322000,26.674934,-3.21118814394662,-2.77952887578646,-6.35151350409914,-2.1157317,-2.905275,1.0528263,50.789413,79.564186,-9.811334,WAL
1814197309000,26.679921,-3.13214215228262,-3.19149628244762,-6.61538933139994,-1.9703459,-2.7345383,1.1255192,50.30073,79.41721,-10.235747,WAL
1814202312000,26.684924,-3.01574312101427,-3.71529215104768,-6.83363757200121,-1.8115209,-2.6117544,1.1664472,49.820892,79.15951,-10.68012,WAL
1814207320000,26.689932,-2.77361811392481,-4.41794283588621,-7.12550032444798,-1.5949692,-2.300213,1.1930199,49.48936,78.80141,-11.15288,WAL
1814212311000,26.694923,-2.49312550246668,-5.17384671378556,-7.43927159747364,-1.4792101,-1.8811595,1.2522738,49.23752,78.34925,-11.649463,WAL
1814217305000,26.699917,-2.29211279384719,-6.11694412689576,-7.30435111417739,-1.2253957,-1.4306464,1.3161092,49.146996,102.12975,-12.115403,WAL
1814222418000,26.70503,-2.11350688934536,-7.14627789587253,-7.01294167166443,-0.9639453,-1.0125091,1.3494014,49.183674,102.65572,-12.585268,WAL
1814227385000,26.709997,-1.98870065142884,-8.26434357218214,-6.41044247369999,-0.77640975,-0.6426302,1.3723087,49.473534,103.11631,-12.959204,WAL
1814232302000,26.714914,-1.88722492946688,-9.4246966492645,-5.66922842646866,-0.6432411,-0.34208453,1.3946054,49.875805,103.59908,-13.334801,WAL
1814237306000,26.719918,-1.83605485087348,-10.8243365722605,-4.69864824404447,-0.58368176,-0.124005646,1.3836098,50.397438,103.97779,-13.611599,WAL
1814242315000,26.724927,-1.83097595291689,-12.419111750397,-3.53557965738486,-0.61575216,0.009773844,1.3139712,50.9822,104.35671,-13.875773,WAL
1814247312000,26.729924,-1.55058303284829,-13.5372679298004,-2.86767686152787,-0.72173727,0.12644911,1.2492194,51.502384,104.66527,-14.088523,WAL
1814252301000,26.734913,-1.11840925236948,-14.3922204645561,-2.47308335753613,-0.8017606,0.301462,1.1890492,52.075336,104.96406,-14.280812,WAL
1814257279000,26.739891,-0.514538898368098,-14.7232300380368,-2.38247441889571,-0.893085,0.5225952,1.1255192,52.52761,105.16573,-14.41402,WAL
1814262266000,26.744878,0.203319140738241,-14.7134630648262,-2.48990903354806,-0.9828822,0.80664754,1.0125091,53.043648,105.3496,-14.51293,WAL
1814267305000,26.749917,0.778477285684952,-14.4221350144827,-2.49732648477334,-1.1355985,1.1221595,0.829555,53.500668,105.455864,-14.52156,WAL
1814272274000,26.754886,1.26468669980359,-13.9831304447971,-2.45012172413451,-1.3222178,1.3439035,0.6105598,54.00586,105.54262,-14.487084,WAL
1814277267000,26.759879,1.48181815966927,-13.4502224014259,-2.01279563806317,-1.5329664,1.3267993,0.3659083,54.486572,105.55686,-14.332236,WAL
1814282279000,26.764891,1.53885222830973,-12.8608699617784,-1.34264483525102,-1.7098118,1.0412198,0.11728613,54.941135,105.546875,-14.123652,WAL
1814287271000,26.769883,1.54080125380957,-12.2447733375607,-0.646043077356584,-1.8261817,0.53878313,-0.09560041,55.266895,105.50708,-13.845758,WAL
1814292273000,26.774885,1.50757797278312,-11.6087853672843,0.0706300124799366,-1.863139,-0.04520403,-0.28802297,55.471764,105.444405,-13.525946,WAL
1814297279000,26.779891,1.42592352673872,-10.9628522639848,0.556750480630441,-1.8487836,-0.6563747,-0.4474588,55.441566,105.33293,-13.197472,WAL
1814302201000,26.784813,1.31271540879616,-10.3213392836986,0.877506891966376,-1.7568485,-0.94806284,-0.514654,55.32892,105.20765,-12.86122,WAL
1814307231000,26.789843,0.927994807573031,-9.85398814454665,0.899327289319721,-1.6835446,-1.4556919,-0.6374379,54.902233,105.00763,-12.53241,WAL
1814312227000,26.794839,0.352472570641868,-9.52511873061761,0.701038119834226,-1.5283848,-1.8555032,-0.73761976,54.422367,104.778206,-12.20674,WAL
1814317213000,26.799825,-0.642939205356648,-9.22937809857341,0.394258171855558,-1.3765849,-2.1071796,-0.82619524,53.810635,104.52263,-11.914832,WAL
1814322271000,26.804883,-1.93382708800178,-8.95104528799287,0.0103509960342777,-1.2431108,-2.1771238,-0.8564331,53.138798,104.23587,-11.622751,WAL
1814327228000,26.80984,-2.66014493738715,-8.65076583908656,-0.26278493543282,-1.1212431,-2.1203132,-0.8396343,52.472054,103.998764,-11.3969345,WAL
1814332224000,26.814836,-3.01587521648079,-8.32891430359355,-0.466059404634449,-1.0118983,-1.9764545,-0.77549344,51.81762,103.74389,-11.174537,WAL
1814337278000,26.81989,-3.30491815281429,-7.98321874115268,-0.686486318800135,-0.95630956,-1.7935003,-0.64660084,51.228546,103.68727,-11.141027,WAL
1814342230000,26.824842,-3.44877361372879,-7.60493234007415,-0.931573411072913,-0.9068295,-1.6255124,-0.4810564,50.69056,103.63225,-11.126199,WAL
1814347227000,26.829839,-3.48567040236949,-7.36389429744539,-1.23490464398371,-0.8970556,-1.4651603,-0.2510656,50.23786,103.70041,-11.217347,WAL
1814352283000,26.834895,-3.4318899868197,-7.23840670796002,-1.58895928034061,-0.9080512,-1.2852604,-0.0106901415,49.85603,103.7994,-11.344975,WAL
1814357330000,26.839942,-3.23961638465505,-7.1854722947097,-1.88852222516242,-0.91507614,-1.0711522,0.21777347,49.565376,103.9949,-11.55137,WAL
1814362312000,26.844924,-2.84599656400949,-7.23959494041456,-2.10501316761885,-0.92057395,-0.81092364,0.37110063,49.35629,104.22378,-11.787914,WAL
1814367296000,26.849908,-2.36637227367589,-7.33397920474308,-2.18053671162055,-0.8894198,-0.6062838,0.48655418,49.22678,104.53328,-12.073824,WAL
1814372405000,26.855017,-1.77169507341897,-7.47902230118577,-2.08867598290514,-0.8368854,-0.47891834,0.57757306,49.164433,104.86316,-12.381162,WAL
1814377317000,26.859929,-1.25254422849488,-7.6739159779301,-1.96876417580614,-0.7602218,-0.44593164,0.6404922,49.133793,105.18898,-12.665285,WAL
1814382308000,26.86492,-0.791086019945936,-7.94156165360108,-1.80725381606488,-0.7067711,-0.49449542,0.6704246,49.126137,105.51699,-12.957254,WAL
1814387301000,26.869913,-0.407526289725959,-8.17592624723468,-1.7359873247135,-0.6582073,-0.6105598,0.66614854,49.06317,105.771126,-13.18185,WAL
1814392319000,26.874931,-0.158504501873443,-8.35311490254111,-1.82218716377678,-0.6209445,-0.7415904,0.6301075,48.98661,106.01214,-13.4030905,WAL
1814397235000,26.879847,0.0854554640657698,-8.52670187533632,-1.90663483393124,-0.623388,-0.8081747,0.573297,48.835804,106.17503,-13.546904,WAL
1814402295000,26.884907,0.336561531529646,-8.70537357638266,-1.99355615430992,-0.6401868,-0.904386,0.539394,48.640934,106.32564,-13.68927,WAL
1814407245000,26.889857,0.518579930761961,-8.80123658496541,-2.09852628102894,-0.6600399,-0.93492925,0.45814893,48.433784,106.45255,-13.803878,WAL
1814412311000,26.894923,0.580034602853941,-8.74450928115561,-2.24507214083601,-0.7067711,-0.9300423,0.3747658,48.21089,106.57189,-13.906271,WAL
1814417284000,26.899896,0.568471248282777,-8.69678789035574,-2.35200423611811,-0.77579886,-0.89827734,0.31215215,47.966316,106.63481,-13.91685,WAL
1814422453000,26.905065,0.378902009792401,-8.66685608298902,-2.37195887854479,-0.86529064,-0.8582657,0.26053402,47.724094,106.687225,-13.904184,WAL
1814427339000,26.909951,0.161262392143885,-8.61836872374101,-2.33744369640288,-0.97585726,-0.80848014,0.21197024,47.502155,106.75334,-13.868825,WAL
1814432347000,26.914959,-0.142373358823981,-8.52635795270983,-2.19022627059952,-1.0931433,-0.7641924,0.17470746,47.28964,106.823296,-13.819674,WAL
1814437290000,26.919902,-0.463784389179628,-8.45521989326014,-2.02201169451052,-1.2119566,-0.7464773,0.15424347,47.08549,106.93151,-13.787921,WAL
1814442354000,26.924966,-0.868048878450747,-8.4502897389448,-1.77057892086002,-1.3219124,-0.76052725,0.14660765,46.88499,107.05053,-13.748765,WAL
1814447300000,26.929912,-1.24111979113912,-8.44795470363548,-1.54495477569559,-1.4077389,-0.79779,0.15790866,46.672386,107.20988,-13.758087,WAL
1814452344000,26.934956,-1.55956557956374,-8.4526378241396,-1.37168283781871,-1.4639386,-0.8384125,0.18570304,46.457558,107.3816,-13.770485,WAL
1814457329000,26.939941,-1.85369922209776,-8.45830651466395,-1.20959558004073,-1.5070046,-0.8863655,0.2302962,46.214783,107.58185,-13.850329,WAL
1814462343000,26.944955,-2.06885164704684,-8.46808585702648,-1.08246004460285,-1.5155567,-0.9263771,0.28313604,45.969963,107.78683,-13.938987,WAL
1814467292000,26.949904,-2.27151212753291,-8.4819793360312,-0.974484686460263,-1.5118915,-0.9428705,0.33964106,45.703243,108.027145,-14.079392,WAL
1814472383000,26.954995,-2.44742186506095,-8.5105053185763,-0.922187209000488,-1.4844025,-0.9767735,0.4071417,45.430744,108.26971,-14.235358,WAL
1814477377000,26.959989,-2.61997995369088,-8.53848778898099,-0.870886167469527,-1.4538593,-0.9960158,0.47739118,45.145847,108.53381,-14.43124,WAL
1814482303000,26.964915,-2.79018843278401,-8.56608924056558,-0.820283658342272,-1.4236214,-1.001819,0.55771995,44.8678,108.80013,-14.642514,WAL
1814487309000,26.969921,-2.95462766211192,-8.61316671583943,-0.761805957405576,-1.3530666,-1.0235047,0.6267477,44.575054,109.06814,-14.869191,WAL
1814492314000,26.974926,-3.06362848601938,-8.78377664514534,-0.657544295451849,-1.2880094,-1.0482447,0.6914995,44.29279,109.33824,-15.109182,WAL
1814497288000,26.9799,-3.1658188852924,-8.9550613550195,-0.557071462148148,-1.219287,-1.0729848,0.74128497,43.996876,109.63341,-15.405066,WAL
1814502296000,26.984908,-3.21723859850877,-9.14204255190058,-0.482279022444444,-1.1472049,-1.112691,0.75869465,43.700855,109.913216,-15.701401,WAL
1814507384000,26.989996,-3.26392513991605,-9.33377307980212,-0.401560684875075,-1.104139,-1.1426234,0.7870999,43.379623,110.19386,-16.015638,WAL
1814512310000,26.994922,-3.24035162562463,-9.54122015325805,-0.264834213369978,-1.0183123,-1.17897,0.8078693,43.05487,110.44747,-16.32377,WAL
1814517445000,27.000057,-3.20965714699417,-9.76522680636529,-0.134463387852432,-0.915687,-1.2318097,0.8188649,42.689594,110.688896,-16.633413,WAL
1814522424000,27.005036,-3.11395403822995,-10.0660078013954,-0.139020674213897,-0.80664754,-1.2996159,0.81306165,42.31869,110.90746,-16.935574,WAL
1814527714000,27.010326,-3.00571062837715,-10.3832644496827,-0.15203940344515,-0.70066243,-1.3548992,0.79229224,41.899456,111.08228,-17.2203,WAL
1814532327000,27.014939,-2.78542239665458,-10.6155681035358,-0.320259537325476,-0.5992588,-1.3884968,0.7669413,41.475033,111.23175,-17.49316,WAL
1814537269000,27.019881,-2.54942316813237,-10.8644396962829,-0.500477161786038,-0.48655418,-1.3805555,0.7290677,41.02167,111.325775,-17.727497,WAL
1814542344000,27.024956,-2.14074715720455,-11.0819464946996,-0.851897781900275,-0.35430184,-1.3182472,0.7067711,40.583992,111.39495,-17.94588,WAL
1814547294000,27.029906,-1.6894020953671,-11.2820279434629,-1.24740637730664,-0.22602014,-1.1927143,0.68661255,40.17493,111.43647,-18.138802,WAL
1814552349000,27.034961,-1.09891777323262,-11.4768807172196,-1.73579534249605,-0.1020145,-1.0195341,0.64843345,39.789135,111.42958,-18.2709,WAL
1814557328000,27.03994,-0.468041848479463,-11.6652017567141,-2.24897056840442,0.01160644,-0.8072584,0.6389651,39.461315,111.40719,-18.387283,WAL
1814562342000,27.044954,0.230405941258324,-11.6651812006759,-2.75479170756386,0.086132,-0.5656612,0.6178902,39.18973,111.34682,-18.427961,WAL
1814567332000,27.049944,0.952383553125932,-11.5844335672398,-3.253526162787,0.13958271,-0.32375857,0.5873469,38.984875,111.26967,-18.447453,WAL
1814572408000,27.05502,1.6299075350456,-11.4003134778279,-3.47996200861726,0.124311075,-0.11148291,0.552833,38.84006,111.1658,-18.3815,WAL
1814577455000,27.060067,2.27848396560436,-11.1722979647762,-3.58130210730685,0.044898596,0.027183503,0.46975538,38.740856,111.045006,-18.284407,WAL
1814582339000,27.064951,2.55178868197686,-11.2293292564127,-3.18933893761813,-0.08368854,0.06414085,0.32711834,38.667366,110.888374,-18.094084,WAL
1814587363000,27.069975,2.74201704008679,-11.3592415634523,-2.66041100643202,-0.27855456,-0.019547688,0.13805555,38.589355,110.72212,-17.86834,WAL
1814592312000,27.074924,2.55491667833849,-11.5976589304877,-1.94895224587813,-0.45081854,-0.21685717,-0.046120327,38.44831,110.494316,-17.55296,WAL
1814597339000,27.079951,2.20922336954224,-11.8857365624813,-1.14713564876234,-0.56016344,-0.3200934,-0.16584991,38.299553,110.26,-17.206003,WAL
1814602342000,27.084954,1.69788002267608,-12.0109122605947,-0.59388880067964,-0.5891795,-0.49357912,-0.18967366,37.966705,109.94468,-16.818317,WAL
1814607349000,27.089961,1.11524815648523,-12.0677545458856,-0.143888615297837,-0.58123827,-0.58123827,-0.18784106,37.62177,109.62456,-16.41175,WAL
1814612340000,27.094952,0.648085820576091,-12.1721043865513,-0.0223414897267008,-0.4877759,-0.5412266,-0.15760323,37.142174,109.26856,-16.050892,WAL
1814617338000,27.09995,0.233997201620134,-12.2991544113252,-0.0552803586511994,-0.36896262,-0.408058,-0.11056661,36.669422,108.91756,-15.700458,WAL
1814622402000,27.105014,-0.00299287457716487,-12.4973911790712,-0.165777227448793,-0.23335053,-0.25442538,-0.073303826,36.1911,108.59132,-15.427142,WAL
1814627412000,27.110024,-0.139216202086798,-12.7309170227134,-0.316595911295883,-0.09162979,-0.108123146,-0.06352998,35.758545,108.255936,-15.1557045,WAL
1814632339000,27.114951,-0.100180008231523,-13.240347009144,-0.288197065887066,0.03023783,0.008246681,-0.070249505,35.378185,107.970856,-14.94652,WAL
1814637345000,27.119957,0.0218430274683258,-13.8911359753959,-0.175212773747172,0.17562376,0.10262536,-0.09590584,35.041092,107.6642,-14.730842,WAL
1814642344000,27.124956,0.131561548109455,-14.4167752588346,-0.0228463716637131,0.33841935,0.15760323,-0.15393804,34.746956,107.35301,-14.515147,WAL
1814647345000,27.129957,0.231412717310539,-14.8411429257792,0.161878280879808,0.5174029,0.1863139,-0.23426682,34.476242,107.01351,-14.286064,WAL
1814652341000,27.134953,0.348772899229401,-15.2092859970362,0.202969262335507,0.6942484,0.20922135,-0.31520647,34.14094,106.606384,-14.020972,WAL
1814657348000,27.13996,0.47668033023118,-15.5456355008892,0.160333455299348,0.8793405,0.2275473,-0.4007276,33.817955,106.16412,-13.7362995,WAL
1814662340000,27.144952,0.590119425803571,-15.8011412803571,0.0572043183928572,1.0473285,0.25870144,-0.49449542,33.468452,105.65362,-13.405232,WAL
1814667347000,27.149959,0.694774517857143,-16.0056941190476,-0.0855072023809524,1.2073752,0.31948254,-0.58123827,33.140976,105.117096,-13.057796,WAL
1814672415000,27.155027,0.760126904472293,-16.026574866262,-0.203273206551792,1.3683381,0.37415496,-0.68661255,32.7982,104.53186,-12.668903,WAL
1814677432000,27.160044,0.797759051116115,-15.9230865931565,-0.302057582896025,1.5238034,0.42730024,-0.81122905,32.479973,103.9212,-12.257338,WAL
1814682338000,27.16495,0.904289305068871,-15.5663012448347,-0.355080551721763,1.6728544,0.47647488,-0.93859446,32.182827,103.27676,-11.807361,WAL
1814687349000,27.169961,1.06954198813066,-14.994999175915,-0.373966568980716,1.8286251,0.5002986,-1.063211,31.898897,102.6052,-11.3333435,WAL
1814692313000,27.174925,1.1639551101671,-14.3240743909805,-0.419918007203543,2.0118847,0.47616947,-1.1658363,31.617397,101.920685,-10.848208,WAL
1814697341000,27.179953,1.19303840040266,-13.5436735204349,-0.492626177116972,2.2247713,0.4569272,-1.2556335,31.348288,101.21344,-10.341951,WAL
1814702339000,27.184951,0.977038552364498,-12.8981251430546,-0.626567500641722,2.3341162,0.37690386,-1.2916746,31.059418,100.51013,-9.827392,WAL
1814707349000,27.189961,0.541246079010761,-12.3675948804423,-0.816042475723171,2.591596,0.33567044,-1.3524556,30.779345,99.77367,-9.289645,WAL
1814712340000,27.194952,-0.0252189258412698,-12.0573511373016,-0.888317240793651,2.8542678,0.32925636,-1.4245378,30.50923,99.06915,-8.760538,WAL
1814717345000,27.199957,-0.724226083896825,-11.962248441121,-0.845520866140873,3.1181617,0.37507126,-1.5387696,30.245266,98.36447,-8.209601,WAL
1814722415000,27.205027,-1.39416930338649,-11.9348196097165,-0.816514683909234,3.3402112,0.44837508,-1.6701056,30.043957,97.76117,-7.715136,WAL
1814727445000,27.210057,-2.02014067156921,-11.9774995905198,-0.802288078110849,3.4550538,0.5140431,-1.8005253,29.856262,97.19558,-7.1952715,WAL
1814732314000,27.214926,-2.59672505717102,-12.0315704140956,-0.847927355632331,3.4550538,0.5900958,-1.8723019,29.746826,83.20043,-6.763038,WAL
1814737342000,27.219954,-3.15679965194677,-12.1027662993593,-0.966587228834894,3.3762522,0.67164636,-1.8924606,29.660627,83.51673,-6.3174505,WAL
1814742287000,27.224899,-3.72847192991214,-12.2069100503195,-1.26455154341054,3.2510247,0.74464476,-1.8820758,29.662874,83.64081,-5.9698963,WAL
1814747345000,27.229957,-4.34267083891773,-12.3616688925719,-1.82555206882987,3.0836477,0.81061816,-1.8096883,29.686882,83.67033,-5.644583,WAL
1814752274000,27.234886,-4.98574990749579,-12.6148472535895,-2.29079141684325,2.9055805,0.88453287,-1.7241671,29.793865,83.57047,-5.4192986,WAL
1814757350000,27.239962,-5.71259345046044,-13.023997783741,-2.65180639832657,2.7247643,0.9816604,-1.6667458,29.923677,83.43619,-5.2155967,WAL
1814762241000,27.244853,-6.37401619259403,-13.3672597095928,-2.82425148262222,2.5286767,0.9578367,-1.6181821,30.117376,83.24564,-5.137137,WAL
1814767342000,27.249954,-7.00074074874138,-13.6426383522208,-2.71979734035378,2.3667974,0.79351395,-1.5867225,30.292574,83.06398,-5.0716043,WAL
1814772367000,27.254979,-7.51116963243636,-13.8025534145455,-2.56735736116364,2.2653937,0.5384777,-1.57084,30.513727,82.83663,-5.126455,WAL
1814777447000,27.260059,-7.82518447534545,-13.7539031781818,-2.31968376225455,2.1591032,0.21380283,-1.5607607,30.660444,82.642975,-5.1782565,WAL
1814782316000,27.264928,-8.08960546338754,-13.6590652324008,-2.22767407035653,2.0616703,-0.089491755,-1.5580118,30.800648,82.3907,-5.3141985,WAL
1814787351000,27.269963,-8.1383067945662,-13.2645843481467,-3.02637641022119,1.9404135,-0.14630222,-1.5870279,30.912397,82.18044,-5.431097,WAL
1814792325000,27.274937,-8.08181473686924,-12.8030836799841,-3.67708554938039,1.7464638,-0.03970624,-1.6581937,31.046642,81.95218,-5.5643506,WAL
1814797341000,27.279953,-7.48176558005353,-11.9649198762764,-3.61517576704669,1.4315627,0.34300083,-1.7305813,31.23681,81.79186,-5.684153,WAL
1814802318000,27.28493,-6.83403414408252,-11.1601513713355,-3.42874645950054,1.2928963,0.58184916,-1.7131716,31.437029,81.67165,-5.8220563,WAL
1814807346000,27.289958,-5.86443141799428,-10.5089963378739,-2.48766139204422,1.1808025,0.5549711,-1.5833627,31.661304,81.606186,-5.965972,WAL
1814812283000,27.294895,-4.90606461429381,-9.90349645581571,-1.65792591961858,1.2425,0.35918877,-1.3991868,31.885878,81.55062,-6.0468426,WAL
1814817333000,27.299945,-3.87415289695997,-9.56104809856495,-1.58030419662009,1.3451253,0.34513888,-1.2822062,32.14795,81.49729,-6.1484704,WAL
1814822632000,27.305244,-2.80804428983616,-9.23087429241877,-1.47127776859761,1.430341,0.5531385,-1.1771374,32.358093,81.41794,-6.1497855,WAL
1814827378000,27.30999,-2.09700957925576,-9.36130076895307,-0.970608403121355,1.4773777,0.7602218,-1.0641272,32.557945,81.30186,-6.1890864,WAL
1814832282000,27.314894,-1.36230367519208,-9.49606929843562,-0.453271157378506,1.50731,0.8454375,-1.0384709,32.73763,81.248245,-6.074121,WAL
1814837354000,27.319966,-0.858810128773018,-9.6610763142514,-0.323424259129303,1.5125023,0.9443977,-1.0760391,32.975407,81.17776,-5.985424,WAL
1814842251000,27.324863,-0.422313024607686,-9.82534929623699,-0.276489092013611,1.5598444,1.0958922,-1.1304061,33.248547,81.08887,-5.9089665,WAL
1814847344000,27.329956,-0.181496328789287,-10.01382043718,-0.10886404639228,1.6740762,1.2574661,-1.1734722,33.50713,81.00945,-5.6915717,WAL
1814852266000,27.334878,0.00879696900354472,-10.1994723064199,0.0767879585466719,1.7611245,1.3368785,-1.2092078,33.78111,80.92154,-5.4713426,WAL
1814857315000,27.339927,0.268605482430879,-10.3909890608494,0.309455839860695,1.7406605,1.3222178,-1.2391402,34.073627,80.838715,-5.172162,WAL
1814862274000,27.344886,0.539669789683661,-10.5793562225017,0.548359975261681,1.6328428,1.2641857,-1.2599095,34.370888,80.74291,-4.8765354,WAL
1814867271000,27.349883,0.742433699172414,-10.6722616068966,0.777438590896552,1.4883732,1.1771374,-1.2644911,34.653503,80.63213,-4.5465403,WAL
1814872336000,27.354948,0.921818159032484,-10.7304400041979,1.00530535225587,1.4126259,1.0577132,-1.2669345,34.904907,80.515045,-4.2183237,WAL
1814877387000,27.359999,0.997536861862807,-10.4840175286344,0.457438710534928,1.3439035,1.1187997,-1.2030991,35.164543,80.38639,-3.8757024,WAL
1814882257000,27.364869,1.03667181204112,-10.1464786152717,-0.325259843524229,1.3338243,1.3139712,-1.1258247,35.42205,80.24295,-3.549036,WAL
1814887293000,27.369905,0.793776297457126,-9.81474287226493,-1.15311892106446,1.3545936,1.5280794,-1.0528263,35.700752,80.05956,-3.2175694,WAL
1814892302000,27.374914,0.491184661216243,-9.48851162931204,-1.98051788336684,1.3628404,1.6340646,-0.98746365,35.994286,79.8629,-2.9217153,WAL
1814897307000,27.379919,0.137775485303045,-9.10374429143934,-2.70110601107033,1.3729197,1.8524488,-0.9578367,36.438103,79.70147,-2.64028,WAL
1814902290000,27.384902,-0.22672551260986,-8.70610672413451,-3.39223768142049,1.3704761,2.0576997,-0.9184359,36.89921,79.52871,-2.3942506,WAL
1814907313000,27.389925,-0.586208113903743,-8.31699580659537,-3.77094860383244,1.3845261,2.218357,-0.8622363,37.47175,79.40574,-2.228515,WAL
1814912305000,27.394917,-0.941284001818182,-7.9335140050505,-4.05974361464646,1.3839152,2.3096814,-0.8167268,38.076042,79.28704,-2.085046,WAL
1814917309000,27.399921,-1.18983112774614,-7.57720257457752,-4.19836627115173,1.3625349,2.3765712,-0.77854776,38.755936,79.231804,-2.0430315,WAL
1814922418000,27.40503,-1.41002466388685,-7.22219652094048,-4.29273510378398,1.3509285,2.413834,-0.7425067,39.44645,79.177734,-2.021908,WAL
1814927401000,27.410013,-1.58758601135466,-6.87245322008103,-4.28342454849366,1.3121386,2.42147,-0.7101309,40.206776,79.13651,-2.0894268,WAL
1814932311000,27.414923,-1.73901819512778,-6.5256247655828,-4.21015108724288,1.289842,2.42147,-0.6737844,40.969505,79.09958,-2.1746821,WAL
1814937346000,27.419958,-1.91973810716469,-6.07549033303401,-3.81071303840275,1.2556335,2.4196372,-0.6603453,41.765617,79.07076,-2.3153982,WAL
1814942350000,27.424962,-2.11201346096676,-5.58106802883072,-3.25219866278181,1.2318097,2.4318545,-0.6374379,42.5598,79.05044,-2.473845,WAL
1814947343000,27.429955,-2.13477553649804,-5.13933557498743,-2.52241987285528,1.1914927,2.4425447,-0.64660084,43.37885,79.01534,-2.6671925,WAL
1814952346000,27.434958,-2.03358189886352,-4.73456107476617,-1.66468367510812,1.1820242,2.4226916,-0.6533204,44.18739,78.98491,-2.8698983,WAL
1814957667000,27.440279,-1.95432539580558,-4.45740019258892,-1.02410770154457,1.1184943,2.3612995,-0.6420194,45.00558,78.88576,-3.1089108,WAL
1814962349000,27.444961,-1.90031829027916,-4.29855572944594,-0.611112127228284,0.9841039,2.273335,-0.6160576,45.80313,78.81884,-3.3490872,WAL
1814967517000,27.450129,-1.84070515030466,-4.12322292604506,-0.155246871340513,0.81245077,2.1951442,-0.60048056,46.567898,78.67347,-3.5457833,WAL
1814972407000,27.455019,-1.74856591805665,-3.99770076390637,0.303008742004327,0.66156703,2.1239784,-0.58093286,47.298603,78.56849,-3.747285,WAL
1814977278000,27.45989,-1.64763456323761,-3.88300619930173,0.766375316670928,0.5186246,2.0497584,-0.550695,47.99699,78.51514,-3.9519377,WAL
1814982304000,27.464916,-1.59176284263812,-3.80831589699358,1.17036289395803,0.39370266,1.9630154,-0.51159966,48.664993,78.41931,-4.108352,WAL
1814987336000,27.469948,-1.55461383864668,-3.7505285382955,1.54598039793062,0.26847526,1.8484782,-0.47861293,49.295986,78.36589,-4.2669544,WAL
1814992292000,27.474904,-1.55301998621849,-3.73505120369748,1.83094056268908,0.12034045,1.7962493,-0.43279803,49.89997,78.29316,-4.391742,WAL
1814997287000,27.479899,-1.6066179552461,-3.78482075207683,1.98407754852341,0.039095376,1.6856827,-0.41416663,50.449306,78.23886,-4.5099216,WAL
1815002233000,27.484845,-1.65969013839136,-3.83410207065226,2.13571228965186,-0.10720685,1.5766432,-0.39767328,50.969105,78.185005,-4.6034036,WAL
1815007243000,27.489855,-1.69400591370043,-3.95876318891186,1.93759807190378,-0.24404067,1.4908166,-0.36896262,51.458298,78.14772,-4.7018394,WAL
1815012215000,27.494827,-1.72532624326254,-4.09299312602894,1.69150953459876,-0.38728857,1.4031575,-0.3378085,51.91117,78.148834,-4.800134,WAL
1815017273000,27.499885,-1.72020763056555,-4.13137330015637,1.54700593410998,-0.50426924,1.3261884,-0.30268374,52.33529,78.150925,-4.906565,WAL
1815022226000,27.504838,-1.70290050349752,-4.13631816778733,1.44069067334376,-0.600786,1.2409728,-0.2742785,52.72751,78.18085,-5.0146284,WAL
1815027226000,27.509838,-1.68542914566588,-4.14130995824863,1.3333665659682,-0.68661255,1.1606439,-0.24801129,53.132866,78.25368,-5.138278,WAL
1815032183000,27.514795,-1.6681080415116,-4.14625881931196,1.22696544591608,-0.77640975,1.0781772,-0.23090707,53.50931,78.347694,-5.2613707,WAL
1815037252000,27.519864,-1.62744588987254,-4.18567582620294,0.840042382936469,-0.86834496,1.003957,-0.20097467,53.871975,78.45023,-5.3865685,WAL
1815042178000,27.52479,-1.58549565335441,-4.22762640341863,0.434523588920067,-0.93767816,0.9266826,-0.17867808,54.207157,78.56493,-5.5083904,WAL
1815047249000,27.529861,-1.60970045977809,-4.32574914145037,0.336672096778284,-0.999681,0.8503244,-0.16279559,54.544857,78.71332,-5.6258883,WAL
1815052204000,27.534816,-1.64260825728155,-4.42917350062413,0.284959814105409,-1.0604621,0.7602218,-0.1554652,54.85407,78.871704,-5.740754,WAL
1815057249000,27.539861,-1.75891544615843,-4.43122671913838,0.319099506126663,-1.1157454,0.6420194,-0.15057829,55.167248,79.0786,-5.863165,WAL
1815062178000,27.54479,-1.88543031146516,-4.41716957711932,0.365956838640064,-1.17897,0.5290093,-0.13652839,55.455246,79.29139,-5.984045,WAL
1815067234000,27.549846,-2.05954711957508,-4.48587523755674,0.523315369446644,-1.2269229,0.43310347,-0.12034045,55.755177,79.49396,-6.097982,WAL
1815072209000,27.554821,-2.23899082937711,-4.5686953189184,0.698157980166103,-1.2803736,0.31887165,-0.111177474,56.017273,79.70241,-6.205881,WAL
1815077251000,27.559863,-2.41675871761658,-4.7018559578279,0.962726446083511,-1.3371841,0.22174409,-0.093462385,56.256207,79.89909,-6.333159,WAL
1815082221000,27.564833,-2.5908400492228,-4.84692380990552,1.24802641042365,-1.4049901,0.12705997,-0.081855945,56.4632,80.0977,-6.4542866,WAL
1815087259000,27.569871,-2.72583393768116,-5.22694082123938,1.51385342368816,-1.4810427,0.08399397,-0.037873644,56.646736,80.2614,-6.6075497,WAL
1815092197000,27.574809,-2.84872716028986,-5.6523406126037,1.76909323928036,-1.575116,0.04795292,0.013133603,56.804173,80.42424,-6.759961,WAL
1815097330000,27.579942,-2.7345574282114,-6.44764417901072,2.12650502834305,-1.6016886,0.040927973,0.12339478,56.933067,80.51657,-6.9542284,WAL
1815102348000,27.58496,-2.56734963676886,-7.30627852864397,2.49707361660711,-1.6762142,0.040927973,0.23273966,57.05082,80.60773,-7.158319,WAL
1815107342000,27.589954,-2.13601164560603,-8.55646166883555,3.07150292009522,-1.7122552,0.10934488,0.36285394,57.17279,80.61831,-7.402734,WAL
1815112335000,27.594947,-1.59533155143821,-9.96981871900416,3.73075329376116,-1.6459764,0.21594086,0.5030475,57.300182,80.57993,-7.6763973,WAL
1815117335000,27.599947,-0.795130612193134,-11.804684107976,4.73927757911786,-1.5125023,0.3744604,0.62888575,57.44779,80.49492,-7.912323,WAL
1815122407000,27.605019,0.135075200450239,-13.8580639592544,5.92182649467251,-1.2834278,0.5143485,0.67011917,57.61601,80.36788,-8.157985,WAL
1815127395000,27.610007,1.19919634933509,-15.3458947616638,7.22219936360692,-0.9379836,0.61666846,0.63285637,57.805252,80.24219,-8.238927,WAL
1815132304000,27.614916,2.29826513071956,-16.6257631209392,8.54964562568566,-0.49480084,0.6252206,0.48380527,58.002438,80.09125,-8.298783,WAL
1815137305000,27.619917,3.39468257940298,-17.4198412556572,8.99625742715455,-0.037873644,0.45662177,0.33169982,58.057095,79.95361,-8.127325,WAL
1815142320000,27.624932,4.48611574208955,-18.0395523148772,9.13037451141069,0.35033122,0.3866777,0.11148291,58.14714,79.784134,-7.917216,WAL
1815147706000,27.630318,5.3241373873181,-18.4312101467689,9.00956280335628,0.6942484,0.5103779,-0.18997909,58.113827,79.567245,-7.4626713,WAL
1815152350000,27.634962,5.91912806974652,-18.6643358948521,8.80427362435456,0.91354895,0.6441574,-0.41325033,58.080566,79.26247,-7.0090785,WAL
1815157353000,27.639965,6.4249820661928,-18.7105520550866,8.54149288265216,1.0516045,0.75136423,-0.5335908,58.046886,78.95436,-6.398246,WAL
1815162345000,27.644957,5.93650122745446,-17.2504175584185,7.97336807696579,1.0910053,0.8191703,-0.5534439,58.05543,78.569084,-5.810335,WAL
1815167341000,27.649953,5.22307655447966,-15.5716677341549,7.38181641028952,1.039998,0.84604836,-0.5122105,58.072853,78.21484,-5.1645384,WAL
1815172380000,27.654992,4.01475032819836,-13.4051771857394,6.73517323092723,0.9306532,0.852157,-0.46028697,58.11182,77.817406,-4.565398,WAL
1815177295000,27.659907,2.82735197920008,-11.2702037298287,6.12105112774973,0.77091193,0.85918194,-0.4147775,58.187366,77.41642,-4.0685387,WAL
1815182344000,27.664956,1.58273684008514,-9.01553556588457,5.53703933095733,0.5864306,0.8576548,-0.36102137,58.25714,77.02724,-3.614946,WAL
1815187298000,27.66991,0.443550176107056,-6.96409279657421,4.96299952105109,0.38453966,0.86193085,-0.2996294,58.362923,76.660416,-3.3479152,WAL
1815192320000,27.674932,-0.45515419703163,-5.38667927301216,4.37790558259854,0.17867808,0.8518516,-0.25381452,58.453247,76.342804,-3.1005592,WAL
1815197302000,27.679914,-1.31390440618912,-4.00606204505559,3.80870165473777,0.06414085,0.7910705,-0.14263703,58.553814,76.044754,-3.0381339,WAL
1815202292000,27.684904,-2.03333808581128,-3.41358735982485,3.28675958595887,-0.15424347,0.7171558,0.01038471,58.636875,75.830696,-2.9996917,WAL
1815207340000,27.689952,-2.76503234927192,-2.93385361037147,2.77912679121347,-0.34483343,0.61269784,0.19517145,58.731552,75.66175,-3.096269,WAL
1815212312000,27.694924,-3.50556646196137,-3.07064020104012,2.38291729673105,-0.5195409,0.49021935,0.40408736,58.787247,75.53603,-3.236091,WAL
1815217311000,27.699923,-4.20778986869207,-3.28946714730518,1.99765018633711,-0.7122689,0.32436943,0.6038403,58.84049,75.49471,-3.5107126,WAL
1815222408000,27.70502,-4.65603847348095,-4.02677278118778,1.68764672691383,-0.93279123,0.0729984,0.75777835,58.823353,75.48884,-3.8176675,WAL
1815227306000,27.709918,-5.08678629891864,-4.73529210525232,1.38974660051493,-1.2046263,-0.24617869,0.8454375,58.784523,75.5715,-4.249178,WAL
1815232304000,27.714916,-5.14936492342171,-5.90643482011253,1.13586356034713,-1.498147,-0.6206391,0.88239485,58.651714,75.690125,-4.690822,WAL
1815237265000,27.719877,-5.12217953286287,-7.17507393681099,0.895728243044059,-1.7327193,-1.0341948,0.9272934,58.411045,75.8321,-5.1376143,WAL
1815242317000,27.724929,-5.29963320528013,-8.87949272942362,0.548614753365578,-1.9172006,-1.486846,0.9850202,58.105587,76.06474,-5.6416917,WAL
1815247266000,27.729878,-5.55752946511487,-10.7181981304111,0.166546108718259,-2.0033326,-1.919644,1.0500773,57.685474,76.28655,-6.137644,WAL
1815252310000,27.734922,-6.20472957407591,-12.7392837084658,-0.395173666949523,-1.9914207,-2.225993,1.1291844,57.218037,76.56293,-6.613418,WAL
1815257295000,27.739907,-6.99218051232114,-14.7932968871224,-1.01659559400636,-1.8487836,-2.3441954,1.221425,56.680096,76.76934,-7.094632,WAL
1815262273000,27.744885,-7.51085046283517,-16.1097754806782,-1.52369796851341,-1.5876387,-2.262034,1.2867876,56.195984,76.984116,-7.5797687,WAL
1815267375000,27.749987,-7.92990527484227,-17.1501881561514,-1.99573713099369,-1.2370021,-1.9126191,1.2727377,55.760277,77.09147,-8.065156,WAL
1815272284000,27.754896,-7.63461713005943,-17.8124523855143,-1.73909106045129,-0.7663304,-1.3662001,1.1236867,55.5125,77.156075,-8.594865,WAL
1815277274000,27.759886,-7.01842944062657,-18.3323604201672,-1.15660082543568,-0.2507602,-0.8885035,0.84757555,55.353054,77.11956,-9.075755,WAL
1815282277000,27.764889,-4.60983723510123,-17.7160348799127,0.652425161681223,0.1301143,-0.7107417,0.58551437,55.316563,77.05471,-9.53795,WAL
1815287285000,27.769897,-1.4016715599603,-16.5927011157205,3.00857052237991,0.24373524,-0.7147123,0.36468655,55.3697,76.96636,-9.926688,WAL
1815292280000,27.774892,0.0619566616989568,-14.8876239180328,3.64111331058122,0.22632557,-0.786489,0.2779437,55.44815,76.8782,-10.154119,WAL
1815297282000,27.779894,0.704473332123199,-12.9029615180328,3.46025679421759,0.12186762,-0.8875872,0.122783914,55.524376,76.845345,-10.290656,WAL
1815302208000,27.78482,0.982558733595712,-10.9995237686884,2.81304590722426,-0.030848695,-1.0155635,-0.019547688,55.40375,76.90166,-10.005016,WAL
1815307224000,27.789836,1.07998799351458,-9.08805425738845,1.90834563308866,-0.2134974,-1.1994339,-0.09590584,55.237762,76.98975,-9.701011,WAL
1815312227000,27.794839,0.917101228009704,-7.42573752630762,0.79739060089277,-0.44226643,-1.4052955,-0.10751228,54.992615,77.12888,-9.354745,WAL
1815317252000,27.799864,0.566857743002426,-5.93136577157691,-0.468155819776807,-0.70829827,-1.5735888,-0.05222898,54.70345,77.29984,-9.009555,WAL
1815322244000,27.804856,0.0423318558085956,-4.59563473921134,-1.65726923502437,-1.0012082,-1.6807957,0.015882496,54.36913,77.54374,-8.722283,WAL
1815327223000,27.809835,-0.639003637137793,-3.39669539975631,-2.78226507486708,-1.2577715,-1.7336355,0.12522738,54.00069,77.80816,-8.461485,WAL
1815332271000,27.814883,-1.22289726904285,-2.56785750003004,-3.59002926363636,-1.46852,-1.7464638,0.2779437,53.656384,78.150085,-8.3298855,WAL
1815337231000,27.819843,-1.75554723940729,-1.90204508673408,-4.25584162727273,-1.6245961,-1.8787161,0.41691554,53.265392,78.504425,-8.2217,WAL
1815342229000,27.824841,-2.18118951964642,-1.49736702353176,-4.73281356448262,-1.8057177,-2.1175644,0.5491679,52.945724,78.87607,-8.247287,WAL
1815347223000,27.829835,-2.56334349817219,-1.19642076232521,-5.13407537910507,-1.9727893,-2.3658812,0.65393126,52.59452,79.22229,-8.304448,WAL
1815352232000,27.834844,-2.85946035942584,-1.00891888865072,-5.48168184344498,-2.0995438,-2.6258042,0.7287622,52.11851,79.52369,-8.516976,WAL
1815357261000,27.839873,-3.12216083398086,-0.866046663755024,-5.80890520611483,-2.1810944,-2.8872545,0.8008443,51.575413,79.75777,-8.759145,WAL
1815362254000,27.844866,-3.32151200068493,-0.84147989869863,-6.16900509417808,-2.2247713,-3.0778446,0.8775079,51.00064,79.883965,-9.094177,WAL
1815367254000,27.849866,-3.48549840278002,-0.884888087659146,-6.55003244107575,-2.2162192,-3.1581733,0.9896017,50.388073,79.88814,-9.467102,WAL
1815372289000,27.854901,-3.62253690631804,-1.34754363025272,-6.62679384933904,-2.1621575,-3.0897565,1.1074986,49.79331,79.740685,-9.91883,WAL
1815377256000,27.859868,-3.74275153491446,-2.02721850539658,-6.53894457511664,-2.0207422,-2.9177978,1.2040154,49.214077,79.45223,-10.406929,WAL
1815382251000,27.864863,-3.62500497973422,-2.79605436309272,-6.76086100332226,-1.8246545,-2.7232373,1.2486086,48.704857,79.02486,-10.947357,WAL
1815387332000,27.869944,-3.33597598028793,-3.63864759604349,-7.20665151306755,-1.5818355,-2.5708263,1.314582,48.24463,101.53058,-11.530079,WAL
1815392308000,27.87492,-3.12775798581405,-4.78739073223264,-7.36535060594573,-1.4388931,-2.1587977,1.3713925,47.939636,102.155075,-12.116955,WAL
1815397250000,27.879862,-2.96722610843974,-6.12830427259577,-7.35118623443735,-1.1074986,-1.6438384,1.4822645,47.722813,102.850655,-12.73692,WAL
1815402277000,27.884889,-2.97521184800566,-7.68414524342291,-6.8231756427157,-0.75228053,-1.0980303,1.5732834,47.727528,103.503685,-13.2767935,WAL
1815407330000,27.889942,-3.098415375719,-9.37705247666195,-5.94706167845356,-0.47525316,-0.53878313,1.6639969,47.90353,104.19644,-13.835605,WAL
1815412308000,27.89492,-3.18120533333333,-11.1875463242009,-5.08948251050228,-0.31123585,-0.020463986,1.7030923,48.371593,104.729095,-14.250375,WAL
1815417357000,27.899969,-3.22440355289855,-13.1746681330157,-4.22551641514791,-0.29077184,0.41722095,1.6698002,48.987232,105.262375,-14.656269,WAL
1815422342000,27.904954,-2.89470938255269,-14.7104849541374,-3.54081677624902,-0.42058071,0.7715228,1.6044376,49.706425,105.642685,-14.963245,WAL
1815427316000,27.909928,-2.16493767330211,-15.7842258481655,-3.03880820604996,-0.571159,1.0803152,1.5378532,50.5344,106.01935,-15.253025,WAL
1815432273000,27.914885,-1.35603826011706,-16.5112891360046,-2.58162798930237,-0.66523224,1.3377949,1.491733,51.260197,106.32265,-15.494744,WAL
1815437301000,27.919913,-0.421133390087561,-16.7679300854668,-2.17833573183592,-0.8038987,1.5598444,1.425454,52.05819,106.624794,-15.706642,WAL
1815442256000,27.924868,0.419396375323555,-16.7755501566005,-1.74568087679034,-0.98563105,1.7201965,1.2434162,52.743076,106.79521,-15.779636,WAL
1815447304000,27.929916,1.09605086770204,-16.2379338011217,-1.22660342350685,-1.2421945,1.8356501,0.96761054,53.470554,106.952194,-15.806335,WAL
1815452270000,27.934882,1.71409523554736,-15.5976968351784,-0.611608102829028,-1.5451837,1.8234328,0.66523224,54.08813,106.97493,-15.674022,WAL
1815457315000,27.939927,2.17961480207052,-14.5676111035773,0.368954458774088,-1.8225164,1.5800029,0.3921755,54.657692,106.97572,-15.485892,WAL
1815462263000,27.944875,2.53434303767489,-13.573015091696,1.27142015629592,-2.0305161,1.0711522,0.16432275,55.060867,106.87944,-15.190984,WAL
1815467282000,27.949894,2.62626595952693,-12.6054054411676,2.0309933429693,-2.1407773,0.3585779,-0.04642576,55.31843,106.762726,-14.854354,WAL
1815472423000,27.955035,2.63051226009629,-11.7059569725566,2.57544800406355,-2.1352794,-0.44348818,-0.25381452,55.298996,106.5496,-14.477831,WAL
1815477319000,27.959931,2.44539810668272,-11.0422554954261,2.60253799401059,-2.0314324,-1.2253957,-0.44318274,55.06836,106.307365,-14.088492,WAL
1815482289000,27.964901,2.15665123812779,-10.4495798615156,2.51924949274889,-1.8347337,-1.8506162,-0.59712076,54.593227,105.98483,-13.721977,WAL
1815487290000,27.969902,1.50193924216939,-10.1459451001486,2.03533182713224,-1.5839735,-2.0873265,-0.6743952,54.000816,105.61927,-13.348606,WAL
1815492302000,27.974914,0.832277040011669,-9.85423230746791,1.54395551942824,-1.4605788,-2.389705,-0.81092364,53.18996,105.24783,-13.00529,WAL
1815497307000,27.979919,0.109490740070012,-9.61330384480747,1.02767961656943,-1.2253957,-2.5201247,-0.9257663,52.363003,104.80964,-12.648724,WAL
1815502672000,27.985284,-0.663414944251584,-9.34827102186559,0.474198664137322,-1.0458013,-2.4972172,-0.98837996,51.536842,104.46326,-12.364405,WAL
1815507381000,27.989993,-1.30518437212423,-8.98288378040927,-0.0129839494598525,-0.8741482,-2.35794,-0.9804387,50.712147,104.07043,-12.064756,WAL
1815512448000,27.99506,-1.97675795931674,-8.59012646119938,-0.520993588841951,-0.75594574,-2.1517727,-0.91232723,49.964447,103.80601,-11.867901,WAL
1815517301000,27.999913,-2.39503994128019,-8.21879463587106,-0.815498199132152,-0.65270954,-1.9113973,-0.79351395,49.277626,103.530754,-11.677395,WAL
1815522355000,28.004967,-2.83064619243273,-7.83208310790706,-1.12220050706676,-0.60231316,-1.6869044,-0.6392705,48.692085,103.40399,-11.609269,WAL
1815527350000,28.009962,-3.00847313759802,-7.41272115691292,-1.32370594948411,-0.56779927,-1.5045611,-0.4428773,48.17833,103.30166,-11.575368,WAL
1815532238000,28.01485,-3.14854031077177,-6.99734928600908,-1.50724228014858,-0.5864306,-1.3405437,-0.20616703,47.738613,103.24569,-11.5852165,WAL
1815537296000,28.019908,-3.13180633027582,-6.81963859395217,-1.87334645433886,-0.63132924,-1.1572843,0.03634648,47.399918,103.335785,-11.715712,WAL
1815542312000,28.024924,-3.10099348306607,-6.66557440386695,-2.25190465919545,-0.69913524,-0.93554014,0.24770586,47.13576,103.478386,-11.891543,WAL
1815547306000,28.029918,-2.98409726691892,-6.67294881798526,-2.56826342693858,-0.7284568,-0.6789767,0.38973203,46.957672,103.713066,-12.13721,WAL
1815552284000,28.034896,-2.83885160464865,-6.73385825611794,-2.8634398444914,-0.75777835,-0.45051312,0.49174652,46.8511,103.99339,-12.417602,WAL
1815557357000,28.039969,-2.49147276491713,-6.94667814669531,-2.87519078002865,-0.7623598,-0.3200934,0.55771995,46.830788,104.33771,-12.725674,WAL
1815562275000,28.044887,-2.07705790248619,-7.21171084728873,-2.77399641395539,-0.75319684,-0.2669481,0.6035349,46.866108,104.69811,-13.045292,WAL
1815567317000,28.049929,-1.41773033694966,-7.73192411064462,-2.42361169738064,-0.7489208,-0.27885997,0.61758476,46.939484,105.07638,-13.3584175,WAL
1815572361000,28.054973,-0.681887141883708,-8.33316216407208,-1.99287424339588,-0.7476991,-0.35002577,0.59803706,47.01959,105.45042,-13.668998,WAL
1815577282000,28.059894,-0.304034093742231,-8.6056322869078,-1.88925761382578,-0.7495316,-0.4605924,0.55924714,47.043163,105.76337,-13.909029,WAL
1815582292000,28.064904,-0.140272159936831,-8.67895821813551,-1.98947014520632,-0.763887,-0.52503866,0.48808134,47.062492,106.05947,-14.130976,WAL
1815587378000,28.06999,0.0259739868364748,-8.75339647885889,-2.09120286668365,-0.7877107,-0.62888575,0.4288274,46.932556,106.2002,-14.220677,WAL
1815592314000,28.074926,0.18731708169944,-8.82563935241977,-2.18993521296994,-0.795652,-0.6640105,0.39920044,46.804153,106.3263,-14.295789,WAL
1815597331000,28.079943,0.168492657529504,-8.80705744866247,-2.21537124830842,-0.818254,-0.6743952,0.35002577,46.643143,106.43886,-14.352044,WAL
1815602339000,28.084951,0.0647225633044846,-8.74573900019669,-2.20593761054288,-0.84788096,-0.659429,0.3100141,46.480465,106.544586,-14.400455,WAL
1815607338000,28.08995,-0.17641914602546,-8.67712882743989,-2.12691805799151,-0.8915578,-0.63713247,0.28344148,46.313835,106.62491,-14.393352,WAL
1815612288000,28.0949,-0.487728266756921,-8.60528831420489,-2.01197313679531,-0.9492846,-0.6218608,0.26450464,46.1492,106.70146,-14.375752,WAL
1815617335000,28.099947,-0.779052784559576,-8.52787895047515,-1.82576604279971,-1.0238101,-0.61850107,0.2510656,45.98322,106.79905,-14.371137,WAL
1815622397000,28.105009,-1.05811905916849,-8.44814597496345,-1.6042848563231,-1.1078042,-0.627664,0.23640485,45.818226,106.89979,-14.359969,WAL
1815627293000,28.109905,-1.30534689966006,-8.35983646338384,-1.42991785890637,-1.185384,-0.659429,0.26083946,45.641518,107.04734,-14.405062,WAL
1815632294000,28.114906,-1.53327879199689,-8.25749908080808,-1.29501942968143,-1.2596041,-0.68386364,0.30848694,45.46673,107.205925,-14.451426,WAL
1815637315000,28.119927,-1.74617487617925,-8.19990308372642,-1.1623284879717,-1.3008375,-0.6881397,0.3594942,45.264942,107.39348,-14.558023,WAL
1815642288000,28.1249,-1.93508372817324,-8.20500883211835,-1.03468733717839,-1.3435981,-0.68661255,0.42119157,45.06491,107.60043,-14.678286,WAL
1815647277000,28.129889,-2.09347082012553,-8.26930779730425,-0.968749334391398,-1.3454307,-0.6969972,0.48441613,44.850567,107.83541,-14.855445,WAL
1815652222000,28.134834,-2.22503244591007,-8.38137903045581,-0.954131361837638,-1.3469579,-0.7076874,0.5531385,44.646805,108.08427,-15.044863,WAL
1815657277000,28.139889,-2.35165556596171,-8.51733572476697,-0.919153620592363,-1.3228287,-0.7098254,0.6270532,44.431797,108.35443,-15.269705,WAL
1815662209000,28.144821,-2.47000977396011,-8.66409498025459,-0.871811932449634,-1.2889256,-0.70157874,0.68630713,44.227215,108.626335,-15.501487,WAL
1815667234000,28.149846,-2.57798714599036,-8.85433785703041,-0.761993620643511,-1.2434162,-0.700357,0.7501425,44.013874,108.92051,-15.765476,WAL
1815672264000,28.154876,-2.67752447620781,-9.07237199950802,-0.61031766531536,-1.1951579,-0.7113526,0.79779,43.809704,109.20894,-16.03232,WAL
1815677208000,28.15982,-2.74741272139257,-9.26536669469852,-0.465587996197499,-1.1655309,-0.743423,0.8381071,43.58454,109.50976,-16.322906,WAL
1815682216000,28.164828,-2.79665369208512,-9.44442489742393,-0.322341705124137,-1.128879,-0.754724,0.8509353,43.371628,109.796524,-16.608047,WAL
1815687263000,28.169875,-2.82078257220036,-9.63120960278634,-0.136598088152717,-1.1096367,-0.78801614,0.86315256,43.122105,110.07128,-16.897974,WAL
1815692259000,28.174871,-2.81060583230884,-9.82456643868978,0.102554226032117,-1.072374,-0.8414669,0.86620694,42.871704,110.329,-17.179619,WAL
1815697217000,28.179829,-2.79339070288893,-10.07849466626,0.243485126196565,-1.0238101,-0.91751957,0.86315256,42.576023,110.56297,-17.454374,WAL
1815702228000,28.18484,-2.76997212744486,-10.38762020447,0.304373466367363,-0.95111716,-1.028697,0.8579602,42.262695,110.7793,-17.72298,WAL
1815707194000,28.189806,-2.70864124866862,-10.7207750988661,0.259791611205832,-0.86926126,-1.135293,0.84971356,41.899033,110.94356,-17.96879,WAL
1815712220000,28.194832,-2.6063030955857,-11.0862678848335,0.103847802020857,-0.75686204,-1.2247849,0.8185594,41.51471,111.079254,-18.200087,WAL
1815717230000,28.199842,-2.39420631655233,-11.3497994188554,-0.170518583594669,-0.6536258,-1.3029755,0.7809912,41.055145,111.18684,-18.418705,WAL
1815722262000,28.204874,-2.07778509264014,-11.5198173051744,-0.557780455393963,-0.5384777,-1.3139712,0.74220127,40.597767,111.263985,-18.617062,WAL
1815727203000,28.209815,-1.71328864928243,-11.6109390823249,-0.939395432964036,-0.3979787,-1.2486086,0.700357,40.13356,111.30022,-18.772392,WAL
1815732219000,28.214831,-1.28343414648372,-11.619126952105,-1.3283114247145,-0.2660318,-1.1221595,0.6728681,39.693623,111.31329,-18.907812,WAL
1815737199000,28.219811,-0.831139325964674,-11.6107814162138,-1.72485317966486,-0.16126843,-0.9462303,0.64873886,39.300167,111.29656,-18.991232,WAL
1815742202000,28.224814,-0.196425386966712,-11.4860083409194,-2.19681989686368,-0.093767814,-0.7293731,0.63621616,38.963642,111.26266,-19.055,WAL
1815747204000,28.229816,0.405068114017128,-11.3316060638842,-2.5570148944778,-0.047647487,-0.5128214,0.6230826,38.695377,111.19928,-19.056211,WAL
1815752236000,28.234848,0.950585084309479,-11.1228862922532,-2.71829819677134,-0.03634648,-0.32467487,0.59681535,38.485226,111.125305,-19.038576,WAL
1815757192000,28.239804,1.44010240697838,-10.9424245107089,-2.73768884880845,-0.049480084,-0.1572978,0.5537493,38.332336,111.03155,-18.959448,WAL
1815762220000,28.244832,1.83713401578683,-10.8116949939668,-2.46654526546003,-0.09896017,-0.07269296,0.47158796,38.20733,110.92391,-18.856758,WAL
1815767218000,28.24983,2.13221183422007,-10.7533299758162,-2.10681632793229,-0.18325958,-0.07727446,0.34972036,38.081482,110.76793,-18.67945,WAL
1815772271000,28.254883,2.23573760985955,-10.8343499968375,-1.56668127211422,-0.28985557,-0.14966199,0.19120082,37.952362,110.59127,-18.469257,WAL
1815777202000,28.259814,2.26341657755102,-10.9454722231028,-1.0295228517979,-0.40561453,-0.19303341,0.014966198,37.757423,110.332085,-18.176788,WAL
1815782217000,28.264829,1.97317601122449,-11.1976486214583,-0.439525524625322,-0.48930305,-0.30543262,-0.062002823,37.51471,110.07023,-17.8776,WAL
1815787218000,28.26983,1.64249092883533,-11.4441271906549,0.116879044480885,-0.5112942,-0.40439278,-0.1863139,37.148315,109.70149,-17.50204,WAL
1815792209000,28.274821,1.11365974447298,-11.666047472192,0.518224157874938,-0.5177083,-0.48349985,-0.2519819,36.752674,109.34198,-17.131096,WAL
1815797207000,28.279819,0.595356800992006,-11.8954863227391,0.865919308600597,-0.4859433,-0.5369505,-0.25350907,36.26353,108.94494,-16.770157,WAL
1815802215000,28.284827,0.14267995260522,-12.1680164446692,0.893634221130694,-0.3998113,-0.5381723,-0.21930063,35.77019,108.54058,-16.407007,WAL
1815807246000,28.289858,-0.292985264607833,-12.4453082790674,0.905604158354637,-0.26175576,-0.47952923,-0.16615535,35.2541,108.16396,-16.110949,WAL
1815812223000,28.294835,-0.492823138695163,-12.7621241788526,0.725262672778403,-0.11178834,-0.38362336,-0.13652839,34.759136,107.78456,-15.819408,WAL
1815817204000,28.299816,-0.662417974340932,-13.0786284996036,0.553889664077304,0.06566802,-0.2779437,-0.12339478,34.31534,107.44482,-15.586579,WAL
1815822237000,28.304849,-0.59076276925669,-13.3939112822597,0.453572376959366,0.23854288,-0.19181168,-0.1441642,33.904423,107.0944,-15.351795,WAL
1815827209000,28.309821,-0.51648547100912,-13.7059516192998,0.365699342777287,0.43188173,-0.10598512,-0.19883664,33.529457,106.76222,-15.140634,WAL
1815832212000,28.314824,-0.408415087588506,-14.0254640905168,0.384494186521526,0.6389651,-0.052839845,-0.28008172,33.17836,106.405876,-14.916498,WAL
1815837318000,28.31993,-0.294217265512543,-14.3458202147301,0.396291065705398,0.8680395,-0.02321288,-0.37904188,32.835915,106.00802,-14.661593,WAL
1815842216000,28.324828,-0.138895410902268,-14.5858630068232,0.320983499863536,1.0726794,0.008246681,-0.48472157,32.51601,105.58151,-14.384119,WAL
1815847273000,28.329885,0.0240351143816771,-14.8244886837196,0.230659604770228,1.2846496,0.04795292,-0.58184916,32.188213,105.098656,-14.062229,WAL
1815852211000,28.334823,0.214422105983602,-14.9452219109387,-0.0108068205754124,1.4706581,0.112704635,-0.68844515,31.883442,104.58801,-13.71258,WAL
1815857456000,28.340068,0.41811011382525,-15.0639790307605,-0.271978415636913,1.6566665,0.18600847,-0.8045095,31.579796,104.03221,-13.319528,WAL
1815862212000,28.344824,0.620103204929232,-15.0596812187205,-0.564223751062465,1.8374827,0.2941316,-0.93554014,31.311646,103.45474,-12.898314,WAL
1815867441000,28.350053,0.842185179988677,-15.0549559749953,-0.885533855969994,1.9908098,0.41722095,-1.0720685,31.078043,102.844635,-12.427165,WAL
1815872241000,28.354853,1.06215951817043,-14.8221094719089,-1.00513169050752,2.143526,0.55863625,-1.2067643,30.885098,102.217995,-11.928424,WAL
1815877483000,28.360095,1.29471374634169,-14.5482854464454,-1.11495215027343,2.303573,0.6722572,-1.3231341,30.723148,101.58483,-11.407176,WAL
1815882212000,28.364824,1.33314460735433,-14.1725163241561,-0.999659344295682,2.4645357,0.7089091,-1.3698653,30.581337,100.953865,-10.863063,WAL
1815887200000,28.369812,1.37368026705638,-13.7761669094852,-0.8780521300396,2.5433373,0.7693848,-1.4501941,30.47133,100.30322,-10.272003,WAL
1815892215000,28.374827,1.15727091985881,-13.2714554699202,-0.823526034254144,2.7382035,0.79259765,-1.4862351,30.36095,99.69499,-9.694042,WAL
1815897182000,28.379794,0.904197899467976,-12.7555760605689,-0.779724960957643,2.966056,0.8045095,-1.5045611,30.263613,80.872154,-9.111831,WAL
1815902279000,28.384891,0.322825156522926,-12.6639254713428,-0.690771649363173,3.2036827,0.8151997,-1.5415184,30.173256,81.37944,-8.526065,WAL
1815907311000,28.389923,-0.282186458979258,-12.6156998490721,-0.598704635534935,3.3964107,0.7901542,-1.6368134,30.076036,81.81196,-7.9307256,WAL
1815912312000,28.394924,-1.26909578891054,-12.6959042455662,-0.749947414305204,3.5225544,0.75533485,-1.7263051,30.00938,82.09498,-7.3809295,WAL
1815917296000,28.399908,-2.39003944839213,-12.8214867667121,-0.987159587838628,3.556763,0.7076874,-1.7867808,29.932053,82.271675,-6.8228083,WAL
1815922412000,28.405024,-2.95267930865922,-12.9419096772191,-1.2985669106766,3.4837644,0.691194,-1.7947221,29.920664,82.26112,-6.356675,WAL
1815927286000,28.409898,-3.23517730167598,-13.0529774775502,-1.62452612369129,3.3600643,0.71868294,-1.7776178,29.90828,82.16263,-5.891636,WAL
1815932303000,28.414915,-3.52596360265363,-13.1673039351335,-1.96004876868405,3.175583,0.79137594,-1.7418822,30.024021,81.90787,-5.6211205,WAL
1815937292000,28.419904,-3.81512701815642,-13.2809923339541,-2.29369885356921,2.9620855,0.8775079,-1.6835446,30.147696,81.638374,-5.371577,WAL
1815942313000,28.424925,-5.04892355890507,-13.8882248295772,-2.77002936938572,2.7388144,0.9596693,-1.6624697,30.300587,81.371826,-5.134359,WAL
1815947285000,28.429897,-6.48290810421819,-14.6004687876945,-3.27334838023534,2.5231788,0.93554014,-1.6545285,30.441612,81.12786,-4.916101,WAL
1815952293000,28.434905,-7.19433309555534,-15.003169908137,-3.37486884564443,2.3521366,0.73273283,-1.6255124,30.635687,80.91069,-4.8090444,WAL
1815957313000,28.439925,-7.73210186273015,-15.3315421116611,-3.37962790701841,2.2418754,0.49571714,-1.6371188,30.807055,80.73594,-4.6925573,WAL
1815962311000,28.444923,-7.89355170996693,-15.130862136136,-3.55254484570619,2.0793853,0.31673363,-1.7687603,31.093227,80.57065,-4.77082,WAL
1815967327000,28.449939,-7.95708692017005,-14.7904939570146,-3.77038031922532,1.8472565,0.17287487,-1.89918,31.311867,80.458626,-4.8276114,WAL
1815972367000,28.454979,-7.724202198828,-14.0497388737535,-3.51610391294335,1.6285667,0.14844026,-1.9654589,31.577091,80.35272,-4.926609,WAL
1815977370000,28.459982,-7.35477105035468,-13.1286236697851,-3.04323189476714,1.4046847,0.16340645,-1.9440787,31.800451,80.316055,-4.995706,WAL
1815982308000,28.46492,-6.77480709095817,-12.4967969812994,-3.05548500296896,1.1960741,0.086437434,-1.8994855,32.01815,80.33077,-5.0511084,WAL
1815987315000,28.469927,-6.10920516099865,-11.9559956123,-3.24037439041835,1.1346822,-0.022296581,-1.783421,32.21482,80.35087,-5.121923,WAL
1815992315000,28.474927,-5.0246728163766,-11.3224106213043,-2.98812632157685,1.1355985,0.105068825,-1.6899587,32.447136,80.35747,-5.155021,WAL
1815997307000,28.479919,-3.72147201520235,-10.640736220801,-2.50694462579157,1.2055426,0.3744604,-1.600467,32.677315,80.34621,-5.2172017,WAL
1816002294000,28.484906,-2.66409485527451,-10.3347979566667,-1.990160072,1.2272283,0.59589905,-1.4850134,32.905365,80.36101,-5.221298,WAL
1816007358000,28.48997,-1.67513740845098,-10.1541228766667,-1.452889928,1.2409728,0.6942484,-1.3765849,33.167202,80.3492,-5.2559767,WAL
1816012312000,28.494924,-1.08274507645803,-9.99180266462882,-1.18743116353227,1.2608259,0.70280045,-1.3170254,33.3912,80.34645,-5.1309185,WAL
1816017318000,28.49993,-0.636128580572538,-9.83362618078603,-1.02460218441533,1.3179418,0.7867944,-1.3310753,33.659336,80.32501,-5.0290017,WAL
1816022393000,28.505005,-0.36024897567502,-9.85163877445432,-0.925590257477769,1.3967434,0.97341377,-1.3640621,33.909866,80.29359,-4.7773023,WAL
1816027319000,28.509931,-0.183865790311237,-9.96128209660469,-0.86361778263945,1.4935656,1.1511755,-1.3924674,34.177555,80.23558,-4.5347843,WAL
1816032307000,28.514919,-0.0245078432627866,-10.1075510176367,-0.605281214814815,1.5351044,1.3261884,-1.4205672,34.49021,80.15988,-4.2198105,WAL
1816037311000,28.519923,0.125748371834215,-10.2718941252205,-0.248422705185185,1.5005904,1.4196508,-1.4450017,34.82557,80.068634,-3.9120808,WAL
1816042313000,28.524925,0.418741348158184,-10.1984989466053,-0.105929957712229,1.4428637,1.4223998,-1.45783,35.19556,79.949615,-3.5785396,WAL
1816047305000,28.529917,0.79638218989801,-9.98338672342766,-0.0915891661273873,1.389413,1.4569136,-1.4223998,35.593594,79.823456,-3.2685275,WAL
1816052294000,28.534906,0.943974498696845,-9.68452033653406,-0.21420606689529,1.3359623,1.5143349,-1.3518448,35.99628,79.65552,-2.9488597,WAL
1816057380000,28.539992,0.952883091646091,-9.32817708367627,-0.423557612834019,1.3109168,1.5283848,-1.2635747,36.386692,79.479836,-2.6557603,WAL
1816062311000,28.544923,0.801796832311666,-8.97135260051657,-0.861624053895824,1.2705997,1.616044,-1.1664472,36.806652,79.30086,-2.325517,WAL
1816067311000,28.549923,0.446222316599225,-8.59516555789927,-1.60369260749031,1.2434162,1.7611245,-1.0516045,37.23488,79.10967,-2.0404582,WAL
1816072392000,28.555004,0.0737137468207006,-8.21117481193351,-2.33909674525035,1.2333369,1.9758437,-0.97035944,37.730324,78.91708,-1.7861753,WAL
1816077322000,28.559934,-0.295361951526816,-7.83742724830794,-3.03987341485256,1.2174544,2.0995438,-0.8918633,38.228577,78.726425,-1.5757902,WAL
1816082304000,28.564916,-0.585621966421762,-7.48083440693308,-3.50865899241213,1.2177598,2.3109033,-0.8561276,38.87193,78.58336,-1.4574718,WAL
1816087307000,28.569919,-0.811690853331728,-7.13942409860376,-3.79009164097256,1.2260065,2.4489589,-0.7959574,39.517895,78.44366,-1.3781525,WAL
1816092309000,28.574921,-1.03017668170445,-6.81167588286356,-3.94548400424837,1.244638,2.5332582,-0.73426,40.267143,78.358574,-1.4030455,WAL
1816097305000,28.579917,-1.24028355864481,-6.49895883441585,-3.96502881339869,1.2541064,2.576935,-0.6881397,41.03573,78.28105,-1.4521888,WAL
1816102287000,28.584899,-1.42269305824922,-6.20723288559783,-3.91171474361413,1.2705997,2.5579982,-0.63621616,41.8216,78.22393,-1.5851699,WAL
1816107333000,28.589945,-1.58214910681289,-5.93052971657609,-3.78977774225543,1.280679,2.526844,-0.59589905,42.609596,78.17411,-1.7346667,WAL
1816112300000,28.594912,-1.72918531724477,-5.69557554868822,-3.66472311972094,1.2672399,2.4932466,-0.5543602,43.39009,78.12549,-1.9578433,WAL
1816117333000,28.599945,-1.86653443822345,-5.50139215179326,-3.53211017191707,1.2651019,2.4712553,-0.5421429,44.16072,78.07924,-2.1861806,WAL
1816122365000,28.604977,-2.02760047190922,-5.34163686661358,-3.33613962355166,1.2363913,2.4523184,-0.52106804,45.02983,77.972565,-2.4333045,WAL
1816127343000,28.609955,-2.21742064029464,-5.22774492414892,-3.06090037443759,1.1991285,2.4058928,-0.51343226,45.877377,77.88164,-2.6789756,WAL
1816132246000,28.614858,-2.36161954352908,-5.02407676907612,-2.72042750116888,1.1606439,2.3634377,-0.5155703,46.751804,77.77079,-2.9454262,WAL
1816137294000,28.619906,-2.44751168364503,-4.68050806700019,-2.2683635238358,1.1249083,2.3374758,-0.5128214,47.60924,77.681274,-3.2137861,WAL
1816142283000,28.624895,-2.49643586176642,-4.35793675136549,-1.74870490410227,1.0998629,2.264172,-0.5012149,48.46763,77.558174,-3.4995053,WAL
1816147309000,28.629921,-2.4498225104784,-4.07825620557815,-1.0308580190277,1.0015136,2.1762075,-0.47036624,49.304634,77.47555,-3.787211,WAL
1816152251000,28.634863,-2.41187005479115,-3.83123162552211,-0.366774632346437,0.8402451,2.079996,-0.44532076,50.12046,77.362724,-4.046243,WAL
1816157293000,28.639905,-2.40445509385749,-3.69034729035627,0.144858012751843,0.7049385,1.9721785,-0.3979787,50.897995,77.274086,-4.313384,WAL
1816162241000,28.644853,-2.39717837297297,-3.55208951756757,0.646952088108108,0.55924714,1.8661933,-0.3585779,51.613884,77.14874,-4.532852,WAL
1816167341000,28.649953,-2.38967811498772,-3.40958453753071,1.1644702336855,0.42302418,1.7644843,-0.30665436,52.291588,77.05679,-4.7626853,WAL
1816172308000,28.65492,-2.38317071704027,-3.32520954849236,1.56985248098592,0.28191432,1.6539177,-0.26725355,52.94349,77.000565,-4.9870954,WAL
1816177318000,28.65993,-2.378411763658,-3.36328112585796,1.75545181197183,0.122783914,1.6035212,-0.2434298,53.57727,76.98458,-5.2176175,WAL
1816182266000,28.664878,-2.37632649974386,-3.41703392131676,1.88279600076843,0.04642576,1.4993688,-0.22266038,54.106056,76.855515,-5.412265,WAL
1816187298000,28.66991,-2.38089821567214,-3.51304005128546,1.86908085298359,-0.095294975,1.4153748,-0.18020524,54.619865,76.7795,-5.6176057,WAL
1816192285000,28.674897,-2.37909886908532,-3.59840759366617,1.84132217320231,-0.2489276,1.3301591,-0.16218472,55.0886,76.70539,-5.807582,WAL
1816197310000,28.679922,-2.34772168507824,-3.63874950685544,1.74719099562221,-0.37232238,1.2684617,-0.13775012,55.53372,76.652596,-6.0068927,WAL
1816202502000,28.685114,-2.31232868951993,-3.68387902533219,1.64927557158165,-0.49877146,1.1976013,-0.105068825,55.963432,76.63107,-6.202588,WAL
1816207399000,28.690011,-2.24197230667595,-3.76931194459923,1.54876627331762,-0.6114761,1.1313224,-0.09468412,56.37335,76.63474,-6.393548,WAL
1816212305000,28.694917,-2.168159175625,-3.8572684925,1.4482824990625,-0.7153232,1.0384709,-0.0842994,56.763687,76.67208,-6.5783434,WAL
1816217342000,28.699954,-2.07576708915323,-3.95938594951613,1.34616499127016,-0.79779,0.945314,-0.0729984,57.131443,76.72712,-6.7597857,WAL
1816222334000,28.704946,-1.97187533857455,-4.0701903604328,1.24525297256303,-0.88361657,0.8414669,-0.0693332,57.472286,76.822586,-6.9193454,WAL
1816227312000,28.709924,-1.8157089459996,-4.22162449049037,1.14587437258289,-0.95264435,0.7333437,-0.058643065,57.78203,76.92693,-7.0756893,WAL
1816232324000,28.714936,-1.6600266644987,-4.3741582389559,1.05585616059056,-1.0024298,0.6227771,-0.057726767,58.088455,77.0528,-7.1960044,WAL
1816237300000,28.719912,-1.51287482522436,-4.52590856870597,1.014469698292,-1.069625,0.50762904,-0.052839845,58.360188,77.19252,-7.3115683,WAL
1816242301000,28.724913,-1.37167254369876,-4.6765073064633,0.976399737864633,-1.0989466,0.4083634,-0.05100725,58.63839,77.343155,-7.3764424,WAL
1816247313000,28.729925,-1.29388592146806,-4.80920218040038,0.971824054204004,-1.1450669,0.34269542,-0.036651913,58.890903,77.50653,-7.44041,WAL
1816252768000,28.73538,-1.21926093376893,-4.95924145179685,0.964680551131571,-1.1658363,0.3118467,-0.024129177,59.155247,77.67639,-7.452426,WAL
1816257308000,28.73992,-1.24939163864964,-5.13572169276309,0.938854176158796,-1.1899655,0.3100141,0.0015271631,59.405495,77.849075,-7.4713564,WAL
1816262615000,28.745227,-1.28756945596184,-5.36155018036098,0.917103980570467,-1.2232577,0.35338554,0.0290161,59.712864,78.010216,-7.4562426,WAL
1816267347000,28.749959,-1.38928262988871,-6.00997163095483,1.09086398529131,-1.2767084,0.410196,0.08979719,60.015816,78.16847,-7.4611797,WAL
1816272290000,28.754902,-1.49553119682035,-6.68730621047414,1.27237195302908,-1.3316863,0.44623706,0.1591304,60.339714,78.32157,-7.4828563,WAL
1816277267000,28.759879,-1.38550608143029,-7.37386507932692,1.58562342475962,-1.4117095,0.50976706,0.18600847,60.682003,78.485794,-7.5147076,WAL
1816282274000,28.764886,-1.23181680820312,-8.065466984375,1.9266215890625,-1.4492778,0.57635134,0.26267207,61.02565,78.62699,-7.582126,WAL
1816287274000,28.769886,-1.00697378853865,-8.93746764668329,2.51760536927681,-1.5152513,0.66645396,0.35521814,61.387096,78.76651,-7.6606483,WAL
1816292257000,28.774869,-0.768962645077307,-9.84190973336658,3.15547509855362,-1.5134187,0.75411314,0.45234573,61.75887,78.87919,-7.763551,WAL
1816297292000,28.779904,-0.190799364017164,-11.3070883059869,4.24787823212096,-1.4676038,0.79045963,0.537256,62.09761,78.971245,-7.8388515,WAL
1816302189000,28.784801,0.439261673957908,-12.8427123099203,5.40019516448713,-1.3732251,0.8188649,0.5897904,62.45172,79.03728,-7.934867,WAL
1816307233000,28.789845,1.08823612271148,-14.4244332565897,6.58710278279526,-1.2043208,0.79045963,0.60231316,62.725266,79.04316,-7.9694433,WAL
1816312187000,28.794799,1.72563093221291,-15.9779315852575,7.75283243011851,-0.93126404,0.7254025,0.5726862,62.99118,79.010605,-8.008728,WAL
1816317230000,28.799842,2.86276296308792,-16.9113122843187,8.35339642249975,-0.52290064,0.605062,0.46670106,63.1196,78.904564,-7.920694,WAL
1816322205000,28.804817,4.03840291323396,-17.7606523613657,8.88123495357035,-0.011911872,0.45906523,0.25228736,63.227497,78.75133,-7.8003683,WAL
1816327227000,28.809839,4.95082576693411,-18.2255712708856,8.42147762912446,0.43096542,0.3924809,-0.07849618,63.184994,78.52068,-7.4737415,WAL
1816332172000,28.814784,5.82473472305687,-18.648277766222,7.88003410089259,0.6921103,0.528093,-0.37018433,63.18007,78.23093,-7.128453,WAL
1816337246000,28.819858,6.0122661003413,-18.3889347105802,7.62964353193564,0.8237518,0.77824235,-0.61391956,63.144573,77.91274,-6.584977,WAL
1816342181000,28.824793,6.13209059522184,-18.0755470518771,7.41303769575817,0.88239485,0.9761627,-0.8063421,63.161438,77.54439,-6.022901,WAL
1816347224000,28.829836,5.31114813344595,-16.2819627263514,7.18554929222973,0.874759,0.9993755,-0.9147707,63.217693,77.26556,-5.376109,WAL
1816352290000,28.834902,4.3417625297973,-14.2542145639961,6.95608125255791,0.81092364,0.93951076,-0.90316427,63.32156,76.95483,-4.7565374,WAL
1816357380000,28.839992,3.08444093837749,-11.9281371232837,6.50890339484626,0.69027776,0.8213083,-0.8332202,63.42824,76.65774,-4.1458635,WAL
1816362336000,28.844948,1.79943395237865,-9.60135646228969,6.0270258409882,0.5564982,0.7290677,-0.7287622,63.528168,76.35115,-3.5780604,WAL
1816367353000,28.849965,0.521224937246572,-7.66349444159104,5.50815083104847,0.3866777,0.6606508,-0.61178154,63.613873,76.00381,-3.159539,WAL
1816372437000,28.855049,-0.766730727939757,-5.83497332245607,4.97228604016219,0.22266038,0.63041294,-0.49663344,63.67477,75.67862,-2.783006,WAL
1816377337000,28.859949,-1.82114555625917,-4.74107160608094,4.37656469414972,0.003970624,0.6123924,-0.43585235,63.74287,75.38336,-2.581025,WAL
1816382307000,28.864919,-2.80920932948207,-3.92267528525896,3.73781631314741,-0.106901415,0.6059783,-0.28863382,63.785984,75.09581,-2.4386866,WAL
1816387306000,28.869918,-3.588371602,-3.91059144485148,3.21075633206931,-0.29626966,0.59650993,-0.08460484,63.854134,74.91515,-2.4496112,WAL
1816392343000,28.874955,-4.309559188,-4.13984326851485,2.71404434669307,-0.49327368,0.57971114,0.14538592,63.905228,74.7589,-2.5089326,WAL
1816397308000,28.87992,-4.97680049598626,-4.96166673120707,2.36556059867517,-0.6627888,0.5375614,0.40439278,63.98689,74.69329,-2.7383633,WAL
1816402295000,28.884907,-5.63296690518155,-5.97872451619235,2.06091191393523,-0.8240572,0.4746423,0.64721173,64.04119,74.66208,-3.0263045,WAL
1816407335000,28.889947,-5.7988479834866,-7.4006029630179,1.88423412465144,-0.9728029,0.36102137,0.85062987,64.11665,74.722725,-3.4619486,WAL
1816412310000,28.894922,-5.76586943508356,-8.96001845940868,1.76174227505191,-1.1426234,0.1572978,0.99204516,64.13445,74.80312,-3.9378505,WAL
1816417334000,28.899946,-5.61422557460568,-10.590660886041,1.59883580701893,-1.2910637,-0.17287487,1.0479393,64.141495,74.956406,-4.510815,WAL
1816422369000,28.904981,-5.40982621557571,-12.2496224076301,1.41820389150237,-1.4263704,-0.61819565,1.1053606,64.04699,75.10546,-5.0988207,WAL
1816427373000,28.909985,-5.61948193962935,-13.8390699382254,1.13274424812804,-1.4969252,-1.108415,1.1664472,63.889587,75.31008,-5.655519,WAL
1816432306000,28.914918,-6.02186486581805,-15.3778519696743,0.801110071808312,-1.4984524,-1.5726726,1.2266175,63.61082,75.48601,-6.191941,WAL
1816437304000,28.919916,-6.57885321521947,-16.5935295522372,0.310214601976831,-1.4227052,-1.9480493,1.2791518,63.27731,75.70827,-6.6528454,WAL
1816442319000,28.924931,-7.2730568154958,-17.5021202717611,-0.322736068657668,-1.2382239,-2.0964894,1.3249667,62.878292,75.85776,-7.10136,WAL
1816447306000,28.929918,-7.08659288254571,-18.0965575717854,-0.453477928427415,-0.9407325,-1.9098701,1.2910637,62.550095,76.00407,-7.5529294,WAL
1816452291000,28.934903,-6.41882879882106,-18.5210655091418,-0.310385552910381,-0.5381723,-1.5079209,1.1475104,62.248184,76.05486,-7.972895,WAL
1816457381000,28.939993,-5.33634618313284,-18.4206731248496,0.292878477160165,-0.10598512,-1.1102476,0.906524,62.061028,76.07483,-8.419107,WAL
1816462310000,28.944922,-4.07492067910294,-18.0394057843272,1.12030865257948,0.25625798,-0.8191703,0.6759224,61.961964,76.015465,-8.825477,WAL
1816467309000,28.949921,-2.84219510585339,-17.2200622737965,1.89972834649891,0.45723262,-0.6942484,0.45662177,61.96295,75.96691,-9.059057,WAL
1816472329000,28.954941,-1.70605470038293,-15.4527331020241,2.55195717407002,0.47250426,-0.6713409,0.29046643,62.023438,75.90754,-9.2439375,WAL
1816477309000,28.959921,-0.879729741246445,-13.7736520415634,2.92113179021011,0.34147367,-0.65393126,0.23060162,62.067772,75.85183,-9.217967,WAL
1816482307000,28.964919,-0.365903611123131,-12.1662984057253,3.00018186227177,0.2507602,-0.7086037,0.1423316,62.103806,75.82063,-9.139362,WAL
1816487281000,28.969893,0.0487120246342007,-10.5316372942963,2.86786348128518,0.03634648,-0.8338311,0.08277224,62.04634,75.809364,-8.968296,WAL
1816492319000,28.974931,0.243446198223792,-8.79440357988316,2.24266432300584,-0.2180789,-1.0009027,0.06261369,61.96037,75.83344,-8.784582,WAL
1816497305000,28.979917,0.29629003155391,-7.31265794081753,1.58035747841627,-0.48197266,-1.1664472,0.070554934,61.797623,75.87998,-8.563077,WAL
1816502288000,28.9849,0.159647489680095,-6.15355221492891,0.859450317456556,-0.72601336,-1.4065173,0.08399397,61.565742,75.97667,-8.32942,WAL
1816507321000,28.989933,-0.0190893586876258,-5.09215418355219,0.0992993594843286,-0.9941832,-1.6807957,0.081855945,61.288475,76.15549,-8.101785,WAL
1816512311000,28.994923,-0.257274907471293,-4.20353892466213,-0.702286626138215,-1.2516629,-1.9938642,0.08674286,60.933468,76.3778,-7.8691387,WAL
1816517278000,28.99989,-0.573328667291402,-3.3649293577086,-1.5305509922914,-1.5332718,-2.255009,0.14049901,60.543167,76.6883,-7.688365,WAL
1816522337000,29.004949,-1.07608264853875,-2.61592855146124,-2.44371634853876,-1.8106046,-2.4141395,0.23090707,60.098778,77.041595,-7.5133076,WAL
1816527255000,29.009867,-1.51131035286882,-2.10324480714466,-3.13725749197911,-2.012801,-2.5137105,0.34483343,59.66037,77.46257,-7.407164,WAL
1816532307000,29.014919,-1.88225688996546,-1.88312266752043,-3.57342539589687,-2.171015,-2.627026,0.44073927,59.18303,77.908585,-7.3196335,WAL
1816537418000,29.02003,-2.24328171099248,-1.67111262760649,-4.02555160592657,-2.3200662,-2.7739391,0.52442783,58.59564,78.4355,-7.378522,WAL
1816542311000,29.024923,-2.40664346348186,-1.60474688400697,-4.59731797951847,-2.4168882,-2.9003882,0.6056729,57.984516,78.93673,-7.4683533,WAL
1816547348000,29.02996,-2.54207659302928,-1.5957828783808,-5.20013171259709,-2.4904976,-2.8921416,0.68966687,57.383636,79.42361,-7.6604705,WAL
1816552335000,29.034947,-2.56110059261103,-1.79553398008365,-5.84694476835292,-2.4923303,-2.7324002,0.79198676,56.79191,79.82881,-7.892038,WAL
1816557321000,29.039933,-2.55139103483504,-2.06265691362504,-6.41646626856374,-2.391232,-2.463314,0.8927795,56.275753,80.158356,-8.188019,WAL
1816562392000,29.045004,-2.43038043709758,-2.59510367508223,-6.69721094022725,-2.2049181,-2.169488,1.006095,55.816998,80.34453,-8.53096,WAL
1816567334000,29.049946,-2.3011736672043,-3.14845058135561,-6.86578342741935,-1.9746219,-1.9230038,1.1102476,55.487026,80.41685,-8.91578,WAL
1816572482000,29.055094,-2.12131057365591,-3.86316937548003,-6.61965505645161,-1.752267,-1.7391334,1.2165382,55.23179,80.315506,-9.343305,WAL
1816577345000,29.059957,-1.94460654656204,-4.5505301960667,-6.40148895958803,-1.5109752,-1.6707164,1.2767084,55.068844,80.105385,-9.761869,WAL
1816582342000,29.064954,-1.71460064080432,-5.34381573398725,-6.27944526066699,-1.3811663,-1.5546521,1.4352279,54.983955,79.7336,-10.241953,WAL
1816587313000,29.069925,-1.49881134908624,-6.1684661901709,-6.15504809246271,-1.105666,-1.3891076,1.5919148,54.981018,100.67507,-10.675067,WAL
1816592316000,29.074928,-1.4372815658698,-7.42272723557246,-5.99412377793144,-0.79381937,-1.1798862,1.7006488,55.039677,101.15594,-11.135532,WAL
1816597415000,29.080027,-1.38247938558153,-8.72785671828231,-5.80936880304216,-0.5235115,-0.90316427,1.7773124,55.30299,101.57561,-11.517806,WAL
1816602338000,29.08495,-1.42859758535655,-10.3235455829502,-5.37124612188203,-0.35735616,-0.569021,1.7510452,55.653366,101.99989,-11.894334,WAL
1816607662000,29.090274,-1.44579058032377,-12.0348071555911,-4.90897431891676,-0.33383787,-0.15118915,1.6942347,56.10377,102.39019,-12.236324,WAL
1816612345000,29.094957,-1.09621944165084,-13.3793115711002,-4.63111012608174,-0.42302418,0.2996294,1.6105462,56.662556,102.76744,-12.556266,WAL
1816617690000,29.100302,-0.637498975066192,-14.7879208562038,-4.25655892274263,-0.5384777,0.691194,1.5057828,57.240864,103.08806,-12.824639,WAL
1816622431000,29.105043,0.407120533497672,-14.6925788397699,-3.3114269596275,-0.70646566,0.93370754,1.3750577,57.90264,103.39154,-13.057537,WAL
1816627328000,29.10994,1.48611267301196,-14.5940996466721,-2.3351959485803,-0.88331115,1.0494665,1.2140946,58.503906,103.62235,-13.199086,WAL
1816632346000,29.114958,1.8506892797524,-13.9152148809904,-1.86769822430112,-1.070236,1.1026118,0.99082345,59.150402,103.82279,-13.284389,WAL
1816637267000,29.119879,2.04830850359425,-13.124737985623,-1.52421723917732,-1.2202033,1.0986412,0.768163,59.805927,104.003265,-13.325236,WAL
1816642348000,29.12496,2.00794123166505,-12.3665758291384,-1.15166430905131,-1.3384057,1.0418307,0.5510005,60.261337,103.99967,-13.193373,WAL
1816647246000,29.129858,1.91258286150048,-11.6491184012585,-0.788394632284608,-1.4156802,0.86132,0.32986724,60.670837,103.96061,-13.006184,WAL
1816652343000,29.134955,1.71589275490428,-11.1230557649497,-0.376510076944938,-1.4333953,0.54458636,0.13591751,60.962807,103.88828,-12.784559,WAL
1816657266000,29.139878,1.49258141369647,-10.6903899381291,0.0328941668117229,-1.4227052,0.1554652,-0.03145956,61.173046,103.78537,-12.521352,WAL
1816662351000,29.144963,1.13083028489351,-10.4691585485451,0.320446220642936,-1.4159856,-0.2779437,-0.17012598,61.23129,103.66945,-12.264943,WAL
1816667293000,29.149905,0.72857754639536,-10.3413845493451,0.547600687162284,-1.4159856,-0.5149594,-0.2919936,61.227764,103.52629,-11.978293,WAL
1816672363000,29.154975,0.169423835447154,-10.3081094878049,0.425817533235772,-1.4337007,-0.9615019,-0.3912592,60.988873,103.37556,-11.731201,WAL
1816677293000,29.159905,-0.42975802162205,-10.3127902016657,0.173037684962919,-1.4462235,-1.3078625,-0.4392121,60.708775,103.21389,-11.474862,WAL
1816682347000,29.164959,-1.10536466527811,-10.2137210925542,-0.185631384413018,-1.4517213,-1.539075,-0.5439755,60.328224,103.03968,-11.244854,WAL
1816687324000,29.169936,-1.79634825671006,-10.0727038838264,-0.580479158518343,-1.4223998,-1.5980235,-0.64965516,59.898735,102.85321,-11.010621,WAL
1816692314000,29.174926,-2.35753184416965,-9.69339306566173,-0.896909798313746,-1.3927728,-1.5635096,-0.7293731,59.43537,102.75463,-10.861285,WAL
1816697350000,29.179962,-2.86027456617271,-9.19557919034236,-1.17785426515074,-1.3561208,-1.4920384,-0.7632761,58.968937,102.63629,-10.697538,WAL
1816702353000,29.184965,-3.23433593783468,-8.70108307146334,-1.3053035416902,-1.3252722,-1.3439035,-0.70554936,58.580956,102.6378,-10.642691,WAL
1816707319000,29.189931,-3.55846111542206,-8.21026497303086,-1.37475888508422,-1.3081679,-1.1954633,-0.600786,58.220963,102.636696,-10.588631,WAL
1816712345000,29.194957,-3.68859367451525,-7.91409534938755,-1.43479554197372,-1.3008375,-1.0366384,-0.4529566,57.937195,102.75381,-10.636662,WAL
1816717362000,29.199974,-3.71956855538805,-7.71871525693528,-1.48959730404662,-1.2962561,-0.8924741,-0.26511553,57.704487,102.898224,-10.718027,WAL
1816722358000,29.20497,-3.75041378258369,-7.52415298029754,-1.54416967863625,-1.2999213,-0.7489208,-0.04153884,57.527176,103.14749,-10.888844,WAL
1816727355000,29.209967,-3.78126518376395,-7.32955176004959,-1.59875297643938,-1.3069462,-0.57910025,0.1853976,57.413353,103.434944,-11.102795,WAL
1816732330000,29.214942,-3.59033073918704,-7.3014462887895,-1.60641554977142,-1.303281,-0.3866777,0.3680463,57.36133,103.75582,-11.355028,WAL
1816737344000,29.219956,-3.27059186594116,-7.36825746505665,-1.5873266707414,-1.2608259,-0.21319197,0.48991394,57.36601,104.10231,-11.640937,WAL
1816742349000,29.224961,-2.80614821417417,-7.47120937657658,-1.4123575606006,-1.196685,-0.12522738,0.5867361,57.396076,104.52306,-11.975793,WAL
1816747337000,29.229949,-2.25625346890891,-7.5955334042042,-1.14458279715716,-1.1071932,-0.15332718,0.66767573,57.453075,104.94958,-12.331284,WAL
1816752330000,29.234942,-1.74944243922388,-7.87694100059701,-0.910211206555224,-0.9960158,-0.30451632,0.7110472,57.49774,105.33426,-12.6836815,WAL
1816757365000,29.239977,-1.26485129404975,-8.25597780457711,-0.694304214256716,-0.87689704,-0.5158757,0.7162395,57.525402,105.70475,-13.041545,WAL
1816762348000,29.24496,-0.873630139196078,-8.58134016960784,-0.659259858931373,-0.7837401,-0.74464476,0.6933321,57.44889,105.98214,-13.34034,WAL
1816767369000,29.249981,-0.534205557576471,-8.87833625764706,-0.734687516388235,-0.7171558,-0.9111055,0.6423248,57.333355,106.232155,-13.628853,WAL
1816772384000,29.254996,-0.341854227772622,-9.08121233178654,-0.949570364269142,-0.66523224,-0.96486163,0.60903263,57.11998,106.39031,-13.83943,WAL
1816777430000,29.260042,-0.254106598762231,-9.21770884606073,-1.26643681791587,-0.65057147,-1.0262536,0.5296202,56.855484,106.51431,-14.021782,WAL
1816782348000,29.26496,-0.277749497432199,-9.25939964666282,-1.57750951502212,-0.64721173,-1.0253373,0.45906523,56.569378,106.5916,-14.136666,WAL
1816787349000,29.269961,-0.374476354803808,-9.24097511232929,-1.89532628743989,-0.6719518,-0.9776898,0.40317106,56.279144,106.64995,-14.228411,WAL
1816792318000,29.27493,-0.530889097303095,-9.12750934201655,-2.15147963916641,-0.72021013,-0.906524,0.37201694,56.024845,106.71426,-14.288313,WAL
1816797346000,29.279958,-0.747325518387987,-8.92091139534171,-2.3531590420472,-0.7858781,-0.8170323,0.35308012,55.790367,106.77002,-14.329903,WAL
1816802334000,29.284946,-1.0183120278436,-8.72762853505134,-2.44994627843602,-0.87017757,-0.75411314,0.35124752,55.600105,106.881966,-14.379915,WAL
1816807416000,29.290028,-1.34027539395735,-8.54021724062006,-2.46436253957346,-0.95569867,-0.7107417,0.36926803,55.43244,107.0007,-14.425328,WAL
1816812346000,29.294958,-1.59559192486583,-8.35524180948122,-2.39500687862254,-1.0396926,-0.6719518,0.3930918,55.316265,107.183624,-14.503299,WAL
1816817354000,29.299966,-1.80531852363347,-8.1645809484198,-2.25201155634069,-1.128879,-0.6658431,0.42943826,55.20705,107.38418,-14.587693,WAL
1816822397000,29.305009,-1.97582215669268,-8.02071981942112,-2.09346370162995,-1.2043208,-0.677755,0.4709771,55.121536,107.644485,-14.724849,WAL
1816827420000,29.310032,-2.10887762086338,-7.92092819648326,-1.92239236928776,-1.273654,-0.72234815,0.514654,55.033783,107.92173,-14.871424,WAL
1816832343000,29.314955,-2.20554786096722,-7.91052192554717,-1.74842487342063,-1.3283265,-0.7672467,0.5748242,54.938778,108.23412,-15.068235,WAL
1816837345000,29.319957,-2.26964454931664,-7.98835386781994,-1.56529119812673,-1.3658947,-0.8127562,0.6105598,54.837215,108.55154,-15.267915,WAL
1816842339000,29.324951,-2.31978994329643,-8.13114108200082,-1.38892359548995,-1.3784174,-0.8735373,0.6462954,54.707672,108.88118,-15.504243,WAL
1816847336000,29.329948,-2.34922138207257,-8.37149698687987,-1.22214621072161,-1.3542882,-0.94225967,0.6783658,54.571453,109.208534,-15.745327,WAL
1816852297000,29.334909,-2.37592451470209,-8.61918926172301,-1.09661321112323,-1.3420709,-1.0054842,0.70280045,54.38312,109.52824,-15.999146,WAL
1816857460000,29.340072,-2.40043379317934,-8.88879132497274,-1.01818346881134,-1.3289373,-1.0647382,0.7199047,54.184742,109.838905,-16.254923,WAL
1816862274000,29.344886,-2.42722433386076,-9.13395544857595,-0.92135852318038,-1.2858714,-1.1099422,0.7333437,53.931866,110.12052,-16.507732,WAL
1816867359000,29.349971,-2.46093538963608,-9.3843806354826,-0.786514199505538,-1.2431108,-1.1255192,0.75136423,53.679195,110.39435,-16.758913,WAL
1816872295000,29.354907,-2.45992548424119,-9.60335033003204,-0.645420422842995,-1.1939361,-1.1490375,0.7470882,53.38192,110.637245,-16.99678,WAL
1816877432000,29.360044,-2.40738094228566,-9.79442139168851,-0.483009900726284,-1.1722504,-1.1652255,0.7489208,53.09114,110.87326,-17.232264,WAL
1816882243000,29.364855,-2.35657742559907,-10.0043488720047,-0.341513062600818,-1.135904,-1.1749994,0.7464773,52.753754,111.07497,-17.456305,WAL
1816887355000,29.369967,-2.29935160818235,-10.2904779590883,-0.212755112840444,-1.071763,-1.1795808,0.7309003,52.42008,111.256996,-17.668016,WAL
1816892248000,29.37486,-2.2084545624004,-10.5925974278884,-0.107274545516932,-1.006095,-1.1927143,0.70463306,52.03232,111.40037,-17.861853,WAL
1816897342000,29.379954,-2.01895395712151,-10.9813163059761,-0.0441076821643426,-0.91690874,-1.1979067,0.69058317,51.65314,111.52173,-18.044823,WAL
1816902288000,29.3849,-1.82072629084423,-11.3160164545184,-0.0237256559928656,-0.8197812,-1.2299771,0.66920286,51.21771,111.59004,-18.200426,WAL
1816907398000,29.39001,-1.57826944938565,-11.5487751316885,-0.111010106765755,-0.6948592,-1.2412782,0.64934975,50.79417,111.632484,-18.342237,WAL
1816912298000,29.39491,-1.31902677549593,-11.7268290342118,-0.229958996278869,-0.56199604,-1.2296717,0.6035349,50.321445,111.60624,-18.434921,WAL
1816917323000,29.399935,-0.977758439127935,-11.7821695253474,-0.451322265828462,-0.41691554,-1.1899655,0.55741453,49.86106,111.552895,-18.512445,WAL
1816922353000,29.404965,-0.626421044607566,-11.8173304243365,-0.693893985767928,-0.28405234,-1.1151345,0.50915617,49.411304,111.44011,-18.532434,WAL
1816927450000,29.410062,-0.22676645460192,-11.7622059808018,-1.03383010243365,-0.1518,-0.9737192,0.4654793,48.998074,111.29796,-18.529022,WAL
1816932424000,29.415036,0.166713380821504,-11.6884047287828,-1.36298993385684,-0.047036625,-0.81214535,0.42577308,48.590107,111.139435,-18.4895,WAL
1816937343000,29.419955,0.598290583942414,-11.3706496101883,-1.65703154042082,0.03604105,-0.64721173,0.39553526,48.228596,110.959465,-18.429255,WAL
1816942365000,29.424977,1.04265684357262,-11.0452072654424,-1.94570658931553,0.09315695,-0.49357912,0.37018433,47.918316,110.77277,-18.327291,WAL
1816947307000,29.429919,1.52504993182497,-10.7125230807486,-2.09125615351902,0.10354166,-0.32620203,0.3359759,47.66142,110.57318,-18.204334,WAL
1816952305000,29.434917,2.01290923070908,-10.3760691035937,-2.23845500456902,0.07971791,-0.18875736,0.2828306,47.455585,110.3689,-18.042566,WAL
1816957364000,29.439976,1.97166879402638,-10.5794039831265,-1.99865684453064,0.0033597588,-0.06872234,0.20677789,47.29113,110.15653,-17.85746,WAL
1816962348000,29.44496,1.79115074996121,-10.9219249365787,-1.66076426392552,-0.08979719,-0.00030543262,0.110872045,47.147762,109.93243,-17.648565,WAL
1816967334000,29.449946,1.45787912338152,-11.2792075059469,-1.24064947151327,-0.20250183,0.0076358155,0.021991149,47.017807,109.68259,-17.377764,WAL
1816972378000,29.45499,1.06454138572736,-11.646028137237,-0.785438365690759,-0.25045475,-0.016798794,-0.0143553335,46.893757,109.42749,-17.094986,WAL
1816977289000,29.459901,0.700972384597589,-11.9554474393468,-0.45940189968507,-0.3200934,-0.09712757,-0.058337633,46.69489,109.138466,-16.791597,WAL
1816982308000,29.46492,0.345896994875583,-12.2310982566096,-0.225799667293935,-0.35460728,-0.18112154,-0.06658431,46.48621,108.85514,-16.493559,WAL
1816987391000,29.470003,0.0437072344029076,-12.4650398592939,-0.0979012234195223,-0.31795537,-0.21594086,-0.06078109,46.169743,108.57049,-16.241331,WAL
1816992313000,29.474925,-0.191243766041537,-12.6461474815161,-0.0832167834639668,-0.24984388,-0.22418754,-0.06872234,45.837322,108.28528,-15.989576,WAL
1816997332000,29.479944,-0.335932341108312,-12.8577469978686,-0.128682892837047,-0.14782938,-0.20952678,-0.086437434,45.458096,108.0139,-15.782151,WAL
1817002240000,29.484852,-0.404237360352645,-13.0854302685526,-0.219756270532067,-0.026267206,-0.172264,-0.10262536,45.088364,107.73399,-15.574647,WAL
1817007278000,29.48989,-0.463223864723089,-13.3765967946568,-0.263612444686038,0.12217305,-0.12492194,-0.13316862,44.735954,107.45178,-15.379846,WAL
1817012219000,29.494831,-0.50936175299337,-13.7226310771256,-0.254384862214314,0.29168814,-0.062002823,-0.16829337,44.404408,107.15184,-15.179177,WAL
1817017219000,29.499831,-0.521654020950413,-14.0899808553719,-0.192500736698864,0.4728097,0.0061086523,-0.2321288,44.099632,106.829865,-14.964606,WAL
1817022262000,29.504874,-0.486729328776859,-14.4841308991736,-0.0577912782886364,0.6969972,0.0852157,-0.28924468,43.82105,106.48235,-14.742278,WAL
1817027213000,29.509825,-0.425550165167716,-14.7839711825613,0.018319478194682,0.91232723,0.15271631,-0.3643811,43.512703,106.11334,-14.506824,WAL
1817032208000,29.51482,-0.335657943106267,-14.9952174904632,0.0362979230762943,1.1142182,0.20280726,-0.4569272,43.226574,105.71169,-14.251723,WAL
1817037262000,29.519874,-0.207772367410434,-15.1902637281584,-0.00734362660255605,1.2760975,0.24251351,-0.5531385,42.91973,105.26186,-13.965398,WAL
1817042224000,29.524836,-0.0186078596668762,-15.3495607696417,-0.156684030954536,1.4263704,0.3118467,-0.6600399,42.641144,104.78191,-13.652751,WAL
1817047194000,29.529806,0.150239118280719,-15.4130202110733,-0.274543196969403,1.5922203,0.36957347,-0.7770206,42.361286,104.25435,-13.296588,WAL
1817052217000,29.534829,0.295089362379796,-15.3569489914522,-0.353977197076251,1.7641789,0.4092797,-0.91874135,42.100464,103.69954,-12.909425,WAL
1817057218000,29.53983,0.463939303105994,-15.1372644720992,-0.437145745367582,1.9077321,0.44990227,-1.0699304,41.84581,103.11097,-12.475055,WAL
1817062210000,29.544822,0.670958933457337,-14.6620605606732,-0.526540600708592,2.032654,0.46181414,-1.1976013,41.597584,102.50425,-12.0165615,WAL
1817067197000,29.549809,0.811188103775612,-14.1535435460513,-0.621235114939328,2.1135938,0.4783075,-1.2476922,41.368244,101.885506,-11.531018,WAL
1817072246000,29.554858,0.830425547057887,-13.5764198458325,-0.727041007794908,2.2947154,0.47647488,-1.3338243,41.138145,101.239426,-11.010256,WAL
1817077207000,29.559819,0.695860376460262,-13.0908778390483,-0.862547378289513,2.5329528,0.4569272,-1.3784174,40.93528,100.60176,-10.478036,WAL
1817082200000,29.564812,0.270416741115765,-12.7562594877537,-1.05853829162451,2.8160887,0.48380527,-1.4269812,40.74643,99.97376,-9.930529,WAL
1817087246000,29.569858,-0.237596927833416,-12.4894374523551,-1.15756523992298,3.0955596,0.569021,-1.5204436,40.599323,99.37821,-9.375983,WAL
1817092197000,29.574809,-0.879033074564234,-12.3583413083835,-1.07328892387677,3.3328807,0.6365216,-1.6468927,40.456154,81.17388,-8.8078575,WAL
1817097196000,29.579808,-1.52471509824272,-12.2472839506796,-0.9812888867,3.462995,0.64568454,-1.7580702,40.40569,81.60022,-8.290607,WAL
1817102227000,29.584839,-2.17024578545631,-12.1817949840777,-0.8737004486,3.4816265,0.61178154,-1.8246545,40.363148,81.94855,-7.7602596,WAL
1817107229000,29.589841,-2.79724895328123,-12.1401275301072,-0.839069711076044,3.4168746,0.58276546,-1.8677205,40.358532,82.125046,-7.314425,WAL
1817112220000,29.594832,-3.38149273301272,-12.1640719288648,-1.00668061739104,3.3139439,0.6068946,-1.8591684,40.359356,82.21056,-6.8752437,WAL
1817117230000,29.599842,-3.95425090467218,-12.2641089840415,-1.25798475047106,3.1936035,0.6407976,-1.8212948,40.374695,82.15138,-6.541181,WAL
1817122243000,29.604855,-4.48962769024226,-12.5733352288022,-1.73797781372813,3.042109,0.7189884,-1.78617,40.408512,82.05005,-6.2188416,WAL
1817127216000,29.609828,-5.02776541433991,-12.8851790986343,-2.16616044279211,2.876259,0.8231409,-1.7492126,40.535572,81.862465,-6.008471,WAL
1817132211000,29.614823,-5.59940360795713,-13.2209033569803,-2.38392747295144,2.6942213,0.8436049,-1.7259997,40.65712,81.67709,-5.8102303,WAL
1817137214000,29.619826,-6.16345586817945,-13.5514148799833,-2.57529889969814,2.5561657,0.73548174,-1.7159204,40.860275,81.47899,-5.7085667,WAL
1817142217000,29.624829,-6.62228538823774,-13.8107532771937,-2.43565499913605,2.4373524,0.50579643,-1.7085901,41.02691,81.30741,-5.611072,WAL
1817147214000,29.629826,-7.05895907480689,-14.0416605300059,-2.32922570596158,2.3142629,0.16523905,-1.706452,41.238525,81.12137,-5.587168,WAL
1817152208000,29.63482,-7.37628756761735,-14.1174399548425,-2.40500562535155,2.2308798,-0.15454891,-1.6985108,41.380547,80.95387,-5.5567284,WAL
1817157229000,29.639841,-7.65838305250597,-14.1741303400955,-2.64669564689737,2.0980167,-0.20005837,-1.717753,41.593903,80.76672,-5.564087,WAL
1817162229000,29.644841,-7.70600039538584,-14.1074661595068,-3.93236484936356,1.8958203,-0.04153884,-1.8057177,41.76619,80.63028,-5.544399,WAL
1817167219000,29.649831,-7.65766227628825,-13.9469310789733,-4.96424227237907,1.7232509,0.45540005,-1.8683313,42.081326,80.487495,-5.574066,WAL
1817172269000,29.654881,-6.92243192880553,-13.111442727542,-4.2099150482922,1.3649784,0.61544675,-1.8988746,42.334465,80.44916,-5.574255,WAL
1817177209000,29.659821,-6.1954565117988,-12.3341092043423,-3.53307481622949,1.2342533,0.398895,-1.8023579,42.61727,80.485886,-5.627055,WAL
1817182228000,29.66484,-5.38325958568622,-11.9232883499361,-3.42446718663916,1.2305881,0.22876903,-1.6820174,42.946163,80.57461,-5.6776567,WAL
1817187276000,29.669888,-4.54085854743257,-11.4994333492507,-3.31404781398601,1.251052,0.3481932,-1.5855007,43.24495,80.643524,-5.643279,WAL
1817192204000,29.674816,-3.39989254127872,-10.9525243030969,-3.19146467552448,1.2907583,0.58246,-1.457219,43.51658,80.68172,-5.649936,WAL
1817197281000,29.679893,-2.25946116465036,-10.4175836544708,-3.02329399347535,1.3784174,0.9334021,-1.2996159,43.79622,80.72763,-5.580922,WAL
1817202308000,29.68492,-1.58340436852121,-10.2566173664501,-2.31504391092854,1.491122,1.178359,-1.2076806,44.107014,80.74635,-5.538662,WAL
1817207645000,29.690257,-0.887962930475539,-10.0925120043941,-1.57817748966898,1.6337591,1.2458596,-1.2495248,44.451508,80.766785,-5.3388233,WAL
1817212233000,29.694845,-0.669150507680891,-10.066769296846,-1.20061882430427,1.7763962,1.2901474,-1.3197744,44.852245,80.7465,-5.172193,WAL
1817217261000,29.699873,-0.429353458463041,-10.0385578030466,-0.786851394170491,1.8903224,1.3750577,-1.3720033,45.23767,80.668724,-4.8912363,WAL
1817222291000,29.704903,-0.210790349571986,-10.3402452718359,-0.600224789704852,1.9333885,1.4853189,-1.4080443,45.63977,80.56711,-4.607302,WAL
1817227249000,29.709861,0.00298466850225113,-10.6632834022011,-0.433955345422711,1.8839084,1.5125023,-1.4202617,46.03786,80.45083,-4.3253016,WAL
1817232286000,29.714898,0.339786024822945,-10.4897951939445,-0.160123462806986,1.749518,1.459357,-1.3994923,46.42829,80.29808,-4.005424,WAL
1817237234000,29.719846,0.680088291822502,-10.2797319973845,0.117159864526997,1.6184875,1.393689,-1.3634512,46.816395,80.14274,-3.6978934,WAL
1817242299000,29.724911,0.896203112703051,-9.93284446454663,-0.334385671465406,1.565953,1.3753631,-1.3130548,47.198086,79.97152,-3.3661623,WAL
1817247262000,29.729874,1.04428661453911,-9.52944502094972,-1.13097263163408,1.5289958,1.4801265,-1.2498302,47.58838,79.813484,-3.062233,WAL
1817252269000,29.734881,0.771101572898349,-9.22811559956236,-1.89015903845236,1.5201381,1.7143933,-1.1676689,47.982716,79.61089,-2.7201781,WAL
1817257244000,29.739856,0.401469583043565,-8.95326045733042,-2.63416187637756,1.534188,1.928807,-1.0775663,48.392124,79.394684,-2.4144108,WAL
1817262252000,29.744864,0.0840680322032223,-8.63266508737768,-3.18690703665118,1.5146403,2.0305161,-1.0366384,48.881676,79.23111,-2.1126652,WAL
1817267282000,29.749894,-0.220663179539389,-8.2993655638035,-3.69161819124246,1.5018122,2.209805,-0.97494096,49.442505,79.0508,-1.8663583,WAL
1817272254000,29.754866,-0.480320481465465,-7.9555118044044,-4.0395508787988,1.491122,2.346639,-0.9211848,50.082344,78.935684,-1.7132957,WAL
1817277263000,29.759875,-0.730015355912913,-7.60497857487487,-4.34686761957958,1.4761559,2.475226,-0.86193085,50.761063,78.82658,-1.5953388,WAL
1817282264000,29.764876,-0.922317385336314,-7.25703485082961,-4.40009508280179,1.4556919,2.5619688,-0.8029824,51.51204,78.764336,-1.5677923,WAL
1817287245000,29.769857,-1.09767522490214,-6.91105864887233,-4.38113744134128,1.4624114,2.586098,-0.7699956,52.27396,78.70585,-1.5589678,WAL
1817292252000,29.774864,-1.26192858938767,-6.61245992684584,-4.26510219852333,1.4605788,2.577546,-0.7263188,53.056496,78.69592,-1.6328123,WAL
1817297268000,29.77988,-1.42271484479228,-6.32871950227407,-4.11850285818074,1.425454,2.557082,-0.6973027,53.836575,78.70235,-1.7166694,WAL
1817302198000,29.78481,-1.59089787826986,-6.05669560968409,-3.86917682450546,1.3906348,2.519819,-0.6719518,54.64721,78.69053,-1.8336141,WAL
1817307232000,29.789844,-1.76644724591084,-5.78151005019191,-3.57501311969294,1.3481796,2.493552,-0.65668017,55.44797,78.70096,-1.9585947,WAL
1817312224000,29.794836,-1.96909141826087,-5.6404392626087,-3.43499240417391,1.2932017,2.457511,-0.6401868,56.26592,78.693726,-2.1052492,WAL
1817317213000,29.799825,-2.18415661780051,-5.55734574506394,-3.36167482574936,1.2247849,2.410169,-0.6273586,57.06581,78.7132,-2.254551,WAL
1817322255000,29.804867,-2.27980716745199,-5.15764208631954,-2.69624375195011,1.1768318,2.3881776,-0.62796944,57.895306,78.69286,-2.4083834,WAL
1817327225000,29.809837,-2.33163498867551,-4.65349949475351,-1.83401821977826,1.1551461,2.3237314,-0.6310238,58.691814,78.69507,-2.5605235,WAL
1817332221000,29.814833,-2.35309723344185,-4.3005134217224,-1.14230698844037,1.0503827,2.2687535,-0.605062,59.532204,78.70543,-2.7455175,WAL
1817337234000,29.819846,-2.36256916762356,-4.00688326427937,-0.517158907155963,0.85918194,2.200642,-0.57848936,60.344753,78.75522,-2.924774,WAL
1817342227000,29.824839,-2.35885463221745,-3.77134497060058,0.117712326161687,0.6985244,2.1423044,-0.54428095,61.12535,78.69448,-3.091363,WAL
1817347222000,29.829834,-2.34929410138903,-3.5610130927151,0.758268360867393,0.56077427,2.0332649,-0.50610185,61.86543,78.68476,-3.259935,WAL
1817352295000,29.834907,-2.40316986069185,-3.43868230632793,1.17245540801537,0.39767328,1.9208658,-0.45631635,62.56689,78.63068,-3.4151204,WAL
1817357336000,29.839948,-2.48463411252461,-3.35721800723727,1.48020961583388,0.22907446,1.7956384,-0.41722095,63.228157,78.61721,-3.5717084,WAL
1817362312000,29.844924,-2.56893311125787,-3.36501279414753,1.67867154852672,0.07574729,1.7357736,-0.37965274,63.844646,78.546394,-3.7201996,WAL
1817367327000,29.849939,-2.65677082097135,-3.43821080065027,1.80066832794148,-0.004886922,1.6206255,-0.3662137,64.405716,78.501236,-3.8636951,WAL
1817372323000,29.854935,-2.70503890998081,-3.48076020998081,1.79529007292706,-0.15332718,1.5042557,-0.34147367,64.93936,78.458145,-4.0224066,WAL
1817377319000,29.859931,-2.72799749577735,-3.50371879577735,1.70804739895393,-0.29626966,1.4016303,-0.31948254,65.44038,78.43292,-4.1791205,WAL
1817382305000,29.864917,-2.70683130009931,-3.50232823080743,1.57737401018969,-0.41813725,1.3106114,-0.2864958,65.91247,78.41594,-4.348535,WAL
1817387295000,29.869907,-2.64513232145198,-3.47859785440461,1.40651520097328,-0.53786683,1.2409728,-0.2666427,66.357666,78.432594,-4.5155897,WAL
1817392311000,29.874923,-2.55015213190059,-3.47175139555918,1.2300725046649,-0.63224554,1.1679744,-0.2406809,66.78355,78.47598,-4.69279,WAL
1817397311000,29.879923,-2.42334580678346,-3.48150572434304,1.04961726938277,-0.73548174,1.1038336,-0.22021692,67.18817,78.546974,-4.869444,WAL
1817402283000,29.884895,-2.28187910776794,-3.52648719783677,0.883665260668633,-0.82741696,1.0387764,-0.19730948,67.58015,78.6539,-5.039484,WAL
1817407389000,29.890001,-2.12320912853491,-3.60341809990167,0.724995381848574,-0.89888823,0.95386606,-0.18478674,67.94495,78.77522,-5.20609,WAL
1817412344000,29.894956,-1.95592067939068,-3.69086647385504,0.638918164948228,-0.956615,0.8756753,-0.17195857,68.30041,78.9366,-5.3500786,WAL
1817417361000,29.899973,-1.77414254157706,-3.79132285786539,0.614999972094783,-1.0268645,0.7855727,-0.16798794,68.62598,79.11227,-5.487981,WAL
1817422347000,29.904959,-1.62779010165134,-3.86916352405814,0.622581471108474,-1.0858129,0.66828656,-0.16462818,68.92376,79.32794,-5.5869064,WAL
1817427346000,29.909958,-1.51417523399585,-3.92597090845446,0.660453090364877,-1.1426234,0.54825157,-0.15760323,69.19338,79.5524,-5.681478,WAL
1817432335000,29.914947,-1.46235641009245,-3.99085752049307,0.717816913780817,-1.1890492,0.45051312,-0.1432479,69.44797,79.79528,-5.7175274,WAL
1817437351000,29.919963,-1.47623465416025,-4.06487482218798,0.796460345136749,-1.2391402,0.36102137,-0.116675265,69.6694,80.04319,-5.752952,WAL
1817442331000,29.924943,-1.53388550014274,-4.16386817586664,0.892239500142741,-1.2803736,0.28680122,-0.0711658,69.8713,80.29247,-5.7545643,WAL
1817447342000,29.929954,-1.65620754563622,-4.30086890564845,1.01456154563622,-1.3414601,0.23243423,-0.02321288,70.052414,80.54632,-5.761431,WAL
1817452261000,29.934873,-1.77686281536699,-4.43946012941682,1.14110987918297,-1.4065173,0.20708331,0.036651913,70.22242,80.77964,-5.777016,WAL
1817457382000,29.939994,-1.90324979921733,-4.58925218993032,1.28153985037702,-1.4856243,0.20738874,0.13713925,70.38133,81.00558,-5.8161116,WAL
1817462245000,29.944857,-1.96064001364171,-4.86801005970208,1.45341090490004,-1.5781704,0.20922135,0.19272798,70.52267,81.21174,-5.881674,WAL
1817467310000,29.949922,-1.8940885245688,-5.43369764236574,1.7101094630635,-1.6349808,0.20097467,0.3136793,70.65559,81.38333,-5.9919353,WAL
1817472300000,29.954912,-1.76229798384661,-6.1696689415756,2.04864599077091,-1.7088956,0.22937989,0.43799037,70.78603,81.521996,-6.140862,WAL
1817477309000,29.959921,-1.47636380188754,-7.32293665289092,2.58715534025432,-1.7376062,0.2874121,0.5687156,70.91841,81.61939,-6.322971,WAL
1817482283000,29.964895,-1.15740229768088,-8.55064825227599,3.1596156287494,-1.674687,0.35613444,0.66431594,71.07356,81.67339,-6.468552,WAL
1817487286000,29.969898,-0.74875486045999,-9.99239323095352,3.82998119099185,-1.5567901,0.3885103,0.7666359,71.22982,81.68169,-6.6492596,WAL
1817492273000,29.974885,-0.315877878647819,-11.5005282908956,4.56843615642146,-1.3561208,0.47800204,0.8063421,71.42841,81.67551,-6.6928496,WAL
1817497305000,29.979917,0.226393989221613,-13.3155706440993,5.6036822964754,-1.0742066,0.52748215,0.8179486,71.61818,81.61985,-6.7581635,WAL
1817502402000,29.985014,0.823734150779989,-15.1119643033889,6.66778061915008,-0.6927212,0.5491679,0.7486154,71.81712,81.57508,-6.618838,WAL
1817507326000,29.989938,2.02102972835933,-16.304186810113,7.895515787305,-0.20311269,0.5516113,0.5369505,72.01969,81.47926,-6.4621863,WAL
1817512301000,29.994913,3.19412385540541,-17.3834577567568,8.88235845945946,0.26725355,0.5696318,0.19425514,72.146706,81.31913,-6.1185184,WAL
1817517325000,29.999937,4.22398285181495,-17.943472699349,8.80642459952653,0.5900958,0.68875057,-0.15882497,72.310745,81.091835,-5.75482,WAL
1817522311000,30.004923,5.18434515670738,-18.4548147971877,8.65540787207226,0.73639804,0.9111055,-0.44684792,72.40518,80.7581,-5.194351,WAL
1817527310000,30.009922,5.83787120457765,-18.7447254989223,8.12472505316638,0.7657196,1.1148291,-0.6750061,72.5488,80.35449,-4.6160216,WAL
1817532306000,30.014918,6.20090494045033,-18.7094435448351,7.63148562204227,0.7360926,1.1578951,-0.7870999,72.69415,79.96752,-3.9488385,WAL
1817537289000,30.019901,5.51755730357496,-17.5029803120679,7.27331706972151,0.691194,1.0732902,-0.8008443,72.87484,79.53942,-3.3057945,WAL
1817542309000,30.024921,4.54443238086528,-15.7357901519522,6.81899283714386,0.61941737,0.9221011,-0.75900006,73.06447,79.19309,-2.6459463,WAL
1817547304000,30.029916,2.37809245630496,-11.6555003175783,5.97348938040802,0.54825157,0.7632761,-0.68416905,73.23171,78.82467,-2.03082,WAL
1817552321000,30.034933,0.202211094639465,-7.5572392366866,5.12426198452339,0.4474588,0.65179324,-0.6065892,73.38902,78.461754,-1.5247483,WAL
1817557352000,30.039964,-0.464579922386591,-6.40300090823722,4.78148233248244,0.32986724,0.6026186,-0.54244834,73.514565,78.1106,-1.0570368,WAL
1817562348000,30.04496,-0.996771343367676,-5.51029263675227,4.48473043204675,0.14813483,0.6035349,-0.50488013,73.61878,77.799065,-0.62350774,WAL
1817567332000,30.049944,-1.52768448231278,-4.61972858049106,4.18869130639192,0.04734206,0.6383542,-0.41386122,73.72157,77.48603,-0.4964824,WAL
1817572622000,30.055234,-2.10040259510439,-3.6727156937365,3.85219988855292,-0.1740966,0.6844745,-0.30634892,73.81599,77.26264,-0.38917005,WAL
1817577311000,30.059923,-2.71004430695259,-2.81367526855909,3.30721713810552,-0.38698313,0.69027776,-0.1826487,73.898834,77.06632,-0.31410658,WAL
1817582317000,30.064929,-3.34267979354935,-2.01833607098698,2.7330487839181,-0.5681047,0.6627888,-0.021991149,73.998146,76.95274,-0.40390152,WAL
1817587288000,30.0699,-3.74014802825763,-2.77068696515257,2.2598721846238,-0.7296785,0.54733527,0.14782938,74.06567,76.889656,-0.5274244,WAL
1817592382000,30.074994,-4.15090651545779,-3.575248873612,1.80808239122839,-0.8717047,0.38087448,0.3277292,74.13195,76.91899,-0.7754071,WAL
1817597305000,30.079917,-4.59076339453032,-4.76976229750297,1.78220843067776,-1.0503827,0.17531833,0.4801401,74.144875,76.993034,-1.0568285,WAL
1817602267000,30.084879,-5.03410481926278,-5.97373865528217,1.75612949664319,-1.2724323,-0.01740966,0.6010914,74.15584,77.20387,-1.4255718,WAL
1817607370000,30.089982,-4.71109478072686,-7.9485407567178,1.91391199514053,-1.5161675,-0.2507602,0.7180721,74.087616,77.44961,-1.823164,WAL
1817612280000,30.094892,-4.28507349729229,-9.95761923772264,2.09303473991558,-1.7412714,-0.5549711,0.7959574,73.93967,77.728195,-2.2304084,WAL
1817617336000,30.099948,-4.29136494760838,-12.0413368868972,1.79279699136873,-1.9236146,-0.95325524,0.8564331,73.7231,78.07564,-2.7025054,WAL
1817622304000,30.104916,-4.33307930528982,-14.089976987433,1.45908188792986,-2.026851,-1.3500122,0.97585726,73.41267,78.41677,-3.1964495,WAL
1817627309000,30.109921,-4.97658211377504,-15.5148151879815,0.632445088807396,-2.042428,-1.7140878,1.133155,73.02137,78.79268,-3.6070037,WAL
1817632284000,30.114896,-5.70091727710324,-16.8411317904468,-0.258291452178737,-1.9404135,-1.9013181,1.2669345,72.56681,79.113815,-4.027956,WAL
1817637296000,30.119908,-5.33328792757861,-17.541585904266,-0.623495591227719,-1.7140878,-1.8310685,1.3182472,72.15421,79.478645,-4.423756,WAL
1817642254000,30.124866,-4.88157833028239,-18.1834885223313,-0.942069711544162,-1.3264939,-1.5354098,1.2498302,71.75866,79.725136,-4.8137603,WAL
1817647305000,30.129917,-3.43668025450279,-18.5309108336756,0.0187350477266059,-0.7968737,-1.138042,1.0375546,71.4885,79.95836,-5.2561045,WAL
1817652311000,30.134923,-1.92254088301555,-18.8496775633128,1.07816382942212,-0.24373524,-0.86926126,0.7348709,71.27344,80.065796,-5.6444173,WAL
1817657343000,30.139955,-1.05536562410777,-18.1323262961697,1.9803637165276,0.12858713,-0.8582657,0.43493605,71.153275,80.18309,-5.8831677,WAL
1817662246000,30.144858,-0.290640243391977,-17.3062336425053,2.83949964257565,0.26939157,-0.9761627,0.28588495,71.076904,80.23256,-6.076507,WAL
1817667348000,30.14996,-0.120376847091818,-15.794515566291,3.0123172955316,0.2770274,-1.0946705,0.040927973,71.03095,80.309494,-5.8995767,WAL
1817672361000,30.154973,-0.0309930057162175,-14.2279459434591,3.09229235436551,0.22388211,-1.108415,-0.118507855,70.97894,80.36975,-5.7176137,WAL
1817677309000,30.159921,-0.141100628614485,-12.3822901746755,2.7492390716239,0.119729586,-1.0216721,-0.20433442,70.86935,80.39245,-5.4169345,WAL
1817682244000,30.164856,-0.281578807214505,-10.4952000572674,2.34185225462202,-0.017104227,-0.89888823,-0.23304509,70.76634,80.43608,-5.106291,WAL
1817687289000,30.169901,-0.459847284519996,-8.75803952629952,1.84694683803503,-0.1591304,-0.8426886,-0.22113322,70.64815,80.458786,-4.8036695,WAL
1817692319000,30.174931,-0.644826667530205,-7.06615486010115,1.33712569258219,-0.31795537,-0.9236283,-0.1966986,70.52262,80.50886,-4.5087986,WAL
1817697307000,30.179919,-0.891888524429291,-5.47282839445597,0.582588642267023,-0.49938235,-1.1142182,-0.13683382,70.363495,80.59141,-4.2738495,WAL
1817702315000,30.184927,-1.16678897293211,-3.90873972276905,-0.280030028668841,-0.7687739,-1.349096,-0.046731193,70.16487,80.721634,-4.057144,WAL
1817707319000,30.189931,-1.55342907910938,-2.78562002860132,-1.22140919793784,-1.056186,-1.6084082,0.06169739,69.881744,80.909645,-3.9184146,WAL
1817712311000,30.194923,-1.99159235561865,-1.8711924011058,-2.19775115227137,-1.3161092,-1.806634,0.19058995,69.549484,81.14005,-3.8077397,WAL
1817717357000,30.199969,-2.37255171119293,-1.21521072986745,-3.06618595463918,-1.5421293,-1.9507982,0.32589662,69.13965,81.478806,-3.8119586,WAL
1817722332000,30.204944,-2.71871777967599,-0.695961622258223,-3.8661102209622,-1.6957619,-2.0357084,0.47861293,68.69113,81.83613,-3.8558617,WAL
1817727305000,30.209917,-2.92245385752742,-0.341203564805583,-4.43109201316052,-1.822211,-2.0631974,0.6282749,68.22524,82.293045,-4.028706,WAL
1817732307000,30.214919,-3.04583361508807,-0.0785240792239947,-4.86491132560651,-1.9453003,-2.1255057,0.7641924,67.723946,82.72813,-4.2448564,WAL
1817737299000,30.219911,-3.16640114913399,0.077519117421103,-5.31937346079056,-2.0720549,-2.1988094,0.8744536,67.2574,83.173454,-4.55814,WAL
1817742347000,30.224959,-3.27941380564233,-0.13309533442461,-5.85361487080013,-2.1459696,-2.198504,0.95356065,66.796234,83.512764,-4.911828,WAL
1817747239000,30.229851,-3.32547422802117,-0.442134425541507,-6.28473933862589,-2.1517727,-2.1114557,1.0225884,66.375404,83.73497,-5.329015,WAL
1817752283000,30.234895,-3.24498883596001,-0.972390870273449,-6.55460199000294,-2.080607,-2.0390682,1.1023064,65.95634,83.758865,-5.7819285,WAL
1817757362000,30.239974,-3.14806012456441,-1.64457955755867,-6.69649799733105,-1.9642372,-1.8457294,1.1377366,65.64308,83.59751,-6.264187,WAL
1817762312000,30.244924,-3.01915088748112,-2.59946302417162,-6.55326541751435,-1.894904,-1.7040086,1.2153164,65.34438,83.204185,-6.7891192,WAL
1817767236000,30.249848,-2.87561543500695,-3.60999424127803,-6.4417680349871,-1.7272215,-1.5625933,1.2815952,65.13964,97.33899,-7.3042927,WAL
1817772333000,30.254945,-2.69156154107958,-4.79665645864259,-6.39817639513792,-1.5396858,-1.3674219,1.3384057,65.00261,98.02606,-7.8420153,WAL
1817777259000,30.259871,-2.49765038680154,-5.9930560433526,-6.43345522466281,-1.3891076,-1.1523973,1.3994923,64.93103,98.75945,-8.353583,WAL
1817782306000,30.264918,-2.26017056030829,-7.33877587052023,-6.65696575256262,-1.2534955,-0.906524,1.4785993,64.93784,99.55337,-8.881777,WAL
1817787277000,30.269889,-2.05679694959539,-8.79111997400364,-6.80155071746915,-1.1010846,-0.54336464,1.5986344,65.09476,100.29797,-9.346421,WAL
1817792322000,30.274934,-1.95905270273113,-10.7166815504754,-6.67937031958325,-0.8903361,-0.14935656,1.6786577,65.34447,101.04497,-9.808483,WAL
1817797276000,30.279888,-1.82272045923167,-12.559950247354,-6.43477319019992,-0.70616025,0.24801129,1.7165314,65.8046,101.68118,-10.146613,WAL
1817802295000,30.284907,-1.55893221727754,-14.2792848382007,-5.79885511833595,-0.59498274,0.5885687,1.6985108,66.36803,102.30782,-10.475148,WAL
1817807392000,30.290004,-1.23157203227663,-15.7879130877474,-5.03038874045573,-0.56046885,0.79229224,1.616044,67.07569,102.740944,-10.653603,WAL
1817812311000,30.294923,-0.713691305830502,-16.4376183046172,-3.8722190885069,-0.698219,0.89827734,1.4779885,67.83991,103.174706,-10.809373,WAL
1817817365000,30.299977,-0.160156059459304,-16.8529554506759,-2.82044536005177,-0.9410379,0.97127575,1.3267993,68.56556,103.449585,-10.862895,WAL
1817822329000,30.304941,0.459663761658518,-16.3653022937398,-2.27810301895312,-1.2070698,1.0852021,1.1566733,69.31216,103.73051,-10.880768,WAL
1817827283000,30.309895,1.04853975381612,-15.8384322195979,-1.75311273919578,-1.4340062,1.201572,0.91507614,69.874275,103.889824,-10.826258,WAL
1817832308000,30.31492,1.41958725454812,-14.9977049918993,-1.34449078379856,-1.6016886,1.2745703,0.657291,70.44163,104.056984,-10.726422,WAL
1817837324000,30.319936,1.76922772744424,-14.1644415922177,-0.900206677508107,-1.7055358,1.1972959,0.38728857,70.88659,104.16286,-10.543038,WAL
1817842319000,30.324931,1.86323611095608,-13.407673815368,-0.0118277429006583,-1.7620409,0.88361657,0.12217305,71.26821,104.25264,-10.306727,WAL
1817847488000,30.3301,1.90425927767624,-12.6296325639687,0.899969793733681,-1.7876972,0.33261612,-0.11178834,71.496506,104.29718,-10.017278,WAL
1817852326000,30.334938,1.24754965843902,-11.9642821477061,1.66037039835882,-1.7647897,-0.37995818,-0.3118467,71.574684,104.31375,-9.69872,WAL
1817857319000,30.339931,0.569800355245244,-11.2776152133532,2.44513274207385,-1.6902641,-0.77488256,-0.39370266,71.52278,104.2299,-9.374802,WAL
1817862315000,30.344927,-0.171668245383833,-10.8731428134632,1.89178693842396,-1.6282613,-1.455081,-0.5693264,71.172676,104.099884,-9.03156,WAL
1817867875000,30.350487,-1.00518555148057,-10.4602550146845,1.09955843106717,-1.4706581,-2.047315,-0.8246681,70.72981,103.91509,-8.669719,WAL
1817872316000,30.354928,-1.6709500040661,-10.1304645984298,0.466773035173015,-1.2284501,-2.1178699,-0.893085,70.25628,103.63306,-8.401171,WAL
1817877247000,30.359859,-2.41017191708103,-9.76428658839779,-0.235831060110497,-1.1759156,-2.133447,-0.99265605,69.531075,103.36843,-8.131425,WAL
1817882306000,30.364918,-2.88285134737432,-9.1311095455287,-0.714276291714082,-1.0482447,-2.0002782,-0.9999864,68.83667,103.039024,-7.866826,WAL
1817887269000,30.369881,-3.25603240933007,-8.42836554695626,-1.10684337721016,-0.9239337,-1.8261817,-0.9434814,68.15478,102.69565,-7.5943537,WAL
1817892311000,30.374923,-3.46721325495995,-7.84092997303348,-1.25872171912097,-0.8179486,-1.6789632,-0.8338311,67.60478,102.65655,-7.5022144,WAL
1817897245000,30.379857,-3.63219232193469,-7.29746983602382,-1.34606360195112,-0.7312057,-1.5632042,-0.6808093,67.10736,102.608055,-7.432046,WAL
1817902315000,30.384927,-3.62253436144158,-7.06015536812633,-1.51506531683782,-0.68539083,-1.491122,-0.49877146,66.645935,102.68747,-7.4570503,WAL
1817907322000,30.389934,-3.58072469874055,-6.88362553564232,-1.69624061889169,-0.6774496,-1.4352279,-0.30482176,66.226585,102.780106,-7.5237474,WAL
1817912310000,30.394922,-3.44706768077538,-6.91185267040368,-1.88122534848122,-0.711658,-1.346347,-0.1423316,65.854515,102.93928,-7.6511445,WAL
1817917290000,30.399902,-3.2898081579936,-6.99286494978018,-2.06707747557954,-0.7528914,-1.2067643,-0.017104227,65.52526,103.121315,-7.816483,WAL
1817922310000,30.404922,-2.93596947332125,-7.12074864612906,-2.11833133313198,-0.8026769,-1.0607675,0.074830994,65.23444,103.36935,-8.01772,WAL
1817927282000,30.409894,-2.53329819048626,-7.25976622663848,-2.13271244143763,-0.8436049,-0.9392053,0.14385876,64.98647,103.638115,-8.239874,WAL
1817932330000,30.414942,-2.09032241137606,-7.50321637257824,-2.06643518291108,-0.86590147,-0.8378017,0.22174409,64.79687,103.937004,-8.466121,WAL
1817937330000,30.419942,-1.64311933139593,-7.76963515052161,-1.98080050829608,-0.8680395,-0.7715228,0.29077184,64.64052,104.24552,-8.701402,WAL
1817942354000,30.424966,-1.24341872237116,-7.9611505367888,-1.92902049594876,-0.8405506,-0.74189585,0.32895094,64.520226,104.5125,-8.898642,WAL
1817947318000,30.42993,-0.861065377797637,-8.13108534564591,-1.88653676908946,-0.79473567,-0.7348709,0.3494149,64.42132,104.77829,-9.102787,WAL
1817952333000,30.434945,-0.575535373928988,-8.27456884980545,-1.97896701681907,-0.75716746,-0.7333437,0.355829,64.32859,104.97612,-9.257904,WAL
1817957397000,30.440009,-0.316067230590467,-8.4113796077821,-2.11105992973735,-0.70952,-0.72082096,0.3549127,64.24655,105.15817,-9.410119,WAL
1817962329000,30.444941,-0.154759690644704,-8.47815633205915,-2.19755877180364,-0.69027776,-0.70463306,0.3368922,64.121216,105.31671,-9.516583,WAL
1817967428000,30.45004,-0.0221304089906448,-8.5223659597626,-2.27124160432552,-0.6618725,-0.6951646,0.29871312,63.999615,105.45386,-9.61347,WAL
1817972382000,30.454994,0.0129474604248963,-8.5464175334527,-2.27874478231248,-0.64904433,-0.6914995,0.27458394,63.866837,105.59509,-9.675136,WAL
1817977357000,30.459969,0.017437152737844,-8.56437619581606,-2.26527576209951,-0.64996064,-0.73975784,0.2434298,63.72167,105.72072,-9.72518,WAL
1817982347000,30.464959,-0.0518859524129717,-8.58012212491242,-2.21276672285057,-0.679893,-0.81153446,0.21227567,63.56118,105.851265,-9.752868,WAL
1817987349000,30.469961,-0.166957167179061,-8.5945063168852,-2.13605263441097,-0.729984,-0.91965765,0.1957823,63.377827,105.97977,-9.780457,WAL
1817992308000,30.47492,-0.366577302369741,-8.59697510195516,-2.04094512644078,-0.8008443,-1.0351112,0.18112154,63.157776,106.11707,-9.80461,WAL
1817997362000,30.479974,-0.624214872571399,-8.59202043330945,-1.93194453737332,-0.8741482,-1.1636983,0.1695151,62.905266,106.259445,-9.831985,WAL
1818002330000,30.484942,-0.857101349419795,-8.51618730443686,-1.87456347829352,-0.9505063,-1.2516629,0.17684549,62.619415,106.418884,-9.87873,WAL
1818007385000,30.489997,-1.08369489149683,-8.40289073057045,-1.84151861549488,-1.039998,-1.317331,0.1853976,62.30706,106.59018,-9.928113,WAL
1818012331000,30.494943,-1.31667997227964,-8.32495830790273,-1.84993341744681,-1.1255192,-1.3347405,0.21410827,61.97165,106.78868,-10.019903,WAL
1818017415000,30.500027,-1.56332876425532,-8.26576190141844,-1.88446423390071,-1.2009611,-1.3087788,0.24037547,61.636803,106.99808,-10.111881,WAL
1818022506000,30.505118,-1.78520562056752,-8.25831927681167,-1.86289859266466,-1.2528846,-1.2589933,0.29077184,61.310307,107.24584,-10.246792,WAL
1818027335000,30.509947,-1.98341426762895,-8.27654548672349,-1.81505514253904,-1.2889256,-1.1924089,0.34483343,61.00636,107.50205,-10.382609,WAL
1818032342000,30.514954,-2.18892901102025,-8.29544352628208,-1.76544815252475,-1.3078625,-1.1218541,0.4129449,60.72547,107.80447,-10.55987,WAL
1818037335000,30.519947,-2.39386911762156,-8.31428872530667,-1.71597986789497,-1.3087788,-1.0424415,0.46883908,60.478035,108.10662,-10.737575,WAL
1818042352000,30.524964,-2.54158472696685,-8.3862183129992,-1.60887004761382,-1.294118,-0.95356065,0.52381694,60.251007,108.422844,-10.923591,WAL
1818047340000,30.529952,-2.64650887069689,-8.49591198272764,-1.4610223113119,-1.2638801,-0.86345804,0.5873469,60.059536,108.73564,-11.115705,WAL
1818052355000,30.534967,-2.71068816194221,-8.67729972678272,-1.22666558173544,-1.210124,-0.83199847,0.6441574,59.854538,109.07534,-11.369457,WAL
1818057353000,30.539965,-2.74452383141292,-8.90992025801891,-0.930602910780242,-1.1786644,-0.786489,0.67347896,59.687035,109.40996,-11.619232,WAL
1818062340000,30.544952,-2.75143060169418,-9.15544810295395,-0.607465744298002,-1.1688906,-0.788627,0.7147123,59.500996,109.72581,-11.892813,WAL
1818067336000,30.549948,-2.6994696516073,-9.43084175152042,-0.222954048462207,-1.1301007,-0.82558435,0.72326446,59.321915,110.019295,-12.158287,WAL
1818072294000,30.554906,-2.60865986301775,-9.71861730769231,0.0353888493964497,-1.0842859,-0.9056077,0.732122,59.06173,110.27098,-12.438286,WAL
1818077317000,30.559929,-2.47108350918146,-10.0269779897436,0.153989192963708,-1.0277808,-1.0076222,0.7357872,58.789,110.50576,-12.717314,WAL
1818082275000,30.564887,-2.2791872253012,-10.3183492333235,0.137536787087864,-0.9398162,-1.1181889,0.7415904,58.43093,110.66115,-12.990623,WAL
1818087281000,30.569893,-2.01151499799197,-10.5954136071114,-0.0549993324556764,-0.8268061,-1.1856894,0.7357872,58.059788,110.793076,-13.259046,WAL
1818092260000,30.574872,-1.7188313861668,-10.7754303731957,-0.301874849286287,-0.68111473,-1.2263119,0.73548174,57.642735,110.849754,-13.500881,WAL
1818097312000,30.579924,-1.37934245545309,-10.80452950832,-0.641363820513232,-0.52473325,-1.2287555,0.72692966,57.2213,110.875534,-13.732665,WAL
1818102251000,30.584863,-1.02273703658612,-10.7856966179525,-0.974507257544881,-0.38240165,-1.1902709,0.72509706,56.79549,110.87367,-13.922133,WAL
1818107335000,30.589947,-0.61640903494032,-10.691201807278,-1.3194136125182,-0.26389378,-1.0894781,0.72356987,56.39169,110.84186,-14.096013,WAL
1818112295000,30.594907,-0.201282594041233,-10.6189778897118,-1.61759003660929,-0.17165314,-0.9294315,0.72051555,56.049576,110.80198,-14.209327,WAL
1818117336000,30.599948,0.257713098819055,-10.5851569771817,-1.84467205240192,-0.12644911,-0.7458665,0.7079928,55.746426,110.744736,-14.3033905,WAL
1818122283000,30.604895,0.695191525867631,-10.5616478925604,-1.9935458746505,-0.09010262,-0.58123827,0.70432764,55.50885,110.6947,-14.346452,WAL
1818127315000,30.609927,1.11448502888845,-10.5569366339818,-1.99825703484212,-0.10262536,-0.4578435,0.6780604,55.31037,110.63777,-14.366354,WAL
1818132272000,30.614884,1.47601129280715,-10.5830696090591,-1.9681110343507,-0.13133603,-0.40866885,0.61911196,55.12421,110.570404,-14.3444195,WAL
1818137292000,30.619904,1.71433306030327,-10.6858751883748,-1.85128663660575,-0.17012598,-0.419359,0.49632803,54.949055,110.48875,-14.291575,WAL
1818142327000,30.624939,1.88833092919879,-10.8104663953352,-1.7340010522104,-0.24007004,-0.46395215,0.3173445,54.75396,110.35635,-14.159665,WAL
1818147303000,30.629915,1.85577709904362,-11.0011389262223,-1.6177372759637,-0.32620203,-0.4972443,0.10293079,54.54641,110.20396,-13.984525,WAL
1818152298000,30.63491,1.75291562907048,-11.1905682917263,-1.49457068057201,-0.4266894,-0.5299256,-0.012217305,54.2732,110.02401,-13.770845,WAL
1818157426000,30.640038,1.33154394057201,-11.3761725589377,-1.33906452580184,-0.47983465,-0.54061574,-0.22235495,53.97329,109.793365,-13.475419,WAL
1818162387000,30.644999,0.85330230147663,-11.528813416493,-1.14187243995237,-0.59040123,-0.56138515,-0.38728857,53.625412,109.57063,-13.167306,WAL
1818167300000,30.649912,0.16693979068175,-11.5988503596308,-0.805694869117793,-0.6835582,-0.59864795,-0.47494772,53.260204,109.335175,-12.830122,WAL
1818172309000,30.654921,-0.504851966507177,-11.635530215311,-0.471829584449761,-0.75716746,-0.65087694,-0.4972443,52.855495,109.123886,-12.522591,WAL
1818177314000,30.659926,-1.07342233130981,-11.5447502317584,-0.17082171520634,-0.77091193,-0.67164636,-0.43951756,52.450344,108.923836,-12.220264,WAL
1818182309000,30.664921,-1.57146017389635,-11.5122045355086,0.100492137447217,-0.73731434,-0.64751714,-0.35277468,52.020706,108.76,-12.006936,WAL
1818187295000,30.669907,-1.80516921028791,-11.700088212476,0.260880670535509,-0.623388,-0.5674938,-0.26358834,51.61075,108.59548,-11.811217,WAL
1818192285000,30.674897,-1.97312822837106,-11.9573735066134,0.400705832923213,-0.4550946,-0.46211955,-0.22571471,51.21623,108.437355,-11.691765,WAL
1818197306000,30.679918,-1.65298748550377,-12.729979937328,0.387900201425655,-0.25503623,-0.3567453,-0.19333886,50.856766,108.26498,-11.59041,WAL
1818202292000,30.684904,-1.33507835506436,-13.4972007426542,0.375183834437639,-0.03145956,-0.25870144,-0.20463985,50.513676,108.04555,-11.504128,WAL
1818207311000,30.689923,-1.02112589411701,-14.0066805405948,0.328204953387604,0.17104226,-0.17256944,-0.22999077,50.20558,107.795654,-11.416732,WAL
1818212531000,30.695143,-0.698866676448845,-14.4843168036304,0.268852260150495,0.3744604,-0.10323623,-0.28985557,49.92445,107.495,-11.311452,WAL
1818217299000,30.699911,-0.444828899822725,-14.7900229347006,0.152597681022914,0.56138515,-0.041233405,-0.35796702,49.619995,107.09103,-11.128784,WAL
1818222321000,30.704933,-0.177258070498821,-15.1120145853371,0.030150009802546,0.743423,0.03359759,-0.43218717,49.31238,106.61179,-10.886149,WAL
1818227308000,30.70992,0.101811370133617,-15.3607936152445,-0.218297681708473,0.9257663,0.10354166,-0.5198463,49.025246,106.09236,-10.621974,WAL
1818232273000,30.714885,0.380972523322199,-15.6014501153963,-0.478206342024294,1.0980303,0.172264,-0.59895337,48.76405,105.53993,-10.340264,WAL
1818237294000,30.719906,0.602338910679068,-15.7176049181418,-0.75591742920292,1.2950343,0.22693644,-0.6560693,48.50393,104.93021,-10.006954,WAL
1818242248000,30.72486,0.815856023318332,-15.8219909350435,-1.03111728187819,1.4908166,0.27030787,-0.74372846,48.261604,104.28207,-9.647463,WAL
1818247309000,30.729921,0.998215919129363,-15.5300154305292,-1.17616617069423,1.7003434,0.29260445,-0.8338311,48.02176,103.60063,-9.248288,WAL
1818252351000,30.734963,1.17681647973255,-15.2048707466332,-1.30897170472307,1.9220876,0.32436943,-0.88697636,47.79922,102.88615,-8.8417635,WAL
1818257359000,30.739971,1.2768438569226,-14.6428352707988,-1.35181324920323,2.031127,0.32742378,-1.0088439,47.560997,102.1582,-8.383513,WAL
1818262253000,30.744865,1.35929119713369,-14.0463045777111,-1.37606240137624,2.264172,0.3005457,-1.1139128,47.324196,101.37235,-7.9249606,WAL
1818267266000,30.749878,1.0696582968615,-13.6038569093963,-1.35880170368557,2.4871378,0.27580565,-1.2098186,47.08476,100.5741,-7.4364843,WAL
1818272301000,30.754913,0.72718565750072,-13.1827078403878,-1.33566172513677,2.6868908,0.28252518,-1.3313808,46.842987,99.72687,-6.9202013,WAL
1818277271000,30.759883,0.0640552900678756,-12.8956982333097,-1.06380369449904,2.8603766,0.29168814,-1.4758505,46.60825,98.83925,-6.3776803,WAL
1818282244000,30.764856,-0.67896172309999,-12.6399849712289,-0.730893461685746,2.9810224,0.2742785,-1.6575829,46.363956,97.9105,-5.798918,WAL
1818287292000,30.769904,-1.42135250845595,-12.5234253664901,-0.487400667863449,3.0601294,0.21624629,-1.8304577,46.12796,96.99491,-5.2446604,WAL
1818292290000,30.774902,-2.15383443277614,-12.438908470669,-0.266716978428487,3.0717359,0.14996742,-1.9440787,45.88305,96.06686,-4.664025,WAL
1818297279000,30.779891,-2.81176804921851,-12.5237714018857,-0.492105611659272,3.0500503,0.1459968,-2.0131063,45.700253,95.16881,-4.136668,WAL
1818302220000,30.784832,-3.44399234154482,-12.6526018610467,-0.833268122113542,3.01462,0.2098322,-2.0274618,45.521362,94.29434,-3.6017091,WAL
1818307235000,30.789847,-4.08568528346274,-12.7833617786125,-1.17954012978975,2.999043,0.37507126,-2.0011945,45.47221,93.51017,-3.1463387,WAL
1818312227000,30.794839,-4.72443526672381,-12.9135219996471,-1.52422405049158,2.9483411,0.5928447,-1.919644,45.462166,92.83208,-2.7127626,WAL
1818317224000,30.799836,-5.32148475489265,-13.1607337787672,-1.97331486178886,2.8728993,0.766025,-1.8072448,45.559105,92.39588,-2.392679,WAL
1818322275000,30.804887,-5.91495286696349,-13.4383238851291,-2.45191827631345,2.7550023,0.88300574,-1.7067575,45.70428,87.83413,-2.102131,WAL
1818327229000,30.809841,-6.44160244988998,-13.7998821334267,-2.52853169383877,2.6422975,0.8341365,-1.5916094,45.916775,87.77545,-1.9493105,WAL
1818332224000,30.814836,-6.95833614912983,-14.1874327825565,-2.50460885127025,2.5787675,0.655153,-1.4746287,46.122013,87.57499,-1.8310125,WAL
1818337224000,30.819836,-7.37622527615599,-14.381639838533,-2.72744695752089,2.436436,0.41538838,-1.4129313,46.352627,87.30818,-1.8175688,WAL
1818342232000,30.824844,-7.76810448462396,-14.5241409207985,-3.01690308008357,2.235767,0.25259277,-1.4095715,46.548073,87.03744,-1.819308,WAL
1818347225000,30.829837,-7.91929837476935,-14.2629877407012,-3.20469511385841,1.930945,0.23060162,-1.4330899,46.76755,86.76205,-1.8925642,WAL
1818352277000,30.834889,-7.93339427411868,-13.7649307986792,-3.33625739716422,1.7534887,0.25625798,-1.5140295,46.94745,86.51614,-1.9437685,WAL
1818357382000,30.839994,-7.62821474832597,-12.9616653897889,-3.45580460877761,1.4214834,0.21685717,-1.5781704,47.139954,86.37584,-2.0437975,WAL
1818362309000,30.844921,-7.12324117288169,-11.988780018164,-3.56235871169367,1.2205088,0.12858713,-1.5897768,47.316246,86.25604,-2.1269038,WAL
1818367331000,30.849943,-6.24338931999612,-11.0171913233498,-3.35592495779781,1.1728612,0.0720821,-1.5714508,47.502274,86.18452,-2.199894,WAL
1818372397000,30.855009,-5.06305173211205,-10.0531708551905,-2.89507603964331,1.2388347,0.1133155,-1.4715744,47.680717,86.12335,-2.2869291,WAL
1818377346000,30.859958,-3.91811646639684,-9.4212052248766,-2.32033455674235,1.3924674,0.15393804,-1.2904528,47.81624,86.07272,-2.3373616,WAL
1818382335000,30.864947,-2.77199398889437,-9.09104620681145,-1.61756805982231,1.5155567,0.25442538,-1.1074986,47.974464,85.99795,-2.417605,WAL
1818387332000,30.869944,-1.83418175315157,-8.93581753767224,-1.10410953052477,1.6181821,0.3032946,-0.98349303,48.047085,85.92816,-2.363791,WAL
1818392316000,30.874928,-1.13452171578227,-8.97779701035864,-0.805587914255839,1.6688838,0.31245756,-0.9260717,48.134575,85.82248,-2.3473833,WAL
1818397343000,30.879955,-0.65029936830049,-9.07565519515855,-0.721850012644794,1.7027869,0.46883908,-0.9086621,48.175957,85.71756,-2.1825924,WAL
1818402319000,30.884931,-0.469159110959288,-9.24726223887166,-0.931591409095729,1.8295414,0.75625116,-0.9285152,48.25721,85.5611,-2.0309246,WAL
1818407347000,30.889959,-0.382484403774821,-9.39647256677754,-0.791465541332527,2.0048597,0.98899084,-0.96883225,48.302387,85.397255,-1.7650752,WAL
1818412349000,30.894961,-0.425940580827538,-9.51235551063401,-0.178250632649935,2.1474967,1.0409144,-0.9868528,48.37615,85.1825,-1.5094551,WAL
1818417298000,30.89991,-0.395218724612069,-9.65406114439655,0.288852174806034,2.1966715,0.95569867,-0.98349303,48.482754,84.94248,-1.2369359,WAL
1818422380000,30.904992,-0.266489095732759,-9.83523583836207,0.584453505366379,2.0824397,0.87017757,-0.9407325,48.599533,84.69021,-0.97934645,WAL
1818427275000,30.909887,-0.0910214595745658,-9.93391048635486,0.627091179364146,1.9065105,0.90194255,-0.8903361,48.775124,84.32128,-0.7200198,WAL
1818432333000,30.914945,0.171583500658826,-9.91610686547827,0.288820393529358,1.7486018,1.0045679,-0.83169305,48.93999,83.970856,-0.4826081,WAL
1818437256000,30.919868,0.347333844634864,-9.84417139504511,-0.107507428386421,1.6771306,1.102001,-0.7644979,49.105495,83.59711,-0.24926855,WAL
1818442349000,30.924961,0.218473973208713,-9.55727588340561,-0.778551298630178,1.6759088,1.2379184,-0.7153232,49.305252,83.247154,-0.039031114,WAL
1818447253000,30.929865,0.094396060490504,-9.28102699491551,-1.42469289291162,1.6673567,1.3381003,-0.68752885,49.53637,82.94327,0.20939015,WAL
1818452313000,30.934925,-0.0336288657644186,-8.9959904174767,-2.09138874671751,1.6743816,1.561677,-0.6374379,49.83294,82.63623,0.41925094,WAL
1818457360000,30.939972,-0.197232041658302,-8.70298612407147,-2.72732214825336,1.6801848,1.7400496,-0.59589905,50.167095,82.31525,0.6193822,WAL
1818462333000,30.944945,-0.488855510801044,-8.38267839891588,-3.24841981525798,1.6581937,1.8735237,-0.5723807,50.54322,82.00645,0.79499966,WAL
1818467328000,30.94994,-0.758061309455869,-8.05927164313687,-3.70732578294795,1.6331482,1.981036,-0.55833083,51.056297,81.817444,0.87391216,WAL
1818472363000,30.954975,-0.943100160434911,-7.72715059807144,-3.93506577384631,1.6010778,2.0500638,-0.53878313,51.58914,81.64636,0.93542576,WAL
1818477334000,30.959946,-1.13128166089951,-7.41272193928282,-4.11263684908833,1.6007724,2.060143,-0.52442783,52.169792,81.54688,0.9439798,WAL
1818482343000,30.964955,-1.34508731472852,-7.15518328082455,-4.0834815972346,1.5763378,2.0250182,-0.5164866,52.751114,81.47305,0.9431755,WAL
1818487304000,30.969916,-1.55455339869457,-6.92546349950086,-4.0502115101555,1.5409076,1.9721785,-0.5155703,53.340137,81.44602,0.923017,WAL
1818492317000,30.974929,-1.75731553488194,-6.79182494569015,-3.9995210242273,1.5036448,1.9413297,-0.52198434,53.92084,81.435165,0.8983432,WAL
1818497289000,30.979901,-1.95236127074098,-6.6461655229528,-3.93055134838171,1.457219,1.9703459,-0.5467244,54.5336,81.43022,0.85260975,WAL
1818502325000,30.984937,-2.10443203123435,-6.40016862209033,-3.72033582765464,1.4266758,2.0060816,-0.5717699,55.135326,81.44013,0.80575323,WAL
1818507619000,30.990231,-2.2606741546161,-6.14146304942493,-3.48936320509792,1.3820826,2.033876,-0.5674938,55.79379,81.440506,0.71084625,WAL
1818512336000,30.994948,-2.27939704247228,-5.90742634027562,-2.95107848079992,1.2696834,2.0222695,-0.56138515,56.446922,81.47784,0.62071747,WAL
1818517560000,31.000172,-2.29806671070246,-5.634624978434,-2.3197837876689,1.1316279,1.9822577,-0.559858,57.114502,81.501175,0.5007292,WAL
1818522376000,31.004988,-2.29393947412081,-5.24253707221477,-1.37464589938255,1.006095,1.9459113,-0.5516113,57.77448,81.56192,0.37656474,WAL
1818527312000,31.009924,-2.28970939941834,-4.84067953378076,-0.405958063713647,0.8539896,1.8726074,-0.54733527,58.4271,81.56886,0.26667547,WAL
1818532326000,31.014938,-2.29703631092339,-4.60017045887791,0.194201268292424,0.7128797,1.8008307,-0.52442783,59.064034,81.61645,0.14986645,WAL
1818537297000,31.019909,-2.30715346591223,-4.40288577813197,0.695000783577728,0.573297,1.7250835,-0.4822781,59.673836,81.71371,0.02940226,WAL
1818542337000,31.024949,-2.33025932743185,-4.23488492193944,1.17349263082185,0.42149702,1.6337591,-0.45142943,60.238747,81.67199,-0.06866901,WAL
1818547243000,31.029855,-2.3538907906448,-4.07419183080173,1.63666675340509,0.27947086,1.577254,-0.43768495,60.78727,81.67155,-0.17343754,WAL
1818552317000,31.034929,-2.43774544382424,-4.05625796851762,1.83964306758088,0.19853121,1.4630222,-0.398895,61.28249,81.615005,-0.2822245,WAL
1818557296000,31.039908,-2.52523693188798,-4.05165305465959,2.01462623604056,0.01282817,1.3521502,-0.35277468,61.758553,81.63051,-0.39589795,WAL
1818562344000,31.044956,-2.5193981616754,-4.03048288913065,2.0132018001978,-0.1600467,1.2547172,-0.31978795,62.194157,81.58282,-0.5088865,WAL
1818567238000,31.04985,-2.49853871489467,-4.00730577444368,1.98307148818119,-0.3231477,1.151481,-0.2932153,62.592278,81.58411,-0.62945044,WAL
1818572372000,31.054984,-2.47665632834537,-3.9829920623875,1.95146359649886,-0.47525316,1.0076222,-0.26389378,62.951817,81.59689,-0.7662676,WAL
1818577248000,31.05986,-2.45587360204728,-3.95990019250321,1.92144410295718,-0.6264423,0.8717047,-0.24037547,63.28075,81.65242,-0.90552425,WAL
1818582343000,31.064955,-2.37228421920283,-3.84012267005045,1.81216960595358,-0.7492262,0.7199047,-0.22540927,63.564877,81.735535,-1.0436542,WAL
1818587266000,31.069878,-2.27713465105954,-3.70215576892028,1.68847513259334,-0.88025683,0.57360244,-0.2012801,63.80815,81.85822,-1.185563,WAL
1818592316000,31.074928,-2.13706538906561,-3.68543321471173,1.52742455964215,-0.9987647,0.41905355,-0.17470746,64.0061,82.012665,-1.3177688,WAL
1818597273000,31.079885,-1.9907791945328,-3.69487102735586,1.36226273982107,-1.105666,0.26633725,-0.15974127,64.16044,82.194374,-1.4474692,WAL
1818602334000,31.084946,-1.81038399010327,-3.73921641250061,1.24990809165484,-1.221425,0.13530666,-0.15057829,64.27796,82.41901,-1.5619742,WAL
1818607326000,31.089938,-1.62552833162351,-3.79069521831531,1.15163037923743,-1.3182472,0.004581489,-0.12583824,64.34956,82.659355,-1.6792392,WAL
1818612343000,31.094955,-1.43974691363614,-3.8424318306495,1.05286049077627,-1.3909402,-0.10720685,-0.10445796,64.39198,82.945946,-1.7648858,WAL
1818617289000,31.099901,-1.25659465265038,-3.89343627246831,0.955488382279379,-1.4498887,-0.20616703,-0.089186326,64.39969,83.24614,-1.8516159,WAL
1818622355000,31.104967,-1.1495415,-4.0216096,0.925379239830509,-1.5143349,-0.29840767,-0.07452556,64.380264,83.55449,-1.9387348,WAL
1818627309000,31.109921,-1.07341112485207,-4.17387035029586,0.920621094489018,-1.5763378,-0.39584067,-0.061086524,64.33056,83.86655,-2.0266354,WAL
1818632334000,31.114946,-1.08584876077482,-4.3685948501816,0.976973436652542,-1.638646,-0.4465425,-0.03756821,64.27401,84.23437,-2.0251665,WAL
1818637354000,31.119966,-1.12950088184019,-4.5771550348063,1.05457728340395,-1.6865989,-0.43157628,0.015271631,64.20974,84.600716,-2.0361238,WAL
1818642328000,31.12494,-1.12902739322922,-4.83431239533417,1.13274054197303,-1.7336355,-0.4251622,0.06658431,64.13433,84.97782,-2.0263774,WAL
1818647342000,31.129954,-1.11505375605781,-5.10912764880202,1.21192453458143,-1.8081611,-0.43310347,0.079107046,64.06196,85.36054,-2.0222187,WAL
1818652304000,31.134916,-1.09811844789084,-5.5871554157298,1.35692411181897,-1.8487836,-0.3830125,0.15577064,64.014465,85.7007,-2.0548007,WAL
1818657348000,31.13996,-1.07955195257039,-6.16271706146824,1.53330591429807,-1.9159788,-0.30634892,0.23182335,63.975174,86.04545,-2.0917318,WAL
1818662350000,31.144962,-1.03731683760599,-6.87803188053638,1.81104001295602,-1.9743165,-0.22143865,0.3210097,63.955414,86.35128,-2.1438766,WAL
1818667348000,31.14996,-0.980683170025636,-7.68034181808322,2.15084191987774,-2.0164661,-0.18234327,0.42577308,63.94572,86.62347,-2.2223694,WAL
1818672336000,31.154948,-0.796920774017025,-8.66934455978922,2.64195440099311,-1.9883664,-0.119729586,0.5137377,63.964657,86.83617,-2.2952566,WAL
1818677355000,31.159967,-0.524150635914066,-9.79452115058776,3.24107453665383,-1.8924606,-0.0842994,0.61544675,63.987545,86.98221,-2.4008772,WAL
1818682344000,31.164956,-0.167674134004325,-10.9912330880676,4.02670553390997,-1.72264,-0.039095376,0.6536258,64.01668,87.05648,-2.478296,WAL
1818687335000,31.169947,0.24105520159426,-12.2362138532534,4.92872895409868,-1.4902058,-0.014660766,0.7174612,64.04921,87.056305,-2.5904546,WAL
1818692313000,31.174925,0.962468072959245,-13.7408298645854,5.84787306459546,-1.1615603,-0.009468411,0.72509706,64.05291,87.034096,-2.6079192,WAL
1818697342000,31.179954,1.91970839829352,-15.4522593447099,6.79060989931741,-0.7663304,-0.021991149,0.6704246,64.057755,86.97074,-2.6278048,WAL
1818702339000,31.184951,2.8031806172043,-16.6502034623656,7.23563616269722,-0.33017266,-0.04642576,0.49388456,63.98564,86.86535,-2.5143538,WAL
1818707370000,31.189982,3.64565673010753,-17.5072045591398,7.34215599733695,0.099265605,0.0070249503,0.19456059,63.93631,86.689186,-2.3604567,WAL
1818712347000,31.194959,4.47453743215516,-18.0916718798858,7.00291234949296,0.48808134,0.2434298,-0.124311075,63.88502,86.39164,-1.9769139,WAL
1818717345000,31.199957,5.30393784207936,-18.5063730197893,6.37143702061632,0.80878556,0.63071835,-0.42485678,63.903816,85.93037,-1.5523007,WAL
1818722333000,31.204945,5.72768217040136,-18.3698086264316,5.98653986541181,1.0680978,1.0485502,-0.6243043,64.0174,85.34582,-0.9577874,WAL
1818727351000,31.209963,5.8473325598048,-17.8146297201474,5.78552716123892,1.2024882,1.2971723,-0.66889745,64.192604,84.64235,-0.38414806,WAL
1818732328000,31.21494,5.41805909386229,-16.517283075556,5.63056431883073,1.2177598,1.3093897,-0.6560693,64.42148,83.97305,0.254007,WAL
1818737315000,31.219927,4.55999215431679,-14.6341745370496,5.50997113256288,1.1093313,1.2348641,-0.6337727,64.6877,83.28284,0.8458729,WAL
1818742310000,31.224922,3.73187480722426,-12.6323360779903,5.34320423510059,0.9578367,1.181108,-0.56779927,64.94189,82.62075,1.390553,WAL
1818747342000,31.229954,2.92957553967892,-10.4976470854227,5.12830262955108,0.8765916,1.0742066,-0.5198463,65.150894,81.97625,1.9027026,WAL
1818752322000,31.234934,2.15326649535678,-8.61573586283417,4.8956645500402,0.6728681,0.9755518,-0.4184427,65.32965,81.438194,2.2970698,WAL
1818757393000,31.240005,1.3820997000402,-6.95138188257286,4.63698203549749,0.45478916,0.90102625,-0.31337386,65.4703,80.94232,2.6594143,WAL
1818762347000,31.244959,0.611839342295082,-5.7731311496346,4.33256212707881,0.23884831,0.7910705,-0.18661933,65.57513,80.52446,2.8909192,WAL
1818767350000,31.249962,-0.183079126065574,-5.034992304365,3.97295611165317,0.03176499,0.6713409,-0.025961773,65.6439,80.18243,3.0812087,WAL
1818772322000,31.254934,-1.04358436074476,-4.67556828110431,3.50768519263137,-0.16982053,0.5360342,0.16493362,65.69928,79.930336,3.1390254,WAL
1818777352000,31.259964,-1.99521090537139,-4.74218234382655,2.91291869539708,-0.3539964,0.398895,0.36560285,65.710396,79.74557,3.1546772,WAL
1818782292000,31.264904,-2.91273149255947,-5.03227396574691,2.31447012872502,-0.5342017,0.25228736,0.57879484,65.70739,79.69398,3.0193014,WAL
1818787349000,31.269961,-3.8297203338725,-5.62209578943863,1.68317623777355,-0.7141015,0.07971791,0.79259765,65.647835,79.70434,2.8360248,WAL
1818792266000,31.274878,-4.49419012690518,-6.4131639830214,1.12944131544825,-0.8872818,-0.1459968,0.9682214,65.583015,79.89692,2.4855802,WAL
1818797343000,31.279955,-4.71037488707476,-7.68010741545859,0.681989257067521,-1.0769554,-0.48349985,1.0668762,65.4309,80.13995,2.1102781,WAL
1818802251000,31.284863,-4.93729372126653,-8.89418607027705,0.204937567689931,-1.2709051,-0.95569867,1.1227703,65.23406,80.57635,1.5790867,WAL
1818807421000,31.290033,-5.20495244189594,-10.1560054466647,-0.368616912086109,-1.426065,-1.4217888,1.1612549,64.93998,81.02902,1.0393864,WAL
1818812294000,31.294906,-5.59061639510688,-11.4207306702295,-0.899802874034124,-1.5027285,-1.7956384,1.1905763,64.57382,81.58935,0.47181424,WAL
1818817336000,31.299948,-6.26296877610316,-12.8838070367719,-1.43010894393018,-1.5079209,-1.9642372,1.2333369,64.13374,82.12681,-0.09742928,WAL
1818822280000,31.304892,-6.93497007810794,-14.3090955225389,-1.85415751852638,-1.4547756,-2.0015,1.3093897,63.670082,82.73754,-0.7079807,WAL
1818827351000,31.309963,-7.65650879896907,-15.7472657697594,-2.04558623092784,-1.3271047,-1.8280143,1.3454307,63.221767,83.247894,-1.3139548,WAL
1818832266000,31.314878,-8.17136543503772,-16.9101692472758,-2.09420873772003,-1.1533136,-1.4352279,1.3548992,62.873344,83.71781,-2.0145128,WAL
1818837336000,31.319948,-8.2753755146689,-17.5749257183571,-1.82740136890193,-0.91538155,-0.88208944,1.3332134,62.62076,83.99781,-2.709039,WAL
1818842301000,31.324913,-8.18789171250371,-18.0961937398277,-1.41388877227205,-0.6575964,-0.5992588,1.2684617,62.418686,84.094505,-3.452182,WAL
1818847343000,31.329955,-7.1170944043164,-17.9527835063855,-0.204461641639442,-0.5366451,-0.2098322,1.2247849,62.402023,84.018776,-4.1855063,WAL
1818852313000,31.334925,-5.98548151308017,-17.6439415077356,0.958217512437211,-0.3747658,-0.053145275,1.1001683,62.387238,83.77983,-4.851561,WAL
1818857405000,31.340017,-4.36879622109705,-16.3211996146273,1.97231992377738,-0.2959642,-0.07788532,0.9963212,62.428745,83.46808,-5.4904146,WAL
1818862315000,31.344927,-2.90377146846937,-14.9866042237078,2.82962430111754,-0.28985557,-0.1337795,0.9245446,62.44924,83.1572,-5.946591,WAL
1818867330000,31.349942,-1.92136524421273,-13.2997402689084,3.04527450526841,-0.33292156,-0.21135938,0.8891144,62.456905,82.851135,-6.368675,WAL
1818872369000,31.354981,-1.01367112146716,-11.4359213619562,3.12448700309923,-0.40958515,-0.36071593,0.8356637,62.374268,82.666046,-6.571357,WAL
1818877354000,31.359966,-0.529525450464411,-8.71203652284144,2.48650064607146,-0.48655418,-0.58276546,0.7644979,62.250286,82.504486,-6.750923,WAL
1818882481000,31.365093,-0.0715987204807789,-6.03877962466125,1.81705847811904,-0.6062838,-0.8765916,0.72265357,62.048035,82.442474,-6.810361,WAL
1818887337000,31.369949,-0.132279702000402,-5.09122268590786,1.01887014975208,-0.7809912,-1.2202033,0.6994407,61.769936,82.41253,-6.847625,WAL
1818892455000,31.375067,-0.211771771991521,-4.11301402800947,0.166642869255644,-0.9737192,-1.599856,0.7171558,61.42302,82.458275,-6.847927,WAL
1818897329000,31.379941,-0.474081663126294,-3.42732684906832,-0.776752376935818,-1.178359,-1.9666806,0.7470882,60.98544,82.527306,-6.83794,WAL
1818902633000,31.385245,-0.75635422958853,-2.7049517781695,-1.82355077599921,-1.378112,-2.3084598,0.79259765,60.512383,82.67416,-6.80888,WAL
1818907445000,31.390057,-0.978105819807522,-2.30670408024158,-2.99114073149367,-1.518611,-2.6038132,0.81245077,59.95913,82.81837,-6.7790747,WAL
1818912679000,31.395291,-1.21445418161612,-1.89154180994764,-4.26514839083276,-1.6652187,-2.8814514,0.7996226,59.339725,82.891205,-6.860491,WAL
1818917340000,31.399952,-1.34673951304949,-1.81217059267016,-5.46453580715203,-1.8194622,-3.068376,0.80970186,58.678127,82.91875,-6.9556327,WAL
1818922788000,31.4054,-1.49138340819657,-1.74744696340006,-6.84583164718717,-1.9385809,-3.1752775,0.84299403,57.982132,82.786,-7.189488,WAL
1818927352000,31.409964,-1.44577163823167,-2.16209976400721,-7.65855097704203,-2.0002782,-3.193298,0.91324353,57.2727,97.44543,-7.443724,WAL
1818932248000,31.41486,-1.39684192181007,-2.60691573941751,-8.5303901179205,-1.9184223,-3.071125,1.026559,56.652344,97.8546,-7.7758603,WAL
1818937274000,31.419886,-1.42915052515091,-3.59121933043717,-9.01174480592647,-1.7024814,-2.980717,1.1264355,56.035572,98.38274,-8.132732,WAL
1818942329000,31.424941,-1.4778534668008,-4.68482239473203,-9.41465151435888,-1.4703526,-2.7415633,1.1624765,55.515434,98.999214,-8.508091,WAL
1818947321000,31.429933,-1.5581430429682,-5.96448255335689,-9.45183490106007,-1.3390167,-2.3903158,1.2024882,55.145226,99.72791,-8.890715,WAL
1818952333000,31.434945,-1.65506171378092,-7.35041921201413,-9.30645654063604,-1.0647382,-1.9685133,1.2076806,54.883312,100.46589,-9.26856,WAL
1818957560000,31.440172,-1.78838417043137,-8.67402160627451,-8.92474252901961,-0.79626286,-1.4978416,1.1930199,54.822712,101.19416,-9.582216,WAL
1818962388000,31.445,-1.92437482509804,-9.84807381960784,-8.48050641568627,-0.5561928,-1.0173961,1.1664472,54.901505,101.90642,-9.880031,WAL
1818967330000,31.449942,-2.11706751258278,-10.9154403459291,-7.86546829187768,-0.3707952,-0.5180137,1.1215485,55.180862,102.475525,-10.066774,WAL
1818972362000,31.454974,-2.34234448741722,-11.9291874187768,-7.15209138459291,-0.23671028,-0.014660766,1.0586295,55.601852,103.00941,-10.226998,WAL
1818977340000,31.459952,-2.51691469491525,-12.5768907570621,-6.09566465367232,-0.15790866,0.48197266,0.9828822,56.149952,103.40074,-10.308632,WAL
1818982357000,31.464969,-2.65978357865002,-12.9864478259491,-4.79079467019526,-0.2012801,0.91538155,0.9233228,56.814293,103.787056,-10.37021,WAL
1818987335000,31.469947,-2.63346233710336,-13.2909367104409,-3.46824738825008,-0.34513888,1.2308935,0.9059132,57.483864,104.10543,-10.43918,WAL
1818992320000,31.474932,-2.48347695224631,-13.5209149270081,-2.12337739327678,-0.5342017,1.4703526,0.88117313,58.24201,104.43248,-10.48175,WAL
1818997336000,31.479948,-1.97051709868709,-13.5832443719912,-0.84996781321663,-0.73945236,1.6646078,0.86620694,58.93557,104.67735,-10.544078,WAL
1819002343000,31.484955,-1.27419155688283,-13.5593976256216,0.380525175953849,-0.9431759,1.7574593,0.87017757,59.65906,104.96252,-10.601964,WAL
1819008075000,31.490687,-0.488747221451831,-13.3347912702724,1.5785811319228,-1.1539245,1.6624697,0.84879726,60.22523,105.16665,-10.656816,WAL
1819012234000,31.494846,0.0774952609244698,-13.1101920576602,2.38207603030736,-1.2983941,1.3432927,0.8142834,60.74681,105.39912,-10.717566,WAL
1819017300000,31.499912,0.73590008759416,-12.8364040491026,3.27920614224867,-1.3607023,0.8579602,0.7076874,61.05636,105.47021,-10.698675,WAL
1819022342000,31.504954,1.17596826707895,-12.5624846100623,3.61150259157444,-1.3261884,0.33169982,0.5305365,61.253204,105.533676,-10.673267,WAL
1819027667000,31.510279,1.61036455202875,-12.2649615794111,3.89487377978205,-1.2235631,-0.08582657,0.31673363,61.201164,105.4108,-10.563675,WAL
1819032281000,31.514893,1.46351725344308,-11.8653996633434,2.9762242045444,-1.0442741,-0.364992,0.12461651,61.031265,105.23807,-10.434851,WAL
1819037404000,31.520016,1.30047028537754,-11.4217595038256,1.9562324893423,-0.8335256,-0.5412266,-0.03145956,60.717262,104.95687,-10.245419,WAL
1819042322000,31.524934,0.956818908170189,-11.0699721766407,1.09862807573971,-0.59040123,-0.64660084,-0.1160644,60.341267,104.61311,-10.036085,WAL
1819047304000,31.529916,0.325263098481646,-10.8258419848721,0.414000361145717,-0.5122105,-0.8921687,-0.27091873,59.867447,104.22129,-9.782091,WAL
1819052405000,31.535017,-0.349755217683508,-10.6141333795996,-0.246353101448999,-0.40194935,-1.1447614,-0.3662137,59.46087,103.94834,-9.581919,WAL
1819057340000,31.539952,-1.02105835150143,-10.4339179058151,-0.859086182764538,-0.3662137,-1.3942999,-0.43218717,58.979237,103.652916,-9.361416,WAL
1819062353000,31.544965,-1.71705424489353,-10.1643780408123,-1.49456536839511,-0.40500367,-1.6218473,-0.46578476,58.46816,103.4746,-9.219981,WAL
1819067322000,31.549934,-2.42072856982453,-9.81254060893139,-2.13725462337342,-0.50946164,-1.7513506,-0.49846604,57.91482,103.28872,-9.066935,WAL
1819072311000,31.554923,-3.02601926059113,-9.37443597208539,-2.65029089852217,-0.643852,-1.7650951,-0.5128214,57.40236,103.244736,-9.000691,WAL
1819077305000,31.559917,-3.51685027616995,-8.83943014614121,-3.01350584082512,-0.7666359,-1.670411,-0.5027421,56.891018,103.21394,-8.93113,WAL
1819082306000,31.564918,-3.86808268261453,-8.31250405771516,-3.15583412190914,-0.85918194,-1.4676038,-0.4636467,56.441044,103.37657,-8.977669,WAL
1819087347000,31.569959,-4.09017211704044,-7.78966848598812,-3.09105799660725,-0.94134337,-1.2180653,-0.3943135,56.04202,103.56281,-9.02613,WAL
1819092311000,31.574923,-4.23500905707247,-7.33529129408746,-2.88741011621844,-1.0009027,-0.93370754,-0.2846632,55.76088,103.87465,-9.146505,WAL
1819097340000,31.579952,-4.28444626421679,-6.95462464421063,-2.49685587004722,-1.0479393,-0.68539083,-0.17073683,55.549828,104.20858,-9.275459,WAL
1819102330000,31.584942,-4.26143896747248,-6.76351731831761,-2.1082290599941,-1.0958922,-0.46303585,-0.031154128,55.428574,104.61108,-9.458292,WAL
1819107423000,31.590035,-4.16078365015723,-6.76831042389937,-1.71040104646226,-1.1383474,-0.2996294,0.105068825,55.370224,105.03768,-9.661059,WAL
1819112318000,31.59493,-3.98620688493123,-6.85873181556707,-1.35558005692645,-1.1511755,-0.1414153,0.21288654,55.353188,105.46553,-9.891618,WAL
1819117343000,31.599955,-3.71283276244768,-7.05536947054016,-1.02465340853099,-1.1530081,0.01985312,0.29352075,55.39164,105.91522,-10.141757,WAL
1819122321000,31.604933,-3.39037540490798,-7.31044891757372,-0.699961663772017,-1.1191051,0.16249016,0.35643986,55.43797,106.32102,-10.392925,WAL
1819127350000,31.609962,-2.99959125214724,-7.64404503994657,-0.375896770319612,-1.0525209,0.21197024,0.4166101,55.509598,106.72928,-10.659934,WAL
1819132279000,31.614891,-2.60675498566919,-7.95508603960585,-0.155537672144456,-0.9624182,0.17898351,0.47342056,55.561165,107.06403,-10.901432,WAL
1819137337000,31.619949,-2.18969252218502,-8.25166397206544,-0.0674911538498039,-0.83658,0.13927728,0.5036584,55.627987,107.37788,-11.147157,WAL
1819142243000,31.624855,-1.79193696523579,-8.55035943107618,-0.0430994898090488,-0.7174612,0.018936822,0.51893,55.61617,107.593445,-11.35616,WAL
1819147347000,31.629959,-1.39297666438936,-8.88528860157195,-0.151459067426139,-0.6575964,-0.13103059,0.5180137,55.58654,107.79353,-11.570205,WAL
1819152298000,31.63491,-1.05055893426961,-9.17247031609138,-0.294770722337059,-0.5488624,-0.28710666,0.5030475,55.4849,107.89959,-11.73633,WAL
1819157321000,31.639933,-0.78888981546039,-9.3913212983879,-0.51362128236574,-0.46578476,-0.44837508,0.4709771,55.339386,107.99191,-11.90288,WAL
1819162264000,31.644876,-0.562586563101235,-9.55330265876543,-0.740734119160494,-0.42821655,-0.6010914,0.4175264,55.13294,108.02974,-12.014183,WAL
1819167306000,31.649918,-0.400440105769877,-9.60099275812346,-0.998260854883951,-0.44012842,-0.73853606,0.35185838,54.884254,108.04894,-12.116732,WAL
1819172696000,31.655308,-0.279986142571639,-9.60645942395298,-1.26283677656135,-0.47769663,-0.86467975,0.29260445,54.58876,108.05504,-12.177866,WAL
1819177313000,31.659925,-0.261937279779574,-9.53787384937546,-1.47220361058046,-0.56046885,-0.93859446,0.2312125,54.268024,108.05578,-12.220371,WAL
1819182293000,31.664905,-0.242469370595151,-9.46389590668626,-1.6980313847661,-0.6722572,-0.9486737,0.183565,53.93235,108.08179,-12.241173,WAL
1819187346000,31.669958,-0.35735013188494,-9.27759761895613,-1.81638978057423,-0.7699956,-0.91690874,0.15118915,53.58837,108.10803,-12.247779,WAL
1819192649000,31.675261,-0.507377869625951,-9.06132407151476,-1.9083694591331,-0.872621,-0.8588765,0.13500121,53.250904,108.147415,-12.2418375,WAL
1819197309000,31.679921,-0.718629393572489,-8.88321012590496,-1.75096634589753,-0.9437868,-0.79168135,0.14966199,52.94854,108.23681,-12.237706,WAL
1819202350000,31.684962,-0.947152769584184,-8.6905336452571,-1.58069400816781,-0.98746365,-0.7098254,0.17134771,52.67971,108.375694,-12.247173,WAL
1819207364000,31.689976,-1.13946136539592,-8.57285328606915,-1.35006081169016,-1.0128145,-0.65301496,0.19181168,52.427284,108.522446,-12.256368,WAL
1819212259000,31.694871,-1.32007396161411,-8.4730412930143,-1.11241270578931,-1.024421,-0.57604593,0.24709499,52.211063,108.68056,-12.273319,WAL
1819217343000,31.699955,-1.39314244079299,-8.46410487266489,-0.920812006176134,-1.0158689,-0.50946164,0.29138273,51.997864,108.85716,-12.325173,WAL
1819222299000,31.704911,-1.44290309927564,-8.47315198170034,-0.744387711666031,-0.99387777,-0.43096542,0.34422258,51.819206,109.03767,-12.385985,WAL
1819227354000,31.709966,-1.42199405980787,-8.56903105608925,-0.571869209934924,-0.96577793,-0.36896262,0.38606682,51.63469,109.219864,-12.473399,WAL
1819232239000,31.714851,-1.3785022705299,-8.68984158186138,-0.407566773781634,-0.93126404,-0.34972036,0.42943826,51.468536,109.39882,-12.569748,WAL
1819237343000,31.719955,-1.28670084412217,-8.82025375230503,-0.26437302655436,-0.8903361,-0.3155119,0.46944994,51.307335,109.559425,-12.670985,WAL
1819242273000,31.724885,-1.18694088311564,-8.94722113897426,-0.13287129179831,-0.8753699,-0.30818152,0.48533243,51.14848,109.71576,-12.774415,WAL
1819247350000,31.729962,-1.05649915120019,-9.18195073420269,-0.189537974212992,-0.84116143,-0.32162055,0.5164866,50.969604,109.84111,-12.8793335,WAL
1819252345000,31.734957,-0.917877129562908,-9.45149336641713,-0.31660815910553,-0.795652,-0.32620203,0.548557,50.799225,109.95895,-12.984049,WAL
1819257593000,31.740205,-0.806879015636286,-9.6677201612492,-0.43733676762269,-0.75869465,-0.3231477,0.57848936,50.597294,110.04642,-13.08031,WAL
1819262335000,31.744947,-0.784366970900078,-9.71274447907372,-0.517736929313788,-0.72173727,-0.3286455,0.59956425,50.396,110.12434,-13.180021,WAL
1819267296000,31.749908,-0.760815251385879,-9.75984815700021,-0.601850215300616,-0.68691796,-0.36041048,0.61361414,50.174866,110.18985,-13.261356,WAL
1819272323000,31.754935,-0.719573754638692,-9.78538794596002,-0.716602242903998,-0.6618725,-0.3915646,0.62980205,49.95725,110.24993,-13.345295,WAL
1819277317000,31.759929,-0.654835587293836,-9.78040798573511,-0.870977863926489,-0.6230826,-0.4184427,0.64568454,49.73598,110.29848,-13.430765,WAL
1819282272000,31.764884,-0.613135296904975,-9.80599126005362,-0.943425282231159,-0.6017023,-0.39767328,0.65026605,49.52008,110.359375,-13.512555,WAL
1819287281000,31.769893,-0.594082500289941,-9.86314936639857,-0.933898881436799,-0.57848936,-0.3894266,0.64599,49.296993,110.408905,-13.594536,WAL
1819292274000,31.774886,-0.634077202407646,-9.93819730147569,-0.835969772774091,-0.5842926,-0.39553526,0.6221663,49.07819,110.47772,-13.665173,WAL
1819297285000,31.779897,-0.738639571134,-10.0332539416658,-0.641103536312766,-0.58062744,-0.4364632,0.5681047,48.85264,110.52833,-13.723994,WAL
1819302230000,31.784842,-0.903448837115083,-10.1355911583876,-0.467674319741408,-0.5992588,-0.51893,0.51159966,48.59776,110.57892,-13.778466,WAL
1819312213000,31.794825,-1.38517902174169,-10.3628226886914,-0.163184477242953,-0.6395759,-0.7144069,0.38056904,48.001476,110.62161,-13.85401,WAL
1819317229000,31.799841,-1.62722636283025,-10.4769961191234,-0.0101922855197985,-0.6469063,-0.75533485,0.32986724,47.66662,110.61662,-13.876752,WAL
1819322224000,31.804836,-1.88277693427402,-10.5826207909148,0.0774533842047839,-0.62888575,-0.75441855,0.29718593,47.290165,110.58621,-13.909445,WAL
1819327229000,31.809841,-2.18448859420898,-10.663077268569,-0.0382027354762904,-0.59528816,-0.6808093,0.27885997,46.924713,110.54504,-13.926417,WAL
1819332213000,31.814825,-2.43786438323671,-10.6694710880417,-0.213571163785005,-0.52534413,-0.62796944,0.3042109,46.555077,110.51476,-13.981673,WAL
1819337217000,31.819829,-2.59796647080672,-10.5282045835708,-0.510231029686548,-0.46792278,-0.44684792,0.32406402,46.245865,110.47469,-14.012592,WAL
1819342212000,31.824824,-2.7321408977874,-10.3771195623858,-0.768914859153439,-0.32620203,-0.21227567,0.38545597,45.990456,110.459595,-14.091956,WAL
1819347250000,31.829862,-2.80640426498316,-10.2007440047138,-0.940648817037037,-0.14874569,0.020463986,0.441961,45.791267,110.428314,-14.159619,WAL
1819352262000,31.834874,-2.84347053059876,-10.0374535191623,-1.06371583453289,0.04550946,0.20922135,0.49296826,45.689484,110.4435,-14.260778,WAL
1819357311000,31.839923,-2.7549923617058,-9.91456731605164,-1.02439219821084,0.18448131,0.30757064,0.52290064,45.633064,110.44158,-14.358721,WAL
1819362279000,31.844891,-2.59954536082863,-9.80824893259986,-0.984702477456636,0.28191432,0.35002577,0.51007247,45.633846,110.4606,-14.472004,WAL
1819367287000,31.849899,-2.25252114086629,-9.74169648934483,-0.941918680259689,0.3118467,0.32986724,0.46395215,45.645565,110.46621,-14.579082,WAL
1819372311000,31.854923,-1.87378329945203,-9.68811078898077,-0.932711535536515,0.2556471,0.29871312,0.4175264,45.653248,110.46967,-14.677431,WAL
1819377315000,31.859927,-1.40587564696623,-9.67378679535718,-1.02342833710671,0.17592919,0.2864958,0.37812558,45.658554,110.46589,-14.76279,WAL
1819382282000,31.864894,-0.936640814089085,-9.67535270484581,-1.11084961023984,0.060170226,0.30024028,0.35735616,45.63713,110.44182,-14.796645,WAL
1819387283000,31.869895,-0.449030849531082,-9.72692689427313,-1.19055507335291,-0.040317107,0.30818152,0.355829,45.609592,110.42717,-14.824849,WAL
1819392274000,31.874886,0.00672322933652123,-9.79903966766288,-1.21549313529588,-0.14263703,0.30818152,0.34880406,45.53734,110.415146,-14.800466,WAL
1819397293000,31.879905,0.337123069336521,-9.95705666766288,-1.01438018529588,-0.22204952,0.2678644,0.33933565,45.455845,110.416214,-14.776696,WAL
1819402261000,31.884873,0.610271053184489,-10.1103728695652,-0.78474672733255,-0.27855456,0.19822577,0.3023783,45.31748,110.39637,-14.692411,WAL
1819407438000,31.89005,0.649110953245202,-10.2560228876812,-0.406057734692519,-0.29749137,0.06291912,0.22235495,45.14542,110.37123,-14.601767,WAL
1819412322000,31.894934,0.659997544800231,-10.4030410032733,-0.0518919694425725,-0.2657264,-0.10048734,0.15271631,44.89853,110.27303,-14.461741,WAL
1819417353000,31.899965,0.530117332109368,-10.6071382160393,0.296001423849042,-0.20433442,-0.267559,0.10445796,44.60893,110.15976,-14.316976,WAL
1819422336000,31.904948,0.384779543851658,-10.8281911017837,0.626427207469515,-0.09407325,-0.408058,0.07452556,44.2564,109.94777,-14.145312,WAL
1819427358000,31.90997,0.045504069509221,-11.2692495296785,0.796064937049279,0.046731193,-0.5030475,0.07086037,43.870934,109.714836,-13.976965,WAL
1819432300000,31.914912,-0.298792452764552,-11.706821649208,0.938254377903022,0.204029,-0.52106804,0.07880162,43.452686,109.40655,-13.805316,WAL
1819437341000,31.919953,-0.758525740329414,-12.1900106348265,0.82566664810514,0.3744604,-0.53023106,0.08827003,43.015415,109.071846,-13.638975,WAL
1819442534000,31.925146,-1.2275814234272,-12.6818097699221,0.694390208865189,0.46028697,-0.47647488,0.112399206,42.59294,108.72531,-13.500447,WAL
1819447346000,31.929958,-1.60954048262433,-13.0683708867585,0.395265623082085,0.65057147,-0.35735616,0.124311075,42.193943,108.332756,-13.35765,WAL
1819452528000,31.93514,-1.9849714113983,-13.5015792665997,0.0540601047620787,0.8313876,-0.17898351,0.14630222,41.85701,107.98344,-13.264416,WAL
1819457426000,31.940038,-1.89072005048863,-14.1227811232076,-0.50716402806028,1.0204504,0.0421497,0.14782938,41.573627,107.60631,-13.159819,WAL
1819462301000,31.944913,-1.79691127457302,-14.7410659437392,-1.06575276785387,1.2147056,0.28191432,0.13041973,41.37408,107.27786,-13.099925,WAL
1819467344000,31.949956,-1.43191185538409,-14.9710952476974,-1.27392828835979,1.3900238,0.5589417,0.095294975,41.253956,106.928925,-13.022318,WAL
1819472334000,31.954946,-1.0198632898834,-15.1209311697041,-1.40971701322751,1.5653422,0.82253003,0.06261369,41.203384,106.55775,-12.93088,WAL
1819477316000,31.959928,-0.634358070044825,-15.2129020821108,-1.30393453241646,1.7620409,1.0546589,0.011301007,41.215317,106.19904,-12.800052,WAL
1819482245000,31.964857,-0.259264524335778,-15.289844896903,-1.1404322310106,1.9657644,1.1939361,-0.05467244,41.27508,105.81437,-12.652723,WAL
1819487292000,31.969904,0.112755168234068,-15.2049417823109,-0.976547210233274,2.175291,1.210735,-0.15851954,41.325752,105.36444,-12.432352,WAL
1819492252000,31.974864,0.475825853642049,-15.0870612820131,-0.816230286191185,2.3832908,1.1404854,-0.2742785,41.385895,104.88215,-12.196074,WAL
1819497307000,31.979919,0.828360752534017,-14.816661146125,-0.858821078138434,2.5821273,1.0296134,-0.4092797,41.399292,104.299126,-11.883792,WAL
1819502267000,31.984879,1.170262766338,-14.5169117475843,-0.94780927344508,2.765387,0.91232723,-0.56505036,41.383842,103.6787,-11.5464735,WAL
1819507393000,31.990005,1.32695302241398,-14.201398843621,-1.06561928113287,2.9278772,0.8035932,-0.72021013,41.309235,102.970795,-11.137491,WAL
1819512319000,31.994931,1.42684786927475,-13.8967190939121,-1.18549313908947,3.0674598,0.7076874,-0.88208944,41.199467,102.23088,-10.697058,WAL
1819517348000,31.99996,1.1395347345808,-13.7088234353711,-1.22877941292579,3.164282,0.63499445,-1.0680978,41.032528,101.447655,-10.193016,WAL
1819522281000,32.004893,0.817690875329276,-13.5371734965937,-1.26310940068126,3.2409456,0.5864306,-1.2696834,40.840416,100.63723,-9.651035,WAL
1819527302000,32.009914,0.290741277148704,-13.2720159527383,-1.16601962701228,3.2562172,0.5888741,-1.4899004,40.631535,99.814705,-9.064474,WAL
1819532246000,32.014858,-0.313678236084584,-12.9721128741961,-1.01376128922237,3.2198708,0.58551437,-1.5949692,40.404987,99.00259,-8.465507,WAL
1819537294000,32.019906,-0.888895663178536,-12.7239191653445,-0.910851741027721,3.1774156,0.602924,-1.7608191,40.206593,98.20729,-7.8507,WAL
1819542327000,32.024939,-1.43882065021838,-12.5091053060879,-0.83781481803191,3.1166344,0.67073005,-1.8442022,40.02109,97.45048,-7.240277,WAL
1819547241000,32.029853,-1.96269249923626,-12.408810475005,-0.802303122613569,3.068987,0.81000733,-1.8649716,39.93365,96.795395,-6.7043614,WAL
1819552298000,32.03491,-2.48148146181313,-12.476060750248,-0.821517530678437,3.032335,1.0033462,-1.8796324,39.879234,96.17764,-6.157805,WAL
1819557357000,32.039969,-2.95343904812839,-12.4891791035687,-0.822099041427463,2.9953778,1.1636983,-1.8872682,39.94529,84.29348,-5.7051144,WAL
1819562351000,32.044963,-3.34766512724011,-12.4196098553142,-0.794271342125679,2.9483411,1.2272283,-1.865277,40.03632,84.68293,-5.2686996,WAL
1819567265000,32.049877,-3.69716049215088,-12.4793728688202,-0.90428299154028,2.8426614,1.1236867,-1.8304577,40.192238,84.92111,-4.9156327,WAL
1819572319000,32.054931,-3.97362957261178,-12.8178086978531,-1.3142200790132,2.7006352,0.9786061,-1.8084666,40.350086,85.08332,-4.575708,WAL
1819577276000,32.059888,-4.15011458033553,-13.0308092657516,-1.73622639459537,2.528066,0.87781334,-1.851838,40.552975,85.130684,-4.294103,WAL
1819582308000,32.06492,-4.09499247620818,-12.9527199739777,-2.21395126505576,2.2137756,0.7351763,-1.9385809,40.69832,85.16243,-4.0125628,WAL
1819587285000,32.069897,-3.98815115740275,-12.759161800985,-2.64429127734446,1.8570304,0.6258314,-1.9407189,40.833004,85.16838,-3.80334,WAL
1819592323000,32.074935,-3.65838339593929,-12.070529131571,-2.90131627386672,1.5140295,0.52839845,-1.8527542,40.924103,85.20693,-3.5978692,WAL
1819597294000,32.079906,-3.3323985253202,-11.403439270936,-3.17217815990148,1.2965615,0.46853364,-1.7104226,40.945545,85.30378,-3.4331021,WAL
1819602314000,32.084926,-3.00084290679803,-10.7782192906404,-3.51320674098522,1.1963795,0.5366451,-1.5351044,40.971416,85.4131,-3.3050313,WAL
1819607330000,32.089942,-2.60589843143229,-10.175021879122,-3.74980212542849,1.1566733,0.68966687,-1.3949108,41.046196,85.53896,-3.1653688,WAL
1819612315000,32.094927,-1.92642219599078,-9.67259263786709,-3.51533504624637,1.1374311,0.87109387,-1.2589933,41.14417,85.642044,-3.07903,WAL
1819617328000,32.09994,-1.26632734204304,-9.25090488723856,-3.26843443173689,1.1050552,1.0910053,-1.1215485,41.36353,85.73924,-2.9847233,WAL
1819622355000,32.104967,-0.706925504556936,-9.19739682267354,-2.97170820125291,1.1377366,1.2852604,-1.03786,41.622803,85.80905,-2.9203758,WAL
1819627312000,32.109924,-0.203642459524093,-9.16794345568114,-2.63113220345033,1.2116512,1.3784174,-0.9954049,41.912395,85.88026,-2.7750187,WAL
1819632308000,32.11492,0.114190548185604,-9.22961230438231,-2.09982929934563,1.2776246,1.3927728,-1.0064005,42.230232,85.936104,-2.6455517,WAL
1819637285000,32.119897,0.392851764357749,-9.33546923778406,-1.64616651612211,1.3130548,1.4104879,-1.0155635,42.55467,85.98345,-2.4372492,WAL
1819642321000,32.124933,0.501040830668097,-9.64592515507656,-1.53327357138398,1.3683381,1.5054774,-1.0485502,42.901253,86.00327,-2.227153,WAL
1819647300000,32.129912,0.597385451658741,-9.94279404260985,-1.39968299471181,1.4046847,1.6087136,-1.1007792,43.22124,85.980835,-1.953922,WAL
1819652305000,32.134917,0.624738657317862,-10.1752966191744,-1.12159217047746,1.4001031,1.6410894,-1.1695015,43.543827,85.93435,-1.6753306,WAL
1819657456000,32.140068,0.650055462519984,-10.4100443319345,-0.844163745563549,1.3692545,1.6633861,-1.2125676,43.899677,85.84361,-1.3760942,WAL
1819662315000,32.144927,0.631456843780975,-10.5634825019984,-0.713973540623501,1.3109168,1.6771306,-1.2336423,44.25766,85.73757,-1.0739137,WAL
1819667546000,32.150158,0.607884565752036,-10.7057140365611,-0.618396539422625,1.2672399,1.6930131,-1.2437216,44.61703,85.57685,-0.7661413,WAL
1819672360000,32.154972,0.545301642161086,-10.5722037368326,-1.04396035187873,1.2043208,1.7837266,-1.2198979,44.995453,85.41532,-0.4749221,WAL
1819677294000,32.159906,0.481158695547511,-10.4353653864253,-1.48013231919457,1.1395692,1.981036,-1.1652255,45.42244,85.22229,-0.20219792,WAL
1819682309000,32.164921,0.347004369738851,-10.2246283129771,-2.13287684230615,1.1304061,2.248595,-1.1114693,45.888344,85.02001,0.048904166,WAL
1819687276000,32.169888,0.19889188209321,-10.0000706221374,-2.82566109089996,1.1264355,2.5442538,-1.0558805,46.410183,84.82884,0.2677973,WAL
1819692320000,32.174932,-0.030392581588729,-9.7173441603717,-3.5420778779976,1.1355985,2.850908,-0.9859365,47.06775,84.6639,0.4496445,WAL
1819697245000,32.179857,-0.270745740511591,-9.42986303277378,-4.24428612989608,1.1517864,3.1349604,-0.9285152,47.79446,84.50088,0.6028777,WAL
1819702319000,32.184931,-0.500641003746086,-9.03285375007116,-4.74581354617136,1.1725558,3.361897,-0.8875872,48.643513,84.40412,0.7028628,WAL
1819707302000,32.189914,-0.722515970028466,-8.6208004540279,-5.18956357329917,1.1951579,3.5216382,-0.86376345,49.54549,84.31041,0.77837527,WAL
1819712312000,32.194924,-0.733448579865651,-8.32445946160016,-5.18031904471626,1.2076806,3.6468656,-0.8533788,50.54939,84.30205,0.7888605,WAL
1819717247000,32.199859,-0.662371433389814,-8.07805828604371,-4.99551843518147,1.2073752,3.7174203,-0.8579602,51.57537,84.30044,0.7888042,WAL
1819722316000,32.204928,-0.568707661804376,-7.80476135657908,-4.71587078046758,1.1976013,3.7452147,-0.86620694,52.65192,84.366066,0.7344687,WAL
1819727249000,32.209861,-0.469587876041563,-7.53100208440404,-4.40907144827655,1.1841623,3.749491,-0.872621,53.73453,84.4428,0.67572975,WAL
1819732307000,32.214919,-0.457790851806027,-7.35066078008382,-3.93601794955099,1.1633929,3.7351356,-0.8781188,54.803467,84.50418,0.6336906,WAL
1819737283000,32.219895,-0.481565650528837,-7.21276714112951,-3.40821747252045,1.1313224,3.6639698,-0.87964594,55.849953,84.582695,0.5897784,WAL
1819742313000,32.224925,-0.595282430072072,-7.10753036566567,-2.84588950322322,1.0842859,3.571118,-0.88147855,56.898453,84.61303,0.58123004,WAL
1819747292000,32.229904,-0.743247454954955,-7.01684204229229,-2.27789485215215,0.9935723,3.4636059,-0.8949176,57.91447,84.67526,0.5739026,WAL
1819752298000,32.23491,-0.801838334652751,-6.79589500666603,-1.52433642045787,0.92485,3.3744197,-0.91690874,58.90279,84.677505,0.578853,WAL
1819757390000,32.240002,-0.825292113102155,-6.51914034945171,-0.684691031477491,0.8756753,3.2223141,-0.9260717,59.83338,84.71045,0.5837249,WAL
1819762345000,32.244957,-0.975502697565448,-6.38808519373536,0.0342236491698076,0.7452556,3.0757065,-0.93126404,60.722614,84.729546,0.57233655,WAL
1819767338000,32.24995,-1.19469031149027,-6.32963520404401,0.706399003625344,0.5726862,2.903748,-0.9089675,61.550175,84.78591,0.5567682,WAL
1819772405000,32.255017,-1.51187581616192,-6.35075364299287,1.08783479394794,0.3930918,2.6945267,-0.8943067,62.277958,84.78047,0.55401546,WAL
1819777356000,32.259968,-1.86382630463183,-6.40706568194774,1.32716108200713,0.20586158,2.4895813,-0.8900307,62.945736,84.83625,0.5506122,WAL
1819782339000,32.264951,-2.20453807455406,-6.39162141234848,1.33895872469695,0.04734206,2.3212879,-0.9049969,63.655327,84.79308,0.59563386,WAL
1819787343000,32.269955,-2.53985751017049,-6.33967055207451,1.23505700414901,-0.11362094,2.1902573,-0.9077458,64.30768,84.809525,0.63728005,WAL
1819792317000,32.274929,-2.83809239291854,-6.37618936297585,0.98436288769955,-0.25625798,2.112983,-0.89552844,64.96867,84.83571,0.64342415,WAL
1819797343000,32.279955,-3.11885199463774,-6.46485027629963,0.644495993286942,-0.34269542,2.0650299,-0.8753699,65.59369,84.89432,0.6488339,WAL
1819802296000,32.284908,-3.28139063427439,-6.61712952317979,0.313639248093116,-0.42058071,2.0506747,-0.8518516,66.27026,84.99901,0.6067233,WAL
1819807353000,32.289965,-3.39173116825161,-6.80422875482912,-0.0221798663694899,-0.46395215,2.067168,-0.83169305,66.93488,85.119995,0.56031156,WAL
1819812391000,32.295003,-3.39377536931092,-6.97389138464563,-0.269804627936695,-0.4578435,2.0967948,-0.80481493,67.64273,85.3026,0.45544174,WAL
1819817306000,32.299918,-3.34287890887644,-7.13120786184017,-0.468763663668534,-0.4251622,2.1160371,-0.77854776,68.34458,85.48968,0.34741458,WAL
1819822293000,32.304905,-3.21846569081773,-7.24161715854187,-0.572049563631527,-0.37048978,2.1242838,-0.7535023,69.07719,85.717705,0.2099041,WAL
1819827316000,32.309928,-3.04784942507389,-7.32218588059113,-0.61470360779803,-0.31245756,2.1197023,-0.7351763,69.80342,85.93312,0.07114156,WAL
1819832309000,32.314921,-2.85724076981978,-7.34421906509011,-0.629377096272528,-0.25289822,2.105958,-0.7290677,70.53809,86.15385,-0.05981539,WAL
1819837300000,32.319912,-2.65213889202823,-7.32598780398589,-0.624819280996472,-0.22479841,2.0821342,-0.71593404,71.26026,86.36387,-0.1926168,WAL
1819842314000,32.324926,-2.47298562129873,-7.25960590921509,-0.605121956575602,-0.18784106,2.0378466,-0.70921457,71.951294,86.55852,-0.29490155,WAL
1819847306000,32.329918,-2.32228455297888,-7.14406825390354,-0.569958370470737,-0.15668693,1.9990565,-0.70096785,72.62934,86.744576,-0.3964854,WAL
1819852300000,32.334912,-2.21288154771604,-7.01859857819854,-0.491535247538066,-0.14782938,1.9529362,-0.70096785,73.29617,86.90851,-0.441781,WAL
1819857314000,32.339926,-2.13217092102037,-6.88566347792169,-0.382338437982994,-0.16371189,1.9138408,-0.70402217,73.94663,87.07122,-0.48501417,WAL
1819862310000,32.344922,-2.07631189525378,-6.74685386951763,-0.25903110425804,-0.18203785,1.853976,-0.70188415,74.57539,87.21833,-0.49428308,WAL
1819867305000,32.349917,-2.03924390542425,-6.60321554197985,-0.124659895133669,-0.23518312,1.7956384,-0.6945538,75.18665,87.38115,-0.5017811,WAL
1819872355000,32.354967,-2.03061196293444,-6.43727735555781,0.0465497432161313,-0.29565877,1.7302758,-0.6963864,75.7757,87.52742,-0.4834226,WAL
1819877312000,32.359924,-2.04985289822677,-6.25448867119262,0.248579704423954,-0.37110063,1.6539177,-0.6817256,76.338455,87.6928,-0.46998197,WAL
1819882309000,32.364921,-2.07599502138329,-6.05587066899135,0.444228591510086,-0.47067168,1.6065756,-0.66645396,76.88932,87.8522,-0.44116628,WAL
1819887291000,32.369903,-2.10807785707973,-5.84504094768492,0.632141907256484,-0.56779927,1.5451837,-0.63438356,77.40844,88.03076,-0.41975987,WAL
1819892319000,32.374931,-2.13458808049412,-5.67357496319984,0.850527855688384,-0.66889745,1.4834863,-0.5900958,77.905945,88.198845,-0.4020487,WAL
1819897308000,32.37992,-2.15362719394302,-5.55458020593744,1.10279630769078,-0.76052725,1.421178,-0.54183745,78.380455,88.38833,-0.3934715,WAL
1819902330000,32.384942,-2.12654287677262,-5.49945177261614,1.33454794523227,-0.86132,1.3704761,-0.4700608,78.83556,88.5631,-0.40115908,WAL
1819907328000,32.38994,-2.04102161655069,-5.52645855068648,1.53709821675757,-0.95111716,1.3228287,-0.39370266,79.26903,88.75131,-0.42274642,WAL
1819912291000,32.394903,-1.91702203250803,-5.64790497353997,1.73575417520318,-1.0317514,1.2846496,-0.3136793,79.67878,88.90529,-0.45788538,WAL
1819917305000,32.399917,-1.70374934870535,-5.98369608826309,1.93087600842941,-1.097114,1.241889,-0.24404067,80.069214,89.05554,-0.5105292,WAL
1819922328000,32.40494,-1.47282535699558,-6.34634832371134,2.12447153078056,-1.1475104,1.1902709,-0.17623462,80.42981,89.16343,-0.559357,WAL
1819927311000,32.409923,-1.1741284486377,-6.8119640818299,2.30896073025589,-1.1753048,1.174083,-0.09712757,80.784225,89.231705,-0.6299695,WAL
1819932446000,32.415058,-0.860910082908908,-7.3000976678007,2.50087772131857,-1.1856894,1.1472049,-0.03176499,81.106674,89.27395,-0.66073465,WAL
1819937287000,32.419899,-0.464260640478108,-7.91607099065929,2.71553516523402,-1.1951579,1.1297953,-0.0015271631,81.423065,89.28008,-0.7026955,WAL
1819942509000,32.425121,-0.0370799725629792,-8.57894143154436,2.94940486243154,-1.183246,1.1304061,0.05375614,81.72106,89.30038,-0.6961159,WAL
1819947305000,32.429917,0.347083185158817,-9.16890625958379,3.19179345125958,-1.1386528,1.1481212,0.089186326,82.01447,90.69295,-0.6928816,WAL
1819952551000,32.435163,0.765844889552648,-9.8301064563169,3.46062214781813,-1.0476339,1.196685,0.1328632,82.30003,90.61051,-0.6103709,WAL
1819957370000,32.439982,1.13315849505992,-10.6280638182234,3.75193971332906,-0.9282097,1.2592987,0.13744467,82.589264,89.46779,-0.5322091,WAL
1819962300000,32.444912,1.50893273767267,-11.4444011899186,4.04996743650169,-0.8054258,1.3292428,0.102319926,82.8822,89.6153,-0.3703132,WAL
1819967345000,32.449957,2.05059019141693,-12.3298258248473,4.37821388577248,-0.6575964,1.382999,0.016493361,83.18034,89.68336,-0.20776111,WAL
1819972431000,32.455043,2.62690013753273,-13.2320815342838,4.71360759328872,-0.51893,1.4068227,-0.10415252,83.481606,89.60256,-0.037000842,WAL
1819977318000,32.45993,3.24292699722,-14.0010831376,4.83855528624,-0.43463063,1.4376713,-0.2751948,83.775375,89.319046,0.23936127,WAL
1819982242000,32.464854,3.87953564358,-14.7508665264,4.91400514736,-0.38545597,1.4688255,-0.43035457,84.06702,88.96711,0.52341837,WAL
1819987295000,32.469907,4.35911201155601,-15.4079900233147,4.80791613355296,-0.34422258,1.5008959,-0.60994893,84.33671,88.4833,0.9150827,WAL
1819992252000,32.474864,4.77777244306133,-16.0191376237202,4.64911385239736,-0.28130344,1.4899004,-0.7861836,84.6011,87.97861,1.3229406,WAL
1819997307000,32.479919,4.71192611267524,-15.575880635641,4.63272176580431,-0.19608775,1.4395039,-0.9388999,84.85701,87.39857,1.8182657,WAL
1820002312000,32.484924,4.52141768501228,-14.8658035847666,4.65350466842752,-0.0720821,1.352761,-1.02717,85.10225,86.80379,2.3166118,WAL
1820007441000,32.490053,4.28021636740167,-14.0804049213349,4.68709384028605,0.06688975,1.2547172,-1.0207558,85.351845,86.19004,2.846631,WAL
1820012312000,32.494924,3.39061196492849,-12.5050641094557,4.89559470202622,0.2321288,1.169807,-0.94989544,85.583046,85.57317,3.355438,WAL
1820017583000,32.500195,2.43545529738467,-10.8156582411914,5.09182431071558,0.34574974,1.0974194,-0.83658,85.789444,84.98036,3.810242,WAL
1820022379000,32.504991,1.65131905314203,-9.45176198801308,4.9374996836542,0.4034765,1.0699304,-0.72326446,85.98244,84.40781,4.224112,WAL
1820027272000,32.509884,0.851323506211406,-8.06028067717036,4.78005381205049,0.3827071,1.0772609,-0.6737844,86.14114,83.89155,4.5267076,WAL
1820032305000,32.514917,0.198274231414343,-6.83689585697211,4.28447840256972,0.3436117,1.1120802,-0.56291234,86.28814,83.42099,4.765004,WAL
1820037269000,32.519881,-0.407804112529881,-5.67682388964143,3.72101491089641,0.22907446,1.1695015,-0.441961,86.434235,82.99614,4.972899,WAL
1820042323000,32.524935,-0.722423931603726,-4.91298616978864,3.11337937419613,0.07574729,1.2070698,-0.3213151,86.60841,82.66525,5.0702906,WAL
1820047243000,32.529855,-0.958414543243514,-4.26637175688671,2.51396320190324,-0.06994407,1.1930199,-0.18112154,86.77584,82.38641,5.1233206,WAL
1820052321000,32.534933,-1.10957878610401,-4.11489158388747,2.05615596197783,-0.23548855,1.1099422,-0.02443461,86.98495,82.24331,5.088902,WAL
1820057283000,32.539895,-1.2356149021597,-4.08788386487639,1.64653851429383,-0.41599923,0.93584555,0.13500121,87.15662,82.15965,5.01551,WAL
1820062308000,32.54492,-1.43715466562559,-4.46428287858363,1.29517897140687,-0.62125,0.691194,0.3210097,87.321014,82.22014,4.8752146,WAL
1820067242000,32.549854,-1.66592341172394,-5.0025625126068,0.976696999810139,-0.8445212,0.39370266,0.50732356,87.41354,82.3506,4.6964664,WAL
1820072337000,32.554949,-2.07508948779093,-5.95818558913842,0.568183463389139,-1.0671816,0.09682214,0.7189884,87.4585,82.62356,4.450877,WAL
1820077331000,32.559943,-2.5926085925684,-7.16410246077991,0.11413371841078,-1.273654,-0.16676621,0.94806284,87.42187,82.974625,4.1563883,WAL
1820082308000,32.56492,-3.19593163061962,-8.61712872372948,-0.314030725750977,-1.434617,-0.40653083,1.1921035,87.32852,83.47568,3.7696948,WAL
1820087317000,32.569929,-3.85228720863956,-10.2205121693511,-0.731285432792807,-1.5806139,-0.6597345,1.4440855,87.152374,84.051895,3.3254848,WAL
1820092308000,32.57492,-4.64121080144792,-11.989940003125,-1.26378833664792,-1.7018706,-0.91874135,1.6560557,86.9445,84.8031,2.7563848,WAL
1820097308000,32.57992,-5.52407293686458,-13.880361878125,-1.87730247206458,-1.7470746,-1.0931433,1.8051068,86.68906,85.577805,2.1425078,WAL
1820102306000,32.584918,-6.20649167963143,-15.320367542192,-2.41221926755577,-1.6859881,-1.1294898,1.8680259,86.444084,86.46255,1.4051876,WAL
1820107323000,32.589935,-6.79367873191077,-16.5460045838991,-2.91086259582929,-1.4987578,-1.0036516,1.8442022,86.199234,87.25274,0.66280097,WAL
1820112310000,32.594922,-6.91267256046512,-17.3972718837209,-2.91469009302326,-1.185384,-0.7131852,1.7547104,86.03531,87.94408,-0.17361344,WAL
1820117309000,32.599921,-6.73737793812964,-18.0179102250371,-2.60673957273627,-0.76174897,-0.3231477,1.6209309,85.93773,88.179344,-0.9706111,WAL
1820122303000,32.604915,-6.13864374875051,-18.1580223254774,-1.62718355894149,-0.3036,-0.1459968,1.4676038,85.887596,87.920654,-1.7797077,WAL
1820127315000,32.609927,-5.24146688036367,-17.9629840418529,-0.174147297104836,0.10751228,0.046731193,1.3784174,85.95216,87.350655,-2.5447643,WAL
1820132308000,32.61492,-4.45238548319361,-17.3762344858283,1.16560637857884,0.27550024,0.06291912,1.2034045,86.00341,86.7721,-3.1847744,WAL
1820137292000,32.619904,-3.72832538275449,-16.5521395365269,2.43747519887425,0.50335294,-0.02443461,1.0381655,86.07841,86.19278,-3.7796218,WAL
1820142318000,32.62493,-3.23058700325138,-15.53392146001,3.16838064913196,0.5888741,-0.122478485,0.88208944,86.09479,85.76253,-4.1941185,WAL
1820147308000,32.62992,-2.88050738147516,-14.4069531198194,3.55202947562469,0.5885687,-0.19700404,0.7791586,86.09241,85.36945,-4.563039,WAL
1820152292000,32.634904,-2.61946743005923,-13.1343426501481,3.46489719535044,0.46914452,-0.28252518,0.7098254,86.00145,85.061874,-4.8046565,WAL
1820157377000,32.639989,-2.40794573632774,-11.7450292908193,3.08511962827246,0.29565877,-0.3494149,0.70554936,85.894,84.76279,-5.0276427,WAL
1820162343000,32.644955,-2.32440847710752,-10.4208575208373,2.55155474137012,0.11728613,-0.3747658,0.72234815,85.75361,84.49089,-5.2031755,WAL
1820167351000,32.649963,-2.31984509792578,-9.10661775375833,1.90812451887726,-0.051923547,-0.44715336,0.73456544,85.58001,84.23353,-5.3697476,WAL
1820172321000,32.654933,-2.31020605290722,-7.8412331,1.18379202909732,-0.2125811,-0.61819565,0.7333437,85.38161,84.00814,-5.5329585,WAL
1820177326000,32.659938,-2.2953817588866,-6.605873975,0.368455293997835,-0.39767328,-0.81306165,0.74006325,85.15491,83.80221,-5.695849,WAL
1820182316000,32.664928,-2.27330581915906,-5.56967283945426,-0.43880800383793,-0.6386596,-1.0778717,0.7699956,84.885574,83.62047,-5.892402,WAL
1820187298000,32.66991,-2.24550729445523,-4.68938425644785,-1.24033406325471,-0.9251554,-1.3176364,0.8200866,84.56854,83.4576,-6.090745,WAL
1820192289000,32.674901,-2.26160052830114,-3.96603822059519,-2.15371695559716,-1.1615603,-1.4181237,0.9236283,84.24626,83.29195,-6.3462706,WAL
1820197313000,32.679925,-2.32323641383524,-3.40183326765865,-3.18730242599527,-1.3112222,-1.3753631,1.061073,83.89982,83.10758,-6.6228385,WAL
1820202295000,32.684907,-2.41842441807217,-2.96442652884712,-4.05207017422857,-1.3778065,-1.2809844,1.1869112,83.577644,82.884,-6.9600973,WAL
1820207326000,32.689938,-2.55402248476229,-2.66417347545482,-4.73974623196301,-1.4101825,-1.1850786,1.3035865,83.273994,82.594765,-7.334128,WAL
1820212287000,32.694899,-2.66591166179163,-2.47827427747809,-5.2402923987147,-1.4272866,-1.1334605,1.385137,83.041794,82.21717,-7.7733936,WAL
1820217306000,32.699918,-2.75483602642649,-2.41275111030185,-5.54918795104187,-1.396438,-1.0149527,1.4715744,82.86574,98.25233,-8.248277,WAL
1820222319000,32.704931,-2.74037668486345,-2.50425254722362,-6.10223849327824,-1.2999213,-0.883922,1.5793921,82.7552,98.841805,-8.784515,WAL
1820227314000,32.709926,-2.58611318481306,-2.80795876575632,-6.9844328118311,-1.1872166,-0.5543602,1.6279559,82.748634,99.489174,-9.325755,WAL
1820232282000,32.714894,-2.41853936027544,-4.04768164765579,-7.45113355079117,-0.8857546,-0.13652839,1.6841555,82.83714,100.21944,-9.911372,WAL
1820237294000,32.719906,-2.23100689639578,-6.52311133599336,-7.38549730347724,-0.63163465,0.33628133,1.675298,83.05031,100.9693,-10.482482,WAL
1820242264000,32.724876,-2.07212271279693,-8.65032016547054,-7.10702074158496,-0.41874814,0.73456544,1.6166549,83.44162,101.73212,-11.00152,WAL
1820247315000,32.729927,-1.95477312030729,-10.2785444529465,-6.47626684150409,-0.30879238,1.0073168,1.5085317,83.94481,102.48752,-11.486481,WAL
1820252311000,32.734923,-1.79128602077971,-11.8876921817752,-5.67066835863929,-0.2919936,1.162782,1.3845261,84.55621,103.04444,-11.765136,WAL
1820257306000,32.739918,-1.56043402286147,-13.4946032496215,-4.60693882102574,-0.26358834,1.2702943,1.2409728,85.23175,103.56141,-11.989773,WAL
1820262292000,32.744904,-1.21077751688199,-14.8795003709036,-3.56491059177875,-0.22510384,1.3292428,1.0616838,85.907814,103.84949,-12.031692,WAL
1820267278000,32.74989,-0.577608947080887,-15.7433227457852,-2.56993129327524,-0.23945917,1.3356569,0.883922,86.58888,104.11261,-12.030776,WAL
1820272281000,32.754893,0.118820234988062,-16.3475301306208,-1.60911119678074,-0.3894266,1.2990049,0.7254025,87.20901,104.07282,-11.821097,WAL
1820277277000,32.759889,1.08982381893554,-15.7668326053522,-0.818980834615997,-0.5861252,1.2669345,0.6261369,87.81435,104.04054,-11.601461,WAL
1820282294000,32.764906,1.980365732,-15.1113175015385,-0.0505950118153846,-0.7797695,1.2257011,0.59223384,88.30738,103.8456,-11.286864,WAL
1820287278000,32.76989,2.46359572219355,-14.1164324458561,0.593711635180149,-0.9596693,1.1389582,0.56413406,88.76492,103.692764,-10.980055,WAL
1820292301000,32.774913,2.84177659469486,-13.1803692645149,1.1829852198108,-1.119716,0.9767735,0.50946164,89.090004,103.52634,-10.675488,WAL
1820297292000,32.779904,2.64671954734743,-12.5996306322575,1.4534052099054,-1.2363913,0.7641924,0.36285394,89.368385,103.376526,-10.358861,WAL
1820302511000,32.785123,2.43312347532253,-11.9931299861065,1.72695516559709,-1.3078625,0.50823987,0.13591751,89.53204,103.18564,-10.021167,WAL
1820307239000,32.789851,2.0486826478002,-11.4589071716838,1.79186076797883,-1.3051136,0.24678956,-0.086437434,89.62735,102.986725,-9.663707,WAL
1820312229000,32.794841,1.62227809253031,-10.9473677691631,1.84093322580172,-1.2461652,0.01038471,-0.29138273,89.62705,102.77154,-9.312743,WAL
1820317225000,32.799837,1.09835146069613,-10.6807270288424,1.79883196115565,-1.1743884,-0.10170906,-0.4615087,89.581116,102.52801,-8.925586,WAL
1820322260000,32.804872,0.562372397665996,-10.4227459315895,1.7418226334004,-1.0961977,-0.35735616,-0.5357288,89.41944,102.30075,-8.591115,WAL
1820327229000,32.809841,-0.0169077935070422,-10.2360352566901,1.59341200070423,-1.0519099,-0.5879578,-0.6569856,89.22565,102.03525,-8.2099905,WAL
1820332228000,32.81484,-0.606477089629338,-10.0428018723331,1.41925335210697,-1.0085385,-0.8219192,-0.72051555,88.96265,101.812355,-7.914731,WAL
1820337226000,32.819838,-1.23708314760594,-9.81691325498968,1.0945383190994,-0.9850202,-1.0537425,-0.743423,88.6335,101.578804,-7.617028,WAL
1820342234000,32.824846,-1.85951602649165,-9.58085964200477,0.7503398303179,-0.99082345,-1.2742649,-0.74036866,88.256485,101.40146,-7.3974624,WAL
1820347227000,32.829839,-2.4027353601432,-9.26588356563246,0.252769176721718,-1.0012082,-1.41904,-0.74372846,87.837166,101.22112,-7.185278,WAL
1820352550000,32.835162,-2.96557296959578,-8.91661269478617,-0.291124835934388,-1.0192287,-1.4569136,-0.7318166,87.389595,101.153694,-7.0719957,WAL
1820357372000,32.839984,-3.28569939144698,-8.44318640900215,-0.940395281027143,-1.0396926,-1.344209,-0.6609562,86.95197,101.09849,-6.97718,WAL
1820362675000,32.845287,-3.62745896528558,-7.92152096665053,-1.63432236117135,-1.07665,-1.0870347,-0.5564982,86.56308,101.18125,-6.9600163,WAL
1820367349000,32.849961,-3.75745507668926,-7.44486866374637,-1.91164743201355,-1.1010846,-0.7538077,-0.4196644,86.23725,101.28117,-6.9652157,WAL
1820372313000,32.854925,-3.89551684327202,-6.93864229840271,-2.20617923596321,-1.1395692,-0.4184427,-0.25686884,86.03181,101.54291,-7.038591,WAL
1820377312000,32.859924,-3.9117511745264,-6.62604832343813,-2.2137401018944,-1.1633929,-0.15363261,-0.07727446,85.91033,101.83037,-7.1446033,WAL
1820382281000,32.864893,-3.91654632962515,-6.33354361206167,-2.1945594814994,-1.1866057,0.05009095,0.09865474,85.87614,102.14989,-7.2829337,WAL
1820387294000,32.869906,-3.7756267968946,-6.33760703329352,-2.05621677300687,-1.1838568,0.20830505,0.24801129,85.93007,102.561646,-7.476142,WAL
1820392253000,32.874865,-3.62436530289639,-6.36596854490893,-1.90968214825321,-1.1636983,0.31856623,0.35918877,86.03613,102.9936,-7.6991196,WAL
1820397308000,32.87992,-3.38854299041774,-6.53400281648956,-1.6621900959967,-1.1203269,0.36896262,0.4437936,86.17432,103.44662,-7.95531,WAL
1820402329000,32.884941,-3.14626722931477,-6.71460849926713,-1.40669925240015,-1.0732902,0.35002577,0.49632803,86.32932,103.90284,-8.229255,WAL
1820407319000,32.889931,-2.84701035730218,-6.95285751159851,-1.11906136639405,-0.9776898,0.26236662,0.5384777,86.47696,104.31362,-8.505023,WAL
1820412244000,32.894856,-2.53140286128518,-7.20834930156134,-0.823492526245353,-0.8872818,0.11575896,0.56077427,86.60555,104.715385,-8.790945,WAL
1820417312000,32.899924,-2.27082607273762,-7.50189929140581,-0.663176184063745,-0.8014552,0.030543262,0.57848936,86.7176,105.029236,-9.050948,WAL
1820422308000,32.90492,-2.02574265312085,-7.79690688313413,-0.531557293891102,-0.72784597,-0.14782938,0.58246,86.76325,105.322075,-9.322506,WAL
1820427313000,32.909925,-1.82940723663511,-8.07661018208303,-0.557477584632192,-0.6844745,-0.32559118,0.5717699,86.77934,105.51692,-9.551317,WAL
1820432272000,32.914884,-1.65151834568723,-8.34838515607117,-0.636539322541879,-0.6239988,-0.4642576,0.5561928,86.755936,105.687584,-9.781926,WAL
1820437301000,32.919913,-1.53923531754257,-8.51412528199963,-0.86014144224501,-0.61391956,-0.58551437,0.5360342,86.695816,105.784615,-9.966386,WAL
1820442320000,32.924932,-1.44241677641458,-8.65495207127815,-1.11539026491485,-0.6236934,-0.63224554,0.52870387,86.61604,105.87026,-10.147394,WAL
1820447308000,32.92992,-1.40129064608354,-8.73456709714104,-1.41792419093421,-0.6426302,-0.61453044,0.5170974,86.48982,105.96123,-10.2947645,WAL
1820452330000,32.934942,-1.39106757487512,-8.78057131788713,-1.75017595337443,-0.6924158,-0.5488624,0.516792,86.36481,106.05829,-10.437364,WAL
1820457316000,32.939928,-1.42879659400824,-8.78055615472002,-2.00076120694682,-0.77579886,-0.46395215,0.5112942,86.28856,106.17098,-10.541725,WAL
1820462325000,32.944937,-1.48184496067156,-8.76608811621595,-2.22742256103348,-0.8436049,-0.3631594,0.5012149,86.235664,106.28697,-10.636308,WAL
1820467307000,32.949919,-1.57531231088651,-8.68498389046106,-2.2509911523342,-0.91813046,-0.2666427,0.514654,86.24176,106.458145,-10.721719,WAL
1820472362000,32.954974,-1.68248794501877,-8.58246845153528,-2.2137127047454,-0.9954049,-0.17654006,0.5296202,86.275,106.63934,-10.797043,WAL
1820477312000,32.959924,-1.73793702118948,-8.49455943586856,-1.99623631802641,-1.0512991,-0.13408493,0.53878313,86.30438,106.89964,-10.887428,WAL
1820482306000,32.964918,-1.77220729182107,-8.41133155543044,-1.69759557811444,-1.0885619,-0.13683382,0.56230146,86.35119,107.17173,-10.980713,WAL
1820487297000,32.969909,-1.74747691897979,-8.33518794321463,-1.38519705333975,-1.1071932,-0.18325958,0.58123827,86.39194,107.458595,-11.092571,WAL
1820492320000,32.974932,-1.70117825042348,-8.2611095707411,-1.06573638050048,-1.1032226,-0.25411993,0.59773165,86.42886,107.74548,-11.208826,WAL
1820497306000,32.979918,-1.62369438850653,-8.27637299069251,-0.828657529711383,-1.087951,-0.32803464,0.61941737,86.40439,108.014534,-11.343792,WAL
1820502308000,32.98492,-1.5296141619503,-8.33773003159423,-0.632316216117326,-1.0690142,-0.41355577,0.634689,86.36002,108.27613,-11.483244,WAL
1820507349000,32.989961,-1.42905587535017,-8.43728976188455,-0.446991153396647,-1.0424415,-0.50243664,0.643852,86.250725,108.49583,-11.636621,WAL
1820512309000,32.994921,-1.3181665595607,-8.61370449872665,-0.290737990238752,-1.0122037,-0.6053675,0.65576386,86.11715,108.70646,-11.79733,WAL
1820517276000,32.999888,-1.24481775600307,-8.92146585692367,-0.144598025340621,-0.99387777,-0.6411031,0.65118235,85.94024,108.875465,-11.9486475,WAL
1820522318000,33.00493,-1.22166555730725,-9.41229304948216,-0.0103151791047181,-0.9828822,-0.713796,0.65148777,85.727715,109.03539,-12.109299,WAL
1820527249000,33.009861,-1.24556477120487,-9.8508636984776,0.0877250497505002,-0.97035944,-0.75777835,0.643852,85.49521,109.14462,-12.245115,WAL
1820532304000,33.014916,-1.36348567398869,-10.2172608285341,0.121416748322053,-0.96577793,-0.7849618,0.62949663,85.24886,109.24609,-12.378252,WAL
1820537469000,33.020081,-1.49083719164179,-10.5884321253731,0.156430707910448,-0.9627236,-0.81489426,0.59803706,84.93526,109.311775,-12.50233,WAL
1820542290000,33.024902,-1.68772328527719,-10.8985272744136,0.195807921497868,-0.9627236,-0.84604836,0.5403103,84.61377,109.36438,-12.612211,WAL
1820547304000,33.029916,-1.90228433847401,-11.2002549107306,0.216692596662073,-0.95722586,-0.8891144,0.4868596,84.251884,109.40183,-12.734171,WAL
1820552340000,33.034952,-2.16617691291924,-11.4006182099503,0.138502225741412,-0.945314,-0.915687,0.44135013,83.88619,109.4245,-12.838267,WAL
1820557367000,33.039979,-2.4196436413058,-11.5525640890835,0.0453027518972114,-0.91721416,-0.9282097,0.3830125,83.491615,109.423775,-12.939927,WAL
1820562315000,33.044927,-2.63161121439041,-11.5209942761968,-0.103525588164842,-0.88697636,-0.88086766,0.32620203,83.10841,109.40904,-13.022092,WAL
1820567292000,33.049904,-2.83969392808722,-11.4812660266612,-0.257590084180015,-0.838718,-0.7837401,0.29901853,82.71672,109.420364,-13.136291,WAL
1820572325000,33.054937,-2.99908243802831,-11.3617243451483,-0.456825656593986,-0.7761043,-0.6600399,0.31856623,82.35117,109.41825,-13.237289,WAL
1820577304000,33.059916,-3.13009327701241,-11.2364394251101,-0.644570481603925,-0.689056,-0.5369505,0.3717115,82.02517,109.451164,-13.365304,WAL
1820582307000,33.064919,-3.12049921806167,-11.0733405231278,-0.783684451596916,-0.5653558,-0.4437936,0.43554693,81.73313,109.4678,-13.490104,WAL
1820587283000,33.069895,-3.05532302306138,-10.8933161094862,-0.937830516571099,-0.42149702,-0.34574974,0.4978552,81.50364,109.51979,-13.641511,WAL
1820592322000,33.074934,-2.68853981733693,-10.6147467702521,-1.17925739359246,-0.25442538,-0.2565634,0.5390886,81.30515,109.54916,-13.793335,WAL
1820597279000,33.079891,-2.30252198021148,-10.3524008873112,-1.40717134308157,-0.07819075,-0.121256754,0.57787853,81.1699,109.59115,-13.955741,WAL
1820602274000,33.084886,-1.61364281782477,-10.2271501305136,-1.52278743401813,0.0870483,0.03970624,0.6041457,81.07225,109.60784,-14.112401,WAL
1820607404000,33.090016,-0.890646835107756,-10.1435532933757,-1.6247357984209,0.2134974,0.20005837,0.61544675,81.0494,109.62615,-14.231726,WAL
1820612462000,33.095074,-0.0583862649617637,-10.4081448636409,-1.59587129088291,0.29871312,0.3659083,0.59620446,81.07407,109.619896,-14.334014,WAL
1820617286000,33.099898,0.721248254326115,-10.690330181944,-1.54141985173539,0.30695978,0.44043383,0.55833083,81.130424,109.58398,-14.376502,WAL
1820622329000,33.104941,1.37073244943142,-11.3350385618016,-1.16892155148621,0.2947425,0.5842926,0.54428095,81.252686,109.53818,-14.403135,WAL
1820627384000,33.109996,2.00020617762376,-11.9799023425743,-0.790096019029703,0.24770586,0.6649268,0.48899764,81.35539,109.41379,-14.331372,WAL
1820632304000,33.114916,2.35475662475248,-12.5910355148515,-0.356238235940594,0.18112154,0.65270954,0.40469822,81.46732,109.28783,-14.244296,WAL
1820637474000,33.120086,2.70166691897271,-13.2121125920205,0.0771118120261562,0.13194689,0.5510005,0.3005457,81.49402,109.03923,-14.064697,WAL
1820642292000,33.124904,2.71478514764973,-13.5356945767627,0.208293738085671,0.1001819,0.41447207,0.20677789,81.500244,108.78793,-13.869887,WAL
1820647277000,33.129889,2.72835807624147,-13.8704924584439,0.344022650789424,0.09407325,0.29840767,0.12461651,81.39312,108.426544,-13.614041,WAL
1820652280000,33.134892,2.64902122947368,-14.2013476433757,0.0650145294736842,0.15790866,0.2275473,0.043676864,81.25398,108.04547,-13.343148,WAL
1820657379000,33.139991,2.56039658394737,-14.5381210927858,-0.254033926052632,0.28099802,0.25167647,-0.022602014,81.10505,107.64724,-13.060037,WAL
1820662336000,33.144948,2.39909778863571,-14.9148333347494,-0.612700189946896,0.48502702,0.3408628,-0.08032878,80.9156,107.190025,-12.760904,WAL
1820667244000,33.149856,2.21302838618326,-15.3051257213479,-0.984839165449455,0.7122689,0.46639562,-0.12767084,80.741776,106.70341,-12.449495,WAL
1820672328000,33.15494,1.95270885408497,-15.7361332189542,-1.17892261481481,0.95203346,0.59773165,-0.1966986,80.62917,106.20009,-12.11827,WAL
1820677280000,33.159892,1.66340993931373,-16.1700805392157,-1.26674541777778,1.1988231,0.6957755,-0.26389378,80.541374,105.65538,-11.777499,WAL
1820682306000,33.164918,1.41107161575458,-16.4845840603662,-1.22898524160317,1.4333953,0.73945236,-0.36163223,80.50528,105.10903,-11.42989,WAL
1820687300000,33.169912,1.16969061650668,-16.7685625205344,-1.16272383152895,1.6569719,0.7666359,-0.45142943,80.48935,104.52095,-11.071034,WAL
1820692325000,33.174937,0.98713659483618,-16.9902798869142,-1.25208661889396,1.840537,0.79229224,-0.5564982,80.478096,103.91107,-10.712726,WAL
1820697328000,33.17994,0.820640693854249,-17.1948321515091,-1.38052627547657,2.0182989,0.83291477,-0.65484756,80.47553,103.26276,-10.339756,WAL
1820702316000,33.184928,0.611771872806819,-17.2099219752284,-1.43257998951681,2.1960607,0.86742866,-0.766025,80.456345,102.58718,-9.966656,WAL
1820707388000,33.19,0.387593222943393,-17.1733211199962,-1.46460553481209,2.3930645,0.89980453,-0.893085,80.444916,101.87632,-9.571145,WAL
1820712295000,33.194907,0.159949853675027,-16.7495740531377,-1.35932548973927,2.5650232,0.9056077,-1.0183123,80.447586,101.16257,-9.170803,WAL
1820717320000,33.199932,-0.0785921021592148,-16.1198230394567,-1.18280446812729,2.7162123,0.9166033,-1.0732902,80.460075,100.43681,-8.76545,WAL
1820722302000,33.204914,-0.32980888455003,-15.3933970318099,-1.027706867727,2.777299,0.93859446,-1.1395692,80.486534,99.72405,-8.359621,WAL
1820727312000,33.209924,-0.590621183301792,-14.6061305540568,-0.882811151801892,2.9092457,0.96852684,-1.1814134,80.51853,99.00912,-7.956989,WAL
1820732293000,33.214905,-0.919402068075584,-14.0068494316261,-0.774097454649428,3.07815,0.9993755,-1.2030991,80.54008,98.3423,-7.588473,WAL
1820737302000,33.219914,-1.28675241395326,-13.5011466699155,-0.683452588045748,3.261104,1.0320568,-1.1994339,80.57017,97.70797,-7.225713,WAL
1820742352000,33.224964,-1.68559239330713,-13.1919596178813,-0.619667016631388,3.435506,1.0864239,-1.2202033,80.60367,97.14925,-6.8994074,WAL
1820747345000,33.229957,-2.09527330254007,-12.9943483438161,-0.571469241880859,3.587917,1.1374311,-1.2675453,80.64459,96.65733,-6.575893,WAL
1820752308000,33.23492,-2.41470944029851,-12.8447997132757,-0.623808960329929,3.6914587,1.1969905,-1.3069462,80.66416,96.32097,-6.317624,WAL
1820757356000,33.239968,-2.69478397014925,-12.7166298829537,-0.728243524901807,3.722002,1.278541,-1.3344351,80.70331,83.91071,-6.0570717,WAL
1820762312000,33.244924,-2.92620374807828,-12.5252484421467,-1.09511213119136,3.7000108,1.4242324,-1.3301591,80.733154,83.959404,-5.8715143,WAL
1820767307000,33.249919,-3.13370450324826,-12.2936196148492,-1.62110230974478,3.602883,1.6261233,-1.310306,80.80143,83.90935,-5.689401,WAL
1820772310000,33.254922,-3.30727851862487,-12.1534003184881,-2.1311730256861,3.4489453,1.8240436,-1.2922854,80.925865,83.75595,-5.551036,WAL
1820777355000,33.259967,-3.46299626962594,-12.0637447705831,-2.63607632019728,3.2513304,1.9437732,-1.284955,81.08351,83.55738,-5.421848,WAL
1820782327000,33.264939,-3.6084577012852,-12.1266942077897,-2.87963778886491,3.0137036,1.9581286,-1.3261884,81.330696,83.36442,-5.3240156,WAL
1820787296000,33.269908,-3.74851612997155,-12.2900959679192,-2.95433546475032,2.7656925,1.8115209,-1.3994923,81.56295,83.193,-5.2216864,WAL
1820792318000,33.27493,-3.71355255218456,-12.5161282210086,-3.23845059725398,2.5216517,1.6679676,-1.5509869,81.96434,83.07865,-5.099457,WAL
1820797309000,33.279921,-3.53789686484279,-12.7893701861984,-3.68734830073499,2.200642,1.5842791,-1.7427986,82.33635,83.04348,-4.9469314,WAL
1820802307000,33.284919,-3.33839700322671,-12.7233994387956,-3.74597326333365,1.8484782,1.4202617,-1.8438967,82.711876,83.05726,-4.778876,WAL
1820807457000,33.290069,-3.11633654876653,-12.4180664165651,-3.53316527346403,1.5357152,1.1157454,-1.8787161,83.01726,83.14814,-4.5749216,WAL
1820812335000,33.294947,-2.8644955336019,-11.9549734222749,-3.40721000137441,1.3100005,0.83077675,-1.8445076,83.27963,83.34439,-4.355452,WAL
1820817325000,33.299937,-2.56100614582938,-11.2891082952607,-3.36191314630332,1.1725558,0.7122689,-1.7968601,83.49732,83.58523,-4.1321006,WAL
1820822360000,33.304972,-2.29632665460279,-10.6455730026447,-3.55434654744177,1.1453724,0.5626069,-1.6389514,83.61903,83.80115,-3.913833,WAL
1820827333000,33.309945,-2.10739433654766,-10.0593983955854,-4.15989850388567,1.1484267,0.68325275,-1.488984,83.781746,84.025154,-3.7176895,WAL
1820832316000,33.314928,-1.82289932503344,-9.58740077489012,-4.47999644797439,1.2308935,1.0467176,-1.3869696,83.96125,84.213326,-3.5251122,WAL
1820837356000,33.319968,-1.38477827936174,-9.2922453535257,-4.35086607151729,1.344209,1.396438,-1.258077,84.169586,84.35684,-3.3917449,WAL
1820842323000,33.324935,-0.918392291959758,-9.16054700724346,-4.07613019901811,1.3744467,1.6777414,-1.1520919,84.545746,84.5266,-3.2653155,WAL
1820847322000,33.329934,-0.367402552193159,-9.40329120523139,-3.45193204551308,1.4337007,1.9278907,-1.1065824,85.008705,84.65289,-3.1691191,WAL
1820852255000,33.334867,0.176312668104628,-9.642830538833,-2.83597495584708,1.5332718,2.1713204,-1.110553,85.52203,84.76042,-3.0420136,WAL
1820857280000,33.339892,0.32346924622807,-9.91273704239766,-2.3124207747076,1.6362026,2.3704627,-1.1572843,86.09042,84.85465,-2.9238882,WAL
1820862254000,33.344866,0.368239017243108,-10.1863293776107,-1.81995327276525,1.7085901,2.5121834,-1.219287,86.70715,84.93855,-2.8076975,WAL
1820867228000,33.34984,0.298635507205461,-10.3307424589969,-1.55834702795529,1.7397442,2.6087,-1.2614367,87.377686,84.93665,-2.560621,WAL
1820872221000,33.354833,0.213492968639826,-10.4584568694233,-1.32657017997824,1.7424932,2.6688702,-1.2873985,88.07039,84.91693,-2.3112252,WAL
1820877229000,33.359841,0.155027247413976,-10.6571798569677,-1.40598838939518,1.7559321,2.7305677,-1.3069462,88.76898,84.822105,-2.0364463,WAL
1820882176000,33.364788,0.101784388651001,-10.865310679812,-1.53667536261749,1.7513506,2.8475482,-1.3096951,89.491165,84.715065,-1.7718831,WAL
1820887278000,33.36989,0.197328092814371,-10.6283057245509,-1.50287054670659,1.7528778,2.9428434,-1.3289373,90.20964,84.56257,-1.5097644,WAL
1820892206000,33.374818,0.307494903731655,-10.3457042054197,-1.45018210923577,1.7391334,2.950479,-1.3200798,90.92474,84.40324,-1.2658582,WAL
1820897226000,33.379838,0.230710633929748,-9.98250195389682,-1.58424144275521,1.724778,2.8964176,-1.2791518,91.66179,84.24774,-1.03753,WAL
1820902306000,33.384918,0.137255297742408,-9.60868049762166,-1.73555002343579,1.6572775,2.8469374,-1.2260065,92.389275,84.10793,-0.8246439,WAL
1820907375000,33.389987,-0.104674071912624,-9.34518389201108,-2.05188313590401,1.575116,2.8313603,-1.1652255,93.121056,83.94227,-0.6063477,WAL
1820912313000,33.394925,-0.385961704323659,-9.12209375212799,-2.41076741489078,1.5005904,2.8515189,-1.1191051,93.83607,83.7939,-0.40717146,WAL
1820917304000,33.399916,-0.578365271668553,-8.95106599617025,-3.01827458560362,1.4214834,2.9034426,-1.1038336,94.5794,83.673836,-0.22569561,WAL
1820922311000,33.404923,-0.749484955165811,-8.79246712481504,-3.68605864191836,1.3704761,3.0066788,-1.0855075,95.329765,83.572044,-0.06622552,WAL
1820927318000,33.40993,-0.911355220781811,-8.72466569774631,-4.10306959832469,1.323745,3.1685581,-1.0366384,96.17235,83.52045,0.051217888,WAL
1820932309000,33.414921,-1.06388123591943,-8.74373158650778,-4.27942788731552,1.3387111,3.295618,-0.9825767,97.02017,83.47418,0.15771438,WAL
1820937295000,33.419907,-1.13292042608452,-8.63672867496968,-4.27966944554529,1.3579534,3.3554828,-0.9596693,98.04098,83.489555,0.24159132,WAL
1820942317000,33.424929,-1.11945983565631,-8.40341135255154,-4.104681582573,1.3573426,3.345098,-0.9221011,99.06122,83.51586,0.30596152,WAL
1820947341000,33.429953,-1.12201192728614,-8.19784509483776,-3.84734789587021,1.3674219,3.3310483,-0.89888823,100.139534,83.54112,0.3614133,WAL
1820952313000,33.434925,-1.1521104939528,-8.04233615674252,-3.45105047682259,1.3695599,3.302032,-0.88361657,101.19546,83.57732,0.41202956,WAL
1820957280000,33.439892,-1.18103653061461,-7.92666124550638,-3.07652410200039,1.3494014,3.2479706,-0.87872964,102.236046,83.573135,0.47873345,WAL
1820962305000,33.444917,-1.20893955728643,-7.85690372738694,-2.72308552135678,1.323745,3.177721,-0.8741482,103.25009,83.578026,0.5445024,WAL
1820967270000,33.449882,-1.26455961745926,-7.75658192381112,-2.31020053873345,1.2861768,3.1160235,-0.88789266,104.22762,83.53007,0.6272748,WAL
1820972326000,33.454938,-1.36638508447641,-7.60384372328538,-1.78718780812312,1.2458596,3.068376,-0.91324353,105.177086,83.49723,0.71473455,WAL
1820977256000,33.459868,-1.46567297063041,-7.45491189405439,-1.2772090181886,1.2507466,2.9220738,-0.9450085,106.05854,83.3994,0.8252195,WAL
1820982304000,33.464916,-1.56733732140228,-7.30241536789657,-0.755023839367204,1.1890492,2.7559185,-0.95478237,106.90928,83.33815,0.93884784,WAL
1820987254000,33.469866,-1.68966814518022,-7.14014784450964,-0.29539591860855,1.0167851,2.5848763,-0.960891,107.733055,83.28906,1.0701615,WAL
1820992322000,33.474934,-1.9083412469824,-6.92147468960604,-0.0411248746940486,0.8136725,2.4538457,-0.960891,108.51075,83.270164,1.2060972,WAL
1820997241000,33.479853,-2.12801361796852,-6.72344936768637,0.104310496618355,0.66675943,2.3704627,-0.95630956,109.17454,83.130455,1.3372298,WAL
1821002307000,33.484919,-2.37297164475794,-6.55534077041877,-0.00135768413246213,0.5546656,2.3350325,-0.95386606,109.80662,83.04228,1.4693877,WAL
1821007330000,33.489942,-2.62092573395129,-6.39552572862637,-0.12071158404536,0.4465425,2.3243423,-0.93462384,110.43186,82.95785,1.5642855,WAL
1821012320000,33.494932,-2.88010680633074,-6.25415436879992,-0.276220191060448,0.3680463,2.325564,-0.92179567,111.04339,82.90005,1.6592064,WAL
1821017270000,33.499882,-3.12197561456661,-6.10165576565008,-0.411310788354735,0.3371976,2.3640485,-0.9117164,111.746765,82.83606,1.710513,WAL
1821022292000,33.504904,-3.31979697070626,-5.90865941894061,-0.488509387495987,0.2874121,2.4007003,-0.8927795,112.442635,82.80361,1.7544186,WAL
1821027284000,33.509896,-3.48482421093896,-5.7427126951652,-0.551509313272354,0.25350907,2.4217753,-0.86132,113.18189,82.80372,1.7444744,WAL
1821032308000,33.51492,-3.55667622661938,-5.65289751144297,-0.573963057621803,0.22510384,2.4309382,-0.8258898,113.92115,82.82041,1.7262652,WAL
1821037324000,33.519936,-3.60868474452959,-5.56115860510856,-0.585997445202214,0.20799962,2.4376578,-0.8011498,114.68567,82.85635,1.6689297,WAL
1821042320000,33.524932,-3.51193408867603,-5.45422378722861,-0.519799636994466,0.19914207,2.410169,-0.77518797,115.43604,82.90262,1.6011791,WAL
1821047315000,33.529927,-3.39526027679568,-5.35439295188795,-0.433942532547554,0.18936823,2.3646593,-0.7495316,116.18944,82.95637,1.5140327,WAL
1821052321000,33.534933,-3.21378398893726,-5.27726558994984,-0.284224612829564,0.17012598,2.2800546,-0.7315111,116.917854,83.01804,1.4231495,WAL
1821057351000,33.539963,-3.03806272857143,-5.19610184353741,-0.135638856258503,0.14660765,2.1801782,-0.71929383,117.62161,83.06517,1.342552,WAL
1821062308000,33.54492,-2.90888657692308,-5.09176723956044,-0.00149440026373626,0.11881329,2.0751092,-0.7122689,118.29436,83.12108,1.2606405,WAL
1821067306000,33.549918,-2.78900321795127,-4.99066884385878,0.143347323759324,0.06688975,1.9590448,-0.71776664,118.92081,83.14916,1.2141058,WAL
1821072311000,33.554923,-2.70796472685231,-4.90486333291895,0.324492305678767,-0.0018325958,1.840537,-0.7244862,119.51187,83.191505,1.1688117,WAL
1821077311000,33.559923,-2.63938969134931,-4.81057665183454,0.502592369557522,-0.081855945,1.7116444,-0.72326446,120.056725,83.21611,1.1487814,WAL
1821082306000,33.564918,-2.62036369313911,-4.68215096524809,0.669069973097345,-0.1826487,1.5919148,-0.7144069,120.56625,83.266884,1.1313593,WAL
1821087286000,33.569898,-2.61009459867824,-4.555166748116,0.828732908897218,-0.27916542,1.4935656,-0.7107417,121.03355,83.29299,1.1354207,WAL
1821092315000,33.574927,-2.63859828413888,-4.43165082739199,0.961750226766621,-0.39370266,1.3994923,-0.70371675,121.46387,83.35327,1.1390107,WAL
1821097314000,33.579926,-2.64985495187156,-4.32504112924188,1.11082955857876,-0.49510628,1.3093897,-0.6771441,121.86111,83.395706,1.1419379,WAL
1821102351000,33.584963,-2.57194759726392,-4.30212732527076,1.34913425877826,-0.6065892,1.2351695,-0.65148777,122.232544,83.47284,1.1447716,WAL
1821107335000,33.589947,-2.48777938257299,-4.29318847314477,1.58118671213504,-0.70188415,1.1756102,-0.60903263,122.578735,83.54202,1.1310127,WAL
1821112347000,33.594959,-2.29313650288929,-4.4975634942721,1.75636541055353,-0.79259765,1.1588113,-0.56199604,122.911865,83.64142,1.1088464,WAL
1821117292000,33.599904,-2.09150958420122,-4.71510307991747,1.92952054380035,-0.8371908,1.1117748,-0.53969944,123.20507,83.6884,1.1063629,WAL
1821122320000,33.604932,-1.77453207451366,-5.12196960068776,2.10929876356848,-0.9086621,1.0845913,-0.49021935,123.49378,83.77042,1.0819817,WAL
1821127442000,33.610054,-1.44423683079897,-5.55707023554942,2.30709033497731,-0.9868528,1.0775663,-0.4266894,123.759224,83.80262,1.1040452,WAL
1821132306000,33.614918,-1.03989873353324,-6.2233091749852,2.67467041467745,-1.0589349,1.0968086,-0.36377025,124.02025,83.85429,1.1113207,WAL
1821137583000,33.620195,-0.600926360316311,-6.96571097484756,3.08130650233422,-1.1328496,1.1316279,-0.28955013,124.25919,83.834404,1.2062817,WAL
1821142347000,33.624959,-0.201021694081555,-7.8698433742378,3.54206623042111,-1.183246,1.1685852,-0.21288654,124.50056,83.832535,1.2787944,WAL
1821147306000,33.629918,0.215251865922256,-8.81098371189024,4.02168577105564,-1.2049317,1.212873,-0.11942416,124.71079,83.65699,1.5020999,WAL
1821152299000,33.634911,0.561419382562896,-9.98497742922988,4.75296145189168,-1.1557571,1.2687671,-0.008857546,124.93381,83.49479,1.6816647,WAL
1821157304000,33.639916,0.902014933614365,-11.1816645667371,5.50779465527175,-1.0641272,1.2965615,0.08399397,125.15928,83.3449,1.826333,WAL
1821162312000,33.644924,1.33324984523083,-12.7107284901672,6.66925210337575,-0.9098838,1.3051136,0.13958271,125.3676,83.004944,2.0786262,WAL
1821167253000,33.649865,1.77613460575245,-14.2832182378799,7.89340561191503,-0.6563747,1.2434162,0.13683382,125.56435,82.64814,2.2968216,WAL
1821172322000,33.654934,2.40176676626988,-15.5782516856279,8.96454035789833,-0.29810223,1.1221595,0.070554934,125.73606,82.12277,2.5331497,WAL
1821177249000,33.659861,3.02328745736169,-16.8120851686994,9.99120034136989,0.13316862,0.9263771,-0.03573562,125.87152,81.55186,2.759748,WAL
1821182309000,33.664921,3.6005159843636,-17.5304584861481,10.1645019364093,0.5027421,0.7348709,-0.15821409,125.96772,80.79152,2.9988863,WAL
1821187271000,33.669883,4.15803290994775,-18.1582500608301,10.2113518166223,0.75319684,0.6719518,-0.28710666,126.05335,80.0021,3.2436728,WAL
1821192321000,33.674933,4.22615122450522,-18.3188905874689,9.69037847578319,0.90133166,0.70554936,-0.42149702,126.111404,79.10261,3.5269423,WAL
1821197244000,33.679856,4.20739574508205,-18.393912603083,9.08551436230731,0.95722586,0.8032878,-0.52626044,126.18208,78.22004,3.809701,WAL
1821202299000,33.684911,3.48460132117841,-17.2489776294505,8.4276884057082,0.94959,0.9416488,-0.59589905,126.30807,77.38377,4.1431246,WAL
1821207314000,33.689926,2.62961917232972,-15.8735721524768,7.76786530208978,0.8958339,1.0009027,-0.63071835,126.44729,76.59232,4.4678893,WAL
1821212312000,33.694924,1.59658656050841,-14.020022453555,7.15222740491208,0.8151997,1.1136073,-0.6398814,126.69851,75.92584,4.7606773,WAL
1821217270000,33.699882,0.521167182981651,-12.046151396789,6.55325954610092,0.75716746,1.1856894,-0.65576386,126.956154,75.299904,5.043356,WAL
1821222314000,33.704926,-0.373246798127021,-10.0401878188132,5.83052856691,0.6267477,1.2605205,-0.6582073,127.23991,74.77915,5.226718,WAL
1821227290000,33.709902,-1.16342476291167,-8.06225796852644,5.06519900979247,0.47586402,1.3704761,-0.64660084,127.54802,74.303986,5.3911967,WAL
1821232310000,33.714922,-1.65233540634181,-6.55416620979637,4.43302732118326,0.32070425,1.4859297,-0.57910025,127.83888,73.90078,5.434305,WAL
1821237294000,33.719906,-2.04400752239895,-5.20507355073447,3.84793687433897,0.14844026,1.5570955,-0.47342056,128.13457,73.56332,5.452838,WAL
1821242319000,33.724931,-2.28942956721265,-4.38877574059613,3.51117054340539,-0.032375857,1.5677856,-0.34513888,128.44305,73.32579,5.3612776,WAL
1821247311000,33.729923,-2.49429889881916,-3.71953555638511,3.24256400612323,-0.21380283,1.5250251,-0.19547687,128.7379,73.15089,5.2327037,WAL
1821252302000,33.734914,-2.71771909542547,-3.48575990098856,3.15713206677651,-0.4111123,1.4004086,-0.031154128,129.02696,73.07213,5.0240955,WAL
1821257318000,33.73993,-2.95050291461524,-3.44385884853654,3.15247639428184,-0.589485,1.2064588,0.13591751,129.26758,73.04796,4.782582,WAL
1821262282000,33.744894,-3.20698438564281,-3.77993810373736,3.22716976677218,-0.7883216,0.9407325,0.3036,129.4516,73.105034,4.4838247,WAL
1821267267000,33.749879,-3.47998162658021,-4.34055727145921,3.34904347232717,-1.006095,0.57910025,0.464563,129.53961,73.22182,4.1639404,WAL
1821272289000,33.754901,-3.79904930007995,-5.26166281710973,3.26875000982411,-1.2351695,0.1591304,0.61300325,129.52022,73.40176,3.7934024,WAL
1821277270000,33.759882,-4.13753099960024,-6.35338541445133,3.08759080087947,-1.4404203,-0.3268129,0.7296785,129.37091,73.63292,3.4205256,WAL
1821282272000,33.764884,-4.50997995048524,-7.74813930273321,2.81871087468806,-1.6001616,-0.8958339,0.82924956,129.06245,73.9176,3.0118182,WAL
1821287271000,33.769883,-4.89874046763716,-9.29369985546643,2.50580599937611,-1.7015651,-1.5012014,0.8891144,128.60391,74.23157,2.6209657,WAL
1821292275000,33.774887,-5.5748239224609,-11.2037837728173,1.96670571872896,-1.7489072,-2.071444,0.990518,127.99719,74.63609,2.1854458,WAL
1821297279000,33.779891,-6.40974112432192,-13.3147956235399,1.30256713112255,-1.7104226,-2.4871378,1.0937542,127.26413,75.02662,1.763777,WAL
1821302211000,33.784823,-7.20286976456028,-14.9103417940206,0.42866019895166,-1.6035212,-2.718045,1.2089024,126.43988,75.50252,1.2864033,WAL
1821307240000,33.789852,-7.99294338468258,-16.2333651780237,-0.599837959697146,-1.4440855,-2.7210991,1.3078625,125.56325,75.925896,0.7970371,WAL
1821312226000,33.794838,-8.21520667347615,-17.2064235229225,-1.33875297369347,-1.3353515,-2.4620924,1.3475688,124.723694,76.47624,0.19398795,WAL
1821317220000,33.799832,-7.98753164505847,-17.9092451694091,-1.85349612521991,-1.0097603,-1.9501873,1.3121386,123.961006,76.873405,-0.42382732,WAL
1821322261000,33.804873,-6.71001704498753,-18.389752123192,-1.37152288436908,-0.56107974,-1.3399329,1.1539245,123.33929,77.33596,-1.1104481,WAL
1821327229000,33.809841,-4.82589742036908,-18.7267108735162,-0.298951120275312,-0.12522738,-0.9074403,0.9034697,122.82847,77.65378,-1.7646669,WAL
1821332226000,33.814838,-3.2346536166552,-18.0824153675155,0.602132656462491,0.17348573,-0.6936375,0.6621779,122.47054,77.93592,-2.3362832,WAL
1821337256000,33.819868,-1.82328235099794,-16.8178641690099,1.39780512776325,0.30757064,-0.5488624,0.4297437,122.234634,78.11306,-2.8444135,WAL
1821342250000,33.824862,-0.896474987254352,-15.1951734585751,1.8250054826696,0.2733622,-0.47555858,0.22785273,122.06734,78.18852,-3.0371816,WAL
1821347251000,33.829863,-0.302237662453472,-13.3118245807485,1.99752597146288,0.16554448,-0.462425,0.0852157,121.93448,78.25162,-3.1808767,WAL
1821352213000,33.834825,-0.0731669111764152,-11.530851379109,1.83823451310163,-0.00580322,-0.5320636,0.004276057,121.79986,78.25665,-3.0948257,WAL
1821357349000,33.839961,-0.10096373459546,-9.75185456418951,1.43054781154752,-0.21074851,-0.6588182,-0.026572637,121.659134,78.30634,-2.9843469,WAL
1821362309000,33.844921,-0.238177759205897,-8.11900950604423,0.782109356825553,-0.4156938,-0.8509353,-0.014049901,121.48276,78.33455,-2.772368,WAL
1821367306000,33.849918,-0.496855049332678,-6.56694572599509,-0.149129009425062,-0.70157874,-1.0360274,0.06566802,121.2744,78.43625,-2.5708184,WAL
1821372318000,33.85493,-0.669813944586313,-5.28651471521961,-1.04089323820225,-0.97005403,-1.2495248,0.09437868,120.99084,78.607735,-2.3703606,WAL
1821377310000,33.859922,-0.733296734371808,-4.35868945940756,-1.87593592764045,-1.2513574,-1.5528195,0.122478485,120.63198,78.85224,-2.1815143,WAL
1821382311000,33.864923,-0.935107571524685,-3.5143486988155,-2.7754017033924,-1.5906931,-1.7623463,0.24190263,120.23491,79.28421,-2.1195664,WAL
1821387296000,33.869908,-1.28344541749266,-2.76338648442149,-3.73898571741685,-1.9028453,-1.8487836,0.42546764,119.7872,79.777626,-2.0779722,WAL
1821392265000,33.874877,-1.70566569809689,-2.20907761107266,-4.55884166314879,-2.1655173,-1.887879,0.57848936,119.29654,80.448494,-2.094097,WAL
1821397302000,33.879914,-2.2653212523102,-1.98816102452677,-5.14304328831671,-2.3790147,-1.9150625,0.6609562,118.78293,81.17851,-2.145184,WAL
1821402316000,33.884928,-2.6716546704698,-1.82239353569744,-5.54432118737529,-2.5320365,-1.9639318,0.7012733,118.258156,82.06289,-2.2930436,WAL
1821407328000,33.88994,-2.85884446107383,-1.73532851364049,-5.68362533176129,-2.6154196,-1.9734001,0.75594574,117.73657,82.95163,-2.4794202,WAL
1821412321000,33.894933,-2.99186152750365,-1.73596892175182,-5.75868898627737,-2.6355782,-1.997224,0.78984874,117.200035,83.85397,-2.7568157,WAL
1821417316000,33.899928,-2.91737219845256,-2.07582677722628,-5.58643221839416,-2.6569583,-2.0503693,0.88056225,116.65448,84.65994,-3.0783925,WAL
1821422339000,33.904951,-2.8129954222019,-2.43831217543768,-5.44729347251982,-2.6209173,-2.080607,0.9682214,116.11124,85.27693,-3.4530053,WAL
1821427315000,33.909927,-2.54735057217141,-2.9114919385942,-5.49710201463287,-2.5289822,-2.0360138,1.0390818,115.58039,85.60804,-3.8623314,WAL
1821432272000,33.914884,-2.28272004130302,-3.3828649462242,-5.54672037139622,-2.40742,-1.9639318,1.1114693,115.05313,85.590576,-4.2935658,WAL
1821437300000,33.919912,-1.95711853672205,-4.28480219801396,-5.45859725018189,-2.2461514,-1.8649716,1.1948525,114.55527,94.7593,-4.7590976,WAL
1821442254000,33.924866,-1.62593294551175,-5.25037133135385,-5.34664717608888,-2.0305161,-1.752267,1.3051136,114.09227,95.36417,-5.2621417,WAL
1821447310000,33.929922,-1.34250858817076,-6.69996584290844,-5.27007695353082,-1.7993035,-1.6533068,1.4135422,113.677605,96.06349,-5.724087,WAL
1821452278000,33.93489,-1.07676508511869,-8.2327365502693,-5.20364117687014,-1.5415184,-1.5778649,1.4978416,113.30058,96.85242,-6.214118,WAL
1821457329000,33.939941,-0.963530367704199,-10.3155432088991,-5.12128301203259,-1.2928963,-1.4697418,1.5378532,112.98525,97.57458,-6.62098,WAL
1821462272000,33.944884,-0.889363631721329,-12.4762671855024,-5.03722717828494,-1.0995574,-1.2996159,1.5134187,112.72003,98.29781,-7.0292478,WAL
1821467308000,33.94992,-0.804201430838779,-14.0861920596187,-4.8971534007788,-0.9618073,-1.0170907,1.425454,112.54369,98.85941,-7.2918572,WAL
1821472315000,33.954927,-0.718352245206338,-15.614307752126,-4.75120990622147,-0.89827734,-0.6569856,1.2944235,112.44366,99.38988,-7.5247836,WAL
1821477314000,33.959926,-0.302760435865607,-16.6291837424806,-4.45928253186802,-0.90377516,-0.2284636,1.1212431,112.45267,99.72904,-7.58095,WAL
1821482305000,33.964917,0.279025999847098,-17.3840638319083,-4.09386285955135,-0.9954049,0.20708331,0.9282097,112.56333,100.04471,-7.5870876,WAL
1821487298000,33.96991,0.908985469572961,-16.9599179255212,-3.39133605557579,-1.1563679,0.5873469,0.73761976,112.76862,100.20349,-7.427309,WAL
1821492320000,33.974932,1.5660171954746,-15.95733625339,-2.52016063918235,-1.3521502,0.8170323,0.5858198,113.04588,100.376785,-7.2334085,WAL
1821497310000,33.979922,1.79832203254281,-14.6908291209408,-1.45408477915174,-1.5662584,0.7840455,0.44348818,113.34252,100.354866,-6.794666,WAL
1821502298000,33.98491,1.85003039321984,-13.3088060912222,-0.302398842517221,-1.7327193,0.64568454,0.2678644,113.662,100.38416,-6.340982,WAL
1821507328000,33.98994,1.75823301159783,-12.1195575749298,0.323958338725942,-1.8396207,0.22174409,0.095294975,113.85767,100.23948,-5.6866145,WAL
1821512312000,33.994924,1.5955579194567,-11.0430308110966,0.678016038268845,-1.863139,-0.23304509,0.013133603,114.00468,100.18052,-5.0727053,WAL
1821517304000,33.999916,1.28591766990339,-10.305374046875,0.810674245277011,-1.8341229,-0.59437186,-0.14110987,113.98223,100.08511,-4.4841905,WAL
1821522341000,34.004953,0.900733403785489,-9.7299755,0.834451045268139,-1.7553213,-0.8231409,-0.28344148,113.876366,100.02795,-3.92827,WAL
1821527309000,34.009921,0.496273195904172,-9.33878639628668,0.74462398079457,-1.6673567,-1.0042624,-0.43279803,113.64077,100.00884,-3.4240901,WAL
1821532309000,34.014921,0.0756508391463366,-9.04243882192054,0.591670397244959,-1.5937474,-1.1420126,-0.5540548,113.36083,99.998276,-2.9250913,WAL
1821537277000,34.019889,-0.405511254777855,-8.8364918423134,0.476501774070193,-1.484708,-1.2324207,-0.6197228,113.01315,100.02722,-2.4990468,WAL
1821542304000,34.024916,-0.929059138726644,-8.67942729016312,0.381311237607514,-1.3603969,-1.3176364,-0.6444628,112.63753,100.04828,-2.07986,WAL
1821547308000,34.02992,-1.47805694715407,-8.57526126889838,0.283354373708155,-1.2269229,-1.3625349,-0.62980205,112.22815,100.11031,-1.7377982,WAL
1821552279000,34.034891,-2.04080155258766,-8.50432711850601,0.184046494028012,-1.1285735,-1.395827,-0.60139686,111.80946,100.15733,-1.4143856,WAL
1821557369000,34.039981,-2.50669846470588,-8.3627565370844,0.094518917769821,-1.0497719,-1.3903292,-0.5503896,111.35389,100.2431,-1.2302388,WAL
1821562411000,34.045023,-2.89618041674208,-8.17751486563053,0.0137726645740704,-1.0027353,-1.3729197,-0.4596761,110.90467,100.31045,-1.0750785,WAL
1821567339000,34.049951,-3.12797216842881,-8.01008895686352,-0.0840165518433723,-0.97127575,-1.325883,-0.33017266,110.439125,100.41274,-1.0905551,WAL
1821572346000,34.054958,-3.25518844218335,-7.84989103242606,-0.197097585889948,-0.979217,-1.282817,-0.16554448,109.988846,100.51095,-1.1422505,WAL
1821577349000,34.059961,-3.27755643447214,-7.79694923189989,-0.405936194068924,-1.0067059,-1.2034045,-0.0033597588,109.54978,100.64033,-1.3026122,WAL
1821582345000,34.064957,-3.21103138745655,-7.83496358700963,-0.695795108467574,-1.01312,-1.0626001,0.13805555,109.151146,100.76766,-1.4971068,WAL
1821587338000,34.06995,-2.98669987260956,-7.87050880866534,-0.878252325747012,-0.9950995,-0.87964594,0.2312125,108.791176,100.92879,-1.7403845,WAL
1821592316000,34.074928,-2.62107757304781,-7.90374707332669,-0.96372245373506,-0.96883225,-0.7473936,0.3115413,108.466194,101.09433,-2.0128233,WAL
1821597353000,34.079965,-2.18848450747553,-7.93971619173341,-0.985867521121329,-0.9443977,-0.68019843,0.39095375,108.19199,101.30809,-2.2877462,WAL
1821602388000,34.085,-1.69737604425986,-7.97786056110946,-0.94772317663898,-0.9254609,-0.6627888,0.45570546,107.94711,101.51927,-2.5735037,WAL
1821607314000,34.089926,-1.23985459506415,-8.01729717564391,-0.972573449373225,-0.89369583,-0.6621779,0.4804455,107.73014,101.731224,-2.7988386,WAL
1821612348000,34.09496,-0.796048261384781,-8.0597893909999,-1.06227899906473,-0.87689704,-0.6719518,0.5329799,107.52296,101.9453,-3.0455995,WAL
1821617336000,34.099948,-0.398379005171703,-8.11466466522763,-1.1873248408752,-0.8390234,-0.68539083,0.56596667,107.33249,102.11151,-3.1839418,WAL
1821622369000,34.104981,-0.0484177500274725,-8.18560270643642,-1.35757623854003,-0.788627,-0.72173727,0.5925393,107.138405,102.267815,-3.333729,WAL
1821627293000,34.109905,0.211489974077748,-8.2614337370003,-1.5100515977357,-0.7498371,-0.7663304,0.593761,106.93347,102.427475,-3.3812923,WAL
1821632344000,34.114956,0.356883568275724,-8.34867013946498,-1.64575229712454,-0.72204274,-0.8213083,0.5748242,106.72047,102.57052,-3.4338877,WAL
1821637293000,34.119905,0.421028150684877,-8.43786987419001,-1.77258758347124,-0.7199047,-0.8927795,0.54367006,106.49547,102.720566,-3.3835618,WAL
1821642290000,34.124902,0.373320744063403,-8.53328462765427,-1.89185612493271,-0.7489208,-0.9621128,0.49357912,106.26034,102.863754,-3.3337426,WAL
1821647262000,34.129874,0.293406023189984,-8.61057278091463,-1.96507964932805,-0.80909103,-1.0241156,0.44684792,106.0087,103.04086,-3.2694366,WAL
1821652297000,34.134909,0.162869602373006,-8.66185500802475,-1.96974166112347,-0.9080512,-1.054048,0.39553526,105.75121,103.227165,-3.200552,WAL
1821657314000,34.139926,-0.000121080043856178,-8.67815575207428,-1.94404637769656,-1.0155635,-1.0491611,0.35155296,105.47988,103.459915,-3.1454358,WAL
1821662315000,34.144927,-0.227194692915646,-8.62611798587515,-1.85889378163769,-1.1206323,-1.0152581,0.32620203,105.215034,103.70933,-3.0880501,WAL
1821667269000,34.149881,-0.444503401811495,-8.57468103874068,-1.75615212123382,-1.2205088,-0.97341377,0.31306845,104.944855,103.99281,-3.0641036,WAL
1821672307000,34.154919,-0.647981437607885,-8.52262845831699,-1.60945861576108,-1.3029755,-0.9275989,0.312763,104.69208,104.2907,-3.037997,WAL
1821677286000,34.159898,-0.833388832417341,-8.47349687733493,-1.45734197528718,-1.3536774,-0.8582657,0.32436943,104.44214,104.604546,-3.0696695,WAL
1821682306000,34.164918,-0.977457080804115,-8.43027653770852,-1.28446011533313,-1.3930782,-0.7840455,0.3368922,104.212364,104.92841,-3.0985982,WAL
1821687275000,34.169887,-1.11441182135922,-8.39638051779935,-1.10548580711974,-1.4065173,-0.71776664,0.36896262,103.98302,105.2436,-3.1839871,WAL
1821692287000,34.174899,-1.23679810791409,-8.38696599901932,-0.903077732941061,-1.4147639,-0.67256266,0.40408736,103.77405,105.55999,-3.2686372,WAL
1821697319000,34.179931,-1.35892972266476,-8.41706649627507,-0.686146623083095,-1.395827,-0.6536258,0.44990227,103.558044,105.85203,-3.3945007,WAL
1821702292000,34.184904,-1.47719730468004,-8.57627279274116,-0.426867626418338,-1.3723087,-0.6646214,0.47983465,103.351234,106.138,-3.5222297,WAL
1821707337000,34.189949,-1.61780716050526,-8.79610430807058,-0.173382585723652,-1.3466524,-0.73792523,0.49021935,103.10994,106.39056,-3.691207,WAL
1821712329000,34.194941,-1.88056132839649,-9.36309991350882,0.0202257059512101,-1.2990049,-0.83077675,0.5119051,102.86627,106.626144,-3.8706615,WAL
1821717384000,34.199996,-2.13674038332513,-9.90869052889064,0.194846867179545,-1.2519683,-0.95447695,0.5186246,102.5628,106.80363,-4.0848017,WAL
1821722356000,34.204968,-2.27266524136234,-10.1102349218427,0.115166780061128,-1.1856894,-1.0818423,0.52015173,102.2366,106.95852,-4.3067408,WAL
1821727527000,34.210139,-2.41582229958307,-10.3108295939454,0.0301695887669718,-1.0922271,-1.2073752,0.5207626,101.84185,107.0344,-4.580944,WAL
1821732333000,34.214945,-2.57017435343968,-10.3900913499502,-0.0741223828275174,-1.0021244,-1.3075571,0.50335294,101.42072,107.09012,-4.8522115,WAL
1821737320000,34.219932,-2.73033949962839,-10.4723382032992,-0.182342121142482,-0.9007208,-1.391551,0.49846604,100.9629,107.134,-5.154043,WAL
1821742332000,34.224944,-2.89014366062254,-10.5146086780498,-0.421151815885968,-0.79534656,-1.4309518,0.4886922,100.49141,107.15059,-5.446446,WAL
1821747304000,34.229916,-3.04843161553339,-10.5481845785232,-0.684965003950841,-0.6881397,-1.4468343,0.48288897,100.00667,107.13985,-5.7353797,WAL
1821752344000,34.234956,-3.12155278134685,-10.5259925657343,-1.03592281688919,-0.5900958,-1.4013249,0.48349985,99.528496,107.13077,-6.0431066,WAL
1821757295000,34.239907,-3.17700325758698,-10.4936467722444,-1.39635084007407,-0.49449542,-1.3231341,0.49205196,99.058846,107.09657,-6.3413925,WAL
1821762331000,34.244943,-3.01468497817197,-10.4439748710766,-1.79648394626316,-0.40286562,-1.1869112,0.50426924,98.63387,107.090324,-6.6450458,WAL
1821767242000,34.249854,-2.79830353656068,-10.3910815784685,-2.19558737473673,-0.30298916,-0.9764681,0.5198463,98.255775,107.06153,-6.9318285,WAL
1821772354000,34.254966,-2.34411107790974,-10.297660543943,-2.49661196579572,-0.21074851,-0.70249504,0.5702427,97.96802,107.08255,-7.2110863,WAL
1821777249000,34.259861,-1.86159318692597,-10.200228533848,-2.7610688462886,-0.13622294,-0.41783184,0.59895337,97.7443,107.08454,-7.464771,WAL
1821782343000,34.264955,-1.19755117519144,-10.1378975738759,-2.82326253249558,-0.08155051,-0.14385876,0.6411031,97.63821,107.13301,-7.670471,WAL
1821787271000,34.269883,-0.516460287588847,-10.0869317682604,-2.83252926251718,-0.055588737,0.06963864,0.66920286,97.59705,107.17262,-7.858212,WAL
1821792316000,34.274928,0.16590459081791,-10.1485940777114,-2.53586992187065,-0.0729984,0.19639318,0.6731735,97.65106,107.224915,-7.942358,WAL
1821797243000,34.279855,0.827902076143284,-10.2424941183582,-2.15557337229851,-0.12705997,0.226631,0.6374379,97.73587,107.277725,-8.012361,WAL
1821802355000,34.284967,1.25058058586593,-10.4961768217462,-1.64883631550636,-0.23090707,0.2012801,0.52595496,97.850006,107.30159,-7.934628,WAL
1821807305000,34.289917,1.57698146518122,-10.7908445419336,-1.12296825846323,-0.35338554,0.09468412,0.45234573,97.947365,107.34541,-7.8651276,WAL
1821812341000,34.294953,1.70550487789863,-11.0520554477734,-0.651631624005746,-0.4184427,-0.06688975,0.28252518,97.97857,107.30807,-7.7091994,WAL
1821817286000,34.299898,1.73465977796019,-11.2901542041863,-0.21916697576339,-0.52687126,-0.2434298,0.1255328,97.96962,107.30712,-7.5497956,WAL
1821822374000,34.304986,1.5443010828891,-11.4711339236381,0.102909686733268,-0.57757306,-0.39858958,0.009162978,97.86316,107.19323,-7.3549013,WAL
1821827309000,34.309921,1.27765040735409,-11.6228491692607,0.369560407393774,-0.58001655,-0.5458081,-0.06505715,97.70093,107.083984,-7.146102,WAL
1821832336000,34.314948,0.988186606263714,-11.8309834727753,0.472758037596505,-0.54092115,-0.6169739,-0.08674286,97.46979,106.899765,-6.9359283,WAL
1821837348000,34.31996,0.690752989530679,-12.0650292094677,0.492261876141812,-0.46670106,-0.6133087,-0.06505715,97.21763,106.70791,-6.727899,WAL
1821842348000,34.32496,0.489203325303121,-12.3788696935997,0.518135514097595,-0.37965274,-0.5308419,-0.036957346,96.93197,106.466255,-6.554067,WAL
1821847325000,34.329937,0.328145072780759,-12.7246712776784,0.546557562442854,-0.27458394,-0.42271876,-0.009468411,96.65803,106.208176,-6.3881187,WAL
1821852351000,34.334963,0.241483746577381,-13.0816842869048,0.532390656130952,-0.15118915,-0.32589662,0.008552114,96.39142,105.92713,-6.2538223,WAL
1821857403000,34.340015,0.188685898511905,-13.4440695595238,0.498792024404762,-0.021380283,-0.24953845,0.010995574,96.15167,105.62501,-6.120206,WAL
1821862311000,34.344923,0.137392977232143,-13.7961255607143,0.466151073392857,0.13775012,-0.17195857,-0.01282817,95.92679,105.275085,-5.9932914,WAL
1821867373000,34.349985,0.0844906203621032,-14.1592281438492,0.432485936061508,0.30451632,-0.09560041,-0.053450707,95.72332,104.89704,-5.860782,WAL
1821872361000,34.354973,0.0763834846717647,-14.4970883694118,0.349728083717647,0.4905248,-0.015882496,-0.11636983,95.53942,104.48219,-5.726072,WAL
1821877352000,34.359964,0.0904416705809804,-14.825112547451,0.241948632643137,0.6933321,0.06658431,-0.1826487,95.37584,104.02505,-5.5772133,WAL
1821882342000,34.364954,0.168331697070905,-15.1217339385697,0.0680796230165037,0.90316427,0.1731803,-0.27000242,95.229164,103.50807,-5.4091144,WAL
1821887342000,34.369954,0.285407581341483,-15.3997896639161,-0.146559481506724,1.1212431,0.2959642,-0.35827246,95.1082,102.94402,-5.220965,WAL
1821892315000,34.374927,0.38141552158282,-15.5882805814277,-0.310173133257109,1.3472633,0.4373795,-0.44929138,95.0282,102.333496,-5.0071864,WAL
1821897348000,34.37996,0.4676753319656,-15.7320465901273,-0.44914728360509,1.5745052,0.58032197,-0.5467244,94.9804,101.67336,-4.7664194,WAL
1821902350000,34.384962,0.553053501882039,-15.6632818122407,-0.452111001277416,1.8038851,0.6429357,-0.68508536,94.962006,100.97415,-4.477035,WAL
1821907372000,34.389984,0.638580588040901,-15.4779731379668,-0.380838446843509,1.9233092,0.713796,-0.7464773,94.987305,100.26248,-4.183128,WAL
1821912337000,34.394949,0.773056407997381,-15.0566399468712,-0.340466192997849,2.1453588,0.77182823,-0.8723156,95.03847,99.470184,-3.8325286,WAL
1821917348000,34.39996,0.939140662024132,-14.4865666324011,-0.318022368805537,2.345417,0.8173377,-0.95417154,95.107346,98.67203,-3.485339,WAL
1821922309000,34.404921,1.04866787530747,-13.9030373913592,-0.375911570886156,2.5668557,0.8671232,-1.006095,95.196335,97.809875,-3.1148298,WAL
1821927318000,34.40993,1.09909386215705,-13.2928834822874,-0.522146895891937,2.7937922,0.93676186,-1.0277808,95.30369,96.91063,-2.739673,WAL
1821932312000,34.414924,0.948514244097256,-12.862061968416,-0.631808280706789,3.0424144,1.029308,-1.0442741,95.44577,95.96096,-2.346785,WAL
1821937297000,34.419909,0.649705879797785,-12.5632538201252,-0.714555181342321,3.3197472,1.1530081,-1.0861185,95.616104,94.96099,-1.9506228,WAL
1821942347000,34.424959,0.178828792545288,-12.4017215915937,-0.663273276655811,3.5708127,1.2470814,-1.1823297,95.83043,93.93482,-1.5434237,WAL
1821947343000,34.429955,-0.45417999135457,-12.3822445132302,-0.478239954294728,3.7534616,1.2565498,-1.3332134,96.05421,92.86564,-1.1211497,WAL
1821952354000,34.434966,-1.01342975167938,-12.4219112409591,-0.418268201074012,3.8133264,1.2211196,-1.486846,96.304825,91.80188,-0.7200283,WAL
1821957377000,34.439989,-1.50910469685921,-12.5124670773804,-0.465929254835034,3.741244,1.174083,-1.6099354,96.552895,90.73659,-0.29914826,WAL
1821962373000,34.444985,-1.9921731636742,-12.6847748182719,-0.789942304805787,3.562566,1.210124,-1.6691893,96.78857,89.71366,0.05313375,WAL
1821967349000,34.449961,-2.46437086117717,-12.9303171456599,-1.36130147095719,3.3356297,1.2996159,-1.6835446,97.02375,88.75158,0.4122242,WAL
1821972331000,34.454943,-3.00460233593642,-13.2888016758811,-2.04775550138217,3.095865,1.4352279,-1.6814066,97.33447,87.86078,0.72551346,WAL
1821977348000,34.45996,-3.61651293300424,-13.7631511256787,-2.85414926885181,2.8658743,1.5424347,-1.6899587,97.66193,87.04878,1.0317812,WAL
1821982341000,34.464953,-4.29658712173165,-14.1737534504014,-3.30784489008028,2.6642888,1.5121969,-1.7119498,98.05501,86.39023,1.2862858,WAL
1821987333000,34.469945,-5.0549998703555,-14.5164100742546,-3.37637621485092,2.5213463,1.318858,-1.713477,98.42922,85.79509,1.5286428,WAL
1821992248000,34.47486,-5.77761270399919,-14.8382989698289,-3.34496612574668,2.4043655,0.9923506,-1.7293595,98.83432,85.36886,1.7149051,WAL
1821997344000,34.479956,-6.48419247777665,-15.1446481803179,-3.13743917464817,2.2461514,0.8228355,-1.7864754,99.22424,84.99528,1.9084153,WAL
1822002289000,34.484901,-7.00893702077507,-15.2319820647223,-3.12464833839393,1.9996674,0.5522222,-1.8350391,99.529625,84.71038,2.0316265,WAL
1822007378000,34.48999,-7.30100455093887,-14.9983277356173,-3.40211279702357,1.8249599,0.35216382,-1.9339994,99.802635,84.4403,2.185133,WAL
1822012246000,34.494858,-7.35811612976123,-14.5592668553155,-3.60973484591624,1.5106697,0.26450464,-2.012801,100.096466,84.24193,2.286567,WAL
1822017323000,34.499935,-7.0632733234224,-13.7576622404775,-3.73412173075611,1.2767084,0.20616703,-2.0048597,100.33362,84.06707,2.3945882,WAL
1822022316000,34.504928,-6.69228902503524,-12.9659931292172,-3.86134946665727,1.1713341,0.11484267,-1.8784106,100.55443,83.97292,2.4664085,WAL
1822027345000,34.509957,-6.11747999630674,-12.1603554580397,-4.0016570543182,1.1911873,0.09621128,-1.6887369,100.766716,83.91236,2.5172064,WAL
1822032294000,34.514906,-5.4905888009224,-11.4428648435933,-4.09711022382194,1.2925909,0.29810223,-1.491122,101.011375,83.85576,2.5631864,WAL
1822037353000,34.519965,-4.51422391566072,-11.1222675836174,-3.96109935880289,1.4724907,0.7165449,-1.3393221,101.30106,83.7906,2.560819,WAL
1822042311000,34.524923,-3.55637729255541,-10.8132096262797,-3.74281242656794,1.5439619,1.0213667,-1.1835514,101.601906,83.727394,2.5673144,WAL
1822047344000,34.529956,-2.57905753668621,-10.5257623449955,-3.08647505959646,1.5897768,1.1771374,-1.0687088,101.971695,83.641014,2.5316203,WAL
1822052359000,34.534971,-1.68900944621694,-10.2815586610781,-2.3916077935833,1.6520851,1.284955,-1.0338894,102.38959,83.479675,2.5756812,WAL
1822057451000,34.540063,-1.22819003945537,-10.2567834410405,-1.46996898730376,1.7232509,1.3014483,-1.0549643,102.82022,83.31711,2.5981057,WAL
1822062362000,34.544974,-0.783750898330844,-10.2328888798456,-0.581090712040848,1.8011361,1.280679,-1.1249083,103.244804,83.014465,2.7313395,WAL
1822067349000,34.549961,-0.332433855612864,-10.2086245392471,0.321543366300869,1.8154916,1.1823297,-1.2134838,103.64872,82.714485,2.8735926,WAL
1822072344000,34.554956,0.106792968924115,-10.2195991360315,1.00878387251265,1.738217,1.0928379,-1.2965615,104.06765,82.402374,3.0374162,WAL
1822077353000,34.559965,0.502275427315908,-10.3544230769159,0.93687797405846,1.6328428,1.135293,-1.2993103,104.4922,82.10221,3.197033,WAL
1822082265000,34.564877,0.866254298202598,-10.4473030621276,0.859800214945785,1.5415184,1.2024882,-1.2592987,104.87407,81.56098,3.462178,WAL
1822087324000,34.569936,0.927779931835499,-10.026089051773,0.694154312454821,1.4807373,1.2198979,-1.2046263,105.24127,81.05947,3.7132661,WAL
1822092522000,34.575134,0.970961839586028,-9.59558888098318,0.438575649417853,1.4410311,1.153619,-1.1343768,105.62806,80.56143,3.992465,WAL
1822097349000,34.579961,0.773153935028361,-9.22297368603841,-0.812674304587521,1.4327844,1.1368202,-1.074512,106.01843,80.09656,4.2444515,WAL
1822102581000,34.585193,0.54985729155338,-8.82320073369317,-2.13301089763059,1.4150693,1.5149459,-0.9969321,106.48766,79.67873,4.458093,WAL
1822107386000,34.589998,0.242547017429329,-8.50326140655018,-2.93285961110603,1.4382823,1.7058412,-0.9392053,106.88731,79.2734,4.6590595,WAL
1822112308000,34.59492,-0.072246149946025,-8.17553167331443,-3.75218434944653,1.4511104,2.0179935,-0.8350528,107.45916,79.02912,4.797442,WAL
1822117344000,34.599956,-0.32138669522167,-7.7929850652016,-4.27037835961208,1.4840971,2.2950208,-0.7351763,108.06542,78.79046,4.9086413,WAL
1822122322000,34.604934,-0.553695177230078,-7.40580434905408,-4.72133012859736,1.5066991,2.5222626,-0.66645396,108.73407,78.57076,4.983314,WAL
1822127347000,34.609959,-0.695375641929632,-7.08840538056414,-4.94742904868933,1.5219707,2.6988027,-0.61544675,109.53999,78.41464,5.019537,WAL
1822132284000,34.614896,-0.803763562463869,-6.8009418264228,-5.09351686175621,1.5497651,2.846632,-0.5751296,110.392426,78.26546,5.0276723,WAL
1822137360000,34.619972,-0.888589010917538,-6.52899467986837,-5.00850286527294,1.5696182,2.9471195,-0.54367006,111.29495,78.179,4.9947166,WAL
1822142381000,34.624993,-0.96305303597561,-6.26837061646342,-4.84095906402439,1.59558,2.9743028,-0.5225952,112.21119,78.09601,4.948539,WAL
1822147342000,34.629954,-1.07330380412862,-6.04179620404923,-4.62427286278285,1.5909985,2.9752192,-0.50732356,113.15264,78.03763,4.881358,WAL
1822152350000,34.634962,-1.20182083374355,-5.82760112155617,-4.38151851216753,1.5775595,2.9523118,-0.49663344,114.08888,77.985344,4.8087125,WAL
1822157358000,34.63997,-1.42423163985586,-5.72421422657716,-4.1238842718136,1.5540411,2.9324586,-0.50793445,115.02383,77.91418,4.729591,WAL
1822162330000,34.644942,-1.69218557568368,-5.67720479859809,-3.86063118061013,1.5100589,2.899472,-0.5195409,115.9433,77.86161,4.648851,WAL
1822167346000,34.649958,-1.89162502699386,-5.42094284662577,-3.37215224355828,1.4517213,2.871372,-0.55924714,116.85754,77.78625,4.563138,WAL
1822172352000,34.654964,-2.04999714873053,-5.04537472487022,-2.75676355321378,1.421178,2.780353,-0.59650993,117.74096,77.72246,4.484385,WAL
1822177351000,34.659963,-2.19084371423506,-4.66027360955261,-2.0543423798832,1.3384057,2.670703,-0.61575216,118.61298,77.66471,4.373631,WAL
1822182352000,34.664964,-2.31570975033893,-4.26569684784649,-1.27018380666389,1.1612549,2.5442538,-0.62949663,119.45254,77.64471,4.276715,WAL
1822187344000,34.669956,-2.4309077084101,-3.91783124279346,-0.593513481703814,0.9569204,2.4233024,-0.6282749,120.25281,77.55824,4.1602626,WAL
1822192315000,34.674927,-2.53937182615156,-3.60187064190193,0.0101128077761267,0.75136423,2.2901337,-0.61819565,121.01096,77.52572,4.051281,WAL
1822197346000,34.679958,-2.63805548827545,-3.39245798513901,0.52423139133274,0.5513059,2.2296581,-0.59498274,121.74097,77.42764,3.9212663,WAL
1822202350000,34.684962,-2.72814382665479,-3.26443752458692,0.965190881982784,0.4560109,2.104736,-0.5815437,122.41211,77.36092,3.8005562,WAL
1822207346000,34.689958,-2.812677159313,-3.23998095031093,1.30960916825585,0.26236662,1.997224,-0.5561928,123.05865,77.27271,3.6531904,WAL
1822212411000,34.695023,-2.89407212427204,-3.29743612852631,1.5825212272826,0.1020145,1.8930714,-0.5177083,123.66594,77.20553,3.5031013,WAL
1822217344000,34.699956,-2.94794950283093,-3.4053999737993,1.76698068367825,-0.04642576,1.7843374,-0.4886922,124.23463,77.10797,3.3386035,WAL
1822222384000,34.704996,-2.98093163871535,-3.56088751616556,1.88477430023428,-0.17195857,1.6801848,-0.45540005,124.76878,77.05123,3.166378,WAL
1822227346000,34.709958,-2.96785192508608,-3.69399628043286,1.94180806530251,-0.28496864,1.5738943,-0.41874814,125.267296,76.982796,2.9772735,WAL
1822232346000,34.714958,-2.90661311544515,-3.80705255195278,1.93709739142154,-0.4025602,1.4526376,-0.38728857,125.726326,76.95047,2.7867157,WAL
1822237319000,34.719931,-2.8310099134795,-3.89214764758627,1.89878768256809,-0.50885075,1.323745,-0.35277468,126.15345,76.92333,2.5846035,WAL
1822242338000,34.72495,-2.73649421354832,-3.94413128254842,1.81844923893423,-0.60139686,1.1994339,-0.32436943,126.54185,76.92367,2.3826907,WAL
1822247256000,34.729868,-2.63032404515554,-4.02176548353477,1.7110491361601,-0.70463306,1.0677924,-0.30818152,126.89518,76.947975,2.194605,WAL
1822252307000,34.734919,-2.50093462877947,-4.14157045977809,1.55769879459085,-0.79198676,0.93828905,-0.29535335,127.208565,76.99165,2.0079298,WAL
1822257393000,34.740005,-2.36133485620539,-4.23553523485031,1.39640740494949,-0.8863655,0.818254,-0.2910773,127.49345,77.069305,1.8445928,WAL
1822262281000,34.744893,-2.2138153424043,-4.2876010202243,1.23153261425526,-0.9663888,0.69974613,-0.27397305,127.73733,77.16494,1.683124,WAL
1822267286000,34.749898,-2.08677201798942,-4.34770454593555,1.08234501551227,-1.0488557,0.59559363,-0.26633725,127.96263,77.30676,1.5532298,WAL
1822272344000,34.754956,-2.0401731189418,-4.43158229173641,0.998467099408369,-1.1160508,0.48349985,-0.26816985,128.1492,77.4633,1.4302466,WAL
1822277336000,34.759948,-2.00306239209774,-4.50034411183368,0.934989422332249,-1.1838568,0.37201694,-0.269697,128.31787,77.668274,1.340617,WAL
1822282325000,34.764937,-2.0124778330673,-4.49563644050645,0.97265121078924,-1.2498302,0.26419923,-0.25259277,128.4531,77.88814,1.253882,WAL
1822287280000,34.769892,-2.03088257136621,-4.50339474309951,1.02478673021133,-1.3225232,0.15607607,-0.24587326,128.56874,78.13913,1.1819694,WAL
1822292297000,34.774909,-2.11668905060026,-4.60350238516718,1.18686559671594,-1.3814718,0.100792766,-0.22968534,128.66586,78.40092,1.1065834,WAL
1822297302000,34.779914,-2.2100396887803,-4.75969121455803,1.37604619389424,-1.4410311,0.015577064,-0.21991149,128.73029,78.66473,1.032982,WAL
1822302329000,34.784941,-2.36842652502298,-5.38625083738933,1.79530541193575,-1.4752395,-0.04642576,-0.1994475,128.78288,78.93337,0.9540542,WAL
1822312345000,34.794957,-2.68400292283613,-6.63463380581547,2.63065459194446,-1.6194037,-0.042760566,-0.055283304,128.85802,79.4398,0.72357863,WAL
1822317653000,34.800265,-2.82916689958925,-7.3228849690814,3.08096381997759,-1.672549,-0.015577064,0.033292156,128.88477,79.67435,0.56036276,WAL
1822322363000,34.804975,-2.50493049079537,-8.48087206168783,3.63679777040702,-1.704314,0.046120327,0.13133603,128.91829,79.92165,0.36562076,WAL
1822327294000,34.809906,-2.16548044158887,-9.69319358050784,4.21871225226848,-1.6536123,0.13927728,0.27152961,128.97546,79.976074,0.10787948,WAL
1822332328000,34.81494,-1.42527352240877,-11.3929573320008,5.36210690723657,-1.5305228,0.28893927,0.3662137,129.05981,80.01107,-0.16498344,WAL
1822337276000,34.819888,-0.618991921662567,-13.1560911151087,6.59581483384584,-1.3610078,0.39003745,0.44257188,129.14655,80.008965,-0.46798405,WAL
1822342349000,34.824961,0.553693919339216,-14.7818194178124,7.80063627518982,-1.0827587,0.42332962,0.47800204,129.28073,79.76893,-0.6622732,WAL
1822347242000,34.829854,1.73166767395855,-16.3252049628566,8.95456944459265,-0.6924158,0.36926803,0.40286562,129.414,79.46356,-0.8416239,WAL
1822352346000,34.834958,2.75475822964431,-17.1365300386829,9.13924418388527,-0.27030787,0.23365596,0.27763826,129.6126,78.76233,-0.78433514,WAL
1822357301000,34.839913,3.73077210118879,-17.8573481333145,9.23326389470705,0.10598512,0.16340645,0.1001819,129.80919,78.037834,-0.70518017,WAL
1822362311000,34.844923,4.71098461192632,-18.3189306696847,9.02431774274118,0.4541783,0.2666427,-0.09987647,130.04051,77.17106,-0.42858812,WAL
1822367258000,34.84987,5.67734803559163,-18.7133649828286,8.74821398095535,0.7464773,0.47586402,-0.36682457,130.29099,76.29943,-0.11993137,WAL
1822372362000,34.854974,5.38926479969404,-18.0324991060008,8.3911313952724,0.9764681,0.6805039,-0.54428095,130.58325,75.5153,0.3046757,WAL
1822377244000,34.859856,4.95088871274181,-17.2434220049349,8.04043047752665,1.0980303,0.84574294,-0.58123827,130.92734,74.73258,0.71382433,WAL
1822382349000,34.864961,3.97027528576033,-15.2996183770876,7.37915254916496,1.1227703,0.91996306,-0.54061574,131.33466,74.04634,1.2246196,WAL
1822387291000,34.869903,2.93486146394179,-13.2334130166032,6.69041749335873,1.0558805,0.9868528,-0.4718934,131.7792,73.38512,1.685978,WAL
1822392287000,34.874899,1.81049372182433,-10.861755530757,6.0455838403959,0.91813046,1.006095,-0.408058,132.21873,72.777336,2.0450032,WAL
1822397298000,34.87991,0.664820711817368,-8.41765296651746,5.41069019024172,0.74128497,1.0320568,-0.3827071,132.66844,72.22833,2.3670695,WAL
1822402349000,34.884961,-0.18582528267183,-6.38082324433688,4.80719546360116,0.6462954,1.0638218,-0.3323107,133.08092,71.718544,2.5214608,WAL
1822407357000,34.889969,-0.956538496534366,-4.46332592886738,4.21755325272023,0.4474588,1.0934488,-0.27091873,133.4893,71.30755,2.6561892,WAL
1822412423000,34.895035,-1.5245088128586,-3.22965189245168,3.7468714355646,0.20586158,1.0989466,-0.17928895,133.84016,70.93269,2.6249144,WAL
1822417316000,34.899928,-2.00597284508647,-2.26195696087487,3.33214508609359,-0.03481932,1.0906999,-0.05131268,134.1767,70.627396,2.564086,WAL
1822422427000,34.905039,-2.35817525889251,-1.91545491013495,3.0379127836389,-0.26450464,1.0247264,0.08827003,134.47328,70.36182,2.3932376,WAL
1822427357000,34.909969,-2.65696794553746,-1.76166451218241,2.79184815609121,-0.49449542,0.86406887,0.226631,134.71356,70.17289,2.1993299,WAL
1822432342000,34.914954,-2.92865261290048,-2.05233566873869,2.53326570157531,-0.7626653,0.6026186,0.35735616,134.83002,70.12233,1.9106811,WAL
1822437388000,34.92,-3.18583501400745,-2.6078495670463,2.26579606672698,-1.0903945,0.2312125,0.46792278,134.85693,70.14998,1.6165394,WAL
1822442349000,34.924961,-3.33999183639153,-3.46929579126642,2.02614054545106,-1.4318681,-0.18997909,0.54336464,134.77776,70.29287,1.2738035,WAL
1822447346000,34.929958,-3.46386234531684,-4.43732084937206,1.79216290683539,-1.7846428,-0.70157874,0.59589905,134.56355,70.52295,0.94977945,WAL
1822452346000,34.934958,-3.68114293908168,-5.70777419671339,1.41777379753697,-2.1093178,-1.2428054,0.6426302,134.22635,70.892624,0.6158045,WAL
1822457391000,34.940003,-3.94735400732721,-7.14157831464476,0.969418171210246,-2.372906,-1.7687603,0.7247916,133.74637,71.33255,0.29919943,WAL
1822462412000,34.945024,-4.44530082638376,-8.85838138099631,0.3357448252869,-2.559831,-2.2547035,0.8552113,133.14342,71.9129,-0.015074227,WAL
1822467300000,34.949912,-5.07578699169742,-10.7109739640221,-0.398382798971402,-2.674979,-2.6758952,1.0115929,132.40694,72.52977,-0.32704824,WAL
1822472313000,34.954925,-5.87689125004994,-12.7153522014205,-1.341906079636,-2.706744,-2.9413161,1.1640037,131.6003,73.293526,-0.682644,WAL
1822477287000,34.959899,-6.8812922678726,-14.8457394194873,-2.53661456750638,-2.6322184,-3.0143147,1.3371841,130.7197,74.029144,-1.0792575,WAL
1822482285000,34.964897,-7.26009646868607,-16.2534514962628,-3.31073823927026,-2.4217753,-2.839607,1.4495832,129.85922,74.899315,-1.5862662,WAL
1822487306000,34.969918,-7.24590927962234,-17.2087224240755,-3.82147739122738,-2.0332649,-2.4248295,1.3765849,129.05142,75.647736,-2.1074295,WAL
1822492273000,34.974885,-6.16642852204264,-17.8802144266733,-3.21972526265741,-1.475545,-2.123673,1.0833695,128.29807,76.43845,-2.694475,WAL
1822497278000,34.97989,-4.31283915426872,-18.3602462843827,-1.81765136186415,-1.1557571,-1.4682146,0.89919364,127.76397,77.108986,-3.3341665,WAL
1822502305000,34.984917,-2.65337396935709,-18.2683356082803,-0.273564228841561,-0.5552765,-1.0806206,0.5549711,127.302956,77.62282,-3.8048341,WAL
1822507408000,34.99002,-1.12617260323945,-17.7284658359873,1.39954822489053,-0.15027285,-0.9819659,0.30176744,126.953224,78.051605,-4.259979,WAL
1822512316000,34.994928,-0.321522175499453,-16.6775204545274,2.42999229755491,0.0012217305,-0.91965765,0.08124508,126.754425,78.3143,-4.3758945,WAL
1822517291000,34.999903,-0.00897426587317367,-15.2094924503528,3.03614583274028,-0.00030543262,-0.82833326,-0.12492194,126.60427,78.52099,-4.4306746,WAL
1822522284000,35.004896,0.113476916178974,-13.5540200287072,3.12818982947931,-0.048563786,-0.7699956,-0.2846632,126.51425,78.5241,-4.2458706,WAL
1822527304000,35.009916,0.0754047929162542,-11.736075877054,2.78554069029895,-0.12003502,-0.7458665,-0.37568212,126.44939,78.54549,-4.033423,WAL
1822532306000,35.014918,-0.0810954607782025,-9.95636822244438,2.22074730503773,-0.18387043,-0.79626286,-0.3726278,126.41755,78.43075,-3.7799282,WAL
1822537301000,35.019913,-0.343648086873469,-8.20758048766049,1.45653164273253,-0.25381452,-0.95356065,-0.30085114,126.36491,78.338715,-3.524089,WAL
1822542314000,35.024926,-0.687187216598238,-6.59544691651312,0.473099650530743,-0.35979962,-1.1640037,-0.17073683,126.27575,78.257614,-3.307002,WAL
1822547311000,35.029923,-1.11369655391548,-5.13860609415181,-0.734544745003004,-0.48563787,-1.3106114,-0.0070249503,126.15615,78.19208,-3.1196778,WAL
1822552306000,35.034918,-1.59573618091701,-3.91304836437909,-1.81679081069519,-0.70005155,-1.4117095,0.17165314,125.926735,78.25848,-3.0249505,WAL
1822557390000,35.040002,-2.14539819276094,-2.91015626111111,-2.78593170909091,-0.8915578,-1.4923438,0.37140608,125.65504,78.33709,-2.9772305,WAL
1822562345000,35.044957,-2.63567087488372,-2.13785515453488,-3.54783930325581,-1.0916162,-1.6065756,0.5384777,125.26038,78.64095,-3.0399928,WAL
1822567308000,35.04992,-3.07780761682171,-1.58518427520349,-4.11432689565891,-1.2684617,-1.756543,0.64476824,124.82761,78.97531,-3.1393852,WAL
1822572304000,35.054916,-3.41594679009684,-1.11503115066387,-4.55011124573226,-1.4266758,-1.9361374,0.7309003,124.32918,79.43277,-3.3605268,WAL
1822577312000,35.059924,-3.59788787505241,-0.770300518658281,-4.78950759433962,-1.5845845,-2.186592,0.79351395,123.76658,79.91321,-3.6026871,WAL
1822582252000,35.064864,-3.72241243689209,-0.496681217623022,-4.99860721568345,-1.7266107,-2.4697282,0.8738427,123.139145,80.430305,-3.9450634,WAL
1822587296000,35.069908,-3.76411492253237,-0.320603930233094,-5.17005096129496,-1.8658879,-2.7278187,0.97310835,122.448235,80.93258,-4.313884,WAL
1822592245000,35.074857,-3.79533768542292,-0.385215115220956,-5.39452097740452,-1.9489655,-2.8405235,1.0308352,121.720436,81.39701,-4.7328186,WAL
1822597307000,35.079919,-3.80503140023995,-0.995913156484703,-5.75318483233353,-1.9517145,-2.9220738,1.1282681,120.928665,81.7688,-5.198229,WAL
1822602270000,35.084882,-3.6905075890625,-1.68682270128384,-6.234251440625,-1.8784106,-2.846632,1.1911873,120.15833,82.045944,-5.694854,WAL
1822607367000,35.089979,-3.292153146875,-2.60498095173169,-7.02124416875,-1.7232509,-2.5033257,1.2803736,119.44591,82.15739,-6.2464323,WAL
1822612354000,35.094966,-2.91348488176204,-3.63526170906108,-7.5670301626749,-1.4828753,-2.0189097,1.3683381,118.81932,82.1476,-6.815717,WAL
1822617339000,35.099951,-2.5587604016887,-4.94820286027212,-7.63152556641899,-1.212262,-1.5613716,1.4459181,118.29279,81.95501,-7.4237075,WAL
1822622344000,35.104956,-2.2508949741328,-6.38433224717542,-7.5057449491774,-0.95386606,-1.210735,1.4914275,117.935905,81.75389,-7.9479537,WAL
1822627347000,35.109959,-2.09419322948464,-8.18877749603568,-6.78396704796829,-0.77732605,-0.9593639,1.5005904,117.69358,81.40383,-8.491642,WAL
1822632350000,35.114962,-1.9425773161228,-10.045271889554,-6.16860653736242,-0.6478226,-0.6979135,1.4761559,117.59373,81.060745,-8.925144,WAL
1822637347000,35.119959,-1.80859355306044,-12.0781289676579,-5.91911951697239,-0.5910121,-0.32925636,1.4257594,117.60657,99.35699,-9.351775,WAL
1822642307000,35.124919,-1.63063533490382,-14.0143275781298,-5.65047968522786,-0.59742624,0.09987647,1.3283265,117.71424,99.71431,-9.666565,WAL
1822647343000,35.129955,-1.18411832496657,-15.4977556929328,-5.25357559005246,-0.6582073,0.52931476,1.1850786,117.9323,100.076645,-9.946076,WAL
1822652325000,35.134937,-0.513869707833748,-16.4607857757135,-4.65894682273511,-0.906524,0.86009824,1.0216721,118.26231,100.319046,-10.073481,WAL
1822657405000,35.140017,1.07021960877227,-15.4544237646045,-3.25656183786631,-1.258077,1.0180069,0.90102625,118.66288,100.57402,-10.169094,WAL
1822662374000,35.144986,2.43720963351053,-14.4725051717366,-1.96918393686159,-1.5943583,1.0864239,0.7959574,119.136665,100.67316,-10.08159,WAL
1822667344000,35.149956,2.54966500838748,-13.5072632121973,-1.26165234922623,-1.8674151,1.0207558,0.65209866,119.60829,100.796364,-9.958888,WAL
1822672336000,35.154948,2.64536651002865,-12.5543157335244,-0.570519747449857,-2.0720549,0.8536842,0.45906523,120.107735,100.52019,-9.484968,WAL
1822677355000,35.159967,2.55988209470408,-11.7707083037743,-0.0813588630609624,-2.2067506,0.6102544,0.23579398,120.56004,100.27654,-8.990217,WAL
1822682395000,35.165007,2.45535777787058,-10.9954170644201,0.409847974825269,-2.271197,0.28985557,0.00061086525,120.97763,99.89385,-8.408708,WAL
1822687337000,35.169949,2.12365786429532,-10.3774559286674,0.891494431303763,-2.271197,-0.083383106,-0.2302962,121.30504,99.52351,-7.800635,WAL
1822692648000,35.17526,1.75082962111189,-9.7305962649198,1.39084108568297,-2.2107213,-0.5467244,-0.41813725,121.43452,99.23921,-7.2571673,WAL
1822697347000,35.179959,1.06932964827737,-9.52883608329182,1.44016012675102,-2.1019874,-0.80756384,-0.49510628,121.5192,98.96635,-6.7042265,WAL
1822702680000,35.185292,0.289847622722915,-9.31129124256951,1.483440886721,-2.0140228,-1.3023647,-0.6585127,121.33523,98.74234,-6.224733,WAL
1822707455000,35.190067,-0.543187633365292,-9.37267311217641,1.23791473595398,-1.6872098,-1.6765196,-0.7067711,121.121574,98.4868,-5.773591,WAL
1822712309000,35.194921,-1.39000504342857,-9.43507051428571,0.988326477142857,-1.5800029,-1.8918496,-0.799928,120.84819,98.22629,-5.366284,WAL
1822717344000,35.199956,-1.95091043221497,-9.18223961888498,0.731351554040181,-1.3698653,-1.9388863,-0.8765916,120.525246,97.88979,-4.9698453,WAL
1822722320000,35.204932,-2.46311517965846,-8.89023464289302,0.477642648814666,-1.2147056,-1.8805487,-0.9016371,120.180305,97.555565,-4.5791597,WAL
1822727347000,35.209959,-2.83633712033763,-8.48081554020578,0.20973599737289,-1.1047498,-1.7809776,-0.816116,119.74045,97.410286,-4.3943257,WAL
1822732244000,35.214856,-3.18299824995505,-8.06856992807911,-0.0526021234372191,-1.026559,-1.625207,-0.6597345,119.34257,97.25044,-4.225698,WAL
1822737317000,35.219929,-3.35924528675325,-7.6457244787013,-0.396703679766234,-0.9660834,-1.4462235,-0.45937067,118.922356,97.23539,-4.202837,WAL
1822742253000,35.224865,-3.50563930497502,-7.23487683922078,-0.741438116105894,-0.9266826,-1.2583824,-0.25595254,118.55856,97.232155,-4.2221127,WAL
1822747345000,35.229957,-3.47256050425317,-7.11366601404959,-1.18169805416851,-0.8897252,-1.0302242,-0.02687807,118.22361,97.36613,-4.377208,WAL
1822752280000,35.234892,-3.41540084934489,-7.03745289214876,-1.61992238848115,-0.8689558,-0.752586,0.17165314,117.96422,97.5219,-4.573526,WAL
1822757439000,35.240051,-3.07173150905766,-7.0934796663779,-1.74328857653287,-0.8426886,-0.4538729,0.3295618,117.76741,97.784325,-4.843924,WAL
1822762285000,35.244897,-2.71882679501396,-7.16048707950717,-1.82369723906054,-0.8026769,-0.21044308,0.43493605,117.640366,98.06345,-5.1468287,WAL
1822767343000,35.249955,-2.20313970716341,-7.28740941002084,-1.62181738622879,-0.76083267,-0.084910266,0.52198434,117.581245,98.41672,-5.466258,WAL
1822772263000,35.254875,-1.6702059319873,-7.42298013449747,-1.36470025595793,-0.72082096,-0.08460484,0.57879484,117.56003,98.77301,-5.8001637,WAL
1822777356000,35.259968,-1.22254585221328,-7.5766993555332,-1.13491426056338,-0.6835582,-0.1957823,0.6053675,117.57135,99.092674,-6.076163,WAL
1822782275000,35.264887,-0.814968894205231,-7.72835598551308,-0.921647205070423,-0.65668017,-0.37843102,0.6200282,117.56509,99.41038,-6.3631606,WAL
1822787347000,35.269959,-0.535606582549451,-7.93132201142857,-0.936464345934066,-0.61483586,-0.47158796,0.6035349,117.59393,99.58383,-6.536088,WAL
1822792266000,35.274878,-0.295594208676324,-8.13839146883117,-1.00235010024975,-0.59681535,-0.6560693,0.589485,117.54523,99.75607,-6.7191215,WAL
1822797350000,35.279962,-0.19301929166761,-8.26442562013968,-1.25771144333711,-0.5870415,-0.80909103,0.54825157,117.51328,99.79001,-6.7902765,WAL
1822802329000,35.284941,-0.125517993431484,-8.36792782785957,-1.55021707372593,-0.5928447,-0.90316427,0.50671273,117.44397,99.82002,-6.8598175,WAL
1822807482000,35.290094,-0.152038180163733,-8.40604373004503,-1.85673327827466,-0.6151413,-0.9440922,0.4709771,117.37291,99.796425,-6.8600655,WAL
1822812356000,35.294968,-0.214134536234138,-8.41559720896439,-2.14810854968277,-0.64568454,-0.9425651,0.44226643,117.285484,99.77139,-6.853844,WAL
1822817336000,35.299948,-0.403471333178631,-8.4321876278266,-2.2926877831342,-0.7021896,-0.91232723,0.42455134,117.1933,99.8049,-6.834533,WAL
1822822347000,35.304959,-0.635670365363879,-8.4511425381653,-2.38746292860669,-0.7715228,-0.90194255,0.39920044,117.096375,99.84104,-6.8074107,WAL
1822827344000,35.309956,-0.881564499222017,-8.48673050578625,-2.40321887455023,-0.8744536,-0.89736104,0.40500367,116.996056,99.97056,-6.802501,WAL
1822832344000,35.314956,-1.13302205052028,-8.52863996800545,-2.38924902139453,-0.9935723,-0.88086766,0.40225476,116.9039,100.11093,-6.7884626,WAL
1822837346000,35.319958,-1.39767177050938,-8.57433957382584,-2.29869048420216,-1.099252,-0.8546005,0.41691554,116.792725,100.33585,-6.832424,WAL
1822842350000,35.324962,-1.66890332761394,-8.62192403137722,-2.17021234943898,-1.2092078,-0.81153446,0.44776422,116.695076,100.586586,-6.878603,WAL
1822847345000,35.329957,-1.92904615062757,-8.68551971282257,-2.00637712931017,-1.3011429,-0.7867944,0.4831944,116.582184,100.889244,-6.979209,WAL
1822852342000,35.334954,-2.18372340616528,-8.75759813876895,-1.82377824954313,-1.3417655,-0.77488256,0.5222898,116.48263,101.205185,-7.086527,WAL
1822857425000,35.340037,-2.3738387181709,-8.83725377106264,-1.66125108361017,-1.4010195,-0.7993172,0.5684101,116.34397,101.573166,-7.2578297,WAL
1822862359000,35.344971,-2.5251358736642,-8.91762998379027,-1.51468205679408,-1.430341,-0.82650065,0.61117065,116.212875,101.941414,-7.4354167,WAL
1822867327000,35.349939,-2.67494807430464,-8.9626983192053,-1.37544508529801,-1.4285084,-0.8542951,0.6621779,116.053215,102.31958,-7.675966,WAL
1822872428000,35.35504,-2.8274639205298,-8.99042855203406,-1.23679435548723,-1.4220943,-0.8979719,0.7076874,115.88617,102.70008,-7.924052,WAL
1822877351000,35.359963,-2.98272576094724,-9.10918823348567,-1.06821386770461,-1.3952162,-0.95722586,0.7535023,115.68165,103.07865,-8.212872,WAL
1822882331000,35.364943,-3.14619193336103,-9.30237581969256,-0.870073007359784,-1.3564262,-1.0073168,0.7901542,115.472176,103.44956,-8.5072775,WAL
1822887328000,35.36994,-3.24961439177429,-9.51462622431949,-0.673678792508444,-1.3096951,-1.0207558,0.82619524,115.23966,103.81244,-8.841545,WAL
1822892317000,35.374929,-3.31606602803497,-9.73771372580966,-0.479070575738128,-1.2773192,-1.0635164,0.8402451,114.98799,104.1634,-9.176416,WAL
1822897331000,35.379943,-3.32802951888345,-10.0085382119491,-0.305148389231734,-1.1985176,-1.0989466,0.8552113,114.7167,104.47759,-9.542364,WAL
1822902342000,35.384954,-3.30452822335945,-10.3093533026445,-0.145340469967679,-1.1142182,-1.1478158,0.8729264,114.432465,104.77964,-9.907059,WAL
1822907423000,35.390035,-3.21132840834239,-10.6741500610853,-0.0738446874186024,-1.0070114,-1.1829406,0.8949176,114.11717,105.03684,-10.277131,WAL
1822912431000,35.395043,-3.06911046499951,-11.0771007603044,-0.0691040889771671,-0.90408057,-1.2125676,0.90285885,113.791374,105.27311,-10.640321,WAL
1822917342000,35.399954,-2.83338998476433,-11.372824283982,-0.138572444594172,-0.7901542,-1.1988231,0.8854492,113.45618,105.44343,-10.978497,WAL
1822922410000,35.405022,-2.51064437126931,-11.5958985534911,-0.271467730152552,-0.64751714,-1.1606439,0.8573494,113.12047,105.585075,-11.305336,WAL
1822927347000,35.409959,-2.11004541372694,-11.7537995924354,-0.470294542718635,-0.4896085,-1.0699304,0.8338311,112.808876,105.65427,-11.566394,WAL
1822932333000,35.414945,-1.62109286376384,-11.8551138245387,-0.738998182668819,-0.3295618,-0.93492925,0.81061816,112.52025,105.69209,-11.806783,WAL
1822937323000,35.419935,-1.06611687716195,-11.9088529314723,-1.05891320157211,-0.17501289,-0.7831292,0.7846564,112.29483,105.64508,-11.944746,WAL
1822942327000,35.424939,-0.37550968137277,-11.8653882772347,-1.48390219540462,-0.030543262,-0.5907067,0.7593055,112.117836,105.57304,-12.064728,WAL
1822947239000,35.429851,0.315184470844745,-11.7402575788217,-1.88375631644108,0.07422013,-0.38881573,0.72051555,112.03916,105.42046,-12.048653,WAL
1822952348000,35.43496,1.06020538530673,-11.4383537115844,-2.26357085745422,0.13316862,-0.19914207,0.6795876,112.007355,105.25725,-12.022465,WAL
1822957275000,35.439887,1.74744900753941,-11.1441866655243,-2.5228288550377,0.124005646,-0.062308256,0.61911196,112.04758,105.12528,-11.922756,WAL
1822962336000,35.444948,2.38812363879369,-10.8357139335161,-2.56554056319397,0.041233405,0.029932396,0.52687126,112.12334,104.986885,-11.802451,WAL
1822967265000,35.449877,2.8958546724896,-10.6605396559715,-2.50230643336304,-0.105374254,0.04734206,0.40469822,112.27042,104.840004,-11.5713825,WAL
1822972427000,35.455039,3.12105078197663,-10.8074066838978,-2.15961644593979,-0.27488935,0.021685716,0.2302962,112.42176,104.688835,-11.305877,WAL
1822977279000,35.459891,3.17687557118479,-11.034662988981,-1.75890129766065,-0.42730024,-0.07422013,0.03481932,112.56515,104.53588,-10.958422,WAL
1822982344000,35.464956,2.79847265626524,-11.5218567203315,-1.12034631637835,-0.5448918,-0.23060162,-0.12034045,112.67502,104.39282,-10.586133,WAL
1822987297000,35.469909,2.35419220238263,-11.9692600299588,-0.5416061010566,-0.6062838,-0.3268129,-0.16523905,112.74214,104.226006,-10.190869,WAL
1822992288000,35.4749,1.63820969478235,-12.3152381369257,-0.123549178319091,-0.6068946,-0.46670106,-0.20799962,112.74357,104.05466,-9.772225,WAL
1822997304000,35.479916,0.923894874423792,-12.6640808327138,0.141248997249071,-0.56169057,-0.5152648,-0.19303341,112.66335,103.85508,-9.432078,WAL
1823002346000,35.484958,0.223833848498141,-13.0185990349442,-0.123517668847584,-0.45265114,-0.47555858,-0.16187929,112.56836,103.647316,-9.096027,WAL
1823007345000,35.489957,-0.409903647770713,-13.3651794233432,-0.364488369708445,-0.30604348,-0.37995818,-0.12858713,112.40567,103.43522,-8.880539,WAL
1823012333000,35.494945,-0.387403950004239,-13.6576755459941,-0.371238279508266,-0.12736541,-0.2556471,-0.11759156,112.2651,103.2009,-8.670443,WAL
1823017682000,35.500294,-0.363275865931892,-13.971340694362,-0.378476705233856,0.04795292,-0.13897185,-0.124311075,112.146225,103.0212,-8.561105,WAL
1823022424000,35.505036,-0.341885816451415,-14.2494113867458,-0.384893720524704,0.21594086,-0.014966198,-0.15577064,112.065735,102.808075,-8.445213,WAL
1823027306000,35.509918,-0.319864259816306,-14.5356916735905,-0.391500187975131,0.38637227,0.12858713,-0.21227567,112.021286,102.563675,-8.322812,WAL
1823032350000,35.514962,-0.247907941351621,-14.8860360917706,-0.248380813031421,0.591623,0.24251351,-0.30665436,112.00128,102.270584,-8.180297,WAL
1823037278000,35.51989,-0.167877363907232,-15.2391124217456,-0.0789042886878803,0.78984874,0.31856623,-0.3930918,112.00964,101.94261,-8.023618,WAL
1823042342000,35.524954,-0.077588205699161,-15.4948300027966,-0.0598273017127447,0.97310835,0.36285394,-0.50335294,112.02862,101.55017,-7.822439,WAL
1823047247000,35.529859,0.011555872771674,-15.7200357389133,-0.0739026832459049,1.1502593,0.3744604,-0.6026186,112.057465,101.115875,-7.604527,WAL
1823052356000,35.534968,0.109348325792388,-15.8265160847324,-0.10465546611075,1.320996,0.38056904,-0.72173727,112.07115,100.60885,-7.3463273,WAL
1823057321000,35.539933,0.20547414285752,-15.9017447592511,-0.138090534585743,1.4944818,0.39736784,-0.86284715,112.08824,100.05768,-7.060965,WAL
1823062323000,35.544935,0.331472586459683,-15.6942702961805,-0.173847813345991,1.6536123,0.4092797,-1.0103711,112.10817,99.456924,-6.734622,WAL
1823067324000,35.549936,0.481240399791155,-15.2556646117936,-0.211289765282555,1.8069394,0.42943826,-1.1435398,112.13325,98.81681,-6.3816953,WAL
1823072300000,35.554912,0.589518314573171,-14.6645902567645,-0.1444495569254,1.983174,0.45540005,-1.2504412,112.16875,98.12905,-5.9888387,WAL
1823077343000,35.559955,0.686146807073171,-14.0157993700457,-0.0432197194683689,2.2122486,0.4654793,-1.3329079,112.204765,97.40215,-5.5773854,WAL
1823082310000,35.564922,0.613625697744467,-13.4070058124749,-0.0317720681948692,2.468812,0.46028697,-1.385137,112.253174,96.64191,-5.142298,WAL
1823087301000,35.569913,0.454940708969819,-12.8107349589537,-0.0654325205265594,2.7791314,0.44135013,-1.4052955,112.30145,95.85056,-4.7060885,WAL
1823092288000,35.5749,-0.0472954192572734,-12.4670351324595,-0.177915023573429,2.9254336,0.43249258,-1.4327844,112.3615,95.05455,-4.257958,WAL
1823097322000,35.579934,-0.727046161360342,-12.2468337466984,-0.331098281979148,3.2030718,0.45906523,-1.473407,112.42855,94.243706,-3.8127832,WAL
1823102308000,35.58492,-1.37724552073062,-12.175228950302,-0.482524670604891,3.4373388,0.5225952,-1.5632042,112.50394,93.52147,-3.377337,WAL
1823107327000,35.589939,-2.01964815503416,-12.1799875843976,-0.634797900875161,3.5500433,0.5476407,-1.6594155,112.57799,92.94276,-2.9408724,WAL
1823112313000,35.594925,-2.60902446996311,-12.2394187377131,-0.902184673123318,3.546989,0.56169057,-1.7333301,112.65564,87.290955,-2.5986204,WAL
1823117305000,35.599917,-3.17140867827734,-12.3299724531951,-1.23580240694846,3.476434,0.61850107,-1.7571539,112.75401,87.21926,-2.2553897,WAL
1823122300000,35.604912,-3.65103400933099,-12.440081375,-1.7214478754108,3.338684,0.70157874,-1.756543,112.8348,86.86637,-2.0236914,WAL
1823127314000,35.609926,-4.08312178568075,-12.5621931666667,-2.2991304614241,3.167947,0.83260936,-1.7217237,112.94377,86.407036,-1.8055656,WAL
1823132310000,35.614922,-4.5978445170068,-12.8059502380952,-2.84880679591837,2.9852984,0.9761627,-1.6630806,113.148155,85.90406,-1.618639,WAL
1823137292000,35.619904,-5.17061353401361,-13.135292535014,-3.37861812418968,2.7977629,1.087951,-1.6288722,113.37999,85.41613,-1.4444119,WAL
1823142284000,35.624896,-5.73746867735511,-13.5944924345748,-3.7281873830711,2.624888,1.1383474,-1.6221527,113.71486,84.986824,-1.2959905,WAL
1823147313000,35.629925,-6.30340044662418,-14.1508319447321,-3.94880483547102,2.453235,1.1163563,-1.6707164,114.05965,84.606865,-1.1485392,WAL
1823152280000,35.634892,-6.73319293347852,-14.4303919089289,-3.94664923436943,2.2858577,1.0076222,-1.7397442,114.45088,84.30582,-1.0411915,WAL
1823157331000,35.639943,-7.07316968347852,-14.5117949089289,-3.77905513436943,2.0955732,0.79534656,-1.7773124,114.80255,84.06187,-0.92927766,WAL
1823162330000,35.644942,-7.35710199367542,-14.5364883939936,-3.80235790119332,1.9446895,0.6035349,-1.7947221,115.15477,83.863846,-0.8541145,WAL
1823167307000,35.649919,-7.59883348797733,-14.5175289242741,-3.97299179236277,1.7583756,0.54061574,-1.840537,115.478745,83.7325,-0.7589176,WAL
1823172286000,35.654898,-7.61216006367137,-14.2020113677792,-3.88477798896021,1.5415184,0.49449542,-1.9010127,115.75953,83.61568,-0.680412,WAL
1823177313000,35.659925,-7.43151240866989,-13.6315451541424,-3.57577549173497,1.368949,0.39492437,-1.8967366,116.000046,83.53826,-0.6040406,WAL
1823182345000,35.664957,-7.00077660713798,-13.0076265144807,-3.54173380782058,1.314582,0.33567044,-1.8164078,116.250015,83.4931,-0.55425286,WAL
1823187330000,35.669942,-6.34903061001463,-12.3419143994149,-3.75587890796685,1.3142766,0.3313944,-1.7632625,116.47994,83.480194,-0.4961153,WAL
1823192312000,35.674924,-5.5619775813178,-11.757529112495,-3.70189567621535,1.3100005,0.5497787,-1.6542231,116.74631,83.4318,-0.45980984,WAL
1823197349000,35.679961,-4.61232691785858,-11.2584780671957,-3.34335411365006,1.378112,0.8222246,-1.5451837,117.01978,83.3626,-0.4418852,WAL
1823202346000,35.684958,-3.59127414396857,-10.8120417119843,-2.96635483231827,1.5268577,1.0351112,-1.4159856,117.3254,83.29196,-0.3855483,WAL
1823207429000,35.690041,-2.46754697302554,-10.4103688715128,-2.5599003268664,1.6270396,1.2257011,-1.2473868,117.69305,83.21619,-0.38260606,WAL
1823212353000,35.694965,-1.67502250229107,-10.1434179121426,-2.15073397005678,1.7363845,1.4199562,-1.1420126,118.09362,83.05854,-0.2958834,WAL
1823217345000,35.699957,-1.22737858939137,-10.0196014937743,-1.71737645604144,1.8545868,1.6142114,-1.1276573,118.54291,82.87386,-0.24177065,WAL
1823222297000,35.704909,-0.874493260552639,-9.94006790353571,-1.36839353265326,1.9782871,1.7434094,-1.1386528,118.97249,82.62492,-0.0776678,WAL
1823227345000,35.709957,-0.635096797563633,-9.91612827473507,-1.11942124314153,2.1062634,1.8622227,-1.1395692,119.44968,82.345474,0.06785623,WAL
1823232246000,35.714858,-0.486780716165049,-9.86130296213592,-0.724536578718447,2.1740694,1.8329011,-1.1737776,119.897255,81.99561,0.28282556,WAL
1823237343000,35.719955,-0.4583459635,-9.75704259,-0.0847547452000001,2.162463,1.6621643,-1.2134838,120.33341,81.637276,0.49452034,WAL
1823242244000,35.724856,-0.308234675552524,-9.6470981377899,0.271403826362892,2.0693061,1.5152513,-1.215011,120.748344,81.25032,0.7402712,WAL
1823247349000,35.729961,0.0871888940050673,-9.51370203030598,0.13800792383512,1.9578232,1.5265522,-1.1646146,121.15432,80.87817,0.97507364,WAL
1823252270000,35.734882,0.399416394420464,-9.37709483453237,0.0225296083005595,1.8530598,1.5848899,-1.0937542,121.52315,80.441505,1.2090316,WAL
1823257370000,35.739982,0.555584957969624,-9.21604582374101,-0.0653152020711431,1.7876972,1.609019,-1.0412198,121.87878,80.035126,1.4266937,WAL
1823262293000,35.744905,0.634002279632564,-8.9947118493612,-0.341698603723878,1.6963727,1.6588045,-0.95814216,122.24255,79.67534,1.668347,WAL
1823267326000,35.749938,0.543301932148163,-8.6128159642468,-1.07684868601862,1.6282613,1.7956384,-0.8695667,122.63045,79.33803,1.879761,WAL
1823272292000,35.754904,0.407583189782858,-8.25232753478094,-1.79782880426631,1.5989398,1.9862283,-0.7788532,123.05824,79.00501,2.087197,WAL
1823277333000,35.759945,0.148974590319495,-7.92906673120337,-2.51823852896499,1.5836681,2.1346686,-0.70371675,123.503716,78.69959,2.2625825,WAL
1823282295000,35.764907,-0.104952248766085,-7.60740182252369,-3.16678596860848,1.5769486,2.1927009,-0.63621616,124.04785,78.45479,2.395063,WAL
1823287332000,35.769944,-0.359978076009975,-7.26576339102244,-3.56135420099751,1.5735888,2.2715025,-0.600786,124.63161,78.22375,2.5038168,WAL
1823292276000,35.774888,-0.610806843009901,-6.90206156336634,-3.89471289156436,1.5867225,2.3151793,-0.54702985,125.26896,78.07664,2.547528,WAL
1823297336000,35.779948,-0.869892670336634,-6.39828345445545,-3.98587264918812,1.5952746,2.3512204,-0.5103779,125.92106,77.94038,2.5813134,WAL
1823302326000,35.784938,-1.11010880067134,-5.95039251677362,-4.04460624247211,1.6035212,2.3383923,-0.48197266,126.5878,77.8571,2.5653558,WAL
1823307413000,35.790025,-1.27844751940962,-5.73876678789614,-3.94841277500247,1.6102408,2.3283129,-0.46303585,127.26061,77.78131,2.5394077,WAL
1823312345000,35.794957,-1.45024119086567,-5.53964421008955,-3.83545685460696,1.6081028,2.289523,-0.4428773,127.93321,77.71552,2.4683654,WAL
1823317344000,35.799956,-1.67413162770149,-5.37291741286567,-3.60680269408955,1.566564,2.251344,-0.44898596,128.60118,77.66658,2.3995628,WAL
1823322326000,35.804938,-1.89776854058435,-5.23388219694234,-3.39945218029509,1.5082263,2.2235496,-0.45142943,129.27957,77.59978,2.2987263,WAL
1823327346000,35.809958,-2.12643324394292,-5.27121512122889,-3.32478613680839,1.4535538,2.196977,-0.47311515,129.94722,77.5499,2.206298,WAL
1823332340000,35.814952,-2.33782208202415,-5.28068608334165,-3.20314114695079,1.3716979,2.1658227,-0.50976706,130.616,77.49022,2.08047,WAL
1823337351000,35.819963,-2.35219158341152,-4.95018715131251,-2.49903512883521,1.2990049,2.1716259,-0.5546656,131.28792,77.448975,1.9611526,WAL
1823342360000,35.824972,-2.36834301183937,-4.62285492364898,-1.79017344387308,1.2562444,2.1517727,-0.58093286,131.95462,77.41883,1.8075488,WAL
1823347347000,35.829959,-2.40622853629152,-4.33397732374814,-1.02299003830441,1.1566733,2.133447,-0.59742624,132.62395,77.429855,1.6624962,WAL
1823352459000,35.835071,-2.44355129258247,-4.04847488510638,-0.254745313406207,1.0036516,2.097406,-0.5925393,133.27739,77.34118,1.5127501,WAL
1823357421000,35.840033,-2.46210300277181,-3.8954235787234,0.278615339957056,0.8576548,2.0583105,-0.5662721,133.92273,77.28402,1.3609661,WAL
1823362705000,35.845317,-2.48575027506243,-3.7411831074563,0.833247094755619,0.6954701,2.0292943,-0.5540548,134.55174,77.129555,1.2022699,WAL
1823367346000,35.849958,-2.5491765851766,-3.70154171537638,1.17416329016589,0.5522222,1.9724839,-0.5174029,135.15611,77.01584,1.0314415,WAL
1823372336000,35.854948,-2.61737251007849,-3.65891931794506,1.54071614840706,0.42180246,1.8903224,-0.49205196,135.73396,76.83651,0.8600727,WAL
1823377346000,35.859958,-2.62276459316586,-3.60171472522995,1.80539431666502,0.2828306,1.7947221,-0.45570546,136.28514,76.70292,0.67844826,WAL
1823382284000,35.864896,-2.60873322050242,-3.54091222431016,2.03457285000494,0.14935656,1.7415768,-0.44440445,136.82127,76.606064,0.49835402,WAL
1823387339000,35.869951,-2.56280313827515,-3.45411768916032,2.15343851797053,0.07819075,1.602605,-0.41233405,137.2982,76.44475,0.29880846,WAL
1823392344000,35.874956,-2.5059162221442,-3.35930637677777,2.229287607477,-0.07238753,1.4495832,-0.3885103,137.7513,76.34386,0.10275512,WAL
1823397349000,35.879961,-2.38040536894293,-3.28137056507196,2.1889196123871,-0.22815818,1.2907583,-0.3662137,138.15381,76.20743,-0.08591014,WAL
1823402330000,35.884942,-2.22889511547395,-3.21035005805459,2.10369502374194,-0.36774087,1.1249083,-0.3555236,138.5059,76.10836,-0.2669213,WAL
1823407336000,35.889948,-2.05209696711346,-3.18552494536148,1.93254498564644,-0.50243664,0.99021256,-0.34483343,138.82092,76.02208,-0.43494374,WAL
1823412429000,35.895041,-1.86163118382058,-3.18037722584697,1.72148837804749,-0.64568454,0.86590147,-0.33200526,139.08728,75.976135,-0.59541196,WAL
1823417356000,35.899968,-1.70610791004155,-3.28333356128809,1.55476447085477,-0.77304995,0.75747293,-0.3203988,139.3208,75.96749,-0.7175557,WAL
1823422316000,35.904928,-1.5557288851108,-3.4102157884349,1.39498681513653,-0.88422745,0.66889745,-0.3100141,139.52074,75.99257,-0.83518744,WAL
1823427326000,35.909938,-1.40028863998222,-3.56791680610551,1.31538891716064,-0.98715824,0.5992588,-0.2996294,139.69844,76.08482,-0.9116315,WAL
1823432329000,35.914941,-1.2440822970164,-3.73359024659158,1.25858657917408,-1.0760391,0.5216789,-0.2846632,139.84558,76.20157,-0.98500425,WAL
1823437296000,35.919908,-1.17220630577786,-3.91459440472734,1.30013907316398,-1.1554517,0.43890667,-0.28008172,139.9782,76.37806,-1.019328,WAL
1823442288000,35.9249,-1.12654931454493,-4.10178792099131,1.37319018285742,-1.2226468,0.3594942,-0.2657264,140.08661,76.57232,-1.0549155,WAL
1823447307000,35.929919,-1.1650908391934,-4.29977028302323,1.50020195214724,-1.2812898,0.29871312,-0.24373524,140.18112,76.79587,-1.0513412,WAL
1823452296000,35.934908,-1.24678023246505,-4.50159121372825,1.65397027791411,-1.3384057,0.23701571,-0.2144137,140.25089,77.03344,-1.0481732,WAL
1823457400000,35.940012,-1.36213906948097,-4.7875588010084,1.82256998210578,-1.4083499,0.2125811,-0.18051068,140.31633,77.26815,-1.0366622,WAL
1823462338000,35.94495,-1.48837109425606,-5.10080145344538,1.99087938101829,-1.4706581,0.19883664,-0.13316862,140.36436,77.51127,-1.0336565,WAL
1823467308000,35.94992,-1.5621860779687,-5.5057640125756,2.18397343525007,-1.5473217,0.20280726,-0.06261369,140.41269,77.73653,-1.066536,WAL
1823472289000,35.954901,-1.60797861959297,-5.95911008380532,2.39003984865124,-1.6206255,0.21105394,0.013744468,140.45436,77.972015,-1.1130782,WAL
1823477349000,35.959961,-1.5444802751805,-6.77750836528199,2.71383175391859,-1.6869044,0.22602014,0.113926366,140.4981,78.18641,-1.2193933,WAL
1823482341000,35.964953,-1.39941229552161,-7.85301248749608,3.11902169117924,-1.7119498,0.2883284,0.15454891,140.55484,78.40279,-1.3316976,WAL
1823487347000,35.969959,-1.11728685714286,-9.0136549422524,3.72534934488946,-1.7122552,0.36377025,0.20830505,140.61272,78.58185,-1.4820174,WAL
1823492315000,35.974927,-0.768249371428572,-10.2069858295331,4.4281410843561,-1.645671,0.43371433,0.27763826,140.6811,78.739784,-1.6478925,WAL
1823497343000,35.979955,-0.442877274152628,-11.3768058616748,5.42614789095318,-1.5082263,0.4456262,0.3210097,140.74728,78.816536,-1.766078,WAL
1823502344000,35.984956,-0.134742618863506,-12.5192744858953,6.57809737761061,-1.3005321,0.3924809,0.3943135,140.80692,78.848595,-1.9086789,WAL
1823507337000,35.989949,0.438365463290418,-13.9307709038861,7.71273545381193,-1.0384709,0.28893927,0.4364632,140.86171,78.69553,-1.944788,WAL
1823512385000,35.994997,1.17932032442678,-15.5226284780975,8.85045951401167,-0.655153,0.22815818,0.3857614,140.91245,78.46656,-1.9757042,WAL
1823517339000,35.999951,1.92567997687639,-16.6278579700356,9.49197966085365,-0.2144137,0.1554652,0.24862215,140.91321,77.99138,-1.9177233,WAL
1823522343000,36.004955,2.6921419192215,-17.4451096686579,9.82903828191541,0.16737708,0.1337795,0.051923547,140.91768,77.46763,-1.8363731,WAL
1823527343000,36.009955,3.20279582082308,-18.044170920246,9.60720410614948,0.419359,0.2687807,-0.116980694,140.95552,76.85455,-1.6389478,WAL
1823532331000,36.014943,3.48299311077578,-18.4463901213813,8.8841149345317,0.5122105,0.56291234,-0.28008172,141.04807,76.230545,-1.4173337,WAL
1823537322000,36.019934,3.66255909292848,-18.587780779078,8.21588149228286,0.5534439,0.8185594,-0.39950588,141.20247,75.62354,-1.064162,WAL
1823542355000,36.024967,3.6965952314133,-18.3495268957934,7.62267951074347,0.59528816,0.9816604,-0.4813618,141.42468,75.02589,-0.7197638,WAL
1823547309000,36.029921,3.39093001794311,-17.3860323398979,7.11496671291029,0.64812803,1.0781772,-0.48563787,141.74007,74.57566,-0.34230554,WAL
1823552318000,36.03493,2.62116712810253,-15.4216379295613,6.70509287893092,0.66431594,1.1023064,-0.44532076,142.08104,74.140945,0.010048915,WAL
1823557386000,36.039998,1.70662572050715,-13.34348949926,6.26489175148495,0.6200282,1.071763,-0.38423425,142.44945,73.79968,0.33373174,WAL
1823562379000,36.044991,0.678100289548101,-11.2109501329551,5.80724509653675,0.5271767,1.0332786,-0.33536503,142.81561,73.47814,0.628144,WAL
1823567304000,36.049916,-0.259983888394323,-9.24790425112484,5.32313620020276,0.3662137,1.0125091,-0.29077184,143.14111,73.160255,0.795529,WAL
1823572318000,36.05493,-1.13160735122526,-7.40265891336294,4.7945985848122,0.16768251,0.97402465,-0.23823744,143.44316,72.8907,0.94483393,WAL
1823577301000,36.059913,-1.89758205354345,-5.91304331472398,4.30722592194144,-0.05681047,0.96669424,-0.160963,143.69586,72.65549,0.91968685,WAL
1823582308000,36.06492,-2.51910380227527,-4.92486858340172,3.87350211066766,-0.17562376,0.9211848,-0.1020145,143.9209,72.45297,0.8914388,WAL
1823587290000,36.069902,-3.13161377190351,-4.13283575479811,3.47445032046146,-0.3894266,0.84482664,0.04184427,144.07921,72.33158,0.69859195,WAL
1823592318000,36.07493,-3.73256908542213,-3.89043342275826,3.16639754798112,-0.62796944,0.698219,0.20097467,144.19234,72.25163,0.49707833,WAL
1823597246000,36.079858,-4.31677810101382,-3.86355841078341,2.90033267519713,-0.8512407,0.5039638,0.36926803,144.23924,72.2435,0.16106802,WAL
1823602288000,36.0849,-4.905212959447,-4.2443102686636,2.69759475878136,-1.0937542,0.22540927,0.5305365,144.2055,72.299835,-0.19583043,WAL
1823607357000,36.089969,-5.35391202037351,-4.87400652144878,2.5261876868704,-1.3368785,-0.14630222,0.64721173,144.06953,72.43206,-0.6521076,WAL
1823612316000,36.094928,-5.58684469779287,-5.84605237628749,2.4052417836446,-1.6074919,-0.63438356,0.71959925,143.813,72.62196,-1.1077548,WAL
1823617241000,36.099853,-5.72283788352976,-6.90654020909181,2.23552933518867,-1.8787161,-1.2156218,0.7489208,143.41154,72.89163,-1.6340232,WAL
1823622298000,36.10491,-5.59812976933743,-8.25914336647519,1.9237591498762,-2.0912971,-1.7654005,0.8011498,142.87598,73.1911,-2.1517487,WAL
1823627239000,36.109851,-5.72005868420954,-10.0461731621216,1.34459676892512,-2.233018,-2.2595906,0.88331115,142.20323,73.578606,-2.6806402,WAL
1823632307000,36.114919,-6.5978868169806,-13.316424238122,-0.0972246770874333,-2.3087652,-2.685058,0.9789116,141.39386,73.9681,-3.1937134,WAL
1823637318000,36.11993,-7.36749097005304,-16.2475739163607,-1.42014944553244,-2.3063216,-2.9648345,1.0647382,140.52408,74.451294,-3.6606946,WAL
1823642321000,36.124933,-7.46523215813954,-17.1125841453488,-2.04080634709302,-2.1813998,-3.0402763,1.1325442,139.59088,74.874504,-4.1363263,WAL
1823647307000,36.129919,-7.32049207861842,-17.9021075032895,-2.46013664210526,-1.9755383,-2.9116893,1.1786644,138.71811,75.55294,-4.690115,WAL
1823652298000,36.13491,-5.95306986866029,-18.3261519577352,-1.87409851658692,-1.6420058,-2.5363126,1.1209377,137.90166,76.09183,-5.2369347,WAL
1823657366000,36.139978,-4.57103334488402,-18.5647327323024,-1.18406597148107,-1.2098186,-2.0409007,0.95111716,137.19481,76.598656,-5.7551336,WAL
1823662380000,36.144992,-3.23545584141982,-17.8607820348429,-0.0365301024741441,-0.7654142,-1.6624697,0.7495316,136.57124,76.95667,-6.251074,WAL
1823667315000,36.149927,-2.04860997816058,-17.0242930887041,0.980848586312246,-0.398895,-1.4141531,0.54092115,136.09624,77.246925,-6.503333,WAL
1823672320000,36.154932,-1.47443291960202,-15.4678456112266,1.46012029081675,-0.17012598,-1.271516,0.3680463,135.70917,77.4556,-6.719526,WAL
1823677318000,36.15993,-0.952360231623932,-13.9039676837607,1.8380102025641,-0.07941248,-1.2211196,0.23640485,135.38235,77.55492,-6.7306056,WAL
1823682305000,36.164917,-0.724118725452624,-12.2887205035383,1.64049351585332,-0.07452556,-1.1044444,0.183565,135.12187,77.6292,-6.7280507,WAL
1823687663000,36.170275,-0.485872035911414,-10.550476267121,1.41722055332198,-0.10873401,-1.0088439,0.09468412,134.88045,77.64355,-6.633443,WAL
1823692316000,36.174928,-0.428937344304727,-8.98002763209114,0.985465849510221,-0.26206118,-0.9266826,0.07513642,134.67032,77.68177,-6.5517526,WAL
1823697300000,36.179912,-0.375466157748705,-7.34394379716544,0.488962681057509,-0.3277292,-0.95905846,0.06719518,134.46413,77.70432,-6.4466686,WAL
1823702285000,36.184897,-0.397152533636777,-6.16854239069683,-0.348131272426638,-0.49846604,-1.1194105,0.092240654,134.24707,77.786095,-6.3452306,WAL
1823707420000,36.190032,-0.41949145844826,-4.95777283759426,-1.21041360966658,-0.6973027,-1.3396275,0.14355333,133.98793,77.907524,-6.262807,WAL
1823712338000,36.19495,-0.781281087162715,-3.90301859321341,-2.08209794721995,-0.95386606,-1.5690074,0.25534168,133.68,78.0696,-6.1976514,WAL
1823717239000,36.199851,-1.17465255876942,-2.86202345145135,-2.95519070978128,-1.244638,-1.8023579,0.37782016,133.30994,78.275665,-6.1409526,WAL
1823722294000,36.204906,-1.54438417026877,-2.2007019146578,-3.54518594882239,-1.5015068,-2.0705278,0.49449542,132.83723,78.618225,-6.1306615,WAL
1823727289000,36.209901,-1.90667880493211,-1.58215003186478,-4.10188282787476,-1.7427986,-2.339614,0.5891795,132.29694,79.00222,-6.1418576,WAL
1823732312000,36.214924,-2.22296004344221,-1.25024345584993,-4.6129551075943,-1.9950858,-2.6477954,0.65270954,131.64789,79.47957,-6.247172,WAL
1823737268000,36.21988,-2.52053163442209,-1.01026645849934,-5.10250807594297,-2.2385156,-2.9700267,0.70646566,130.91705,79.96605,-6.374361,WAL
1823742307000,36.224919,-2.70620610740851,-1.08567806166468,-5.6276569256961,-2.4614816,-3.2488868,0.75441855,130.10863,80.459076,-6.5925612,WAL
1823747244000,36.229856,-2.85666172245426,-1.24553714958234,-6.14955006284805,-2.6077838,-3.4257324,0.795652,129.23903,80.90485,-6.8319907,WAL
1823752319000,36.234931,-2.77786632900363,-1.56911555806452,-6.60507848718267,-2.688418,-3.5069773,0.8347474,128.32443,81.27648,-7.147571,WAL
1823757342000,36.239954,-2.63095498837564,-1.93639407741935,-7.03203976713113,-2.6966646,-3.4810157,0.8891144,127.394005,81.51196,-7.4967513,WAL
1823762341000,36.244953,-2.43340375444997,-2.61002660071863,-7.34320599140409,-2.6041186,-3.347847,0.95356065,126.49098,81.59477,-7.8978877,WAL
1823767317000,36.249929,-2.21388009216879,-3.4178736449051,-7.60224374235305,-2.3976462,-3.1144965,1.0143417,125.632225,81.47405,-8.33402,WAL
1823772280000,36.254892,-1.98761398508928,-4.44605642652188,-7.65742043105357,-2.1731532,-2.9663615,1.0528263,124.82057,81.21962,-8.75478,WAL
1823777317000,36.259929,-1.75087971861752,-5.70528107584839,-7.51638727117051,-1.9367483,-2.659402,1.0778717,124.132996,99.214264,-9.205154,WAL
1823782303000,36.264915,-1.53777499855231,-6.92834756162618,-7.30448256265741,-1.8182404,-2.3631322,1.1374311,123.52465,99.72557,-9.6069565,WAL
1823787295000,36.269907,-1.33867616932077,-8.13716197035201,-7.04375790179474,-1.5784758,-2.053729,1.2452488,123.02083,100.34785,-10.034974,WAL
1823792313000,36.274925,-1.28830284102745,-9.60666742233549,-6.6664906604461,-1.2605205,-1.8530598,1.3634512,122.59691,100.953636,-10.397505,WAL
1823797311000,36.279923,-1.34627404173395,-11.2540151331752,-6.20755203442673,-0.9324858,-1.690875,1.455081,122.2626,101.606064,-10.781228,WAL
1823802286000,36.284898,-1.33924833605482,-12.760129089558,-5.82316052545841,-0.6719518,-1.4172074,1.4657712,122.03634,102.157326,-11.079015,WAL
1823807368000,36.28998,-1.28758236599112,-14.2067759080293,-5.4802865388342,-0.4905248,-1.0137309,1.4199562,121.901855,102.7006,-11.376949,WAL
1823812388000,36.295,-1.09470909260841,-15.0989318865376,-5.00794521160132,-0.40958515,-0.5225952,1.3307699,121.87133,103.10164,-11.593411,WAL
1823817303000,36.299915,-0.787875806930562,-15.5258303988191,-4.43430026171941,-0.4841107,-0.010995574,1.2113458,121.963104,103.47926,-11.7734,WAL
1823822289000,36.304901,-0.340734631673702,-15.5774180007387,-3.80617614603208,-0.68386364,0.4083634,1.0735956,122.16578,103.70789,-11.832009,WAL
1823827317000,36.309929,0.309695890230055,-15.0692692508442,-3.10493075975095,-0.94989544,0.7492262,0.9236283,122.48653,103.92969,-11.84362,WAL
1823832307000,36.314919,0.788175457299669,-14.4863272242152,-2.68605610863716,-1.2635747,1.0458013,0.7315111,122.89965,104.00122,-11.708564,WAL
1823837300000,36.319912,1.10981439793235,-13.8290648251121,-2.52756739534997,-1.5415184,1.3164146,0.5122105,123.39278,104.08237,-11.522326,WAL
1823842316000,36.324928,1.26286119129592,-13.1158921258673,-2.0788706551102,-1.745242,1.426065,0.27855456,123.92451,104.00124,-11.172092,WAL
1823847311000,36.329923,1.21893011532653,-12.3446562256122,-1.29787231278367,-1.8347337,1.2486086,0.053145275,124.43874,103.928,-10.77905,WAL
1823852291000,36.334903,1.22551285631433,-11.592076216251,-0.462308411092637,-1.9000963,0.77824235,-0.13530666,124.90405,103.82245,-10.309007,WAL
1823857307000,36.339919,1.28256424657561,-10.8504084407165,0.436250858931116,-1.9370537,0.12797627,-0.27977628,125.25686,103.72545,-9.821514,WAL
1823862309000,36.344921,1.22713258581645,-10.2265458700834,1.05623391344458,-1.9364429,-0.559858,-0.39736784,125.42079,103.58307,-9.360072,WAL
1823867306000,36.349918,1.05126384581843,-9.72745883144617,1.37945208303933,-1.8805487,-1.2342533,-0.49021935,125.4026,103.442444,-8.912536,WAL
1823872274000,36.354886,0.706619694862484,-9.37531230273074,1.48651313184888,-1.7699821,-1.5439619,-0.5580254,125.20869,103.296486,-8.528941,WAL
1823877324000,36.359936,0.157525681893902,-9.18596967769404,1.3445060642165,-1.6902641,-2.031127,-0.5757405,124.77946,103.15198,-8.185968,WAL
1823882268000,36.36488,-0.400202746073583,-9.0333697241618,0.971721487117001,-1.5234979,-2.3124304,-0.63041294,124.277824,102.99311,-7.891346,WAL
1823887288000,36.3699,-0.994550136816339,-8.92400958767679,0.268014198203936,-1.3564262,-2.3173172,-0.64873886,123.72682,102.82685,-7.619715,WAL
1823892252000,36.374864,-1.53624278256687,-8.78815185866846,-0.306652231898211,-1.208597,-2.1630738,-0.6188065,123.150856,102.686516,-7.446236,WAL
1823897313000,36.379925,-2.01654171302675,-8.60629134346739,-0.703015392759284,-1.0732902,-1.9657644,-0.5635232,122.595146,102.515564,-7.2785482,WAL
1823902283000,36.384895,-2.41353246302251,-8.38522200184888,-1.00872492210611,-0.98532563,-1.7708983,-0.46089783,122.1425,102.43607,-7.205718,WAL
1823907431000,36.390043,-2.66122823472669,-8.06321718826367,-1.14248074228296,-0.9309586,-1.6206255,-0.31612277,121.744225,102.35163,-7.157131,WAL
1823912243000,36.394855,-2.83081427580325,-7.80924203808013,-1.24715783522412,-0.91232723,-1.5140295,-0.1423316,121.32862,102.441246,-7.241852,WAL
1823917336000,36.399948,-2.879182775595,-7.63995261709639,-1.31487357331416,-0.9080512,-1.4242324,0.053450707,120.963165,102.54588,-7.3665347,WAL
1823922264000,36.404876,-2.91426473379099,-7.5506933790004,-1.42696127276768,-0.9275989,-1.3035865,0.22510384,120.61549,102.7453,-7.576694,WAL
1823927355000,36.409967,-2.92389644919004,-7.62774680047412,-1.64848972121691,-0.9627236,-1.1563679,0.33628133,120.31043,102.96521,-7.816021,WAL
1823932269000,36.414881,-2.84119879733777,-7.68992933532348,-1.8324292441519,-0.97310835,-1.0015136,0.40408736,120.03928,103.23262,-8.096904,WAL
1823937339000,36.419951,-2.52279351780366,-7.72319572075952,-1.9464847918665,-0.9776898,-0.8790351,0.48075095,119.80909,103.521935,-8.401089,WAL
1823942294000,36.424906,-2.09069517839936,-7.81212739617758,-2.01738492076448,-0.93645644,-0.816116,0.5500842,119.61797,103.83536,-8.708148,WAL
1823947331000,36.429943,-1.27919958140553,-8.07622343320725,-1.96456571335855,-0.893085,-0.8136725,0.59773165,119.44934,104.15287,-9.022188,WAL
1823952330000,36.434942,-0.593502358532549,-8.29299716588575,-1.92959723539029,-0.8491027,-0.8533788,0.61391956,119.31454,104.44161,-9.282469,WAL
1823957379000,36.439991,-0.275356833721763,-8.37012339667032,-1.94887876791945,-0.7837401,-0.8848383,0.6114761,119.18608,104.71447,-9.544578,WAL
1823962331000,36.444943,-0.0133970631718828,-8.4558969846001,-1.96664223815201,-0.7498371,-0.91507614,0.6053675,119.13792,104.83509,-9.648189,WAL
1823967344000,36.449956,0.0915396185679086,-8.57514313065077,-1.98095177567809,-0.7470882,-0.9410379,0.57879484,119.08033,104.94135,-9.744048,WAL
1823972306000,36.454918,0.158846062868439,-8.66596876742117,-1.99509959559158,-0.77946407,-0.9605856,0.5375614,119.039345,105.00279,-9.774475,WAL
1823977356000,36.459968,0.0967014187644559,-8.66118856330928,-2.0094406571711,-0.8011498,-1.0326678,0.5174029,118.97551,105.06046,-9.807793,WAL
1823982325000,36.464937,0.0214280568952343,-8.6555437986412,-2.01314735510043,-0.8720101,-1.1038336,0.4792238,118.898964,105.12245,-9.808896,WAL
1823987320000,36.469932,-0.110455771097085,-8.64612358078968,-1.97546628696337,-0.9502009,-1.1753048,0.43371433,118.80145,105.18583,-9.807453,WAL
1823992299000,36.474911,-0.247201018778372,-8.6256049490568,-1.93933865382831,-1.044885,-1.2382239,0.39400807,118.6317,105.324036,-9.832284,WAL
1823997353000,36.479965,-0.413209317809947,-8.54748335458489,-1.91004304315545,-1.1355985,-1.2638801,0.36071593,118.45393,105.46863,-9.84893,WAL
1824002339000,36.484951,-0.581177155468522,-8.47622621689209,-1.87251123781259,-1.2257011,-1.2559389,0.35613444,118.26765,105.63047,-9.886569,WAL
1824007395000,36.490007,-0.769638116449353,-8.42911100739516,-1.79712685342026,-1.2999213,-1.2119566,0.3652974,118.08767,105.801674,-9.918621,WAL
1824012329000,36.494941,-0.956526898785325,-8.39429697124442,-1.71710670798215,-1.3497068,-1.135293,0.3924809,117.89269,106.01941,-9.988,WAL
1824017307000,36.499919,-1.16452168310858,-8.43211446950917,-1.59420070242935,-1.3836098,-1.0549643,0.42821655,117.71746,106.24723,-10.058612,WAL
1824022294000,36.504906,-1.37416615834069,-8.47299817652251,-1.46411874051192,-1.4016303,-0.97249746,0.46914452,117.56529,106.47951,-10.163144,WAL
1824027316000,36.509928,-1.59584429090909,-8.53902981818182,-1.27545652727273,-1.4095715,-0.9098838,0.51251596,117.43652,106.71659,-10.27186,WAL
1824032314000,36.514926,-1.81534983504575,-8.61322644414792,-1.08774800936904,-1.3976597,-0.8772025,0.56199604,117.26961,106.994804,-10.442079,WAL
1824037293000,36.519905,-2.01986102621045,-8.79501404308044,-0.901415578097598,-1.3765849,-0.8793405,0.6041457,117.11652,107.269394,-10.615672,WAL
1824042644000,36.525256,-2.23674920169735,-8.99005954919448,-0.703145903279632,-1.3411547,-0.9068295,0.64843345,116.92806,107.53926,-10.8398905,WAL
1824047309000,36.529921,-2.36099142019563,-9.15285990736479,-0.574619427157652,-1.3081679,-0.93584555,0.67011917,116.7424,107.798416,-11.063049,WAL
1824053323000,36.535935,-2.5179277709041,-9.37117626970406,-0.408613021326147,-1.2577715,-0.98807454,0.69058317,116.50039,108.04915,-11.343018,WAL
1824057428000,36.54004,-2.59788872900437,-9.59106867487034,-0.292669669653209,-1.1817188,-1.0241156,0.7058548,116.25763,108.28064,-11.619906,WAL
1824062316000,36.544928,-2.69310167984338,-9.85290401627174,-0.154610935675786,-1.0784826,-1.0729848,0.72265357,115.96721,108.49268,-11.932836,WAL
1824067303000,36.549915,-2.74393718812027,-10.241548574973,-0.0960466100789034,-0.9615019,-1.1429288,0.7247916,115.66173,108.67785,-12.239945,WAL
1824072311000,36.554923,-2.79106366389899,-10.6421238651371,-0.0442074507997445,-0.8417723,-1.1749994,0.7247916,115.355064,108.83673,-12.542033,WAL
1824077309000,36.559921,-2.71081920202887,-11.0344304196528,-0.119635165048249,-0.79168135,-1.2351695,0.72021013,114.98914,108.97408,-12.861073,WAL
1824082245000,36.564857,-2.61538953653982,-11.4209209136469,-0.210293408545574,-0.68783426,-1.2776246,0.6979135,114.61826,109.06845,-13.165212,WAL
1824087295000,36.569907,-2.38030666346947,-11.6202237249166,-0.381289673486158,-0.589485,-1.2672399,0.66431594,114.231094,109.13008,-13.45349,WAL
1824092267000,36.574879,-2.13255077102886,-11.7931854786963,-0.558926010289613,-0.5012149,-1.215011,0.62980205,113.84318,109.16808,-13.724938,WAL
1824097312000,36.579924,-1.68719828325677,-11.8746285338677,-0.868428528386277,-0.40530908,-1.1184943,0.59315014,113.45762,109.20176,-13.9714,WAL
1824102314000,36.584926,-1.21429998248461,-11.940178641384,-1.19617977977128,-0.32162055,-0.9459248,0.5720753,113.10981,109.21747,-14.195606,WAL
1824107329000,36.589941,-0.669369186872282,-11.815208567418,-1.53175895278766,-0.2134974,-0.7467828,0.5354234,112.81535,109.211464,-14.35819,WAL
1824112252000,36.594864,-0.119418501463029,-11.6520877168841,-1.86266149291222,-0.12003502,-0.5702427,0.5109888,112.56532,109.191696,-14.503429,WAL
1824117304000,36.599916,0.450059166643336,-11.368752829517,-2.09470559674033,-0.03970624,-0.42332962,0.48166725,112.4143,109.15064,-14.552297,WAL
1824122297000,36.604909,1.0142433039896,-11.0579731525847,-2.29551695740426,0.014966198,-0.33200526,0.4447099,112.296486,109.09124,-14.583529,WAL
1824127348000,36.60996,1.40058046589359,-10.8589153866693,-2.23529694192165,0.04428773,-0.28680122,0.376293,112.26681,109.01128,-14.514795,WAL
1824132334000,36.614946,1.73560259399727,-10.6914043469109,-2.10966354063535,0.029321533,-0.2678644,0.28313604,112.25088,108.9174,-14.426698,WAL
1824137329000,36.619941,1.72927816467077,-10.7698291571535,-1.7570465576385,-0.047036625,-0.29046643,0.16340645,112.2823,108.801315,-14.2446575,WAL
1824142322000,36.624934,1.60886602296213,-10.9303786483865,-1.32891454997202,-0.17348573,-0.31887165,0.022907447,112.30832,108.676025,-14.034019,WAL
1824147343000,36.629955,1.27506176089667,-11.1342934344706,-0.832801778138826,-0.29260445,-0.39645153,-0.07147124,112.30896,108.526566,-13.779652,WAL
1824152347000,36.634959,0.803895305028021,-11.3651652323272,-0.295672019629338,-0.37995818,-0.4801401,-0.10903945,112.2928,108.38249,-13.509373,WAL
1824157342000,36.639954,0.379157965443404,-11.5372537144281,0.0669240890842965,-0.4089743,-0.5170974,-0.08246681,112.19622,108.21608,-13.271372,WAL
1824162336000,36.644948,-0.0116131645864887,-11.6659223628936,0.30043366150558,-0.36774087,-0.49877146,-0.029932396,112.090614,108.05464,-13.036841,WAL
1824167346000,36.649958,-0.252240390194762,-11.8990161983114,0.428255904207042,-0.2742785,-0.43493605,0.016798794,111.895905,107.874435,-12.892804,WAL
1824172317000,36.654929,-0.375560951517797,-12.2096013976782,0.473930189534683,-0.13805555,-0.39095375,0.03023783,111.70306,107.684364,-12.756998,WAL
1824177348000,36.65996,-0.412079903128721,-12.5676649285568,0.481396248111271,-0.06627888,-0.30665436,0.03145956,111.48684,107.51478,-12.695878,WAL
1824182348000,36.66496,-0.353097322549784,-12.9707120441388,0.446989735074933,0.047647487,-0.23060162,0.017104227,111.281975,107.31353,-12.632862,WAL
1824187331000,36.669943,-0.297920962127217,-13.3825731580303,0.398231196716536,0.19333886,-0.17501289,-0.024740042,111.077484,107.090416,-12.576469,WAL
1824192302000,36.674914,-0.246036542411572,-13.802365316556,0.336913259128109,0.3539964,-0.13591751,-0.108123146,110.888306,106.83662,-12.501673,WAL
1824197347000,36.679959,-0.186118048216334,-14.2035631916156,0.264991779390943,0.537256,-0.09865474,-0.20311269,110.71092,106.53691,-12.396486,WAL
1824202370000,36.684982,-0.119531121019379,-14.5793038544592,0.184136219616373,0.75777835,-0.05467244,-0.29535335,110.544044,106.19182,-12.268318,WAL
1824207350000,36.689962,-0.0310028825988701,-14.9100059717514,0.0631690504237288,0.9645562,-0.020463986,-0.40622538,110.3856,105.79091,-12.093831,WAL
1824212350000,36.694962,0.0809410877888175,-15.1991945554257,-0.100082571434833,1.1670581,0.03848451,-0.53023106,110.24416,105.34047,-11.890224,WAL
1824217314000,36.699926,0.219499840875804,-15.4103966711529,-0.300182896502721,1.3665055,0.122783914,-0.6597345,110.126396,104.83003,-11.635091,WAL
1824222322000,36.704934,0.395110329228105,-15.5243064932212,-0.551733061387432,1.5647314,0.22540927,-0.81581056,110.02716,104.267715,-11.340687,WAL
1824227287000,36.709899,0.60875102488012,-15.536634938961,-0.802091544835165,1.7528778,0.36193767,-0.97097033,109.97666,103.65991,-10.989862,WAL
1824232344000,36.714956,0.88452578000999,-15.4011664467532,-1.05851367626374,1.9449949,0.5375614,-1.1184943,109.96406,103.00441,-10.6015,WAL
1824237255000,36.719867,1.1328206728465,-15.1506712661699,-1.1934300114456,2.1410828,0.7156286,-1.2391402,110.022964,102.30812,-10.15314,WAL
1824242382000,36.724994,1.36210164101341,-14.7067443806259,-1.15928174637854,2.3530529,0.84971356,-1.31672,110.11777,101.57719,-9.684534,WAL
1824247348000,36.72996,1.51477043744252,-14.2491851696507,-1.1434197486743,2.6154196,0.9642508,-1.3509285,110.2956,100.80563,-9.165618,WAL
1824252363000,36.734975,1.56645859647784,-13.7464001402994,-1.1528175868506,2.9095511,1.0781772,-1.3710871,110.50951,100.00946,-8.641456,WAL
1824257309000,36.739921,1.4606792990688,-13.3247855469076,-1.14710045364837,3.2562172,1.2006557,-1.3921618,110.76541,99.169876,-8.095187,WAL
1824262286000,36.744898,1.06793705977762,-13.0361437574705,-1.11397763669215,3.591277,1.2415836,-1.4416419,111.02879,98.32244,-7.551509,WAL
1824267257000,36.749869,0.418748958408115,-12.9050031065158,-1.04754499901678,3.796833,1.2238685,-1.5519031,111.31942,97.48118,-6.997027,WAL
1824272329000,36.754941,-0.779954846539212,-13.0992591728443,-0.910144143019899,3.8457022,1.1178834,-1.6203201,111.59592,96.69341,-6.4575386,WAL
1824277287000,36.759899,-1.77705444092037,-13.240303554134,-0.954553615890777,3.8386772,0.96791595,-1.7397442,111.85138,96.00417,-5.9446054,WAL
1824282336000,36.764948,-2.34488482213099,-13.2587701969162,-1.45775291177201,3.7415497,0.80970186,-1.8206838,112.07502,84.56096,-5.4388394,WAL
1824287298000,36.76991,-2.92457973225297,-13.3137826019763,-2.00487230791502,3.5555413,0.7101309,-1.8420641,112.23979,84.81313,-5.110513,WAL
1824292356000,36.774968,-3.60905068339921,-13.5291754328063,-2.78986006338933,3.3347135,0.6783658,-1.8280143,112.38143,84.935905,-4.7807264,WAL
1824297297000,36.779909,-4.24408795515743,-13.7249938804755,-3.45077920441145,3.0674598,0.7510588,-1.7815884,112.547295,84.894646,-4.576442,WAL
1824302332000,36.784944,-4.72062848750328,-13.8504597439068,-3.58660475672579,2.8096747,0.838718,-1.756543,112.70774,84.81483,-4.376804,WAL
1824342273000,36.824885,-7.96634937467088,-14.2857818037555,-4.66940725507705,1.3628404,0.86193085,-1.8649716,115.399796,84.651955,-3.950596,WAL
1824347266000,36.829878,-7.75651874074906,-13.6953283443208,-4.81092102255332,1.3961325,0.8906415,-1.7757853,115.79834,84.71682,-3.9139016,WAL
1824352310000,36.834922,-7.02798138270178,-12.9504831566489,-4.32508295042718,1.4804319,1.0708468,-1.7085901,116.22101,84.73618,-3.879009,WAL
1824357334000,36.839946,-6.19134429258217,-12.1767146926827,-3.70606833074681,1.599856,1.2257011,-1.6224581,116.631935,84.72038,-3.8726773,WAL
1824362316000,36.844928,-4.94333857335763,-11.4581365545652,-2.83286435865262,1.7446312,1.255328,-1.509448,117.06666,84.68329,-3.8627374,WAL
1824367245000,36.849857,-3.63224340968187,-10.7560963125185,-1.92160658737319,1.8695531,1.2568552,-1.4553864,117.528786,84.622185,-3.8624916,WAL
1824372348000,36.85496,-2.63528391098016,-10.292199586427,-1.32612906467295,1.9181169,1.2727377,-1.3344351,117.97131,84.51993,-3.8306139,WAL
1824377249000,36.859861,-1.76405121046946,-9.90959475682577,-0.837501241897466,1.9477439,1.3035865,-1.2061534,118.41236,84.38223,-3.8202412,WAL
1824382351000,36.864963,-1.24807263084759,-9.75333309870438,-0.588773281580457,1.9889772,1.3909402,-1.1511755,118.79421,84.24183,-3.7099724,WAL
1824387263000,36.869875,-0.866568847008209,-9.67424071694194,-0.42593630849372,2.0277672,1.4633276,-1.1429288,119.17339,84.07384,-3.6277275,WAL
1824392306000,36.874918,-0.684362383663366,-9.69253424257426,-0.0666109555445545,2.0793853,1.5470163,-1.1304061,119.50671,83.905235,-3.498635,WAL
1824397291000,36.879903,-0.575646690346535,-9.74452877970297,0.354071605178218,2.0696115,1.4978416,-1.1007792,119.81506,83.73207,-3.37997,WAL
1824402306000,36.884918,-0.268873381084906,-9.72249154245283,0.587979783773585,1.9984456,1.4379768,-1.108415,120.18014,83.53154,-3.1830897,WAL
1824407356000,36.889968,0.114379584811321,-9.67230359433962,0.752231052830189,1.9730947,1.3622295,-1.1307116,120.51999,83.30907,-2.9951384,WAL
1824412343000,36.894955,0.489305314629029,-9.34478013673221,0.676188941137239,1.9278907,1.4575244,-1.0650436,120.906296,83.02486,-2.8100927,WAL
1824417334000,36.899946,0.862347471818366,-8.8457757478208,0.453332595901074,1.8548924,1.6053538,-0.9615019,121.27955,82.745026,-2.6366065,WAL
1824422334000,36.904946,0.977346929370771,-8.55205731804868,-0.154665291229169,1.7928895,1.677436,-0.86620694,121.667534,82.432785,-2.4199362,WAL
1824427367000,36.909979,0.948137712316938,-8.37193376628623,-0.982259643949096,1.7131716,1.813048,-0.7812967,122.10664,82.13182,-2.2437358,WAL
1824432330000,36.914942,0.733284530956132,-8.03480119910269,-1.91765288595214,1.6566665,2.0766363,-0.68875057,122.61085,81.84313,-2.0549526,WAL
1824437347000,36.919959,0.421914189848455,-7.61325365144566,-2.92361855874377,1.6291776,2.368019,-0.59712076,123.152245,81.562225,-1.9020927,WAL
1824442316000,36.924928,0.124380048025337,-7.2154169807963,-3.58930455300623,1.6426166,2.6038132,-0.5204572,123.743904,81.40702,-1.7998799,WAL
1824447338000,36.92995,-0.170590611017494,-6.82373481087874,-4.08736991101951,1.649947,2.7791314,-0.46761733,124.39006,81.26526,-1.7268476,WAL
1824452341000,36.934953,-0.4080196499905,-6.48438431388942,-4.36764628738362,1.6603317,2.894585,-0.42852196,125.17694,81.16868,-1.682056,WAL
1824457369000,36.939981,-0.618451003477104,-6.16873711647349,-4.54148071759453,1.6676621,2.933375,-0.39461896,125.98313,81.07736,-1.65361,WAL
1824462334000,36.944946,-0.770127585771387,-5.88257123851744,-4.5964703574647,1.6887369,2.928488,-0.36926803,126.85697,81.00554,-1.6652534,WAL
1824467345000,36.949957,-0.879737878259967,-5.61352788081395,-4.56159432811462,1.711339,2.9092457,-0.34483343,127.731544,80.93884,-1.6859388,WAL
1824472336000,36.954948,-1.01136984511986,-5.42424431695205,-4.40485531164384,1.7263051,2.8570168,-0.33200526,128.61601,80.87444,-1.7364507,WAL
1824477362000,36.959974,-1.15681617474315,-5.27879816451451,-4.17698939101531,1.7143933,2.765998,-0.32253686,129.47954,80.81944,-1.7893786,WAL
1824482325000,36.964937,-1.37591478171361,-5.25355295664419,-3.98502266441888,1.6814066,2.6621506,-0.33322698,130.32619,80.75904,-1.8532765,WAL
1824487338000,36.96995,-1.63776215536493,-5.291639775952,-3.80887089520032,1.6453656,2.5912905,-0.35460728,131.15352,80.712,-1.9133991,WAL
1824492288000,36.9749,-1.77999207010138,-5.06968871120101,-3.35725142137844,1.6077974,2.5476136,-0.36926803,131.9676,80.629005,-1.9908302,WAL
1824497332000,36.979944,-1.85533683239423,-4.68825575682394,-2.73094805101384,1.5662584,2.441323,-0.37507126,132.74179,80.566185,-2.0584898,WAL
1824502331000,36.984943,-1.94531529186649,-4.3351042116056,-2.14805220934203,1.4434745,2.3399193,-0.39858958,133.51178,80.50557,-2.1565301,WAL
1824507358000,36.98997,-2.04690153081719,-3.99802293586227,-1.58932835316516,1.2932017,2.237294,-0.4007276,134.24825,80.470474,-2.2539802,WAL
1824512331000,36.994943,-2.12853041408194,-3.72989163884674,-1.04073882086798,1.1270463,2.1175644,-0.4007276,134.93498,80.36549,-2.3575432,WAL
1824517345000,36.999957,-2.19168013361659,-3.52586926514922,-0.491821601914011,0.945314,2.0042489,-0.3915646,135.59166,80.312065,-2.4589565,WAL
1824522328000,37.00494,-2.25607541840781,-3.41381558543948,-0.00717812941896023,0.75136423,1.9007072,-0.38515055,136.20258,80.200775,-2.5771978,WAL
1824527357000,37.009969,-2.32259067801125,-3.38530908813258,0.42517069088685,0.602924,1.8145752,-0.37720928,136.78308,80.130424,-2.6945546,WAL
1824532330000,37.014942,-2.3867147645659,-3.40659772834527,0.812342444590098,0.45723262,1.7464638,-0.35888332,137.31819,80.012886,-2.8243198,WAL
1824537340000,37.019952,-2.44961049754966,-3.47916972794192,1.16068834576989,0.3145956,1.690875,-0.33933565,137.82832,79.93685,-2.9534447,WAL
1824542292000,37.024904,-2.47802083612405,-3.56687510987813,1.40234039795898,0.1966986,1.6227635,-0.32162055,138.29445,79.81209,-3.0914533,WAL
1824547343000,37.029955,-2.47322811622907,-3.67231394667591,1.54612054351531,0.055588737,1.5656476,-0.301462,138.74199,79.73181,-3.2330928,WAL
1824552357000,37.034969,-2.42157857043676,-3.76523676183025,1.61144637420026,-0.08827003,1.5033394,-0.27916542,139.15411,79.61345,-3.3833888,WAL
1824557437000,37.040049,-2.32039465046053,-3.84714757335842,1.59699154286422,-0.22327125,1.4227052,-0.27152961,139.53857,79.5307,-3.5304275,WAL
1824562353000,37.044965,-2.22723582703022,-3.87700799570824,1.52940161348558,-0.37904188,1.328021,-0.26175576,139.89273,79.4604,-3.6747582,WAL
1824567346000,37.049958,-2.13780558918201,-3.85347370965646,1.40231641965745,-0.5119051,1.2892311,-0.26939157,140.23402,79.42061,-3.8132403,WAL
1824572293000,37.054905,-2.03456926950481,-3.83416406156594,1.26777557211472,-0.58032197,1.1994339,-0.27458394,140.53381,79.40421,-3.9239259,WAL
1824577332000,37.059944,-1.91005836478118,-3.81979743602263,1.11932029148556,-0.691194,1.1148291,-0.28160888,140.81873,79.43407,-4.027955,WAL
1824582270000,37.064882,-1.81968062065587,-3.83063545943534,1.00569570288348,-0.81031275,1.0103711,-0.2855795,141.09094,79.49871,-4.1158967,WAL
1824587343000,37.069955,-1.7725445411662,-3.87777148970603,0.934991637789852,-0.9129381,0.9108001,-0.29810223,141.33647,79.58746,-4.193439,WAL
1824592279000,37.074891,-1.72174274349898,-3.96777826945444,0.947817053286006,-1.0219775,0.788627,-0.30176744,141.56032,79.73336,-4.24668,WAL
1824597348000,37.07996,-1.66037126664398,-4.14245089263834,1.11304793810172,-1.1157454,0.66706485,-0.31306845,141.75337,79.90062,-4.287684,WAL
1824602277000,37.084889,-1.65363003753748,-4.29823472586448,1.28910081875874,-1.1988231,0.54458636,-0.31581733,141.924,80.09753,-4.31778,WAL
1824607456000,37.090068,-1.77755140629622,-4.42711294523286,1.51215925146912,-1.2687671,0.41538838,-0.310625,142.05559,80.31046,-4.339802,WAL
1824612293000,37.094905,-1.91012090916853,-4.53678622610847,1.70213689401378,-1.3359623,0.28588495,-0.3100141,142.15645,80.50004,-4.3364387,WAL
1824617338000,37.09995,-2.08824935017949,-4.62585052003493,1.85682735263413,-1.4040737,0.16554448,-0.28221974,142.21985,80.6983,-4.3365607,WAL
1824622293000,37.104905,-2.25741089545827,-4.81318803621113,1.99922895687398,-1.4697418,0.053450707,-0.258396,142.25285,80.844475,-4.3599596,WAL
1824627314000,37.109926,-2.40989033478928,-5.32965073613953,2.1123589280892,-1.5592335,-0.008246681,-0.19761491,142.26137,80.99931,-4.398624,WAL
1824632287000,37.114899,-2.53526971451551,-5.92635063921869,2.28740805919188,-1.6508633,-0.04734206,-0.12980886,142.2457,81.105644,-4.488794,WAL
1824637293000,37.119905,-2.59494416794332,-6.74802121470701,2.62709310344695,-1.743104,-0.04337143,-0.04428773,142.21909,81.21509,-4.59964,WAL
1824642321000,37.124933,-2.6034145475979,-7.68051777605975,3.00881080419863,-1.8005253,-0.005192355,0.05100725,142.1925,81.29052,-4.7623854,WAL
1824647309000,37.129921,-2.40092133108599,-9.04493619216795,3.55361392801776,-1.7974709,0.0842994,0.14446963,142.17517,81.349625,-4.9479785,WAL
1824652329000,37.134941,-2.10198132608946,-10.4731416491649,4.20931637558073,-1.7143933,0.16890424,0.25045475,142.16736,81.3083,-5.160228,WAL
1824657402000,37.140014,-1.44910748613745,-12.119316758159,5.26790480754463,-1.5754215,0.31673363,0.3182608,142.19606,81.239746,-5.387507,WAL
1824662320000,37.144932,-0.7687337112169,-13.698666429634,6.31728292055936,-1.3591752,0.37415496,0.34269542,142.24274,81.0622,-5.557112,WAL
1824667302000,37.149914,0.234427074751562,-15.1892108652187,7.53337859625112,-1.0461067,0.44348818,0.35277468,142.32555,80.837616,-5.7400475,WAL
1824672291000,37.154903,1.23009919556993,-16.5997141948447,8.6617809575615,-0.84421575,0.48533243,0.2837469,142.37944,80.64065,-5.7724094,WAL
1824677315000,37.159927,2.15908411561306,-17.3400734460453,9.05789649691267,-0.41050145,0.43890667,0.15943582,142.42972,80.34726,-5.79095,WAL
1824682320000,37.164932,3.07682140584997,-18.0508492648707,9.39178651224068,0.028405234,0.3903429,0.0021380284,142.48958,80.06174,-5.612502,WAL
1824687293000,37.169905,3.891572330351,-18.4207654616065,8.96099885930587,0.3659083,0.49877146,-0.16982053,142.59254,79.72611,-5.4131427,WAL
1824692498000,37.17511,4.6737881914217,-18.7218472209281,8.51966681604733,0.59131753,0.71593404,-0.30482176,142.75542,79.40419,-5.045828,WAL
1824697312000,37.179924,4.55446137779627,-17.971792823997,8.22561142688112,0.73975784,0.9779953,-0.45356745,142.97678,79.02885,-4.660541,WAL
1824703334000,37.185946,4.33800024037248,-16.9256359946198,7.83471282234868,0.8368854,1.1328496,-0.49449542,143.30061,78.73913,-4.166565,WAL
1824707363000,37.189975,3.54753757828246,-15.1890136025867,7.35165239694775,0.8958339,1.181108,-0.473726,143.67369,78.40586,-3.689275,WAL
1824712808000,37.19542,2.47546818953727,-12.839430017425,6.69832103257502,0.8961393,1.1795808,-0.40439278,144.0782,78.050964,-3.2710075,WAL
1824717306000,37.199918,1.5080197653514,-10.8419827357212,6.1478762142788,0.8136725,1.153619,-0.3268129,144.48688,77.69059,-2.8841693,WAL
1824722312000,37.204924,0.431308602284608,-8.61894558760891,5.53526466239109,0.6844745,1.1184943,-0.25473082,144.84233,77.29669,-2.674529,WAL
1824727319000,37.209931,-0.402905083864128,-6.66536789624292,4.93610027223881,0.52290064,1.0986412,-0.20769419,145.19064,76.935616,-2.4857903,WAL
1824732269000,37.214881,-1.1933982865404,-4.77208766721565,4.34567018268657,0.3023783,1.0729848,-0.14844026,145.52101,76.62773,-2.3238938,WAL
1824737321000,37.219933,-1.73418642095563,-3.82767632696246,3.82472171918089,0.09010262,1.0580186,-0.064751714,145.78764,76.326004,-2.3590853,WAL
1824742285000,37.224897,-2.24411512406631,-2.97934034431984,3.3194285352901,-0.122783914,1.0253373,0.06963864,146.03217,76.08566,-2.4220233,WAL
1824747311000,37.229923,-2.7259874921092,-2.95584881114435,3.05501197965595,-0.34025195,0.95264435,0.20647246,146.21564,75.892166,-2.635761,WAL
1824752303000,37.234915,-3.19977090332835,-3.04971157255049,2.82705959910247,-0.54519725,0.8191703,0.35918877,146.3566,75.74484,-2.8838046,WAL
1824757332000,37.239944,-3.66712391534675,-3.68183833133562,2.6492178822667,-0.79809546,0.5665775,0.5161811,146.42973,75.69329,-3.2617154,WAL
1824762241000,37.244853,-4.11994186451199,-4.48181620034247,2.49324738375428,-1.0925325,0.41080686,0.5870415,146.47633,75.692955,-3.6517894,WAL
1824767308000,37.24992,-4.11290505922442,-6.02402622662699,2.48685158658092,-1.2431108,0.046120327,0.71837753,146.3448,75.678375,-4.1220784,WAL
1824772271000,37.254883,-4.0307840351315,-7.64819298694567,2.50510063952774,-1.5809193,-0.42577308,0.80481493,146.13284,75.76898,-4.5816593,WAL
1824777315000,37.259927,-4.2584954049142,-9.44268250482282,2.08279064389278,-1.8732183,-1.0442741,0.86070913,145.77014,75.87544,-5.095622,WAL
1824782268000,37.26488,-4.56672674530409,-11.2439099266931,1.54820187282973,-2.1184807,-1.6759088,0.94989544,145.26091,76.009285,-5.6120825,WAL
1824787291000,37.269903,-5.41188639185587,-13.1874944279368,0.598139211431392,-2.281887,-2.2650883,1.063211,144.63162,76.22988,-6.074083,WAL
1824792309000,37.274921,-6.37965623716683,-15.1562420834156,-0.445534249259625,-2.3432791,-2.7391198,1.1585059,143.8552,76.43159,-6.5242906,WAL
1824797312000,37.279924,-7.19252871347678,-16.3046816334466,-1.5502098985655,-2.2809708,-3.0457742,1.2504412,143.0098,76.70199,-6.974298,WAL
1824802309000,37.284921,-7.96482553284258,-17.2395672320687,-2.67026603824085,-2.053118,-3.0347786,1.2993103,142.12439,76.88386,-7.429472,WAL
1824807343000,37.289955,-7.86865271168171,-17.8963381524017,-3.00541833454715,-1.6420058,-2.6548204,1.2626585,141.31163,77.07367,-7.9669967,WAL
1824812362000,37.294974,-7.35503145394751,-18.4149457624235,-2.96053882082166,-1.1291844,-2.0167716,1.0409144,140.59096,77.15243,-8.469471,WAL
1824817304000,37.299916,-5.80007309489051,-18.6309667104623,-1.76921602875912,-0.57726765,-1.382388,0.7360926,140.02711,77.19562,-9.0092535,WAL
1824822294000,37.304906,-3.88389138656934,-18.7518917722628,-0.187901142452555,-0.13103059,-1.0115929,0.45020768,139.58664,77.15018,-9.491925,WAL
1824827316000,37.309928,-2.55800286663236,-17.5817052857143,0.913865499081927,0.13439035,-0.8671232,0.22602014,139.31342,77.12768,-9.824432,WAL
1824832305000,37.314917,-1.51056976213462,-15.8409006428571,1.78918523072252,0.23090707,-0.73853606,0.051923547,139.15329,77.0884,-10.094295,WAL
1824837289000,37.319901,-1.0339262689284,-13.9256132239012,2.03575288981728,0.21838433,-0.59131753,-0.05497787,139.0845,77.103775,-10.085776,WAL
1824842326000,37.324938,-0.748069230824691,-11.9293782378272,2.06910285438025,0.13194689,-0.5170974,-0.12492194,139.03741,77.142876,-10.0430565,WAL
1824847308000,37.32992,-0.589784088878106,-10.1040613803377,1.69535313483113,0.0015271631,-0.5842926,-0.15699236,139.03214,77.14665,-9.932939,WAL
1824852310000,37.334922,-0.478208323466615,-8.32814700902562,1.16536837048719,-0.21044308,-0.77182823,-0.14080444,139.0139,77.18601,-9.818182,WAL
1824857365000,37.339977,-0.407945626287909,-6.68894262737566,0.204311642438334,-0.47311515,-1.022283,-0.09193522,138.90985,77.24041,-9.7056875,WAL
1824862394000,37.345006,-0.359258043014557,-5.13580877891225,-0.96419048830368,-0.79198676,-1.1301007,-0.04337143,138.7946,77.33964,-9.598825,WAL
1824867305000,37.349917,-0.568661686377315,-3.8598856275463,-2.04678198090278,-0.95325524,-1.2672399,0.081855945,138.6312,77.416145,-9.555747,WAL
1824872298000,37.35491,-0.896112171251929,-2.66999497503858,-3.12137295596065,-1.2336423,-1.3616186,0.24190263,138.44948,77.55105,-9.535994,WAL
1824877315000,37.359927,-1.3236301131257,-1.687708616847,-3.88968263800182,-1.5244142,-1.4666874,0.40133846,138.15146,77.802124,-9.528626,WAL
1824882306000,37.364918,-1.81180709588432,-0.846690847568005,-4.45519468376984,-1.842675,-1.6862935,0.5216789,137.79272,78.067116,-9.550628,WAL
1824887290000,37.369902,-2.1919115593577,-0.316927273228128,-4.82496439553341,-2.1520782,-1.997224,0.6075055,137.35165,78.37021,-9.65498,WAL
1824892325000,37.374937,-2.51230511389812,0.0346156043327796,-5.08305925756737,-2.4233024,-2.3564126,0.6795876,136.8323,78.650475,-9.788608,WAL
1824897308000,37.37992,-2.79880597440708,0.201498553604933,-5.30381587966691,-2.6322184,-2.6957483,0.7458665,136.22003,78.83954,-10.033586,WAL
1824902319000,37.384931,-3.0517277350585,0.161031070844313,-5.4859193276062,-2.7351491,-2.984993,0.79717916,135.52081,78.95136,-10.300779,WAL
1824907374000,37.389986,-3.10263267415975,-0.0707127377639383,-5.74551027301305,-2.7461448,-3.1392365,0.8304713,134.75934,78.916855,-10.655231,WAL
1824912367000,37.394979,-3.00336841862396,-0.439408443914591,-6.05748363345196,-2.631913,-3.0778446,0.8857546,133.98137,78.753716,-11.046,WAL
1824917302000,37.399914,-2.85395579204666,-1.02695536148848,-6.26637896167936,-2.4431555,-2.8958068,0.9465357,133.19768,78.44052,-11.499909,WAL
1824922297000,37.404909,-2.66026844316013,-1.80631614411646,-6.39550378068061,-2.1792617,-2.6801713,1.0146471,132.44954,78.00861,-11.988135,WAL
1824927314000,37.409926,-2.36424526330732,-3.15007139857214,-6.36328479428856,-1.8930714,-2.435825,1.1142182,131.7993,102.495026,-12.479537,WAL
1824932307000,37.414919,-1.95538339023742,-5.11895977047983,-6.14893003191931,-1.6328428,-2.1248949,1.2605205,131.24275,103.09713,-13.013951,WAL
1824937451000,37.420063,-1.57102452307074,-7.17103909780949,-5.93135272849679,-1.323745,-1.8090774,1.4367551,130.80122,103.70653,-13.516806,WAL
1824942345000,37.424957,-1.57573401454984,-9.36095450428055,-5.75710134706592,-1.0009027,-1.5500705,1.5757269,130.44731,104.371216,-14.052299,WAL
1824947324000,37.429936,-1.58683048050016,-11.5815794514087,-5.56807474928775,-0.7678576,-1.2308935,1.7040086,130.26729,104.88289,-14.430375,WAL
1824952317000,37.434929,-1.67765097459112,-13.7158611942598,-5.23002067331434,-0.5687156,-0.84757555,1.7663169,130.1911,105.40527,-14.819476,WAL
1824957335000,37.439947,-1.649486832287,-15.658208161435,-4.87390741255605,-0.43279803,-0.41172317,1.736079,130.2629,105.7985,-15.099157,WAL
1824962389000,37.445001,-1.07069844115197,-16.6807343479821,-4.43981605373194,-0.4334089,-0.16279559,1.6969837,130.39502,106.200325,-15.385303,WAL
1824967300000,37.449912,-0.451386710027734,-17.4701864399762,-4.02788562270206,-0.46792278,0.3744604,1.5992452,130.74928,106.44171,-15.537871,WAL
1824972297000,37.454909,0.463438342347464,-17.2521452948693,-3.65816374986133,-0.6444628,0.8903361,1.4639386,131.16322,106.678185,-15.664346,WAL
1824977310000,37.459922,1.3292147663777,-16.883371952517,-3.20332642670673,-0.89552844,1.3289373,1.2712106,131.72777,106.70135,-15.588435,WAL
1824982305000,37.464917,1.89470963540538,-15.6581330450202,-2.27025993463698,-1.1841623,1.7104226,1.0204504,132.4102,106.712524,-15.457745,WAL
1824987298000,37.46991,2.41606046707916,-14.443108518464,-1.30565593462974,-1.46852,1.9236146,0.7504479,133.18634,106.54162,-15.124563,WAL
1824992385000,37.474997,2.60744607711648,-13.2804402455313,-0.0760031328422708,-1.7137824,1.8161024,0.48899764,133.95798,106.3681,-14.741326,WAL
1824997394000,37.480006,2.77549535695526,-12.1718088844855,1.0591628329425,-1.9141463,1.3643675,0.25503623,134.617,106.12025,-14.28161,WAL
1825002335000,37.484947,2.75774126547228,-11.4039463859863,1.49857577449583,-2.0405953,0.70157874,0.030543262,135.16821,105.86346,-13.779054,WAL
1825007763000,37.490375,2.71874285897621,-10.5733265378515,1.96504752314348,-2.0677788,-0.0018325958,-0.17837265,135.43394,105.640205,-13.322041,WAL
1825012332000,37.494944,2.26355699869194,-10.1541947888042,2.00560861005253,-1.9792033,-0.6597345,-0.3475823,135.51733,105.3947,-12.8470125,WAL
1825017500000,37.500112,1.73320704795221,-9.69738953864307,2.02964171029498,-1.8264871,-1.2348641,-0.4990769,135.37083,105.14644,-12.403925,WAL
1825022299000,37.504911,0.933329006058997,-9.61604625270403,1.61840501897738,-1.6331482,-1.6807957,-0.6401868,135.07312,104.85548,-11.946853,WAL
1825027642000,37.510254,0.0436476901502778,-9.52058656690381,1.15634838409317,-1.4489723,-1.9401081,-0.75716746,134.6366,104.59937,-11.571646,WAL
1825032307000,37.514919,-0.713938286987428,-9.329012870383,0.659998912638144,-1.2620476,-2.022575,-0.8555168,134.12704,104.2916,-11.180878,WAL
1825037291000,37.519903,-1.52332917874613,-9.12433906471104,0.129708287615242,-1.0922271,-1.9746219,-0.92087936,133.58868,104.0675,-10.909809,WAL
1825042399000,37.525011,-2.15458338320112,-8.6737508445125,-0.261746197359173,-0.9419542,-1.8176296,-0.9095783,133.06752,103.81653,-10.639297,WAL
1825047279000,37.529891,-2.7411735934632,-8.22324952108645,-0.623085799809218,-0.8359691,-1.6126842,-0.8381071,132.584,103.54999,-10.371048,WAL
1825052343000,37.534955,-3.0826257473771,-7.70971014105498,-0.790411141559197,-0.75594574,-1.4196508,-0.70188415,132.20952,103.40883,-10.272002,WAL
1825057330000,37.539942,-3.39753397992825,-7.2003000592747,-0.938603233928052,-0.70524395,-1.325883,-0.5158757,131.87679,103.28687,-10.208349,WAL
1825062365000,37.544977,-3.50174670206841,-6.81211101074564,-1.11898580030269,-0.6960809,-1.1591167,-0.40469822,131.60086,103.28363,-10.245945,WAL
1825067241000,37.549853,-3.57242051169408,-6.45403048026435,-1.29802601634547,-0.6881397,-1.0085385,-0.16768251,131.36249,103.340256,-10.368301,WAL
1825072302000,37.554914,-3.54973790153061,-6.47085932993197,-1.52152336879252,-0.70188415,-0.84116143,0.0693332,131.10693,103.521355,-10.571745,WAL
1825077324000,37.559936,-3.51338505561225,-6.54356483197279,-1.74872820501701,-0.72295904,-0.6417139,0.25381452,130.91313,103.739876,-10.817207,WAL
1825082308000,37.56492,-3.24150161522843,-6.59672510162237,-1.87000331812481,-0.7538077,-0.44532076,0.37415496,130.75412,104.03643,-11.109371,WAL
1825087318000,37.56993,-2.89766302639594,-6.64448066895591,-1.96073847220066,-0.7644979,-0.29657507,0.4822781,130.64708,104.3669,-11.439775,WAL
1825092320000,37.574932,-2.44434124030947,-6.75939965262952,-1.86460175314857,-0.79351395,-0.22876903,0.5888741,130.59148,104.74515,-11.781822,WAL
1825097311000,37.579923,-1.95751579611204,-6.89514888943296,-1.71012827468416,-0.7825184,-0.23976462,0.66156703,130.56001,105.128204,-12.136078,WAL
1825102342000,37.584954,-1.54411132237604,-7.17167904653903,-1.56773504253314,-0.75411314,-0.32925636,0.68386364,130.56812,105.49264,-12.4528885,WAL
1825107370000,37.589982,-1.16116319312715,-7.50262215463918,-1.43063014639175,-0.73426,-0.4465425,0.675617,130.56676,105.8568,-12.775519,WAL
1825112375000,37.594987,-0.901119975367063,-7.74363360562985,-1.44449647465632,-0.72082096,-0.57910025,0.65209866,130.60611,106.140335,-13.046242,WAL
1825117309000,37.599921,-0.697847684013841,-7.9424867716263,-1.52403778719723,-0.7348709,-0.6969972,0.61453044,130.61069,106.408646,-13.304207,WAL
1825122298000,37.60491,-0.587063804393064,-8.12987892485549,-1.68579477109827,-0.7715228,-0.7620544,0.57604593,130.59544,106.60947,-13.486167,WAL
1825127321000,37.609933,-0.556730036729375,-8.30682630761955,-1.91835365300053,-0.79168135,-0.77396625,0.54183745,130.55841,106.794914,-13.655034,WAL
1825132306000,37.614918,-0.632306468838338,-8.38247685228996,-2.11576170888687,-0.84391034,-0.75319684,0.49418998,130.52701,106.96782,-13.774123,WAL
1825137302000,37.619914,-0.767750832174704,-8.4018259344859,-2.29474185568699,-0.89736104,-0.7348709,0.45906523,130.49089,107.13335,-13.883259,WAL
1825142331000,37.624943,-0.955643722674666,-8.389965407006,-2.38360186090575,-0.97341377,-0.7287622,0.43890667,130.46819,107.32209,-13.969932,WAL
1825147311000,37.629923,-1.16793857821947,-8.3622746986646,-2.42513773065609,-1.0464121,-0.6973027,0.43310347,130.45892,107.50894,-14.045173,WAL
1825152342000,37.634954,-1.38805101239578,-8.35923309338764,-2.37878149459032,-1.1282681,-0.659429,0.4382958,130.46225,107.72641,-14.127325,WAL
1825157371000,37.639983,-1.61189821214183,-8.37307934968855,-2.27262716014375,-1.2229522,-0.6411031,0.46517387,130.47179,107.95601,-14.209699,WAL
1825162377000,37.644989,-1.83472165257307,-8.38686228049832,-2.16695831977,-1.3023647,-0.60903263,0.4859433,130.48587,108.21624,-14.319122,WAL
1825167306000,37.649918,-2.05411772486344,-8.4004332085769,-2.06291482911835,-1.3503176,-0.59528816,0.528093,130.50418,108.4902,-14.437157,WAL
1825172292000,37.654904,-2.2851276683679,-8.45600160321425,-1.93452951399718,-1.4251486,-0.59803706,0.5739079,130.50877,108.81027,-14.567406,WAL
1825177322000,37.659934,-2.53097991073949,-8.57108094624824,-1.77237168687154,-1.4764613,-0.6017023,0.6267477,130.52225,109.136055,-14.705093,WAL
1825182308000,37.66492,-2.72795184573379,-8.67302876899074,-1.63190283372014,-1.4990633,-0.6227771,0.6743952,130.46672,109.502625,-14.9310875,WAL
1825187289000,37.669901,-2.89075744573379,-8.76606054041931,-1.50630989372014,-1.5033394,-0.67011917,0.72418076,130.40752,109.87395,-15.166233,WAL
1825192330000,37.674942,-3.00430568920267,-8.901936478096,-1.35989419682666,-1.4844025,-0.7348709,0.7675522,130.30702,110.24776,-15.446277,WAL
1825197311000,37.679923,-3.0709487453348,-9.07330405268935,-1.19804698781559,-1.461495,-0.79809546,0.8038987,130.19693,110.616974,-15.732008,WAL
1825202317000,37.684929,-3.16139637330871,-9.28463855219673,-1.03272011549378,-1.4309518,-0.8863655,0.82833326,130.03554,110.977806,-16.052723,WAL
1825207361000,37.689973,-3.27408398116252,-9.53349043050155,-0.863688752741058,-1.3778065,-0.95081174,0.8417723,129.8649,111.322495,-16.373188,WAL
1825212377000,37.694989,-3.31118676663696,-9.79565209120618,-0.674813545627154,-1.328021,-1.0183123,0.84665924,129.62216,111.67302,-16.716196,WAL
1825217308000,37.69992,-3.26676005830858,-10.0692268815607,-0.466709559883739,-1.258077,-1.067487,0.8542951,129.36829,112.000984,-17.056658,WAL
1825222288000,37.7049,-3.22189187589622,-10.3455202208358,-0.256537617275302,-1.176221,-1.0943651,0.84329945,129.06665,112.30456,-17.410822,WAL
1825227319000,37.709931,-3.17656420004951,-10.6246430702119,-0.0442133113991879,-1.07665,-1.1203269,0.8350528,128.75266,112.58409,-17.760523,WAL
1825232286000,37.714898,-2.91744398059442,-10.9643114607739,0.0630037998180064,-0.9611965,-1.1511755,0.8213083,128.42639,112.85431,-18.112951,WAL
1825237288000,37.7199,-2.36274139120911,-11.3942064031651,0.030646151425263,-0.84635377,-1.1646146,0.8035932,128.09752,113.095535,-18.452087,WAL
1825242378000,37.72499,-1.77782932946746,-11.6767913333333,-0.116489485956607,-0.6927212,-1.1273518,0.7849618,127.7194,113.26419,-18.773333,WAL
1825247315000,37.729927,-1.17525334113185,-11.6839647521368,-0.456036288098872,-0.5329799,-1.0647382,0.75900006,127.34351,113.40311,-19.077078,WAL
1825252287000,37.734899,-0.568405495475649,-11.691189025641,-0.797990248044455,-0.35094208,-1.024421,0.7254025,127.010185,113.45955,-19.273672,WAL
1825257324000,37.739936,0.046375799490214,-11.6985077435897,-1.14441464391048,-0.17623462,-0.9245446,0.7153232,126.71347,113.49047,-19.456085,WAL
1825262248000,37.74486,0.644197326209113,-11.5910289321233,-1.44818016141047,-0.09437868,-0.8051204,0.6872234,126.42688,113.50961,-19.62388,WAL
1825267270000,37.749882,1.24890505328796,-11.3000415855549,-1.70279389975421,0.0580322,-0.6960809,0.6582073,126.16642,113.48975,-19.777826,WAL
1825272255000,37.754867,1.82450929651139,-11.0330218496745,-1.92899016424939,0.13652839,-0.59406644,0.6065892,126.11819,113.384125,-19.704988,WAL
1825277282000,37.759894,2.33864413651343,-10.8224717424736,-2.08567892170464,0.13103059,-0.4859433,0.5494733,126.10054,113.26257,-19.61773,WAL
1825282248000,37.76486,2.72134621450351,-10.7458724700525,-2.13688514095634,0.063224554,-0.37904188,0.45540005,126.19139,113.09125,-19.414371,WAL
1825287293000,37.769905,2.82179320836551,-10.9706818854569,-1.95034075945946,-0.04062254,-0.23548855,0.35155296,126.31833,112.91514,-19.188604,WAL
1825292262000,37.774874,2.79172665041238,-11.2681426536929,-1.69877608332685,-0.18784106,-0.12186762,0.2144137,126.51609,112.70762,-18.861845,WAL
1825297282000,37.779894,2.43976947739783,-11.7582097447873,-1.27553642687239,-0.32406402,-0.063224554,0.054061573,126.72838,112.49316,-18.501709,WAL
1825302207000,37.784819,2.06993948839139,-12.2338804858578,-0.884012384031888,-0.41416663,-0.074830994,-0.08093964,126.92165,112.25581,-18.106298,WAL
1825307208000,37.78982,1.51030022679917,-12.6784539301081,-0.664340894906629,-0.4529566,-0.14019357,-0.15485434,127.10712,112.02031,-17.692287,WAL
1825312223000,37.794835,0.995195392703111,-13.0654343029296,-0.548001009181516,-0.43218717,-0.19883664,-0.18845193,127.18518,111.77002,-17.323278,WAL
1825317246000,37.799858,0.593236566110943,-13.3075779976845,-0.688444468447599,-0.33169982,-0.2049453,-0.2012801,127.25525,111.50983,-16.949667,WAL
1825322245000,37.804857,0.264368668970028,-13.5506307982037,-0.821177297164893,-0.183565,-0.15118915,-0.21838433,127.24968,111.26189,-16.650053,WAL
1825327224000,37.809836,0.0967824994728107,-13.7973550009763,-0.937556563714732,-0.010079277,-0.086437434,-0.24740042,127.244446,110.993835,-16.351563,WAL
1825332237000,37.814849,-0.0373847870717877,-14.0649726535291,-1.02100928797507,0.15241088,-0.014660766,-0.29352075,127.23895,110.74351,-16.096903,WAL
1825337216000,37.819828,-0.0709440500394128,-14.3861827313493,-1.00662675614317,0.3100141,0.070554934,-0.3494149,127.25426,110.462166,-15.833998,WAL
1825342233000,37.824845,-0.106780337617853,-14.7082114686333,-0.962951078890911,0.46853364,0.1777618,-0.41813725,127.29436,110.16765,-15.574825,WAL
1825347227000,37.829839,-0.148006195524567,-15.0242765198736,-0.839273504214156,0.6377433,0.30085114,-0.49205196,127.360535,109.838165,-15.300101,WAL
1825352305000,37.834917,-0.178383889730148,-15.3391094400812,-0.736520240632556,0.81397796,0.35155296,-0.58123827,127.42509,109.46083,-15.004956,WAL
1825357413000,37.840025,-0.159458139576361,-15.6277270027082,-0.731788806799497,0.9831876,0.42760566,-0.6264423,127.53188,109.05889,-14.70128,WAL
1825362383000,37.844995,-0.152355868023833,-15.898897403575,-0.716455451658391,1.067487,0.48349985,-0.72784597,127.61667,108.60363,-14.366053,WAL
1825367306000,37.849918,-0.213220427656405,-16.1095822484608,-0.636863350258193,1.2476922,0.52503866,-0.8228355,127.71941,108.105934,-14.02608,WAL
1825372323000,37.854935,-0.277796491499318,-16.2665002595048,-0.535022155925132,1.4187346,0.5488624,-0.93737274,127.826965,107.57207,-13.651628,WAL
1825377318000,37.85993,-0.361735913170209,-15.9773755578085,-0.273877254960031,1.5830573,0.52656585,-1.0839803,127.928894,106.99485,-13.252958,WAL
1825382379000,37.864991,-0.444716978684674,-15.6498292994715,-0.0085083419964768,1.7296649,0.4831944,-1.239751,128.0133,106.37288,-12.836156,WAL
1825387292000,37.869904,-0.499973419485222,-14.9084721201801,0.258564424754355,1.8643607,0.40775254,-1.3750577,128.0799,105.71473,-12.3988495,WAL
1825392610000,37.875222,-0.57311090921816,-14.1141845633115,0.538268776922369,2.057394,0.32345316,-1.4559973,128.0968,105.01698,-11.972336,WAL
1825397309000,37.879921,-0.788607161727599,-13.5049935503269,0.679170146164472,2.3099868,0.23457226,-1.5198327,128.09157,104.28149,-11.527915,WAL
1825403309000,37.885921,-1.0775208713334,-12.7437188299682,0.85388171280619,2.6120598,0.14294247,-1.5613716,128.03462,103.5237,-11.11059,WAL
1825407386000,37.889998,-1.51370680389464,-12.5156211889925,0.881893652854361,2.9132164,0.0421497,-1.5968018,127.95513,102.74115,-10.690804,WAL
1825412264000,37.894876,-2.03558931040279,-12.2427096627037,0.915409042492569,3.170696,-0.04795292,-1.6609426,127.83596,101.97224,-10.314651,WAL
1825417314000,37.899926,-2.62446876466452,-12.1853256410782,0.55120654023264,3.3481524,-0.084910266,-1.7330247,127.71124,101.20604,-9.9360895,WAL
1825422276000,37.904888,-3.20924591661295,-12.1574790269558,0.142790665815998,3.426954,-0.025045475,-1.8011361,127.59664,100.458,-9.549256,WAL
1825427318000,37.90993,-3.82241682582577,-12.3109231088714,-0.652411691359944,3.4132094,0.14019357,-1.8509218,127.47996,99.82803,-9.23758,WAL
1825432240000,37.914852,-4.42450660315338,-12.4943728417324,-1.49910038590021,3.292869,0.3643811,-1.883603,127.406105,99.2582,-8.918444,WAL
1825437285000,37.919897,-4.9617907332707,-12.6810184571754,-2.19806039051528,3.125492,0.6169739,-1.8771889,127.41415,98.897804,-8.7214365,WAL
1825442313000,37.924925,-5.48088754992582,-12.8667503703392,-2.86002794403125,2.9110782,0.7834347,-1.8536706,127.46544,98.598076,-8.525267,WAL
1825447313000,37.929925,-5.87709361180405,-13.0405554973151,-3.2262805086764,2.6881125,0.81153446,-1.8298469,127.600006,98.48281,-8.453195,WAL
1825452265000,37.934877,-6.24344285170984,-13.2103272248705,-3.52561461015544,2.4685066,0.79779,-1.8145752,127.76753,98.39057,-8.382086,WAL
1825457324000,37.939936,-6.66023898283652,-13.4285083914862,-3.58850791624307,2.3732114,0.6979135,-1.7965547,127.9533,98.3431,-8.341998,WAL
1825462256000,37.944868,-7.08509232654534,-13.6606951489384,-3.54404645982638,2.2427917,0.52320606,-1.7873917,128.10867,81.70162,-8.298309,WAL
1825467308000,37.94992,-7.39455725405432,-13.6810979977611,-3.51922423175314,2.1578815,0.3136793,-1.7977765,128.2474,81.73111,-8.266929,WAL
1825472300000,37.954912,-7.66447157921737,-13.6392148602161,-3.50060946076122,2.0616703,0.08979719,-1.8267925,128.32675,81.76775,-8.226982,WAL
1825477317000,37.959929,-7.65142135667595,-13.5772569547376,-3.86013835768636,1.9611828,-0.01038471,-1.8848248,128.37643,81.833046,-8.15422,WAL
1825482286000,37.964898,-7.53366768635942,-13.5085675357253,-4.35568460105165,1.7910569,0.11789699,-2.0161607,128.4254,81.92944,-8.050552,WAL
1825487291000,37.969903,-7.19942576399842,-13.1179635899298,-4.38838464591363,1.4957036,0.40378192,-2.0836613,128.5061,82.04263,-7.9287424,WAL
1825492332000,37.974944,-6.80344163881807,-12.6361032225516,-4.2929668204368,1.1523973,0.605062,-2.0772474,128.59695,82.174545,-7.792848,WAL
1825497306000,37.979918,-6.23406926070312,-11.960366501374,-3.81976751542689,0.8943067,0.6218608,-2.0250182,128.75902,82.365974,-7.6036444,WAL
1825502320000,37.984932,-5.60614346748792,-11.2186862423955,-3.22824327668909,0.8368854,0.6093381,-1.8930714,128.96306,82.53267,-7.4431076,WAL
1825507363000,37.989975,-4.79123362570592,-10.6651896386739,-2.88615229094332,0.8570439,0.7620544,-1.7663169,129.21474,82.74265,-7.240061,WAL
1825512332000,37.994944,-3.89542872871784,-10.2172869303493,-2.6771311656348,0.9746355,0.91538155,-1.6310102,129.45676,82.90625,-7.081696,WAL
1825517306000,37.999918,-3.03769645333458,-10.0668514539912,-2.24724659899634,1.1496484,0.96577793,-1.5241088,129.69383,83.08623,-6.901465,WAL
1825522297000,38.004909,-2.19032825602664,-10.0175336700122,-1.74061908862208,1.2516629,1.097114,-1.4828753,129.9941,83.24139,-6.7459726,WAL
1825527316000,38.009928,-1.35468381543728,-10.0100963836465,-1.51804504615541,1.3744467,1.3008375,-1.4367551,130.31664,83.42938,-6.5542297,WAL
1825532305000,38.014917,-0.534511309954292,-10.0295086358558,-1.4792202376841,1.5399913,1.5858061,-1.4220943,130.69691,83.6066,-6.370177,WAL
1825537294000,38.019906,-0.00788537122455846,-9.95416973187553,-0.883841777611438,1.724778,1.8399261,-1.4196508,131.10452,83.84635,-6.1134186,WAL
1825542332000,38.024944,0.357322007175778,-9.82431856568545,0.0332345146846089,1.9120082,1.9645426,-1.4327844,131.55145,84.06924,-5.8626943,WAL
1825547284000,38.029896,0.639644962853847,-9.68620172512431,0.652096251675911,1.9874501,1.9236146,-1.4315627,132.03471,84.37485,-5.5101542,WAL
1825552322000,38.034934,0.706425844243092,-9.51553937827447,0.469067158741785,1.9624046,1.6606371,-1.4059063,132.48303,84.64898,-5.1692667,WAL
1825557328000,38.03994,0.772782551713231,-9.34596103203978,0.287200616616292,1.922393,1.4083499,-1.3640621,132.91661,84.89996,-4.7596855,WAL
1825562330000,38.044942,0.839086237443482,-9.17651818588199,0.105479393341877,1.806634,1.402852,-1.246776,133.34035,85.07099,-4.3905625,WAL
1825567241000,38.049853,0.794553456563403,-8.85628159577647,-0.230849772095328,1.7165314,1.4996742,-1.1468995,133.71974,85.1794,-4.0246253,WAL
1825572294000,38.054906,0.543894687879271,-8.23927551519076,-0.871957738051001,1.641395,1.5610662,-1.0409144,134.08235,85.21639,-3.7041373,WAL
1825577244000,38.059856,0.238491662478593,-7.7515360502532,-1.57697136377866,1.5833627,1.6288722,-0.89888823,134.4685,85.235085,-3.4063315,WAL
1825582304000,38.064916,-0.189832590131664,-7.47937159725624,-2.447005076144,1.5289958,1.7638733,-0.76083267,134.88567,85.21514,-3.14809,WAL
1825587257000,38.069869,-0.602769717555812,-7.22037436176501,-3.21982769830206,1.5076154,1.998751,-0.6401868,135.36024,85.18961,-2.9460669,WAL
1825592325000,38.074937,-0.994470237291688,-6.99145846946861,-3.62678926690074,1.5039502,2.2537873,-0.5564982,135.8715,85.145485,-2.7795048,WAL
1825597261000,38.079873,-1.33393325911619,-6.78982629030236,-3.94125738729902,1.5091426,2.449875,-0.47769663,136.52905,85.086975,-2.660801,WAL
1825602322000,38.084934,-1.56429084875114,-6.64278947542724,-4.03438050379209,1.5143349,2.5763242,-0.42394048,137.23141,85.02064,-2.5635252,WAL
1825607357000,38.089969,-1.76044240588235,-6.51560863235294,-4.11436497058824,1.5015068,2.6612344,-0.38881573,138.00607,84.94611,-2.5204318,WAL
1825612309000,38.094921,-1.87895770230681,-6.43355959928873,-4.16450630284506,1.4935656,2.6673431,-0.3652974,138.78786,84.86819,-2.4912457,WAL
1825617292000,38.099904,-2.00179651380531,-6.33360747359882,-4.14127418377581,1.4822645,2.6184738,-0.355829,139.58656,84.78056,-2.495213,WAL
1825622292000,38.104904,-2.13833899168142,-6.16881470073746,-3.84464734011799,1.4789047,2.5488353,-0.34238997,140.37576,84.69569,-2.5074759,WAL
1825627303000,38.109915,-2.27563029418376,-6.00021678737473,-3.53453687337267,1.4669929,2.463314,-0.35430184,141.15202,84.61307,-2.529017,WAL
1825632304000,38.114916,-2.41468633810059,-5.81630411072399,-3.16671095800318,1.4239268,2.386956,-0.3643811,141.90662,84.54369,-2.5542388,WAL
1825637459000,38.120071,-2.55210441180615,-5.62438072494663,-2.77935823027327,1.3692545,2.3051,-0.38759398,142.62177,84.435234,-2.5915093,WAL
1825642332000,38.124944,-2.61188386648164,-5.41515284165243,-2.31606805473954,1.2932017,2.2064452,-0.40194935,143.30685,84.3493,-2.6272628,WAL
1825647306000,38.129918,-2.65742888782505,-5.19748502236724,-1.82811102277573,1.1911873,2.1572707,-0.4089743,143.96452,84.22289,-2.682295,WAL
1825652298000,38.13491,-2.62885019761881,-4.95932902196872,-1.26606303591113,1.0812315,2.0570886,-0.41508293,144.57666,84.124725,-2.7311802,WAL
1825657329000,38.139941,-2.5967659461739,-4.72473316606158,-0.693305687169792,1.0106765,1.9425515,-0.42424592,145.14227,83.98454,-2.787434,WAL
1825662310000,38.144922,-2.54892506720489,-4.5190176662421,-0.0952955243125062,0.8900307,1.8219056,-0.42180246,145.67412,83.88869,-2.8434803,WAL
1825667305000,38.149917,-2.50831964584361,-4.33661913341879,0.483395010215955,0.76052725,1.6777414,-0.41141775,146.13785,83.72944,-2.8926613,WAL
1825672295000,38.154907,-2.50360726718272,-4.27064578296026,0.959345609249581,0.623388,1.5592335,-0.37965274,146.57011,83.60283,-2.9472709,WAL
1825677298000,38.15991,-2.4995465,-4.21346276797276,1.39838821082708,0.48930305,1.4532484,-0.3494149,146.9137,83.42342,-2.9836252,WAL
1825682305000,38.164917,-2.4995465,-4.21109650088828,1.60425789476905,0.364992,1.3729197,-0.31856623,147.22557,83.274445,-3.0276322,WAL
1825687773000,38.170385,-2.4995465,-4.20851236898934,1.82908222706277,0.23884831,1.3014483,-0.27488935,147.45569,83.07866,-3.060675,WAL
1825692351000,38.174963,-2.4995465,-4.20634884378208,2.01731298661666,0.10476339,1.2507466,-0.24495697,147.66402,82.916504,-3.0981596,WAL
1825697309000,38.179921,-2.4962266656235,-4.20048356466057,2.19353604679827,-0.029321533,1.1872166,-0.21166481,147.85918,82.76323,-3.1494756,WAL
1825702315000,38.184927,-2.45929535253731,-4.15893559641791,2.09197483940298,-0.16676621,1.1371256,-0.17562376,148.03854,82.64273,-3.2096343,WAL
1825707679000,38.190291,-2.41487096388634,-4.10614714194928,1.96864092740605,-0.2959642,1.0839803,-0.15821409,148.14734,82.47728,-3.2470725,WAL
1825712308000,38.19492,-2.3290893568286,-3.97973225869233,1.72032569697525,-0.42332962,1.0338894,-0.13836098,148.23828,82.3439,-3.2956853,WAL
1825717424000,38.200036,-2.23311002509641,-3.84748337658459,1.44781655642243,-0.5360342,0.98440933,-0.12736541,148.33665,82.23913,-3.3457012,WAL
1825722300000,38.204912,-2.12690811254821,-3.8151609882923,1.21232542821121,-0.63255095,0.9440922,-0.121256754,148.41998,82.16158,-3.3996034,WAL
1825727533000,38.210145,-2.01058470074459,-3.78927955640083,0.962418830878263,-0.7131852,0.89552844,-0.12217305,148.5344,82.13869,-3.4594688,WAL
1825732306000,38.214918,-1.8752628073383,-3.87539351970934,0.769687642872522,-0.799928,0.84879726,-0.11453723,148.63435,82.13861,-3.5221446,WAL
1825737296000,38.219908,-1.73378863007087,-3.96542257416345,0.568194110890823,-0.86926126,0.7959574,-0.10842858,148.7559,82.192955,-3.5782201,WAL
1825742326000,38.224938,-1.55652923256763,-4.11563379987119,0.464998389220696,-0.93126404,0.7293731,-0.116980694,148.85791,82.26511,-3.6296296,WAL
1825747258000,38.22987,-1.3740065855088,-4.27787627045943,0.388947256279519,-0.99082345,0.6924158,-0.116980694,148.95049,82.34833,-3.6839,WAL
1825752315000,38.234927,-1.26444288829457,-4.4075694079845,0.400429300139535,-1.0143417,0.6123924,-0.12186762,149.04457,82.48031,-3.7073476,WAL
1825757318000,38.23993,-1.16230324978682,-4.53292238474806,0.419000145267442,-1.0534371,0.5140431,-0.13103059,149.1214,82.627014,-3.727088,WAL
1825762389000,38.245001,-1.14068139631828,-4.57885695744895,0.485395072175837,-1.0977248,0.43951756,-0.13164146,149.19443,82.795296,-3.7050078,WAL
1825767237000,38.249849,-1.13134062046072,-4.61154972171814,0.555450939875264,-1.1322387,0.34391713,-0.124005646,149.23315,82.96668,-3.6788514,WAL
1825772296000,38.254908,-1.15378133299531,-4.96388641669484,0.667810063489202,-1.1817188,0.2929099,-0.10262536,149.27719,83.133255,-3.630778,WAL
1825777342000,38.259954,-1.181006469277,-5.36318814700469,0.785785524537089,-1.2202033,0.23884831,-0.08674286,149.29381,83.30147,-3.5810795,WAL
1825782305000,38.264917,-1.25836465692068,-5.6601162868844,1.00045114706065,-1.2812898,0.22968534,-0.06780604,149.31293,83.44942,-3.5341074,WAL
1825787271000,38.269883,-1.35205152926905,-5.92638419651633,1.24699563902955,-1.3469579,0.23182335,-0.032070424,149.32013,83.59927,-3.496352,WAL
1825792334000,38.274946,-1.41983013938447,-6.48714085045432,1.57171264142648,-1.4175128,0.24709499,0.022296581,149.32903,83.721146,-3.4664202,WAL
1825797309000,38.279921,-1.48034597133366,-7.10160978401563,1.90687744357596,-1.4679092,0.27947086,0.10476339,149.34291,83.840866,-3.456579,WAL
1825802328000,38.28494,-1.45363257818611,-8.05805538233271,2.42257267359733,-1.4859297,0.3744604,0.19333886,149.37079,83.87934,-3.475793,WAL
1825807407000,38.290019,-1.40105851518129,-9.12387582175494,2.99610835553699,-1.421178,0.4999932,0.2764165,149.4145,83.89769,-3.519599,WAL
1825812328000,38.29494,-1.08064595164523,-10.5966586586069,3.85026167694207,-1.3106114,0.6227771,0.3753767,149.46898,83.80785,-3.5903583,WAL
1825817284000,38.299896,-0.67043266606441,-12.2228615202181,4.80742600656446,-1.1139128,0.806953,0.39400807,149.57361,83.69056,-3.6674273,WAL
1825822302000,38.304914,0.0584867265014634,-13.9169822226341,6.41660457170732,-0.8042041,0.8200866,0.35369098,149.64615,83.46639,-3.751782,WAL
1825827317000,38.309929,0.869100386462439,-15.6225504523902,8.1924576595122,-0.3735441,0.6994407,0.22907446,149.72972,83.19388,-3.8174744,WAL
1825832308000,38.31492,1.82307136163249,-16.6919738229495,9.54025186356467,0.038179077,0.44348818,-0.017715093,149.77277,82.84732,-3.7637439,WAL
1825837292000,38.319904,2.82530536612776,-17.5483428426656,10.7448145023659,0.34697145,0.19211712,-0.26908615,149.78691,82.45657,-3.6741917,WAL
1825842359000,38.324971,3.77749973608217,-18.1024746088015,10.6522387859021,0.5375614,0.1459968,-0.47678033,149.80125,81.96993,-3.4782977,WAL
1825847310000,38.329922,4.68230884464025,-18.5225648619414,10.056726663616,0.69058317,0.20677789,-0.6542367,149.79146,81.445854,-3.225239,WAL
1825852308000,38.33492,5.25936770894463,-18.6620222139716,9.28625873770738,0.77182823,0.37720928,-0.7086037,149.83849,80.87033,-2.8405561,WAL
1825857405000,38.340017,5.67402934035579,-18.6571437441535,8.41303021437138,0.91629785,0.5580254,-0.7507534,149.9234,80.245384,-2.4327614,WAL
1825862335000,38.344947,5.19032584867019,-17.464730422945,7.69296148415346,1.0360274,0.6973027,-0.7150178,150.15356,79.750854,-1.9012517,WAL
1825867308000,38.34992,4.27674321249189,-15.6905261489204,7.02653178648874,1.0757337,0.7837401,-0.6221663,150.42136,79.22366,-1.4093766,WAL
1825872292000,38.354904,3.1367964006815,-13.5136502030668,6.32137071698435,1.0051788,0.86590147,-0.51343226,150.79485,78.80183,-0.8896011,WAL
1825877320000,38.359932,1.76263115093174,-10.9191443791928,5.57275837712704,0.8524625,0.9334021,-0.43066,151.18071,78.38231,-0.42053258,WAL
1825882305000,38.364917,0.584728052768496,-8.60234946300716,4.91491328353222,0.64812803,0.9841039,-0.35705075,151.52643,77.99788,-0.12652507,WAL
1825887292000,38.369904,-0.483877321109785,-6.43664255290374,4.30699540473349,0.3915646,1.0210613,-0.2742785,151.87921,77.67743,0.12876879,WAL
1825892380000,38.374992,-1.39306652487219,-4.82588060999225,3.70852747570682,0.12614368,1.0323622,-0.18081611,152.14561,77.41572,0.18269078,WAL
1825897311000,38.379923,-2.16579368051123,-3.62335256003098,3.14155619717273,-0.105068825,1.0164797,-0.05100725,152.40453,77.22408,0.20212962,WAL
1825902334000,38.384946,-3.24503965818182,-3.22201696852395,2.55836026383187,-0.30787608,0.94989544,0.108123146,152.56407,77.098305,0.041924555,WAL
1825907308000,38.38992,-4.54883358181818,-3.48743213685239,1.97630939638319,-0.50518554,0.8216137,0.28710666,152.68643,77.03637,-0.15360515,WAL
1825912310000,38.394922,-5.38023828151998,-4.25744343510295,1.70498090318934,-0.6960809,0.627664,0.47158796,152.69563,77.04952,-0.49330196,WAL
1825917306000,38.399918,-5.73758424086597,-5.52264110446104,1.74361287153815,-0.91690874,0.3659083,0.64751714,152.63033,77.112,-0.8652334,WAL
1825922280000,38.404892,-5.77973407421561,-7.04815012721239,1.81429153384956,-1.1539245,0.01160644,0.79076505,152.42737,77.205414,-1.4429746,WAL
1825927324000,38.409936,-5.52713132522124,-8.84551591924779,1.91630420199115,-1.4052955,-0.4352415,0.9025534,152.1168,77.32711,-2.0412068,WAL
1825932303000,38.414915,-5.52470435052161,-10.7701940533532,1.75586116256334,-1.672549,-0.97158116,0.960891,151.66388,77.494026,-2.67914,WAL
1825937297000,38.419909,-5.73853388494784,-12.832462507998,1.366215985077,-1.8897116,-1.5280794,1.0317514,151.07622,77.66108,-3.3232172,WAL
1825942295000,38.424907,-6.22873895387841,-14.5319110073375,0.658952620492663,-2.006387,-2.03693,1.1023064,150.38861,77.88575,-3.883477,WAL
1825947327000,38.429939,-6.9818589352773,-15.9003853210406,-0.351330252730132,-2.0341814,-2.2623394,1.1621711,149.62843,78.0877,-4.441906,WAL
1825952339000,38.434951,-7.48460283244606,-16.9899691337971,-1.15572107892216,-2.0069978,-2.5760188,1.1679744,148.76096,78.35884,-4.9502563,WAL
1825957414000,38.440026,-7.65611746694898,-17.72013002561,-1.69476649193386,-1.8481728,-2.6193902,1.185384,147.91454,78.53747,-5.4746456,WAL
1825962347000,38.444959,-7.06383156846721,-18.2668891089296,-1.63412544887383,-1.5641204,-2.424524,1.1768318,147.09492,78.733665,-6.0417237,WAL
1825967303000,38.449915,-5.54071259378114,-18.6169232787522,-0.858375462635041,-1.1557571,-2.068695,1.0488557,146.32835,78.81733,-6.5735083,WAL
1825972294000,38.454906,-4.04009716705624,-18.5464047425832,0.0258854039116971,-0.6994407,-1.6881261,0.8219192,145.66994,78.86347,-7.0636663,WAL
1825977325000,38.459937,-2.57219388944161,-17.9063023356308,1.05582401483768,-0.31306845,-1.4349225,0.5662721,145.09492,78.825745,-7.5053825,WAL
1825982265000,38.464877,-1.46375743369348,-16.7385074047759,1.63370120741828,-0.10629055,-1.3539828,0.31642818,144.64928,78.8356,-7.6746054,WAL
1825987293000,38.469905,-0.794584397568996,-14.8063879344294,1.62427624159327,-0.04428773,-1.2999213,0.09468412,144.28178,78.83333,-7.7850266,WAL
1825992281000,38.474893,-0.330628940888033,-12.8647834278425,1.48037956261673,-0.105068825,-1.1643091,-0.071776666,143.9983,78.85629,-7.667003,WAL
1825997356000,38.479968,-0.190254550332531,-10.8480716511023,1.11072700870319,-0.23762658,-1.0048733,-0.17684549,143.74979,78.90909,-7.5153527,WAL
1826002283000,38.484895,-0.100177578848756,-8.95706471036059,0.648786088369731,-0.43188173,-0.93737274,-0.24801129,143.5312,79.01733,-7.2859726,WAL
1826007329000,38.489941,-0.114903198919452,-7.17526470538344,-0.0629520834941594,-0.6609562,-1.0467176,-0.2782491,143.31685,79.16771,-7.047096,WAL
1826012242000,38.494854,-0.226922337372299,-5.5678499530943,-0.832467240127701,-0.91507614,-1.2599095,-0.24801129,143.08847,79.365166,-6.825408,WAL
1826017342000,38.499954,-0.548375642971513,-4.16688922126719,-1.79202938452849,-1.2119566,-1.4679092,-0.1685988,142.83752,79.612885,-6.6120543,WAL
1826022282000,38.504894,-0.918276866481775,-2.9304458943641,-2.65901517954635,-1.5225816,-1.6221527,-0.05222898,142.51372,79.95988,-6.4481926,WAL
1826027348000,38.50996,-1.4372684951664,-1.95012847944731,-3.39905877778328,-1.7849482,-1.8350391,0.09254608,142.11653,80.33344,-6.309245,WAL
1826032286000,38.514898,-1.90991619056272,-1.12729288951837,-4.07070237035952,-2.0522017,-2.146275,0.24953845,141.61449,80.801155,-6.268309,WAL
1826037332000,38.519944,-2.30648357848769,-0.631583664471473,-4.62778500986714,-2.2834144,-2.449875,0.40103304,141.05023,81.26571,-6.2676153,WAL
1826042387000,38.524999,-2.67983227906793,-0.240730728015403,-5.13262364723539,-2.4828618,-2.7507262,0.56046885,140.3785,81.69545,-6.394253,WAL
1826047343000,38.529955,-2.97506797148499,-0.170436518098341,-5.47003603491311,-2.634662,-2.8921416,0.61941737,139.66582,82.07765,-6.544652,WAL
1826052353000,38.534965,-3.22371407709129,-0.177767609635543,-5.81848031572371,-2.69697,-3.1673362,0.72143185,138.82182,82.31231,-6.818141,WAL
1826057488000,38.5401,-3.29625896337209,-0.472214551860465,-6.20254137616279,-2.7369816,-3.3814445,0.8051204,137.95836,82.41816,-7.121091,WAL
1826062307000,38.544919,-3.3643395489587,-0.748541682256161,-6.56296790980562,-2.7009406,-3.4523048,0.88331115,137.05789,82.31467,-7.5123,WAL
1826067344000,38.549956,-3.27422058196375,-1.22019224755287,-6.70403665335347,-2.5757134,-3.3664784,0.93615097,136.14732,82.033646,-7.9392424,WAL
1826072293000,38.554905,-3.1692152118429,-1.70226242606244,-6.81858811119839,-2.3845124,-3.1984904,0.9993755,135.24773,98.414894,-8.410279,WAL
1826077352000,38.559964,-3.01209141495144,-2.39268428731482,-6.83262369092514,-2.1481075,-2.9984322,1.0797043,134.40875,98.9992,-8.914358,WAL
1826082239000,38.564851,-2.85597815849112,-3.07682794525655,-6.83721520793682,-1.8811595,-2.7424796,1.1682798,133.64566,99.69036,-9.45289,WAL
1826087335000,38.569947,-2.57189013626979,-3.92508023743978,-6.98803713344804,-1.6166549,-2.4483478,1.2733486,132.97911,100.43021,-9.991202,WAL
1826092327000,38.574939,-2.27576701287976,-4.77584641421689,-7.15725042394062,-1.3475688,-2.1001546,1.4416419,132.4168,101.23647,-10.576973,WAL
1826097348000,38.57996,-2.22320019258963,-6.28022158632085,-6.63348573281594,-1.0418307,-1.7241671,1.642922,131.97798,102.02535,-11.143368,WAL
1826102262000,38.584874,-2.21377491816543,-7.86366877218105,-6.00199180509714,-0.7492262,-1.4010195,1.7910569,131.63997,102.83392,-11.737694,WAL
1826107437000,38.590049,-2.3324654353942,-10.1980892143634,-5.31478000168167,-0.5635232,-1.0873401,1.8338175,131.45482,103.568436,-12.244533,WAL
1826112243000,38.594855,-2.46450197746562,-12.4791350032644,-4.67280888881195,-0.5662721,-0.700357,1.7980819,131.39766,104.31317,-12.755145,WAL
1826117340000,38.599952,-2.16567844658348,-14.2835080843731,-4.44220432323232,-0.6600399,-0.24801129,1.7369953,131.43839,104.91594,-13.183817,WAL
1826122287000,38.604899,-1.78096170062389,-15.9021333672014,-4.31552947575758,-0.74281216,0.23151793,1.668273,131.60406,105.50027,-13.577046,WAL
1826127365000,38.609977,-0.974488279677174,-16.8564326002659,-3.97747380015192,-0.85062987,0.68203104,1.6062702,131.86801,105.873245,-13.822265,WAL
1826132326000,38.614938,-0.0903195093277629,-17.6233140793771,-3.59854421678694,-1.0338894,1.0509937,1.4840971,132.24133,106.23048,-14.010629,WAL
1826137352000,38.619964,0.629941232146039,-17.7352928807756,-3.18884156443358,-1.2324207,1.3481796,1.2162327,132.7268,106.34011,-13.935384,WAL
1826142483000,38.625095,1.29090231098087,-17.567906834396,-2.75964607499345,-1.4859297,1.520749,0.8903361,133.26695,106.45484,-13.810728,WAL
1826147349000,38.629961,1.87691827778653,-16.964791215833,-2.09460493717999,-1.7421877,1.5308284,0.71929383,133.84337,106.301506,-13.40752,WAL
1826152376000,38.634988,2.42679446518314,-15.7370499163056,-1.05647662299134,-1.8481728,1.3426818,0.41263947,134.38136,106.1039,-12.915315,WAL
1826157272000,38.639884,2.83561396757289,-14.5376008693853,0.0199158323384555,-2.0567832,0.8246681,0.15393804,134.80887,105.77158,-12.263777,WAL
1826162250000,38.644862,3.04223607639874,-13.3119566625296,1.22208052156225,-2.1804836,0.0421497,-0.07941248,135.09096,105.45365,-11.6102705,WAL
1826167204000,38.649816,2.96740495906664,-12.0657454508602,1.9536467727803,-2.196977,-0.8362745,-0.29779682,135.12775,105.22454,-11.021219,WAL
1826172283000,38.654895,2.31334897545976,-10.7335871253708,1.74684966843979,-2.0922134,-1.6621643,-0.48991394,134.95293,104.996895,-10.440868,WAL
1826177213000,38.659825,1.60321135778097,-9.78760777436893,1.36230166106466,-1.917506,-2.3130412,-0.6432411,134.50456,104.78734,-9.960492,WAL
1826182250000,38.664862,0.708693917730874,-9.60027440893204,0.556767638550194,-1.6713274,-2.692694,-0.7987063,133.89888,104.525536,-9.469551,WAL
1826187239000,38.669851,-0.151227505769651,-9.38465380771142,-0.181908897730796,-1.4196508,-2.7940977,-0.9440922,133.16997,104.33541,-9.0936575,WAL
1826192235000,38.674847,-0.935739526824208,-9.08035803746398,-0.74770854045245,-1.2027937,-2.6994135,-1.0601566,132.3937,104.087746,-8.701203,WAL
1826197244000,38.679856,-1.64888670236277,-8.76256178142126,-1.23416403479472,-1.0112875,-2.483778,-1.0958922,131.64838,103.884636,-8.388419,WAL
1826202248000,38.68486,-2.1310808367622,-8.40522151549726,-1.46665043224328,-0.86193085,-2.234545,-1.0571023,130.95212,103.64755,-8.070309,WAL
1826207522000,38.690134,-2.62365822066088,-8.01580991415084,-1.70372749032825,-0.7602218,-1.9853121,-0.9450085,130.31575,103.523506,-7.877503,WAL
1826212309000,38.694921,-2.8753004946207,-7.50246000109781,-1.81948292058404,-0.68752885,-1.720502,-0.7657196,129.77095,103.39564,-7.7096677,WAL
1826217301000,38.699913,-3.0923586598772,-7.03412660052626,-1.92973919982458,-0.6392705,-1.4902058,-0.54367006,129.24695,103.41107,-7.6825333,WAL
1826222289000,38.704901,-3.13425717931975,-6.82463351720105,-1.99957022759965,-0.61636305,-1.2990049,-0.29260445,128.80344,103.44905,-7.7049036,WAL
1826227307000,38.709919,-3.14553976654008,-6.67364276825904,-2.09300216206276,-0.62980205,-1.1426234,-0.049480084,128.40472,103.58534,-7.8280087,WAL
1826232340000,38.714952,-2.98657498156106,-6.85187595562662,-2.31458951887867,-0.66737026,-0.98868537,0.14905111,128.074,103.75361,-7.9989676,WAL
1826237316000,38.719928,-2.78903801466305,-7.02822569942754,-2.50029190725118,-0.72356987,-0.8396343,0.28344148,127.79199,103.98435,-8.2222805,WAL
1826242343000,38.724955,-2.36838847945164,-7.20712267984333,-2.50512695531787,-0.7669413,-0.7629707,0.3680463,127.54385,104.24258,-8.480938,WAL
1826247366000,38.729978,-1.95063274377573,-7.40550566794746,-2.49201233313076,-0.79473567,-0.66248333,0.39950588,127.37059,104.528244,-8.71677,WAL
1826252354000,38.734966,-1.54795255985101,-7.69580995702803,-2.39368341291904,-0.80756384,-0.6591236,0.46211955,127.20052,104.83528,-8.982997,WAL
1826257394000,38.740006,-1.15819570212878,-7.98635790165854,-2.30347137073171,-0.81214535,-0.7156286,0.5006041,127.0686,105.09926,-9.170679,WAL
1826262320000,38.744932,-0.882047280351219,-8.25330168634146,-2.27125412926829,-0.80756384,-0.816116,0.50671273,126.92907,105.36297,-9.36555,WAL
1826267335000,38.749947,-0.605676522454888,-8.51809637715645,-2.24024167408289,-0.8017606,-0.91996306,0.48349985,126.80638,105.54262,-9.481296,WAL
1826272306000,38.754918,-0.388554765554234,-8.6974575092207,-2.23080160412453,-0.8228355,-1.0262536,0.43799037,126.65548,105.71904,-9.595997,WAL
1826277409000,38.760021,-0.186913766982366,-8.86971549271845,-2.21527226475629,-0.840856,-1.110553,0.3817908,126.49015,105.8474,-9.649792,WAL
1826282323000,38.764935,-0.252184821489994,-8.89069541019418,-2.12902121974936,-0.8781188,-1.149343,0.32406402,126.30791,105.973335,-9.694436,WAL
1826287461000,38.770073,-0.320431194721617,-8.91263167718447,-2.03883850317515,-0.9477574,-1.2030991,0.26083946,126.09773,106.093124,-9.700272,WAL
1826292299000,38.774911,-0.384692766090747,-8.93328711893204,-1.95392141816426,-1.0149527,-1.2501358,0.2125811,125.879974,106.21149,-9.698674,WAL
1826297597000,38.780209,-0.472349126494173,-8.94470667700966,-1.85591291783046,-1.0876455,-1.3020593,0.16768251,125.62905,106.3542,-9.690586,WAL
1826302332000,38.784944,-0.754661714697679,-8.82274776451838,-1.70911037205897,-1.1676689,-1.3347405,0.13255776,125.372856,106.50495,-9.6766815,WAL
1826307294000,38.789906,-1.05050861283196,-8.69494203615898,-1.555269985128,-1.210735,-1.349096,0.11209377,125.069307746584,106.666143439935,-9.68567321045441,WAL
1826312213000,38.794825,-1.34379174300578,-8.56824385441777,-1.40276275753561,-1.246776,-1.3524556,0.109650314,124.76839,106.82594,-9.694587,WAL
1826317531000,38.800143,-1.66014990434278,-8.43037921762259,-1.2422273647935,-1.2815952,-1.3649784,0.13652839,124.46445,106.998825,-9.709949,WAL
1826322251000,38.804863,-1.92684442180095,-8.29047383412322,-1.18539083127962,-1.3115277,-1.3994923,0.18784106,124.12445,107.189224,-9.777857,WAL
1826327264000,38.809876,-2.21009434044879,-8.1418836460973,-1.12502609769804,-1.3310753,-1.3918564,0.25503623,123.75576,107.40096,-9.916314,WAL
1826332229000,38.814841,-2.40630680665883,-8.06312970677644,-1.10856067167285,-1.348485,-1.3460416,0.3286455,123.39742,107.62028,-10.069041,WAL
1826337245000,38.819857,-2.59753448891704,-7.98924615516149,-1.09552242989234,-1.351234,-1.31672,0.4089743,123.04681,107.84429,-10.240753,WAL
1826342304000,38.824916,-2.7259443552381,-8.01180442010582,-1.0990728778836,-1.3466524,-1.2709051,0.44868052,122.673256,108.11227,-10.471208,WAL
1826347215000,38.829827,-2.82548237409524,-8.07152737693122,-1.10902666937566,-1.3286319,-1.2183707,0.5296202,122.32269,108.38824,-10.728113,WAL
1826352200000,38.834812,-2.8843153053553,-8.18683403975283,-1.00690014253347,-1.2815952,-1.1743884,0.59864795,121.958466,108.68313,-11.022655,WAL
1826357319000,38.839931,-2.93480309031926,-8.31810185890834,-0.875631796189495,-1.2412782,-1.1615603,0.6768387,121.610275,108.98137,-11.334731,WAL
1826362208000,38.84482,-2.93213166336431,-8.52853507271861,-0.722821861359066,-1.2119566,-1.1795808,0.74128497,121.252266,109.28966,-11.66749,WAL
1826367208000,38.84982,-2.92300438197284,-8.75443547776984,-0.563094325023588,-1.1591167,-1.2217305,0.8026769,120.89963,109.5878,-12.01494,WAL
1826372258000,38.85487,-2.91378582776745,-8.98259488687157,-0.401769513324756,-1.1239921,-1.2880094,0.84757555,120.51646,109.87683,-12.381567,WAL
1826377259000,38.859871,-2.9046567209197,-9.20854047200381,-0.242010031482011,-1.0650436,-1.3545936,0.8744536,120.12694,110.1484,-12.754969,WAL
1826382377000,38.864989,-2.73076844647219,-9.56721188563642,-0.261647796053296,-1.0088439,-1.4025466,0.872621,119.72739,110.40792,-13.127743,WAL
1826387371000,38.869983,-2.48939076322802,-9.97272650035329,-0.360612651980418,-0.9492846,-1.4364496,0.8555168,119.31586,110.64857,-13.498768,WAL
1826392264000,38.874876,-2.25289476721005,-10.3700398783688,-0.457576016027556,-0.8671232,-1.4480561,0.8362745,118.843346,110.823135,-13.85884,WAL
1826397645000,38.880257,-1.99281200518825,-10.8069790337135,-0.564209954702735,-0.7666359,-1.4046847,0.8191703,118.37716,110.97299,-14.20317,WAL
1826402189000,38.884801,-1.62850062477429,-11.059774570333,-0.797866760100961,-0.65576386,-1.3154984,0.8011498,117.91121,111.10866,-14.5348,WAL
1826407250000,38.889862,-1.1768018301427,-11.3044452523056,-1.10370447877488,-0.5421429,-1.185384,0.77213365,117.468475,111.2135,-14.842813,WAL
1826412202000,38.894814,-0.646093694270495,-11.4903791743654,-1.38466360578444,-0.42241332,-1.0128145,0.75716746,117.09651,111.264046,-15.049606,WAL
1826417201000,38.899813,-0.0633521905630461,-11.6497610452559,-1.65860188873283,-0.33200526,-0.8338311,0.74220127,116.76247,111.29048,-15.233022,WAL
1826422223000,38.904835,0.464058996257143,-11.8114118955357,-1.80636531755952,-0.25686884,-0.6395759,0.7171558,116.53524,111.301,-15.329778,WAL
1826427231000,38.909843,0.968407092714286,-11.9731837098214,-1.90628336359127,-0.21288654,-0.50426924,0.67347896,116.33989,111.29205,-15.406442,WAL
1826432229000,38.914841,1.42401535637755,-12.0525592629513,-1.89748097559851,-0.17379116,-0.42180246,0.59803706,116.23834,111.2501,-15.377426,WAL
1826437224000,38.919836,1.86051082193878,-12.0994942276295,-1.84585246544349,-0.16982053,-0.41172317,0.4886922,116.147606,111.19037,-15.3236885,WAL
1826442230000,38.924842,2.15821464022908,-12.0885498133226,-1.74104769172109,-0.17928895,-0.4373795,0.42424592,116.10321,111.097084,-15.192184,WAL
1826447230000,38.929842,2.38914335518939,-12.0500619202251,-1.61115027385713,-0.2125811,-0.46486846,0.2510656,116.042496,110.9647,-15.004018,WAL
1826452268000,38.93488,2.34022504885571,-11.9922569051174,-1.35800360295158,-0.267559,-0.49357912,0.04917465,115.980644,110.79279,-14.743537,WAL
1826457264000,38.939876,2.16634319705333,-11.9264638887143,-1.05253535030449,-0.35216382,-0.5195409,-0.1518,115.896355,110.60335,-14.443689,WAL
1826462233000,38.944845,1.67435818308091,-11.8541822625548,-0.633812639347947,-0.42546764,-0.5849035,-0.30298916,115.77459,110.3776,-14.092441,WAL
1826467231000,38.949843,1.01142288539259,-11.7778731212635,-0.152111483003587,-0.47952923,-0.66706485,-0.37507126,115.62969,110.149124,-13.719326,WAL
1826472243000,38.954855,0.269304649581381,-11.7198629528556,0.232219196000399,-0.49235737,-0.74464476,-0.37110063,115.41178,109.911835,-13.381728,WAL
1826477233000,38.959845,-0.5118451447274,-11.672231903319,0.560873679518788,-0.47494772,-0.7644979,-0.29901853,115.18642,109.685936,-13.052775,WAL
1826482229000,38.964841,-1.13414039593908,-11.851869295565,0.767798815547177,-0.39828414,-0.7089091,-0.20525073,114.86263,109.4654,-12.853025,WAL
1826487225000,38.969837,-1.66581231187122,-12.160429175315,0.905463870651851,-0.26847526,-0.625526,-0.116980694,114.54735,109.24602,-12.675515,WAL
1826492214000,38.974826,-2.00575946872207,-12.5481466852348,0.951796339648496,-0.12522738,-0.5699373,-0.061391957,114.15409,109.05284,-12.643554,WAL
1826497230000,38.979842,-2.22994284244861,-12.9869732208321,0.942256600953232,0.04153884,-0.5045747,-0.04886922,113.79243,108.83929,-12.617528,WAL
1826502273000,38.984885,-2.37026240965695,-13.4599516611144,0.844882096476304,0.20952678,-0.46670106,-0.08277224,113.38435,108.61947,-12.666599,WAL
1826507268000,38.98988,-2.45563332845528,-13.9484627601626,0.693111641300813,0.42271876,-0.39461896,-0.13561209,113.00712,108.36184,-12.703922,WAL
1826512229000,38.994841,-2.46213326431666,-14.4121734103978,0.498454109094132,0.6383542,-0.32345316,-0.20708331,112.620544,108.071106,-12.742018,WAL
1826517232000,38.999844,-2.41495654083301,-14.8650710198897,0.272005447206577,0.88361657,-0.2321288,-0.29810223,112.25993,107.72949,-12.750474,WAL
1826522241000,39.004853,-2.33247439353293,-15.222661297006,0.0355087346586826,1.1304061,-0.1423316,-0.38820487,111.91153,107.368645,-12.7417755,WAL
1826527234000,39.009846,-2.22271479934132,-15.5042186598802,-0.207871183506986,1.3674219,-0.065973446,-0.47861293,111.58506,106.959854,-12.700366,WAL
1826532220000,39.014832,-2.03727705758762,-15.4724449582657,-0.581758786389075,1.5861117,0.04184427,-0.5723807,111.31827,106.50556,-12.601125,WAL
1826537317000,39.019929,-1.78554357299207,-15.1834171661732,-1.07124056307325,1.8005253,0.099265605,-0.6728681,111.05915,106.00817,-12.473687,WAL
1826542296000,39.024908,-1.38100656494005,-14.8449226348921,-1.29946882131295,2.0286834,0.2003638,-0.7287622,110.87945,105.47803,-12.298034,WAL
1826547346000,39.029958,-0.793867346115108,-14.4389993660072,-1.25235270732914,2.1398609,0.3023783,-0.84879726,110.7134,104.9175,-12.077247,WAL
1826552332000,39.034944,-0.214169099568345,-14.038220471223,-1.20583370845324,2.3649647,0.36285394,-0.9550878,110.635155,104.33414,-11.810625,WAL
1826557388000,39.04,0.208143616335287,-13.5123442184924,-1.09129851028901,2.5955665,0.41905355,-1.0256428,110.583435,103.73615,-11.523469,WAL
1826562291000,39.044903,0.581210144862449,-12.9760610027808,-0.965388530494587,2.8286116,0.43799037,-1.0729848,110.53715,103.11042,-11.220131,WAL
1826567346000,39.049958,0.738190168141504,-12.6565665281193,-1.09717756827757,3.0622675,0.45478916,-1.1074986,110.54457,102.391884,-10.821563,WAL
1826572270000,39.054882,0.833243963384398,-12.4046743007458,-1.29203792048478,3.2950072,0.5039638,-1.1453724,110.56596,101.663704,-10.417555,WAL
1826577350000,39.059962,0.471349786053734,-12.5740316156391,-1.24083929166917,3.5369098,0.61727935,-1.2006557,110.6179,100.89264,-9.969073,WAL
1826582245000,39.064857,0.0154889847173934,-12.8372088983459,-1.13274856415038,3.7717874,0.7467828,-1.3017539,110.687485,100.12638,-9.506621,WAL
1826587331000,39.069943,-0.552341735174173,-13.0338554548691,-1.05049978443995,3.8924334,0.71868294,-1.4737124,110.7664,99.37505,-9.009047,WAL
1826592324000,39.074936,-1.13210895872864,-13.208706067552,-0.976878547170901,3.8316522,0.6035349,-1.6203201,110.85664,98.66984,-8.500635,WAL
1826597344000,39.079956,-1.67160959888923,-13.4053134475412,-1.31004295244875,3.6609154,0.52106804,-1.7192802,110.922516,98.06432,-8.02255,WAL
1826602269000,39.084881,-2.18598941990306,-13.605350108149,-1.77679499475916,3.424816,0.535118,-1.7550159,110.98399,82.46573,-7.534262,WAL
1826607371000,39.089983,-2.75100212954524,-14.043758088346,-2.29409686062566,3.1456506,0.60231316,-1.7486018,111.000984,82.84009,-7.120033,WAL
1826612296000,39.094908,-3.30659010989669,-14.5401435933185,-2.80414478256252,2.8805351,0.6649268,-1.7366899,111.022484,83.142235,-6.7096405,WAL
1826617344000,39.099956,-4.05681957979275,-15.0171771243523,-2.93911206476684,2.641992,0.6585127,-1.7464638,111.04713,83.34172,-6.381226,WAL
1826622319000,39.104931,-4.87811464904344,-15.4729249970108,-2.89638585661618,2.490803,0.5299256,-1.7635679,111.054596,83.50747,-6.0622745,WAL
1826627351000,39.109963,-5.67793093702673,-15.9069445312531,-3.01315203070655,2.38268,0.31673363,-1.8188512,111.026215,83.63048,-5.8276954,WAL
1826632361000,39.114973,-6.45987364466859,-16.326522945245,-3.20386958213256,2.2278256,0.19394971,-1.9538525,110.98908,83.78497,-5.5680885,WAL
1826637348000,39.11996,-6.88983463197965,-16.1631226266758,-3.514672065799,1.9214766,0.20463985,-2.1517727,110.99034,83.922806,-5.3293796,WAL
1826642386000,39.124998,-7.15423290474606,-15.7145902606909,-3.88766243436736,1.5509869,0.267559,-2.2278256,110.9697,84.08316,-5.0884194,WAL
1826647443000,39.130055,-7.09574807076334,-14.8399575004787,-4.02765861812168,1.3912456,0.2874121,-2.3197608,111.04058,84.25225,-4.8211274,WAL
1826652416000,39.135028,-6.85946542701715,-13.7455958048568,-4.03594923112542,1.138042,0.15943582,-2.2656991,111.07685,84.466934,-4.574835,WAL
1826657342000,39.139954,-6.49300215475056,-12.6230041859972,-4.12337571706387,1.0436633,0.044593163,-2.1163425,111.18532,84.67297,-4.3335037,WAL
1826662354000,39.144966,-5.85240580521131,-11.4028213456202,-4.37249648427073,1.0552697,0.07269296,-1.9254472,111.2858,84.87372,-4.1232324,WAL
1826667317000,39.149929,-5.01538723428544,-10.3796777375036,-4.63806763269542,1.1633929,0.38331795,-1.7519615,111.460625,85.04695,-3.9212632,WAL
1826672341000,39.154953,-3.90679372858231,-9.58258949985718,-4.93124929218319,1.3643675,0.89644474,-1.582141,111.691734,85.153435,-3.7810404,WAL
1826677287000,39.159899,-2.81954405517241,-8.86151820689655,-4.86765953793103,1.5992452,1.3585643,-1.4404203,112.00715,85.252754,-3.624213,WAL
1826682343000,39.164955,-1.7165520845977,-8.25436678269593,-4.08342226846395,1.7376062,1.6481144,-1.325883,112.412575,85.29778,-3.5181558,WAL
1826687308000,39.16992,-0.864604152505447,-7.82874737233116,-3.12311354662309,1.9019289,1.7122552,-1.1859949,112.86665,85.36527,-3.3454955,WAL
1826692339000,39.174951,-0.320672241632006,-7.63312258213508,-1.88733842451971,2.035403,1.6325374,-1.0369438,113.35578,85.381004,-3.2151155,WAL
1826697243000,39.179855,0.0745090571057159,-7.6171383773657,-0.913978126652648,2.1239784,1.5650368,-0.96577793,113.76258,85.37927,-3.0086703,WAL
1826702395000,39.185007,0.272584734199962,-7.88123919480023,-0.263158044771554,2.1181753,1.5625933,-0.981355,114.16168,85.344826,-2.8250983,WAL
1826707283000,39.189895,0.420868684851837,-8.15447838680363,0.340629357423943,2.1108449,1.5555683,-1.0115929,114.439606,85.19404,-2.6069338,WAL
1826712353000,39.194965,0.483216323769261,-8.49019661971553,0.935329780734887,2.0393736,1.5021176,-1.0626001,114.701904,85.042755,-2.3852072,WAL
1826717270000,39.199882,0.584641755791782,-8.75468870397559,1.44601933177615,1.92392,1.4318681,-1.0888673,114.987144,84.78683,-2.112216,WAL
1826722334000,39.204946,0.797327390113452,-8.86565494975689,1.79741294230146,1.8142698,1.3219124,-1.0793989,115.242424,84.52277,-1.8417804,WAL
1826727284000,39.209896,1.00653571599763,-8.95858336936582,2.00046443296183,1.6691893,1.2705997,-1.0433578,115.493,84.19204,-1.5539013,WAL
1826732333000,39.214945,1.22591150424105,-8.98242855291449,1.56648184338692,1.5610662,1.3542882,-1.0021244,115.747635,83.86138,-1.2811258,WAL
1826737335000,39.219947,1.41602340872314,-8.98655550695322,1.05025248240202,1.4758505,1.4480561,-0.9459248,115.991295,83.48592,-0.98797095,WAL
1826742419000,39.225031,1.46731765865992,-8.88909664096081,0.0756620335440371,1.4468343,1.670411,-0.91507614,116.29264,83.113464,-0.7162135,WAL
1826747326000,39.229938,1.43878225387228,-8.78235094536102,-0.875687641154891,1.3909402,1.9593502,-0.84604836,116.66227,82.806145,-0.44719747,WAL
1826752386000,39.234998,1.18952878512228,-8.63656116857531,-1.88681032240489,1.3765849,2.2779164,-0.7788532,117.09917,82.49132,-0.20450823,WAL
1826757346000,39.239958,0.874547328359758,-8.41804624890939,-2.84744867194196,1.3707817,2.543032,-0.7113526,117.59866,82.31967,0.020382993,WAL
1826762351000,39.244963,0.285012836546555,-7.9068092807149,-3.69951022147593,1.3979651,2.7253752,-0.65026605,118.158615,82.1445,0.21296068,WAL
1826767284000,39.249896,-0.254134924430926,-7.43604082123234,-4.45789640321821,1.4340062,2.8527408,-0.6032294,118.822,82.093254,0.36639774,WAL
1826772344000,39.254956,-0.472845451157771,-7.21733016542386,-4.58627007276295,1.4676038,2.9141326,-0.5656612,119.51076,82.039986,0.50002396,WAL
1826777294000,39.259906,-0.686992140496278,-6.99812644019851,-4.68451303905707,1.505172,2.9400945,-0.5546656,120.391846,82.013245,0.55703795,WAL
1826782346000,39.264958,-0.90789270835732,-6.70999546094293,-4.44920602252109,1.5488489,2.9565878,-0.5296202,121.27812,81.9838,0.59895355,WAL
1826787369000,39.269981,-1.13097995828245,-6.42297024364782,-4.20714423064802,1.5855007,2.9190195,-0.5164866,122.182594,81.9493,0.6195,WAL
1826792359000,39.274971,-1.39453545257042,-6.13117662733898,-3.86828686468387,1.5839735,2.855184,-0.50823987,123.07654,81.92179,0.63600445,WAL
1826797523000,39.280135,-1.66072133749669,-5.83212809360912,-3.5089984447273,1.53205,2.7525587,-0.5158757,123.94826,81.85771,0.63029057,WAL
1826802371000,39.284983,-1.83308862850703,-5.58588916154866,-3.06987227851145,1.4715744,2.6426032,-0.5152648,124.79313,81.80542,0.623103,WAL
1826807384000,39.289996,-2.01132238053567,-5.33126957276584,-2.61580060540087,1.3988814,2.5234842,-0.5195409,125.595924,81.72271,0.585646,WAL
1826812345000,39.294957,-2.14864665517956,-5.06002824920087,-2.05571975296961,1.3035865,2.3918428,-0.54092115,126.35975,81.67154,0.557745,WAL
1826817252000,39.299864,-2.27382632624309,-4.78648735023678,-1.47154784171271,1.1908818,2.2531765,-0.548557,127.08264,81.654015,0.5326616,WAL
1826822342000,39.304954,-2.40031345836299,-4.53073287603796,-0.882457916577699,1.0354166,2.1178699,-0.55955255,127.76152,81.584465,0.4915132,WAL
1826827284000,39.309896,-2.52195671399763,-4.29212504547252,-0.316348939118228,0.8567385,1.9929478,-0.5656612,128.40007,81.56027,0.45593187,WAL
1826832339000,39.314951,-2.68114875589052,-4.11647239297898,0.181263213721737,0.68325275,1.9358319,-0.5561928,128.99435,81.47758,0.40271124,WAL
1826837319000,39.319931,-2.85141161745339,-3.96985712364141,0.64002685352737,0.516792,1.8240436,-0.55680364,129.53465,81.44855,0.3607695,WAL
1826842418000,39.32503,-2.99476879029954,-3.87138185792502,0.978935502519341,0.42485678,1.7455474,-0.53878313,130.04385,81.34486,0.29246658,WAL
1826847306000,39.329918,-3.12013168797858,-3.79709269387026,1.25287663134299,0.2510656,1.6798794,-0.52015173,130.5212,81.315094,0.2274476,WAL
1826852383000,39.334995,-3.16350998295048,-3.73846092415741,1.44831940958388,0.0842994,1.6303993,-0.5112942,130.96672,81.221275,0.13344152,WAL
1826857399000,39.340011,-3.16803236359443,-3.6887142176238,1.60208205149689,-0.076052725,1.5586227,-0.4905248,131.3821,81.17657,0.0333706,WAL
1826862342000,39.344954,-3.06714713428302,-3.65078769898397,1.68920346802137,-0.21105394,1.4834863,-0.46853364,131.77405,81.11403,-0.090295136,WAL
1826867346000,39.349958,-2.88644072808212,-3.62066998208861,1.72936042388185,-0.33964106,1.3994923,-0.44501534,132.13808,81.094574,-0.21760352,WAL
1826872335000,39.354947,-2.67103098086401,-3.5727107579567,1.69894249474209,-0.45142943,1.3051136,-0.42180246,132.46887,81.0689,-0.34674343,WAL
1826877354000,39.359966,-2.43604814093585,-3.5151638643919,1.63180451901626,-0.5488624,1.212873,-0.4092797,132.77174,81.07357,-0.47636846,WAL
1826882335000,39.364947,-2.19893785734483,-3.48297787369899,1.52728604626492,-0.6536258,1.1117748,-0.3930918,133.03255,81.09709,-0.57241,WAL
1826887337000,39.369949,-1.95877339519703,-3.46376473678933,1.40240060619673,-0.7495316,1.0140363,-0.37110063,133.26347,81.14315,-0.66976315,WAL
1826892308000,39.37492,-1.67579530704184,-3.52534558158441,1.2484401662249,-0.82558435,0.91996306,-0.35460728,133.45724,81.21754,-0.7139184,WAL
1826897344000,39.379956,-1.36574964129166,-3.63028414679062,1.07672252765305,-0.89888823,0.8402451,-0.33292156,133.62312,81.315346,-0.7620068,WAL
1826902392000,39.385004,-1.07716141118941,-3.78322716920293,0.953051398916294,-0.9783007,0.76052725,-0.3051272,133.75415,81.44936,-0.7524539,WAL
1826907381000,39.389993,-0.804166333806304,-3.9606739409961,0.857503121832206,-1.0311406,0.68875057,-0.28099802,133.86238,81.59339,-0.74513304,WAL
1826912346000,39.394958,-0.626699413251831,-4.12928129992778,0.808703178276076,-1.0955868,0.6133087,-0.26450464,133.93263,81.77799,-0.6449133,WAL
1826917350000,39.399962,-0.527819098117198,-4.29243379537811,0.798815159668833,-1.1624765,0.5390886,-0.22876903,133.9825,81.9734,-0.55577606,WAL
1826922335000,39.404947,-0.558541089350764,-4.45842555584606,0.839754286498237,-1.2180653,0.46700647,-0.20708331,133.99658,82.16418,-0.35678235,WAL
1826927352000,39.409964,-0.676164561006659,-4.62780349455543,0.915033300497454,-1.2583824,0.38148534,-0.17287487,133.99075,82.36255,-0.17406078,WAL
1826932328000,39.41494,-0.871549896210526,-4.85923163557895,1.03060553126316,-1.303281,0.35155296,-0.11881329,133.9928,82.546234,0.028331626,WAL
1826937334000,39.419946,-1.13108281707268,-5.14279541404511,1.1795966627218,-1.3521502,0.31306845,-0.09162979,133.97638,82.73589,0.22448154,WAL
1826942350000,39.424962,-1.42989598939803,-5.51986893247154,1.34134700054023,-1.3716979,0.2773328,-0.031154128,133.97868,82.91071,0.34398404,WAL
1826947350000,39.429962,-1.75786883331082,-5.96794437140652,1.51226239702875,-1.4251486,0.27580565,0.039095376,133.98302,83.10509,0.449081,WAL
1826952394000,39.435006,-2.02697964007145,-6.47621457269029,1.78679817427806,-1.4795157,0.2846632,0.1151481,133.99135,83.291336,0.45408246,WAL
1826957386000,39.439998,-2.23098078898482,-7.03603143246998,2.16159096546591,-1.5448782,0.34513888,0.22388211,134.01155,83.493744,0.42759264,WAL
1826962345000,39.444957,-2.27734745,-7.7922677472837,2.68941214985915,-1.5793921,0.40225476,0.34605515,134.0249,83.69041,0.28755897,WAL
1826967347000,39.449959,-2.15204735,-8.77539122173038,3.39302024112676,-1.5406022,0.4746423,0.45448375,134.05573,83.87712,0.12077492,WAL
1826972326000,39.454938,-1.87816047246829,-9.86811108429268,4.30849035137561,-1.4407257,0.50732356,0.54702985,134.0654,83.96502,-0.1097339,WAL
1826977353000,39.459965,-1.44135433942439,-11.0939864763902,5.46391285343415,-1.255328,0.5186246,0.5946773,134.08493,84.00503,-0.35468373,WAL
1826982331000,39.464943,-0.839578276942107,-12.5568758703926,6.53404092543069,-0.9999864,0.4810564,0.57543504,134.05582,83.80917,-0.5204641,WAL
1826987335000,39.469947,-0.0139930412329728,-14.3520438295272,7.5132233346855,-0.68294734,0.41508293,0.4868596,134.01944,83.553764,-0.67743737,WAL
1826992319000,39.474931,0.811263695036438,-15.8136780063891,8.22971879824299,-0.3368922,0.33292156,0.3494149,133.92729,83.02107,-0.71581393,WAL
1826997345000,39.479957,1.64735711883798,-16.8611973578916,8.61412977657981,-0.029932396,0.23823744,0.20861048,133.8158,82.456795,-0.73478967,WAL
1827002293000,39.484905,2.4487807686135,-17.6684654201008,8.71904707026386,0.26175576,0.3109304,0.02443461,133.73718,81.77513,-0.6015714,WAL
1827007310000,39.489922,3.2322305107817,-18.1860166412689,8.45789682567447,0.49754974,0.4981606,-0.1872302,133.67758,81.08175,-0.44320518,WAL
1827012260000,39.494872,3.7994482500846,-18.4675341370558,8.20029032588833,0.6750061,0.7165449,-0.38026363,133.7054,80.40589,-0.18708944,WAL
1827017307000,39.499919,4.0620170205183,-18.4029681343842,7.93772200491584,0.77579886,0.87781334,-0.48808134,133.78006,79.73061,0.07414002,WAL
1827022277000,39.504889,4.14874340907939,-18.0795747436655,7.65942745135135,0.8176431,0.98868537,-0.52320606,133.97096,79.14584,0.43526143,WAL
1827027315000,39.509927,3.27771283439612,-16.3018580428632,7.26720893918919,0.7672467,1.0647382,-0.5103779,134.19962,78.585304,0.7791914,WAL
1827032243000,39.514855,2.36067683966333,-14.4593967274496,6.86191843286951,0.6414085,1.0827587,-0.49938235,134.477,78.10216,1.1391302,WAL
1827037317000,39.519929,1.2211570309604,-12.2512819826798,6.37963204207453,0.5748242,1.0903945,-0.45204028,134.76593,77.63674,1.4590622,WAL
1827042375000,39.524987,0.148151193288136,-10.1040902341974,5.87288164036889,0.41325033,1.0961977,-0.39675698,135.01025,77.24024,1.6636151,WAL
1827047311000,39.529923,-0.681332061491525,-8.19533608145563,5.2884731674676,0.22937989,1.0995574,-0.32589662,135.24774,76.88783,1.839643,WAL
1827052274000,39.534886,-1.50552704123769,-6.50421093886545,4.66987294852321,0.030848695,1.110553,-0.2134974,135.40807,76.58492,1.8578876,WAL
1827057332000,39.539944,-2.30490346300985,-5.72300200890764,3.91137356118143,-0.15118915,1.0830641,-0.065973446,135.5456,76.34478,1.8453991,WAL
1827062352000,39.544964,-3.06134013987575,-5.06045151784774,3.20028094940508,-0.3368922,1.0161743,0.1142318,135.64032,76.18471,1.6894324,WAL
1827067309000,39.549921,-3.3812541258608,-5.71027679372433,2.98034010687586,-0.5366451,0.8552113,0.28252518,135.6845,76.085625,1.5055946,WAL
1827072297000,39.554909,-3.64142705290792,-6.46396375282714,2.75240939191236,-0.766025,0.559858,0.4541783,135.68344,76.10996,1.177616,WAL
1827077320000,39.559932,-3.59771356365105,-7.71708458966074,2.49012830422052,-1.0458013,0.1469131,0.600786,135.59186,76.1982,0.83093697,WAL
1827082312000,39.564924,-3.66109544315425,-9.02883750779896,2.15172756010399,-1.3405437,-0.3912592,0.6914995,135.38535,76.38601,0.44614384,WAL
1827087294000,39.569906,-4.17560571295975,-10.6183070485269,1.48562037398036,-1.6334536,-0.9972375,0.7510588,135.0374,76.63705,0.063416615,WAL
1827092318000,39.57493,-4.73976415809129,-12.2533453195021,0.78327155526971,-1.8784106,-1.5189165,0.8356637,134.58607,77.01971,-0.29854888,WAL
1827097313000,39.579925,-5.64991457824107,-14.1268995022771,-0.15108500592855,-2.0592268,-1.9709567,0.9407325,133.98509,77.44378,-0.647724,WAL
1827102302000,39.584914,-6.51041875858057,-15.8687350781462,-1.06831631043242,-2.154827,-2.3499987,1.0476339,133.30386,78.01725,-1.0453415,WAL
1827107323000,39.589935,-7.06521151018034,-16.7918357537328,-1.88885013610626,-2.1181753,-2.595261,1.1588113,132.5344,78.565056,-1.4564266,WAL
1827112315000,39.594927,-7.51736666939591,-17.6760732798802,-2.61119887365951,-1.9654589,-2.5579982,1.219287,131.77519,79.20194,-1.9632387,WAL
1827117308000,39.59992,-6.74866602656016,-18.1487520895657,-2.18626500951573,-1.647809,-2.2617285,1.2156218,131.02652,79.7198,-2.481136,WAL
1827122346000,39.604958,-5.91425666601371,-18.5297507457395,-1.69636673498531,-1.2272283,-1.7837266,1.102001,130.3741,80.20764,-3.037014,WAL
1827127319000,39.609931,-4.40292981929481,-17.7834169333986,-0.497567172184133,-0.7666359,-1.5515977,0.92485,129.74812,80.53396,-3.567409,WAL
1827132532000,39.615144,-2.87509303017981,-16.9477022086383,0.706042682922201,-0.3680463,-1.1184943,0.7089091,129.35208,80.734856,-3.9733953,WAL
1827137315000,39.619927,-2.15491399308756,-15.5363170046083,1.16960614193548,-0.09621128,-1.0390818,0.59589905,128.93051,80.82223,-4.343941,WAL
1827142314000,39.624926,-1.40221171283997,-14.0611937273877,1.65410409962049,-0.029321533,-0.9477574,0.38026363,128.66925,80.82073,-4.457368,WAL
1827147313000,39.629925,-1.00399464436983,-12.3479858289978,1.5616664682799,0.0015271631,-0.86315256,0.226631,128.43399,80.7657,-4.5557623,WAL
1827152253000,39.634865,-0.689170870040331,-10.6021446029441,1.34224390123009,-0.08399397,-0.7846564,0.12217305,128.23248,80.74587,-4.608818,WAL
1827157330000,39.639942,-0.525651577438724,-9.08730610699872,0.876775140368147,-0.24190263,-0.7458665,0.062002823,128.06625,80.69168,-4.5359106,WAL
1827162246000,39.644858,-0.400526205520228,-7.67848715985825,0.376273594625455,-0.43493605,-0.79626286,0.015882496,127.90238,80.68102,-4.441459,WAL
1827167348000,39.64996,-0.317825965131895,-6.42404836767386,-0.436996347913669,-0.6236934,-0.9288206,0.01160644,127.72716,80.72446,-4.333891,WAL
1827172265000,39.654877,-0.25007178041247,-5.26771037927098,-1.2952160367482,-0.8539896,-1.1294898,0.021685716,127.52305,80.828964,-4.216856,WAL
1827177319000,39.659931,-0.48978311287919,-4.31820319008159,-2.20635582228448,-1.0931433,-1.3096951,0.09254608,127.29539,81.01509,-4.1140394,WAL
1827182307000,39.664919,-0.851350175723975,-3.47767718799764,-3.11731696393394,-1.3408492,-1.4440855,0.20372356,127.02863,81.24972,-4.023162,WAL
1827187297000,39.669909,-1.27922634753641,-2.80233530602211,-3.82530159332714,-1.5528195,-1.582141,0.34666604,126.68693,81.64833,-3.9826946,WAL
1827192371000,39.674983,-1.74602963046173,-2.19498903664911,-4.44770586573701,-1.7418822,-1.7773124,0.46303585,126.29254,82.08252,-3.962326,WAL
1827197313000,39.679925,-2.13565575180531,-1.92561801734971,-4.81773276968958,-1.9193386,-1.9981402,0.56505036,125.83683,82.61946,-4.034608,WAL
1827202303000,39.684915,-2.50763608098096,-1.75979549254431,-5.11352455464691,-2.0818288,-2.2296581,0.6414085,125.32197,83.15222,-4.1334977,WAL
1827207343000,39.689955,-2.83040839363493,-1.74807302515518,-5.36605676048396,-2.212554,-2.46759,0.6969972,124.74036,83.66835,-4.317022,WAL
1827212348000,39.69496,-3.11784862403998,-1.83380080300894,-5.58794033718043,-2.289523,-2.6655104,0.7443393,124.10545,84.10513,-4.5271854,WAL
1827217313000,39.699925,-3.21484845401141,-2.12025953963878,-5.79930995570342,-2.3328943,-2.8255572,0.8017606,123.41139,84.39619,-4.8190846,WAL
1827222299000,39.704911,-3.23754323779468,-2.4879161365019,-6.0081024973384,-2.3115141,-2.8878655,0.8741482,122.692444,84.50316,-5.1420164,WAL
1827227319000,39.709931,-3.14101329446685,-3.08888322556624,-6.19335819495294,-2.1930063,-2.85946,0.95417154,121.95555,84.37318,-5.5342407,WAL
1827232307000,39.714919,-2.96809797304788,-3.83488946509463,-6.36133318326611,-1.9685133,-2.6908615,0.9990701,121.24753,84.04667,-5.9519997,WAL
1827237287000,39.719899,-2.67400141162079,-4.60781867168937,-6.5826040373552,-1.8228219,-2.4648414,1.0778717,120.58305,96.455154,-6.406905,WAL
1827242552000,39.725164,-2.30019446207951,-5.43953932348253,-6.84426892642943,-1.5311338,-2.1340578,1.2018774,120.00613,97.08026,-6.8967505,WAL
1827247312000,39.729924,-2.06122542863675,-6.56382472552105,-6.62996611549341,-1.2241739,-1.8008307,1.3536774,119.525024,97.754486,-7.373673,WAL
1827252309000,39.734921,-1.89838300772012,-8.07520552786048,-6.00404080087197,-0.88147855,-1.5876387,1.4837917,119.11521,98.47293,-7.881976,WAL
1827257314000,39.739926,-1.95269580261341,-9.86115032741617,-5.25604718555227,-0.60231316,-1.4413365,1.5714508,118.828705,99.14461,-8.319461,WAL
1827262364000,39.744976,-2.13393736425049,-11.8214208796844,-4.43092106178501,-0.4016439,-1.2760975,1.5958854,118.61879,99.81771,-8.770664,WAL
1827267270000,39.749882,-2.17413551155378,-13.5718835988048,-3.92972802688247,-0.3494149,-1.0009027,1.5598444,118.49241,100.35916,-9.154047,WAL
1827272282000,39.754894,-2.12632782071713,-15.2594958840637,-3.6141971175996,-0.4196644,-0.6026186,1.4947872,118.454704,100.88406,-9.522855,WAL
1827277278000,39.75989,-1.69331016142772,-16.181719023332,-3.43531430912431,-0.56138515,-0.12950343,1.3884968,118.51181,101.22802,-9.807535,WAL
1827282272000,39.764884,-0.995285265101271,-16.5805909734909,-3.3498419892077,-0.7583892,0.34269542,1.2617421,118.68231,101.559525,-10.049702,WAL
1827287273000,39.769885,-0.0947594095808976,-16.2439340659863,-3.3600635047954,-0.9783007,0.7699956,1.1426234,118.9863,101.73303,-10.149268,WAL
1827292279000,39.774891,0.954985051570395,-15.3651883749133,-3.44081296808679,-1.1572843,1.1728612,1.0100657,119.41093,101.89712,-10.197851,WAL
1827297273000,39.779885,1.50185794156959,-14.441678598564,-3.02040055079082,-1.3271047,1.4327844,0.8775079,119.96257,101.885,-10.037692,WAL
1827302204000,39.784816,1.65123849638482,-13.4932303603133,-2.21421962255473,-1.5042557,1.423316,0.68630713,120.53603,101.87811,-9.835054,WAL
1827307202000,39.789814,1.80264876062462,-12.5318950744125,-1.39708470482527,-1.6963727,1.1169671,0.4541783,121.118164,101.77688,-9.438654,WAL
1827312229000,39.794841,1.9549375558094,-11.5649818126632,-0.575208508061358,-1.8118263,0.6243043,0.20311269,121.62701,101.688385,-9.013512,WAL
1827317226000,39.799838,2.00466349887374,-10.8185274593954,-0.142726774842916,-1.8558086,0.111177474,-0.007330383,121.997185,101.55642,-8.560546,WAL
1827322232000,39.804844,1.97624532412567,-10.2359545803201,-0.00537216959296581,-1.8353447,-0.12736541,-0.17837265,122.29697,101.42969,-8.0766,WAL
1827327267000,39.809879,1.80545228540031,-9.83108356394866,0.0501780804746514,-1.7412714,-0.5705481,-0.30970868,122.31242,101.308655,-7.6541677,WAL
1827332225000,39.814837,1.52044745400314,-9.58115622772186,0.0370240106288669,-1.6627752,-0.96669424,-0.3735441,122.27573,101.19726,-7.2281914,WAL
1827337205000,39.819817,1.06177433733629,-9.38800340968048,0.0493261605378045,-1.502423,-1.294118,-0.4877759,122.09945,101.09912,-6.831014,WAL
1827342231000,39.824843,0.305492374797005,-9.29156441780027,0.105159058025941,-1.3487904,-1.5558738,-0.5766568,121.83624,100.99944,-6.450683,WAL
1827347225000,39.829837,-0.416045777222114,-9.19927188660697,0.011494222271754,-1.2281445,-1.7189748,-0.6411031,121.49777,100.90683,-6.1165886,WAL
1827352303000,39.834915,-1.11659000074946,-9.1093373137045,-0.248843173254818,-1.1346822,-1.7693712,-0.6762278,121.12458,100.79092,-5.785801,WAL
1827357292000,39.839904,-1.72914605915816,-8.92989642216283,-0.532393502991314,-1.0363328,-1.6875153,-0.65118235,120.71687,100.696686,-5.5747213,WAL
1827362316000,39.844928,-2.24807984799084,-8.63139496105756,-0.853856864304667,-0.9602802,-1.5015068,-0.59223384,120.33365,100.59231,-5.371761,WAL
1827367240000,39.849852,-2.66255104642823,-8.28968575835999,-1.08453326904139,-0.8888089,-1.2968669,-0.4746423,119.95923,100.564896,-5.2975154,WAL
1827372302000,39.854914,-2.89749221924978,-7.83859811776679,-1.15031684649607,-0.86193085,-1.1224649,-0.32070425,119.639496,100.54397,-5.2485204,WAL
1827377263000,39.859875,-3.06699287670218,-7.46104453219083,-1.21762693591478,-0.8897252,-1.0122037,-0.13133603,119.32212,100.660416,-5.3284907,WAL
1827382307000,39.864919,-3.075942647522,-7.25072912320519,-1.2936984459472,-0.89980453,-0.9059132,0.03573562,119.063065,100.7802,-5.437609,WAL
1827387296000,39.869908,-3.06933222419203,-7.07908285775546,-1.37610633290451,-0.93187493,-0.79198676,0.16462818,118.81227,100.99084,-5.62838,WAL
1827392334000,39.874946,-2.94822025337308,-7.17496346438657,-1.5123571749294,-0.9560041,-0.66248333,0.2666427,118.60545,101.21751,-5.850611,WAL
1827397285000,39.879897,-2.78128778104367,-7.26577646034447,-1.6235220234673,-0.9447031,-0.56321776,0.35918877,118.42379,101.48658,-6.1074905,WAL
1827402306000,39.884918,-2.4263430781423,-7.34465290084068,-1.64817099477138,-0.9236283,-0.5006041,0.42485678,118.27441,101.765495,-6.3775535,WAL
1827407307000,39.889919,-1.98291406305852,-7.5144353379399,-1.61609941537169,-0.89736104,-0.473726,0.47311515,118.161766,102.05857,-6.647528,WAL
1827412315000,39.894927,-1.2812358859134,-7.94587255771056,-1.42171559836892,-0.8744536,-0.48930305,0.4914411,118.05863,102.346924,-6.9212008,WAL
1827417323000,39.899935,-0.719347702782609,-8.31859014371981,-1.286984037343,-0.8445212,-0.55741453,0.4896085,117.98831,102.59465,-7.1521907,WAL
1827422298000,39.90491,-0.604264099304348,-8.50272402657005,-1.34222417816425,-0.82924956,-0.66553766,0.47739118,117.903725,102.83438,-7.3812675,WAL
1827427329000,39.909941,-0.518953234242086,-8.67185133375233,-1.41974914004655,-0.8191703,-0.72601336,0.45448375,117.838036,102.98176,-7.5022526,WAL
1827432305000,39.914917,-0.585509393288641,-8.75615584697393,-1.60166924447858,-0.8142834,-0.8222246,0.44226643,117.73224,103.12158,-7.6261907,WAL
1827437614000,39.920226,-0.665267395524283,-8.84460950703629,-1.79653441289811,-0.8368854,-0.8903361,0.39370266,117.61238,103.26094,-7.7176194,WAL
1827442335000,39.924947,-0.832701898984235,-8.90679922854724,-1.97832048661517,-0.86162543,-0.9425651,0.3820962,117.47309,103.39889,-7.8175044,WAL
1827447285000,39.929897,-1.01980674866422,-8.95861801797597,-2.14930601775747,-0.8915578,-0.9502009,0.35430184,117.32724,103.56864,-7.9134026,WAL
1827452303000,39.934915,-1.29185117236071,-8.91566375856589,-2.1827149637104,-0.93951076,-0.93737274,0.344528,117.17608,103.7431,-8.010128,WAL
1827457346000,39.939958,-1.55814019058006,-8.85915462098253,-2.19987878660361,-0.9932669,-0.9275989,0.35735616,117.01809,103.96183,-8.127424,WAL
1827462313000,39.944925,-1.76932911099315,-8.70764985522633,-2.09887538571566,-1.0546589,-0.9114109,0.37965274,116.869606,104.18563,-8.240478,WAL
1827467470000,39.950082,-1.98604364300513,-8.55630595856382,-1.98690180888062,-1.1355985,-0.87109387,0.4156938,116.70898,104.46272,-8.401748,WAL
1827472298000,39.95491,-2.15810058863522,-8.48655318213819,-1.79624407431359,-1.2116512,-0.8246681,0.45356745,116.5605,104.746826,-8.563476,WAL
1827477429000,39.960041,-2.33455908419363,-8.41608484176282,-1.59732858415026,-1.2928963,-0.80664754,0.50335294,116.392784,105.06825,-8.775926,WAL
1827482309000,39.964921,-2.42780975826321,-8.3917585053353,-1.45137098893901,-1.3487904,-0.81214535,0.5580254,116.23846,105.396736,-8.992209,WAL
1827487272000,39.969884,-2.52264645814175,-8.36701842179231,-1.30293091823545,-1.3949108,-0.8332202,0.6053675,116.049126,105.747536,-9.253168,WAL
1827492330000,39.974942,-2.62546475079955,-8.42372328835242,-1.19353611402043,-1.4056009,-0.8738427,0.6600399,115.86091,106.10026,-9.524574,WAL
1827497245000,39.979857,-2.72744250742804,-8.50627632404828,-1.10127056573816,-1.4049901,-0.9272934,0.72418076,115.671005,106.4573,-9.805444,WAL
1827502307000,39.984919,-2.8052404726491,-8.66864387678375,-1.00776444652397,-1.3854424,-0.9798279,0.7684685,115.445045,106.80447,-10.114583,WAL
1827507304000,39.989916,-2.87528120746432,-8.8481231169045,-0.91583601064764,-1.3637567,-1.0280862,0.7984009,115.21228,107.14634,-10.43104,WAL
1827512318000,39.99493,-2.95093917740345,-9.08809075595727,-0.81038906914544,-1.3289373,-1.0601566,0.8258898,114.94782,107.487885,-10.777874,WAL
1827517313000,39.999925,-3.02955235078061,-9.36323747843057,-0.697382581111339,-1.2916746,-1.0800097,0.84574294,114.678345,107.81501,-11.122439,WAL
1827522298000,40.00491,-3.0324838334796,-9.64531568794255,-0.548212280065822,-1.2406673,-1.0910053,0.86162543,114.38077,108.12026,-11.476583,WAL
1827527323000,40.009935,-2.99888814783086,-9.93327845721552,-0.380233721523886,-1.1808025,-1.1090258,0.86345804,114.07923,108.40482,-11.822935,WAL
1827532306000,40.014918,-2.90512136411683,-10.288188571975,-0.249141594358832,-1.1355985,-1.1187997,0.8695667,113.75266,108.674416,-12.183339,WAL
1827537300000,40.019912,-2.7815875852573,-10.6777952388734,-0.135110418147427,-1.0516045,-1.1591167,0.8738427,113.415115,108.91302,-12.535335,WAL
1827542328000,40.02494,-2.53029004462866,-11.0577171548381,-0.0896305149356215,-0.9288206,-1.1917981,0.870483,113.04652,109.11718,-12.883561,WAL
1827547315000,40.029927,-2.21541244089587,-11.428161707388,-0.0803694083746364,-0.8151997,-1.2318097,0.86498517,112.666985,109.29862,-13.223923,WAL
1827552301000,40.034913,-1.81205312337434,-11.6623798453427,-0.200018938316344,-0.66950834,-1.2544118,0.8481864,112.26048,109.42709,-13.541484,WAL
1827557333000,40.039945,-1.34401112230136,-11.8050208243456,-0.409523447452595,-0.51343226,-1.2342533,0.820392,111.85574,109.522865,-13.843072,WAL
1827562302000,40.044914,-0.881545646877666,-11.8903390395289,-0.65004961632908,-0.36835176,-1.1753048,0.77549344,111.455734,109.56954,-14.091236,WAL
1827567347000,40.049959,-0.4116309414449,-11.9032725072276,-0.938896281315249,-0.23609942,-1.0726794,0.72051555,111.072975,109.57925,-14.315738,WAL
1827572393000,40.055005,0.0818975257182321,-11.8876413766809,-1.23572660457625,-0.12767084,-0.9089675,0.64934975,110.76663,109.551704,-14.450032,WAL
1827577422000,40.060034,0.664276814176796,-11.7621289545502,-1.56205979331804,-0.046731193,-0.70616025,0.5726862,110.49767,109.49231,-14.554164,WAL
1827582291000,40.064903,1.20058508174754,-11.5961194529947,-1.81524055184799,0.008246681,-0.5131268,0.5161811,110.32065,109.43262,-14.582668,WAL
1827587325000,40.069937,1.68030572204321,-11.3037180936315,-1.90661590508908,0.018020526,-0.35430184,0.4578435,110.18671,109.350174,-14.578127,WAL
1827592462000,40.075074,2.1060051757764,-11.1021959937888,-1.92285624658385,-0.0012217305,-0.24129178,0.3717115,110.15079,109.25885,-14.485359,WAL
1827597370000,40.079982,2.24803196029881,-11.3112910473393,-1.61907679360416,-0.065973446,-0.18417588,0.27672195,110.13867,109.16105,-14.369506,WAL
1827602204000,40.084816,2.38791734668457,-11.5172334859829,-1.31987755242572,-0.12583824,-0.160963,0.160963,110.17979,109.04195,-14.176543,WAL
1827607269000,40.089881,1.98300424953718,-11.9262242272582,-0.92682276361315,-0.18692477,-0.13927728,0.02443461,110.2274,108.91342,-13.951397,WAL
1827612214000,40.094826,1.41868694200447,-12.3847318456219,-0.518700386328333,-0.2611449,-0.15699236,-0.09162979,110.26232,108.782585,-13.705204,WAL
1827617225000,40.099837,0.850820195561064,-12.5893192784822,-0.287989884313471,-0.3042109,-0.20891592,-0.16401732,110.23796,108.59942,-13.432287,WAL
1827622245000,40.104857,0.282475178724378,-12.7589061637906,-0.0817356569457527,-0.31398472,-0.22815818,-0.1853976,110.2124,108.415955,-13.146239,WAL
1827627213000,40.109825,-0.0328424799310489,-12.9041767507313,-0.0813498302493732,-0.30085114,-0.2510656,-0.17959438,110.08158,108.22751,-12.93835,WAL
1827632192000,40.114804,-0.281917495900543,-13.04365845257,-0.136146332826369,-0.22296582,-0.20372356,-0.15943582,109.96512,108.031006,-12.730789,WAL
1827637237000,40.119849,-0.307934672650964,-13.2531133547543,-0.180101888444315,-0.12156218,-0.1160644,-0.14263703,109.79001,107.857414,-12.616178,WAL
1827642236000,40.124848,-0.298653985784627,-13.4712101744693,-0.221865008415237,0.014049901,0.0036651916,-0.13988814,109.639,107.666466,-12.501624,WAL
1827647209000,40.129821,-0.173043770203628,-13.7305280302321,-0.177306346217281,0.17531833,0.12064589,-0.16523905,109.498825,107.48258,-12.419179,WAL
1827652175000,40.134787,-0.0199885729689877,-13.9995337415643,-0.112373839884533,0.3417791,0.2312125,-0.21074851,109.39069,107.27176,-12.327136,WAL
1827657236000,40.139848,0.0932695159675411,-14.2980882877411,0.0487579443723589,0.52595496,0.33444872,-0.2593123,109.31313,107.02826,-12.223168,WAL
1827662182000,40.144794,0.189966232172094,-14.5978480970705,0.237316540365418,0.73914695,0.40439278,-0.33169982,109.25396,106.73912,-12.098212,WAL
1827667196000,40.149808,0.299146106423983,-14.8242608039712,0.285098765921744,0.9642508,0.44623706,-0.40744713,109.206696,106.38907,-11.940602,WAL
1827672261000,40.154873,0.412457043522484,-15.0319972878139,0.294541347710726,1.1936307,0.4569272,-0.49357912,109.166306,105.99051,-11.762124,WAL
1827677206000,40.159818,0.527896320642769,-15.112591276267,0.202237541866502,1.3970488,0.46883908,-0.5888741,109.11283,105.51553,-11.549518,WAL
1827682210000,40.164822,0.646369371075402,-15.1520825679852,0.0738917520074166,1.5836681,0.47678033,-0.6939429,109.05758,104.99631,-11.315687,WAL
1827687235000,40.169847,0.726782609903084,-15.0171893456681,-0.0348449543212922,1.7605137,0.51343226,-0.8081747,109.00645,104.43128,-11.04872,WAL
1827692263000,40.174875,0.797490642960352,-14.8380621080764,-0.138550100973862,1.9123137,0.5589417,-0.93218035,108.95639,103.83176,-10.756294,WAL
1827697222000,40.179834,0.830972281197269,-14.4674579418202,-0.0848646109849406,2.0564778,0.60231316,-1.0751228,108.93228,103.19036,-10.41418,WAL
1827702208000,40.18482,0.853304132608736,-14.0342201997942,0.0178618943148443,2.2159138,0.6444628,-1.2043208,108.91793,102.51774,-10.049004,WAL
1827707258000,40.18987,0.715847879401885,-13.5913158253332,0.106149080199372,2.4162774,0.64934975,-1.3066407,108.92924,101.81465,-9.654153,WAL
1827712210000,40.194822,0.484609869043233,-13.1545326843645,0.183228416985589,2.6282477,0.6197228,-1.3811663,108.94075,101.08666,-9.241697,WAL
1827717203000,40.199815,0.0806603545917079,-12.8851882626469,0.136772867480338,2.879619,0.5983425,-1.4391985,108.95452,100.33083,-8.822857,WAL
1827722257000,40.204869,-0.379900443559569,-12.6643075085931,0.0521800666181183,3.1340442,0.5332854,-1.4639386,108.94815,99.57146,-8.406001,WAL
1827727232000,40.209844,-1.02862312655009,-12.6136397177535,-0.277563872462456,3.2430835,0.4905248,-1.5033394,108.93335,98.85643,-8.016908,WAL
1827732225000,40.214837,-1.75655109690393,-12.628394797984,-0.705467454517589,3.4376442,0.5045747,-1.5625933,108.91822,98.14951,-7.626262,WAL
1827737196000,40.219808,-2.38006618346863,-12.6992343261993,-1.06741462227306,3.5564575,0.5928447,-1.6389514,108.90257,97.57631,-7.302096,WAL
1827742221000,40.224833,-2.97938958937269,-12.7880229239852,-1.41369040396125,3.5860844,0.70432764,-1.6982054,108.899704,97.07166,-6.9758983,WAL
1827747212000,40.229824,-3.54458093256644,-12.8943817469258,-1.9265222114637,3.5176675,0.82772243,-1.7192802,108.91663,96.79541,-6.782246,WAL
1827752210000,40.234822,-4.09044193355811,-13.0130470741769,-2.55307548629512,3.3783903,0.960891,-1.6942347,108.969055,83.40277,-6.5914145,WAL
1827757238000,40.23985,-4.67399531638769,-13.2373756710434,-3.0437023966523,3.1682527,1.0989466,-1.6542231,109.089165,83.434555,-6.5117335,WAL
1827762215000,40.244827,-5.27594313835822,-13.5335727694698,-3.43066906029869,2.95109,1.2281445,-1.6081028,109.24364,83.42062,-6.442304,WAL
1827767213000,40.249825,-5.89337535073384,-13.8514439408965,-3.58851807227291,2.7284296,1.2596041,-1.5830573,109.486855,83.36285,-6.4189224,WAL
1827772230000,40.254842,-6.52231063000793,-14.1849699615232,-3.58375341483538,2.5396724,1.1759156,-1.5650368,109.7301,83.29855,-6.4033875,WAL
1827777213000,40.259825,-7.07004558404786,-14.4193596428714,-3.50830424642074,2.4000895,0.9673051,-1.5848899,110.01509,83.21333,-6.4272494,WAL
1827782210000,40.264822,-7.56148085493519,-14.5815807961117,-3.37948138713858,2.289523,0.6609562,-1.6148223,110.2407,83.14485,-6.4440446,WAL
1827787194000,40.269806,-7.89996557002882,-14.6241895181556,-3.54202473887608,2.1960607,0.40561453,-1.7079792,110.47276,83.096146,-6.425518,WAL
1827792220000,40.274832,-8.12190426705091,-14.5733289087416,-3.93504166834774,2.01219,0.29901853,-1.8634444,110.65221,83.093864,-6.37472,WAL
1827797211000,40.279823,-8.17899075958395,-14.3120729355126,-3.97512312728083,1.7376062,0.3203988,-1.9788979,110.84603,83.10303,-6.297348,WAL
1827802249000,40.284861,-8.05950631768202,-13.8197957073799,-3.63578645389797,1.4547756,0.30451632,-2.0525072,110.99128,83.161,-6.186198,WAL
1827807235000,40.289847,-7.75955144056998,-13.1409713781733,-3.42895139701391,1.212262,0.17715092,-2.0796907,111.17145,83.27389,-6.0437493,WAL
1827812260000,40.294872,-7.24934272595078,-12.237574033557,-3.36810090022371,1.1475104,0.18784106,-2.0277672,111.37476,83.394875,-5.9069114,WAL
1827817195000,40.299807,-6.61315654006652,-11.5199919118654,-3.34970912844566,1.1588113,0.28130344,-1.8759671,111.566666,83.50829,-5.7661633,WAL
1827822242000,40.304854,-5.76212017354006,-11.0377375594248,-3.39226087271838,1.1655309,0.6243043,-1.78617,111.824326,83.62859,-5.630697,WAL
1827827200000,40.309812,-4.8001814648619,-10.63441369309,-3.16852694138997,1.2351695,0.95142263,-1.6511687,112.10726,83.72184,-5.4977703,WAL
1827832245000,40.314857,-3.59579941515605,-10.3501793287466,-2.46516782073985,1.3316863,1.1267409,-1.5063937,112.43682,83.7805,-5.401677,WAL
1827837222000,40.319834,-2.54867872510373,-10.1180963224659,-1.85821271920569,1.4263704,1.2189816,-1.378112,112.82253,83.86871,-5.265252,WAL
1827842263000,40.324875,-1.74263642116183,-9.97024292590397,-1.40034260367516,1.5619824,1.3072516,-1.3081679,113.25034,83.911476,-5.161063,WAL
1827847216000,40.329828,-1.09994068762309,-9.81785738042312,-1.08272258807644,1.6936239,1.426065,-1.2861768,113.637886,83.956055,-5.016648,WAL
1827852305000,40.334917,-0.743576454518865,-9.64680258028663,-1.02570430482597,1.820073,1.5311338,-1.2718215,114.03968,83.95956,-4.894995,WAL
1827857309000,40.339921,-0.45840805243431,-9.51359938425225,-0.78337375136724,2.0164661,1.6701056,-1.2812898,114.46112,83.94779,-4.700648,WAL
1827862313000,40.344925,-0.326084851753808,-9.46237735806538,-0.104683776378374,2.1438315,1.6749926,-1.246776,114.865364,83.89701,-4.5285254,WAL
1827867259000,40.349871,-0.18801111980456,-9.41192135830619,0.536925095765472,2.1087067,1.5476271,-1.1878275,115.284615,83.836815,-4.307008,WAL
1827872319000,40.354931,0.113330744690554,-9.36408959934854,0.551274698371335,1.9651535,1.4978416,-1.1166617,115.71706,83.746414,-4.1083093,WAL
1827877495000,40.360107,0.422340527607935,-9.30426499066511,0.57173648243874,1.8191566,1.5674802,-1.0705414,116.14839,83.5605,-3.8640313,WAL
1827882333000,40.364945,0.72177026646082,-9.09632761170451,0.671546393942196,1.720502,1.5436565,-1.0097603,116.52942,83.35714,-3.6495852,WAL
1827887400000,40.370012,1.03537309547437,-8.87854780616641,0.776080668764025,1.6258179,1.5005904,-0.9275989,116.93596,83.15987,-3.4037967,WAL
1827892489000,40.375101,0.88262082886785,-8.3106359504142,-0.590152207185405,1.5115861,1.6007724,-0.8216137,117.36806,82.96447,-3.1933901,WAL
1827897356000,40.379968,0.638996875325444,-7.69468081390533,-2.20358621181953,1.4727961,1.8161024,-0.7247916,117.812614,82.75511,-3.0133948,WAL
1827902306000,40.384918,0.353006203609108,-7.34944043349146,-3.04995842675522,1.4676038,2.05434,-0.6414085,118.30308,82.5257,-2.8149583,WAL
1827907359000,40.389971,0.0499847585032258,-7.07855773290323,-3.68354882322581,1.464244,2.268448,-0.571159,118.83893,82.29202,-2.6523376,WAL
1827912300000,40.394912,-0.194153757813967,-6.81300147022878,-4.04399260969296,1.4654657,2.4602597,-0.4990769,119.49768,82.239845,-2.554059,WAL
1827917288000,40.3999,-0.414641334834236,-6.54458175475617,-4.27885974186233,1.491733,2.5463917,-0.43463063,120.17682,82.18344,-2.4769063,WAL
1827922294000,40.404906,-0.618870471588938,-6.30800767277273,-4.3965830049903,1.5115861,2.6328292,-0.4089743,120.9982,82.147766,-2.4240105,WAL
1827927321000,40.409933,-0.81539095334728,-6.08692206987448,-4.4555391623431,1.5286902,2.6685648,-0.36896262,121.8205,82.10674,-2.393747,WAL
1827932307000,40.414919,-1.00985369037412,-5.83820070266944,-4.36100229931527,1.5494597,2.6520715,-0.34422258,122.669304,82.07583,-2.3917625,WAL
1827937305000,40.419917,-1.20460016271708,-5.57695548570011,-4.20425510961596,1.5601498,2.6316075,-0.3390302,123.5211,82.04998,-2.3954084,WAL
1827942322000,40.424934,-1.38958376863689,-5.3105273688583,-3.93439235537158,1.5671748,2.5751023,-0.33292156,124.376915,82.00343,-2.4223495,WAL
1827947311000,40.429923,-1.56896079507124,-5.04376153344243,-3.61703297874471,1.5494597,2.510656,-0.3313944,125.22035,81.968895,-2.4477518,WAL
1827952305000,40.434917,-1.73194745788843,-4.76774172476799,-3.24206680742441,1.4926492,2.4587326,-0.32650748,126.049614,81.908264,-2.5014954,WAL
1827957316000,40.439928,-1.88519169867279,-4.48519773239198,-2.83022306345674,1.4016303,2.3811526,-0.32834008,126.85004,81.870026,-2.5503502,WAL
1827962309000,40.444921,-1.98965068582117,-4.22116460831204,-2.35569702630474,1.3271047,2.3289237,-0.33353242,127.63165,81.783134,-2.6265657,WAL
1827967307000,40.449919,-2.06389369571168,-3.96786510187044,-1.84036350679745,1.2366967,2.2455406,-0.33567044,128.37964,81.73208,-2.6993554,WAL
1827972293000,40.454905,-2.13872724204726,-3.72565698522836,-1.32330228068242,1.1178834,2.1502457,-0.3323107,129.09259,81.6361,-2.7945201,WAL
1827977318000,40.45993,-2.21521884954965,-3.49618194972979,-0.798059483183215,0.9764681,2.043955,-0.3491095,129.77736,81.57838,-2.8806176,WAL
1827982304000,40.464916,-2.3044534397365,-3.34141945673338,-0.309037192547521,0.8023715,1.9477439,-0.3454443,130.40878,81.464714,-2.9855797,WAL
1827987304000,40.469916,-2.40558634730967,-3.24991824985417,0.153284772654129,0.6417139,1.8661933,-0.33414328,131.01228,81.3902,-3.0856323,WAL
1827992315000,40.474927,-2.49471506423803,-3.24621786290276,0.574116358211901,0.49235737,1.790446,-0.3222314,131.56575,81.27143,-3.1974843,WAL
1827997313000,40.479925,-2.57344785460087,-3.31568798342525,0.958517417730044,0.34208453,1.7217237,-0.31031954,132.09505,81.19669,-3.3107455,WAL
1828002301000,40.484913,-2.63454056929765,-3.42548084404611,1.29483907394745,0.19822577,1.6401732,-0.29932398,132.5759,81.07224,-3.439886,WAL
1828007310000,40.489922,-2.67671422572043,-3.58011763319332,1.5806829409788,0.059864793,1.5344934,-0.29565877,133.02702,80.98602,-3.567566,WAL
1828012307000,40.494919,-2.67779837189319,-3.70792404878499,1.7887011357849,-0.09040806,1.4422529,-0.28252518,133.43446,80.864845,-3.7069576,WAL
1828017308000,40.49992,-2.6246964203548,-3.800852637254,1.89490522369029,-0.24312437,1.393689,-0.2611449,133.81999,80.778336,-3.8478153,WAL
1828022276000,40.504888,-2.55343608756897,-3.87845138292762,1.96609264076598,-0.40225476,1.2913691,-0.25534168,134.14534,80.677315,-3.9802265,WAL
1828027320000,40.509932,-2.42800818433409,-3.91503448953803,1.93996185032998,-0.47678033,1.1957687,-0.24465153,134.45331,80.58931,-4.1182694,WAL
1828032295000,40.514907,-2.28109207300644,-3.91638274611194,1.84029324606241,-0.6221663,1.0891727,-0.24037547,134.72028,80.53949,-4.2339163,WAL
1828037310000,40.519922,-2.10030427885092,-3.86880706310054,1.63571761040119,-0.7648033,0.9914343,-0.25167647,134.95857,80.50672,-4.344101,WAL
1828042308000,40.52492,-1.92866723051563,-3.85372868199819,1.41337644505981,-0.9077458,0.91538155,-0.23854288,135.17314,80.51205,-4.4344845,WAL
1828047315000,40.529927,-1.76961755293999,-3.88746647104232,1.16275271832345,-1.03786,0.8454375,-0.23915374,135.35909,80.550674,-4.5132585,WAL
1828052290000,40.534902,-1.63517551049565,-3.92030808889313,0.968816877461561,-1.1548407,0.7742717,-0.23732115,135.54178,80.655396,-4.561112,WAL
1828057334000,40.539946,-1.53368383336835,-3.95260086459746,0.853485487489256,-1.2461652,0.7076874,-0.24281894,135.70337,80.783165,-4.6031423,WAL
1828062241000,40.544853,-1.486724359067,-4.01875227763772,0.790036696079404,-1.3454307,0.6337727,-0.22204952,135.86475,80.98512,-4.622818,WAL
1828067307000,40.549919,-1.55895676984615,-4.16803269046154,0.838191603076923,-1.4181237,0.5320636,-0.21380283,135.998,81.19991,-4.632726,WAL
1828072256000,40.554868,-1.66163485061511,-4.31587478517868,0.912051973052138,-1.4837917,0.4083634,-0.21288654,136.11926,81.45369,-4.6240106,WAL
1828077319000,40.559931,-1.84626751186292,-4.47210224669986,1.05407708187854,-1.5473217,0.27397305,-0.21013765,136.20679,81.71594,-4.6132674,WAL
1828082265000,40.564877,-2.02572731108871,-4.70790689922379,1.1798722384879,-1.5876387,0.160963,-0.18417588,136.27097,81.955986,-4.6216626,WAL
1828087334000,40.569946,-2.20679178669355,-5.21195103893145,1.26795766181452,-1.6362026,0.046731193,-0.14538592,136.29506,82.20138,-4.6296787,WAL
1828092384000,40.574996,-2.37213321252423,-5.69167547824738,1.36919005688251,-1.7131716,-0.038179077,-0.11484267,136.29053,82.4011,-4.6804137,WAL
1828097380000,40.579992,-2.49735948290035,-6.10909650864676,1.50369234369911,-1.7922786,-0.10262536,-0.03940081,136.25577,82.585526,-4.7520213,WAL
1828102288000,40.5849,-2.58850331003861,-6.60881776955903,1.70231677982117,-1.8329011,-0.1151481,0.05681047,136.21202,82.724365,-4.8692746,WAL
1828107390000,40.590002,-2.5537515984556,-7.49250340184922,2.17891133346881,-1.8234328,-0.062002823,0.17684549,136.16502,82.833984,-5.0138874,WAL
1828112324000,40.594936,-2.4107697931757,-8.48025785049386,2.73477026429213,-1.7214183,0.032986723,0.30024028,136.11583,82.86435,-5.202469,WAL
1828117343000,40.599955,-1.91682618258007,-9.90933760520802,3.60276833253517,-1.5479325,0.10476339,0.37232238,136.0722,82.84943,-5.4085627,WAL
1828122324000,40.604936,-1.35033356961669,-11.4795345799127,4.52612432207666,-1.4382823,0.21594086,0.42332962,136.06334,82.735176,-5.6138153,WAL
1828127350000,40.609962,-0.528265256118389,-13.5627303737991,5.66113900077632,-1.1319333,0.30879238,0.43799037,136.06677,82.54677,-5.8255525,WAL
1828132307000,40.614919,0.272346651003125,-15.4482254604295,6.76753991057566,-0.7528914,0.32650748,0.36377025,136.07727,82.31222,-5.842635,WAL
1828137301000,40.619913,1.0293555882347,-16.5234675445105,7.81867344581107,-0.33628133,0.23396139,0.29016098,136.0815,82.01734,-5.866392,WAL
1828142334000,40.624946,1.77255670066372,-17.5033623971239,8.6830386659292,0.08032878,0.20586158,0.12614368,136.09505,81.727325,-5.718027,WAL
1828147324000,40.629936,2.42613720569187,-18.0367991177595,8.71667901387772,0.43249258,0.28008172,-0.05009095,136.12082,81.37502,-5.5584598,WAL
1828152314000,40.634926,3.07544935220013,-18.5120041631423,8.69313667317556,0.7367035,0.52564955,-0.25320363,136.1749,80.95769,-5.2472754,WAL
1828157312000,40.639924,3.70859404031315,-18.7532025250607,8.43901717924953,0.9819659,0.8943067,-0.4092797,136.30095,80.47049,-4.9318824,WAL
1828162640000,40.645252,4.33510835155829,-18.9365602552572,8.1673173024264,1.1337659,1.2131784,-0.441961,136.5267,80.008194,-4.5314326,WAL
1828167347000,40.649959,3.82468107866925,-17.47819582077,7.90967308650922,1.187522,1.3784174,-0.4373795,136.82465,79.50338,-4.137372,WAL
1828172287000,40.654899,3.24764451039361,-15.8862583102685,7.61435970997979,1.1432343,1.4352279,-0.398895,137.23262,79.07228,-3.6782243,WAL
1828177294000,40.659906,2.34778310701569,-13.8050410094312,7.12520438423636,1.0122037,1.4312572,-0.3475823,137.66878,78.63233,-3.2610154,WAL
1828182463000,40.665075,1.41750482082747,-11.6665320253307,6.6145602879257,0.8344419,1.3906348,-0.2996294,138.08276,78.16339,-2.9581757,WAL
1828187332000,40.669944,0.525074759482128,-9.77668003720799,6.06335330959752,0.6414085,1.344209,-0.258396,138.49039,77.7335,-2.6829326,WAL
1828192327000,40.674939,-0.390449610289896,-7.83792245235013,5.49788219504644,0.42394048,1.3041973,-0.21135938,138.83829,77.3133,-2.5732076,WAL
1828197346000,40.679958,-1.02248092271176,-6.14264190004267,4.83034986558566,0.20250183,1.2779301,-0.15607607,139.17212,76.95267,-2.4796562,WAL
1828202517000,40.685129,-1.62828216842665,-4.50537108059182,4.14931749931341,-0.017104227,1.235475,-0.053450707,139.48232,76.65448,-2.4123433,WAL
1828207382000,40.689994,-1.99322609043613,-3.9557027181027,3.69876933651484,-0.23823744,1.1597277,0.06627888,139.72787,76.39072,-2.5151553,WAL
1828212686000,40.695298,-2.3925064365025,-3.39305440069519,3.21654775132674,-0.44959682,1.0164797,0.21105394,139.9157,76.1915,-2.7371478,WAL
1828217333000,40.699945,-2.77161122634877,-3.66322100691276,2.981241289249,-0.6792821,0.91996306,0.3576616,140.079,76.050186,-2.989634,WAL
1828222281000,40.704893,-3.17527176006071,-3.9508871070988,2.73069332833643,-0.7993172,0.65301496,0.42149702,140.14243,75.95928,-3.2969613,WAL
1828227333000,40.709945,-3.48993154424294,-4.82788747463871,2.61353287534712,-1.073901,0.25992316,0.56230146,140.1219,75.94903,-3.6494963,WAL
1828232337000,40.714949,-3.79320887345801,-5.7467724625673,2.50942273400397,-1.3655893,-0.21991149,0.6591236,139.99567,75.961624,-3.9820843,WAL
1828237312000,40.719924,-4.29714054394853,-8.78873609497387,1.85991056188179,-1.6316211,-0.84482664,0.7076874,139.71458,76.04162,-4.3638077,WAL
1828242298000,40.72491,-4.8491353513068,-12.3311033479292,1.0823177740953,-1.851838,-1.4165965,0.79137594,139.30325,76.153595,-4.7550673,WAL
1828247321000,40.729933,-5.79104590510949,-14.367035161612,0.0825395113909735,-2.035403,-1.9373591,0.90194255,138.7365,76.32769,-5.1681757,WAL
1828252238000,40.73485,-6.79799008029197,-16.0226831351907,-0.943768883473836,-2.1099286,-2.3649647,0.9947941,138.03244,76.491905,-5.571823,WAL
1828257328000,40.73994,-7.52437492740142,-16.9868445970677,-1.72385328029323,-2.0912971,-2.6505444,1.0855075,137.31696,76.85188,-5.987655,WAL
1828262258000,40.74487,-8.17839600525784,-17.8031783230536,-2.43516110769464,-1.9385809,-2.720183,1.14018,136.54309,77.14009,-6.404779,WAL
1828267274000,40.749886,-7.41285822836753,-18.2570504808207,-1.94169114085638,-1.6194037,-2.4770586,1.112691,135.82185,77.443474,-6.9176745,WAL
1828272248000,40.75486,-6.46856190425216,-18.6583767020517,-1.29484810214095,-1.1835514,-2.0250182,1.0042624,135.14659,77.62229,-7.4201946,WAL
1828277329000,40.759941,-5.01094151825726,-18.1965162724758,-0.0402411778008299,-0.7287622,-1.4987578,0.816116,134.5934,77.737045,-7.9548683,WAL
1828282245000,40.764857,-3.52720442258447,-17.6197658294803,1.262098577623,-0.2910773,-1.1481212,0.59437186,134.13086,77.73628,-8.4456415,WAL
1828287310000,40.769922,-2.61975763334275,-16.0723607196948,1.73624973395498,0.03481932,-0.97097033,0.3707952,133.8025,77.71597,-8.747203,WAL
1828292315000,40.774927,-1.83872519126872,-14.3658268428935,2.04324522373552,0.2003638,-0.8729264,0.20463985,133.56079,77.66055,-9.004486,WAL
1828297311000,40.779923,-1.38182055356575,-12.4801256736194,1.99426256821613,0.24831672,-0.70616025,0.086437434,133.39885,77.59164,-9.040365,WAL
1828302295000,40.784907,-1.04522073254867,-10.5316395862137,1.81411047254668,0.18997909,-0.5513059,-0.002443461,133.26933,77.54109,-9.04109,WAL
1828307325000,40.789937,-0.833541700733676,-8.9140954788576,1.17369954397013,0.081855945,-0.49510628,-0.060170226,133.17255,77.48972,-8.956343,WAL
1828317222000,40.799834,-0.517889810063074,-6.00627168215763,-0.447603344706832,-0.2947425,-0.6395759,-0.077579886,133.02345,77.475006,-8.756215,WAL
1828322284000,40.804896,-0.356443930445555,-4.51901250676153,-1.27684808780906,-0.4297437,-0.82527894,-0.07452556,132.9076,77.49649,-8.641419,WAL
1828327237000,40.809849,-0.618854193231209,-3.36447321478758,-2.13330410700572,-0.7257079,-1.0390818,0.00061086525,132.76266,77.624954,-8.544056,WAL
1828332236000,40.814848,-1.02954194325368,-2.30353001286765,-3.01334931479779,-1.0201449,-1.169807,0.124005646,132.58897,77.769005,-8.458195,WAL
1828337212000,40.819824,-1.43553545510164,-1.60506978240813,-3.642780672586,-1.2950343,-1.3228287,0.2724459,132.32123,78.05022,-8.4101515,WAL
1828342239000,40.824851,-1.84487936825645,-1.00281670946052,-4.2073929039093,-1.6255124,-1.5683966,0.39553526,131.98782,78.37523,-8.382755,WAL
1828347241000,40.829853,-2.18812769645106,-0.722180038609044,-4.61870143674871,-1.9404135,-1.8521434,0.5122105,131.58362,78.73017,-8.470951,WAL
1828352247000,40.834859,-2.50828651719138,-0.557526934211029,-4.97544985746995,-2.2397375,-2.1536055,0.6059783,131.10199,79.09069,-8.584584,WAL
1828357279000,40.839891,-2.7320236848909,-0.631379281620008,-5.29816436463565,-2.4831672,-2.4932466,0.68111473,130.52972,79.40738,-8.798793,WAL
1828362241000,40.844853,-2.89831472717168,-0.836797660111157,-5.59651018130918,-2.6251934,-2.807842,0.7501425,129.87843,79.658905,-9.042283,WAL
1828367249000,40.849861,-2.91689177874016,-1.26390851915748,-5.93108247417323,-2.6639833,-3.0466905,0.81183994,129.15567,79.79157,-9.3681135,WAL
1828372268000,40.85488,-2.86958276377953,-1.78903895077756,-6.28116938248031,-2.6215281,-3.1209106,0.8561276,128.39378,79.80111,-9.721707,WAL
1828377307000,40.859919,-2.61473078807762,-2.37045986513303,-6.67524708371674,-2.4654522,-3.0592132,0.8958339,127.61662,79.66283,-10.124017,WAL
1828382248000,40.86486,-2.26450012577516,-2.96679853502701,-7.08227196624325,-2.2745566,-2.8735101,0.97035944,126.860664,79.376335,-10.565087,WAL
1828387238000,40.86985,-2.00240502619094,-3.83735667044697,-7.18676475900804,-2.0109684,-2.5793786,1.1007792,126.18695,78.983376,-11.015844,WAL
1828392253000,40.874865,-1.7858519975691,-4.84950661217408,-7.13498038613997,-1.6655241,-2.2519548,1.2238685,125.586945,101.52362,-11.496838,WAL
1828397340000,40.879952,-1.61292304834765,-6.08621186930545,-6.86899343936707,-1.3115277,-1.9883664,1.3139712,125.109634,102.03702,-11.914394,WAL
1828402348000,40.88496,-1.46964997485997,-7.42491908722928,-6.48394701053958,-1.0384709,-1.7873917,1.3991868,124.72125,102.63493,-12.368746,WAL
1828407421000,40.890033,-1.46637644727794,-9.1628084512894,-5.91580484240688,-0.8179486,-1.5974126,1.4834863,124.4351,103.19323,-12.759109,WAL
1828412353000,40.894965,-1.59688058919361,-11.2122056111339,-5.195615750307,-0.657291,-1.5021176,1.5112807,124.18923,103.77221,-13.155925,WAL
1828417346000,40.899958,-1.659230816528,-13.0936061286342,-4.6842197728335,-0.57818395,-1.3069462,1.4996742,124.0345,104.24646,-13.463155,WAL
1828422346000,40.904958,-1.663707211779,-14.8170197025334,-4.35296615032252,-0.56291234,-1.03786,1.4373659,123.93361,104.713585,-13.756984,WAL
1828427335000,40.909947,-1.39180063234171,-16.0621118969438,-4.12201355381245,-0.63621616,-0.6536258,1.3130548,123.900856,105.02201,-13.943862,WAL
1828432346000,40.914958,-0.711029212383436,-16.6127364875352,-4.03691718773339,-0.80573124,-0.18173242,1.1887437,123.97109,105.32331,-14.1021,WAL
1828437343000,40.919955,0.00523056132481753,-16.528606409854,-3.78868261142336,-1.0277808,0.29138273,1.0604621,124.144745,105.465904,-14.116635,WAL
1828442358000,40.92497,0.763331849180657,-15.7792693195255,-3.36800217337591,-1.25319,0.68661255,0.9419542,124.42632,105.609215,-14.095176,WAL
1828447241000,40.929853,1.34863267397345,-14.9797557227539,-2.82525855788824,-1.4721853,0.89949906,0.8445212,124.802475,105.61275,-13.8918085,WAL
1828452346000,40.934958,1.55491785921581,-13.9583921681589,-1.90452208181538,-1.7165314,0.90102625,0.6994407,125.219734,105.6334,-13.653613,WAL
1828457333000,40.939945,1.69700735429688,-13.0212452299805,-1.11807354106445,-1.9336939,0.68294734,0.4896085,125.63802,105.519,-13.262505,WAL
1828462348000,40.94496,1.72983875703125,-12.1910790751953,-0.536488251855469,-2.069917,0.38026363,0.2687807,126.02167,105.42494,-12.849797,WAL
1828467243000,40.949855,1.7459488319907,-11.4409268881681,-0.0719716365608056,-2.1346686,0.053145275,0.06505715,126.3227,105.21251,-12.383118,WAL
1828472349000,40.954961,1.7222757390395,-10.8112223190356,0.150555595383424,-2.1233675,-0.25137106,-0.13561209,126.53574,104.9909,-11.885118,WAL
1828477274000,40.959886,1.62593355232522,-10.2775217468432,0.381464824521096,-2.0500638,-0.55680364,-0.28588495,126.576805,104.81331,-11.441119,WAL
1828482344000,40.964956,1.27203115719125,-9.98343364089929,0.675552711863258,-1.9187278,-0.8680395,-0.41172317,126.527565,104.607796,-10.974288,WAL
1828487311000,40.969923,0.848809354669636,-9.75260937787676,0.898783648700817,-1.7553213,-1.2308935,-0.5036584,126.34049,104.41901,-10.544266,WAL
1828492316000,40.974928,0.230533883195991,-9.66364893986637,0.961056001753897,-1.5861117,-1.5314392,-0.56077427,126.08635,104.2029,-10.11077,WAL
1828497322000,40.979934,-0.393634953930228,-9.5660213784029,0.983961358187134,-1.4205672,-1.7201965,-0.6035349,125.72531,103.98517,-9.749975,WAL
1828502342000,40.984954,-1.05771570101633,-9.41090702268603,0.746443434210526,-1.2504412,-1.7589865,-0.6044512,125.32981,103.73969,-9.399959,WAL
1828507344000,40.989956,-1.66667853055893,-9.23553196871203,0.507192587033414,-1.1157454,-1.6401732,-0.5626069,124.91704,103.522,-9.164746,WAL
1828512346000,40.994958,-1.98265172748655,-8.94450452113349,0.25358257961682,-1.0070114,-1.5460999,-0.4633413,124.49757,103.291336,-8.954542,WAL
1828517311000,40.999923,-2.2962876576636,-8.65562981557021,0.00184853586964069,-0.9624182,-1.3469579,-0.39828414,124.154854,103.12032,-8.8354645,WAL
1828522341000,41.004953,-2.44731947306391,-8.33482484127016,-0.175669485914394,-0.86834496,-1.1667526,-0.24098633,123.84829,102.95716,-8.770331,WAL
1828527297000,41.009909,-2.56543280286681,-8.0135564579136,-0.33630359520645,-0.81061816,-1.0070114,-0.07269296,123.60047,102.811386,-8.721367,WAL
1828532332000,41.014944,-2.50502110249849,-7.88164528530123,-0.581854198970381,-0.7837401,-0.8558222,0.0711658,123.36201,102.81108,-8.78695,WAL
1828537276000,41.019888,-2.40961963435422,-7.7910139353919,-0.839438063342736,-0.77396625,-0.700357,0.18600847,123.17872,102.82876,-8.88316,WAL
1828542364000,41.024976,-2.09015901729872,-7.80552193632123,-1.04766497253093,-0.77579886,-0.5656612,0.28191432,123.01359,102.9393,-9.044866,WAL
1828547245000,41.029857,-1.74414996568647,-7.83870105597242,-1.23725895917664,-0.7779369,-0.45631635,0.35796702,122.89069,103.064224,-9.224669,WAL
1828552342000,41.034954,-1.04473152585832,-7.99502315851698,-1.15640960668684,-0.786489,-0.398895,0.41874814,122.80973,103.22906,-9.402699,WAL
1828557324000,41.039936,-0.309178783117374,-8.16650140272392,-1.03456957343233,-0.7806858,-0.41416663,0.453262,122.74188,103.39773,-9.589885,WAL
1828562312000,41.044924,-0.0105338992946741,-8.2859406668723,-0.960640571346905,-0.7742717,-0.49938235,0.45845437,122.70861,103.54516,-9.717354,WAL
1828567268000,41.04988,0.15050533844746,-8.38842071869217,-0.902080870767016,-0.7602218,-0.6072,0.44440445,122.66531,103.6889,-9.847863,WAL
1828572300000,41.054912,0.174565687234043,-8.43431450455927,-0.994154058723404,-0.7266242,-0.73731434,0.42638394,122.66302,103.67068,-9.823267,WAL
1828577319000,41.059931,0.16543461119016,-8.46627296799012,-1.12198912333777,-0.71868294,-0.8167268,0.39400807,122.642395,103.65019,-9.79435,WAL
1828582308000,41.06492,0.0321578302372035,-8.50372239367458,-1.28237942821473,-0.70432764,-0.84482664,0.35888332,122.58601,103.6102,-9.743531,WAL
1828587289000,41.069901,-0.151464387287765,-8.54342477767374,-1.45607610156055,-0.70402217,-0.8576548,0.31764993,122.510254,103.56505,-9.686512,WAL
1828592326000,41.074938,-0.371179859059311,-8.49093364484187,-1.63922569865616,-0.7110472,-0.84635377,0.28008172,122.45156,103.51648,-9.6154375,WAL
1828597284000,41.079896,-0.596666848597555,-8.41417206234213,-1.82153436942508,-0.7247916,-0.8219192,0.24587326,122.39217,103.46404,-9.536213,WAL
1828602304000,41.084916,-0.856616166187964,-8.34983152510747,-1.97104270723916,-0.7519751,-0.78954333,0.23945917,122.34774,103.44397,-9.478335,WAL
1828607396000,41.090008,-1.12816865594959,-8.28789825937866,-2.11396508859906,-0.79076505,-0.73975784,0.2434298,122.31514,103.42637,-9.414152,WAL
1828612313000,41.094925,-1.41932904851025,-8.20077217624482,-2.13048703524896,-0.84116143,-0.7086037,0.2519819,122.249504,103.51401,-9.412014,WAL
1828617303000,41.099915,-1.72340546624583,-8.10424004413696,-2.11118060882739,-0.88056225,-0.64873886,0.27977628,122.20927,103.61056,-9.4129715,WAL
1828622332000,41.104944,-1.97729218387338,-8.02302680445776,-1.99081892483611,-0.9578367,-0.5830709,0.3203988,122.15431,103.794136,-9.468763,WAL
1828627319000,41.109931,-2.21434543187863,-7.94699070013111,-1.84321965073047,-1.0375546,-0.54061574,0.38056904,122.114044,103.99201,-9.534796,WAL
1828632307000,41.114919,-2.42000605028098,-7.92305837326235,-1.74223387988761,-1.1239921,-0.5479461,0.4343252,122.05122,104.253624,-9.6676,WAL
1828637311000,41.119923,-2.60899301567584,-7.92778313989944,-1.66663909372967,-1.1838568,-0.569021,0.5021312,122.002144,104.53485,-9.81698,WAL
1828642318000,41.12493,-2.75803464784946,-7.98257720609319,-1.58465254023298,-1.2528846,-0.5830709,0.5705481,121.91702,104.864395,-10.033642,WAL
1828647310000,41.129922,-2.88178942921147,-8.0682533255675,-1.49897617225209,-1.2938126,-0.605062,0.63804877,121.8291,105.20558,-10.266099,WAL
1828652305000,41.134917,-2.96618835133857,-8.18707425011825,-1.40760575748747,-1.3228287,-0.64721173,0.6960809,121.70862,105.58155,-10.550254,WAL
1828657323000,41.139935,-3.02528706190521,-8.32800262737679,-1.31213848549806,-1.3387111,-0.6914995,0.74128497,121.586235,105.964745,-10.845278,WAL
1828662312000,41.144924,-3.06841720854005,-8.5263105474342,-1.1948231671085,-1.3387111,-0.72418076,0.7877107,121.44121,106.35612,-11.175802,WAL
1828667302000,41.149914,-3.0955645660481,-8.78420926263965,-1.05456221369059,-1.3072516,-0.7703011,0.818254,121.2833,106.7402,-11.510827,WAL
1828672293000,41.154905,-3.12011318705234,-9.08245324655647,-0.865883172658402,-1.2977833,-0.80939645,0.8362745,121.105774,107.11533,-11.858367,WAL
1828677320000,41.159932,-3.14051690546726,-9.44972092371265,-0.595533706586141,-1.2498302,-0.86315256,0.84635377,120.913795,107.47095,-12.207815,WAL
1828682307000,41.164919,-3.12209439609652,-9.8349935776133,-0.407115757744094,-1.2073752,-0.92057395,0.8426886,120.6956,107.78959,-12.553011,WAL
1828687331000,41.169943,-3.06355570369056,-10.2447641188279,-0.299794926938051,-1.1475104,-0.97249746,0.8341365,120.46509,108.087494,-12.893785,WAL
1828692331000,41.174943,-2.95885890155217,-10.6384095303248,-0.200878954012647,-1.0855075,-1.0103711,0.8338311,120.20428,108.31492,-13.221707,WAL
1828697313000,41.179925,-2.81257431197662,-11.0178348697902,-0.109451053307464,-1.001819,-1.0381655,0.81153446,119.93013,108.51453,-13.534485,WAL
1828702309000,41.184921,-2.57530910365963,-11.3219337688188,-0.135528484706932,-0.90469146,-1.0546589,0.8002335,119.64129,108.65408,-13.816088,WAL
1828707346000,41.189958,-2.21649936030943,-11.527651482892,-0.317325399357334,-0.7968737,-1.0512991,0.79504114,119.3496,108.77024,-14.085162,WAL
1828712321000,41.194933,-1.79552287270804,-11.6584078076816,-0.555204248974859,-0.68019843,-1.0067059,0.7828238,119.06971,108.80353,-14.294345,WAL
1828717304000,41.199916,-1.28196296568327,-11.6893986559978,-0.873965589386771,-0.6038403,-0.93645644,0.7675522,118.79758,108.82593,-14.493476,WAL
1828722286000,41.204898,-0.74677907079646,-11.682778317952,-1.18827470063211,-0.45875978,-0.820392,0.7483099,118.56768,108.823586,-14.631731,WAL
1828727322000,41.209934,-0.142140718348083,-11.5659152109145,-1.49313436165192,-0.3155119,-0.6814202,0.73364913,118.36473,108.80851,-14.758474,WAL
1828732238000,41.21485,0.454286024883106,-11.3703543041269,-1.72781443297418,-0.17928895,-0.5235115,0.6963864,118.25415,108.75885,-14.781567,WAL
1828737305000,41.219917,1.08071021131734,-11.0152162161008,-1.85112630056922,-0.065973446,-0.3659083,0.6554584,118.18251,108.687004,-14.792267,WAL
1828742284000,41.224896,1.62991435695422,-10.7200088705542,-1.88541990112771,-0.015882496,-0.22968534,0.6053675,118.20027,108.58127,-14.699441,WAL
1828747310000,41.229922,2.0799292688,-10.506599824,-1.7833546544,-0.01740966,-0.14446963,0.5329799,118.24374,108.45473,-14.586942,WAL
1828752274000,41.234886,2.39658329640036,-10.4562768007199,-1.62456099750025,-0.09162979,-0.08674286,0.43157628,118.35217,108.29641,-14.37366,WAL
1828757318000,41.23993,2.43522368528147,-10.7605705629437,-1.33475750088991,-0.20891592,-0.05467244,0.28771752,118.46896,108.12574,-14.13052,WAL
1828762260000,41.244872,2.31149355604363,-11.1239982954883,-1.00163902412295,-0.33017266,-0.06383542,0.1151481,118.59201,107.90937,-13.801141,WAL
1828767304000,41.249916,1.82293111586515,-11.6412996321269,-0.551395219256321,-0.42210788,-0.12461651,-0.043066,118.69999,107.68878,-13.443592,WAL
1828772274000,41.254886,1.30454676204701,-12.0910516126347,-0.182695654265426,-0.46700647,-0.21197024,-0.13652839,118.752594,107.43629,-13.067587,WAL
1828777315000,41.259927,0.689858370507346,-12.4031240738492,0.0111676231772772,-0.44898596,-0.25503623,-0.17134771,118.794014,107.1782,-12.673523,WAL
1828782282000,41.264894,0.125247154207413,-12.6991099689472,0.114770628763801,-0.38637227,-0.23823744,-0.16798794,118.74113,106.906746,-12.3553095,WAL
1828787334000,41.269946,-0.32785742262224,-12.9662030931585,-0.0378540662914038,-0.26725355,-0.17012598,-0.14874569,118.69079,106.62536,-12.03971,WAL
1828792337000,41.274949,-0.695185709825957,-13.2447920464446,-0.185931966167081,-0.118507855,-0.086132,-0.12614368,118.59013,106.368904,-11.832218,WAL
1828797345000,41.279957,-0.800121962197912,-13.5691406077573,-0.324257055090005,0.054367006,0.03390302,-0.11301007,118.52181,106.09368,-11.627661,WAL
1828802323000,41.284935,-0.864049245468127,-13.8990990333665,-0.43308342125996,0.23335053,0.13744467,-0.13469578,118.46429,105.843994,-11.484776,WAL
1828807372000,41.289984,-0.786992202031872,-14.2603041916335,-0.44271556049004,0.4279111,0.18967366,-0.16829337,118.428116,105.56573,-11.342757,WAL
1828812351000,41.294963,-0.691785363013451,-14.6277228922907,-0.416178692649066,0.6310238,0.29046643,-0.19547687,118.44263,105.26865,-11.197471,WAL
1828817344000,41.299956,-0.528587428857659,-15.0357179532222,-0.262580625474804,0.73945236,0.35216382,-0.26053402,118.458405,104.94774,-11.036383,WAL
1828822308000,41.30492,-0.351281510221475,-15.4160821125173,-0.149890186051018,0.9505063,0.39400807,-0.3494149,118.49519,104.558136,-10.847624,WAL
1828827349000,41.309961,-0.117392103979632,-15.7120233030453,-0.178529704979237,1.162782,0.4016439,-0.44135013,118.537766,104.14662,-10.644539,WAL
1828832331000,41.314943,0.118937010149706,-16.0001131544031,-0.235083430745597,1.3414601,0.4175264,-0.5403103,118.58199,103.65276,-10.388164,WAL
1828837337000,41.319949,0.376939191787671,-16.2721877849315,-0.403957588315068,1.5170839,0.43493605,-0.6560693,118.62615,103.11513,-10.109379,WAL
1828842381000,41.324993,0.615015721343415,-16.4953268390455,-0.54115495851419,1.6859881,0.45814893,-0.7959574,118.685844,102.51463,-9.768517,WAL
1828847346000,41.329958,0.741090426086615,-16.4626411172543,-0.513138350417362,1.8234328,0.48380527,-0.94989544,118.74847,101.88112,-9.401431,WAL
1828852317000,41.334929,0.844071328750343,-16.375948717433,-0.470855147650608,1.9398025,0.4801401,-1.0858129,118.83839,101.19286,-8.965479,WAL
1828857369000,41.339981,0.773305042727855,-15.8805848538258,-0.320476781770729,2.076331,0.46303585,-1.2147056,118.92861,100.468155,-8.5021105,WAL
1828862248000,41.34486,0.704962067766706,-15.4021841629034,-0.175247952172959,2.2660046,0.44990227,-1.314582,119.02085,99.7007,-8.006642,WAL
1828867304000,41.349916,0.445394140259996,-14.6263061234981,0.121527546013394,2.5109615,0.37415496,-1.3848315,119.08956,98.9074,-7.5009274,WAL
1828872268000,41.35488,0.173848185247193,-13.8397594924168,0.425846289543037,2.7989845,0.25137106,-1.4416419,119.14133,98.090614,-6.987514,WAL
1828877318000,41.35993,-0.967805178720861,-13.1429244395298,0.120670816521219,3.094338,0.11026118,-1.4767667,119.1539,97.2745,-6.4950557,WAL
1828882242000,41.364854,-2.18452719748954,-12.4758411492329,-0.250452873556485,3.3698382,0.02076942,-1.534188,119.14875,96.46224,-5.9945245,WAL
1828887299000,41.369911,-2.88179644873757,-12.4330637543994,-0.874477148708875,3.5686748,0.10415252,-1.6056592,119.13444,95.73174,-5.5405684,WAL
1828892295000,41.374907,-3.49496848699311,-12.4788228332058,-1.52425653601568,3.659083,0.34574974,-1.6572775,119.146194,95.11191,-5.087628,WAL
1828897298000,41.37991,-4.05297046639511,-12.5177587698574,-2.10082594087867,3.630983,0.64660084,-1.6710218,119.190834,85.14662,-4.8378525,WAL
1828902238000,41.38485,-4.58979553767821,-12.5544650156144,-2.65141565070313,3.510337,0.7809912,-1.6249015,119.26075,85.233864,-4.5999837,WAL
1828907330000,41.389942,-5.17677432914959,-12.7029181506148,-3.11501826859631,3.2931745,0.981355,-1.5635096,119.434044,85.10407,-4.5179358,WAL
1828912249000,41.394861,-5.7559747352459,-12.8863313311475,-3.52528539721311,3.1661146,1.1151345,-1.5280794,119.62423,84.90212,-4.445358,WAL
1828917304000,41.399916,-6.36631450660301,-13.1421964703373,-3.68866024762292,2.9287934,1.1673635,-1.4914275,119.959145,84.69058,-4.373254,WAL
1828922305000,41.404917,-6.97447197318163,-13.4146513973994,-3.77623484965461,2.731484,1.138042,-1.4807373,120.307205,84.45868,-4.3081822,WAL
1828927322000,41.409934,-7.40161760072471,-13.4957011265302,-3.47379597333268,2.574797,1.0458013,-1.4999796,120.70737,84.22332,-4.278491,WAL
1828932316000,41.414928,-7.7856914634218,-13.5331715325629,-3.08503823651944,2.4614816,0.84757555,-1.5271631,121.06574,84.0069,-4.248545,WAL
1828937315000,41.419927,-8.00453404703784,-13.4545002680499,-3.03935084409915,2.3640485,0.5381723,-1.5632042,121.391396,83.77398,-4.251419,WAL
1828942318000,41.42493,-8.17547402957469,-13.3420396296122,-3.09333204449347,2.2421808,0.21594086,-1.6548339,121.65511,83.58347,-4.225592,WAL
1828947309000,41.429921,-8.0846202837144,-13.0333141941436,-3.34115705998797,2.0494528,0.018936822,-1.78617,121.86954,83.36697,-4.210225,WAL
1828952301000,41.434913,-7.84970663557962,-12.6162218812675,-3.69592531413959,1.8167132,0.04428773,-1.8765781,122.054634,83.19446,-4.1779113,WAL
1828957301000,41.439913,-7.27179418205178,-11.9740065929531,-3.41669783303485,1.5418239,0.21013765,-1.9486601,122.24137,83.0769,-4.1252885,WAL
1828962314000,41.444926,-6.50545198298618,-11.2076641011291,-2.79054012426514,1.2904528,0.30176744,-1.9608774,122.41088,83.01173,-4.06349,WAL
1828967305000,41.449917,-5.65873082332086,-10.5792872479811,-2.71980741644672,1.2119566,0.29657507,-1.8683313,122.609184,83.00393,-3.9813306,WAL
1828972295000,41.454907,-4.75511180323025,-10.0427634701595,-3.0257201674808,1.1835514,0.40744713,-1.7067575,122.85813,83.03262,-3.923271,WAL
1828977316000,41.459928,-3.81213744743239,-9.80390969563456,-2.89728237439481,1.2492194,0.6658431,-1.5399913,123.11972,83.015976,-3.8158615,WAL
1828982309000,41.464921,-2.84833900638104,-9.79906638954725,-2.43233434588271,1.3979651,0.8872818,-1.3927728,123.394615,82.962006,-3.7555752,WAL
1828987309000,41.469921,-1.96800989488534,-9.72396300797607,-2.22972507278166,1.5323554,1.065349,-1.3041973,123.716,82.96494,-3.6217852,WAL
1828992324000,41.474936,-1.14440452488534,-9.59946500797607,-2.21057147278166,1.6426166,1.2382239,-1.2449434,124.09283,82.919075,-3.532415,WAL
1828997310000,41.479922,-0.654225613740634,-9.69562029740634,-1.87270456956772,1.8041905,1.5057828,-1.1667526,124.51222,82.824875,-3.3759897,WAL
1829002304000,41.484916,-0.396945307012488,-9.94830590345821,-1.30760670057637,2.0039434,1.6307048,-1.1578951,124.93712,82.69029,-3.2225015,WAL
1829007355000,41.489967,-0.233278445605628,-10.2167801139376,-0.593798133908034,2.1679606,1.7950275,-1.2226468,125.41971,82.567345,-2.9787593,WAL
1829012316000,41.494928,-0.165461605954323,-10.4928917818108,0.244224188311582,2.2049181,1.8359555,-1.2534955,125.89681,82.41267,-2.752961,WAL
1829017304000,41.499916,-0.00191740407969823,-10.5284175282909,0.659498226038302,2.1966715,1.6994271,-1.3054191,126.34897,82.176216,-2.479162,WAL
1829022295000,41.504907,0.243104905927072,-10.3573636630235,0.710351910743786,2.0711386,1.5558738,-1.3084733,126.80256,81.95341,-2.2187626,WAL
1829027312000,41.509924,0.447806562981775,-10.1087067424559,0.678865967448461,1.9083431,1.5283848,-1.2632693,127.26027,81.60396,-1.9390031,WAL
1829032306000,41.514918,0.604989810881386,-9.77528848232248,0.555024640060751,1.7620409,1.5027285,-1.2052372,127.67101,81.27864,-1.6661674,WAL
1829037302000,41.519914,0.646837703289474,-9.37279615526316,0.274955166447369,1.6588045,1.4700472,-1.144456,128.08885,80.94581,-1.3692433,WAL
1829042336000,41.524948,0.553801545263158,-8.88647068842105,-0.19022562368421,1.5858061,1.4899004,-1.0442741,128.50491,80.63916,-1.1097361,WAL
1829047316000,41.529928,0.399751448391225,-8.43171632541134,-0.731298051919561,1.5415184,1.5769486,-0.9300423,128.93672,80.34019,-0.8469401,WAL
1829052302000,41.534914,-0.0270204817184643,-8.09223839305302,-1.62848910091408,1.525636,1.7482964,-0.818254,129.38812,80.053215,-0.6243547,WAL
1829057320000,41.539932,-0.448650669122457,-7.78601824730754,-2.5093049590347,1.5283848,1.9352211,-0.72692966,129.89351,79.804924,-0.44169903,WAL
1829062315000,41.544927,-0.839811838777423,-7.60951861727164,-3.30593802315517,1.5326608,2.1426098,-0.66920286,130.4422,79.565674,-0.2943671,WAL
1829067309000,41.549921,-1.19656533734159,-7.41193123623875,-3.95829240944181,1.5338826,2.3154848,-0.61544675,131.08224,79.40216,-0.22227366,WAL
1829072298000,41.55491,-1.42304841768405,-7.13460519270581,-4.06460072612944,1.568702,2.3866506,-0.5714644,131.74464,79.234344,-0.17045958,WAL
1829077307000,41.559919,-1.63170128720702,-6.87200687655243,-4.14563130671398,1.5781704,2.409558,-0.5363397,132.46573,79.17909,-0.1898847,WAL
1829082305000,41.564917,-1.72556278445233,-6.70663183537212,-4.06964826545896,1.572978,2.3979516,-0.5174029,133.19232,79.125336,-0.21923424,WAL
1829087533000,41.570145,-1.82439774826505,-6.52997739509242,-3.98460585288077,1.5515977,2.3484714,-0.5036584,133.92812,79.07387,-0.28849643,WAL
1829092323000,41.574935,-1.9285303599827,-6.29195980456167,-3.79121670943682,1.5231925,2.2699752,-0.4896085,134.64894,79.03313,-0.36135006,WAL
1829097305000,41.579917,-2.03490398825175,-6.03938855356643,-3.58595832153846,1.4874569,2.1755965,-0.48075095,135.35426,78.98438,-0.44971624,WAL
1829102303000,41.584915,-2.13053814685315,-5.75726798041958,-3.35643643076923,1.4541647,2.1230621,-0.47128254,136.04643,78.94984,-0.54060215,WAL
1829107301000,41.589913,-2.22120019608618,-5.47420791045661,-3.09557459737102,1.3942999,2.0528126,-0.47983465,136.70486,78.902725,-0.6415099,WAL
1829112314000,41.594926,-2.28288348149832,-5.18477127215853,-2.64955736484483,1.350623,1.9917262,-0.50732356,137.34987,78.867256,-0.73787713,WAL
1829117281000,41.599893,-2.33998644055141,-4.88770109496458,-2.19034937731189,1.2519683,1.8894062,-0.50854534,137.96744,78.81451,-0.85215044,WAL
1829122295000,41.604907,-2.36756718449167,-4.51076382912119,-1.5973629506031,1.1184943,1.7510452,-0.49602258,138.55698,78.79024,-0.9582639,WAL
1829127507000,41.610119,-2.39769597651277,-4.12833314271627,-0.993588313016584,0.95478237,1.645671,-0.4908302,139.12288,78.719864,-1.0745045,WAL
1829132306000,41.614918,-2.44301639025549,-3.88937073432541,-0.58982396833169,0.7715228,1.5467108,-0.4792238,139.64915,78.6973,-1.1900207,WAL
1829137291000,41.619903,-2.4900933359749,-3.64114660308382,-0.170410495055132,0.60994893,1.4740179,-0.45112398,140.14186,78.594444,-1.3184006,WAL
1829142333000,41.624945,-2.54910882591249,-3.48391770427962,0.260744659120598,0.43799037,1.4153748,-0.40775254,140.60733,78.54857,-1.4510288,WAL
1829147244000,41.629856,-2.60934158576307,-3.35341356597652,0.682373537814301,0.29046643,1.3536774,-0.37843102,141.04883,78.5433,-1.5842831,WAL
1829152304000,41.634916,-2.70116000358814,-3.31196346796022,1.04335461476209,0.14477506,1.3035865,-0.34697145,141.46924,78.4829,-1.7424841,WAL
1829157336000,41.639948,-2.7951351549142,-3.27907201780421,1.3957616775546,-0.0027488936,1.2275337,-0.31306845,141.86067,78.46349,-1.9054567,WAL
1829162312000,41.644924,-2.83634666236094,-3.30561025288422,1.6055711881953,-0.1432479,1.1722504,-0.2782491,142.23271,78.393135,-2.0868227,WAL
1829167239000,41.649851,-2.87036960713844,-3.33963329916564,1.79512746430779,-0.28496864,1.1044444,-0.24312437,142.57439,78.361176,-2.2731194,WAL
1829172293000,41.654905,-2.86420818396087,-3.37764110252001,1.85418585692262,-0.39492437,1.0360274,-0.20830505,142.89494,78.26896,-2.4843376,WAL
1829177252000,41.659864,-2.85482166291136,-3.41518733373851,1.90111875621109,-0.5177083,0.95814216,-0.18173242,143.18756,78.214935,-2.698451,WAL
1829182308000,41.66492,-2.58165873205021,-3.38641502083682,1.62136544895397,-0.62980205,0.88117313,-0.15363261,143.45854,78.133255,-2.924924,WAL
1829187306000,41.669918,-2.28347675085077,-3.35081127640167,1.30983204616457,-0.73426,0.7987063,-0.13316862,143.69977,78.07763,-3.1511557,WAL
1829192326000,41.674938,-2.01779924882191,-3.38897197669285,1.04096494882191,-0.8335256,0.74189585,-0.10598512,143.9259,78.025024,-3.3808136,WAL
1829197246000,41.679858,-1.76775735028656,-3.44898192999363,0.790923050286563,-0.9230174,0.7049385,-0.096516706,144.12907,77.99275,-3.6064858,WAL
1829202303000,41.684915,-1.53594347644014,-3.5362106424134,0.610448393390437,-1.0067059,0.68875057,-0.07513642,144.32903,78.05817,-3.7766762,WAL
1829207333000,41.689945,-1.30923350759601,-3.62689466782756,0.442683017392696,-1.0390818,0.65393126,-0.06658431,144.50995,78.12872,-3.9415247,WAL
1829212312000,41.694924,-1.13961836228025,-3.76741458482574,0.405933727105994,-1.0998629,0.63713247,-0.049480084,144.70088,78.28421,-4.0656724,WAL
1829217286000,41.699898,-0.987805255052945,-3.92412488576128,0.410830920814228,-1.1774428,0.605062,-0.03268129,144.87466,78.44641,-4.1877894,WAL
1829222298000,41.70491,-0.979231177077898,-4.07015715275811,0.523146894079389,-1.2379184,0.5699373,-0.026572637,145.05368,78.66742,-4.2585382,WAL
1829227319000,41.709931,-1.00611439332836,-4.21353439966455,0.662043614301155,-1.2999213,0.5131268,-0.003970624,145.21407,78.900154,-4.333934,WAL
1829232311000,41.714923,-1.06487592327992,-4.42828924787936,0.830533013666352,-1.3588698,0.43188173,0.00061086525,145.36592,79.149055,-4.365214,WAL
1829237326000,41.719938,-1.14032000457116,-4.68102681385485,1.01537097737983,-1.4129313,0.37384954,0.024740042,145.50494,79.40232,-4.4048643,WAL
1829242355000,41.724967,-1.22386255615563,-4.96461768013937,1.20086044552846,-1.4840971,0.31215215,0.052839845,145.62328,79.62422,-4.4436727,WAL
1829247291000,41.729903,-1.36111894771583,-5.45416568850174,1.38386899945799,-1.5503759,0.26419923,0.10567969,145.72566,79.84658,-4.49261,WAL
1829252436000,41.735048,-1.50676636013944,-5.98770467323431,1.59901805405678,-1.6389514,0.2764165,0.1740966,145.83495,80.00896,-4.5706296,WAL
1829257315000,41.739927,-1.6767278558351,-6.78085822121855,2.10418139259372,-1.7122552,0.29626966,0.27550024,145.92738,80.16627,-4.6691427,WAL
1829262344000,41.744956,-1.83803055877115,-7.637234809439,2.65164143419412,-1.7568485,0.31887165,0.3912592,146.02626,80.27064,-4.8190155,WAL
1829267265000,41.749877,-1.82870485721777,-8.94283351380231,3.50960651268428,-1.7220291,0.35430184,0.47983465,146.12862,80.35471,-4.987747,WAL
1829272456000,41.755068,-1.77662554405837,-10.3651978435421,4.45674623052715,-1.6395624,0.37018433,0.5842926,146.2148,80.292786,-5.2048197,WAL
1829277271000,41.759883,-1.23644344259903,-12.2100574692743,5.82551282449121,-1.4422529,0.36957347,0.6414085,146.30011,80.187416,-5.428607,WAL
1829282520000,41.765132,-0.616668438543897,-14.1772628458244,7.33683902997859,-1.104139,0.31978795,0.655153,146.39703,79.83572,-5.6376963,WAL
1829287279000,41.769891,0.310466980893518,-15.4415388599377,8.93381856839595,-0.6218608,0.12675454,0.5681047,146.44716,79.43328,-5.8201838,WAL
1829292618000,41.77523,1.3468003683695,-16.8331526932975,10.6648126452852,-0.095294975,-0.15699236,0.33933565,146.45554,78.861725,-5.7984605,WAL
1829297278000,41.77989,2.16530744211638,-17.4416755759554,10.8019448019973,0.36987892,-0.2929099,0.0290161,146.45901,78.25194,-5.7300973,WAL
1829302187000,41.784799,3.02755019426733,-18.0827139516996,10.9464044065681,0.7199047,-0.3463606,-0.12339478,146.37196,77.543434,-5.465911,WAL
1829307210000,41.789822,3.75683697985627,-18.48166861171,10.0264756626506,0.8536842,-0.13194689,-0.40011674,146.35869,76.851845,-5.1113844,WAL
1829312520000,41.795132,4.45519898399247,-18.7990817487759,8.90324551374765,1.0595458,0.24953845,-0.5500842,146.39146,76.07494,-4.781119,WAL
1829317227000,41.799839,4.0944049962806,-17.7888576080979,8.23259286290019,1.1841623,0.64965516,-0.57635134,146.54848,75.40618,-4.2947235,WAL
1829322264000,41.804876,3.70831633766478,-16.7078083205273,7.51492186177024,1.2373075,0.91874135,-0.5549711,146.86998,74.89495,-3.7119222,WAL
1829327228000,41.80984,2.80602297510984,-14.5172506840707,6.81021313282926,1.1902709,1.0778717,-0.5366451,147.27295,74.37569,-3.184057,WAL
1829332204000,41.814816,1.82245838534791,-12.1508530504751,6.10418904863595,1.0421361,1.178359,-0.51159966,147.729,73.87156,-2.716241,WAL
1829337210000,41.819822,0.812209115841348,-9.82924233574616,5.485562485176,0.84604836,1.2281445,-0.46303585,148.22183,73.43469,-2.3653333,WAL
1829342218000,41.82483,-0.200742592493803,-7.51324494000992,4.87684045761031,0.60231316,1.2470814,-0.43096542,148.72838,73.060524,-2.0408266,WAL
1829347228000,41.82984,-0.883346746536621,-5.8372312826647,4.30284486161207,0.3594942,1.2434162,-0.36041048,149.18788,72.71141,-1.9038713,WAL
1829352246000,41.834858,-1.52451166792418,-4.2409515534781,3.73242920610968,0.09590584,1.2137892,-0.2501493,149.63564,72.443085,-1.7899603,WAL
1829357371000,41.839983,-2.25341073358335,-3.28126118750264,3.18502488580182,-0.13744467,1.1209377,-0.10293079,149.99539,72.19927,-1.8654032,WAL
1829362273000,41.844885,-2.97748051361716,-2.60678529257342,2.67420862529051,-0.36102137,0.9914343,0.09010262,150.31868,72.025795,-1.9768262,WAL
1829367281000,41.849893,-3.68631215432872,-2.56641874986362,2.34834359084756,-0.5888741,0.8173377,0.30665436,150.57231,71.89498,-2.2421904,WAL
1829372246000,41.854858,-4.38280490228306,-2.65768336457218,2.0649429557329,-0.82772243,0.57971114,0.5164866,150.74818,71.81947,-2.5398743,WAL
1829377288000,41.8599,-4.97925945592799,-3.32224523716929,1.86625616357669,-1.0848967,0.2669481,0.6927212,150.78821,71.826164,-2.9713917,WAL
1829382246000,41.864858,-5.54598099778198,-4.07787387745176,1.68679441513825,-1.382999,-0.12064589,0.82436264,150.72198,71.887825,-3.4209526,WAL
1829387277000,41.869889,-5.78482140147087,-5.36076917050513,1.59837589645829,-1.6786577,-0.61636305,0.88514376,150.48807,72.020096,-3.9676225,WAL
1829392290000,41.874902,-5.95671170927037,-6.74053809305206,1.52869053952003,-1.9462167,-1.2507466,0.89827734,150.09944,72.194046,-4.4957604,WAL
1829397285000,41.879897,-6.11661889358799,-8.24702877620737,1.26668354808186,-2.1618521,-1.557401,0.9584476,149.64368,72.42808,-5.1244416,WAL
1829402312000,41.884924,-6.2742481482492,-9.80142902357435,0.947046432603911,-2.295937,-2.1609359,1.0048733,148.9312,72.67328,-5.680812,WAL
1829407325000,41.889937,-6.7474960808506,-11.7890123520078,0.261436274074914,-2.3264804,-2.6429086,1.0900891,148.19316,72.96356,-6.2614455,WAL
1829412312000,41.894924,-7.44347381217617,-14.0780049779793,-0.682000127810881,-2.298686,-2.9339857,1.1670581,147.33945,73.22189,-6.8244786,WAL
1829417310000,41.899922,-7.99159373227384,-15.5958179828851,-1.61009183309902,-2.154827,-2.9626966,1.2596041,146.47076,73.523865,-7.3862247,WAL
1829422303000,41.904915,-8.48359854013855,-16.8233940330073,-2.53077359092808,-1.8625281,-2.6774223,1.2971723,145.61212,73.72537,-7.9546223,WAL
1829427318000,41.90993,-8.10046386234574,-17.5633114564182,-2.67361713307745,-1.4553864,-2.1184807,1.2183707,144.88669,73.99204,-8.5560875,WAL
1829432308000,41.91492,-7.45034633576912,-18.1484162314644,-2.57609950893985,-0.97066486,-1.4743233,1.0305296,144.27776,74.12263,-9.148662,WAL
1829437306000,41.919918,-5.08083698227841,-17.6194168724208,-0.886618578581808,-0.4978552,-1.0177015,0.79168135,143.83319,74.26186,-9.728065,WAL
1829442327000,41.924939,-1.98322748820304,-16.6225924845491,1.47501740483387,-0.16982053,-0.8072584,0.5381723,143.51947,74.31219,-10.255883,WAL
1829447311000,41.929923,-0.647388417972656,-15.2035357109375,2.27080670644531,-0.017715093,-0.7690793,0.32711834,143.33804,74.38811,-10.609623,WAL
1829452302000,41.934914,-0.269522274692708,-13.54537065625,2.21301550338542,-0.019547688,-0.77396625,0.15943582,143.21648,74.444954,-10.903037,WAL
1829457312000,41.939924,-0.0313686374417911,-11.8115253203625,1.99750139066098,-0.0842994,-0.76174897,0.027183503,143.15567,74.493484,-10.766852,WAL
1829462311000,41.944923,0.0605013207119403,-10.0098534773454,1.6198137236887,-0.1994475,-0.73456544,-0.032986723,143.10472,74.568954,-10.610323,WAL
1829467306000,41.949918,0.10737151628321,-8.42186686594781,1.06870747913343,-0.33567044,-0.7812967,-0.076358154,143.05392,74.644844,-10.423713,WAL
1829472297000,41.954909,0.126198834340916,-6.9674566349483,0.409751524047267,-0.46853364,-0.9306532,-0.086132,142.98544,74.74704,-10.229248,WAL
1829477311000,41.959923,0.0140188903906967,-5.64437823981434,-0.449055815332041,-0.63132924,-1.1297953,-0.06169739,142.88432,74.86537,-10.060674,WAL
1829482306000,41.964918,-0.190930448638172,-4.42444174165052,-1.44452400435581,-0.8677341,-1.3164146,0.020158553,142.74461,75.01652,-9.900171,WAL
1829487296000,41.969908,-0.513329482527377,-3.41386667332106,-2.22053289003779,-1.1078042,-1.432479,0.13958271,142.52751,75.24015,-9.776042,WAL
1829492332000,41.974944,-0.91060131406144,-2.52117357127629,-2.8701891884388,-1.3414601,-1.5949692,0.26206118,142.24298,75.493286,-9.6651325,WAL
1829497311000,41.979923,-1.23670792098422,-1.81591332715547,-3.42785541626153,-1.5769486,-1.6927075,0.3894266,141.88277,75.85823,-9.628087,WAL
1829502304000,41.984916,-1.51187265132454,-1.24660685015379,-3.92125412521083,-1.8188512,-1.9278907,0.44593164,141.43604,76.253914,-9.593926,WAL
1829507326000,41.989938,-1.71730334459063,-0.885496500688189,-4.35920890770165,-1.9398025,-2.1933117,0.5647449,140.924,76.62382,-9.694017,WAL
1829512317000,41.994929,-1.86242385479203,-0.70167724332861,-4.74619703592754,-2.175902,-2.460565,0.655153,140.34474,77.02957,-9.799744,WAL
1829517306000,41.999918,-1.94047154709579,-0.749348197970863,-5.15366904218244,-2.3429737,-2.7461448,0.7476991,139.68411,77.372505,-9.997939,WAL
1829522304000,42.004916,-1.96781767910874,-0.972675118829747,-5.57753437392878,-2.42147,-2.9556715,0.8405506,138.96822,77.66537,-10.227104,WAL
1829527313000,42.009925,-1.91087047336317,-1.28420179658599,-5.98066326659586,-2.413834,-3.042109,0.91507614,138.21591,77.89211,-10.514531,WAL
1829532305000,42.014917,-1.75853668284652,-1.69405223027084,-6.35787076951673,-2.3536637,-2.9727757,0.9819659,137.451,78.018486,-10.838938,WAL
1829537303000,42.019915,-1.60601979883165,-2.10439527265003,-6.73553164684015,-2.2382102,-2.769663,1.070236,136.7253,78.05927,-11.198974,WAL
1829542327000,42.024939,-1.44134919378484,-3.12887545793459,-6.98883833863708,-2.0412061,-2.4514022,1.2140946,136.05934,77.9542,-11.610442,WAL
1829547279000,42.029891,-1.27676791928699,-4.26099519872752,-7.21326736351877,-1.7336355,-2.1090124,1.3170254,135.46878,77.72762,-12.04995,WAL
1829552303000,42.034915,-1.1761133987234,-5.72106212808511,-6.92680249148936,-1.416902,-1.7681495,1.3808609,135.01807,77.46013,-12.463372,WAL
1829557336000,42.039948,-1.08071496316675,-7.20927799172687,-6.59767766219693,-1.1606439,-1.4547756,1.4278975,134.6707,77.08179,-12.908882,WAL
1829562313000,42.044925,-1.07700333577129,-9.03459621870896,-6.07678417193656,-0.9483683,-1.201572,1.4584408,134.44615,103.29107,-13.285432,WAL
1829567285000,42.049897,-1.08181350342459,-10.8913220378826,-5.53804504317608,-0.77549344,-0.9944886,1.4630222,134.3104,103.721634,-13.667519,WAL
1829572301000,42.054913,-1.1621142164967,-12.7199984271146,-4.86648839226155,-0.6582073,-0.7996226,1.4175128,134.25961,104.08639,-13.952343,WAL
1829577278000,42.05989,-1.24789183122376,-14.530859624775,-4.18979816571686,-0.61269784,-0.59650993,1.3301591,134.27724,104.46423,-14.221741,WAL
1829582307000,42.064919,-1.02441041244323,-15.4186501233424,-3.76974584672116,-0.6588182,-0.30787608,1.2189816,134.3749,104.7296,-14.378958,WAL
1829587302000,42.069914,-0.77675731435059,-16.2224363590372,-3.3743699108901,-0.7654142,-0.01985312,1.1050552,134.53046,104.98535,-14.506759,WAL
1829592330000,42.074942,-0.174312213046773,-16.21598502945,-3.09893684868991,-0.9080512,0.25595254,0.97066486,134.7477,105.111145,-14.527209,WAL
1829597245000,42.079857,0.544274889107839,-15.910203487657,-2.87469699815938,-1.0693196,0.4016439,0.9074403,135.00699,105.247955,-14.538708,WAL
1829602304000,42.084916,1.04228358226476,-15.1706278565906,-2.72134365251744,-1.1603385,0.72021013,0.7415904,135.3843,105.22333,-14.392685,WAL
1829607312000,42.089924,1.49900860206487,-14.3747501315293,-2.58116063822365,-1.3347405,1.0326678,0.57726765,135.7965,105.22407,-14.237662,WAL
1829612310000,42.094922,1.56301949914737,-13.548521794,-1.77504998800211,-1.4669929,1.1368202,0.39767328,136.23878,105.09289,-13.935813,WAL
1829617241000,42.099853,1.50336908833684,-12.723358392,-0.770934959090526,-1.5855007,0.9645562,0.19822577,136.68143,104.957985,-13.5961895,WAL
1829622331000,42.104943,1.39884228779505,-12.0266276574554,-0.0143293723200921,-1.7037032,0.5720753,-0.022602014,137.08472,104.76764,-13.168461,WAL
1829627339000,42.109951,1.28839753185569,-11.3685605041259,0.680552414546152,-1.7852536,0.11178834,-0.2144137,137.4088,104.57591,-12.71428,WAL
1829632377000,42.114989,1.19047220819416,-10.8078024378357,0.954731594940912,-1.8289305,-0.3539964,-0.37873647,137.59991,104.3181,-12.27951,WAL
1829637351000,42.119963,1.09742595744702,-10.2820911041117,1.10825792567634,-1.7935003,-0.7812967,-0.49205196,137.6673,104.046455,-11.831336,WAL
1829642393000,42.125005,0.672606259363246,-9.87274996392069,1.20376176351186,-1.6985108,-1.1679744,-0.59681535,137.60771,103.72045,-11.419496,WAL
1829647361000,42.129973,0.137698903593827,-9.51290356735487,1.27670372279231,-1.5555683,-1.518611,-0.6554584,137.44156,103.37903,-11.012472,WAL
1829652281000,42.134893,-0.517087394863555,-9.31642219509276,1.07764298141831,-1.391551,-1.7602082,-0.6948592,137.15921,103.05512,-10.637616,WAL
1829657316000,42.139928,-1.22407180953441,-9.16252073588669,0.793887285278277,-1.2293663,-1.8637499,-0.70554936,136.82504,102.71099,-10.26934,WAL
1829662289000,42.144901,-1.77274034850126,-8.86496288719768,0.381124529407975,-1.0680978,-1.8124372,-0.67164636,136.44179,102.444145,-10.020944,WAL
1829667335000,42.149947,-2.28265497531982,-8.51749897422729,-0.0791524083471846,-0.9260717,-1.638646,-0.591623,136.07463,102.166824,-9.786362,WAL
1829672290000,42.154902,-2.68821843522936,-8.09337420813456,-0.47243823166055,-0.816116,-1.4407257,-0.4596761,135.7776,102.00281,-9.711256,WAL
1829677317000,42.159929,-3.0415587324159,-7.612438709684,-0.835593492691132,-0.7351763,-1.269378,-0.3042109,135.53207,101.84845,-9.662092,WAL
1829682309000,42.164921,-3.20790857552391,-7.21611474497142,-1.05597620406096,-0.70524395,-1.1551461,-0.12156218,135.25786,101.89147,-9.748212,WAL
1829687305000,42.169917,-3.27987136429359,-6.86109787285671,-1.20469950457235,-0.7058548,-1.0699304,0.07147124,135.03267,101.964714,-9.876022,WAL
1829692322000,42.174934,-3.25582111522328,-6.7517074572002,-1.4279994265429,-0.732122,-0.9602802,0.22693644,134.81133,102.18282,-10.104652,WAL
1829697314000,42.179926,-3.18385821659809,-6.76610009703964,-1.68706619222278,-0.768163,-0.8906415,0.2779437,134.60709,102.4205,-10.35484,WAL
1829702309000,42.184921,-2.99299641851152,-6.86208416977711,-1.8873328157159,-0.7877107,-0.73914695,0.35246924,134.45099,102.74106,-10.666492,WAL
1829707321000,42.189933,-2.74366300411787,-6.99808408919531,-2.05959962961844,-0.8200866,-0.6075055,0.42058071,134.31174,103.07609,-10.986608,WAL
1829712340000,42.194952,-2.36347841210091,-7.15378228832827,-2.11030200190516,-0.83016586,-0.53878313,0.48563787,134.20763,103.43803,-11.302727,WAL
1829717344000,42.199956,-1.88189718166021,-7.32434236855438,-2.06515369607453,-0.8219192,-0.51068336,0.5317582,134.13266,103.80916,-11.626562,WAL
1829722335000,42.204947,-1.4468894896,-7.57117647555556,-1.98182861626667,-0.81092364,-0.5152648,0.5644395,134.09213,104.15952,-11.904274,WAL
1829727350000,42.209962,-1.0342071456,-7.8605283545679,-1.87747218708148,-0.80481493,-0.52442783,0.5684101,134.06018,104.508316,-12.182538,WAL
1829732331000,42.214943,-0.691523463157895,-8.32329570889087,-1.82097728001784,-0.8194757,-0.54428095,0.5519168,134.0546,104.77351,-12.372905,WAL
1829737368000,42.21998,-0.385521294736842,-8.8970498994945,-1.79228959545049,-0.84604836,-0.57787853,0.5128214,134.04247,105.03042,-12.55565,WAL
1829742358000,42.22497,-0.334656831230253,-9.14892736670616,-1.81887658311611,-0.8695667,-0.6243043,0.47769663,134.05383,105.192345,-12.651073,WAL
1829747346000,42.229958,-0.443137237174171,-9.20080936315166,-1.88019160266588,-0.8906415,-0.6432411,0.44348818,134.0626,105.34552,-12.733665,WAL
1829752336000,42.234948,-0.599988719024819,-9.14626966015243,-1.92755464838773,-0.93187493,-0.6600399,0.3943135,134.08736,105.40676,-12.723633,WAL
1829757374000,42.239986,-0.793282241977721,-9.01426411608364,-1.9652704337307,-0.95447695,-0.6789767,0.355829,134.10588,105.46217,-12.707726,WAL
1829762343000,42.244955,-0.994074230946792,-8.83628365678795,-1.97235385101721,-0.98746365,-0.68783426,0.32345316,134.11407,105.54708,-12.70365,WAL
1829767347000,42.249959,-1.20500007460876,-8.61598382932316,-1.95360490453834,-1.0299188,-0.72173727,0.30909783,134.10979,105.63171,-12.695796,WAL
1829772342000,42.254954,-1.4166724346055,-8.39955497112913,-1.91618516610639,-1.0760391,-0.74372846,0.30787608,134.09218,105.763,-12.725841,WAL
1829777356000,42.259968,-1.63031831030255,-8.1859086988333,-1.85921290945224,-1.1285735,-0.74097955,0.3368922,134.07399,105.90426,-12.760175,WAL
1829782349000,42.264961,-1.84297078710981,-8.01416183442772,-1.78144664944944,-1.1820242,-0.7348709,0.36957347,134.03027,106.09981,-12.846542,WAL
1829787362000,42.269974,-2.05636364848975,-7.8880660711183,-1.67960005191433,-1.2360858,-0.72387534,0.42638394,133.99265,106.312874,-12.945762,WAL
1829792309000,42.274921,-2.24950828601942,-7.85562201679612,-1.57875982466019,-1.2779301,-0.72082096,0.48838675,133.93466,106.580124,-13.105594,WAL
1829797353000,42.279965,-2.42772240431068,-7.92127986273787,-1.47558328656311,-1.3252722,-0.69058317,0.52290064,133.89021,106.8586,-13.268624,WAL
1829802331000,42.284943,-2.57876596538081,-8.04920658530168,-1.3608197955094,-1.344209,-0.66431594,0.5864306,133.82784,107.18492,-13.502382,WAL
1829807353000,42.289965,-2.69769447576657,-8.26327825171118,-1.22761971485658,-1.359786,-0.6533204,0.6609562,133.77289,107.52171,-13.743735,WAL
1829812295000,42.294907,-2.77869522147263,-8.48093452659985,-1.07406249076716,-1.3778065,-0.66156703,0.72509706,133.70764,107.878174,-14.030358,WAL
1829817348000,42.29996,-2.80667810823053,-8.71412443793369,-0.882846617376638,-1.3939945,-0.6817256,0.7779369,133.64557,108.2426,-14.328913,WAL
1829822271000,42.304883,-2.84508479594308,-8.95702719113937,-0.681459019911192,-1.3814718,-0.7296785,0.8151997,133.55632,108.60169,-14.654473,WAL
1829827351000,42.309963,-2.9089108510445,-9.24178966969422,-0.440883928580079,-1.3478742,-0.7828238,0.84482664,133.46161,108.960655,-14.98677,WAL
1829832242000,42.314854,-2.94175177877392,-9.55637728358209,-0.224066386610037,-1.321607,-0.8573494,0.8594874,133.34238,109.277916,-15.321553,WAL
1829837348000,42.31996,-2.91726057332465,-9.96782943283582,-0.0281366079879796,-1.2831224,-0.9388999,0.8552113,133.20465,109.58145,-15.654553,WAL
1829842279000,42.324891,-2.88589199762276,-10.3487207650039,0.122764879238893,-1.221425,-1.0256428,0.84421575,133.01324,109.84988,-15.994029,WAL
1829847352000,42.329964,-2.83855839682385,-10.708455972915,0.203231884942128,-1.1618657,-1.0968086,0.82558435,132.79993,110.10293,-16.325085,WAL
1829852254000,42.334866,-2.77606620619469,-11.0715370499799,0.240883068259252,-1.0821478,-1.1630874,0.80664754,132.52565,110.3068,-16.632696,WAL
1829857438000,42.34005,-2.66622963274336,-11.495906150543,0.175979602000201,-1.0033462,-1.2305881,0.7779369,132.2277,110.4908,-16.928553,WAL
1829862286000,42.344898,-2.52621818095193,-11.8308633378888,0.0731077753704053,-0.89888823,-1.2498302,0.7480045,131.90346,110.62861,-17.189816,WAL
1829867344000,42.349956,-2.29337994421301,-12.036308237983,-0.132337753994345,-0.7715228,-1.2357804,0.72692966,131.5683,110.7447,-17.440506,WAL
1829872337000,42.354949,-2.02165506057291,-12.1999537857569,-0.352512991521782,-0.6206391,-1.1960741,0.70066243,131.23372,110.809814,-17.635536,WAL
1829877351000,42.359963,-1.56793309381341,-12.1951781676945,-0.648626266691864,-0.47739118,-1.1239921,0.68386364,130.91344,110.85559,-17.819647,WAL
1829882323000,42.364935,-1.09352807477237,-12.1591594193765,-0.954874266518945,-0.31887165,-1.0201449,0.6759224,130.64423,110.84697,-17.929907,WAL
1829887337000,42.369949,-0.499347130045468,-11.9749174042206,-1.32335855654868,-0.18906279,-0.86070913,0.67347896,130.41364,110.82273,-18.028194,WAL
1829892331000,42.374943,0.0988607257990384,-11.7777114900402,-1.68126667428123,-0.07360926,-0.75686204,0.66339964,130.24559,110.73798,-18.030127,WAL
1829897348000,42.37996,0.763624190732902,-11.4429720907664,-1.95000084423511,0.03756821,-0.54061574,0.6478226,130.15828,110.638855,-18.017641,WAL
1829902433000,42.385045,1.43004572037915,-11.1098064881517,-2.20127371121643,0.06627888,-0.34208453,0.6038403,130.16763,110.47852,-17.883562,WAL
1829907367000,42.389979,1.98523763981043,-10.8625365059242,-2.18261181105845,0.099571034,-0.15424347,0.54336464,130.2352,110.30079,-17.73584,WAL
1829912571000,42.395183,2.54015028443878,-10.6351907767857,-2.13797331466837,0.081855945,0.02565634,0.45814893,130.41922,110.06343,-17.462746,WAL
1829917343000,42.399955,2.69004264777697,-10.8183923609694,-1.80487906280977,-0.006414085,0.12339478,0.35063666,130.62756,109.81912,-17.169298,WAL
1829922300000,42.404912,2.84574601011297,-11.0086962697704,-1.45887147553754,-0.11942416,0.15424347,0.19456059,130.8836,109.497734,-16.75917,WAL
1829927350000,42.409962,2.57844761068333,-11.481931899617,-0.857451360187462,-0.23671028,0.1151481,0.03970624,131.13931,109.175354,-16.327473,WAL
1829932303000,42.414915,2.22945789284418,-12.003026237049,-0.216840054497077,-0.29657507,-0.005497787,-0.098043874,131.37021,108.84018,-15.869459,WAL
1829937349000,42.419961,1.68526610379969,-12.2806032377241,0.202911876278254,-0.30787608,-0.1591304,-0.16920967,131.53351,108.44998,-15.372583,WAL
1829942288000,42.4249,1.11844208638932,-12.5064113920499,0.571577901280203,-0.2507602,-0.26939157,-0.19028452,131.66895,108.05224,-14.867017,WAL
1829947349000,42.429961,0.609626625763493,-12.7073967374758,0.584878020344863,-0.14172074,-0.29535335,-0.19058995,131.68945,107.61659,-14.414086,WAL
1829952260000,42.434872,0.134558969835731,-12.8945443698602,0.503300728410366,0.00580322,-0.2611449,-0.18600847,131.69691,107.174225,-13.970704,WAL
1829957355000,42.439967,-0.0958726285360386,-13.1890050921739,0.251412926465121,0.15027285,-0.1563815,-0.19333886,131.64305,106.76243,-13.635562,WAL
1829962249000,42.444861,-0.263423258844058,-13.4924075582609,-0.0248191930823188,0.3313944,-0.036957346,-0.22266038,131.60626,106.32702,-13.301586,WAL
1829967343000,42.449955,-0.376415530341683,-13.8648939544088,-0.176771730710621,0.49938235,0.09621128,-0.26908615,131.5878,105.93681,-13.036485,WAL
1829972268000,42.45488,-0.46621008948497,-14.2429765320641,-0.280744380840882,0.66553766,0.20586158,-0.33414328,131.59862,105.51725,-12.7603445,WAL
1829977350000,42.459962,-0.492077001171991,-14.6475673496192,-0.27717898769459,0.8732319,0.2910773,-0.40530908,131.65825,105.10038,-12.48673,WAL
1829982246000,42.464858,-0.496714328122837,-15.0417401404411,-0.240080343034319,1.072374,0.33933565,-0.48258355,131.73894,104.65431,-12.197836,WAL
1829987346000,42.469958,-0.438660946520852,-15.3459581990862,-0.219372829759891,1.2858714,0.36254853,-0.559858,131.84222,104.1769,-11.896274,WAL
1829992348000,42.47496,-0.359497520699913,-15.6067322443861,-0.205402813152523,1.5012014,0.36713,-0.6478226,131.95406,103.663925,-11.577995,WAL
1829997348000,42.47996,-0.235735679141401,-15.7829473366643,-0.290620245741981,1.6053538,0.3827071,-0.6899723,132.07385,103.129814,-11.248269,WAL
1830002280000,42.484892,-0.0941363632769062,-15.9198264776656,-0.41805963140002,1.8118263,0.40561453,-0.8060367,132.19588,102.531784,-10.883306,WAL
1830007347000,42.489959,0.0271964694017161,-15.8176404681921,-0.456422362626492,2.0030272,0.41813725,-0.9315695,132.32251,101.91395,-10.495291,WAL
1830012300000,42.494912,0.134798819934905,-15.607114275471,-0.451744002788243,2.1801782,0.42546764,-1.0668762,132.45547,101.266205,-10.083439,WAL
1830017340000,42.499952,0.166001838729871,-15.1571208017311,-0.367161053500403,2.362216,0.43554693,-1.1954633,132.6069,100.577774,-9.622851,WAL
1830022347000,42.504959,0.156349853497383,-14.587653667975,-0.241685215242552,2.5558603,0.46670106,-1.2922854,132.76863,99.87533,-9.147076,WAL
1830027348000,42.50996,0.0499875167098316,-13.9808731084769,-0.0849663750752067,2.7861564,0.47433686,-1.357648,132.93222,99.15548,-8.647776,WAL
1830032344000,42.514956,-0.102524015187768,-13.3565283781253,0.0866090945771491,3.058297,0.44990227,-1.4052955,133.0989,98.443726,-8.141201,WAL
1830037346000,42.519958,-0.450287766313267,-12.9636927644005,0.124487014002196,3.3524284,0.408058,-1.4230106,133.24963,97.777794,-7.649944,WAL
1830042407000,42.525019,-0.900277252036538,-12.6830545799141,0.0954554365598483,3.615406,0.4156938,-1.4724907,133.41255,97.168434,-7.149618,WAL
1830047344000,42.529956,-1.7644997780973,-12.5841016440812,-0.599971752854048,3.8063014,0.53786683,-1.5289958,133.58337,83.29974,-6.686257,WAL
1830052346000,42.534958,-2.84956303699035,-12.5699488510932,-1.63314074451448,3.8863246,0.7464773,-1.5855007,133.78864,83.62082,-6.2224245,WAL
1830057371000,42.539983,-3.59785445156884,-12.6162568928041,-2.39273238248045,3.8588357,0.9599747,-1.6019942,134.03177,83.70014,-5.836487,WAL
1830062349000,42.544961,-4.14522731000693,-12.6964749755518,-2.9872925223201,3.7458258,1.1334605,-1.570229,134.33054,83.6123,-5.463,WAL
1830067339000,42.549951,-4.69663246963024,-12.844639884052,-3.41591540561303,3.5390477,1.2932017,-1.5317446,134.73825,83.37096,-5.290846,WAL
1830072325000,42.554937,-5.24930526426303,-13.0353851539486,-3.73871557240602,3.2995887,1.3778065,-1.4844025,135.17467,83.09167,-5.139623,WAL
1830077348000,42.55996,-5.83424329961113,-13.3378414522884,-3.80252230954233,3.0650163,1.3869696,-1.4483615,135.65526,82.82063,-5.0806904,WAL
1830082348000,42.56496,-6.43106317198126,-13.6959334853924,-3.73090390292153,2.8777862,1.3075571,-1.4398094,136.13092,82.57494,-5.028495,WAL
1830087341000,42.569953,-7.01499372610233,-14.0100030571541,-3.45712193897673,2.7134633,1.1490375,-1.4813483,136.60901,82.34385,-5.00787,WAL
1830092332000,42.574944,-7.5923416565845,-14.3010242333792,-3.07691723415496,2.5970936,1.0112875,-1.5097535,137.06575,82.13822,-4.9905834,WAL
1830097347000,42.579959,-7.87061312341715,-14.3218257911738,-3.0806544542292,2.536618,0.6264423,-1.5964963,137.41217,81.913826,-4.9904637,WAL
1830102349000,42.584961,-7.96107723416161,-14.1742260234569,-3.3234794054269,2.3915374,0.26633725,-1.7849482,137.72575,81.75926,-4.9456353,WAL
1830107367000,42.589979,-7.75282724781765,-13.8213773670223,-3.33387129842871,2.1407773,0.0983493,-1.9712621,137.99355,81.56735,-4.9349227,WAL
1830112353000,42.594965,-7.35452515955383,-13.3397094554801,-3.19492869487876,1.8695531,0.08979719,-2.1010711,138.20401,81.43762,-4.87605,WAL
1830117336000,42.599948,-6.76695421376579,-12.5996170522358,-3.00927301460798,1.5445728,0.07849618,-2.1792617,138.37514,81.40753,-4.7746778,WAL
1830122351000,42.604963,-6.01576920990576,-11.6365595612593,-2.78295447154602,1.2657127,-0.017104227,-2.16399,138.51387,81.43565,-4.6576,WAL
1830127351000,42.609963,-5.32308977839033,-11.0008651803175,-3.00207520116894,1.1462886,-0.032986723,-2.0412061,138.65126,81.5009,-4.500815,WAL
1830132333000,42.614945,-4.67869410787458,-10.6315620845115,-3.58240796287813,1.1230757,0.15302174,-1.8304577,138.80763,81.59158,-4.3786054,WAL
1830137357000,42.619969,-4.02042209666073,-10.2641645992876,-4.13617089914292,1.1606439,0.63621616,-1.6475036,139.01549,81.68676,-4.2046723,WAL
1830142376000,42.624988,-2.93433619501336,-10.1518114016028,-3.09288633005343,1.282817,1.0858129,-1.5234979,139.25719,81.742096,-4.0832963,WAL
1830147322000,42.629934,-1.94915609614718,-10.0513025157003,-2.20831079734155,1.3744467,1.2751812,-1.4321736,139.52429,81.906136,-3.8966224,WAL
1830152341000,42.634953,-1.25932432561164,-9.98648625438259,-1.83330162717203,1.4453071,1.352761,-1.3756685,139.88086,82.031876,-3.7500849,WAL
1830157321000,42.639933,-0.63175681562827,-9.95014220698183,-1.45172377998668,1.5589281,1.4776831,-1.3429873,140.22739,82.10039,-3.50797,WAL
1830162346000,42.644958,-0.352528162436983,-10.0874671927138,-1.00770451298392,1.7278323,1.600467,-1.3264939,140.59232,82.12524,-3.284534,WAL
1830167515000,42.650127,-0.0705125402322206,-10.2177987409289,-0.568833159317852,1.8530598,1.6560557,-1.3414601,140.90625,82.14825,-2.9651592,WAL
1830172342000,42.654954,0.130767194658926,-10.2094123538643,-0.371746740560595,1.863139,1.6572775,-1.3607023,141.23927,82.14312,-2.6581705,WAL
1830177273000,42.659885,0.336383596719884,-10.2008452781205,-0.170414001614659,1.8032742,1.6844609,-1.3426818,141.61754,82.02579,-2.3144326,WAL
1830182347000,42.664959,0.609939352974036,-10.0377290338316,0.189064714634146,1.7531832,1.7357736,-1.2974777,142.00189,81.8863,-1.9818174,WAL
1830187276000,42.669888,0.888484273736231,-9.84739003688041,0.569742805487805,1.7394388,1.7314975,-1.2409728,142.37611,81.73768,-1.6638751,WAL
1830192350000,42.674962,1.08755746310713,-9.62950663229534,0.888670866823345,1.7192802,1.6487253,-1.2018774,142.74167,81.54639,-1.3156099,WAL
1830197248000,42.67986,1.25751113242754,-9.41362003985507,1.17805134492754,1.6487253,1.4972308,-1.0977248,143.08069,81.35684,-1.0059386,WAL
1830202346000,42.684958,1.12601620618161,-8.96908725645897,0.573059284841375,1.5509869,1.455081,-0.9837985,143.44173,81.08714,-0.67260635,WAL
1830207280000,42.689892,0.897117017146657,-8.46640601253799,-0.311119762329977,1.4752395,1.6380352,-0.852157,143.81792,80.82123,-0.38460225,WAL
1830212343000,42.694955,0.526693481725111,-8.05028013018944,-1.23831467121725,1.4807373,1.8274034,-0.73639804,144.18353,80.48902,-0.09773665,WAL
1830217346000,42.699958,0.0873483116122531,-7.69301077821443,-2.16528470251612,1.4837917,2.0189097,-0.64934975,144.59558,80.17677,0.1453995,WAL
1830222342000,42.704954,-0.292914900950963,-7.42889079304149,-2.99581497793329,1.4822645,2.2342396,-0.5946773,144.98813,80.036354,0.33442163,WAL
1830227347000,42.709959,-0.645005601596188,-7.21002379249553,-3.78088201828469,1.4596626,2.4657576,-0.54733527,145.43414,79.90386,0.48794606,WAL
1830232344000,42.714956,-0.901537951460697,-6.98988177008332,-4.16749036030519,1.4587462,2.631302,-0.50762904,146.0154,79.818886,0.5531071,WAL
1830237341000,42.719953,-1.10812148640699,-6.76888539420741,-4.34524831372352,1.4840971,2.6893342,-0.4810564,146.62675,79.73877,0.6029171,WAL
1830242378000,42.72499,-1.27883425964602,-6.61221730619469,-4.42109458230088,1.4813483,2.6945267,-0.45540005,147.3119,79.75933,0.57938755,WAL
1830247316000,42.729928,-1.42763348507375,-6.49131787787611,-4.44434445368732,1.4633276,2.6532931,-0.44898596,147.9984,79.78314,0.55459946,WAL
1830252330000,42.734942,-1.54055534230504,-6.32697972867988,-4.29954048614808,1.4492778,2.606562,-0.45875978,148.70175,79.82401,0.49411908,WAL
1830257376000,42.739988,-1.63107758743961,-6.13640654175293,-4.05179556701173,1.4132367,2.5247061,-0.46670106,149.38222,79.88246,0.4367119,WAL
1830262320000,42.744932,-1.7348298296678,-5.89380763593156,-3.74982482163298,1.3716979,2.4333818,-0.48808134,150.06123,79.94578,0.36204848,WAL
1830267304000,42.749916,-1.8494525039924,-5.61202686787072,-3.40595664904943,1.2977833,2.3588562,-0.49968776,150.72098,80.034355,0.29166824,WAL
1830272333000,42.754945,-1.97030338053238,-5.30899813190306,-2.94935964338498,1.217149,2.2504275,-0.5140431,151.35542,80.089714,0.21713908,WAL
1830277326000,42.759938,-2.09378793757449,-4.99553761174017,-2.42217591054827,1.1108584,2.1065688,-0.5161811,151.95761,80.179,0.1489905,WAL
1830282299000,42.764911,-2.17538973576238,-4.65372319178218,-1.79654071461188,0.9850202,1.9590448,-0.52381694,152.53957,80.22927,0.06811322,WAL
1830287335000,42.769947,-2.22791611326733,-4.28603810049505,-1.08982166733663,0.82741696,1.87444,-0.52290064,153.09692,80.32405,-0.009960978,WAL
1830292278000,42.77489,-2.27156154057957,-3.97001386337652,-0.4464803813243,0.6267477,1.72264,-0.5222898,153.60356,80.363785,-0.103298984,WAL
1830297332000,42.779944,-2.30985737458214,-3.68279495840174,0.171040391833646,0.5305365,1.5906931,-0.50732356,154.08932,80.42254,-0.19782743,WAL
1830302340000,42.784952,-2.35178853316972,-3.45203469371342,0.676655570879743,0.3555236,1.4721853,-0.48716503,154.52983,80.42577,-0.29807502,WAL
1830307347000,42.789959,-2.39705102861053,-3.26645860892014,1.09307041077874,0.17195857,1.3756685,-0.45478916,154.93535,80.46102,-0.40122047,WAL
1830312194000,42.794806,-2.47056704260942,-3.18019415475817,1.41652210602737,0.013133603,1.3267993,-0.42088616,155.31064,80.40959,-0.51126176,WAL
1830317242000,42.799854,-2.59176723932936,-3.23069414005014,1.63367237499217,-0.13103059,1.3026701,-0.3827071,155.66023,80.40633,-0.628577,WAL
1830322237000,42.804849,-2.67427729981702,-3.29911784952729,1.76925880250076,-0.26297748,1.2944235,-0.34483343,155.9871,80.34514,-0.7576958,WAL
1830327255000,42.809867,-2.71824471280878,-3.3870527775338,1.82299680272441,-0.38789943,1.2819008,-0.31398472,156.29962,80.321266,-0.89425147,WAL
1830332239000,42.814851,-2.70462173239437,-3.47020145475352,1.71094375272887,-0.50915617,1.2681563,-0.27183503,156.60791,80.28164,-1.0678867,WAL
1830337238000,42.81985,-2.6390659885759,-3.54980495575117,1.44872063077074,-0.61941737,1.2504412,-0.25411993,156.90535,80.27131,-1.2417742,WAL
1830342284000,42.824896,-2.53197121330783,-3.61012071314677,1.2367500737266,-0.72784597,1.2284501,-0.23518312,157.19218,80.27529,-1.4338926,WAL
1830347240000,42.829852,-2.38385935230521,-3.64834307739078,1.08386046708275,-0.82619524,1.207986,-0.21594086,157.4674,80.302414,-1.6288327,WAL
1830352232000,42.834844,-2.23184170218032,-3.760242543901,0.947861186859163,-0.9025534,1.1701124,-0.2012801,157.73834,80.4036,-1.8155074,WAL
1830357284000,42.839896,-2.07503495556865,-3.95031126753094,0.829068135356512,-0.97433007,1.1071932,-0.19272798,157.99045,80.524445,-2.0016687,WAL
1830362238000,42.84485,-1.92209894939237,-4.1331971163448,0.774365313780499,-1.0247264,1.0345002,-0.17684549,158.22256,80.690025,-2.1555517,WAL
1830367339000,42.849951,-1.7656275644277,-4.31728122585963,0.792773729537447,-1.0836749,0.93737274,-0.17134771,158.42567,80.87165,-2.302853,WAL
1830372266000,42.854878,-1.64744020147045,-4.51291234092901,0.843877178817801,-1.1398746,0.8197812,-0.17073683,158.59131,81.09741,-2.4040313,WAL
1830377353000,42.859965,-1.59051093008083,-4.75011767966696,0.962479843233031,-1.1777482,0.691194,-0.1695151,158.72285,81.32726,-2.5004628,WAL
1830382263000,42.864875,-1.55281191704786,-4.98957818327456,1.08631775707809,-1.2189816,0.61941737,-0.18387043,158.82094,81.57635,-2.5384154,WAL
1830387341000,42.869953,-1.5577117649471,-5.2639697679597,1.23821314428212,-1.2583824,0.4804455,-0.18600847,158.8613,81.82777,-2.5713794,WAL
1830392275000,42.874887,-1.58492007494016,-5.50497103130179,1.37262042863193,-1.276403,0.35246924,-0.18600847,158.86926,82.05828,-2.5703285,WAL
1830397327000,42.879939,-1.66509650561591,-5.69204944706316,1.479522320696,-1.3130548,0.2302962,-0.19425514,158.83966,82.29916,-2.561733,WAL
1830402316000,42.884928,-1.75921359059726,-5.89709563211259,1.5891276923527,-1.3735305,0.14844026,-0.16829337,158.77333,82.50949,-2.5490255,WAL
1830407378000,42.88999,-1.94995559293785,-6.2345620434322,1.72607062387006,-1.4471397,0.08735373,-0.1328632,158.67966,82.7268,-2.5347788,WAL
1830412344000,42.894956,-2.12744905999206,-6.64238770157769,1.88517797215717,-1.5302174,0.028405234,-0.09865474,158.56424,82.92358,-2.5450492,WAL
1830417344000,42.899956,-2.25573532710855,-7.45486711217504,2.17500988325065,-1.6319265,0.008246681,-0.027183503,158.44153,83.1301,-2.576763,WAL
1830422305000,42.904917,-2.37582080562852,-8.28569817260788,2.50508062157598,-1.6887369,0.025961773,0.01863139,158.31606,83.30054,-2.656305,WAL
1830427351000,42.909963,-2.45217036820381,-9.28778783193443,3.11110611846549,-1.6969837,0.0421497,0.10873401,158.18115,83.4613,-2.7679443,WAL
1830432283000,42.914895,-2.47063546199226,-10.3195557553191,3.7338293417795,-1.6548339,0.08460484,0.21380283,158.04794,83.54622,-2.911863,WAL
1830437357000,42.919969,-2.01478504470019,-11.823392193617,4.63143171895551,-1.5149459,0.17806722,0.3051272,157.93147,83.589325,-3.0772562,WAL
1830442484000,42.925096,-1.51624757289416,-13.3508666985338,5.56851780100422,-1.3127494,0.33658674,0.35002577,157.80618,83.48948,-3.2401912,WAL
1830447344000,42.929956,-0.614173558413336,-14.8885989078128,6.7977689042378,-1.0134255,0.48899764,0.3313944,157.70418,83.33273,-3.4100597,WAL
1830452426000,42.935038,0.343222767466099,-16.4357733996833,8.04216863447491,-0.63041294,0.48991394,0.2003638,157.60011,83.06952,-3.4367526,WAL
1830457353000,42.939965,1.44076384776997,-17.2063873134712,8.75673837436405,-0.23151793,0.3930918,-0.006414085,157.51485,82.761475,-3.440589,WAL
1830462533000,42.945145,2.5803564365677,-17.9838070036206,9.43932724185373,0.12583824,0.30848694,-0.21838433,157.48894,82.35317,-3.2501016,WAL
1830467344000,42.949956,3.47281117622194,-18.3257764370022,9.27668339174511,0.43799037,0.35369098,-0.47219884,157.48595,81.89386,-3.0078135,WAL
1830472349000,42.954961,4.40125349007965,-18.6815355336713,9.10748104923968,0.70432764,0.48563787,-0.6795876,157.54715,81.38347,-2.5548294,WAL
1830477334000,42.959946,4.8277555986211,-18.2350906786571,8.52062802697842,0.9282097,0.7122689,-0.8173377,157.66309,80.803345,-2.090305,WAL
1830482244000,42.964856,5.14725049570344,-17.6336882885691,7.85814598261391,1.094976,0.82711154,-0.81122905,157.79391,80.165306,-1.6410755,WAL
1830487339000,42.969951,4.47309342278266,-16.008945079626,7.18998918305469,1.1456778,0.98807454,-0.79137594,158.06166,79.58107,-1.0363804,WAL
1830492293000,42.974905,3.59027770784925,-14.2029820908662,6.5446823690375,1.1646146,1.0742066,-0.7101309,158.33864,78.94704,-0.49274358,WAL
1830497351000,42.979963,2.56777455516622,-11.9790445607467,5.90708481341719,1.069625,1.1279627,-0.6270532,158.67664,78.41399,0.05752983,WAL
1830502287000,42.984899,1.5201367165319,-9.65253337216732,5.29360313626834,0.9092729,1.1594223,-0.54702985,159.02539,77.89114,0.55191594,WAL
1830507352000,42.989964,0.661896527959244,-7.41930256021358,4.69555518138532,0.72418076,1.1481212,-0.49754974,159.3456,77.42764,0.8815424,WAL
1830512306000,42.994918,-0.0864530230116587,-5.29975338982071,4.1238347514059,0.50579643,1.1582005,-0.44409904,159.6734,77.02671,1.1734768,WAL
1830517343000,42.999955,-0.675580178000814,-3.71190937444015,3.55999956774226,0.24801129,1.1682798,-0.37384954,159.94897,76.70409,1.2921174,WAL
1830522341000,43.004953,-1.17254863598941,-2.42563820727809,3.00943654435057,-0.0143553335,1.1575897,-0.27977628,160.21457,76.45178,1.3876208,WAL
1830527360000,43.009972,-1.65733903772176,-1.84051437412595,2.65545809443926,-0.25228736,1.10139,-0.15668693,160.42557,76.28854,1.3473551,WAL
1830532321000,43.014933,-2.13052208963585,-1.5595619145347,2.38929254410209,-0.46853364,0.9795224,-0.019242255,160.60468,76.19723,1.282065,WAL
1830537346000,43.019958,-2.53653935819155,-1.8350200998509,2.3369080124715,-0.70463306,0.74006325,0.122783914,160.64471,76.25483,1.1351066,WAL
1830542345000,43.024957,-2.91862811547097,-2.27589169564989,2.34950442269777,-0.97097033,0.4089743,0.26939157,160.61104,76.38231,0.9637501,WAL
1830547308000,43.02992,-3.22148991961516,-3.01130888719127,2.40262066958644,-1.2629639,-0.03634648,0.39095375,160.50987,76.56583,0.69956714,WAL
1830552326000,43.034938,-3.44691249696535,-4.06941505073712,2.4992302357936,-1.570229,-0.5833763,0.5149594,160.2745,76.82208,0.4208407,WAL
1830557315000,43.039927,-3.66323700187564,-5.34265756470948,2.52013322346585,-1.883603,-1.2043208,0.63316184,159.87054,77.16587,0.06299484,WAL
1830562319000,43.044931,-3.86840906132518,-6.95472401571865,2.42731738897044,-2.1465805,-1.8212948,0.79809546,159.3018,77.56306,-0.31319818,WAL
1830567286000,43.049898,-4.21490040245902,-8.77631257090164,2.12803329487705,-2.346028,-2.3722951,0.9978484,158.53745,78.0428,-0.7403746,WAL
1830572312000,43.054924,-4.7550347352459,-10.9133662995902,1.5503241682377,-2.4672847,-2.8286116,1.2177598,157.6179,78.53416,-1.1969316,WAL
1830577290000,43.059902,-5.46841889399116,-12.9202801861435,0.674644332526125,-2.4755313,-3.082426,1.4410311,156.59164,79.06722,-1.7252463,WAL
1830582308000,43.06492,-6.4776424625201,-14.7648895741057,-0.70156934494574,-2.3157902,-3.1083877,1.5946637,155.50116,79.51503,-2.2901866,WAL
1830587297000,43.069909,-6.72251837839009,-16.3435021051469,-1.5680703021402,-1.9764545,-2.930626,1.6096299,154.42471,79.95667,-2.946875,WAL
1830592390000,43.075002,-5.7758475927476,-17.5521973041331,-1.66104692040551,-1.7443258,-2.4697282,1.5103643,153.4326,80.28681,-3.6203864,WAL
1830597293000,43.079905,-4.84096424052685,-18.6354313632219,-1.60486222532928,-1.1490375,-1.8274034,1.2305881,152.59282,80.520744,-4.3677945,WAL
1830602309000,43.084921,-3.62421487590679,-18.8544476088146,0.0645178675582573,-0.49266282,-1.2660183,0.88239485,151.88776,80.60366,-5.059318,WAL
1830607335000,43.089947,-2.49898279905984,-18.8638382906669,1.59912236861228,0.07941248,-0.9502009,0.5448918,151.39915,80.71081,-5.4548955,WAL
1830612316000,43.094928,-2.08787888358633,-17.2988394078934,2.0849724061894,0.4746423,-0.784351,0.2501493,151.04616,80.723724,-5.764981,WAL
1830617324000,43.099936,-1.68685478250917,-15.6862507349548,2.52347522298131,0.64904433,-0.56382865,0.021380283,150.79242,80.64244,-5.82367,WAL
1830622300000,43.104912,-1.44396030625056,-13.589687910668,2.32745521847447,0.677755,-0.25350907,-0.12889257,150.62274,80.544914,-5.8306813,WAL
1830627306000,43.109918,-1.1996014340338,-11.4804850371993,2.13025342133596,0.6246097,0.029932396,-0.18173242,150.48946,80.39312,-5.778184,WAL
1830632310000,43.114922,-1.06562739841285,-9.41399099197087,1.84018201124078,0.4718934,0.15485434,-0.19272798,150.40561,80.27816,-5.705218,WAL
1830637296000,43.119908,-0.954176659182149,-7.36329751115675,1.53257788438054,0.2724459,0.020463986,-0.18173242,150.33043,80.19371,-5.628048,WAL
1830642308000,43.12492,-0.902368681498612,-5.61080698447939,0.637297160982629,0.02687807,-0.3399465,-0.124311075,150.21423,80.14922,-5.5631337,WAL
1830647253000,43.129865,-0.878030452775208,-4.01908731899476,-0.506599187480728,-0.25381452,-0.63591075,-0.035430185,150.07765,80.153786,-5.5097904,WAL
1830652309000,43.134921,-1.15840338497644,-2.70747559398503,-1.46370734715513,-0.56382865,-0.89736104,0.077579886,149.84756,80.198784,-5.482937,WAL
1830657363000,43.139975,-1.54747322132496,-1.50896159119468,-2.3447045540996,-0.9062186,-1.1475104,0.22785273,149.53625,80.29448,-5.4830723,WAL
1830662315000,43.144927,-1.94736239414542,-0.524716750802644,-3.04276585977337,-1.2782356,-1.4581354,0.38362336,149.17622,80.52853,-5.5243845,WAL
1830667304000,43.149916,-2.36343949792257,0.332502400037772,-3.62928428895184,-1.7037032,-1.8414533,0.514654,148.72227,80.82242,-5.5924006,WAL
1830672330000,43.154942,-2.77552429914095,0.74278750599141,-4.17180000359604,-2.0931299,-2.2363777,0.63285637,148.18292,81.173546,-5.774193,WAL
1830677322000,43.159934,-3.18144096776546,0.933807056677655,-4.68755273958645,-2.4410176,-2.6371052,0.7119634,147.53108,81.54725,-5.9789753,WAL
1830682307000,43.164919,-3.39445596357309,0.896442442923434,-5.00787001160093,-2.7809641,-2.842356,0.77121735,146.81384,81.89555,-6.291425,WAL
1830687293000,43.169905,-3.51447709112529,0.748724095011601,-5.23406377703016,-2.9236012,-3.2330043,0.79229224,145.93071,82.15365,-6.616869,WAL
1830692318000,43.17493,-3.47999081108963,0.282522146809441,-5.51936056382134,-3.0692923,-3.5283577,0.8304713,145.01414,82.27284,-7.05094,WAL
1830697314000,43.179926,-3.34369196107437,-0.389235941773324,-5.84063614864177,-3.009733,-3.615406,0.87964594,144.05046,82.19009,-7.513723,WAL
1830702306000,43.184918,-3.14758930044273,-1.16947468555534,-6.04487304746872,-2.8038714,-3.5301902,0.9297369,143.06161,81.90431,-8.024886,WAL
1830707342000,43.189954,-2.91549687942252,-2.01893290092782,-6.18412848069297,-2.5213463,-3.3111951,0.9779953,142.09473,81.427444,-8.572433,WAL
1830712314000,43.194926,-2.55510835290994,-2.9275050522769,-6.44423074943843,-2.1853704,-3.0836477,1.040609,141.19556,99.15899,-9.108174,WAL
1830717306000,43.199918,-2.09138529503778,-3.89400192138044,-6.80056545885236,-1.8622227,-2.8264735,1.1777482,140.3805,99.87981,-9.694715,WAL
1830722299000,43.204911,-1.80262002427335,-5.26229045309614,-6.84002039515894,-1.4547756,-2.5378397,1.3521502,139.68658,100.60407,-10.238243,WAL
1830727322000,43.209934,-1.62959976922329,-6.90832076591815,-6.66700009128026,-1.0134255,-2.2559254,1.5219707,139.08005,101.383865,-10.824012,WAL
1830732309000,43.214921,-1.5746651109437,-8.9497447149088,-6.52691654387391,-0.66981375,-1.933083,1.6276505,138.64421,102.08072,-11.296582,WAL
1830737299000,43.219911,-1.61729933854084,-11.3325261046788,-6.41322522081681,-0.48624873,-1.5244142,1.6951511,138.32985,102.80356,-11.798348,WAL
1830742296000,43.224908,-1.50390355424488,-13.350190412768,-6.44496928457361,-0.45753807,-1.0027353,1.7128662,138.16794,103.40041,-12.188628,WAL
1830747311000,43.229923,-1.24763390045736,-15.0388242969986,-6.60971420877561,-0.49235737,-0.36254853,1.7055358,138.16772,103.99556,-12.570413,WAL
1830752310000,43.234922,-0.809043297763158,-16.3266756965461,-6.59021367664474,-0.61666846,0.32345316,1.6572775,138.34102,104.44651,-12.808144,WAL
1830757352000,43.239964,-0.119097759243421,-17.0910761712582,-6.32217726636513,-0.84116143,0.9443977,1.5522085,138.67757,104.89817,-13.005275,WAL
1830762310000,43.244922,0.534173400606657,-17.2187650961198,-5.87320284857199,-1.1203269,1.3933836,1.4092661,139.1772,105.21181,-13.008778,WAL
1830767307000,43.249919,1.16570878802836,-16.6814881876108,-5.22281559214103,-1.4184291,1.7055358,1.169807,139.79623,105.52658,-12.945627,WAL
1830772284000,43.254896,1.7082856076946,-15.8810710014912,-4.4068392909832,-1.7208074,1.922393,0.8717047,140.4948,105.67412,-12.654211,WAL
1830777296000,43.259908,2.14728598514763,-14.7453963459588,-3.37614284143553,-1.9929478,1.8979583,0.59406644,141.18648,105.8512,-12.319578,WAL
1830782271000,43.264883,2.49627610009887,-13.6207621933953,-2.11048802086217,-2.2208006,1.7644843,0.4700608,141.85954,105.910736,-11.840722,WAL
1830787281000,43.269893,2.73347101823215,-12.4917140620922,-0.516537746984378,-2.3200662,1.2431108,0.24251351,142.3852,105.96234,-11.303101,WAL
1830792287000,43.274899,2.85939034884227,-11.4997165351276,0.869933409044132,-2.486527,0.47067168,0.03726278,142.74553,105.93077,-10.718544,WAL
1830797312000,43.279924,2.82605723559272,-10.6997222149218,1.96516343477142,-2.5549438,-0.44959682,-0.16584991,142.90845,105.904724,-10.137261,WAL
1830802240000,43.284852,2.64088601302715,-10.0884653723281,2.60999245095321,-2.4569001,-1.2647965,-0.36163223,142.79227,105.905045,-9.663229,WAL
1830807306000,43.289918,2.20178404882534,-9.74278964750626,2.57262199422299,-2.2660046,-1.887879,-0.54305923,142.47057,105.891945,-9.195823,WAL
1830812244000,43.294856,1.61084966100996,-9.5388266081283,2.39342507072418,-2.0015,-2.312125,-0.7315111,141.91136,105.79502,-8.796093,WAL
1830817328000,43.29994,0.626313068872497,-9.63582521595777,1.87933209473055,-1.7183639,-2.5011878,-0.9089675,141.2456,105.63544,-8.383163,WAL
1830822258000,43.30487,-0.301601524587298,-9.68876721421635,1.31218055095863,-1.4700472,-2.4379632,-1.0320568,140.51186,105.470604,-8.034039,WAL
1830827288000,43.3099,-1.18569385894251,-9.64666770654496,0.573098108583414,-1.2345587,-2.204002,-1.0671816,139.78096,105.23692,-7.6692557,WAL
1830832268000,43.31488,-1.9959549813435,-9.53123253971624,-0.0445962554083583,-1.0152581,-1.890017,-1.0299188,139.08388,105.049164,-7.431613,WAL
1830837278000,43.31989,-2.60722169169964,-9.18392170002895,-0.308552326264453,-0.82772243,-1.6181821,-0.92271197,138.45618,104.823906,-7.2005477,WAL
1830842347000,43.324959,-3.18808061066922,-8.73542065736138,-0.523325821797323,-0.67347896,-1.4831808,-0.73731434,137.90141,104.705505,-7.1315236,WAL
1830847312000,43.329924,-3.59265486979923,-7.87172283279159,-0.505142695960803,-0.58368176,-1.4935656,-0.5112942,137.40132,104.58295,-7.1033754,WAL
1830852330000,43.334942,-3.96164862941667,-7.08805786079167,-0.546455590682292,-0.56016344,-1.5589281,-0.25259277,136.92471,104.553154,-7.2384787,WAL
1830857360000,43.339972,-3.92652372025,-7.208486330375,-1.19375793354688,-0.6056729,-1.5399913,0.015271631,136.48743,104.55352,-7.433679,WAL
1830862333000,43.344945,-3.83228638580747,-7.31599512591421,-1.76989949596758,-0.677755,-1.368949,0.23701571,136.02716,104.68008,-7.7682786,WAL
1830867337000,43.349949,-3.44864239632338,-7.36809488665744,-2.03987113182447,-0.75319684,-1.0809261,0.3622431,135.61768,104.84446,-8.137883,WAL
1830872314000,43.354926,-3.03199456283529,-7.4254093324856,-2.24719199961256,-0.8213083,-0.77182823,0.45173484,135.28589,105.15651,-8.533789,WAL
1830877356000,43.359968,-2.39879504793364,-7.5165516220147,-2.08889218349891,-0.8371908,-0.5546656,0.5329799,135.01907,105.48769,-8.9432955,WAL
1830882307000,43.364919,-1.79641505065184,-7.62574150889571,-1.93179396583589,-0.83108217,-0.5119051,0.57940567,134.83183,105.836784,-9.281582,WAL
1830887333000,43.369945,-1.31656121769555,-7.87028223266871,-1.76107671225077,-0.82711154,-0.5155703,0.65087694,134.70128,106.19844,-9.630789,WAL
1830892404000,43.375016,-0.843035800471444,-8.11790531306688,-1.59785195107146,-0.77549344,-0.6337727,0.6881397,134.58458,106.48143,-9.887612,WAL
1830897346000,43.379958,-0.541129187946776,-8.37263923273198,-1.5742655135154,-0.72265357,-0.79351395,0.6942484,134.45847,106.758644,-10.149809,WAL
1830902522000,43.385134,-0.239864281044438,-8.62716277606738,-1.56313254153355,-0.6957755,-0.9633345,0.6536258,134.31334,106.95351,-10.32803,WAL
1830907367000,43.389979,-0.127560022187337,-8.72599064420563,-1.70688198881789,-0.6921103,-1.1279627,0.58459806,134.12427,107.13045,-10.505223,WAL
1830912665000,43.395277,-0.014005880706133,-8.8309232714471,-1.86251412075227,-0.7134906,-1.2528846,0.50793445,133.9137,107.257286,-10.618641,WAL
1830917347000,43.399959,-0.113702626341301,-8.85584752584769,-1.96636494941634,-0.768163,-1.3112222,0.44409904,133.6746,107.37658,-10.721528,WAL
1830922323000,43.404935,-0.219659697311099,-8.8823368658514,-2.0767369535668,-0.84207773,-1.3494014,0.39492437,133.3965,107.54023,-10.803759,WAL
1830927354000,43.409966,-0.395537933909943,-8.82322865169112,-2.1213388992665,-0.91721416,-1.3616186,0.34055737,133.11021,107.698685,-10.86952,WAL
1830932275000,43.414887,-0.582780309486553,-8.7464112200489,-2.15014539853301,-1.0085385,-1.3435981,0.30634892,132.82565,107.86688,-10.928671,WAL
1830937342000,43.419954,-0.819842429498315,-8.64974439180082,-2.02066235790902,-1.0913107,-1.2965615,0.30176744,132.54128,108.06653,-10.992832,WAL
1830942303000,43.424915,-1.0599743131711,-8.55191276600524,-1.86502129123924,-1.1838568,-1.2345587,0.31490102,132.27168,108.2797,-11.051191,WAL
1830947348000,43.42996,-1.31087313825578,-8.45033857323105,-1.71180271589785,-1.2663237,-1.1734722,0.3399465,131.99284,108.54226,-11.142489,WAL
1830952284000,43.434896,-1.55899041799738,-8.35013732482083,-1.56388658491975,-1.3643675,-1.1239921,0.3753767,131.73665,108.82458,-11.236389,WAL
1830957351000,43.439963,-1.73151184236613,-8.28775999585602,-1.4709848738279,-1.4422529,-1.078788,0.42760566,131.4582,109.134995,-11.386681,WAL
1830962285000,43.444897,-1.86973163625579,-8.24168661095312,-1.40187503701958,-1.4727961,-1.02717,0.4831944,131.20451,109.4522,-11.541068,WAL
1830967255000,43.449867,-2.01199176436271,-8.20340610082435,-1.33596762276474,-1.5021176,-0.98532563,0.5332854,130.93117,109.80378,-11.758746,WAL
1830972328000,43.45494,-2.16602835351934,-8.18800266708941,-1.27948752577679,-1.4883732,-0.95569867,0.5879578,130.67848,110.14932,-11.984951,WAL
1830977247000,43.459859,-2.30976926839521,-8.23337138931448,-1.19705383616185,-1.4486669,-0.95386606,0.64904433,130.40248,110.51266,-12.25511,WAL
1830982354000,43.464966,-2.44906933921626,-8.38708195757219,-1.06255716417207,-1.4239268,-0.956615,0.6765333,130.13934,110.86569,-12.522482,WAL
1830987275000,43.469887,-2.57653053698245,-8.58870485784932,-0.922686747609813,-1.3799446,-0.979217,0.7125743,129.85274,111.21999,-12.830631,WAL
1830992366000,43.474978,-2.69472007904586,-8.90545263114516,-0.757221447958887,-1.3246613,-1.0186177,0.7449502,129.56604,111.5565,-13.139182,WAL
1830997329000,43.479941,-2.7849351036672,-9.23012156618971,-0.599510055157775,-1.2641857,-1.0812315,0.7684685,129.23212,111.87962,-13.480613,WAL
1831002350000,43.484962,-2.81227440822515,-9.59920098824979,-0.449144327330617,-1.1939361,-1.138042,0.7761043,128.89276,112.1785,-13.820548,WAL
1831007370000,43.489982,-2.82104419097059,-9.97650933421028,-0.312725986330922,-1.1139128,-1.169807,0.77732605,128.50716,112.4401,-14.180748,WAL
1831012350000,43.494962,-2.74486516419243,-10.3887717301513,-0.241028154742084,-1.0390818,-1.2061534,0.7687739,128.10602,112.676994,-14.535954,WAL
1831017496000,43.500108,-2.65887821078632,-10.8106439795381,-0.176967966068401,-0.9401216,-1.239751,0.7663304,127.67342,112.85483,-14.888942,WAL
1831022351000,43.504963,-2.49125369456299,-11.1594844574686,-0.235863047185034,-0.8374963,-1.2370021,0.7458665,127.23997,113.00471,-15.225046,WAL
1831027686000,43.510298,-2.29828583132542,-11.5301300256656,-0.311706635370619,-0.7312057,-1.2168436,0.7254025,126.795,113.09633,-15.5322695,WAL
1831032345000,43.514957,-2.00345104196514,-11.6711377259146,-0.538173986228692,-0.591623,-1.1404854,0.70829827,126.36663,113.154274,-15.821248,WAL
1831037331000,43.519943,-1.68792276127179,-11.8220422963034,-0.780536341107067,-0.4541783,-1.0305296,0.68875057,125.96937,113.16959,-16.056902,WAL
1831042336000,43.524948,-1.25411555929673,-11.8802310348628,-1.04692095416149,-0.32284227,-0.90408057,0.65576386,125.597404,113.15268,-16.269981,WAL
1831047252000,43.529864,-0.815485877910238,-11.9273954796634,-1.31104206173913,-0.19914207,-0.73273283,0.6414085,125.27074,113.111946,-16.464197,WAL
1831052342000,43.534954,-0.26407864052879,-11.8858981930082,-1.70241063397963,-0.09132435,-0.49632803,0.64476824,125.03473,113.09498,-16.604136,WAL
1831057352000,43.539964,0.290329549012926,-11.834216010282,-2.10177249120642,0.002443461,-0.30848694,0.6087272,124.82976,113.04638,-16.715973,WAL
1831062348000,43.54496,0.76731027013923,-11.6872307692465,-2.19724384488125,0.035430185,-0.20372356,0.5354234,124.73121,112.975365,-16.728106,WAL
1831067243000,43.549855,1.223233135905,-11.5288578751024,-2.24523569172809,0.021685716,-0.17379116,0.43799037,124.65903,112.88408,-16.714724,WAL
1831072319000,43.554931,1.53006426050379,-11.4685972029912,-1.75066911809505,-0.059864793,-0.20525073,0.30848694,124.6838,112.78084,-16.577711,WAL
1831077250000,43.559862,1.80885930334547,-11.4221313948637,-1.20701877484995,-0.16249016,-0.22449298,0.22907446,124.714294,112.67722,-16.428394,WAL
1831082346000,43.564958,1.44337461887734,-11.714152444984,-0.761927663940954,-0.21594086,-0.25778514,0.064751714,124.75351,112.52349,-16.171478,WAL
1831087285000,43.569897,0.988612565292804,-12.0494816218316,-0.34850760650675,-0.3200934,-0.27366763,-0.081855945,124.78444,112.39179,-15.903639,WAL
1831092312000,43.574924,0.465702852819627,-12.2569359384934,-0.106648700967519,-0.3652974,-0.2669481,-0.16279559,124.75174,112.18391,-15.606367,WAL
1831097343000,43.579955,-0.0718076126646263,-12.4329355073551,0.0931339530852009,-0.35918877,-0.2706133,-0.19456059,124.70251,111.9722,-15.29075,WAL
1831102343000,43.584955,-0.314592126629834,-12.6937414216342,0.023547975245711,-0.3032946,-0.23273966,-0.17256944,124.56529,111.747665,-15.054439,WAL
1831107357000,43.589969,-0.48214587878453,-12.9776513349811,-0.116080144259959,-0.19975294,-0.13744467,-0.13408493,124.442726,111.513725,-14.815384,WAL
1831112349000,43.594961,-0.460847328194735,-13.3862323844547,-0.23374532302758,-0.056505036,-0.007941248,-0.11728613,124.268814,111.28717,-14.665298,WAL
1831117290000,43.599902,-0.371864656847054,-13.8360894770163,-0.342501910444003,0.10445796,0.13744467,-0.1301143,124.12857,111.042046,-14.512684,WAL
1831122288000,43.6049,-0.243344659210605,-14.2691512155695,-0.352436191476517,0.27977628,0.2556471,-0.17287487,124.01845,110.78717,-14.369347,WAL
1831127311000,43.609923,-0.104825668014298,-14.6990379198689,-0.338106641316652,0.4718934,0.35155296,-0.23640485,123.941986,110.49543,-14.21112,WAL
1831132311000,43.614923,0.0334963869867411,-15.0675626117037,-0.301015906155917,0.6780604,0.39920044,-0.33078352,123.89066,110.143654,-14.002867,WAL
1831137295000,43.619907,0.171487946322401,-15.4196791560164,-0.258190934599741,0.8875872,0.42760566,-0.44776422,123.855965,109.74406,-13.770872,WAL
1831142400000,43.625012,0.316291527913562,-15.7755415320417,-0.272032690789866,1.0848967,0.44165558,-0.550695,123.829994,109.26975,-13.490383,WAL
1831147378000,43.62999,0.458387936992548,-16.1213090102335,-0.300451976562345,1.2779301,0.45020768,-0.6597345,123.803764,108.74255,-13.182465,WAL
1831152338000,43.63495,0.585107056707492,-16.3018131673524,-0.363755550387523,1.4501941,0.45204028,-0.77304995,123.77486,108.148636,-12.829963,WAL
1831157322000,43.639934,0.708418851751029,-16.4388261934743,-0.436829216777342,1.6022996,0.44623706,-0.88789266,123.74178,107.51454,-12.456891,WAL
1831162314000,43.644926,0.813469881189971,-16.1526133702356,-0.426447241140431,1.7525724,0.4474588,-1.0097603,123.71689,106.818375,-12.032335,WAL
1831167307000,43.649919,0.910157778970782,-15.6740087519968,-0.378103294774037,1.8976529,0.44043383,-1.1414018,123.68389,106.08736,-11.586335,WAL
1831172297000,43.654909,0.908620154021065,-15.0052255196378,-0.250937037662664,2.0885482,0.40622538,-1.2318097,123.665276,105.31523,-11.11372,WAL
1831177319000,43.659931,0.866012372005119,-14.252487584211,-0.0899742837965351,2.3090706,0.3585779,-1.2626585,123.64031,104.515945,-10.635969,WAL
1831182310000,43.664922,0.721019740605797,-13.5606415516908,-0.0758261030248309,2.436436,0.27580565,-1.3240504,123.597984,103.695045,-10.137826,WAL
1831187292000,43.669904,0.527407249365217,-12.8968273565217,-0.131143960484348,2.7226264,0.22937989,-1.3796391,123.55528,102.81991,-9.645973,WAL
1831192357000,43.674969,0.0811317549002037,-12.5388138167006,-0.207225718786151,3.0091221,0.23701571,-1.4220943,123.49616,101.94353,-9.174271,WAL
1831197382000,43.679994,-0.521636557803462,-12.3868971160896,-0.295435720135438,3.3087516,0.28313604,-1.4816537,123.43654,101.02623,-8.693758,WAL
1831202307000,43.684919,-1.12731086335775,-12.3674774279106,-0.491318988087895,3.579365,0.34574974,-1.5714508,123.38493,100.12338,-8.239771,WAL
1831207293000,43.689905,-1.74857573762529,-12.4180985905937,-0.749028855451041,3.7675114,0.46914452,-1.6584991,123.36741,99.21488,-7.7772007,WAL
1831212314000,43.694926,-2.32542013205546,-12.4790538304955,-1.09460323586868,3.8121045,0.6310238,-1.7131716,123.366425,98.41085,-7.392276,WAL
1831217305000,43.699917,-2.86148894942904,-12.5472808717374,-1.50396487267537,3.7336085,0.8145888,-1.720502,123.41191,97.656586,-7.0046887,WAL
1831222295000,43.704907,-3.34612555338627,-12.6847512351705,-2.09720888304531,3.5592062,0.99296147,-1.670411,123.502785,97.10844,-6.733602,WAL
1831227321000,43.709933,-3.80025312857543,-12.8690997976179,-2.81661897333956,3.3224962,1.1905763,-1.5894713,123.65515,96.656136,-6.476946,WAL
1831232310000,43.714922,-4.35431252664474,-13.1885384712171,-3.37223311924342,3.0558534,1.4074335,-1.5167783,123.863075,96.42511,-6.349612,WAL
1831237288000,43.7199,-5.02569909148849,-13.663899859889,-3.7446811126028,2.7852402,1.4963144,-1.4935656,124.08938,96.255684,-6.234219,WAL
1831242410000,43.725022,-5.6769043317131,-14.204133824837,-3.98252479861687,2.5567765,1.42973,-1.5033394,124.349205,96.24121,-6.234303,WAL
1831247354000,43.729966,-6.27097282205098,-14.7701361034381,-4.08543419280775,2.414445,1.2730432,-1.5720617,124.60445,96.21712,-6.215838,WAL
1831252307000,43.734919,-6.82986731314722,-15.057022308636,-4.13946253714258,2.2635612,1.0577132,-1.6963727,124.86318,96.21902,-6.2188787,WAL
1831257303000,43.739915,-7.35676206534969,-15.0616442842929,-4.14408436801584,2.0720549,0.8258898,-1.781894,125.06558,96.203224,-6.2032228,WAL
1831262271000,43.744883,-7.74275197685259,-14.8481606366534,-4.07338287784861,1.8655825,0.7189884,-1.8521434,125.28872,83.84598,-6.153719,WAL
1831267261000,43.749873,-7.93790292466135,-14.3293437760956,-3.89727086749004,1.6502525,0.6637051,-1.93797,125.4517,83.929924,-6.0696173,WAL
1831272283000,43.754895,-7.93083438040486,-13.618856916498,-3.85603326817814,1.4761559,0.6206391,-1.9749273,125.62664,84.02517,-5.9734745,WAL
1831277270000,43.759882,-7.6311290059919,-12.64239676417,-4.01071991303644,1.4031575,0.59559363,-1.9792033,125.78237,84.13761,-5.8604684,WAL
1831282259000,43.764871,-7.06629494606295,-11.7408921129977,-4.07641496641843,1.3662001,0.6774496,-1.926669,125.96647,84.25515,-5.741303,WAL
1831287275000,43.769887,-6.14571186783835,-10.9347858991163,-4.02394664017476,1.3833044,0.9263771,-1.8298469,126.18494,84.35937,-5.635398,WAL
1831292264000,43.774876,-5.13882863323102,-10.2569479357227,-3.799218740065,1.4587462,1.2049317,-1.7037032,126.4772,84.480965,-5.510416,WAL
1831297286000,43.779898,-3.99692099598267,-9.74895112322831,-3.33029845549336,1.5012014,1.3277156,-1.53205,126.79003,84.55747,-5.430392,WAL
1831302186000,43.784798,-2.88331851228638,-9.31328627052385,-2.83343729117614,1.5919148,1.3695599,-1.328021,127.1677,84.66707,-5.3139544,WAL
1831307209000,43.789821,-1.74424646813359,-9.13060459108679,-2.15106866015861,1.6850718,1.3808609,-1.1667526,127.56618,84.73318,-5.239019,WAL
1831312174000,43.794786,-0.894706455770404,-9.06074570032418,-1.79311641695271,1.7434094,1.3811663,-1.073901,127.9218,84.84098,-5.118957,WAL
1831317223000,43.799835,-0.461334013539283,-9.16217292772693,-1.9222060793669,1.8283197,1.4944818,-1.0283916,128.30838,84.90742,-5.0345497,WAL
1831322198000,43.80481,-0.158403976192815,-9.29513286245011,-1.84973213217685,1.9709567,1.7779233,-0.9789116,128.6999,85.00725,-4.902405,WAL
1831327234000,43.809846,-0.143596239510797,-9.50737776512128,-1.30678180434961,2.1413882,2.006387,-0.94042706,129.10385,85.08064,-4.783733,WAL
1831332191000,43.814803,-0.0873662303786322,-9.65995156413267,-0.844934666979748,2.2128594,2.057394,-0.89644474,129.55766,85.190285,-4.611707,WAL
1831337262000,43.819874,0.0504241663927209,-9.70746545983759,-0.512337148977595,2.193617,2.1468859,-0.8332202,130.08029,85.26412,-4.4612393,WAL
1831342227000,43.824839,0.221305234142522,-9.68928230383712,-0.208213048970243,2.16399,2.189341,-0.7996226,130.60815,85.29181,-4.297481,WAL
1831347226000,43.829838,0.474361308183242,-9.52526460493344,0.049529235252545,2.0958786,2.1844542,-0.76083267,131.13705,85.28397,-4.157752,WAL
1831352252000,43.834864,0.665809103076923,-9.31425556153846,0.159269673230769,2.0073032,2.1615467,-0.70249504,131.67776,85.23856,-3.9939218,WAL
1831357323000,43.839935,0.684723982453749,-8.97378704148004,-0.143368614056475,1.9013181,2.1853704,-0.636827,132.21994,85.16889,-3.8488796,WAL
1831362264000,43.844876,0.645062040145086,-8.65516019080208,-0.492963042753901,1.813659,2.2635612,-0.5467244,132.78612,85.05595,-3.6864204,WAL
1831367263000,43.849875,0.396057197366548,-8.37994423487544,-1.04339479039146,1.784032,2.360994,-0.4718934,133.355,84.917694,-3.5441682,WAL
1831372537000,43.855149,0.124902202991812,-8.08618781788006,-1.6262568495021,1.7742581,2.4404066,-0.40958515,133.9382,84.79267,-3.4244652,WAL
1831377255000,43.859867,-0.210048683385705,-7.78623201526886,-2.17117697519363,1.7611245,2.4587326,-0.3921755,134.52084,84.663475,-3.315833,WAL
1831382272000,43.864884,-0.536865714592749,-7.4632647928647,-2.68258711950188,1.7336355,2.5256224,-0.35705075,135.15903,84.56031,-3.2583656,WAL
1831387257000,43.869869,-0.757227114679296,-7.1281317613232,-2.94885716258294,1.7119498,2.547919,-0.32528573,135.77797,84.46197,-3.2025108,WAL
1831392397000,43.875009,-0.978393248391871,-6.79978410053276,-3.1958095769929,1.7171422,2.5164595,-0.301462,136.4957,84.332016,-3.165615,WAL
1831397355000,43.879967,-1.16108769757301,-6.57024498914759,-3.29418351681137,1.6911805,2.4721715,-0.2864958,137.20575,84.217155,-3.1340134,WAL
1831402293000,43.884905,-1.35766540700998,-6.34152699474252,-3.35206064532219,1.6841555,2.3924537,-0.269697,137.94583,84.072945,-3.1279585,WAL
1831407330000,43.889942,-1.66980368417363,-6.10742328686978,-3.10495118344567,1.6719382,2.324953,-0.27366763,138.66998,83.94329,-3.119271,WAL
1831412225000,43.894837,-1.97314235137953,-5.87991928646535,-2.86480807923969,1.6514742,2.244319,-0.29565877,139.39037,83.80044,-3.1321702,WAL
1831417274000,43.899886,-2.09214899239214,-5.75727106442967,-2.73181824519355,1.6239853,2.1679606,-0.30543262,140.08728,83.66744,-3.1462443,WAL
1831422464000,43.905076,-2.18693972379774,-5.64710882691614,-2.61140842611206,1.5613716,2.0922134,-0.33353242,140.75732,83.560265,-3.1469216,WAL
1831427287000,43.909899,-2.27502752679759,-5.54473648172775,-2.49951313566311,1.4474452,2.0335703,-0.3585779,141.40334,83.40658,-3.1946676,WAL
1831432490000,43.915102,-2.37024034308928,-5.41668962,-2.33943350759093,1.3426818,1.958434,-0.38423425,142.03107,83.26721,-3.2339125,WAL
1831437288000,43.9199,-2.4614012552102,-4.97824838,-1.47557382401039,1.235475,1.8762726,-0.40958515,142.6368,83.16613,-3.264925,WAL
1831442302000,43.924914,-2.55666611835616,-4.52006906,-0.572824250547945,1.1050552,1.7919732,-0.4288274,143.2172,83.04988,-3.3197358,WAL
1831447259000,43.929871,-2.5751802345679,-4.38640828414289,-0.122103809628618,0.96944314,1.6801848,-0.44409904,143.76343,82.969604,-3.3660843,WAL
1831452228000,43.93484,-2.58481150617284,-4.29009773027727,0.277585901556365,0.7874053,1.5683966,-0.4596761,144.28264,82.94086,-3.4047096,WAL
1831457277000,43.939889,-2.65298796521363,-4.28503603779165,0.589237970698992,0.61850107,1.4837917,-0.46120325,144.71661,82.79576,-3.4605496,WAL
1831462229000,43.944841,-2.72584332022084,-4.28958940535766,0.885213248025924,0.48655418,1.4291192,-0.45631635,145.12335,82.691246,-3.5122123,WAL
1831467281000,43.949893,-2.79910492763409,-4.35054766017913,1.17507039789172,0.34025195,1.3723087,-0.45142943,145.47742,82.568504,-3.5596104,WAL
1831472239000,43.954851,-2.87077928643454,-4.42222181940223,1.45698912838382,0.23060162,1.3374895,-0.4428773,145.81705,82.47061,-3.6089902,WAL
1831477293000,43.959905,-2.89880478718946,-4.49071205093285,1.59258097882869,0.16249016,1.2797627,-0.42943826,146.11307,82.33871,-3.6681786,WAL
1831482238000,43.96485,-2.91770413020054,-4.5568600968273,1.69652800676444,0.043982297,1.2330315,-0.42577308,146.39679,82.248856,-3.7263565,WAL
1831487265000,43.969877,-2.84323461619001,-4.53706014647601,1.7025946924285,-0.08002335,1.20371,-0.4092797,146.64948,82.114746,-3.7966115,WAL
1831492319000,43.974931,-2.74938847523025,-4.4995216900921,1.68851777128454,-0.20647246,1.1722504,-0.40133846,146.88243,82.0134,-3.8638852,WAL
1831497287000,43.979899,-2.62894031581149,-4.39453653895706,1.58160453733965,-0.31978795,1.1273518,-0.39492437,147.10481,81.905266,-3.9375265,WAL
1831502323000,43.984935,-2.49893142103551,-4.26901089192229,1.44711258206916,-0.43035457,1.0769554,-0.38606682,147.3099,81.827934,-4.0123343,WAL
1831507305000,43.989917,-2.32804162963562,-4.12902964687365,1.32013738227684,-0.52473325,1.0235047,-0.37873647,147.50935,81.76701,-4.0710955,WAL
1831512311000,43.994923,-2.13164490572445,-3.979147761837,1.19609738020699,-0.627664,0.9624182,-0.3747658,147.68619,81.73541,-4.1287794,WAL
1831517308000,43.99992,-1.95152886558287,-3.91987399825535,1.09105921788263,-0.72509706,0.893085,-0.37048978,147.87515,81.73374,-4.172616,WAL
1831522333000,44.004945,-1.7750252424663,-3.88648145860428,0.990881499306106,-0.8188649,0.8222246,-0.36346483,148.04082,81.754684,-4.215482,WAL
1831527306000,44.009918,-1.59272380817341,-3.85696401284677,0.952828956398528,-0.8979719,0.752586,-0.34880406,148.20605,81.80859,-4.232083,WAL
1831532308000,44.01492,-1.40696026131053,-3.82838502094064,0.933776270259521,-0.98563105,0.675617,-0.3417791,148.34499,81.88567,-4.2453046,WAL
1831537297000,44.019909,-1.31852938623091,-3.82751172008215,0.998973220756318,-1.0797043,0.58276546,-0.32834008,148.49129,81.98462,-4.237933,WAL
1831542399000,44.025011,-1.26181080894723,-3.83623764804,1.09495849662916,-1.1453724,0.48349985,-0.30482176,148.60974,82.09294,-4.2320952,WAL
1831547379000,44.029991,-1.25574581163949,-3.89227369166667,1.23002977182971,-1.2257011,0.3866777,-0.27947086,148.7278,82.20626,-4.1919446,WAL
1831552309000,44.034921,-1.29423522368659,-3.99063540833333,1.40109371621377,-1.2938126,0.28802297,-0.24129178,148.81337,82.325325,-4.159019,WAL
1831557301000,44.039913,-1.37593547907991,-4.12266438767034,1.55531386041644,-1.3539828,0.20372356,-0.18967366,148.8907,82.41561,-4.129643,WAL
1831562300000,44.044912,-1.55860263396926,-4.33142688932737,1.66491419694756,-1.4239268,0.12889257,-0.13500121,148.93927,82.51727,-4.109847,WAL
1831567254000,44.049866,-1.68618302602515,-4.6011138325822,1.79941342582205,-1.486846,0.11362094,-0.061391957,148.96538,82.58736,-4.1205926,WAL
1831572291000,44.054903,-1.75149610978723,-4.95100543276596,1.96736132765957,-1.5738943,0.08552113,-0.025961773,148.96468,82.6752,-4.134088,WAL
1831577268000,44.05988,-1.80966392032973,-5.46271552159401,2.23403931632447,-1.6029104,0.09285152,0.049480084,148.95135,82.71141,-4.210775,WAL
1831582318000,44.06493,-1.85857950645292,-6.24536541033681,2.66449683174876,-1.6691893,0.110872045,0.14049901,148.9295,82.76356,-4.301267,WAL
1831587299000,44.069911,-1.79220472104387,-7.15582715798231,3.13342566456783,-1.6936239,0.13713925,0.2434298,148.9462,82.73421,-4.4669476,WAL
1831592310000,44.074922,-1.56526487320256,-8.26531100481653,3.66715451965146,-1.6490307,0.18661933,0.32986724,148.96677,82.68627,-4.6516523,WAL
1831597251000,44.079863,-1.30314298379367,-9.43694422363696,4.25448759598433,-1.534799,0.25961772,0.4184427,148.98294,82.553856,-4.8810534,WAL
1831602305000,44.084917,-0.760611489446077,-11.190953926325,5.29214491168789,-1.3628404,0.310625,0.5002986,148.99817,82.384285,-5.1281943,WAL
1831607290000,44.089902,-0.184814725264774,-12.9132548000767,6.4080521870683,-1.0781772,0.38056904,0.52564955,149.03741,82.155205,-5.336936,WAL
1831612312000,44.094924,0.493420519585572,-14.6296047196853,7.75529498301995,-0.70005155,0.39675698,0.46914452,149.07036,81.88222,-5.538307,WAL
1831617275000,44.099887,1.17115805238928,-16.1521378953963,8.9140312263986,-0.2556471,0.32162055,0.39003745,149.08827,81.57238,-5.6521716,WAL
1831622300000,44.104912,1.88627929219114,-17.0215014516317,9.41882263811189,0.18112154,0.2968805,0.2049453,149.12965,81.22971,-5.7171726,WAL
1831627292000,44.109904,2.57238063947368,-17.825714,9.77917947368421,0.49632803,0.39003745,-0.018936822,149.17894,80.84956,-5.6382346,WAL
1831632309000,44.114921,3.12365488392632,-18.296067784,9.33917167431579,0.6988298,0.5665775,-0.19364429,149.25504,80.42535,-5.5275416,WAL
1831637320000,44.119932,3.58164149525483,-18.5492490386643,8.91498016344464,0.7968737,0.84116143,-0.37201694,149.43825,80.04272,-5.2458363,WAL
1831642382000,44.124994,3.77097097082601,-18.1658561636399,8.53158778265964,0.83199847,1.0128145,-0.47036624,149.65172,79.629456,-4.9570627,WAL
1831647382000,44.129994,3.73662716106459,-17.4835429479665,8.11131974031101,0.81306165,1.0833695,-0.49754974,149.99864,79.32923,-4.5755897,WAL
1831652304000,44.134916,2.9284561034689,-15.7497345944976,7.55217847966507,0.7501425,1.0888673,-0.4783075,150.37842,79.02299,-4.2059216,WAL
1831657282000,44.139894,2.05867713305564,-13.9245205194882,6.95603543421601,0.6450737,1.0946705,-0.45814893,150.80803,78.777016,-3.8225513,WAL
1831662318000,44.14493,0.958545901656253,-11.7768725444808,6.2242088887831,0.49877146,1.0955868,-0.4352415,151.23462,78.54588,-3.463351,WAL
1831667304000,44.149916,-0.097001530633103,-9.70923491113845,5.52371636959402,0.36132678,1.0922271,-0.4156938,151.59998,78.29376,-3.2430997,WAL
1831672298000,44.15491,-1.00220779370682,-7.90334883845935,4.93080644887858,0.18478674,1.0815369,-0.3998113,151.9614,78.092064,-3.033755,WAL
1831677344000,44.159956,-1.89729745635656,-6.13953928039288,4.34540508363603,0.0842994,1.0525209,-0.36102137,152.23608,77.874435,-3.010749,WAL
1831682312000,44.164924,-2.54095253989993,-5.14319610841364,3.93540555428095,-0.129198,1.0189233,-0.2669481,152.50023,77.736496,-3.0065937,WAL
1831687292000,44.169904,-3.18616234586731,-4.14444631041512,3.52441568789844,-0.35827246,0.9492846,-0.13225232,152.67079,77.60517,-3.1794457,WAL
1831692371000,44.174983,-3.85907896020322,-4.00423022974174,3.24281134040008,-0.5714644,0.8530733,0.069027774,152.80847,77.51645,-3.3920078,WAL
1831697674000,44.180286,-4.54355374168798,-4.01550692344416,2.97989729863598,-0.7910705,0.66339964,0.2687807,152.88605,77.47883,-3.6296759,WAL
1831702451000,44.185063,-4.97690053878943,-4.6308592757791,2.89756140266174,-1.0170907,0.36713,0.4364632,152.84425,77.474236,-4.025642,WAL
1831708015000,44.190627,-5.45921129807881,-5.43697106960951,2.78832088286123,-1.2797627,-0.022296581,0.5705481,152.65894,77.456924,-4.5235415,WAL
1831712441000,44.195053,-5.46678639846305,-7.57696085568761,2.47773832628898,-1.5439619,-0.5158757,0.6392705,152.34991,77.45931,-5.0258803,WAL
1831717365000,44.199977,-5.47521382600304,-9.95773575551783,2.13220996918059,-1.7876972,-1.1438452,0.6591236,151.86453,77.47234,-5.583716,WAL
1831722400000,44.205012,-5.87221168689372,-11.9353398774964,1.5057906117903,-1.9938642,-1.7540996,0.70066243,151.23901,77.487144,-6.1405644,WAL
1831727365000,44.209977,-6.4402882087821,-13.6777233167796,0.763899754140514,-2.1319196,-2.291661,0.77488256,150.45462,77.49025,-6.684207,WAL
1831732407000,44.215019,-7.1266698774595,-15.2458827211673,-0.131002198362837,-2.1661282,-2.7119362,0.8558222,149.6247,77.62454,-7.1529994,WAL
1831737310000,44.219922,-7.92764117924042,-16.5254226446733,-1.17377679366592,-2.0922134,-2.993545,0.95905846,148.68591,77.694275,-7.627561,WAL
1831742344000,44.224956,-8.21773085603275,-17.3845375553142,-1.84081856221591,-1.897042,-3.0347786,1.0390818,147.7524,77.780655,-8.126008,WAL
1831747324000,44.229936,-8.10216597802473,-17.8906325519719,-2.19548369289773,-1.6120734,-2.7809641,1.0473285,146.83582,77.771286,-8.626642,WAL
1831752204000,44.234816,-7.73598513596443,-18.3421845664727,-2.33801714207377,-1.219287,-2.24157,0.9492846,146.02904,77.7233,-9.159975,WAL
1831757260000,44.239872,-5.90208323990559,-18.5548118739708,-1.30677937982545,-0.782213,-1.6542231,0.7870999,145.3272,77.584465,-9.674402,WAL
1831762262000,44.244874,-4.36551123045627,-18.3385211635645,-0.395576836488223,-0.37659842,-1.2211196,0.59223384,144.79694,77.466835,-10.104008,WAL
1831767229000,44.249841,-3.37826553244935,-17.2964280368967,0.297845665620985,-0.11026118,-1.0775663,0.5015204,144.36412,77.292496,-10.514621,WAL
1831773070000,44.255682,-2.24367124652687,-15.9894765111402,1.07394541913499,-0.04062254,-0.8151997,0.2602286,144.18071,77.268776,-10.642889,WAL
1831777519000,44.260131,-1.68525435068807,-14.0489773279817,1.20889618394495,0.042760566,-0.75502944,0.13041973,143.98198,77.19382,-10.770722,WAL
1831782506000,44.265118,-1.11466889875738,-11.9194872688939,1.29705357445508,0.026267206,-0.63499445,0.086132,143.90506,77.17489,-10.77259,WAL
1831787218000,44.26983,-0.930819165858627,-10.200492748625,0.975316553880627,-0.099265605,-0.5714644,0.027794369,143.83548,77.194275,-10.735539,WAL
1831792274000,44.274886,-0.734646010223084,-8.400800842871,0.581045603743938,-0.26053402,-0.61300325,-0.02321288,143.74751,77.231224,-10.677934,WAL
1831797233000,44.279845,-0.550392349877789,-6.96822847303589,-0.169788149703201,-0.5021312,-0.79717916,-0.043982297,143.63924,77.30613,-10.611433,WAL
1831802404000,44.285016,-0.397730645306122,-5.48809646530612,-0.985629343265306,-0.80970186,-1.0888673,-0.032986723,143.48079,77.4152,-10.551757,WAL
1831807279000,44.289891,-0.685892909616725,-4.2424919369338,-2.11503941867596,-1.1820242,-1.3979651,0.045814894,143.2663,77.55612,-10.501044,WAL
1831812447000,44.295059,-1.00612874210107,-2.96057850015917,-3.27961228253084,-1.5146403,-1.6426166,0.19914207,142.9775,77.76392,-10.458249,WAL
1831817260000,44.299872,-1.46467601718066,-2.1856335971349,-4.00870253944489,-1.8054122,-1.8622227,0.35246924,142.61064,77.98787,-10.432623,WAL
1831822442000,44.305054,-1.94551597333773,-1.38531323750235,-4.77122788439442,-2.087021,-2.091908,0.4636467,142.14238,78.24361,-10.470227,WAL
1831827236000,44.309848,-2.22656966388209,-1.07831609672255,-5.19064667296101,-2.3417518,-2.3860397,0.5549711,141.59016,78.46356,-10.5453205,WAL
1831832218000,44.31483,-2.51864506778113,-0.759279852382746,-5.62651325715766,-2.6099217,-2.6929994,0.634689,140.96129,78.59717,-10.730165,WAL
1831837261000,44.319873,-2.69854810291186,-0.693835844275934,-5.93392545991854,-2.8050933,-3.0176742,0.70188415,140.2435,78.65154,-10.944368,WAL
1831842271000,44.324883,-2.8648704207037,-0.656413328200017,-6.22498913614698,-2.8991663,-3.2824843,0.7828238,139.45644,78.60689,-11.196229,WAL
1831847248000,44.32986,-2.8946103253833,-0.850475880749574,-6.64982794207836,-2.8832839,-3.3933563,0.8539896,138.62434,78.41304,-11.530146,WAL
1831852231000,44.334843,-2.83499259284497,-1.19734231267462,-7.16470794787053,-2.767525,-3.3014212,0.9117164,137.78043,78.098564,-11.899964,WAL
1831857273000,44.339885,-2.67656187379509,-1.78870445722945,-7.30586842979231,-2.5576928,-3.119078,0.9450085,136.94406,102.35112,-12.326275,WAL
1831862229000,44.344841,-2.50204945638478,-2.41600576169134,-7.37190000089437,-2.3032675,-3.0225613,1.0216721,136.11899,102.911316,-12.797874,WAL
1831867257000,44.349869,-2.19497859280604,-3.0917736970787,-7.45858805355723,-1.9822577,-2.7791314,1.0873401,135.43428,103.51702,-13.255771,WAL
1831872247000,44.354859,-1.86258806856121,-3.77080014441574,-7.54880818571145,-1.8057177,-2.4941628,1.2525792,134.80388,104.225685,-13.773111,WAL
1831877264000,44.359876,-1.74630053397271,-4.99214484061697,-7.26404468815503,-1.4138476,-2.2192733,1.3918564,134.27661,104.89239,-14.242845,WAL
1831882266000,44.364878,-1.67999198635555,-6.33252460848329,-6.89461157751631,-1.0671816,-1.956296,1.5057828,133.84459,105.61586,-14.751901,WAL
1831887244000,44.369856,-1.72901858111847,-8.09695504199142,-6.4648746016173,-0.8258898,-1.6783522,1.6108516,133.54543,106.27942,-15.192213,WAL
1831892314000,44.374926,-1.80943799840218,-10.0080992971551,-6.01074135483242,-0.6203337,-1.3616186,1.6869044,133.348,106.947365,-15.646896,WAL
1831897262000,44.379874,-1.99125063278627,-12.0217538810145,-5.56522853711302,-0.51343226,-0.97402465,1.668273,133.25815,107.50344,-16.014772,WAL
1831902306000,44.384918,-2.21196721145095,-14.1253182405819,-5.1102819845207,-0.5332854,-0.5030475,1.5357152,133.29143,108.041374,-16.352264,WAL
1831907329000,44.389941,-2.03637910596936,-15.6862307449551,-4.79332074506075,-0.68600166,0.06719518,1.3955216,133.46092,108.426994,-16.56832,WAL
1831912321000,44.394933,-1.60704680042261,-16.8934129040676,-4.56602704743793,-0.9086621,0.6420194,1.2153164,133.76364,108.7776,-16.712046,WAL
1831917314000,44.399926,-0.78559103683714,-17.0041837679245,-4.09402300640516,-1.1685852,1.078788,1.029308,134.16917,108.948555,-16.709759,WAL
1831922309000,44.404921,0.192983604597815,-16.6764080981132,-3.52397966802383,-1.4700472,1.3197744,0.8781188,134.67287,109.12577,-16.655748,WAL
1831927296000,44.409908,0.841317050193031,-15.907931846664,-2.63618821284894,-1.7699821,1.3243558,0.698219,135.22917,109.12262,-16.395777,WAL
1831932317000,44.414929,1.3506330602158,-14.9416597311423,-1.60327616462087,-2.0201313,1.0375546,0.46303585,135.7497,109.1329,-16.101608,WAL
1831937299000,44.419911,1.68347030029542,-13.6531881473412,-0.272624235192024,-2.201253,0.57787853,0.21533,136.22202,108.951546,-15.617401,WAL
1831942393000,44.425005,1.94018212932053,-12.1759690611152,1.23612070094165,-2.2919664,0.021380283,-0.014966198,136.56703,108.789406,-15.12578,WAL
1831947416000,44.430028,1.90503695244106,-11.2718632297197,2.0292697008075,-2.295937,-0.5687156,-0.23762658,136.67384,108.63878,-14.641469,WAL
1831952311000,44.434923,1.62221717352887,-10.8672133796176,2.20331257527381,-2.2424862,-1.1786644,-0.44776422,136.60693,108.47713,-14.151479,WAL
1831957310000,44.439922,1.17883132457844,-10.5197751918079,2.20207106345774,-2.116648,-1.7504344,-0.6392705,136.25964,108.28292,-13.737206,WAL
1831962325000,44.444937,0.454846046013099,-10.2900971592681,1.87752600841044,-1.9226984,-1.9969184,-0.80573124,135.82857,108.0406,-13.29832,WAL
1831967308000,44.44992,-0.264110882419758,-10.0223275729607,1.44631456329824,-1.6814066,-2.3863451,-0.8875872,135.15408,107.81484,-12.958717,WAL
1831972296000,44.454908,-0.983256276655318,-9.70270735019187,0.872878416963495,-1.5800029,-2.6203065,-1.0057896,134.45125,107.546745,-12.576652,WAL
1831977256000,44.459868,-1.64615822686627,-9.32973705214508,0.344817025769115,-1.3472633,-2.7036896,-1.0552697,133.67432,107.309166,-12.320993,WAL
1831982348000,44.46496,-2.243901880639,-8.85938165015573,-0.130438156161961,-1.1527027,-2.6590965,-1.0396926,132.87408,107.05435,-12.064339,WAL
1831987284000,44.469896,-2.71659023293954,-8.38449594480294,-0.53500247419041,-0.96974856,-2.5094345,-0.97433007,132.10916,106.876465,-11.927351,WAL
1831992345000,44.474957,-3.04378546560111,-7.869644077534,-0.867009560750521,-0.8344419,-2.330451,-0.8558222,131.37982,106.687904,-11.811693,WAL
1831997268000,44.47988,-3.25995868921241,-7.43476509684964,-1.19570665656325,-0.7510588,-2.1285598,-0.6945538,130.76363,106.58856,-11.830566,WAL
1832002351000,44.484963,-3.32037175767064,-7.09087610268258,-1.54424299274463,-0.72326446,-1.9321668,-0.49174652,130.2129,106.51058,-11.887332,WAL
1832007268000,44.48988,-3.32332619414141,-6.84710733212121,-1.90415943454545,-0.73853606,-1.7455474,-0.26053402,129.65585,106.57856,-12.02653,WAL
1832012360000,44.494972,-3.19033045781818,-6.81262693127273,-2.33270122872727,-0.788627,-1.5332718,-0.043676864,129.1778,106.68488,-12.205377,WAL
1832017276000,44.499888,-2.99209539356373,-6.80890694146199,-2.65820123715173,-0.8509353,-1.2901474,0.14966199,128.76361,106.89842,-12.429869,WAL
1832022354000,44.504966,-2.6332993728473,-6.87027995214057,-2.79983124662654,-0.8924741,-1.031446,0.30970868,128.42882,107.15173,-12.690756,WAL
1832027327000,44.509939,-2.24144528543829,-6.97671601546604,-2.85767057571678,-0.91996306,-0.8332202,0.44073927,128.18037,107.4717,-12.948896,WAL
1832032347000,44.514959,-1.73257834226698,-7.2138577511561,-2.68969511296886,-0.9242391,-0.72204274,0.54611355,127.992325,107.81759,-13.231436,WAL
1832037308000,44.51992,-1.26420951223724,-7.46844392542521,-2.49626554392499,-0.90224797,-0.6805039,0.61483586,127.889534,108.1449,-13.46454,WAL
1832042325000,44.524937,-0.866089163955517,-7.77017720148277,-2.24063033676407,-0.8686504,-0.7302894,0.6411031,127.79881,108.47686,-13.709511,WAL
1832047532000,44.530144,-0.452814039190733,-8.08058813744027,-1.98904784213588,-0.8539896,-0.8210029,0.62949663,127.749374,108.7319,-13.885987,WAL
1832052317000,44.534929,-0.0719703167982547,-8.32813707521296,-1.94620295412425,-0.8426886,-0.9120218,0.6017023,127.6877,108.97533,-14.06267,WAL
1832057298000,44.53991,0.306256740354425,-8.57588037715496,-1.92086048263508,-0.8368854,-0.9618073,0.56291234,127.60472,109.13677,-14.16127,WAL
1832062289000,44.544901,0.508809478917461,-8.72779463064625,-2.08198196064721,-0.8542951,-0.9779953,0.505491,127.50414,109.28605,-14.248084,WAL
1832067622000,44.550234,0.71362777124781,-8.87960156433716,-2.24629718808643,-0.8671232,-0.9660834,0.45234573,127.391235,109.39605,-14.260978,WAL
1832072437000,44.555049,0.77197508266498,-8.90204281993381,-2.30913279748881,-0.9071349,-0.94806284,0.42821655,127.27615,109.50673,-14.267051,WAL
1832077670000,44.560282,0.827246971178585,-8.92541912920923,-2.37092651286417,-0.9260717,-0.9379836,0.34483343,127.17145,109.58749,-14.196968,WAL
1832082306000,44.564918,0.676061691969353,-8.92121945346197,-2.26593672406356,-0.97066486,-0.9428705,0.31398472,127.0723,109.68729,-14.137006,WAL
1832087340000,44.569952,0.511897176106697,-8.91665923609535,-2.15193357548241,-1.0387764,-0.9654725,0.27152961,126.96718,109.78287,-14.040431,WAL
1832092367000,44.574979,0.26580878068011,-8.8269637582671,-1.9453989969581,-1.1068878,-1.010982,0.23243423,126.85498,109.88336,-13.941735,WAL
1832097323000,44.579935,0.00965668447640078,-8.72450304175253,-1.72650534962222,-1.1722504,-1.0458013,0.21502456,126.7409,109.99448,-13.841888,WAL
1832102381000,44.584993,-0.287704962501099,-8.59195517507404,-1.56459785793446,-1.2428054,-1.0690142,0.22296582,126.587,110.13127,-13.776746,WAL
1832107292000,44.589904,-0.58426483636209,-8.45715556788,-1.42081121927009,-1.3158038,-1.0742066,0.2443461,126.43125,110.28129,-13.714811,WAL
1832112324000,44.594936,-0.890294240597015,-8.35959787641791,-1.32064447874627,-1.357648,-1.0650436,0.28344148,126.228584,110.460266,-13.719029,WAL
1832117316000,44.599928,-1.19473943223881,-8.27872896656717,-1.23977626429851,-1.3930782,-1.0366384,0.34055737,126.036156,110.657845,-13.734415,WAL
1832122306000,44.604918,-1.47790473877996,-8.27533940423846,-1.175989796633,-1.396438,-0.9990701,0.38728857,125.81403,110.88255,-13.820547,WAL
1832127303000,44.609915,-1.75277185457516,-8.30377400683304,-1.11912073989899,-1.4056009,-0.9636399,0.4474588,125.60781,111.12362,-13.92325,WAL
1832132316000,44.614928,-1.98585554058355,-8.38778753391436,-1.0418633269515,-1.3979651,-0.94225967,0.49266282,125.37772,111.38916,-14.089148,WAL
1832137301000,44.619913,-2.19841686618037,-8.49632981697613,-0.955934247778515,-1.3793337,-0.9569204,0.539394,125.15483,111.65806,-14.269103,WAL
1832142430000,44.625042,-2.42112319658771,-8.65974803881874,-0.841216001852238,-1.3567317,-0.9923506,0.5674938,124.90339,111.94783,-14.505827,WAL
1832147368000,44.62998,-2.63825483227591,-8.85220533924658,-0.712910988902223,-1.3289373,-1.0473285,0.5983425,124.648224,112.23254,-14.753769,WAL
1832152317000,44.634929,-2.80211350725098,-9.07308746645487,-0.61999220948234,-1.3014483,-1.0913107,0.60994893,124.35324,112.51377,-15.037042,WAL
1832157304000,44.639916,-2.94045639147823,-9.3096092920015,-0.544126733391889,-1.271516,-1.1215485,0.61819565,124.050446,112.78425,-15.324424,WAL
1832162318000,44.64493,-3.05749329336232,-9.55349483734493,-0.48105707181423,-1.2311989,-1.1218541,0.6249151,123.705795,113.04896,-15.649297,WAL
1832167314000,44.649926,-3.15388489153854,-9.80208331661542,-0.43032467569929,-1.2021828,-1.1246029,0.63132924,123.35381,113.302086,-15.970699,WAL
1832172309000,44.654921,-3.21469889725321,-10.0835846614793,-0.391874269346583,-1.1184943,-1.1059716,0.636827,122.9864,113.51965,-16.302883,WAL
1832177328000,44.65994,-3.255253235952,-10.3854901919003,-0.360331950497797,-1.0164797,-1.1007792,0.6469063,122.616295,113.72235,-16.630306,WAL
1832182314000,44.664926,-3.25620350577209,-10.6798532341565,-0.337615915356541,-0.8970556,-1.0861185,0.66798115,122.222374,113.92008,-16.971516,WAL
1832187304000,44.669916,-3.21828767149658,-10.9689614519488,-0.323397449046911,-0.75777835,-1.0815369,0.6835582,121.828445,114.08862,-17.304699,WAL
1832192385000,44.674997,-2.81314037369734,-11.2357029707322,-0.534033114382497,-0.6010914,-1.0671816,0.68508536,121.42465,114.223816,-17.63161,WAL
1832197334000,44.679946,-2.04906169445351,-11.4676558238173,-0.966101415823817,-0.42119157,-1.006095,0.6954701,121.038704,114.329895,-17.951,WAL
1832202315000,44.684927,-1.30991899585967,-11.578083086775,-1.34015245427658,-0.24801129,-0.906524,0.70249504,120.66508,114.38825,-18.240679,WAL
1832207346000,44.689958,-0.608109784129852,-11.5053344424905,-1.62686717370104,-0.07269296,-0.77518797,0.6939429,120.318756,114.412445,-18.512247,WAL
1832212402000,44.695014,0.0814039904402565,-11.4373272420619,-1.87949361611371,0.065973446,-0.6032294,0.6924158,120.11381,114.392685,-18.630726,WAL
1832217358000,44.69997,0.678962129056457,-11.3959870833795,-1.95089992625703,0.1432479,-0.45112398,0.6826419,119.93971,114.34976,-18.732975,WAL
1832222355000,44.704967,1.28146374702763,-11.3543049258057,-2.02289696656901,0.16554448,-0.35277468,0.63407815,119.89096,114.250984,-18.689644,WAL
1832227752000,44.710364,1.84435833351871,-11.3492671132457,-2.0046851528817,0.11301007,-0.2919936,0.5403103,119.869225,114.14142,-18.623735,WAL
1832232366000,44.714978,2.28667900031345,-11.3626705733064,-1.9466026839636,0.016798794,-0.2779437,0.40744713,119.85358,114.018394,-18.531584,WAL
1832237335000,44.719947,2.33654001668551,-11.4540119710085,-1.74905651232651,-0.10323623,-0.2932153,0.21594086,119.89538,113.827934,-18.28967,WAL
1832242410000,44.725022,2.15666113650663,-11.5889213007094,-1.47424137533669,-0.23579398,-0.35094208,0.008552114,119.91413,113.62884,-18.014444,WAL
1832247322000,44.729934,1.63414737153693,-11.6664778191617,-1.10651681309381,-0.34391713,-0.44532076,-0.15821409,119.92502,113.37738,-17.644026,WAL
1832252239000,44.734851,0.971515423602794,-11.7228716871257,-0.697658890369261,-0.4166101,-0.58246,-0.25045475,119.89341,113.123474,-17.253443,WAL
1832257228000,44.73984,0.272230355868545,-11.7113086768728,-0.468827599632578,-0.45265114,-0.6221663,-0.2501493,119.80262,112.86739,-16.887003,WAL
1832262211000,44.744823,-0.438863629342723,-11.6674742460706,-0.327582893141457,-0.45631635,-0.6658431,-0.21991149,119.665085,112.613914,-16.523006,WAL
1832267206000,44.749818,-0.884006970539543,-11.7642069814501,-0.311198943875536,-0.43157628,-0.61391956,-0.14446963,119.43998,112.39854,-16.291058,WAL
1832272232000,44.754844,-1.22483132362621,-11.9178177718161,-0.344801345307669,-0.34330627,-0.4810564,-0.063224554,119.22917,112.18367,-16.071657,WAL
1832277246000,44.759858,-1.2551182299995,-12.2409933125,-0.357751147574434,-0.24098633,-0.31856623,-0.00580322,118.97677,112.03228,-15.981327,WAL
1832282237000,44.764849,-1.16261543672588,-12.629979375,-0.362494876117507,-0.13408493,-0.17531833,0.025045475,118.76234,111.87691,-15.899531,WAL
1832287237000,44.769849,-1.06994583817487,-13.019666875,-0.367247158769353,-0.0030543262,-0.053145275,0.025961773,118.56943,111.7334,-15.862993,WAL
1832292269000,44.774881,-0.976683154193132,-13.411848375,-0.372029856030171,0.14385876,0.041233405,0.01160644,118.41201,111.57272,-15.8229,WAL
1832297249000,44.779861,-0.811781642557177,-13.846867493198,-0.279368213603312,0.2950479,0.14294247,-0.03390302,118.283554,111.3897,-15.768565,WAL
1832302252000,44.784864,-0.613404678090497,-14.3050239750099,-0.142393631368691,0.49235737,0.22052236,-0.1133155,118.1726,111.16417,-15.69682,WAL
1832307260000,44.789872,-0.448159465576138,-14.7320686481426,-0.0831592227172592,0.69913524,0.27152961,-0.19058995,118.08443,110.85044,-15.555156,WAL
1832312254000,44.794866,-0.300502472864257,-15.1416977555024,-0.0641067103523554,0.9059132,0.32436943,-0.28008172,118.014114,110.489,-15.386413,WAL
1832317249000,44.799861,-0.101126494065882,-15.4294969047845,-0.220118374953484,1.0903945,0.3707952,-0.38423425,117.93895,110.03682,-15.157714,WAL
1832322236000,44.804848,0.125565809494969,-15.6516551144864,-0.469479926386938,1.2684617,0.464563,-0.4831944,117.88969,109.54293,-14.90525,WAL
1832327260000,44.809872,0.346129925363869,-15.7785888037286,-0.68067834171288,1.450805,0.5687156,-0.5910121,117.85249,108.97204,-14.5915,WAL
1832332257000,44.814869,0.558981195372386,-15.8238762737769,-0.857299597851803,1.6282613,0.66248333,-0.68875057,117.83721,108.36785,-14.257021,WAL
1832337241000,44.819853,0.751023664867496,-15.7208001405084,-0.968785437263386,1.7996091,0.74097955,-0.7968737,117.89021,107.713715,-13.848476,WAL
1832342295000,44.824907,0.918556138766901,-15.4171479484045,-0.994962369226609,1.9755383,0.8167268,-0.9108001,117.96586,107.02352,-13.418379,WAL
1832347257000,44.829869,1.01878226470431,-14.9704490929444,-0.945802571777718,2.180789,0.820392,-1.001819,118.07631,106.29003,-12.941354,WAL
1832352307000,44.834919,1.07486267010971,-14.4096445884399,-0.8422695537597,2.3970351,0.77213365,-1.0793989,118.18943,105.52271,-12.4495735,WAL
1832357318000,44.83993,1.065863586462,-13.8383597574885,-0.847794999083253,2.6978865,0.7461719,-1.1267409,118.322075,104.71047,-11.94003,WAL
1832362324000,44.844936,0.9381013520307,-13.2404327863767,-1.05221451013751,3.0243938,0.72173727,-1.1438452,118.43993,103.87241,-11.434314,WAL
1832367313000,44.849925,0.597986531711128,-12.8179854898056,-1.19135348793826,3.1881058,0.7476991,-1.2159272,118.559685,103.01423,-10.916555,WAL
1832372310000,44.854922,0.0235040462804877,-12.5854569314024,-1.25974430762195,3.4822373,0.7657196,-1.3274102,118.6705,102.10535,-10.397638,WAL
1832377300000,44.859912,-0.589384935216066,-12.3611885576701,-1.33633867015035,3.6587775,0.7840455,-1.4379768,118.81103,101.24608,-9.89162,WAL
1832382318000,44.86493,-1.27150205638944,-12.1489742723163,-1.42728755914205,3.6890152,0.81031275,-1.5210545,118.9585,100.38891,-9.374296,WAL
1832387299000,44.869911,-1.87759539000587,-12.0071298206532,-1.60070149591238,3.5958583,0.86498517,-1.5470163,119.11314,99.64454,-8.937646,WAL
1832392358000,44.87497,-2.41297037267749,-11.9408003247604,-1.8707579013495,3.4373388,0.9801333,-1.5213599,119.29531,98.9534,-8.503401,WAL
1832397248000,44.87986,-2.92042103103547,-11.9746693337488,-2.12388778652924,3.271489,1.1484267,-1.4709635,119.50127,98.43175,-8.176524,WAL
1832402311000,44.884923,-3.4317931085139,-12.1466758997124,-2.37492496701822,3.1031954,1.287704,-1.3949108,119.73504,97.994606,-7.874336,WAL
1832407292000,44.889904,-3.97674322421455,-12.3522590742042,-2.56805094131873,2.944065,1.3524556,-1.317331,119.99392,97.73236,-7.6869726,WAL
1832412325000,44.894937,-4.60938159735428,-12.6312181446879,-2.6577162602315,2.8170052,1.321607,-1.2687671,120.26551,97.52682,-7.51885,WAL
1832417246000,44.899858,-5.2111725402558,-12.9702119077107,-2.73109943158815,2.6810875,1.208597,-1.271516,120.53598,82.54647,-7.453515,WAL
1832422309000,44.904921,-5.80454957158631,-13.4208212370261,-2.78463720920133,2.5259278,1.0317514,-1.3347405,120.77678,82.60838,-7.3842382,WAL
1832427288000,44.9099,-6.37745679756148,-13.8248974747951,-2.81840515502049,2.3554964,0.8222246,-1.4263704,120.95626,82.57841,-7.4010043,WAL
1832432316000,44.914928,-6.92015552305328,-14.1011809231557,-2.78880332018443,2.1768184,0.59773165,-1.5415184,121.077126,82.57775,-7.386104,WAL
1832437313000,44.919925,-7.19752447749028,-14.0937533798692,-2.87343127635295,2.000889,0.4279111,-1.6526959,121.21817,82.58754,-7.3539977,WAL
1832442402000,44.925014,-6.80258952391242,-13.3570030634063,-3.25450899048905,1.7965547,0.41508293,-1.779145,121.33519,82.641464,-7.280696,WAL
1832447340000,44.929952,-6.41937301757179,-12.6421134853568,-3.62427942719647,1.6209309,0.4633413,-1.8664987,121.46229,82.69203,-7.205627,WAL
1832452314000,44.934926,-6.03336270924083,-11.9220120756326,-3.9967456386551,1.4828753,0.49571714,-1.844813,121.57461,82.754814,-7.123488,WAL
1832457328000,44.93994,-5.60511515256449,-11.2181788490415,-4.30882003803071,1.4740179,0.5174029,-1.6771306,121.71091,82.81023,-7.0461445,WAL
1832462323000,44.944935,-4.61603065120947,-10.8340687135401,-3.70864755022584,1.4999796,0.6627888,-1.6059648,121.88527,82.89167,-6.947701,WAL
1832467330000,44.949942,-3.62817797963387,-10.457416812357,-3.08130294938978,1.5894713,0.9459248,-1.4840971,122.17277,83.009125,-6.821273,WAL
1832472305000,44.954917,-2.69236653369565,-10.1893929565217,-2.13186314365942,1.7018706,1.1252137,-1.3778065,122.4661,83.10467,-6.714408,WAL
1832477661000,44.960273,-1.7072607836554,-9.91066222378025,-1.12922526207261,1.7647897,1.1261301,-1.2470814,122.71798,83.22608,-6.5688314,WAL
1832482316000,44.964928,-1.33476146923934,-9.88069085516712,-0.679657102401076,1.8622227,1.0012082,-1.1450669,122.98163,83.31099,-6.44936,WAL
1832488183000,44.970795,-0.886793718683432,-9.8526556886623,-0.148463777483094,1.9095647,0.84574294,-1.1191051,123.17506,83.43833,-6.243932,WAL
1832492382000,44.974994,-0.835805125029586,-9.95463295583263,-0.212199530642434,1.9123137,0.84940815,-1.1355985,123.37659,83.52875,-6.0615716,WAL
1832497691000,44.980303,-0.765080799750979,-10.0770575917273,-0.278598255719082,1.9214766,0.9431759,-1.2144,123.57235,83.63121,-5.796902,WAL
1832502311000,44.984923,-0.628904696841074,-10.1059433639713,-0.16718146187465,2.0146337,1.1068878,-1.2449434,123.788376,83.68014,-5.549927,WAL
1832507305000,44.989917,-0.481704814171796,-10.1371675082541,-0.0467452132904309,2.084883,1.3426818,-1.2009611,124.065,83.708916,-5.297957,WAL
1832512321000,44.994933,-0.0649621558145029,-10.2300216140099,-0.32687345125719,2.0809124,1.473407,-1.14018,124.35695,83.70505,-5.0512896,WAL
1832517247000,44.999859,0.390510613554848,-10.3317767048069,-0.670900757880033,1.9517145,1.5909985,-1.1362094,124.71039,83.68518,-4.812294,WAL
1832522371000,45.004983,0.705810078553324,-10.1076253598167,-1.02102591723533,1.8429805,1.7959439,-1.097114,125.1294,83.61485,-4.5811086,WAL
1832527402000,45.010014,0.997018561883408,-9.84929493721973,-1.36390038699552,1.8154916,1.9178114,-1.0577132,125.554634,83.528305,-4.359287,WAL
1832532380000,45.014992,0.890230137230544,-9.49397620661308,-1.92718267345634,1.7846428,2.0650299,-0.9947941,126.06351,83.4975,-4.100394,WAL
1832537301000,45.019913,0.726652914852028,-9.12807953973329,-2.51692168720314,1.7605137,2.259896,-0.9254609,126.61591,83.44565,-3.8653543,WAL
1832542413000,45.025025,0.41518019563044,-8.71155783308075,-3.23020552435592,1.7128662,2.4969118,-0.8536842,127.23534,83.432945,-3.6235268,WAL
1832547296000,45.029908,0.0507100130517428,-8.29646688980299,-3.95914576899762,1.7180585,2.751337,-0.77121735,127.908615,83.39125,-3.4150617,WAL
1832552312000,45.034924,-0.162387141707491,-7.90472443161951,-4.2531245349187,1.7647897,2.869234,-0.7110472,128.60846,83.41601,-3.2603981,WAL
1832557315000,45.039927,-0.338023744433123,-7.52192679225491,-4.44227169893787,1.8008307,2.8900034,-0.6612616,129.345,83.43447,-3.1293194,WAL
1832562320000,45.044932,-0.51682353002845,-7.14445455660435,-4.43733385155456,1.8118263,2.8802297,-0.6383542,130.22095,83.434,-3.0084157,WAL
1832567284000,45.049896,-0.695542570312945,-6.77252582264784,-4.34555936710018,1.8377881,2.8496864,-0.5879578,131.08665,83.41455,-2.9087446,WAL
1832572309000,45.054921,-0.866154234335146,-6.49862900348987,-4.24083252278794,1.8567249,2.7666087,-0.54702985,131.96925,83.37824,-2.8233478,WAL
1832577304000,45.059916,-1.03167727521503,-6.26689670675235,-4.13206003984182,1.856114,2.6853635,-0.50518554,132.83495,83.339264,-2.7512205,WAL
1832582316000,45.064928,-1.12459478585661,-5.97432783238914,-3.84764238995898,1.8429805,2.600148,-0.47555858,133.68059,83.26074,-2.7057788,WAL
1832587304000,45.069916,-1.18525101930064,-5.65704903535847,-3.4883710932604,1.7980819,2.5164595,-0.46273044,134.49675,83.19421,-2.6649528,WAL
1832592409000,45.075021,-1.34899785764183,-5.32471361654318,-3.12087040479467,1.7397442,2.3903158,-0.43982297,135.27884,83.09804,-2.653038,WAL
1832597360000,45.079972,-1.55977473484335,-4.99851131157917,-2.76455702754022,1.6484199,2.2849414,-0.43218717,136.03801,83.02967,-2.6384063,WAL
1832602312000,45.084924,-1.73524508244461,-4.74833219928652,-2.38101791684191,1.53205,2.2278256,-0.43554693,136.7596,82.92165,-2.6344218,WAL
1832607325000,45.089937,-1.90200399576605,-4.51847532512204,-1.98440212935599,1.4037683,2.1594086,-0.45081854,137.4438,82.84803,-2.625653,WAL
1832612318000,45.09493,-2.06619507540306,-4.33423144460521,-1.55173566990492,1.2635747,2.0796907,-0.44715336,138.09232,82.74689,-2.65168,WAL
1832617310000,45.099922,-2.22924227705663,-4.17612496093427,-1.09717981310459,1.1004738,2.007914,-0.46822822,138.72116,82.69638,-2.6643784,WAL
1832622297000,45.104909,-2.37863294965469,-4.07461529476529,-0.662933401621459,0.9434814,1.9672915,-0.47739118,139.32922,82.59372,-2.7084374,WAL
1832627339000,45.109951,-2.52362211670503,-3.99728778947052,-0.232798559819838,0.7806858,1.9285016,-0.48563787,139.9144,82.54298,-2.7448003,WAL
1832632315000,45.114927,-2.62633874238925,-3.9942930012444,0.145292890938776,0.6273586,1.8664987,-0.49541172,140.46103,82.45291,-2.8013377,WAL
1832637319000,45.119931,-2.71221258814336,-4.02291755007466,0.505485712816326,0.47586402,1.8008307,-0.5128214,140.99207,82.41077,-2.852182,WAL
1832642407000,45.125019,-2.79952796128422,-4.05202260691887,0.871724936979592,0.31306845,1.7263051,-0.50701815,141.47891,82.33265,-2.9263484,WAL
1832647340000,45.129952,-2.88418337317571,-4.08024101207068,1.22680710930612,0.1695151,1.638646,-0.50762904,141.93959,82.29403,-2.991233,WAL
1832652312000,45.134924,-2.9020576703884,-4.12646310951427,1.40579469834908,0.026267206,1.597718,-0.5009095,142.39717,82.28937,-3.0601516,WAL
1832657301000,45.139913,-2.88837931685275,-4.18117695214238,1.50154360158412,-0.11942416,1.5283848,-0.49571714,142.81728,82.32383,-3.1239548,WAL
1832662318000,45.14493,-2.83651749731738,-4.18116752831201,1.53322191935617,-0.18173242,1.4611896,-0.48197266,143.17201,82.24279,-3.2097144,WAL
1832667311000,45.149923,-2.75757895037144,-4.14169804877218,1.51842085808915,-0.30879238,1.4077389,-0.46944994,143.50502,82.21594,-3.2942235,WAL
1832672300000,45.154912,-2.64890211083232,-4.0614885521674,1.45564411491433,-0.42852196,1.3246613,-0.45081854,143.80428,82.17621,-3.375348,WAL
1832677327000,45.159939,-2.52269730146054,-3.95782047894392,1.36549792335924,-0.548557,1.246776,-0.43401974,144.08372,82.167114,-3.4572475,WAL
1832682314000,45.164926,-2.3864668959627,-3.86633294187085,1.25888703188176,-0.66675943,1.1563679,-0.42455134,144.33986,82.18127,-3.5253828,WAL
1832687294000,45.169906,-2.23980814365638,-3.78590710276758,1.13588285967662,-0.7693848,1.0894781,-0.4092797,144.57457,82.217064,-3.5973763,WAL
1832692371000,45.174983,-2.0778118448383,-3.75154868231524,1.00476861477615,-0.86590147,1.0112875,-0.39828414,144.79062,82.29282,-3.6460996,WAL
1832697375000,45.179987,-1.90561345039332,-3.76551070247645,0.869802308112071,-0.9621128,0.9440922,-0.37323865,144.98534,82.38696,-3.7005682,WAL
1832702291000,45.184903,-1.76348191592885,-3.78742452889328,0.764526340982213,-1.061073,0.8848383,-0.35338554,145.17299,82.52393,-3.7290192,WAL
1832707297000,45.189909,-1.6545239515415,-3.82058571731225,0.693466828885375,-1.1557571,0.8338311,-0.32650748,145.3392,82.67437,-3.76394,WAL
1832712267000,45.194879,-1.60744627581318,-3.83322105706607,0.679537082822723,-1.2464706,0.77396625,-0.29657507,145.49968,82.87237,-3.7693655,WAL
1832717312000,45.199924,-1.65221970408674,-3.81531170445742,0.751174521308498,-1.3368785,0.700357,-0.2706133,145.6383,83.0836,-3.778437,WAL
1832722264000,45.204876,-1.7406568932722,-3.84120224326687,0.831408545158332,-1.4278975,0.63041294,-0.23609942,145.77246,83.319725,-3.7762275,WAL
1832727329000,45.209941,-1.97338897195863,-4.00670045672247,0.945188642514127,-1.5131133,0.5296202,-0.20861048,145.87431,83.56449,-3.775577,WAL
1832732247000,45.214859,-2.22583052129364,-4.11528471743646,1.06640220192859,-1.6035212,0.4370741,-0.18234327,145.96548,83.78378,-3.7979703,WAL
1832737312000,45.219924,-2.53286419887251,-4.13447420957373,1.21032429464939,-1.6792686,0.3484986,-0.12858713,146.02568,83.99812,-3.8328824,WAL
1832742318000,45.22493,-2.7554753074696,-4.24294658193399,1.40189595599305,-1.7654005,0.23609942,-0.10293079,146.04184,84.17969,-3.9095209,WAL
1832747357000,45.229969,-2.82998996979348,-4.51771942964679,1.68598288119089,-1.8606955,0.13500121,-0.03573562,146.03154,84.34259,-4.0111017,WAL
1832752275000,45.234887,-2.8298124291242,-4.89596786165265,2.00641159994062,-1.9205604,0.10629055,0.051618114,146.00809,84.40458,-4.2036343,WAL
1832757307000,45.239919,-2.63428434623454,-5.57793109332014,2.44992630347353,-1.9272798,0.061086524,0.0983493,145.94743,84.442085,-4.4006763,WAL
1832762278000,45.24489,-2.26995031478508,-6.82646334606907,3.22173531158156,-1.9184223,0.038789943,0.20586158,145.86638,84.37143,-4.647444,WAL
1832767314000,45.249926,-1.38847249144195,-9.81197139603233,5.0024092695169,-1.8390098,0.04795292,0.30604348,145.77728,84.2613,-4.9034142,WAL
1832772334000,45.254946,-0.503489015640339,-12.6952514403601,6.75844541613975,-1.6624697,0.037873644,0.4196644,145.66783,84.0735,-5.111823,WAL
1832777324000,45.259936,0.443979595076626,-14.5645810577644,8.30000219622763,-1.3408492,0.05100725,0.47219884,145.56264,83.84614,-5.3298864,WAL
1832782307000,45.264919,1.33797365152174,-16.2163543608696,9.62689755434783,-0.88117313,0.03176499,0.42210788,145.40195,83.608406,-5.3701825,WAL
1832787312000,45.269924,2.04369062,-17.0831076,10.176315,-0.3549127,-0.070554934,0.3231477,145.22603,83.309135,-5.411454,WAL
1832792402000,45.275014,2.78321290547559,-17.8755333799698,10.4499254583795,0.16707164,-0.18478674,0.16462818,145.03198,82.97199,-5.278224,WAL
1832797392000,45.280004,3.59130847296427,-18.3132520613991,9.63220936175138,0.62858033,-0.19547687,0.024740042,144.8519,82.53458,-5.1327953,WAL
1832802314000,45.284926,4.12464213911922,-18.5113970347153,8.85226987085896,1.01312,0.07971791,-0.16798794,144.76602,82.06313,-4.8313346,WAL
1832807304000,45.289916,3.64116617661178,-17.8051432596707,8.16497631402499,1.2873985,0.56596667,-0.28496864,144.75229,81.481094,-4.5407333,WAL
1832812317000,45.294929,3.04044230089366,-16.7920797433477,7.48828243970278,1.4468343,1.042747,-0.26206118,144.92867,81.01752,-4.1213527,WAL
1832817312000,45.299924,1.94528802425946,-14.472081549754,6.87345872833618,1.4553864,1.3552046,-0.22479841,145.20322,80.50059,-3.717384,WAL
1832822292000,45.304904,0.906715624292904,-12.1449904054081,6.26792316017961,1.3787229,1.5531249,-0.1881465,145.57971,79.973206,-3.4244642,WAL
1832827382000,45.309994,0.0744794565637028,-9.70600938399289,5.68102837808152,1.1957687,1.6560557,-0.18051068,146.01486,79.46781,-3.1626117,WAL
1832832315000,45.314927,-0.685309817884278,-7.49035612945646,5.11192156680304,0.95569867,1.6820174,-0.172264,146.40685,78.948906,-3.105823,WAL
1832837331000,45.319943,-1.22810373498539,-5.96491777644652,4.53169349479836,0.6872234,1.6432275,-0.14630222,146.80446,78.49736,-3.0622194,WAL
1832842386000,45.324998,-1.78938293209288,-4.55289748096735,3.95461617038126,0.41447207,1.5448782,-0.07452556,147.12367,78.07392,-3.1733124,WAL
1832847399000,45.330011,-2.4416992266883,-3.99307383210302,3.43373675059826,0.16584991,1.4187346,0.047647487,147.41356,77.72006,-3.3019586,WAL
1832852299000,45.334911,-3.09718198653789,-3.54890552154532,2.94159943081724,-0.087659165,1.318858,0.20005837,147.62994,77.44762,-3.546005,WAL
1832857307000,45.339919,-3.87633466315007,-3.72469004219911,2.54252126206043,-0.22113322,1.0598512,0.29138273,147.75305,77.20701,-3.7881474,WAL
1832862301000,45.344913,-4.64249351358644,-3.9829715140125,2.16824005472448,-0.49510628,0.7339546,0.46578476,147.79288,77.05009,-4.1783657,WAL
1832867313000,45.349925,-5.33325668287256,-4.84188111439121,1.96373773728461,-0.80756384,0.344528,0.65668017,147.72835,76.91855,-4.576686,WAL
1832872626000,45.355238,-6.03955824575049,-5.80606679684764,1.74084578741115,-1.1203269,-0.079107046,0.8206975,147.54979,76.81026,-5.107981,WAL
1832877317000,45.359929,-6.35889612563099,-7.28705328774081,1.47241702489956,-1.4373659,-0.5833763,0.9483683,147.22804,76.74061,-5.6537285,WAL
1832882330000,45.364942,-6.69806365960532,-8.87580749921982,1.16224113900688,-1.7400496,-1.1258247,1.0158689,146.76134,76.700195,-6.3004575,WAL
1832887327000,45.369939,-7.00992466379991,-10.5361386051859,0.560480989189536,-2.0042489,-1.7125608,1.031446,146.13753,76.67275,-6.9352555,WAL
1832892412000,45.375024,-7.32727771689766,-12.2257090822396,-0.0518764976668197,-2.200642,-2.3432791,1.069625,145.37709,76.71001,-7.570035,WAL
1832897335000,45.379947,-7.94036968163764,-14.0070618942866,-1.06641973406661,-2.3322835,-2.8667905,1.1136073,144.48563,76.73169,-8.182254,WAL
1832902288000,45.3849,-8.58770110614116,-15.8137921035747,-2.12920244274977,-2.3313673,-3.1685581,1.1029172,143.48538,76.7127,-8.767432,WAL
1832907304000,45.389916,-8.6719053158244,-16.7409564754907,-2.70401560645681,-2.1820107,-3.1984904,1.0903945,142.48999,76.74762,-9.331723,WAL
1832912291000,45.394903,-8.70813116374324,-17.5877407535792,-3.23382182391201,-1.8872682,-2.934902,1.0549643,141.50389,76.70139,-9.881034,WAL
1832917310000,45.399922,-7.45225755092749,-18.1295659038786,-2.67665298397976,-1.4712689,-2.4501805,0.9428705,140.66362,76.68727,-10.417266,WAL
1832922304000,45.404916,-5.90979022542159,-18.5983555472175,-1.87517472453626,-1.0497719,-1.8952094,0.763887,139.93303,76.592026,-10.925681,WAL
1832927323000,45.409935,-4.21975140337112,-17.7499855820207,-0.626563591782884,-0.7079928,-1.423316,0.5671884,139.38031,76.52503,-11.356359,WAL
1832932284000,45.414896,-2.53707656632889,-16.7966289129126,0.646167792926658,-0.4538729,-1.1029172,0.37048978,138.95517,76.41962,-11.738403,WAL
1832937355000,45.419967,-1.55370327756805,-15.0921651482217,1.15645123018081,-0.3399465,-0.9569204,0.21227567,138.65417,76.45075,-11.8681345,WAL
1832942282000,45.424894,-0.658380251996821,-13.3765192361415,1.58770626369958,-0.34666604,-0.8940013,0.10354166,138.42638,76.48809,-11.962822,WAL
1832947330000,45.429942,-0.303442893296866,-11.7433560347578,1.35271983310541,-0.4392121,-0.8677341,0.030848695,138.22382,76.62131,-11.842954,WAL
1832952249000,45.434861,-0.0126508445781577,-10.1641318725546,1.05745407861349,-0.5702427,-0.8848383,0.010079277,138.03232,76.76768,-11.715032,WAL
1832957314000,45.439926,0.169689489160224,-8.73151883233992,0.425024846886987,-0.65026605,-0.94714653,-0.019547688,137.83868,76.94996,-11.5028515,WAL
1832962326000,45.444938,0.320763221228288,-7.36241287235173,-0.283133238290548,-0.82619524,-1.094976,-0.032070424,137.6218,77.156654,-11.294932,WAL
1832967316000,45.449928,0.295263446201134,-6.0906974376604,-1.16424356493584,-1.0067059,-1.2956452,-0.010079277,137.37486,77.37585,-11.099642,WAL
1832972307000,45.454919,0.219190081064359,-4.84499616546305,-2.09614215381478,-1.2293663,-1.5118915,0.07238753,137.08699,77.60628,-10.919248,WAL
1832977294000,45.459906,-0.13520080876217,-3.8655067476356,-2.88172637698192,-1.4669929,-1.7107282,0.19394971,136.76102,77.87394,-10.765764,WAL
1832982342000,45.464954,-0.581849533769124,-2.95780137485595,-3.63094370668587,-1.7018706,-1.9254472,0.30024028,136.37538,78.143295,-10.629424,WAL
1832987324000,45.469936,-1.01445462,-2.33115325558621,-4.1398092742069,-1.9220876,-2.1545217,0.37873647,135.91718,78.433655,-10.558049,WAL
1832992403000,45.475015,-1.452779092,-1.78101129431724,-4.58260644204138,-2.1520782,-2.459038,0.4529566,135.37677,78.70034,-10.513397,WAL
1832997400000,45.480012,-1.85234447922078,-1.39870629788052,-5.03117876024935,-2.3429737,-2.756224,0.5174029,134.76538,78.890915,-10.569199,WAL
1833002350000,45.484962,-2.22666090779221,-1.12781946359481,-5.48429862310649,-2.4770586,-2.9798007,0.59895337,134.08836,79.01621,-10.656105,WAL
1833007359000,45.489971,-2.440270473628,-1.08429566363097,-5.93136736202907,-2.5442538,-3.1325169,0.69058317,133.34,78.9955,-10.852319,WAL
1833012359000,45.494971,-2.56811270639771,-1.16005409337486,-6.37171275904282,-2.5723536,-3.1685581,0.7788532,132.56425,78.875275,-11.083023,WAL
1833017347000,45.499959,-2.53749019189873,-1.54162344227848,-6.72844613164557,-2.50638,-3.0827315,0.88331115,131.78656,78.58394,-11.41594,WAL
1833022342000,45.504954,-2.41638605017722,-2.09870256501266,-7.03847300962025,-2.3328943,-2.8658743,0.96577793,131.04364,101.81172,-11.781729,WAL
1833027332000,45.509944,-2.2624011259996,-2.90528636187587,-7.10361974109807,-2.079996,-2.5827382,1.0228939,130.37282,102.31949,-12.191784,WAL
1833032354000,45.514966,-2.09018998273324,-3.84766376277104,-7.04143215625622,-1.7892243,-2.2629502,1.0821478,129.78622,102.910255,-12.6347475,WAL
1833037369000,45.519981,-1.84947997176969,-4.90774016364337,-6.92638426150587,-1.5406022,-1.9550742,1.169807,129.32045,103.52936,-13.056958,WAL
1833042341000,45.524953,-1.57440265954169,-6.02180312497593,-6.78426122607356,-1.3222178,-1.6490307,1.2947289,128.95984,104.19934,-13.5063925,WAL
1833047320000,45.529932,-1.46248974051746,-7.52628658851545,-6.38216123217282,-1.0852021,-1.5173893,1.3970488,128.66368,104.82062,-13.902796,WAL
1833052310000,45.534922,-1.47449381788495,-9.32930038791259,-5.78195693762371,-0.8579602,-1.3035865,1.4330899,128.49196,105.4571,-14.306405,WAL
1833057301000,45.539913,-1.48650030087918,-11.1326755127204,-5.18163236165285,-0.7812967,-1.1206323,1.4575244,128.37651,106.0045,-14.622559,WAL
1833062364000,45.544976,-1.49867998899774,-12.9620660670987,-4.57264752331575,-0.68325275,-0.88025683,1.4431691,128.34634,106.52959,-14.925943,WAL
1833067349000,45.549961,-1.35236172858414,-14.4088191043109,-4.13272079385011,-0.63132924,-0.5861252,1.3952162,128.38866,107.05298,-15.21315,WAL
1833072351000,45.554963,-1.09660023016611,-15.6165815296619,-3.80117800630809,-0.66981375,-0.22968534,1.3096951,128.52269,107.5656,-15.468893,WAL
1833077365000,45.559977,-0.558514127751893,-16.1076837684916,-3.55468810133955,-0.7828238,0.16157386,1.1887437,128.71062,107.72075,-15.503131,WAL
1833082356000,45.564968,0.188472157134537,-16.0566473779849,-3.37374104837896,-0.9669997,0.56169057,1.0705414,128.99939,107.87506,-15.504024,WAL
1833087371000,45.569983,0.891959767802504,-15.6804384168488,-3.19706072967415,-1.1936307,0.93370754,0.9193522,129.38242,107.86025,-15.335941,WAL
1833092420000,45.575032,1.55486011210014,-14.9887163882376,-3.02413027268031,-1.4162911,1.2370021,0.745561,129.85025,107.857216,-15.13103,WAL
1833097448000,45.58006,2.0502040343886,-14.1720838264741,-2.51330163818757,-1.6190983,1.3622295,0.54702985,130.381,107.7217,-14.740736,WAL
1833102357000,45.584969,2.38042665595568,-13.2558321862881,-1.69937253739612,-1.772731,1.2220359,0.3313944,130.90678,107.60323,-14.321197,WAL
1833107324000,45.589936,2.55483753453613,-12.4295693531005,-0.864901371442391,-1.9000963,0.83016586,0.09101892,131.37587,107.472946,-13.807151,WAL
1833112360000,45.594972,2.55017189026797,-11.7063944915353,-0.00642221712295632,-1.9529362,0.26725355,-0.16035213,131.73949,107.344536,-13.269491,WAL
1833117302000,45.599914,2.42338130905582,-11.0559347309976,0.699104034100356,-1.8912388,-0.40408736,-0.38515055,131.88037,107.2124,-12.748897,WAL
1833122353000,45.604965,2.10740931538005,-10.4814394699129,1.21136174201306,-1.7440202,-1.0390818,-0.5708536,131.86073,107.05866,-12.215333,WAL
1833127253000,45.609865,1.39976168445343,-10.0307524461708,1.36964355011492,-1.5274686,-1.5317446,-0.713796,131.61874,106.84792,-11.733381,WAL
1833132341000,45.614953,-0.0337745738530844,-9.74852538503264,0.944062516991818,-1.2889256,-1.844813,-0.80909103,131.24574,106.59347,-11.25147,WAL
1833137397000,45.620009,-1.31367261469725,-9.4478370626155,0.514698973750408,-1.0827587,-2.0024164,-0.8915578,130.71532,106.32224,-10.853016,WAL
1833142367000,45.624979,-2.05874590462007,-9.0804741557778,0.0697246517262746,-0.91751957,-2.0363193,-0.9306532,130.1359,106.0092,-10.4586,WAL
1833147252000,45.629864,-2.69627369896988,-8.69250153076621,-0.312805398340037,-0.81031275,-2.0204368,-0.9098838,129.51431,105.81498,-10.297565,WAL
1833152352000,45.634964,-3.18502621736486,-8.23729098136957,-0.609890285125086,-0.7840455,-1.9285016,-0.8738427,128.91139,105.60317,-10.132712,WAL
1833157263000,45.639875,-3.56938762312966,-7.80314584270243,-0.90161378487233,-0.75900006,-1.824349,-0.7663304,128.32556,105.50147,-10.108212,WAL
1833162361000,45.644973,-3.77796891219076,-7.36172959922504,-1.21691104954396,-0.77640975,-1.702176,-0.6047566,127.78266,105.42242,-10.10597,WAL
1833167279000,45.649891,-3.91404388291818,-7.020326128089,-1.53170364840996,-0.8167268,-1.5836681,-0.3915646,127.23455,105.49042,-10.224543,WAL
1833172336000,45.654948,-3.90450762662203,-6.86297809835581,-1.87977725216107,-0.8671232,-1.427592,-0.15974127,126.74633,105.59622,-10.384326,WAL
1833177312000,45.659924,-3.8183602378989,-6.75669024879977,-2.14621630048009,-0.90010995,-1.212262,0.058948494,126.313095,105.821144,-10.624525,WAL
1833182358000,45.66497,-3.53176995323355,-6.77488634425304,-2.21900106229879,-0.9462303,-0.956615,0.23701571,125.94982,106.09235,-10.905224,WAL
1833187345000,45.669957,-3.22139910028807,-6.80994105771332,-2.24545913618754,-0.95814216,-0.698219,0.36132678,125.675644,106.43346,-11.206935,WAL
1833192339000,45.674951,-2.77007067855369,-6.93346256541174,-2.03642275762392,-0.97066486,-0.5128214,0.48838675,125.46695,106.81453,-11.545463,WAL
1833197335000,45.679947,-2.30887096128264,-7.06327767268937,-1.83149083359476,-0.9297369,-0.4129449,0.6032294,125.342415,107.17909,-11.849378,WAL
1833202358000,45.68497,-1.78833397567755,-7.23042244822794,-1.65001921341209,-0.8707884,-0.3998113,0.6579019,125.25203,107.549355,-12.161678,WAL
1833207325000,45.689937,-1.29694755835294,-7.41003713152941,-1.48546408141176,-0.79443026,-0.43860126,0.689056,125.19684,107.85071,-12.423047,WAL
1833212355000,45.694967,-0.956914577666667,-7.688675313,-1.41934660533333,-0.7461719,-0.49449542,0.70157874,125.14357,108.14556,-12.688697,WAL
1833217273000,45.699885,-0.633283020141914,-7.95412259955652,-1.37336150686903,-0.71959925,-0.5708536,0.6786713,125.111626,108.32434,-12.861621,WAL
1833222338000,45.70495,-0.403824708320686,-8.14533785524786,-1.54545520204987,-0.732122,-0.6450737,0.6404922,125.06322,108.49561,-13.03209,WAL
1833227406000,45.710018,-0.188662900086393,-8.32799146357746,-1.7222701367367,-0.754724,-0.70524395,0.58368176,124.990036,108.61927,-13.133888,WAL
1833232352000,45.714964,-0.151461342095032,-8.40239462811702,-1.95012972495582,-0.8038987,-0.732122,0.5384777,124.90399,108.7421,-13.228649,WAL
1833237550000,45.720162,-0.120711871837823,-8.47489499937761,-2.17972539365164,-0.87964594,-0.7244862,0.4813618,124.81141,108.87069,-13.262339,WAL
1833242447000,45.725059,-0.204107664278474,-8.46655568747222,-2.26312121221659,-0.9584476,-0.70402217,0.43585235,124.71426,109.000496,-13.2872095,WAL
1833247341000,45.729953,-0.287452366791144,-8.45822148439584,-2.34646594083756,-1.0238101,-0.6921103,0.3979787,124.64112,109.14197,-13.279939,WAL
1833252356000,45.734968,-0.508314301239631,-8.41803782775655,-2.2819445646379,-1.0534371,-0.6731735,0.38545597,124.57668,109.28646,-13.266067,WAL
1833257304000,45.739916,-0.764478925290335,-8.36945482281666,-2.17594539013888,-1.1267409,-0.66706485,0.36254853,124.51089,109.442314,-13.239967,WAL
1833262321000,45.744933,-1.05847358148148,-8.31166359259259,-2.02892341358025,-1.1960741,-0.6808093,0.36010507,124.45465,109.61643,-13.227877,WAL
1833267307000,45.749919,-1.37109018552189,-8.24913993602694,-1.85921717182941,-1.2568552,-0.700357,0.3753767,124.400566,109.80109,-13.215379,WAL
1833272273000,45.754885,-1.66133884968117,-8.21474912650038,-1.68782681792011,-1.2999213,-0.7153232,0.39584067,124.29974,110.037125,-13.268768,WAL
1833277347000,45.759959,-1.93474132871343,-8.21019232811328,-1.51011524937172,-1.3426818,-0.7315111,0.43463063,124.19814,110.287445,-13.332344,WAL
1833282265000,45.764877,-2.20077189603727,-8.22674532525748,-1.34965803896027,-1.3542882,-0.74220127,0.4841107,124.05558,110.554794,-13.46725,WAL
1833287330000,45.769942,-2.47672854689554,-8.28383997263364,-1.20692186765081,-1.351234,-0.7452556,0.54061574,123.916565,110.829254,-13.612697,WAL
1833292253000,45.774865,-2.72244746699906,-8.3700479883349,-1.0794962345588,-1.3475688,-0.7486154,0.59528816,123.73466,111.117226,-13.823115,WAL
1833297352000,45.779964,-2.92457494492004,-8.5308312584666,-0.973838747497648,-1.321607,-0.7504479,0.64568454,123.558334,111.40049,-14.042973,WAL
1833302205000,45.784817,-3.11102070798557,-8.71159746378155,-0.855498496794024,-1.2947289,-0.7443393,0.68600166,123.352394,111.68821,-14.319197,WAL
1833307249000,45.789861,-3.27527398134982,-9.03761540329727,-0.643960099644925,-1.2675453,-0.76083267,0.7302894,123.14499,111.97164,-14.605375,WAL
1833312229000,45.794841,-3.43744315291087,-9.35949671550747,-0.435105774148789,-1.2327261,-0.7892379,0.76052725,122.89573,112.25945,-14.9310055,WAL
1833317256000,45.799868,-3.60114283673364,-9.68441586339516,-0.224280333532509,-1.1890492,-0.8374963,0.77732605,122.639534,112.53685,-15.259676,WAL
1833322216000,45.804828,-3.72121115416626,-10.0350760355285,-0.0468585843360487,-1.1337659,-0.88514376,0.79351395,122.334366,112.79526,-15.625476,WAL
1833327239000,45.809851,-3.74009593830602,-10.4647049733045,0.0570078043519482,-1.0580186,-0.9410379,0.7974846,122.014,113.03409,-15.987188,WAL
1833332235000,45.814847,-3.73027653179724,-10.8943014562212,0.147182727465438,-0.956615,-1.0009027,0.79717916,121.6374,113.23325,-16.36786,WAL
1833337219000,45.819831,-3.63667760798117,-11.3295372338465,0.1986621746583,-0.8417723,-1.0784826,0.79504114,121.24027,113.410446,-16.743784,WAL
1833342250000,45.824862,-3.50416276343284,-11.7295161037992,0.21122252531886,-0.6899723,-1.1145236,0.7858781,120.81468,113.54009,-17.111086,WAL
1833347231000,45.829843,-3.23601769104478,-11.9837908918395,0.0817732000038767,-0.5375614,-1.1765264,0.77304995,120.35959,113.64513,-17.473234,WAL
1833352312000,45.834924,-2.85151488042481,-12.1701904860246,-0.124544718465846,-0.44684792,-1.1905763,0.743423,119.89417,113.71727,-17.805326,WAL
1833357283000,45.839895,-1.91846345978759,-11.9863383569877,-0.699083774767077,-0.28344148,-1.1582005,0.70738196,119.42404,113.74536,-18.121908,WAL
1833362290000,45.844902,-0.978654877383538,-11.8011547701665,-1.27778364499445,-0.13927728,-1.0534371,0.675617,118.9998,113.746284,-18.372738,WAL
1833367288000,45.8499,-0.0405355854211923,-11.6163040477915,-1.85544331174028,-0.015271631,-0.88300574,0.6533204,118.60374,113.71923,-18.600517,WAL
1833372541000,45.855153,0.926871481390341,-11.4131525618784,-2.42259530023582,0.067500606,-0.7110472,0.61575216,118.23109,113.677635,-18.80533,WAL
1833377308000,45.85992,1.56347141254998,-11.1135759626782,-2.41791447086025,0.1020145,-0.52015173,0.58123827,117.91406,113.62327,-18.98412,WAL
1833382331000,45.864943,2.20166093401015,-10.8263292250423,-2.39520645583756,0.087659165,-0.3454443,0.53969944,117.92323,113.49647,-18.840593,WAL
1833387264000,45.869876,2.43726275367352,-10.8852295701309,-2.15960450438151,0.021991149,-0.22327125,0.46639562,117.965385,113.35982,-18.672487,WAL
1833392291000,45.874903,2.67735404648678,-10.9452522814142,-1.91951307726423,-0.06841691,-0.1469131,0.3652974,118.07939,113.18122,-18.40694,WAL
1833397291000,45.879903,2.5001597069961,-11.3219558823503,-1.4900457759706,-0.16646078,-0.098043874,0.23732115,118.210106,112.99676,-18.111702,WAL
1833402303000,45.884915,2.23236542226355,-11.7682797642136,-1.01821757844315,-0.23762658,-0.089186326,0.093462385,118.33924,112.80206,-17.78675,WAL
1833407312000,45.889924,1.80186807263794,-12.1145584915037,-0.658117484721056,-0.27275133,-0.12003502,-0.018020526,118.43966,112.56075,-17.415537,WAL
1833412327000,45.894939,1.2463220403419,-12.3849570345992,-0.382802681015457,-0.2950479,-0.18203785,-0.07574729,118.52405,112.31712,-17.027702,WAL
1833417321000,45.899933,0.850243307487725,-12.6058283199673,-0.362210199509002,-0.2733622,-0.18509217,-0.086132,118.512344,112.02753,-16.67782,WAL
1833422305000,45.904917,0.552414043240589,-12.7962435286416,-0.498918729623568,-0.21380283,-0.11636983,-0.06261369,118.50104,111.73651,-16.327759,WAL
1833427367000,45.909979,0.456391947476013,-13.0406890507147,-0.728056733111416,-0.11942416,0.016798794,-0.033292156,118.43413,111.451,-16.058033,WAL
1833432319000,45.914931,0.465678081965929,-13.305344700607,-0.997354967848052,-0.021991149,0.17867808,-0.02076942,118.39653,111.16101,-15.789075,WAL
1833437298000,45.91991,0.49761220269086,-13.6116401672618,-1.14102095221504,0.093462385,0.3408628,-0.019242255,118.39321,110.895706,-15.558592,WAL
1833442440000,45.925052,0.545140382148441,-13.9538424757263,-1.20756039750024,0.22510384,0.4746423,-0.03268129,118.42846,110.61429,-15.323601,WAL
1833447348000,45.92996,0.592545866906747,-14.3046666099318,-1.1103432646702,0.3848451,0.5222898,-0.045814894,118.51752,110.327675,-15.073554,WAL
1833452316000,45.934928,0.642143427862017,-14.6789026789234,-0.88489983146323,0.4822781,0.61422503,-0.093462385,118.65377,110.024574,-14.804738,WAL
1833457302000,45.939914,0.713689389426805,-15.0868421267945,-0.669941912101016,0.68233645,0.6560693,-0.16523905,118.79196,109.66254,-14.517858,WAL
1833462324000,45.944936,0.814485186786126,-15.5404235043487,-0.46835029633239,0.8689558,0.6603453,-0.26542094,118.93991,109.27693,-14.214242,WAL
1833467316000,45.949928,0.92326708930695,-15.991902578419,-0.312140980943562,1.0589349,0.67011917,-0.37232238,119.06213,108.80683,-13.8860655,WAL
1833472308000,45.95492,1.03976827250219,-16.4439274728531,-0.195639817212204,1.2260065,0.675617,-0.49846604,119.17761,108.29248,-13.534189,WAL
1833477374000,45.959986,1.07787386670702,-16.7461371517353,-0.0683903063761098,1.3930782,0.6844745,-0.6417139,119.26691,107.69176,-13.1419325,WAL
1833482317000,45.964929,1.03011542055085,-16.8750850211864,0.0653333029661017,1.5515977,0.6627888,-0.7877107,119.344154,107.049934,-12.72655,WAL
1833487304000,45.969916,0.956898074432133,-16.6841338896913,0.261535517886822,1.6887369,0.6078109,-0.93462384,119.39839,106.331566,-12.261705,WAL
1833492434000,45.975046,0.854829477063712,-16.1446279592402,0.528858051721409,1.8747455,0.5027421,-1.0705414,119.42937,105.56598,-11.776454,WAL
1833497396000,45.980008,0.769866386620843,-15.5043912741965,0.714839360858258,2.0995438,0.3707952,-1.1792754,119.41672,104.75339,-11.282096,WAL
1833502313000,45.984925,0.699884378017834,-14.7477110567992,0.824186279557867,2.3906212,0.24953845,-1.2675453,119.378006,103.893875,-10.773259,WAL
1833507314000,45.989926,0.535373636946262,-13.999514480034,0.826205054173747,2.6914723,0.15332718,-1.3200798,119.28404,103.006,-10.289141,WAL
1833512328000,45.99494,0.168200308911215,-13.2957652871708,0.591622098160578,2.9746084,0.06658431,-1.3658947,119.16317,102.08394,-9.79745,WAL
1833517283000,45.999895,-0.264673465300057,-12.7277658357305,0.173343101778009,3.2168164,0.016187929,-1.4217888,119.022194,101.1593,-9.325912,WAL
1833522300000,46.004912,-0.796607618719909,-12.3231320628312,-0.499530894844815,3.3841934,0.0693332,-1.496009,118.89317,100.232605,-8.844553,WAL
1833527297000,46.009909,-1.3239282440686,-12.018903978187,-1.19221976965147,3.4596353,0.26083946,-1.5598444,118.81043,99.392204,-8.409401,WAL
1833532318000,46.01493,-1.84836913456097,-11.9276970151743,-1.93707787763376,3.4471126,0.5635232,-1.6175711,118.782166,98.58937,-7.961209,WAL
1833538677000,46.021289,-2.51622697589889,-11.8215367731949,-2.87981645335554,3.3722816,0.90041536,-1.6417004,118.87854,97.96712,-7.595684,WAL
1833542429000,46.025041,-2.95274995503086,-11.8673011012051,-3.42899052150485,3.2467487,1.2345587,-1.611768,119.066376,97.41834,-7.2365756,WAL
1833547351000,46.029963,-3.52539550494758,-11.9273362884295,-4.14941556506319,3.0857859,1.3723087,-1.5943583,119.35531,97.0801,-6.9969864,WAL
1833552316000,46.034928,-4.59489392344027,-12.2207236130683,-4.54724361617792,3.003319,1.5555683,-1.5522085,119.753876,96.80241,-6.7782536,WAL
1833557311000,46.039923,-5.83292861129699,-12.5926048529817,-4.83909961799843,2.8243356,1.6303993,-1.5057828,120.15936,96.57487,-6.573135,WAL
1833562323000,46.044935,-6.63008055677381,-12.7462389082035,-4.73290664300927,2.676506,1.6200147,-1.4694363,120.60595,83.470276,-6.5294213,WAL
1833567313000,46.049925,-7.24734168712286,-12.8122056060935,-4.46903926103333,2.5708263,1.5393804,-1.4269812,121.049934,83.49973,-6.4961023,WAL
1833572329000,46.054941,-7.7071030362787,-12.8952981584336,-4.21217776395985,2.5201247,1.3949108,-1.4101825,121.556274,83.48278,-6.5015755,WAL
1833577371000,46.059983,-8.09585020673889,-12.9864856425803,-3.95781224667528,2.4862216,1.1930199,-1.41904,122.01572,83.45992,-6.5082574,WAL
1833582320000,46.064932,-8.34024702372784,-12.8946170302077,-4.01120463316181,2.4223862,1.031446,-1.466382,122.440575,83.39478,-6.5455265,WAL
1833587302000,46.069914,-8.52210996312178,-12.7173012221269,-4.20670697255575,2.2870796,0.95905846,-1.5384641,122.82764,83.33962,-6.5697193,WAL
1833592401000,46.075013,-8.4585086790828,-12.3879286366466,-3.90727764247769,2.141999,1.0503827,-1.6022996,123.21414,83.26242,-6.603778,WAL
1833597335000,46.079947,-8.22317996721311,-11.9662989344262,-3.26993000983607,2.006387,1.3014483,-1.6722436,123.62099,83.211044,-6.613786,WAL
1833602312000,46.084924,-7.74166999434387,-11.5588252768033,-2.84175234582122,1.8390098,1.464244,-1.6988163,124.05311,83.16826,-6.622981,WAL
1833607305000,46.089917,-7.12719416237689,-11.1596400551543,-2.52778659533815,1.7287487,1.5057828,-1.6884315,124.5152,83.14056,-6.622044,WAL
1833612316000,46.094928,-6.28884113658337,-10.8033642652601,-2.43076317988529,1.6820174,1.6029104,-1.6349808,125.01318,83.115425,-6.6048455,WAL
1833617314000,46.099926,-5.24467693334699,-10.4896251040557,-2.53861115411716,1.7183639,1.7687603,-1.536326,125.53534,83.075356,-6.6050396,WAL
1833622311000,46.104923,-4.23701641221482,-10.314589286452,-2.13805214268895,1.7745636,1.9883664,-1.4178182,126.07664,83.06539,-6.5635977,WAL
1833627365000,46.109977,-3.24636218481833,-10.2464245824805,-1.33371359919444,1.9532416,2.0931299,-1.2883148,126.62504,83.006836,-6.556149,WAL
1833632293000,46.114905,-2.33138149046105,-10.1680718282989,-0.796793394785374,2.1423044,1.958434,-1.1887437,127.14249,83.02014,-6.4727287,WAL
1833637311000,46.119923,-1.46709182074722,-10.0725702734499,-0.577139654091812,2.2391264,1.7754798,-1.1178834,127.66832,82.99366,-6.420147,WAL
1833642348000,46.12496,-0.857308280526788,-9.99901518571998,-0.452146025200159,2.2785273,1.7159204,-1.0818423,128.05402,82.993195,-6.321944,WAL
1833647352000,46.129964,-0.599609969405497,-9.95606559759012,-0.456918212732523,2.3051,1.7024814,-1.0757337,128.39502,82.96487,-6.2350926,WAL
1833652265000,46.134877,-0.435281322903226,-9.93670964516129,-0.30027923516129,2.3475552,1.706452,-1.0937542,128.78232,82.97437,-6.0122766,WAL
1833657301000,46.139913,-0.398128653580164,-9.95064168945595,0.0991118812604719,2.406809,1.6511687,-1.1242975,129.14513,82.95149,-5.7933736,WAL
1833662251000,46.144863,-0.357491068311958,-9.99625259675594,0.349369212182195,2.4226916,1.5283848,-1.10139,129.50174,82.911545,-5.547194,WAL
1833667312000,46.149924,-0.307212839675594,-10.1105212331196,0.303661729000377,2.3264804,1.3570372,-1.03786,129.82498,82.851166,-5.309483,WAL
1833672289000,46.154901,-0.220944168721174,-10.1447493427673,0.1873751539413,2.1395555,1.248914,-1.0332786,130.14162,82.73873,-5.0512567,WAL
1833677301000,46.159913,0.00546600694339622,-9.88311979056604,-0.200037798830189,1.9315559,1.3497068,-0.99204516,130.46378,82.60498,-4.8309,WAL
1833682290000,46.164902,0.169568037064891,-9.55929643060765,-0.645083777809452,1.8026633,1.4428637,-0.93859446,130.76079,82.47593,-4.606089,WAL
1833687313000,46.169925,0.192122564698987,-9.08565164703676,-1.23150154339835,1.7324139,1.4682146,-0.8723156,131.06334,82.35681,-4.4044657,WAL
1833692391000,46.175003,0.162549570015898,-8.62733121359768,-1.8552906955859,1.6713274,1.5809193,-0.8164214,131.43102,82.296234,-4.201012,WAL
1833697377000,46.179989,-0.0919858885214626,-8.26562262929019,-2.60103500713551,1.6206255,1.8029687,-0.7602218,131.83325,82.233826,-4.026052,WAL
1833702510000,46.185122,-0.353756061001289,-7.90250220015862,-3.34720758861901,1.5958854,2.058616,-0.6985244,132.30843,82.22469,-3.8762217,WAL
1833707317000,46.189929,-0.595640926999108,-7.67430909219788,-3.78533878480222,1.5677856,2.3054054,-0.6545421,132.83994,82.2246,-3.7452397,WAL
1833712614000,46.195226,-0.852518903168245,-7.42266883457757,-4.25549772907866,1.5641204,2.4920247,-0.61636305,133.54364,82.20626,-3.628295,WAL
1833717317000,46.199929,-0.971432956536781,-7.19714212996176,-4.53023004217953,1.557401,2.595261,-0.58368176,134.28593,82.194916,-3.5271845,WAL
1833722271000,46.204883,-1.096693475437,-6.95957902244173,-4.81962487082119,1.5592335,2.6847527,-0.54825157,135.12096,82.18882,-3.4629955,WAL
1833727315000,46.209927,-1.23147418490871,-6.81535833738525,-4.6882937487239,1.5668694,2.699719,-0.56199604,135.95834,82.1907,-3.3941672,WAL
1833732253000,46.214865,-1.36504905253707,-6.69609515166952,-4.46407876032483,1.5543466,2.645352,-0.59986967,136.79466,82.20193,-3.3278277,WAL
1833737339000,46.219951,-1.44478145631608,-6.49911508629197,-4.11381851296605,1.5323554,2.564107,-0.6337727,137.6563,82.22909,-3.272976,WAL
1833742373000,46.224985,-1.51185103227602,-6.2889636082174,-3.74269995920979,1.4752395,2.516154,-0.67256266,138.50743,82.27942,-3.204192,WAL
1833747350000,46.229962,-1.60645496309278,-6.07968291958763,-3.4596461856701,1.4434745,2.4556782,-0.69058317,139.32355,82.29025,-3.1474292,WAL
1833752289000,46.234901,-1.71284639257732,-5.87133303298969,-3.21583256639175,1.3839152,2.4019222,-0.73639804,140.12459,82.33592,-3.0696647,WAL
1833757319000,46.239931,-1.77596491182048,-5.58669260101138,-2.79580411890013,1.3148874,2.3435845,-0.75441855,140.89258,82.32667,-3.0065932,WAL
1833762327000,46.244939,-1.80122866790982,-5.2431058136536,-2.23494943015171,1.2275337,2.2360723,-0.7626653,141.62738,82.34602,-2.9297612,WAL
1833767317000,46.249929,-1.82565209183673,-4.89531166122449,-1.63020702285714,1.1227703,2.132836,-0.7654142,142.33865,82.33853,-2.8677523,WAL
1833772302000,46.254914,-1.84964945184478,-4.54495005476023,-1.00147577468684,0.99082345,2.025629,-0.7528914,143.01334,82.36447,-2.8041434,WAL
1833777347000,46.259959,-1.93483557807254,-4.2336858490546,-0.440629204683581,0.8671232,1.9446895,-0.7284568,143.64224,82.327835,-2.748559,WAL
1833782319000,46.264931,-2.04967232624928,-3.94889092653868,0.0738391518319506,0.73975784,1.8973475,-0.68875057,144.24495,82.32763,-2.6987875,WAL
1833787343000,46.269955,-2.19105354930002,-3.7342331196189,0.53266355288742,0.5852089,1.8551978,-0.6398814,144.79048,82.26023,-2.6606946,WAL
1833792407000,46.275019,-2.35135839308769,-3.56921328123663,0.952285222263271,0.43890667,1.8246545,-0.5879578,145.31956,82.22321,-2.6339536,WAL
1833797323000,46.279935,-2.5017922375,-3.42384338632519,1.26868387951128,0.28985557,1.8020525,-0.54244834,145.81017,82.12276,-2.6383324,WAL
1833802321000,46.284933,-2.6502453325,-3.28888606566729,1.51160716003759,0.14019357,1.7715092,-0.4972443,146.28188,82.05944,-2.6559522,WAL
1833807308000,46.28992,-2.72081545223755,-3.15377651459408,1.64468674709908,-0.015271631,1.7253889,-0.44776422,146.71921,81.94286,-2.7123861,WAL
1833812328000,46.29494,-2.6752558203538,-3.01709751322523,1.61431360631778,-0.18203785,1.6633861,-0.40439278,147.1345,81.86787,-2.777667,WAL
1833817314000,46.299926,-2.60084812198428,-2.89064812261297,1.57572334411591,-0.35430184,1.599856,-0.37293324,147.52992,81.7648,-2.8845026,WAL
1833822300000,46.304912,-2.4976556521611,-2.77338396571709,1.52881767156189,-0.5170974,1.5112807,-0.35796702,147.89162,81.701515,-2.9947042,WAL
1833827430000,46.310042,-2.37551772634785,-2.70785887325617,1.48929406436186,-0.675617,1.4056009,-0.3390302,148.23584,81.67114,-3.1094658,WAL
1833832321000,46.314933,-2.24235455287846,-2.70310304740583,1.46075915891969,-0.8176431,1.2864822,-0.3118467,148.54294,81.675095,-3.2255752,WAL
1833837329000,46.319941,-2.11483226154151,-2.78103947852973,1.43900555330959,-0.96791595,1.2202033,-0.30818152,148.84451,81.718185,-3.3234932,WAL
1833842396000,46.325008,-1.99480236608291,-2.94428010025725,1.42460197788661,-1.1154399,1.0882565,-0.30879238,149.08626,81.7915,-3.4193983,WAL
1833847345000,46.329957,-1.87394047994738,-3.05655818261605,1.45847160794963,-1.1756102,0.93309665,-0.30665436,149.30678,81.87144,-3.4845994,WAL
1833852320000,46.334932,-1.74858347609472,-3.11923673129111,1.54353522569066,-1.3008375,0.77518797,-0.31887165,149.48404,82.00378,-3.5391507,WAL
1833857305000,46.339917,-1.68355711226022,-3.24802918638449,1.63886997410342,-1.421178,0.59559363,-0.3155119,149.6164,82.13276,-3.559318,WAL
1833862326000,46.344938,-1.73368754678899,-3.50369455951835,1.75417007821101,-1.5274686,0.41996986,-0.310625,149.70164,82.28716,-3.5706198,WAL
1833867264000,46.349876,-1.81500823569945,-3.69219712922409,1.85925016691524,-1.6334536,0.20952678,-0.31673363,149.72406,82.4171,-3.5228183,WAL
1833872300000,46.354912,-1.94247722018123,-3.79690381202567,1.9548518815084,-1.7369953,-0.013744468,-0.32711834,149.69273,82.570946,-3.4714317,WAL
1833877327000,46.359939,-2.08180358369781,-3.99080581988072,2.02538988349901,-1.8347337,-0.19700404,-0.30573806,149.63011,82.691246,-3.4352663,WAL
1833882321000,46.364933,-2.24694722617976,-4.38114500119284,2.04040292290468,-1.9162843,-0.36865717,-0.28863382,149.50974,82.83342,-3.392361,WAL
1833887307000,46.369919,-2.39998844494196,-4.85291191113062,2.08460015198517,-2.0118847,-0.5308419,-0.2929099,149.35333,82.96671,-3.39294,WAL
1833892453000,46.375065,-2.53940749535655,-5.46827898456736,2.17594373528436,-2.1169536,-0.6392705,-0.267559,149.16344,83.11103,-3.406805,WAL
1833897295000,46.379907,-2.68355235438905,-6.21015374995112,2.32628594301075,-2.1838431,-0.70646566,-0.20250183,148.93152,83.26467,-3.4643009,WAL
1833902314000,46.384926,-2.85739805274682,-7.28611794261975,2.60349934462366,-2.214081,-0.75747293,-0.1151481,148.67426,83.4161,-3.5358799,WAL
1833907280000,46.389892,-2.96998508287671,-8.52504658457415,2.95326127829065,-2.16399,-0.752586,0.0143553335,148.43188,83.49127,-3.6755717,WAL
1833912326000,46.394938,-2.94120329794521,-10.2039826197141,3.49052077948183,-2.032654,-0.72509706,0.19272798,148.1785,83.51835,-3.8539028,WAL
1833917269000,46.399881,-2.78364849968823,-11.9372290171473,4.11379841784879,-1.7983873,-0.5500842,0.3707952,147.96393,83.41344,-4.0959544,WAL
1833922298000,46.40491,-2.28626481880359,-13.9314558408028,5.00064306724474,-1.4630222,-0.2855795,0.50732356,147.77782,83.22828,-4.37501,WAL
1833927342000,46.409954,-1.69795688901149,-15.6572705463495,5.87088754132896,-0.99296147,-0.02076942,0.6224717,147.62923,82.91361,-4.6825004,WAL
1833932314000,46.414926,-0.834699262415915,-16.48927907137,6.66774064098441,-0.40958515,0.23335053,0.6068946,147.55003,82.518654,-4.986081,WAL
1833938638000,46.42125,0.28212050400131,-17.5256155659865,7.63760379893298,0.25381452,0.44929138,0.41783184,147.55156,82.06079,-5.172393,WAL
1833942371000,46.424983,1.16215682309996,-17.8803068195432,7.69783444717334,0.9324858,0.5500842,0.2837469,147.58896,81.49705,-5.362505,WAL
1833947385000,46.429997,2.34418256753089,-18.3567123768252,7.77873358199176,1.2281445,0.86498517,-0.035124753,147.78389,81.03815,-5.3060355,WAL
1833952313000,46.434925,3.16356376216063,-18.6695784411765,7.70398856809955,1.6633861,1.2883148,-0.30726522,148.0419,80.41346,-5.238223,WAL
1833957314000,46.439926,3.82273285279977,-18.9088664852941,7.55048332567873,1.8716911,1.6392568,-0.43157628,148.37457,79.80445,-5.1396265,WAL
1833962323000,46.444935,3.67713059872261,-18.0381513219441,7.35614225007789,1.8576412,1.8041905,-0.45937067,148.85883,79.304474,-4.8294396,WAL
1833967317000,46.449929,2.84268635948697,-16.220254413854,7.12766350856787,1.7006488,1.8115209,-0.44959682,149.39597,78.78664,-4.525777,WAL
1833972297000,46.454909,1.89942635448218,-14.0350508519394,6.78665627633393,1.4278975,1.724778,-0.42058071,150.0097,78.374985,-4.152696,WAL
1833977301000,46.459913,0.880404380601497,-11.6007206168537,6.3714991552471,1.1386528,1.5784758,-0.4092797,150.60037,77.999794,-3.797774,WAL
1833982324000,46.464936,0.0651183766485067,-9.14398822735675,5.90609482887441,0.8570439,1.4181237,-0.4083634,151.09212,77.61945,-3.5797398,WAL
1833987367000,46.469979,-0.602068016324545,-6.66788082033272,5.40335595602685,0.5564982,1.2724323,-0.3827071,151.54037,77.32395,-3.3720777,WAL
1833992393000,46.475005,-1.21034013644518,-4.648124106439,4.81241954659535,0.26939157,1.1355985,-0.33414328,151.85986,77.02398,-3.3245378,WAL
1833997342000,46.479954,-1.76122519752931,-3.03934480650072,4.15428236589179,-0.015271631,0.9923506,-0.24129178,152.12946,76.807335,-3.287824,WAL
1834002313000,46.484925,-2.30753979629986,-2.05258164503758,3.55769426517633,-0.2751948,0.8350528,-0.13072516,152.29103,76.61336,-3.37472,WAL
1834007312000,46.489924,-2.85188224540374,-1.51285221610137,3.00412567939873,-0.5174029,0.66828656,0.009162978,152.39784,76.48565,-3.4856586,WAL
1834012318000,46.49493,-3.42538598470168,-1.40282395048445,2.61101066063233,-0.75319684,0.43310347,0.16554448,152.38979,76.456604,-3.7150173,WAL
1834017313000,46.499925,-4.02547239602244,-1.71506397312596,2.37683054176441,-0.9950995,0.129198,0.33841935,152.2983,76.47531,-3.9715748,WAL
1834022299000,46.504911,-4.46623897491493,-2.39333180535917,2.24280933490548,-1.2651019,-0.22235495,0.5027421,152.10948,76.50337,-4.314963,WAL
1834027355000,46.509967,-4.77744705294896,-3.3956052892155,2.19246691494329,-1.5393804,-0.625526,0.64934975,151.8077,76.56498,-4.6822104,WAL
1834032288000,46.5149,-4.84856359462151,-4.64556208924303,2.1764343250996,-1.8301523,-1.1151345,0.75411314,151.35474,76.652275,-5.138917,WAL
1834037358000,46.51997,-4.60192273904383,-6.30434327808765,2.20545088446215,-2.1218405,-1.3955216,0.8197812,150.83876,76.76555,-5.620234,WAL
1834042409000,46.525021,-4.51061722442771,-8.00318971499356,1.97229645608959,-2.3380868,-1.9504927,0.84604836,150.1008,76.90725,-6.1108336,WAL
1834047344000,46.529956,-4.61833857657318,-9.72204664493113,1.41027238434248,-2.3994787,-2.4376578,0.9266826,149.29573,77.0169,-6.6305842,WAL
1834052254000,46.534866,-4.89478908421154,-11.5119591189673,0.686822488864271,-2.4410176,-2.783102,1.024421,148.42693,77.214165,-7.080075,WAL
1834057305000,46.539917,-5.44463493030537,-13.4783565770157,-0.315015213524708,-2.3283129,-2.9431489,1.097114,147.47676,77.321724,-7.533803,WAL
1834062251000,46.544863,-5.61097030120199,-15.3169872221805,-1.04537200054465,-2.0867157,-2.8942795,1.1438452,146.55911,77.47255,-7.9622445,WAL
1834067316000,46.549928,-4.95504566672927,-17.0069036157386,-1.2366833146117,-1.7278323,-2.718045,1.1438452,145.64188,77.51264,-8.3972845,WAL
1834072308000,46.55492,-4.13129701935585,-18.3132563227021,-1.19455719276378,-1.2947289,-2.4178047,1.0409144,144.85124,77.58617,-8.823168,WAL
1834077398000,46.56001,-2.54092425725191,-18.124654870229,-0.175087410687023,-0.816116,-1.983174,0.8414669,144.1638,77.555885,-9.228609,WAL
1834082289000,46.564901,-1.24100799212276,-17.6236449654731,0.612283380988917,-0.38606682,-1.5836681,0.5946773,143.67754,77.630905,-9.433412,WAL
1834087322000,46.569934,-0.496799263682864,-16.2767639641944,0.922750829667519,-0.14508049,-1.3509285,0.35827246,143.27872,77.671616,-9.59363,WAL
1834092391000,46.575003,0.148238529163867,-14.8939646196342,1.14296460694289,-0.087659165,-1.1478158,0.1563815,143.05905,77.765205,-9.543372,WAL
1834097400000,46.580012,0.327298719573535,-13.4122417937197,0.954951399300112,-0.16310102,-0.9272934,0.009773844,142.92053,77.87183,-9.458638,WAL
1834102548000,46.58516,0.49556107945612,-11.8749675241292,0.725673776968282,-0.34880406,-0.7849618,-0.069027774,142.82701,78.02742,-9.287128,WAL
1834107324000,46.589936,0.464409900588636,-10.2773574202179,0.084849520669391,-0.59864795,-0.7452556,-0.11026118,142.77403,78.22602,-9.097748,WAL
1834112673000,46.595285,0.418067135372535,-8.5049151880935,-0.642775831891892,-0.8698721,-0.83658,-0.119729586,142.71953,78.4626,-8.915259,WAL
1834117318000,46.59993,0.145930000397188,-7.30669918215851,-1.47543413797297,-1.1835514,-1.0091494,-0.080634214,142.65607,78.744026,-8.73883,WAL
1834122286000,46.604898,-0.145130771735756,-6.02516266601534,-2.36599311851351,-1.5253305,-1.2067643,0.004581489,142.56984,79.0686,-8.60432,WAL
1834127312000,46.609924,-0.623514517318004,-4.94558137822231,-3.29192108805939,-1.8301523,-1.352761,0.16157386,142.4505,79.40367,-8.500549,WAL
1834132252000,46.614864,-1.14548901195607,-3.9455367026191,-4.20903529717468,-2.0546453,-1.3918564,0.33322698,142.30875,79.74172,-8.425475,WAL
1834137327000,46.619939,-1.56689274415681,-3.37397344018996,-4.7173430270975,-2.2156084,-1.427592,0.42638394,142.03853,80.13909,-8.392955,WAL
1834142371000,46.624983,-1.96272810048422,-2.89717171507589,-5.1356690622963,-2.277611,-1.46852,0.5726862,141.7526,80.459045,-8.427104,WAL
1834147376000,46.629988,-2.34317596540284,-2.56633751860705,-5.36924964562126,-2.3900104,-1.5259414,0.66798115,141.42749,80.72046,-8.548604,WAL
1834152248000,46.63486,-2.70851939478673,-2.3019442783845,-5.52307835231815,-2.4401011,-1.6276505,0.7370089,141.07806,80.86704,-8.709109,WAL
1834157333000,46.639945,-2.89596741998855,-2.21755553111875,-5.61256631334479,-2.4550674,-1.7421877,0.79168135,140.69524,80.84925,-8.967256,WAL
1834162330000,46.644942,-3.01473775303551,-2.19928318686522,-5.67651961363116,-2.4486532,-1.8606955,0.83108217,140.28592,80.708626,-9.248432,WAL
1834167315000,46.649927,-3.0048595101223,-2.54721538735209,-5.76087723734712,-2.43216,-1.9654589,0.86467975,139.83186,99.61673,-9.61661,WAL
1834172304000,46.654916,-2.92884693348911,-3.08405450746744,-5.85589295813861,-2.3197608,-2.0158553,0.89827734,139.3658,100.0515,-10.005813,WAL
1834177397000,46.660009,-2.7700286219063,-3.8857879913589,-5.90580231022969,-2.0864103,-1.9474384,0.91904676,138.90546,100.59097,-10.430783,WAL
1834182316000,46.664928,-2.57459794146514,-4.79144203879389,-5.9296352957604,-1.7492126,-1.7504344,0.9315695,138.47597,101.18977,-10.870176,WAL
1834187315000,46.669927,-2.49401982823795,-5.77753849139684,-5.60232276917357,-1.3918564,-1.5271631,0.91996306,138.09892,101.786194,-11.278401,WAL
1834192404000,46.675016,-2.47108292349398,-6.81428744804217,-5.09312324435241,-1.10139,-1.385137,0.90285885,137.76315,102.394745,-11.690766,WAL
1834197353000,46.679965,-2.37985166481261,-7.87619055885386,-4.59630139765021,-0.895223,-1.2544118,0.9092729,137.52148,102.93372,-12.031978,WAL
1834202313000,46.684925,-2.2338543156157,-8.98294497328971,-4.09708447914932,-0.73639804,-1.1111639,0.9663888,137.3314,103.4696,-12.379145,WAL
1834207306000,46.689918,-2.14578350125276,-10.3482936101695,-3.42957661164333,-0.5830709,-0.9947941,0.99296147,137.16206,103.90349,-12.68027,WAL
1834212325000,46.694937,-2.11036275018423,-11.9472886779661,-2.60983854288873,-0.59589905,-0.8668178,0.96577793,137.04207,104.337555,-12.974378,WAL
1834217316000,46.699928,-1.8540953051676,-13.3107581452514,-2.28999364196927,-0.72173727,-0.6988298,0.90285885,136.97423,104.63709,-13.1860695,WAL
1834222297000,46.704909,-1.4686335839585,-14.5385249545092,-2.26144099365523,-0.9095783,-0.4728097,0.84299403,136.96173,104.93394,-13.38008,WAL
1834227337000,46.709949,-0.860671425203725,-15.0097733244082,-2.07843093255724,-1.0351112,-0.22602014,0.79076505,137.00908,105.03022,-13.467639,WAL
1834232320000,46.714932,-0.129205151824796,-15.0144029510089,-1.80528847400078,-1.1859949,-0.12767084,0.7464773,137.07541,105.141174,-13.537443,WAL
1834237351000,46.719963,0.575903064119821,-14.6002565685664,-1.68816880459055,-1.348485,0.002443461,0.7431176,137.23877,105.15131,-13.46761,WAL
1834242372000,46.724984,1.25401493208033,-13.8660254152889,-1.69284543489593,-1.4285084,0.12034045,0.7134906,137.42255,105.16511,-13.385578,WAL
1834247406000,46.730018,1.60335607937887,-13.1257191886958,-1.57222506496904,-1.559539,0.19608775,0.625526,137.6341,105.10779,-13.178041,WAL
1834252323000,46.734935,1.64688059621961,-12.3988596529254,-1.34154523024309,-1.6548339,0.12705997,0.45356745,137.83194,105.0478,-12.954421,WAL
1834257290000,46.739902,1.65864831125885,-11.6351321555865,-1.06647390409179,-1.7159204,-0.027488936,0.19394971,138.04233,104.93668,-12.612582,WAL
1834262291000,46.744903,1.60729336078705,-10.8083179409715,-0.706989325863178,-1.7082846,-0.30176744,-0.056199603,138.19214,104.815475,-12.248591,WAL
1834267286000,46.749898,1.38676900781974,-10.1271481503796,-0.299290065178976,-1.6502525,-0.72692966,-0.3032946,138.21559,104.68846,-11.870489,WAL
1834272298000,46.75491,0.9749842542057,-9.60650088857115,0.164559409673602,-1.561677,-1.2425,-0.4978552,138.13048,104.53362,-11.4681635,WAL
1834277290000,46.759902,0.466599000476616,-9.24866238456956,0.356024997053917,-1.4749341,-1.6927075,-0.6444628,137.88634,104.39681,-11.090906,WAL
1834282275000,46.764887,-0.163871734356072,-9.09222936227783,0.209073171530136,-1.3435981,-2.006387,-0.7415904,137.53505,104.22328,-10.703705,WAL
1834287279000,46.769891,-0.801255110780926,-8.97393754733932,-0.0652506920663442,-1.2473868,-2.173764,-0.80573124,137.02483,104.08345,-10.412317,WAL
1834292282000,46.774894,-1.44456993328068,-8.9077141072169,-0.509894794116892,-1.1749994,-2.191479,-0.8038987,136.47537,103.927025,-10.13006,WAL
1834297261000,46.779873,-2.01316558736521,-8.76934649989827,-0.893865873814853,-1.1307116,-2.08977,-0.75961095,135.8945,103.84534,-9.965018,WAL
1834302211000,46.784823,-2.47130324453713,-8.52339897700916,-1.18803848215666,-1.0616838,-1.9419407,-0.6835582,135.3331,103.75711,-9.817296,WAL
1834307189000,46.789801,-2.81022912724931,-8.27281243147047,-1.42325092925089,-1.0354166,-1.7803668,-0.5708536,134.81001,103.790436,-9.796425,WAL
1834312244000,46.794856,-2.98291923738605,-8.01377744157749,-1.57675312693222,-1.031446,-1.629483,-0.43493605,134.33917,103.8347,-9.802405,WAL
1834317177000,46.799789,-3.05751220315738,-7.81199180120375,-1.707566865259,-1.0253373,-1.4679092,-0.2846632,133.90648,103.968094,-9.90133,WAL
1834322223000,46.804835,-2.99075887577701,-7.68325362888999,-1.81246476621608,-1.0451905,-1.3060299,-0.13713925,133.5291,104.12804,-10.030716,WAL
1834327179000,46.809791,-2.72906635895322,-7.62937661869511,-1.86911920880086,-1.0360274,-1.2247849,0.009468411,133.13763,104.377,-10.226035,WAL
1834332229000,46.814841,-2.12658922953934,-7.69872636148055,-1.84744738589353,-1.029308,-1.0784826,0.07941248,132.81897,104.63724,-10.427769,WAL
1834337210000,46.819822,-1.56156535720753,-7.76290509056487,-1.80569267913366,-1.0225884,-0.96791595,0.19211712,132.52754,104.943146,-10.6681385,WAL
1834342267000,46.824879,-1.16292426897829,-7.80276917337175,-1.641253181459,-1.0021244,-0.90377516,0.29443705,132.27145,105.24871,-10.91639,WAL
1834347196000,46.829808,-0.806140375746576,-7.84129391705094,-1.53693304562026,-0.9767735,-0.9025534,0.35918877,132.09702,105.50479,-11.0904255,WAL
1834352302000,46.834914,-0.567643069135875,-7.87983888415115,-1.65979530905508,-0.93431836,-0.95478237,0.39767328,131.93254,105.75892,-11.279628,WAL
1834357275000,46.839887,-0.335358089548133,-7.91737984016159,-1.77945728243177,-0.89552844,-1.0012082,0.43218717,131.77556,105.97987,-11.42549,WAL
1834362298000,46.84491,-0.100737648673564,-7.95529824395014,-1.90032237237166,-0.86834496,-1.0195341,0.4428773,131.61546,106.18973,-11.57275,WAL
1834367279000,46.849891,0.0935007984579935,-7.9938585012031,-2.0295155596248,-0.82833326,-0.9984592,0.43676865,131.44925,106.40097,-11.729375,WAL
1834372275000,46.854887,0.0788660973625612,-8.03776263403344,-2.21001032226754,-0.80878556,-0.93492925,0.4251622,131.29312,106.60403,-11.881708,WAL
1834377350000,46.859962,0.0403781739749453,-8.08805880970372,-2.35786937462716,-0.77824235,-0.86376345,0.40194935,131.18237,106.779465,-11.938542,WAL
1834382292000,46.864904,-0.0866720965321137,-8.15864224418374,-2.3672804992245,-0.7779369,-0.80481493,0.37507126,131.08894,106.94919,-11.986824,WAL
1834387312000,46.869924,-0.238127619321542,-8.2373349352381,-2.35216115105669,-0.80756384,-0.7910705,0.33658674,131.01396,107.13055,-12.022579,WAL
1834392309000,46.874921,-0.485542786313832,-8.34585073904762,-2.23062386777324,-0.84604836,-0.80878556,0.29016098,130.94798,107.302284,-12.045996,WAL
1834397597000,46.880209,-0.748312139123957,-8.46186560935638,-2.1007793999702,-0.9068295,-0.85918194,0.24220806,130.85675,107.49489,-12.080824,WAL
1834402353000,46.884965,-1.00617817929082,-8.59306044566945,-1.95601243807112,-0.99112886,-0.93737274,0.20677789,130.75386,107.68888,-12.108512,WAL
1834407669000,46.890281,-1.29435303331247,-8.73211670640315,-1.79376796565015,-1.0800097,-1.0045679,0.18509217,130.59053,107.9063,-12.17546,WAL
1834412321000,46.894933,-1.54535755511536,-8.68829047317117,-1.64236841347702,-1.1490375,-1.0238101,0.16249016,130.42003,108.12399,-12.233566,WAL
1834417279000,46.899891,-1.81287269249687,-8.64158143096047,-1.48101007734752,-1.2257011,-1.0375546,0.14813483,130.18546,108.370705,-12.340704,WAL
1834422298000,46.90491,-2.10650410586756,-8.5077725913663,-1.29360343914501,-1.2592987,-1.0345002,0.16310102,129.95483,108.6162,-12.448472,WAL
1834427364000,46.909976,-2.41150894182733,-8.34001972988265,-1.09535032761945,-1.2809844,-1.0338894,0.18906279,129.72366,108.86666,-12.555173,WAL
1834432315000,46.914927,-2.60381564665704,-8.17009180221962,-1.00955947000361,-1.2797627,-1.0210613,0.22357668,129.44922,109.13504,-12.723133,WAL
1834437326000,46.919938,-2.77701566437788,-7.99689196535234,-0.944609463358297,-1.2660183,-1.0054842,0.2565634,129.18163,109.39981,-12.894247,WAL
1834442329000,46.924941,-2.91582836975513,-7.96386433457211,-0.917883521259991,-1.2290609,-0.9831876,0.321926,128.87668,109.68414,-13.137913,WAL
1834447320000,46.929932,-3.03262800939775,-8.01983071475844,-0.915450198504302,-1.1930199,-0.9779953,0.38973203,128.57747,109.96131,-13.385794,WAL
1834452315000,46.934927,-3.14952125724686,-8.07584194878583,-0.913014925580105,-1.128879,-0.981355,0.47219884,128.25458,110.26111,-13.690347,WAL
1834457306000,46.939918,-3.26632089688948,-8.13180832897215,-0.910581602824416,-1.0824533,-0.98624194,0.54825157,127.94039,110.5572,-14.003695,WAL
1834462323000,46.944935,-3.3104395183891,-8.37530612585135,-0.919458533332346,-1.047023,-1.010982,0.6075055,127.61441,110.85409,-14.327673,WAL
1834467314000,46.949926,-3.31987556772283,-8.70556489665384,-0.933612454612575,-1.0100657,-1.0262536,0.66645396,127.2981,111.14463,-14.663268,WAL
1834472300000,46.954912,-3.26283266820544,-9.010721327219,-0.941701749928666,-0.98899084,-1.056186,0.6881397,126.95355,111.43564,-15.03004,WAL
1834477357000,46.959969,-3.16906234515439,-9.30683848945277,-0.946637027376949,-0.9663888,-1.0974194,0.6945538,126.60677,111.71671,-15.399979,WAL
1834482313000,46.964925,-3.05625872380717,-9.55818243840759,-1.03303784324805,-0.9324858,-1.1404854,0.70096785,126.23854,111.99234,-15.764134,WAL
1834487307000,46.969919,-2.93342053176924,-9.79440954104514,-1.15587605995258,-0.8927795,-1.2024882,0.6921103,125.8548,112.25004,-16.119656,WAL
1834492375000,46.974987,-2.75312413902828,-10.0062907495022,-1.39115420083632,-0.8368854,-1.2596041,0.68752885,125.461235,112.49116,-16.459198,WAL
1834497405000,46.980017,-2.54689479006372,-10.2029274918359,-1.67891602371565,-0.77396625,-1.284955,0.6783658,125.06045,112.71118,-16.78746,WAL
1834502312000,46.984924,-2.27287847613736,-10.2968531369677,-2.04941246971578,-0.70096785,-1.2641857,0.66614854,124.681046,112.901436,-17.075287,WAL
1834507305000,46.989917,-1.95746903393152,-10.3432373271898,-2.47150453233097,-0.63255095,-1.1655309,0.6728681,124.32019,113.075874,-17.353876,WAL
1834512319000,46.994931,-1.61246796746182,-10.4390913501347,-2.83138735408723,-0.55863625,-1.0118983,0.6814202,124.01963,113.25347,-17.58241,WAL
1834517314000,46.999926,-1.2496026801577,-10.5680041288552,-3.14650714194031,-0.48075095,-0.82558435,0.66950834,123.758255,113.408516,-17.791407,WAL
1834522308000,47.00492,-0.852327034897735,-10.7270251888471,-3.36864500220123,-0.4343252,-0.6215554,0.6747007,123.627914,113.56684,-17.923773,WAL
1834527347000,47.009959,-0.427423529868843,-10.9084943543062,-3.52798388533431,-0.3848451,-0.43035457,0.6921103,123.548775,113.70571,-18.040154,WAL
1834532311000,47.014923,-0.00171302428169601,-11.0604377091364,-3.50737907897698,-0.3390302,-0.34025195,0.6963864,123.56796,113.82006,-18.074133,WAL
1834537319000,47.019931,0.437972070232316,-11.1753551096989,-3.23257594381706,-0.32345316,-0.24770586,0.6835582,123.642136,113.928185,-18.092882,WAL
1834542338000,47.02495,0.808077769423839,-11.2480806600955,-2.87601316004471,-0.31490102,-0.24281894,0.6401868,123.75741,114.01282,-18.037079,WAL
1834547323000,47.029935,1.10399924305457,-11.2771882782238,-2.43940765150899,-0.35063666,-0.32895094,0.5299256,123.86342,114.084755,-17.961168,WAL
1834552312000,47.034924,1.28793268082348,-11.3268457758292,-2.10971066252383,-0.38606682,-0.43676865,0.39706242,123.94927,114.09795,-17.83041,WAL
1834557299000,47.039911,1.36986863452154,-11.3951256580252,-1.87755887293176,-0.41508293,-0.49632803,0.2519819,124.01072,114.09142,-17.672247,WAL
1834562320000,47.044932,1.30791261128882,-11.5273235474151,-1.62089454543391,-0.4260785,-0.51007247,0.10720685,124.00406,114.01508,-17.472218,WAL
1834567315000,47.049927,1.05123318917036,-11.7445135283253,-1.33459837099371,-0.43371433,-0.50488013,0.0021380284,123.974556,113.923676,-17.25061,WAL
1834572284000,47.054896,0.720908904021656,-11.9068055893062,-1.05300923033921,-0.44898596,-0.50335294,-0.07422013,123.9007,113.79192,-17.005522,WAL
1834577365000,47.059977,0.301267473261786,-12.0140470176313,-0.768585571268685,-0.46822822,-0.5030475,-0.089491755,123.8229,113.656906,-16.753145,WAL
1834582246000,47.064858,-0.0415051979494048,-12.0561932276786,-0.550190411964286,-0.49235737,-0.49846604,-0.06658431,123.6824,113.51018,-16.539562,WAL
1834587328000,47.06994,-0.302233764491071,-12.0030817901786,-0.410169514464286,-0.49510628,-0.4914411,-0.017104227,123.5434,113.36839,-16.333582,WAL
1834592294000,47.074906,-0.464936860694538,-12.0025088718813,-0.280110304999326,-0.4428773,-0.45998153,0.030543262,123.339035,113.23662,-16.213133,WAL
1834597321000,47.079933,-0.478849568655236,-12.0859853520855,-0.159533496539447,-0.3640757,-0.45020768,0.06383542,123.13404,113.108635,-16.106125,WAL
1834602246000,47.084858,-0.458660314036944,-12.2083150442563,-0.0116904501370021,-0.25259277,-0.4569272,0.09132435,122.89847,112.98963,-16.061447,WAL
1834607301000,47.089913,-0.356193825076968,-12.431878425534,0.211872792047912,-0.14385876,-0.48349985,0.08735373,122.6609,112.85695,-16.018885,WAL
1834612286000,47.094898,-0.265209286035005,-12.664625329031,0.420626601894984,-0.045814894,-0.48288897,0.063224554,122.410736,112.697876,-15.985553,WAL
1834617313000,47.099925,-0.208720453986506,-12.9423617949545,0.590093098040481,0.062002823,-0.4596761,0.041233405,122.160225,112.51733,-15.952148,WAL
1834622283000,47.104895,-0.165404214213219,-13.2391345199509,0.742562109887457,0.18203785,-0.41905355,0.0012217305,121.884476,112.275505,-15.896731,WAL
1834627321000,47.109933,-0.180213279650092,-13.6439157071823,0.826480200626151,0.33567044,-0.40103304,-0.048258353,121.60772,112.004265,-15.832867,WAL
1834632287000,47.114899,-0.188939614743964,-14.0396113717874,0.875583269020639,0.5137377,-0.3481932,-0.06994407,121.33024,111.67766,-15.751808,WAL
1834637323000,47.119935,-0.177201687608061,-14.4293108478388,0.807503280356308,0.6160576,-0.28680122,-0.1255328,121.05604,111.32682,-15.646712,WAL
1834642353000,47.124965,-0.165477745294003,-14.8185460274533,0.739504403672118,0.8164214,-0.2275473,-0.20005837,120.77246,110.91045,-15.526721,WAL
1834647402000,47.130014,-0.153709517710767,-15.209251479118,0.671248672384151,1.0274754,-0.16310102,-0.28680122,120.50608,110.47009,-15.384786,WAL
1834652286000,47.134898,-0.131559859960662,-15.5321650623361,0.609617756405084,1.2287555,-0.087659165,-0.38453966,120.25719,109.98895,-15.21637,WAL
1834657308000,47.13992,-0.024833621863022,-15.4351412785959,0.580510601020779,1.4257594,-0.0018325958,-0.4990769,120.02656,109.46221,-15.016896,WAL
1834662298000,47.14491,0.102335473673789,-15.2916156503039,0.559572878763124,1.6313156,0.074830994,-0.59864795,119.823425,108.87504,-14.763368,WAL
1834667315000,47.149927,0.367836495220114,-14.8402635417204,0.590547992937926,1.8185458,0.13561209,-0.7086037,119.63781,108.24867,-14.476612,WAL
1834672806000,47.155418,0.653391935616438,-14.3363746087002,0.618365480490432,2.02624,0.18784106,-0.82527894,119.483345,107.57396,-14.14814,WAL
1834677360000,47.159972,0.822133231506849,-13.7845448611314,0.559078010248876,2.2385156,0.22724187,-0.91782504,119.343185,106.871,-13.800652,WAL
1834682423000,47.165035,0.987543079906756,-13.1922825761953,0.470710687666149,2.4694228,0.2284636,-0.9810496,119.225624,106.12103,-13.410824,WAL
1834687331000,47.169943,0.875825621638175,-12.878614759393,0.109777395120212,2.722321,0.21655174,-1.0308352,119.116135,105.34351,-13.006239,WAL
1834692885000,47.175497,0.749403705740927,-12.5236614068014,-0.298662602190328,2.9965994,0.23732115,-1.069625,119.04051,104.54896,-12.583379,WAL
1834697329000,47.179941,0.156721009075922,-12.3772043409978,-0.612857478724512,3.2782083,0.33292156,-1.1301007,118.983894,103.73568,-12.147233,WAL
1834702446000,47.185058,-0.542009836456257,-12.2154735432397,-0.956774407465016,3.5164459,0.4908302,-1.2275337,118.95279,102.916145,-11.696793,WAL
1834707322000,47.189934,-1.25658445058693,-12.1214506361623,-0.937969801505084,3.6551123,0.6554584,-1.3564262,119.00033,102.14112,-11.244027,WAL
1834712504000,47.195116,-2.00446520833178,-12.024926668597,-0.938051173706333,3.664886,0.7693848,-1.4697418,119.09124,101.48197,-10.86001,WAL
1834717310000,47.199922,-2.55474964956099,-11.9776365443676,-1.18739878518588,3.566842,0.8426886,-1.536326,119.21991,100.85382,-10.46117,WAL
1834722267000,47.204879,-3.12232351039604,-11.9288606089109,-1.44458066410891,3.397938,0.904386,-1.5460999,119.34111,100.38236,-10.164974,WAL
1834727327000,47.209939,-3.6985645290778,-12.0885993036766,-1.93206094523664,3.2128458,0.93859446,-1.5399913,119.47849,99.96095,-9.863641,WAL
1834732303000,47.214915,-4.26483914098111,-12.2725182474101,-2.44025619658745,3.116329,0.9978484,-1.520749,119.643814,99.598595,-9.572292,WAL
1834737318000,47.21993,-4.92766977324974,-12.5939945017574,-2.87144001681391,2.9391782,1.0250319,-1.4914275,119.80169,99.407684,-9.405465,WAL
1834742311000,47.224923,-5.5953909153605,-12.9255833929895,-3.29387570589912,2.7742445,1.0280862,-1.4773777,119.970314,80.75192,-9.244397,WAL
1834747320000,47.229932,-6.22675708069037,-13.4429956839773,-3.42763631884596,2.6141977,0.9831876,-1.4871514,120.11995,80.77443,-9.2107315,WAL
1834752248000,47.23486,-6.83948307083977,-13.9925039902112,-3.49571695620814,2.4599543,0.86284715,-1.5326608,120.24801,80.80446,-9.165858,WAL
1834757304000,47.239916,-7.19657216823751,-14.0999277619227,-3.67495559705938,2.2724187,0.7076874,-1.6392568,120.40648,80.81076,-9.148658,WAL
1834762336000,47.244948,-7.50996925438266,-14.1362634497644,-3.87026112859566,2.0470095,0.57787853,-1.7760907,120.53466,80.85009,-9.101769,WAL
1834767311000,47.249923,-7.50552492683947,-14.0580843442726,-4.19259643928721,1.8347337,0.56291234,-1.917506,120.70495,80.922646,-9.018994,WAL
1834772269000,47.254881,-7.40131116613712,-13.9439456707776,-4.55486347718436,1.6236799,0.6930266,-2.0442605,120.87348,81.03997,-8.897671,WAL
1834777353000,47.259965,-6.87226739377345,-13.4420987582395,-4.27780346226549,1.4700472,0.8216137,-2.0610592,121.08595,81.17651,-8.758015,WAL
1834782251000,47.264863,-6.28241924936619,-12.8855486692019,-3.8877427063381,1.3561208,0.8151997,-1.981036,121.28714,81.32726,-8.609553,WAL
1834787330000,47.269942,-5.7148709469345,-12.5297174280274,-4.0773510530179,1.3445144,0.74067414,-1.8032742,121.548546,81.48394,-8.458299,WAL
1834792312000,47.274924,-5.16526025466489,-12.2163029573496,-4.3589696541032,1.4816537,0.8356637,-1.6111571,121.84569,81.61165,-8.335199,WAL
1834797315000,47.279927,-4.3274197093968,-11.9130250644235,-4.01662356290521,1.6557503,1.1759156,-1.4416419,122.16523,81.73637,-8.210023,WAL
1834802246000,47.284858,-3.41667210295445,-11.617516628334,-3.4934281240357,1.8005253,1.4309518,-1.2950343,122.48084,81.80819,-8.134537,WAL
1834807300000,47.289912,-2.67567299786988,-11.4989334651566,-2.56144269825542,1.9159788,1.5577064,-1.1585059,122.88479,81.89798,-8.03919,WAL
1834812326000,47.294938,-1.98441313795663,-11.4247041683855,-1.54079042475181,2.0280726,1.520749,-1.1120802,123.30845,81.96604,-7.9610224,WAL
1834817315000,47.299927,-1.54229382371491,-11.2474567353697,-0.776028012441281,2.0491474,1.3170254,-1.1090258,123.65153,82.05862,-7.8550158,WAL
1834822299000,47.304911,-1.18369940861012,-11.0351307480229,-0.0965860038434164,2.0265455,1.1169671,-1.169807,123.98092,82.15239,-7.743921,WAL
1834827330000,47.309942,-1.01026088922256,-10.9168006875432,0.171111037102835,2.0124955,1.0552697,-1.2757921,124.24154,82.31229,-7.5346994,WAL
1834832316000,47.314928,-0.911204342941816,-10.8366124301097,0.274884535415193,2.0018053,1.0415252,-1.3246613,124.45668,82.458755,-7.3299136,WAL
1834837331000,47.319943,-0.77881239948011,-10.7462448416699,0.230592082812131,1.9981402,1.144456,-1.3677273,124.69869,82.64554,-7.032158,WAL
1834842361000,47.324973,-0.631775059109886,-10.6513820925561,0.121499842087436,1.9422461,1.273654,-1.3408492,124.94293,82.79978,-6.750477,WAL
1834847316000,47.329928,-0.43074701334136,-10.4554375891832,0.0330780312502315,1.8640553,1.3096951,-1.2684617,125.197464,82.93492,-6.4535513,WAL
1834852309000,47.334921,-0.200474375617707,-10.2074513059826,-0.0466317226264123,1.781894,1.3154984,-1.196685,125.47791,83.03863,-6.174889,WAL
1834857301000,47.339913,-0.0557344706767868,-9.81534216192283,-0.555733430499684,1.6841555,1.3249667,-1.1368202,125.78745,83.13192,-5.8956485,WAL
1834862326000,47.344938,0.00514276335230867,-9.27759352972802,-1.49425745864643,1.6206255,1.4291192,-1.0577132,126.121605,83.18592,-5.652468,WAL
1834867311000,47.349923,-0.112561390538244,-8.80431373229462,-2.36419614008499,1.5836681,1.7611245,-0.9221011,126.53853,83.2267,-5.415767,WAL
1834872291000,47.354903,-0.34417206087414,-8.37004352387697,-3.19413435194253,1.625207,2.0702224,-0.8029824,126.97416,83.23231,-5.206173,WAL
1834877335000,47.359947,-0.622755806865273,-7.97774492330755,-3.88580416289506,1.6569719,2.2947154,-0.7107417,127.48311,83.295204,-5.052473,WAL
1834882318000,47.36493,-0.923491156994176,-7.61777401199274,-4.4827182705433,1.6566665,2.5008824,-0.6432411,128.06798,83.33726,-4.9321084,WAL
1834887312000,47.369924,-1.12445459838565,-7.26134957955157,-4.8159828929148,1.668273,2.660929,-0.5852089,128.82776,83.36816,-4.8054466,WAL
1834892416000,47.375028,-1.24135750955655,-6.90089904697559,-4.92314385243647,1.7030923,2.7864618,-0.52778757,129.62646,83.38349,-4.701343,WAL
1834897391000,47.380003,-1.27585682627071,-6.5792412595606,-4.89502321124558,1.7217237,2.8420506,-0.4792238,130.52397,83.39718,-4.6297474,WAL
1834902311000,47.384923,-1.24515253619438,-6.28535745803388,-4.75904731811581,1.7143933,2.8515189,-0.45081854,131.4357,83.40644,-4.5702143,WAL
1834907290000,47.389902,-1.23046730041133,-5.97988962153324,-4.50009544907193,1.709201,2.8108964,-0.419359,132.36122,83.39289,-4.5356297,WAL
1834912324000,47.394936,-1.24286115387424,-5.65764925031621,-4.03656496719626,1.6978999,2.7204883,-0.4156938,133.26855,83.3875,-4.499936,WAL
1834917310000,47.399922,-1.25513682995013,-5.33848149288909,-3.57745432305003,1.6618589,2.5995371,-0.43279803,134.14932,83.36881,-4.462585,WAL
1834922293000,47.404905,-1.26740511993933,-5.01950577382385,-3.11861991876189,1.6013832,2.5189028,-0.44043383,135.00977,83.36046,-4.42761,WAL
1834927364000,47.409976,-1.3336327468129,-4.69428371587097,-2.67394097326452,1.505172,2.3542747,-0.4804455,135.81425,83.37681,-4.3718495,WAL
1834932318000,47.41493,-1.45198642763871,-4.3759530996129,-2.26174362699355,1.4388931,2.2220223,-0.4868596,136.59883,83.39988,-4.3217945,WAL
1834937329000,47.419941,-1.57209116252487,-4.04291356772054,-1.82738096878178,1.3151928,2.0769417,-0.50426924,137.27025,83.36337,-4.263779,WAL
1834942345000,47.424957,-1.69422876632766,-3.65525938810524,-1.30696841808534,1.1572843,1.9468275,-0.5170974,137.90385,83.3524,-4.202751,WAL
1834947250000,47.429862,-1.81057494379122,-3.32228394169964,-0.85868245153665,0.98899084,1.8438967,-0.52290064,138.48856,83.28719,-4.1595564,WAL
1834952312000,47.434924,-1.92475857412851,-3.06651263263614,-0.511564252510835,0.8167268,1.7614299,-0.52473325,139.0385,83.26179,-4.1119657,WAL
1834957262000,47.439874,-2.03777136581532,-2.84862020766208,-0.171291249508841,0.6435465,1.6985108,-0.5161811,139.5313,83.20341,-4.08462,WAL
1834962324000,47.444936,-2.1580761213525,-2.73834089203805,0.17959756148692,0.4728097,1.6615535,-0.4978552,140.00427,83.18415,-4.058938,WAL
1834967269000,47.449881,-2.26804052486906,-2.69077340969932,0.497169107022308,0.30848694,1.6468927,-0.4792238,140.45782,83.12565,-4.0586734,WAL
1834972294000,47.454906,-2.36139352244423,-2.78879405227934,0.758557422250243,0.160963,1.6465873,-0.46120325,140.90096,83.10056,-4.0638704,WAL
1834977391000,47.460003,-2.42030233145842,-2.98309074093009,1.05411344520892,0.032986723,1.6389514,-0.43401974,141.31482,83.04326,-4.094324,WAL
1834982317000,47.464929,-2.37291852591402,-3.44745238160908,1.42844575639815,-0.09193522,1.6209309,-0.4083634,141.7211,83.01679,-4.1299434,WAL
1834987364000,47.469976,-2.29835700334817,-3.82502274760463,1.73179536040962,-0.21685717,1.5717562,-0.38912117,142.0964,82.96588,-4.1801863,WAL
1834992362000,47.474974,-2.14917876441674,-3.91452949513802,1.79999108990205,-0.33353242,1.4853189,-0.3640757,142.45009,82.93609,-4.2380877,WAL
1834997623000,47.480235,-1.9909422828944,-4.0036225814532,1.86178396076177,-0.45204028,1.368949,-0.34147367,142.71855,82.895424,-4.250218,WAL
1835002300000,47.484912,-1.83340433653599,-4.01130743369649,1.77725142864373,-0.56596667,1.2516629,-0.31520647,142.95609,82.87568,-4.268281,WAL
1835007300000,47.489912,-1.66498660470104,-4.01952301231878,1.68688096454491,-0.6914995,1.1334605,-0.301462,143.13518,82.882805,-4.230909,WAL
1835012308000,47.49492,-1.48475165330616,-3.96814135734314,1.51990220414637,-0.82253003,1.0103711,-0.3051272,143.27669,82.91546,-4.1944346,WAL
1835017292000,47.499904,-1.29965658781943,-3.88745893610421,1.31582298998707,-0.9447031,0.8924741,-0.2874121,143.38329,82.96793,-4.166578,WAL
1835022349000,47.504961,-1.15640869452544,-3.86893312073788,1.08698608905088,-1.0571023,0.8512407,-0.27885997,143.4835,83.0651,-4.080735,WAL
1835027362000,47.509974,-1.03737532523059,-3.88321711312109,0.848919350461172,-1.162782,0.7626653,-0.27122417,143.53813,83.18373,-3.9987507,WAL
1835032327000,47.514939,-0.993047790462125,-3.8999440381515,0.716162619435922,-1.2089024,0.68569624,-0.25809056,143.62242,83.33424,-3.890083,WAL
1835037348000,47.51996,-0.988466074140067,-3.91827090343973,0.638273413255836,-1.2990049,0.6209445,-0.2406809,143.68755,83.5144,-3.7861485,WAL
1835042367000,47.524979,-1.04799769165434,-4.0076731652229,0.662126020397211,-1.4022411,0.5448918,-0.21777347,143.78282,83.73459,-3.6876066,WAL
1835047385000,47.529997,-1.15968598833721,-4.15489871950137,0.768737538732305,-1.4758505,0.47219884,-0.20280726,143.86188,83.963104,-3.5914853,WAL
1835052313000,47.534925,-1.31233651039529,-4.31945391783542,0.92559692890726,-1.5540411,0.38759398,-0.19792034,143.94722,84.21075,-3.5148232,WAL
1835057313000,47.539925,-1.48978586425314,-4.49690312916192,1.11214631127138,-1.6264287,0.2929099,-0.18173242,144.00899,84.46306,-3.443968,WAL
1835062318000,47.54493,-1.7204969092623,-4.92034345204918,1.36841583409836,-1.704925,0.22785273,-0.13897185,144.05818,84.68355,-3.4054894,WAL
1835067315000,47.549927,-1.99507658099385,-5.54795410835041,1.68222108545082,-1.7666223,0.16523905,-0.103847094,144.08154,84.90632,-3.3680012,WAL
1835072333000,47.554945,-2.32365935000463,-6.25821597434996,1.95804895839734,-1.8319849,0.0842994,-0.055283304,144.07547,85.060135,-3.3870635,WAL
1835077331000,47.559943,-2.68684246315351,-7.02001467693162,2.20607652362358,-1.8732183,0.09896017,0.0290161,144.0773,85.196846,-3.4272554,WAL
1835082319000,47.564931,-2.92313833262169,-8.02982528304868,2.69110736571307,-1.8442022,0.160963,0.13469578,144.05435,85.21609,-3.5384324,WAL
1835087323000,47.569935,-2.99475578573868,-9.37009572429547,3.48913094888984,-1.7614299,0.24678956,0.25686884,144.039,85.202034,-3.6778672,WAL
1835092406000,47.575018,-2.67909672716734,-11.1435515371049,4.61939122049936,-1.5580118,0.3463606,0.37048978,144.00505,85.05159,-3.9170086,WAL
1835097394000,47.580006,-2.07801905480036,-13.1928950341821,5.968266264946,-1.246776,0.4560109,0.43890667,143.99399,84.84705,-4.1744103,WAL
1835102311000,47.584923,-1.28730595949809,-14.8044056877629,7.49429524369981,-0.77488256,0.47708577,0.41416663,143.96353,84.475204,-4.4344273,WAL
1835107321000,47.589933,-0.314866372452199,-16.1025215940727,9.21441250249522,-0.22876903,0.29077184,0.2968805,143.89868,84.06034,-4.6762924,WAL
1835112317000,47.594929,0.624175155285641,-17.1302890586722,10.348599688317,0.3323107,0.051923547,0.14110987,143.8057,83.567055,-4.8155503,WAL
1835117312000,47.599924,1.52525755073083,-17.8294887987648,10.767134928667,0.8585711,-0.04153884,-0.06414085,143.70682,83.02092,-4.899756,WAL
1835122289000,47.604901,2.39270314979111,-18.3379226748956,10.4870503410558,1.2815952,0.019547688,-0.21960606,143.56453,82.37491,-4.845321,WAL
1835127339000,47.609951,3.24222189836688,-18.6639545491834,9.49977198461831,1.4520267,0.42180246,-0.269697,143.50696,81.67527,-4.772387,WAL
1835132248000,47.61486,3.49084990128957,-18.4951019161782,8.66412462221571,1.72264,1.0216721,-0.269697,143.57951,80.9339,-4.563191,WAL
1835137334000,47.619946,2.81990653028527,-17.5386506981243,7.99793961264166,1.8805487,1.5057828,-0.21624629,143.74046,80.16382,-4.380498,WAL
1835142302000,47.624914,2.07013530005345,-16.1653776987366,7.38243444314869,1.8451185,1.7953329,-0.19730948,144.14697,79.58733,-4.071289,WAL
1835147411000,47.630023,1.11915554805637,-13.9163105004859,6.81660152186589,1.6762142,1.9456058,-0.19853121,144.64502,78.992744,-3.8089063,WAL
1835152276000,47.634888,0.264392104198586,-11.7184111697113,6.30694506511491,1.4043792,1.9788979,-0.19211712,145.16748,78.43925,-3.668332,WAL
1835157314000,47.639926,-0.493776500957572,-9.30174857532901,5.85204394655274,1.1114693,1.9312505,-0.18173242,145.70236,77.947754,-3.5422173,WAL
1835162266000,47.644878,-1.16139922397867,-7.08486684471955,5.37905361019903,0.8008443,1.8261817,-0.15241088,146.15092,77.48418,-3.5690668,WAL
1835167315000,47.649927,-1.60344439078183,-5.31208163952005,4.81728790743739,0.5174029,1.6743816,-0.08735373,146.56317,77.10267,-3.604053,WAL
1835172283000,47.654895,-2.03915535901639,-3.72368516671921,4.26193867758512,0.24831672,1.5192219,-0.010079277,146.86281,76.751785,-3.7732115,WAL
1835177330000,47.659942,-2.48612926229508,-3.00243158171501,3.68290410037831,0.011911872,1.3435981,0.08124508,147.10092,76.47005,-3.9517992,WAL
1835182293000,47.664905,-2.96319745144831,-2.48659191618705,3.18624994008898,-0.21838433,1.1636983,0.19730948,147.21988,76.26685,-4.2252,WAL
1835187343000,47.669955,-3.56292639739682,-2.55068513561151,2.90240881977471,-0.46670106,0.91751957,0.32925636,147.25352,76.121574,-4.5093927,WAL
1835192356000,47.674968,-4.14625290806807,-2.70162970914915,2.65097132722723,-0.7254025,0.6203337,0.4605924,147.23627,76.01797,-4.874991,WAL
1835197326000,47.679938,-4.65604769795796,-3.34959318552553,2.57474028318318,-1.0146471,0.23457226,0.58184916,147.11026,75.96409,-5.250612,WAL
1835202282000,47.684894,-5.10755396715864,-4.07298010167139,2.52308553405337,-1.3408492,-0.23854288,0.65057147,146.87268,75.91674,-5.7020664,WAL
1835207301000,47.689913,-5.20151562227544,-5.29917733395563,2.6264431339263,-1.6557503,-0.8738427,0.66950834,146.474,75.91017,-6.1401534,WAL
1835212314000,47.694926,-5.29025884838197,-6.53902790563973,2.69449967783389,-1.9498819,-1.5567901,0.66156703,145.91391,75.93575,-6.623031,WAL
1835217315000,47.699927,-5.33057326019454,-7.91867962255892,2.43021591133558,-2.1875083,-2.2201898,0.66248333,145.17863,75.98802,-7.0798283,WAL
1835222820000,47.705432,-5.44379522876006,-9.56466116082113,2.02799906129565,-2.346639,-2.7678304,0.7162395,144.29283,76.087875,-7.5072885,WAL
1835227354000,47.709966,-6.54567527926553,-12.7851963456777,0.0661149982050755,-2.42147,-2.9901853,0.7464773,143.31775,76.18691,-7.9140396,WAL
1835232579000,47.715191,-7.71414639842977,-16.2925884186721,-2.0670700974569,-2.4239132,-3.3099732,0.795652,142.22603,76.348,-8.273963,WAL
1835237322000,47.719934,-7.52420645081072,-16.9593166805769,-2.42756853555214,-2.3344216,-3.4052682,0.82863873,141.1435,76.456406,-8.643517,WAL
1835242318000,47.72493,-7.32413477079706,-17.6616094059567,-2.80729659726916,-2.1276436,-3.2824843,0.85154617,140.19643,76.75493,-9.033544,WAL
1835247407000,47.730019,-6.16535828834911,-18.1834504639769,-2.41091878773158,-1.8252654,-2.9294043,0.79504114,139.29597,76.957405,-9.41738,WAL
1835252287000,47.734899,-4.62613014508028,-18.5971183602305,-1.6797852941128,-1.4636332,-2.4938574,0.6743952,138.46312,77.0602,-9.796471,WAL
1835257309000,47.739921,-3.29954181424281,-18.0519279181281,-0.847580308334464,-1.1236867,-2.0735822,0.5103779,137.79753,77.19347,-10.086103,WAL
1835262297000,47.744909,-2.0776595670187,-17.1494014889061,0.00866284536769699,-0.8304713,-1.676825,0.3182608,137.25916,77.265945,-10.347451,WAL
1835267282000,47.749894,-1.25846874648956,-15.6598606944972,0.489761895370019,-0.6246097,-1.3665055,0.17073683,136.89029,77.417404,-10.387152,WAL
1835272301000,47.754913,-0.639222441296315,-13.8597258940378,0.78258376877659,-0.5018258,-1.1307116,0.031154128,136.6221,77.561295,-10.390363,WAL
1835277328000,47.75994,-0.281099185347891,-12.0586323673347,0.775847381633264,-0.47219884,-0.97066486,-0.053145275,136.485,77.70246,-10.27597,WAL
1835282327000,47.764939,-0.0567398813209692,-10.2685312907568,0.618318518795493,-0.48808134,-0.84391034,-0.12980886,136.4133,77.85689,-10.137852,WAL
1835287315000,47.769927,0.0793744429321421,-8.64875240121462,0.184689507902028,-0.57910025,-0.83077675,-0.17654006,136.34506,78.02033,-9.965277,WAL
1835292289000,47.774901,0.170226248545874,-7.11861663889781,-0.389111391732584,-0.71868294,-0.9056077,-0.17012598,136.291,78.195694,-9.793127,WAL
1835297276000,47.779888,0.111493760863922,-5.74703746645711,-1.16030848049483,-0.91324353,-1.069625,-0.12736541,136.21109,78.37895,-9.635294,WAL
1835302200000,47.784812,-0.0223912021415534,-4.47513027047252,-2.02099744778747,-1.1242975,-1.2638801,-0.013439035,136.10156,78.56494,-9.500118,WAL
1835307219000,47.789831,-0.353639063581599,-3.46168501478642,-2.80714761182913,-1.3662001,-1.450805,0.11728613,135.9346,78.79551,-9.389234,WAL
1835312236000,47.794848,-0.779425054679877,-2.58619253808623,-3.54868503955989,-1.5906931,-1.6554449,0.2443461,135.70903,79.0217,-9.305909,WAL
1835317229000,47.799841,-1.20547985277943,-2.00279024091721,-4.12620625026802,-1.8063285,-1.779756,0.34208453,135.3641,79.32318,-9.261502,WAL
1835322224000,47.804836,-1.63284273611773,-1.56118196366885,-4.62479635107207,-1.9254472,-2.0665572,0.3811799,134.91441,79.60434,-9.230355,WAL
1835327234000,47.809846,-2.0269980089647,-1.26160747788576,-5.11833892281833,-2.1471913,-2.3942864,0.45875978,134.39581,79.84254,-9.303348,WAL
1835332229000,47.814841,-2.40175556172154,-1.03865047163824,-5.60694695975803,-2.3273966,-2.674979,0.5299256,133.80948,80.028496,-9.388889,WAL
1835337276000,47.819888,-2.6863443742488,-1.06980631052168,-6.0601598131154,-2.4721715,-2.9220738,0.61544675,133.13222,80.09743,-9.570444,WAL
1835342268000,47.82488,-2.91562536585103,-1.24293685420378,-6.48596739686796,-2.5393667,-3.1316006,0.6914995,132.38715,80.072495,-9.779474,WAL
1835347231000,47.829843,-2.99686128591511,-1.62995839407948,-6.78920894214653,-2.5314255,-3.2366695,0.75136423,131.6058,79.891754,-10.076581,WAL
1835352309000,47.834921,-2.97933182124899,-2.17337070048662,-7.01709157096513,-2.4217753,-3.1902437,0.8216137,130.81285,100.41404,-10.413581,WAL
1835357289000,47.839901,-2.91389514246343,-2.87218320150519,-7.13622363854145,-2.2406538,-3.0271428,0.8741482,130.04239,100.84993,-10.800811,WAL
1835362327000,47.844939,-2.77069584004664,-3.84389319228323,-7.09019488128047,-1.9953914,-2.8008173,0.9239337,129.31197,101.38408,-11.220767,WAL
1835367312000,47.849924,-2.56995057586377,-4.81345742688257,-6.97024556831381,-1.7171422,-2.5256224,0.9691377,128.67421,101.96617,-11.634286,WAL
1835372295000,47.854907,-2.31159176230928,-5.79052356657151,-6.77765107323556,-1.4822645,-2.235767,1.0488557,128.11671,102.611664,-12.077639,WAL
1835377362000,47.859974,-2.13900334130457,-6.95851904182881,-6.31174343219075,-1.2492194,-1.9617938,1.1297953,127.65916,103.22547,-12.476724,WAL
1835382331000,47.864943,-2.067039657284,-8.29224508061296,-5.56332165941123,-1.0763446,-1.7806722,1.1979067,127.26872,103.866745,-12.894222,WAL
1835387350000,47.869962,-2.03257356596934,-9.76142336315434,-4.87640716298082,-0.9486737,-1.6581937,1.2675453,126.9655,104.428795,-13.243318,WAL
1835392342000,47.874954,-2.03718239519907,-11.3468619656801,-4.26343234605225,-0.8542951,-1.5210545,1.3060299,126.72689,104.994095,-13.596876,WAL
1835397314000,47.879926,-1.94133567571851,-12.7889310304593,-3.85049634232789,-0.81061816,-1.2986995,1.2886202,126.54119,105.425316,-13.885234,WAL
1835402314000,47.884926,-1.70358441056049,-14.0462694244247,-3.71333211049365,-0.8378017,-0.9957104,1.2425,126.42377,105.8519,-14.164634,WAL
1835407297000,47.889909,-1.31515152811389,-15.0148683773252,-3.74126223703627,-0.9462303,-0.593761,1.1795808,126.405266,106.0976,-14.331768,WAL
1835412327000,47.894939,-0.594308422180193,-15.3752903798192,-4.12671297173439,-1.1114693,-0.11636983,1.1145236,126.496475,106.33907,-14.469638,WAL
1835417280000,47.899892,0.107574382960289,-15.4095787838814,-4.3901103637428,-1.2904528,0.15577064,1.0601566,126.674835,106.42836,-14.462428,WAL
1835422295000,47.904907,0.805801064909747,-14.9409701181579,-4.47445988442775,-1.3674219,0.68325275,1.0183123,127.06188,106.522934,-14.420881,WAL
1835427347000,47.909959,1.37009129802143,-14.3815059793899,-4.17549557749382,-1.5063937,1.128879,0.915687,127.543945,106.53411,-14.197845,WAL
1835432311000,47.914923,1.66892634880462,-13.6711603417148,-3.17611285515251,-1.6762142,1.3243558,0.73273283,128.09325,106.55571,-13.945622,WAL
1835437267000,47.919879,1.91891399657406,-12.9976578553058,-2.24550131015019,-1.8924606,1.1896601,0.47433686,128.69084,106.51801,-13.5451,WAL
1835442340000,47.924952,2.10014100797094,-12.3633630415235,-1.39659588813193,-2.112372,0.81183994,0.18784106,129.25484,106.4974,-13.107541,WAL
1835447247000,47.929859,2.18711846812494,-11.7213392856613,-0.632812188195384,-2.228131,0.26908615,-0.037873644,129.66646,106.41534,-12.646639,WAL
1835452315000,47.934927,2.11514103073501,-11.0060645291501,0.0509730630345723,-2.2275202,-0.39950588,-0.19211712,129.92197,106.341354,-12.172471,WAL
1835457264000,47.939876,1.95767295992013,-10.3640138301807,0.598232427286675,-2.0977113,-1.0680978,-0.32375857,129.91496,106.30498,-11.750606,WAL
1835462329000,47.944941,1.44283912942413,-9.93583503867171,0.669595520172341,-1.8832976,-1.5864171,-0.44623706,129.75731,106.24503,-11.330666,WAL
1835467263000,47.949875,0.881222265606133,-9.60581304216579,0.616389341399137,-1.6465873,-1.921782,-0.54428095,129.39838,106.15472,-10.983375,WAL
1835472312000,47.954924,0.162989275771921,-9.47606753195975,0.268857260469574,-1.4089607,-2.0360138,-0.63407815,128.95628,106.00865,-10.630327,WAL
1835477377000,47.959989,-0.543376447896156,-9.33357896045931,-0.0554144748527209,-1.1911873,-1.9819523,-0.67103547,128.42711,105.89198,-10.378205,WAL
1835482333000,47.964945,-1.18790175876186,-9.15349083624563,-0.292372315551673,-1.0253373,-1.8445076,-0.66920286,127.893974,105.731384,-10.12069,WAL
1835487359000,47.969971,-1.79053276200857,-8.93944308459102,-0.487881839426123,-0.9221011,-1.6930131,-0.6087272,127.389565,105.625725,-9.97759,WAL
1835492344000,47.974956,-2.21305340198435,-8.61921697596423,-0.527910103004472,-0.8686504,-1.5809193,-0.48838675,126.92387,105.509865,-9.852412,WAL
1835497341000,47.979953,-2.61911384741361,-8.29879735136295,-0.579638336971453,-0.852157,-1.5149459,-0.3387248,126.51581,105.45658,-9.857158,WAL
1835502316000,47.984928,-2.8083014901481,-7.98689346909208,-0.773939183048938,-0.86193085,-1.4340062,-0.16890424,126.156075,105.42518,-9.896416,WAL
1835507305000,47.989917,-2.95529404745438,-7.73215111603992,-0.978190803987297,-0.8762862,-1.3087788,0.0009162979,125.786064,105.49986,-10.053241,WAL
1835512332000,47.994944,-2.93587971162416,-7.70302958695433,-1.22086949505999,-0.9294315,-1.1410962,0.13805555,125.461334,105.60698,-10.238135,WAL
1835517335000,47.999947,-2.85084375702559,-7.69942707538387,-1.43184859025592,-0.96883225,-1.0479393,0.25442538,125.13689,105.7912,-10.478294,WAL
1835522298000,48.00491,-2.54331221690005,-7.78204753350072,-1.53741914900048,-0.97249746,-0.88453287,0.3036,124.88615,105.98659,-10.719589,WAL
1835527370000,48.009982,-2.21540716862652,-7.86839914006995,-1.6067661613196,-0.9691377,-0.7651087,0.38362336,124.654274,106.25875,-10.993464,WAL
1835532321000,48.014933,-1.8254757405993,-7.9625202755648,-1.47678904984403,-0.93431836,-0.70707655,0.45265114,124.45577,106.52498,-11.266497,WAL
1835537537000,48.020149,-1.39802386544663,-8.06814646104713,-1.33479818729798,-0.8940013,-0.6908886,0.4813618,124.32092,106.77449,-11.497866,WAL
1835542341000,48.024953,-0.819207669971935,-8.23733950082261,-1.14779601331172,-0.8454375,-0.7101309,0.49754974,124.19702,107.017525,-11.736605,WAL
1835547705000,48.030317,-0.20145470799756,-8.41949498886686,-0.955167056908647,-0.8045095,-0.74189585,0.49693888,124.10742,107.19127,-11.916448,WAL
1835552314000,48.034926,-0.208186369111891,-8.4486654063342,-1.09428808529307,-0.77213365,-0.78984874,0.47555858,124.00702,107.34973,-12.091103,WAL
1835557308000,48.03992,-0.215480340820497,-8.48027249351838,-1.24503020196736,-0.7464773,-0.84513205,0.45081854,123.86094,107.4694,-12.174896,WAL
1835562331000,48.044943,-0.222816668392049,-8.51206312205785,-1.39664767334401,-0.7425067,-0.88697636,0.42455134,123.705025,107.57843,-12.252747,WAL
1835567501000,48.050113,-0.245446823543839,-8.54284399526844,-1.55049770018347,-0.7495316,-0.9288206,0.40500367,123.52684,107.69031,-12.335077,WAL
1835572298000,48.05491,-0.453942128891464,-8.54728015488606,-1.66583548787177,-0.75625116,-0.9691377,0.38423425,123.337,107.79217,-12.410873,WAL
1835577710000,48.060322,-0.689283309587313,-8.54824723067219,-1.79104584121463,-0.80756384,-1.0134255,0.36774087,123.157265,107.93005,-12.479068,WAL
1835582312000,48.064924,-0.891814932798702,-8.46485184177329,-1.79501704626059,-0.86101454,-1.0732902,0.35705075,122.96293,108.0631,-12.545856,WAL
1835587388000,48.07,-1.11520704914399,-8.37286683654713,-1.79939728024869,-0.9285152,-1.1181889,0.3555236,122.76683,108.22832,-12.642873,WAL
1835592339000,48.074951,-1.37040726216128,-8.33931979655322,-1.8276369400607,-1.0067059,-1.1633929,0.3659083,122.55659,108.40199,-12.74271,WAL
1835597251000,48.079863,-1.63554340315413,-8.32402317049642,-1.86332832215478,-1.0961977,-1.1939361,0.39584067,122.342094,108.59031,-12.848206,WAL
1835602315000,48.084927,-1.86297865127645,-8.30087390513559,-1.89739687744114,-1.1676689,-1.2012665,0.42119157,122.10256,108.82596,-13.005272,WAL
1835607275000,48.089887,-2.08002888193106,-8.27728151018178,-1.93042627964637,-1.2315043,-1.1774428,0.46089783,121.86995,109.079254,-13.171404,WAL
1835612328000,48.09494,-2.25888999160791,-8.32080319435892,-1.91340490764723,-1.2770138,-1.1438452,0.5164866,121.62732,109.37281,-13.386165,WAL
1835617249000,48.099861,-2.42738617523091,-8.37228822216705,-1.89000261783693,-1.3029755,-1.1114693,0.54092115,121.395744,109.66635,-13.596234,WAL
1835622300000,48.104912,-2.55533961680092,-8.4674328872267,-1.79491655947449,-1.3096951,-1.0516045,0.593761,121.18607,109.98661,-13.852003,WAL
1835627346000,48.109958,-2.67582665765247,-8.56938357192175,-1.6883319067127,-1.3136657,-1.0036516,0.63041294,120.98625,110.30094,-14.100884,WAL
1835632318000,48.11493,-2.78520062647334,-8.73482030944808,-1.49728225739944,-1.3017539,-0.9419542,0.6792821,120.7732,110.649216,-14.384927,WAL
1835637244000,48.119856,-2.89111354331151,-8.91575473171188,-1.28545656196445,-1.2965615,-0.91354895,0.7089091,120.56912,110.99013,-14.664176,WAL
1835642332000,48.124944,-2.92382872268836,-9.13988983732877,-1.02981013527397,-1.2831224,-0.90316427,0.74067414,120.3522,111.330246,-14.96853,WAL
1835647284000,48.129896,-2.91367791763699,-9.37843272260274,-0.760814993835616,-1.2611313,-0.91446525,0.77091193,120.14213,111.66062,-15.270878,WAL
1835652316000,48.134928,-2.82491665552261,-9.70282448109711,-0.564271993387695,-1.2363913,-0.9236283,0.79443026,119.896515,111.9741,-15.599526,WAL
1835657329000,48.139941,-2.71370339916605,-10.0498093652706,-0.390779337626019,-1.180497,-0.9379836,0.8249735,119.65115,112.2724,-15.928912,WAL
1835662323000,48.144935,-2.48127141854736,-10.5296842319753,-0.29065752012052,-1.0876455,-0.9605856,0.8472701,119.35542,112.54478,-16.270092,WAL
1835667313000,48.149925,-2.17545919403797,-11.0903402164036,-0.234591926999787,-0.97066486,-0.9947941,0.86498517,119.05576,112.79731,-16.610413,WAL
1835672293000,48.154905,-1.7889943,-11.4963724146341,-0.353407534146341,-0.8219192,-1.0277808,0.8579602,118.717674,113.00285,-16.937311,WAL
1835677434000,48.160046,-1.36116527530364,-11.8609996291103,-0.538151879489484,-0.6597345,-1.0238101,0.84391034,118.382195,113.1794,-17.257603,WAL
1835682339000,48.164951,-0.921575931974921,-12.0013082960958,-0.80837367399259,-0.47952923,-1.0027353,0.8127562,118.0391,113.28753,-17.524406,WAL
1835687390000,48.170002,-0.457472423615465,-12.0702345098319,-1.1208393969773,-0.31429017,-0.9077458,0.7620544,117.71657,113.3582,-17.768234,WAL
1835692340000,48.174952,0.018561244185567,-12.0740963068041,-1.4525725663299,-0.18936823,-0.77640975,0.6814202,117.44892,113.368164,-17.91563,WAL
1835697320000,48.179932,0.510236490164948,-12.0396788593814,-1.80166199251546,-0.09621128,-0.60139686,0.6075055,117.21849,113.34353,-18.035814,WAL
1835702311000,48.184923,0.956736664875838,-11.9309849443867,-2.00675294468889,-0.04917465,-0.43066,0.5345071,117.090294,113.279,-18.043818,WAL
1835707297000,48.189909,1.3805395090643,-11.7867120143518,-2.14200917556416,-0.008246681,-0.29657507,0.45540005,116.99558,113.181595,-18.019045,WAL
1835712325000,48.194937,1.64555389663596,-11.6202837412895,-2.11967683828594,-0.009468411,-0.2660318,0.3820962,116.988365,113.06733,-17.898577,WAL
1835717310000,48.199922,1.77938757114537,-11.4386521618943,-1.97150385220264,-0.03940081,-0.25259277,0.33292156,117.00889,112.94056,-17.7574,WAL
1835722282000,48.204894,1.74527251906319,-11.3207032281043,-1.82399450752983,-0.06566802,-0.31337386,0.19394971,117.05177,112.767555,-17.520227,WAL
1835727524000,48.210136,1.56780323080866,-11.2497154757402,-1.66870886293416,-0.1414153,-0.38759398,0.05681047,117.08831,112.60213,-17.274837,WAL
1835732358000,48.21497,1.315545997762,-11.2578856500953,-1.5200995142387,-0.20861048,-0.42302418,-0.06352998,117.09559,112.4091,-17.000391,WAL
1835737420000,48.220032,0.849494102539408,-11.434229666378,-1.35215291139789,-0.25961772,-0.4184427,-0.15515977,117.08264,112.20808,-16.704094,WAL
1835742717000,48.225329,0.352868196698852,-11.612959292611,-1.17024224025816,-0.3109304,-0.3866777,-0.20250183,117.02154,112.018936,-16.432426,WAL
1835747315000,48.229927,-0.193139270222584,-11.6935175237321,-0.933042266846224,-0.33292156,-0.31795537,-0.19730948,116.96831,111.830284,-16.152647,WAL
1835752575000,48.235187,-0.800914943443825,-11.7910742833676,-0.668682502135524,-0.34300083,-0.24465153,-0.14966199,116.85812,111.67462,-15.955059,WAL
1835757304000,48.239916,-1.13746936984453,-11.9460663682409,-0.51811865156742,-0.30451632,-0.13988814,-0.07941248,116.778725,111.52334,-15.762642,WAL
1835762659000,48.245271,-1.49899924611011,-12.141286657491,-0.342852284807762,-0.23518312,-0.051618114,-0.026267206,116.644035,111.40018,-15.670835,WAL
1835767313000,48.249925,-1.3984341607852,-12.7285874345668,-0.0894281950225632,-0.1133155,0.020158553,-0.008552114,116.53808,111.2691,-15.584406,WAL
1835772293000,48.254905,-1.29082476565884,-13.3570270284296,0.181747560699458,0.024129177,0.06383542,-0.021991149,116.39474,111.1512,-15.564058,WAL
1835777321000,48.259933,-1.15276305573762,-13.7849229919075,0.325681712522744,0.18142697,0.08582657,-0.05131268,116.26702,111.00942,-15.540718,WAL
1835782254000,48.264866,-1.00791331501885,-14.1387360011561,0.425414334422217,0.33933565,0.119729586,-0.07941248,116.15555,110.84253,-15.510278,WAL
1835787334000,48.269946,-0.858747151862277,-14.5030923942197,0.528118919715004,0.5366451,0.14813483,-0.13744467,116.001,110.5713,-15.441668,WAL
1835792333000,48.274945,-0.711959425559186,-14.8616391676301,0.62918589252576,0.7504479,0.15577064,-0.20219639,115.850296,110.26857,-15.363377,WAL
1835797392000,48.280004,-0.542816695120091,-15.1631551560664,0.565022733398619,0.96486163,0.16065755,-0.26083946,115.70297,109.93103,-15.271707,WAL
1835802249000,48.284861,-0.374997977583754,-15.4364604135656,0.45953666406556,1.1731668,0.16676621,-0.34697145,115.55489,109.54711,-15.155299,WAL
1835807310000,48.289922,-0.171596519637149,-15.5045196522678,0.297480846064795,1.3759739,0.18967366,-0.45020768,115.39503,109.05139,-14.9639015,WAL
1835812321000,48.294933,0.0357010091584186,-15.5270519768053,0.126235063821767,1.5546521,0.19883664,-0.5699373,115.23128,108.518364,-14.748264,WAL
1835817311000,48.299923,0.303901850249523,-15.2608537341665,0.0227867539415378,1.7369953,0.23335053,-0.6386596,115.1044,107.93899,-14.486568,WAL
1835822272000,48.304884,0.595748010109299,-14.8784342978183,-0.0526906965926711,1.8451185,0.2846632,-0.77366084,114.9795,107.320526,-14.178056,WAL
1835827344000,48.309956,0.766322390931446,-14.3691589598515,0.00837237444745558,2.0204368,0.34147367,-0.8793405,114.90392,106.67328,-13.837593,WAL
1835832256000,48.314868,0.9032486925675,-13.8497836134698,0.0980827256428786,2.232407,0.41386122,-0.9584476,114.84628,106.00085,-13.472519,WAL
1835837333000,48.319945,0.859892787518268,-13.3670269135915,0.194882947153818,2.4654522,0.48166725,-1.031446,114.83277,105.28654,-13.059051,WAL
1835842349000,48.324961,0.776525222702777,-12.9019234908659,0.29141380540738,2.7421741,0.52198434,-1.0894781,114.83263,104.546,-12.636305,WAL
1835847339000,48.329951,0.435726212442382,-12.6023788916467,0.210090518266555,3.0311134,0.51007247,-1.1304061,114.83712,103.782135,-12.20299,WAL
1835852300000,48.334912,-0.044878865358223,-12.394282299197,0.0317216129694441,3.3191364,0.45998153,-1.1676689,114.84316,103.00588,-11.764597,WAL
1835857306000,48.339918,-0.638021047928389,-12.4000794616368,-0.260214816654731,3.574478,0.45356745,-1.2324207,114.84868,102.243935,-11.339117,WAL
1835862345000,48.344957,-1.27798066826845,-12.4915019665625,-0.598479199884247,3.7720928,0.5320636,-1.3307699,114.86637,101.49737,-10.902887,WAL
1835867343000,48.349955,-1.89116676610883,-12.5402117950636,-0.980806101439791,3.8484511,0.65301496,-1.462106,114.90205,100.85117,-10.512004,WAL
1835872339000,48.354951,-2.49058031618362,-12.5625779566193,-1.39234375431937,3.8203511,0.8038987,-1.5714508,114.97294,100.25633,-10.108479,WAL
1835877367000,48.359979,-3.0985630008194,-12.5997872334182,-1.9065501740671,3.6826012,0.9502009,-1.6319265,115.09678,99.826584,-9.786809,WAL
1835882331000,48.364943,-3.70392414749197,-12.6524270152807,-2.5224393320784,3.4929276,1.0671816,-1.6334536,115.259186,99.46148,-9.461128,WAL
1835887339000,48.369951,-4.35085195385977,-12.7393159637132,-2.91497411603894,3.2846224,1.1911873,-1.6087136,115.477425,80.73104,-9.253037,WAL
1835892340000,48.374952,-5.01492898501328,-12.8429309396204,-3.19285021313797,3.0735686,1.2675453,-1.5879441,115.71598,80.88375,-9.050547,WAL
1835897316000,48.379928,-5.70799488535338,-13.0288995435589,-3.1856173994787,2.8750372,1.2162327,-1.5506815,115.95915,80.8936,-8.993876,WAL
1835902316000,48.384928,-6.42325518610526,-13.2641195936842,-3.01280291326316,2.7091873,1.0225884,-1.5454891,116.181305,80.90815,-8.930361,WAL
1835907305000,48.389917,-7.04673053977805,-13.5789281652157,-2.89461431699034,2.579073,0.72082096,-1.5570955,116.331474,80.811356,-9.003459,WAL
1835912305000,48.394917,-7.6193416083708,-13.9408180532861,-2.80757734195925,2.496301,0.5519168,-1.5754215,116.463875,80.73447,-9.060651,WAL
1835917313000,48.399925,-8.02979649348896,-14.254720493489,-3.03625684304042,2.4495697,0.25809056,-1.6624697,116.55272,80.68347,-9.062168,WAL
1835922298000,48.40491,-8.30149365949648,-14.5264176594965,-3.52899545826179,2.2953262,0.124005646,-1.829236,116.63522,80.6756,-9.028598,WAL
1835927341000,48.409953,-8.25955745038788,-14.4255915585519,-3.65149981538604,2.0164661,0.16707164,-2.0442605,116.7316,80.693115,-8.958937,WAL
1835932353000,48.414965,-7.86503306575545,-13.9069476878463,-3.3544985916328,1.7244726,0.312763,-2.1917844,116.814575,80.75046,-8.8580065,WAL
1835937315000,48.419927,-7.37883263735417,-13.2856184345499,-3.10078109293589,1.4532484,0.2919936,-2.180789,116.929794,80.85503,-8.732144,WAL
1835942403000,48.425015,-6.65911780143423,-12.3990125152521,-2.93389066305255,1.3326025,0.16554448,-2.0616703,117.04575,80.9813,-8.595178,WAL
1835947345000,48.429957,-5.86288761141603,-11.7097116432492,-3.12745292041712,1.3594806,0.18692477,-1.9004018,117.17784,81.124214,-8.437517,WAL
1835952354000,48.434966,-4.93421541249376,-11.2262279277517,-3.76890673003692,1.4804319,0.56413406,-1.6978999,117.3666,81.2228,-8.331061,WAL
1835957329000,48.439941,-3.93319086337255,-10.9048376784314,-3.76835686301961,1.597718,1.1340714,-1.5054774,117.61434,81.32276,-8.211555,WAL
1835962356000,48.444968,-2.81930307780392,-10.7868411745098,-2.93766098256863,1.7983873,1.5060883,-1.3341297,117.906525,81.35172,-8.149519,WAL
1835967312000,48.449924,-1.85903446739877,-10.6848261840016,-2.01985555006947,1.9911152,1.6108516,-1.2156218,118.30919,81.443886,-8.035825,WAL
1835972323000,48.454935,-1.10175859541882,-10.6038594446209,-0.938713352163557,2.058616,1.4770721,-1.1588113,118.742966,81.49936,-7.956548,WAL
1835977292000,48.459904,-0.497715750063323,-10.4819856725299,-0.216200584478139,2.0775528,1.3445144,-1.1603385,119.0923,81.57058,-7.8363943,WAL
1835982341000,48.464953,-0.133207034211479,-10.287580649211,-0.0752572054507991,2.0702224,1.3579534,-1.1695015,119.44225,81.62285,-7.7317104,WAL
1835987243000,48.469855,0.0706753340767224,-10.1533281843173,0.135428207295584,2.0781636,1.4095715,-1.1835514,119.76725,81.70943,-7.4800773,WAL
1835992340000,48.474952,0.0282251599323606,-10.1061616032467,0.479746289585757,2.1050417,1.3674219,-1.2003502,120.0658,81.77338,-7.231923,WAL
1835997253000,48.479865,0.0254540219436101,-10.0309630925782,0.697370798897394,2.0696115,1.2739595,-1.1820242,120.3757,81.839424,-6.93995,WAL
1836002354000,48.484966,0.110651506152505,-9.88423434240868,0.659505242122856,1.9905044,1.239751,-1.1450669,120.68739,81.87995,-6.657873,WAL
1836007290000,48.489902,0.183227487021816,-9.71044009335363,0.505544601324201,1.9049833,1.2617421,-1.0824533,120.97795,81.86112,-6.3870964,WAL
1836012357000,48.494969,0.227543170811771,-9.43469760385591,-0.0114717644018264,1.8310685,1.4107933,-0.98990715,121.29061,81.813286,-6.146829,WAL
1836017295000,48.499907,0.240702208895282,-9.16630220694285,-0.530509907986191,1.7989981,1.5439619,-0.93951076,121.615135,81.75161,-5.9044943,WAL
1836022358000,48.50497,0.175606011864212,-8.89196849453395,-1.1024265627733,1.7455474,1.6597209,-0.86009824,121.970024,81.667595,-5.70775,WAL
1836027430000,48.510042,0.0652037527000605,-8.59505671506753,-1.75473894564604,1.7095064,1.8102992,-0.7788532,122.38876,81.61362,-5.5405416,WAL
1836032355000,48.514967,-0.201000970364846,-8.22902512592219,-2.6674408688974,1.6701056,2.0329595,-0.6963864,122.85365,81.55318,-5.4066353,WAL
1836037298000,48.51991,-0.486627462497004,-7.87332690782062,-3.50192794430683,1.6475036,2.2907448,-0.6078109,123.398926,81.52835,-5.3112235,WAL
1836042381000,48.524993,-0.851281699728326,-7.55243125906912,-4.04647828381942,1.6624697,2.4651468,-0.54702985,123.9754,81.49891,-5.2355213,WAL
1836047345000,48.529957,-1.17391181896484,-7.22042611770051,-4.47706825938364,1.6893479,2.6309967,-0.47647488,124.739075,81.48956,-5.1815863,WAL
1836052349000,48.534961,-1.37745401683129,-6.81807535570921,-4.54333764895298,1.7174476,2.724459,-0.41325033,125.52081,81.47553,-5.143545,WAL
1836057310000,48.539922,-1.56236056531335,-6.42891806267085,-4.56835284078161,1.7366899,2.7553077,-0.38056904,126.41092,81.45062,-5.133825,WAL
1836062357000,48.544969,-1.67491341747494,-6.07657849498836,-4.41175767040599,1.7330247,2.7241535,-0.3643811,127.30061,81.42489,-5.136485,WAL
1836067327000,48.549939,-1.77190955394775,-5.75563695484431,-4.25716727045214,1.7159204,2.6682594,-0.36163223,128.21046,81.37276,-5.164671,WAL
1836072344000,48.554956,-1.81822870536971,-5.52867315640605,-4.0996821265979,1.6917913,2.5934284,-0.34972036,129.09883,81.32671,-5.197247,WAL
1836077366000,48.559978,-1.85719287871993,-5.2868707520689,-3.90252728302079,1.6581937,2.5103507,-0.36835176,129.96443,81.25923,-5.234115,WAL
1836082336000,48.564948,-1.85234201284142,-4.96186258625153,-3.4756507817978,1.5922203,2.410169,-0.39614612,130.79857,81.211655,-5.268013,WAL
1836087332000,48.569944,-1.85079438097148,-4.62551539882111,-3.03021211920462,1.4941764,2.2522602,-0.41874814,131.58517,81.15451,-5.3001566,WAL
1836092340000,48.574952,-1.86487079770092,-4.24310644921489,-2.50703917378565,1.3542882,2.1200078,-0.4474588,132.34721,81.13441,-5.3197246,WAL
1836097306000,48.579918,-1.87882916141467,-3.86390460341926,-1.98825386089615,1.205848,1.9871446,-0.45937067,133.02957,81.09002,-5.3358135,WAL
1836102311000,48.584923,-1.89289714578584,-3.48172473265665,-1.46539431780071,1.035722,1.8634444,-0.48441613,133.67438,81.09532,-5.3354006,WAL
1836107323000,48.589935,-1.91214987849013,-3.10893958291663,-0.952595533927425,0.840856,1.8026633,-0.49266282,134.29526,81.144714,-5.333129,WAL
1836112327000,48.594939,-1.98674438332523,-2.84319651339624,-0.556311944636638,0.6429357,1.7241671,-0.49632803,134.87271,81.241844,-5.318854,WAL
1836117536000,48.600148,-2.07288877564868,-2.58283384361583,-0.133015176186298,0.5491679,1.6646078,-0.48655418,135.37965,81.189835,-5.31986,WAL
1836122299000,48.604911,-2.25595917513534,-2.54451667780474,0.38639385036401,0.35216382,1.6462818,-0.4801401,135.87292,81.20987,-5.3178477,WAL
1836127309000,48.609921,-2.44852325269741,-2.50421245762554,0.932738427944745,0.17470746,1.6621643,-0.4709771,136.33603,81.172714,-5.337178,WAL
1836132323000,48.614935,-2.44505723178647,-2.61760817170155,1.17200712044283,0.010079277,1.6865989,-0.44623706,136.7922,81.17462,-5.3630238,WAL
1836137252000,48.619864,-2.4164227118441,-2.74884993530482,1.36767665981195,-0.1337795,1.7012597,-0.4343252,137.24681,81.21343,-5.388091,WAL
1836142320000,48.624932,-2.38698068565868,-2.8837927752199,1.56886416752603,-0.27030787,1.7015651,-0.4098906,137.65639,81.17786,-5.4514112,WAL
1836147275000,48.629887,-2.35819512138308,-3.01572682647862,1.76556584485896,-0.39920044,1.6630806,-0.3912592,138.05421,81.171135,-5.5157213,WAL
1836152316000,48.634928,-2.15604008385436,-3.03043453122426,1.889540555307,-0.52412236,1.6126842,-0.37201694,138.4517,81.18076,-5.587803,WAL
1836157289000,48.639901,-1.94207312824785,-3.03489217128416,2.00543924341071,-0.6404922,1.5225816,-0.35643986,138.82156,81.21239,-5.660907,WAL
1836162305000,48.644917,-1.6545560982616,-3.00019420329877,2.02632150036653,-0.76083267,1.396438,-0.34697145,139.10388,81.2331,-5.6904955,WAL
1836167249000,48.649861,-1.35209394155409,-2.95556866211122,2.02136310690125,-0.8756753,1.2403619,-0.35033122,139.3467,81.2761,-5.7161674,WAL
1836172299000,48.654911,-1.1588651829503,-3.02220472249354,1.90382293628268,-1.0112875,1.0595458,-0.34697145,139.5077,81.35039,-5.6658654,WAL
1836177363000,48.659975,-0.982394384329216,-3.10579612151681,1.76914788566504,-1.1258247,0.8894198,-0.33628133,139.62544,81.44231,-5.61375,WAL
1836182319000,48.664931,-0.951667913356132,-3.18262776072332,1.61110906987726,-1.2318097,0.7287622,-0.33750305,139.64278,81.5933,-5.4342737,WAL
1836187247000,48.669859,-0.956089792565352,-3.25779931481308,1.44750030098379,-1.3390167,0.5858198,-0.3313944,139.62596,81.76089,-5.2656803,WAL
1836192316000,48.674928,-1.06949371434092,-3.46781144723057,1.2903770697295,-1.4630222,0.45173484,-0.3210097,139.61671,81.97081,-5.077195,WAL
1836197280000,48.679892,-1.23789171288106,-3.74337195379991,1.14239093688278,-1.5427402,0.33505958,-0.3100141,139.58138,82.188034,-4.8960133,WAL
1836202312000,48.684924,-1.52593328256055,-4.03915248636678,1.15608297411765,-1.6157386,0.20922135,-0.2947425,139.5602,82.42925,-4.738925,WAL
1836207318000,48.68993,-1.84348942458725,-4.33774991905092,1.21295870621849,-1.6859881,0.1518,-0.28160888,139.53255,82.68036,-4.5893774,WAL
1836212324000,48.694936,-2.13824151476214,-4.90309679521282,1.41156474836254,-1.7174476,0.035124753,-0.26236662,139.49638,82.93036,-4.505643,WAL
1836217310000,48.699922,-2.42517160828242,-5.54390760206309,1.6506731845969,-1.7699821,-0.08124508,-0.23487769,139.44623,83.18848,-4.4287524,WAL
1836222309000,48.704921,-2.65206484906283,-6.30458483855492,2.07208731634457,-1.8212948,-0.2003638,-0.23396139,139.36978,83.39756,-4.431521,WAL
1836227370000,48.709982,-2.86388089590172,-7.10948564943187,2.55220374815966,-1.8973475,-0.27183503,-0.16401732,139.27188,83.59127,-4.461273,WAL
1836232318000,48.71493,-2.88497190394136,-8.32643343326352,3.19466851094821,-1.9511036,-0.3145956,-0.050701816,139.13222,83.69763,-4.55259,WAL
1836237326000,48.719938,-2.83474648886139,-9.72361155816832,3.91152146905941,-1.9275852,-0.3051272,0.07788532,138.98589,83.770615,-4.6682305,WAL
1836242308000,48.72492,-2.44841421172891,-11.7285129088334,5.03664514889845,-1.8048013,-0.24770586,0.20586158,138.81572,83.69674,-4.8396077,WAL
1836247322000,48.729934,-1.84894359095678,-14.1314334835292,6.42701404065254,-1.575116,-0.1826487,0.3323107,138.6478,83.5662,-5.044979,WAL
1836252316000,48.734928,-1.07982260189471,-15.6306398950921,7.93534068915244,-1.2125676,-0.14446963,0.4071417,138.48082,83.293015,-5.2599235,WAL
1836257306000,48.739918,-0.241189445834539,-16.7641772637161,9.49280225438241,-0.7125743,-0.19181168,0.3817908,138.30603,82.962875,-5.474457,WAL
1836262289000,48.744901,0.557477487253988,-17.5650215373938,10.0433571404599,-0.14538592,-0.30451632,0.20769419,138.09521,82.57673,-5.5802946,WAL
1836267272000,48.749884,1.33355297440439,-18.1730290905324,10.0087548663766,0.3753767,-0.35277468,0.021380283,137.8962,82.12972,-5.668663,WAL
1836272291000,48.754903,2.15052565154364,-18.560885085098,9.19291278515733,0.8072584,-0.15149458,-0.20738874,137.69632,81.61231,-5.602936,WAL
1836277279000,48.759891,2.97771684556699,-18.8492207043341,8.04429888877894,1.1074986,0.3631594,-0.32162055,137.58803,81.021645,-5.5274153,WAL
1836282272000,48.764884,3.01253020655152,-18.2729584109589,7.32161441441334,1.3154984,1.0387764,-0.28710666,137.65216,80.47625,-5.33603,WAL
1836287278000,48.76989,2.66512806823506,-17.2783416438356,6.8028906967838,1.4483615,1.575116,-0.23396139,137.83434,79.881775,-5.1457887,WAL
1836292274000,48.774886,2.05949110866983,-15.55262102019,6.45512042874109,1.4905112,1.8646661,-0.20769419,138.27051,79.47837,-4.8463807,WAL
1836297309000,48.779921,1.31501388583729,-13.4337236919042,6.1926442442597,1.4605788,1.9779817,-0.1695151,138.80066,79.03971,-4.6008797,WAL
1836302211000,48.784823,0.568461777210723,-11.3230250117288,5.89046186575005,1.3460416,1.9926424,-0.13713925,139.37318,78.613174,-4.4355674,WAL
1836307213000,48.789825,-0.205845623999606,-9.14174431293121,5.55524351307905,1.246776,1.9440787,-0.11942416,139.95107,78.191086,-4.290182,WAL
1836312222000,48.794834,-0.822899291411018,-7.08881573714929,5.11766075504813,1.0439687,1.8512272,-0.099571034,140.4428,77.748474,-4.281305,WAL
1836317233000,48.799845,-1.33394733221176,-5.12324636918902,4.61152661393611,0.8029824,1.7592919,-0.08277224,140.91365,77.351234,-4.276327,WAL
1836322217000,48.804829,-1.79182597761223,-3.70704278754166,4.14022474072731,0.5329799,1.65911,-0.04428773,141.27657,76.94315,-4.4059343,WAL
1836327260000,48.809872,-2.22735017435797,-2.57089299921584,3.68103082160361,0.24831672,1.5308284,0.015577064,141.5957,76.608475,-4.5382576,WAL
1836332229000,48.814841,-2.71876278721223,-1.94264571712074,3.34429269199759,-0.043066,1.3536774,0.08277224,141.81068,76.33764,-4.7697577,WAL
1836337228000,48.81984,-3.2530006453202,-1.62499065221675,3.07958023842365,-0.32406402,1.1407908,0.17379116,141.96326,76.13439,-5.0114303,WAL
1836342260000,48.824872,-3.73277211624703,-1.75540068450634,2.86579868126487,-0.61361414,0.8781188,0.2751948,142.03236,75.977104,-5.328171,WAL
1836347233000,48.829845,-4.1718252621927,-2.1566857489889,2.68640066403648,-0.93126404,0.5876524,0.40286562,142.01839,75.88085,-5.6600566,WAL
1836352311000,48.834923,-4.53733722774266,-2.78164379970249,2.56229625823726,-1.255328,0.28313604,0.5149594,141.92415,75.78451,-6.0652294,WAL
1836357309000,48.839921,-4.84439160674972,-3.53370456011528,2.47774506993306,-1.5876387,-0.048258353,0.6044512,141.73047,75.74096,-6.481434,WAL
1836362324000,48.844936,-5.02456371616366,-4.52640779320437,2.42342684938222,-1.9071213,-0.43768495,0.66339964,141.42615,75.74089,-6.9536843,WAL
1836367313000,48.849925,-5.05843545898319,-5.78450571028965,2.40407151002633,-2.193617,-0.8906415,0.6924158,141.00455,75.77607,-7.4218063,WAL
1836372317000,48.854929,-5.057382516772,-7.16819566869227,2.25218383539135,-2.4278839,-1.3854424,0.6954701,140.4614,75.85315,-7.9070683,WAL
1836377362000,48.859974,-5.01980160787555,-8.69022370529898,1.96093154618376,-2.6038132,-1.9144517,0.74189585,139.77534,75.929436,-8.38892,WAL
1836382300000,48.864912,-5.20160687521248,-10.5228940022998,1.33341786809519,-2.7299569,-2.3875668,0.8206975,138.98822,76.059296,-8.83068,WAL
1836387308000,48.86992,-5.67157420007999,-12.8295699891011,0.249615581635836,-2.7999008,-2.7269025,0.9053023,138.0892,76.155426,-9.270172,WAL
1836392281000,48.874893,-6.065071712479,-14.7058642924612,-0.780665440250963,-2.7501154,-2.9107728,0.9599747,137.17216,76.312065,-9.651092,WAL
1836397299000,48.879911,-6.36420767750222,-16.0448542043276,-1.75879235479696,-2.588236,-2.9596422,1.0219775,136.20073,76.38727,-10.050605,WAL
1836402252000,48.884864,-6.35511690965497,-17.0954697420508,-2.37170134510486,-2.3142629,-2.9294043,1.0070114,135.32982,76.56063,-10.406362,WAL
1836407300000,48.889912,-5.88322009272253,-17.7542559401759,-2.46047389142747,-2.132225,-2.761111,0.9584476,134.49004,76.655205,-10.773915,WAL
1836412259000,48.894871,-5.12811677273184,-18.2973558287953,-2.21741510114538,-1.7278323,-2.452013,0.77274454,133.79929,76.773796,-11.080028,WAL
1836417317000,48.899929,-3.76053968248769,-18.6380337013966,-1.29271878791319,-1.2880094,-2.1331415,0.5305365,133.16498,76.83285,-11.361547,WAL
1836422310000,48.904922,-2.59191384829945,-18.4405321160935,-0.471943873551206,-0.88056225,-1.8362609,0.29626966,132.6725,76.94375,-11.50708,WAL
1836427359000,48.909971,-1.7512664766293,-17.2369821373741,0.18495539365381,-0.5882632,-1.4816537,0.09896017,132.29454,77.0339,-11.608146,WAL
1836432314000,48.914926,-1.08347795457526,-15.9027199627422,0.728608047660209,-0.40958515,-1.1636983,-0.03940081,132.05493,77.208664,-11.499753,WAL
1836437308000,48.91992,-0.893407108455042,-14.0875436130154,0.966196568097367,-0.3222314,-0.91721416,-0.11728613,131.90347,77.37988,-11.370923,WAL
1836442372000,48.924984,-0.737802004286981,-12.2470530340002,1.10097506152557,-0.3042109,-0.76144356,-0.15424347,131.81676,77.55855,-11.17659,WAL
1836447313000,48.929925,-0.700495238701094,-10.4516634793535,0.905114396117079,-0.35338554,-0.6872234,-0.16493362,131.7815,77.73985,-10.982158,WAL
1836452303000,48.934915,-0.664770972189845,-8.68081456553942,0.605918499863561,-0.48899764,-0.7067711,-0.13194689,131.73384,77.87271,-10.827473,WAL
1836457305000,48.939917,-0.636760132922717,-7.07486058035279,-0.0990207064126303,-0.6753115,-0.77640975,-0.035124753,131.69319,78.00118,-10.694063,WAL
1836462301000,48.944913,-0.69015808374093,-5.42349947272239,-0.909940780193496,-0.9049969,-0.88117313,0.1151481,131.60301,78.09327,-10.639308,WAL
1836467313000,48.949925,-1.2147368480086,-3.49287756660396,-2.34178279581654,-1.1676689,-1.0146471,0.28313604,131.4838,78.18047,-10.616554,WAL
1836472335000,48.954947,-1.74036225785542,-1.55840366147093,-3.77648163908448,-1.4361442,-1.1921035,0.42455134,131.31474,78.275696,-10.650537,WAL
1836477354000,48.959966,-1.99265795079052,-1.23088147548079,-4.1799686481157,-1.6966782,-1.452943,0.52473325,131.08467,78.356674,-10.715271,WAL
1836482394000,48.965006,-2.22284682892022,-1.03822341939246,-4.49772937467213,-1.9401081,-1.7806722,0.61483586,130.78667,78.41519,-10.811766,WAL
1836487307000,48.969919,-2.44723531270022,-0.850420040511119,-4.80748303530144,-2.1642957,-2.1523838,0.6569856,130.34227,78.46233,-10.9982815,WAL
1836492329000,48.974941,-2.68640567364341,-0.67067345503876,-5.14809041860465,-2.330451,-2.5164595,0.69058317,129.80527,78.45046,-11.211476,WAL
1836497323000,48.979935,-3.07141384023057,-0.675426639216856,-5.84680893947525,-2.4620924,-2.878397,0.72112644,129.16345,78.38099,-11.44087,WAL
1836502450000,48.985062,-3.43635982766737,-0.74164915050164,-6.53485031984372,-2.513405,-3.1569517,0.80939645,128.45221,78.17141,-11.76775,WAL
1836507299000,48.989911,-3.41396068469998,-1.54801890544086,-6.83051933445881,-2.4648414,-3.2363641,0.86284715,127.698654,77.88769,-12.106701,WAL
1836512652000,48.995264,-3.37576485161647,-2.44595729712628,-7.16182680270793,-2.4098635,-3.1581733,0.97158116,126.94228,102.55685,-12.544318,WAL
1836517312000,48.999924,-3.05103380105001,-3.3954873870222,-7.55643656415216,-2.1233675,-3.0735686,0.99265605,126.17185,103.06291,-12.986997,WAL
1836522299000,49.004911,-2.70351582912407,-4.41164759266832,-7.97873675306254,-2.0015,-2.7889054,1.040609,125.528015,103.64039,-13.43631,WAL
1836527332000,49.009944,-2.4739712503182,-5.84819657685617,-7.74436975710649,-1.7418822,-2.345417,1.1267409,124.9649,104.26953,-13.908479,WAL
1836532264000,49.014876,-2.27858725591854,-7.35615970952482,-7.35360208218074,-1.4785993,-1.9120082,1.1780536,124.49202,104.93616,-14.38756,WAL
1836537312000,49.019924,-2.16892491880443,-8.9578630270388,-6.7911864017023,-1.2437216,-1.5763378,1.2116512,124.20123,105.53648,-14.75469,WAL
1836542311000,49.024923,-2.06942334645685,-10.5498878877474,-6.21786809146873,-1.0363328,-1.2916746,1.2666291,124.03114,106.16593,-15.135734,WAL
1836547321000,49.029933,-2.10576278334487,-12.1401764046088,-5.38864794153892,-0.8597928,-1.0512991,1.3057245,123.956055,106.68513,-15.425196,WAL
1836552245000,49.034857,-2.15706520447038,-13.7025663284542,-4.54449079336366,-0.71776664,-0.86590147,1.2791518,123.951294,107.19286,-15.702817,WAL
1836557292000,49.039904,-1.80503850517872,-14.647544079407,-3.99330083504265,-0.71593404,-0.68416905,1.196685,124.01588,107.54975,-15.880669,WAL
1836562257000,49.044869,-1.39463517465475,-15.4731790113729,-3.50081684849716,-0.8481864,-0.49693888,1.0910053,124.1345,107.89291,-16.03556,WAL
1836567350000,49.049962,-0.680770838719512,-15.3863369862805,-3.35322539817073,-1.097114,-0.21105394,0.98746365,124.33614,108.04497,-16.093925,WAL
1836572269000,49.054881,0.041976699252557,-15.19638390893,-3.25129944162077,-1.4159856,0.11575896,0.9007208,124.59797,108.20422,-16.120977,WAL
1836577413000,49.060025,0.599129578519649,-14.6369156207554,-2.83435104612743,-1.7119498,0.3866777,0.83291477,124.92256,108.23271,-16.017965,WAL
1836582254000,49.064866,1.09440506673026,-14.0576202924933,-2.39656289466807,-1.9398025,0.535118,0.75655663,125.29814,108.28775,-15.89167,WAL
1836587355000,49.069967,1.28206344200352,-13.4336553454815,-1.82473018811396,-2.1096232,0.5332854,0.6047566,125.71083,108.286194,-15.633022,WAL
1836592313000,49.074925,1.36551120017575,-12.8231687477569,-1.23620352675053,-2.275473,0.33383787,0.37751472,126.09751,108.30465,-15.348722,WAL
1836597355000,49.079967,1.27778271003017,-12.129991598689,-0.653535595844345,-2.3695462,0.05222898,0.116675265,126.43604,108.26307,-14.989408,WAL
1836602337000,49.084949,1.08417600075955,-11.4002428980335,-0.0876082009093746,-2.3631322,-0.14385876,-0.13927728,126.729744,108.20693,-14.588647,WAL
1836607343000,49.089955,0.730414947536346,-10.8164289738703,0.207182638766208,-2.2537873,-0.63407815,-0.2501493,126.75786,108.19727,-14.256359,WAL
1836612376000,49.094988,0.304284690646365,-10.295603207613,0.382369522923379,-2.160325,-1.1365148,-0.43493605,126.71244,108.13688,-13.857112,WAL
1836617352000,49.099964,-0.197911412945116,-9.92966942727182,0.361428468509447,-1.8955148,-1.5784758,-0.5717699,126.48016,108.05442,-13.54721,WAL
1836622374000,49.104986,-0.746026826455063,-9.63637995821254,0.241227724380686,-1.616044,-1.9165897,-0.6609562,126.13293,107.93296,-13.232637,WAL
1836627400000,49.110012,-1.25982812648944,-9.40357855712426,0.0147933665545209,-1.3200798,-2.1294763,-0.70616025,125.64172,107.82542,-13.020836,WAL
1836632356000,49.114968,-1.74932984466306,-9.20397537178332,-0.260848366578552,-1.112691,-2.2299635,-0.7110472,125.0914,107.67579,-12.816983,WAL
1836637350000,49.119962,-2.12973951761449,-8.93678258286411,-0.509170493935811,-0.9669997,-2.2583687,-0.6740898,124.50468,107.54509,-12.7187195,WAL
1836642382000,49.124994,-2.4553509537256,-8.63378355508634,-0.744334298935811,-0.88025683,-2.250733,-0.59437186,123.90998,107.39719,-12.640691,WAL
1836647347000,49.129959,-2.70315248689863,-8.34177740809708,-1.06796409422251,-0.86345804,-2.1887302,-0.4746423,123.33234,107.334625,-12.669888,WAL
1836652354000,49.134966,-2.8885303171177,-8.05341157778136,-1.47476547672895,-0.8915578,-2.0405953,-0.31490102,122.79482,107.29057,-12.728918,WAL
1836657336000,49.139948,-2.92752548785927,-7.88877168569871,-1.79859833780971,-0.9251554,-1.8304577,-0.15241088,122.28751,107.352745,-12.878331,WAL
1836662359000,49.144971,-2.89415290485629,-7.78388641772051,-2.08464972487611,-0.9633345,-1.5864171,-0.00061086525,121.845535,107.44903,-13.056072,WAL
1836667347000,49.149959,-2.70012980158904,-7.70124149855994,-2.21444233429338,-0.99021256,-1.3228287,0.14569137,121.48531,107.64551,-13.285274,WAL
1836672349000,49.154961,-2.41943762125335,-7.62987916823915,-2.2620172211739,-1.0262536,-1.0995574,0.28496864,121.19555,107.873535,-13.53686,WAL
1836677377000,49.159989,-2.04152530372671,-7.63432144720497,-2.20647246335404,-1.0345002,-0.9324858,0.40683624,120.98199,108.15741,-13.797075,WAL
1836682342000,49.164954,-1.61493121144632,-7.68119989736764,-2.09396408506359,-1.0054842,-0.8206975,0.5006041,120.826355,108.45414,-14.070181,WAL
1836687346000,49.169958,-1.17499601114885,-7.78164824092762,-1.93930148253445,-0.9639453,-0.77732605,0.54702985,120.73093,108.7364,-14.310939,WAL
1836692334000,49.174946,-0.730028514738987,-7.91606530632641,-1.75853347795459,-0.9193522,-0.7831292,0.57818395,120.65985,109.01924,-14.561139,WAL
1836697350000,49.179962,-0.333563119963658,-8.05156909246921,-1.64683469976782,-0.8906415,-0.8347474,0.5815437,120.606865,109.2468,-14.751032,WAL
1836702354000,49.184966,0.0195896185463356,-8.18702463456491,-1.59361989262063,-0.84665924,-0.86742866,0.5681047,120.55932,109.45853,-14.93734,WAL
1836707334000,49.189946,0.276172231372162,-8.30950076604146,-1.6318056266535,-0.84207773,-0.9221011,0.55955255,120.45559,109.65573,-15.076306,WAL
1836712360000,49.194972,0.461482032209279,-8.42353787798618,-1.7410909111155,-0.8399397,-0.9682214,0.52656585,120.34468,109.8308,-15.2022295,WAL
1836717348000,49.19996,0.558760677826954,-8.51927517563796,-1.84497012857855,-0.8405506,-1.0079277,0.48655418,120.2146,109.97598,-15.273344,WAL
1836722364000,49.204976,0.582702697826954,-8.60067817563796,-1.94552657857855,-0.8680395,-1.0403035,0.441961,120.07337,110.11325,-15.33486,WAL
1836727462000,49.210074,0.466736123572265,-8.65945101062292,-2.00929750307848,-0.89827734,-1.07665,0.37598756,119.94011,110.22227,-15.34596,WAL
1836732336000,49.214948,0.244109616319916,-8.69655547152768,-2.03965564072843,-0.9434814,-1.1010846,0.32895094,119.802,110.331024,-15.351288,WAL
1836737319000,49.219931,0.0165043874240497,-8.73448972033531,-2.07069269446452,-1.0073168,-1.144456,0.28405234,119.637375,110.4553,-15.3387,WAL
1836742403000,49.225015,-0.256645884472286,-8.79015600769823,-2.08174639453426,-1.0900891,-1.1765264,0.25473082,119.46997,110.58324,-15.319658,WAL
1836747280000,49.229892,-0.530805934032621,-8.84858333121632,-2.08624091233641,-1.1597277,-1.1774428,0.22235495,119.298996,110.709045,-15.289773,WAL
1836752358000,49.23497,-0.877542675329095,-8.78418239765281,-2.04900214722738,-1.25319,-1.1475104,0.23762658,119.12231,110.881874,-15.31303,WAL
1836757386000,49.239998,-1.24957419070905,-8.66174162347188,-1.99249096772616,-1.3274102,-1.0961977,0.25137106,118.95303,111.054115,-15.32643,WAL
1836762332000,49.244944,-1.57586599990944,-8.56923169896758,-1.89243669280927,-1.389413,-1.0464121,0.27947086,118.75359,111.29307,-15.399198,WAL
1836767350000,49.249962,-1.88486850483608,-8.49089327513132,-1.76622440398479,-1.4300356,-1.0118983,0.31978795,118.57061,111.541756,-15.476009,WAL
1836772366000,49.254978,-2.2019972735197,-8.46749965793529,-1.64897096051068,-1.4584408,-0.9804387,0.37995818,118.36635,111.845634,-15.62931,WAL
1836777400000,49.260012,-2.53096474120625,-8.51525284899846,-1.54285240110059,-1.496009,-0.9388999,0.45448375,118.183784,112.16059,-15.790627,WAL
1836782339000,49.264951,-2.79008584226191,-8.62642293154762,-1.39546325922619,-1.5054774,-0.89827734,0.528093,117.98286,112.4932,-16.021877,WAL
1836787353000,49.269965,-3.01397984424603,-8.77886146448413,-1.21920633609127,-1.5118915,-0.8396343,0.5946773,117.808304,112.8336,-16.259663,WAL
1836792325000,49.274937,-3.1958863730997,-8.97184857048371,-0.977306031865745,-1.4862351,-0.7816021,0.6817256,117.59503,113.20964,-16.560545,WAL
1836797358000,49.27997,-3.35290529101678,-9.195481205923,-0.687058834274432,-1.457219,-0.7626653,0.7501425,117.395226,113.5813,-16.863129,WAL
1836802352000,49.284964,-3.45092855170812,-9.53223385135004,-0.431662539850963,-1.3976597,-0.763887,0.7809912,117.1595,113.94931,-17.210888,WAL
1836807341000,49.289953,-3.50641523151069,-9.95300841923933,-0.200467876514081,-1.359786,-0.7779369,0.8347474,116.93631,114.319786,-17.57094,WAL
1836812361000,49.294973,-3.49697962793128,-10.4018237048126,0.00719246929167086,-1.2647965,-0.81336707,0.86834496,116.65548,114.634285,-17.95419,WAL
1836817357000,49.299969,-3.42487218374359,-10.872925974681,0.189864791743193,-1.135293,-0.8512407,0.89980453,116.37594,114.93316,-18.339642,WAL
1836822348000,49.30496,-3.27057429449424,-11.3021326609869,0.28260965830395,-0.9837985,-0.9117164,0.91354895,116.01581,115.199234,-18.743267,WAL
1836827387000,49.309999,-3.03767571472471,-11.696634298434,0.292115724607505,-0.8127562,-0.97219205,0.91415983,115.64747,115.43127,-19.140486,WAL
1836832317000,49.314929,-2.74705246367157,-11.9857892943455,0.176507011646011,-0.6420194,-1.035722,0.90041536,115.22216,115.60506,-19.523039,WAL
1836837342000,49.319954,-2.38361048361735,-12.1768297910534,-0.0751067121388459,-0.45081854,-1.0644327,0.8784242,114.78931,115.73719,-19.891262,WAL
1836842287000,49.324899,-1.94256948809288,-12.3064864814447,-0.401081759396706,-0.2657264,-1.0571023,0.8341365,114.34478,115.810844,-20.206566,WAL
1836847366000,49.329978,-1.36822615926771,-12.3547505886089,-0.849938283602897,-0.10140363,-1.0076222,0.7846564,113.902466,115.84792,-20.501713,WAL
1836852275000,49.334887,-0.792886610546764,-12.3242346839761,-1.25113952714868,0.04520403,-0.8943067,0.7461719,113.53462,115.84473,-20.717197,WAL
1836857342000,49.339954,-0.167520140168672,-12.1724906858713,-1.61440386296788,0.15332718,-0.74036866,0.6994407,113.18895,115.80852,-20.902346,WAL
1836862255000,49.344867,0.461830465415687,-11.9584236989467,-1.94603277483383,0.2275473,-0.573297,0.6444628,112.976524,115.737305,-20.971865,WAL
1836867347000,49.349959,1.1749308809592,-11.5594866657122,-2.23526233221188,0.2452624,-0.42760566,0.58184916,112.79814,115.64631,-21.01396,WAL
1836872277000,49.354889,1.77441604792114,-11.2580774883857,-2.37885786714816,0.20158553,-0.2687807,0.5128214,112.7683,115.53027,-20.94086,WAL
1836877412000,49.360024,2.20638181026742,-11.1236879329494,-2.239668946057,0.11789699,-0.14660765,0.4092797,112.76067,115.39639,-20.834349,WAL
1836882278000,49.36489,2.48633548512636,-11.111747309959,-2.01177331388473,0.01985312,-0.08460484,0.27275133,112.864105,115.2373,-20.61657,WAL
1836887350000,49.369962,2.4378153783638,-11.4028687611627,-1.52171936922385,-0.09315695,-0.076052725,0.110872045,112.973854,115.06688,-20.362055,WAL
1836892324000,49.374936,2.27049119526756,-11.6885433767747,-1.00516733309793,-0.19639318,-0.106595986,-0.048258353,113.08306,114.85255,-20.036238,WAL
1836897358000,49.37997,1.79664317590098,-11.9781170340371,-0.390919908390972,-0.2666427,-0.14874569,-0.15882497,113.178696,114.630646,-19.684977,WAL
1836902282000,49.384894,1.31970183157738,-12.2409892416081,0.187696502873552,-0.29871312,-0.23915374,-0.18753563,113.15485,114.369804,-19.347406,WAL
1836907342000,49.389954,0.667124794742054,-12.2649815279731,0.513985003754827,-0.2932153,-0.3200934,-0.21319197,113.111046,114.09592,-18.989334,WAL
1836912373000,49.394985,0.0490329645064054,-12.2982286981161,0.809118190167295,-0.25381452,-0.34116822,-0.18600847,112.914474,113.814674,-18.737581,WAL
1836917356000,49.399968,-0.188314516484552,-12.4456714248681,0.744387044991711,-0.16523905,-0.29046643,-0.14966199,112.71455,113.525055,-18.487232,WAL
1836922346000,49.404958,-0.425995417577242,-12.5933212756594,0.679564967041447,-0.03726278,-0.18875736,-0.121256754,112.43196,113.26209,-18.346134,WAL
1836927369000,49.409981,-0.548668103623998,-12.8555997275404,0.547555901711501,0.10293079,-0.0580322,-0.10873401,112.175865,112.99152,-18.207787,WAL
1836932344000,49.414956,-0.50997590092884,-13.2715412410923,0.325075750102528,0.25961772,0.06872234,-0.118507855,111.95029,112.70323,-18.066923,WAL
1836937345000,49.419957,-0.429260732273427,-13.6763853521503,0.194540004951247,0.43096542,0.17745635,-0.15393804,111.74323,112.429726,-17.959929,WAL
1836942390000,49.425002,-0.295369243969003,-14.0681420554244,0.179663173492764,0.61269784,0.25473082,-0.19761491,111.564384,112.131355,-17.84356,WAL
1836947347000,49.429959,-0.166350024824024,-14.4185992270165,0.174824572196372,0.82741696,0.31520647,-0.25534168,111.44109,111.78904,-17.681871,WAL
1836952349000,49.434961,-0.0386998389115507,-14.7377244687916,0.179734196427181,1.0473285,0.3200934,-0.3408628,111.321045,111.40954,-17.50275,WAL
1836957340000,49.439952,0.175441234862699,-14.9669068721273,0.128155395659399,1.2770138,0.30665436,-0.43860126,111.216255,110.96675,-17.281319,WAL
1836962357000,49.444969,0.463288148911216,-15.1226270231782,0.0290605577053624,1.4996742,0.30726522,-0.54641896,111.1135,110.48191,-17.037579,WAL
1836967350000,49.449962,0.645302282512877,-15.0749701557418,-0.061117070946975,1.7116444,0.3118467,-0.6612616,111.00652,109.93325,-16.749014,WAL
1836972358000,49.45497,0.727650605437835,-14.8327692952227,-0.143465422197152,1.9226984,0.344528,-0.7987063,110.90396,109.33881,-16.429821,WAL
1836977382000,49.459994,0.734198299206197,-14.4344937705624,-0.142640932378539,2.1184807,0.39461896,-0.93645644,110.83523,108.678665,-16.039885,WAL
1836982347000,49.464959,0.675080562739097,-13.9069819892884,-0.069880647551645,2.3185391,0.4352415,-1.0772609,110.76946,107.976494,-15.619887,WAL
1836987351000,49.469963,0.553844021797217,-13.3703233005964,0.0256231929343936,2.5463917,0.47158796,-1.1939361,110.738625,107.24405,-15.171142,WAL
1836992396000,49.475008,0.352131371508946,-12.8228174337972,0.150492945782306,2.780353,0.51007247,-1.2721269,110.71908,106.486435,-14.703747,WAL
1836997334000,49.479946,0.0384968754975498,-12.4316465746575,0.173587400140014,3.0497448,0.5164866,-1.323745,110.69729,105.72398,-14.24704,WAL
1837002353000,49.484965,-0.437404051967197,-12.2297486535654,0.0630245624112411,3.1746666,0.46883908,-1.3362677,110.67322,104.9771,-13.791112,WAL
1837007313000,49.489925,-0.936819251879996,-12.1106925523537,-0.343195220803316,3.4217618,0.41783184,-1.352761,110.63577,104.249435,-13.371949,WAL
1837012361000,49.494973,-1.48547492881674,-12.1011510203296,-1.16856419394059,3.620293,0.4147775,-1.4077389,110.601746,103.55291,-12.948179,WAL
1837017295000,49.499907,-2.07968215645453,-12.1273423884762,-1.83469197534632,3.741244,0.5338962,-1.4715744,110.59073,102.96836,-12.595884,WAL
1837022349000,49.504961,-2.77931779696848,-12.209937898414,-2.29625702308773,3.7717874,0.7996226,-1.5286902,110.6265,102.42853,-12.237817,WAL
1837027288000,49.5099,-3.4060540826879,-12.3337825293181,-2.79488195223494,3.7097847,1.0064005,-1.5897768,110.7843,102.0393,-11.956126,WAL
1837032353000,49.514965,-3.96138022888004,-12.5269397961175,-3.37918166323544,3.540575,1.1221595,-1.5903877,110.99546,101.705414,-11.683871,WAL
1837037246000,49.519858,-4.50052918144569,-12.7727098755315,-3.81467866416699,3.32891,1.2162327,-1.5662584,111.28808,101.55387,-11.552363,WAL
1837042383000,49.524995,-5.07102827758021,-13.1292721829339,-4.05714089420178,3.1077769,1.2748758,-1.5247196,111.60295,78.56763,-11.429296,WAL
1837047254000,49.529866,-5.6347505450992,-13.4843495293653,-4.22993313443885,2.903137,1.2617421,-1.4932601,111.94544,78.54087,-11.448444,WAL
1837052350000,49.534962,-6.27544299472905,-13.893814210838,-4.28292278205508,2.7311785,1.176221,-1.4651603,112.280624,78.51144,-11.469193,WAL
1837057277000,49.539889,-6.87544670291101,-14.3560421582495,-4.30968388059002,2.5873199,1.0409144,-1.4837917,112.64176,78.466156,-11.507488,WAL
1837062357000,49.544969,-7.4457330012406,-14.9976143493211,-4.27641720011722,2.4917192,0.82741696,-1.5393804,112.947716,78.436424,-11.531014,WAL
1837067280000,49.549892,-7.93205777925218,-15.4209340167744,-4.24450093303346,2.3848178,0.63224554,-1.7131716,113.25463,78.41622,-11.545742,WAL
1837072358000,49.55497,-8.22372542209727,-15.2295270607253,-4.21259990059039,2.1636846,0.50671273,-1.9398025,113.50849,78.44324,-11.516663,WAL
1837077339000,49.559951,-8.466691207443,-15.002252291279,-4.16867053133626,1.9456058,0.4361578,-2.079996,113.73463,78.47818,-11.47841,WAL
1837082342000,49.564954,-8.39321242623454,-14.483005238217,-4.03151078764952,1.7201965,0.4654793,-2.1945333,113.93954,78.584045,-11.373709,WAL
1837087352000,49.569964,-8.2590193085455,-13.9322915280229,-3.87483592916562,1.4556919,0.5311473,-2.2247713,114.17067,78.72457,-11.234522,WAL
1837092371000,49.574983,-7.81878835744895,-13.2254985812117,-3.62039034179481,1.3106114,0.6001751,-2.1636846,114.396545,78.87585,-11.086681,WAL
1837097303000,49.579915,-7.38618842702294,-12.530957275439,-3.37035534739098,1.3319917,0.66920286,-2.1105394,114.673355,79.06557,-10.897221,WAL
1837102352000,49.584964,-6.63805128695223,-11.9610134095934,-3.74065151183379,1.3921618,0.86498517,-1.9135354,114.992546,79.19794,-10.768309,WAL
1837107272000,49.589884,-5.82423055185551,-11.4448183918279,-4.27544788806751,1.5289958,1.2950343,-1.7119498,115.38717,79.31075,-10.657774,WAL
1837112354000,49.594966,-4.61128873971505,-11.1914183633126,-3.76336014227763,1.7327193,1.7003434,-1.5683966,115.82809,79.424644,-10.53949,WAL
1837117290000,49.599902,-3.31106414630454,-11.0370749617097,-2.91681099099634,1.9138408,1.8429805,-1.4333953,116.30626,79.4795,-10.478363,WAL
1837122355000,49.604967,-2.1804929317561,-10.8036805030488,-2.04892283503049,2.0491474,1.7785342,-1.3005321,116.87344,79.58002,-10.371931,WAL
1837127376000,49.609988,-1.13473872754472,-10.5446856890244,-1.18886324355691,2.1300871,1.6698002,-1.2351695,117.4585,79.65651,-10.2867155,WAL
1837132335000,49.614947,-0.512434577677895,-10.314661059697,-0.897212399162846,2.19209,1.6102408,-1.1545353,117.95735,79.76584,-10.157018,WAL
1837137325000,49.619937,-0.00759540241379313,-10.0908167413793,-0.768621282758621,2.2968533,1.6685784,-1.1517864,118.45098,79.868805,-10.026764,WAL
1837142391000,49.625003,0.180972235001988,-9.92824359611371,-0.456699253215386,2.3753495,1.6694947,-1.2168436,118.87472,80.05929,-9.777494,WAL
1837147331000,49.629943,0.265612894330087,-9.78952710968095,-0.0969764664148692,2.40742,1.5399913,-1.2318097,119.270294,80.21209,-9.550305,WAL
1837152346000,49.634958,0.351538583911142,-9.64870460371733,0.268207698727761,2.3063216,1.4822645,-1.1679744,119.70429,80.41122,-9.248283,WAL
1837157356000,49.639968,0.437378604808667,-9.50802249905576,0.633027771980916,2.1685717,1.4727961,-1.0925325,120.10958,80.584175,-8.9547205,WAL
1837162362000,49.644974,0.652142733142771,-9.27900583683312,0.759913299903547,2.0094411,1.4541647,-1.0442741,120.50556,80.74016,-8.665116,WAL
1837167372000,49.649984,0.912457143441174,-9.01869121008741,0.803299034114337,1.8454239,1.4230106,-0.9825767,120.88893,80.865654,-8.409025,WAL
1837172345000,49.654957,0.98034291177394,-8.65959031789639,-0.0175130019544741,1.7079792,1.502423,-0.89461213,121.27608,80.957085,-8.128516,WAL
1837177391000,49.660003,0.985084329827316,-8.26131080533752,-1.14122985295133,1.632232,1.7895297,-0.7837401,121.70883,81.01406,-7.884146,WAL
1837182393000,49.665005,0.759843837739746,-7.91315010465231,-2.11170523961837,1.6270396,2.069917,-0.6945538,122.17309,81.05886,-7.626598,WAL
1837187346000,49.669958,0.447256748610209,-7.58656681282581,-3.01680823628406,1.6325374,2.355191,-0.6203337,122.71434,81.070595,-7.4093537,WAL
1837192343000,49.674955,0.126504439414414,-7.25173583450842,-3.73744358281434,1.6142114,2.470339,-0.548557,123.331696,81.13242,-7.2425437,WAL
1837197358000,49.67997,-0.198006948648649,-6.91311529494712,-4.36765391139835,1.5653422,2.6780334,-0.52931476,124.04774,81.19504,-7.0921173,WAL
1837202350000,49.684962,-0.415222022861106,-6.55250727560927,-4.76217935379433,1.5604553,2.8927524,-0.46975538,124.88996,81.25975,-6.978275,WAL
1837207354000,49.689966,-0.571893034198534,-6.17744622231028,-5.02329773081038,1.5760323,3.0198123,-0.41874814,125.75569,81.33349,-6.867624,WAL
1837212364000,49.694976,-0.715424287926314,-5.89644760297967,-5.11466050859674,1.5891659,3.07815,-0.39400807,126.747955,81.40606,-6.782617,WAL
1837217357000,49.699969,-0.850201426600564,-5.6750281074089,-5.10022011326757,1.6044376,3.0735686,-0.36987892,127.748886,81.47092,-6.7106404,WAL
1837222349000,49.704961,-1.00134722817651,-5.53039396240229,-4.9282983365984,1.6181821,3.007595,-0.3830125,128.78157,81.53365,-6.6521125,WAL
1837227381000,49.709993,-1.16346029496982,-5.43026527772831,-4.66128867675868,1.604743,2.9245174,-0.39950588,129.80058,81.60042,-6.5962987,WAL
1837232352000,49.714964,-1.38456511496376,-5.25609678706186,-4.37385154542747,1.5454891,2.7989845,-0.43585235,130.79056,81.66367,-6.543415,WAL
1837237355000,49.719967,-1.64622747946579,-5.03249448052825,-4.06937167780757,1.4789047,2.7030787,-0.464563,131.75935,81.73837,-6.4847064,WAL
1837242404000,49.725016,-1.82055046948504,-4.8708043725846,-3.74165979154487,1.4318681,2.6719246,-0.52106804,132.6942,81.794914,-6.4254866,WAL
1837247358000,49.72997,-1.93223700245218,-4.75446433531143,-3.40660019264345,1.352761,2.5781567,-0.5662721,133.5785,81.877686,-6.355898,WAL
1837252351000,49.734963,-2.02683706867173,-4.57412623211715,-2.89799586815896,1.2464706,2.4141395,-0.59895337,134.41318,81.92624,-6.310302,WAL
1837257350000,49.739962,-2.10709209225915,-4.34280316371166,-2.25123519587812,1.1160508,2.2397375,-0.6291912,135.21425,82.00673,-6.249302,WAL
1837262329000,49.744941,-2.32025792760626,-4.11791391299118,-1.42893523593625,0.9767735,2.1007655,-0.6414085,135.96342,82.05925,-6.198944,WAL
1837267334000,49.749946,-2.65658840886127,-3.89689640417001,-0.43916225968324,0.8213083,2.006387,-0.64660084,136.67178,82.14586,-6.138764,WAL
1837272344000,49.754956,-2.91414500253017,-3.78009491576489,0.220930123300895,0.68844515,1.9419407,-0.63041294,137.30374,82.172356,-6.0927687,WAL
1837277387000,49.759999,-3.10213980765862,-3.75659559579603,0.587519799453095,0.5381723,1.8936822,-0.6197228,137.90993,82.23367,-6.042391,WAL
1837282304000,49.764916,-3.23804747860018,-3.75328561238834,0.867640698635516,0.38545597,1.8854356,-0.5919284,138.44106,82.16579,-6.0526094,WAL
1837287349000,49.769961,-3.32341802071267,-3.77225683296358,1.06683866324728,0.22510384,1.8771889,-0.55680364,138.95403,82.12211,-6.068523,WAL
1837292286000,49.774898,-3.33038101696661,-3.78690413863227,1.21860228303339,0.06994407,1.8894062,-0.5170974,139.44771,82.02918,-6.125448,WAL
1837297312000,49.779924,-3.23413422246551,-3.79652891355729,1.31484907753449,-0.007941248,1.8872682,-0.49113566,139.92982,81.946304,-6.189296,WAL
1837302293000,49.784905,-3.08582675565166,-3.77076800452726,1.35840378021055,-0.16829337,1.8735237,-0.45906523,140.40012,81.858025,-6.280955,WAL
1837307361000,49.789973,-2.86273676713784,-3.69640464162507,1.33201679097514,-0.33353242,1.8173242,-0.4288274,140.85188,81.77881,-6.379125,WAL
1837312259000,49.794871,-2.64713006553156,-3.62453570881234,1.30651492174171,-0.50793445,1.7418822,-0.41813725,141.28346,81.72458,-6.4599776,WAL
1837317357000,49.799969,-2.42271949697524,-3.54973215236495,1.27997173485889,-0.66248333,1.6459764,-0.41141775,141.68674,81.689445,-6.5459933,WAL
1837322193000,49.804805,-2.21906938451233,-3.51208992972699,1.25541508784127,-0.8155051,1.5176947,-0.4083634,142.05705,81.70106,-6.5949416,WAL
1837327290000,49.809902,-2.02090451150919,-3.53190641185426,1.23064448518218,-0.95294976,1.3839152,-0.41599923,142.39302,81.735565,-6.639362,WAL
1837332178000,49.81479,-1.87482981197829,-3.58894012919586,1.21807536764677,-1.0809261,1.2296717,-0.42088616,142.6838,81.824905,-6.6292205,WAL
1837337252000,49.819864,-1.7933224977997,-3.70880377939813,1.22286990964973,-1.1841623,1.0690142,-0.42485678,142.93034,81.931656,-6.6130915,WAL
1837342231000,49.824843,-1.77692215693017,-3.82866211945058,1.2699576356546,-1.2767084,0.8958339,-0.4269948,143.12659,82.0831,-6.5456214,WAL
1837347254000,49.829866,-1.86933271620402,-3.95341634069734,1.39009128551532,-1.3552046,0.70921457,-0.43890667,143.27101,82.24829,-6.4705687,WAL
1837352278000,49.83489,-2.00562878342618,-4.14413234606314,1.48668050411328,-1.4340062,0.50701815,-0.4352415,143.36746,82.42626,-6.3700843,WAL
1837357352000,49.839964,-2.24926911908078,-4.49605740097493,1.52728725027855,-1.4953982,0.30726522,-0.4269948,143.41132,82.61079,-6.2654605,WAL
1837362311000,49.844923,-2.47354041838352,-4.81804456022187,1.55678505966719,-1.5592335,0.11728613,-0.4092797,143.40273,82.763824,-6.182346,WAL
1837367352000,49.849964,-2.62177507775357,-5.01887867927892,1.52809444983162,-1.6355917,-0.025961773,-0.3848451,143.35124,82.91854,-6.103359,WAL
1837372342000,49.854954,-2.74601820011651,-5.25818133121359,1.49661401872816,-1.7201965,-0.12858713,-0.35796702,143.27162,83.01998,-6.0922337,WAL
1837377374000,49.859986,-2.72730345930097,-5.75880108771845,1.44514843263107,-1.8133535,-0.20891592,-0.32559118,143.1573,83.117516,-6.0896406,WAL
1837382346000,49.864958,-2.70434819856527,-6.29262926888733,1.43906238112772,-1.9162843,-0.18417588,-0.22724187,143.05444,83.16597,-6.1549335,WAL
1837387348000,49.86996,-2.62744928635497,-7.30192667613123,1.97254828974616,-1.956296,-0.103847094,-0.13408493,142.94423,83.198364,-6.2288365,WAL
1837392344000,49.874956,-2.52975104470459,-8.34419241616021,2.54498316390356,-1.921782,-0.04184427,-0.029321533,142.84938,83.207306,-6.321405,WAL
1837397352000,49.879964,-2.2000425265418,-9.7681508802431,3.55800072532629,-1.8710803,0.13103059,0.030848695,142.80846,83.19271,-6.429905,WAL
1837402345000,49.884957,-1.85778296748466,-11.2280710858896,4.58635030122699,-1.7333301,0.28405234,0.12186762,142.77742,83.11512,-6.5222244,WAL
1837407339000,49.889951,-1.35012922626351,-13.1795107497322,5.83918373542701,-1.5170839,0.3924809,0.19150625,142.78188,83.01701,-6.6258364,WAL
1837412618000,49.89523,-0.798894876895558,-15.1773891683395,7.17202005733876,-1.2006557,0.4382958,0.21563543,142.78969,82.895805,-6.6673226,WAL
1837417359000,49.899971,-0.135639860041737,-16.2241593780185,8.46694672970287,-0.7666359,0.42394048,0.1966986,142.81067,82.734085,-6.7172313,WAL
1837422669000,49.905281,0.606894160332871,-17.3528731331484,9.83359188858067,-0.28527406,0.3494149,0.13958271,142.78415,82.56583,-6.6787424,WAL
1837427389000,49.910001,1.26309356782247,-17.8377081289875,10.0551115483125,0.1863139,0.31948254,-0.008552114,142.77484,82.35368,-6.6127625,WAL
1837432299000,49.914911,1.94570778196949,-18.3420597877947,10.2855483129912,0.5290093,0.37018433,-0.15393804,142.74625,82.08098,-6.4486084,WAL
1837437344000,49.919956,2.4692002189076,-18.6545345317885,9.84261707019764,0.75228053,0.58368176,-0.25534168,142.76976,81.729706,-6.269135,WAL
1837442391000,49.925003,2.95861224610067,-18.9274764490313,9.26849883078571,0.872621,0.8570439,-0.32436943,142.83853,81.31808,-6.072821,WAL
1837447360000,49.929972,2.70430238692422,-18.0045534338782,8.62749321248143,0.96486163,1.0928379,-0.31948254,143.00389,80.917145,-5.774896,WAL
1837452247000,49.934859,2.27314123265973,-16.8037916344725,7.97843348427935,1.0323622,1.2788464,-0.27458394,143.2406,80.46393,-5.4962955,WAL
1837457355000,49.939967,1.5255005113924,-14.8247749113924,7.30358803417722,1.0421361,1.3744467,-0.21533,143.587,80.09867,-5.1635895,WAL
1837462258000,49.94487,0.717159807432911,-12.7040697706329,6.65691540149873,0.95447695,1.3933836,-0.15790866,143.96216,79.71304,-4.8689427,WAL
1837467345000,49.949957,-0.107371830915577,-10.5560322065993,5.9859312901308,0.79259765,1.3677273,-0.13500121,144.34343,79.33318,-4.6672006,WAL
1837472274000,49.954886,-0.902525808204518,-8.4886319730975,5.33577616545779,0.5751296,1.321607,-0.115453534,144.71889,78.982086,-4.490995,WAL
1837477379000,49.959991,-1.51094620343902,-6.75777688041944,4.64583660597356,0.35124752,1.2754866,-0.08582657,145.03345,78.63235,-4.46203,WAL
1837482254000,49.964866,-2.03066956095816,-5.22180891997813,3.98226120964119,0.10995574,1.2165382,-0.03390302,145.32588,78.34566,-4.443543,WAL
1837487347000,49.969959,-2.47973488092308,-4.4084939774359,3.44134455917949,-0.11636983,1.1426234,0.042455133,145.5433,78.07547,-4.570537,WAL
1837492366000,49.974978,-2.89204917051748,-3.86172926512821,2.95732333691375,-0.36682457,1.0772609,0.13836098,145.7373,77.871124,-4.713783,WAL
1837497361000,49.979973,-3.3000278460199,-3.7763270761194,2.62823786575456,-0.47708577,0.90194255,0.1881465,145.84724,77.69672,-4.9533916,WAL
1837502345000,49.984957,-3.70570018507463,-3.96432151044776,2.3907710840796,-0.7272351,0.6386596,0.2932153,145.89641,77.60316,-5.223677,WAL
1837507338000,49.98995,-4.07216547857495,-4.57366191759141,2.29801070895831,-1.0152581,0.29901853,0.39461896,145.8691,77.53418,-5.556192,WAL
1837512349000,49.994961,-4.42214212374101,-5.37293325755396,2.26963428561151,-1.3054191,-0.1160644,0.4896085,145.73521,77.50308,-5.8962193,WAL
1837517351000,49.999963,-4.67062775188328,-7.2381083721513,2.04310627913726,-1.5891659,-0.5757405,0.57451874,145.48383,77.50666,-6.295211,WAL
1837522331000,50.004943,-4.86728222987868,-9.63199867648878,1.71786998605979,-1.8417587,-1.0900891,0.65240407,145.09276,77.53516,-6.69485,WAL
1837527433000,50.010045,-5.1300187745986,-12.022813096667,1.26307167802015,-2.080607,-1.6297885,0.72112644,144.55281,77.58147,-7.1290345,WAL
1837532404000,50.015016,-5.70987637451002,-14.025957662828,0.177156590410807,-2.257147,-2.1508565,0.80573124,143.86827,77.618416,-7.566724,WAL
1837537273000,50.019885,-6.2014995253752,-15.6739964178515,-0.775791330943918,-2.352442,-2.6025913,0.8781188,143.13985,77.77765,-7.9579654,WAL
1837542396000,50.025008,-6.55512562736967,-16.7348742180095,-1.54117370201422,-2.3295345,-2.8441887,0.91354895,142.32774,77.89212,-8.346887,WAL
1837547293000,50.029905,-6.52211937053158,-17.5838905737174,-1.98181448808113,-2.1649065,-2.8915308,0.9263771,141.51532,78.06035,-8.744864,WAL
1837552348000,50.03496,-5.61649116854973,-18.0725706908687,-1.75316580864975,-1.8805487,-2.7036896,0.8713993,140.71036,78.14919,-9.130453,WAL
1837557286000,50.039898,-4.6921439165445,-18.4195778282723,-1.43301118769634,-1.505172,-2.4016168,0.7483099,139.97719,78.22681,-9.498901,WAL
1837562326000,50.044938,-3.49936522,-17.9545964,-0.49799395,-1.0784826,-2.0864103,0.5540548,139.3121,78.230515,-9.833131,WAL
1837567299000,50.049911,-2.47864388089623,-17.3052845738679,0.298192850731132,-0.6780604,-1.7767016,0.3387248,138.80101,78.29996,-9.98521,WAL
1837572325000,50.054937,-1.97006839363208,-16.0111422046226,0.679624406910377,-0.37873647,-1.4813483,0.1872302,138.38354,78.333595,-10.109273,WAL
1837577387000,50.059999,-1.49419036178492,-14.6576787481367,1.01395309059142,-0.24801129,-1.1911873,0.09407325,138.09619,78.40461,-10.076293,WAL
1837582318000,50.06493,-1.27478133801181,-13.0029686015875,1.00481105191172,-0.22266038,-0.9450085,0.017715093,137.88913,78.47657,-10.016699,WAL
1837587440000,50.070052,-1.05169842173913,-11.2810240910294,0.976165343772528,-0.24617869,-0.7797695,-0.016493361,137.76553,78.52362,-9.930397,WAL
1837592353000,50.074965,-0.898391460869565,-9.58985703380511,0.707878239790245,-0.35033122,-0.7293731,-0.018936822,137.68283,78.58734,-9.839336,WAL
1837597301000,50.079913,-0.750442193544291,-7.90821364695963,0.393071824207916,-0.4120286,-0.7254025,-0.04428773,137.63768,78.63335,-9.752276,WAL
1837602314000,50.084926,-0.674245757160996,-6.45095627775022,-0.435564708635056,-0.5873469,-0.87995136,-0.06047566,137.56111,78.70848,-9.6662655,WAL
1837607360000,50.089972,-0.626966053864556,-5.02266674950085,-1.2742777771832,-0.84635377,-1.1236867,-0.032375857,137.43149,78.801384,-9.601538,WAL
1837612323000,50.094935,-0.934739970950625,-4.08224663079414,-2.15485306080583,-1.131017,-1.3582588,0.070249505,137.26073,78.90648,-9.551418,WAL
1837617302000,50.099914,-1.24350610699164,-3.1387947325389,-3.0382671928141,-1.4004086,-1.5601498,0.19730948,136.97649,79.09607,-9.515073,WAL
1837622321000,50.104933,-1.69310090363182,-2.3934443798136,-3.71184719008455,-1.6441438,-1.7186694,0.3399465,136.63779,79.28005,-9.510078,WAL
1837627357000,50.109969,-2.17038431985012,-1.68446988384896,-4.34668047279016,-1.9040669,-1.8701639,0.46211955,136.2448,79.4566,-9.533791,WAL
1837632318000,50.11493,-2.6149273331457,-1.33433870984145,-4.88539416906839,-2.1474967,-2.065641,0.57451874,135.76408,79.60594,-9.651602,WAL
1837637247000,50.119859,-3.04892673111924,-1.09076763612909,-5.39467917500704,-2.3860397,-2.2602015,0.6774496,135.24039,79.70088,-9.806085,WAL
1837642357000,50.124969,-3.36706142636558,-0.971112167683857,-5.76387564546842,-2.5665503,-2.4602597,0.75686204,134.65282,79.6617,-10.075184,WAL
1837647294000,50.129906,-3.59791014283389,-0.932637389975587,-6.02838972024209,-2.6823094,-2.718045,0.80573124,133.99539,79.52481,-10.374441,WAL
1837652315000,50.134927,-3.64970936013986,-1.18486938596057,-6.40359824422106,-2.7156014,-2.9055805,0.8576548,133.30453,79.204666,-10.784184,WAL
1837657308000,50.13992,-3.60791131608392,-1.58427318477078,-6.83086747847708,-2.64749,-2.9458976,0.88117313,132.5884,101.224495,-11.214814,WAL
1837662323000,50.144935,-3.45926480742272,-2.28313326926496,-7.0366560295565,-2.4877486,-2.8328876,0.8900307,131.87102,101.79413,-11.706047,WAL
1837667315000,50.149927,-3.24180104610772,-3.17275752217513,-7.09596452983562,-2.2482896,-2.6716192,0.91996306,131.1654,102.451546,-12.224249,WAL
1837672318000,50.15493,-2.99367566261916,-4.20271404718344,-7.13721209795859,-1.9981402,-2.5097399,0.97158116,130.53809,103.15538,-12.728341,WAL
1837677331000,50.159943,-2.73017196375542,-5.30295772941743,-7.16957218354357,-1.7534887,-2.2941043,1.0491611,129.98523,103.912544,-13.255096,WAL
1837682317000,50.164929,-2.5539279370405,-6.49077701557182,-7.01819247400442,-1.4883732,-1.9935588,1.1472049,129.54253,104.632416,-13.725223,WAL
1837687310000,50.169922,-2.43593164628999,-7.74397965350579,-6.74151123362832,-1.2168436,-1.8619173,1.2232577,129.12474,105.369354,-14.214048,WAL
1837692308000,50.17492,-2.35011576803683,-9.17555133212759,-6.37060130023019,-1.1154399,-1.6310102,1.2498302,128.86514,106.02355,-14.597219,WAL
1837697321000,50.179933,-2.36590284413022,-11.1699868171654,-5.70228152581388,-0.9272934,-1.4117095,1.2864822,128.65056,106.66947,-14.99957,WAL
1837702254000,50.184866,-2.26674956791045,-12.8356391332893,-5.07833942579822,-0.81245077,-1.1798862,1.2812898,128.51653,107.175354,-15.2847805,WAL
1837707296000,50.189908,-1.99763093656716,-14.103688797185,-4.48992740454374,-0.81061816,-0.9129381,1.2782356,128.46198,107.68154,-15.568145,WAL
1837712252000,50.194864,-1.61142194236981,-15.0962861762087,-4.01256885524381,-0.8735373,-0.6188065,1.2663237,128.47307,107.988014,-15.733526,WAL
1837717314000,50.199926,-0.913791372818097,-15.4777248298996,-3.77667949802257,-1.0693196,-0.25289822,1.2266175,128.5816,108.30268,-15.875355,WAL
1837722324000,50.204936,-0.161479778437677,-15.5375493372423,-3.66319293928504,-1.3292428,0.17928895,1.1749994,128.80037,108.38686,-15.844395,WAL
1837727348000,50.20996,0.69850917060715,-15.0552272823908,-3.75419708802724,-1.5690074,0.63071835,1.1236867,129.12619,108.49836,-15.795675,WAL
1837732290000,50.214902,1.42458061287205,-14.5389583989177,-3.67239084267491,-1.7348573,0.9990701,1.0308352,129.58705,108.41856,-15.541297,WAL
1837737314000,50.219926,1.80119680088906,-13.8880173428682,-3.07259476691148,-1.8723019,1.1490375,0.86009824,130.1012,108.368935,-15.262472,WAL
1837742359000,50.224971,2.12468793861301,-13.2635780656037,-2.4398570264624,-1.9749273,1.0283916,0.573297,130.65457,108.23812,-14.802612,WAL
1837747319000,50.229931,2.21593931350495,-12.7708200980694,-1.69159474233983,-2.0027218,0.7156286,0.24495697,131.17592,108.10812,-14.311706,WAL
1837752325000,50.234937,2.30290230840286,-12.2617947520858,-0.940165034803337,-1.9804251,0.27366763,-0.053145275,131.56839,107.93422,-13.774607,WAL
1837757302000,50.239914,2.34551008507151,-11.6558188021454,-0.225303220083433,-1.8781052,-0.2773328,-0.3032946,131.82372,107.728424,-13.208405,WAL
1837762300000,50.244912,2.29557447230216,-11.0457097697842,0.437398253741007,-1.7195857,-0.84299403,-0.48472157,131.85718,107.52804,-12.689451,WAL
1837767315000,50.249927,1.25457587928426,-10.4166811228556,0.512704542811289,-1.5271631,-1.3707817,-0.6151413,131.73941,107.28808,-12.165252,WAL
1837772312000,50.254924,0.217313672043903,-9.78991020586608,0.587740540116215,-1.3329079,-1.7449366,-0.72204274,131.42763,107.026764,-11.692302,WAL
1837777329000,50.259941,-0.673653802923474,-9.41176983576956,0.142383989423904,-1.1404854,-1.9871446,-0.8011498,131.00693,106.72375,-11.228175,WAL
1837782394000,50.265006,-1.53656125661793,-9.04256766515595,-0.34313063811501,-0.9837985,-2.0167716,-0.84482664,130.54709,106.39108,-10.767319,WAL
1837787315000,50.269927,-2.09235304976608,-8.56945548274854,-0.696816328152047,-0.8594874,-1.983174,-0.84391034,129.99141,106.130104,-10.509462,WAL
1837792565000,50.275177,-2.66604919477094,-8.06917254747802,-1.06365933156872,-0.81336707,-1.8264871,-0.7602218,129.50659,105.92787,-10.368465,WAL
1837797321000,50.279933,-2.88524951536326,-7.68557220652476,-1.23227491539102,-0.7461719,-1.6197093,-0.70280045,129.05345,105.69865,-10.223872,WAL
1837802282000,50.284894,-3.11389812563628,-7.28543736811661,-1.40815841230912,-0.73364913,-1.4355333,-0.54641896,128.60834,105.65751,-10.233781,WAL
1837807302000,50.289914,-3.09449352924209,-7.052084797593,-1.64956543763676,-0.7287622,-1.2861768,-0.34972036,128.22366,105.623344,-10.264265,WAL
1837812258000,50.29487,-3.02840260244679,-6.85381226367615,-1.89976644070022,-0.7147123,-1.1664472,-0.14844026,127.8966,105.61554,-10.33256,WAL
1837817313000,50.299925,-2.87736708559404,-6.90770093213042,-2.11051017225232,-0.70402217,-1.0296134,0.04520403,127.576485,105.74078,-10.491513,WAL
1837822323000,50.304935,-2.71025484207624,-7.01446710521478,-2.31011659910991,-0.70371675,-0.88514376,0.21380283,127.30585,105.89508,-10.690502,WAL
1837827323000,50.309935,-2.38265725533259,-7.18171051539167,-2.40097585664663,-0.7174612,-0.7415904,0.34116822,127.08901,106.11501,-10.909536,WAL
1837832250000,50.314862,-2.01256055871447,-7.36435561493328,-2.45865317461546,-0.7449502,-0.6206391,0.43554693,126.91716,106.35874,-11.155729,WAL
1837837313000,50.319925,-1.6946942484671,-7.60389774346115,-2.4073341211952,-0.7715228,-0.54092115,0.5183192,126.80573,106.623955,-11.388045,WAL
1837842336000,50.324948,-1.39533549226686,-7.85483072522193,-2.32809207856685,-0.7834347,-0.5039638,0.56046885,126.72157,106.8953,-11.625405,WAL
1837847317000,50.329929,-1.14907245778543,-8.03503341515119,-2.26328081360164,-0.79534656,-0.50854534,0.5888741,126.69417,107.14383,-11.818878,WAL
1837852320000,50.334932,-0.932529287937157,-8.17423961557086,-2.20656720829657,-0.8164214,-0.56291234,0.59742624,126.66519,107.39234,-12.012339,WAL
1837857301000,50.339913,-0.877615166492445,-8.34191359507745,-2.18963776649244,-0.8414669,-0.6435465,0.5849035,126.64632,107.58777,-12.148985,WAL
1837862330000,50.344942,-0.873038360714625,-8.52040940273686,-2.18506096071462,-0.8753699,-0.7257079,0.54275376,126.61056,107.77838,-12.278114,WAL
1837867315000,50.349927,-0.915291689770126,-8.61523512449,-2.22418549178028,-0.8961393,-0.81122905,0.49541172,126.55769,107.93701,-12.37171,WAL
1837872318000,50.35493,-0.982042483470992,-8.66768223713802,-2.28616827562942,-0.9272934,-0.8933904,0.44257188,126.48053,108.09021,-12.454237,WAL
1837877329000,50.359941,-1.12616359797422,-8.70123885044102,-2.32007027479888,-0.9645562,-0.9599747,0.3848451,126.34747,108.27763,-12.540558,WAL
1837882321000,50.364933,-1.31151756924494,-8.72440807870505,-2.33860580256858,-1.0051788,-0.9804387,0.33750305,126.20457,108.45772,-12.615546,WAL
1837887312000,50.369924,-1.53113768717853,-8.74182065063597,-2.33854495998515,-1.0531317,-1.0351112,0.3173445,126.03536,108.64328,-12.693579,WAL
1837892356000,50.374968,-1.77779982380466,-8.75527475146226,-2.32509053135271,-1.0757337,-1.0509937,0.2874121,125.87113,108.815186,-12.753583,WAL
1837897316000,50.379928,-2.00901669066244,-8.70577056857115,-2.26261554500446,-1.1362094,-1.0473285,0.27183503,125.66374,109.04178,-12.847371,WAL
1837902315000,50.384927,-2.2270804065551,-8.57303645133182,-2.13462169152391,-1.2021828,-1.0186177,0.2941316,125.46404,109.26849,-12.94136,WAL
1837907296000,50.389908,-2.45011657270851,-8.49663276424443,-2.00889531961189,-1.2751812,-0.98563105,0.32834008,125.24372,109.52561,-13.072696,WAL
1837912326000,50.394938,-2.68381308292733,-8.50160513315442,-1.88458864093724,-1.3542882,-0.91415983,0.39584067,125.05106,109.79956,-13.211842,WAL
1837917314000,50.399926,-2.84275141122361,-8.49093516128012,-1.73385007600687,-1.416902,-0.8246681,0.46944994,124.84187,110.10343,-13.396798,WAL
1837922330000,50.404942,-2.92092083866112,-8.46270720919405,-1.5514548208968,-1.4517213,-0.75441855,0.5503896,124.657295,110.42117,-13.5936,WAL
1837927320000,50.409932,-2.99868508166614,-8.434625574244,-1.37000499573747,-1.4489723,-0.67103547,0.63163465,124.464294,110.76824,-13.835672,WAL
1837932321000,50.414933,-3.07662074885413,-8.40648203589025,-1.18815518098359,-1.4239268,-0.63529986,0.7107417,124.28756,111.119736,-14.090421,WAL
1837937452000,50.420064,-3.14245124501367,-8.39308754966083,-0.99344169912929,-1.3756685,-0.6414085,0.79381937,124.125046,111.48227,-14.363907,WAL
1837942325000,50.424937,-3.03377870735041,-8.56790870648982,-0.709948053973879,-1.3292428,-0.6750061,0.86101454,123.97289,111.838524,-14.645628,WAL
1837947321000,50.429933,-2.92349088871615,-8.75403246389168,-0.422652232078235,-1.2794572,-0.7425067,0.9089675,123.75057,112.169685,-14.980464,WAL
1837952317000,50.434929,-2.82751141481444,-9.02757323540622,-0.17790479060662,-1.2208142,-0.8210029,0.9288206,123.52027,112.48442,-15.31946,WAL
1837957302000,50.439914,-2.73005098293553,-9.30096610448648,0.0550166052047143,-1.1554517,-0.8857546,0.9434814,123.24355,112.7612,-15.663858,WAL
1837962327000,50.444939,-2.61089811525206,-9.58216703545608,0.15033889337942,-1.0882565,-0.9639453,0.9309586,122.940636,113.01374,-16.003769,WAL
1837967392000,50.450004,-2.48542832092236,-9.88516312975508,0.219777495341324,-1.0106765,-1.0146471,0.92485,122.597946,113.215965,-16.335297,WAL
1837972308000,50.45492,-2.29733897581206,-10.4208090210179,-0.0419120379433733,-0.9288206,-1.0424415,0.90194255,122.23704,113.39059,-16.654085,WAL
1837977347000,50.459959,-2.10454357100921,-10.9698569555324,-0.310149132780962,-0.82650065,-1.039998,0.8729264,121.85335,113.528404,-16.951855,WAL
1837982321000,50.464933,-1.67324178300518,-11.232661615544,-0.70805850265285,-0.71837753,-1.0363328,0.8374963,121.45956,113.63805,-17.235487,WAL
1837987248000,50.46986,-1.17094348571832,-11.4060214640603,-1.14368009650871,-0.6227771,-1.0259482,0.82436264,121.06773,113.72535,-17.508726,WAL
1837992337000,50.474949,-0.744678851649076,-11.5751631926121,-1.58132291530343,-0.57910025,-0.9932669,0.7883216,120.720276,113.784706,-17.704786,WAL
1837997314000,50.479926,-0.381904074116095,-11.7347837749137,-2.00214164976659,-0.4792238,-0.9016371,0.7504479,120.392235,113.810585,-17.886124,WAL
1838002315000,50.484927,0.0226039267326443,-11.8292172465386,-2.22554129307722,-0.37140608,-0.77182823,0.71593404,120.173775,113.83683,-17.970768,WAL
1838007310000,50.489922,0.44704714074883,-11.8898519976599,-2.34681079531981,-0.28221974,-0.6469063,0.68508536,119.977806,113.83905,-18.037882,WAL
1838012321000,50.494933,0.945234888926472,-11.774577827163,-2.30961144366299,-0.18997909,-0.52656585,0.66675943,119.88792,113.83226,-18.028326,WAL
1838017314000,50.499926,1.48765725240796,-11.5477469750954,-2.17154029322471,-0.12522738,-0.4392121,0.6597345,119.8219,113.80973,-18.00787,WAL
1838022308000,50.50492,1.87259013119962,-11.3745187244722,-1.97830733309021,-0.086437434,-0.37843102,0.62888575,119.82334,113.755005,-17.916885,WAL
1838027335000,50.509947,2.18214425205374,-11.2266713738964,-1.75653712737044,-0.08674286,-0.38026363,0.56230146,119.82615,113.68751,-17.815327,WAL
1838032319000,50.514931,2.23788376388543,-11.3652482540473,-1.54948676861768,-0.13072516,-0.4034765,0.4474588,119.851685,113.58043,-17.645948,WAL
1838037310000,50.519922,2.11883562043379,-11.7025520091324,-1.35107307534247,-0.17134771,-0.42302418,0.2959642,119.86688,113.452705,-17.451603,WAL
1838042308000,50.52492,1.78753724783333,-12.1331441531373,-1.18435423469608,-0.21838433,-0.42302418,0.1020145,119.85779,113.27571,-17.195429,WAL
1838047317000,50.529929,1.34545876966667,-12.6128462615686,-1.03385946809804,-0.2443461,-0.39736784,-0.082161374,119.837135,113.07602,-16.90448,WAL
1838052314000,50.534926,0.811134060539326,-12.8668650957865,-0.862899895792135,-0.2724459,-0.36132678,-0.22815818,119.76456,112.84259,-16.596783,WAL
1838057312000,50.539924,0.219545622067416,-12.9833900963483,-0.679148959286517,-0.30207285,-0.3213151,-0.30451632,119.6904,112.59668,-16.262379,WAL
1838062290000,50.544902,-0.376431907177158,-13.0014392100368,-0.542013517384815,-0.30940324,-0.29810223,-0.30665436,119.555786,112.34596,-15.974864,WAL
1838067319000,50.549931,-0.9858766732122,-12.9128872552455,-0.453461704010383,-0.29046643,-0.26847526,-0.26450464,119.432434,112.096344,-15.683037,WAL
1838072297000,50.554909,-1.2542986166322,-12.8718762082718,-0.448166260555391,-0.2489276,-0.21930063,-0.20861048,119.25087,111.87539,-15.490741,WAL
1838077374000,50.559986,-1.33090552212703,-12.8575126228459,-0.491257636772033,-0.15302174,-0.13561209,-0.15607607,119.09258,111.65349,-15.309901,WAL
1838082385000,50.564997,-1.22864644656498,-12.9614582375208,-0.469286534054354,-0.016493361,-0.08307768,-0.115453534,118.889786,111.483025,-15.238619,WAL
1838087313000,50.569925,-1.01924209689591,-13.1359615054077,-0.408210274132002,0.1600467,0.03726278,-0.103847094,118.73408,111.29483,-15.164639,WAL
1838092319000,50.574931,-0.775710072049743,-13.4298345496891,-0.260304749268868,0.26145032,0.16768251,-0.099265605,118.60119,111.11746,-15.1071825,WAL
1838097322000,50.579934,-0.493205550909091,-13.8715689318182,-0.00348247,0.4746423,0.28038713,-0.10873401,118.49896,110.888565,-15.043229,WAL
1838102314000,50.584926,-0.259242114333979,-14.2517133898274,0.199286520653559,0.6747007,0.36713,-0.14385876,118.430435,110.61712,-14.938158,WAL
1838107299000,50.589911,-0.0609298134477984,-14.5866411503739,0.36234330291609,0.88300574,0.43860126,-0.20616703,118.38827,110.30321,-14.818817,WAL
1838112319000,50.594931,0.0793969580440098,-14.8464157310513,0.456695440323961,1.0461067,0.50579643,-0.28252518,118.34824,109.90669,-14.651415,WAL
1838117313000,50.599925,0.132992346259169,-14.9925848606357,0.449386976213325,1.2226468,0.5717699,-0.3555236,118.32618,109.46799,-14.467398,WAL
1838122330000,50.604942,0.186834569462103,-15.1394271760391,0.442044852776589,1.4062119,0.6133087,-0.44165558,118.29846,108.94612,-14.229056,WAL
1838127338000,50.60995,0.240580205061125,-15.2860060709046,0.434715900380501,1.6169603,0.6160576,-0.5439755,118.2755,108.384094,-13.970709,WAL
1838132317000,50.614929,0.236101257310058,-15.2261328224559,0.43324553705614,1.829236,0.62949663,-0.6762278,118.262886,107.78752,-13.6893,WAL
1838137315000,50.619927,0.169635442055148,-14.9460266990676,0.437993091747669,2.0314324,0.61758476,-0.82863873,118.2398,107.14808,-13.382557,WAL
1838142302000,50.624914,0.0737422851437506,-14.5257848632099,0.489693344870372,2.2250767,0.5934556,-0.9764681,118.219,106.44855,-13.027544,WAL
1838147325000,50.629937,-0.0572792166387572,-13.9386147594068,0.596451628477756,2.4199426,0.552833,-1.0968086,118.18761,105.711136,-12.648922,WAL
1838152318000,50.63493,-0.274341780529524,-13.4059972819048,0.642408581889524,2.6141977,0.49266282,-1.1835514,118.149376,104.95351,-12.26387,WAL
1838157302000,50.639914,-0.583455588476191,-12.9286890952381,0.62422540247619,2.8393016,0.4111123,-1.271516,118.092865,104.1621,-11.857467,WAL
1838162311000,50.644923,-0.995648229806704,-12.5171453262389,0.502012356052642,3.0897565,0.31429017,-1.3377949,118.007805,103.38157,-11.47933,WAL
1838167316000,50.649928,-1.57225052586881,-12.2165237012132,0.211247067337857,3.306308,0.25167647,-1.4101825,117.91145,102.59259,-11.085477,WAL
1838172317000,50.654929,-2.15864055553475,-12.0207596869394,-0.218681606338886,3.5195,0.28863382,-1.4779885,117.816376,101.85899,-10.73884,WAL
1838177336000,50.659948,-2.76035389584032,-11.959166736619,-0.829870705846821,3.6816847,0.44806966,-1.5402967,117.74336,101.14986,-10.381272,WAL
1838182247000,50.664859,-3.34668539265537,-11.9418618364555,-1.38427151974428,3.7696495,0.5561928,-1.570229,117.672455,100.59648,-10.117139,WAL
1838187309000,50.669921,-3.94731218851224,-11.989911952027,-1.88879808445832,3.7879753,0.79290307,-1.6041322,117.6888,100.091644,-9.838128,WAL
1838192293000,50.674905,-4.47667716205515,-12.0964192933669,-2.38776810398733,3.7458258,0.98715824,-1.6019942,117.73809,99.81516,-9.6980715,WAL
1838197320000,50.679932,-4.91172785736911,-12.29824720831,-2.8945795287125,3.6251798,1.1594223,-1.5683966,117.85026,99.59582,-9.560208,WAL
1838202245000,50.684857,-5.33792866293823,-12.5341357043111,-3.33145901143082,3.436117,1.2608259,-1.5399913,118.042244,99.50389,-9.499858,WAL
1838207300000,50.689912,-5.77530346594324,-12.9049531893352,-3.57867099905725,3.2378912,1.2476922,-1.5042557,118.24929,80.54736,-9.450203,WAL
1838212253000,50.694865,-6.20954245926198,-13.2877800087011,-3.7615274842017,3.0531044,1.1273518,-1.4941764,118.515205,80.55558,-9.426046,WAL
1838217314000,50.699926,-6.67699990179264,-13.760318453297,-3.70055482274872,2.9000828,0.9230174,-1.5308284,118.74877,80.56199,-9.394073,WAL
1838222290000,50.704902,-7.06653203380071,-14.1836763331464,-3.67415293090297,2.7800477,0.6404922,-1.5925257,118.96002,80.550026,-9.3763,WAL
1838227338000,50.70995,-7.2924795323238,-14.5135601604038,-3.72838028524958,2.7076602,0.32589662,-1.6844609,119.097534,80.559715,-9.332573,WAL
1838232312000,50.714924,-7.49618469514676,-14.7390915101981,-3.77548829836927,2.5876253,0.106901415,-1.8460348,119.211815,80.6028,-9.24558,WAL
1838237311000,50.719923,-7.60105501805968,-14.440793833666,-3.78947104378134,2.3286183,-0.009468411,-2.0402899,119.260544,80.68759,-9.119477,WAL
1838242340000,50.724952,-7.70655468877963,-14.1407060130458,-3.80353770244852,2.022575,-0.04550946,-2.2159138,119.30633,80.82138,-8.939714,WAL
1838247305000,50.729917,-7.81071175084457,-13.8444371664801,-3.81742534617145,1.7278323,-0.10598512,-2.3322835,119.30666,81.00228,-8.722326,WAL
1838252312000,50.734924,-7.88490942414632,-13.5111661035566,-3.80887246230621,1.5308284,-0.19547687,-2.3857343,119.31325,81.231415,-8.459062,WAL
1838257343000,50.739955,-7.37717661181477,-12.5249927359408,-3.37437029259297,1.4337007,-0.22418754,-2.3356433,119.31311,81.47058,-8.19785,WAL
1838262366000,50.744978,-6.84291002314361,-11.5879024491142,-3.02423860723709,1.3084733,-0.062002823,-2.140472,119.387566,81.69381,-7.9522977,WAL
1838267332000,50.749944,-6.03174593166227,-11.1531897968338,-3.54410065778364,1.1869112,0.30848694,-1.9511036,119.50666,81.904526,-7.7290435,WAL
1838272631000,50.755243,-5.15808758772352,-10.6959260302206,-4.07990977037541,1.2586879,0.70280045,-1.7803668,119.66784,82.08245,-7.5114713,WAL
1838277289000,50.759901,-3.98257667581303,-10.6259552034926,-3.59944323200878,1.4239268,0.86284715,-1.6484199,119.86125,82.21392,-7.345477,WAL
1838282465000,50.765077,-2.69836778926839,-10.5385395684586,-3.07302587928918,1.6200147,1.2232577,-1.5778649,120.25214,82.40649,-7.1265497,WAL
1838287273000,50.769885,-1.7775532997723,-10.3379658589249,-2.67643732575983,1.8270979,1.3390167,-1.5427402,120.61202,82.54903,-6.9403253,WAL
1838292564000,50.775176,-0.801502909090909,-10.1282168592375,-2.20769257706745,1.9550742,1.5757269,-1.4816537,121.03032,82.71442,-6.7287364,WAL
1838297282000,50.779894,-0.386328202121212,-10.0752161478006,-1.39501022374585,2.2290473,1.6792686,-1.4315627,121.43927,82.82641,-6.52928,WAL
1838302649000,50.785261,0.0792397944632957,-9.99667507216593,-0.500977646012235,2.4443772,1.5360206,-1.4046847,121.84043,82.977554,-6.230492,WAL
1838307287000,50.789899,0.342465589908717,-9.55088932661059,-0.358750809197094,2.4749205,1.2986995,-1.3979651,122.237755,83.08798,-5.948326,WAL
1838317279000,50.799891,0.90955315957035,-8.59049882001529,-0.0523405993098834,2.2482896,1.1468995,-1.2403619,122.910736,83.10767,-5.336844,WAL
1838322314000,50.804926,1.19531035665265,-8.10655504492449,0.102060462217549,2.0360138,1.2385293,-1.1227703,123.21584,83.077576,-5.0706205,WAL
1838327333000,50.809945,1.13378339802201,-7.76842791195717,-0.571722838756692,1.8521434,1.4162911,-0.9837985,123.53459,82.958954,-4.810577,WAL
1838332277000,50.814889,0.983562536392029,-7.47268083188578,-1.44957592001785,1.7583756,1.5409076,-0.8378017,123.856384,82.81558,-4.5965924,WAL
1838337318000,50.81993,0.701611977629081,-7.17398633327639,-2.39626323549734,1.717753,1.67316,-0.7058548,124.252144,82.69402,-4.358302,WAL
1838342303000,50.824915,0.384430257502847,-6.87946050606492,-3.34780841953303,1.7174476,1.9129245,-0.6056729,124.705666,82.55151,-4.165679,WAL
1838347322000,50.829934,0.0302352264769564,-6.62198428137952,-4.04410511753789,1.7137824,2.1731532,-0.51251596,125.226814,82.47734,-4.0309997,WAL
1838352271000,50.834883,-0.336263506846067,-6.38742505123209,-4.60118321259924,1.7253889,2.4312437,-0.42760566,125.8057,82.38893,-3.93155,WAL
1838357304000,50.839916,-0.604690114256667,-6.17623433019671,-4.82205265410441,1.7614299,2.6261096,-0.3549127,126.557236,82.316444,-3.852379,WAL
1838362330000,50.844942,-0.832290984230187,-5.97594556842255,-4.90854096900889,1.779756,2.733011,-0.30207285,127.34703,82.243546,-3.7961788,WAL
1838367315000,50.849927,-1.04090298576266,-5.86077927910644,-4.82603101351461,1.7880026,2.7763824,-0.27000242,128.23259,82.172554,-3.7839448,WAL
1838372337000,50.854949,-1.24022412508339,-5.79757994980289,-4.6364328225513,1.7592919,2.7693577,-0.25289822,129.12689,82.109695,-3.7835064,WAL
1838377327000,50.859939,-1.39873468096981,-5.7190710754905,-4.33277532812849,1.7085901,2.7418687,-0.27000242,130.04048,82.04057,-3.807707,WAL
1838382320000,50.864932,-1.53484075462031,-5.63157424497306,-3.96334454228932,1.6542231,2.6716192,-0.27763826,130.934,81.9847,-3.8371217,WAL
1838387314000,50.869926,-1.668714897046,-5.47910598450634,-3.53988995739492,1.6233743,2.5934284,-0.31795537,131.81137,81.909035,-3.8740702,WAL
1838392340000,50.874952,-1.80231173641951,-5.2930247614889,-3.08661500580888,1.5460999,2.4883597,-0.35308012,132.65671,81.86713,-3.906241,WAL
1838397315000,50.879927,-1.92683961722604,-5.02479534144763,-2.60073629850384,1.4660766,2.3741279,-0.38637227,133.45782,81.78567,-3.9400733,WAL
1838402313000,50.884925,-2.04780834543065,-4.71027668853619,-2.0926678724626,1.3469579,2.25562,-0.42119157,134.22485,81.74542,-3.9593513,WAL
1838407300000,50.889912,-2.16040400821471,-4.39162287667062,-1.53636463929419,1.2220359,2.1218405,-0.44806966,134.93073,81.66003,-3.986236,WAL
1838412327000,50.894939,-2.26986216263345,-4.06800711791222,-0.951000752669039,1.0937542,1.9908098,-0.464563,135.60063,81.61444,-4.002172,WAL
1838417320000,50.899932,-2.42156932521507,-3.78641730596262,-0.397106493637892,0.93034774,1.863139,-0.45234573,136.20552,81.525406,-4.0337043,WAL
1838422296000,50.904908,-2.59591974467517,-3.52724785927025,0.140081042942747,0.766025,1.7617353,-0.43554693,136.77759,81.47473,-4.0587378,WAL
1838427380000,50.909992,-2.80261194661939,-3.31263011325277,0.597842176969939,0.60048056,1.6670512,-0.41233405,137.27933,81.3648,-4.1040397,WAL
1838432324000,50.914936,-3.02012878880455,-3.13294225275142,0.990318138444023,0.4288274,1.6019942,-0.3827071,137.75629,81.29739,-4.1541104,WAL
1838437317000,50.919929,-3.18430655141965,-3.04713066870914,1.26177165303932,0.25717425,1.5479325,-0.36285394,138.17877,81.166756,-4.2352586,WAL
1838442324000,50.924936,-3.31530758112987,-3.01905907880769,1.45827331973851,0.087964594,1.5170839,-0.32406402,138.58365,81.07305,-4.329656,WAL
1838447323000,50.929935,-3.33844466763703,-3.01798111526714,1.52149638359611,-0.10903945,1.4880677,-0.28496864,138.95624,80.93825,-4.470206,WAL
1838452317000,50.934929,-3.28171371126872,-3.03689149987644,1.48603947724509,-0.28252518,1.45783,-0.25411993,139.31425,80.834366,-4.6192627,WAL
1838457302000,50.939914,-3.22508499330796,-3.05576780489794,1.45064647000445,-0.47555858,1.428203,-0.21960606,139.65436,80.72432,-4.80295,WAL
1838462323000,50.944935,-3.168047321717,-3.07478042827065,1.41499786632234,-0.6563747,1.3860532,-0.19333886,139.97652,80.64686,-4.991782,WAL
1838467314000,50.949926,-3.03885224475642,-3.12366964581804,1.32333049028673,-0.8399397,1.3399329,-0.18295415,140.28955,80.601875,-5.1847696,WAL
1838472289000,50.954901,-2.84504038147634,-3.19930336791348,1.18151702689751,-0.98868537,1.2846496,-0.17745635,140.58205,80.58217,-5.3813643,WAL
1838477369000,50.959981,-2.63762996339727,-3.31090294057742,1.06900893090271,-1.1108584,1.2528846,-0.17898351,140.87024,80.60917,-5.5538783,WAL
1838482320000,50.964932,-2.42666841144948,-3.45154394257465,0.98931234515523,-1.1676689,1.1820242,-0.18173242,141.12651,80.646774,-5.7228513,WAL
1838487306000,50.969918,-2.25498768573903,-3.58462854507313,0.974932195409931,-1.248914,1.0763446,-0.18967366,141.3719,80.75007,-5.8459864,WAL
1838492402000,50.975014,-2.12349279081986,-3.71142724453426,1.0312872029157,-1.3231341,0.95233893,-0.19730948,141.58765,80.856155,-5.9637537,WAL
1838497325000,50.979937,-2.03441373818529,-3.85044149777459,1.09870491641834,-1.387275,0.81245077,-0.20341812,141.77058,81.004524,-6.019183,WAL
1838502340000,50.984952,-1.99771639186246,-4.01557960412607,1.18586116183381,-1.4404203,0.65301496,-0.204029,141.90942,81.15898,-6.067922,WAL
1838507317000,50.989929,-1.99187301938743,-4.11966567240291,1.27356111250395,-1.4990633,0.47250426,-0.21594086,141.99666,81.32486,-6.0610733,WAL
1838512370000,50.994982,-2.05299288628565,-4.09419910551521,1.3652408596674,-1.5241088,0.2864958,-0.21502456,142.03496,81.48602,-6.052563,WAL
1838517339000,50.999951,-2.11157891723728,-4.21279797456956,1.45113363275282,-1.566564,0.13713925,-0.18753563,142.03195,81.63584,-6.0234747,WAL
1838522362000,51.004974,-2.16869856861271,-4.53171647541065,1.532053138868,-1.5855007,0.017715093,-0.1563815,141.98497,81.7794,-5.992785,WAL
1838527330000,51.009942,-2.22403605822773,-4.85315064426922,1.61222883383085,-1.6459764,-0.10354166,-0.14049901,141.88794,81.90883,-5.974293,WAL
1838532351000,51.014963,-2.27820116209518,-5.18716916969868,1.69347660746269,-1.7058412,-0.17134771,-0.080634214,141.7714,82.01949,-5.977569,WAL
1838537331000,51.019943,-2.32001120561851,-5.65427586018474,1.80830920658985,-1.7919732,-0.20586158,-0.014049901,141.6459,82.10305,-5.9963427,WAL
1838542352000,51.024964,-2.32916954595753,-6.50140983805352,2.0189479264451,-1.8289305,-0.18173242,0.052839845,141.51791,82.16921,-6.0340977,WAL
1838547314000,51.029926,-2.33039751448698,-7.40395723848902,2.26921048540071,-1.8338175,-0.11636983,0.1432479,141.38821,82.20413,-6.0995746,WAL
1838552350000,51.034962,-2.29100689421133,-8.65953101041348,2.74189705467075,-1.7779233,-0.039095376,0.258396,141.26794,82.20794,-6.1932225,WAL
1838557307000,51.039919,-2.20990192837109,-10.0020496971658,3.30104094662156,-1.6756034,0.09193522,0.35521814,141.18329,82.1625,-6.2767596,WAL
1838562347000,51.044959,-1.95902845264293,-11.7912981349417,4.24299969684221,-1.4764613,0.2510656,0.4569272,141.12653,82.06385,-6.3974276,WAL
1838567327000,51.049939,-1.6260935732801,-13.523960220004,5.3149155178878,-1.1322387,0.44135013,0.52290064,141.10016,81.88067,-6.462483,WAL
1838572318000,51.05493,-0.86747341058894,-15.0841409412058,7.09457185211619,-0.6133087,0.5699373,0.45753807,141.10207,81.64715,-6.524702,WAL
1838577416000,51.060028,-0.0287903642444113,-16.5364020005961,8.77426496766021,0.03481932,0.54733527,0.23426682,141.11342,81.31299,-6.52958,WAL
1838582401000,51.065013,1.08112013834873,-17.3142883438649,9.78931126199702,0.56199604,0.41905355,0.07849618,141.13058,80.91338,-6.539262,WAL
1838587345000,51.069957,2.15858793848814,-18.0239446088752,10.5833890429354,0.73823065,0.38026363,-0.25350907,141.13432,80.48971,-6.3704524,WAL
1838592365000,51.074977,3.12370118908846,-18.4026018925175,10.2139677202958,0.9266826,0.4896085,-0.5161811,141.15678,79.961945,-6.1899967,WAL
1838597362000,51.079974,4.01338504003149,-18.7092064879945,9.81428105126944,1.0259482,0.700357,-0.66523224,141.2278,79.48102,-5.8279796,WAL
1838602353000,51.084965,4.02279220570754,-18.1447750740012,9.01937466758512,1.1142182,0.9245446,-0.6597345,141.35037,78.95128,-5.4656043,WAL
1838607477000,51.090089,3.97200045445619,-17.4612773982251,8.20568827095921,1.2113458,1.0882565,-0.5946773,141.61311,78.5444,-4.960774,WAL
1838612349000,51.094961,3.07777705234139,-15.3556677177115,7.46564149830061,1.2415836,1.1905763,-0.5222898,141.9251,78.102196,-4.4991574,WAL
1838617331000,51.099943,2.16336387719033,-13.2025175887462,6.70888595203927,1.1600331,1.2718215,-0.44012842,142.3091,77.725204,-4.0853295,WAL
1838622342000,51.104954,1.12471904873847,-10.8639317059606,6.07686315636467,1.0012082,1.3115277,-0.39003745,142.70572,77.3463,-3.708819,WAL
1838627361000,51.109973,0.0737466133434736,-8.50609816589029,5.45541858271699,0.77854776,1.3319917,-0.35827246,143.113,76.99701,-3.373362,WAL
1838632405000,51.115017,-0.749917256922099,-6.26194361068362,4.78455737154213,0.4868596,1.3133603,-0.312763,143.46284,76.68086,-3.2075698,WAL
1838637252000,51.119864,-1.49281456837308,-4.13164863264441,4.13021725193429,0.19761491,1.2428054,-0.2452624,143.79723,76.42747,-3.059969,WAL
1838642386000,51.124998,-2.51935872541022,-2.98198765707104,3.43125001648487,-0.08552113,1.1145236,-0.14966199,144.03242,76.199936,-3.09611,WAL
1838647261000,51.129873,-3.51571268656929,-1.99006193265674,2.76701418109646,-0.3371976,0.94959,-0.02321288,144.22656,76.04235,-3.1520693,WAL
1838652317000,51.134929,-4.16667185081919,-2.35734160866561,2.47562448831425,-0.57360244,0.71685034,0.119729586,144.29391,75.95262,-3.3462837,WAL
1838657269000,51.139881,-4.71430796886103,-3.04539718024082,2.28371777311488,-0.81183994,0.45540005,0.2779437,144.2898,75.92019,-3.5645473,WAL
1838662320000,51.144932,-5.11881140694431,-4.27977831199562,2.35398236277772,-1.0604621,0.15790866,0.43463063,144.18724,75.8837,-3.9450955,WAL
1838667250000,51.149862,-5.47160848425824,-5.62981512130118,2.4951011937033,-1.3353515,-0.13530666,0.5858198,143.9999,75.89021,-4.3537736,WAL
1838672338000,51.15495,-5.42411811998314,-7.32904919524077,2.63403092692524,-1.6279559,-0.29749137,0.70249504,143.74736,75.9484,-4.8538284,WAL
1838677343000,51.159955,-5.2579685782462,-9.08933686059584,2.76874673355818,-1.9172006,-0.6973027,0.73914695,143.34062,76.04249,-5.341974,WAL
1838682420000,51.165032,-5.44914403564997,-11.2013980709155,2.45995550903389,-2.0393736,-1.1734722,0.786489,142.84865,76.13439,-5.885452,WAL
1838687344000,51.169956,-5.81647079931209,-13.4149007023773,1.93520276180071,-2.2489004,-1.6804903,0.8772025,142.23164,76.26988,-6.4252343,WAL
1838692402000,51.175014,-6.50852451021397,-15.0776420771094,0.942286998490109,-2.3628268,-2.1630738,0.98746365,141.52322,76.44186,-6.884738,WAL
1838697347000,51.179959,-7.3306336549455,-16.4207396124344,-0.238299929426726,-2.3606887,-2.48164,1.0885619,140.72005,76.577324,-7.3442326,WAL
1838702332000,51.184944,-7.28492304812371,-17.29566819216,-0.913026312802127,-2.1939225,-2.5815165,1.1438452,139.91727,76.77029,-7.786079,WAL
1838707358000,51.18997,-6.84877248072491,-17.9641162916379,-1.36339935629272,-1.8454239,-2.424524,1.1496484,139.10573,76.86169,-8.23231,WAL
1838712359000,51.194971,-5.50597424562667,-18.4160694605886,-1.05699048200247,-1.3875804,-2.1175644,1.0558805,138.37827,76.96465,-8.716097,WAL
1838717352000,51.199964,-3.71000750791315,-18.7605016854291,-0.373047065917884,-0.8579602,-1.7650951,0.8588765,137.7232,76.95251,-9.170411,WAL
1838722324000,51.204936,-2.45794569219613,-18.1233467175414,0.379064263321823,-0.3839288,-1.4532484,0.6221663,137.22726,76.97768,-9.50091,WAL
1838727481000,51.210093,-1.37625217180347,-17.0660156975138,1.18789811033346,-0.050701816,-1.294118,0.36682457,136.80275,76.95072,-9.770945,WAL
1838732353000,51.214965,-0.885056970024716,-15.4907006287692,1.31908553321799,0.106901415,-1.208597,0.14508049,136.52808,77.024055,-9.758307,WAL
1838737348000,51.21996,-0.601303212466634,-13.6368425511616,1.19139639515571,0.11942416,-1.0387764,-0.03573562,136.33438,77.100464,-9.700308,WAL
1838742435000,51.225047,-0.51751100485001,-11.7123436728408,0.91396419044091,0.0106901415,-0.8176431,-0.15332718,136.18886,77.191925,-9.512835,WAL
1838747356000,51.229968,-0.531743196682102,-9.83369668914838,0.577136116062009,-0.15790866,-0.6609562,-0.21991149,136.08289,77.31308,-9.30437,WAL
1838752370000,51.234982,-0.562512807594786,-8.17374748534183,0.148171275645338,-0.30665436,-0.62858033,-0.26083946,135.99521,77.450874,-9.088355,WAL
1838757345000,51.239957,-0.60044263533884,-6.6423308956314,-0.316469188480446,-0.48349985,-0.77763146,-0.26725355,135.90514,77.62875,-8.869707,WAL
1838762357000,51.244969,-0.760167120015842,-5.23601780744554,-0.955833591255446,-0.6976081,-1.0384709,-0.2452624,135.78554,77.81513,-8.688038,WAL
1838767339000,51.249951,-0.977467734186139,-3.90387056748515,-1.67387034925149,-0.9300423,-1.3142766,-0.16035213,135.62106,78.02472,-8.520405,WAL
1838772339000,51.254951,-1.35378816207205,-2.74760268877642,-2.42653589681453,-1.1664472,-1.4355333,-0.03176499,135.39304,78.27636,-8.402605,WAL
1838777394000,51.260006,-1.81978431777315,-1.67629192872879,-3.20479751664186,-1.4126259,-1.6789632,0.033292156,135.05711,78.564674,-8.278661,WAL
1838782417000,51.265029,-2.25055425755481,-0.901753919233656,-3.87090824010468,-1.5470163,-1.9010127,0.16432275,134.64314,78.867134,-8.255358,WAL
1838787357000,51.269969,-2.65702463875173,-0.294384207363223,-4.46893387806636,-1.8124372,-2.087632,0.30268374,134.16885,79.21133,-8.250532,WAL
1838792314000,51.274926,-3.04027903792316,-0.045937868216023,-4.91538728371885,-2.0955732,-2.2815816,0.40286562,133.6141,79.53455,-8.345273,WAL
1838797364000,51.279976,-3.4147757677951,-0.0267329152427281,-5.27067892325027,-2.3854287,-2.4804184,0.48563787,133.00139,79.83501,-8.47864,WAL
1838802349000,51.284961,-3.63563997402903,-0.238356902633974,-5.57389326983131,-2.6096163,-2.7101038,0.5488624,132.32416,80.06914,-8.705268,WAL
1838807357000,51.289969,-3.75794057975677,-0.60525866382346,-5.84671757708905,-2.7097983,-2.9269607,0.58368176,131.59425,80.22545,-8.958709,WAL
1838812345000,51.294957,-3.68601204226179,-1.08526898014087,-6.05790274369008,-2.6936102,-3.0427198,0.6160576,130.82753,80.24122,-9.295593,WAL
1838817352000,51.299964,-3.46084560644688,-1.65756707185482,-6.22208669191939,-2.595261,-3.0051515,0.65118235,130.0461,80.128845,-9.660406,WAL
1838822339000,51.304951,-3.21645113036502,-2.3383465941436,-6.29168945519454,-2.4630086,-2.9553661,0.71929383,129.25218,79.87999,-10.063944,WAL
1838827454000,51.310066,-2.9462750556057,-3.14396227434818,-6.27204030477337,-2.275473,-2.8554895,0.81214535,128.48976,79.49676,-10.502324,WAL
1838832411000,51.315023,-2.6149587742704,-4.01161534627755,-6.41011797438952,-2.0711386,-2.6633725,0.929126,127.80588,100.947136,-10.918967,WAL
1838837351000,51.319963,-2.2251749247568,-4.95085351542585,-6.68249699146317,-1.8191566,-2.3475552,1.1032226,127.1959,101.50839,-11.389178,WAL
1838842360000,51.324972,-2.00663669522513,-6.22208287507537,-6.61296342623748,-1.5467108,-1.9981402,1.2791518,126.685,102.077415,-11.822508,WAL
1838847357000,51.329969,-1.96009845774579,-7.79973019470972,-6.20808032281435,-1.244027,-1.7137824,1.423316,126.25818,102.71189,-12.29848,WAL
1838852320000,51.334932,-1.92044590792689,-9.54934233147078,-5.82069486057392,-1.0302242,-1.4700472,1.5283848,125.98478,103.29341,-12.685901,WAL
1838857355000,51.339967,-1.88847935621744,-11.554100133346,-5.44623005145374,-0.91599244,-1.2052372,1.5989398,125.811005,103.91076,-13.0977545,WAL
1838862275000,51.344887,-1.72787749681946,-13.4199996470221,-5.15367299876312,-0.84513205,-0.8940013,1.6313156,125.73402,104.42717,-13.439972,WAL
1838867346000,51.349958,-1.28872699934518,-15.1463154175242,-5.00728939418979,-0.83199847,-0.50885075,1.6157386,125.761925,104.94562,-13.774233,WAL
1838872263000,51.354875,-0.727674790470553,-16.2624138214462,-4.99726414753872,-0.89644474,-0.2837469,1.5928311,125.85331,105.29317,-13.983286,WAL
1838877433000,51.360045,0.0733494643385617,-16.565241076058,-5.1926359331755,-0.9673051,0.20861048,1.5219707,126.13268,105.62241,-14.1526785,WAL
1838882322000,51.364934,0.779507905055262,-16.5267977057184,-5.17607399048534,-1.1630874,0.73823065,1.4285084,126.52418,105.75292,-14.119645,WAL
1838887343000,51.369955,1.42187553581932,-15.9629922456511,-4.8340939458914,-1.3347405,1.2437216,1.2458596,127.03832,105.865295,-14.039048,WAL
1838892295000,51.374907,1.95589095481662,-15.2947706094175,-4.24453198669918,-1.5219707,1.5671748,1.0024298,127.682816,105.8471,-13.747969,WAL
1838897362000,51.379974,2.26085486833318,-14.3389136876466,-3.02922802999719,-1.7336355,1.5803084,0.7360926,128.3616,105.84296,-13.416063,WAL
1838902316000,51.384928,2.52413120362319,-13.4281892586641,-1.80473622034236,-1.9666806,1.2657127,0.4654793,129.02753,105.72932,-12.933328,WAL
1838907302000,51.389914,2.61439586884058,-12.6308518276623,-0.390591264765805,-2.1594086,0.6591236,0.19211712,129.58961,105.63186,-12.416863,WAL
1838912281000,51.394893,2.66856621209171,-11.9043352336018,0.798823714021422,-2.2397375,-0.11575896,-0.04886922,129.91162,105.49861,-11.907794,WAL
1838917314000,51.399926,2.61736656386651,-11.3752736869965,1.34495175063291,-2.2131648,-0.9425651,-0.2574797,130.03635,105.37074,-11.388042,WAL
1838922318000,51.40493,2.56514646476344,-10.8498727906789,1.88564549275699,-2.0717494,-1.6108516,-0.42943826,129.85272,105.273,-10.9705305,WAL
1838927332000,51.409944,1.96449632508827,-10.5786114960153,1.47390949971754,-1.8551978,-2.0161607,-0.6059783,129.50554,105.13241,-10.53558,WAL
1838932580000,51.415192,1.31669179049439,-10.307815582155,1.04832932534959,-1.6178766,-2.1798725,-0.7874053,128.98097,104.95348,-10.143094,WAL
1838937309000,51.419921,0.49968421251097,-10.2239063827401,0.73035877127255,-1.4101825,-2.221717,-0.9569204,128.377,104.7169,-9.729233,WAL
1838942821000,51.425433,-0.443180929865406,-10.1114337270112,0.354392021561697,-1.2324207,-2.1361957,-1.0751228,127.76201,104.51494,-9.371755,WAL
1838947320000,51.429932,-1.0983474789849,-9.84139942967225,-0.0174592543285729,-1.0864239,-1.964848,-1.0943651,127.16648,104.27388,-9.002469,WAL
1838952577000,51.435189,-1.85077254515209,-9.51372063593156,-0.428452863507605,-0.95233893,-1.7931949,-1.0479393,126.59998,104.07905,-8.747274,WAL
1838957304000,51.439916,-2.3714585598384,-9.07479487119772,-0.51881986161692,-0.83016586,-1.6471981,-0.94042706,126.08747,103.87106,-8.506596,WAL
1838962260000,51.444872,-2.91736926192966,-8.61460530275665,-0.613564698221483,-0.7666359,-1.5745052,-0.8002335,125.63251,103.75284,-8.402673,WAL
1838967315000,51.449927,-3.25869954069458,-7.82638715788509,-0.803673390832035,-0.74097955,-1.5647314,-0.60048056,125.21655,103.65009,-8.347794,WAL
1838972303000,51.454915,-3.5738627989737,-7.01659292238615,-1.00065042497114,-0.7678576,-1.5274686,-0.4999932,124.83628,103.55615,-8.303755,WAL
1838977340000,51.459952,-3.54481760922683,-6.79196479303716,-1.34482344438274,-0.7825184,-1.4465289,-0.28771752,124.42042,103.60423,-8.434691,WAL
1838982252000,51.464864,-3.39410869953012,-6.78191748692866,-1.7316429722768,-0.8231409,-1.325883,-0.0852157,124.03518,103.677795,-8.586026,WAL
1838987309000,51.469921,-3.02412741982984,-6.8574699927356,-1.90264450307592,-0.8567385,-1.1456778,0.08552113,123.642784,103.88076,-8.826738,WAL
1838992343000,51.474955,-2.61847404176328,-6.94761506758601,-2.0333549769166,-0.874759,-0.95172805,0.23243423,123.30122,104.118095,-9.108906,WAL
1838997318000,51.47993,-2.13230226937655,-7.19203849626359,-1.99770307311295,-0.88147855,-0.77854776,0.36560285,123.037994,104.41728,-9.392532,WAL
1839002245000,51.484857,-1.61914659832023,-7.49180286350813,-1.9011688348121,-0.86315256,-0.679893,0.462425,122.81761,104.73037,-9.697673,WAL
1839007302000,51.489914,-1.25608502499506,-7.78598456915629,-1.8662179914839,-0.82986045,-0.66798115,0.51343226,122.67391,105.031395,-9.9581375,WAL
1839012260000,51.494872,-0.927718379786603,-8.07213248755187,-1.84276325210433,-0.7837401,-0.7171558,0.5314528,122.546684,105.33032,-10.22895,WAL
1839017313000,51.499925,-0.726102837796296,-8.28143013074074,-1.93939918477778,-0.73426,-0.79717916,0.5335908,122.46711,105.55307,-10.438223,WAL
1839022304000,51.504916,-0.553499523819444,-8.47173649861111,-2.05889384541667,-0.6924158,-0.88361657,0.5207626,122.37244,105.76025,-10.644066,WAL
1839027333000,51.509945,-0.47687027054971,-8.58926483637535,-2.2135010094052,-0.6786713,-0.95081174,0.4914411,122.27034,105.923706,-10.790552,WAL
1839032280000,51.514892,-0.446350748867297,-8.67065026293751,-2.38135833882328,-0.6948592,-1.0235047,0.45112398,122.141655,106.07426,-10.930735,WAL
1839037310000,51.519922,-0.52885295481384,-8.65304416011659,-2.45383525980632,-0.73884153,-1.0894781,0.41141775,121.99978,106.22773,-11.03374,WAL
1839042385000,51.524997,-0.638523437608123,-8.61191786028582,-2.50410080629936,-0.81000733,-1.1716396,0.36193767,121.83231,106.37548,-11.125528,WAL
1839047317000,51.529929,-0.837925615436242,-8.54184360939597,-2.50844199744966,-0.88270026,-1.2483032,0.32895094,121.65336,106.55178,-11.212203,WAL
1839052336000,51.534948,-1.0811092505937,-8.45747362343831,-2.49355321297883,-0.9825767,-1.3112222,0.30818152,121.45687,106.73586,-11.291276,WAL
1839057310000,51.539922,-1.30893395293143,-8.38405478831109,-2.43685793891394,-1.0775663,-1.3396275,0.29718593,121.24263,106.940216,-11.377661,WAL
1839062325000,51.544937,-1.53437451956742,-8.31332782558675,-2.36613157623562,-1.1695015,-1.325883,0.31948254,121.02867,107.16064,-11.467604,WAL
1839067314000,51.549926,-1.78425344157839,-8.23383652065678,-2.28074607870763,-1.246776,-1.317331,0.34972036,120.77916,107.41962,-11.593295,WAL
1839072309000,51.554921,-2.05282512012712,-8.14769129025424,-2.18446565466102,-1.3222178,-1.2776246,0.3747658,120.54945,107.691826,-11.718368,WAL
1839077342000,51.559954,-2.23542244585948,-8.04542592317663,-2.09972256317251,-1.357648,-1.2299771,0.42485678,120.29592,107.99924,-11.897011,WAL
1839082317000,51.564929,-2.37755739236704,-7.93759948968213,-2.02130323645715,-1.4019357,-1.1835514,0.47891834,120.0612,108.31868,-12.076864,WAL
1839087313000,51.569925,-2.53409537289,-7.9483891652584,-1.96360572667693,-1.4245378,-1.1386528,0.5488624,119.801506,108.67068,-12.307822,WAL
1839092322000,51.574934,-2.69567339164662,-7.99917071673564,-1.91282403058416,-1.4514158,-1.0906999,0.602924,119.563614,109.02831,-12.540601,WAL
1839097319000,51.579931,-2.81653961900926,-8.14206565163109,-1.74402599355618,-1.4367551,-1.0525209,0.66950834,119.31142,109.40869,-12.815172,WAL
1839102310000,51.584922,-2.9176023438381,-8.32975378453484,-1.51783811480064,-1.4110987,-1.028697,0.74067414,119.077675,109.79118,-13.097206,WAL
1839107302000,51.589914,-2.99509023553678,-8.61320584204771,-1.26436321539165,-1.3796391,-1.026559,0.79045963,118.83487,110.173836,-13.410135,WAL
1839112329000,51.594941,-3.0620880027833,-8.94340828469185,-0.996372526178926,-1.3469579,-1.0433578,0.840856,118.60253,110.5525,-13.7350025,WAL
1839117312000,51.599924,-3.02626539725089,-9.33102954674474,-0.750167365712584,-1.3100005,-1.0775663,0.8677341,118.32627,110.906425,-14.081413,WAL
1839122307000,51.604919,-2.94080970188567,-9.74881251667328,-0.512790668789202,-1.2791518,-1.1282681,0.89675015,118.04775,111.252914,-14.435512,WAL
1839127325000,51.609937,-2.79887316134811,-10.1990257958032,-0.343474926974166,-1.2232577,-1.1679744,0.9104946,117.72209,111.55046,-14.800425,WAL
1839132319000,51.614931,-2.62845270126695,-10.6629477831337,-0.21092578349995,-1.1404854,-1.1969905,0.92149025,117.3895,111.830215,-15.164505,WAL
1839137312000,51.619924,-2.4078796281407,-11.0637568721385,-0.185477782423227,-1.0329732,-1.2311989,0.91690874,117.01185,112.04861,-15.512868,WAL
1839142326000,51.624938,-2.15764575376884,-11.4301712761958,-0.221225493426391,-0.91690874,-1.2748758,0.9007208,116.62466,112.240074,-15.852578,WAL
1839147316000,51.629928,-1.85592985817277,-11.6532594762607,-0.366418151055591,-0.7788532,-1.3106114,0.8790351,116.200745,112.393135,-16.175718,WAL
1839152312000,51.634924,-1.49864179559325,-11.7282455350788,-0.626665018731446,-0.65179324,-1.2986995,0.8558222,115.77796,112.51699,-16.483702,WAL
1839157292000,51.639904,-1.12638013798313,-11.7634493162503,-0.932633320343797,-0.5112942,-1.2229522,0.8335256,115.369965,112.59902,-16.746866,WAL
1839162329000,51.644941,-0.714350445654495,-11.7119456416827,-1.34466300729447,-0.37598756,-1.0803152,0.79320854,114.98272,112.64675,-16.98457,WAL
1839167312000,51.649924,-0.280552307092142,-11.6582513134224,-1.68513409833466,-0.28130344,-1.0045679,0.77304995,114.651344,112.68273,-17.160952,WAL
1839172304000,51.654916,0.186652238516155,-11.6010429336857,-1.94257340012964,-0.24220806,-0.8173377,0.75900006,114.39144,112.69503,-17.304144,WAL
1839177299000,51.659911,0.628201666222276,-11.5036522722398,-2.04398430689739,-0.16584991,-0.6236934,0.73548174,114.222046,112.69615,-17.377295,WAL
1839182315000,51.664927,1.03797604644748,-11.3537918454302,-1.94329686625396,-0.09773844,-0.46822822,0.71593404,114.09484,112.68803,-17.434748,WAL
1839187264000,51.669876,1.44227696505484,-11.2059331428223,-1.84395433360955,-0.049480084,-0.39584067,0.67103547,114.05433,112.65783,-17.408226,WAL
1839192339000,51.674951,1.85687125924202,-11.0543100036559,-1.74208257099683,-0.04642576,-0.41599923,0.58123827,114.02553,112.60872,-17.359716,WAL
1839197262000,51.679874,2.13042947306936,-10.9850554871291,-1.62340189268932,-0.07238753,-0.47800204,0.4456262,113.993515,112.54494,-17.291512,WAL
1839202312000,51.684924,2.14401072552654,-11.0755971701769,-1.46042676866049,-0.11056661,-0.5519168,0.27152961,113.94087,112.4548,-17.19137,WAL
1839207262000,51.689874,2.08880634263075,-11.2152905419968,-1.31205293438986,-0.1740966,-0.589485,0.076052725,113.89053,112.28498,-16.96743,WAL
1839212330000,51.694942,1.73498348088748,-11.5793689153724,-1.20949556919176,-0.24831672,-0.5891795,-0.092240654,113.816925,112.09442,-16.708792,WAL
1839217247000,51.699859,1.33150880349358,-11.9365816155119,-1.09458445819385,-0.31856623,-0.5491679,-0.20922135,113.704414,111.87562,-16.423439,WAL
1839222310000,51.704922,0.770006563690152,-12.3140623604515,-0.938873735897236,-0.3817908,-0.4972443,-0.2761111,113.58546,111.64839,-16.109821,WAL
1839227302000,51.709914,0.21872672270556,-12.6310373313345,-0.829659607968289,-0.4251622,-0.4456262,-0.27947086,113.43003,111.43356,-15.828209,WAL
1839232320000,51.714932,-0.328312472586645,-12.7824499604635,-0.854081003711759,-0.43493605,-0.38056904,-0.23945917,113.2911,111.224724,-15.541874,WAL
1839237275000,51.719887,-0.782976277873676,-12.9589807483327,-0.910318861318164,-0.39492437,-0.28619036,-0.19914207,113.11011,111.03905,-15.334963,WAL
1839242323000,51.724935,-1.02004830015692,-13.2102771790898,-1.05256205488427,-0.29840767,-0.16126843,-0.16890424,112.95919,110.85464,-15.1347475,WAL
1839247288000,51.7299,-1.1685814483453,-13.4789481988636,-1.17020138304426,-0.16126843,-0.009468411,-0.16493362,112.80801,110.707695,-15.010094,WAL
1839252323000,51.734935,-1.04841790099681,-13.8202124886364,-1.21826681202153,0.01740966,0.14294247,-0.16157386,112.69582,110.543175,-14.887985,WAL
1839257305000,51.739917,-0.910331681444533,-14.1692219197925,-1.21172211548284,0.22113322,0.3051272,-0.19303341,112.62656,110.37016,-14.774096,WAL
1839262287000,51.744899,-0.710422520051875,-14.5547608286113,-1.03085193746209,0.42302418,0.3817908,-0.22052236,112.57779,110.1687,-14.6604805,WAL
1839267294000,51.749906,-0.52489214451523,-14.931125241091,-0.828426224154888,0.64965516,0.5213735,-0.24617869,112.596985,109.908035,-14.504127,WAL
1839272283000,51.754895,-0.391724381883337,-15.2688009832769,-0.557334700983476,0.76174897,0.62796944,-0.30634892,112.6249,109.62472,-14.332047,WAL
1839277278000,51.75989,-0.274920102543284,-15.6027254313433,-0.303484715108358,0.9776898,0.67164636,-0.36957347,112.65432,109.2348,-14.122795,WAL
1839282328000,51.76494,-0.217173387717413,-15.9251440631841,-0.110995665521294,1.1847731,0.6630942,-0.4596761,112.69454,108.8176,-13.891723,WAL
1839287297000,51.769909,-0.18037284431843,-16.1812187601864,0.0702685256295232,1.3924674,0.6246097,-0.54458636,112.70358,108.31362,-13.633293,WAL
1839292307000,51.774919,-0.218425624580153,-16.209758426093,0.222479653133241,1.5919148,0.5543602,-0.6398814,112.6973,107.76641,-13.356587,WAL
1839297301000,51.779913,-0.255476072618193,-16.1475332013764,0.360500001430281,1.7767016,0.47219884,-0.7415904,112.65212,107.14936,-13.055682,WAL
1839302324000,51.784936,-0.289061761422302,-15.7061219212049,0.442065234933174,1.9572122,0.3998113,-0.84971356,112.58815,106.49534,-12.73767,WAL
1839307299000,51.789911,-0.301703453198316,-15.2116822721235,0.526116957414406,2.1560488,0.3277292,-0.9306532,112.453178560979,105.781323950658,-12.4158584958106,WAL
1839317362000,51.799974,-0.159053270335076,-13.71935319233,0.689138697412357,2.68628,0.11362094,-1.0473285,112.18017,104.337074,-11.764926,WAL
1839322308000,51.80492,-0.250796220071664,-13.0496300180128,0.230423934359868,2.9911017,0.0106901415,-1.1004738,111.98934,103.569786,-11.431494,WAL
1839327657000,51.810269,-0.390551555880285,-12.3459941500729,-0.272191238293457,3.278819,-0.04795292,-1.1780536,111.79171,102.794044,-11.096201,WAL
1839332375000,51.814987,-1.15387587363005,-12.05151342938,-0.818529941574479,3.549127,-0.03176499,-1.276403,111.58958,102.01103,-10.746743,WAL
1839337316000,51.819928,-1.95327931873424,-11.7431138446102,-1.39069177559557,3.7372735,0.076052725,-1.3991868,111.45847,101.285225,-10.39234,WAL
1839342324000,51.824936,-2.60113714585104,-11.6581320807529,-2.02323950091075,3.8029416,0.30818152,-1.4850134,111.37174,100.59301,-10.025206,WAL
1839347296000,51.829908,-3.16007693824125,-11.691861380085,-2.67854819526412,3.7250562,0.5723807,-1.5231925,111.32881,99.95249,-9.643724,WAL
1839352314000,51.834926,-3.66599529197123,-11.8566904639937,-3.15499322198798,3.545462,0.8378017,-1.5189165,111.38219,99.56507,-9.416998,WAL
1839357298000,51.83991,-4.14090519081864,-12.082389904837,-3.54056368109546,3.3588426,1.0671816,-1.4856243,111.503746,99.242905,-9.194006,WAL
1839362327000,51.844939,-4.67337003517382,-12.3923171624744,-3.68387637488753,3.1700852,1.1725558,-1.4504995,111.68323,99.12344,-9.112375,WAL
1839367301000,51.849913,-5.2286250805726,-12.7430050146217,-3.69361768433538,2.9856038,1.2678508,-1.4278975,111.92601,99.036575,-9.036534,WAL
1839372306000,51.854918,-5.79395622096177,-13.0845163612824,-3.50818151294698,2.8997774,1.2412782,-1.4083499,112.178246,80.93194,-9.064026,WAL
1839377363000,51.859975,-6.36815125462392,-13.4244400061652,-3.23256786609125,2.7608054,1.07665,-1.4223998,112.41699,80.90712,-9.07941,WAL
1839382320000,51.864932,-6.85937911348965,-13.6725984745586,-2.97824509194038,2.6355782,0.80573124,-1.4746287,112.68405,80.89193,-9.076298,WAL
1839387337000,51.869949,-7.30636899996203,-13.8641650992975,-2.73194463556104,2.542421,0.4279111,-1.5467108,112.86755,80.88763,-9.057212,WAL
1839392345000,51.874957,-7.63051723076923,-14.0984147798555,-2.88806459116022,2.4862216,0.061086524,-1.6520851,113.00743,80.888565,-9.015896,WAL
1839397321000,51.879933,-7.82291618461539,-14.3768873255419,-3.47032463314917,2.3985624,-0.14355333,-1.8332067,113.08101,80.92917,-8.928863,WAL
1839402315000,51.884927,-7.58497368078808,-14.1654304291315,-3.92986449807881,2.1792617,-0.094989546,-2.0787745,113.14448,81.00016,-8.796375,WAL
1839407312000,51.889924,-7.05491595066654,-13.6213001340914,-4.30512661006665,1.8527542,0.101098195,-2.218968,113.18938,81.093704,-8.643628,WAL
1839412322000,51.894934,-6.38471742139273,-12.8356554391193,-4.26493693288274,1.5711454,0.32528573,-2.2385156,113.32726,81.24339,-8.448634,WAL
1839417319000,51.899931,-5.60550668269329,-11.8604170727087,-3.89248398991295,1.3747523,0.4392121,-2.159714,113.48145,81.416145,-8.246248,WAL
1839422312000,51.904924,-4.88182450702431,-11.1394715094558,-3.66948412188344,1.3344351,0.5366451,-2.0164661,113.72984,81.63991,-8.009173,WAL
1839427343000,51.909955,-4.18914245633925,-10.5816067152644,-3.54396455532613,1.3026701,0.65087694,-1.8124372,114.00395,81.835365,-7.8182287,WAL
1839432317000,51.914929,-3.47275983523128,-10.1908557339514,-3.30188370753804,1.3362677,0.83658,-1.6362026,114.30743,82.03878,-7.602415,WAL
1839437314000,51.919926,-2.72524680640935,-9.94007713695455,-2.95465183111962,1.4468343,1.0735956,-1.5060883,114.65076,82.19034,-7.438782,WAL
1839442346000,51.924958,-2.04217954522764,-9.62823919818291,-2.72530421535543,1.591304,1.3469579,-1.426065,115.04432,82.35079,-7.2563477,WAL
1839447321000,51.929933,-1.42378893270767,-9.271475173123,-2.59686924580671,1.7776178,1.6636915,-1.3454307,115.512024,82.45838,-7.1185946,WAL
1839452313000,51.934925,-1.03171260511122,-9.15414792702319,-2.10123835887364,2.0534234,1.8863518,-1.2944235,115.99875,82.55643,-6.9627185,WAL
1839457304000,51.939916,-0.832649180170374,-9.24010697756744,-1.29593637529579,2.3243423,1.9257526,-1.3041973,116.515816,82.62632,-6.8162003,WAL
1839462325000,51.944937,-0.630301554398086,-9.36673446259494,-0.399823465737176,2.488054,1.8863518,-1.3023647,117.06765,82.704384,-6.623622,WAL
1839467313000,51.949925,-0.426521145358443,-9.54566410654459,0.604167879596296,2.5042422,1.7293595,-1.2880094,117.5865,82.75467,-6.4354954,WAL
1839472311000,51.954923,-0.211489436236652,-9.65988725541126,1.14791322458874,2.460565,1.473407,-1.2333369,118.034966,82.7382,-6.215255,WAL
1839477339000,51.959951,0.0154905617546898,-9.71084200865801,1.24055815134199,2.2742512,1.2253957,-1.171945,118.42911,82.708374,-6.006227,WAL
1839482282000,51.964894,0.243294079459994,-9.72566304925329,1.07564946176244,2.0549507,1.16492,-1.1120802,118.787926,82.599396,-5.7464776,WAL
1839487313000,51.969925,0.481553964756206,-9.69230648926911,0.55624285678469,1.881465,1.2651019,-1.0626001,119.114914,82.464554,-5.5099497,WAL
1839492361000,51.974973,0.624497191527581,-9.54226529137199,-0.0878032115558698,1.7635679,1.4052955,-0.990518,119.44711,82.31585,-5.262232,WAL
1839497322000,51.979934,0.629297202115579,-9.23026410193979,-0.894205576757931,1.6924021,1.5580118,-0.91721416,119.80553,82.15767,-5.040926,WAL
1839502290000,51.984902,0.500232337341933,-8.94344929187524,-1.72439684731421,1.6313156,1.7626517,-0.81183994,120.25196,82.04685,-4.8280635,WAL
1839507310000,51.989922,0.185528960668849,-8.68890996958029,-2.59445915902002,1.6230689,2.002111,-0.729984,120.74421,81.92119,-4.6420856,WAL
1839512297000,51.994909,-0.122446247655611,-8.39297224088715,-3.40587791488859,1.6105462,2.2379048,-0.6737844,121.33168,81.87274,-4.4965096,WAL
1839517314000,51.999926,-0.423386516558168,-8.0130968904405,-4.12122757336482,1.6022996,2.425746,-0.6407976,121.962265,81.819214,-4.3753343,WAL
1839522312000,52.004924,-0.673993099909366,-7.66872213141994,-4.57788709818731,1.6136005,2.568383,-0.5891795,122.73822,81.795425,-4.2743416,WAL
1839527340000,52.009952,-0.851795711933535,-7.37373136304129,-4.65062473867069,1.6606371,2.6041186,-0.5421429,123.52566,81.76693,-4.1829567,WAL
1839532598000,52.01521,-1.03811854482581,-7.06329602373857,-4.71520911910389,1.6960673,2.595261,-0.49938235,124.41247,81.761566,-4.1167097,WAL
1839537317000,52.019929,-1.20995483649162,-6.76142138521221,-4.63625716000411,1.690875,2.5787675,-0.4718934,125.29786,81.75659,-4.0594487,WAL
1839542349000,52.024961,-1.38873927632264,-6.44164852137789,-4.53719906828348,1.6728544,2.538756,-0.4615087,126.184,81.729355,-4.028911,WAL
1839547324000,52.029936,-1.51284727169676,-6.15063693981856,-4.26330567836163,1.6212363,2.4740043,-0.45448375,127.0506,81.7155,-4.003045,WAL
1839552300000,52.034912,-1.6369802134016,-5.85956686346897,-3.98935723449205,1.5570955,2.4098635,-0.46883908,127.908295,81.68102,-3.9938822,WAL
1839557306000,52.039918,-1.70804739296188,-5.61991191929619,-3.65385787354839,1.4895949,2.3289237,-0.47494772,128.73647,81.66507,-3.98576,WAL
1839562263000,52.044875,-1.76837379222874,-5.39252769088954,-3.31046143204301,1.4059063,2.2708917,-0.47983465,129.54765,81.67779,-3.9715877,WAL
1839567318000,52.04993,-1.80423823873387,-5.1487648609861,-2.77409214931493,1.3625349,2.1529946,-0.48808134,130.29655,81.65031,-3.9711397,WAL
1839572305000,52.054917,-1.83289680555056,-4.90516684354435,-2.19614398617862,1.2464706,2.0244074,-0.5112942,131.02184,81.671295,-3.9618027,WAL
1839577373000,52.059985,-1.86913756846229,-4.46796024485798,-1.17404518246817,1.0925325,1.8997909,-0.5335908,131.7022,81.652374,-3.9554904,WAL
1839582345000,52.064957,-1.90644680391773,-3.99226782150833,-0.064096126476004,0.9388999,1.7809776,-0.528093,132.3433,81.667145,-3.9460151,WAL
1839587314000,52.069926,-1.98632148333333,-3.80426766843972,0.471436995744681,0.7696902,1.6707164,-0.52015173,132.91599,81.64155,-3.9311101,WAL
1839592347000,52.074959,-2.08077853157895,-3.7053126699888,0.83127327518477,0.5983425,1.5864171,-0.49388456,133.45753,81.6559,-3.9196615,WAL
1839597318000,52.07993,-2.1861290311592,-3.65883162157651,1.04296905010819,0.41080686,1.5439619,-0.4746423,133.8916,81.545296,-3.90188,WAL
1839602314000,52.084926,-2.29951923554869,-3.64404160834621,1.16621926331788,0.23426682,1.5351044,-0.44715336,134.30502,81.472755,-3.8927555,WAL
1839607306000,52.089918,-2.3458615891467,-3.64222679638223,1.2157982891467,0.06383542,1.5583172,-0.4202753,134.6938,81.36927,-3.9012141,WAL
1839612327000,52.094939,-2.35952342629037,-3.64678074209679,1.22946012629037,-0.099571034,1.5922203,-0.38453966,135.07603,81.30589,-3.9203613,WAL
1839617317000,52.099929,-2.32432729695608,-3.6213339788764,1.20249283474974,-0.24220806,1.6126842,-0.35094208,135.46523,81.239,-3.9690661,WAL
1839622299000,52.104911,-2.25122461458631,-3.57259882337079,1.14401071938713,-0.39187005,1.6123788,-0.32284227,135.8507,81.21245,-4.0260983,WAL
1839627322000,52.109934,-2.12632001562758,-3.52016737679604,1.08168985050578,-0.52381694,1.5961909,-0.2996294,136.24681,81.19743,-4.098007,WAL
1839632322000,52.114934,-1.96815641116846,-3.46579867324525,1.01743587651734,-0.64568454,1.5525141,-0.27947086,136.62755,81.21396,-4.1742406,WAL
1839637314000,52.119926,-1.81884357214482,-3.46273129583926,0.986939362496446,-0.7443393,1.486846,-0.26206118,137.01093,81.252594,-4.246195,WAL
1839642369000,52.124981,-1.67201913043313,-3.48567259239882,0.973174584560705,-0.8402451,1.4052955,-0.23945917,137.37021,81.31569,-4.3207436,WAL
1839647324000,52.129936,-1.54380402023797,-3.57761637458834,0.995561638340593,-0.92057395,1.2910637,-0.23518312,137.70978,81.40396,-4.3602014,WAL
1839652317000,52.134929,-1.42696660023372,-3.7249331607564,1.04636054658451,-0.9984592,1.1753048,-0.22999077,138.01936,81.50962,-4.4008574,WAL
1839657308000,52.13992,-1.37647834403635,-3.91612619801212,1.13293787179099,-1.0662653,1.0418307,-0.23793201,138.29857,81.62588,-4.3937283,WAL
1839662327000,52.144939,-1.35827843521393,-4.12997541173798,1.23758734751988,-1.1270463,0.9669997,-0.24312437,138.55695,81.75628,-4.3851185,WAL
1839667317000,52.149929,-1.42468907641229,-4.23665043726462,1.31516027716551,-1.1679744,0.8029824,-0.24984388,138.76164,81.87316,-4.3288493,WAL
1839672305000,52.154917,-1.55724950198216,-4.26032193300297,1.37197191637265,-1.2247849,0.6178902,-0.28160888,138.937,82.01214,-4.260547,WAL
1839677329000,52.159941,-1.69588399413629,-4.41574279873217,1.42401493137876,-1.2873985,0.4370741,-0.31429017,139.07701,82.11861,-4.167597,WAL
1839682319000,52.164931,-1.8378856241878,-4.68081233022979,1.4713488080626,-1.3414601,0.2864958,-0.31673363,139.17198,82.23657,-4.0714383,WAL
1839687313000,52.169925,-1.99110886646422,-4.84310875706965,1.46791051148225,-1.4040737,0.13500121,-0.34391713,139.23076,82.35172,-4.0038414,WAL
1839692310000,52.174922,-2.15459251658759,-4.91122690510533,1.41795720292276,-1.4828753,-0.0033597588,-0.35460728,139.24934,82.47989,-3.9376311,WAL
1839697318000,52.17993,-2.28347392173553,-5.11583060867764,1.42361906767112,-1.5690074,-0.057421334,-0.31123585,139.26117,82.594376,-3.920876,WAL
1839702314000,52.184926,-2.36274616818888,-5.51219184094439,1.5078457713265,-1.6597209,-0.08399397,-0.25717425,139.24138,82.72536,-3.902244,WAL
1839707290000,52.189902,-2.37222987055233,-6.10495199704637,1.70918611193266,-1.7599027,-0.08032878,-0.18142697,139.21017,82.87004,-3.9508681,WAL
1839712300000,52.194912,-2.30609634145909,-6.9174482167963,2.03985326414296,-1.8383989,-0.046731193,-0.100792766,139.17749,83.01263,-4.016769,WAL
1839717284000,52.199896,-2.23620547411407,-7.8837784210268,2.47305173299303,-1.8600847,0.028405234,-0.020463986,139.16106,83.11647,-4.1179686,WAL
1839722287000,52.204899,-2.16095238821046,-9.05020309421812,3.03745063850005,-1.8356501,0.10781772,0.086132,139.15094,83.198135,-4.249361,WAL
1839727305000,52.209917,-1.98465671930606,-10.2638531177554,3.68770138025639,-1.7418822,0.22235495,0.17470746,139.19258,83.17567,-4.3679004,WAL
1839732319000,52.214931,-1.66397071688033,-11.5392242727412,4.45808479442696,-1.5949692,0.35002577,0.23762658,139.25438,83.12152,-4.508498,WAL
1839737282000,52.219894,-1.34654657846012,-12.8016229648423,5.22063223848929,-1.35551,0.43157628,0.27916542,139.3388,82.93847,-4.6498804,WAL
1839742324000,52.224936,-0.668675479258699,-14.3763743860817,6.39042496907716,-1.0097603,0.5006041,0.2415972,139.44995,82.71908,-4.78421,WAL
1839747259000,52.229871,0.0796917869288956,-15.987509286233,7.62975940810893,-0.5702427,0.48472157,0.082161374,139.55536,82.4585,-4.889998,WAL
1839752313000,52.234925,1.1170210853507,-16.9490674988655,8.27974431912795,-0.14110987,0.45723262,-0.1591304,139.66235,82.12579,-4.9025035,WAL
1839757275000,52.239887,2.19521250875999,-17.7413036397356,8.78133785697938,0.20769419,0.4972443,-0.42149702,139.78815,81.76322,-4.8644433,WAL
1839762324000,52.244936,3.20467643263355,-18.2296347051055,8.59270643115513,0.33444872,0.6936375,-0.55863625,139.9318,81.39092,-4.710963,WAL
1839767251000,52.249863,4.16734934612655,-18.6249358888232,8.22995981963335,0.56016344,0.93523467,-0.8060367,140.11981,80.973366,-4.464611,WAL
1839772332000,52.254944,4.60002367762401,-18.2791911718156,7.94919838943573,0.7275405,1.0616838,-0.89552844,140.37437,80.61352,-4.0809855,WAL
1839777336000,52.259948,4.85222201022317,-17.7047391893578,7.70167058688237,0.8668178,1.0372492,-0.88086766,140.66579,80.20453,-3.6811645,WAL
1839782354000,52.264966,4.20890957246722,-15.993472601907,7.4258832989273,0.958753,0.9111055,-0.7852673,141.05553,79.889595,-3.1599343,WAL
1839787270000,52.269882,3.24094438732618,-13.8892002373858,7.1453135852205,0.9935723,0.80573124,-0.6588182,141.44145,79.52427,-2.6789665,WAL
1839792358000,52.27497,2.08662995193526,-11.5042547798834,6.64337788848899,0.92271197,0.75869465,-0.53969944,141.82233,79.17279,-2.2099295,WAL
1839797312000,52.279924,0.898992296903589,-9.09559253790088,6.06625287556047,0.7800749,0.7788532,-0.453262,142.18567,78.814476,-1.7871233,WAL
1839802353000,52.284965,-0.153084881203008,-7.02564237593985,5.302115332116,0.57543504,0.8790351,-0.38148534,142.47554,78.42091,-1.5500064,WAL
1839807343000,52.289955,-1.13302196801094,-5.12643063978127,4.4761684466556,0.31612277,1.0128145,-0.30298916,142.7744,78.08476,-1.3493637,WAL
1839812354000,52.294966,-1.82779423619583,-3.7924538247191,3.68972247672552,0.04337143,1.1169671,-0.21991149,143.00911,77.77653,-1.346612,WAL
1839817345000,52.299957,-2.37923399399077,-2.74232078735955,2.9272969562199,-0.21594086,1.1484267,-0.12217305,143.25177,77.541016,-1.3744153,WAL
1839822321000,52.304933,-2.88191054181559,-2.68883509311787,2.42403551071293,-0.44135013,1.0836749,-0.004276057,143.45444,77.40194,-1.5888819,WAL
1839827476000,52.310088,-3.37934927408745,-3.12526699749049,2.02983878595057,-0.64873886,0.88270026,0.12461651,143.60982,77.32582,-1.824223,WAL
1839832345000,52.314957,-3.70255112836375,-4.06549509662852,1.94225522338385,-0.8765916,0.5748242,0.25961772,143.68214,77.33377,-2.1342857,WAL
1839837354000,52.319966,-3.93006219105062,-5.41077832421899,2.05601085801629,-1.1139128,0.21227567,0.39920044,143.66797,77.38401,-2.4646652,WAL
1839842370000,52.324982,-4.14916216751857,-7.0518123401684,2.17617601634473,-1.3848315,-0.17867808,0.5448918,143.54146,77.512,-2.8646917,WAL
1839847353000,52.329965,-4.3618868077266,-8.84815397672115,2.29908359940565,-1.6639969,-0.66889745,0.6844745,143.27554,77.6763,-3.2758145,WAL
1839852345000,52.334957,-4.53745695147746,-10.9135286731668,2.07072565670083,-1.9230038,-1.2156218,0.8323039,142.87642,77.88552,-3.7283344,WAL
1839857302000,52.339914,-4.68859736596359,-13.1286788626007,1.62675092341061,-2.1450534,-1.4871514,0.9807441,142.40968,78.10847,-4.2076254,WAL
1839862325000,52.344937,-5.1142416859745,-14.8661000473588,0.668283232422587,-2.2336287,-2.0094411,1.0546589,141.73953,78.34296,-4.6805177,WAL
1839867317000,52.349929,-5.7189701513054,-16.2545570042502,-0.623416974013357,-2.3435845,-2.4642303,1.2202033,141.0046,78.55475,-5.2064333,WAL
1839872300000,52.354912,-5.80931759494774,-17.1922036152729,-1.5188025774971,-2.310598,-2.673757,1.3295482,140.26619,78.81607,-5.682287,WAL
1839877336000,52.359948,-5.58525800029036,-17.8643814244096,-2.18164511853465,-2.0693061,-2.5857925,1.3591752,139.49164,78.9766,-6.1673617,WAL
1839882313000,52.364925,-4.7593867025936,-18.3510752936724,-1.84479120772025,-1.6441438,-2.2275202,1.258077,138.79362,79.18328,-6.657544,WAL
1839887309000,52.369921,-3.45086008610354,-18.6987291307902,-0.719747912098093,-1.0354166,-1.7030923,1.0216721,138.18315,79.250786,-7.119664,WAL
1839892308000,52.37492,-2.52749466122047,-18.5635000096457,0.408937166484252,-0.36865717,-1.2351695,0.7131852,137.73526,79.32779,-7.469253,WAL
1839897323000,52.379935,-1.88933146879921,-18.0671497630906,1.54344941094291,0.16798794,-1.0574077,0.37507126,137.36852,79.32961,-7.74574,WAL
1839902314000,52.384926,-1.51676030993443,-17.0572093347904,2.11577780158951,0.48197266,-1.0036516,0.11148291,137.17456,79.29211,-7.8127956,WAL
1839907295000,52.389907,-1.36511459130737,-15.6165750820584,2.22003424860918,0.5534439,-0.82253003,-0.07696902,137.07846,79.251144,-7.816596,WAL
1839912353000,52.394965,-1.22373228206533,-13.865024800239,2.0674142855706,0.46670106,-0.5522222,-0.19975294,137.02136,79.15197,-7.72576,WAL
1839917353000,52.399965,-1.09498606617208,-11.8813801079466,1.69071258272257,0.3399465,-0.36285394,-0.26389378,136.99854,79.07291,-7.607763,WAL
1839922353000,52.404965,-1.10452820872064,-9.94797704052126,1.25226968659399,0.226631,-0.27152961,-0.27947086,137.0014,78.99363,-7.495707,WAL
1839927357000,52.409969,-1.23750076870479,-8.05786805481122,0.75837183192746,0.09865474,-0.31978795,-0.26450464,137.01906,78.95043,-7.380145,WAL
1839932367000,52.414979,-1.41674384520534,-6.32733908757051,-0.00327345570905491,-0.06536258,-0.5534439,-0.20952678,137.00511,78.92921,-7.286313,WAL
1839937353000,52.419965,-1.63883661737754,-4.75851301150915,-1.01450458766749,-0.27305678,-0.8304713,-0.14080444,136.96281,78.93988,-7.199274,WAL
1839942350000,52.424962,-1.96564730204601,-3.39843323520313,-1.89889833098385,-0.5357288,-1.0732902,-0.024740042,136.83778,78.97293,-7.178354,WAL
1839947359000,52.429971,-2.40238066356339,-2.257291289349,-2.65026745491924,-0.8472701,-1.3164146,0.11178834,136.63188,79.042435,-7.1733947,WAL
1839952339000,52.434951,-2.82301750877688,-1.35316166336285,-3.30020267724044,-1.1554517,-1.6123788,0.25320363,136.2775,79.22578,-7.2124133,WAL
1839957363000,52.439975,-3.23032575733191,-0.730494993540917,-3.83391700476793,-1.4850134,-1.7739527,0.37293324,135.8892,79.44764,-7.2842865,WAL
1839962285000,52.444897,-3.58039693511057,-0.292297147561345,-4.30597127073614,-1.8203784,-2.137723,0.42149702,135.33948,79.71074,-7.427059,WAL
1839967352000,52.449964,-3.85970258249015,-0.125693778230839,-4.70777945877007,-1.9862283,-2.4782803,0.51923543,134.74496,79.93913,-7.6230516,WAL
1839972278000,52.45489,-4.08975071012972,-0.163714177615606,-5.06911692995346,-2.2843306,-2.7525587,0.61391956,134.06114,80.18109,-7.8961744,WAL
1839977401000,52.460013,-4.26464249343499,-0.513497581897218,-5.39946784510348,-2.5332582,-3.0369165,0.6774496,133.2767,80.35693,-8.192784,WAL
1839982312000,52.464924,-4.32525806629918,-0.944492312279034,-5.58763426964455,-2.6853635,-3.212235,0.70066243,132.4497,80.45186,-8.555101,WAL
1839987337000,52.469949,-4.21549142568903,-1.53906075197681,-5.57391346941646,-2.6673431,-3.2418618,0.70341134,131.58537,80.43788,-8.94576,WAL
1839992304000,52.474916,-4.05772178547128,-2.13408130096058,-5.58928648621173,-2.5341744,-3.2140675,0.711658,130.70456,80.30801,-9.373325,WAL
1839997368000,52.47998,-3.76656554988993,-2.76006755455273,-5.68148604610766,-2.322204,-3.1117475,0.73456544,129.8419,80.0479,-9.825952,WAL
1840002280000,52.484892,-3.52362385366933,-3.41977945479465,-5.67949496835626,-2.1013765,-2.9538388,0.8063421,129.02293,79.697945,-10.276377,WAL
1840007349000,52.489961,-3.37888106221025,-4.24154445835337,-5.43203177084736,-1.8304577,-2.7293458,0.91538155,128.25963,100.75927,-10.759123,WAL
1840012299000,52.494911,-3.21787734213662,-5.10917703284353,-5.27601438298253,-1.5305228,-2.5525005,1.0118983,127.56648,101.22452,-11.196326,WAL
1840017318000,52.49993,-2.97449321554805,-6.25451452710485,-5.46690376603455,-1.2760975,-2.3973405,1.1340714,126.940475,101.77335,-11.680394,WAL
1840022329000,52.504941,-2.76119087289978,-7.56323926449891,-5.61890488037161,-1.0656544,-2.0943515,1.3390167,126.42504,102.33798,-12.165642,WAL
1840027394000,52.510006,-2.67489739963431,-9.60551789817158,-5.60452264317059,-0.81092364,-1.643533,1.5396858,126.00773,102.93878,-12.682548,WAL
1840032334000,52.514946,-2.52791305926722,-11.5787909654128,-5.61073891568149,-0.61758476,-1.1377366,1.6533068,125.75181,103.4762,-13.122906,WAL
1840037352000,52.519964,-2.06307814278456,-13.4897792114314,-5.71873108041036,-0.6026186,-0.6053675,1.6911805,125.64514,104.04839,-13.586688,WAL
1840042313000,52.524925,-1.54732385624819,-15.2435112134517,-5.78814725812989,-0.68875057,-0.105374254,1.6936239,125.72745,104.504074,-13.936293,WAL
1840047356000,52.529968,-0.587279230612757,-15.9751953776899,-5.56910791334556,-0.7996226,0.3472769,1.704925,125.95524,104.97144,-14.282302,WAL
1840052477000,52.535089,0.374191923156185,-16.6396003393486,-5.32337406168005,-0.9618073,0.7141015,1.6811012,126.36803,105.23875,-14.406548,WAL
1840057349000,52.539961,1.12776208532888,-16.3280688428223,-4.80976758430028,-1.1691961,0.84971356,1.5806139,126.83649,105.51276,-14.5102825,WAL
1840062315000,52.544927,1.89587157329063,-16.0105266811333,-4.28625162234052,-1.2779301,1.0332786,1.4993688,127.47205,105.56213,-14.384789,WAL
1840067350000,52.549962,2.41421226089286,-15.2979268319444,-3.52969195738095,-1.4941764,1.0769554,1.2702943,128.08565,105.6071,-14.206561,WAL
1840072278000,52.55489,2.86836574089286,-14.5207162097222,-2.74311686404762,-1.6786577,0.9428705,0.9407325,128.68135,105.641945,-13.992483,WAL
1840077387000,52.559999,3.21132411401631,-13.519737224143,-1.55022653233081,-1.8503108,0.5357288,0.57940567,129.21933,105.44662,-13.568517,WAL
1840082351000,52.564963,3.51483582897554,-12.5018056637855,-0.303493831503781,-1.9767599,-0.10262536,0.26206118,129.63055,105.24376,-13.107063,WAL
1840087334000,52.569946,3.61809706484375,-11.6664291429687,0.502290434099609,-2.0167716,-0.8597928,0.0015271631,129.82507,104.96799,-12.58445,WAL
1840092344000,52.574956,3.66495230703125,-10.8792602914063,1.18637746908008,-1.9691241,-1.6194037,-0.19028452,129.82878,104.68349,-12.047114,WAL
1840097359000,52.579971,3.30557904115593,-10.3785375397595,1.13746313869279,-1.8527542,-2.223855,-0.32925636,129.55437,104.4006,-11.56286,WAL
1840102358000,52.58497,2.79953606906517,-9.98391661549651,0.821766544714895,-1.6526959,-2.5213463,-0.45204028,129.15668,104.08386,-11.067866,WAL
1840107346000,52.589958,2.0227128925129,-9.75907952619048,0.139169626865079,-1.4288138,-2.5079072,-0.5671884,128.61156,103.76024,-10.615342,WAL
1840112387000,52.594999,1.10315696213294,-9.61539902380952,-0.732492687698413,-1.1991285,-2.2473733,-0.6585127,128.06245,103.394196,-10.148546,WAL
1840117352000,52.599964,0.2341239025,-9.40565770959596,-1.46825025984848,-0.9963212,-1.8573358,-0.69913524,127.55105,103.09372,-9.750972,WAL
1840122362000,52.604974,-0.6236968145,-9.15848910656566,-2.14675258621212,-0.8164214,-1.4071281,-0.66889745,127.14312,102.76349,-9.34439,WAL
1840127399000,52.610011,-1.3572431253332,-8.88294602360793,-2.30018233969519,-0.6627888,-1.0262536,-0.5748242,126.91353,102.517845,-9.051863,WAL
1840132342000,52.614954,-2.0174026813069,-8.60002069797789,-2.20587379934256,-0.5363397,-0.799928,-0.44318274,126.77905,102.27101,-8.778167,WAL
1840137348000,52.61996,-2.45817558192759,-8.25237554947223,-1.98506319427839,-0.48380527,-0.6597345,-0.2779437,126.705414,102.21004,-8.654428,WAL
1840142375000,52.624987,-2.7858701751899,-7.87243958074381,-1.70011134170859,-0.49388456,-0.6096435,-0.070249505,126.68035,102.17586,-8.578426,WAL
1840147363000,52.629975,-2.69707323732856,-7.75333605247466,-1.30297109057841,-0.5571091,-0.5858198,0.12889257,126.59734,102.27276,-8.64801,WAL
1840152355000,52.634967,-2.37873718771616,-7.77709245557543,-0.842096572748956,-0.66523224,-0.5815437,0.30604348,126.53254,102.41574,-8.767515,WAL
1840157340000,52.639952,-1.96141315017294,-7.89537350760945,-0.623055569077972,-0.7538077,-0.5687156,0.36865717,126.42313,102.61158,-8.96879,WAL
1840162363000,52.644975,-1.48127342093092,-8.07126612096057,-0.546993797551141,-0.79290307,-0.55863625,0.47128254,126.32465,102.85844,-9.227076,WAL
1840167351000,52.649963,-1.04839215613791,-8.21896796211826,-0.55086848327271,-0.8530733,-0.56199604,0.5320636,126.24867,103.046104,-9.462409,WAL
1840172361000,52.654973,-0.642416356419957,-8.34962727110484,-0.606865144126629,-0.870483,-0.593761,0.56779927,126.16816,103.24327,-9.712719,WAL
1840177456000,52.660068,-0.326095265978348,-8.48204839935846,-0.732944421539695,-0.86070913,-0.65270954,0.5742133,126.09394,103.414856,-9.908747,WAL
1840182443000,52.665055,-0.091510536726243,-8.61130897985164,-0.910079837106054,-0.8228355,-0.70432764,0.55924714,126.011444,103.5813,-10.103183,WAL
1840187336000,52.669948,0.0194402794031153,-8.72619074429952,-1.07518237093929,-0.77854776,-0.73456544,0.5222898,125.920235,103.72797,-10.23305,WAL
1840192402000,52.675014,0.0376503199257765,-8.83545082105658,-1.23907277129586,-0.75136423,-0.7669413,0.47311515,125.81305,103.85977,-10.353911,WAL
1840197357000,52.679969,-0.00252273111860174,-8.89475289513109,-1.38578351015397,-0.72692966,-0.8197812,0.4129449,125.70117,103.98143,-10.427779,WAL
1840202358000,52.68497,-0.12210727682834,-8.88977062546816,-1.51533339539118,-0.72356987,-0.8863655,0.33933565,125.57506,104.08476,-10.484349,WAL
1840207346000,52.689958,-0.305070652667131,-8.86123419011142,-1.59674576573816,-0.7318166,-0.9825767,0.28069258,125.43673,104.19127,-10.526968,WAL
1840212363000,52.694975,-0.553621761649423,-8.80865601014723,-1.63020454401114,-0.7593055,-1.0607675,0.23273966,125.28414,104.28475,-10.55384,WAL
1840217357000,52.699969,-0.828502087266958,-8.73551054184847,-1.6681003804046,-0.79229224,-1.1291844,0.21655174,125.12129,104.38744,-10.592252,WAL
1840222356000,52.704968,-1.1323463538576,-8.64055928599762,-1.71082849511107,-0.8390234,-1.1582005,0.20158553,124.94839,104.48567,-10.61958,WAL
1840227296000,52.709908,-1.39653975959388,-8.53208114557583,-1.73124219391799,-0.88422745,-1.1533136,0.22296582,124.739105,104.63971,-10.699778,WAL
1840232355000,52.714967,-1.6246695433196,-8.40375802746714,-1.72648949319207,-0.95081174,-1.1282681,0.25259277,124.531166,104.80061,-10.777653,WAL
1840237306000,52.719918,-1.84792919131842,-8.2781743631548,-1.72183825356092,-1.0064005,-1.0864239,0.3005457,124.30907,105.01506,-10.914017,WAL
1840242399000,52.725011,-2.07759216592113,-8.14898882440651,-1.71705361137924,-1.0571023,-1.0238101,0.36682457,124.10674,105.24367,-11.05841,WAL
1840247282000,52.729894,-2.27028455823682,-8.05692362938299,-1.71606221685304,-1.1050552,-0.95233893,0.44226643,123.91495,105.50029,-11.218199,WAL
1840252359000,52.734971,-2.42562458847843,-8.01323420944489,-1.72091659121406,-1.1417072,-0.929126,0.52473325,123.73521,105.77058,-11.393548,WAL
1840257273000,52.739885,-2.52044968102859,-8.01155059690641,-1.70982867965258,-1.1917981,-0.88606006,0.55680364,123.5353,106.100235,-11.631939,WAL
1840262329000,52.744941,-2.5251750451742,-8.07770505350834,-1.67202611187665,-1.1969905,-0.8194757,0.63132924,123.35937,106.44214,-11.895691,WAL
1840267258000,52.74987,-2.51759819352924,-8.16689840447215,-1.62280201997625,-1.2119566,-0.75594574,0.70646566,123.174416,106.809235,-12.1748,WAL
1840272336000,52.754948,-2.48391683995251,-8.31124734975759,-1.54581613354111,-1.219287,-0.70402217,0.7690793,123.012115,107.177124,-12.460992,WAL
1840277266000,52.759878,-2.4312174078937,-8.48134715372456,-1.44966377590397,-1.2052372,-0.6731735,0.8332202,122.85753,107.548454,-12.758554,WAL
1840282337000,52.764949,-2.33046226899822,-8.726037682869,-1.30093002329579,-1.1905763,-0.66523224,0.8765916,122.71661,107.91756,-13.057797,WAL
1840287302000,52.769914,-2.21729564627305,-8.98786851588858,-1.12883937489211,-1.1707232,-0.68386364,0.91446525,122.57398,108.266945,-13.354912,WAL
1840292359000,52.774971,-2.06529906971361,-9.31086182385249,-0.886594790702236,-1.1432343,-0.7266242,0.9239337,122.429726,108.602806,-13.648101,WAL
1840297318000,52.77993,-1.91167377225131,-9.63320146025702,-0.664418888224655,-1.1194105,-0.8023715,0.92149025,122.26714,108.89604,-13.92648,WAL
1840302400000,52.785012,-1.74025392115183,-9.98067335345074,-0.483733126423608,-1.0928379,-0.9086621,0.91446525,122.08505,109.17373,-14.202202,WAL
1840307355000,52.789967,-1.5742367211078,-10.3016074487392,-0.344278811946833,-1.0629056,-1.022283,0.8866709,121.801954267194,109.356733641506,-14.4376756142256,WAL
1840322378000,52.80499,-1.08913150502346,-10.9835675187647,-0.520041569163409,-0.88025683,-1.3338243,0.7657196,120.94364,109.91158,-15.151605,WAL
1840327461000,52.810073,-0.924875819441096,-11.2089382627333,-0.604641112849922,-0.8032878,-1.3662001,0.70554936,120.56277,110.048,-15.34658,WAL
1840332310000,52.814922,-0.766892962686625,-11.3669214918351,-0.952203462752722,-0.700357,-1.357648,0.64812803,120.167595,110.148895,-15.526353,WAL
1840337676000,52.820288,-0.591660436533637,-11.5424978770602,-1.33091413185446,-0.5662721,-1.2709051,0.6041457,119.80708,110.217735,-15.65792,WAL
1840342247000,52.824859,-0.437377250855188,-11.701318686431,-1.58048983158495,-0.41050145,-1.1398746,0.55955255,119.459755,110.24801,-15.766961,WAL
1840347348000,52.82996,-0.264508318477883,-11.8559699954527,-1.83669059684167,-0.24037547,-0.9804387,0.52778757,119.201546,110.247345,-15.8124075,WAL
1840352286000,52.834898,-0.0885626997279868,-11.7269430562216,-1.80932125723026,-0.087659165,-0.90285885,0.5195409,118.95727,110.21668,-15.848455,WAL
1840359478000,52.84209,0.169905091013544,-11.5175931713318,-1.75722725331828,-0.0290161,-0.70188415,0.5128214,118.82684,110.1814,-15.82939,WAL
1840362284000,52.844896,0.285159681959368,-11.2961829860045,-1.65713774004515,0.080634214,-0.6426302,0.49938235,118.676575,110.107895,-15.811497,WAL
1840367276000,52.849888,0.49020277461851,-10.9022843241535,-1.47907400153499,0.07880162,-0.54611355,0.46700647,118.60019,110.03579,-15.756676,WAL
1840372263000,52.854875,0.61582132843078,-10.755643418245,-1.42910859710861,0.058948494,-0.46273044,0.42180246,118.53462,109.94326,-15.693363,WAL
1840377320000,52.859932,0.731035678025437,-10.6448604609754,-1.39808936907311,-0.004886922,-0.37140608,0.3417791,118.49419,109.8453,-15.606877,WAL
1840382292000,52.864904,0.71022994977978,-10.8232483887888,-1.36232426947447,-0.053450707,-0.29260445,0.25045475,118.458405,109.73576,-15.500992,WAL
1840387268000,52.86988,0.62913674025025,-11.1309255763764,-1.32416275764264,-0.08124508,-0.23426682,0.15577064,118.43696,109.616516,-15.369681,WAL
1840392290000,52.874902,0.547293874844845,-11.4414470466466,-1.28564846656156,-0.10415252,-0.19333886,0.06872234,118.42981,109.48577,-15.205994,WAL
1840397275000,52.879887,0.466053993513514,-11.7496807243243,-1.2474179327027,-0.106901415,-0.17501289,-0.0033597588,118.42698,109.34106,-15.021206,WAL
1840402350000,52.884962,0.314584729468981,-11.8929119306638,-1.23209367143703,-0.10354166,-0.16065755,-0.049480084,118.4277,109.19363,-14.824216,WAL
1840407343000,52.889955,0.135371217339777,-11.9589378183253,-1.22737752956899,-0.09285152,-0.12950343,-0.08002335,118.43408,109.036385,-14.613647,WAL
1840412325000,52.894937,-0.0279024085438418,-11.9838512178834,-1.21276670130506,-0.07819075,-0.09010262,-0.103847094,118.41465,108.86387,-14.409909,WAL
1840417366000,52.899978,-0.185411976281811,-11.9887734912316,-1.19307801908646,-0.024740042,-0.056199603,-0.1328632,118.39968,108.67885,-14.199896,WAL
1840422286000,52.904898,-0.236482215309156,-12.1295780273484,-1.21407950737218,0.056199603,0.0061086523,-0.14630222,118.388306,108.50516,-14.015357,WAL
1840427424000,52.910036,-0.246233627138327,-12.3343577724931,-1.25308513432422,0.16401732,0.10262536,-0.15332718,118.39469,108.31599,-13.825434,WAL
1840432365000,52.914977,-0.193449451988217,-12.7590016012915,-1.12415875710672,0.2929099,0.21074851,-0.17073683,118.40828,108.12593,-13.658271,WAL
1840437334000,52.919946,-0.114248414111444,-13.2817284262033,-0.924572145216697,0.43218717,0.312763,-0.19028452,118.44704,107.9164,-13.487567,WAL
1840442377000,52.924989,-0.0338678880473337,-13.8122398727781,-0.722013223147593,0.5543602,0.39400807,-0.22999077,118.50729,107.68434,-13.303862,WAL
1840447371000,52.929983,0.0113045499552468,-14.1813746640369,-0.567993662088948,0.659429,0.4804455,-0.27091873,118.596596,107.43093,-13.113051,WAL
1840452362000,52.934974,0.0413388014145081,-14.4817173145291,-0.434508089981149,0.7473936,0.5235115,-0.33169982,118.69262,107.15164,-12.908645,WAL
1840458580000,52.941192,0.0710816022176782,-14.8636136957698,-0.276989685807638,0.7910705,0.63804877,-0.39828414,118.78991,106.8014,-12.667158,WAL
1840462310000,52.944922,0.0131109922512171,-15.1689256767283,-0.269260264634859,0.97310835,0.6649268,-0.4364632,118.87298,106.41194,-12.426039,WAL
1840467684000,52.950296,-0.0761846866979236,-15.602376351641,-0.254994494842599,1.0500773,0.6908886,-0.50488013,118.95858,105.9918,-12.150793,WAL
1840472308000,52.95492,-0.271096657625108,-15.843897282461,-0.178724594714381,1.2299771,0.6630942,-0.5910121,119.034966,105.519585,-11.869114,WAL
1840477298000,52.95991,-0.481436349434504,-16.1045351381686,-0.0964177604497177,1.4193454,0.5885687,-0.68477994,119.09403,105.02318,-11.577272,WAL
1840482365000,52.964977,-0.733014833649642,-16.0200223183021,-0.0486172443917263,1.6667458,0.516792,-0.7861836,119.143486,104.478714,-11.268819,WAL
1840487286000,52.969898,-0.982488722754632,-15.8906657699245,-0.00703826287422801,1.947133,0.42577308,-0.90408057,119.16338,103.887596,-10.942474,WAL
1840492306000,52.974918,-1.15555016464995,-15.3716081251049,0.0897132607737485,2.250122,0.33628133,-1.0173961,119.13824,103.25641,-10.626637,WAL
1840497333000,52.979945,-1.31262964484945,-14.7747063534073,0.197424882916006,2.5463917,0.25900686,-1.119716,119.09079,102.5801,-10.292535,WAL
1840502318000,52.98493,-1.911115606449,-13.8724322868695,0.0617918462266249,2.809064,0.2003638,-1.2220359,119.0063,101.892876,-9.975618,WAL
1840507303000,52.989915,-2.7025260030931,-12.834912344486,-0.179491793220459,3.043636,0.20708331,-1.3417655,118.921005,101.173325,-9.633302,WAL
1840512309000,52.994921,-3.36255124464409,-12.3942740981341,-0.596660878984105,3.2293391,0.2770274,-1.4483615,118.82258,100.47558,-9.311071,WAL
1840517317000,52.999929,-3.96862900631849,-12.1954047321552,-1.0843642000464,3.3896914,0.4392121,-1.5427402,118.75735,99.77897,-8.96445,WAL
1840522298000,53.00491,-4.56318601415512,-12.017570615551,-1.49372675084046,3.493233,0.6899723,-1.6016886,118.73046,99.27481,-8.749997,WAL
1840527431000,53.010043,-5.17204064641699,-11.843612221272,-1.88030098838101,3.5289686,0.9615019,-1.6081028,118.76075,98.82011,-8.528472,WAL
1840532342000,53.014954,-5.72731065911553,-11.8575497081651,-2.15412216697528,3.5381315,1.196685,-1.5726726,118.84251,98.58867,-8.444925,WAL
1840537344000,53.019956,-6.27933183236482,-11.9613487212647,-2.38531058685118,3.4782667,1.3411547,-1.4877623,118.97666,98.42356,-8.373286,WAL
1840542353000,53.024965,-6.80175878211612,-12.1129664305078,-2.66972912077686,3.4046574,1.4208726,-1.4147639,119.23655,98.314865,-8.310073,WAL
1840547342000,53.029954,-7.30438715881044,-12.2917861996763,-2.98387190667611,3.3056972,1.4031575,-1.3805555,119.51012,81.732315,-8.261965,WAL
1840552347000,53.034959,-7.70902286980338,-12.2806289460041,-3.05352221336203,3.1972687,1.3536774,-1.3741413,119.868675,81.7254,-8.225984,WAL
1840557354000,53.039966,-8.06081078137533,-12.1680564224787,-2.9925454950895,3.1337388,1.2925909,-1.3768903,120.21951,81.67244,-8.200135,WAL
1840562344000,53.044956,-8.24844913802109,-12.0594503759551,-2.82515238349937,2.997821,1.1307116,-1.3903292,120.579865,81.58248,-8.187824,WAL
1840567350000,53.049962,-8.33191507321791,-11.9528006423252,-2.58866766524809,2.874121,0.82741696,-1.3839152,120.88194,81.46487,-8.18087,WAL
1840572354000,53.054966,-8.14209565788677,-11.6785577926128,-2.43321347811081,2.7537806,0.46273044,-1.4135422,121.14011,81.319176,-8.177326,WAL
1840577391000,53.060003,-7.71856727247956,-11.2598976430518,-2.34558691035422,2.5873199,0.16187929,-1.5158621,121.33113,81.18814,-8.153538,WAL
1840582386000,53.064998,-7.16875088499379,-10.8349010405956,-2.44036843902677,2.3170118,-0.099265605,-1.5558738,121.42832,81.03834,-8.136347,WAL
1840587352000,53.069964,-6.52379077666194,-10.4049278404538,-2.67221694640135,2.0305161,-0.17531833,-1.5424347,121.4943,80.91043,-8.105967,WAL
1840592291000,53.074903,-5.78486832235577,-9.91739862893357,-2.72030930563811,1.7171422,-0.1255328,-1.5079209,121.520065,80.845055,-8.026717,WAL
1840597355000,53.079967,-4.78864622716346,-9.27091417963287,-2.32288014497378,1.4456125,-0.06566802,-1.42973,121.52538,80.791405,-7.966782,WAL
1840602340000,53.084952,-3.80193707976879,-8.82869526156069,-2.1295110265896,1.2629639,-0.07269296,-1.3075571,121.533714,80.82228,-7.8580813,WAL
1840607351000,53.089963,-2.80331410342967,-8.60215606184971,-2.15725053225434,1.1362094,-0.052534413,-1.2299771,121.5641,80.87312,-7.765645,WAL
1840612288000,53.0949,-1.82302687976051,-8.53289286378335,-2.04924990871059,1.0564915,0.08155051,-1.1594223,121.57467,80.968765,-7.6271114,WAL
1840617352000,53.099964,-0.823291841126718,-8.70931615561843,-1.72090549108731,1.0601566,0.28252518,-1.0464121,121.60756,81.0385,-7.5299087,WAL
1840622272000,53.104884,-0.000206807774028761,-8.91463417024969,-1.38747086068351,1.1169671,0.51068336,-0.99265605,121.62976,81.21464,-7.3450127,WAL
1840627395000,53.110007,0.633583346916996,-9.17950211067194,-1.01854827106719,1.2238685,0.73273283,-0.97158116,121.7113,81.358665,-7.192517,WAL
1840632269000,53.114881,1.08762125262236,-9.4551397650579,-0.655791821391457,1.385137,0.9431759,-0.9645562,121.792946,81.555084,-6.957596,WAL
1840637349000,53.119961,1.25330740266615,-9.79124550603289,-0.253411239782038,1.602605,1.1426234,-1.0091494,121.94701,81.72278,-6.7266197,WAL
1840642272000,53.124884,1.35757894542318,-10.0639525087782,0.119997759606251,1.7281377,1.1523973,-1.0512991,122.1764,81.87917,-6.385237,WAL
1840647359000,53.129971,1.31308375039578,-10.2023817348285,0.461127044379947,1.7715092,1.0922271,-1.0934488,122.444435,82.00281,-6.042868,WAL
1840652245000,53.134857,1.25033318438136,-10.2566150341052,0.734848500155024,1.7088956,0.95814216,-1.1074986,122.70714,82.07378,-5.665395,WAL
1840657355000,53.139967,1.13653619261699,-10.1238518275361,0.891319462852437,1.666135,0.8582657,-1.119716,122.96315,82.11031,-5.285854,WAL
1840662277000,53.144889,0.991769703703704,-9.93265220997857,0.950868149556168,1.5726726,0.7367035,-1.1148291,123.16885,82.09876,-4.901975,WAL
1840667348000,53.14996,0.729154508641975,-9.53129686598306,0.717983004887256,1.4795157,0.6096435,-1.0870347,123.34484,82.06437,-4.528615,WAL
1840672323000,53.154935,0.43161098529695,-9.16159936559343,0.372367881888396,1.3854424,0.56107974,-1.0259482,123.5046,81.984474,-4.173347,WAL
1840677366000,53.159978,0.0303236906260032,-8.84695397261826,-0.270603795017468,1.3225232,0.6075055,-0.9599747,123.655716,81.89101,-3.8372324,WAL
1840682372000,53.164984,-0.388408468468378,-8.54762610750325,-0.913775114831651,1.2938126,0.72082096,-0.8872818,123.80952,81.79252,-3.5510068,WAL
1840687332000,53.169944,-0.896211761984214,-8.31033453391947,-1.57344482217504,1.2965615,0.8518516,-0.81183994,123.980484,81.68203,-3.2964814,WAL
1840692294000,53.174906,-1.39773836226102,-8.09044721127585,-2.23837502052282,1.3164146,0.9932669,-0.7467828,124.22039,81.61086,-3.1076388,WAL
1840697352000,53.179964,-1.87495133762193,-7.95815081057355,-2.94238231197815,1.353372,1.1746938,-0.68936145,124.504776,81.525986,-2.949682,WAL
1840702328000,53.18494,-2.32831426144699,-7.83213142110523,-3.58681595434196,1.3341297,1.425454,-0.6731735,124.93972,81.451416,-2.8354297,WAL
1840707355000,53.189967,-2.66507684445888,-7.73591362636155,-3.87546948927751,1.287093,1.6307048,-0.67256266,125.40706,81.37338,-2.7406015,WAL
1840712387000,53.194999,-2.96874979927333,-7.64651592646061,-4.1293878474954,1.2409728,1.7846428,-0.6817256,125.98536,81.35326,-2.7028496,WAL
1840717338000,53.19995,-3.04225399256855,-7.60516948793721,-4.1431699137196,1.1841623,1.9058995,-0.7131852,126.60844,81.3555,-2.6671054,WAL
1840722332000,53.204944,-3.10735440833249,-7.55954754493308,-4.14688441521586,1.1261301,1.9956968,-0.7449502,127.28411,81.38892,-2.6710656,WAL
1840727411000,53.210023,-3.00945636388246,-7.44207017782027,-3.96577331665493,1.0549643,2.0653355,-0.7791586,127.984344,81.44891,-2.6702023,WAL
1840732406000,53.215018,-2.90784035143457,-7.3204391120064,-3.77081774809557,0.99173975,2.1038198,-0.82772243,128.70163,81.52323,-2.6661584,WAL
1840737343000,53.219955,-2.74713426445066,-7.1313730373188,-3.38795890119964,0.9297369,2.1044307,-0.8536842,129.42253,81.62147,-2.660264,WAL
1840742380000,53.224992,-2.58190679056697,-6.92771008934216,-2.97863754364876,0.8445212,2.0909917,-0.8723156,130.13693,81.7253,-2.6298234,WAL
1840747351000,53.229963,-2.40321853911497,-6.59384532639273,-2.34382410015804,0.7675522,2.076331,-0.8875872,130.84616,81.84897,-2.592957,WAL
1840752509000,53.235121,-2.22130070649101,-6.24461139211463,-1.67178589997173,0.72295904,1.999362,-0.88178396,131.50514,81.939415,-2.5333822,WAL
1840757354000,53.239966,-2.0919046825464,-5.88319479898067,-0.882023982942687,0.52870387,1.8802432,-0.86651236,132.14264,82.09464,-2.4697378,WAL
1840762747000,53.245359,-1.95386537735063,-5.48154158313607,-0.0113487109163905,0.43585235,1.7345519,-0.8335256,132.71518,82.130905,-2.3814023,WAL
1840767348000,53.24996,-1.95803760126882,-5.15193576290124,0.560246369731938,0.22266038,1.5778649,-0.8151997,133.24591,82.254234,-2.2885885,WAL
1840772286000,53.254898,-1.96251541950573,-4.79818798191459,1.17370790162532,0.008552114,1.4016303,-0.79168135,133.66919,82.2612,-2.16689,WAL
1840777430000,53.260042,-2.03313206068461,-4.35408755044519,1.69303504947566,-0.21777347,1.2092078,-0.7761043,134.03891,82.32852,-2.0428846,WAL
1840782342000,53.264954,-2.11224781944994,-3.91662414039375,2.16772935909181,-0.44012842,1.0238101,-0.7254025,134.35483,82.44831,-1.9301565,WAL
1840787348000,53.26996,-2.26150414895296,-3.71645677911756,2.3937427959774,-0.6209445,0.84665924,-0.6612616,134.56819,82.48905,-1.8022068,WAL
1840792278000,53.27489,-2.42245450767508,-3.56930201725918,2.56389041134703,-0.7959574,0.68539083,-0.6206391,134.73059,82.58526,-1.677946,WAL
1840797349000,53.279961,-2.62545948657507,-3.5593870148577,2.4771646543474,-0.9440922,0.5665775,-0.5910121,134.82791,82.613396,-1.577167,WAL
1840802291000,53.284903,-2.83446699676153,-3.59189936104024,2.31460321442591,-1.058324,0.49235737,-0.5543602,134.8897,82.67477,-1.4885508,WAL
1840807353000,53.289965,-2.82238996938091,-3.83821885494874,1.84039804985213,-1.1349876,0.44318274,-0.52534413,134.93262,82.71501,-1.4471515,WAL
1840812294000,53.294906,-2.7290953751183,-4.15542043647476,1.26663655329259,-1.1673635,0.4166101,-0.49021935,134.95827,82.76878,-1.4183447,WAL
1840817349000,53.299961,-2.46305077001772,-4.38261974047854,0.954545321002363,-1.1722504,0.38789943,-0.47036624,134.99123,82.85383,-1.4473208,WAL
1840822369000,53.304981,-2.126957271987,-4.56723429364907,0.760463154598267,-1.1722504,0.33628133,-0.4700608,135.00775,82.94087,-1.480603,WAL
1840827383000,53.309995,-1.82621410546404,-4.66515532382483,0.629880897624548,-1.1710287,0.2751948,-0.46761733,135.05003,83.13574,-1.5032682,WAL
1840832389000,53.315001,-1.54210922503013,-4.72293952752109,0.528758817702893,-1.1630874,0.19853121,-0.46822822,135.0717,83.32368,-1.524087,WAL
1840837344000,53.319956,-1.37831724891734,-4.7962168018264,0.488711062054227,-1.1429288,0.11575896,-0.46670106,135.08809,83.54403,-1.4669552,WAL
1840842356000,53.324968,-1.26534666511015,-4.8775556353794,0.475154583504048,-1.1261301,0.030543262,-0.45814893,135.08147,83.75801,-1.4105219,WAL
1840847352000,53.329964,-1.17654622933263,-4.90722936451918,0.500462875947451,-1.1191051,-0.019547688,-0.46089783,135.068,83.986244,-1.2813973,WAL
1840852349000,53.334961,-1.10613379905412,-4.89717040089333,0.55578692905938,-1.1261301,-0.12339478,-0.46517387,135.01616,84.20771,-1.1524295,WAL
1840857349000,53.339961,-1.09467808866917,-4.90937191083646,0.61835454297014,-1.1316279,-0.23518312,-0.4541783,134.95053,84.4201,-0.9923155,WAL
1840862385000,53.344997,-1.11375215028673,-4.93321448785841,0.685113808423967,-1.1643091,-0.29443705,-0.41599923,134.87239,84.63427,-0.84077185,WAL
1840867346000,53.349958,-1.08722783853402,-5.04745502140448,0.763106780489982,-1.207986,-0.33567044,-0.40042216,134.7865,84.81163,-0.66714525,WAL
1840872365000,53.354977,-1.03478526234874,-5.21431780454275,0.848921873477485,-1.271516,-0.35827246,-0.3594942,134.6906,84.99439,-0.51442254,WAL
1840877404000,53.360016,-0.931461983512793,-5.46509956528697,1.06635654456189,-1.3869696,-0.36682457,-0.32589662,134.58699,85.17813,-0.36654967,WAL
1840882418000,53.36503,-0.798644922522967,-5.76393787821792,1.3604514440976,-1.4953982,-0.3390302,-0.3042109,134.48987,85.37051,-0.23104885,WAL
1840887346000,53.369958,-0.545252503400775,-6.23941963525194,1.71249259761628,-1.6056592,-0.2874121,-0.25686884,134.40091,85.55225,-0.08877029,WAL
1840892322000,53.374934,-0.208163765496899,-6.83971477649225,2.10961081203488,-1.7107282,-0.20311269,-0.20922135,134.33244,85.7561,0.041519012,WAL
1840897347000,53.379959,0.174019589814571,-7.63603878944169,2.60290592017428,-1.7922786,-0.084910266,-0.16340645,134.30559,85.84217,0.22698656,WAL
1840902349000,53.384961,0.591455436492451,-8.59711183787618,3.17566674970108,-1.8234328,0.06841691,-0.11209377,134.31508,85.94013,0.38644817,WAL
1840907348000,53.38996,1.23720044598461,-10.0577021218429,3.88997587352013,-1.8237382,0.26083946,-0.058948494,134.38756,85.908554,0.6246075,WAL
1840912379000,53.394991,2.06905321572612,-11.9258058348461,4.72182869289661,-1.7724255,0.4428773,-0.064446285,134.50198,85.87328,0.84741324,WAL
1840917349000,53.399961,3.0497706948606,-13.6733663596587,5.62683622839567,-1.704314,0.5195409,-0.1432479,134.63744,85.76236,1.1063119,WAL
1840922381000,53.404993,4.1829335098224,-15.356375899494,6.61656058279591,-1.582141,0.49480084,-0.26236662,134.79494,85.6269,1.3621774,WAL
1840927480000,53.410092,5.41556103307144,-16.5730636848164,7.28111682678604,-1.4230106,0.4202753,-0.43768495,134.95187,85.39893,1.7248132,WAL
1840932442000,53.415054,6.68756832779097,-17.3371359809976,7.63710519477435,-1.2379184,0.40653083,-0.6646214,135.12416,85.121155,2.1153154,WAL
1840937329000,53.419941,7.76785055748988,-17.97900781083,7.7768797332996,-1.0112875,0.38820487,-0.9605856,135.28748,84.6922,2.658763,WAL
1840942358000,53.42497,8.518549951417,-18.4079799838057,7.47952483805668,-0.782213,0.35460728,-1.2095132,135.45113,84.200455,3.2259614,WAL
1840947254000,53.429866,8.65533098674151,-18.2868350352269,7.11144687548631,-0.5363397,0.2742785,-1.2501358,135.66016,83.568375,3.967736,WAL
1840952350000,53.434962,7.58791897009581,-17.0635612692345,6.56829474835962,-0.38240165,0.19761491,-1.1722504,135.86763,82.89732,4.706076,WAL
1840957268000,53.43988,6.41266563197826,-15.6525186282954,6.00366356040451,-0.076052725,0.124005646,-1.0064005,136.09464,82.17315,5.4908366,WAL
1840962354000,53.444966,4.79528579969813,-13.5548256152143,5.3077000389515,0.23060162,0.14905111,-0.83199847,136.32506,81.45922,6.208649,WAL
1840967265000,53.449877,3.301673848,-11.5272093977834,4.61926886955164,0.48349985,0.29932398,-0.65576386,136.52068,80.85091,6.737219,WAL
1840972347000,53.454959,1.933538464,-9.42351767395466,3.86409739223174,0.65301496,0.5693264,-0.5002986,136.75279,80.256004,7.1954794,WAL
1840977401000,53.460013,0.781787967518976,-7.53641346264289,3.12669834413352,0.6985244,0.9120218,-0.36560285,136.97092,79.81741,7.4262805,WAL
1840982433000,53.465045,0.0810757597750343,-6.09532620192044,2.42157907075446,0.6044512,1.2562444,-0.23976462,137.25856,79.41566,7.597208,WAL
1840987329000,53.469941,-0.525315396229059,-4.75358514590314,1.75775098869936,0.41141775,1.5454891,-0.11636983,137.56544,79.170135,7.5871515,WAL
1840992326000,53.474938,-0.593340025523403,-3.82553519269977,1.24270760608387,0.15882497,1.7287487,0.027183503,137.92386,78.98894,7.5236444,WAL
1840997335000,53.479947,-0.613028954115308,-2.98324096323062,0.815982009262425,-0.10995574,1.779145,0.18753563,138.28441,78.96564,7.355655,WAL
1841002350000,53.484962,-0.360000369423459,-2.63473001884692,0.892368006687873,-0.3827071,1.6395624,0.31581733,138.6243,79.01581,7.1600256,WAL
1841007314000,53.489926,-0.132821883245031,-2.38133599889785,0.984437707321393,-0.66859204,1.2470814,0.41691554,138.92685,79.171234,6.9561543,WAL
1841012355000,53.494967,-0.0520598674731352,-2.71388539156662,1.18396740245031,-0.9691377,0.6759224,0.5143485,139.12596,79.40876,6.735239,WAL
1841017284000,53.499896,-0.0261040387799791,-3.10422351522419,1.34760354848801,-1.3332134,0.036957346,0.63255095,139.16022,79.72831,6.5450215,WAL
1841022338000,53.50495,-0.49869118165191,-4.11822106014788,1.21913325439378,-1.675298,-0.5879578,0.75655663,139.03215,80.118645,6.3537,WAL
1841027446000,53.510058,-0.985515386074074,-5.16139164950123,1.08680159830123,-1.9871446,-1.2113458,0.88453287,138.71158,80.5851,6.153525,WAL
1841032429000,53.515041,-1.92344369851852,-7.10323333264197,0.832288364641975,-2.1838431,-1.8164078,0.999681,138.22498,81.10497,5.94564,WAL
1841037673000,53.520285,-2.91649695364919,-9.1664753666947,0.551099983823942,-2.2482896,-2.3283129,1.1206323,137.58528,81.739525,5.623732,WAL
1841042349000,53.524961,-3.93757918110457,-11.4513561640034,-0.001288729941127,-2.191479,-2.510656,1.2235631,136.87715,82.39176,5.280276,WAL
1841047320000,53.529932,-5.02307955592935,-13.8803857712363,-0.588526603364172,-2.1203132,-2.685669,1.2571607,135.9857,83.190445,4.75534,WAL
1841052352000,53.534964,-5.88152308476749,-15.3832919400835,-1.71105205685612,-1.9892827,-2.5506678,1.2522738,135.14113,83.96411,4.2067766,WAL
1841057278000,53.53989,-6.67371644305445,-16.6629893063394,-2.91574852788156,-1.7910569,-2.0506747,1.1081096,134.3655,84.673904,3.684557,WAL
1841062358000,53.54497,-6.20970392120881,-17.448987226181,-2.77102096033148,-1.3811663,-1.278541,0.8579602,133.66132,85.45458,3.01059,WAL
1841067245000,53.549857,-5.47581227659786,-18.0853356409289,-2.32046715762207,-0.75747293,-0.61911196,0.5766568,133.09033,86.08123,2.3973272,WAL
1841072356000,53.554968,-4.68684840898441,-18.4674077822157,-0.790341450761,-0.12980886,-0.27275133,0.3182608,132.67291,86.708176,1.7780231,WAL
1841077392000,53.560004,-3.90386993327184,-18.7699226852689,0.993603598773176,0.30207285,-0.07849618,0.1777618,132.42337,87.153915,1.223144,WAL
1841082397000,53.565009,-3.60083197704749,-18.0924915246729,2.31554200597507,0.5644395,0.0711658,0.11301007,132.30261,87.32488,0.8450804,WAL
1841087311000,53.569923,-3.55719907917997,-16.9047083201813,3.37242606125476,0.75900006,0.15302174,0.064751714,132.2298,87.34233,0.51880085,WAL
1841092302000,53.574914,-3.65559365375633,-15.0039852985597,3.10047811752627,0.9407325,0.108123146,0.053450707,132.14809,86.99736,0.31789908,WAL
1841097337000,53.579949,-3.81982814130012,-12.7703973655119,2.21361230616972,1.078788,-0.03023783,0.10781772,132.06602,86.60741,0.12489179,WAL
1841102352000,53.584964,-3.93779834698795,-9.5566143253012,0.852566518072289,1.1151345,-0.20341812,0.19394971,131.91025,86.0622,-0.06826604,WAL
1841107364000,53.589976,-4.03013200198441,-5.79037059744862,-0.775422776612331,1.056186,-0.39920044,0.30848694,131.70612,85.51709,-0.27239925,WAL
1841112352000,53.594964,-4.191449,-3.75091586666667,-2.01432173333333,0.8396343,-0.569021,0.49602258,131.47462,85.10655,-0.556022,WAL
1841117350000,53.599962,-4.38753809892086,-2.55525053920863,-3.06650730539568,0.5039638,-0.7263188,0.68386364,131.18855,84.73858,-0.86130553,WAL
1841122355000,53.604967,-4.53573967126569,-1.67797277477244,-3.91406761269522,0.13622294,-0.99204516,0.8524625,130.87932,84.58086,-1.243426,WAL
1841127393000,53.610005,-4.66055483002779,-0.956819108757306,-4.66295793775031,-0.1957823,-1.4052955,1.0073168,130.48088,84.46788,-1.6691774,WAL
1841132415000,53.615027,-4.65867901921151,-0.528024874347101,-5.56932465006258,-0.63194007,-1.9040669,1.105666,130.0105,84.544395,-2.1419578,WAL
1841137349000,53.619961,-4.56997060851064,-0.30625405858156,-6.56975737234043,-1.1325442,-2.3906212,1.1187997,129.42822,84.655205,-2.6322544,WAL
1841142340000,53.624952,-4.45154462762843,-0.49342865234767,-7.46045266502389,-1.6297885,-2.5980098,1.0684034,128.8087,84.85744,-3.1469576,WAL
1841147366000,53.629978,-4.3173626873855,-0.895974893410992,-8.29429854087017,-1.8579466,-2.833193,1.0311406,128.0476,84.979355,-3.671432,WAL
1841152347000,53.634959,-4.09459889659871,-1.63090020733963,-8.45529948554948,-2.21683,-2.8127291,0.9251554,127.35063,85.17897,-4.1480074,WAL
1841157357000,53.639969,-3.82260993284933,-2.5494593922725,-8.26204417903531,-2.3805418,-2.6047294,0.86376345,126.64715,85.128426,-4.641512,WAL
1841162351000,53.644963,-3.55148959652909,-3.46508505485828,-8.06940605513675,-2.3817637,-2.3634377,0.8713993,126.01024,84.895775,-5.0948725,WAL
1841167353000,53.649965,-3.27993494649428,-4.3821774786176,-7.87645933993038,-2.3005185,-2.1948388,0.9056077,125.4201,95.62571,-5.555168,WAL
1841172355000,53.654967,-2.9945432867341,-5.3995401668936,-7.67004988103482,-2.1368067,-2.0744984,0.9126327,124.89235,96.369675,-6.024706,WAL
1841177430000,53.660042,-2.69674670922,-6.49146081949037,-7.45261105687609,-1.9520199,-1.9165897,0.9049969,124.43264,97.26523,-6.5109944,WAL
1841182388000,53.665,-2.25807920936371,-7.60325382486953,-7.35898407882377,-1.7321084,-1.7583756,0.87781334,124.02302,98.09097,-6.877903,WAL
1841187354000,53.669966,-1.71395428035929,-8.74877954526295,-7.34943813498595,-1.486846,-1.5360206,0.88270026,123.68396,98.947716,-7.2533984,WAL
1841192293000,53.674905,-1.16622232228972,-9.93999765420561,-7.05109196857477,-1.2415836,-1.2473868,0.9468411,123.41878,99.71374,-7.5549626,WAL
1841197364000,53.679976,-0.598886049902648,-11.2023212102804,-6.52630581936332,-0.9783007,-0.88789266,1.0751228,123.24479,100.46357,-7.868573,WAL
1841202351000,53.684963,-0.135991808305136,-12.3437732391631,-5.64949537558314,-0.77946407,-0.58093286,1.2336423,123.16459,101.08407,-8.055272,WAL
1841207340000,53.689952,0.241875491210331,-13.3960619194614,-4.44892965964561,-0.6435465,-0.44990227,1.3494014,123.142395,101.685455,-8.259962,WAL
1841212338000,53.69495,0.602009992703349,-14.1317695508373,-3.45964439665072,-0.6267477,-0.47525316,1.4446963,123.16588,102.07843,-8.329108,WAL
1841217355000,53.699967,0.946843775767544,-14.581969035636,-2.65982157412281,-0.70280045,-0.5354234,1.5332718,123.2218,102.4821,-8.429342,WAL
1841222355000,53.704967,1.27446642507427,-14.6920846051693,-2.11324501690434,-0.84635377,-0.5103779,1.5552629,123.26516,102.55987,-8.366861,WAL
1841227445000,53.710057,1.5930673587245,-14.4893389872252,-1.78981674902951,-1.0250319,-0.3622431,1.4767667,123.325874,102.66819,-8.312641,WAL
1841232388000,53.715,1.89091200310078,-14.0204700904393,-1.39512046640827,-1.2589933,-0.13500121,1.3121386,123.39436,102.520744,-8.0608,WAL
1841237353000,53.719965,2.17917273834228,-13.2927294837011,-0.9225619115484,-1.4828753,-0.013133603,1.1102476,123.47062,102.42364,-7.809149,WAL
1841242341000,53.724953,2.37889036178509,-12.5390356741768,-0.261644345840555,-1.6719382,0.13683382,1.0091494,123.599396,102.3448,-7.514372,WAL
1841247359000,53.729971,2.48531220821298,-11.7570664232621,0.598984736558829,-1.7397442,0.040011674,0.7800749,123.68022,102.26515,-7.1650124,WAL
1841252341000,53.734953,2.38787175549544,-11.0937965180844,1.17224781355576,-1.8460348,-0.3484986,0.52412236,123.705215,102.209335,-6.802243,WAL
1841257360000,53.739972,1.9977960912634,-10.5881427023344,1.34561481454764,-1.8371773,-0.9416488,0.26206118,123.638115,102.1361,-6.414114,WAL
1841262284000,53.744896,1.53911939788824,-10.2470112872796,1.22311922036059,-1.6771306,-1.5088371,0.002443461,123.39248,102.11448,-6.1347265,WAL
1841267330000,53.749942,0.956663744560215,-10.1266692890726,0.664731916410001,-1.4199562,-1.9236146,-0.22327125,123.01831,102.0445,-5.824606,WAL
1841272267000,53.754879,0.376539853962977,-10.035645947955,0.102448996280287,-1.1368202,-2.123673,-0.37048978,122.51819,101.93084,-5.559859,WAL
1841277347000,53.759959,-0.236420326265749,-9.98378002432642,-0.501081048689669,-0.86437434,-2.130698,-0.48716503,121.95579,101.73728,-5.261908,WAL
1841282257000,53.764869,-0.763749362162786,-9.81078373263749,-0.959618374104777,-0.61208695,-2.0137172,-0.5458081,121.395996,101.495224,-4.950864,WAL
1841287342000,53.769954,-1.17429103723806,-9.37580495303091,-1.17466403457246,-0.43554693,-1.8689423,-0.5158757,120.85375,101.214584,-4.648816,WAL
1841292260000,53.774872,-1.52216702217212,-8.93568935118376,-1.35108919366779,-0.33964106,-1.7938058,-0.4288274,120.340775,101.00716,-4.4370966,WAL
1841297339000,53.779951,-1.78264375667042,-8.44215456116122,-1.46990310339158,-0.3036,-1.7782288,-0.2932153,119.86456,100.78756,-4.2545695,WAL
1841302192000,53.784804,-2.01219626402512,-8.00904270163473,-1.59876271907546,-0.31673363,-1.7849482,-0.16615535,119.36243,100.71261,-4.2160115,WAL
1841307234000,53.789846,-2.16902069535564,-7.72153134426762,-1.79740709337447,-0.37812558,-1.7779233,-0.035124753,118.88109,100.65581,-4.217601,WAL
1841312222000,53.794834,-2.28974176230831,-7.58036402320255,-1.97503475986855,-0.47036624,-1.7250835,0.064751714,118.39539,100.698746,-4.3117175,WAL
1841317231000,53.799843,-2.34706538281219,-7.70456497649871,-2.1183435367855,-0.5644395,-1.6056592,0.13439035,117.93994,100.766594,-4.429805,WAL
1841322198000,53.80481,-2.25457805793612,-7.81607676805897,-2.22017208452088,-0.6554584,-1.4330899,0.19425514,117.514435,100.92148,-4.5962114,WAL
1841327262000,53.809874,-1.86374261899754,-7.9066360187715,-2.24400349248157,-0.7318166,-1.2333369,0.2837469,117.1393,101.10512,-4.782024,WAL
1841332211000,53.814823,-1.49116704635535,-8.04098395430404,-2.23381731139393,-0.7901542,-1.0479393,0.40194935,116.81861,101.33953,-4.992872,WAL
1841337228000,53.81984,-1.13487224508468,-8.28172403818018,-2.1471510621906,-0.8136725,-0.9584476,0.45631635,116.532196,101.58309,-5.203431,WAL
1841342231000,53.824843,-0.830639118447158,-8.50960519381915,-2.04488403002671,-0.8249735,-0.8213083,0.52748215,116.34137,101.82985,-5.37315,WAL
1841347232000,53.829844,-0.638772295105876,-8.7106082822396,-1.90783626158909,-0.8338311,-0.73426,0.56107974,116.166214,102.07741,-5.542117,WAL
1841352283000,53.834895,-0.473573802490954,-8.88296631540342,-1.78029514833252,-0.838718,-0.6908886,0.5555819,116.0469,102.25964,-5.637035,WAL
1841357266000,53.839878,-0.40823422595599,-8.94830575061125,-1.69161997080685,-0.829555,-0.6951646,0.5366451,115.94249,102.43739,-5.7329397,WAL
1841362279000,53.844891,-0.375685810240642,-8.99419404350062,-1.61047631564171,-0.8213083,-0.7470882,0.51251596,115.85409,102.5432,-5.77321,WAL
1841367288000,53.8499,-0.494082096791444,-8.94979557383793,-1.56607769144385,-0.81581056,-0.82802784,0.46792278,115.75552,102.64003,-5.8047056,WAL
1841372260000,53.854872,-0.616085798233489,-8.89950672076443,-1.53998914179622,-0.8249735,-0.9288206,0.42913285,115.588066,102.77843,-5.8526525,WAL
1841377343000,53.859955,-0.755870744354887,-8.82720420407961,-1.57373036658085,-0.8222246,-1.0366384,0.39492437,115.39713,102.902664,-5.8950267,WAL
1841382351000,53.864963,-0.901542354061066,-8.75694346537617,-1.60593166475753,-0.8332202,-1.1392636,0.37232238,115.15867,103.037254,-5.9514756,WAL
1841387314000,53.869926,-1.07227366430852,-8.69054811265216,-1.63438690789264,-0.8512407,-1.2195925,0.3726278,114.90011,103.166115,-6.0103226,WAL
1841392269000,53.874881,-1.24234891334781,-8.63035310968506,-1.67065974082338,-0.8897252,-1.273654,0.38789943,114.607056,103.32497,-6.095871,WAL
1841397323000,53.879935,-1.41437402046599,-8.59212552986475,-1.73755840467963,-0.9221011,-1.2709051,0.41080686,114.31352,103.4809,-6.1846075,WAL
1841402303000,53.884915,-1.58186203773159,-8.55540316165082,-1.78817883309479,-0.9627236,-1.2443326,0.44837508,114.00836,103.6697,-6.3170114,WAL
1841407303000,53.889915,-1.74145982226252,-8.52254461837075,-1.77409663527105,-0.999681,-1.1976013,0.4978552,113.71696,103.86257,-6.4554,WAL
1841412296000,53.894908,-1.89208511028291,-8.49534377698636,-1.74638562767857,-1.0372492,-1.1301007,0.5384777,113.43669,104.09099,-6.628677,WAL
1841417318000,53.89993,-1.9934082426866,-8.50016878641653,-1.64023758660714,-1.061073,-1.0574077,0.59681535,113.17968,104.32614,-6.813694,WAL
1841422284000,53.904896,-2.08250978452875,-8.50999532898637,-1.53624299949615,-1.0659598,-1.0103711,0.6600399,112.90031,104.611465,-7.0441704,WAL
1841427356000,53.909968,-2.11130272979648,-8.54838558861885,-1.43546799171112,-1.0619892,-0.9868528,0.71959925,112.642624,104.89922,-7.2818255,WAL
1841432280000,53.914892,-2.12895319038175,-8.58445981100645,-1.33515979426872,-1.0546589,-0.9807441,0.768163,112.38571,105.17919,-7.546708,WAL
1841437321000,53.919933,-2.07629635894893,-8.61318176450174,-1.21548530461081,-1.0213667,-0.9944886,0.8210029,112.13763,105.45275,-7.822909,WAL
1841442291000,53.924903,-2.01537841672405,-8.63934460673881,-1.10186038713724,-0.9966267,-1.0360274,0.8509353,111.877975,105.70909,-8.107479,WAL
1841447324000,53.929936,-1.88260891649779,-8.64882808588293,-1.02125031928185,-0.95081174,-1.1099422,0.8912524,111.612625,105.95419,-8.405556,WAL
1841452293000,53.934905,-1.74421358639335,-8.67382731120024,-0.950963236229946,-0.89858276,-1.1792754,0.9111055,111.33401,106.16189,-8.692295,WAL
1841457302000,53.939914,-1.52094160292137,-8.87809746120519,-0.986591757687166,-0.8622363,-1.2452488,0.94042706,111.041565,106.36366,-8.989899,WAL
1841462547000,53.945159,-1.28715011693405,-9.09199183868093,-1.02389892379679,-0.82802784,-1.2971723,0.960891,110.69259,106.58115,-9.279409,WAL
1841467320000,53.949932,-1.07439763597742,-9.28663776121509,-1.0578488006016,-0.7959574,-1.3371841,0.97433007,110.33387,106.78559,-9.570459,WAL
1841472439000,53.955051,-0.84762316729465,-9.50675996759608,-1.10255246269781,-0.7470882,-1.3649784,0.9801333,109.96861,106.97215,-9.859411,WAL
1841477373000,53.959985,-0.647327539544084,-9.86729193952525,-1.25388697108139,-0.7141015,-1.3677273,0.95233893,109.60136,107.14394,-10.135471,WAL
1841482673000,53.965285,-0.432174149378297,-10.2545678720799,-1.41644734692916,-0.6719518,-1.3469579,0.9104946,109.23515,107.29873,-10.351796,WAL
1841487319000,53.969931,-0.299101439471068,-10.5600263352555,-1.61954490385763,-0.6206391,-1.2977833,0.8524625,108.87694,107.42872,-10.548646,WAL
1841492364000,53.974976,-0.154992303559356,-10.8914775183933,-1.8405121920859,-0.57971114,-1.2131784,0.7840455,108.534485,107.535675,-10.72221,WAL
1841497324000,53.979936,-0.0026308179649052,-11.1334990512303,-2.05180476164784,-0.49846604,-1.0855075,0.7162395,108.22386,107.63313,-10.8592005,WAL
1841502287000,53.984899,0.150752618971359,-11.368367670835,-2.26270698618394,-0.41386122,-0.95417154,0.64996064,107.93606,107.70345,-10.96859,WAL
1841507306000,53.989918,0.334758398104913,-11.5423999532693,-2.2669976743997,-0.30818152,-0.8359691,0.59406644,107.70323,107.745674,-11.026692,WAL
1841512260000,53.994872,0.518783796102697,-11.7088988239749,-2.2538530122645,-0.17470746,-0.743423,0.5540548,107.49808,107.75097,-11.063095,WAL
1841517315000,53.999927,0.621189459737328,-11.7058155871127,-1.87990774918941,-0.022296581,-0.6762278,0.48808134,107.327286,107.748344,-11.065301,WAL
1841522289000,54.004901,0.694504208906218,-11.6471636244613,-1.39603043529653,0.087659165,-0.6411031,0.410196,107.17005,107.71462,-11.049732,WAL
1841527389000,54.010001,0.662723921409104,-11.7124195909926,-1.04966694976322,0.11362094,-0.6230826,0.3109304,107.01542,107.648735,-10.995462,WAL
1841532293000,54.014905,0.608256363601044,-11.8031988066106,-0.750095301246738,0.04642576,-0.6215554,0.19792034,106.858986,107.563354,-10.916488,WAL
1841537317000,54.019929,0.439465895944327,-12.1260997837589,-0.545626424332197,-0.09132435,-0.5919284,0.14385876,106.65813,107.43719,-10.843154,WAL
1841542300000,54.024912,0.232728147670753,-12.526379502627,-0.378476753169877,-0.15332718,-0.5476407,0.040317107,106.450554,107.281815,-10.725629,WAL
1841547348000,54.02996,0.0255072778565281,-12.7846416100339,-0.328961595016959,-0.25167647,-0.5006041,-0.040927973,106.20494,107.137085,-10.627211,WAL
1841552349000,54.034961,-0.178161200440439,-12.932543659596,-0.367755589798005,-0.27550024,-0.4700608,-0.089491755,105.96295,106.97893,-10.509593,WAL
1841557343000,54.039955,-0.381544599883562,-13.080238687693,-0.406495283846504,-0.23396139,-0.42943826,-0.11148291,105.689285,106.805,-10.408009,WAL
1841562355000,54.044967,-0.585661059236572,-13.2284660567002,-0.445374608350124,-0.13561209,-0.39095375,-0.13927728,105.421486,106.61708,-10.292472,WAL
1841567349000,54.049961,-0.669735209096296,-13.1251701526914,-0.516278309380741,-0.005192355,-0.32436943,-0.16371189,105.168495,106.422485,-10.17931,WAL
1841572375000,54.054987,-0.683996837777778,-12.8732144148148,-0.606601992444444,0.13439035,-0.26847526,-0.18784106,104.92278,106.20255,-10.059628,WAL
1841577455000,54.060067,-0.630260881067721,-12.8080581067721,-0.609047955116164,0.27977628,-0.21624629,-0.22143865,104.66852,105.986046,-9.979069,WAL
1841582365000,54.064977,-0.537285844340089,-12.8591944340089,-0.557911724962926,0.43096542,-0.18509217,-0.26511553,104.42355,105.73628,-9.888779,WAL
1841587342000,54.069954,-0.396074250878209,-13.1061012462845,-0.463884565412083,0.57757306,-0.1554652,-0.30482176,104.20237,105.48265,-9.798543,WAL
1841592345000,54.074957,-0.220366375376375,-13.4945082484076,-0.339039485176607,0.70402217,-0.12492194,-0.33383787,103.989296,105.20036,-9.699344,WAL
1841597356000,54.079968,-0.00471437914564687,-13.9166140201383,-0.210559229796176,0.8063421,-0.07086037,-0.37232238,103.78177,104.881226,-9.578603,WAL
1841602357000,54.084969,0.248587878173312,-14.3696353426566,-0.0790369043500814,0.91446525,0.030848695,-0.4092797,103.5958,104.53629,-9.448441,WAL
1841607343000,54.089955,0.489472727146667,-14.7501383315556,0.0577162245902222,1.0436633,0.160963,-0.4529566,103.413826,104.13127,-9.282754,WAL
1841612364000,54.094976,0.72218109597037,-15.0730806212346,0.200190739009383,1.1716396,0.30695978,-0.50426924,103.26384,103.70569,-9.10239,WAL
1841617346000,54.099958,0.850394032713378,-15.2836762680627,0.511575053086542,1.3185526,0.42943826,-0.56382865,103.13172,103.20654,-8.873796,WAL
1841622400000,54.105012,0.884019313940056,-15.3941595370187,0.987132527342199,1.4801265,0.47616947,-0.6230826,103.01797,102.68167,-8.633386,WAL
1841627451000,54.110063,0.655499605291367,-15.259523773261,1.58457083223483,1.6190983,0.3903429,-0.6924158,102.88942,102.09103,-8.350163,WAL
1841632451000,54.115063,0.187762115404835,-14.9004522389739,2.2885393571485,1.7482964,0.15027285,-0.8045095,102.7267,101.466576,-8.049757,WAL
1841637343000,54.119955,-0.21612463927294,-14.4428404596727,2.72289160327294,1.8958203,-0.015577064,-0.870483,102.50041,100.78368,-7.756515,WAL
1841642365000,54.124977,-0.572173661491525,-13.8572334830508,2.89154636949153,1.9767599,-0.30543262,-0.9999864,102.16602,100.07621,-7.433925,WAL
1841647322000,54.129934,-0.831696797938557,-13.25856688572,2.87801202398679,2.1777346,-0.5103779,-1.1249083,101.69824,99.33889,-7.182257,WAL
1841652351000,54.134963,-0.966644197858501,-12.6223860560392,2.61293677054938,2.3805418,-0.5888741,-1.2342533,101.1861,98.60156,-6.906558,WAL
1841657300000,54.139912,-1.11495296714783,-12.0608649835739,2.3092049942658,2.6047294,-0.5888741,-1.3170254,100.58509,97.91063,-6.6789384,WAL
1841662357000,54.144969,-1.28851957789945,-11.5787357889497,1.9379652626879,2.7980683,-0.52534413,-1.38025,99.98492,97.23534,-6.427357,WAL
1841667248000,54.14986,-1.50080837871835,-11.2744585403481,1.60417573457279,2.9840767,-0.40378192,-1.4385877,99.427055,96.630196,-6.176242,WAL
1841672403000,54.155015,-1.79373819497627,-11.2061078896361,1.29171727749209,3.1786373,-0.2284636,-1.5173893,98.90812,96.081375,-5.9019737,WAL
1841677351000,54.159963,-2.09385332813765,-11.1883242374205,1.02383765422209,3.3438764,-0.043982297,-1.5839735,98.45013,95.669815,-5.6419096,WAL
1841682454000,54.165066,-2.43303513846154,-11.2448551868132,0.797716463736264,3.4538321,0.17256944,-1.6362026,98.056335,84.62158,-5.366629,WAL
1841687249000,54.169861,-2.77088975029234,-11.3426204276944,0.628989621248295,3.4767396,0.38973203,-1.6490307,97.72427,84.722,-5.1370273,WAL
1841692330000,54.174942,-3.17393777294874,-11.5512568240109,0.553121730491132,3.4293976,0.49571714,-1.6346754,97.42652,84.68165,-4.9052553,WAL
1841697283000,54.179895,-3.56093367432797,-11.7728517537724,0.378521681320076,3.3554828,0.49632803,-1.6120734,97.217354,84.50192,-4.6988983,WAL
1841702356000,54.184968,-3.93961713020885,-12.0544364586789,-0.102114971347057,3.263853,0.45937067,-1.5888605,97.0304,84.227264,-4.502256,WAL
1841707303000,54.189915,-4.27692265879586,-12.3329174639699,-0.647527300496707,3.1422908,0.4578435,-1.5567901,96.954315,83.87348,-4.3086205,WAL
1841712369000,54.194981,-4.52794677140169,-12.629582519285,-1.4325480217968,3.0017917,0.56046885,-1.5399913,96.89987,83.48304,-4.125423,WAL
1841717323000,54.199935,-4.77140985035194,-12.9299774024983,-2.18053562740161,2.7925704,0.6264423,-1.5567901,96.93845,83.12023,-3.9608161,WAL
1841722411000,54.205023,-5.00811181208486,-13.3067683421235,-2.81818177471994,2.5341744,0.6301075,-1.6077974,96.98951,82.785065,-3.798236,WAL
1841727338000,54.20995,-5.19636118430513,-13.6103973769399,-3.39874207408154,2.2317963,0.66859204,-1.7406605,97.1748,82.58649,-3.6257687,WAL
1841732411000,54.215023,-5.08134619947391,-13.4613041087242,-3.71822773779044,1.8683313,0.679893,-1.8054122,97.34876,82.45943,-3.462532,WAL
1841737250000,54.219862,-4.97163645935993,-13.3190879989478,-4.02297662931171,1.520749,0.74189585,-1.8106046,97.63097,82.46169,-3.2975073,WAL
1841742346000,54.224958,-4.59855323890274,-12.8718258573566,-4.29211446319202,1.3420709,0.9456194,-1.8023579,97.94878,82.51552,-3.1266186,WAL
1841747257000,54.229869,-4.18570641107232,-12.3792248794015,-4.54076086706235,1.006095,1.0754282,-1.7498235,98.25128,82.69101,-2.9690099,WAL
1841752354000,54.234966,-3.55866220561487,-11.7333004045077,-4.25899973730724,0.8237518,1.0842859,-1.6444492,98.59651,82.89693,-2.8141725,WAL
1841757270000,54.239882,-2.91176014788454,-11.0817437947805,-3.87272008048636,0.8136725,1.0845913,-1.5112807,98.962234,83.13191,-2.6872575,WAL
1841762352000,54.244964,-2.21651547404018,-10.8496075651482,-3.42888924304754,0.8775079,1.0940597,-1.4056009,99.33139,83.41431,-2.5370471,WAL
1841767252000,54.249864,-1.53973794270937,-10.7329218679133,-2.9901507777601,0.97494096,1.1737776,-1.3570372,99.7099,83.67825,-2.411497,WAL
1841772424000,54.255036,-0.600653231166899,-11.0845212379358,-1.9299113708954,1.1078042,1.2928963,-1.3744467,100.0369,83.88887,-2.22892,WAL
1841777335000,54.259947,0.348289458568108,-11.5393140847978,-0.771064303648536,1.2220359,1.3716979,-1.462106,100.372246,84.07734,-2.0444055,WAL
1841782388000,54.265,0.603807317554092,-11.7106509746002,-0.419802885700847,1.3170254,1.3420709,-1.5366315,100.56959,84.24543,-1.8015014,WAL
1841787348000,54.26996,0.474453803428232,-11.7224103764916,-0.518581920527801,1.4187346,1.3316863,-1.602605,100.80105,84.3765,-1.5463358,WAL
1841792317000,54.274929,0.344865575264643,-11.7341911160073,-0.617540191506659,1.4709635,1.4721853,-1.6432275,101.07371,84.30501,-1.1359518,WAL
1841797356000,54.279968,0.213451793474278,-11.746137814824,-0.717892521444769,1.4694363,1.649947,-1.6630806,101.35409,84.19078,-0.7279743,WAL
1841802353000,54.284965,0.0100659898536186,-11.3344514195926,-1.05905225957621,1.385137,1.8515326,-1.6584991,101.68887,84.04889,-0.3205885,WAL
1841807355000,54.289967,-0.240017195152011,-10.6528522434231,-1.55431503109837,1.3399329,2.0506747,-1.6071864,102.07002,83.873566,0.05926897,WAL
1841812368000,54.29498,-0.424005430762048,-10.0862959131526,-1.74921721450803,1.3457361,2.1774292,-1.5195273,102.480736,83.72498,0.39063177,WAL
1841817356000,54.299968,-0.572684384388554,-9.58270573042169,-1.78758600225904,1.4034629,2.2852468,-1.4175128,102.93656,83.56695,0.68561196,WAL
1841822430000,54.305042,-0.768788917861509,-9.01557649240688,-1.86580619462273,1.493871,2.2757785,-1.3240504,103.44159,83.42627,0.9412798,WAL
1841827435000,54.310047,-0.983956100273161,-8.42958922808023,-1.96194469170965,1.5451837,2.2220223,-1.2379184,103.95474,83.28525,1.1603968,WAL
1841832365000,54.314977,-1.2121118853115,-7.85505503104592,-2.03002395872292,1.5855007,2.198504,-1.1398746,104.51228,83.092445,1.3533946,WAL
1841837355000,54.319967,-1.45484282384161,-7.27547302264953,-2.07956094618016,1.5986344,2.171015,-1.0943651,105.0437,82.9018,1.5325611,WAL
1841842301000,54.324913,-1.71623985874734,-6.7801193671962,-2.03001856238996,1.5952746,2.1239784,-0.9978484,105.637024,82.66994,1.6725394,WAL
1841847332000,54.329944,-1.99412230517049,-6.32185752473945,-1.92276561420621,1.5512923,2.0366247,-0.9083566,106.20089,82.45816,1.7990391,WAL
1841852319000,54.334931,-2.19414788413738,-5.96091501846337,-1.70824792930316,1.4834863,1.9306396,-0.84665924,106.80017,82.22857,1.8970369,WAL
1841857300000,54.339912,-2.35514355451658,-5.64839360988684,-1.43834344053008,1.3976597,1.8099937,-0.8304713,107.36189,82.02902,1.9823898,WAL
1841862292000,54.344904,-2.44332160601098,-5.3585931686311,-1.14597230108845,1.2837334,1.6743816,-0.8216137,107.92138,81.82849,2.0311809,WAL
1841867332000,54.349944,-2.49065149579329,-5.07934647790743,-0.838327449156697,1.1322387,1.53205,-0.82253003,108.43953,81.67115,2.0793183,WAL
1841872397000,54.355009,-2.51489156699718,-4.82327253905901,-0.507719707463012,0.96669424,1.396438,-0.8335256,108.92854,81.50399,2.1152778,WAL
1841877351000,54.359963,-2.52411558078157,-4.5880612229513,-0.171044728047827,0.77824235,1.269378,-0.840856,109.37576,81.39222,2.1521487,WAL
1841882314000,54.364926,-2.55463714295228,-4.30796865560488,0.165367335469478,0.6084218,1.1215485,-0.86529064,109.77187,81.26723,2.2003107,WAL
1841887317000,54.369929,-2.60298017637978,-3.98890481670871,0.503768475570578,0.4370741,0.9944886,-0.88422745,110.13487,81.19963,2.249985,WAL
1841892302000,54.374914,-2.6894050670073,-3.7243852589781,0.800243609489051,0.25411993,0.88514376,-0.8872818,110.45108,81.121666,2.3073866,WAL
1841897324000,54.379936,-2.80642387424818,-3.49970914125547,1.06704646262774,0.09590584,0.8072584,-0.895223,110.738754,81.08539,2.372104,WAL
1841902352000,54.384964,-2.92588487518189,-3.33775717457559,1.23205585897332,-0.06994407,0.7583892,-0.89888823,110.99627,81.04028,2.433739,WAL
1841907356000,54.389968,-3.04694981867421,-3.23606265642684,1.29985222126112,-0.22540927,0.75502944,-0.90224797,111.243034,81.03659,2.4953344,WAL
1841912414000,54.395026,-3.1464335131502,-3.25824126070524,1.24151839055133,-0.36468655,0.8045095,-0.8848383,111.48762,81.02794,2.5328388,WAL
1841917355000,54.399967,-3.22479139114553,-3.38269213268069,1.08019310413988,-0.49235737,0.9095783,-0.8604037,111.74506,81.05934,2.5634007,WAL
1841922368000,54.40498,-3.23809442038279,-3.61093037685478,0.890200847375691,-0.5861252,1.0436633,-0.8258898,112.02771,81.1098,2.5626018,WAL
1841927409000,54.410021,-3.18093979513615,-3.94909568635556,0.671107777417127,-0.64599,1.1896601,-0.79259765,112.34031,81.18767,2.5469913,WAL
1841932385000,54.414997,-3.07132972315119,-4.30192965905245,0.49146167458943,-0.6771441,1.2571607,-0.7672467,112.67819,81.31655,2.5065496,WAL
1841937351000,54.419963,-2.90092024935802,-4.67588374365482,0.354187436667662,-0.69058317,1.3805555,-0.73364913,113.06857,81.460175,2.4436502,WAL
1841942315000,54.424927,-2.70394208612705,-4.97998505173164,0.27147868783495,-0.70646566,1.4749341,-0.70249504,113.47413,81.65398,2.3832586,WAL
1841947353000,54.429965,-2.47000694805066,-5.19959773308925,0.25715611645755,-0.6939429,1.5167783,-0.6612616,113.89439,81.84663,2.3069234,WAL
1841952269000,54.434881,-2.21919847533803,-5.32843610500857,0.252728480853171,-0.6957755,1.5079209,-0.6267477,114.32258,82.06818,2.257048,WAL
1841957344000,54.439956,-1.92764016025519,-5.33769191533041,0.261984305672253,-0.70280045,1.4538593,-0.57451874,114.74348,82.291245,2.1914127,WAL
1841962261000,54.444873,-1.6437249595043,-5.30563516390166,0.272560946304218,-0.70188415,1.382388,-0.5170974,115.142876,82.50192,2.167951,WAL
1841967352000,54.449964,-1.34649461239256,-5.17894670245853,0.287178832394563,-0.7141015,1.2950343,-0.45265114,115.516335,82.72091,2.1317377,WAL
1841972283000,54.454895,-1.06753452359712,-5.06218812789768,0.30727694498801,-0.7113526,1.2095132,-0.38026363,115.84431,82.915634,2.1493497,WAL
1841977420000,54.460032,-0.797172504343525,-4.95404344749201,0.341686652889688,-0.7058548,1.1322387,-0.31337386,116.14478,83.114944,2.1543975,WAL
1841982303000,54.464915,-0.595682784016015,-4.85030666401319,0.393550373439472,-0.7290677,1.0464121,-0.24587326,116.40231,83.27897,2.2219732,WAL
1841987354000,54.469966,-0.509099969524258,-4.74093883372586,0.489247166650966,-0.7626653,0.97127575,-0.19242255,116.637535,83.4451,2.2771988,WAL
1841992286000,54.474898,-0.444050573596059,-4.63146443310345,0.597568211251232,-0.79443026,0.8885035,-0.13836098,116.8175,83.567894,2.4033446,WAL
1841997352000,54.479964,-0.463170231576355,-4.50718671862069,0.774424941507389,-0.8530733,0.8063421,-0.10842858,116.976105,83.70346,2.5218115,WAL
1842002314000,54.484926,-0.492806129705941,-4.39912400840168,0.949632641388278,-0.9221011,0.72601336,-0.07880162,117.10201,83.796524,2.6680145,WAL
1842007353000,54.489965,-0.579687072839568,-4.36051039029806,1.13787469744449,-1.0088439,0.61300325,-0.08460484,117.19764,83.90136,2.815779,WAL
1842012391000,54.495003,-0.663892214506944,-4.34138609951389,1.34270163923611,-1.1078042,0.5112942,-0.083383106,117.26111,83.984985,2.9575229,WAL
1842017351000,54.499963,-0.734578153713294,-4.41207195506944,1.62073301225198,-1.212262,0.4196644,-0.06536258,117.29822,84.085594,3.0949228,WAL
1842022413000,54.505025,-0.776743071072808,-4.53228282041605,1.89495262915305,-1.3274102,0.321926,-0.043676864,117.30354,84.187645,3.2040327,WAL
1842027468000,54.51008,-0.666446140775631,-4.89674236157504,2.12034193465082,-1.4575244,0.2501493,-0.042760566,117.29328,84.30937,3.3124855,WAL
1842032375000,54.514987,-0.537680696904315,-5.28381618707526,2.38743970981864,-1.59558,0.2302962,-0.048563786,117.27027,84.40417,3.401015,WAL
1842037354000,54.519966,-0.274266608489681,-5.88022539588284,2.95402858014384,-1.6566665,0.15760323,-0.04153884,117.21435,84.50597,3.4854465,WAL
1842042330000,54.524942,0.0434228531180723,-6.58696195672289,3.57181103984578,-1.7489072,0.07941248,-0.0030543262,117.13183,84.561295,3.615155,WAL
1842047351000,54.529963,0.567145408506024,-7.71319718024096,4.38752032848193,-1.7962493,0.00580322,-0.006414085,117.03622,84.606834,3.7491088,WAL
1842052335000,54.534947,1.11331341831446,-8.92740045978115,5.19358983322135,-1.8048013,-0.16462818,0.02076942,116.849365,84.48644,3.9792118,WAL
1842057334000,54.539946,1.82559414350163,-10.7471631382223,5.97939659704358,-1.7278323,-0.32986724,0.004276057,116.65485,84.3591,4.2040434,WAL
1842062291000,54.544903,2.54201814284995,-12.549786676435,6.73911901908359,-1.5848899,-0.50518554,-0.048258353,116.39028,84.11644,4.451072,WAL
1842067353000,54.549965,3.489117068429,-14.3512270734139,7.10038345785498,-1.3991868,-0.60231316,-0.12797627,116.11284,83.86547,4.690325,WAL
1842072328000,54.55494,4.4167049340239,-16.0614647591633,7.41630963035857,-1.1407908,-0.52534413,-0.21166481,115.822556,83.469376,4.9918766,WAL
1842077416000,54.560028,5.31941262358566,-16.954466024502,7.18335281378486,-0.7812967,-0.20861048,-0.34238997,115.58973,83.03199,5.298133,WAL
1842082459000,54.565071,6.18551665208086,-17.8020809907848,6.94126410903686,-0.35308012,0.29779682,-0.6032294,115.46686,82.46371,5.717116,WAL
1842087347000,54.569959,6.7235790901308,-18.2288205365636,6.58874050285375,0.11942416,0.7687739,-0.7812967,115.435684,81.85782,6.110096,WAL
1842092510000,54.575122,7.17281364752877,-18.5585438487281,6.22913895521811,0.54336464,1.1368202,-0.79168135,115.56564,81.21976,6.558093,WAL
1842097358000,54.57997,6.20284307257955,-17.4538544389206,6.0405335148467,0.8454375,1.4266758,-0.70096785,115.81023,80.543465,6.9838834,WAL
1842102661000,54.585273,5.10130058171811,-16.1161592592042,5.81009076124954,0.96761054,1.6985108,-0.57635134,116.19079,79.87954,7.418086,WAL
1842107334000,54.589946,3.19986359839531,-11.9679481074749,5.05284449246932,0.9611965,1.9874501,-0.44868052,116.648415,79.240166,7.7848496,WAL
1842112354000,54.594966,1.15723281382856,-7.51170586872443,4.23936786732986,0.88422745,2.259896,-0.31581733,117.129425,78.696625,7.9958363,WAL
1842117353000,54.599965,0.347691040642377,-5.55052231175349,3.67785898695172,0.7495316,2.459038,-0.17867808,117.653175,78.215675,8.144023,WAL
1842122281000,54.604893,-0.197061337139416,-4.12942916952725,3.17573966064438,0.57360244,2.5738807,-0.017715093,118.20865,77.80963,8.226506,WAL
1842127460000,54.610072,-0.620570046183824,-3.45500905110294,2.86919380047794,0.3839288,2.5873199,0.14477506,118.704124,77.57455,8.093128,WAL
1842132335000,54.614947,-0.989602787681985,-2.98299031259191,2.62460219087316,0.1777618,2.4938574,0.23457226,119.177574,77.396225,7.9342723,WAL
1842137355000,54.619967,-1.4419001880396,-3.04962017174257,2.55657688326733,0.06688975,2.2128594,0.41508293,119.57671,77.32299,7.683032,WAL
1842142371000,54.624983,-1.93178519588119,-3.40633256477228,2.58511395019802,-0.15485434,1.7806722,0.5766568,119.88632,77.32712,7.429231,WAL
1842147364000,54.629976,-2.61129197406484,-4.21859531571072,2.5433467957606,-0.398895,1.1869112,0.7480045,120.15201,77.40253,7.0891123,WAL
1842152367000,54.634979,-3.39988105326683,-5.28916495311721,2.46209822547631,-0.68661255,0.44165558,0.91415983,120.23712,77.55581,6.7383103,WAL
1842157388000,54.64,-4.40610214454347,-6.76517850568429,1.98956126122995,-1.0403035,-0.36468655,1.0839803,120.13925,77.81797,6.307865,WAL
1842162377000,54.644989,-5.52746768869083,-8.45905536640919,1.29876217754011,-1.4202617,-1.1670581,1.2657127,119.82077,78.17014,5.8669486,WAL
1842167225000,54.649837,-6.5146773643287,-10.4509527020815,0.284872425007399,-1.7965547,-1.8335121,1.4150693,119.307846,78.6852,5.3126817,WAL
1842172289000,54.654901,-7.47629194899872,-12.7664825629871,-1.00684861861497,-2.0983222,-2.362216,1.5198327,118.602936,79.276634,4.750703,WAL
1842177253000,54.659865,-8.16235213262923,-14.5736326771606,-2.23653499634406,-2.3060162,-2.7382035,1.5919148,117.78065,80.11617,4.03434,WAL
1842182244000,54.664856,-8.65746521214583,-16.0395553189804,-3.44519376306489,-2.3701572,-2.9455922,1.5864171,116.86186,80.96733,3.321539,WAL
1842187230000,54.669842,-8.5326943280072,-17.0627696124388,-3.99557089760024,-2.2351558,-2.9074132,1.4926492,115.972664,82.04041,2.5134704,WAL
1842192235000,54.674847,-7.9815325779822,-17.7864692914709,-4.09621773926607,-1.9480493,-2.5906794,1.3420709,115.11451,83.02169,1.7222711,WAL
1842197232000,54.679844,-6.9960243628381,-18.2921435162681,-3.27598106362211,-1.5546521,-2.1114557,1.1438452,114.36769,84.0401,0.9359567,WAL
1842202285000,54.684897,-5.69660233061544,-18.6525684006272,-1.80583250233242,-1.1343768,-1.6685784,0.90285885,113.71403,84.85994,0.20729156,WAL
1842207265000,54.689877,-4.70385314042008,-18.3189565532985,-0.499376554531111,-0.70463306,-1.3591752,0.6301075,113.19015,85.48619,-0.3733561,WAL
1842212297000,54.694909,-3.92927000187358,-17.4350756555567,0.707642998570161,-0.35216382,-1.0943651,0.34238997,112.789795,85.919235,-0.87747097,WAL
1842217290000,54.699902,-3.37486543681454,-16.1397868336133,1.55500529593914,-0.12705997,-0.8081747,0.11636983,112.47394,86.06799,-1.1572355,WAL
1842222332000,54.704944,-3.00273534868096,-14.4652011879261,2.10365863867207,-0.0061086523,-0.48930305,-0.050701816,112.25094,86.14065,-1.3685142,WAL
1842227416000,54.710028,-2.67790911639279,-12.6150508277569,2.41116926175015,0.032986723,-0.3735441,-0.12980886,112.02768,86.05754,-1.4451189,WAL
1842232406000,54.715018,-2.40353572983568,-10.6565928966541,2.49631949705009,0.036651913,-0.28802297,-0.1469131,111.89098,85.96603,-1.4941709,WAL
1842237314000,54.719926,-2.24897232210772,-8.95269222652149,2.16469902447988,-0.013744468,-0.38606682,-0.10934488,111.71936,85.81495,-1.5024928,WAL
1842242326000,54.724938,-2.20697448104219,-7.43610078728369,1.40873652096053,-0.1328632,-0.559858,-0.02076942,111.5501,85.68179,-1.5202985,WAL
1842247307000,54.729919,-2.25838329991039,-6.0709831720004,0.493508335776162,-0.31764993,-0.7669413,0.093767814,111.3355,85.55692,-1.5364611,WAL
1842252325000,54.734937,-2.43064564881012,-4.8795019171164,-0.640552219416509,-0.52015173,-0.9502009,0.24129178,111.07594,85.457085,-1.5842984,WAL
1842257345000,54.739957,-2.57124007559395,-3.84414694694679,-1.66791377891223,-0.7703011,-1.176221,0.41691554,110.761925,85.488914,-1.6954646,WAL
1842262321000,54.744933,-2.66948652051836,-3.02074825650893,-2.54745328804241,-1.02717,-1.4446963,0.58459806,110.38293,85.55142,-1.8418335,WAL
1842267285000,54.749897,-2.74609837987143,-2.37575021852149,-3.39562269455605,-1.2351695,-1.7293595,0.7669413,109.9601,85.7456,-2.0911527,WAL
1842272383000,54.754995,-2.79023274286862,-1.99815514298915,-4.21946661209321,-1.3884968,-1.958434,0.9465357,109.47672,85.91948,-2.3876765,WAL
1842277289000,54.759901,-2.83582312259569,-1.81993009807655,-4.89873689353021,-1.5271631,-2.1612413,1.0916162,108.9451,86.1247,-2.746814,WAL
1842282334000,54.764946,-2.88745179220905,-1.91849378376724,-5.42441006358073,-1.6612481,-2.4349089,1.1636983,108.33101,86.20967,-3.1404982,WAL
1842287259000,54.769871,-2.8991954222244,-2.061560380049,-5.90803889799118,-1.8176296,-2.665205,1.1991285,107.701195,86.18082,-3.5747056,WAL
1842292315000,54.774927,-2.83276869838315,-2.30354341362077,-6.34455724154826,-1.9599612,-2.7907379,1.2159272,107.03023,85.93033,-4.0340576,WAL
1842297261000,54.779873,-2.72627667155444,-2.61387397428121,-6.70558923307364,-2.044566,-2.819143,1.2284501,106.34923,94.52788,-4.511845,WAL
1842302350000,54.784962,-2.51382923478019,-3.11561175664997,-6.91351655982193,-2.072971,-2.7302623,1.2486086,105.676,95.179665,-5.0086684,WAL
1842307232000,54.789844,-2.2752354921466,-3.64013914973822,-7.14165710471204,-2.01555,-2.5357015,1.2666291,105.05642,95.97182,-5.4976673,WAL
1842312239000,54.794851,-1.79405099554974,-4.47175138651832,-7.57053876767016,-1.8741345,-2.2244658,1.2889256,104.5079,96.8626,-6.000854,WAL
1842317226000,54.799838,-1.39320395532985,-5.36211696887212,-7.73497121572838,-1.6655241,-1.8368717,1.3130548,104.06656,97.777756,-6.4605017,WAL
1842322241000,54.804853,-1.17949980592958,-6.40740911682144,-7.26575131250726,-1.4327844,-1.6594155,1.3078625,103.66596,98.70564,-6.920635,WAL
1842327260000,54.809872,-0.882305255175202,-7.49629084137466,-6.92630287479784,-1.3347405,-1.398576,1.3078625,103.447334,99.610664,-7.275911,WAL
1842332246000,54.814858,-0.312321161632653,-8.71899853061224,-7.01823568163265,-1.2244794,-1.1887437,1.320996,103.27564,100.49048,-7.6286244,WAL
1842337243000,54.819855,0.230136489222222,-10.0277778525157,-7.08881439916143,-1.1487321,-0.8900307,1.4425583,103.21836,101.241135,-7.919871,WAL
1842342265000,54.824877,0.613281051222222,-11.8124245147799,-7.03840067840671,-0.9233228,-0.50946164,1.5558738,103.25422,101.936386,-8.196252,WAL
1842347245000,54.829857,0.969722496084541,-13.4258073419329,-6.83847280585434,-0.66828656,-0.08460484,1.5622878,103.45483,102.429,-8.264605,WAL
1842352252000,54.834864,1.25520215061719,-14.5629686840643,-6.17235370799762,-0.591623,0.32162055,1.5118915,103.76498,102.91916,-8.33169,WAL
1842357231000,54.839843,1.55424419309933,-15.4753745865566,-5.41520589157801,-0.65484756,0.66248333,1.4376713,104.22535,103.15448,-8.18319,WAL
1842362258000,54.84487,1.90848039301979,-15.6429185933181,-4.32377546208611,-0.86070913,0.90285885,1.287704,104.75838,103.398766,-8.005602,WAL
1842367243000,54.849855,2.22319501197459,-15.5958792372501,-3.25376880009341,-1.1982121,0.98929626,1.1151345,105.305885,103.51704,-7.7457614,WAL
1842372233000,54.854845,2.40620631488885,-14.7790237879694,-2.22712011290865,-1.5531249,0.9224065,0.93828905,105.85878,103.69191,-7.4693613,WAL
1842377333000,54.859945,2.58152180726727,-13.9221652967968,-1.18973082550551,-1.858863,0.73761976,0.73426,106.312195,103.80961,-7.1660028,WAL
1842382355000,54.864967,2.63929320618619,-12.8630222292292,-0.284644922262262,-2.098933,0.43799037,0.5195409,106.699425,103.99716,-6.8468347,WAL
1842387293000,54.869905,2.68984588578199,-11.8261459231833,0.588565153949447,-2.2412646,0.035430185,0.30176744,106.91804,104.16416,-6.553486,WAL
1842392303000,54.874915,2.67563386919431,-10.8218296391193,1.29916647800158,-2.3014348,-0.4841107,0.113926366,107.011024,104.36413,-6.2514524,WAL
1842397366000,54.879978,2.62868811139881,-9.845980975,1.97120897279762,-2.2363777,-1.0225884,-0.056199603,106.90181,104.53617,-6.0032973,WAL
1842402352000,54.884964,2.18813786372024,-9.358059325,2.07542517744048,-2.0274618,-1.4526376,-0.23915374,106.671234,104.66945,-5.736046,WAL
1842407436000,54.890048,1.72361776558744,-8.89813546417614,2.15758410983577,-1.7486018,-1.7345519,-0.43127087,106.2734,104.72769,-5.508804,WAL
1842412337000,54.894949,1.0883182506118,-8.91507712705288,1.94158224219455,-1.4416419,-1.8555032,-0.58276546,105.79848,104.7094,-5.266668,WAL
1842417305000,54.899917,0.444333759610179,-8.93225039397221,1.72262748225952,-1.1780536,-1.8185458,-0.677755,105.27441,104.63218,-5.0712523,WAL
1842422366000,54.904978,-0.735664753593616,-8.9313227400019,1.1942306315066,-0.9251554,-1.7583756,-0.70921457,104.72418,104.46743,-4.864269,WAL
1842427302000,54.909914,-1.98850437823881,-8.92683218504797,0.619451193041702,-0.70066243,-1.5677856,-0.7104363,104.22283,104.2356,-4.634561,WAL
1842432358000,54.91497,-2.53280459869009,-8.5929758678178,0.410670815704079,-0.6206391,-1.3778065,-0.65087694,103.76534,104.007095,-4.508435,WAL
1842437293000,54.919905,-2.79544679726109,-8.14742181452813,0.345010246472164,-0.5207626,-1.2782356,-0.5503896,103.34064,103.720924,-4.3928246,WAL
1842442326000,54.924938,-2.94834861367726,-7.81382866616677,0.092845813525295,-0.46609017,-1.273654,-0.3820962,102.92664,103.57529,-4.488141,WAL
1842447288000,54.9299,-3.0528720869826,-7.5335161479904,-0.230226365094981,-0.49205196,-1.3530666,-0.16218472,102.52816,103.44033,-4.6210313,WAL
1842452228000,54.93484,-3.11535295914274,-7.44372870388514,-0.715604453196791,-0.5546656,-1.4138476,0.046731193,102.10061,103.38665,-4.8317046,WAL
1842457235000,54.939847,-3.16091443897804,-7.43360390709459,-1.27753107681588,-0.6637051,-1.3805555,0.2275473,101.6916,103.372154,-5.08901,WAL
1842462236000,54.944848,-3.08587761096967,-7.42778167707608,-1.65605417955246,-0.77763146,-1.244638,0.35033122,101.305,103.4708,-5.397824,WAL
1842467224000,54.949836,-2.98136043308802,-7.42303079930383,-1.9886088770363,-0.8530733,-1.0546589,0.44012842,100.955215,103.603874,-5.735656,WAL
1842472238000,54.95485,-2.62962463574879,-7.35244106550725,-2.07366274195169,-0.8940013,-0.852157,0.50823987,100.69102,103.84346,-6.0770864,WAL
1842477277000,54.959889,-2.20999399927536,-7.26385252434783,-2.09231307901449,-0.9239337,-0.6948592,0.5708536,100.4764,104.10689,-6.4264627,WAL
1842482231000,54.964843,-1.7614747808611,-7.3107703706817,-1.94884147391081,-0.92179567,-0.5714644,0.6469063,100.32908,104.44011,-6.77335,WAL
1842487231000,54.969843,-1.29515151074321,-7.40894361517171,-1.74267745545874,-0.91354895,-0.52381694,0.7067711,100.21175,104.77985,-7.120331,WAL
1842492248000,54.97486,-0.959317669019998,-7.54570520395981,-1.58467230364143,-0.8689558,-0.5235115,0.7461719,100.149086,105.09646,-7.4259186,WAL
1842497235000,54.979847,-0.664711023589693,-7.69300851178987,-1.44212066260074,-0.8335256,-0.57787853,0.75991637,100.09068,105.40983,-7.73076,WAL
1842502310000,54.984922,-0.449907054809911,-7.80216483866087,-1.44638574707774,-0.81153446,-0.6215554,0.7425067,100.033905,105.66625,-7.9868426,WAL
1842507301000,54.989913,-0.264574006001513,-7.89709154407036,-1.49610925718744,-0.7965683,-0.66859204,0.7076874,99.9634,105.90732,-8.23535,WAL
1842512376000,54.994988,-0.188520937800781,-7.98311194853516,-1.59813143621094,-0.8035932,-0.66706485,0.6835582,99.87402,106.122665,-8.451747,WAL
1842517317000,54.999929,-0.170036955962891,-8.06166878208008,-1.72289834498047,-0.8142834,-0.6600399,0.65576386,99.77288,106.32239,-8.652357,WAL
1842522329000,55.004941,-0.243758326708501,-8.15311582370821,-1.83531483723895,-0.84971356,-0.66156703,0.6206391,99.669846,106.52589,-8.822819,WAL
1842527393000,55.010005,-0.376900256027062,-8.25297205471125,-1.93992638221394,-0.88331115,-0.66248333,0.60994893,99.57144,106.72412,-8.986005,WAL
1842532340000,55.014952,-0.615629493194372,-8.39450737144346,-1.96797141855133,-0.9407325,-0.6612616,0.59223384,99.46838,106.95584,-9.138409,WAL
1842537319000,55.019931,-0.933681319176654,-8.5684423408025,-1.94312363991662,-1.006095,-0.6994407,0.59864795,99.358406,107.19191,-9.2924595,WAL
1842542310000,55.024922,-1.23195840936514,-8.75203828706625,-1.92526485347003,-1.0809261,-0.7690793,0.60994893,99.23553,107.458694,-9.450997,WAL
1842547360000,55.029972,-1.52278399641167,-8.94274349211356,-1.91096196309148,-1.16492,-0.8738427,0.63163465,99.09772,107.73687,-9.614656,WAL
1842552350000,55.034962,-1.7581260379083,-9.12974466856458,-1.88158571387474,-1.2437216,-0.96852684,0.655153,98.918945,108.04211,-9.824825,WAL
1842557352000,55.039964,-1.96388341533313,-9.31636208860254,-1.84330524948557,-1.3038919,-1.0305296,0.6908886,98.727905,108.35685,-10.042872,WAL
1842562334000,55.044946,-2.11371420588409,-9.52411729046541,-1.74645317281315,-1.3356569,-1.0705414,0.7302894,98.49511,108.69381,-10.309349,WAL
1842567355000,55.049967,-2.23199904541966,-9.74649280064941,-1.61397416439044,-1.3564262,-1.0720685,0.75441855,98.26347,109.03239,-10.5743065,WAL
1842572354000,55.054966,-2.29600731192839,-9.98313858240903,-1.41047412930531,-1.3646729,-1.0375546,0.77549344,98.00974,109.378654,-10.870489,WAL
1842577442000,55.060054,-2.32445268729325,-10.2344054872543,-1.15446649357852,-1.3640621,-0.9761627,0.7819075,97.77005,109.71556,-11.156954,WAL
1842582371000,55.064983,-2.32624879435363,-10.4924645952262,-0.841898464188146,-1.3326025,-0.9080512,0.7840455,97.51032,110.03023,-11.459675,WAL
1842587354000,55.069966,-2.30710464908234,-10.7652662290643,-0.473376263913349,-1.2809844,-0.8707884,0.78954333,97.26544,110.32915,-11.751848,WAL
1842592296000,55.074908,-2.25081554839181,-11.051732869883,-0.143554096666667,-1.1930199,-0.86070913,0.7984009,96.99801,110.5591,-12.038675,WAL
1842597361000,55.079973,-2.16098876072125,-11.3590357007797,0.163748457777778,-1.0616838,-0.915687,0.8206975,96.72843,110.76138,-12.322655,WAL
1842602348000,55.08496,-2.00630774311964,-11.7340501888945,0.263346231713276,-0.8888089,-1.0076222,0.82711154,96.377884,110.89642,-12.6211405,WAL
1842607348000,55.08996,-1.78392854069662,-12.1836428188794,0.156990986887431,-0.6536258,-1.0836749,0.8081747,96.01957,110.98167,-12.910214,WAL
1842612388000,55.095,-1.42601770707291,-12.6469395422891,-0.144578607759422,-0.36193767,-1.112691,0.79198676,95.593796,110.977585,-13.203163,WAL
1842617347000,55.099959,-0.951526665179543,-13.1120347778217,-0.619069639841725,-0.05131268,-1.0589349,0.7672467,95.170425,110.913445,-13.475048,WAL
1842622363000,55.104975,-0.352482503157895,-13.3778250152047,-1.12096803345029,0.25350907,-1.0189233,0.72692966,94.72704,110.784775,-13.708774,WAL
1842627447000,55.110059,0.378319306666667,-13.4347707703704,-1.65246029481481,0.38453966,-0.8857546,0.6994407,94.32635,110.63125,-13.916256,WAL
1842632364000,55.114976,1.09304930448507,-13.3291343818799,-2.04702118153032,0.5821546,-0.68844515,0.62949663,94.01067,110.40184,-14.017199,WAL
1842637356000,55.119968,1.82847462399361,-13.0235029092998,-2.3001220639996,0.6462954,-0.47800204,0.52503866,93.732925,110.16918,-14.08467,WAL
1842642321000,55.124933,2.39294389850436,-12.7576065030705,-2.3763684931359,0.57635134,-0.2761111,0.4016439,93.574585,109.9542,-14.055644,WAL
1842647361000,55.129973,2.74672419248217,-12.5376890783479,-2.22338247808043,0.38637227,-0.086132,0.24007004,93.461754,109.72649,-13.9724455,WAL
1842652299000,55.134911,2.91572698293269,-12.4077719771154,-1.96409540322115,0.1414153,-0.0033597588,0.03848451,93.417366,109.49936,-13.775087,WAL
1842657350000,55.139962,2.83200544375,-12.398469395,-1.54083641625,-0.087659165,0.037873644,-0.13775012,93.40323,109.28306,-13.532912,WAL
1842662297000,55.144909,2.55332647071997,-12.4205771955366,-1.09343724001193,-0.25320363,0.048258353,-0.26542094,93.37875,109.0555,-13.227485,WAL
1842667353000,55.149965,1.86501114668358,-12.5072182731249,-0.568777318735524,-0.33567044,0.019242255,-0.30482176,93.346,108.845276,-12.903053,WAL
1842672307000,55.154919,1.19058193084572,-12.5921114492271,-0.0547019132760078,-0.2968805,-0.029321533,-0.29535335,93.24065,108.59724,-12.587878,WAL
1842677443000,55.160055,0.491375541555594,-12.6801234299418,0.478259589033252,-0.19272798,-0.023823744,-0.2602286,93.14025,108.35535,-12.273447,WAL
1842682308000,55.16492,-0.0270372417762015,-12.8507956235283,0.788092068701023,-0.040927973,0.061391957,-0.21563543,93.04452,108.11008,-11.974931,WAL
1842687349000,55.169961,-0.24135179421656,-13.2235168110403,0.671616791252654,0.17440203,0.21197024,-0.16982053,92.97024,107.8406,-11.687558,WAL
1842692289000,55.174901,-0.359420633472934,-13.6159433660969,0.548138713439154,0.43188173,0.4184427,-0.16371189,92.736176,107.53144,-11.601781,WAL
1842697358000,55.17997,-0.17172184917735,-14.1098874497863,0.390076565396825,0.6936375,0.6224717,-0.17165314,92.547615,107.190346,-11.516549,WAL
1842702289000,55.184901,0.0332903967210864,-14.5652347631111,0.272703006107654,0.95142263,0.77457714,-0.21777347,92.39973,106.81861,-11.433573,WAL
1842707306000,55.189918,0.303776298986667,-14.95910048,0.253721542133333,1.2034045,0.84879726,-0.2724459,92.28741,106.4047,-11.339768,WAL
1842712429000,55.195041,0.574462281848531,-15.3055448004359,0.226041870233345,1.455081,0.8897252,-0.3436117,92.215515,105.936554,-11.204041,WAL
1842717399000,55.200011,0.822005813484571,-15.4894340619149,0.17653315873649,1.6862935,0.90133166,-0.43004912,92.15295,105.42659,-11.049901,WAL
1842722333000,55.204945,1.06775627326168,-15.6719913287434,0.127383061648868,1.8912388,0.90133166,-0.48472157,92.10299,104.846176,-10.843906,WAL
1842727322000,55.209934,1.31624614837882,-15.8565835873991,0.0776850814360295,1.9853121,0.895223,-0.60048056,92.04754,104.23534,-10.602631,WAL
1842732354000,55.214966,1.53269254638908,-15.9915214325132,0.0455124892359797,2.1374176,0.8915578,-0.7492262,91.98951,103.584785,-10.347534,WAL
1842737345000,55.219957,1.62315567672079,-15.9391479994023,0.0788410006537504,2.281887,0.87598073,-0.9007208,91.92162,102.91996,-10.067054,WAL
1842742292000,55.224904,1.67769858867013,-15.8166066472883,0.12448070519688,2.4190264,0.8585711,-1.0503827,91.87202,102.169044,-9.683081,WAL
1842747326000,55.229938,1.58815612667162,-15.4002343532689,0.222977375995542,2.5476136,0.8213083,-1.1688906,91.80844,101.39756,-9.277526,WAL
1842752372000,55.234984,1.48795901476153,-14.9737410891801,0.317676681844698,2.713158,0.78954333,-1.2318097,91.74563,100.59984,-8.851887,WAL
1842757297000,55.239909,1.22303502407371,-14.4113585519807,0.345563421793457,2.9553661,0.7611381,-1.2498302,91.67163,99.791756,-8.4187355,WAL
1842762593000,55.245205,0.915461334579078,-13.8352687789125,0.362620775266906,3.2467487,0.8127562,-1.2421945,91.60923,99.001015,-8.003048,WAL
1842767320000,55.249932,0.365679129772748,-13.6686684494894,0.221010211263226,3.5848627,0.90041536,-1.2815952,91.54835,98.21918,-7.5805817,WAL
1842773418000,55.25603,-0.377811662120338,-13.4632291719531,-0.0322789151557093,3.8774672,0.9211848,-1.3949108,91.49065,97.51884,-7.1935554,WAL
1842777384000,55.259996,-1.26492557387351,-13.4413250652634,-1.02891292274048,4.015828,1.0091494,-1.4999796,91.47764,96.90665,-6.805866,WAL
1842782336000,55.264948,-2.37258772490773,-13.4139753082468,-2.27332331244291,3.9834523,1.1591167,-1.5671748,91.50547,96.50357,-6.5006113,WAL
1842787316000,55.269928,-3.09655938038319,-13.3762035027166,-3.14786630932228,3.8224893,1.2977833,-1.5696182,91.55397,83.759026,-6.1948643,WAL
1842792285000,55.274897,-3.69984703921457,-13.3353796461729,-3.90537792616529,3.637397,1.3839152,-1.5176947,91.62814,83.87206,-5.897049,WAL
1842797322000,55.279934,-4.47401638470709,-13.4327093399794,-4.56553430633094,3.4245105,1.4037683,-1.4624114,91.791855,83.77206,-5.8049154,WAL
1842802294000,55.284906,-5.32062963782117,-13.5990955570401,-5.16256813165468,3.2033772,1.4080443,-1.4178182,91.97282,83.637535,-5.7272673,WAL
1842807296000,55.289908,-6.05142312846056,-13.8721154889478,-5.49559395871893,3.019507,1.3655893,-1.3949108,92.307655,83.465385,-5.73384,WAL
1842812393000,55.295005,-6.74676484166421,-14.1934112608311,-5.72577596089989,2.8655689,1.3228287,-1.4175128,92.6383,83.31427,-5.737843,WAL
1842817318000,55.29993,-7.26383055567681,-14.3278890146175,-5.69901014347217,2.7119362,1.3054191,-1.4993688,93.072,83.159546,-5.817761,WAL
1842822359000,55.304971,-7.7230100875851,-14.3858907969563,-5.55883955642771,2.4767532,1.2718215,-1.5488489,93.478966,83.04626,-5.8911242,WAL
1842827324000,55.309936,-7.89141485078018,-14.073271368149,-4.97437961632534,2.3710735,1.1786644,-1.6432275,93.99051,82.94422,-5.9411693,WAL
1842832406000,55.315018,-7.93413214843963,-13.584394763702,-4.17224226734933,2.2009475,1.1563679,-1.7400496,94.49575,82.90694,-5.969215,WAL
1842837347000,55.319959,-7.90045839202756,-12.964376346063,-3.50841229604331,1.9795089,1.0855075,-1.8206838,95.02535,82.880516,-5.970237,WAL
1842842388000,55.325,-7.82443232229331,-12.2516295545276,-2.8954504621752,1.7672331,0.8915578,-1.8570304,95.49403,82.894264,-5.949098,WAL
1842847357000,55.329969,-7.42512500878896,-11.6520079588145,-3.07755408407767,1.6520851,0.71959925,-1.8655825,95.93505,82.89028,-5.889393,WAL
1842852350000,55.334962,-6.81916590521206,-11.1144636709249,-3.75681440776699,1.6444492,0.77671516,-1.8219056,96.3705,82.898186,-5.835132,WAL
1842857341000,55.339953,-5.81967151382186,-10.7571055687618,-3.65964960245259,1.745242,1.1417072,-1.7464638,96.847664,82.858795,-5.766297,WAL
1842862425000,55.345037,-4.58686799806375,-10.4912074720485,-3.13752108607884,1.9642372,1.5754215,-1.6120734,97.34852,82.771545,-5.733844,WAL
1842867353000,55.349965,-3.26247943413752,-10.2836425295537,-2.23402989541616,2.1316142,1.8454239,-1.4428637,97.923515,82.726204,-5.686341,WAL
1842872405000,55.355017,-1.8326126562123,-10.0988291158022,-1.08624555958987,2.271808,1.9040669,-1.2721269,98.5495,82.61524,-5.686408,WAL
1842877398000,55.36001,-0.781816570734786,-10.0675592739915,-0.444363271610613,2.3716843,1.7852536,-1.1145236,99.0886,82.50003,-5.632227,WAL
1842882435000,55.365047,0.0888435496084426,-10.1151362949995,-0.0542314211401519,2.4242187,1.6948457,-1.0183123,99.6409,82.34388,-5.614248,WAL
1842887348000,55.36996,0.564714241727535,-10.0968092038014,0.180729944645238,2.4459045,1.6872098,-0.98746365,100.03803,82.16527,-5.493303,WAL
1842892316000,55.374928,0.825114945296049,-10.0399948413773,0.332235810876704,2.4281893,1.767844,-0.9816604,100.423584,81.9609,-5.398112,WAL
1842897354000,55.379966,1.0850041354219,-9.92017425575782,0.454481758137383,2.3606887,1.7583756,-1.0442741,100.81021,81.75405,-5.1523976,WAL
1842902354000,55.384966,1.34024437981495,-9.76125089258775,0.55561469588253,2.2650883,1.6612481,-1.074512,101.18669,81.5284,-4.926094,WAL
1842907334000,55.389946,1.63278918823529,-9.54018942352941,0.582044531294118,2.1627684,1.6649132,-1.0687088,101.61296,81.283134,-4.6556864,WAL
1842912406000,55.395018,1.95453199713297,-9.27607235699456,0.56283599730697,2.0851886,1.7146988,-1.0509937,102.019775,81.03661,-4.3886933,WAL
1842917351000,55.399963,2.05299604423433,-8.9844002701043,0.362477332285798,1.9798143,1.6966782,-0.9993755,102.42032,80.77964,-4.096838,WAL
1842922418000,55.40503,2.01042553927283,-8.66275615849498,0.0361032238385808,1.9248364,1.6475036,-0.9691377,102.82161,80.51393,-3.8142517,WAL
1842927375000,55.409987,1.76567413706156,-8.38440084981982,-0.581769467156156,1.815186,1.645671,-0.906524,103.24375,80.256226,-3.5153792,WAL
1842932267000,55.414879,1.36470791645496,-8.13819354135135,-1.4259089384955,1.7046194,1.749518,-0.81122905,103.675255,79.99575,-3.245869,WAL
1842937253000,55.419865,0.956037111887387,-7.88725534837838,-2.28626858773874,1.6737708,2.0015,-0.71776664,104.178795,79.75027,-3.015009,WAL
1842942361000,55.424973,0.324270205942142,-7.58779616594996,-3.44380273768569,1.6850718,2.2886066,-0.64751714,104.71348,79.51522,-2.8182611,WAL
1842947260000,55.429872,-0.313086323362002,-7.29433706465989,-4.59471266551994,1.7217237,2.6181684,-0.552833,105.31991,79.274475,-2.6752567,WAL
1842952351000,55.434963,-0.930406973128276,-7.01412401305509,-5.0255712037385,1.765706,2.8429668,-0.48655418,106.01666,79.19255,-2.670151,WAL
1842957283000,55.439895,-1.51900690619128,-6.74785259618237,-5.28249977072495,1.7910569,2.9840767,-0.44409904,106.76936,79.1135,-2.69403,WAL
1842962406000,55.445018,-1.88440817618623,-6.56884227617632,-5.39695409830609,1.7901406,3.0784554,-0.42943826,107.754486,79.08897,-2.7695224,WAL
1842967313000,55.449925,-2.17768048745914,-6.41987849153046,-5.47143579619614,1.777007,3.1285462,-0.4361578,108.75828,79.07131,-2.8520303,WAL
1842972395000,55.455007,-2.3280209215183,-6.18926030329869,-4.97566714582015,1.7947221,3.1316006,-0.4569272,109.836586,79.04271,-3.000203,WAL
1842977458000,55.46007,-2.43757216169905,-5.93948350131044,-4.33150597984636,1.7638733,3.0940325,-0.4914411,110.91279,79.0427,-3.1397731,WAL
1842982427000,55.465039,-2.47150622138313,-5.67744680437594,-3.95086135698029,1.6948457,3.0091221,-0.539394,111.99946,79.04723,-3.3020523,WAL
1842987377000,55.469989,-2.45679399591372,-5.40527097884446,-3.73753433091088,1.6270396,2.8973339,-0.5925393,113.06456,79.07171,-3.4468997,WAL
1842992295000,55.474907,-2.44217687978069,-5.13485467380127,-3.52558638864636,1.563815,2.7919595,-0.6404922,114.074356,79.01029,-3.5842228,WAL
1842997359000,55.479971,-2.42712582730047,-4.85641055653029,-3.30734637652201,1.4602734,2.6685648,-0.677755,115.04501,78.99006,-3.7018309,WAL
1843002350000,55.484962,-2.48422820359555,-4.3191057185737,-2.55184794737783,1.3353515,2.5189028,-0.70554936,115.9757,79.00378,-3.8004084,WAL
1843007335000,55.489947,-2.56958045957986,-3.67896351398987,-1.58452199170143,1.1771374,2.349693,-0.72356987,116.8625,79.06384,-3.8819134,WAL
1843012348000,55.49496,-2.65541212643027,-3.03522572631108,-0.611762710697259,1.010982,2.185065,-0.732122,117.69395,79.07933,-3.9487565,WAL
1843017350000,55.499962,-2.74105545329758,-2.39290048913389,0.358862049642431,0.8188649,2.1108449,-0.73456544,118.50002,79.150795,-4.007489,WAL
1843022366000,55.504978,-2.84106268944937,-2.02083902179438,0.998919606623027,0.72082096,1.9679024,-0.7498371,119.24472,79.242714,-4.0484366,WAL
1843027337000,55.509949,-2.94646755715248,-1.77336686934925,1.48469823547362,0.5012149,1.8231273,-0.73823065,119.96276,79.419395,-4.0904474,WAL
1843032318000,55.51493,-3.02133129704273,-1.65647677323092,1.84555963925108,0.2950479,1.690875,-0.72509706,120.53263,79.26995,-4.1535754,WAL
1843037314000,55.519926,-3.07645845141623,-1.62431927450792,2.12578904483917,0.079107046,1.5696182,-0.7021896,121.061195,79.17864,-4.219448,WAL
1843042300000,55.524912,-3.08188376189166,-1.70078594660389,2.32050629426576,-0.13775012,1.4526376,-0.6646214,121.527504,79.038216,-4.308687,WAL
1843047332000,55.529944,-3.04109613311468,-1.87923151638807,2.43777052735929,-0.364992,1.3338243,-0.6374379,121.955666,78.95394,-4.39848,WAL
1843052308000,55.53492,-2.94024647797244,-2.0716452853937,2.45369578480315,-0.57787853,1.2046263,-0.6020077,122.331215,78.85818,-4.505201,WAL
1843057299000,55.539911,-2.80381562625984,-2.27393935771654,2.41135520614173,-0.79320854,1.0870347,-0.5662721,122.67179,78.815895,-4.616604,WAL
1843062323000,55.544935,-2.64258336618189,-2.48476502655643,2.29969672284092,-0.9969321,0.9669997,-0.5357288,122.96813,78.80229,-4.7190423,WAL
1843067318000,55.54993,-2.46627728076502,-2.69919133589999,2.14245060011953,-1.1676689,0.8530733,-0.5122105,123.227684,78.82801,-4.8251534,WAL
1843072352000,55.554964,-2.33345947184429,-2.89453029483523,1.95944341364425,-1.3246613,0.75319684,-0.49449542,123.45711,78.911476,-4.90035,WAL
1843077340000,55.559952,-2.23219518947774,-3.07404427178647,1.76151786259395,-1.4767667,0.65148777,-0.48747048,123.64936,79.03047,-4.9736657,WAL
1843082318000,55.56493,-2.16745136224348,-3.23376638227319,1.58606116330207,-1.6163495,0.56321776,-0.45845437,123.82766,79.2125,-5.0141506,WAL
1843087311000,55.569923,-2.13636967064723,-3.37585416164918,1.4306526125917,-1.7302758,0.48166725,-0.4364632,123.975784,79.42013,-5.049781,WAL
1843092289000,55.574901,-2.17686835787668,-3.57661120308847,1.30921475556032,-1.8219056,0.38423425,-0.41599923,124.11432,79.68611,-5.0663548,WAL
1843097327000,55.579939,-2.34761176965147,-3.88705378959786,1.24712622745308,-1.9101756,0.28771752,-0.36560285,124.22488,79.96399,-5.093309,WAL
1843102314000,55.584926,-2.58018944568489,-4.14525023483157,1.2693271582856,-1.9730947,0.15821409,-0.3277292,124.31774,80.27619,-5.11095,WAL
1843107291000,55.589903,-2.87632384462674,-4.35346977711873,1.37575045413067,-2.0280726,0.024740042,-0.2770274,124.37711,80.587364,-5.1416636,WAL
1843112400000,55.595012,-3.16281449057775,-4.6093236246921,1.53651985227796,-2.058005,-0.1160644,-0.22602014,124.407646,80.887886,-5.209448,WAL
1843117317000,55.599929,-3.41742701094423,-4.90637142562331,1.75341193725844,-2.0894647,-0.19547687,-0.19181168,124.41409,81.18,-5.283471,WAL
1843122317000,55.604929,-3.57325468862713,-5.65042582355808,2.07788504235378,-2.110234,-0.32406402,-0.13347405,124.360825,81.394905,-5.4342303,WAL
1843127339000,55.609951,-3.59767319471974,-6.9641426752234,2.53695331386068,-2.1386392,-0.38759398,-0.027183503,124.29799,81.58057,-5.6072545,WAL
1843132316000,55.614928,-3.56415623686636,-8.10604941533484,3.01097848153741,-2.150551,-0.4560109,0.08246681,124.18769,81.6635,-5.8403993,WAL
1843137314000,55.619926,-3.46560120460829,-9.07282697744877,3.50844653891558,-2.1252003,-0.47555858,0.21319197,124.0662,81.69365,-6.1073194,WAL
1843142290000,55.624902,-3.13118248281052,-10.4333438369002,4.21561707888205,-2.014939,-0.40500367,0.3979787,123.956955,81.59789,-6.377351,WAL
1843147327000,55.629939,-2.47122226967654,-12.3519422068797,5.21969944182547,-1.7938058,-0.2302962,0.5479461,123.86647,81.447395,-6.6705,WAL
1843152283000,55.634895,-1.66975880315841,-14.0717187573965,6.45501204912213,-1.4697418,-0.016187929,0.6441574,123.81656,81.17875,-6.9409633,WAL
1843157304000,55.639916,-0.60627901370453,-15.5363355443787,8.11553287506063,-0.97341377,0.06169739,0.70096785,123.769394,80.82824,-7.234139,WAL
1843162306000,55.644918,0.387500188526068,-16.7755153238759,9.39513921468811,-0.33933565,0.07696902,0.6200282,123.83201,80.38911,-7.274065,WAL
1843167317000,55.649929,1.24278566518488,-17.5472385799447,9.87685167981153,0.24495697,0.016798794,0.44929138,123.88541,79.891754,-7.310887,WAL
1843172294000,55.654906,2.0855681239803,-18.1672175836453,9.98416673083744,0.6783658,0.08002335,0.21135938,123.83283,79.37217,-7.1898007,WAL
1843177346000,55.659958,2.92927437268966,-18.5390208924138,9.44076266068965,0.9944886,0.4120286,-0.020158553,123.85498,78.784645,-7.047366,WAL
1843182254000,55.664866,3.49884323081345,-18.6064095892498,9.03148431704513,1.2272283,0.8536842,-0.1957823,123.93001,78.21983,-6.765985,WAL
1843187310000,55.669922,3.56843272235317,-18.0682510226119,8.85519137769474,1.3799446,1.1826351,-0.27305678,124.082375,77.610176,-6.4851146,WAL
1843192294000,55.674906,3.36953466350831,-17.1046887228415,8.63697635620186,1.4230106,1.3839152,-0.30115658,124.39281,77.14624,-6.0874486,WAL
1843197351000,55.679963,2.3438098961897,-14.7931267458452,8.27870881475476,1.3420709,1.4477507,-0.29749137,124.76061,76.666794,-5.7192554,WAL
1843202293000,55.684905,1.35465167074962,-12.5126496583904,7.86358231238585,1.151481,1.4431691,-0.30543262,125.166565,76.20998,-5.374222,WAL
1843207296000,55.689908,0.388374487631279,-10.1470937615582,7.27105392063356,0.8741482,1.3939945,-0.29168814,125.57422,75.79108,-5.0604215,WAL
1843212305000,55.694917,-0.531214169529729,-7.87632513362337,6.66869945021753,0.59498274,1.3564262,-0.24312437,125.92166,75.317764,-4.926391,WAL
1843217317000,55.699929,-1.22231161239693,-6.0715168607831,6.02234909558732,0.4560109,1.2507466,-0.1957823,126.23235,74.88762,-4.7955937,WAL
1843222319000,55.704931,-1.89599239373259,-4.57279192081178,5.3952289155392,0.18478674,1.1047498,-0.06505715,126.46116,74.48836,-4.8601613,WAL
1843227320000,55.709932,-2.52015306441504,-4.00580628213291,4.82347884425985,-0.102319926,0.9477574,0.0983493,126.64444,74.13162,-4.939863,WAL
1843232318000,55.71493,-3.1473217785,-3.620607631,4.2848548755,-0.3894266,0.7538077,0.30482176,126.739044,73.81721,-5.180534,WAL
1843237309000,55.719921,-3.78462643407843,-3.82679435505882,3.85373704184314,-0.68416905,0.4877759,0.5012149,126.74421,73.57098,-5.442842,WAL
1843242283000,55.724895,-4.35944691707953,-4.16470268510681,3.4249295846555,-1.0241156,0.08093964,0.6792821,126.62957,73.405914,-5.8069825,WAL
1843247324000,55.729936,-4.67899965332464,-5.08462760112326,2.99401751327851,-1.4095715,-0.44318274,0.7852673,126.393715,73.30785,-6.173416,WAL
1843252318000,55.73493,-4.98246041982161,-6.05563628840436,2.54530834852329,-1.774869,-1.0931433,0.8145888,126.00941,73.29226,-6.604813,WAL
1843257295000,55.739907,-5.23282497666006,-7.26022073290387,2.01151192846383,-2.0778582,-1.8194622,0.8038987,125.45145,73.33132,-7.009517,WAL
1843262295000,55.744907,-5.52699956580139,-8.56701066857833,1.41469448181105,-2.289523,-2.4749205,0.8258898,124.76632,73.48873,-7.4134903,WAL
1843267273000,55.749885,-6.0162522210987,-10.3129709185029,0.541714447002717,-2.4156666,-3.001181,0.84849185,123.91681,73.67242,-7.775195,WAL
1843272296000,55.754908,-6.53418012179576,-12.0961210817958,-0.389849259830291,-2.4107797,-3.4263432,0.86284715,122.97354,73.95658,-8.110526,WAL
1843277279000,55.759891,-7.15100123158362,-13.9560013715836,-1.52932009534484,-2.3096814,-3.628845,0.8900307,121.94605,74.20554,-8.441538,WAL
1843282304000,55.764916,-7.68746745134465,-15.687671725712,-2.59255567209487,-2.0726657,-3.5176675,0.9447031,120.97043,74.53352,-8.795187,WAL
1843287317000,55.769929,-7.78751483288677,-16.6833832657537,-3.21666183485164,-1.7287487,-3.1132748,0.95814216,120.02527,74.769264,-9.1545,WAL
1843292284000,55.774896,-7.67063705464243,-17.582636481529,-3.63105986987357,-1.3249667,-2.484389,0.92485,119.26644,75.0627,-9.553261,WAL
1843297300000,55.779912,-6.28038438075859,-17.9764613499605,-2.84815313656657,-0.9294315,-1.8258762,0.8032878,118.63574,75.24241,-9.951889,WAL
1843302327000,55.784939,-4.83579044594181,-18.1718044312787,-2.02520688005743,-0.59406644,-1.314582,0.6417139,118.19822,75.42135,-10.32006,WAL
1843307325000,55.789937,-3.05368504349158,-17.0219118732772,-0.948613541554365,-0.41386122,-0.9978484,0.48930305,117.8965,75.53042,-10.673245,WAL
1843312445000,55.795057,-1.28724510821664,-15.8022568256275,0.114790304877553,-0.41508293,-0.904386,0.39064834,117.70863,75.67933,-10.814315,WAL
1843317358000,55.79997,-0.455332854002642,-14.0236859247028,0.559433050078244,-0.505491,-0.92179567,0.33658674,117.58269,75.81422,-10.93423,WAL
1843322379000,55.804991,0.344433523335295,-12.2138756636266,0.949561485297637,-0.59223384,-1.0537425,0.2574797,117.49695,75.97794,-10.822392,WAL
1843327386000,55.809998,0.574854479960773,-10.4974743941355,0.615686220713936,-0.7348709,-1.2455542,0.19303341,117.3923,76.170044,-10.702085,WAL
1843332532000,55.815144,0.803176257893331,-8.75720109900059,0.221823529519098,-0.89736104,-1.421178,0.16340645,117.28672,76.34686,-10.511866,WAL
1843337354000,55.819966,0.912844231103305,-7.41833777675638,-0.769757892669701,-1.110553,-1.5494597,0.16737708,117.14452,76.5607,-10.314716,WAL
1843342654000,55.825266,1.01499882310576,-5.96722630131215,-1.86372165590963,-1.3564262,-1.6627752,0.204029,116.96201,76.803116,-10.128568,WAL
1843347361000,55.829973,0.894921191239147,-4.91321165138122,-2.88215777576953,-1.6383406,-1.7427986,0.2883284,116.75687,77.073944,-9.958924,WAL
1843352653000,55.835265,0.74646392114767,-3.74632019363653,-4.01329861800487,-1.9074267,-1.8249599,0.4279111,116.447655,77.47508,-9.829466,WAL
1843357326000,55.839938,0.369548572881527,-3.04693284553622,-4.75875354233577,-2.173764,-1.8726074,0.57360244,116.13081,77.89024,-9.727147,WAL
1843362276000,55.844888,-0.0297090718686132,-2.30608812627737,-5.54839657153285,-2.3930645,-1.9511036,0.65301496,115.74047,78.388626,-9.67903,WAL
1843367348000,55.84996,-0.515061472504015,-1.89000657691991,-6.11091878533045,-2.5922067,-2.094657,0.6957755,115.31853,78.85639,-9.66293,WAL
1843372264000,55.854876,-0.999718513699815,-1.5507466051678,-6.61011550836936,-2.7409523,-2.2999077,0.7067711,114.86001,79.27899,-9.661919,WAL
1843377389000,55.860001,-1.32873189464037,-1.45196137389918,-6.72226206481371,-2.8307495,-2.5427265,0.7296785,114.355576,79.609665,-9.752141,WAL
1843382257000,55.864869,-1.62132536728432,-1.38694059681211,-6.78263840715282,-2.8313603,-2.756224,0.77366084,113.80461,79.82641,-9.858246,WAL
1843387349000,55.869961,-1.55246420760743,-2.21782039096012,-6.98608407007356,-2.737287,-2.8548787,0.8176431,113.22437,79.85046,-10.055493,WAL
1843392268000,55.87488,-1.43847780885598,-3.13427127306427,-7.20037860065815,-2.5653286,-2.8515189,0.8717047,112.617455,79.71705,-10.279436,WAL
1843397363000,55.879975,-1.25110454556219,-4.20019584088655,-7.12246532411699,-2.2983804,-2.6911669,0.9440922,112.02448,100.61285,-10.58287,WAL
1843402248000,55.88486,-1.05698539345208,-5.24654514196944,-6.98516147572108,-1.9336939,-2.4107797,1.0216721,111.47576,101.05949,-10.913012,WAL
1843407336000,55.889948,-1.02071884724094,-6.65630442131068,-6.44240937427483,-1.5613716,-2.2638667,1.1142182,110.97376,101.550934,-11.2196665,WAL
1843412279000,55.894891,-1.01609553222971,-8.0849098218576,-5.84137822970993,-1.2534955,-1.9367483,1.1786644,110.61472,102.09961,-11.540139,WAL
1843417353000,55.899965,-1.33781366752746,-10.0122734999505,-4.96829352801029,-1.1071932,-1.6453656,1.2999213,110.316124,102.63356,-11.831612,WAL
1843422303000,55.904915,-1.73180163725141,-12.0056649959434,-4.05367849684377,-0.829555,-1.4810427,1.3402383,110.08225,103.145515,-12.114612,WAL
1843427390000,55.910002,-1.83494546626094,-13.7125653963384,-3.4430437536264,-0.6921103,-1.3264939,1.2831224,109.9426,103.55952,-12.342284,WAL
1843432323000,55.914935,-1.85395456168394,-15.2760643880897,-2.93930242718036,-0.6951646,-1.1117748,1.2076806,109.873604,103.96613,-12.566965,WAL
1843437331000,55.919943,-1.62110592023446,-16.066690268742,-2.93997700492562,-0.7648033,-0.80939645,1.1548407,109.88826,104.206825,-12.752791,WAL
1843442333000,55.924945,-1.32380509493646,-16.6518542969166,-3.07211066673234,-0.8854492,-0.40530908,1.0867293,109.993065,104.42796,-12.900614,WAL
1843447361000,55.929973,-0.713832252967767,-16.2366703035524,-2.93815994084793,-1.0601566,0.1685988,0.97402465,110.27146,104.48271,-12.927941,WAL
1843452339000,55.934951,-0.0170289427615914,-15.5260228578066,-2.7258886922176,-1.278541,0.7266242,0.8509353,110.6555,104.5483,-12.926346,WAL
1843457346000,55.939958,0.614490754664625,-14.4055089761103,-2.18437921743747,-1.5201381,1.1420126,0.75655663,111.20551,104.54583,-12.808624,WAL
1843462384000,55.944996,1.22036092784074,-13.1051047366003,-1.49969670678918,-1.7437148,1.3857478,0.6936375,111.85417,104.56863,-12.6655655,WAL
1843467349000,55.949961,1.40150316862471,-12.1553143636182,-0.669433820998305,-1.9251418,1.4434745,0.6200282,112.58418,104.52707,-12.409948,WAL
1843472338000,55.95495,1.44438816880423,-11.3119086635085,0.216856844461953,-2.0958786,1.2281445,0.45631635,113.28672,104.508125,-12.126159,WAL
1843477368000,55.95998,1.44561331065574,-10.5734604024873,0.788841453241945,-2.2198844,0.79412484,0.22327125,113.82499,104.51825,-11.823409,WAL
1843482361000,55.964973,1.43209810546448,-9.87967707819861,1.24385530730356,-2.257147,0.21655174,0.0033597588,114.24986,104.5303,-11.500159,WAL
1843487349000,55.969961,1.33734510279098,-9.35527647466883,1.44723383669734,-2.1429152,-0.39095375,-0.20677789,114.41287,104.52824,-11.207628,WAL
1843492318000,55.97493,1.1929811563151,-8.93662126605319,1.4953550516938,-1.9098701,-0.97066486,-0.364992,114.41282,104.487686,-10.8986025,WAL
1843497357000,55.979969,0.785162675359633,-8.78498790067743,1.40923691485356,-1.6035212,-1.4495832,-0.473726,114.2168,104.38949,-10.612341,WAL
1843502341000,55.984953,0.233581349725045,-8.78974300806934,1.24756659016736,-1.3109168,-1.8445076,-0.5546656,113.87807,104.228645,-10.31892,WAL
1843507344000,55.989956,-0.359073954724775,-8.76167791629608,0.981689466696314,-1.0888673,-1.997224,-0.63499445,113.43959,104.055595,-10.059968,WAL
1843512326000,55.994938,-0.972031250054353,-8.71452738995948,0.656350588803241,-0.91232723,-2.2094996,-0.659429,112.87603,103.83182,-9.820837,WAL
1843517337000,55.999949,-1.46233344515485,-8.50466769130869,0.23432468021978,-0.8527679,-2.3020456,-0.6973027,112.30975,103.62912,-9.645965,WAL
1843522343000,56.004955,-1.86942901668332,-8.18856954745255,-0.249400698901099,-0.8136725,-2.2828035,-0.691194,111.72198,103.401985,-9.485762,WAL
1843527356000,56.009968,-2.17247213369946,-7.91343345754107,-0.716862986653129,-0.8258898,-2.1496348,-0.6252206,111.194275,103.25095,-9.436996,WAL
1843532350000,56.014962,-2.40644001959572,-7.6662221603286,-1.17155539322503,-0.8717047,-1.930945,-0.4990769,110.70428,103.115845,-9.405379,WAL
1843537346000,56.019958,-2.58787720951624,-7.45441908036158,-1.59577367998411,-0.93523467,-1.6694947,-0.35827246,110.29165,103.10735,-9.463906,WAL
1843542334000,56.024946,-2.7017600326413,-7.28834003556174,-1.98012828854674,-0.9819659,-1.3643675,-0.18784106,109.964165,103.13496,-9.553211,WAL
1843547334000,56.029946,-2.73206167861955,-7.15445032873873,-2.27812870175148,-1.0320568,-1.0503827,-0.028710667,109.684425,103.29179,-9.675544,WAL
1843552347000,56.034959,-2.6474784086952,-7.06489120561716,-2.45724637650534,-1.0601566,-0.74097955,0.13591751,109.50267,103.4846,-9.831636,WAL
1843557294000,56.039906,-2.48517335140391,-6.97145138738962,-2.49447824982637,-1.0778717,-0.46609017,0.28710666,109.38384,103.78999,-10.026159,WAL
1843562335000,56.044947,-2.23610228781625,-6.87086520696498,-2.38431221882131,-1.074512,-0.2932153,0.41355577,109.33462,104.118866,-10.246466,WAL
1843567270000,56.049882,-1.98212546285714,-6.84933226,-2.21333682285714,-1.0369438,-0.22540927,0.5198463,109.35759,104.476326,-10.4739895,WAL
1843572317000,56.054929,-1.71069228347783,-6.91599999737931,-1.965713649133,-0.99021256,-0.25320363,0.59895337,109.41041,104.84418,-10.720253,WAL
1843577387000,56.059999,-1.46123746576211,-7.00048360056452,-1.7619256634644,-0.93645644,-0.35460728,0.6426302,109.49179,105.17272,-10.953418,WAL
1843582362000,56.064974,-1.2441777279687,-7.10429490590274,-1.61564622675052,-0.89644474,-0.4908302,0.65576386,109.559296,105.496376,-11.196247,WAL
1843587272000,56.069884,-1.09397541777206,-7.23351632716791,-1.58720462440442,-0.86467975,-0.65118235,0.6560693,109.61018,105.76875,-11.44237,WAL
1843592313000,56.074925,-1.02956970142939,-7.40373116357919,-1.72061651000572,-0.88025683,-0.77549344,0.6600399,109.6326,106.036736,-11.687799,WAL
1843597296000,56.079908,-0.999197444234169,-7.54016920671727,-1.89472595336383,-0.8970556,-0.84696466,0.66339964,109.60487,106.279724,-11.919469,WAL
1843602312000,56.084924,-1.03915775742955,-7.61010008079443,-2.15946278705417,-0.96883225,-0.8536842,0.6542367,109.56014,106.52594,-12.142797,WAL
1843607267000,56.089879,-1.11276116385154,-7.68917060797197,-2.37798031382314,-1.0363328,-0.84238315,0.64996064,109.5021,106.78695,-12.355891,WAL
1843612337000,56.094949,-1.24147954502935,-7.78570922584738,-2.53428128068548,-1.0763446,-0.81336707,0.6432411,109.44881,107.044754,-12.556959,WAL
1843617251000,56.099863,-1.38946195234375,-7.89007251570513,-2.62597789004407,-1.1798862,-0.77274454,0.6356053,109.41561,107.35801,-12.75433,WAL
1843622319000,56.104931,-1.60335926796875,-8.02618892467949,-2.56278088435497,-1.2770138,-0.7461719,0.63529986,109.39028,107.66778,-12.94319,WAL
1843627328000,56.10994,-1.80984771253217,-8.14907934349634,-2.44883169748565,-1.3775011,-0.7467828,0.6398814,109.36394,108.02784,-13.1429405,WAL
1843632427000,56.115039,-2.00803799869333,-8.24575743337953,-2.20713632135221,-1.46852,-0.7996226,0.64660084,109.33494,108.39388,-13.336978,WAL
1843637289000,56.119901,-2.196596236605,-8.36773036758363,-1.96399623125659,-1.543351,-0.8753699,0.6627888,109.26966,108.786934,-13.562873,WAL
1843642312000,56.124924,-2.39024903935589,-8.57521594325697,-1.67812773478386,-1.5943583,-0.93767816,0.68477994,109.19894,109.18257,-13.786401,WAL
1843647314000,56.129926,-2.58506925063227,-8.77678285786545,-1.39949754630754,-1.6136005,-1.0042624,0.7079928,109.05559,109.58231,-14.0541,WAL
1843652350000,56.134962,-2.78998681623672,-8.95730498998483,-1.14579010717754,-1.6206255,-1.0665708,0.732122,108.902275,109.97961,-14.322638,WAL
1843657318000,56.13993,-2.99047678375244,-9.15363008054189,-0.910066770274659,-1.5968018,-1.1114693,0.75716746,108.67712,110.35799,-14.632735,WAL
1843662335000,56.144947,-3.18664092511831,-9.42112691203489,-0.727277470483437,-1.5583172,-1.149343,0.7812967,108.4423,110.724525,-14.942416,WAL
1843667280000,56.149892,-3.37494524634581,-9.68842917934244,-0.547419121059616,-1.5170839,-1.1661417,0.81061816,108.15005,111.07635,-15.292675,WAL
1843672368000,56.15498,-3.46180221319073,-10.0406827360864,-0.368879669318677,-1.4196508,-1.1722504,0.84238315,107.85576,111.40097,-15.639929,WAL
1843677442000,56.160054,-3.52581959297554,-10.4174388814622,-0.20086152835857,-1.3008375,-1.1914927,0.8729264,107.50064,111.708855,-16.021448,WAL
1843682352000,56.164964,-3.23090443089329,-11.1842180213243,-0.196648452729146,-1.1523973,-1.1976013,0.906524,107.15355,111.987465,-16.398027,WAL
1843687250000,56.169862,-2.9367100390646,-11.9491231592151,-0.192445673822238,-0.9718866,-1.2205088,0.9282097,106.765976,112.207504,-16.777493,WAL
1843692328000,56.17494,-2.49261519565388,-12.2916907359045,-0.481564510399374,-0.79137594,-1.2391402,0.9440922,106.38232,112.39834,-17.149904,WAL
1843697282000,56.179894,-2.02356731393892,-12.5099610857478,-0.839155500070478,-0.6087272,-1.2406673,0.94225967,105.99907,112.551,-17.509096,WAL
1843702350000,56.184962,-1.36448876455756,-12.6508046366484,-1.38062759103367,-0.42638394,-1.1823297,0.91538155,105.60924,112.63576,-17.8032,WAL
1843707316000,56.189928,-0.661540250225137,-12.7625313729444,-1.96719392878818,-0.24617869,-1.1270463,0.90316427,105.22095,112.69103,-18.088799,WAL
1843712342000,56.194954,0.105558375268419,-12.6050502291313,-2.46305651144657,-0.16432275,-0.958753,0.87017757,104.93387,112.72988,-18.27656,WAL
1843717295000,56.199907,0.88324143260022,-12.3442420743777,-2.91354357177847,-0.0067195175,-0.72082096,0.8304713,104.683304,112.72151,-18.443657,WAL
1843722355000,56.204967,1.57797095294118,-11.9759765062389,-3.0097462254902,0.109650314,-0.4831944,0.7852673,104.58445,112.70901,-18.49393,WAL
1843727459000,56.210071,2.23832584086687,-11.563254491791,-2.95930248224974,0.19120082,-0.25809056,0.70096785,104.545425,112.65797,-18.50622,WAL
1843732363000,56.214975,2.7170730115945,-11.4000784022689,-2.65693792371982,0.18325958,-0.0842994,0.59406644,104.6531,112.58505,-18.396353,WAL
1843737353000,56.219965,3.10005561546628,-11.3901311218776,-2.17945314384888,0.10567969,0.016798794,0.4538729,104.79366,112.484406,-18.24661,WAL
1843742343000,56.224955,3.17355161362914,-11.7668159094699,-1.57421540878499,0.0070249503,0.07819075,0.29168814,104.98834,112.3348,-17.999723,WAL
1843747357000,56.229969,3.09252036659718,-12.338800128648,-0.902133503305539,-0.11362094,0.09590584,0.0842994,105.18248,112.16295,-17.701859,WAL
1843752349000,56.234961,2.74845618072917,-12.7864337434896,-0.319825461744792,-0.19792034,0.06352998,-0.10293079,105.31073,111.92001,-17.348808,WAL
1843757345000,56.239957,2.2644400578125,-13.1698131926082,0.216905456772837,-0.23823744,-0.04520403,-0.23854288,105.40755,111.660995,-16.962378,WAL
1843762414000,56.245026,1.72217994537445,-13.3470735462555,0.35092457092511,-0.22143865,-0.17562376,-0.29657507,105.362,111.320595,-16.5786,WAL
1843767352000,56.249964,1.16821895849019,-13.413359324189,0.275169228756508,-0.18387043,-0.27030787,-0.30787608,105.28825,110.97137,-16.183084,WAL
1843772364000,56.254976,0.786977246407767,-13.5266680548258,0.143520833660765,-0.12614368,-0.26175576,-0.28863382,105.093895,110.599,-15.863482,WAL
1843777464000,56.260076,0.494094314368932,-13.6661360159909,-0.0191918993489435,-0.04550946,-0.17440203,-0.28496864,104.89482,110.21754,-15.544651,WAL
1843782385000,56.264997,0.334833866942656,-13.9196337366861,-0.111045143722784,0.05100725,-0.046120327,-0.2837469,104.69562,109.883354,-15.3011265,WAL
1843787357000,56.269969,0.266692980490647,-14.2652057788,-0.15485000365532,0.17195857,0.11575896,-0.29779682,104.53251,109.53516,-15.052523,WAL
1843792313000,56.274925,0.228289765242947,-14.6316910899295,-0.0694262183640282,0.3200934,0.26511553,-0.32070425,104.41054,109.20554,-14.831115,WAL
1843797350000,56.279962,0.209387574032132,-15.0191853090713,0.105418991123629,0.5177083,0.37965274,-0.36193767,104.324715,108.84654,-14.598749,WAL
1843802348000,56.28496,0.255253253634248,-15.3322868958607,0.244220687570084,0.74036866,0.42180246,-0.41263947,104.24267,108.470116,-14.368583,WAL
1843807341000,56.289953,0.35203899870256,-15.5887692360085,0.355524288840198,0.9737192,0.46089783,-0.44684792,104.19246,108.06192,-14.131467,WAL
1843812362000,56.294974,0.444309566155637,-15.7235757116243,0.364160261013002,1.1114693,0.4642576,-0.5271767,104.10526,107.60413,-13.880627,WAL
1843817350000,56.299962,0.532376040846109,-15.7699264572094,0.299269178474675,1.3784174,0.44104472,-0.6178902,104.021576,107.0889,-13.623378,WAL
1843822373000,56.304985,0.611082890938043,-15.7556795344528,0.161158755683266,1.6114625,0.40133846,-0.71837753,103.91719,106.53134,-13.337894,WAL
1843827475000,56.310087,0.681813735774947,-15.6849487388535,-0.0463183973779193,1.8167132,0.40530908,-0.8249735,103.81693,105.93207,-13.032018,WAL
1843832383000,56.314995,0.672768049792556,-15.538020377866,-0.0990712358133995,2.0033326,0.4428773,-0.93645644,103.729126,105.29156,-12.693125,WAL
1843837356000,56.319968,0.573499091968238,-15.2969387162283,0.0191060848228288,2.1933117,0.5155703,-1.0668762,103.65045,104.61357,-12.326541,WAL
1843842339000,56.324951,0.347590964390244,-14.9843252558976,0.206121511739304,2.377793,0.5510005,-1.1814134,103.60291,103.91928,-11.930193,WAL
1843847356000,56.329968,-0.0462355818292683,-14.5760907021192,0.484681730709716,2.568383,0.5555819,-1.2586879,103.566376,103.2027,-11.51708,WAL
1843852333000,56.334945,-0.477507348766041,-14.2261341174729,0.639613418015795,2.787989,0.5421429,-1.3066407,103.51724,102.47993,-11.110809,WAL
1843857342000,56.339954,-0.965259885774926,-13.946741690227,0.634877974686081,3.0332513,0.49754974,-1.3435981,103.461174,101.752686,-10.697634,WAL
1843862304000,56.344916,-1.45341969327116,-13.7179259532692,0.442771720438227,3.2840116,0.45631635,-1.3735305,103.354706,101.087746,-10.350894,WAL
1843867354000,56.349966,-1.95780586404934,-13.557880656438,-0.0373651069283995,3.5078936,0.42424592,-1.4172074,103.24087,100.45141,-9.999308,WAL
1843872281000,56.354893,-2.44933210387244,-13.4025162197682,-0.577291643163316,3.684739,0.44684792,-1.459968,103.10986,99.95152,-9.729845,WAL
1843877467000,56.360079,-2.96580808838269,-13.24019447113,-1.25608869833614,3.810272,0.5170974,-1.4715744,102.987305,99.52901,-9.463695,WAL
1843882351000,56.364963,-3.4577995637336,-13.1065841587273,-1.9155868311163,3.8444805,0.6072,-1.473407,102.94763,99.272285,-9.269831,WAL
1843887374000,56.369986,-3.97230722347654,-12.9984943996045,-2.62465619271976,3.7180314,0.7690793,-1.4660766,102.95148,80.89593,-9.081211,WAL
1843892558000,56.37517,-4.49600026868108,-12.9361489567711,-3.2898464711513,3.4364223,0.9114109,-1.4474452,102.99623,80.88921,-9.016577,WAL
1843897331000,56.379943,-4.95168980059991,-13.0571284002647,-3.66085026629907,3.1377094,0.9941832,-1.4333953,103.070984,80.846115,-8.954015,WAL
1843902207000,56.384819,-5.41721298468461,-13.1807185461844,-4.03986021918835,2.8805351,1.0094548,-1.4370605,103.28005,80.74529,-8.9629345,WAL
1843907219000,56.389831,-5.97895072348709,-13.5205053584427,-4.1602369915785,2.7806585,0.9822713,-1.4636332,103.49924,80.649315,-8.9660225,WAL
1843912521000,56.395133,-6.5806497248342,-13.92178365427,-4.25356711927354,2.6163359,0.83169305,-1.5656476,103.68579,80.59789,-8.941341,WAL
1843917236000,56.399848,-7.00911439338843,-14.4608198595041,-4.48392447933884,2.506991,0.6420194,-1.6297885,103.932526,80.523026,-8.955208,WAL
1843922518000,56.40513,-7.47492720886361,-15.0077153629768,-4.72176225133837,2.3692408,0.56779927,-1.8692477,104.239265,80.53183,-8.885638,WAL
1843927266000,56.409878,-7.74688644792627,-14.9096316175115,-4.7262205483871,2.1245892,0.54305923,-2.098933,104.49724,80.57771,-8.795058,WAL
1843932522000,56.415134,-8.02588036499005,-14.7808262612485,-4.70190747554229,1.9062049,0.48930305,-2.2547035,104.80647,80.673,-8.655938,WAL
1843937243000,56.419855,-7.83744310559818,-14.2626239544378,-4.09805155190869,1.7449366,0.34025195,-2.3109033,105.06795,80.81997,-8.477639,WAL
1843942209000,56.424821,-7.63922674674623,-13.7175291322345,-3.4628580512172,1.642922,0.16768251,-2.2815816,105.349724,80.991806,-8.269221,WAL
1843947256000,56.429868,-7.10005184874188,-13.0264587508117,-3.29930717784091,1.6022996,0.13194689,-2.2009475,105.61232,81.1705,-8.062222,WAL
1843952205000,56.434817,-6.52299468276177,-12.3291810050731,-3.20793978025568,1.6181821,0.3368922,-2.1041253,105.879654,81.337234,-7.8724046,WAL
1843957297000,56.439909,-5.7575065101392,-11.7126828350263,-3.69468020195636,1.7110336,0.84207773,-1.9737056,106.19704,81.4501,-7.6943746,WAL
1843962263000,56.444875,-4.99259967691874,-11.1222286111738,-4.23145697291196,1.8252654,1.4321736,-1.844813,106.58712,81.52691,-7.5537415,WAL
1843967321000,56.449933,-3.98505000180717,-10.6692538464935,-4.04643837350857,2.0564778,1.8493946,-1.6924021,107.069405,81.569885,-7.4065824,WAL
1843972301000,56.454913,-2.93218130625321,-10.2627975881507,-3.66936452424274,2.2968533,2.058005,-1.5082263,107.64944,81.54864,-7.3177295,WAL
1843977315000,56.459927,-1.61671085634047,-9.84182563852038,-2.27091250349956,2.4147503,1.9727893,-1.3475688,108.27771,81.573135,-7.183044,WAL
1843982242000,56.464854,-0.277969418708144,-9.42603922397599,-0.712854950936381,2.457511,1.8823812,-1.244027,108.95324,81.53738,-7.09396,WAL
1843987289000,56.469901,0.176927604633804,-9.39347246703943,-0.147778187392584,2.5256224,1.881465,-1.1951579,109.55625,81.50485,-6.95506,WAL
1843992255000,56.474867,0.354210322977732,-9.47744872542672,0.104149886274279,2.5934284,1.8796324,-1.1921035,110.1237,81.44485,-6.83544,WAL
1843997300000,56.479912,0.60419834584871,-9.4180344839146,0.0765311857521012,2.6080892,1.863139,-1.2330315,110.60387,81.35765,-6.5438204,WAL
1844002326000,56.484938,0.878553376485364,-9.30643213206453,-0.0536711942289634,2.4495697,1.8319849,-1.2962561,111.07327,81.26052,-6.25584,WAL
1844007291000,56.489903,1.21613027865337,-9.12995905486284,-0.175534985480299,2.3335052,1.7886134,-1.2873985,111.53828,81.099846,-5.9448028,WAL
1844012360000,56.494972,1.59383570230424,-8.91689419501247,-0.296594424098155,2.1361957,1.8332067,-1.2739595,112.01593,80.968925,-5.629117,WAL
1844017319000,56.499931,1.84793715700935,-8.72482962984689,-0.475243075432492,2.0039434,1.9068159,-1.2696834,112.50965,80.83903,-5.281658,WAL
1844022368000,56.50498,2.04984997009346,-8.53733944740505,-0.686770704537681,1.8640553,1.926669,-1.2134838,112.99399,80.72194,-4.9617915,WAL
1844027373000,56.509985,1.93246170914773,-8.27559812729438,-1.26418879048517,1.7201965,1.9104811,-1.1328496,113.50133,80.63064,-4.605647,WAL
1844032339000,56.514951,1.65878485297153,-7.97832841065582,-2.01915924132354,1.5989398,1.9660698,-1.0519099,114.02873,80.542816,-4.2774334,WAL
1844037346000,56.519958,1.24245708600119,-7.67609666519588,-2.9198553640186,1.527774,2.1450534,-0.9611965,114.60069,80.471756,-3.9570985,WAL
1844042368000,56.52498,0.747616243717847,-7.3715793384448,-3.90002093491294,1.5115861,2.439185,-0.8790351,115.214516,80.398735,-3.6714075,WAL
1844047360000,56.529972,0.310876440411383,-7.10114750216517,-4.58092274375709,1.5506815,2.7504208,-0.7593055,115.89908,80.40867,-3.509038,WAL
1844052344000,56.534956,-0.0926626852304362,-6.85016587247139,-5.0878073627075,1.6261233,2.9596422,-0.67347896,116.62983,80.41333,-3.3699963,WAL
1844057341000,56.539953,-0.437298539269362,-6.66547809173892,-5.31192309393083,1.6719382,3.1309898,-0.605062,117.572395,80.43377,-3.277888,WAL
1844062438000,56.54505,-0.760657805362884,-6.50855365183634,-5.40702854574769,1.7143933,3.2357533,-0.5342017,118.54377,80.4346,-3.2149544,WAL
1844067337000,56.549949,-1.07246610921013,-6.32078315300111,-5.30564158018763,1.7647897,3.2769866,-0.48899764,119.59603,80.4443,-3.203503,WAL
1844072353000,56.554965,-1.39229452716635,-6.10756408962978,-5.09242271921719,1.7880026,3.26874,-0.46731192,120.655556,80.45484,-3.2051716,WAL
1844077382000,56.559994,-1.65326223458945,-5.86809031550972,-4.82176075287584,1.7901406,3.2192597,-0.45478916,121.72575,80.45477,-3.2569478,WAL
1844082349000,56.564961,-1.87968670261801,-5.61808008443078,-4.52457874941491,1.7632625,3.1468723,-0.44898596,122.78102,80.46446,-3.30896,WAL
1844087346000,56.569958,-2.05013648015426,-5.25615549615347,-4.15423475953723,1.7220291,3.0631838,-0.44868052,123.83047,80.42338,-3.4000926,WAL
1844092316000,56.574928,-2.18662468128152,-4.83257153214674,-3.74477015615544,1.6530013,2.9804115,-0.44715336,124.85504,80.405,-3.4885926,WAL
1844097350000,56.579962,-2.30782964624938,-4.44007982553403,-3.13698232985594,1.5745052,2.8915308,-0.41263947,125.845634,80.34041,-3.614648,WAL
1844102357000,56.584969,-2.41740484401391,-4.07324098803775,-2.40806889122702,1.459357,2.8585439,-0.4297437,126.82732,80.31702,-3.7244194,WAL
1844107344000,56.589956,-2.56797543139375,-3.79728389329664,-1.79626600581875,1.3933836,2.6933048,-0.441961,127.730835,80.22083,-3.8593876,WAL
1844112428000,56.59504,-2.74982747295066,-3.57714719300177,-1.25070988114802,1.239751,2.5127943,-0.4474588,128.61856,80.18588,-3.9890137,WAL
1844117351000,56.599963,-2.95626134204106,-3.38428560791431,-0.856156820321333,1.0925325,2.3829854,-0.43951756,129.44168,80.04495,-4.1345577,WAL
1844122350000,56.604962,-3.18891508959635,-3.20386023040762,-0.557030502638104,0.93126404,2.2852468,-0.4251622,130.2203,79.95236,-4.2750745,WAL
1844127375000,56.609987,-3.34180255365297,-3.05312093378995,-0.318002462078767,0.75961095,2.2165246,-0.41080686,130.94899,79.800156,-4.446777,WAL
1844132439000,56.615051,-3.4287997117743,-2.92657956784084,-0.128190525881115,0.5665775,2.1233675,-0.3998113,131.63997,79.696236,-4.6176353,WAL
1844137274000,56.619886,-3.50128670818006,-2.80678467280764,0.0505456093299461,0.39645153,2.0207422,-0.398895,132.30324,79.55733,-4.8309484,WAL
1844142336000,56.624948,-3.45202569649426,-2.69348439736815,0.208180956287166,0.19883664,1.8796324,-0.39920044,132.92593,79.47289,-5.042353,WAL
1844147306000,56.629918,-3.39296428035923,-2.58876313100351,0.347494860320187,0.02107485,1.7476854,-0.39003745,133.51396,79.37005,-5.2757335,WAL
1844152352000,56.634964,-3.25144368360016,-2.53215488244826,0.371081629730574,-0.16187929,1.6319265,-0.37843102,134.0633,79.31436,-5.5050354,WAL
1844157349000,56.639961,-3.10413973834667,-2.47752911992973,0.39622893270447,-0.34788775,1.5170839,-0.37904188,134.56613,79.271774,-5.72199,WAL
1844162349000,56.644961,-2.87046791519617,-2.44014165164942,0.442963302214523,-0.5354234,1.3967434,-0.3903429,135.031,79.26883,-5.9342036,WAL
1844167584000,56.650196,-2.63077784954628,-2.40173681249403,0.49573354163817,-0.7119634,1.2770138,-0.38728857,135.45866,79.303566,-6.121349,WAL
1844172375000,56.654987,-2.47080931588022,-2.37544056534053,0.589961585558793,-0.8756753,1.162782,-0.38973203,135.8508,79.37529,-6.298533,WAL
1844177679000,56.660291,-2.29371202876588,-2.34632862735218,0.694279169561085,-1.0207558,1.0329732,-0.3998113,136.1949,79.49046,-6.4227057,WAL
1844182351000,56.664963,-2.13771683166969,-2.32068553265355,0.786166754866272,-1.1777482,0.8921687,-0.40439278,136.49957,79.63728,-6.54188,WAL
1844187252000,56.669864,-1.97407546588022,-2.29378553113,0.882558247927214,-1.3255776,0.7302894,-0.41691554,136.75838,79.80837,-6.6493278,WAL
1844192320000,56.674932,-1.89326862378855,-2.26930938105727,1.05268936414097,-1.4694363,0.5842926,-0.41325033,136.98447,79.99411,-6.7584043,WAL
1844197261000,56.679873,-1.83304864449339,-2.24614791753304,1.23334927300441,-1.6230689,0.5109888,-0.40225476,137.18178,80.20088,-6.862424,WAL
1844202357000,56.684969,-1.90364179429399,-2.20276895709004,1.51822005419207,-1.6954565,0.3371976,-0.3857614,137.28555,80.41512,-6.8786497,WAL
1844207267000,56.689879,-2.00701807359848,-2.15577976152693,1.81895110205856,-1.8573358,0.14263703,-0.3594942,137.35905,80.662224,-6.897768,WAL
1844212421000,56.695033,-2.20826329553981,-2.32318513594093,2.04913461823987,-2.0146337,-0.04337143,-0.2941316,137.3746,80.86937,-6.908632,WAL
1844217253000,56.699865,-2.42066161316105,-2.53558350177609,2.24306348130114,-2.173764,-0.21624629,-0.23487769,137.33614,81.090164,-6.9206123,WAL
1844222371000,56.704983,-2.57693747117117,-2.98899915135135,2.42327715765766,-2.3252585,-0.39645153,-0.16401732,137.22797,81.235085,-6.9730887,WAL
1844227312000,56.709924,-2.70878200095663,-3.49000829111173,2.59028029602489,-2.4782803,-0.5326745,-0.065973446,137.07925,81.37242,-7.048368,WAL
1844232355000,56.714967,-2.8312752880836,-4.36769511400645,2.98674385310388,-2.5867088,-0.6404922,0.052839845,136.88148,81.42102,-7.1922283,WAL
1844237319000,56.719931,-2.94497014119788,-5.44038118874909,3.50578546387647,-2.6022859,-0.66706485,0.17379116,136.66382,81.43527,-7.364796,WAL
1844242347000,56.724959,-2.86401753806712,-6.99690482728078,4.22345954476922,-2.5244007,-0.6575964,0.30573806,136.4143,81.36758,-7.5800905,WAL
1844247353000,56.729965,-2.70359920636748,-8.7379153622675,5.01611503367779,-2.3634377,-0.65118235,0.4269948,136.15181,81.24736,-7.826082,WAL
1844252354000,56.734966,-1.52022594068467,-11.8846587230632,7.13756857801524,-2.0631974,-0.5876524,0.55924714,135.88464,81.011284,-8.0797615,WAL
1844257363000,56.739975,0.140957292876224,-15.6911418931434,9.88089385218166,-1.5488489,-0.4718934,0.6047566,135.63141,80.72124,-8.341371,WAL
1844262343000,56.744955,1.42773020522725,-17.3946038989666,10.4921811404635,-0.8371908,-0.42730024,0.5119051,135.40366,80.335625,-8.505475,WAL
1844267348000,56.74996,2.53381441592254,-18.039017609712,10.0208931265175,-0.110872045,-0.35613444,0.2593123,135.21814,79.90816,-8.63622,WAL
1844272378000,56.75499,3.52021499505391,-18.4669791267188,9.15003310119695,0.44226643,-0.05497787,-0.016798794,134.98106,79.57882,-8.381853,WAL
1844277335000,56.759947,4.43124603457315,-18.7816140242358,8.0981210226333,0.8210029,0.57451874,-0.24190263,134.89246,79.152374,-8.109748,WAL
1844282328000,56.76494,4.27153026452658,-18.1674893525063,7.46395281312405,1.0546589,1.2421945,-0.35246924,135.00012,78.881584,-7.625959,WAL
1844287329000,56.769941,3.51008241047089,-17.0325920386835,7.06625384619747,1.2089024,1.6352862,-0.3277292,135.22897,78.505394,-7.175047,WAL
1844292287000,56.774899,2.39077757528213,-15.0618469577549,6.662993589234,1.2974777,1.7919732,-0.2846632,135.70346,78.314415,-6.5935955,WAL
1844297331000,56.779943,1.06410343088185,-12.6207670644163,6.24810632847298,1.3060299,1.8298469,-0.23548855,136.25517,78.04826,-6.07993,WAL
1844302331000,56.784943,0.119135625622643,-10.427522096537,5.77706117780314,1.2678508,1.8399261,-0.21685717,136.82053,77.68073,-5.738716,WAL
1844307344000,56.789956,-0.640673967976781,-8.34340485201429,5.274491214487,1.1459832,1.7956384,-0.2098322,137.37738,77.31372,-5.42968,WAL
1844312340000,56.794952,-1.3979069082566,-6.26635523030363,4.77362555784878,0.97097033,1.7214183,-0.20158553,137.85289,76.82913,-5.3716874,WAL
1844317353000,56.799965,-2.15771650185602,-4.18223798578091,4.27105559453265,0.76052725,1.6459764,-0.17470746,138.31105,76.390495,-5.323051,WAL
1844322356000,56.804968,-2.75569273912176,-3.13885094441118,3.79355273712575,0.5354234,1.539075,-0.089491755,138.66869,75.89398,-5.491079,WAL
1844327252000,56.809864,-3.25171392618762,-2.69430357483034,3.33964662934132,0.27550024,1.3982705,0.043676864,138.98357,75.46209,-5.67306,WAL
1844332234000,56.814846,-3.830834473979,-2.68332733990665,2.98152703978996,0.011911872,1.1872166,0.19272798,139.22371,75.0643,-5.9800444,WAL
1844337232000,56.819844,-4.45916583938156,-2.95327712502917,2.68830569381564,-0.2929099,0.8741482,0.36743546,139.37123,74.72996,-6.311875,WAL
1844342260000,56.824872,-5.02955697045975,-3.67168425629291,2.46807272718952,-0.6606508,0.46975538,0.5390886,139.40466,74.46425,-6.73469,WAL
1844347240000,56.829852,-5.54547331558144,-4.73824185354691,2.30932929615145,-1.0751228,-0.0033597588,0.68752885,139.31497,74.25922,-7.172468,WAL
1844352286000,56.834898,-5.67314406948436,-6.09225737296891,2.10366203783225,-1.5039502,-0.573297,0.8045095,139.07018,74.11447,-7.70712,WAL
1844357271000,56.839883,-5.57449753524937,-7.58540556917442,1.87498168261482,-1.8955148,-1.2550226,0.84116143,138.65346,74.02902,-8.221224,WAL
1844362347000,56.844959,-5.78372646957497,-9.34366674620324,1.31526031537662,-2.2479842,-2.0317378,0.81092364,138.06026,74.026215,-8.760875,WAL
1844367291000,56.849903,-6.27115094968913,-11.2740601381103,0.470713072877383,-2.5127943,-2.7876835,0.78893244,137.27628,74.05044,-9.271013,WAL
1844372345000,56.854957,-6.97897047826929,-13.1533406340141,-0.568598672608654,-2.627637,-3.424816,0.7761043,136.37859,74.217125,-9.670766,WAL
1844377339000,56.859951,-7.84467223298809,-14.935668828187,-1.73521334383506,-2.5793786,-3.8069122,0.79779,135.33987,74.36202,-10.047047,WAL
1844382292000,56.864904,-8.30982865847071,-16.256457461302,-2.56665910351122,-2.35794,-3.8612792,0.84299403,134.30429,74.6072,-10.418078,WAL
1844387289000,56.869901,-8.3633138248114,-17.1166674853311,-3.06139123755239,-1.9950858,-3.5048394,0.88086766,133.2787,74.75761,-10.796968,WAL
1844392263000,56.874875,-7.79303239972897,-17.8531195421726,-3.02634985596271,-1.4969252,-3.1844406,0.8558222,132.31154,74.92289,-11.217415,WAL
1844397298000,56.87991,-5.94769545637467,-18.3549672281006,-1.91810235975715,-1.0088439,-2.3790147,0.81245077,131.58511,74.959076,-11.678534,WAL
1844402330000,56.884942,-4.1808060648174,-18.2167815168665,-0.726828127739058,-0.7654142,-1.6200147,0.6560693,130.99533,75.02988,-12.063473,WAL
1844407294000,56.889906,-2.51531916055199,-17.4392602467243,0.532226974946566,-0.376293,-1.0815369,0.44806966,130.57729,74.978676,-12.435533,WAL
1844412321000,56.894933,-1.15046048842712,-16.3177513760318,1.44547347595863,-0.16584991,-0.7834347,0.26511553,130.33812,75.053444,-12.545749,WAL
1844417322000,56.899934,-0.404859452577787,-14.5663391011389,1.66565097877965,-0.16187929,-0.63346726,0.15210545,130.21619,75.119385,-12.632265,WAL
1844422290000,56.904902,0.0891919646644368,-12.8179230968028,1.56073689240531,-0.26939157,-0.59773165,0.087659165,130.17546,75.23094,-12.498234,WAL
1844427333000,56.909945,0.255483585380423,-11.0314761910477,1.01435014273487,-0.42760566,-0.68752885,0.04642576,130.14664,75.366425,-12.3473015,WAL
1844432260000,56.914872,0.39127574844602,-9.39530187677208,0.269826803080698,-0.6062838,-0.852157,0.021685716,130.07806,75.53905,-12.14822,WAL
1844437314000,56.919926,0.488042919107597,-7.89101212104689,-0.829800186359506,-0.8240572,-1.0543534,0.016798794,129.97664,75.74274,-11.944166,WAL
1844442262000,56.924874,0.528582468439836,-6.47642780503211,-1.89065563244552,-1.0922271,-1.2583824,0.055588737,129.85046,75.96599,-11.775537,WAL
1844447315000,56.929927,0.329901279903148,-5.28943507021792,-2.90443914479419,-1.3295482,-1.425454,0.14049901,129.68028,76.20349,-11.616332,WAL
1844452247000,56.934859,0.052603607562335,-4.22594511132297,-3.77188257298328,-1.5402967,-1.677436,0.22418754,129.40552,76.54972,-11.469075,WAL
1844457293000,56.939905,-0.44354183349956,-3.38013520313875,-4.34835637204459,-1.781283,-2.0274618,0.3155119,129.05568,76.90115,-11.342117,WAL
1844462310000,56.944922,-0.941718055884155,-2.62558324625877,-4.92661544906593,-2.074193,-2.3558018,0.40622538,128.61902,77.28541,-11.277481,WAL
1844467320000,56.949932,-1.45390730678857,-2.132363973846,-5.51942700456657,-2.3289237,-2.5720482,0.45204028,128.1146,77.65171,-11.224559,WAL
1844472305000,56.954917,-1.92311227679667,-1.68097224601069,-6.05071599910909,-2.5702155,-2.7678304,0.48288897,127.50999,77.93008,-11.285002,WAL
1844477347000,56.959959,-2.25770322995446,-1.36072089657494,-6.3853070520887,-2.7666087,-2.9681942,0.49327368,126.84305,78.152695,-11.358712,WAL
1844482286000,56.964898,-2.52610254790626,-1.14144464688821,-6.65370643824433,-2.8875601,-3.118467,0.50976706,126.14017,78.22373,-11.543398,WAL
1844487341000,56.969953,-2.56329874489051,-1.29487870456204,-6.69090258667883,-2.8643472,-3.1923819,0.5103779,125.404564,78.18973,-11.740272,WAL
1844492304000,56.974916,-2.57676720075949,-1.50051597683544,-6.69571551962025,-2.682004,-3.1874948,0.49296826,124.65335,77.98399,-12.014265,WAL
1844497301000,56.979913,-2.42532626333333,-2.1012311225,-6.47360229583333,-2.4077253,-3.1151073,0.48747048,123.90503,102.33708,-12.308304,WAL
1844502322000,56.984934,-2.27107471161965,-2.76972983251134,-6.27546677125666,-2.2602015,-2.9865203,0.5030475,123.18246,102.75841,-12.618748,WAL
1844507300000,56.989912,-2.11119179078714,-3.64908631446045,-6.16260802805287,-1.9566014,-2.7629435,0.58123827,122.51546,103.258026,-12.956602,WAL
1844512345000,56.994957,-1.98833550708724,-4.59490749011779,-5.94801800702735,-1.6285667,-2.5298984,0.68416905,121.89534,103.76657,-13.270641,WAL
1844517319000,56.999931,-2.01686515563985,-5.73609442523458,-5.3536500309443,-1.3002267,-2.3808472,0.7828238,121.32417,104.31556,-13.611736,WAL
1844522394000,57.005006,-2.08704410065886,-7.02532395643623,-4.72099472959976,-1.0323622,-2.2440135,0.91904676,120.83975,104.833374,-13.926031,WAL
1844527342000,57.009954,-2.30605715850133,-8.74014923640476,-4.00803726849248,-0.82527894,-2.1065688,1.0644327,120.4088,105.37158,-14.270255,WAL
1844532307000,57.014919,-2.48150029980149,-10.4665652610422,-3.38778469826303,-0.7086037,-1.8790215,1.1294898,120.04013,105.82268,-14.587695,WAL
1844537315000,57.019927,-2.42913640326551,-12.2374204058561,-3.2544946035732,-0.6948592,-1.5213599,1.1701124,119.75965,106.29298,-14.9283905,WAL
1844542292000,57.024904,-2.31499521064553,-13.848138815402,-3.16657176908267,-0.72356987,-1.0900891,1.2388347,119.5811,106.65074,-15.250828,WAL
1844547330000,57.029942,-1.82778010124575,-14.585791687618,-3.34415475524726,-0.77488256,-0.5861252,1.3225232,119.53432,107.01558,-15.567531,WAL
1844552447000,57.035059,-1.32100535770513,-15.2851017909852,-3.5266781112485,-0.8384125,-0.006414085,1.3652838,119.684784,107.24202,-15.7638445,WAL
1844557308000,57.03992,-0.643231383528121,-15.1272637443159,-3.73558108895094,-0.9663888,0.61117065,1.3255776,119.99412,107.47882,-15.937569,WAL
1844562502000,57.045114,0.0845908954061545,-14.9213695308743,-3.94713742058284,-1.1615603,1.1749994,1.2046263,120.50655,107.592316,-15.9394865,WAL
1844567319000,57.049931,0.813180538257285,-14.178678345323,-3.97064029688201,-1.361924,1.6352862,1.0516045,121.161255,107.71097,-15.905992,WAL
1844572410000,57.055022,1.53510693281694,-13.3904355511325,-3.92366719792137,-1.5745052,1.8839084,0.8561276,121.9474,107.73802,-15.698235,WAL
1844577340000,57.059952,1.68787201478576,-12.5895761688401,-3.06262788230219,-1.7229455,1.7415768,0.5867361,122.73343,107.74536,-15.432152,WAL
1844582515000,57.065127,1.84418594911595,-11.7588350596855,-2.16128708809612,-1.8008307,1.2180653,0.31581733,123.50969,107.67925,-15.0386095,WAL
1844587317000,57.069929,1.92953991596171,-11.1344033754029,-1.36165503658494,-1.8332067,0.47586402,0.06169739,124.1584,107.59683,-14.602865,WAL
1844592661000,57.075273,2.01896586303531,-10.4477261729902,-0.490360729415853,-1.7993035,-0.27885997,-0.13927728,124.56769,107.46532,-14.178664,WAL
1844597334000,57.079946,1.98113984147258,-10.0190310864012,-0.116303150533434,-1.7253889,-0.64904433,-0.22021692,124.86683,107.325455,-13.747392,WAL
1844602300000,57.084912,1.94094210488355,-9.56345655184072,0.28120807067994,-1.6771306,-1.2944235,-0.35521814,124.74534,107.147,-13.349308,WAL
1844607301000,57.089913,0.813527022682199,-9.27727893684413,-0.039241220051988,-1.5543466,-1.7931949,-0.45448375,124.56331,106.947914,-12.960305,WAL
1844612301000,57.094913,-0.518761992432849,-9.02372882612882,-0.495630880204101,-1.3997977,-2.1025982,-0.56382865,124.24971,106.71671,-12.5652685,WAL
1844617388000,57.1,-1.3441667665366,-8.76575448578595,-0.81190398801375,-1.2559389,-2.2317963,-0.657291,123.79686,106.462456,-12.20747,WAL
1844622252000,57.104864,-1.98031443268302,-8.51908542892977,-1.07155612006875,-1.119716,-2.230269,-0.71929383,123.297646,106.17307,-11.844649,WAL
1844627320000,57.109932,-2.55807988081222,-8.14922759091375,-1.22324831604964,-1.0085385,-2.1255057,-0.729984,122.82247,106.03658,-11.710949,WAL
1844632341000,57.114953,-3.07586675975797,-7.71034090472772,-1.29721787754077,-0.93676186,-1.953547,-0.6826419,122.374855,105.88527,-11.577943,WAL
1844637318000,57.11993,-3.3723721189558,-7.35175816829823,-1.39710018538515,-0.9120218,-1.7928895,-0.58062744,121.95668,105.84709,-11.578573,WAL
1844642315000,57.124927,-3.56165450625927,-7.02997839646989,-1.51066954859092,-0.9053023,-1.6459764,-0.40561453,121.595085,105.82456,-11.606146,WAL
1844647329000,57.129941,-3.51064820671343,-6.97625276903808,-1.6997584488978,-0.91721416,-1.4932601,-0.18509217,121.19631,105.93833,-11.746481,WAL
1844652319000,57.134931,-3.32629468171343,-7.07202089403808,-1.9296017988978,-0.9419542,-1.2971723,0.04917465,120.865715,106.08996,-11.928635,WAL
1844657297000,57.139909,-3.14238449184369,-7.16755871492986,-2.1588924193988,-0.95172805,-1.0424415,0.26450464,120.57603,106.33673,-12.186807,WAL
1844662351000,57.144963,-2.95566651281563,-7.26455512850701,-2.39168366006012,-0.98654735,-0.73273283,0.41508293,120.36999,106.62422,-12.476031,WAL
1844667318000,57.14993,-2.54862461475607,-7.40684498956033,-2.29590721886167,-1.0183123,-0.44043383,0.5494733,120.23183,106.97324,-12.819097,WAL
1844672342000,57.154954,-2.01735310590243,-7.57588579582413,-2.02544177754467,-1.0225884,-0.24281894,0.6554584,120.16345,107.34282,-13.178464,WAL
1844677369000,57.159981,-1.55109050567293,-7.82657039475743,-1.68437901203052,-1.0146471,-0.17989981,0.729984,120.20383,107.72094,-13.470841,WAL
1844682355000,57.164967,-1.12141561588419,-8.11613390532081,-1.31074868368545,-1.0036516,-0.2434298,0.75594574,120.26888,108.10261,-13.768044,WAL
1844687347000,57.169959,-0.786771524615385,-8.31193176923077,-1.04166194615385,-0.999681,-0.39522982,0.7504479,120.4005,108.37578,-14.005807,WAL
1844692300000,57.174912,-0.512996251109563,-8.44881969678575,-0.838690579012837,-0.9941832,-0.48991394,0.7281514,120.527306,108.63957,-14.236654,WAL
1844697346000,57.179958,-0.370227970452321,-8.5914719763355,-0.80020123676685,-0.9978484,-0.72295904,0.70646566,120.53905,108.81168,-14.403678,WAL
1844702352000,57.184964,-0.317571318514229,-8.73508094528208,-0.872005801216176,-1.0161743,-0.94225967,0.6395759,120.521355,108.96569,-14.55147,WAL
1844707328000,57.18994,-0.346051187759711,-8.77415477446552,-1.01591433648901,-1.0189233,-1.1252137,0.5815437,120.39095,109.096634,-14.667561,WAL
1844712423000,57.195035,-0.429308749984944,-8.74476967007929,-1.2118144221359,-1.033584,-1.2327261,0.51923543,120.2156,109.213264,-14.769886,WAL
1844717351000,57.199963,-0.556866688121171,-8.69974909715064,-1.37761374407274,-1.0647382,-1.2654073,0.4783075,120.008606,109.32483,-14.853983,WAL
1844722407000,57.205019,-0.716965048584071,-8.64324363843236,-1.53300336219975,-1.1016954,-1.2644911,0.4437936,119.77887,109.42449,-14.92566,WAL
1844727455000,57.210067,-0.884526855791112,-8.55645534522125,-1.59410414089065,-1.1475104,-1.2165382,0.43249258,119.56999,109.55953,-15.007439,WAL
1844732340000,57.214952,-1.05225423644495,-8.45052242183225,-1.58527638959336,-1.2027937,-1.1527027,0.44257188,119.367966,109.69657,-15.083453,WAL
1844737342000,57.219954,-1.23979936091516,-8.41358565967588,-1.56028912040038,-1.2443326,-1.0928379,0.46486846,119.19248,109.87039,-15.182776,WAL
1844742336000,57.224948,-1.44749876826607,-8.4693099399428,-1.51469656111641,-1.2800682,-1.0451905,0.50610185,119.03673,110.05487,-15.285116,WAL
1844747355000,57.229967,-1.61775531587838,-8.59406902742448,-1.45734559173291,-1.3158038,-1.0256428,0.550695,118.87593,110.28432,-15.433928,WAL
1844752348000,57.23496,-1.75554271739865,-8.77461777285374,-1.39082755977742,-1.3274102,-1.0348058,0.57910025,118.72485,110.51441,-15.584865,WAL
1844757339000,57.239951,-1.88782731650524,-8.97732379205377,-1.3169444316861,-1.3295482,-1.0430524,0.61544675,118.56188,110.76858,-15.774785,WAL
1844762447000,57.245059,-2.01836640126507,-9.20455860921131,-1.2347531373987,-1.3170254,-1.0525209,0.63621616,118.39904,111.01655,-15.963819,WAL
1844767335000,57.249947,-2.10864278372562,-9.37664052723605,-1.10801790954943,-1.2928963,-1.054048,0.6554584,118.224106,111.26012,-16.176094,WAL
1844772405000,57.255017,-2.16928337379191,-9.51191586204246,-0.930760938754924,-1.2705997,-1.0598512,0.6640105,118.04754,111.49551,-16.386059,WAL
1844777376000,57.259988,-2.21757954530054,-9.63751755852638,-0.782048561383815,-1.237613,-1.0861185,0.6780604,117.82314,111.73973,-16.62231,WAL
1844782358000,57.26497,-2.2516626991938,-9.75437415879171,-0.66519177808756,-1.2003502,-1.0974194,0.6933321,117.60385,111.97261,-16.853928,WAL
1844787344000,57.269956,-2.25290730058796,-9.92120088334111,-0.569747173216052,-1.1459832,-1.0931433,0.70616025,117.34092,112.19242,-17.103468,WAL
1844792319000,57.274931,-2.21733509876808,-10.1435274349043,-0.498602625642557,-1.0870347,-1.0897835,0.7119634,117.07649,112.398834,-17.349152,WAL
1844797302000,57.279914,-2.15755721508475,-10.4113521440678,-0.46626064688983,-1.0558805,-1.0870347,0.74281216,116.78706,112.60581,-17.612482,WAL
1844802347000,57.284959,-2.04495869379237,-10.7798562595339,-0.517441781757415,-0.9831876,-1.0989466,0.7812967,116.496445,112.79152,-17.873154,WAL
1844807294000,57.289906,-1.8973272500148,-11.106128192266,-0.685638733629279,-0.8793405,-1.1050552,0.8155051,116.18919,112.95853,-18.12819,WAL
1844812392000,57.295004,-1.69504376987274,-11.3951048798461,-1.01796159745487,-0.77549344,-1.0668762,0.84940815,115.89519,113.116486,-18.384443,WAL
1844817244000,57.299856,-1.45218567768705,-11.6538053734165,-1.3476493544042,-0.63804877,-0.98624194,0.8680395,115.61189,113.23971,-18.61031,WAL
1844822368000,57.30498,-1.11707706658254,-11.9014942795922,-1.71675449347783,-0.47433686,-0.86070913,0.88422745,115.35611,113.34503,-18.832754,WAL
1844827304000,57.309916,-0.736930789814367,-12.0334525953785,-2.00713779193658,-0.2950479,-0.70554936,0.8848383,115.18112,113.423386,-18.992092,WAL
1844832323000,57.314935,-0.258269152871507,-11.9962747277386,-2.1976729684811,-0.09896017,-0.5439755,0.8762862,115.04581,113.47216,-19.140245,WAL
1844837246000,57.319858,0.251249050115652,-11.8412227054742,-2.33135064872783,0.070249505,-0.4120286,0.84971356,115.01151,113.48429,-19.206568,WAL
1844842302000,57.324914,0.867236377486507,-11.4072316676947,-2.34535044764842,0.19333886,-0.30207285,0.7901542,115.01441,113.4632,-19.2512,WAL
1844847267000,57.329879,1.42050008943475,-11.0488389446131,-2.34538589292489,0.23579398,-0.21471913,0.6954701,115.09691,113.38955,-19.196075,WAL
1844852313000,57.334925,1.81006650783384,-10.9113450159332,-2.29955448765174,0.19058995,-0.14049901,0.535118,115.19664,113.28372,-19.10251,WAL
1844857294000,57.339906,2.1484232162991,-10.842624705104,-2.23373536618357,0.0852157,-0.08460484,0.33536503,115.34921,113.12426,-18.903864,WAL
1844862368000,57.34498,2.17393922302037,-11.2355719546314,-2.02450395120773,-0.05009095,-0.042455133,0.12614368,115.504654,112.94202,-18.659262,WAL
1844867286000,57.349898,2.10490659332322,-11.5971502245827,-1.80510454157815,-0.19975294,-0.0036651916,-0.06780604,115.67548,112.71458,-18.320078,WAL
1844872307000,57.354919,1.70602113411229,-11.8987459737987,-1.52296614514922,-0.3323107,-0.0033597588,-0.20463985,115.833664,112.48008,-17.946407,WAL
1844877338000,57.35995,1.24201014006807,-12.0884570889409,-1.25119669640335,-0.43279803,-0.009162978,-0.269697,115.9529,112.218185,-17.540747,WAL
1844882396000,57.365008,0.585379708951629,-11.9467383809245,-1.0102746757363,-0.48991394,-0.027488936,-0.27275133,116.061134,111.96601,-17.125648,WAL
1844887324000,57.369936,-0.0330538777572994,-11.8266222904258,-0.800171961893491,-0.50946164,-0.045814894,-0.25137106,116.09377,111.72799,-16.770067,WAL
1844892307000,57.374919,-0.574656749062179,-11.7757023044912,-0.684444882840237,-0.4605924,-0.074830994,-0.23487769,116.11705,111.495255,-16.423561,WAL
1844897320000,57.379932,-1.05263739628029,-11.7829282314484,-0.584811339267331,-0.41141775,-0.043066,-0.21135938,116.078224,111.33611,-16.211044,WAL
1844902316000,57.384928,-1.11555682130378,-12.1514566744317,-0.589305580559835,-0.30268374,0.011911872,-0.19517145,116.0392,111.16382,-16.00695,WAL
1844907639000,57.390251,-1.16733288397769,-12.5631355013946,-0.591108436786097,-0.15271631,0.08674286,-0.2134974,115.96528,111.02544,-15.896652,WAL
1844912369000,57.394981,-1.03127275447758,-13.1559685951513,-0.557093414559108,0.032375857,0.17531833,-0.2302962,115.91383,110.86767,-15.789285,WAL
1844917304000,57.399916,-0.896919703005665,-13.7760734102972,-0.503681426188252,0.20433442,0.258396,-0.26419923,115.86905,110.67939,-15.675948,WAL
1844922307000,57.404919,-0.806437377383958,-14.4142117540006,-0.341765698688003,0.40561453,0.3304781,-0.30970868,115.84638,110.45089,-15.552378,WAL
1844927396000,57.410008,-0.721768870558135,-15.0272104447077,-0.166050918557756,0.589485,0.39858958,-0.3539964,115.83625,110.15223,-15.379168,WAL
1844932320000,57.414932,-0.68155225336871,-15.4159708131337,0.0663116569222022,0.77579886,0.4456262,-0.3894266,115.84062,109.817726,-15.197357,WAL
1844937574000,57.420186,-0.644174687330873,-15.8226829343993,0.305912039499795,0.9593639,0.48441613,-0.44073927,115.83562,109.39702,-14.9713125,WAL
1844942301000,57.424913,-0.67665595095326,-16.0918128091431,0.421916466607216,1.1420126,0.48747048,-0.5021312,115.834564,108.94727,-14.738511,WAL
1844947324000,57.429936,-0.712897280497382,-16.3581573842558,0.53986653448018,1.3341297,0.47555858,-0.56505036,115.805756,108.4267,-14.485,WAL
1844952315000,57.434927,-0.770991148625654,-16.3715639307218,0.589022844951384,1.5335772,0.43371433,-0.65240407,115.76926,107.8732,-14.216457,WAL
1844957978000,57.44059,-0.829578227283418,-16.3287029384555,0.633236731164249,1.7528778,0.37201694,-0.74464476,115.71072,107.2745,-13.93998,WAL
1844962336000,57.444948,-0.780496623849471,-15.5495325565465,0.51871300120737,1.9960022,0.29657507,-0.83260936,115.63846,106.64427,-13.650436,WAL
1844967536000,57.450148,-0.721932067205018,-14.6198203064485,0.382062382626421,2.2721133,0.20005837,-0.88147855,115.54013,105.99276,-13.368564,WAL
1844972308000,57.45492,-0.668187824068993,-13.7666305261662,0.256659161113289,2.584571,0.089186326,-0.93523467,115.41903,105.3086,-13.071532,WAL
1844977395000,57.460007,-0.610895920290082,-12.8571216384261,0.122978065589965,2.8655689,-0.0015271631,-0.9981538,115.28424,104.613335,-12.769287,WAL
1844982318000,57.46493,-1.08645725204581,-12.6216245413185,-0.476497734038997,3.1377094,-0.03145956,-1.1001683,115.13971,103.8982,-12.449297,WAL
1844987564000,57.470176,-1.68251538694522,-12.479088724234,-1.19435905888579,3.3887749,0.02443461,-1.2110404,115.00014,103.18576,-12.11614,WAL
1844992303000,57.474915,-2.2209674459022,-12.3503282901578,-1.84284263083565,3.5873063,0.09162979,-1.2800682,114.90188,102.54079,-11.799928,WAL
1844997660000,57.480272,-2.83502547702792,-12.2102407628537,-2.57251977515744,3.6615262,0.40103304,-1.475545,114.90718,101.87302,-11.409646,WAL
1845002315000,57.484927,-3.4845138379171,-12.2060504315255,-3.13401292832033,3.7461312,0.54458636,-1.5317446,114.89193,101.28389,-11.051144,WAL
1845007275000,57.489887,-4.17655729012125,-12.201585545728,-3.73229564361312,3.7226129,0.8775079,-1.5916094,115.12493,100.95237,-10.839207,WAL
1845012341000,57.494953,-4.93962962189324,-12.2687437752294,-3.9410476514387,3.5924985,1.219287,-1.5940529,115.404236,100.67345,-10.635777,WAL
1845017290000,57.499902,-5.6956272426814,-12.3478029151376,-4.06951769609049,3.374725,1.4450017,-1.5549575,115.74663,100.43889,-10.435002,WAL
1845022312000,57.504924,-6.34618708952158,-12.5994401462477,-3.86347064096623,3.1768048,1.5448782,-1.4789047,116.16762,79.56065,-10.438909,WAL
1845027308000,57.50992,-6.98353173053471,-12.8642520483114,-3.6300769706848,3.009733,1.5015068,-1.4291192,116.60734,79.55058,-10.441514,WAL
1845032318000,57.51493,-7.5992801527376,-13.107878097624,-3.12554128992769,2.8774807,1.3191634,-1.4089607,117.07967,79.49874,-10.47785,WAL
1845037247000,57.519859,-8.19908359413223,-13.3419480586777,-2.55987249743802,2.777299,1.0149527,-1.4343116,117.49597,79.44796,-10.508656,WAL
1845042304000,57.524916,-8.54596687353164,-13.2040242144752,-2.09407913731527,2.7043004,0.63163465,-1.4810427,117.85267,79.374916,-10.547633,WAL
1845047353000,57.529965,-8.84370912031072,-12.9978952978401,-1.64975656674877,2.6261096,0.16401732,-1.5283848,118.089226,79.30905,-10.572456,WAL
1845052314000,57.534926,-8.66865971854681,-12.9921437467231,-2.04025238817215,2.5476136,-0.28619036,-1.5885551,118.20028,79.21271,-10.601802,WAL
1845057278000,57.53989,-8.33992293002374,-13.0510216333987,-2.70263258385798,2.4544566,-0.5164866,-1.7507398,118.23755,79.1545,-10.5826025,WAL
1845062335000,57.544947,-7.48313748412617,-12.5419085909555,-3.43511072131482,2.2516494,-0.44165558,-1.9642372,118.2345,79.100555,-10.534525,WAL
1845067252000,57.549864,-6.52654883707636,-11.9121947856268,-4.16096452552062,1.9339994,-0.26847526,-2.0335703,118.194374,79.05455,-10.480223,WAL
1845072311000,57.554923,-5.41120553631231,-11.0298523719261,-3.94614217303607,1.6606371,-0.045814894,-2.0146337,118.247604,79.10921,-10.346961,WAL
1845077317000,57.559929,-4.28273860807578,-10.1123992887762,-3.55163728022199,1.5271631,0.18997909,-1.9055941,118.35007,79.16712,-10.2259655,WAL
1845082316000,57.564928,-3.29123221528034,-9.51903306407887,-3.34882285955022,1.5103643,0.38423425,-1.6939293,118.54138,79.321,-10.043074,WAL
1845087252000,57.569864,-2.35435346301089,-9.03360397391662,-3.20804837271514,1.5396858,0.48716503,-1.5867225,118.767845,79.47691,-9.86916,WAL
1845092300000,57.574912,-1.77718952288952,-9.01028322379604,-2.92523974844193,1.5949692,0.7473936,-1.3588698,119.05658,79.61062,-9.708222,WAL
1845097313000,57.579925,-1.29760524294021,-9.10333677158193,-2.61028888613389,1.7825048,1.0772609,-1.1682798,119.391205,79.704254,-9.57613,WAL
1845102316000,57.584928,-0.818977644179713,-9.19620469489588,-2.29596629205308,1.9804251,1.4248432,-1.061073,119.78392,79.81436,-9.423105,WAL
1845107317000,57.589929,-0.340541381656975,-9.28903549331544,-1.98176935161771,2.1896465,1.7476854,-1.0027353,120.25921,79.86356,-9.3193245,WAL
1845112376000,57.594988,-0.232021972562494,-9.3678416440498,-1.16444397275939,2.3979516,1.9740111,-1.0036516,120.82195,79.887024,-9.210535,WAL
1845117315000,57.599927,-0.222891601114757,-9.44088459656404,-0.237712045437699,2.4975226,2.0027218,-1.0497719,121.413506,79.89332,-9.109844,WAL
1845122313000,57.604925,-0.162688332111298,-9.59397639942671,0.584190881583473,2.4956899,1.8411479,-1.1004738,121.97175,79.95094,-8.890114,WAL
1845127368000,57.60998,-0.0813418001304735,-9.78059518760502,1.36894567009786,2.3845124,1.5509869,-1.2183707,122.49537,80.02625,-8.640853,WAL
1845132310000,57.614922,0.116334845338547,-9.8524197808191,1.75608359028607,2.2073615,1.2476922,-1.2672399,122.94247,80.03413,-8.351634,WAL
1845137314000,57.619926,0.367830972994443,-9.87707624675859,1.98292323140564,1.9617938,0.97402465,-1.2339478,123.310936,80.05086,-8.053777,WAL
1845142307000,57.624919,0.493408413619001,-9.85897794173534,1.35288663714009,1.6765196,0.8164214,-1.1746938,123.60539,80.02818,-7.716173,WAL
1845147325000,57.629937,0.577268383150751,-9.82636556325739,0.43042708904508,1.4746287,0.9062186,-1.1114693,123.89085,79.994934,-7.3979664,WAL
1845152314000,57.634926,0.560957690172739,-9.76080540027797,-0.241038331132731,1.4181237,1.1026118,-1.033584,124.16316,79.93999,-7.063421,WAL
1845157300000,57.639912,0.499332606171945,-9.68021861223072,-0.800404469840167,1.4587462,1.2223413,-0.95814216,124.43768,79.86737,-6.7550936,WAL
1845162317000,57.644929,0.236588511129608,-9.43029446571542,-1.47410228634562,1.4874569,1.3100005,-0.9025534,124.808975,79.87966,-6.4745913,WAL
1845167319000,57.649931,-0.124156858929845,-9.09802923067777,-2.20033965285375,1.5189165,1.4618006,-0.84757555,125.227745,79.85865,-6.228576,WAL
1845172311000,57.654923,-0.57699132356596,-8.73781543138987,-2.83176812329211,1.5577064,1.6658295,-0.77274454,125.725204,79.858444,-6.036315,WAL
1845177340000,57.659952,-1.08281272929525,-8.35963097860228,-3.41795370425991,1.5937474,1.8909334,-0.72509706,126.265396,79.84572,-5.862329,WAL
1845182316000,57.664928,-1.46678691046125,-8.05102163929889,-3.94103098234317,1.6392568,2.098933,-0.66553766,126.90976,79.83602,-5.7386093,WAL
1845187308000,57.66992,-1.77991669584871,-7.78199474630996,-4.43057196891144,1.674687,2.2223277,-0.6411031,127.586334,79.82143,-5.624446,WAL
1845192291000,57.674903,-2.03607999810974,-7.52741152959602,-4.76631003549363,1.6988163,2.4113905,-0.59864795,128.38036,79.794754,-5.585185,WAL
1845197334000,57.679946,-2.22387967306114,-7.28744523892849,-4.91237640697775,1.7302758,2.5008824,-0.57971114,129.17506,79.76269,-5.547182,WAL
1845202315000,57.684927,-2.35195945541621,-7.06822727199565,-4.94219119096475,1.7259997,2.5638015,-0.56382865,130.0483,79.75473,-5.5674,WAL
1845207317000,57.689929,-2.44183418820974,-6.86009650681347,-4.89488877800928,1.7198911,2.6108382,-0.5635232,130.9372,79.745155,-5.591098,WAL
1845212356000,57.694968,-2.47234834877081,-6.57773129050523,-4.6493450255904,1.7140878,2.6196957,-0.59956425,131.84271,79.73811,-5.633321,WAL
1845217318000,57.69993,-2.45855036764421,-6.24658046385017,-4.26300251455672,1.6887369,2.6013696,-0.6407976,132.7495,79.74403,-5.674069,WAL
1845222310000,57.704922,-2.43316888597754,-5.91714091304348,-3.77424434459161,1.5989398,2.5592198,-0.6939429,133.64868,79.76062,-5.7162323,WAL
1845227341000,57.709953,-2.39617430460697,-5.58881347826087,-3.1823299803532,1.4920384,2.4764478,-0.7507534,134.52852,79.80001,-5.7423725,WAL
1845232319000,57.714931,-2.32789001519603,-5.19948199976607,-2.52174974903153,1.3704761,2.3646593,-0.79198676,135.3734,79.8085,-5.7565722,WAL
1845237309000,57.719921,-2.21609935383176,-4.72101804196688,-1.75710170374287,1.2257011,2.221717,-0.80909103,136.18318,79.857635,-5.756738,WAL
1845242282000,57.724894,-2.13001919558948,-4.24479369386132,-0.982325356664546,1.0351112,2.058616,-0.8078693,136.91948,79.86934,-5.744588,WAL
1845247326000,57.729938,-2.10953345377439,-3.76337838686387,-0.162895074416879,0.8536842,1.8933768,-0.7831292,137.6106,79.91556,-5.728806,WAL
1845252296000,57.734908,-2.13403808239258,-3.36806470288086,0.527556725115234,0.6600399,1.7540996,-0.7324274,138.22198,79.88642,-5.7037177,WAL
1845257307000,57.739919,-2.22776722251953,-3.09156344833984,1.04306758793359,0.4636467,1.6545285,-0.68294734,138.79338,79.898796,-5.6812344,WAL
1845262325000,57.744937,-2.33380700850077,-2.86639899149923,1.49662244114374,0.2507602,1.564426,-0.61941737,139.28113,79.82922,-5.671029,WAL
1845267279000,57.749891,-2.46090965023184,-2.73929634976816,1.8290447231221,0.055588737,1.4862351,-0.56596667,139.73819,79.79638,-5.6693406,WAL
1845272251000,57.754863,-2.54346606454455,-2.66796468407921,2.06395734354455,-0.13530666,1.4001031,-0.516792,140.14171,79.70094,-5.700224,WAL
1845277284000,57.759896,-2.55778285661386,-2.6822815259802,2.14985849461386,-0.32345316,1.3179418,-0.4605924,140.51646,79.64163,-5.7457056,WAL
1845282256000,57.764868,-2.5369428423461,-2.71200589581192,2.1765115688221,-0.5109888,1.2800682,-0.41874814,140.86894,79.546814,-5.8264875,WAL
1845287273000,57.769885,-2.45775770499273,-2.76790135555017,2.10664214687349,-0.59559363,1.1951579,-0.39950588,141.1775,79.4658,-5.9115057,WAL
1845292256000,57.774868,-2.35136173969336,-2.82300435840432,2.01367992078365,-0.75411314,1.1023064,-0.3717115,141.4713,79.412636,-6.0122385,WAL
1845297277000,57.779889,-2.18297718716638,-2.87761555050161,1.8680501068711,-0.9184359,1.0100657,-0.34208453,141.73434,79.37517,-6.115105,WAL
1845302207000,57.784819,-2.01881832454308,-2.93277823798956,1.71699888603133,-1.0601566,0.9202685,-0.33108896,141.97762,79.37879,-6.200936,WAL
1845307217000,57.789829,-1.85700655234987,-2.99541506533943,1.52908840398172,-1.1890492,0.82436264,-0.31887165,142.18622,79.40902,-6.290492,WAL
1845312224000,57.794836,-1.71094689439326,-3.09243556187022,1.35786007760243,-1.3063353,0.7302894,-0.310625,142.38168,79.49768,-6.3402176,WAL
1845317255000,57.799867,-1.59287955208783,-3.25300721052735,1.21617933587532,-1.41904,0.6200282,-0.31306845,142.54097,79.6099,-6.3847494,WAL
1845322198000,57.80481,-1.48655547904192,-3.40723584595808,1.11310308862275,-1.5149459,0.50732356,-0.31215215,142.68796,79.77465,-6.3981333,WAL
1845327266000,57.809878,-1.39936645676647,-3.55739476823353,1.08888391576846,-1.6035212,0.3753767,-0.3005457,142.7949,79.95545,-6.4079666,WAL
1845332218000,57.81483,-1.36271009734863,-3.73153053978037,1.08724048018401,-1.6786577,0.24373524,-0.29046643,142.89055,80.18113,-6.3899617,WAL
1845337228000,57.81984,-1.43391078195489,-3.96886620469925,1.13470765281955,-1.752267,0.08582657,-0.28527406,142.93922,80.416954,-6.367616,WAL
1845342258000,57.82487,-1.54172723603821,-4.15628776901775,1.20658530977422,-1.8206838,-0.08735373,-0.25595254,142.96225,80.65945,-6.332008,WAL
1845347230000,57.829842,-1.73469010508491,-4.22060891726168,1.33522717449826,-1.8765781,-0.2312125,-0.22113322,142.948,80.90409,-6.2954884,WAL
1845352282000,57.834894,-1.92854822143915,-4.30350006751555,1.47843832143915,-1.9401081,-0.37323865,-0.19150625,142.89723,81.12936,-6.2791867,WAL
1845357271000,57.839883,-2.1124756767249,-4.44498261178561,1.6623657767249,-2.0143282,-0.49968776,-0.15057829,142.8086,81.34801,-6.2728853,WAL
1845362316000,57.844928,-2.29332265169175,-4.64205358650641,1.86534358615291,-2.0934353,-0.59315014,-0.08093964,142.68712,81.49861,-6.331715,WAL
1845367289000,57.849901,-2.45205818982931,-5.04129743813756,2.12990281638218,-2.1878138,-0.6401868,0.009468411,142.54095,81.6389,-6.406746,WAL
1845372286000,57.854898,-2.58780019172603,-5.78699151114155,2.54236509561644,-2.2305744,-0.61727935,0.14538592,142.3714,81.688484,-6.552429,WAL
1845377345000,57.859957,-2.64089502043836,-7.76477545150685,3.4803743830137,-2.2003367,-0.5381723,0.2968805,142.20119,81.70151,-6.7286024,WAL
1845382485000,57.865097,-2.6646701410657,-9.79824594307725,4.44516114665097,-2.1114557,-0.48808134,0.44409904,142.03639,81.591286,-6.9761605,WAL
1845387282000,57.869894,-2.31075660696555,-11.995458772523,5.49215525973679,-1.9318613,-0.4633413,0.50488013,141.8819,81.436905,-7.2402825,WAL
1845392275000,57.874887,-1.84284489282802,-14.1236263910304,6.60615790780207,-1.8029687,-0.31337386,0.57604593,141.78731,81.1294,-7.5045896,WAL
1845397296000,57.879908,-0.849239658775019,-15.4291264027057,7.85373371500185,-1.4355333,-0.16371189,0.6392705,141.69237,80.763176,-7.7752647,WAL
1845402586000,57.885198,0.205918644844534,-16.7664320049147,9.08808068545637,-0.9114109,0.01985312,0.600786,141.59554,80.43377,-7.9369545,WAL
1845407324000,57.889936,1.26633536719157,-17.4354494855567,9.08352992437312,-0.2406809,0.07971791,0.44348818,141.50938,80.05421,-8.075345,WAL
1845412528000,57.89514,2.43497264417266,-18.1499472758479,9.03180592291881,0.38973203,0.122783914,0.13164146,141.44576,79.74893,-7.95299,WAL
1845417321000,57.899933,3.57189914014389,-18.4943280203494,8.26284715005139,0.8213083,0.3726278,-0.19425514,141.47282,79.38487,-7.799849,WAL
1845422334000,57.904946,4.65701181845638,-18.7575106199664,7.50132283221477,1.1410962,0.9034697,-0.552833,141.6752,79.15624,-7.372158,WAL
1845427330000,57.909942,4.43401716536167,-17.8030934637397,7.27832836539896,1.3203852,1.3164146,-0.7110472,141.92792,78.83992,-6.9461284,WAL
1845432296000,57.914908,4.21236155141685,-16.8544073953207,7.05667293661447,1.4511104,1.4941764,-0.7180721,142.38785,78.681496,-6.309647,WAL
1845437311000,57.919923,3.16613699359217,-14.5317469851283,6.72996021858469,1.529912,1.5054774,-0.6469063,142.91884,78.4379,-5.7055116,WAL
1845442298000,57.92491,2.05545001391356,-12.1053965245034,6.39627745528496,1.5180001,1.4633276,-0.5549711,143.48079,78.12821,-5.1505203,WAL
1845447328000,57.92994,1.15567739266855,-9.54373071982237,5.95363821279774,1.4220943,1.4089607,-0.4596761,144.01929,77.753204,-4.6926327,WAL
1845452256000,57.934868,0.293525065950747,-7.02395946750101,5.5106538368591,1.2431108,1.3610078,-0.38453966,144.54039,77.37228,-4.2769194,WAL
1845457305000,57.939917,-0.308052438011418,-5.07900617074215,4.81623621398668,1.0051788,1.3585643,-0.30757064,144.9697,76.902794,-4.084993,WAL
1845462329000,57.944941,-0.884869618205519,-3.19290560335871,4.10665955176023,0.72356987,1.3607023,-0.23945917,145.38135,76.48895,-3.9158897,WAL
1845467318000,57.94993,-1.2429941673147,-2.11245976038695,3.47245488782129,0.43890667,1.3716979,-0.16310102,145.71828,76.06156,-3.9281218,WAL
1845472245000,57.954857,-1.55611968456865,-1.19513431280494,2.85943454529395,0.1469131,1.3548992,-0.08002335,146.04004,75.71112,-3.960895,WAL
1845477321000,57.959933,-1.95489770104178,-0.72781881114166,2.40734242741918,-0.14752395,1.2644911,-0.017715093,146.31296,75.43983,-4.1197925,WAL
1845482257000,57.964869,-2.37628128029213,-0.484127065103641,2.04688173696703,-0.4352415,1.1908818,0.025350908,146.57489,75.24177,-4.296588,WAL
1845487311000,57.969923,-2.82711328666667,-0.943714497083333,1.99014024666667,-0.57818395,0.97035944,0.11148291,146.75897,75.10994,-4.5472097,WAL
1845492269000,57.974881,-3.2734055427907,-1.54183805659884,1.99934214093023,-0.8698721,0.6597345,0.21319197,146.88596,75.08605,-4.8020673,WAL
1845497328000,57.97994,-3.55945471748331,-2.73954327178223,2.13473274701592,-1.1908818,0.2874121,0.31703907,146.91368,75.09095,-5.1147795,WAL
1845502278000,57.98489,-3.78832415816127,-4.08841222093477,2.30516752667694,-1.5140295,-0.14905111,0.43249258,146.82555,75.15056,-5.4355807,WAL
1845507305000,57.989917,-3.86489332493489,-5.7316926238256,2.47721986437735,-1.8362609,-0.6423248,0.5503896,146.59383,75.25781,-5.8264003,WAL
1845512403000,57.995015,-3.90727807824829,-7.46004985581171,2.65146834384103,-2.1038198,-1.2483032,0.6536258,146.19841,75.39953,-6.212554,WAL
1845517317000,57.999929,-4.21021104101434,-9.37340612863973,2.33036110850286,-2.3335052,-1.8509218,0.7663304,145.66211,75.58836,-6.6232085,WAL
1845522289000,58.004901,-4.59856600450923,-11.3866020690916,1.85272921691197,-2.52043,-2.3735168,0.93187493,144.96675,75.77533,-7.0482683,WAL
1845527321000,58.009933,-5.41783420428556,-13.3873407764241,0.726467875857647,-2.6053402,-2.8142562,1.1148291,144.1528,75.98805,-7.4571123,WAL
1845532314000,58.014926,-6.49610566486053,-15.3496927633857,-0.791288704039756,-2.5540276,-3.057075,1.2559389,143.24419,76.14513,-7.8841968,WAL
1845537312000,58.019924,-7.07942840758673,-16.4937036830873,-1.92267472816584,-2.2922719,-3.022256,1.3106114,142.34804,76.3385,-8.326704,WAL
1845542301000,58.024913,-7.49266905518473,-17.3561187233242,-2.91984196893861,-1.8301523,-2.6499333,1.2431108,141.48546,76.41928,-8.776223,WAL
1845547326000,58.029938,-6.74310663014827,-17.9821031881178,-2.83584799572694,-1.2403619,-2.047315,1.0635164,140.77654,76.5343,-9.296715,WAL
1845552313000,58.034925,-5.28258521911038,-18.4541906212932,-2.08345835063839,-0.63804877,-1.3955216,0.79168135,140.20241,76.530495,-9.778842,WAL
1845557333000,58.039945,-3.85006038648702,-18.5754960794531,-0.797429025738062,-0.17348573,-1.001819,0.473726,139.79976,76.555984,-10.211031,WAL
1845562339000,58.044951,-2.43945766510798,-18.5280010717258,0.736660814919755,0.058643065,-0.8671232,0.18203785,139.52223,76.53256,-10.576322,WAL
1845567309000,58.049921,-1.62779913802293,-17.2994367678064,1.58077545448222,0.10903945,-0.81122905,-0.029932396,139.38728,76.613106,-10.66576,WAL
1845572306000,58.054918,-1.116754939517,-15.4521765329676,2.07775415300284,0.058337633,-0.68111473,-0.18478674,139.31873,76.71279,-10.697182,WAL
1845577314000,58.059926,-0.826713613145383,-13.4067208508841,2.17125206056974,-0.055283304,-0.5919284,-0.28924468,139.27417,76.84534,-10.514983,WAL
1845582323000,58.064935,-0.675923124904715,-11.2391075916503,2.01103722739686,-0.22724187,-0.41813725,-0.30940324,139.29514,77.004845,-10.331125,WAL
1845587310000,58.069922,-0.578394357058542,-9.37740087007761,1.76351895500623,-0.3191771,-0.38545597,-0.34238997,139.30077,77.12496,-10.1105385,WAL
1845592310000,58.074922,-0.518751504706333,-7.72575240787583,1.45154099199004,-0.5002986,-0.58093286,-0.33078352,139.29128,77.281296,-9.901377,WAL
1845597325000,58.079937,-0.529463127970423,-6.12758083647119,0.879994818778175,-0.68691796,-0.90285885,-0.2959642,139.22398,77.42304,-9.723918,WAL
1845602313000,58.084925,-0.612285675752167,-4.5978000518103,0.0468975631412544,-0.9059132,-1.2400564,-0.17928895,139.09505,77.5796,-9.568445,WAL
1845607291000,58.089903,-0.864468629044285,-3.35810380994817,-0.828580612054197,-1.1682798,-1.5204436,-0.010995574,138.88399,77.73749,-9.464862,WAL
1845612329000,58.094941,-1.27249444861326,-2.36216987000091,-1.75431659838501,-1.4352279,-1.7424932,0.14752395,138.594,77.90716,-9.384255,WAL
1845617283000,58.099895,-1.71560581477875,-1.46852037352375,-2.61680374144758,-1.6985108,-1.964848,0.3213151,138.17984,78.12203,-9.375371,WAL
1845622302000,58.104914,-2.25123243048794,-0.740484129245916,-3.39164220688088,-1.9593502,-2.2342396,0.462425,137.68898,78.340805,-9.396669,WAL
1845627345000,58.109957,-2.7466246147705,-0.317950737816791,-4.05673097535308,-2.180789,-2.5421157,0.57604593,137.06714,78.57507,-9.525002,WAL
1845632295000,58.114907,-3.18831676561397,-0.224962909943115,-4.59141103174774,-2.3533583,-2.8704557,0.64476824,136.36028,78.78063,-9.681286,WAL
1845637286000,58.119898,-3.53772425346935,-0.231748853841026,-5.15029563186547,-2.463925,-3.1850514,0.6637051,135.56862,78.906815,-9.946348,WAL
1845642338000,58.12495,-3.76739355152005,-0.368573086762953,-5.74157169052621,-2.514016,-3.4009922,0.6835582,134.71141,78.95598,-10.2411,WAL
1845647303000,58.129915,-3.81772502966435,-0.682993498574911,-6.29085758753047,-2.4489589,-3.4626896,0.7360926,133.81592,78.8677,-10.634932,WAL
1845652203000,58.134815,-3.66813794359647,-1.19774911080068,-6.79681419450591,-2.255009,-3.3328807,0.7877107,132.918,78.675674,-11.051417,WAL
1845657233000,58.139845,-3.47031109577465,-1.82647241267606,-7.19757754647887,-1.9807305,-3.0931163,0.8539896,132.06229,78.3595,-11.529794,WAL
1845662256000,58.144868,-3.17550987025051,-2.67467214573702,-7.33721997075583,-1.6954565,-2.7885997,0.9233228,131.2708,77.93377,-12.04095,WAL
1845667192000,58.149804,-2.94714333040561,-3.59739483141222,-7.43141675843284,-1.4037683,-2.456289,0.9969321,130.61604,102.52435,-12.524132,WAL
1845672232000,58.154844,-2.78995257939406,-4.65009699029902,-7.47428694968913,-1.1398746,-2.042428,1.0900891,130.08441,103.07155,-13.04186,WAL
1845677204000,58.159816,-2.6546561281937,-5.83413325932858,-7.5726450741533,-0.8762862,-1.790446,1.1661417,129.64667,103.591774,-13.492153,WAL
1845682235000,58.164847,-2.54491551010101,-7.23213332020202,-7.74918444848485,-0.73823065,-1.2299771,1.3246613,129.43307,104.19611,-13.989562,WAL
1845687177000,58.169789,-2.46348374055176,-8.84695105448433,-7.66510082175418,-0.46853364,-0.72234815,1.428203,129.31367,104.73291,-14.40586,WAL
1845692238000,58.17485,-2.42034978789677,-10.8694558693761,-7.1858343808761,-0.3576616,-0.21410827,1.4926492,129.37027,105.32385,-14.844173,WAL
1845697222000,58.179834,-2.27023275304977,-12.7310665706537,-6.48323488931392,-0.39553526,0.22266038,1.5238034,129.59756,105.84678,-15.186504,WAL
1845702312000,58.184924,-1.94089953333333,-14.419479,-5.38854986666667,-0.48655418,0.5354234,1.5219707,129.94255,106.38678,-15.522321,WAL
1845707342000,58.189954,-1.28989752854353,-15.5569831509487,-4.10065543445871,-0.6957755,0.6774496,1.4996742,130.35912,106.798195,-15.734334,WAL
1845712324000,58.194936,0.0945923480747769,-15.4771085131138,-2.35673075330171,-1.0262536,0.6750061,1.4288138,130.82011,107.22503,-15.923469,WAL
1845717288000,58.1999,1.3302440100566,-15.2722964800889,-0.843573987401455,-1.3600914,0.60994893,1.3109168,131.26129,107.403915,-15.931572,WAL
1845722313000,58.204925,1.72422010996564,-14.3189716013746,-0.649017887113402,-1.674687,0.54611355,1.1588113,131.69159,107.602295,-15.917095,WAL
1845727324000,58.209936,2.06222049480107,-13.4148423594569,-0.434440728603592,-1.8952094,0.5177083,0.97219205,132.08151,107.35776,-15.585853,WAL
1845732319000,58.214931,2.13621302612357,-12.7365778466959,-0.122027953545587,-2.0015,0.3979787,0.73364913,132.41685,107.12047,-15.230487,WAL
1845737301000,58.219913,2.21001298429148,-12.060078586921,0.189571735210965,-2.0350976,0.14508049,0.46211955,132.66336,106.902664,-14.839822,WAL
1845742301000,58.224913,2.21751838897318,-11.4572612828294,0.501769823288813,-2.026851,-0.22235495,0.19364429,132.83517,106.6621,-14.411117,WAL
1845747657000,58.230269,2.1994346146933,-10.8423250313837,0.818823787960057,-1.9730947,-0.6960809,-0.059253927,132.89647,106.385826,-13.945292,WAL
1845752315000,58.234927,1.90114129490014,-10.651417632311,0.707460975149786,-1.8777997,-1.2226468,-0.25473082,132.78674,106.13145,-13.507021,WAL
1845757289000,58.239901,1.5826116743224,-10.4475590228245,0.588543278516405,-1.7348573,-1.6823229,-0.4147775,132.51668,105.86653,-13.079853,WAL
1845762332000,58.244944,0.939993879604353,-10.3224865861821,0.242487582075762,-1.5726726,-2.008525,-0.54336464,132.1353,105.562164,-12.6361,WAL
1845767254000,58.249866,0.194782470971563,-10.2305445761215,-0.178508495164768,-1.3658947,-2.1566598,-0.66431594,131.67682,105.20882,-12.1746645,WAL
1845772313000,58.254925,-0.530335718944719,-9.98112706389776,-0.498246142840546,-1.1936307,-2.2171354,-0.7602218,131.14732,104.8846,-11.767778,WAL
1845777299000,58.259911,-1.23301687156395,-9.68988413099041,-0.780243181004938,-1.0571023,-2.1930063,-0.81031275,130.60838,104.528755,-11.354376,WAL
1845782303000,58.264915,-1.77134568603827,-9.20167649984813,-1.07592421486281,-1.0103711,-2.1190915,-0.8145888,130.0977,104.2538,-11.047859,WAL
1845787283000,58.269895,-2.23972403897945,-8.63672557547839,-1.37530001318214,-0.9486737,-1.9779817,-0.75869465,129.62605,103.96757,-10.751995,WAL
1845792303000,58.274915,-2.59188253380407,-8.08447728491013,-1.50444008784318,-0.9254609,-1.7935003,-0.6441574,129.23032,103.780266,-10.5924835,WAL
1845797288000,58.2799,-2.89833366114952,-7.54229429014418,-1.5704449634604,-0.9254609,-1.6181821,-0.49449542,128.88489,103.61547,-10.46098,WAL
1845802314000,58.284926,-3.0598325780734,-7.20763932001262,-1.64365153979388,-0.93737274,-1.4752395,-0.29932398,128.4997,103.65325,-10.469247,WAL
1845807333000,58.289945,-3.1609284017983,-6.95995465217163,-1.71947338119676,-0.96791595,-1.3646729,-0.092240654,128.16766,103.729225,-10.519077,WAL
1845812402000,58.295014,-3.03402354774436,-6.99484937568922,-1.8865349518797,-0.9966267,-1.2394456,0.09468412,127.83497,103.92826,-10.676416,WAL
1845817312000,58.299924,-2.86178123050896,-7.09003597796414,-2.06784259444766,-1.0280862,-1.0742066,0.25442538,127.55676,104.16841,-10.87685,WAL
1845822312000,58.304924,-2.45614112149127,-7.30062587109273,-2.09156266380789,-1.029308,-0.89888823,0.3848451,127.30919,104.47446,-11.135387,WAL
1845827364000,58.309976,-1.96309461966502,-7.55447161650691,-2.05739103979417,-1.0009027,-0.7684685,0.49266282,127.10495,104.80483,-11.424058,WAL
1845832334000,58.314946,-1.49728413341633,-7.82346140015936,-1.90105907948207,-0.9486737,-0.6979135,0.5693264,126.963806,105.14004,-11.694168,WAL
1845837311000,58.319923,-1.03678758020418,-8.09880966199203,-1.7064162435259,-0.88239485,-0.6979135,0.6096435,126.84519,105.475685,-11.976764,WAL
1845842301000,58.324913,-0.65157134699199,-8.41919943844556,-1.53698140802927,-0.81306165,-0.7620544,0.6035349,126.79175,105.70802,-12.171718,WAL
1845847330000,58.329942,-0.289631874799763,-8.75732696113913,-1.37506113406506,-0.73975784,-0.84391034,0.57696223,126.73435,105.92492,-12.36751,WAL
1845852316000,58.334928,-0.0745431668699422,-8.97599005366089,-1.34454681518304,-0.698219,-0.92271197,0.5390886,126.71767,106.02441,-12.483414,WAL
1845857319000,58.339931,0.0870123933121387,-9.15139340211946,-1.36301029510597,-0.68539083,-0.9877691,0.47616947,126.67595,106.10227,-12.584139,WAL
1845862333000,58.344945,0.15619292845953,-9.24110477646114,-1.42591714934726,-0.691194,-1.0436633,0.39614612,126.58497,106.13156,-12.615403,WAL
1845867353000,58.349965,0.175504265535248,-9.28455515003013,-1.51281819895561,-0.7290677,-1.0842859,0.3203988,126.47736,106.15125,-12.632504,WAL
1845872333000,58.354945,0.100125147860058,-9.22039234328655,-1.59537292656514,-0.78984874,-1.1307116,0.26053402,126.34251,106.15589,-12.605396,WAL
1845877528000,58.36014,-0.0286236638349756,-9.09659549845725,-1.67955478104907,-0.874759,-1.1725558,0.19028452,126.19532,106.153885,-12.558186,WAL
1845882349000,58.364961,-0.195165656851556,-8.90028030816041,-1.69842145778133,-0.9465357,-1.1707232,0.16065755,126.054,106.168274,-12.505348,WAL
1845887339000,58.369951,-0.390628437098963,-8.65714375289306,-1.68888669481245,-0.9966267,-1.1487321,0.118202426,125.90563,106.17763,-12.433702,WAL
1845892295000,58.374907,-0.588439327866986,-8.42785827253588,-1.65332984060287,-1.0891727,-1.1071932,0.10995574,125.764725,106.23523,-12.386325,WAL
1845897327000,58.379939,-0.79134664777512,-8.20189306220096,-1.60260299497608,-1.1640037,-1.0638218,0.106595986,125.63256,106.29198,-12.330394,WAL
1845902309000,58.384921,-0.984670898007848,-7.92664705795352,-1.5190729148204,-1.2067643,-1.0161743,0.13591751,125.50497,106.39982,-12.326178,WAL
1845907329000,58.389941,-1.1733163764262,-7.60740101911661,-1.40782049204145,-1.2556335,-0.9935723,0.16615535,125.38628,106.52084,-12.321658,WAL
1845912318000,58.39493,-1.33822719498793,-7.38362912380493,-1.36252114501207,-1.2647965,-0.95203346,0.21380283,125.25995,106.678406,-12.364715,WAL
1845917318000,58.39993,-1.4862029554901,-7.23102941352004,-1.3671453845099,-1.2608259,-0.9053023,0.27763826,125.14768,106.8483,-12.418555,WAL
1845922311000,58.404923,-1.58460510960136,-7.16802632635628,-1.3647662830053,-1.2382239,-0.84574294,0.34666604,125.01818,107.04046,-12.513913,WAL
1845927331000,58.409943,-1.63263746667999,-7.19684566035568,-1.35515982162054,-1.196685,-0.7877107,0.4071417,124.907555,107.23341,-12.619575,WAL
1845932389000,58.415001,-1.65899857040816,-7.32630623048469,-1.32822007283163,-1.1472049,-0.7293731,0.46120325,124.79371,107.46169,-12.768252,WAL
1845937313000,58.419925,-1.6632948680758,-7.54971384378644,-1.28525705129373,-1.0989466,-0.68294734,0.5222898,124.69901,107.6881,-12.928451,WAL
1845942282000,58.424894,-1.65895479894423,-7.83973846097899,-1.21158607267783,-1.0512991,-0.6658431,0.5647449,124.59623,107.91844,-13.099977,WAL
1845947330000,58.429942,-1.63317694496107,-8.29342828194519,-1.06207472414418,-1.0143417,-0.66737026,0.59437186,124.505615,108.143196,-13.277766,WAL
1845952315000,58.434927,-1.61021049770492,-8.7712388039959,-0.894136220920082,-0.9947941,-0.68875057,0.61300325,124.39715,108.36052,-13.457988,WAL
1845957316000,58.439928,-1.59058198262295,-9.29139455614754,-0.697850936877049,-0.9816604,-0.73975784,0.6151413,124.28151,108.56686,-13.638186,WAL
1845962332000,58.444944,-1.57573092297655,-9.78933908309624,-0.527129333625037,-0.97035944,-0.80756384,0.59742624,124.127075,108.74881,-13.812057,WAL
1845967318000,58.44993,-1.56636176280781,-10.2577975806926,-0.386591823478858,-0.95447695,-0.88147855,0.5702427,123.95681,108.919,-13.982408,WAL
1845972275000,58.454887,-1.57079136755478,-10.6851697095279,-0.286914070605271,-0.9392053,-0.9221011,0.5571091,123.74747,109.05246,-14.144037,WAL
1845977405000,58.460017,-1.59450455608649,-11.0740661995366,-0.239487658876339,-0.9120218,-1.0094548,0.51893,123.50146,109.164825,-14.294838,WAL
1845982270000,58.464882,-1.62740855842841,-11.3348824219728,-0.280083698978653,-0.8979719,-1.0800097,0.5012149,123.2132,109.26473,-14.443966,WAL
1845987312000,58.469924,-1.68072427534045,-11.4059700754509,-0.480017579407435,-0.84940815,-1.1374311,0.47403142,122.902596,109.339424,-14.581263,WAL
1845992260000,58.474872,-1.70615207203467,-11.4550221850247,-0.682883308838053,-0.7834347,-1.1743884,0.4538729,122.560135,109.40012,-14.717094,WAL
1845997327000,58.479939,-1.60345741675904,-11.4061197372266,-0.922504230721556,-0.6945538,-1.1841623,0.43035457,122.20963,109.43882,-14.843284,WAL
1846002272000,58.484884,-1.50323537801068,-11.358394731432,-1.15635571260707,-0.5946773,-1.180497,0.4156938,121.86757,109.48802,-14.966848,WAL
1846007323000,58.489935,-1.40086500031241,-11.3096467022574,-1.39521998662199,-0.47708577,-1.14018,0.41263947,121.53537,109.513626,-15.082832,WAL
1846012295000,58.494907,-1.26384858670766,-11.2383006200269,-1.64422400454686,-0.32834008,-1.0604621,0.42119157,121.211395,109.52562,-15.199649,WAL
1846017316000,58.499928,-0.990552796376976,-11.0792926013227,-1.94733389307637,-0.16920967,-0.92087936,0.43585235,120.9191,109.51551,-15.308595,WAL
1846022281000,58.504893,-0.708468367535046,-10.8975531466742,-2.21743674217706,-0.008857546,-0.7495316,0.44868052,120.730156,109.50703,-15.366947,WAL
1846027359000,58.509971,-0.388196303799981,-10.6459109910622,-2.41417529807131,0.14630222,-0.57879484,0.44776422,120.58274,109.47263,-15.416652,WAL
1846032292000,58.514904,-0.0942420261328399,-10.4351180426128,-2.56751638722617,0.25961772,-0.41050145,0.43463063,120.54227,109.421295,-15.409625,WAL
1846037311000,58.519923,0.107695729384815,-10.4110778509553,-2.50981982683805,0.30970868,-0.25778514,0.3866777,120.54396,109.3484,-15.384859,WAL
1846042307000,58.524919,0.272417896759926,-10.4264854476445,-2.43089928035384,0.28527406,-0.12186762,0.3155119,120.61944,109.27906,-15.3043,WAL
1846047325000,58.529937,0.237816484735651,-10.6588087311253,-2.23317691855585,0.18478674,-0.024740042,0.22143865,120.721756,109.20116,-15.200329,WAL
1846052322000,58.534934,0.17864617772892,-10.9166843583556,-2.01116682177604,0.032986723,0.0125227375,0.116675265,120.839874,109.10827,-15.051251,WAL
1846057325000,58.539937,0.0278333912075544,-11.2731509715757,-1.69583108174361,-0.11881329,0.02107485,0.03848451,120.97146,109.021805,-14.883646,WAL
1846062357000,58.544969,-0.121903526320401,-11.6155337246558,-1.3891564669587,-0.24831672,-0.009773844,-0.03023783,121.06203,108.93014,-14.706654,WAL
1846067315000,58.549927,-0.255613246933667,-11.8383831038798,-1.16135467246558,-0.33444872,-0.06536258,-0.058337633,121.14401,108.85377,-14.5252285,WAL
1846072318000,58.55493,-0.36227076748431,-12.0881034822176,-0.974362459505753,-0.38362336,-0.092240654,-0.0720821,121.15967,108.76288,-14.3594675,WAL
1846077339000,58.559951,-0.353887719539749,-12.4401914783821,-0.961787878835425,-0.37110063,-0.11636983,-0.08002335,121.15819,108.67521,-14.195691,WAL
1846082293000,58.564905,-0.345616534612971,-12.7875812280335,-0.949381092808577,-0.3436117,-0.11178834,-0.105374254,121.11463,108.5819,-14.053848,WAL
1846087317000,58.569929,-0.26750877955769,-13.2579106572099,-0.923961290985145,-0.27366763,-0.0870483,-0.15271631,121.06834,108.474945,-13.908137,WAL
1846092296000,58.574908,-0.190525385408971,-13.7297297704486,-0.892639271081794,-0.15088372,-0.047647487,-0.20769419,121.025894,108.349014,-13.756357,WAL
1846097327000,58.579939,-0.181108614969217,-14.1440677484609,-0.822013450993843,0.01985312,0.0125227375,-0.2602286,120.98893,108.177826,-13.582481,WAL
1846102344000,58.584956,-0.1766927372323,-14.5561982015799,-0.749936598429881,0.20158553,0.087964594,-0.30909783,120.96284,107.95089,-13.375215,WAL
1846107343000,58.589955,-0.237387880737273,-14.9530512317145,-0.656559480826994,0.40408736,0.17440203,-0.35094208,120.95498,107.68507,-13.1577835,WAL
1846112551000,58.595163,-0.294626888119215,-15.3615807833064,-0.567035271155642,0.59712076,0.30634892,-0.3924809,120.96717,107.36264,-12.9175415,WAL
1846117317000,58.599929,-0.259746392847075,-15.6638780016133,-0.598040130661459,0.77854776,0.4633413,-0.41447207,121.01093,107.00952,-12.672675,WAL
1846122245000,58.604857,-0.223680282754522,-15.9764505345164,-0.630098869151737,0.93645644,0.6395759,-0.43035457,121.07173,106.62337,-12.428063,WAL
1846127390000,58.610002,-0.174607606296372,-16.2596051575363,-0.582602503953654,1.1160508,0.82436264,-0.43951756,121.18,106.20894,-12.178804,WAL
1846132287000,58.614899,-0.122176075816648,-16.5074633360098,-0.496805471271471,1.3243558,0.9807441,-0.45448375,121.32987,105.769,-11.924471,WAL
1846137315000,58.619927,-0.0166998067255233,-16.3818322139669,-0.277199187715504,1.5262468,1.0564915,-0.50243664,121.511406,105.29051,-11.6471,WAL
1846142310000,58.624922,0.111420025741494,-16.0852587341534,0.000393792539430615,1.7721201,1.0693196,-0.56199604,121.71798,104.777016,-11.367544,WAL
1846147319000,58.629931,0.239898952834044,-15.7878540173594,0.278764811177463,2.0289888,0.9816604,-0.63285637,121.90253,104.21405,-11.073189,WAL
1846152319000,58.634931,0.368147033381609,-15.4909836671957,0.556635662283504,2.2910502,0.7834347,-0.68691796,122.05647,103.61956,-10.781923,WAL
1846157291000,58.639903,0.445508912113503,-14.9241699735812,0.614452453913894,2.5631905,0.57971114,-0.75655663,122.18993,102.982315,-10.480448,WAL
1846162363000,58.644975,0.497789648896282,-14.2017449637965,0.557418905733855,2.8280005,0.40469822,-0.840856,122.27239,102.31737,-10.176807,WAL
1846167378000,58.64999,0.350966882598914,-13.6079356438701,0.351991728735392,3.0833423,0.30726522,-0.9627236,122.27829,101.56736,-9.840081,WAL
1846172315000,58.654927,0.0894323255096047,-13.0943769176305,0.0619261056453787,3.3173037,0.28955013,-1.135904,122.25565,100.79623,-9.477839,WAL
1846177357000,58.659969,-0.325892623290779,-12.5806588539723,-0.12845504538741,3.4257324,0.30268374,-1.2232577,122.22928,100.05741,-9.115049,WAL
1846182325000,58.664937,-0.821151676342335,-12.0807272039674,-0.254605941860356,3.5677586,0.35979962,-1.3762794,122.20823,99.29184,-8.694425,WAL
1846187313000,58.669925,-1.36453900258239,-11.7175634260937,-0.330924909223357,3.6346483,0.44532076,-1.455081,122.21941,98.64654,-8.31713,WAL
1846192304000,58.674916,-1.94025017929273,-11.4504338333012,-0.372376111638081,3.615406,0.55924714,-1.4810427,122.25611,98.055756,-7.922382,WAL
1846197293000,58.679905,-2.57030979808911,-11.2633402274967,-0.490815455476214,3.5778377,0.72295904,-1.4666874,122.32375,97.63631,-7.612316,WAL
1846202340000,58.684952,-3.26058925199638,-11.1515341781153,-0.685260391515639,3.5176675,0.9059132,-1.4208726,122.43044,82.68149,-7.3154902,WAL
1846207307000,58.689919,-3.89997642798481,-11.1245780860226,-0.991229670626436,3.4636059,1.105666,-1.3631458,122.56084,82.79106,-7.146752,WAL
1846212326000,58.694938,-4.5098656612249,-11.1726008247577,-1.40422547447297,3.338073,1.2644911,-1.3054191,122.72863,82.81637,-6.999896,WAL
1846217316000,58.699928,-5.04934988842453,-11.3586773755262,-1.61440889052916,3.1658092,1.2996159,-1.2574661,122.920746,82.70981,-6.9472857,WAL
1846222310000,58.704922,-5.528670134546,-11.6702358082782,-1.64316813432552,2.9495628,1.1551461,-1.2360858,123.10073,82.57191,-6.9053435,WAL
1846227347000,58.709959,-6.11785467988367,-12.1080309541445,-1.56499881768299,2.742785,0.7486154,-1.2699889,123.27967,82.40799,-6.8785067,WAL
1846232323000,58.714935,-6.79235907775085,-12.648558180126,-1.39406282187106,2.53112,0.21105394,-1.3704761,123.37554,82.26627,-6.834093,WAL
1846237348000,58.71996,-7.30323346673248,-13.0363522823297,-1.63014273968411,2.3041837,-0.23823744,-1.5858061,123.438515,82.14566,-6.7454166,WAL
1846242329000,58.724941,-7.6187358088845,-13.2435481145114,-2.32236430735439,2.0595322,-0.4260785,-1.785559,123.42363,82.06525,-6.6299543,WAL
1846247353000,58.729965,-7.47379769283651,-13.0123552099233,-3.15127420112583,1.8579466,-0.38728857,-1.7986927,123.37187,81.93919,-6.545565,WAL
1846252357000,58.734969,-6.75283780522068,-12.2341003449238,-4.13960991865099,1.7757853,-0.08277224,-1.6927075,123.34491,81.841644,-6.444481,WAL
1846257322000,58.739934,-5.98169948547094,-11.501538756012,-4.79027949473948,1.7394388,0.39706242,-1.5128077,123.45961,81.77393,-6.3692994,WAL
1846262401000,58.745013,-5.11903540681363,-10.8045844316633,-5.01934824729459,1.7415768,0.77091193,-1.3530666,123.62494,81.69112,-6.3266883,WAL
1846267290000,58.749902,-4.21693339408208,-10.2431479593577,-4.96901356516653,1.7773124,0.88300574,-1.2156218,123.924805,81.69279,-6.253396,WAL
1846272330000,58.754942,-3.19302776759516,-9.80774851447264,-4.56232223606265,1.8545868,1.0201449,-1.0525209,124.326454,81.645706,-6.246222,WAL
1846277365000,58.759977,-2.18630735784255,-9.527173594884,-3.8186943724767,1.8887954,1.0332786,-0.97524637,124.7332,81.666016,-6.162714,WAL
1846282335000,58.764947,-1.21417502769185,-9.45638731290898,-2.63420303378941,1.9776763,0.8762862,-0.8491027,125.11863,81.6163,-6.1416893,WAL
1846287254000,58.769866,-0.517141179714462,-9.52539283551882,-1.87808292300931,2.0286834,0.7287622,-0.8246681,125.47308,81.61919,-6.0067196,WAL
1846292334000,58.774946,-0.216660224773375,-9.81662830872292,-1.75557916227195,2.0790799,0.8472701,-0.86345804,125.85327,81.59014,-5.895962,WAL
1846297251000,58.779863,0.074179313700114,-10.0985190216648,-1.63700613244014,2.1820107,1.0848967,-0.91538155,126.08689,81.5332,-5.7029924,WAL
1846302352000,58.784964,0.375902414321076,-10.3909584210376,-1.51399595851862,2.3063216,1.3066407,-0.9819659,126.351074,81.46151,-5.5043993,WAL
1846307223000,58.789835,0.589075503617021,-10.6426852446809,-1.31742230468085,2.360994,1.4220943,-1.0225884,126.69481,81.351616,-5.283047,WAL
1846312241000,58.794853,0.45061508189273,-10.7704946611259,-0.736953566125887,2.3872614,1.4074335,-1.0320568,127.06067,81.21592,-5.061,WAL
1846317197000,58.799809,0.374287103624789,-10.8747149821944,-0.349302427281409,2.3145685,1.4364496,-1.0622946,127.44263,81.114685,-4.735169,WAL
1846322245000,58.804857,0.403140413116483,-10.9420392237143,-0.281978045162638,2.1902573,1.4987578,-1.0601566,127.8257,80.99936,-4.427951,WAL
1846327241000,58.809853,0.377315520307779,-10.8719891643693,-0.551132027252643,2.071444,1.6221527,-1.033584,128.23236,80.79619,-4.1267986,WAL
1846332244000,58.814856,0.255181398202417,-10.5598689418429,-1.41511782880665,1.9578232,1.8005253,-1.001819,128.66713,80.61048,-3.8438306,WAL
1846337214000,58.819826,0.105325492951417,-10.2168847815789,-2.16285778945344,1.8793269,1.9935588,-0.94806284,129.15955,80.39607,-3.5674567,WAL
1846342254000,58.824866,-0.138941239194332,-9.76254867631579,-2.56345530281377,1.829236,2.1481075,-0.895223,129.68286,80.19576,-3.3152387,WAL
1846347224000,58.829836,-0.349656109425946,-9.29617852692422,-2.92860290794388,1.8164078,2.2360723,-0.84696466,130.34111,80.04583,-3.092313,WAL
1846352251000,58.834863,-0.478087133243751,-8.77294089003063,-3.21400513342555,1.7935003,2.287385,-0.79259765,131.02113,79.90647,-2.894991,WAL
1846357233000,58.839845,-0.59658001741049,-8.29413233091967,-3.40999437135694,1.7962493,2.3060162,-0.75228053,131.75632,79.765144,-2.7388163,WAL
1846362272000,58.844884,-0.688535980974827,-7.93598804645472,-3.33255771194464,1.7907515,2.331978,-0.68936145,132.49658,79.62924,-2.6091871,WAL
1846367258000,58.84987,-0.762495484636882,-7.59159008636095,-3.23495890259791,1.7928895,2.320677,-0.63529986,133.25806,79.49548,-2.5097992,WAL
1846372242000,58.854854,-0.785980443802401,-7.27689163550482,-3.07526133133242,1.7913623,2.3170118,-0.6203337,134.02147,79.36743,-2.420188,WAL
1846377275000,58.859887,-0.817270745865905,-6.9385749212267,-2.88556158740229,1.7595973,2.2864685,-0.5897904,134.77258,79.21675,-2.3649035,WAL
1846382253000,58.864865,-0.874604898283223,-6.5324583263179,-2.59889090015033,1.7275269,2.234545,-0.5564982,135.51027,79.071556,-2.314679,WAL
1846387243000,58.869855,-0.932042690764831,-6.11886689362487,-2.2912363293016,1.6762142,2.1587977,-0.54183745,136.22775,78.90608,-2.2723026,WAL
1846392240000,58.874852,-0.98943906075745,-5.68177161841498,-1.91153740103331,1.6087136,2.080607,-0.5290093,136.92358,78.758675,-2.2370112,WAL
1846397395000,58.880007,-1.05327272881723,-5.23747500155344,-1.51814844205093,1.5115861,1.9847012,-0.5363397,137.58162,78.578545,-2.206953,WAL
1846402349000,58.884961,-1.16522275420313,-4.88296630370662,-1.12165864907089,1.387275,1.8942931,-0.5213735,138.21329,78.429245,-2.1839097,WAL
1846407360000,58.889972,-1.28029608988597,-4.52744122880516,-0.722258340800198,1.241889,1.813659,-0.5198463,138.80408,78.23645,-2.164411,WAL
1846412382000,58.894994,-1.43767097944472,-4.24130509765989,-0.359819185079227,1.0980303,1.738828,-0.5149594,139.36656,78.08255,-2.1464603,WAL
1846417611000,58.900223,-1.59910470335731,-3.9504059988809,0.0163288005371703,0.9407325,1.6737708,-0.5170974,139.89307,77.89262,-2.1432118,WAL
1846422351000,58.904963,-1.71703493717026,-3.76897492094325,0.342904810447242,0.77732605,1.6313156,-0.53023106,140.40189,77.74943,-2.1363754,WAL
1846427517000,58.910129,-1.8440012944133,-3.57883587909491,0.694928327232679,0.602924,1.600467,-0.5332854,140.88101,77.576225,-2.1555338,WAL
1846432368000,58.91498,-1.93702708747497,-3.52767162248698,0.960051893311974,0.4251622,1.5738943,-0.539394,141.34685,77.45379,-2.1690025,WAL
1846437608000,58.92022,-2.03204471250122,-3.47955188986045,1.24027734986825,0.25137106,1.5473217,-0.54641896,141.79082,77.30402,-2.200148,WAL
1846442357000,58.924969,-2.05423668244364,-3.51949752844735,1.42225159608666,0.08368854,1.5097535,-0.54702985,142.22026,77.20433,-2.2299964,WAL
1846447693000,58.930305,-2.07759062265559,-3.56814385167491,1.62136218872819,-0.077579886,1.4526376,-0.5381723,142.62726,77.088486,-2.2723486,WAL
1846452340000,58.934952,-2.06513282954185,-3.6885692718298,1.68365119765793,-0.2284636,1.3658947,-0.54275376,143.0118,77.0183,-2.3070774,WAL
1846457309000,58.939921,-2.05181181082392,-3.81733921216758,1.75025633761314,-0.37568212,1.2757921,-0.5354234,143.36768,76.94316,-2.3413227,WAL
1846462432000,58.945044,-2.01700750781219,-3.95785501685315,1.72564967128871,-0.50793445,1.1817188,-0.5323691,143.69417,76.90651,-2.3675754,WAL
1846467312000,58.949924,-1.97965703108891,-4.09325044622378,1.68363038497502,-0.6160576,1.142318,-0.52290064,144.00563,76.90303,-2.3954988,WAL
1846472346000,58.954958,-1.90367215325971,-4.15260190388453,1.59526611204107,-0.72204274,1.0238101,-0.5170974,144.27248,76.90962,-2.406054,WAL
1846477366000,58.959978,-1.81984379425555,-4.19451630221835,1.49746631934515,-0.7715228,0.9297369,-0.50579643,144.53024,76.928474,-2.4198391,WAL
1846482365000,58.964977,-1.69608937181542,-4.19303802020284,1.33693677133874,-0.84299403,0.8576548,-0.48472157,144.77489,76.98562,-2.4300504,WAL
1846487248000,58.96986,-1.56329222494929,-4.1788097703854,1.16145492454361,-0.9260717,0.7870999,-0.45937067,144.98944,77.056946,-2.438673,WAL
1846492325000,58.974937,-1.46134689558328,-4.1866893849079,1.01220626791444,-0.98563105,0.73426,-0.4251622,145.20053,77.15227,-2.4395838,WAL
1846497262000,58.979874,-1.37238546060606,-4.20073592727273,0.876422927272727,-1.0537425,0.6737844,-0.37995818,145.38478,77.268486,-2.4455318,WAL
1846502341000,58.984953,-1.29495191545,-4.2374451076,0.76892183345,-1.0965031,0.63285637,-0.33750305,145.57823,77.424904,-2.4419131,WAL
1846507287000,58.989899,-1.22390158679,-4.28007527512,0.67418807839,-1.142318,0.6087272,-0.28771752,145.754,77.59475,-2.4497204,WAL
1846512387000,58.994999,-1.19192292243286,-4.38262692127765,0.63646809932267,-1.1780536,0.57787853,-0.24617869,145.93004,77.799644,-2.4539285,WAL
1846517267000,58.999879,-1.17346526682464,-4.49798722064573,0.618010414804502,-1.2296717,0.5497787,-0.21533,146.09578,78.01537,-2.466887,WAL
1846522356000,59.004968,-1.23354007318147,-4.50581970625957,0.681515195995406,-1.2809844,0.5002986,-0.17440203,146.25938,78.25471,-2.4835768,WAL
1846527366000,59.009978,-1.32079276202144,-4.47367404441041,0.773360138683002,-1.3191634,0.46975538,-0.13652839,146.41708,78.498314,-2.5063848,WAL
1846532340000,59.014952,-1.49117630486387,-4.4916014318344,0.916488779549302,-1.3686435,0.42485678,-0.11453723,146.56158,78.75966,-2.5293958,WAL
1846537347000,59.019959,-1.70631311079841,-4.53560656459672,1.08762037103294,-1.4132367,0.37843102,-0.09621128,146.6936,79.02263,-2.5589483,WAL
1846542349000,59.024961,-1.88002130399842,-4.62447336438842,1.31687790112271,-1.4727961,0.34116822,-0.055283304,146.81076,79.26273,-2.6202722,WAL
1846547351000,59.029963,-2.03570439141225,-4.73297991688005,1.57163191877093,-1.536937,0.3005457,-0.0076358155,146.91109,79.50828,-2.6848438,WAL
1846552350000,59.034962,-2.14195821591432,-4.99248500670604,1.8736445635572,-1.6074919,0.24281894,0.03848451,146.98918,79.70861,-2.8076663,WAL
1846557368000,59.03998,-2.22372765849264,-5.3291827114403,2.20072248454609,-1.6869044,0.19547687,0.106901415,147.05324,79.91475,-2.9473066,WAL
1846562358000,59.04497,-2.23456596095029,-5.85839774366141,2.6692408429427,-1.7660115,0.14080444,0.19608775,147.0885,80.04553,-3.1365755,WAL
1846567356000,59.049968,-2.21067653871032,-6.48430120503094,3.20914223457776,-1.8072448,0.11056661,0.31429017,147.11017,80.16744,-3.3502777,WAL
1846572346000,59.054958,-2.04046883184275,-7.46462248589681,3.78008559211794,-1.8206838,0.09621128,0.37598756,147.11441,80.19171,-3.5767164,WAL
1846577337000,59.059949,-1.79619482162162,-8.62492378918919,4.36728260378378,-1.7849482,0.12950343,0.45204028,147.1141,80.19025,-3.8379395,WAL
1846582321000,59.064933,-1.44385414207635,-10.1336134872929,5.11506222770861,-1.6676621,0.20097467,0.5381723,147.11682,80.006935,-4.0883384,WAL
1846587314000,59.069926,-1.02565839146208,-11.8555963887231,5.96129383819323,-1.462106,0.29229903,0.63591075,147.12555,79.78372,-4.3610487,WAL
1846592308000,59.07492,-0.253938191688235,-13.6017637842537,6.95119427337746,-1.103528,0.41263947,0.6087272,147.18,79.39079,-4.534008,WAL
1846597319000,59.079931,0.689446815736442,-15.3652769010175,8.01309492047812,-0.7128797,0.44409904,0.45814893,147.23035,78.96449,-4.6951647,WAL
1846602316000,59.084928,1.63840939885035,-16.5508686619425,8.54405034658077,-0.31398472,0.3943135,0.26419923,147.30595,78.38333,-4.696966,WAL
1846607308000,59.08992,2.59076732693756,-17.4321555503469,8.79516971546085,0.035124753,0.4456262,0.0036651916,147.42834,77.78424,-4.6503224,WAL
1846612316000,59.094928,3.56961465794476,-18.0355283029403,8.61016088684289,0.3463606,0.59742624,-0.30176744,147.58833,77.2452,-4.3975706,WAL
1846617319000,59.099931,4.56097864743095,-18.476662045342,8.17377060855361,0.61941737,0.8206975,-0.516792,147.7985,76.66949,-4.1259184,WAL
1846622313000,59.104925,4.91848682773299,-18.2323176598506,7.76028903617774,0.8597928,1.1279627,-0.625526,148.13858,76.15624,-3.674472,WAL
1846627314000,59.109926,4.88081988767204,-17.5590194408179,7.36007727565867,1.0418307,1.3249667,-0.5907067,148.5174,75.599724,-3.2471323,WAL
1846632322000,59.114934,4.16802976423488,-16.0533868357058,6.97179043446026,1.1374311,1.4251486,-0.5363397,149.03917,75.15215,-2.683565,WAL
1846637317000,59.119929,2.9716530502669,-13.9538164042112,6.5934894482503,1.1200215,1.4969252,-0.4700608,149.59808,74.681496,-2.1871529,WAL
1846642297000,59.124909,1.79316904657571,-11.7848939052137,6.20090291423292,1.0183123,1.5671748,-0.3894266,150.1809,74.22822,-1.7532576,WAL
1846647298000,59.12991,0.621181981290451,-9.54615969176988,5.7942950907511,0.8426886,1.6242907,-0.32803464,150.768,73.80573,-1.3651587,WAL
1846652319000,59.134931,-0.297554501925015,-7.61859993220591,5.30579775112081,0.61850107,1.6847663,-0.2733622,151.29579,73.375916,-1.20973,WAL
1846657308000,59.13992,-1.00366687378536,-5.95994670938306,4.75607269712359,0.36896262,1.6853772,-0.21930063,151.81235,73.01444,-1.077501,WAL
1846662335000,59.144947,-1.56206982716797,-4.78973719979492,4.1864748009668,0.11026118,1.6777414,-0.13836098,152.26024,72.66697,-1.1615609,WAL
1846667336000,59.149948,-1.98768686714844,-4.05075364162109,3.60651327521484,-0.15363261,1.5882497,-0.0888809,152.67776,72.39909,-1.2441089,WAL
1846672316000,59.154928,-2.4002524644569,-3.63888484820255,3.15686842821801,-0.27672195,1.3967434,0.004886922,153.01108,72.14524,-1.4609529,WAL
1846677330000,59.159942,-2.80396091530731,-3.55999923927329,2.83668576517201,-0.54367006,1.087951,0.12003502,153.27304,72.00629,-1.6765633,WAL
1846682289000,59.164901,-3.1908925942051,-3.72208570115291,2.59639555567354,-0.8164214,0.6750061,0.27855456,153.43874,71.921425,-1.9702507,WAL
1846687312000,59.169924,-3.56549120103155,-4.22317211427994,2.4601779220267,-1.1142182,0.1994475,0.43188173,153.48236,71.91067,-2.2576866,WAL
1846692303000,59.174915,-3.97830019056772,-5.79200383008025,2.13146537367482,-1.4135422,-0.30176744,0.56779927,153.38087,72.01724,-2.6174874,WAL
1846697325000,59.179937,-4.44528558622808,-8.73210544307936,1.55488140841177,-1.6948457,-0.80939645,0.6768387,153.13309,72.18281,-2.9699788,WAL
1846702288000,59.1849,-5.07926314093591,-11.2654207408259,0.824220175532447,-1.9401081,-1.3701707,0.7706065,152.7147,72.43071,-3.363135,WAL
1846707303000,59.189915,-5.95808184231577,-13.3111957433257,-0.13623752079792,-2.1688771,-1.9025398,0.8552113,152.15579,72.7244,-3.746581,WAL
1846712307000,59.194919,-6.60687651407379,-14.9962754335299,-1.08438213699125,-2.3518312,-2.3964243,0.8979719,151.51726,73.25397,-4.1318545,WAL
1846717328000,59.19994,-6.94524684157474,-16.1988617516166,-2.02175900589578,-2.4486532,-2.7733283,0.90041536,150.7634,73.785645,-4.4991026,WAL
1846722245000,59.204857,-7.05259577823232,-17.2046704615152,-2.581407979,-2.3845124,-2.9272664,0.870483,149.97388,74.46582,-4.9386735,WAL
1846727396000,59.210008,-6.64898553111111,-17.8624047733333,-2.342231596,-2.1545217,-2.7870727,0.8524625,149.16408,75.07024,-5.3760996,WAL
1846732251000,59.214863,-6.03393694791667,-18.3730536822917,-1.78951616864583,-1.7815884,-2.409558,0.7987063,148.4348,75.731,-5.8084416,WAL
1846737354000,59.219966,-4.90534450982704,-18.6852177722091,-0.536058385444182,-1.321607,-1.9373591,0.6762278,147.7794,76.253456,-6.227327,WAL
1846742264000,59.224876,-3.87429224737864,-18.5537706796117,0.594059535572816,-0.81245077,-1.434617,0.5180137,147.2697,76.65044,-6.5662365,WAL
1846747357000,59.229969,-2.93668212231068,-17.3793891601942,1.58375922301359,-0.35705075,-1.0259482,0.33628133,146.87704,76.92476,-6.8790636,WAL
1846752280000,59.234892,-2.16467998008796,-16.1066710979608,2.33205379740104,-0.0693332,-0.6872234,0.16737708,146.63249,77.05916,-7.0154967,WAL
1846757345000,59.239957,-1.80102644760096,-14.3562862828868,2.43387680269892,0.089186326,-0.3631594,0.065973446,146.50723,77.12349,-7.137833,WAL
1846762320000,59.244932,-1.46768173126888,-12.6316776389728,2.46456657537764,0.12797627,-0.20952678,0.026572637,146.45047,77.06183,-7.1501417,WAL
1846767353000,59.249965,-1.2037463550321,-10.8705918800038,2.28254222876699,0.102319926,0.01863139,0.013439035,146.51143,76.99247,-7.162388,WAL
1846772293000,59.254905,-0.945782495366697,-9.15171845762384,2.03170147990235,0.05222898,0.060170226,0.009773844,146.57365,76.87298,-7.1554375,WAL
1846777386000,59.259998,-0.68779417400061,-7.44998728581019,1.24781383804699,-0.06566802,-0.09315695,0.030848695,146.64336,76.7776,-7.152737,WAL
1846782318000,59.26493,-0.495045856804793,-5.86874063392911,0.417677872952571,-0.2321288,-0.355829,0.06536258,146.70088,76.67861,-7.1457844,WAL
1846787349000,59.269961,-0.596074239375936,-4.60348050381428,-0.799473559532701,-0.43982297,-0.6041457,0.13775012,146.71394,76.61097,-7.1469417,WAL
1846792312000,59.274924,-0.732910423840666,-3.41650009268728,-1.95695386498216,-0.6432411,-0.7635816,0.28313604,146.65111,76.6483,-7.157,WAL
1846797363000,59.279975,-1.07322395121879,-2.53935405320056,-2.90120403104439,-0.8695667,-0.93218035,0.44623706,146.5118,76.72554,-7.1781473,WAL
1846802305000,59.284917,-1.40576809521477,-1.73598569521665,-3.79022963918613,-1.108415,-1.1615603,0.5876524,146.26183,76.97976,-7.249903,WAL
1846807344000,59.289956,-1.7421524829691,-1.26322917396006,-4.47663561190656,-1.3640621,-1.4349225,0.6985244,145.94627,77.26324,-7.3498707,WAL
1846812484000,59.295096,-2.08469254139731,-0.799645091660309,-5.17086402228468,-1.5940529,-1.7351627,0.7852673,145.55133,77.62233,-7.5366564,WAL
1846817354000,59.299966,-2.3983661518169,-0.706011192403132,-5.71862257639028,-1.7724255,-2.0393736,0.86315256,145.07552,77.98549,-7.745318,WAL
1846822563000,59.305175,-2.71468788056313,-0.646131226722525,-6.29918680859314,-1.9404135,-2.3182335,0.91813046,144.52983,78.37336,-8.03186,WAL
1846827394000,59.310006,-2.77328620672253,-1.0833641952689,-6.77248012334373,-2.0980167,-2.579684,0.9443977,143.905,78.730515,-8.331571,WAL
1846832665000,59.315277,-2.82487494424293,-1.57162874158296,-7.27719570301339,-2.1838431,-2.6978865,0.9596693,143.25383,79.0361,-8.703727,WAL
1846837359000,59.319971,-2.59910371632254,-2.25312293178013,-7.46951925591518,-2.1594086,-2.6337454,0.979217,142.58601,79.24819,-9.095599,WAL
1846842325000,59.324937,-2.36024987783668,-2.97410719861421,-7.67298724988839,-2.0134118,-2.450486,1.0259482,141.94633,79.38784,-9.505501,WAL
1846847358000,59.32997,-2.01845022220994,-3.95243421793069,-7.84493832570568,-1.806634,-2.0821342,1.0934488,141.38719,79.38396,-9.944847,WAL
1846852252000,59.334864,-1.66534460718232,-4.9552541469111,-8.00501288036163,-1.5384641,-1.6081028,1.1383474,140.92166,79.23582,-10.405721,WAL
1846857341000,59.339953,-1.50833979425266,-6.13222804040212,-7.66341090064492,-1.287093,-1.2034045,1.1255192,140.57927,79.05378,-10.800295,WAL
1846862309000,59.344921,-1.4000448858308,-7.30993569366464,-7.22120641248103,-1.0842859,-1.031446,1.0986412,140.31653,78.75684,-11.21034,WAL
1846867349000,59.349961,-1.33753594068263,-8.80304788466633,-6.42196846803872,-1.0048733,-0.7287622,1.0955868,140.24908,101.51392,-11.513546,WAL
1846872250000,59.354862,-1.29449732107998,-10.3667819667855,-5.51337704644931,-0.8885035,-0.5305365,1.0793989,140.2079,101.84458,-11.8041935,WAL
1846877361000,59.359973,-1.21840325795053,-11.9455110398508,-4.50176008560071,-0.83199847,-0.40958515,1.065349,140.23093,102.15266,-12.022893,WAL
1846882255000,59.364867,-1.13559608621908,-13.4406414901845,-3.51267360662544,-0.86742866,-0.31642818,1.0351112,140.30655,102.49415,-12.229212,WAL
1846887350000,59.369962,-0.755238160495835,-14.5666348072194,-3.00716671241571,-0.9825767,-0.18417588,1.029308,140.4059,102.76475,-12.368974,WAL
1846892328000,59.37494,-0.268293048875446,-15.4979764492265,-2.71878185224117,-1.1447614,0.08155051,1.0369438,140.57153,103.056366,-12.499159,WAL
1846897353000,59.379965,0.273414214528967,-15.8141641390428,-2.45181704342569,-1.3368785,0.47983465,1.0112875,140.78442,103.21634,-12.533178,WAL
1846902303000,59.384915,0.827469879062972,-15.871479902267,-2.1986709013602,-1.565953,0.8707884,0.9575313,141.07094,103.40029,-12.557894,WAL
1846907340000,59.389952,1.08899212935613,-15.5106883878487,-1.81830797371991,-1.81091,1.1560625,0.86651236,141.4435,103.44781,-12.427104,WAL
1846912390000,59.395002,1.2322141913546,-14.9840005964845,-1.38864159475545,-2.019826,1.2822062,0.6908886,141.87639,103.5032,-12.260679,WAL
1846917347000,59.399959,1.31130065510708,-14.3013476396211,-0.983330603735585,-2.1939225,1.3118331,0.44868052,142.36147,103.45204,-11.950983,WAL
1846922312000,59.404924,1.35536370092669,-13.5229024053748,-0.586763820163715,-2.2907448,1.2244794,0.21013765,142.83958,103.40851,-11.605593,WAL
1846927363000,59.409975,1.32424687752316,-12.6595305494881,0.393344784168698,-2.2999077,0.8729264,-0.027488936,143.2313,103.30089,-11.204538,WAL
1846932344000,59.414956,1.25912458895173,-11.7757277494881,1.62136500731156,-2.2892175,0.18234327,-0.2519819,143.4901,103.183876,-10.768348,WAL
1846937345000,59.419957,1.06820574414908,-11.0618946319713,2.41944103380332,-2.182927,-0.6585127,-0.43157628,143.59471,103.00031,-10.320645,WAL
1846942350000,59.424962,0.805624071405478,-10.4463340194881,2.97043206712169,-1.9498819,-1.4123205,-0.59498274,143.5221,102.772316,-9.851035,WAL
1846947333000,59.429945,0.408778011626488,-9.9909762920354,3.11159415556912,-1.6688838,-1.947133,-0.7464773,143.23068,102.41482,-9.42436,WAL
1846952351000,59.434963,-0.187588875558946,-9.76122886430679,2.66187498274845,-1.3579534,-2.2293527,-0.8680395,142.80453,101.995384,-8.990069,WAL
1846957308000,59.43992,-0.763312498069429,-9.52256280447038,2.10306343259816,-1.0458013,-2.2828035,-0.95172805,142.22362,101.578415,-8.636892,WAL
1846962398000,59.44501,-1.3370211228741,-9.2622242306399,1.37990129245376,-0.7733554,-2.2473733,-0.9816604,141.5991,101.104126,-8.276773,WAL
1846967248000,59.44986,-1.84069566011015,-8.94837960188828,0.783446470938238,-0.56382865,-2.1068742,-0.9682214,141.02075,100.67486,-8.0028,WAL
1846972349000,59.454961,-2.30672398332022,-8.52078657120378,0.293396140066877,-0.4801401,-1.9440787,-0.9077458,140.47304,100.23195,-7.7359447,WAL
1846977297000,59.459909,-2.73034399948132,-8.02435478993372,-0.231718065334742,-0.3652974,-1.8500054,-0.79626286,139.99562,99.89158,-7.585481,WAL
1846982358000,59.46497,-3.11674894318509,-7.38189848996254,-0.850897119537028,-0.29993483,-1.8536706,-0.6383542,139.54938,99.57978,-7.4666944,WAL
1846987250000,59.469862,-3.40703674855414,-6.97489364309732,-1.44943391150927,-0.30665436,-1.9095647,-0.46273044,139.05438,99.47322,-7.47871,WAL
1846992322000,59.474934,-3.50036666489576,-7.08688963041599,-2.07007792096263,-0.37568212,-1.9184223,-0.27122417,138.58199,99.40931,-7.5392356,WAL
1846997285000,59.479897,-3.52927050702314,-7.19708228128535,-2.63737076128535,-0.47494772,-1.8112154,-0.10934488,138.08444,99.54789,-7.71616,WAL
1847002349000,59.484961,-3.32481034842159,-7.31177940786632,-3.06623844786632,-0.5900958,-1.5815301,0.021380283,137.62724,99.737404,-7.935482,WAL
1847007309000,59.489921,-3.06062593709861,-7.43787272800684,-3.35865327909937,-0.698219,-1.2757921,0.14446963,137.23369,100.04738,-8.196751,WAL
1847012391000,59.495003,-2.61674828870416,-7.60432681597948,-3.31241596270188,-0.7809912,-0.9126327,0.26389378,136.92953,100.39908,-8.485127,WAL
1847017316000,59.499928,-2.18290176069579,-7.772732248412,-3.21222727727939,-0.84665924,-0.57360244,0.38331795,136.73016,100.79725,-8.75214,WAL
1847022352000,59.504964,-1.72102137644874,-7.98010688380729,-2.83518206062738,-0.9080512,-0.32711834,0.4810564,136.61455,101.228134,-9.036649,WAL
1847027377000,59.509989,-1.26923576604299,-8.17093342078026,-2.45548251188296,-0.9428705,-0.17501289,0.54702985,136.59698,101.60371,-9.246394,WAL
1847032360000,59.514972,-0.879791007822452,-8.25642103085191,-2.05653915787221,-0.956615,-0.12156218,0.5839872,136.62622,101.99825,-9.467476,WAL
1847037309000,59.519921,-0.510637625794669,-8.34020100197433,-1.69105419249753,-0.95722586,-0.16187929,0.58459806,136.69731,102.27289,-9.601818,WAL
1847042355000,59.524967,-0.276886009476802,-8.4165286011846,-1.56702271549852,-0.9486737,-0.27488935,0.5687156,136.76431,102.54837,-9.739392,WAL
1847047298000,59.52991,-0.058747436570516,-8.48978827777223,-1.45725368709452,-0.93431836,-0.4129449,0.5467244,136.83203,102.70175,-9.8029995,WAL
1847052351000,59.534963,0.0426822207156403,-8.54774824044316,-1.47657360740593,-0.9104946,-0.5647449,0.50335294,136.86191,102.83998,-9.858748,WAL
1847057324000,59.539936,0.13208052745487,-8.60037194167824,-1.5015619376711,-0.88361657,-0.6365216,0.4633413,136.88922,102.90948,-9.863026,WAL
1847062378000,59.54499,0.10807676449514,-8.60517253987304,-1.59277626097996,-0.8863655,-0.77732605,0.40439278,136.85118,102.96507,-9.85819,WAL
1847067369000,59.549981,0.0793501467093354,-8.60702909531756,-1.67846160844213,-0.8924741,-0.88606006,0.37995818,136.81299,103.00234,-9.836303,WAL
1847072347000,59.554959,-0.00956646415470698,-8.57427041513694,-1.71122033748896,-0.9245446,-0.9599747,0.310625,136.74158,103.02277,-9.790351,WAL
1847077387000,59.559999,-0.104824527579793,-8.54354114291453,-1.74174382850256,-0.9621128,-0.9972375,0.28619036,136.6408,103.076294,-9.758517,WAL
1847082355000,59.564967,-0.315069906385457,-8.56743264758461,-1.71307402289846,-0.99265605,-1.0170907,0.27397305,136.52414,103.1228,-9.71458,WAL
1847087509000,59.570121,-0.533875364294235,-8.59170797840231,-1.67731808874932,-1.0506883,-1.0253373,0.2828306,136.39041,103.20861,-9.692011,WAL
1847092323000,59.574935,-0.746349628548708,-8.6083725272908,-1.5731640709109,-1.0873401,-1.0195341,0.301462,136.25801,103.29536,-9.670369,WAL
1847097313000,59.579925,-0.966591958966203,-8.62564633264052,-1.4652021787186,-1.1215485,-1.0112875,0.34055737,136.1062,103.428505,-9.697938,WAL
1847102350000,59.584962,-1.19289628246669,-8.6845037764753,-1.37435385427312,-1.1279627,-1.0112875,0.37965274,135.95747,103.5648,-9.73111,WAL
1847107325000,59.589937,-1.41725223402465,-8.75133306462278,-1.28843025593628,-1.1472049,-1.0164797,0.4184427,135.8143,103.71553,-9.775023,WAL
1847112378000,59.59499,-1.62748740590923,-8.81472161892939,-1.18980673977555,-1.1435398,-1.0173961,0.46303585,135.64902,103.88495,-9.874276,WAL
1847117304000,59.599916,-1.8289513149568,-8.87562956152547,-1.09141741159996,-1.1633929,-1.0360274,0.49968776,135.48096,104.06456,-9.981697,WAL
1847122350000,59.604962,-1.98405944854081,-8.91360173906803,-1.0049095529844,-1.1575897,-1.0479393,0.54519725,135.29431,104.26471,-10.1437435,WAL
1847127331000,59.609943,-2.12555449773227,-8.94555191579753,-0.922751153621663,-1.1643091,-1.0607675,0.57879484,135.10509,104.47052,-10.310565,WAL
1847132344000,59.614956,-2.24063254141354,-8.99245110690887,-0.820478729930514,-1.1575897,-1.0815369,0.59986967,134.89415,104.68755,-10.524453,WAL
1847137327000,59.619939,-2.34484807381378,-9.04455892257296,-0.711526152158031,-1.1527027,-1.0965031,0.63041294,134.68454,104.90887,-10.746216,WAL
1847142353000,59.624965,-2.45569260205701,-9.20750728680576,-0.59930887338231,-1.1282681,-1.1090258,0.6469063,134.44061,105.13884,-10.993644,WAL
1847147341000,59.629953,-2.56799139531786,-9.41338870908022,-0.487010045920266,-1.1074986,-1.1475104,0.6450737,134.18663,105.364555,-11.241184,WAL
1847152347000,59.634959,-2.63051591854574,-9.67642500327804,-0.421282473350551,-1.071763,-1.1661417,0.6356053,133.91618,105.579765,-11.504,WAL
1847157358000,59.63997,-2.66865193319758,-9.96721183500546,-0.378379478022251,-1.0268645,-1.176221,0.62949663,133.63808,105.78382,-11.762858,WAL
1847162379000,59.644991,-2.64633826061517,-10.1227710217413,-0.456633568013225,-0.9804387,-1.2000448,0.6215554,133.33029,105.971375,-12.031633,WAL
1847167350000,59.649962,-2.59387162421601,-10.2086252369502,-0.594954638761647,-0.9419542,-1.2110404,0.6337727,133.02481,106.15073,-12.297794,WAL
1847172343000,59.654955,-2.45886879396552,-10.3067785184729,-0.90630553817734,-0.8558222,-1.2064588,0.6420194,132.71019,106.29838,-12.554691,WAL
1847177395000,59.660007,-2.28011744250663,-10.4121961846343,-1.30964188414172,-0.7538077,-1.1569787,0.66523224,132.40765,106.4396,-12.810901,WAL
1847182352000,59.664964,-2.00331055167885,-10.6600358047876,-1.86907593316386,-0.6258314,-1.042747,0.6881397,132.13869,106.57735,-13.053297,WAL
1847187350000,59.669962,-1.64334793191399,-11.0250682102532,-2.56365155597924,-0.46578476,-0.86620694,0.70188415,131.90349,106.69284,-13.287596,WAL
1847192309000,59.674921,-1.16667184492552,-11.2317284236346,-3.03378774758689,-0.25625798,-0.65179324,0.7147123,131.74905,106.80012,-13.469681,WAL
1847197356000,59.679968,-0.619492894846077,-11.3613235555114,-3.39857373101291,-0.083383106,-0.42485678,0.7067711,131.64958,106.883,-13.635799,WAL
1847202347000,59.684959,-0.0613064615798923,-11.3531697875524,-3.45903252136445,0.019242255,-0.21227567,0.6731735,131.67168,106.94351,-13.6976,WAL
1847207355000,59.689967,0.507945196110114,-11.2718479794534,-3.35857641699581,0.031154128,-0.04795292,0.6020077,131.74239,106.9791,-13.736898,WAL
1847212388000,59.695,0.945896401004332,-11.3047849601221,-3.00892225094525,-0.055588737,0.018020526,0.47647488,131.89938,106.95547,-13.641314,WAL
1847217351000,59.699963,1.30625349775502,-11.3983846185506,-2.53156619200473,-0.21380283,0.007941248,0.30818152,132.0731,106.91929,-13.513467,WAL
1847222343000,59.704955,1.43476098027027,-11.5537448581081,-2.00904593256757,-0.39584067,-0.07238753,0.105068825,132.25897,106.80422,-13.260845,WAL
1847227404000,59.710016,1.4160472977027,-11.7502372060811,-1.45231634317568,-0.535118,-0.1966986,-0.0852157,132.41872,106.68404,-12.976076,WAL
1847232350000,59.714962,1.21556308480304,-11.8499213315337,-0.954703878374325,-0.6151413,-0.3222314,-0.2321288,132.50386,106.49847,-12.617015,WAL
1847237351000,59.719963,0.861221284803039,-11.8738633315337,-0.490228728374325,-0.64965516,-0.44684792,-0.33292156,132.54529,106.31194,-12.234791,WAL
1847242345000,59.724957,0.346861294720097,-11.850897186468,-0.110736892364076,-0.6081163,-0.537256,-0.37415496,132.49692,106.07691,-11.860503,WAL
1847247360000,59.729972,-0.30595160641764,-11.7880339695932,0.198744776443818,-0.5320636,-0.6044512,-0.38789943,132.41707,105.8387,-11.481659,WAL
1847252349000,59.734961,-0.894406177279937,-11.8394358231562,0.351011615646312,-0.4373795,-0.63804877,-0.37232238,132.26425,105.59043,-11.182278,WAL
1847257353000,59.739965,-1.43595522801745,-11.9819486320381,0.379514197264076,-0.30451632,-0.63163465,-0.34300083,132.10678,105.32779,-10.892069,WAL
1847262352000,59.744964,-1.75184331364985,-12.2542517490603,0.277855278343126,-0.13897185,-0.56321776,-0.32803464,131.90382,105.08542,-10.724631,WAL
1847267337000,59.749949,-1.87461779881306,-12.6367412826904,0.0653609964049456,-0.04642576,-0.44226643,-0.28191432,131.72456,104.84915,-10.57496,WAL
1847272311000,59.754923,-1.84040065017843,-13.0260518691515,-0.151727074766257,0.13103059,-0.301462,-0.25534168,131.5279,104.6338,-10.51713,WAL
1847277341000,59.759953,-1.65417123255353,-13.4271614607454,-0.376157379354877,0.32711834,-0.16218472,-0.25259277,131.36949,104.40725,-10.460586,WAL
1847282316000,59.764928,-1.43271684526003,-13.7747608936107,-0.521076002255572,0.50335294,-0.023823744,-0.24740042,131.26064,104.18898,-10.414777,WAL
1847287329000,59.769941,-1.17115474350669,-14.0743684624071,-0.587655435503715,0.6563747,0.12095132,-0.26236662,131.19511,103.941864,-10.357992,WAL
1847292293000,59.774905,-0.925092455840234,-14.3818345089138,-0.602835959524598,0.8005389,0.2773328,-0.28069258,131.20068,103.65785,-10.249967,WAL
1847297331000,59.779943,-0.690080528767657,-14.7061506669264,-0.560533824430589,0.9468411,0.42638394,-0.32284227,131.24559,103.3467,-10.128024,WAL
1847302203000,59.784815,-0.495832419013045,-15.0611848201031,-0.532454585705329,1.0781772,0.54336464,-0.3643811,131.34392,102.984764,-9.947808,WAL
1847307272000,59.789884,-0.343654247198908,-15.493174954596,-0.522636615987461,1.2318097,0.61422503,-0.40194935,131.47102,102.59653,-9.758438,WAL
1847312270000,59.794882,-0.226949851102747,-15.8569729884028,-0.456007966547304,1.4141531,0.59620446,-0.45540005,131.59755,102.14413,-9.512246,WAL
1847317253000,59.799865,-0.154130078521872,-16.1385423965412,-0.315223079987793,1.6081028,0.50610185,-0.51893,131.72232,101.66756,-9.260537,WAL
1847322207000,59.804819,-0.0567867374814375,-16.1803375844966,-0.176978942370359,1.8338175,0.3839288,-0.6035349,131.83658,101.12522,-8.966086,WAL
1847327284000,59.809896,0.0731785215087615,-15.9348477212157,-0.0373866202894763,2.0775528,0.20586158,-0.698219,131.90727,100.5519,-8.665285,WAL
1847332186000,59.814798,0.183734986830266,-15.2065000633947,-0.0779331366462168,2.3408356,0.016798794,-0.75991637,131.93329,99.92721,-8.348658,WAL
1847337255000,59.819867,0.278281358790535,-13.8024862813322,-0.352117596079755,2.5906794,-0.13561209,-0.82344633,131.91809,99.277504,-8.018636,WAL
1847342202000,59.824814,0.1598228357666,-12.7930140551308,-0.665112116273642,2.8371637,-0.17806722,-0.91874135,131.86665,98.58899,-7.6584597,WAL
1847347285000,59.829897,-0.310315534338028,-12.3522596591549,-1.06179141015493,3.0778446,-0.1142318,-1.0396926,131.80373,97.89946,-7.2836924,WAL
1847352179000,59.834791,-0.901874231692424,-11.9849301262918,-1.27180674095951,3.3050864,-0.05131268,-1.187522,131.74414,97.2425,-6.891034,WAL
1847357236000,59.839848,-1.73299333722196,-11.6956454649663,-1.21670490755665,3.4107661,0.112704635,-1.2690725,131.73396,96.63663,-6.489605,WAL
1847362272000,59.844884,-2.51742079242546,-11.3915425760456,-1.26156562984791,3.551876,0.24709499,-1.4376713,131.73752,96.13145,-6.1058335,WAL
1847367318000,59.84993,-3.19920633128877,-11.0482323060837,-1.54685169638783,3.6138787,0.37934732,-1.5628988,131.79056,84.27458,-5.7197914,WAL
1847372267000,59.854879,-3.8666260578068,-10.7999658469368,-1.83008417584022,3.556763,0.5928447,-1.6053538,131.87334,84.44281,-5.460504,WAL
1847377395000,59.860007,-4.55512609053198,-10.7575241868638,-2.13189253212983,3.4510832,0.84513205,-1.5632042,132.00847,84.500534,-5.200095,WAL
1847382337000,59.864949,-5.18826387622337,-10.7604717666475,-2.40704440065247,3.360675,1.0781772,-1.4859297,132.19145,84.37865,-5.0599685,WAL
1847387453000,59.870065,-5.73829366597582,-10.9156080115141,-2.63739860852044,3.2727106,1.2822062,-1.4227052,132.4387,84.19476,-4.936571,WAL
1847392343000,59.874955,-6.25600756121566,-11.0864677333199,-2.76409465291335,3.1630602,1.4162911,-1.3750577,132.76912,83.91235,-4.8744707,WAL
1847397306000,59.879918,-6.73431779748415,-11.3925864923015,-2.34318160903693,3.0604348,1.4001031,-1.3524556,133.11667,83.60086,-4.8286343,WAL
1847402282000,59.884894,-7.19750124517906,-11.7029226324689,-1.92065693715209,2.935513,1.1462886,-1.3359623,133.4705,83.24126,-4.8514967,WAL
1847407328000,59.88994,-7.56933445179063,-12.0380317729648,-1.48914661979671,2.7910433,0.6963864,-1.3600914,133.76643,82.90062,-4.865571,WAL
1847412416000,59.895028,-7.90210025364492,-12.3791672585048,-1.13300331799193,2.6364944,0.16065755,-1.4285084,133.9604,82.50397,-4.9202943,WAL
1847417325000,59.899937,-7.63473512945921,-12.7534786354048,-1.89134859222418,2.4813347,-0.3023783,-1.5335772,134.05127,82.14901,-4.9459786,WAL
1847422274000,59.904886,-7.30305901115256,-13.0405553239741,-2.63534812874534,2.2586741,-0.44806966,-1.7299703,134.08482,81.79356,-4.961171,WAL
1847427421000,59.910033,-6.40297250999411,-12.5324419276458,-3.22572727012566,1.9040669,-0.37140608,-1.8640553,134.05449,81.51248,-4.9551315,WAL
1847432296000,59.914908,-5.53829546166385,-12.0339957429679,-3.77301147824272,1.5329664,-0.2501493,-1.8802432,134.01236,81.409386,-4.8719616,WAL
1847437319000,59.919931,-4.48641735409999,-11.2928997967399,-4.1794189583938,1.2699889,-0.08857546,-1.777007,134.00203,81.36648,-4.788827,WAL
1847442363000,59.924975,-3.44513453439415,-10.5608628802135,-4.53856777695197,1.1710287,0.103847094,-1.6230689,134.01923,81.4914,-4.603766,WAL
1847447323000,59.929935,-2.61417291035778,-9.99749943289187,-4.26158055259933,1.2232577,0.29993483,-1.4431691,134.07434,81.61908,-4.4644833,WAL
1847452501000,59.935113,-1.76671717536799,-9.44637275557056,-3.97152955111411,1.3029755,0.4822781,-1.269378,134.15343,81.85102,-4.2367463,WAL
1847457308000,59.93992,-1.21608264228321,-9.37088194347449,-3.69177170298061,1.4239268,0.589485,-1.1795808,134.26082,82.04202,-4.044504,WAL
1847462686000,59.945298,-0.610275022890105,-9.29109558852939,-3.36363001920574,1.5189165,0.97524637,-0.98929626,134.45193,82.20369,-3.8338926,WAL
1847467318000,59.94993,-0.321545279354212,-9.32875631336666,-2.73595666084332,1.7968601,1.102001,-0.9615019,134.60175,82.294716,-3.6022184,WAL
1847472296000,59.954908,-0.0112480722467692,-9.36923020979153,-2.0613975118951,1.8808541,1.2968669,-0.9401216,134.81958,82.40526,-3.3491008,WAL
1847477375000,59.959987,0.00986701312121212,-9.58696418181818,-1.33610965757576,2.0555615,1.4052955,-0.93645644,135.04942,82.41272,-3.105178,WAL
1847482276000,59.964888,-0.0226692819814815,-9.82866239869281,-0.629607235348584,2.1731532,1.498147,-0.9957104,135.33174,82.4108,-2.8595784,WAL
1847487317000,59.969929,0.0593878462613982,-10.1660804717325,0.170903803191489,2.1868975,1.4398094,-1.0354166,135.52562,82.33835,-2.5648236,WAL
1847492255000,59.974867,0.164796760699088,-10.5158464662614,0.971053295744681,2.0857995,1.2571607,-1.0806206,135.714,82.25939,-2.2578578,WAL
1847497392000,59.980004,0.361183218207122,-10.6245705863327,1.29648768487379,1.9165897,1.087951,-1.073901,135.8749,82.07934,-1.9526796,WAL
1847502250000,59.984862,0.562122440203474,-10.6826194666475,1.51528815353681,1.7470746,0.96944314,-1.0512991,136.00114,81.91784,-1.6440521,WAL
1847507353000,59.989965,0.620176465792409,-10.6319456853845,1.29105417150264,1.6166549,0.9224065,-1.0213667,136.1391,81.62918,-1.3231064,WAL
1847512310000,59.994922,0.629464701522207,-10.548351714146,0.933456666738407,1.559539,0.9505063,-1.0088439,136.266,81.35762,-1.011998,WAL
1847517369000,59.999981,0.457573983206953,-10.4309518729825,0.162046589590297,1.5296066,1.1023064,-0.9960158,136.42305,81.0548,-0.6822204,WAL
1847522275000,60.004887,0.224247823281444,-10.305314512081,-0.735361779085092,1.5192219,1.346347,-0.97127575,136.61476,80.75513,-0.37515762,WAL
1847527400000,60.010012,-0.07595252165002,-10.0930617619856,-1.62578057596884,1.5317446,1.602605,-0.93584555,136.81693,80.51442,-0.070624165,WAL
1847532345000,60.014957,-0.397596243563724,-9.84236873411906,-2.45827014059129,1.5430456,1.8206838,-0.8915578,137.07701,80.273445,0.20510419,WAL
1847537344000,60.019956,-0.655237037811455,-9.51904000253421,-3.03160144010137,1.5546521,1.9843957,-0.8539896,137.42244,80.13719,0.433617,WAL
1847542347000,60.024959,-0.873795012360872,-9.1547769736442,-3.44929011894577,1.5497651,2.110234,-0.81581056,137.81483,80.00267,0.63608986,WAL
1847547360000,60.029972,-1.04541877850356,-8.79235027315915,-3.70117426650831,1.5265522,2.1655173,-0.8002335,138.33095,79.92904,0.7731956,WAL
1847552350000,60.034962,-1.19203758684679,-8.43289742082344,-3.86671159014252,1.4721853,2.1988094,-0.7812967,138.87016,79.86925,0.89262736,WAL
1847557351000,60.039963,-1.27227639447689,-8.06050021943977,-3.89010218291597,1.4141531,2.271197,-0.7693848,139.47435,79.84816,0.97073084,WAL
1847562440000,60.045052,-1.31569196665347,-7.6745844700584,-3.83221482050876,1.3952162,2.307849,-0.74281216,140.07219,79.83586,1.0396084,WAL
1847567385000,60.049997,-1.34604343608769,-7.31393783771451,-3.66586988891975,1.3393221,2.3344216,-0.72784597,140.70769,79.85929,1.0803795,WAL
1847572338000,60.05495,-1.36956976846543,-6.9610418694078,-3.4353112027279,1.2605205,2.345417,-0.72021013,141.34447,79.899475,1.1154779,WAL
1847577377000,60.059989,-1.37331197076878,-6.64049347346294,-3.0663938162933,1.1801916,2.2879958,-0.74006325,141.97794,79.93266,1.1492374,WAL
1847582357000,60.064969,-1.36389872395145,-6.34868115114971,-2.61455521686569,1.0952814,2.207667,-0.7516697,142.60373,79.994576,1.1801097,WAL
1847587342000,60.069954,-1.37343235407531,-6.02203769568381,-2.03879962782421,1.0005972,2.0995438,-0.7489208,143.20984,80.03352,1.2115523,WAL
1847592315000,60.074927,-1.3968446669944,-5.67085197512536,-1.37388811228984,0.89461213,1.9651535,-0.7443393,143.78293,80.10369,1.2515558,WAL
1847597354000,60.079966,-1.46682699539799,-5.26795118978866,-0.685705454141813,0.7507534,1.785559,-0.732122,144.30441,80.13057,1.298928,WAL
1847602348000,60.08496,-1.57545936754888,-4.8286985095398,0.00859698079399573,0.57451874,1.6447546,-0.7174612,144.7953,80.20059,1.3491193,WAL
1847607347000,60.089959,-1.72419671159868,-4.46564853054752,0.566625673834646,0.40011674,1.5253305,-0.66981375,145.22661,80.18888,1.3940202,WAL
1847612381000,60.094993,-1.91170806564276,-4.1723616258502,0.999344166947242,0.226631,1.4321736,-0.6267477,145.622,80.22987,1.4412807,WAL
1847617345000,60.099957,-2.10973681530592,-4.02221923423175,1.28841683413339,0.061391957,1.3723087,-0.5870415,145.97379,80.1855,1.4692425,WAL
1847622350000,60.104962,-2.32190844446193,-4.0033595513673,1.44872418771395,-0.087659165,1.3393221,-0.54305923,146.30135,80.18936,1.4864346,WAL
1847627360000,60.109972,-2.49668017018838,-4.04624046085917,1.52082986673976,-0.22204952,1.3151928,-0.514654,146.61813,80.15298,1.4616585,WAL
1847632357000,60.114969,-2.63023424658627,-4.15594565374265,1.49698093341971,-0.3594942,1.2928963,-0.4700608,146.91936,80.16279,1.4209992,WAL
1847637335000,60.119947,-2.67905291126625,-4.31318535329803,1.32019481281656,-0.46273044,1.2748758,-0.4456262,147.23424,80.16709,1.3288914,WAL
1847642342000,60.124954,-2.63287954814636,-4.52558292007703,0.969277012036591,-0.5525276,1.2470814,-0.39858958,147.5324,80.208115,1.2194396,WAL
1847647303000,60.129915,-2.53727948670196,-4.67686539659912,0.726517930693412,-0.6133087,1.2195925,-0.36987892,147.83772,80.27465,1.0763763,WAL
1847652348000,60.13496,-2.3601753293351,-4.73590026982996,0.647805009534671,-0.66859204,1.1917981,-0.34697145,148.12845,80.36384,0.92381966,WAL
1847657329000,60.139941,-2.18553365320557,-4.77731403408081,0.609386895032105,-0.6954701,1.1502593,-0.33078352,148.41663,80.53172,0.7730608,WAL
1847662390000,60.145002,-2.00838025502321,-4.79646564200336,0.623750670967105,-0.7266242,1.0754282,-0.30573806,148.6822,80.71397,0.61770344,WAL
1847667315000,60.149927,-1.85022405551353,-4.79829691892154,0.663553532740762,-0.75808376,1.0015136,-0.28405234,148.9318,80.90874,0.4999147,WAL
1847672351000,60.154963,-1.70990163724178,-4.7749098736301,0.743069555109107,-0.79473567,0.8979719,-0.26175576,149.14745,81.110985,0.38110682,WAL
1847677292000,60.159904,-1.58582700892019,-4.75345335798122,0.8430774846518,-0.81489426,0.77182823,-0.2406809,149.32428,81.30617,0.30486435,WAL
1847682357000,60.164969,-1.48619512981221,-4.73447595627934,0.990153229658646,-0.85154617,0.64568454,-0.20799962,149.46777,81.513565,0.22470525,WAL
1847687289000,60.169901,-1.42866753026252,-4.71804246168749,1.11103253609416,-0.8885035,0.51068336,-0.19425514,149.56258,81.69738,0.18860574,WAL
1847692321000,60.174933,-1.46834774818367,-4.70637180935774,1.17872236835222,-0.94806284,0.37232238,-0.17623462,149.61748,81.895004,0.14796253,WAL
1847697313000,60.179925,-1.50771254306888,-4.69479392850915,1.24587412563208,-1.0122037,0.23732115,-0.15882497,149.61765,82.058815,0.14463878,WAL
1847702349000,60.184961,-1.54742430329362,-4.68311399903129,1.31361776538797,-1.102001,0.115453534,-0.14294247,149.58131,82.24345,0.14120747,WAL
1847707341000,60.189953,-1.59922698982369,-4.67679569965976,1.36119909894835,-1.1859949,0.013744468,-0.13469578,149.51212,82.44078,0.1388476,WAL
1847712355000,60.194967,-1.71309612400247,-4.69659890596969,1.31169077299722,-1.2742649,-0.03940081,-0.105068825,149.42111,82.66071,0.12788686,WAL
1847717305000,60.199917,-1.82591886489607,-4.7383297852194,1.26203735450346,-1.3674219,-0.07147124,-0.079107046,149.31755,82.862785,0.093546316,WAL
1847722346000,60.204958,-1.94225987054925,-4.8595182800482,1.20871441677879,-1.4511104,-0.07788532,-0.05497787,149.20554,83.082245,0.051549144,WAL
1847727384000,60.209996,-2.0394848712982,-5.02712426405652,1.18562397565499,-1.539075,-0.076358154,-0.029321533,149.09613,83.34068,-0.033333033,WAL
1847732322000,60.214934,-2.07660810697674,-5.33339025581395,1.25522990930233,-1.6325374,-0.02443461,0.03145956,148.99707,83.617165,-0.13670295,WAL
1847737310000,60.219922,-2.09990878601731,-5.67325882723295,1.37055380079901,-1.7067575,0.012217305,0.07880162,148.90083,83.92289,-0.2769055,WAL
1847742308000,60.22492,-2.06348533212213,-6.14220999981927,1.67559962102159,-1.7629571,0.06627888,0.13072516,148.82156,84.23791,-0.43708336,WAL
1847747311000,60.229923,-2.01633065765926,-6.64748415134815,1.99214324314074,-1.815797,0.082161374,0.21074851,148.74132,84.54045,-0.62490976,WAL
1847752318000,60.23493,-1.86004569546667,-7.51889090906667,2.42311089013333,-1.8325957,0.12522738,0.25259277,148.68289,84.8316,-0.81690955,WAL
1847757350000,60.239962,-1.69254666040296,-8.42177823802774,2.86751139572745,-1.8154916,0.15668693,0.3100141,148.60228,85.03023,-1.0024788,WAL
1847762332000,60.244944,-1.39305063083932,-9.66323796061557,3.45201172125139,-1.7712038,0.16554448,0.37415496,148.52538,85.20629,-1.1995045,WAL
1847767306000,60.249918,-1.08211091625421,-10.9436430946347,4.07279918146902,-1.6639969,0.17440203,0.44409904,148.42702,85.25164,-1.336135,WAL
1847772313000,60.254925,-0.645415354628786,-12.6571988851713,5.08384427332211,-1.486846,0.2452624,0.5002986,148.34764,85.25619,-1.486784,WAL
1847777345000,60.259957,-0.155327840418099,-14.3454098498473,6.07516277013173,-1.2351695,0.29626966,0.5143485,148.22206,85.12169,-1.5208176,WAL
1847782327000,60.264939,0.955940159043528,-15.6024180035319,6.75376495632875,-0.8689558,0.32162055,0.43157628,148.11223,84.92392,-1.5486674,WAL
1847787642000,60.270254,2.13934104396648,-16.9178526558659,7.45234460346369,-0.4654793,0.39584067,0.21777347,148.03418,84.55131,-1.4613211,WAL
1847792302000,60.274914,3.1283023413594,-17.4912834454376,7.48974236175046,-0.103847094,0.49418998,-0.122478485,147.97853,84.131454,-1.3288417,WAL
1847797313000,60.279925,4.19175407123836,-18.1079061249534,7.52995698981378,0.16615535,0.6719518,-0.4792238,148.04619,83.67208,-0.98759687,WAL
1847802346000,60.284958,5.41894241707269,-18.488552616486,7.47749789748434,0.3539964,0.89827734,-0.8539896,148.17104,83.1571,-0.5781956,WAL
1847807262000,60.289874,6.65011778495575,-18.8115612389381,7.40727882300885,0.51159966,1.0030408,-1.1621711,148.32628,82.58619,-0.11727785,WAL
1847812393000,60.295005,6.75498875479318,-17.9404721676142,7.31144622760243,0.63407815,0.91354895,-1.2495248,148.5542,82.021065,0.53229624,WAL
1847817258000,60.29987,6.59058146362478,-16.8444237187806,7.2155420181337,0.7504479,0.7641924,-1.2290609,148.80574,81.39664,1.1945415,WAL
1847822345000,60.304957,5.65611110986714,-14.8543154959945,6.94393345115279,0.84513205,0.61850107,-1.1016954,149.09135,80.74862,2.0015142,WAL
1847827301000,60.309913,4.52008643823759,-12.6657289983392,6.62862852852677,0.9053023,0.5558874,-0.9639453,149.35686,80.06724,2.7531328,WAL
1847832361000,60.314973,3.30735030981047,-10.3777363211529,6.20852910751252,0.9053023,0.56688297,-0.8155051,149.5971,79.38157,3.41071,WAL
1847837339000,60.319951,2.09480024110773,-8.10713129554159,5.75908967111853,0.8051204,0.63194007,-0.68783426,149.82925,78.72658,4.005024,WAL
1847842348000,60.32496,0.998200166890605,-6.30901862698042,5.10885040567631,0.63407815,0.7483099,-0.5723807,150.02881,78.130936,4.3959174,WAL
1847847355000,60.329967,-0.0440271827303755,-4.724144021843,4.37240057303754,0.40408736,0.8210029,-0.48533243,150.2295,77.60009,4.746678,WAL
1847852347000,60.334959,-0.97922853,-3.43089105,3.47159245,0.15271631,0.9596693,-0.42821655,150.4279,77.18024,4.9026833,WAL
1847857359000,60.339971,-1.80098865245002,-2.45600791065504,2.37931509576776,0.024129177,1.0830641,-0.33017266,150.63403,76.80809,5.016015,WAL
1847862364000,60.344976,-2.34050768637532,-1.90745863496144,1.62579221542416,-0.2098322,1.1456778,-0.22540927,150.78665,76.66139,4.9608574,WAL
1847867352000,60.349964,-2.68529171999209,-1.65241303171841,1.10625468186672,-0.4266894,1.0922271,-0.09987647,150.92926,76.55788,4.8708615,WAL
1847872344000,60.354956,-2.96710952857282,-1.72454284556022,0.920778561336329,-0.6081163,0.890947,0.035430185,151.06671,76.62679,4.6556506,WAL
1847877363000,60.359975,-3.20187552111947,-2.04851990841067,0.991208364003126,-0.8081747,0.56413406,0.18997909,151.14133,76.76951,4.409908,WAL
1847882349000,60.364961,-3.46448445830562,-2.71624368914107,1.15615536951673,-1.0494665,0.14630222,0.35155296,151.1521,77.04022,4.0902567,WAL
1847887349000,60.369961,-3.75491778837801,-3.70465417632557,1.40911354795539,-1.3283265,-0.31795537,0.50335294,151.04788,77.38311,3.7492774,WAL
1847892296000,60.374908,-4.13149314298683,-4.94244640692338,1.62398249731644,-1.6297885,-0.7501425,0.6881397,150.80556,77.8169,3.3293567,WAL
1847897354000,60.379966,-4.61956062453113,-6.50812800409018,1.80277941657023,-1.9126191,-1.1850786,0.86162543,150.42311,78.32145,2.8919976,WAL
1847902347000,60.384959,-5.19000751558782,-8.30199439161121,1.8281330004638,-2.1386392,-1.5812247,1.042747,149.88179,78.902,2.3564696,WAL
1847907360000,60.389972,-5.86284344943537,-10.3834290912482,1.68291663077233,-2.3261747,-1.9071213,1.2186762,149.22945,79.53275,1.7875131,WAL
1847912347000,60.394959,-6.45192086202172,-12.4060920454056,1.22828284070105,-2.4425447,-2.0619757,1.3784174,148.47055,80.20207,1.0884159,WAL
1847917352000,60.399964,-6.95849161013798,-14.3854708559546,0.444974288155299,-2.3958135,-2.0179935,1.4795157,147.67479,80.81916,0.3619768,WAL
1847922318000,60.40493,-7.11608412614108,-15.9216999543568,-0.122670552518672,-2.1743748,-1.8298469,1.486846,146.86113,81.41036,-0.4866243,WAL
1847927298000,60.40991,-6.83337820497925,-16.9158825151156,-0.424223597574985,-1.7675385,-1.5329664,1.402852,146.1017,81.82299,-1.3291904,WAL
1847932350000,60.414962,-6.13496432700622,-17.7162248590465,-0.252975737151318,-1.2296717,-1.2183707,1.2599095,145.43454,82.18747,-2.1939914,WAL
1847937371000,60.419983,-4.86294559453164,-18.2193363940381,0.58712604861909,-0.7309003,-1.0491611,1.074512,144.83284,82.33383,-2.996814,WAL
1847942286000,60.424898,-3.70592987606282,-18.3032423911173,1.6593405440132,-0.3200934,-1.0442741,0.8219192,144.32933,82.388466,-3.6384346,WAL
1847947359000,60.429971,-2.65621925587676,-17.7200701626488,3.17558930219066,-0.036651913,-1.0598512,0.5681047,143.88695,82.31296,-4.2034535,WAL
1847952254000,60.434866,-2.03201063032992,-16.7555633588655,3.8724037702103,0.12675454,-1.0216721,0.45937067,143.47018,82.19738,-4.5002522,WAL
1847957332000,60.439944,-2.03670202434883,-15.0807340285549,3.30943624300598,0.18845193,-0.91751957,0.29168814,143.08337,82.08647,-4.699244,WAL
1847962326000,60.444938,-2.06404496815223,-13.2535491996996,2.71132504186279,0.25992316,-0.77274454,0.1826487,142.63159,81.882416,-4.706,WAL
1847967360000,60.449972,-2.14129632378568,-11.0180897030546,2.01123504106159,0.301462,-0.6197228,0.14935656,142.22316,81.68878,-4.696559,WAL
1847972270000,60.454882,-2.23836431198268,-8.94915732290664,1.39755023445621,0.29871312,-0.5027421,0.15149458,141.87318,81.52246,-4.7097235,WAL
1847977305000,60.459917,-2.38687389037536,-7.07886417035611,0.924175720115496,0.24862215,-0.48747048,0.17073683,141.54303,81.36229,-4.7224116,WAL
1847982281000,60.464893,-2.52724912398517,-5.34182583532901,0.365983120518999,0.13652839,-0.6337727,0.21227567,141.22961,81.23275,-4.796661,WAL
1847987310000,60.469922,-2.64776512400371,-3.95812361116775,-0.49994664012975,-0.027488936,-0.95814216,0.2919936,140.86967,81.11944,-4.880776,WAL
1847992332000,60.474944,-2.76326825884628,-2.60485440164357,-1.38982220328714,-0.28130344,-1.3622295,0.4129449,140.47237,81.02975,-5.046614,WAL
1847997327000,60.479939,-2.82493265797615,-1.57197586377699,-2.55116812755398,-0.6612616,-1.7116444,0.5525276,139.99635,80.98747,-5.231212,WAL
1848002310000,60.484922,-2.87507612069235,-0.691899434568746,-3.64538254099355,-1.0345002,-2.0048597,0.68630713,139.46838,81.02305,-5.4905815,WAL
1848007301000,60.489913,-2.88442445989634,-0.350686615445922,-4.510100134823,-1.3567317,-2.2562308,0.79320854,138.85062,81.09162,-5.7765837,WAL
1848012321000,60.494933,-2.86751196883673,-0.106191152182653,-5.40342513431633,-1.6197093,-2.5219572,0.86070913,138.18073,81.2712,-6.1054254,WAL
1848017315000,60.499927,-2.72598435295918,-0.330683218658163,-6.40387891270408,-1.8640553,-2.8386908,0.84696466,137.42683,81.45149,-6.4438124,WAL
1848022313000,60.504925,-2.53915028629274,-0.600191534809038,-7.33365771365727,-2.0662518,-3.118467,0.77946407,136.64249,81.67976,-6.792291,WAL
1848027339000,60.509951,-2.18303708131374,-1.03811450255149,-8.00257298820236,-2.2256875,-3.1520646,0.7440339,135.8428,81.82913,-7.159953,WAL
1848032316000,60.514928,-1.84082105550347,-1.58732557061691,-8.49947426251641,-2.2910502,-2.982855,0.75900006,135.07956,81.97398,-7.4950657,WAL
1848037312000,60.519924,-1.53578546499156,-2.56523373903994,-8.38732844252766,-2.2721133,-2.744312,0.8258898,134.3336,81.949425,-7.851425,WAL
1848042301000,60.524913,-1.23104941210593,-3.56355128917612,-8.25502846910467,-2.154827,-2.5244007,0.8894198,133.68895,81.83796,-8.142432,WAL
1848047327000,60.529939,-0.922504349558638,-4.83313843121059,-7.87567004539723,-1.9770653,-2.4226916,0.93034774,133.08665,98.484116,-8.460665,WAL
1848052310000,60.534922,-0.63843364973997,-6.08015888031204,-7.55632789650817,-1.8723019,-2.2721133,0.947452,132.58723,98.896645,-8.710659,WAL
1848057307000,60.539919,-0.456220838382244,-7.27565279894131,-7.50299745113299,-1.6426166,-2.1456642,0.9978484,132.11816,99.44575,-8.989415,WAL
1848062508000,60.54512,-0.253208258769329,-8.53644056598178,-7.47899916665961,-1.4236214,-1.9608774,1.0497719,131.71988,99.977264,-9.18446,WAL
1848067344000,60.549956,0.134290326170303,-9.95399805973311,-7.92535827896632,-1.2534955,-1.7018706,1.1050552,131.38678,100.569305,-9.395192,WAL
1848072293000,60.554905,0.489918414463952,-11.389473466536,-8.2563305391409,-1.1276573,-1.2974777,1.201572,131.16742,101.11333,-9.537108,WAL
1848077342000,60.559954,0.576102000717405,-12.7511745028072,-7.74353837754211,-0.9954049,-0.7693848,1.3356569,131.06506,101.684326,-9.696187,WAL
1848082255000,60.564867,0.659964143570092,-14.0761967232867,-7.24455879942073,-0.8436049,-0.29749137,1.4040737,131.10051,102.17378,-9.715831,WAL
1848087311000,60.569923,0.801488052325965,-14.9290474602441,-6.06815679963708,-0.784351,0.0015271631,1.3778065,131.23692,102.68685,-9.740203,WAL
1848092325000,60.574937,0.952112071491576,-15.6223769831516,-4.81519655163528,-0.84116143,0.21868975,1.3170254,131.48367,103.21582,-9.762963,WAL
1848097324000,60.579936,1.13715709175421,-15.2665215084242,-3.61477662418236,-0.9963212,0.36468655,1.260215,131.76816,103.58266,-9.697656,WAL
1848102407000,60.585019,1.31455431664212,-14.8805570146355,-2.41425185480946,-1.2205088,0.42455134,1.1652255,132.02325,103.72004,-9.524207,WAL
1848107301000,60.589913,1.34906746774669,-14.2032357935383,-1.51259512900865,-1.4892895,0.4007276,1.0415252,132.28905,103.89885,-9.343885,WAL
1848112308000,60.59492,1.384377510162,-13.5102755659057,-0.590119602632548,-1.7421877,0.30451632,0.86590147,132.48816,103.87574,-9.062617,WAL
1848117320000,60.599932,1.55730493599016,-12.7174127235939,-0.0982562176283168,-1.9459113,0.112399206,0.64904433,132.64787,103.89782,-8.767016,WAL
1848122286000,60.604898,1.7473242123348,-11.9183573259912,0.330505307180617,-2.090381,-0.093767814,0.46792278,132.77371,103.96437,-8.46204,WAL
1848127310000,60.609922,1.72868348061388,-11.5132349650692,0.782030475401563,-2.1093178,-0.27214047,0.32070425,132.78406,104.04072,-8.213551,WAL
1848132256000,60.614868,1.69300559506638,-11.1475359862536,1.2280043893494,-1.9682078,-0.59589905,0.09743301,132.68784,104.08411,-7.9256783,WAL
1848137312000,60.619924,1.33033241829647,-11.0215544640833,1.51150057483093,-1.8060231,-1.0531317,-0.1600467,132.48538,104.11425,-7.6353865,WAL
1848142308000,60.62492,0.888693004112594,-10.9603372551636,1.74762458415281,-1.6441438,-1.2938126,-0.4111123,132.2482,104.08968,-7.3010135,WAL
1848147320000,60.629932,0.276814011906456,-10.9337099020844,1.55946442250127,-1.4859297,-1.7287487,-0.5271767,131.78506,104.03614,-7.034865,WAL
1848152314000,60.634926,-0.438031565765125,-10.9288469088968,1.10721517067616,-1.3946054,-1.9767599,-0.7101309,131.29694,103.924355,-6.692299,WAL
1848157303000,60.639915,-1.07538620545033,-10.7506593676073,0.517380772613065,-1.2131784,-2.0158553,-0.816116,130.71394,103.76293,-6.448818,WAL
1848162330000,60.644942,-1.67554048827793,-10.4761704966177,-0.152558865389447,-1.0280862,-1.9046779,-0.8680395,130.10599,103.56722,-6.1831484,WAL
1848167316000,60.649928,-2.1417102596347,-9.94826730065956,-0.591423937341451,-0.86498517,-1.7223345,-0.8481864,129.51628,103.413284,-6.012795,WAL
1848172305000,60.654917,-2.51501913278539,-9.23558649913749,-0.867769481938103,-0.74097955,-1.5580118,-0.7470882,128.96497,103.23192,-5.8532376,WAL
1848177320000,60.659932,-2.82428689174133,-8.58214874814959,-1.03365347269186,-0.63407815,-1.425454,-0.5876524,128.5054,103.11621,-5.785393,WAL
1848182323000,60.664935,-3.09026153470978,-7.97087404197507,-1.12697793788469,-0.54611355,-1.3692545,-0.41599923,128.08504,102.991844,-5.749802,WAL
1848187310000,60.669922,-3.26795773652038,-7.49979574952978,-1.2514695315047,-0.47433686,-1.3500122,-0.22174409,127.64993,103.01408,-5.851783,WAL
1848192307000,60.674919,-3.3757821585913,-7.13881801087383,-1.40148609957876,-0.44135013,-1.2956452,-0.034208454,127.25447,103.04285,-5.994034,WAL
1848197321000,60.679933,-3.40838906569008,-7.04276954720294,-1.6407173820539,-0.47250426,-1.1722504,0.12034045,126.86591,103.16173,-6.2315593,WAL
1848202316000,60.684928,-3.36932328082891,-7.19903309456921,-1.96301083376889,-0.5439755,-0.9786061,0.22449298,126.52327,103.2994,-6.497073,WAL
1848207308000,60.68992,-3.17263952875121,-7.39426649324298,-2.13506433161665,-0.63407815,-0.7779369,0.30390546,126.221664,103.51637,-6.812359,WAL
1848212328000,60.69494,-2.84686121026137,-7.62231134048403,-2.18625802919652,-0.70829827,-0.6563747,0.3827071,125.960625,103.76058,-7.146303,WAL
1848217317000,60.699929,-2.4461446348835,-7.87927684715697,-2.14947937242305,-0.745561,-0.6227771,0.4605924,125.75686,104.05786,-7.475139,WAL
1848222308000,60.70492,-1.96491211817049,-8.1680164146131,-2.02115070768051,-0.75747293,-0.64476824,0.4978552,125.57619,104.36885,-7.8062587,WAL
1848227289000,60.709901,-1.48034899764706,-8.46913254621849,-1.90617084941176,-0.7189884,-0.6921103,0.48380527,125.41502,104.658195,-8.0828,WAL
1848232319000,60.714931,-0.984467557205882,-8.79297313970588,-1.81003053617647,-0.66248333,-0.73273283,0.44776422,125.25276,104.94092,-8.358063,WAL
1848237310000,60.719922,-0.581351838043148,-9.03799959874549,-1.76891773477476,-0.59131753,-0.73945236,0.40133846,125.119194,105.1113,-8.524701,WAL
1848242305000,60.724917,-0.267657271252614,-9.2062127036685,-1.78255666724957,-0.5317582,-0.7443393,0.3454443,124.97368,105.25694,-8.675736,WAL
1848247268000,60.72988,-0.0190249953830153,-9.32166013995759,-1.83359055288296,-0.49754974,-0.7357872,0.32162055,124.83035,105.35739,-8.754738,WAL
1848252320000,60.734932,0.132428385633646,-9.35585947106937,-1.94595916421286,-0.4831944,-0.74464476,0.2519819,124.6768,105.42844,-8.805595,WAL
1848257301000,60.739913,0.139536261570765,-9.35287882407076,-1.99357934924946,-0.47891834,-0.7519751,0.1881465,124.53774,105.46914,-8.797318,WAL
1848262320000,60.744932,-0.0580187445854181,-9.29704783041458,-1.95063263802716,-0.50946164,-0.7910705,0.11881329,124.384995,105.5016,-8.772341,WAL
1848267261000,60.749873,-0.268261616135266,-9.23519667246377,-1.93220178086957,-0.5742133,-0.8695667,0.06963864,124.21684,105.55985,-8.723876,WAL
1848272274000,60.754886,-0.562033614347826,-9.13727284347826,-2.03527971652174,-0.65057147,-0.9502009,0.04062254,124.03726,105.61979,-8.667499,WAL
1848277320000,60.759932,-0.846682445032667,-9.02033803756726,-2.13278477248271,-0.71776664,-0.99021256,0.036651913,123.837204,105.69661,-8.647008,WAL
1848282282000,60.764894,-1.10236336841852,-8.86510343130284,-2.21496784980784,-0.784351,-0.99021256,0.044898596,123.62899,105.786766,-8.626896,WAL
1848287263000,60.769875,-1.34935592685795,-8.69564864534117,-2.28247840508973,-0.8359691,-0.9315695,0.087964594,123.40421,105.946915,-8.665819,WAL
1848292288000,60.7749,-1.56404025059313,-8.47608472716212,-2.29711591472169,-0.88025683,-0.84482664,0.13775012,123.19428,106.11752,-8.707559,WAL
1848297274000,60.779886,-1.75440619120451,-8.25517578456176,-2.28232230161968,-0.90010995,-0.7611381,0.20525073,122.981445,106.341805,-8.800297,WAL
1848302199000,60.784811,-1.87528209945669,-8.02792926687852,-2.18078667399282,-0.9263771,-0.6795876,0.27855456,122.801994,106.57801,-8.900701,WAL
1848307228000,60.78984,-1.98123005230431,-7.8321229123463,-2.07092830983705,-0.9288206,-0.61636305,0.35460728,122.634895,106.84065,-9.046778,WAL
1848312229000,60.794841,-2.04347312924123,-7.7267887436569,-1.94644220595821,-0.9309586,-0.6072,0.41996986,122.48465,107.10891,-9.20373,WAL
1848317234000,60.799846,-2.09326823320386,-7.66567958300966,-1.8192308387312,-0.9239337,-0.6035349,0.4783075,122.345406,107.38149,-9.396723,WAL
1848322229000,60.804841,-2.11232454871029,-7.71332037177572,-1.68583653069415,-0.90408057,-0.61391956,0.5305365,122.21244,107.65078,-9.60045,WAL
1848327268000,60.80988,-2.12733565353686,-7.78231716502234,-1.53066499706813,-0.8881981,-0.6093381,0.58123827,122.051895,107.938965,-9.835584,WAL
1848332232000,60.814844,-2.13176037758749,-7.90178443717424,-1.32712755213142,-0.8713993,-0.6078109,0.61941737,121.89412,108.21765,-10.075187,WAL
1848337229000,60.819841,-2.14401113008596,-8.03135944412607,-1.11826368409742,-0.8594874,-0.6236934,0.64751714,121.72446,108.47298,-10.326019,WAL
1848342228000,60.82484,-2.20769998616455,-8.22242642161277,-0.883104677415063,-0.8558222,-0.64660084,0.66737026,121.55799,108.72142,-10.577668,WAL
1848347237000,60.829849,-2.26596370538619,-8.4138959489627,-0.667848662579137,-0.8472701,-0.6795876,0.6927212,121.34222,108.95694,-10.847176,WAL
1848352267000,60.834879,-2.29880670996396,-8.60626221661634,-0.545860261877861,-0.8555168,-0.73792523,0.70402217,121.11564,109.18732,-11.114034,WAL
1848357258000,60.83987,-2.32840865126354,-8.79475850180505,-0.438666141299639,-0.8555168,-0.8017606,0.70952,120.843544,109.39461,-11.406822,WAL
1848362308000,60.84492,-2.33810847978339,-8.96935369334136,-0.424116540316887,-0.83291477,-0.87017757,0.7150178,120.55639,109.59231,-11.699038,WAL
1848367263000,60.849875,-2.34373207222718,-9.14362351561106,-0.423438374653583,-0.8127562,-0.9263771,0.7128797,120.229065,109.78068,-12.00426,WAL
1848372269000,60.854881,-2.32472450507483,-9.3384496523937,-0.508971836380216,-0.7974846,-0.9615019,0.7107417,119.89058,109.958466,-12.305751,WAL
1848377374000,60.859986,-2.29753885292116,-9.53529322358316,-0.599237963200156,-0.75594574,-0.9789116,0.70738196,119.52636,110.12745,-12.607821,WAL
1848382311000,60.864923,-2.22400039740449,-9.71454370982794,-0.704949619585885,-0.7122689,-1.0097603,0.70005155,119.15006,110.28439,-12.903183,WAL
1848387319000,60.869931,-2.14660848516094,-9.89363854737225,-0.809167017727769,-0.6469063,-1.0299188,0.68539083,118.77583,110.43062,-13.185351,WAL
1848392262000,60.874874,-2.03469794042553,-10.0356785602837,-0.873730782127659,-0.5739079,-1.0341948,0.67073005,118.399086,110.5581,-13.458326,WAL
1848397269000,60.879881,-1.92133842242226,-10.1795576508456,-0.939130492495908,-0.50823987,-1.0204504,0.65209866,118.029205,110.67598,-13.706192,WAL
1848402327000,60.884939,-1.75665657538297,-10.2775915983256,-1.03758066866316,-0.44440445,-0.9923506,0.6243043,117.662704,110.76903,-13.939473,WAL
1848407299000,60.889911,-1.58702387385109,-10.3666492050232,-1.13936029401051,-0.364992,-0.9324858,0.59956425,117.31012,110.83779,-14.158142,WAL
1848412339000,60.894951,-1.3533360593896,-10.5227400761964,-1.2908646943216,-0.30848694,-0.85062987,0.5681047,116.97877,110.891685,-14.340424,WAL
1848417311000,60.899923,-1.08641429358455,-10.7155166919963,-1.46881248657739,-0.23915374,-0.7507534,0.54519725,116.67026,110.92076,-14.507274,WAL
1848422314000,60.904926,-0.863697602089805,-10.8842489993411,-1.72132619632872,-0.17104226,-0.6310238,0.5174029,116.41446,110.93761,-14.633334,WAL
1848427327000,60.909939,-0.660329068539961,-11.0424244153252,-2.00604222824061,-0.11453723,-0.52564955,0.47891834,116.18165,110.93467,-14.740461,WAL
1848432317000,60.914929,-0.479050687912769,-11.0801391386232,-2.30268814510772,-0.037873644,-0.42394048,0.4196644,116.0088,110.90902,-14.788018,WAL
1848437311000,60.919923,-0.313178176906989,-11.0298747779296,-2.60930090279559,0.009468411,-0.31520647,0.35277468,115.8649,110.8682,-14.813474,WAL
1848442306000,60.924918,-0.228172222486737,-10.8917218734369,-2.73455752531262,0.03604105,-0.2574797,0.30848694,115.77941,110.82731,-14.789674,WAL
1848447327000,60.929939,-0.182619799310345,-10.7095122758621,-2.77099944482759,0.026267206,-0.14721853,0.22937989,115.73176,110.76424,-14.727406,WAL
1848452317000,60.934929,-0.245194643174246,-10.6467336865611,-2.60559511547266,-0.04184427,-0.052534413,0.17287487,115.74043,110.73497,-14.636908,WAL
1848457299000,60.939911,-0.391474620100153,-10.6759895078181,-2.28377924871742,-0.16554448,0.030543262,0.11026118,115.76942,110.703156,-14.518844,WAL
1848462324000,60.944936,-0.537851435472516,-10.7345118502774,-1.94420192822995,-0.26816985,0.07788532,0.06994407,115.82002,110.697556,-14.398317,WAL
1848467315000,60.949927,-0.682474240562784,-10.8116438163389,-1.5971070993646,-0.31612277,0.15393804,0.07971791,115.90007,110.70495,-14.269625,WAL
1848472313000,60.954925,-0.760108719453781,-11.0253389348739,-1.4028412157563,-0.35979962,0.22876903,0.09560041,115.93483,110.712524,-14.168213,WAL
1848477301000,60.959913,-0.796601550477464,-11.3218434310542,-1.30248596140183,-0.33200526,0.31245756,0.124311075,115.99457,110.720276,-14.0693445,WAL
1848482324000,60.964936,-0.738474588248867,-11.7057317951174,-1.20506082326947,-0.2733622,0.3472769,0.122783914,116.00563,110.70416,-14.0028105,WAL
1848487312000,60.969924,-0.595777423881335,-12.1633468841162,-1.11156958012979,-0.17867808,0.35430184,0.12308934,116.034294,110.68095,-13.94206,WAL
1848492284000,60.974896,-0.410129299945748,-12.5789960692011,-1.11100254284724,-0.089186326,0.33383787,0.0983493,116.03995,110.61923,-13.876442,WAL
1848497321000,60.979933,-0.190451505070785,-12.9705955173745,-1.1778610010296,0.029321533,0.31856623,0.07238753,116.04837,110.53308,-13.811417,WAL
1848502314000,60.984926,-0.0354719911133961,-13.3307535226501,-1.23289339290911,0.16523905,0.3005457,0.040927973,116.03443,110.38873,-13.722497,WAL
1848507305000,60.989917,0.0711678741513241,-13.6692192358134,-1.27925856771753,0.33414328,0.28924468,-0.013133603,116.01401,110.207016,-13.623411,WAL
1848512319000,60.994931,0.14354807873309,-13.9670708389454,-1.35006974075244,0.49480084,0.30298916,-0.06414085,116.006454,109.972145,-13.478121,WAL
1848517318000,60.99993,0.18136733769922,-14.2223510652711,-1.44461782646391,0.65087694,0.4007276,-0.1151481,116.01532,109.69897,-13.317075,WAL
1848522312000,61.004924,0.183729400569144,-14.5468527181879,-1.55265125266965,0.7849618,0.51343226,-0.14874569,116.03605,109.38142,-13.127389,WAL
1848527323000,61.009935,0.14719042570001,-14.9487809886742,-1.67597030775673,0.8894198,0.6411031,-0.20433442,116.08338,109.03233,-12.915543,WAL
1848532303000,61.014915,0.0743126066095582,-15.3794197471195,-1.76510208067328,0.98624194,0.75319684,-0.26633725,116.16274,108.65608,-12.678942,WAL
1848537319000,61.019931,-0.0604477740577097,-15.8655199503056,-1.79879220222423,1.1099422,0.7834347,-0.33414328,116.25029,108.25116,-12.429633,WAL
1848542290000,61.024902,-0.21085548294707,-16.2383020649732,-1.7632877457646,1.2452488,0.8188649,-0.37293324,116.37383,107.82872,-12.164655,WAL
1848547300000,61.029912,-0.390518742586783,-16.4325319718652,-1.61275902286206,1.3072516,0.8240572,-0.44501534,116.489784,107.388504,-11.880688,WAL
1848552256000,61.034868,-0.529789031671817,-16.4234112048649,-1.39179131797428,1.4538593,0.79626286,-0.5213735,116.59922,106.90322,-11.603091,WAL
1848557313000,61.039925,-0.611865462511215,-16.0999341073672,-1.05382965365367,1.6053538,0.7351763,-0.5983425,116.696144,106.404205,-11.316256,WAL
1848562297000,61.044909,-0.64422962875415,-15.3289649501074,-0.644289445182582,1.7592919,0.62888575,-0.68019843,116.73261,105.873825,-11.046705,WAL
1848567320000,61.049932,-0.60195869535247,-13.854179879711,-0.11355463550869,1.91323,0.51251596,-0.7626653,116.745575,105.31423,-10.768219,WAL
1848572246000,61.054858,-0.649765448990342,-12.6682248187494,0.281513836698859,2.0867157,0.40653083,-0.852157,116.691025,104.70574,-10.500179,WAL
1848577374000,61.059986,-0.879720906760316,-11.9591956532046,0.439608230798946,2.288912,0.33964106,-0.98471475,116.61085,104.05581,-10.208401,WAL
1848582253000,61.064865,-1.13289067476994,-11.3642772553681,0.528788098542945,2.4877486,0.26511553,-1.110553,116.45784,103.37186,-9.938239,WAL
1848587347000,61.069959,-1.48362102245015,-10.9434006428298,0.467994831767638,2.6685648,0.20830505,-1.2232577,116.28876,102.65285,-9.642805,WAL
1848592274000,61.074886,-1.82740672665189,-10.5468127146454,0.396757421679089,2.8322768,0.24862215,-1.3048081,116.106865,101.9436,-9.376251,WAL
1848597343000,61.079955,-2.19902314290894,-10.1800857798147,0.274515193462933,2.9883528,0.3454443,-1.3704761,115.925285,101.21709,-9.089388,WAL
1848602282000,61.084894,-2.56077113692138,-9.8762709690485,0.0831813575257164,3.1093042,0.47769663,-1.4013249,115.75477,100.56792,-8.859038,WAL
1848607307000,61.089919,-2.92761958199853,-9.75693506484203,-0.367644538644379,3.196658,0.59620446,-1.3701707,115.61118,99.945816,-8.632702,WAL
1848612377000,61.094989,-3.29566735281147,-9.65123613561191,-0.833308900804851,3.2443054,0.7498371,-1.3051136,115.4857,99.46738,-8.495053,WAL
1848617326000,61.099938,-3.62345107639571,-9.76999824646687,-1.45087228896462,3.3029485,0.97158116,-1.2415836,115.415306,99.04001,-8.368325,WAL
1848622434000,61.105046,-3.94646101434141,-9.88956401457874,-2.04111960620444,3.3096678,1.2370021,-1.2009611,115.43143,98.77667,-8.324134,WAL
1848627360000,61.109972,-4.07841451703679,-9.96953552441092,-2.05711394992372,3.2476652,1.4489723,-1.1591167,115.495995,98.578865,-8.298893,WAL
1848632269000,61.114881,-4.20991263817596,-10.0492310464909,-2.07305309594847,3.08884,1.4602734,-1.1236867,115.66038,98.4799,-8.310223,WAL
1848637314000,61.119926,-4.30915505926076,-10.2795191108867,-2.12850765178752,2.9092457,1.3988814,-1.0644327,115.86241,98.43136,-8.3383255,WAL
1848642297000,61.124909,-4.39108399329428,-10.5734997558574,-2.20079798834579,2.7415633,1.1954633,-1.0525209,116.023155,98.40722,-8.362902,WAL
1848647351000,61.129963,-4.39433321801748,-10.8510167017282,-2.32469278765395,2.653904,0.990518,-1.0552697,116.1837,98.41731,-8.402474,WAL
1848652329000,61.134941,-4.36592232628129,-11.1161842005364,-2.46674680134088,2.4672847,0.784351,-1.0797043,116.28222,98.44077,-8.4380045,WAL
1848657383000,61.139995,-4.14817733804649,-11.16585854128,-2.83610717240984,2.3069327,0.63163465,-1.105666,116.37929,81.5508,-8.448892,WAL
1848662398000,61.14501,-3.85412092036736,-11.1245069804841,-3.29557036101598,2.1618521,0.6032294,-1.1102476,116.45036,81.535866,-8.458527,WAL
1848667353000,61.149965,-3.52426773818109,-11.0465887265586,-3.69302082280189,2.0161607,0.6973027,-1.0793989,116.53954,81.527405,-8.45892,WAL
1848672372000,61.154984,-3.1660359434082,-10.9449283229933,-4.06093470278981,1.9110919,0.84207773,-1.0338894,116.63272,81.51554,-8.4618635,WAL
1848677339000,61.159951,-2.78851656340956,-10.744088976438,-4.03074738974359,1.8490891,1.0189233,-1.024421,116.83572,81.56522,-8.40685,WAL
1848682350000,61.164962,-2.39418747481438,-10.4827867326997,-3.76944484835165,1.8356501,1.1734722,-0.9987647,117.070076,81.59852,-8.369823,WAL
1848687343000,61.169955,-1.95889590350787,-10.3542514048966,-3.23579914445016,1.8029687,1.2690725,-0.93828905,117.39052,81.677605,-8.291465,WAL
1848692323000,61.174935,-1.49771962493571,-10.3100958488839,-2.52931624207386,1.8362609,1.2754866,-0.8918633,117.72448,81.75187,-8.217063,WAL
1848697352000,61.179964,-1.22012216426725,-10.4252214475045,-1.98410520047723,1.8408424,1.0937542,-0.8533788,117.99076,81.847725,-8.119858,WAL
1848702347000,61.184959,-1.03939300275403,-10.6202188876019,-1.52752639420362,1.8423696,0.95569867,-0.8597928,118.267975,81.9419,-8.024008,WAL
1848707360000,61.189972,-0.906890815722297,-10.8732185206923,-1.30866300235931,1.7941113,0.86559606,-0.92087936,118.4729,82.10047,-7.8508754,WAL
1848712381000,61.194993,-0.799952254650938,-11.1568377794914,-1.21567298513827,1.7715092,0.8524625,-1.0143417,118.6584,82.262054,-7.6712084,WAL
1848717378000,61.19999,-0.624866062104838,-11.4007397758812,-1.38408898265832,1.7702875,0.9245446,-1.1044444,118.84653,82.465,-7.430731,WAL
1848722361000,61.204973,-0.403153473715786,-11.6176328908191,-1.73111736261994,1.7989981,1.1114693,-1.142318,119.06272,82.66363,-7.186545,WAL
1848727373000,61.209985,-0.219286257217679,-11.8264808780667,-2.10128584900303,1.8197676,1.3616186,-1.1930199,119.34452,82.89264,-6.894397,WAL
1848732345000,61.214957,-0.0617771348359827,-12.0277424857117,-2.48193290389598,1.7947221,1.629483,-1.2412782,119.6832,83.11321,-6.6023946,WAL
1848737350000,61.219962,0.100824978598131,-12.0887739481733,-2.73998380012744,1.8002199,1.7486018,-1.2415836,120.08258,83.356346,-6.283762,WAL
1848742347000,61.224959,0.268542161705607,-11.9617155645709,-2.8314658893904,1.7886134,1.8924606,-1.2321151,120.56175,83.596565,-5.9655843,WAL
1848747336000,61.229948,0.318758684294135,-11.6933193468878,-2.9874699357778,1.7843374,1.9489655,-1.2140946,121.07187,83.86096,-5.635533,WAL
1848752355000,61.234967,0.270735910457588,-11.3043345613947,-3.19877008650215,1.7434094,1.997224,-1.1826351,121.61434,84.11206,-5.3213325,WAL
1848757348000,61.23996,0.163914334102107,-10.8162794983675,-3.34340839192639,1.6951511,2.0124955,-1.1307116,122.17344,84.36509,-4.9975038,WAL
1848762448000,61.24506,0.00444302095280501,-10.2315516562778,-3.43522524559216,1.6401732,2.0027218,-1.0708468,122.73192,84.6023,-4.692451,WAL
1848767389000,61.250001,-0.0695628674615155,-9.777539236667,-3.50668344961764,1.5757269,1.9999728,-1.0277808,123.29944,84.838554,-4.406803,WAL
1848772349000,61.254961,-0.074280411193763,-9.41900547164565,-3.56329404927997,1.5167783,2.005165,-0.9975429,123.85914,85.06419,-4.1392345,WAL
1848777392000,61.260004,-0.0551701742835864,-9.09150824774169,-3.54841402116087,1.4587462,2.0265455,-0.9593639,124.47552,85.25989,-3.8832815,WAL
1848782357000,61.264969,-0.0140458603430713,-8.80363844474342,-3.46616535606381,1.423316,2.008525,-0.926988,125.07337,85.4504,-3.6369784,WAL
1848787347000,61.269959,0.0257531550657713,-8.52100143096978,-3.35017054716571,1.38025,1.9596558,-0.90316427,125.69303,85.63409,-3.3856595,WAL
1848792317000,61.274929,0.0633567331232471,-8.24837538415959,-3.19035540189611,1.3023647,1.933083,-0.8713993,126.305084,85.81661,-3.1481986,WAL
1848797285000,61.279897,0.116208980916215,-7.97776294153104,-3.02952099505726,1.2110404,1.9752327,-0.8332202,126.92439,85.98556,-2.9073753,WAL
1848802353000,61.284965,0.194224267892305,-7.70470934546916,-2.86373838549327,1.1047498,2.0415115,-0.7837401,127.53501,86.15912,-2.680714,WAL
1848807302000,61.289914,0.227926868091216,-7.4162661383744,-2.64893284028219,1.0140363,2.0793853,-0.74220127,128.1529,86.31174,-2.4554152,WAL
1848812407000,61.295019,0.198779646385135,-7.0859311450318,-2.34774504328299,0.91232723,2.091908,-0.70707655,128.77461,86.47752,-2.2436838,WAL
1848817259000,61.299871,0.127696268525125,-6.7815236204066,-2.08291328170311,0.8042041,2.1346686,-0.66889745,129.40414,86.63443,-2.031888,WAL
1848822355000,61.304967,-0.0173848234349827,-6.47732135051784,-1.83955142669735,0.6994407,2.1902573,-0.6377433,130.03375,86.80624,-1.8283471,WAL
1848827319000,61.309931,-0.150868302704901,-6.22338196562945,-1.6220212721985,0.6044512,2.2589796,-0.61636305,130.66086,86.94684,-1.6332235,WAL
1848832360000,61.314972,-0.268688149945088,-6.06137958340451,-1.44529152184259,0.516792,2.3145685,-0.6068946,131.29303,87.105415,-1.4432554,WAL
1848837247000,61.319859,-0.409535851595991,-5.92514156314572,-1.22573533184271,0.4392121,2.3170118,-0.6114761,131.90685,87.23777,-1.2761761,WAL
1848842346000,61.324958,-0.61190494983616,-5.82631020547417,-0.896297227226291,0.38148534,2.312125,-0.625526,132.52744,87.385826,-1.1080178,WAL
1848847320000,61.329932,-0.817714198006746,-5.72964118239804,-0.584041339145048,0.24037547,2.2904391,-0.64934975,133.1263,87.544304,-0.9506745,WAL
1848852350000,61.334962,-1.0491415004702,-5.63116136107534,-0.29352624877604,0.077579886,2.2708917,-0.6750061,133.71773,87.72396,-0.78697,WAL
1848857318000,61.33993,-1.28231242177848,-5.55976103061184,-0.0652232690426913,-0.0711658,2.2290473,-0.68600166,134.31847,87.83068,-0.639517,WAL
1848862412000,61.345024,-1.53184822018493,-5.5453646430061,0.0355508148384812,-0.19211712,2.186592,-0.6948592,134.90675,87.97095,-0.4839502,WAL
1848867291000,61.349903,-1.70280262993066,-5.53788597310285,0.115935718199153,-0.310625,2.1410828,-0.68203104,135.47955,88.07554,-0.3636093,WAL
1848872350000,61.354962,-1.69580402180277,-5.54721749932589,0.155594526822034,-0.38453966,2.094046,-0.6649268,136.03319,88.19654,-0.24064194,WAL
1848877364000,61.359976,-1.68886766656394,-5.55646602126348,0.194900568813559,-0.42852196,2.0329595,-0.64568454,136.5803,88.301735,-0.16316317,WAL
1848882353000,61.364965,-1.68196589626348,-5.56566842970917,0.23401062934322,-0.46486846,1.988061,-0.59773165,137.11203,88.42168,-0.097676866,WAL
1848887311000,61.369923,-1.67738656476949,-5.58035008397657,0.27451020951344,-0.48533243,1.9083431,-0.5558874,137.61998,88.53437,-0.031912357,WAL
1848892323000,61.374935,-1.68940011074736,-5.6356124456525,0.327369849449367,-0.4859433,1.8154916,-0.5112942,138.10513,88.64819,0.020669859,WAL
1848897357000,61.379969,-1.70146638976823,-5.69111737954648,0.380461514939681,-0.4813618,1.7235563,-0.46792278,138.56546,88.740616,0.06609745,WAL
1848902351000,61.384963,-1.71343679052911,-5.746181273044,0.433131315785654,-0.48075095,1.6175711,-0.4260785,138.9895,88.832245,0.10068385,WAL
1848907335000,61.389947,-1.72628054759886,-5.80378940321467,0.475157325396904,-0.49418998,1.5222762,-0.38698313,139.39798,88.91579,0.123247445,WAL
1848912386000,61.394998,-1.74536048717089,-5.88010926111823,0.446537391134997,-0.5128214,1.4376713,-0.35918877,139.7742,88.999725,0.13829438,WAL
1848917341000,61.399953,-1.76457232396359,-5.95012489754626,0.42040353143366,-0.5543602,1.3487904,-0.33536503,140.12045,89.06679,0.13991144,WAL
1848922356000,61.404968,-1.78833197188087,-5.97863636588503,0.410899682190561,-0.58093286,1.2840388,-0.32070425,140.4447,89.134476,0.13718961,WAL
1848927352000,61.409964,-1.81286692031611,-6.00822072539513,0.401869577460487,-0.6441574,1.2119566,-0.31887165,140.75162,89.225006,0.12424808,WAL
1848932346000,61.414958,-1.84684066508613,-6.05068790635766,0.397622859364234,-0.7110472,1.1777482,-0.30207285,141.04642,89.32388,0.103885524,WAL
1848937253000,61.419865,-1.8802225564731,-6.09241527059137,0.393450122940863,-0.7761043,1.1291844,-0.301462,141.31316,89.44043,0.08412746,WAL
1848942351000,61.424963,-1.93387737197547,-6.17523271331487,0.333590996197448,-0.81183994,1.0830641,-0.28221974,141.56683,89.56669,0.055447478,WAL
1848947257000,61.429869,-1.98965003595806,-6.26353954857058,0.263875173498862,-0.8793405,1.0296134,-0.26847526,141.80089,89.71729,0.029501293,WAL
1848952350000,61.434962,-1.98431180328274,-6.46054035943541,0.235587453440945,-0.9425651,0.9960158,-0.24190263,142.0241,89.87435,-0.0122021325,WAL
1848957274000,61.439886,-1.96332967697632,-6.67735585935136,0.219268012131804,-1.0009027,0.9773844,-0.2003638,142.233,90.076065,-0.06072892,WAL
1848962385000,61.444997,-1.94155070712414,-6.90240541663618,0.202328803250606,-1.0451905,0.97035944,-0.16401732,142.43704,90.27341,-0.12645935,WAL
1848967358000,61.44997,-1.92035978224156,-7.12137850377713,0.185846962951995,-1.0897835,0.9691377,-0.1151481,142.63431,90.49649,-0.20577015,WAL
1848972346000,61.454958,-1.80235326467677,-7.51581956454274,0.268598868947314,-1.1410962,0.97219205,-0.05589417,142.86772,90.723785,-0.31252873,WAL
1848977295000,61.459907,-1.65575372032168,-7.96050448680276,0.380991812132179,-1.1841623,0.9618073,-0.00580322,143.0932,90.96068,-0.42803317,WAL
1848982356000,61.464968,-1.46490807945619,-8.41856640805639,0.58129191991138,-1.2131784,0.95111716,0.032070424,143.32861,91.20398,-0.5472687,WAL
1848987250000,61.469862,-1.27139103957704,-8.86223954330312,0.793688720523666,-1.2452488,0.9245446,0.05955936,143.55263,91.45829,-0.6740562,WAL
1848992321000,61.474933,-1.05048473229472,-9.43912401411118,1.07848865670992,-1.2428054,0.9098838,0.10140363,143.78278,91.663124,-0.78114164,WAL
1848997300000,61.479912,-0.829207768150393,-10.0307012655555,1.37201926184298,-1.2415836,0.8900307,0.1133155,143.99953,91.87037,-0.8833253,WAL
1849002351000,61.484963,-0.586815346242316,-10.6303787969463,1.72466838465199,-1.2315043,0.88208944,0.115453534,144.20943,91.98867,-0.93883425,WAL
1849007334000,61.489946,-0.340780882262542,-11.2218079346619,2.09372015472933,-1.187522,0.91690874,0.1160644,144.42177,92.097244,-0.9938987,WAL
1849012438000,61.49505,-0.00934805770141436,-11.9067148925092,2.49062897916187,-1.1029172,0.9773844,0.11789699,144.6662,92.07637,-1.0028135,WAL
1849017420000,61.500032,0.345552648528025,-12.6065191299109,2.88551847957046,-0.9767735,1.106277,0.09437868,144.93352,92.03772,-1.0027621,WAL
1849022354000,61.504966,0.818550107847493,-13.351111687081,3.32760831190834,-0.8020661,1.2880094,0.038179077,145.23557,91.93372,-0.9806563,WAL
1849027347000,61.509959,1.32576536939658,-14.1167200099069,3.78697305577905,-0.58246,1.5091426,-0.038179077,145.58006,91.79153,-0.94482344,WAL
1849032327000,61.514939,1.88098277182663,-14.9412715959752,4.15545941578947,-0.3539964,1.6270396,-0.12339478,145.94492,91.571724,-0.8604466,WAL
1849037311000,61.519923,2.44898672352941,-15.7817318676471,4.50180315,-0.118507855,1.8799378,-0.19242255,146.40724,91.30337,-0.7595631,WAL
1849042312000,61.524924,3.04263858567998,-16.3833359710911,4.77731237368421,-0.014966198,2.1163425,-0.36010507,146.9056,90.91818,-0.54213375,WAL
1849047352000,61.529964,3.6499177796869,-16.8979014801191,5.02764121578947,0.17195857,2.3170118,-0.54367006,147.4633,90.46748,-0.30853313,WAL
1849052351000,61.534963,4.21989340961751,-16.9375389526152,5.35535291382391,0.31856623,2.3900104,-0.7480045,148.06775,89.90607,0.056664962,WAL
1849057347000,61.539959,4.77227355908041,-16.7261927548439,5.72520758126694,0.44318274,2.2736404,-0.9639453,148.67427,89.2996,0.46128863,WAL
1849062457000,61.545069,4.95428042907731,-15.8473792134663,5.87094567880299,0.51893,1.9871446,-1.1050552,149.29498,88.609535,0.96442986,WAL
1849067390000,61.550002,4.94485547126185,-14.6786902507731,5.8992205030424,0.54702985,1.6242907,-1.1548407,149.8617,87.90789,1.4818664,WAL
1849072348000,61.55496,4.56504201694495,-13.2807557394333,5.65185200496136,0.5693264,1.2925909,-1.1236867,150.38272,87.124565,2.0710728,WAL
1849077412000,61.560024,3.98202361480775,-11.7352940605858,5.25391852685812,0.5513059,1.0503827,-1.0485502,150.82869,86.37198,2.640703,WAL
1849082350000,61.564962,3.33257864430975,-10.1750190996969,4.67452527511757,0.51068336,0.9230174,-0.9651671,151.21994,85.63888,3.1880975,WAL
1849087352000,61.569964,2.6117030961856,-8.5530491164176,3.93863159966559,0.45448375,0.9098838,-0.8790351,151.57755,84.949814,3.6981971,WAL
1849092310000,61.574922,2.03109570284136,-7.19254937373717,3.24142119845107,0.37048978,0.95356065,-0.8002335,151.90521,84.376625,4.1060505,WAL
1849097359000,61.579971,1.5158868961326,-5.94746149060774,2.54970565801105,0.24984388,1.0742066,-0.7266242,152.25264,83.8495,4.4809384,WAL
1849102350000,61.584962,1.15135622324265,-4.96720402297458,1.8867306923749,0.10170906,1.2351695,-0.6441574,152.6065,83.473625,4.7476616,WAL
1849107355000,61.589967,0.875338374305004,-4.13915072462272,1.23475768681493,-0.07238753,1.385137,-0.5390886,152.9902,83.15112,4.9806056,WAL
1849112426000,61.595038,0.719810083422031,-3.56831339654666,0.701723612742125,-0.23396139,1.5048665,-0.45234573,153.40712,82.96802,5.1324964,WAL
1849117383000,61.599995,0.645504129692819,-3.17820695276854,0.260531870025435,-0.39492437,1.5741998,-0.35063666,153.84785,82.84468,5.2471433,WAL
1849122349000,61.604961,0.605148110533553,-2.97086880212065,0.0178432615657984,-0.5320636,1.5800029,-0.23304509,154.30498,82.852875,5.303449,WAL
1849127414000,61.610026,0.591056944076692,-2.90510997627578,-0.0714008564210322,-0.68630713,1.4999796,-0.116980694,154.75122,82.913155,5.333987,WAL
1849132336000,61.614948,0.574741305051277,-3.15517941021516,-0.070063016728333,-0.82436264,1.4364496,0.0015271631,155.22604,83.10284,5.307765,WAL
1849137357000,61.619969,0.555402806936457,-3.73291674165494,0.0217947925241303,-0.9083566,1.2935071,0.06872234,155.64732,83.31167,5.274096,WAL
1849142334000,61.624946,0.536233775843555,-4.30559124844158,0.112847633920169,-1.0580186,1.1145236,0.20738874,156.0421,83.61732,5.181435,WAL
1849147359000,61.629971,0.516879871635834,-4.88378883666801,0.204778622068671,-1.2357804,0.9239337,0.3567453,156.38487,83.93546,5.079552,WAL
1849152344000,61.634956,0.409968841200516,-5.71334967407481,0.227036544362536,-1.3991868,0.7357872,0.51068336,156.68735,84.28284,4.9441385,WAL
1849157351000,61.639963,0.219667942723484,-6.78854964490525,0.184218845310051,-1.5338826,0.5720753,0.6786713,156.93547,84.65893,4.7748985,WAL
1849162393000,61.645005,-0.06514781848,-8.08244188,0.0595805123733333,-1.6291776,0.4550946,0.8436049,157.12721,85.06414,4.5470643,WAL
1849167375000,61.649987,-0.437416498088889,-9.56680479259259,-0.143046747041975,-1.6380352,0.40011674,1.0262536,157.28606,85.486725,4.276163,WAL
1849172334000,61.654946,-0.809821383176287,-11.2843801417308,-0.343359242600019,-1.5494597,0.40622538,1.1878275,157.42662,85.97043,3.910817,WAL
1849177413000,61.660025,-1.19334015377202,-13.3156093396282,-0.546955666786722,-1.3878858,0.43066,1.3093897,157.55206,86.44141,3.518238,WAL
1849182319000,61.664931,-1.48164002742863,-14.9803242600625,-0.808498734015939,-1.1902709,0.48533243,1.3503176,157.6564,86.97469,3.02299,WAL
1849187345000,61.669957,-1.66129526695249,-16.267044143448,-1.16780916236255,-0.9462303,0.6301075,1.2687671,157.7899,92.55554,2.5460293,WAL
1849192303000,61.674915,-1.78599439697824,-17.253726153323,-1.34562140302176,-0.6994407,0.7819075,1.0836749,157.9085,92.08179,2.0202188,WAL
1849197359000,61.679971,-1.8424502962398,-17.8794449624951,-1.2891655037602,-0.4343252,0.8921687,0.83291477,158.05545,91.71021,1.5608982,WAL
1849202245000,61.684857,-2.03030133345407,-18.0339603493309,-0.670844775510615,-0.18112154,0.92087936,0.58459806,158.21693,91.43768,1.1503433,WAL
1849207345000,61.689957,-2.46766053357481,-17.3803793653285,0.995051315645437,0.026572637,0.926988,0.39400807,158.4035,91.25865,0.8163162,WAL
1849212341000,61.694953,-2.86165043100968,-16.4370685054613,2.2168185534322,0.13958271,0.893085,0.28588495,158.59897,91.13645,0.52195746,WAL
1849217419000,61.700031,-3.20713318238167,-14.9946775089246,2.80413928487701,0.2275473,0.8029824,0.22418754,158.77841,91.048515,0.28478593,WAL
1849222311000,61.704923,-3.52201424454078,-13.5938946210303,3.32090124454078,0.3539964,0.6795876,0.23426682,158.84924,90.75944,-0.025678098,WAL
1849227429000,61.710041,-3.7295545881238,-12.052166649259,3.5284415881238,0.46639562,0.52626044,0.27916542,158.88373,90.5919,-0.3138052,WAL
1849232322000,61.714934,-3.90770524508164,-10.6286031368977,3.64905417573676,0.5833763,0.45723262,0.30390546,158.87971,90.6873,-0.67440367,WAL
1849237348000,61.71996,-3.97479624022302,-9.45451022152529,3.32797559164675,0.6310238,0.28527406,0.37048978,158.79958,88.92574,-1.0481082,WAL
1849242321000,61.724933,-4.02060209383933,-8.33407390389355,2.98297465337605,0.6973027,0.16126843,0.4709771,158.69246,88.38608,-1.472989,WAL
1849247356000,61.729968,-3.93980108881222,-7.45476800547068,2.4648972737309,0.72112644,0.059253927,0.5693264,158.53717,87.81078,-1.9072468,WAL
1849252299000,61.734911,-3.85133696595417,-6.60302677179858,1.93986582354997,0.7141015,-0.039095376,0.6542367,158.3369,87.22299,-2.3708544,WAL
1849257378000,61.73999,-3.68273861713846,-5.82560122070094,1.26078945433853,0.6786713,-0.1282817,0.7452556,158.10088,86.61922,-2.8563013,WAL
1849262435000,61.745047,-3.51733733725914,-5.06128946006685,0.586256474279394,0.59986967,-0.22510384,0.86162543,157.8803,86.03725,-3.3674698,WAL
1849267401000,61.750013,-3.3957762772906,-4.4721860420173,-0.049601321157098,0.45356745,-0.32650748,0.9779953,157.62485,85.45476,-3.8978853,WAL
1849272623000,61.755235,-3.27111898072987,-3.867180188907,-0.721960124893598,0.2574797,-0.47525316,1.0687088,157.37694,84.92866,-4.419286,WAL
1849277375000,61.759987,-3.20518189319931,-3.5333734681246,-1.38957360949017,0.02687807,-0.6719518,1.1548407,157.08229,84.39781,-4.967678,WAL
1849282300000,61.764912,-3.13684431826496,-3.18741427202753,-2.08149204628271,-0.20555615,-0.8552113,1.2116512,156.78745,83.92387,-5.5039463,WAL
1849287362000,61.769974,-3.06515060393537,-3.15038787097542,-2.97094503003569,-0.4382958,-0.97219205,1.2932017,156.4552,83.43605,-6.070013,WAL
1849292265000,61.774877,-2.99533237967883,-3.19693332141158,-3.87858179956384,-0.6414085,-1.0085385,1.3277156,156.09512,82.95202,-6.6375046,WAL
1849297502000,61.780114,-2.73093064087293,-3.34210005314005,-4.96699855359012,-0.83199847,-0.9068295,1.3319917,155.79773,82.503204,-7.204096,WAL
1849302319000,61.784931,-2.43639226671551,-3.50144045365292,-6.00029748900984,-0.98807454,-0.6383542,1.3289373,155.5429,82.0294,-7.7813845,WAL
1849307332000,61.789944,-2.041986884282,-4.2446439464124,-6.40748695820091,-1.0797043,-0.24129178,1.351234,155.42458,81.579155,-8.336397,WAL
1849332356000,61.814968,-0.00316522087065388,-8.41461104329513,-7.90775163597547,-0.35338554,1.5418239,1.6233743,157.03725,101.0358,-10.720356,WAL
1849337302000,61.819914,0.355569691097584,-9.64561309149705,-7.62345323853909,-0.23457226,1.7757853,1.6514742,157.77493,101.55199,-11.003303,WAL
1849342317000,61.824929,0.693599818118699,-11.1302047721134,-6.99764095681948,-0.06414085,1.8845193,1.6487253,158.57341,102.07423,-11.26993,WAL
1849347287000,61.829899,1.05183408935162,-12.6632286071393,-6.43608371695069,0.024129177,1.9727893,1.5833627,159.45383,102.47468,-11.380488,WAL
1849352319000,61.834931,1.43572525264697,-14.271684040839,-5.92098917916709,0.025350908,2.0668626,1.4639386,160.35808,102.871704,-11.463411,WAL
1849357303000,61.839915,1.77915893132117,-15.3246933015217,-5.05998797389902,0.0125227375,2.0912971,1.3038919,161.22401,103.079544,-11.396718,WAL
1849362373000,61.844985,2.0972116346367,-15.9363331352414,-3.88563955446941,-0.026572637,2.0451767,1.1395692,162.07826,103.27168,-11.29476,WAL
1849367395000,61.850007,2.39089720576716,-15.8213094118281,-2.70081985386762,-0.09254608,1.8735237,0.9639453,162.848,103.2652,-11.031785,WAL
1849372318000,61.85493,2.66326086722804,-15.1842554730246,-1.52365465781847,-0.20708331,1.63437,0.81122905,163.56169,103.256454,-10.748445,WAL
1849377300000,61.859912,2.83328892650722,-14.3812954843049,-0.557373003587444,-0.3109304,1.3640621,0.68325275,164.13394,103.0595,-10.397642,WAL
1849382298000,61.86491,2.90483588172397,-13.4273364134529,0.201024188789238,-0.3707952,1.1633929,0.5308419,164.6416,102.85483,-10.024908,WAL
1849387314000,61.869926,2.88726769746786,-12.5709312965944,0.735445002159191,-0.45142943,1.0638218,0.3717115,165.02707,102.51826,-9.628555,WAL
1849392305000,61.874917,2.78406303629404,-11.8156610821474,1.04975020238493,-0.5338962,1.0473285,0.23060162,165.37791,102.18764,-9.2185955,WAL
1849397278000,61.87989,2.51341445392214,-11.286841213615,1.26424907591941,-0.6444628,1.0134255,0.07360926,165.68672,101.86987,-8.824277,WAL
1849402321000,61.884933,2.04576109244914,-11.0081385164319,1.3681720670579,-0.7644979,0.9502009,-0.112399206,165.98055,101.54943,-8.394495,WAL
1849407278000,61.88989,1.62596473150385,-10.7699851765433,1.38859333443356,-0.84391034,0.883922,-0.26633725,166.26262,101.25524,-7.9920454,WAL
1849412346000,61.894958,1.25201285713878,-10.5760846438695,1.29625951329782,-0.8668178,0.7837401,-0.3539964,166.51762,100.96217,-7.5666475,WAL
1849417272000,61.899884,0.847184527361346,-10.4059575461491,1.11152657496387,-0.86926126,0.63194007,-0.41874814,166.7175,100.729935,-7.2047844,WAL
1849422314000,61.904926,0.343683373235185,-10.2713575926079,0.717698927276482,-0.8707884,0.5375614,-0.43768495,166.90834,100.5047,-6.8381596,WAL
1849427259000,61.909871,-0.192771858580645,-10.1932232688172,0.39831278988172,-0.8744536,0.48716503,-0.45081854,167.06891,100.33879,-6.5390615,WAL
1849432331000,61.914943,-0.813881091259518,-10.2026342043979,0.181865633061416,-0.8921687,0.33383787,-0.4999932,167.17503,100.17431,-6.2363467,WAL
1849437246000,61.919858,-1.34609756712315,-10.1435462490004,-0.120563037411935,-0.9807441,0.1518,-0.52412236,167.269,100.12612,-6.0306044,WAL
1849442319000,61.924931,-1.73946363618553,-9.92986615433826,-0.640194791997201,-1.0775663,0.05467244,-0.4914411,167.34633,100.090324,-5.833034,WAL
1849447273000,61.929885,-2.09973450423369,-9.68187698657851,-1.17831205227475,-1.1414018,0.09285152,-0.43493605,167.40314,100.15598,-5.7552204,WAL
1849452320000,61.934932,-2.41455284646205,-9.34320849373335,-1.79363867624593,-1.1606439,0.25870144,-0.37812558,167.47075,100.23854,-5.6867075,WAL
1849457290000,61.939902,-2.73833773578887,-8.90473913081451,-2.3543707910955,-1.1410962,0.5503896,-0.31764993,167.62038,100.42944,-5.711935,WAL
1849462354000,61.944966,-3.10204177284982,-8.20035038352003,-2.8147557412379,-1.0986412,0.8943067,-0.23426682,167.83073,100.62481,-5.747291,WAL
1849467311000,61.949923,-3.39107218981861,-7.61140131948508,-3.14772665731422,-1.0458013,1.2052372,-0.12644911,168.09445,100.94133,-5.82816,WAL
1849472315000,61.954927,-3.39574571304857,-7.44782781123464,-2.97947977223523,-1.0070114,1.4352279,0.010079277,168.43234,101.25967,-5.924861,WAL
1849477302000,61.959914,-3.37050101467689,-7.30970497875137,-2.79506414041621,-1.0079277,1.6475036,0.1469131,168.81891,101.694756,-6.0866785,WAL
1849482330000,61.964942,-3.15474389238275,-7.32888347195061,-2.50259334571343,-0.9990701,1.8185458,0.25534168,169.26038,102.127594,-6.265133,WAL
1849487317000,61.969929,-2.92617438559923,-7.36823005698945,-2.18329342510067,-0.9804387,1.9727893,0.33444872,169.76796,102.56346,-6.476208,WAL
1849492316000,61.974928,-2.60027922292426,-7.54265278770853,-1.66920532369127,-0.96669424,2.0983222,0.39584067,170.3153,103.00404,-6.6983514,WAL
1849497401000,61.980013,-2.27224727427853,-7.73009138292609,-1.1423556661096,-0.9324858,2.1383338,0.4560109,170.90424,103.39097,-6.911538,WAL
1849502316000,61.984928,-2.00719750992459,-8.06140360072398,-0.57439176815083,-0.874759,2.083356,0.5222898,171.4966,103.769165,-7.1329665,WAL
1849507436000,61.990048,-1.74107035777421,-8.40803623644034,0.00495962359582162,-0.8035932,1.964848,0.57757306,172.12117,104.02495,-7.336204,WAL
1849512327000,61.994939,-1.59992885092407,-8.75618494606268,0.418974707081157,-0.71868294,1.7757853,0.6151413,172.6956,104.260994,-7.54684,WAL
1849517364000,61.999976,-1.46180349107716,-9.10907648953975,0.817131681630826,-0.61208695,1.5540411,0.6374379,173.20964,104.40913,-7.7145796,WAL
1849522350000,62.004962,-1.41534058867374,-9.38785438912134,0.858948342310013,-0.5112942,1.2922854,0.63407815,173.65048,104.535866,-7.891143,WAL
1849527578000,62.01019,-1.36710105014856,-9.66352742090574,0.88645519340596,-0.41386122,1.0647382,0.61544675,174.02449,104.58496,-8.042962,WAL
1849532346000,62.014958,-1.33010090652742,-9.67174982767624,0.672676918746736,-0.34605515,0.9654725,0.6065892,174.35617,104.61811,-8.198957,WAL
1849537255000,62.019867,-1.292006589196,-9.68021538867381,0.452576761384712,-0.31429017,0.78801614,0.58184916,174.60492,104.62243,-8.347257,WAL
1849542333000,62.024945,-1.24201616400832,-9.56207657004161,0.0795233559361997,-0.27885997,0.6563747,0.56291234,174.83478,104.6114,-8.492704,WAL
1849547278000,62.02989,-1.19040832355855,-9.41194433207846,-0.323956791091738,-0.2706133,0.5687156,0.54519725,175.02243,104.59779,-8.634637,WAL
1849552351000,62.034963,-1.20731943457205,-9.2398477242538,-0.722444109389207,-0.27916542,0.54153204,0.5311473,175.21294,104.61235,-8.766702,WAL
1849557300000,62.039912,-1.24479370474402,-9.06652902905713,-1.10655567212888,-0.29565877,0.5384777,0.5296202,175.38261,104.62713,-8.896382,WAL
1849562484000,62.045096,-1.37521255611765,-8.94823031529412,-1.45529158070588,-0.34422258,0.5580254,0.5363397,175.58118,104.701836,-9.014414,WAL
1849567315000,62.049927,-1.52489521813725,-8.85751360784314,-1.7637285754902,-0.39584067,0.58032197,0.53969944,175.77614,104.77835,-9.126251,WAL
1849572348000,62.05496,-1.63249621293623,-8.77117397542786,-1.95889514134238,-0.44623706,0.63285637,0.5448918,176.00975,104.93121,-9.245628,WAL
1849577326000,62.059938,-1.71910041939956,-8.68912788258916,-2.10019680649202,-0.4831944,0.67347896,0.559858,176.24171,105.08894,-9.361994,WAL
1849582350000,62.064962,-1.85908621682894,-8.6543898670698,-2.22783114221585,-0.52931476,0.67073005,0.61117065,176.49083,105.33318,-9.519195,WAL
1849587343000,62.069955,-2.03061390784052,-8.64948923526699,-2.34545009232346,-0.5910121,0.66767573,0.64843345,176.74413,105.57933,-9.666751,WAL
1849592310000,62.074922,-2.18072862641009,-8.67185289117452,-2.38762450205707,-0.636827,0.6618725,0.6786713,177.01003,105.87483,-9.8481,WAL
1849597307000,62.079919,-2.32135943094132,-8.7081444977723,-2.3921609765665,-0.66706485,0.6603453,0.6936375,177.26959,106.17258,-10.02699,WAL
1849602344000,62.084956,-2.4011634821775,-8.73825309246646,-2.34458620955624,-0.68539083,0.65240407,0.698219,177.52386,106.51144,-10.24141,WAL
1849607355000,62.089967,-2.43087819504644,-8.76301539628483,-2.2554418123839,-0.70554936,0.634689,0.70646566,177.76788,106.84768,-10.452566,WAL
1849612355000,62.094967,-2.47486104293717,-8.90941558723489,-2.09667688817527,-0.70646566,0.6230826,0.7147123,178.009,107.20526,-10.691672,WAL
1849617321000,62.099933,-2.52719620468187,-9.12827181752701,-1.89685157611044,-0.70341134,0.5821546,0.70952,178.22833,107.55219,-10.922953,WAL
1849622348000,62.10496,-2.5270143548814,-9.34996815781219,-1.64459738755146,-0.68630713,0.5323691,0.68936145,178.44292,107.89108,-11.15855,WAL
1849627341000,62.109953,-2.49420527455401,-9.57025822152519,-1.36337608376789,-0.6618725,0.5006041,0.6750061,178.64351,108.21552,-11.386846,WAL
1849632348000,62.11496,-2.427459658572,-9.75214886020428,-1.06668327559083,-0.65087694,0.42638394,0.64812803,178.81107,108.511246,-11.617692,WAL
1849637352000,62.119964,-2.33627947251152,-9.90571543661125,-0.759550288140397,-0.6053675,0.33322698,0.6218608,178.9572,108.78169,-11.840224,WAL
1849642344000,62.124956,-2.23228093093404,-10.0218267034953,-0.488738631071288,-0.5696318,0.22418754,0.5900958,179.06798,109.00962,-12.043757,WAL
1849647352000,62.129964,-2.11863013646327,-10.1118001110782,-0.242495187011256,-0.5207626,0.122478485,0.5543602,179.14905,109.21296,-12.239153,WAL
1849652346000,62.134958,-2.08978422096806,-10.2070494917675,-0.0228068973913906,-0.46761733,0.01863139,0.5128214,179.18648,109.34842,-12.408694,WAL
1849657339000,62.139951,-2.12772676191232,-10.3066489960325,0.176391071136679,-0.41783184,-0.0720821,0.46211955,179.19395,109.46252,-12.567905,WAL
1849662434000,62.145046,-2.19242241353391,-10.3840072629361,0.302252251470012,-0.35613444,-0.13622294,0.39920044,179.19487,109.526924,-12.703633,WAL
1849667389000,62.150001,-2.27613020425323,-10.4398121977656,0.362707952018816,-0.3032946,-0.18570304,0.3594942,179.17177,109.576035,-12.833817,WAL
1849672343000,62.154955,-2.38362110807723,-10.4532998325453,0.317181728739165,-0.23854288,-0.2003638,0.32650748,179.13206,109.58711,-12.95833,WAL
1849677350000,62.159962,-2.51587401945429,-10.4249598771671,0.166035717633964,-0.17501289,-0.1685988,0.32589662,179.0914,109.58627,-13.077877,WAL
1849682348000,62.16496,-2.62990973458787,-10.3525656989121,-0.048532625046555,-0.10476339,-0.08582657,0.3555236,179.0576,109.5807,-13.208333,WAL
1849687348000,62.16996,-2.72377232402235,-10.2305442346369,-0.334813723743017,-0.006414085,0.025350908,0.41386122,179.04372,109.563,-13.339004,WAL
1849692308000,62.17492,-2.72374795967821,-10.0876415025998,-0.634782654159717,0.108123146,0.16401732,0.4914411,179.06786,109.57723,-13.498523,WAL
1849697374000,62.179986,-2.59523472732267,-9.91153078230158,-0.963205201682527,0.20922135,0.3109304,0.58459806,179.13167,109.59042,-13.665845,WAL
1849702313000,62.184925,-2.41495300996106,-9.74628820926419,-1.30969849046936,0.3115413,0.4804455,0.66339964,179.2587,109.64648,-13.854909,WAL
1849707359000,62.189971,-2.14257641457266,-9.58781495429391,-1.7058827138348,0.4361578,0.6704246,0.7144069,179.43745,109.691826,-14.044727,WAL
1849712328000,62.19494,-1.8375058405152,-9.4528219013028,-2.05057374410778,0.54367006,0.890947,0.74464476,179.71533,109.766075,-14.210293,WAL
1849717393000,62.200005,-1.47844648081326,-9.34270964113699,-2.34260863667588,0.6365216,1.1242975,0.7489208,180.05055,109.822624,-14.362462,WAL
1849722246000,62.204858,-1.1029195111036,-9.27084012407068,-2.53092704017573,0.6899723,1.2302825,0.7461719,180.4672,109.89057,-14.459849,WAL
1849727349000,62.209961,-0.659371973832191,-9.24724718673361,-2.58755018832674,0.6936375,1.4373659,0.7467828,180.97446,109.94729,-14.529705,WAL
1849732251000,62.214863,-0.238205392933478,-9.29284563973627,-2.57996183539658,0.67347896,1.6114625,0.7538077,181.55885,109.998474,-14.52111,WAL
1849737348000,62.21996,0.189304509012006,-9.48498528557371,-2.44066090564849,0.61727935,1.7394388,0.7464773,182.17822,110.045395,-14.490906,WAL
1849742274000,62.224886,0.592702903576288,-9.74406679689019,-2.2612638172206,0.54183745,1.7828102,0.72418076,182.8999,110.06992,-14.376252,WAL
1849747361000,62.229973,0.985660033862974,-10.1891026705539,-1.96772948180758,0.45937067,1.7754798,0.6753115,183.62846,110.091156,-14.240701,WAL
1849752277000,62.234889,1.33891525834172,-10.6388707443148,-1.64846444304689,0.3827071,1.7003434,0.6035349,184.37987,110.041245,-14.008681,WAL
1849757362000,62.239974,1.61822594761521,-11.1680909168847,-1.20254739746428,0.3286455,1.5506815,0.4972443,185.0895,109.98081,-13.756719,WAL
1849762425000,62.245037,1.75560346571928,-11.7108342165195,-0.732166764827079,0.30115658,1.3539828,0.36743546,185.79095,109.81771,-13.4080925,WAL
1849767364000,62.249976,1.52937168940397,-12.2807644701987,-0.205742777483444,0.30726522,1.1496484,0.25625798,186.43198,109.64179,-13.049366,WAL
1849772287000,62.254899,1.29267093776787,-12.8278597473898,0.26495379389924,0.35827246,0.9767735,0.15607607,187.02748,109.338715,-12.621688,WAL
1849777357000,62.259969,0.913685657362392,-13.1379386860618,0.0976096519590471,0.45875978,0.8668178,0.074830994,187.57158,109.01278,-12.186851,WAL
1849782299000,62.264911,0.545847782951273,-13.4393096894851,-0.0720971610266325,0.6020077,0.8194757,0.01863139,188.03416,108.594635,-11.786236,WAL
1849787348000,62.26996,0.183364972765832,-13.7397884389426,-0.30103365626159,0.79534656,0.80970186,-0.00580322,188.47258,108.14381,-11.386648,WAL
1849792301000,62.274913,-0.16208328484913,-14.0289305794971,-0.521209817396518,1.0195341,0.8396343,-0.0067195175,188.88483,107.70019,-11.043638,WAL
1849797338000,62.27995,-0.395344285062863,-14.2575265918762,-0.693822965251451,1.2651019,0.90469146,-0.017715093,189.30223,107.2128,-10.69845,WAL
1849802598000,62.28521,-0.621483099129144,-14.4882066427511,-0.864604151682336,1.5192219,0.9984592,-0.026267206,189.72816,106.73463,-10.416877,WAL
1849807350000,62.289962,-0.607972281387432,-14.5962931282533,-0.900633035047006,1.765706,1.1004738,-0.03756821,190.1747,106.212814,-10.134627,WAL
1849812631000,62.295243,-0.588400543137488,-14.7172130259149,-0.94174394962908,1.9785925,1.1994339,-0.04642576,190.63869,105.68916,-9.885102,WAL
1849817378000,62.29999,-0.498467590464886,-14.8386225984174,-0.995703746587537,2.1563544,1.2586879,-0.063224554,191.12001,105.12969,-9.633842,WAL
1849822672000,62.305284,-0.396828417171284,-14.9671496504097,-1.04905086621147,2.3280075,1.3240504,-0.086437434,191.64163,104.53619,-9.377767,WAL
1849827360000,62.309972,-0.278588670717909,-14.9364947397581,-0.952707344713227,2.4923303,1.3637567,-0.105068825,192.1729,103.92072,-9.124407,WAL
1849832296000,62.314908,-0.154093920612563,-14.9042181529458,-0.851267152282482,2.568383,1.4080443,-0.15454891,192.74832,103.29228,-8.846356,WAL
1849837350000,62.319962,0.0166273096315071,-14.5852840083837,-0.786444607330864,2.7229319,1.4291192,-0.22571471,193.32692,102.624306,-8.565032,WAL
1849842267000,62.324879,0.186475123674205,-14.2501788105869,-0.72676834251316,2.888171,1.4242324,-0.29046643,193.90903,101.95051,-8.2794485,WAL
1849847354000,62.329966,0.142349095204393,-13.771003614094,-0.662733731079927,3.0723467,1.4043792,-0.3555236,194.51013,101.23018,-7.970381,WAL
1849852250000,62.334862,0.0660618526418548,-13.2894403926175,-0.600750361122636,3.2467487,1.3588698,-0.42546764,195.1008,100.490135,-7.6527123,WAL
1849857357000,62.339969,-0.12523838345393,-12.8425379313402,-0.776461279689895,3.4461963,1.2904528,-0.47250426,195.70518,99.71812,-7.323192,WAL
1849862350000,62.344962,-0.325505611270718,-12.4121768812155,-0.976728525303867,3.598607,1.284955,-0.51251596,196.31432,98.942665,-6.9854774,WAL
1849867414000,62.350026,-0.571405273242567,-12.0306317429172,-1.24212883141456,3.7522397,1.3869696,-0.5525276,196.938,98.17744,-6.66812,WAL
1849872336000,62.354948,-0.830944501307438,-11.6861523501852,-1.52998137543298,3.8670824,1.6108516,-0.6041457,197.59723,97.43262,-6.3434806,WAL
1849877351000,62.359963,-1.12683138082596,-11.4902005063913,-1.59976743512291,3.987423,1.858863,-0.65484756,198.30827,96.7736,-6.059811,WAL
1849882340000,62.364952,-1.43689957042773,-11.3727505181908,-1.55748548842675,4.1077633,2.071444,-0.70341134,199.07379,96.16262,-5.767808,WAL
1849887344000,62.369956,-1.7091269460525,-11.4004753303033,-1.51094750708814,4.185954,2.1731532,-0.7654142,199.90065,95.675156,-5.506485,WAL
1849892323000,62.374935,-1.95750083440915,-11.5124868116638,-1.46224672372587,4.1648793,2.2131648,-0.8381071,200.76619,95.26644,-5.2331815,WAL
1849897352000,62.379964,-2.17521735032875,-11.6269760466228,-1.59434660233114,4.046066,2.2208006,-0.9315695,201.6243,85.00079,-4.9951005,WAL
1849902343000,62.384955,-2.37520833129109,-11.7412564224945,-1.81338427945806,3.8457022,2.2085834,-1.0320568,202.48468,85.16535,-4.7404666,WAL
1849907337000,62.389949,-2.51212361192503,-11.8464648516783,-1.99930057748876,3.5827246,2.130698,-1.1148291,203.31688,85.19378,-4.5103426,WAL
1849912416000,62.395028,-2.61910783889261,-11.948797691881,-2.17140562770393,3.3191364,1.9617938,-1.2232577,204.11559,85.16799,-4.248418,WAL
1849917422000,62.400034,-2.57409587564756,-12.0813606420472,-2.40277624976594,3.0521882,1.7730364,-1.4077389,204.89111,85.126625,-3.9721348,WAL
1849922354000,62.404966,-2.42669300233018,-12.2336775071258,-2.67301485939873,2.7134633,1.6737708,-1.6022996,205.63632,85.10701,-3.6643171,WAL
1849927349000,62.409961,-2.32926914340758,-12.2946737276866,-3.06526078818078,2.5130997,1.4480561,-1.6639969,206.29185,85.09152,-3.352416,WAL
1849932344000,62.414956,-2.25927637093156,-12.3063390138189,-3.52021368746545,2.1401663,1.2589933,-1.7406605,206.91968,85.18273,-2.983637,WAL
1849937269000,62.419881,-2.15904054811612,-12.2555714058061,-3.97456119434836,1.8124372,1.1215485,-1.8167132,207.49962,85.33541,-2.579368,WAL
1849942360000,62.424972,-1.90808558863496,-11.909253431748,-4.47145196590488,1.5244142,1.073901,-1.8719965,208.03691,85.53691,-2.1638236,WAL
1849947280000,62.429892,-1.65880063070782,-11.4698192411644,-4.878167747454,1.3240504,1.0894781,-1.858863,208.49997,85.79994,-1.7483718,WAL
1849952349000,62.434961,-1.37994315038458,-10.6757841544153,-5.05777094063869,1.1826351,1.1209377,-1.7208074,208.93765,86.077415,-1.3602471,WAL
1849957344000,62.439956,-1.1304236132314,-9.95180843722435,-5.25603110373419,1.1386528,1.2483032,-1.505172,209.31924,86.32749,-0.9923907,WAL
1849962414000,62.445026,-0.982899682034696,-9.46164831079095,-5.54632008315201,1.1899655,1.4935656,-1.284955,209.73184,86.54874,-0.6740569,WAL
1849967329000,62.449941,-0.803855139649506,-9.07096888705148,-5.75046170735309,1.2922854,1.8787161,-1.1023064,210.12439,86.637115,-0.40198207,WAL
1849972357000,62.454969,-0.418237027836714,-9.14608924648986,-5.52510041986479,1.398576,2.2974641,-0.98563105,210.59126,86.68798,-0.18147673,WAL
1849977295000,62.459907,-0.0689374950385299,-9.28508002074689,-5.14586749926892,1.5372424,2.5717428,-0.9483683,211.0968,86.705315,0.019927077,WAL
1849982328000,62.46494,0.18344381149674,-9.65650915560166,-4.20300898737404,1.6380352,2.6615398,-0.9663888,211.66643,86.69505,0.19908333,WAL
1849987321000,62.469933,0.40779605297808,-10.0546913681028,-3.29423327906274,1.7033978,2.6422975,-1.0482447,212.2934,86.60487,0.42928994,WAL
1849992307000,62.474919,0.529607151583522,-10.5690049939531,-2.49118220219199,1.7201965,2.529593,-1.1456778,212.91707,86.486984,0.66723746,WAL
1849997329000,62.479941,0.652408636875186,-11.0809690657282,-1.72896060005948,1.6694947,2.4211645,-1.2647965,213.58452,86.21769,0.96702975,WAL
1850002318000,62.48493,0.775561837265788,-11.5262151825121,-1.45897102505205,1.5732834,2.3640485,-1.3610078,214.2317,85.93791,1.2843521,WAL
1850007373000,62.489985,0.892108953444012,-11.9507068741967,-1.20521180617332,1.4483615,2.3289237,-1.434617,214.8952,85.53795,1.6381911,WAL
1850012435000,62.495047,0.910990257804284,-12.0592742054528,-1.18633049688413,1.3136657,2.3353379,-1.4660766,215.55167,85.15235,2.0005298,WAL
1850017615000,62.500227,0.923698546354167,-12.1422374385016,-1.21003401432292,1.16492,2.4049764,-1.4880677,216.22162,84.74161,2.3862867,WAL
1850022346000,62.504958,0.855627834166667,-11.8790310208333,-1.75006164791667,1.0198395,2.4834726,-1.486846,216.89287,84.35668,2.7657824,WAL
1850027654000,62.510266,0.740039158657845,-11.5259858412098,-2.37789021304348,0.98654735,2.8044822,-1.38025,217.65146,83.98137,3.101158,WAL
1850032349000,62.514961,0.234108067583041,-10.6193572090197,-3.15904781242236,0.8943067,2.9248228,-1.3310753,218.37209,83.64353,3.448212,WAL
1850037250000,62.519862,-0.294021490959582,-9.67294891799442,-3.97447984534162,0.8597928,3.121827,-1.2522738,219.16072,83.38639,3.7350836,WAL
1850042311000,62.524923,-0.661517846849633,-9.19013624391187,-4.40237695693854,0.7996226,3.2950072,-1.1621711,219.9701,83.162415,3.9977803,WAL
1850047269000,62.529881,-0.973535940912254,-8.85058726894086,-4.70980663952455,0.74097955,3.4694092,-1.0790935,220.82849,82.95457,4.23088,WAL
1850052315000,62.534927,-1.15664437479499,-8.50979269335347,-4.91781227073802,0.67164636,3.6529741,-1.0354166,221.6911,82.918045,4.369524,WAL
1850057290000,62.539902,-1.28516352617609,-8.17564291049849,-5.08231670076608,0.6273586,3.8347065,-0.9975429,222.59639,82.8989,4.482066,WAL
1850062372000,62.544984,-1.23554833492283,-7.97182764050257,-4.85775370121686,0.6065892,3.9752057,-0.9660834,223.5234,82.956924,4.5382304,WAL
1850067371000,62.549983,-1.15976758986941,-7.79184850700435,-4.57831232129007,0.61911196,4.0759983,-0.9450085,224.48628,83.01856,4.58537,WAL
1850072314000,62.554926,-1.07708931137613,-7.683843680759,-4.13188593843767,0.6093381,4.108374,-0.9428705,225.46123,83.11281,4.6128173,WAL
1850077320000,62.559932,-0.992071602863983,-7.58607318946622,-3.65153582542117,0.59956425,4.0692787,-0.94989544,226.4412,83.20327,4.638912,WAL
1850082321000,62.564933,-0.872217279216213,-7.46695426553614,-2.97686384233275,0.5907067,3.986812,-0.9602802,227.43135,83.24898,4.68038,WAL
1850087313000,62.569925,-0.728859283062765,-7.33348312385482,-2.17109304882639,0.5714644,3.8423424,-0.96974856,228.38847,83.29509,4.727842,WAL
1850092307000,62.574919,-0.68615199186744,-7.22286367066575,-1.33212635494247,0.5137377,3.63587,-0.98563105,229.31984,83.26573,4.8021994,WAL
1850097324000,62.579936,-0.695601653702429,-7.12364212272593,-0.472206540857508,0.4352415,3.3814445,-1.0027353,230.1906,83.241035,4.88422,WAL
1850102350000,62.584962,-0.831100775445368,-7.10183638732185,0.113758702692993,0.3191771,3.0860913,-1.0164797,231.01018,83.11388,4.9926214,WAL
1850107300000,62.589912,-1.03753669438836,-7.12529514474465,0.53132226756829,0.19150625,2.8130345,-1.0250319,231.75673,83.00228,5.1083145,WAL
1850112320000,62.594932,-1.32230514965236,-7.18661748109853,0.664509407800953,0.06566802,2.5842655,-1.0396926,232.39874,82.7645,5.2298093,WAL
1850117319000,62.599931,-1.65516292910211,-7.27220936803735,0.607448086948749,-0.040927973,2.5127943,-1.0290025,233.00104,82.55277,5.346868,WAL
1850122315000,62.604927,-1.97047008055014,-7.42592067787749,0.443262687658213,-0.090713486,2.4269676,-1.0341948,233.51434,82.30138,5.4322286,WAL
1850127317000,62.609929,-2.27418715868123,-7.62684124026531,0.204961603542723,-0.11728613,2.4168882,-1.040609,234.02383,82.069695,5.513385,WAL
1850132319000,62.614931,-2.51535804667943,-7.87844890387987,-0.108237328768316,-0.15210545,2.4749205,-1.0396926,234.5701,81.931755,5.520223,WAL
1850137316000,62.619928,-2.70344189371158,-8.17263115180893,-0.484405206134838,-0.18448131,2.5961773,-1.0326678,235.12387,81.798485,5.5257936,WAL
1850142302000,62.624914,-2.75589952527953,-8.46042646135148,-0.79824108765192,-0.21227567,2.7617218,-1.0173961,235.68353,81.74951,5.452652,WAL
1850147325000,62.629937,-2.69977398353913,-8.74573188458921,-1.06483760627127,-0.21074851,2.919325,-0.9914343,236.26413,81.70214,5.374333,WAL
1850152315000,62.634927,-2.57463344958833,-8.99643793978772,-1.19947396283107,-0.18417588,3.041498,-0.9660834,236.88315,81.76057,5.2423353,WAL
1850157298000,62.63991,-2.38054849122111,-9.21419172800317,-1.20420773868664,-0.14294247,3.1181617,-0.94806284,237.52043,81.81418,5.107422,WAL
1850162379000,62.644991,-2.15334329057715,-9.34180300559482,-1.16236662114252,-0.080634214,3.1496212,-0.93279123,238.18753,81.92081,4.970789,WAL
1850167345000,62.649957,-1.90126682987829,-9.36981157705143,-1.07367302275226,-0.036957346,3.1499267,-0.9236283,238.85565,82.0194,4.835431,WAL
1850172294000,62.654906,-1.67253246495861,-9.3185919239259,-0.951788112219156,0.0125227375,3.1059444,-0.9266826,239.53262,82.097084,4.7253556,WAL
1850177294000,62.659906,-1.46963406133228,-9.1675976393378,-0.786638230469058,0.049785517,3.0271428,-0.9263771,240.1889,82.16509,4.6182275,WAL
1850182291000,62.664903,-1.31185779767507,-8.99637307700177,-0.605258115585418,0.062308256,2.9364293,-0.9257663,240.84163,82.19056,4.553128,WAL
1850187311000,62.669923,-1.21796890527295,-8.79518279335999,-0.399596782692272,0.05100725,2.8185322,-0.91690874,241.45447,82.211075,4.4926243,WAL
1850192290000,62.674902,-1.15408887534407,-8.58452000780869,-0.216110524765154,0.05100725,2.6676486,-0.9138544,241.732264651605,82.2083896351095,4.48096563526942,WAL
1850197314000,62.679926,-1.17287422187409,-8.34031045387994,-0.0893096798995608,-0.05222898,2.5320365,-0.9053023,242.01257,82.20568,4.4692016,WAL
1850202290000,62.684902,-1.20431790156538,-8.10507859410681,0.0282365886495396,-0.129198,2.3790147,-0.9083566,242.56683,82.193954,4.449006,WAL
1850207299000,62.689911,-1.28382655188766,-7.89305583406998,0.116579543547974,-0.1994475,2.2470677,-0.90133166,243.03864,82.147316,4.4523115,WAL
1850212382000,62.694994,-1.36903706857474,-7.67836009553278,0.201381483308838,-0.2932153,2.1380284,-0.893085,243.50375,82.118,4.42693,WAL
1850217317000,62.699929,-1.52441245621737,-7.47728599709921,0.205951349616128,-0.3811799,2.0775528,-0.8689558,243.93652,82.10608,4.3996806,WAL
1850222651000,62.705263,-1.69057832526307,-7.26084446245761,0.213219912442821,-0.42210788,1.9422461,-0.8512407,244.32523,82.0988,4.35313,WAL
1850227298000,62.70991,-1.79894390820071,-7.09055573545526,0.267402699870424,-0.5338962,1.9159788,-0.84421575,244.7191,82.129265,4.3042507,WAL
1850232298000,62.71491,-1.91554126449256,-6.90733136811897,0.325701373668145,-0.5635232,1.8723019,-0.81214535,245.10562,82.19281,4.2264667,WAL
1850237310000,62.719922,-1.97334663687253,-6.8703746754386,0.380841471754386,-0.6114761,1.8423696,-0.7834347,245.48001,82.284874,4.151051,WAL
1850242318000,62.72493,-2.00252863529054,-6.90442028947368,0.434341847894737,-0.6579019,1.8264871,-0.7443393,245.83643,82.38707,4.06747,WAL
1850247353000,62.729965,-1.92435956518163,-7.04794662058161,0.523530559729756,-0.6939429,1.8274034,-0.72326446,246.22562,82.5185,3.9679928,WAL
1850252326000,62.734938,-1.80311584825223,-7.2344755094977,0.62612139750612,-0.6881397,1.8310685,-0.7049385,246.6019,82.65295,3.8614824,WAL
1850257299000,62.739911,-1.53772047125818,-7.80700263255098,0.915537579607541,-0.67103547,1.8240436,-0.6924158,246.99734,82.803215,3.7504675,WAL
1850262344000,62.744956,-1.1938085087726,-8.58777558705271,1.30592415391497,-0.6627888,1.8102992,-0.70066243,247.38425,82.94986,3.643282,WAL
1850267280000,62.749892,-0.915305828331116,-9.06148861301545,1.55828647949453,-0.64965516,1.7776178,-0.71837753,247.78214,83.071205,3.5582972,WAL
1850272278000,62.75489,-0.67532022791364,-9.33086051007879,1.71990946430983,-0.6389651,1.7464638,-0.7150178,248.16893,83.18901,3.4728985,WAL
1850277287000,62.759899,-0.437675099722365,-9.56745579592255,1.84233197717447,-0.61636305,1.7330247,-0.7098254,248.58092,83.2088,3.4452474,WAL
1850282291000,62.764903,-0.202015587684663,-9.78347674828399,1.94052341702694,-0.6020077,1.7434094,-0.7031059,248.98427,83.22578,3.4186563,WAL
1850287275000,62.769887,0.0673633591507452,-9.94087190257077,2.0016014563369,-0.60139686,1.7971655,-0.70463306,249.40817,83.195816,3.4175062,WAL
1850292289000,62.774901,0.355558479474842,-10.0705598125438,2.04483069278784,-0.60994893,1.8701639,-0.69913524,249.83383,83.16481,3.4133294,WAL
1850297282000,62.779894,0.684909225602116,-10.1750688148902,2.14706310988609,-0.59498274,1.9941696,-0.69058317,250.29214,83.09129,3.4351068,WAL
1850302203000,62.784815,1.03002491665887,-10.2661408489626,2.27648145586859,-0.59223384,2.1416936,-0.6783658,250.77097,83.02325,3.45229,WAL
1850307231000,62.789843,1.37734985936723,-10.3710022457467,2.45625118750373,-0.5714644,2.261423,-0.66675943,251.29385,82.921616,3.50874,WAL
1850312237000,62.794849,1.72077714825391,-10.4807084045369,2.65658377683813,-0.5488624,2.3099868,-0.67256266,251.83078,82.81729,3.5636623,WAL
1850317273000,62.799885,2.02634638731915,-10.6186166008511,2.8262256093617,-0.5467244,2.366492,-0.67347896,252.45715,82.67986,3.6757557,WAL
1850322233000,62.804845,2.30933087374941,-10.7668462594799,2.97894740983452,-0.5458081,2.3774874,-0.70249504,253.07736,82.531876,3.7937534,WAL
1850327231000,62.809843,2.51775733361204,-10.9450324448161,3.07668228166806,-0.5543602,2.3258693,-0.7449502,253.75537,82.33684,3.9770823,WAL
1850332232000,62.814844,2.66792532107023,-11.1452564280936,3.13174398160535,-0.59559363,2.2186625,-0.77732605,254.41312,82.14688,4.161092,WAL
1850337229000,62.819841,2.76452397483576,-11.3247272766829,3.09115492913453,-0.63041294,2.0980167,-0.820392,255.09274,81.90784,4.4085097,WAL
1850342226000,62.824838,2.83286926123965,-11.4933126304865,3.00002797574979,-0.6230826,1.9798143,-0.8399397,255.73518,81.6679,4.6534734,WAL
1850347231000,62.829843,2.88426858224446,-11.6467953084167,2.88642175783794,-0.56382865,1.8845193,-0.8414669,256.37097,81.41248,4.924564,WAL
1850352285000,62.834897,2.92225260986855,-11.7892354120071,2.75347756199725,-0.45814893,1.8164078,-0.8344419,256.97415,81.14429,5.1923413,WAL
1850357278000,62.83989,2.87132380853062,-11.8167978971826,2.62723793997261,-0.32467487,1.7925841,-0.820392,257.55847,80.87651,5.460094,WAL
1850362330000,62.844942,2.73879623748777,-11.7410678142242,2.50417661694385,-0.15943582,1.7886134,-0.8032878,258.12213,80.582794,5.7168617,WAL
1850367290000,62.849902,2.53149958819728,-11.5119616964744,2.42892046692008,0.01863139,1.7965547,-0.77518797,258.67572,80.293945,5.9559727,WAL
1850372289000,62.854901,2.24033113962748,-11.1161547195667,2.40162349464031,0.172264,1.8206838,-0.75655663,259.2262,79.98082,6.1829762,WAL
1850377282000,62.859894,1.92783035501584,-10.6187170432946,2.38652620211193,0.27977628,1.8622227,-0.71959925,259.77322,79.688965,6.3648453,WAL
1850382294000,62.864906,1.5781019393453,-9.9496711438226,2.39159472604013,0.33505958,1.9083431,-0.68477994,260.32193,79.38417,6.53273,WAL
1850387285000,62.869897,1.30377541129063,-9.23876489859342,2.40079049168409,0.33658674,1.9834795,-0.6469063,260.87717,79.10888,6.628235,WAL
1850392267000,62.874879,1.10879341611861,-8.48150894782361,2.41439383274092,0.28924468,2.0451767,-0.59131753,261.43402,78.84642,6.7020025,WAL
1850397240000,62.879852,0.957819110775296,-7.73994712483574,2.4014880847569,0.21013765,2.0934353,-0.5366451,261.98962,78.61259,6.706933,WAL
1850402356000,62.884968,0.87857933998787,-7.00202682725159,2.34205819202466,0.10567969,2.112372,-0.46273044,262.54565,78.409676,6.686997,WAL
1850407299000,62.889911,0.851896780089355,-6.39212017956488,2.24999511247086,-0.0143553335,2.1343632,-0.38453966,263.13815,78.24306,6.6217155,WAL
1850412340000,62.894952,0.898785546605478,-5.92323246544289,2.1046399631993,-0.1441642,2.130698,-0.2996294,263.7184,78.11429,6.5342364,WAL
1850417251000,62.899863,0.946551693433837,-5.53837854915356,1.9567249308825,-0.26053402,2.1077905,-0.2669481,264.30212,78.0057,6.437633,WAL
1850422315000,62.904927,0.99998916918261,-5.28576494442552,1.791554528238,-0.31642818,2.05098,-0.17501289,264.8608,77.93158,6.304183,WAL
1850427266000,62.909878,1.02481404011453,-5.1378130558284,1.64601356731049,-0.43585235,1.9440787,-0.08735373,265.4124,77.90919,6.192807,WAL
1850432332000,62.914944,0.996560481655828,-5.18019359019703,1.52829035789576,-0.54702985,1.8102992,-0.0012217305,265.92865,77.90731,6.06226,WAL
1850437246000,62.919858,0.955877183355185,-5.33421580741955,1.43954877967819,-0.64904433,1.638646,0.06811147,266.4067,77.95752,5.9404693,WAL
1850442294000,62.924906,0.879049641726261,-5.79037906947755,1.41554009457688,-0.752586,1.4450017,0.13530666,266.83002,78.04266,5.8060546,WAL
1850447281000,62.929893,0.773047749668519,-6.35633691333589,1.37848391391071,-0.84604836,1.2202033,0.20738874,267.18564,78.18861,5.654202,WAL
1850452319000,62.934931,0.583531945464648,-7.24382564546848,1.3045265758766,-0.9465357,0.9419542,0.29352075,267.46164,78.367424,5.496332,WAL
1850457311000,62.939923,0.342432782796761,-8.21238880278491,1.19629696415169,-1.0497719,0.6432411,0.39950588,267.65347,78.61925,5.2915125,WAL
1850462323000,62.944935,-0.13158417043255,-9.57281750359471,0.935587632451116,-1.1695015,0.3304781,0.5112942,267.75372,78.904724,5.0817375,WAL
1850467321000,62.949933,-0.617178920603504,-10.9502054656068,0.656471142034393,-1.2873985,0.04520403,0.6401868,267.74194,79.3055,4.7810955,WAL
1850472315000,62.954927,-1.16806901315704,-12.4321778012654,0.280158881448735,-1.3775011,-0.18081611,0.7648033,267.65158,79.729294,4.474578,WAL
1850477313000,62.959925,-1.7194003472745,-13.9153371391953,-0.0964547906391953,-1.3973542,-0.312763,0.8723156,267.45142,80.29376,4.072024,WAL
1850482336000,62.964948,-2.38383608093203,-15.3106012383236,-0.644868908950167,-1.3335189,-0.31306845,0.9398162,267.22375,80.84764,3.6670055,WAL
1850487250000,62.969862,-3.08051878954337,-16.6352797758549,-1.25323970652106,-1.1927143,-0.20738874,0.9434814,266.9906,81.36917,3.2678056,WAL
1850492300000,62.974912,-3.46126830547663,-17.4422815260116,-1.51831741326541,-0.98624194,-0.04428773,0.86651236,266.74902,82.0255,2.781695,WAL
1850497262000,62.979874,-3.73595114975997,-18.0707919653179,-1.67195356310375,-0.7415904,0.12858713,0.7703011,266.5489,82.5954,2.3187802,WAL
1850502319000,62.984931,-3.73235992285659,-17.9166475436477,-1.17355909981002,-0.47708577,0.23732115,0.66767573,266.33936,83.227486,1.7977136,WAL
1850507346000,62.989958,-3.62447993472331,-17.4710566929072,-0.437161074327747,-0.22418754,0.301462,0.5870415,266.18024,83.73861,1.3211746,WAL
1850512392000,62.995004,-3.54928585498799,-16.3676361078032,0.55261365279954,-0.0070249503,0.3145956,0.535118,266.044,84.18251,0.84903723,WAL
1850517333000,62.999945,-3.48997021581531,-15.0033781617048,1.63017997086598,0.18417588,0.29657507,0.52442783,265.9285,84.508446,0.4131737,WAL
1850522347000,63.004959,-3.58967009932173,-13.5835102152757,2.44715512583309,0.27122417,0.25381452,0.5183192,265.87393,84.636856,0.02948251,WAL
1850527320000,63.009932,-3.73479830270323,-12.1649987507127,3.17747774341885,0.44165558,0.19394971,0.5363397,265.8134,84.654465,-0.33955806,WAL
1850532335000,63.014947,-3.76964531076609,-10.8415279144025,3.54462763427988,0.5830709,0.12522738,0.589485,265.84393,84.46651,-0.7004909,WAL
1850537314000,63.019926,-3.76477474006129,-9.5654371691522,3.77841523154239,0.66828656,0.08277224,0.66828656,265.86472,84.22899,-1.0614107,WAL
1850542354000,63.024966,-3.64807750089268,-8.53034116421345,3.52865152356675,0.68477994,0.07696902,0.7641924,265.93835,83.82257,-1.4549764,WAL
1850547345000,63.029957,-3.50110933277128,-7.57741887068042,3.14463783516167,0.62980205,0.064751714,0.86284715,265.9958,83.39953,-1.8612381,WAL
1850552347000,63.034959,-3.30676904587746,-6.83851114506582,2.50942760139562,0.5119051,0.010995574,0.95386606,266.06635,82.92119,-2.2916408,WAL
1850557367000,63.039979,-3.09739310902702,-6.16279787851133,1.79564600978917,0.3304781,-0.111177474,1.0537425,266.11005,82.45893,-2.7415187,WAL
1850562393000,63.045005,-2.89727936465946,-5.4871546691026,0.927136211078632,0.11575896,-0.258396,1.1731668,266.11966,82.05982,-3.2053566,WAL
1850567355000,63.049967,-2.70280948064893,-4.82040058076586,0.019609922923122,-0.14966199,-0.3930918,1.2968669,266.09436,81.6984,-3.6872451,WAL
1850572342000,63.054954,-2.46232628453589,-4.32911961933484,-1.36251939735626,-0.3943135,-0.56382865,1.4208726,265.9758,81.44494,-4.1821527,WAL
1850577313000,63.059925,-2.20291578907366,-3.91764089112176,-2.94581821835682,-0.6612616,-0.8142834,1.4914275,265.79474,81.23276,-4.682268,WAL
1850582319000,63.064931,-2.02539903434824,-3.78596410390105,-4.29204964852521,-0.9272934,-1.0097603,1.5293012,265.54004,81.15642,-5.189826,WAL
1850587314000,63.069926,-1.91414033358706,-3.87699392597526,-5.4400363621313,-1.1258247,-1.0598512,1.5906931,265.25543,81.07324,-5.715312,WAL
1850592309000,63.074921,-1.7949596347982,-4.12723301676933,-6.24196675500598,-1.2565498,-0.93370754,1.6557503,264.9392,81.225586,-6.195675,WAL
1850597330000,63.079942,-1.67117695918911,-4.4587936461984,-6.87414255268916,-1.3643675,-0.65668017,1.7174476,264.6509,81.32954,-6.6863823,WAL
1850602322000,63.084934,-1.49904816641294,-4.95266692017127,-7.30453409666984,-1.4333953,-0.3222314,1.7724255,264.3176,81.402336,-7.236847,WAL
1850607341000,63.089953,-1.2754618244529,-5.61834470599429,-7.53320205011101,-1.4517213,-0.020463986,1.8099937,264.0673,81.34705,-7.801471,WAL
1850612322000,63.094934,-1.02903194192629,-6.41224017417199,-7.72219589536118,-1.387275,0.10598512,1.8723019,263.84875,81.18629,-8.379175,WAL
1850617319000,63.099931,-0.765651391911548,-7.29644623620639,-7.88680856723342,-1.3393221,0.33505958,1.8979583,263.76715,80.88314,-8.956091,WAL
1850622313000,63.104925,-0.523194510920482,-8.3340771277131,-8.17704159499803,-1.1523973,0.548557,1.9795089,263.73526,80.461205,-9.51306,WAL
1850627300000,63.109912,-0.297024629114049,-9.48848570826756,-8.56341537330308,-0.883922,0.73914695,2.0693061,263.78363,100.072,-10.068486,WAL
1850632323000,63.114935,-0.072103302225573,-10.7668809329011,-8.70727582192401,-0.5390886,0.9932669,2.1303926,263.93954,100.63539,-10.569469,WAL
1850637313000,63.119925,0.148871785128669,-12.1359660349316,-8.64002242978488,-0.15577064,1.3811663,2.1346686,264.2085,101.242516,-11.060614,WAL
1850642301000,63.124913,0.335179865235368,-13.3139608987673,-7.90234269164321,0.17654006,1.8594738,2.03693,264.59766,101.794815,-11.454236,WAL
1850647312000,63.129924,0.493545280719208,-14.3386780556149,-6.60281452271183,0.33628133,2.2800546,1.8845193,265.0962,102.33241,-11.809466,WAL
1850652316000,63.134928,0.715988406231395,-14.9675008965072,-5.10092852818019,0.31795537,2.558609,1.6786577,265.70584,102.74264,-12.027867,WAL
1850657331000,63.139943,1.00668981305815,-15.1819531047827,-3.38054815459417,0.16249016,2.6762006,1.4785993,266.39014,103.114784,-12.186115,WAL
1850662340000,63.144952,1.29117084616896,-15.0989605812868,-1.96434609862475,-0.04886922,2.6612344,1.3078625,267.09827,103.29944,-12.214724,WAL
1850667397000,63.150009,1.57185501131631,-14.6850702175835,-0.87015357021611,-0.27152961,2.5476136,1.1129965,267.79593,103.44666,-12.177712,WAL
1850672284000,63.154896,1.76600671834862,-14.1034400407476,0.13203580724185,-0.5354234,2.4058928,0.8961393,268.4546,103.4314,-12.048478,WAL
1850677299000,63.159911,1.86444334678899,-13.2690727195979,1.08827707495608,-0.7309003,2.2146919,0.6969972,269.0509,103.39697,-11.880245,WAL
1850682270000,63.164882,1.84401104574091,-12.565791051165,1.85802726187325,-0.8762862,1.954158,0.49632803,269.58087,103.2655,-11.651323,WAL
1850687311000,63.169923,1.62804821640261,-12.0573787176142,2.34394353392358,-1.0064005,1.6337591,0.2602286,270.02454,103.108376,-11.371995,WAL
1850692273000,63.174885,1.38137891386999,-11.5855958367005,2.68810328350256,-1.1184943,1.2831224,0.030543262,270.386,102.88609,-11.070986,WAL
1850697334000,63.179946,1.01607886885795,-11.2000009326913,2.59170466345651,-1.1777482,0.9654725,-0.17806722,270.65533,102.63034,-10.726283,WAL
1850702248000,63.18486,0.626924787240516,-10.8627817609849,2.46147037707937,-1.1517864,0.7125743,-0.34055737,270.82892,102.350494,-10.397589,WAL
1850707359000,63.189971,0.146811474226804,-10.5933306185567,2.24590936082474,-1.044885,0.54183745,-0.46120325,270.93073,102.03443,-10.037387,WAL
1850712343000,63.194955,-0.350466675520437,-10.3675255083407,2.02016352956785,-0.88239485,0.46700647,-0.50732356,270.9769,101.756195,-9.731124,WAL
1850717334000,63.199946,-0.9053338727968,-10.2136545996488,1.76371225852112,-0.81397796,0.27672195,-0.5708536,270.93936,101.45016,-9.4027815,WAL
1850722260000,63.204872,-1.44495425349818,-10.0411836246688,1.46184019626141,-0.68569624,0.01740966,-0.5992588,270.82562,101.199,-9.173763,WAL
1850727296000,63.209908,-1.97499308054165,-9.80929190962614,1.02171870200177,-0.60139686,-0.23060162,-0.59620446,270.66522,100.9424,-8.947796,WAL
1850732273000,63.214885,-2.4550628689057,-9.57815376785385,0.519109242941502,-0.6102544,-0.49877146,-0.57971114,270.3688,100.79049,-8.8499775,WAL
1850737315000,63.219927,-2.79811895787046,-9.3375687691456,-0.21155569012733,-0.66645396,-0.6597345,-0.5513059,270.04547,100.64157,-8.762962,WAL
1850742298000,63.22491,-3.12910277062015,-9.09308377023721,-0.946888544793107,-0.7128797,-0.66431594,-0.4972443,269.67032,100.639366,-8.808819,WAL
1850747335000,63.229947,-3.36000649104351,-8.75955625146261,-1.86024157708754,-0.74281216,-0.48624873,-0.43493605,269.3197,100.65348,-8.860545,WAL
1850752311000,63.234923,-3.56567235382324,-8.42322988282026,-2.66362680933466,-0.786489,-0.17654006,-0.36987892,269.05588,100.820496,-8.976372,WAL
1850757326000,63.239938,-3.68013756246276,-8.05598725958292,-3.06425489016882,-0.82711154,0.1563815,-0.2874121,268.85883,101.007416,-9.104123,WAL
1850762409000,63.245021,-3.77618469195659,-7.68414174871691,-3.39116389053657,-0.8897252,0.47494772,-0.17989981,268.7616,101.34306,-9.286175,WAL
1850767372000,63.249984,-3.79064761596511,-7.32257086345471,-3.39598483164621,-0.981355,0.7452556,-0.05681047,268.74765,101.70823,-9.48069,WAL
1850772332000,63.254944,-3.78892145577093,-7.00878933100462,-3.34446629817967,-1.0613784,0.9468411,0.06566802,268.80222,102.17183,-9.723121,WAL
1850777304000,63.259916,-3.72801355070353,-6.86823285279937,-3.08677922577979,-1.1496484,1.0934488,0.15943582,268.91534,102.667015,-9.975662,WAL
1850782317000,63.264929,-3.6326722226922,-6.75319456244894,-2.78726277974948,-1.1905763,1.201572,0.24037547,269.09283,103.20416,-10.251472,WAL
1850787310000,63.269922,-3.38093528737406,-6.76187509485341,-2.30549039874739,-1.1759156,1.2321151,0.321926,269.28488,103.75938,-10.541409,WAL
1850792678000,63.27529,-3.10691750628484,-6.78104609580282,-1.77928572125041,-1.1099422,1.1618657,0.4071417,269.49585,104.29622,-10.836973,WAL
1850797337000,63.279949,-2.80455253109629,-6.98587404792874,-1.1648020380129,-1.0024298,1.0118983,0.4728097,269.68686,104.826065,-11.143432,WAL
1850802298000,63.28491,-2.48790909071008,-7.2165501435588,-0.55792493875573,-0.88025683,0.79626286,0.50579643,269.8533,105.26166,-11.429781,WAL
1850807344000,63.289956,-2.19856751361213,-7.5284964694078,-0.23241564091683,-0.7535023,0.68844515,0.5198463,270.00385,105.676056,-11.722976,WAL
1850812588000,63.2952,-1.90098491530066,-7.85601781061417,0.0883789855777873,-0.64812803,0.35460728,0.5216789,270.03998,105.964584,-11.994847,WAL
1850817396000,63.300008,-1.67435495322063,-8.20581653006634,0.122866148128611,-0.57726765,0.23915374,0.514654,270.10556,106.2285,-12.25383,WAL
1850822299000,63.304911,-1.44941144678154,-8.54110496890473,0.108749585232719,-0.54702985,0.06169739,0.50518554,270.05078,106.39047,-12.48351,WAL
1850827295000,63.309907,-1.25988592576748,-8.74484459972272,-0.222920126017033,-0.5458081,-0.04550946,0.49113566,269.98535,106.53736,-12.703493,WAL
1850832288000,63.3149,-1.07876545624477,-8.93707560476146,-0.576104615491491,-0.5635232,-0.105374254,0.49021935,269.9499,106.641525,-12.864803,WAL
1850837312000,63.319924,-0.962429463684553,-9.03998794401562,-1.10409097426021,-0.6282749,-0.08552113,0.49449542,269.9076,106.749245,-13.020175,WAL
1850842693000,63.325305,-0.842115172149395,-9.1460646134666,-1.66716934902683,-0.70249504,-0.0018325958,0.47708577,269.8881,106.85726,-13.120087,WAL
1850847384000,63.329996,-0.82793584610626,-9.15079114760652,-2.106728140505,-0.7867944,0.115453534,0.46975538,269.88495,106.97874,-13.218075,WAL
1850852380000,63.334992,-0.821771212173489,-9.14805305068226,-2.55038942923977,-0.88025683,0.22968534,0.4560109,269.90396,107.1479,-13.27841,WAL
1850857342000,63.339954,-0.919034604793372,-9.05542131267057,-2.70786357730994,-0.9669997,0.3277292,0.4447099,269.95026,107.32671,-13.329851,WAL
1850862551000,63.345163,-1.02491847173977,-8.95813984545187,-2.86116483217545,-1.0381655,0.37598756,0.43860126,270.0172,107.56451,-13.369883,WAL
1850867315000,63.349927,-1.17713250235502,-8.86860226287901,-2.82534970565205,-1.0815369,0.39828414,0.42394048,270.10056,107.80593,-13.39856,WAL
1850872638000,63.35525,-1.34619493564846,-8.77085378475119,-2.77990754126491,-1.0925325,0.40683624,0.42241332,270.18314,108.08761,-13.444491,WAL
1850877295000,63.359907,-1.47165579859346,-8.73624408468329,-2.61983679755553,-1.0952814,0.40469822,0.4288274,270.2645,108.370926,-13.485812,WAL
1850882257000,63.364869,-1.60533344556213,-8.69936769822485,-2.44928257159763,-1.0998629,0.40408736,0.45570546,270.33856,108.67767,-13.561831,WAL
1850887312000,63.369924,-1.7673508296326,-8.74390458474322,-2.2135817693663,-1.0705414,0.38728857,0.49113566,270.40387,108.97622,-13.640391,WAL
1850892264000,63.374876,-1.92877120684753,-8.79612837971769,-1.97619888211032,-1.0454959,0.37751472,0.5299256,270.46878,109.277145,-13.724039,WAL
1850897295000,63.379907,-2.122637083309,-9.00513681576642,-1.61783353628224,-1.0280862,0.35460728,0.5757405,270.51816,109.56747,-13.836816,WAL
1850902255000,63.384867,-2.3168016536253,-9.22703925080292,-1.25261934727981,-1.0317514,0.29016098,0.6075055,270.55078,109.85522,-13.955993,WAL
1850907347000,63.389959,-2.50816198915193,-9.459965108181,-0.802864751303566,-1.0210613,0.24831672,0.6270532,270.56754,110.123795,-14.112953,WAL
1850912291000,63.394903,-2.69261511759065,-9.68698463949655,-0.353555502996704,-1.028697,0.1423316,0.63316184,270.54678,110.392815,-14.2780695,WAL
1850917323000,63.399935,-2.80240451206534,-9.85260516920533,0.030672851948091,-1.0207558,0.021380283,0.6435465,270.50305,110.61234,-14.469673,WAL
1850922248000,63.40486,-2.89693465311153,-10.0038531086281,0.394613586515683,-1.0155635,-0.096516706,0.65209866,270.4309,110.82836,-14.662542,WAL
1850927307000,63.409919,-2.95598196793863,-10.0634342991739,0.713848871852872,-0.9786061,-0.21563543,0.6582073,270.3448,110.98595,-14.873653,WAL
1850932259000,63.414871,-3.007286743155,-10.1054111193942,1.01701396935877,-0.9251554,-0.33658674,0.64996064,270.227,111.133835,-15.083639,WAL
1850937318000,63.41993,-3.1648890961281,-10.4061299844107,1.13659571138694,-0.84604836,-0.45723262,0.6429357,270.08377,111.22459,-15.303072,WAL
1850942316000,63.424928,-3.34332298927391,-10.7589422894179,1.21364667990341,-0.7458665,-0.5888741,0.6236934,269.9066,111.29555,-15.517626,WAL
1850947304000,63.429916,-3.47454528876319,-11.0605679005765,1.06977194059611,-0.6582073,-0.6924158,0.593761,269.71118,111.31724,-15.730412,WAL
1850952319000,63.434931,-3.55291097820081,-11.306113603829,0.672719394147721,-0.56596667,-0.7788532,0.5516113,269.48837,111.314674,-15.933445,WAL
1850957291000,63.439903,-3.5064224737697,-11.4832884184473,0.161792770337426,-0.47708577,-0.80573124,0.5348125,269.2761,111.30722,-16.1602,WAL
1850962432000,63.445044,-3.38265827934835,-11.6260932008121,-0.43798776294112,-0.39400807,-0.75319684,0.5149594,269.0676,111.27897,-16.364973,WAL
1850967436000,63.450048,-3.12372602793156,-11.7345426703573,-0.939794665475591,-0.28924468,-0.60231316,0.5161811,268.88544,111.269356,-16.556915,WAL
1850972352000,63.454964,-2.77305772790136,-11.8198405896326,-1.37576058789129,-0.16340645,-0.38362336,0.54305923,268.747,111.246994,-16.73428,WAL
1850977338000,63.45995,-2.28058420324229,-11.8342798026135,-1.65369942000393,0.007330383,-0.16249016,0.5705481,268.65445,111.254166,-16.888327,WAL
1850982356000,63.464968,-1.68566298131263,-11.7965067558459,-1.81423371015917,0.18875736,0.013439035,0.5861252,268.6181,111.243256,-17.02936,WAL
1850987348000,63.46996,-0.968797458601827,-11.6588043468835,-1.85252908262572,0.3371976,0.15577064,0.5757405,268.64124,111.21741,-17.112051,WAL
1850992301000,63.474913,-0.154665023627421,-11.4397985257453,-1.79063597106293,0.45112398,0.27672195,0.539394,268.7094,111.1666,-17.179617,WAL
1850997373000,63.479985,0.650186183318532,-11.2413505671008,-1.70146893814881,0.5002986,0.41386122,0.50579643,268.8288,111.06525,-17.169672,WAL
1851002350000,63.484962,1.41683255201303,-11.0673259853957,-1.5932919228735,0.48166725,0.5693264,0.45081854,268.98352,110.94599,-17.135658,WAL
1851007355000,63.489967,2.01990002629819,-11.0865052759638,-1.39521782373131,0.42149702,0.66645396,0.42119157,269.17584,110.75508,-17.008951,WAL
1851012409000,63.495021,2.47687417692762,-11.2816717885523,-1.11436906175256,0.37751472,0.82527894,0.4089743,269.42612,110.55866,-16.86081,WAL
1851017357000,63.499969,2.70538717796187,-11.6396345461623,-0.723902027813554,0.30268374,0.93828905,0.36987892,269.6975,110.28669,-16.607286,WAL
1851022358000,63.50497,2.71494767836111,-12.170245188442,-0.212412220614033,0.2602286,0.95386606,0.3042109,269.98074,110.0097,-16.341393,WAL
1851027312000,63.509924,2.69074569968017,-12.6593950415778,0.123906316362473,0.2648101,0.83169305,0.20250183,270.2553,109.639786,-15.995076,WAL
1851032366000,63.514978,2.6297634930316,-13.1191077240744,0.283398481230859,0.29168814,0.591623,0.10842858,270.4926,109.26308,-15.641651,WAL
1851037335000,63.519947,2.53885910993925,-13.5461494382034,0.234372814721641,0.36102137,0.3894266,0.023823744,270.69492,108.7914,-15.256827,WAL
1851042342000,63.524954,2.40514428523055,-13.9425182386217,-0.0951385783288518,0.4654793,0.24923302,-0.057421334,270.83694,108.29596,-14.862484,WAL
1851047285000,63.529897,2.25904890923154,-14.3313117280763,-0.526680110155701,0.59223384,0.23640485,-0.13530666,270.94666,107.74863,-14.452657,WAL
1851052350000,63.534962,2.08850865478654,-14.7259904689101,-1.12600733948769,0.7495316,0.3173445,-0.19425514,271.0376,107.17643,-14.036078,WAL
1851057312000,63.539924,1.87289335974874,-15.0784011168266,-1.62005861584727,0.9202685,0.5002986,-0.25717425,271.1472,106.60521,-13.61032,WAL
1851062438000,63.54505,1.58152505963992,-15.3940504508853,-1.99883751247403,1.0769554,0.7284568,-0.30085114,271.2901,106.01537,-13.177844,WAL
1851067299000,63.549911,1.29044865639519,-15.6547376181547,-2.19990307872003,1.244027,0.9651671,-0.33933565,271.48572,105.45374,-12.745401,WAL
1851072300000,63.554912,0.968745089812482,-15.864738094785,-2.16862637029574,1.4013249,1.1496484,-0.38606682,271.72803,104.87063,-12.30307,WAL
1851077300000,63.559912,0.653278415648263,-16.0567912002688,-2.07437384306245,1.5858061,1.278541,-0.45631635,272.0119,104.31001,-11.882554,WAL
1851082293000,63.564905,0.356646933920596,-16.1952194408602,-1.79257386856907,1.740966,1.3344351,-0.52381694,272.32407,103.73355,-11.458465,WAL
1851087271000,63.569883,0.0978887308069164,-16.2666283826346,-1.50939891440922,1.9049833,1.3151928,-0.59956425,272.63535,103.15632,-11.071321,WAL
1851092304000,63.574916,-0.0813436513544669,-16.1904544867528,-1.21814631152738,2.090381,1.2339478,-0.6805039,272.94128,102.55295,-10.677141,WAL
1851097334000,63.579946,-0.257290972814448,-16.0396867172651,-0.937876401698559,2.281887,1.1133019,-0.7761043,273.21786,101.935875,-10.3137455,WAL
1851102204000,63.584816,-0.412721059333477,-15.5433131975919,-0.717265977596216,2.4920247,1.0409144,-0.8524625,273.48505,101.301865,-9.946789,WAL
1851107238000,63.58985,-0.590274440927088,-14.949376303042,-0.540581386196041,2.5912905,0.8784242,-0.89766645,273.67584,100.68306,-9.615948,WAL
1851112289000,63.594901,-0.809830704075326,-14.1552371571222,-0.489195877903428,2.7882943,0.72051555,-0.9654725,273.8502,100.04424,-9.269949,WAL
1851117247000,63.599859,-1.05801223591845,-13.3877579312413,-0.49603955019988,2.9804115,0.61758476,-1.0012082,273.9877,99.46831,-8.968802,WAL
1851122252000,63.604864,-1.42207636609035,-12.6548390565661,-0.702023196347192,3.182608,0.6001751,-1.0268645,274.11185,98.92708,-8.662505,WAL
1851127258000,63.60987,-1.79187047168493,-11.9885916684926,-0.888275051548923,3.3857207,0.69027776,-1.0348058,274.23627,98.50858,-8.418481,WAL
1851132243000,63.614855,-2.17963708662637,-11.5557356626369,-1.00550682761617,3.5689802,0.850019,-1.058324,274.3868,98.17651,-8.171692,WAL
1851137229000,63.619841,-2.57045799850187,-11.150487093633,-1.11793976554307,3.7100902,1.0317514,-1.067487,274.56506,81.943214,-8.028387,WAL
1851142238000,63.62485,-2.98967351734291,-10.9907863952351,-1.18780900999792,3.8139372,1.2382239,-1.0381655,274.8094,81.93097,-7.8987722,WAL
1851147248000,63.62986,-3.405704652716,-10.8626745786263,-1.22352142802598,3.8982365,1.4239268,-1.0280862,275.08768,81.6823,-7.890841,WAL
1851152252000,63.634864,-3.8065506094568,-10.8768218842747,-1.1056254743948,3.971235,1.5613716,-1.0317514,275.42535,81.31582,-7.896658,WAL
1851157243000,63.639855,-4.21659737687537,-10.8874037317463,-0.984184991578316,3.9739838,1.5961909,-1.0522153,275.7723,80.74288,-8.040548,WAL
1851162283000,63.644895,-4.68970960732146,-10.8777486887377,-0.839354708721744,3.937332,1.5234979,-1.0619892,276.14136,80.10722,-8.18922,WAL
1851167246000,63.649858,-5.14777551476092,-10.8654152051282,-0.745245462508662,3.855476,1.3460416,-1.0763446,276.46857,79.3202,-8.454625,WAL
1851172251000,63.654863,-5.5653590012474,-10.8369435384615,-0.925565539085239,3.73819,1.1279627,-1.0635164,276.77686,78.52492,-8.715979,WAL
1851177243000,63.659855,-5.95433387579927,-10.8599047154311,-1.15065673617737,3.5708127,0.89858276,-1.0781772,277.04684,77.686165,-9.020686,WAL
1851182252000,63.664864,-6.15850285762645,-11.2302578698406,-1.68244585046026,3.363424,0.74281216,-1.1636983,277.29175,76.89261,-9.294779,WAL
1851187226000,63.669838,-6.31805601993586,-11.606272384242,-2.22886757772385,3.068987,0.7330383,-1.3307699,277.52563,76.145,-9.592811,WAL
1851192222000,63.674834,-6.11069841917309,-12.0541650617145,-2.93388385335876,2.6407704,0.86070913,-1.5436565,277.77307,75.50646,-9.84361,WAL
1851197304000,63.679916,-5.89977141215221,-12.5097676611771,-3.65103611772558,2.1138992,0.88789266,-1.68385,277.99243,75.0256,-10.080284,WAL
1851202348000,63.68496,-5.40163447730673,-12.4482296164589,-3.82210117376559,1.6716328,0.84971356,-1.758681,278.24048,74.65862,-10.268169,WAL
1851207329000,63.689941,-4.84491195795511,-12.2721720102743,-3.86968435622943,1.3133603,0.7153232,-1.7736472,278.4713,74.41086,-10.41977,WAL
1851212441000,63.695053,-4.27582379249099,-11.7344032246696,-3.57815702336804,1.1856894,0.5549711,-1.7455474,278.65015,74.34189,-10.514901,WAL
1851217249000,63.699861,-3.74105668820585,-11.1535354008811,-3.2324024695034,0.9960158,0.37201694,-1.6533068,278.77472,74.35466,-10.605531,WAL
1851222337000,63.704949,-3.27541643429947,-10.5614794978334,-3.04353784877227,0.89736104,0.24587326,-1.5415184,278.8587,74.45544,-10.579621,WAL
1851227274000,63.709886,-2.84745445523351,-9.99238150072219,-2.90240145040924,0.9126327,0.26542094,-1.400714,278.9212,74.54601,-10.584754,WAL
1851232361000,63.714973,-1.87243994788705,-9.78990999548975,-3.47907010757917,0.9914343,0.5720753,-1.2547172,279.0342,74.642136,-10.538717,WAL
1851237318000,63.71993,-0.732063730887342,-9.72939999029317,-4.29827897500735,1.0885619,1.2770138,-1.1304061,279.25787,74.70619,-10.551456,WAL
1851242347000,63.724959,-0.127668079581854,-9.90326409546351,-3.90218031518738,1.2638801,2.021964,-1.1050552,279.57657,74.747856,-10.533473,WAL
1851247362000,63.729974,0.237039199688363,-10.1779782779093,-2.97857112830375,1.4932601,2.3677137,-1.1691961,279.9758,74.751015,-10.543575,WAL
1851252355000,63.734967,0.383211782822317,-10.3433230280448,-2.13297731899713,1.6609426,2.415972,-1.2519683,280.5105,75.03795,-10.30868,WAL
1851257371000,63.739983,0.426055431602418,-10.4575735998414,-1.3189477734615,1.7928895,2.3564126,-1.3435981,281.1136,75.29559,-10.068523,WAL
1851262368000,63.74498,0.416787647048458,-10.4740184573488,-1.0074622860793,1.8347337,2.212554,-1.3884968,281.7127,75.47889,-9.763774,WAL
1851267333000,63.749945,0.381083172819383,-10.4406941011213,-0.952715396431718,1.8008307,2.0690005,-1.3897184,282.2943,75.64984,-9.448098,WAL
1851272314000,63.754926,0.345263638854626,-10.4072623552263,-0.897792081762114,1.6936239,1.9813415,-1.3833044,282.8587,75.72536,-9.125056,WAL
1851277344000,63.759956,0.309091734449339,-10.3735017284742,-0.842328465462555,1.6123788,1.947133,-1.3503176,283.3937,75.783714,-8.812173,WAL
1851282321000,63.764933,0.208892846538577,-10.1955558847193,-0.873884324701291,1.5635096,1.9547688,-1.3096951,283.91635,75.844986,-8.508178,WAL
1851287313000,63.769925,0.0749382988351846,-9.94199895166616,-0.950429793377364,1.5534303,1.9480493,-1.2492194,284.41986,75.89457,-8.223393,WAL
1851292288000,63.7749,-0.179580421634731,-9.69907825948104,-1.30329158234531,1.539075,1.9126191,-1.1728612,284.91684,75.91086,-7.9769692,WAL
1851297328000,63.77994,-0.502324547622755,-9.45822460678643,-1.8090846050998,1.5302174,1.9434677,-1.0891727,285.42432,75.9084,-7.759339,WAL
1851302314000,63.784926,-0.807481377654858,-9.15950985063329,-2.31285189330101,1.5076154,2.0018053,-1.0134255,285.92715,75.881424,-7.5978193,WAL
1851307353000,63.789965,-1.10831499288739,-8.82525028369285,-2.82379148499901,1.4972308,2.1875083,-0.95722586,286.4682,75.83929,-7.4686456,WAL
1851312407000,63.795019,-1.33602984759929,-8.567115089508,-3.05318478085359,1.5134187,2.4126122,-0.84574294,287.02005,75.79724,-7.4590163,WAL
1851317393000,63.800005,-1.52001009502075,-8.3548300560166,-3.12394647510373,1.5225816,2.5815165,-0.7724391,287.60355,75.756615,-7.464463,WAL
1851322351000,63.804963,-1.60991576563389,-8.14472348573389,-3.07874859857829,1.5228871,2.6984973,-0.7287622,288.2227,75.72572,-7.58042,WAL
1851327346000,63.809958,-1.64274774048436,-7.93366110510834,-2.96149162250221,1.4899004,2.747061,-0.70249504,288.86212,75.69339,-7.716771,WAL
1851332234000,63.814846,-1.62253928460616,-7.74065999880048,-2.84021824266294,1.4382823,2.7757716,-0.69058317,289.52228,75.633156,-7.9297013,WAL
1851337254000,63.819866,-1.56006597672931,-7.55323997481008,-2.71046609592163,1.393689,2.7779098,-0.70188415,290.18262,75.57935,-8.141106,WAL
1851342244000,63.824856,-1.51064358766646,-7.38332743542307,-2.29833159051424,1.3521502,2.7821858,-0.70463306,290.84863,75.499466,-8.382511,WAL
1851347258000,63.82987,-1.47129257336611,-7.22592353230895,-1.65395821772178,1.3329079,2.737287,-0.689056,291.49414,75.42407,-8.618724,WAL
1851352249000,63.834861,-1.51271536968344,-7.12067093660812,-0.916219135124541,1.2904528,2.600148,-0.71929383,292.12476,75.35926,-8.828098,WAL
1851357258000,63.83987,-1.60792270568622,-7.0492651239357,-0.111717044001191,1.2119566,2.4013114,-0.7623598,292.7179,75.30727,-9.028004,WAL
1851362278000,63.84489,-1.73967582128208,-6.82646299158823,0.542493430615278,1.1215485,2.1817052,-0.80909103,293.27084,75.17617,-9.225611,WAL
1851367244000,63.849856,-1.89517253387496,-6.50133376105221,1.08437581772516,0.98349303,1.9871446,-0.8396343,293.76895,75.079605,-9.40285,WAL
1851372250000,63.854862,-2.08908069318855,-6.17961760499506,1.47420810807502,0.8341365,1.7867808,-0.8393288,294.20715,74.86842,-9.610416,WAL
1851377297000,63.859909,-2.31333589259625,-5.85993489542942,1.74617708747285,0.6789767,1.5873333,-0.83260936,294.58554,74.69558,-9.797444,WAL
1851382243000,63.864855,-2.59631008685104,-5.65550999241214,1.78501885640974,0.514654,1.4156802,-0.8170323,294.92456,74.43618,-10.044529,WAL
1851387252000,63.869864,-2.9363546235623,-5.54056504472844,1.63175935958466,0.35888332,1.3066407,-0.82650065,295.22083,74.21495,-10.274435,WAL
1851392218000,63.87483,-3.22084665335328,-5.50467866274245,1.38688111746598,0.2180789,1.2776246,-0.80848014,295.49432,73.9224,-10.6063385,WAL
1851397346000,63.879958,-3.46727266118885,-5.53785157251761,1.05041479281096,0.094989546,1.3008375,-0.80878556,295.7493,73.66815,-10.918769,WAL
1851402331000,63.884943,-3.60480956814315,-5.60407364388384,0.732489449347805,0.0030543262,1.3298537,-0.79626286,295.9592,73.34165,-11.421937,WAL
1851407386000,63.889998,-3.63321128360223,-5.70821346494573,0.420070366757602,-0.048258353,1.41904,-0.78954333,296.19003,73.03914,-11.903844,WAL
1851412398000,63.89501,-3.58025462546324,-5.80377408368201,0.182629071166766,-0.13591751,1.5030339,-0.77091193,296.5382,72.90763,-12.256161,WAL
1851417444000,63.900056,-3.4262014720263,-5.89042875313808,0.033390025929468,-0.19517145,1.57084,-0.76174897,296.8999,72.778534,-12.600607,WAL
1851422285000,63.904897,-3.23112206117166,-5.94932356880109,-0.00302047679019073,-0.23884831,1.5958854,-0.745561,297.30273,72.73975,-12.904514,WAL
1851427367000,63.909979,-2.96115777425068,-5.97774092983651,0.10591243652861,-0.25473082,1.5919148,-0.7305948,297.70743,72.699036,-13.202599,WAL
1851432250000,63.914862,-2.69718744832565,-5.96599341435733,0.24766809295368,-0.27030787,1.5357152,-0.7162395,298.1142,72.71432,-13.464933,WAL
1851437358000,63.91997,-2.41272157629838,-5.88261553138159,0.463469836302386,-0.2773328,1.4355333,-0.6976081,298.49655,72.71894,-13.719696,WAL
1851442267000,63.924879,-2.15958858732301,-5.7841092396845,0.666841723977953,-0.2950479,1.3231341,-0.68844515,298.86145,72.73355,-13.959739,WAL
1851447347000,63.929959,-1.93305061450157,-5.65003576329944,0.870263529242611,-0.32620203,1.176221,-0.6753115,299.17642,72.73977,-14.187309,WAL
1851452255000,63.934867,-1.73550950857836,-5.51585177993331,1.04634813413155,-0.35705075,1.024421,-0.6579019,299.49103,72.785934,-14.331263,WAL
1851457383000,63.939995,-1.59160871973325,-5.36202680590078,1.1704005526018,-0.4083634,0.87964594,-0.64934975,299.75677,72.83356,-14.463387,WAL
1851462382000,63.944994,-1.48062330573552,-5.21491980719464,1.26124095410663,-0.4615087,0.7263188,-0.63285637,300.0105,72.929146,-14.495522,WAL
1851467420000,63.950032,-1.43634692803524,-5.0732353615674,1.28337916607323,-0.5335908,0.602924,-0.6200282,300.22522,73.02905,-14.523029,WAL
1851472293000,63.954905,-1.40180176573118,-4.93583159837627,1.30142062918713,-0.6075055,0.48197266,-0.6032294,300.41724,73.15443,-14.502237,WAL
1851477364000,63.959976,-1.43587495172898,-4.7898038762153,1.29168534605593,-0.6951646,0.39095375,-0.5739079,300.5771,73.28112,-14.48533,WAL
1851482287000,63.964899,-1.47474208320344,-4.65019623231415,1.28118296601719,-0.7834347,0.3118467,-0.54825157,300.7203,73.422356,-14.453123,WAL
1851487354000,63.969966,-1.56201847484013,-4.52413030515588,1.26178827420064,-0.8723156,0.24709499,-0.52473325,300.83685,73.56388,-14.426339,WAL
1851492318000,63.97493,-1.6456799931694,-4.40203428005464,1.24015724521858,-0.9795224,0.20769419,-0.49235737,300.95224,73.70504,-14.413244,WAL
1851497363000,63.979975,-1.71639870403981,-4.2888845986534,1.19772602854215,-1.071763,0.1853976,-0.45998153,301.04987,73.843636,-14.405385,WAL
1851502348000,63.98496,-1.78158672082709,-4.1832612530641,1.15608801255621,-1.1594223,0.17012598,-0.44165558,301.1576,73.97643,-14.418126,WAL
1851507399000,63.990011,-1.78585198992152,-4.15766932673486,1.11770059070629,-1.1954633,0.17104226,-0.38728857,301.25793,74.08849,-14.449574,WAL
1851512600000,63.995212,-1.79024392509479,-4.13131739467419,1.0781731741469,-1.2773192,0.17959438,-0.32742378,301.3763,74.1992,-14.499592,WAL
1851517427000,64.000039,-1.72886255151216,-4.22447912037952,1.09972751705871,-1.3503176,0.17898351,-0.27214047,301.48727,74.28939,-14.561986,WAL
1851522252000,64.004864,-1.65579179395137,-4.33865226848191,1.13169593176517,-1.4123205,0.19211712,-0.19303341,301.59894,74.35403,-14.646969,WAL
1851527337000,64.009949,-1.52419445286136,-4.57194687964602,1.26771682843658,-1.4972308,0.20738874,-0.122783914,301.7244,74.41753,-14.735909,WAL
1851532259000,64.014871,-1.38051227097345,-4.83150179823009,1.42993868884956,-1.563815,0.21624629,-0.027488936,301.84583,74.44379,-14.851907,WAL
1851537362000,64.019974,-1.10273531487579,-5.92093679260543,2.00260654214327,-1.6093245,0.24220806,0.06383542,301.9823,74.476616,-14.949417,WAL
1851542342000,64.024954,-0.785887394020797,-7.2755763882149,2.70518236247834,-1.6163495,0.29260445,0.14813483,302.12424,74.47403,-15.069986,WAL
1851547332000,64.029944,-0.532865776609337,-8.44827311793612,3.28119754447174,-1.598329,0.36163223,0.22021692,302.27573,74.481735,-15.156992,WAL
1851552356000,64.034968,-0.31061984652973,-9.53585975027027,3.79661891308108,-1.5470163,0.44776422,0.30726522,302.444,74.44984,-15.271079,WAL
1851557401000,64.040013,0.0726510587532467,-11.1292642063492,4.38134633165945,-1.4556919,0.5390886,0.3744604,302.61453,74.47849,-15.283912,WAL
1851562435000,64.045047,0.545703840363636,-13.0029243333333,5.00280799030303,-1.3292428,0.68875057,0.4111123,302.82565,74.48474,-15.313205,WAL
1851567443000,64.050055,1.12723021712336,-14.6361459780992,5.86556168589182,-1.1337659,0.91721416,0.37904188,303.08112,74.548874,-15.261621,WAL
1851572356000,64.054968,1.77905009326678,-16.0691905570948,6.891219323989,-0.86254174,1.1301007,0.2864958,303.3741,74.61114,-15.204398,WAL
1851577325000,64.059937,2.67210880340076,-17.0751003488713,7.56629777047787,-0.51893,1.2629639,0.1432479,303.69028,74.82644,-14.969428,WAL
1851582359000,64.064971,3.7415499060686,-17.7817793984169,7.99501624300792,-0.19517145,1.3381003,-0.11026118,304.05283,75.07879,-14.686721,WAL
1851587347000,64.069959,4.67347230585899,-18.2941731996028,8.05365685650447,-0.011911872,1.361924,-0.4279111,304.41367,75.48392,-14.209752,WAL
1851592298000,64.07491,5.49275414935452,-18.6473127390268,7.80881417343595,-0.004276057,1.3435981,-0.72112644,304.78925,75.91478,-13.690066,WAL
1851597420000,64.080032,5.81122046487354,-18.6483084606584,7.575019772501,-0.01985312,1.2345587,-0.93951076,305.12677,76.53212,-12.946555,WAL
1851602352000,64.084964,5.66901017503011,-18.3401851760337,7.36644448273786,0.027794369,1.1731668,-1.0390818,305.48404,77.13705,-12.19011,WAL
1851607387000,64.089999,4.984801415153,-17.121459205983,7.1029039097859,0.09132435,0.9975429,-1.1322387,305.78653,77.88477,-11.277683,WAL
1851612460000,64.095072,3.83541038179685,-15.121899233845,6.794183219083,0.3036,0.84604836,-1.1172725,306.0868,78.54185,-10.407573,WAL
1851617370000,64.099982,2.64102055933825,-13.0563410103648,6.4735129535579,0.54183745,0.76052725,-1.0070114,306.37195,79.10838,-9.592136,WAL
1851622353000,64.104965,1.34740152925055,-10.830555487642,6.12632836306558,0.7122689,0.72509706,-0.8594874,306.63174,79.57297,-8.820365,WAL
1851627345000,64.109957,0.120367017285519,-8.77593933799101,5.60736728131718,0.7669413,0.7312057,-0.7425067,306.88293,79.77231,-8.272755,WAL
1851632357000,64.114969,-1.03809909133281,-6.89988074154778,4.90384536886848,0.7031059,0.7687739,-0.6414085,307.1321,79.88411,-7.77431,WAL
1851637338000,64.11995,-1.98757633765715,-5.30772401396927,4.14195647295949,0.52534413,0.8509353,-0.56077427,307.38568,79.77915,-7.522403,WAL
1851642349000,64.124961,-2.68189483765715,-4.05795076396927,3.29440897295949,0.28955013,0.9755518,-0.49938235,307.66156,79.658615,-7.30053,WAL
1851647325000,64.129937,-3.12346622864573,-3.1279271220244,2.59573499834967,-0.00061086525,1.0867293,-0.43401974,307.95877,79.4646,-7.2993555,WAL
1851652353000,64.134965,-3.23905450726145,-2.60296318707742,2.08040367140428,-0.25595254,1.1456778,-0.33475417,308.27386,79.28844,-7.33122,WAL
1851657272000,64.139884,-3.35755977443862,-2.36553941304778,1.80276545368484,-0.4972443,1.1129965,-0.226631,308.6226,79.16022,-7.5062943,WAL
1851662453000,64.145065,-3.4900824664952,-2.50787863687803,1.83221489525176,-0.713796,0.97097033,-0.09468412,308.95154,79.04944,-7.717594,WAL
1851667296000,64.149908,-3.62618103922598,-2.87759027863672,1.95122038616297,-0.8897252,0.7131852,0.044593163,309.26932,78.99847,-7.983483,WAL
1851672341000,64.154953,-3.78591553096072,-3.61048960453131,2.20961450348114,-1.0687088,0.36651915,0.18600847,309.51483,78.94759,-8.280801,WAL
1851677269000,64.159881,-3.9330957502466,-4.47430510475439,2.4327923931742,-1.2632693,-0.04734206,0.34330627,309.67053,78.87398,-8.622478,WAL
1851682356000,64.164968,-4.06764705077925,-5.65643524102387,2.60578692243046,-1.45783,-0.49571714,0.5137377,309.71158,78.77538,-8.995913,WAL
1851687251000,64.169863,-4.24411931213437,-6.91634304868843,2.70030520135875,-1.6542231,-0.95386606,0.698219,309.6288,78.62659,-9.407278,WAL
1851692296000,64.174908,-4.53132871532365,-8.48915631109643,2.63648104821664,-1.8170186,-1.4480561,0.90010995,309.40222,78.432365,-9.856078,WAL
1851697332000,64.179944,-4.86106038195947,-10.1654398025772,2.42544940542003,-1.9498819,-1.6905695,1.1010846,309.12906,78.20642,-10.33292,WAL
1851702352000,64.184964,-5.35761126726343,-12.2509525332481,1.64042623976982,-1.9990565,-2.0964894,1.20371,308.6664,77.93969,-10.815789,WAL
1851707374000,64.189986,-5.80303043872188,-14.2129296153693,0.802731068275931,-2.0271564,-2.3328943,1.3778065,308.21802,77.6301,-11.355814,WAL
1851712424000,64.195036,-6.01485265353375,-15.6138456615568,-0.280450951931117,-1.9685133,-2.3677137,1.4440855,307.71628,77.293335,-11.879382,WAL
1851717384000,64.199996,-6.09096185319845,-16.8725797298181,-1.13678436710607,-1.7608191,-2.1951442,1.4138476,307.31693,77.000755,-12.387939,WAL
1851722340000,64.204952,-5.54290533302677,-17.5758374465563,-1.0106829125138,-1.4004086,-1.8848248,1.2974777,306.95325,76.669106,-12.876985,WAL
1851727326000,64.209938,-4.93482609855305,-18.1905967368421,-0.732738373499746,-0.94042706,-1.5317446,1.1004738,306.7456,76.43158,-13.268501,WAL
1851732344000,64.214956,-4.10121931945338,-18.4467788421053,0.137465820093078,-0.4718934,-1.2568552,0.8756753,306.6065,76.187645,-13.610781,WAL
1851737310000,64.219922,-3.27625095257235,-18.7003062105263,0.998652353648671,-0.1328632,-1.073901,0.6420194,306.5334,76.07157,-13.786673,WAL
1851742348000,64.22496,-2.64750880529709,-17.8427444893364,1.68951551458189,0.050396383,-0.9147707,0.441961,306.53278,75.98604,-13.909691,WAL
1851747340000,64.229952,-2.06420229586351,-16.7804616459677,2.33921458411864,0.118202426,-0.75900006,0.29229903,306.5832,75.93711,-13.982862,WAL
1851752333000,64.234945,-1.78896156321747,-15.2696714588801,2.40413060843434,0.10720685,-0.56382865,0.183565,306.5719,76.00985,-13.910921,WAL
1851757314000,64.239926,-1.57871506503055,-13.6689313357708,2.34679073149354,0.035430185,-0.4120286,0.13225232,306.5952,76.10223,-13.819723,WAL
1851762424000,64.245036,-1.46964360543854,-11.9639902807278,2.1200738582122,-0.0580322,-0.33933565,0.12339478,306.59485,76.21801,-13.694933,WAL
1851767274000,64.249886,-1.38697223097004,-10.3335275149807,1.87205978276476,-0.15943582,-0.39858958,0.13591751,306.602,76.34037,-13.566082,WAL
1851772347000,64.254959,-1.40786837533921,-8.61826453868476,1.36281177281371,-0.310625,-0.56382865,0.16310102,306.59344,76.43577,-13.467904,WAL
1851777280000,64.259892,-1.45465688123205,-6.94791385233238,0.806028161840151,-0.5164866,-0.691194,0.2415972,306.57895,76.516884,-13.389287,WAL
1851782356000,64.264968,-1.61026156813769,-5.58436392995979,0.17799506390507,-0.7611381,-0.8915578,0.29718593,306.50366,76.56593,-13.349963,WAL
1851787282000,64.269894,-1.7906909917917,-4.35836929171325,-0.446568278101402,-1.0839803,-1.2098186,0.3622431,306.35638,76.59807,-13.333678,WAL
1851792301000,64.274913,-1.94114752089716,-3.39271469442013,-1.19553966070022,-1.4370605,-1.3826935,0.45356745,306.2704,76.5789,-13.381338,WAL
1851797307000,64.279919,-2.07943117566143,-2.52963423762681,-1.98232569998409,-1.772731,-1.7348573,0.49510628,306.03903,76.55343,-13.430208,WAL
1851802340000,64.284952,-2.13068277677316,-2.06754726616436,-2.76497633602572,-1.928807,-2.0641136,0.5497787,305.86755,76.44763,-13.5517,WAL
1851807269000,64.289881,-2.14965165248141,-1.75930288735182,-3.52847407846092,-2.2003367,-2.3356433,0.6001751,305.6098,103.69346,-13.684427,WAL
1851812439000,64.295051,-2.20147306327827,-1.8950320623204,-4.33835242164011,-2.3634377,-2.5124888,0.63163465,305.1671,103.956764,-13.9081955,WAL
1851817259000,64.299871,-2.2601264,-2.17025175384615,-5.09633456923077,-2.4123068,-2.5763242,0.6426302,304.68292,104.26685,-14.145004,WAL
1851822354000,64.304966,-2.24376395661551,-2.68293630237737,-5.63644263351389,-2.3860397,-2.493552,0.6637051,304.22003,104.65234,-14.402699,WAL
1851827341000,64.309953,-2.19346048931688,-3.28178690821547,-6.05084722594042,-2.316401,-2.32984,0.700357,303.7688,105.089005,-14.67105,WAL
1851832356000,64.314968,-2.14287458827365,-3.88399981944026,-6.46757853354399,-2.2061398,-2.1658227,0.7678576,303.3739,105.60006,-14.946848,WAL
1851837319000,64.319931,-2.09281320704183,-4.47996844923262,-6.8799887986759,-2.0882428,-2.0503693,0.8228355,303.01953,106.15497,-15.229184,WAL
1851842345000,64.324957,-1.99356274476963,-5.21610044413684,-6.76036950949179,-1.9434677,-2.0182989,0.8686504,302.69562,106.75412,-15.532978,WAL
1851847352000,64.329964,-1.87503630214554,-6.00311628851097,-6.42375440451849,-1.7666223,-1.9978348,0.9111055,302.41022,107.37859,-15.848847,WAL
1851852348000,64.33496,-1.47711992220559,-7.50977257503965,-6.66259437328509,-1.5888605,-1.9248364,0.94806284,302.17685,107.99981,-16.09706,WAL
1851857410000,64.340022,-0.948515890558089,-9.35988690909992,-7.16236546267843,-1.4187346,-1.7235563,1.0277808,301.99506,108.64227,-16.36129,WAL
1851862431000,64.345043,-0.6425398972,-10.6416201466667,-6.99464426133333,-1.2186762,-1.3524556,1.1175779,301.88303,109.209755,-16.576305,WAL
1851867452000,64.350064,-0.435255545630075,-11.6732209643108,-6.52704927803509,-0.96883225,-0.9379836,1.1997393,301.84918,109.76984,-16.79525,WAL
1851872343000,64.354955,-0.223958014258734,-12.4291974229377,-5.54141174889911,-0.73945236,-0.5555819,1.2565498,301.96716,110.18618,-16.809542,WAL
1851877352000,64.359964,-0.00332971802368137,-13.0910824381055,-4.29274956340151,-0.61086524,-0.28008172,1.2916746,302.1712,110.60145,-16.82541,WAL
1851882353000,64.364965,0.220110866636336,-13.4276191065331,-3.18520721813721,-0.600786,-0.14844026,1.3151928,302.46588,110.89541,-16.7496,WAL
1851887350000,64.369962,0.445174135294142,-13.5792921825989,-2.15774437062673,-0.7351763,-0.07574729,1.325883,302.81296,111.20439,-16.674871,WAL
1851892292000,64.374904,0.645773975862069,-13.4176016206897,-1.68799472758621,-0.94042706,-0.064751714,1.2815952,303.08554,111.37719,-16.579132,WAL
1851897406000,64.380018,0.842483184294671,-13.0961500489812,-1.47209435242947,-1.1542299,-0.08368854,1.1603385,303.36087,111.56627,-16.47016,WAL
1851902350000,64.384962,1.12189534859009,-12.56810030409,-1.6379774999598,-1.2559389,-0.0421497,1.0815369,303.5453,111.67912,-16.380327,WAL
1851907406000,64.390018,1.45764079928248,-11.9063409858306,-2.0175159384685,-1.4248432,0.10873401,0.9062186,303.7405,111.80074,-16.228783,WAL
1851912406000,64.395018,1.56439047340405,-11.4168533915734,-1.83181033010214,-1.5241088,0.3735441,0.7623598,303.95215,111.91042,-16.059889,WAL
1851917364000,64.399976,1.55506386283638,-11.0158090397761,-1.36081615557847,-1.5512923,0.59773165,0.605062,304.18124,112.0038,-15.834808,WAL
1851922349000,64.404961,1.50158925839087,-10.6900110144101,-0.676480259891924,-1.5399913,0.5684101,0.40408736,304.41452,112.116234,-15.536602,WAL
1851927358000,64.40997,1.4199827587111,-10.4115892105474,0.144385231579105,-1.527774,0.25320363,0.19272798,304.61374,112.21009,-15.202914,WAL
1851932333000,64.414945,1.10035067361969,-10.2085491423161,0.503366477619095,-1.491122,-0.24220806,0.00030543262,304.7046,112.25475,-14.881376,WAL
1851937359000,64.419971,0.625448321476978,-10.0502476737094,0.575321381432131,-1.4272866,-0.83260936,-0.20616703,304.65958,112.25621,-14.536958,WAL
1851942344000,64.424956,0.06519343924711,-9.89692321835787,0.342606696504298,-1.3759739,-1.3393221,-0.3912592,304.43924,112.170135,-14.230672,WAL
1851947412000,64.430024,-0.563017062964134,-9.74346762345618,-0.0937838263610315,-1.3161092,-1.6728544,-0.54458636,304.08954,112.041405,-13.91452,WAL
1851952353000,64.434965,-1.09823453250612,-9.49359218005676,-0.582416814384969,-1.2336423,-1.8484782,-0.6606508,303.64072,111.92346,-13.6736765,WAL
1851957373000,64.439985,-1.58750544539387,-9.16897959565515,-1.12343752639201,-1.1383474,-1.8793269,-0.71776664,303.13522,111.77633,-13.42453,WAL
1851962430000,64.445042,-1.96488241599644,-8.84548736172315,-1.50860019891315,-1.0210613,-1.8414533,-0.7162395,302.656,111.71535,-13.255062,WAL
1851967444000,64.450056,-2.24480228002174,-8.5276123450252,-1.76005356219741,-0.92057395,-1.7815884,-0.64751714,302.17966,111.64211,-13.09088,WAL
1851972349000,64.454961,-2.46683397408752,-8.32322226523982,-1.98766776929104,-0.8677341,-1.7244726,-0.5540548,301.8036,111.69858,-12.9998045,WAL
1851977364000,64.459976,-2.64580195894324,-8.21308776686413,-2.20334722166062,-0.8594874,-1.6438384,-0.43127087,301.46207,111.76113,-12.930043,WAL
1851982352000,64.464964,-2.76724300349758,-8.1581729266022,-2.35001891256044,-0.8689558,-1.5225816,-0.31612277,301.22498,111.91183,-12.9105625,WAL
1851987353000,64.469965,-2.81158450041148,-8.17788034430614,-2.40421398971299,-0.90377516,-1.3600914,-0.2171626,301.03146,112.083145,-12.910059,WAL
1851992303000,64.474915,-2.72775570561403,-8.1838030247076,-2.33207945274854,-0.97097033,-1.2709051,-0.12797627,300.90482,112.35306,-12.973662,WAL
1851997402000,64.480014,-2.49454175859649,-8.17428414590643,-2.11314389847953,-1.0125091,-1.0842859,-0.0870483,300.85242,112.628265,-13.026754,WAL
1852002300000,64.484912,-2.21161490886432,-8.19499166311558,-1.85810071497487,-1.0876455,-0.9285152,0.004886922,300.83072,112.95989,-13.122935,WAL
1852007379000,64.489991,-1.83520011190955,-8.25854194874372,-1.53057106331658,-1.1707232,-0.8240572,0.106595986,300.8476,113.304344,-13.218555,WAL
1852012353000,64.494965,-1.48612685570232,-8.28734320946279,-1.23308305291671,-1.2082914,-0.77549344,0.20769419,300.84088,113.61271,-13.312842,WAL
1852017428000,64.50004,-1.15556421696402,-8.2729711296205,-0.960009513931986,-1.2278391,-0.77488256,0.2666427,300.85355,113.93977,-13.415898,WAL
1852022245000,64.504857,-0.898655430981697,-8.2846427056866,-0.775566687634335,-1.1933253,-0.80756384,0.30298916,300.8091,114.191734,-13.502745,WAL
1852027355000,64.509967,-0.716642672579035,-8.33733117196829,-0.698929761472056,-1.138042,-0.8512407,0.31948254,300.76563,114.44479,-13.599138,WAL
1852032248000,64.51486,-0.575943181765284,-8.36207229211716,-0.694733640821702,-1.0451905,-0.88697636,0.32253686,300.6724,114.61933,-13.669645,WAL
1852037356000,64.519968,-0.494204266892078,-8.33803095341066,-0.824554239021034,-0.9550878,-0.93431836,0.32895094,300.5667,114.78093,-13.748982,WAL
1852042263000,64.524875,-0.430369138765987,-8.30627304012496,-0.950452517065313,-0.84940815,-0.95203346,0.321926,300.44037,114.884865,-13.801482,WAL
1852047434000,64.530046,-0.396526354773016,-8.25309145318754,-1.0858236934238,-0.77854776,-0.93401295,0.3155119,300.31256,114.97416,-13.854932,WAL
1852052282000,64.534894,-0.382417252866012,-8.21817456769477,-1.20981085355498,-0.7333437,-0.9007208,0.30909783,300.18695,115.054016,-13.891922,WAL
1852057358000,64.53997,-0.416493265347486,-8.22304266823553,-1.33151092717805,-0.74067414,-0.86620694,0.28344148,300.06503,115.12346,-13.918304,WAL
1852062401000,64.545013,-0.463534220149676,-8.21114287898147,-1.42375668150954,-0.7651087,-0.84849185,0.27091873,299.9582,115.20381,-13.934883,WAL
1852067443000,64.550055,-0.542858192649448,-8.1582600895318,-1.44579105440358,-0.8145888,-0.8677341,0.2556471,299.84863,115.285645,-13.942975,WAL
1852072281000,64.554893,-0.621889343843424,-8.11492012879018,-1.4667470162661,-0.8579602,-0.8741482,0.24373524,299.7527,115.39132,-13.952698,WAL
1852077350000,64.559962,-0.740039226394889,-8.15922620109522,-1.48643864965014,-0.91996306,-0.8857546,0.23457226,299.64948,115.50932,-13.960729,WAL
1852082296000,64.564908,-0.856997318727219,-8.19622048822776,-1.50254157799232,-0.9923506,-0.8857546,0.24770586,299.5547,115.65715,-13.988956,WAL
1852087353000,64.569965,-0.990583919475914,-8.18190784809378,-1.49299968505566,-1.0552697,-0.8729264,0.2657264,299.46048,115.81447,-14.014898,WAL
1852092315000,64.574927,-1.11994090563815,-8.17503687304499,-1.48139456347751,-1.106277,-0.8689558,0.29749137,299.37466,116.00034,-14.066903,WAL
1852097444000,64.580056,-1.23375310863101,-8.25091170805175,-1.44345714597413,-1.128879,-0.8885035,0.30726522,299.28598,116.19062,-14.117732,WAL
1852102577000,64.585189,-1.34707714792974,-8.32569454560371,-1.4075030388669,-1.1710287,-0.90010995,0.35613444,299.21533,116.419525,-14.210085,WAL
1852107354000,64.589966,-1.44421687352572,-8.37868000974809,-1.40308759889007,-1.1948525,-0.9334021,0.36926803,299.13095,116.64133,-14.29818,WAL
1852112812000,64.595424,-1.55506650015805,-8.43980249321309,-1.3977195473875,-1.2110404,-0.9615019,0.40042216,299.05002,116.87804,-14.424182,WAL
1852117386000,64.599998,-1.64466251055225,-8.50496328216809,-1.38550195793046,-1.2113458,-0.99021256,0.44012842,298.96283,117.11546,-14.557079,WAL
1852122251000,64.604863,-1.73995866065452,-8.57426963071774,-1.37250707976943,-1.2156218,-1.0283916,0.4718934,298.8691,117.3629,-14.717127,WAL
1852127307000,64.609919,-1.83196960951496,-8.68467591562907,-1.33456479524252,-1.217149,-1.0680978,0.49663344,298.7715,117.60989,-14.885844,WAL
1852132344000,64.614956,-1.9216153853373,-8.80569730579818,-1.28974190733135,-1.2040154,-1.104139,0.52656585,298.66956,117.85523,-15.06462,WAL
1852137315000,64.619927,-2.00451533753695,-8.99851835665025,-1.19894071536946,-1.2018774,-1.1349876,0.5421429,298.55765,118.10434,-15.267513,WAL
1852142300000,64.624912,-2.08447463931034,-9.23369297586207,-1.08135355310345,-1.1896601,-1.1917981,0.5366451,298.43066,118.34421,-15.475504,WAL
1852147332000,64.629944,-2.23248517043487,-9.59944496458799,-0.929602421081817,-1.1643091,-1.235475,0.5390886,298.29993,118.57092,-15.700042,WAL
1852152320000,64.634932,-2.42302245161008,-10.0455810210137,-0.757654089687713,-1.1343768,-1.2873985,0.52626044,298.14993,118.78566,-15.921846,WAL
1852157317000,64.639929,-2.56315924465668,-10.3475355837986,-0.72369666713684,-1.0693196,-1.3264939,0.51251596,297.97296,118.95696,-16.159985,WAL
1852162386000,64.644998,-2.66301640960917,-10.5329848172201,-0.804533388980312,-0.99021256,-1.4065173,0.49357912,297.76953,119.11154,-16.398737,WAL
1852167400000,64.650012,-2.69625313898084,-10.6509757515343,-1.00356544906081,-0.9034697,-1.4651603,0.47525316,297.53973,119.20354,-16.655725,WAL
1852172313000,64.654925,-2.67000198495444,-10.7078530691836,-1.30545390310582,-0.7959574,-1.4978416,0.45723262,297.2938,119.2684,-16.907347,WAL
1852177288000,64.6599,-2.5971182777409,-10.7792894420771,-1.68130270373662,-0.68600166,-1.4648548,0.45265114,297.05173,119.31915,-17.160946,WAL
1852182326000,64.664938,-2.43698059313705,-10.8774382046039,-2.19271035343683,-0.5558874,-1.378112,0.44257188,296.81403,119.33722,-17.398735,WAL
1852187311000,64.669923,-2.15637682504328,-10.971971412964,-2.64445489278707,-0.41263947,-1.3084733,0.42943826,296.59894,119.36284,-17.611795,WAL
1852192297000,64.674909,-1.7476686796307,-11.063815853818,-3.03938622821696,-0.2779437,-1.1136073,0.42332962,296.44363,119.36127,-17.793825,WAL
1852197330000,64.679942,-1.23521809250077,-11.0820802212581,-3.29356379550666,-0.20738874,-0.8765916,0.42241332,296.34637,119.38014,-17.914566,WAL
1852202318000,64.68493,-0.583888432449127,-10.9932628040492,-3.33797276172916,-0.07727446,-0.63438356,0.44532076,296.30786,119.35975,-18.014309,WAL
1852207326000,64.689938,0.0483923777115895,-10.9708321851961,-3.23205515667945,0.016798794,-0.42363504,0.45937067,296.33072,119.32999,-18.002106,WAL
1852212407000,64.695019,0.665428498273862,-11.0234477307579,-2.9546279616534,0.055588737,-0.28405234,0.45753807,296.4014,119.28665,-17.974003,WAL
1852217391000,64.700003,1.12695475123748,-11.1764627413565,-2.56044146461364,0.028099801,-0.20066923,0.40775254,296.46985,119.18762,-17.839003,WAL
1852222304000,64.704916,1.41141104660873,-11.4475850637635,-2.02708593399773,-0.043066,-0.1881465,0.3182608,296.5518,119.08559,-17.689243,WAL
1852227290000,64.709902,1.55552178744665,-11.7363030982617,-1.49821254405121,-0.16523905,-0.24404067,0.17989981,296.57587,118.8934,-17.430946,WAL
1852232325000,64.714937,1.38486977303008,-12.0575300187363,-0.991275777891121,-0.29871312,-0.34391713,0.017104227,296.57834,118.70516,-17.151741,WAL
1852237264000,64.719876,1.11080980483392,-12.2645755229488,-0.57160858357566,-0.40622538,-0.4642576,-0.124311075,296.49728,118.409424,-16.816547,WAL
1852242292000,64.724904,0.664239013229867,-12.3055879582663,-0.266299940639727,-0.4728097,-0.6065892,-0.22021692,296.3719,118.12198,-16.470516,WAL
1852247308000,64.72992,0.228337858448894,-12.3295126730424,-0.043822619054991,-0.4822781,-0.7284568,-0.25686884,296.18576,117.77593,-16.149061,WAL
1852252322000,64.734934,-0.183054592782427,-12.3103777545328,-0.0294717208828452,-0.45081854,-0.7678576,-0.23701571,295.9832,117.43742,-15.8295765,WAL
1852257270000,64.739882,-0.532825574626331,-12.370355897113,-0.0507547224262899,-0.3659083,-0.72204274,-0.20280726,295.76117,117.09204,-15.596857,WAL
1852262334000,64.744946,-0.736385647230754,-12.6483890936732,-0.169911843104423,-0.28069258,-0.63255095,-0.16676621,295.54718,116.750084,-15.372445,WAL
1852267255000,64.749867,-0.843429246975089,-12.9510691020166,-0.272626576524318,-0.1518,-0.514654,-0.13805555,295.36664,116.4257,-15.218053,WAL
1852272270000,64.754882,-0.753223049911032,-13.3308849556149,-0.348589702626532,-0.025045475,-0.38881573,-0.12064589,295.21942,116.09277,-15.061499,WAL
1852277280000,64.759892,-0.633408310898574,-13.701488278149,-0.396613702261893,0.12003502,-0.25045475,-0.11575896,295.1187,115.75073,-14.918771,WAL
1852282283000,64.764895,-0.442273313706991,-14.0503096924304,-0.377500206534357,0.27580565,-0.12034045,-0.11575896,295.05554,115.38691,-14.769372,WAL
1852287256000,64.769868,-0.241112077122655,-14.3981919217323,-0.303907263792595,0.4465425,-0.06291912,-0.13316862,295.00742,114.96997,-14.585565,WAL
1852292282000,64.774894,-0.00949874588038886,-14.7527018657567,-0.0912011443719925,0.53786683,0.046731193,-0.1441642,295.01443,114.54676,-14.389183,WAL
1852297275000,64.779887,0.209343964413624,-15.0813416308383,0.113575890577198,0.7480045,0.12034045,-0.19761491,295.0173,114.01746,-14.1381445,WAL
1852302205000,64.784817,0.392305324030186,-15.3365246850908,0.296537235111156,0.9691377,0.1414153,-0.26633725,295.03802,113.47293,-13.880462,WAL
1852307273000,64.789885,0.556128637641154,-15.5774662248818,0.449668092664801,1.1621711,0.1441642,-0.35216382,295.05298,112.82392,-13.564209,WAL
1852312268000,64.79488,0.657701367252196,-15.7621438274298,0.514305301766239,1.3634512,0.15332718,-0.43951756,295.07507,112.12728,-13.234273,WAL
1852317307000,64.799919,0.735284653561848,-15.9134643615499,0.587390798718331,1.5387696,0.16126843,-0.54641896,295.08115,111.34271,-12.852485,WAL
1852322231000,64.804843,0.725914328037755,-15.9415754359662,0.685779265643318,1.7140878,0.18387043,-0.67073005,295.09256,110.514435,-12.449415,WAL
1852327229000,64.809841,0.710963168878696,-15.8641987327998,0.797158145359617,1.8680259,0.17348573,-0.8032878,295.09073,109.62685,-12.006862,WAL
1852332233000,64.814845,0.673549393334635,-15.3497595021958,0.956166630379623,2.0189097,0.15149458,-0.9251554,295.09207,108.70294,-11.542791,WAL
1852337229000,64.819841,0.622131001132075,-14.8044524824798,1.0910590361186,2.1930063,0.11148291,-1.0122037,295.0834,107.7334,-11.066017,WAL
1852342224000,64.824836,0.48841712,-14.0738017142857,1.08628354285714,2.422997,0.06261369,-1.061073,295.07034,106.72709,-10.579163,WAL
1852347232000,64.829844,0.314687437704837,-13.3552590636723,1.04635362033564,2.6933048,0.054061573,-1.0965031,295.05923,105.68911,-10.100422,WAL
1852352283000,64.834895,-0.100752171543929,-12.7153861176703,0.793269700217177,2.9907963,0.10293079,-1.1212431,295.05933,104.61335,-9.620002,WAL
1852357279000,64.839891,-0.536146033321119,-12.1123494264224,0.550094730167792,3.3234124,0.1554652,-1.1734722,295.07117,103.52421,-9.164713,WAL
1852362311000,64.844923,-1.14491694204243,-11.7126989608486,0.354916270364513,3.620293,0.17928895,-1.2760975,295.0968,102.39615,-8.695087,WAL
1852367372000,64.849984,-1.7603944345365,-11.3286852971044,0.134098401268852,3.8212676,0.22785273,-1.3478742,295.1778,101.34484,-8.298457,WAL
1852372283000,64.854895,-2.39876957709632,-11.1868237593002,-0.395516548276694,3.9480221,0.37140608,-1.3973542,295.30215,100.27876,-7.883493,WAL
1852377315000,64.859927,-3.04269722155057,-11.0551929965458,-0.95391319560545,3.9577959,0.6569856,-1.4223998,295.5291,99.360855,-7.5673337,WAL
1852382297000,64.864909,-3.54627440667818,-11.1055507772021,-1.71385693988486,3.8340957,1.0183123,-1.4092661,295.83163,98.5116,-7.254315,WAL
1852387601000,64.870213,-4.08525660262009,-11.1698271475983,-2.50361978908297,3.6193767,1.3106114,-1.3756685,296.28336,97.920044,-7.071754,WAL
1852392273000,64.874885,-4.61930519262494,-11.4477061919457,-2.79886616035905,3.3884695,1.4062119,-1.351234,296.78903,97.424126,-6.9000726,WAL
1852397307000,64.879919,-5.19473340368753,-11.7471161040272,-3.11698906982048,3.286455,1.4624114,-1.3200798,297.48843,97.200165,-6.870632,WAL
1852402349000,64.884961,-5.81331342147099,-12.2101683074463,-2.96182239188671,3.0879238,1.3112222,-1.310306,298.1485,97.04979,-6.8512335,WAL
1852407275000,64.889887,-6.42105422704431,-12.6756719319324,-2.77217265207857,2.8955014,1.0152581,-1.3304645,298.77585,96.943634,-6.839435,WAL
1852412364000,64.894976,-7.04459437647559,-13.1194189990429,-2.3817974916197,2.7351491,0.58123827,-1.3750577,299.39706,97.00607,-6.950542,WAL
1852417253000,64.899865,-7.64211877432734,-13.5327066598958,-1.93863368886526,2.5729644,0.08155051,-1.4278975,299.89978,97.07842,-7.0528235,WAL
1852422312000,64.904924,-8.12657120614989,-13.8661673353767,-1.81081941665019,2.436436,-0.42943826,-1.4862351,300.29916,97.23691,-7.2299476,WAL
1852427272000,64.909884,-8.57744055161163,-14.176139872454,-1.74506763812537,2.3115141,-0.74097955,-1.6584991,300.60095,97.35123,-7.350987,WAL
1852432322000,64.914934,-8.22785077420319,-14.0203211484064,-2.29424623306773,2.0998492,-0.73731434,-1.8576412,300.85468,82.49855,-7.498187,WAL
1852437275000,64.919887,-7.7176053926992,-13.7699228253984,-2.96040006673307,1.8063285,-0.5644395,-1.88849,301.0615,82.35313,-7.6335516,WAL
1852442292000,64.924904,-6.96361055820313,-13.2365873007813,-3.38665457421875,1.5592335,-0.23701571,-1.8649716,301.34824,82.20385,-7.7707567,WAL
1852447320000,64.929932,-6.15480421953125,-12.6393875828125,-3.7581410871875,1.3845261,-0.04550946,-1.7718146,301.63345,82.05843,-7.9061446,WAL
1852452318000,64.93493,-5.29044357344235,-11.8987680969834,-3.42411301710366,1.3057245,-0.01985312,-1.5870279,301.9146,82.014145,-7.949935,WAL
1852457280000,64.939892,-4.41515516701438,-11.1217261714125,-2.89268794650879,1.3368785,0.03268129,-1.3924674,302.2462,81.94721,-8.018141,WAL
1852462338000,64.94495,-3.48746375664187,-10.6282807343252,-2.65413914851222,1.462106,0.24617869,-1.2208142,302.56998,81.984474,-7.9840875,WAL
1852467288000,64.9499,-2.56051865568544,-10.3058647725824,-2.58361059112646,1.5876387,0.52778757,-1.1129965,302.92087,81.98326,-7.9876904,WAL
1852472311000,64.954923,-1.85820703678477,-10.3359692826578,-2.93357998421827,1.6957619,0.93309665,-1.0732902,303.37762,82.04899,-7.918601,WAL
1852477326000,64.959938,-1.23128754213367,-10.4773800761606,-3.41437540241437,1.8738291,1.4767667,-1.0522153,303.94778,82.08071,-7.8794928,WAL
1852482324000,64.964936,-0.766845797624703,-10.5947969639575,-3.01968592105752,2.1209242,1.8115209,-1.0754282,304.5584,82.23128,-7.716904,WAL
1852487302000,64.969914,-0.363126450356295,-10.7031120336673,-2.30579208749355,2.3099868,1.8567249,-1.0968086,305.22937,82.36269,-7.568265,WAL
1852492297000,64.974909,-0.188593847943335,-10.5923236920807,-1.17059862743532,2.3429737,1.7611245,-1.1771374,305.90234,82.64385,-7.2721295,WAL
1852497340000,64.979952,-0.0745653083639941,-10.4212809085096,0.0884664995671421,2.2904391,1.4963144,-1.2211196,306.52557,82.90297,-6.9899564,WAL
1852502318000,64.98493,0.289314520210387,-10.0922315952133,0.730593226504588,2.08977,1.1734722,-1.2278391,307.04367,83.22031,-6.6181917,WAL
1852507323000,64.989935,0.733674381667203,-9.71135161602497,1.18855595355974,1.8121318,0.94225967,-1.1972959,307.50616,83.52332,-6.255312,WAL
1852512351000,64.994963,0.887427428771243,-9.43531984375322,0.999827930106087,1.5815301,0.8524625,-1.1389582,307.89688,83.755135,-5.8882475,WAL
1852517317000,64.999929,0.8825290162921,-9.21979063580183,0.465903916028427,1.4340062,0.90285885,-1.0613784,308.26114,83.948975,-5.5445986,WAL
1852522313000,65.004925,0.765232282153787,-8.92697683846595,-0.311323126696634,1.393689,1.0015136,-0.9868528,308.5862,84.1243,-5.1547832,WAL
1852527307000,65.009919,0.600565448756695,-8.6022173432479,-1.18954631138294,1.4236214,1.16492,-0.91813046,308.94455,84.24192,-4.795044,WAL
1852532321000,65.014933,0.315418070072115,-8.22391271551003,-2.06915773792851,1.4501941,1.3817772,-0.8210029,309.35278,84.36359,-4.460218,WAL
1852537312000,65.019924,-0.0442647036538462,-7.81427409531773,-2.9433867333612,1.4944818,1.6264287,-0.72692966,309.81335,84.4285,-4.1556826,WAL
1852542292000,65.024904,-0.390648523991263,-7.41978139074662,-3.5808472392772,1.5424347,1.8915442,-0.64751714,310.37256,84.56022,-3.896578,WAL
1852547342000,65.029954,-0.736372010339555,-7.0260406823471,-4.12344110990866,1.5778649,2.2021692,-0.55924714,311.0044,84.64856,-3.680254,WAL
1852552318000,65.03493,-0.981938144632099,-6.74627815615803,-4.26127910257778,1.6398678,2.435825,-0.45112398,311.6626,84.74733,-3.5122473,WAL
1852557333000,65.039945,-1.18590758073086,-6.51384779018272,-4.21858785635556,1.6966782,2.5647178,-0.39064834,312.36954,84.823364,-3.3652272,WAL
1852562335000,65.044947,-1.34600613837059,-6.21803931429707,-4.0591684558768,1.7217237,2.615725,-0.37201694,313.09167,84.88504,-3.2632034,WAL
1852567321000,65.049933,-1.4835866965226,-5.89069248782911,-3.84093700705415,1.7201965,2.6340508,-0.3472769,313.83362,84.924614,-3.18585,WAL
1852572312000,65.054924,-1.61050366841285,-5.54919544755599,-3.52904108899708,1.7208074,2.6025913,-0.33261612,314.58026,84.91673,-3.138742,WAL
1852577300000,65.059912,-1.731438189815,-5.20034599548199,-3.16623767049659,1.6920967,2.5305092,-0.32895094,315.3151,84.911354,-3.098942,WAL
1852582322000,65.064934,-1.85229810166,-4.84067748648,-2.78945557096,1.625207,2.4767532,-0.33444872,316.05588,84.85501,-3.086826,WAL
1852587315000,65.069927,-1.97184055759,-4.47726837252,-2.40691967204,1.5482379,2.364354,-0.33658674,316.75522,84.80524,-3.0783255,WAL
1852592303000,65.074915,-2.05184582344612,-4.11333456255976,-1.98845800867966,1.4953982,2.2565362,-0.34300083,317.4595,84.68761,-3.0979686,WAL
1852597345000,65.079957,-2.10512236956602,-3.74483872232438,-1.5400474883413,1.3738359,2.1368067,-0.3622431,318.12567,84.60573,-3.1151295,WAL
1852602318000,65.08493,-2.17533578142065,-3.40844847166022,-1.09102252345224,1.2263119,2.012801,-0.36713,318.78128,84.45927,-3.1659024,WAL
1852607309000,65.089921,-2.27034131213516,-3.10843068472644,-0.630995218826237,1.0677924,1.8872682,-0.37995818,319.40085,84.34788,-3.2109606,WAL
1852612354000,65.094966,-2.36959000963983,-2.85995506059322,-0.224943362521186,0.893085,1.772731,-0.38545597,320.01495,84.18504,-3.2804334,WAL
1852617395000,65.100007,-2.47187119087057,-2.66469107118644,0.123742228821264,0.72265357,1.6542231,-0.38759398,320.59076,84.059074,-3.3489995,WAL
1852622309000,65.104921,-2.57375824925012,-2.53921029750363,0.438636283605225,0.539394,1.5543466,-0.38453966,321.17218,83.89377,-3.4412394,WAL
1852627307000,65.109919,-2.68027900077407,-2.49752828322206,0.725779261439768,0.35521814,1.4691309,-0.37782016,321.7223,83.76641,-3.5362148,WAL
1852632318000,65.11493,-2.7722775033741,-2.53106394445382,0.999255569692113,0.17592919,1.423316,-0.36163223,322.3047,83.61934,-3.637358,WAL
1852637313000,65.119925,-2.83784793858077,-2.69751194392661,1.24640559951076,0.02107485,1.3900238,-0.34422258,322.8634,83.503845,-3.7443378,WAL
1852642296000,65.124908,-2.8474123009688,-2.89364108661112,1.45167758430537,-0.12461651,1.3683381,-0.33200526,323.43195,83.355446,-3.8776913,WAL
1852647368000,65.12998,-2.79094234723891,-3.1289325031583,1.6116757947297,-0.2669481,1.3264939,-0.32650748,323.98297,83.2358,-4.017099,WAL
1852652249000,65.134861,-2.70378520376675,-3.36349418078466,1.76081786484688,-0.39767328,1.2739595,-0.32528573,324.53113,83.09297,-4.176804,WAL
1852657337000,65.139949,-2.56076556091381,-3.62092955783191,1.90860482580961,-0.5158757,1.1979067,-0.3268129,325.05896,82.97484,-4.338495,WAL
1852662280000,65.144892,-2.38577609140786,-3.82699399662976,2.04570799662976,-0.63407815,1.0934488,-0.33628133,325.56766,82.87432,-4.478036,WAL
1852667319000,65.149931,-2.1399260608308,-3.95464691895758,2.17336091895758,-0.7452556,0.9624182,-0.344528,326.0453,82.7943,-4.6167135,WAL
1852672246000,65.154858,-1.88633745657486,-4.05396661181148,2.26710095564391,-0.86651236,0.8206975,-0.3662137,326.48697,82.75133,-4.709083,WAL
1852677312000,65.159924,-1.59463858161365,-4.0963099121024,2.29062498952676,-0.9822713,0.6545421,-0.39920044,326.88303,82.73111,-4.7930503,WAL
1852682282000,65.164894,-1.33025479212193,-4.13225162224861,2.2801215543745,-1.0946705,0.57635134,-0.42546764,327.25076,82.76075,-4.819738,WAL
1852687350000,65.169962,-1.12850495498812,-4.15146588289786,2.16483594032067,-1.146594,0.4196644,-0.4428773,327.5477,82.80315,-4.8341713,WAL
1852692297000,65.174909,-0.951971589905813,-4.19077343172867,2.04190889102845,-1.2522738,0.27000242,-0.47311515,327.80704,82.93339,-4.770255,WAL
1852697397000,65.180009,-0.840450198982019,-4.30229491969365,1.87927357374179,-1.3710871,0.13713925,-0.48533243,328.02515,83.07305,-4.7046556,WAL
1852702306000,65.184918,-0.753864514005343,-4.41200100206535,1.73673005940197,-1.4669929,0.03359759,-0.4908302,328.2039,83.29177,-4.5693,WAL
1852707358000,65.18997,-0.808550337556515,-4.54125822857583,1.68701566963625,-1.5543466,-0.053450707,-0.4914411,328.34827,83.52957,-4.431562,WAL
1852712395000,65.195007,-0.886955395019739,-4.70341201977933,1.65490394668489,-1.6432275,-0.12308934,-0.4709771,328.47723,83.84236,-4.2350774,WAL
1852717352000,65.199964,-1.05994867376253,-4.99653971639842,1.69334691424233,-1.7290541,-0.16737708,-0.4550946,328.58667,84.16618,-4.0400043,WAL
1852722326000,65.204938,-1.27164834836653,-5.33879609381929,1.75913714545276,-1.7876972,-0.19150625,-0.41386122,328.6901,84.491425,-3.8538833,WAL
1852727359000,65.209971,-1.63103274264691,-5.86841518298833,1.92937184034141,-1.8371773,-0.18845193,-0.36377025,328.78583,84.81846,-3.6790671,WAL
1852732319000,65.214931,-1.99800962551162,-6.42519833161137,2.13604075823564,-1.8887954,-0.17989981,-0.28710666,328.91537,85.123344,-3.5295525,WAL
1852737349000,65.219961,-2.43349454295649,-7.16217278422412,2.53802690506656,-1.9504927,-0.14080444,-0.18936823,329.051,85.414215,-3.4055235,WAL
1852742318000,65.22493,-2.7875203672818,-7.94931410144638,2.98067002483791,-2.0054705,-0.06078109,-0.037873644,329.23163,85.59603,-3.391273,WAL
1852747421000,65.230033,-2.7290221713217,-9.08515587581047,3.68752435012469,-1.9813415,0.013439035,0.07238753,329.41925,85.74851,-3.3949924,WAL
1852752324000,65.234936,-2.59831209438134,-10.2094897860041,4.45457105,-1.8781052,0.08155051,0.17195857,329.67792,85.74143,-3.531779,WAL
1852757341000,65.239953,-2.04767380349899,-11.5446656242394,5.731272125,-1.6468927,0.08155051,0.27763826,329.93402,85.67359,-3.6973655,WAL
1852762467000,65.245079,-1.35881615077964,-12.983774622536,7.06313039894087,-1.271516,0.015577064,0.3390302,330.19064,85.50293,-3.882947,WAL
1852767410000,65.250022,-0.216795358468177,-14.6550243969795,8.45119649352751,-0.75869465,-0.17806722,0.31581733,330.40408,85.283554,-4.0640807,WAL
1852772326000,65.254938,0.872232606516588,-16.1991114042259,9.65487496514613,-0.2415972,-0.41599923,0.13927728,330.54984,85.01947,-4.143812,WAL
1852777357000,65.259969,1.69998530165877,-17.0554076725908,9.80234813961295,0.20952678,-0.5653558,-0.029321533,330.65494,84.6895,-4.2070093,WAL
1852782320000,65.264932,2.4852377156602,-17.8448210963835,9.83422912450241,0.62888575,-0.5320636,-0.15790866,330.6718,84.34374,-4.024923,WAL
1852787352000,65.269964,3.03624273851105,-18.2121579487592,8.97710994435504,0.8051204,-0.22113322,-0.23793201,330.72226,83.929306,-3.815072,WAL
1852792294000,65.274906,3.57739274306767,-18.5729247858897,8.13532079723893,1.1417072,0.33261612,-0.3323107,330.81848,83.46435,-3.4349058,WAL
1852797371000,65.279983,3.603245051321,-18.138595843461,7.44165636502642,1.42973,0.8897252,-0.3136793,331.00565,82.89988,-3.0930102,WAL
1852802262000,65.284874,3.45886762016733,-17.4631155768384,6.82805247107001,1.5867225,1.2837334,-0.26450464,331.30667,82.25165,-2.7653224,WAL
1852807351000,65.289963,2.75088398321367,-15.5539571443243,6.56315214137962,1.5690074,1.4957036,-0.23976462,331.7055,81.730034,-2.3495495,WAL
1852812313000,65.294925,2.01668246270108,-13.597525732164,6.33425403964373,1.4217888,1.6209309,-0.22143865,332.18887,81.173965,-1.9857585,WAL
1852817298000,65.29991,1.2348227299849,-9.92655723603867,5.63519722129695,1.174083,1.676825,-0.2012801,332.71997,80.68772,-1.6701388,WAL
1852822272000,65.304884,0.438587083870708,-5.64319330449099,4.76701244230188,0.89980453,1.6994271,-0.18203785,333.27225,80.244316,-1.3844595,WAL
1852827349000,65.309961,-0.701260275268132,-3.68980890583027,4.11879195218386,0.61941737,1.6945401,-0.15027285,333.8364,79.81853,-1.244859,WAL
1852832276000,65.314888,-1.91714885490399,-2.60536772537061,3.56952959021988,0.33536503,1.6621643,-0.108123146,334.3936,79.47425,-1.1213264,WAL
1852837316000,65.319928,-2.6167780341396,-2.0045638821009,3.24452550234969,0.05467244,1.5937474,-0.029321533,334.90723,79.17166,-1.1591725,WAL
1852842309000,65.324921,-3.11246211428571,-1.59385421428571,3.00848545714286,-0.21594086,1.4526376,0.058337633,335.3865,78.94373,-1.2074442,WAL
1852847362000,65.329974,-3.54549002045208,-1.80350194098174,2.84719363141261,-0.47769663,1.2305881,0.17745635,335.82947,78.79307,-1.4620101,WAL
1852852202000,65.334814,-3.93389239732064,-2.24465027884964,2.72252125982,-0.76052725,0.94042706,0.31215215,336.2064,78.71365,-1.7366409,WAL
1852857253000,65.339865,-4.33922719185848,-2.70503049673615,2.59241379103605,-1.07665,0.55741453,0.45112398,336.49448,78.70322,-2.1068316,WAL
1852862270000,65.344882,-4.74183353994724,-3.16231173869549,2.46318211990379,-1.4077389,0.096516706,0.57757306,336.671,78.75353,-2.493642,WAL
1852867233000,65.349845,-4.85918015229137,-4.11852523894337,2.27133220902541,-1.7498235,-0.43371433,0.636827,336.7159,78.87066,-2.8772242,WAL
1852872212000,65.354824,-4.92120517045227,-5.17772174890935,2.06617254889934,-2.0787745,-1.0876455,0.63499445,336.59155,79.04854,-3.2500567,WAL
1852877245000,65.359857,-5.23999695782488,-6.62241357725832,1.48151567351426,-2.3667974,-1.4269812,0.6093381,336.45337,79.30947,-3.7197278,WAL
1852882245000,65.364857,-5.60994104459192,-8.13539000356577,0.822256511469889,-2.595261,-2.1114557,0.61117065,336.03314,79.60066,-4.1470313,WAL
1852887227000,65.369839,-6.43274020877368,-10.2771247940179,-0.290357686241276,-2.682004,-2.7650816,0.6365216,335.59363,79.973854,-4.519244,WAL
1852892241000,65.374853,-7.36629251964108,-12.5798870275174,-1.51594450329013,-2.8185322,-3.299894,0.72143185,334.9958,80.36003,-4.883325,WAL
1852897234000,65.379846,-8.12384814681612,-14.2908459119722,-2.52728770889941,-2.8817568,-3.6480873,0.82711154,334.44962,80.86491,-5.163948,WAL
1852902310000,65.384922,-8.8519225318195,-15.8879117795922,-3.50431632623442,-2.856406,-3.765068,0.9456194,333.82068,81.29403,-5.455508,WAL
1852907345000,65.389957,-8.50236076566965,-16.8678687575729,-3.82053466467899,-2.6972754,-3.6862664,1.0070114,333.08365,81.652534,-5.9161367,WAL
1852912376000,65.394988,-7.80016198380644,-17.6480892535721,-3.92150440975424,-2.4254405,-3.3029485,1.0225884,332.4071,81.844925,-6.390257,WAL
1852917317000,65.399929,-6.32574890602968,-18.1548758506494,-3.01658397463822,-2.0033326,-2.6456573,0.9801333,331.82806,81.8774,-6.9441295,WAL
1852922318000,65.40493,-4.42422164508349,-18.5325162987013,-1.57710995929499,-1.4926492,-1.9135354,0.8035932,331.3896,81.771,-7.452393,WAL
1852927299000,65.409911,-2.74309713398093,-18.2780951364234,-0.0304115407626561,-0.9636399,-1.3487904,0.5516113,331.0604,81.67941,-7.805845,WAL
1852932326000,65.414938,-1.26600642530134,-17.3707392634232,1.64714154538681,-0.56321776,-1.02717,0.3100141,330.87726,81.54682,-8.107717,WAL
1852937317000,65.419929,-0.627381532396469,-16.0402155947028,2.44166125995267,-0.36926803,-0.88239485,0.116980694,330.79147,81.66358,-8.048511,WAL
1852942292000,65.424904,-0.393213045935196,-14.5051109027942,2.8102597661418,-0.28771752,-0.7464773,-0.027488936,330.79822,81.800156,-7.945107,WAL
1852947310000,65.429922,-0.279449237939236,-12.7813656345193,2.87379333361983,-0.25992316,-0.65301496,-0.109650314,330.941,82.134895,-7.576904,WAL
1852952316000,65.434928,-0.303405604531281,-10.864855606736,2.59110812578453,-0.2751948,-0.65179324,-0.11759156,331.08817,82.46364,-7.210437,WAL
1852957326000,65.439938,-0.342693391478329,-9.06143554388025,2.07330602942961,-0.3652974,-0.7672467,-0.073303826,331.12338,82.71417,-6.913768,WAL
1852962325000,65.444937,-0.398900560866843,-7.38927224479014,1.29577352281577,-0.46395215,-0.95539325,-0.02076942,331.13544,82.956154,-6.6243815,WAL
1852967286000,65.449898,-0.516077622435898,-5.9748485467033,0.387869441483516,-0.56382865,-1.1936307,0.083383106,331.07465,83.1329,-6.4195867,WAL
1852972312000,65.454924,-0.718835805641026,-4.8773096043956,-0.718485021978022,-0.70616025,-1.4337007,0.22082779,330.95694,83.29842,-6.239088,WAL
1852977267000,65.459879,-0.968093637190258,-3.87328493673296,-1.80070548607891,-0.8735373,-1.536937,0.37843102,330.91205,83.49815,-6.064818,WAL
1852982326000,65.464938,-1.385447041072,-3.10556089226843,-2.87758032363076,-0.9642508,-1.7476854,0.45265114,330.76132,83.68814,-5.9037185,WAL
1852987244000,65.469856,-1.7535827568117,-2.49068310199506,-3.84988442050161,-1.1453724,-2.0069978,0.5720753,330.38525,83.74257,-5.9608245,WAL
1852992292000,65.474904,-2.06129974408132,-2.10488862295269,-4.70873644634239,-1.3451253,-2.3231206,0.6588182,329.93558,83.77667,-6.0264835,WAL
1852997353000,65.479965,-2.33747895418475,-1.73286175447406,-5.66713039408969,-1.5311338,-2.6462681,0.71868294,329.42993,83.73448,-6.177623,WAL
1853002320000,65.484932,-2.51933643651581,-1.40846748743542,-6.87623655978508,-1.6911805,-2.8273897,0.7693848,328.87994,83.629486,-6.3510504,WAL
1853007316000,65.489928,-2.71978465973228,-1.20437301657908,-7.78706084343084,-1.8942931,-2.8136454,0.84879726,328.3999,96.544304,-6.540881,WAL
1853012334000,65.494946,-2.9580415388002,-1.25678954689142,-8.05867321685672,-2.1233675,-2.7189612,0.9407325,327.89795,96.81572,-6.747488,WAL
1853017260000,65.499872,-3.0961728397296,-1.50252103437953,-8.29191690140029,-2.2418754,-2.7122416,1.0225884,327.49698,97.16759,-6.9215293,WAL
1853022313000,65.504925,-3.00738091863834,-2.22220291598262,-8.45080801062289,-2.2244658,-2.6810875,1.069625,327.1291,97.62852,-7.1079187,WAL
1853027274000,65.509886,-2.82368421779197,-3.00597834796229,-8.69971633059611,-2.082745,-2.4514022,1.063211,326.80792,98.23376,-7.352915,WAL
1853032328000,65.51494,-2.30355798695255,-4.07076520260543,-9.27381824645174,-1.9159788,-1.999362,1.069625,326.56146,98.8935,-7.6024156,WAL
1853037282000,65.519894,-1.88161388829114,-5.1889460023878,-9.50555148993096,-1.7079792,-1.4373659,1.078788,326.3075,99.63798,-7.9053693,WAL
1853042297000,65.524909,-1.71120492890295,-6.53840069844649,-8.77325328365938,-1.4193454,-1.0451905,1.0323622,326.13803,100.347565,-8.180149,WAL
1853047370000,65.529982,-1.52525800324051,-7.89125513265823,-7.95955306764557,-1.1820242,-0.8078693,0.9960158,326.00555,101.07414,-8.409634,WAL
1853052319000,65.534931,-1.28528021643544,-9.15833745407595,-6.85085568558987,-1.001819,-0.6395759,1.006095,325.96814,101.76713,-8.622729,WAL
1853057344000,65.539956,-1.05755873244353,-10.4500261416838,-5.72663547227926,-0.88453287,-0.5198463,1.0503827,325.934,102.355316,-8.814043,WAL
1853062347000,65.544959,-0.892095551026694,-11.7558436966586,-4.61311317674071,-0.8381071,-0.42821655,1.0757337,325.94162,102.91814,-8.992501,WAL
1853067387000,65.549999,-0.710201052023187,-13.0499448965517,-3.52667908837693,-0.9053023,-0.35094208,1.0601566,325.95517,103.31494,-9.101984,WAL
1853072315000,65.554927,-0.340763309792509,-14.0460239770115,-2.90939059119104,-1.0830641,-0.26847526,0.99265605,325.99557,103.71575,-9.196481,WAL
1853077424000,65.560036,0.0571206555573738,-15.0258511863899,-2.29123416817003,-1.3185526,-0.09437868,0.95325524,326.0674,103.93376,-9.201253,WAL
1853082326000,65.564938,0.661388310473758,-15.1757471269208,-2.0242322258631,-1.5399913,-0.013744468,0.9263771,326.13245,104.175446,-9.1934395,WAL
1853087495000,65.570107,1.28771759517936,-15.2813656245175,-1.74474969992468,-1.6358972,0.13988814,0.8344419,326.249,104.233604,-9.021699,WAL
1853092294000,65.574906,1.73341827015347,-14.7231575658601,-1.51108141515865,-1.8295414,0.21166481,0.72601336,326.36066,104.3642,-8.850487,WAL
1853097345000,65.579957,2.20252310643066,-14.1356374774503,-1.26514298916298,-1.9825631,0.2003638,0.6056729,326.4729,104.36287,-8.52603,WAL
1853102320000,65.584932,2.28200217818899,-13.4761456273718,-1.13420572455382,-2.0641136,0.11636983,0.42485678,326.5688,104.38408,-8.177896,WAL
1853107358000,65.58997,2.3273225042833,-12.800874273436,-1.01184100499718,-2.1071796,0.013439035,0.16371189,326.63785,104.42221,-7.797334,WAL
1853112335000,65.594947,2.30124936106454,-12.0492947020117,-0.730083010184409,-2.098933,-0.14966199,-0.087964594,326.6131,104.48657,-7.393153,WAL
1853117280000,65.599892,2.25659130647527,-11.2801845102682,-0.407553136357921,-2.0274618,-0.44959682,-0.30298916,326.50345,104.53478,-6.957756,WAL
1853122314000,65.604926,1.8442823714578,-10.7399304005115,0.273279467355499,-1.8811595,-0.93370754,-0.5140431,326.2601,104.59275,-6.5274825,WAL
1853127273000,65.609885,1.38272929325831,-10.2443682720205,0.99718909245422,-1.7128662,-1.466382,-0.6771441,325.90765,104.62575,-6.0857573,WAL
1853132326000,65.614938,0.745001539176424,-10.0591221074446,1.16815822367558,-1.5066991,-1.9031507,-0.79320854,325.43802,104.63143,-5.6709146,WAL
1853137250000,65.619862,0.107565599781533,-9.90913709680946,1.28064693271047,-1.289842,-2.1878138,-0.86590147,324.8585,104.59374,-5.2545733,WAL
1853142296000,65.624908,-0.595721515282686,-9.71879428776978,1.05666217898321,-1.1081096,-2.3090706,-0.90102625,324.20734,104.53089,-4.9533763,WAL
1853147342000,65.629954,-1.30494541986225,-9.52410581294964,0.792441469860911,-0.9651671,-2.3267858,-0.90285885,323.51114,104.42499,-4.6541667,WAL
1853152317000,65.634929,-2.13678763406583,-8.80284020600337,0.173231478586123,-0.87689704,-2.2770002,-0.8481864,322.82977,104.30566,-4.4507356,WAL
1853157271000,65.639883,-2.99302427320928,-7.97322216766411,-0.518856218926501,-0.80878556,-2.158187,-0.729984,322.17657,104.16455,-4.260121,WAL
1853162335000,65.644947,-3.36664748841587,-7.39046781887903,-1.06330517217884,-0.77366084,-1.992337,-0.54641896,321.5976,104.056946,-4.1683664,WAL
1853167252000,65.649864,-3.49760462276179,-6.94722816992192,-1.51661828098192,-0.7641924,-1.8206838,-0.33414328,321.07483,103.95548,-4.107484,WAL
1853172305000,65.654917,-3.41533785952882,-6.82976194457143,-1.93957456638596,-0.7987063,-1.6261233,-0.11178834,320.6539,104.00519,-4.2024703,WAL
1853177307000,65.659919,-3.28087276667669,-6.79614564628571,-2.34777216610526,-0.82741696,-1.5131133,-0.00580322,320.2735,104.058075,-4.3139133,WAL
1853182324000,65.664936,-2.95461208844081,-6.91133996646037,-2.48558192870833,-0.8405506,-1.2687671,0.18417588,319.98514,104.25169,-4.549602,WAL
1853187287000,65.669899,-2.58929104848273,-7.05841726761829,-2.56149284176482,-0.8597928,-1.0103711,0.34330627,319.74283,104.45912,-4.793146,WAL
1853192304000,65.674916,-2.16574435619324,-7.28584390771015,-2.42596714894686,-0.87689704,-0.8063421,0.47403142,319.55023,104.73553,-5.054975,WAL
1853197348000,65.67996,-1.72702854255072,-7.53320488417391,-2.23927954689855,-0.8940013,-0.6597345,0.5656612,319.42505,105.025185,-5.3320475,WAL
1853202318000,65.68493,-1.32544339738457,-7.82270357350158,-2.03975549335628,-0.8903361,-0.5879578,0.63255095,319.3226,105.321106,-5.5839796,WAL
1853207357000,65.689969,-0.928717725090335,-8.13178025552051,-1.83216641969219,-0.89858276,-0.5891795,0.6753115,319.24738,105.626495,-5.8444824,WAL
1853212449000,65.695061,-0.599042660709905,-8.39136859380522,-1.75200314973495,-0.89888823,-0.6398814,0.6844745,319.17578,105.86726,-6.0314965,WAL
1853217307000,65.699919,-0.318572920576863,-8.61381056158404,-1.73749610439663,-0.895223,-0.72204274,0.6737844,319.098,106.10547,-6.222143,WAL
1853222314000,65.704926,-0.167258540271289,-8.72578808063301,-1.79572343730219,-0.9025534,-0.79076505,0.63804877,319.00446,106.2538,-6.317735,WAL
1853227315000,65.709927,-0.0680065159909571,-8.7934598639789,-1.88144112375659,-0.9071349,-0.86315256,0.59864795,318.8872,106.39492,-6.4123507,WAL
1853232324000,65.714936,-0.0380230302263023,-8.83572667292912,-1.96801948795901,-0.9117164,-0.947452,0.5448918,318.73996,106.49725,-6.443081,WAL
1853237312000,65.719924,-0.053320568116994,-8.86122255166524,-2.05470547566183,-0.91599244,-1.0482447,0.48808134,318.56595,106.59478,-6.467754,WAL
1853242311000,65.724923,-0.165018310411041,-8.81607910127085,-2.06081903375695,-0.94225967,-1.1502593,0.42485678,318.35565,106.70924,-6.477271,WAL
1853247327000,65.729939,-0.312869302897141,-8.74453835146942,-2.03697211715647,-0.9807441,-1.2501358,0.36987892,318.11624,106.821625,-6.479733,WAL
1853252322000,65.734934,-0.481149357986374,-8.63342991370174,-2.0497919012112,-1.0299188,-1.3246613,0.32559118,317.84918,106.952225,-6.479918,WAL
1853257371000,65.739983,-0.659591681657835,-8.5053177496215,-2.07724464430356,-1.0961977,-1.3768903,0.29749137,317.56067,107.092186,-6.4740067,WAL
1853262323000,65.744935,-0.875447185006248,-8.40812151749271,-2.07268171676385,-1.1588113,-1.3796391,0.2864958,317.2676,107.2485,-6.488496,WAL
1853267282000,65.749894,-1.11775020379009,-8.3290016122449,-2.04795683673469,-1.2229522,-1.328021,0.29779682,316.9787,107.42006,-6.4989285,WAL
1853272276000,65.754888,-1.29628684557351,-8.26469648676514,-1.96307067330227,-1.2925909,-1.2953397,0.33475417,316.67596,107.64079,-6.5645027,WAL
1853277293000,65.759905,-1.44394734674333,-8.20753765207693,-1.84875285471399,-1.3402383,-1.2238685,0.35643986,316.40204,107.86726,-6.6177235,WAL
1853282285000,65.764897,-1.57519631738829,-8.2225293626771,-1.69444198946795,-1.3643675,-1.1597277,0.3924809,316.14206,108.12843,-6.731082,WAL
1853287291000,65.769903,-1.69869567159417,-8.27477889869216,-1.51869290085208,-1.3939945,-1.0928379,0.4447099,315.90924,108.40064,-6.8434944,WAL
1853292286000,65.774898,-1.82505757789902,-8.36343341275667,-1.29455701245908,-1.3942999,-1.0485502,0.49510628,315.69482,108.67118,-6.991777,WAL
1853297281000,65.779893,-1.95317742027577,-8.47257324610654,-1.04306252815693,-1.3808609,-1.0173961,0.54092115,315.50244,108.94302,-7.1424007,WAL
1853302204000,65.784816,-2.07164312895701,-8.69040986832466,-0.765868506914401,-1.3454307,-1.0137309,0.589485,315.32346,109.18612,-7.3208866,WAL
1853307224000,65.789836,-2.18749905762483,-8.98236637112011,-0.464643145607287,-1.3038919,-1.0522153,0.6291912,315.1483,109.42066,-7.503505,WAL
1853312211000,65.794823,-2.27814635327103,-9.31891904361371,-0.235332878753894,-1.2684617,-1.1160508,0.6585127,314.97394,109.629234,-7.729147,WAL
1853317234000,65.799846,-2.3480799705296,-9.69855821817238,-0.0654942221474559,-1.1954633,-1.2009611,0.68630713,314.7914,109.81554,-7.9622874,WAL
1853322229000,65.804841,-2.35455825515242,-10.0381474107946,-0.0234169915374313,-1.0989466,-1.2730432,0.70157874,314.60352,109.97288,-8.246722,WAL
1853327245000,65.809857,-2.32094884921539,-10.3550352788606,-0.0618275963614193,-0.98563105,-1.3332134,0.7049385,314.40143,110.10523,-8.532463,WAL
1853332231000,65.814843,-2.25837744873765,-10.634684328111,-0.137925705375112,-0.84635377,-1.3741413,0.70554936,314.19553,110.189964,-8.836683,WAL
1853337230000,65.819842,-2.17716153271131,-10.8926643553538,-0.23825138315717,-0.6988298,-1.412015,0.70402217,313.97766,110.24333,-9.136297,WAL
1853342217000,65.824829,-2.04035510776569,-11.0272845170769,-0.462593939877886,-0.5543602,-1.4288138,0.7076874,313.7375,110.27258,-9.443348,WAL
1853347238000,65.82985,-1.86603381481587,-11.0823334926541,-0.769949865946384,-0.42302418,-1.4129313,0.6957755,313.4983,110.267876,-9.735936,WAL
1853352267000,65.834879,-1.6281852091038,-11.0563891195949,-1.12267135924557,-0.32650748,-1.3371841,0.68477994,313.25818,110.245,-10.011331,WAL
1853357285000,65.839897,-1.33133039051139,-10.9541931667848,-1.51685563613671,-0.26542094,-1.2144,0.6563747,313.03754,110.198235,-10.263748,WAL
1853362310000,65.844922,-0.951637139041227,-10.8194136684564,-1.92284464180249,-0.22113322,-0.9987647,0.6239988,312.8379,110.15212,-10.46174,WAL
1853367272000,65.849884,-0.509695491045062,-10.6599503073826,-2.33289352243528,-0.22235495,-0.72509706,0.6102544,312.69305,110.10444,-10.634868,WAL
1853372266000,65.854878,-0.0309446914396887,-10.5168502488224,-2.64875678539832,-0.22785273,-0.5858198,0.59681535,312.5354,110.07439,-10.752386,WAL
1853377255000,65.859867,0.487644387354086,-10.394541588163,-2.84934319322138,-0.23335053,-0.30726522,0.59620446,312.49634,110.0463,-10.831943,WAL
1853382272000,65.864884,0.963974686903574,-10.3140874146536,-2.86768485388301,-0.23060162,-0.096516706,0.58368176,312.43436,110.04737,-10.8445425,WAL
1853387268000,65.86988,1.3938125137752,-10.2758793351966,-2.70530168814135,-0.23151793,0.0143553335,0.56230146,312.4222,110.049225,-10.839353,WAL
1853392251000,65.874863,1.68866129098227,-10.3182874788692,-2.42579005423095,-0.22815818,0.014049901,0.50701815,312.3881,110.05634,-10.768803,WAL
1853397280000,65.879892,1.85020053014854,-10.4429035446095,-2.02424972995688,-0.24129178,-0.07666359,0.40469822,312.35367,110.05692,-10.678957,WAL
1853402408000,65.88502,1.8604380664986,-10.637012002611,-1.6501725643108,-0.2761111,-0.2125811,0.25778514,312.2678,110.026375,-10.534471,WAL
1853407400000,65.890012,1.67105056643558,-10.9124843785901,-1.33165730092734,-0.32253686,-0.33200526,0.11209377,312.15405,109.98751,-10.370053,WAL
1853412355000,65.894967,1.39993078421223,-11.2057952650667,-1.01432630522492,-0.39278635,-0.4111123,-0.026572637,312.00443,109.89528,-10.166797,WAL
1853417338000,65.89995,0.814457296297891,-11.5755685079638,-0.69077513329746,-0.4636467,-0.47433686,-0.11728613,311.82053,109.802635,-9.947592,WAL
1853422246000,65.904858,0.270599419420233,-11.8748299073548,-0.441834913047694,-0.50854534,-0.505491,-0.14813483,311.62775,109.6842,-9.755817,WAL
1853427341000,65.909953,-0.226370353422779,-12.0516360375086,-0.327149571641367,-0.5345071,-0.5012149,-0.1301143,311.42703,109.57513,-9.557427,WAL
1853432329000,65.914941,-0.664283024188197,-12.2392618006434,-0.256294870854529,-0.4972443,-0.43951756,-0.079107046,311.25793,109.448326,-9.43921,WAL
1853437350000,65.919962,-0.993004264853725,-12.4616324866794,-0.280465556996079,-0.4437936,-0.35613444,-0.033292156,311.0999,109.32772,-9.323955,WAL
1853442359000,65.924971,-1.24501614104389,-12.7004536304864,-0.305963649810202,-0.33536503,-0.25778514,0.00030543262,310.98773,109.196884,-9.281575,WAL
1853447391000,65.930003,-1.33552807208383,-12.9767530104784,-0.334546384772637,-0.20097467,-0.16249016,0.013133603,310.9019,109.05212,-9.239719,WAL
1853452302000,65.934914,-1.37220871704275,-13.2721290675997,-0.35174135898886,-0.01863139,-0.07971791,-0.0012217305,310.84198,108.889725,-9.244629,WAL
1853457416000,65.940028,-1.27894821013996,-13.6451715821194,-0.342415298560411,0.18142697,0.016798794,-0.032986723,310.81363,108.6929,-9.2390585,WAL
1853462365000,65.944977,-1.18118056166667,-14.0063493284916,-0.305295048851211,0.4156938,0.115453534,-0.06383542,310.81113,108.44337,-9.230612,WAL
1853467354000,65.949966,-1.05216917916667,-14.3711399916201,-0.154040352460428,0.66950834,0.18906279,-0.12003502,310.82584,108.138725,-9.201565,WAL
1853472489000,65.955101,-0.912858113856254,-14.7405417650311,-0.0018805678460855,0.9034697,0.23090707,-0.1853976,310.84955,107.766914,-9.143478,WAL
1853477351000,65.959963,-0.701398746475467,-15.0163586233587,0.0992521747656235,1.1007792,0.24495697,-0.21899518,310.8863,107.349785,-9.077655,WAL
1853482626000,65.965238,-0.471060827435616,-15.3044330945205,0.197925044082192,1.2027937,0.267559,-0.33841935,310.92664,106.848434,-8.944393,WAL
1853487351000,65.969963,-0.254106795380822,-15.4328342760274,0.158076345109589,1.4770721,0.29871312,-0.3753767,310.97968,106.28087,-8.827099,WAL
1853492678000,65.97529,-0.00156686901269394,-15.555435887165,0.115299889703808,1.5769486,0.33933565,-0.462425,311.01514,105.68499,-8.637051,WAL
1853497383000,65.979995,0.392459965107663,-15.186830216267,0.123773588067701,1.7617353,0.3866777,-0.55771995,311.06213,105.01473,-8.437686,WAL
1853502250000,65.984862,0.800053716789657,-14.8055329154678,0.132539048203103,1.9248364,0.44348818,-0.66920286,311.10977,104.31192,-8.180151,WAL
1853507427000,65.990039,0.971697796554061,-14.3098138350595,0.202217002960023,2.094657,0.51343226,-0.77488256,311.17377,103.56935,-7.90195,WAL
1853512307000,65.994919,1.08479145408963,-13.8257727238409,0.279120682526377,2.278833,0.539394,-0.8775079,311.24036,102.78852,-7.601379,WAL
1853517358000,65.99997,0.989567145193738,-13.3830532731898,0.124059947072407,2.5189028,0.50579643,-0.9737192,311.3015,101.93223,-7.2226324,WAL
1853522287000,66.004899,0.837146920999021,-12.9673620551859,-0.0930234037074364,2.7913487,0.43676865,-1.0622946,311.36102,101.03152,-6.82754,WAL
1853527350000,66.009962,0.43952264984252,-12.7127212488189,-0.463291221007874,3.0659328,0.39858958,-1.1508701,311.41763,100.07388,-6.4054246,WAL
1853532323000,66.014935,-0.0386069735728346,-12.5252195700787,-0.880482744991142,3.318831,0.43554693,-1.239751,311.4798,99.07086,-5.9684114,WAL
1853537355000,66.019967,-0.621081691120631,-12.3402376085094,-1.2135700247785,3.5149186,0.5122105,-1.3411547,311.54825,98.080605,-5.5430784,WAL
1853542338000,66.02495,-1.23902767402492,-12.1590351386428,-1.50628127396553,3.638619,0.61422503,-1.426065,311.64096,97.07561,-5.106922,WAL
1853547394000,66.030006,-1.82576365290974,-12.1331429450713,-1.85353864943587,3.6349537,0.7113526,-1.4874569,311.768,96.20666,-4.752815,WAL
1853552352000,66.034964,-2.38028209483373,-12.1895343067102,-2.22008475729414,3.5353825,0.86742866,-1.5250251,311.94846,95.376755,-4.3916717,WAL
1853557427000,66.040039,-2.88307898525266,-12.3115241411449,-2.57295352171829,3.3466253,1.0210613,-1.5314392,312.1681,94.79599,-4.187934,WAL
1853562392000,66.045004,-3.33900795121296,-12.4665403056861,-2.90578167067792,3.1166344,1.1468995,-1.5219707,312.43127,94.31086,-3.9891465,WAL
1853567353000,66.049965,-3.86559027048996,-12.6917564232267,-3.10869658838663,2.9177978,1.210735,-1.4963144,312.72363,94.11364,-3.9654906,WAL
1853572349000,66.054961,-4.45409874031365,-12.9762022186347,-3.20678129068266,2.7840183,1.2180653,-1.4932601,313.03784,93.98771,-3.940392,WAL
1853577341000,66.059953,-5.00728960495353,-13.3443418364643,-3.26339385576429,2.7210991,1.1523973,-1.5018122,313.35458,93.96131,-3.956662,WAL
1853582363000,66.064975,-5.53987906065849,-13.7723151471228,-3.29192540980819,2.6288586,1.0326678,-1.541213,313.65692,86.03183,-3.9642003,WAL
1853587344000,66.069956,-6.03972993648649,-14.0974475608108,-3.3148692472973,2.516154,0.89980453,-1.6450601,313.95422,86.01037,-3.9470177,WAL
1853592301000,66.074913,-6.51615028983506,-14.3474507330584,-3.33373751811407,2.3591616,0.72509706,-1.7751744,314.20578,85.976265,-3.9117832,WAL
1853597382000,66.079994,-6.74853058064293,-14.2899349855537,-3.48395100923972,2.1655173,0.5296202,-1.8952094,314.43512,85.91409,-3.8738804,WAL
1853602332000,66.084944,-6.77657815632581,-13.9907599337837,-3.73170517204418,1.9843957,0.39767328,-1.9752327,314.63327,85.86375,-3.8101513,WAL
1853607425000,66.090037,-6.54861980753138,-13.5320861502472,-4.00413253453785,1.822211,0.3830125,-1.9862283,314.8283,85.787,-3.757613,WAL
1853612326000,66.094938,-6.11568105230126,-12.9652486355553,-4.28085629565424,1.7217237,0.5305365,-1.8979583,315.03134,85.70592,-3.711119,WAL
1853617318000,66.09993,-5.53367573919568,-12.3994441356543,-4.42949441260504,1.6783522,0.79809546,-1.7507398,315.2618,85.64911,-3.646041,WAL
1853622315000,66.104927,-4.75810944557823,-11.8488883129252,-4.39598231904762,1.6847663,1.1441506,-1.6077974,315.55423,85.57161,-3.609521,WAL
1853627307000,66.109919,-3.91379548282948,-11.4529134044655,-4.09021613762102,1.7208074,1.5158621,-1.4321736,315.8966,85.53454,-3.5454104,WAL
1853632331000,66.114943,-2.96786969488243,-11.2675306832642,-3.40572705988935,1.7498235,1.7843374,-1.294118,316.3038,85.46765,-3.518707,WAL
1853637297000,66.119909,-2.02212827773792,-11.0554572720478,-2.6835720101146,1.8338175,1.8741345,-1.1976013,316.72467,85.4334,-3.430938,WAL
1853642295000,66.124907,-1.05386009973493,-10.7978884424514,-1.88701642003986,1.8765781,1.7919732,-1.0708468,317.166,85.35781,-3.3982744,WAL
1853647339000,66.129951,-0.373764924345502,-10.586370061668,-1.19963887949375,1.9306396,1.6924021,-1.0283916,317.5909,85.27401,-3.2931542,WAL
1853652319000,66.134931,-0.157330633925978,-10.4516998831686,-0.699435234515934,2.0161607,1.5604553,-1.1010846,317.97803,85.15886,-3.1963882,WAL
1853657243000,66.139855,-0.0324553653266033,-10.4405935231591,-0.376151263491686,2.0665572,1.5552629,-1.1774428,318.34003,85.01278,-3.0237997,WAL
1853662338000,66.14495,-0.042113684125099,-10.6192725106888,-0.30854303391924,2.1062634,1.6410894,-1.2492194,318.68832,84.83705,-2.8420663,WAL
1853667251000,66.149863,-0.00105965465691308,-10.7416320785777,-0.250808235740723,2.1371121,1.6771306,-1.2962561,319.03857,84.57848,-2.6139915,WAL
1853672343000,66.154955,0.126511094102316,-10.7841555328941,-0.203559804061622,2.134974,1.7751744,-1.3060299,319.4288,84.29497,-2.3939128,WAL
1853677265000,66.159877,0.299099753156028,-10.7753775256107,-0.228375524152876,2.0732768,1.8325957,-1.284955,319.82312,83.97377,-2.155445,WAL
1853682356000,66.164968,0.587252970868794,-10.6553137726556,-0.410872569058314,1.9434677,1.7852536,-1.2528846,320.21185,83.653076,-1.9326458,WAL
1853687277000,66.169889,0.794552369578682,-10.4696767394428,-0.70684291206679,1.8096883,1.7965547,-1.1942415,320.63464,83.322365,-1.6929107,WAL
1853692291000,66.174903,0.827182859513639,-10.10607972226,-1.30817634687894,1.7354681,1.8655825,-1.1368202,321.05487,82.99844,-1.47773,WAL
1853697341000,66.179953,0.775861804449509,-9.70659447963532,-1.95614650576752,1.7033978,2.0332649,-1.047023,321.48218,82.712006,-1.2315847,WAL
1853702347000,66.184959,0.452799507634526,-9.20299713031414,-2.73529684557526,1.7180585,2.2666154,-0.9437868,321.93945,82.42295,-1.0251926,WAL
1853707319000,66.189931,0.100442439011407,-8.71307327268361,-3.47276643740244,1.7379116,2.4834726,-0.84299403,322.40543,82.191025,-0.80895686,WAL
1853712464000,66.195076,-0.382719620304183,-8.24470200212127,-4.09890495786472,1.7715092,2.6108382,-0.75502944,322.90112,81.9447,-0.6369487,WAL
1853717349000,66.199961,-0.773067577814013,-7.80544011558454,-4.55646272758178,1.7809776,2.7360654,-0.68966687,323.45477,81.76399,-0.48526332,WAL
1853722347000,66.204959,-0.933894366725961,-7.3749919467141,-4.54700228755806,1.8099937,2.801428,-0.6236934,324.01596,81.565765,-0.371763,WAL
1853727341000,66.209953,-1.06775327753623,-6.96602508152174,-4.51009470914855,1.8365663,2.820365,-0.57848936,324.62534,81.41612,-0.29064792,WAL
1853732342000,66.214954,-1.09185431256039,-6.64307101086957,-4.36066834233092,1.856114,2.8050933,-0.53786683,325.23468,81.26125,-0.23609813,WAL
1853737354000,66.219966,-1.12309343248543,-6.34086914346499,-4.17879477639441,1.8432859,2.777299,-0.5112942,325.86713,81.08514,-0.20911013,WAL
1853742346000,66.224958,-1.18058085381556,-6.11976385440755,-3.87809130622514,1.8161024,2.7171285,-0.5143485,326.48044,80.910995,-0.19077265,WAL
1853747421000,66.230033,-1.24241627519505,-5.89700655243692,-3.57515332769278,1.7333301,2.624888,-0.514654,327.094,80.72116,-0.18287182,WAL
1853752354000,66.234966,-1.35251604665113,-5.71031532049853,-3.32144517389806,1.6859881,2.5326474,-0.5326745,327.68674,80.53302,-0.17396519,WAL
1853757375000,66.239987,-1.46737969081028,-5.51802515938735,-3.05163738230237,1.627345,2.4584272,-0.56413406,328.2921,80.312195,-0.17608428,WAL
1853762419000,66.245031,-1.61535081373518,-5.29845515424901,-2.64590993451581,1.5561792,2.3710735,-0.58093286,328.8638,80.11279,-0.17972991,WAL
1853767548000,66.25016,-1.76070115301575,-5.07128178007329,-2.2371209103199,1.4453071,2.2870796,-0.6227771,329.4492,79.89029,-0.18992998,WAL
1853772353000,66.254965,-1.84729270664554,-4.82062215231257,-1.8907549337427,1.3096951,2.2574525,-0.63713247,330.02133,79.69953,-0.20896497,WAL
1853777568000,66.26018,-1.94151627449069,-4.5499333907106,-1.51316077897456,1.2293663,2.1972823,-0.6704246,330.61035,79.44826,-0.24556224,WAL
1853782355000,66.264967,-2.03088987712253,-4.31756207986158,-1.1467290641778,1.0051788,2.1358902,-0.67164636,331.18686,79.28068,-0.29271927,WAL
1853787652000,66.270264,-2.13507468088889,-4.06946168488889,-0.735285908,0.9236283,2.079996,-0.6762278,331.78522,79.02046,-0.36143634,WAL
1853792295000,66.274907,-2.34455478972444,-4.05365191908444,-0.24122910672,0.7504479,2.0182989,-0.68539083,332.36237,78.85333,-0.43183848,WAL
1853797358000,66.27997,-2.57298420842667,-4.03641202154667,0.29751945776,0.5861252,1.9691241,-0.6743952,332.96207,78.6176,-0.54281175,WAL
1853802352000,66.284964,-2.72981953389053,-4.12090750500459,0.543856411589033,0.4334089,1.9144517,-0.6630942,333.54102,78.429794,-0.6548279,WAL
1853807249000,66.289861,-2.85888236223626,-4.2404102772806,0.682479495657935,0.28191432,1.8723019,-0.65240407,334.10666,78.28925,-0.774076,WAL
1853812391000,66.295003,-2.92856353235409,-4.32217088934587,0.721897283235409,0.14874569,1.8121318,-0.636827,334.68835,78.01249,-0.9833462,WAL
1853817256000,66.299868,-2.97418743756365,-4.38604426135919,0.726459673756365,0.01282817,1.7687603,-0.6227771,335.26025,77.78043,-1.1997281,WAL
1853822348000,66.30496,-2.92225009292265,-4.39495521482257,0.714002871610845,-0.11209377,1.7168368,-0.6093381,335.83282,77.53254,-1.442229,WAL
1853827293000,66.309905,-2.83255818373206,-4.3807933992823,0.695120385167464,-0.22449298,1.6575829,-0.5849035,336.38757,77.319115,-1.6929206,WAL
1853832292000,66.314904,-2.70756190498346,-4.33247140184498,0.645400730953575,-0.34208453,1.5903877,-0.58123827,336.94086,77.13243,-1.9357586,WAL
1853837303000,66.319915,-2.56801598095859,-4.26991640522411,0.582845633841372,-0.44684792,1.5158621,-0.5644395,337.47113,76.9712,-2.187791,WAL
1853842368000,66.32498,-2.4439747302168,-4.21500923650794,0.54817114604336,-0.5549711,1.4364496,-0.550695,337.98108,76.85198,-2.4086926,WAL
1853847375000,66.329987,-2.32794903895664,-4.16395770555556,0.524966007791328,-0.6462954,1.3487904,-0.5323691,338.46442,76.75396,-2.6323965,WAL
1853852349000,66.334961,-2.20637632004434,-4.12137846486949,0.555215422195908,-0.71837753,1.2635747,-0.53023106,338.92587,76.71007,-2.8092673,WAL
1853857342000,66.339954,-2.08108744352514,-4.08282810712486,0.613041079574725,-0.8170323,1.1441506,-0.51923543,339.3493,76.6937,-2.987581,WAL
1853862381000,66.344993,-2.03024903971631,-4.05732838640662,0.708955369137116,-0.8918633,1.003957,-0.50518554,339.7435,76.702225,-3.1260011,WAL
1853867356000,66.349968,-2.01616967210402,-4.03855594526202,0.821590393344169,-0.9755518,0.9288206,-0.49693888,340.12003,76.735886,-3.2639394,WAL
1853872349000,66.354961,-2.07210811685995,-4.00134627340668,0.953380643453266,-1.0613784,0.77304995,-0.49510628,340.43198,76.78104,-3.362136,WAL
1853877358000,66.35997,-2.16720226155219,-3.95379925070869,1.09602181084349,-1.0961977,0.60903263,-0.4831944,340.7174,76.8295,-3.4615126,WAL
1853882354000,66.364966,-2.33122007176867,-3.91770268915909,1.259406328967,-1.1890492,0.44104472,-0.4578435,340.95554,76.86814,-3.5597377,WAL
1853887349000,66.369961,-2.53650446642485,-3.88837636893839,1.43536435236538,-1.2672399,0.2828306,-0.42241332,341.14764,76.90762,-3.654746,WAL
1853892297000,66.374909,-2.68551722944192,-4.04606020070992,1.55600160682311,-1.3548992,0.13316862,-0.37843102,341.3305,76.89071,-3.7562132,WAL
1853897413000,66.380025,-2.81112052780517,-4.30692853141392,1.6526195519227,-1.4492778,0.019547688,-0.2932153,341.47357,76.89069,-3.8706458,WAL
1853902350000,66.384962,-2.75189042599134,-4.90269989020349,1.98237802557341,-1.5546521,-0.03359759,-0.21380283,341.63623,76.8472,-4.0226784,WAL
1853907350000,66.389962,-2.59226902691676,-5.6960419718991,2.446947705657,-1.6716328,-0.06352998,-0.1160644,341.76703,76.82481,-4.194858,WAL
1853912367000,66.394979,-2.43210491508533,-6.49208141667247,2.91309692265287,-1.7815884,-0.03573562,0.022907447,341.92,76.803375,-4.409134,WAL
1853917350000,66.399962,-2.2730262287676,-7.28272613529031,3.37608706582417,-1.8634444,-0.016798794,0.1386664,342.05756,76.797295,-4.6366267,WAL
1853922352000,66.404964,-1.99893993270706,-8.47501318473926,3.97106804302147,-1.8762726,-0.032986723,0.2452624,342.1851,76.785805,-4.8937316,WAL
1853927343000,66.409955,-1.65530125799463,-9.90913206215491,4.64459985694018,-1.7935003,-0.029932396,0.3933972,342.31393,76.74881,-5.190177,WAL
1853932343000,66.414955,-1.19703143302012,-11.5525803614688,5.54700707374245,-1.6178766,-0.0027488936,0.4914411,342.44098,76.66017,-5.4070826,WAL
1853937353000,66.419965,-0.637106202094567,-13.3819909339034,6.65237688158954,-1.359786,0.021991149,0.5369505,342.55865,76.52295,-5.641334,WAL
1853942342000,66.424954,0.132908813414005,-14.9291949206507,7.6517965699266,-0.9645562,0.019547688,0.54702985,342.6282,76.311966,-5.793432,WAL
1853947452000,66.430064,1.10369794638365,-16.2785922455862,8.58860777107717,-0.45081854,0.06566802,0.4465425,342.71573,76.02856,-5.922982,WAL
1853952348000,66.43496,1.87461854081633,-17.2191441098901,8.98731406750392,0.05100725,0.14172074,0.30909783,342.7618,75.69724,-5.9127283,WAL
1853957343000,66.439955,2.52232159247449,-17.871540510989,8.95915299067896,0.4578435,0.30390546,0.13164146,342.84656,75.297844,-5.871315,WAL
1853962362000,66.444974,3.09866013204232,-18.3679066460371,8.76821912018367,0.72356987,0.54428095,-0.064446285,342.8948,74.932724,-5.6329064,WAL
1853967356000,66.449968,3.59516278452785,-18.6973172269914,8.41016457436614,0.87017757,0.67011917,-0.22204952,342.9673,74.514786,-5.37609,WAL
1853972343000,66.454955,3.60353639975671,-18.1544099051187,8.02533698442974,0.91813046,0.8775079,-0.26908615,343.0809,74.15547,-5.023526,WAL
1853977350000,66.459962,3.09490778894511,-16.6845196885948,7.61003469248735,0.96883225,1.0094548,-0.29718593,343.22388,73.76505,-4.6648707,WAL
1853982336000,66.464948,2.38993796193744,-14.9077732770938,7.11539336561049,0.98532563,1.0946705,-0.2593123,343.3825,73.442795,-4.2667875,WAL
1853987350000,66.469962,1.41600863465187,-12.7031073580222,6.50971612992936,0.93187493,1.1468995,-0.20799962,343.57233,73.12119,-3.9030094,WAL
1853992288000,66.4749,0.486273494278091,-10.5971667856508,5.87526185134895,0.8200866,1.181108,-0.17470746,343.823,72.779434,-3.656096,WAL
1853997401000,66.480013,-0.437982505884969,-8.50186403429193,5.16876242742366,0.6533204,1.1969905,-0.1563815,344.0772,72.46976,-3.4362557,WAL
1854002268000,66.48488,-1.1716054351692,-6.74487190031756,4.51062475720949,0.43768495,1.2070698,-0.1469131,344.4002,72.16501,-3.3797145,WAL
1854007349000,66.489961,-1.72691670863848,-5.25277450888161,3.84425112820284,0.2049453,1.1881329,-0.105068825,344.71088,71.91498,-3.34014,WAL
1854012288000,66.4949,-2.217632523131,-4.17638473058801,3.30530832666477,-0.046120327,1.1111639,-0.033292156,345.0556,71.7048,-3.4507027,WAL
1854017355000,66.499967,-2.64632907368671,-3.64166643953643,2.91809860272632,-0.2828306,0.98715824,0.0693332,345.3725,71.553505,-3.576515,WAL
1854022249000,66.504861,-3.05148956785371,-3.2988604907796,2.62525069865255,-0.49571714,0.8127562,0.19608775,345.67456,71.45704,-3.8072488,WAL
1854027347000,66.509959,-3.4509041292589,-3.38344244408085,2.52657176948989,-0.7122689,0.6078109,0.32253686,345.92368,71.417725,-4.0526667,WAL
1854032285000,66.514897,-3.79834433988261,-3.5719329034291,2.44428982468335,-0.9611965,0.32253686,0.44990227,346.11557,71.439735,-4.378826,WAL
1854037347000,66.519959,-4.00801038865204,-4.16099473147977,2.40934555272372,-1.2476922,-0.08552113,0.5158757,346.212,71.51865,-4.6937423,WAL
1854042304000,66.524916,-4.19408869670026,-4.87519434805374,2.31953071807943,-1.5543466,-0.5726862,0.5140431,346.22757,71.651886,-5.0489116,WAL
1854047387000,66.529999,-4.33355608283936,-5.97410070754298,2.07906979147896,-1.8478674,-1.0644327,0.5039638,346.1264,71.841194,-5.382963,WAL
1854052312000,66.534924,-4.46868826397945,-7.03884865570045,1.84608335364552,-2.0781636,-1.5522085,0.48838675,345.90747,72.09196,-5.688259,WAL
1854057339000,66.539951,-4.60661912176447,-8.12564823648982,1.60827161293717,-2.2446244,-2.0015,0.5195409,345.5657,72.383125,-5.9621105,WAL
1854062386000,66.544998,-4.90986488681877,-9.45008283750125,1.27288527006476,-2.3646593,-2.4126122,0.6093381,345.10214,72.700455,-6.207819,WAL
1854067322000,66.549934,-5.71522121081997,-11.4658282921192,0.646496990196274,-2.38268,-2.5766296,0.6597345,344.5901,73.01708,-6.4318733,WAL
1854072313000,66.554925,-6.50352456293436,-13.3981295621622,-0.0427147761621622,-2.349693,-2.7959301,0.75655663,343.9374,73.44037,-6.6577063,WAL
1854077294000,66.559906,-7.19879619787645,-14.9544329155405,-0.926768671790541,-2.2171354,-2.8576276,0.8668178,343.28677,73.80915,-6.8948636,WAL
1854082315000,66.564927,-7.71798699633956,-16.4011924293203,-1.71245777319967,-1.9666806,-2.6917777,0.95630956,342.65546,74.207405,-7.241247,WAL
1854087312000,66.569924,-7.19863389139152,-17.1450114820197,-1.89291091888163,-1.5635096,-2.3875668,0.99204516,342.04794,74.49095,-7.59772,WAL
1854092676000,66.575288,-6.58634520477687,-17.9285822237586,-2.03544156213702,-1.0726794,-1.9691241,0.9068295,341.54062,74.76777,-8.024205,WAL
1854097350000,66.579962,-5.00612382583281,-18.3271550521684,-1.1820283289252,-0.6081163,-1.5586227,0.7128797,341.1256,74.927055,-8.432382,WAL
1854102366000,66.584978,-3.33334677291119,-18.6871387325511,-0.258657095156787,-0.26083946,-1.3020593,0.48533243,340.75806,75.08879,-8.710696,WAL
1854107312000,66.589924,-1.96303225761683,-18.2223813336031,0.742726614881651,-0.07391469,-1.1927143,0.2773328,340.47852,75.190544,-8.945798,WAL
1854112346000,66.594958,-0.645741837669644,-17.6002006643055,1.67286101652808,-0.006414085,-1.1081096,0.13958271,340.1921,75.33055,-8.915084,WAL
1854117320000,66.599932,-0.0833735748916949,-15.5610046606098,1.74132324239811,-0.06719518,-0.97494096,0.038789943,339.96283,75.48163,-8.847507,WAL
1854122308000,66.60492,0.398433103343176,-13.5252026857796,1.7663047008477,-0.20280726,-0.852157,-0.03481932,339.68155,75.64898,-8.590381,WAL
1854127305000,66.609917,0.371084611345842,-11.5424369683779,1.52016820623869,-0.37323865,-0.8775079,-0.101098195,339.40372,75.848145,-8.314642,WAL
1854132432000,66.615044,0.315309477424466,-9.44883821035372,1.17388563200074,-0.54458636,-1.0680978,-0.101098195,339.10287,76.04073,-8.003946,WAL
1854137320000,66.619932,-0.137454012730287,-6.59858408522476,-0.507807219509948,-0.7458665,-1.3289373,-0.057726767,338.77643,76.27886,-7.6876154,WAL
1854142274000,66.624886,-0.596330921532793,-3.70984453205601,-2.21220705305822,-0.9981538,-1.5173893,0.032986723,338.41693,76.5148,-7.4317794,WAL
1854147321000,66.629933,-1.08052741888169,-2.44741102956111,-3.18404451909754,-1.2092078,-1.6542231,0.16768251,337.99448,76.77349,-7.1901445,WAL
1854152308000,66.63492,-1.56160812080378,-1.46561369125295,-4.02348123002364,-1.409877,-1.7993035,0.29779682,337.51355,77.07468,-6.9632163,WAL
1854157314000,66.639926,-1.9465038759471,-0.944777661976733,-4.74409872065228,-1.6374242,-2.0152445,0.42546764,336.99023,77.48582,-6.916444,WAL
1854162324000,66.644936,-2.32339610812369,-0.462928196430347,-5.45494598554241,-1.8622227,-2.1386392,0.52931476,336.448,77.920616,-6.8985386,WAL
1854167323000,66.649935,-2.62462680706084,-0.201107155844077,-6.13740867547341,-1.964848,-2.3915374,0.5858198,335.83688,78.31607,-6.90994,WAL
1854172296000,66.654908,-2.91724893662369,0.0387470958501208,-6.81379773597905,-2.1267273,-2.588236,0.6954701,335.20383,78.73475,-6.9586744,WAL
1854177299000,66.659911,-3.11684988943106,-0.0662782833726627,-7.00356747410259,-2.2305744,-2.6988027,0.83658,334.52405,79.181526,-7.1489096,WAL
1854182288000,66.6649,-3.30794555033497,-0.200045236028397,-7.15166669486051,-2.368019,-2.7516425,0.96883225,333.80573,79.60561,-7.365699,WAL
1854187303000,66.669915,-3.16444737779107,-1.0350721788128,-7.41914244697967,-2.449875,-2.7934868,1.0876455,333.05237,79.97084,-7.687961,WAL
1854192275000,66.674887,-2.99357700498405,-1.92264892979964,-7.6944335673744,-2.4397957,-2.797152,1.1615603,332.29968,80.235596,-8.041298,WAL
1854197348000,66.67996,-2.8192356129386,-2.82825569925987,-7.97531688470395,-2.3057108,-2.7006352,1.2162327,331.5669,80.35505,-8.452233,WAL
1854202251000,66.684863,-2.65073653050239,-3.7035149128738,-8.24678759333134,-2.0702224,-2.3973405,1.2855659,330.9011,80.3331,-8.895607,WAL
1854207314000,66.689926,-2.5063673741784,-5.19632118347418,-8.0403766741784,-1.8084666,-1.9089539,1.3558154,330.31064,80.17406,-9.368847,WAL
1854212292000,66.694904,-2.36759989830986,-6.72723969171831,-7.78522355830986,-1.4746287,-1.4608842,1.3677273,329.8078,79.90504,-9.84731,WAL
1854217320000,66.699932,-2.24078202992947,-8.66060177491567,-7.26020325651641,-1.1728612,-1.1044444,1.3600914,329.38358,79.698235,-10.186283,WAL
1854222272000,66.704884,-2.11959130822856,-10.6723675931718,-6.66879257308597,-0.94225967,-0.7987063,1.3658947,329.08176,79.43484,-10.524725,WAL
1854227299000,66.709911,-1.93613713250952,-12.4487515610889,-6.02527602508594,-0.7867944,-0.50946164,1.3536774,328.87085,79.12917,-10.867075,WAL
1854232328000,66.71494,-1.73924797443092,-14.1670566178575,-5.3719622936449,-0.6927212,-0.22937989,1.3277156,328.7526,101.204185,-11.199885,WAL
1854237314000,66.719926,-1.19727316954545,-15.3543809223485,-4.73075824375,-0.68386364,0.035430185,1.2815952,328.6819,101.49425,-11.464108,WAL
1854242318000,66.72493,-0.486304091363636,-16.2972968996212,-4.09038176875,-0.7583892,0.2660318,1.2504412,328.68546,101.795044,-11.7171335,WAL
1854247360000,66.729972,0.150693534411368,-16.5753652354528,-3.24922883163776,-0.93554014,0.52626044,1.2308935,328.72452,102.00475,-11.869769,WAL
1854252323000,66.734935,0.755117361566474,-16.6577873734104,-2.36548798127168,-1.1572843,0.74097955,1.1386528,328.81577,102.20058,-11.987733,WAL
1854257316000,66.739928,1.27938980661427,-16.1510516775544,-1.52807993790446,-1.4669929,0.86132,0.96669424,328.86908,102.2491,-11.947787,WAL
1854262328000,66.74494,1.76932503350005,-15.3867521168725,-0.709888024849444,-1.8197676,0.8891144,0.7791586,328.9532,102.3035,-11.880071,WAL
1854267285000,66.749897,2.0178435216503,-14.6119141182188,0.0267776308985421,-1.9847012,0.8738427,0.66706485,328.97278,102.209435,-11.680301,WAL
1854272268000,66.75488,2.18349296119211,-13.8262630950114,0.741436496057721,-2.252871,0.70646566,0.4202753,328.9473,102.09171,-11.403649,WAL
1854277306000,66.759918,2.27517559372373,-12.9794167282237,1.42294359494574,-2.4269676,0.4025602,0.15363261,328.73285,101.87962,-11.06348,WAL
1854282288000,66.7649,2.33581221755792,-12.1211757852185,2.0806171032359,-2.5262332,-0.049480084,-0.092240654,328.42252,101.65616,-10.681618,WAL
1854287275000,66.769887,2.17512698863749,-11.3612291952962,2.38723157665972,-2.5421157,-0.6441574,-0.3115413,328.0438,101.4623,-10.302119,WAL
1854292297000,66.774909,1.90308175511561,-10.6453213417684,2.52086775915451,-2.4382687,-1.2904528,-0.49205196,327.5189,101.241295,-9.888378,WAL
1854297280000,66.779892,1.35611706836869,-10.2258360915643,2.2682166267384,-2.1978931,-1.9071213,-0.6747007,326.88666,101.01099,-9.479434,WAL
1854302203000,66.784815,0.671722917703786,-9.96260726454167,1.81833528567658,-1.8851302,-2.3973405,-0.8539896,326.1082,100.732056,-9.0423975,WAL
1854307215000,66.789827,-0.0781295804773502,-9.72371315703848,1.30704988005845,-1.5460999,-2.6731462,-0.990518,325.2378,100.44965,-8.643719,WAL
1854312220000,66.794832,-0.853258489342426,-9.49957935918169,0.770062966858256,-1.2226468,-2.7598891,-1.0781772,324.2877,100.100334,-8.220082,WAL
1854317232000,66.799844,-1.59886157942282,-9.1695633594147,0.293434096228026,-0.9605856,-2.692694,-1.0903945,323.2659,99.7879,-7.8815413,WAL
1854322227000,66.804839,-2.32313622412356,-8.7758303653084,-0.144047210234732,-0.754724,-2.521041,-1.0512991,322.26337,99.42964,-7.532464,WAL
1854327240000,66.809852,-2.87346091638631,-8.34098008660202,-0.544630919806056,-0.6188065,-2.295937,-0.9401216,321.1966,99.14146,-7.309817,WAL
1854332282000,66.814894,-3.33214686320997,-7.88229399010489,-0.926869290314665,-0.5320636,-2.0479257,-0.7846564,320.21664,98.85349,-7.1016583,WAL
1854337230000,66.819842,-3.5843431514367,-7.41695660802197,-1.23768278230852,-0.46181414,-1.8093829,-0.5726862,319.4584,98.75462,-7.038236,WAL
1854342218000,66.82483,-3.72488187357066,-6.93912489406688,-1.51407555685005,-0.4266894,-1.6172657,-0.33292156,318.77325,98.69084,-7.020026,WAL
1854347222000,66.829834,-3.73796477772036,-6.62708277183742,-1.90851875281725,-0.41325033,-1.4669929,-0.07574729,318.2071,98.776955,-7.131286,WAL
1854352266000,66.834878,-3.66116004084269,-6.43027053333996,-2.38854880942065,-0.44837508,-1.3121386,0.15668693,317.7085,98.91453,-7.296683,WAL
1854357267000,66.839879,-3.48277720718302,-6.40652450235556,-2.79782954188639,-0.51068336,-1.2174544,0.32528573,317.2428,99.17472,-7.5617876,WAL
1854362311000,66.844923,-3.22991834812912,-6.50485839715975,-3.16307014867197,-0.57543504,-1.0048733,0.39278635,316.86322,99.469185,-7.8541837,WAL
1854367271000,66.849883,-2.88520241056012,-6.70440966406914,-3.33509618871257,-0.59406644,-0.8017606,0.5164866,316.52246,99.84898,-8.1929,WAL
1854372262000,66.854874,-2.45178471541513,-6.99786971552848,-3.33961095293284,-0.6747007,-0.6627888,0.6282749,316.2293,100.25795,-8.540106,WAL
1854377249000,66.859861,-1.97998877834843,-7.32875539363878,-3.27263832721364,-0.72173727,-0.5900958,0.7104363,315.9556,100.687614,-8.874789,WAL
1854382278000,66.86489,-1.44628359464038,-7.7187706068407,-3.09815764108684,-0.7470882,-0.5751296,0.7476991,315.71014,101.13679,-9.221553,WAL
1854387268000,66.86988,-0.98393625193866,-8.02780649727376,-2.93765545882242,-0.7874053,-0.5992588,0.7626653,315.43893,101.53866,-9.50782,WAL
1854392248000,66.87486,-0.582134606463461,-8.26708192059826,-2.78867289445286,-0.8072584,-0.6264423,0.7449502,315.1739,101.93537,-9.78898,WAL
1854397288000,66.8799,-0.210721199384173,-8.46411658062198,-2.64085532416094,-0.8552113,-0.6792821,0.7134906,314.8318,102.24324,-9.9883175,WAL
1854402318000,66.88493,0.110651783598481,-8.59760956943447,-2.49747352984707,-0.89888823,-0.73853606,0.66645396,314.48218,102.53871,-10.17268,WAL
1854407305000,66.889917,0.319029556053589,-8.70396462507177,-2.33380639041148,-0.9443977,-0.81183994,0.59986967,314.02515,102.73585,-10.276085,WAL
1854412334000,66.894946,0.406596395342584,-8.78231403885167,-2.14484635941627,-1.0231993,-0.9120218,0.5305365,313.54837,102.92904,-10.362043,WAL
1854417316000,66.899928,0.443897521801554,-8.78771151563685,-1.97940666715315,-1.0818423,-1.0280862,0.45478916,313.05667,103.07336,-10.386635,WAL
1854422311000,66.904923,0.403097162282032,-8.67891073995451,-1.84793885413192,-1.1545353,-1.1301007,0.39920044,312.54385,103.22093,-10.397387,WAL
1854427274000,66.909886,0.334962978055746,-8.58004241995648,-1.72863889007357,-1.2311989,-1.1997393,0.35124752,312.03003,103.350746,-10.383096,WAL
1854432329000,66.914941,0.189494945024972,-8.50480038700653,-1.63834839815563,-1.2928963,-1.244027,0.3115413,311.4973,103.480736,-10.356899,WAL
1854437245000,66.919857,0.0189996795886007,-8.42968686007297,-1.60054022469185,-1.3423764,-1.241889,0.3109304,310.95517,103.6263,-10.349171,WAL
1854442312000,66.924924,-0.215470123794498,-8.34833955024159,-1.66274650607435,-1.3860532,-1.1859949,0.32498032,310.42014,103.777145,-10.332453,WAL
1854447299000,66.929911,-0.456487417181518,-8.2859692823494,-1.70919843059036,-1.4199562,-1.1123856,0.3643811,309.88574,103.948074,-10.347762,WAL
1854452320000,66.934932,-0.721565417822993,-8.26187130059136,-1.72365721964518,-1.4309518,-1.0341948,0.40744713,309.37537,104.12586,-10.363174,WAL
1854457246000,66.939858,-0.972730099952863,-8.28478556397918,-1.70729831591869,-1.4269812,-0.9828822,0.44837508,308.84842,104.34094,-10.430266,WAL
1854462334000,66.944946,-1.21198567769616,-8.41398368948247,-1.62116631552588,-1.4306464,-0.90285885,0.47342056,308.36023,104.5621,-10.495856,WAL
1854467263000,66.949875,-1.44376451863498,-8.53914437356378,-1.53772594014534,-1.4227052,-0.84329945,0.54244834,307.85043,104.81522,-10.628965,WAL
1854472310000,66.954922,-1.68109213279976,-8.6673013978199,-1.45228800657959,-1.389413,-0.82558435,0.59437186,307.3605,105.06024,-10.756203,WAL
1854477283000,66.959895,-1.90190303021332,-8.83457171202153,-1.3203172851555,-1.3729197,-0.8527679,0.63285637,306.87204,105.32246,-10.90465,WAL
1854482332000,66.964944,-2.08505948120016,-9.13340637978469,-1.03594280844498,-1.346347,-0.90316427,0.66248333,306.39243,105.5785,-11.058742,WAL
1854487282000,66.969894,-2.2516445925912,-9.43856073230276,-0.766084943636535,-1.3362677,-0.96883225,0.6783658,305.93805,105.87876,-11.300297,WAL
1854492307000,66.974919,-2.37865526866811,-9.78783967706664,-0.521135712936186,-1.310306,-1.0308352,0.68386364,305.4777,106.1665,-11.541443,WAL
1854497339000,66.979951,-2.49700614543714,-10.1419297400553,-0.28470883249181,-1.2730432,-1.078788,0.67256266,304.98047,106.41987,-11.811146,WAL
1854502320000,66.984932,-2.55281591410338,-10.5224506974048,-0.11220611469198,-1.2327261,-1.1108584,0.6627888,304.47934,106.66225,-12.075264,WAL
1854507323000,66.989935,-2.59005985853437,-10.9183623762017,0.00759300294068565,-1.1643091,-1.1242975,0.6627888,303.94803,106.86397,-12.35931,WAL
1854512322000,66.994934,-2.56834998044622,-11.3569001725921,-0.0401685629151097,-1.0708468,-1.1291844,0.67347896,303.42178,107.04904,-12.633535,WAL
1854517511000,67.000123,-2.53342866067721,-11.7801900578454,-0.0991160402962814,-0.96577793,-1.1249083,0.6918049,302.90137,107.20039,-12.907462,WAL
1854522313000,67.004925,-2.35268448748362,-11.7894591808929,-0.265956887024085,-0.8216137,-1.0729848,0.7247916,302.40613,107.330795,-13.175017,WAL
1854527429000,67.010041,-2.1471761257919,-11.7982956344581,-0.44681352726948,-0.65148777,-1.0134255,0.752586,301.93466,107.42569,-13.416212,WAL
1854532327000,67.014939,-1.79004820897641,-11.7938865597331,-0.65844486014663,-0.4804455,-0.93951076,0.77824235,301.4939,107.502,-13.652654,WAL
1854537307000,67.019919,-1.42694142544412,-11.7894036703638,-0.873619224729768,-0.30482176,-0.8402451,0.7806858,301.08734,107.575195,-13.873155,WAL
1854542322000,67.024934,-0.756710536579202,-11.6263490264706,-1.2392860739958,-0.15302174,-0.7101309,0.77640975,300.71976,107.628204,-14.085054,WAL
1854547528000,67.03014,-0.0283488834316316,-11.4394401743744,-1.62479582671672,-0.024740042,-0.54305923,0.7699956,300.39905,107.657745,-14.282155,WAL
1854552319000,67.034931,0.724877007750951,-11.2143907425425,-1.87280930326326,0.08979719,-0.355829,0.7703011,300.13675,107.662865,-14.421085,WAL
1854557699000,67.040311,1.53771028359874,-10.9892221336032,-2.11553953950517,0.15821409,-0.17898351,0.7507534,299.93866,107.63073,-14.458126,WAL
1854562343000,67.044955,1.95384773817364,-11.0332367246964,-2.01550644250112,0.18936823,-0.100792766,0.7275405,299.76788,107.58596,-14.488039,WAL
1854567301000,67.049913,2.39812196293297,-11.0802273238866,-1.90870969509672,0.1881465,0.026572637,0.6432411,299.67136,107.47205,-14.3822775,WAL
1854572312000,67.054924,2.53768159497164,-11.3285014748582,-1.56732853959235,0.12522738,0.081855945,0.49357912,299.57288,107.34269,-14.251605,WAL
1854577284000,67.059896,2.59719578006922,-11.6260724003461,-1.16904170167292,-0.0027488936,0.070249505,0.29932398,299.48605,107.19487,-14.082643,WAL
1854582294000,67.064906,2.34689280113142,-11.907335797215,-0.693378071924282,-0.13194689,0.014966198,0.08979719,299.4005,106.95737,-13.7969475,WAL
1854587307000,67.069919,1.97084683089643,-12.1812460008703,-0.187340909086162,-0.2443461,-0.040317107,-0.080634214,299.30496,106.70665,-13.471855,WAL
1854592338000,67.07495,1.42416523553976,-12.3933057871118,0.212956005799572,-0.3155119,-0.13408493,-0.18845193,299.17108,106.39645,-13.108403,WAL
1854597398000,67.08001,0.782641314387229,-12.5725547971381,0.557303416431325,-0.3323107,-0.24404067,-0.21227567,299.01468,106.08374,-12.730259,WAL
1854602321000,67.084933,0.311210244446506,-12.7711431646098,0.623326879567598,-0.28955013,-0.31673363,-0.19914207,298.83423,105.74999,-12.396883,WAL
1854607301000,67.089913,-0.0649484665120163,-12.9879873457363,0.512691967569825,-0.19272798,-0.3213151,-0.16707164,298.6448,105.415726,-12.070406,WAL
1854612379000,67.094991,-0.308663639216247,-13.2763779847944,0.299848177875293,-0.03176499,-0.2507602,-0.13775012,298.4492,105.11134,-11.856641,WAL
1854617335000,67.099947,-0.376474343132973,-13.6396499019288,-0.0295181394754567,0.16187929,-0.12583824,-0.12614368,298.27222,104.79399,-11.648777,WAL
1854622346000,67.104958,-0.357001138470757,-13.9909309878111,-0.310716013106627,0.3726278,0.032986723,-0.13194689,298.12027,104.507065,-11.503384,WAL
1854627301000,67.109913,-0.245209603568575,-14.3214451704394,-0.534299062609854,0.5873469,0.19517145,-0.17195857,298.00797,104.189285,-11.349295,WAL
1854632321000,67.114933,-0.132411832962699,-14.5572505957923,-0.626222291578412,0.8402451,0.3475823,-0.21502456,297.93683,103.86393,-11.193216,WAL
1854637312000,67.119924,-0.0206778812348816,-14.7029904335806,-0.597074344311414,1.0748174,0.4428773,-0.2742785,297.8969,103.50382,-11.021521,WAL
1854642282000,67.124894,0.101315346843642,-14.7768017411733,-0.560770742816565,1.3158038,0.48747048,-0.35277468,297.8822,103.09497,-10.809561,WAL
1854647341000,67.129953,0.234216955566764,-14.7939502336076,-0.517899247611716,1.5244142,0.52564955,-0.43982297,297.8937,102.652664,-10.581611,WAL
1854652305000,67.134917,0.356106894969444,-14.8286145792859,-0.485367601318752,1.7082846,0.5366451,-0.5271767,297.9127,102.156906,-10.318785,WAL
1854657310000,67.139922,0.45888787282942,-14.9057002724349,-0.475089492800472,1.8933768,0.5549711,-0.58184916,297.94678,101.63751,-10.047231,WAL
1854662300000,67.144912,0.506931080277475,-14.9064858444158,-0.493783038695868,1.9978348,0.59742624,-0.70952,297.99274,101.063286,-9.713588,WAL
1854667316000,67.149928,0.483129054282033,-14.8065172775741,-0.550907936874443,2.1587977,0.6612616,-0.82619524,298.05386,100.47233,-9.376069,WAL
1854672251000,67.154863,0.43230749492955,-14.6355661555641,-0.549077007307582,2.3151793,0.75533485,-0.95356065,298.13568,99.84869,-8.99151,WAL
1854677302000,67.159914,0.339577796652928,-14.3527406561871,-0.460983771674494,2.5060747,0.84482664,-1.0595458,298.23788,99.21382,-8.59004,WAL
1854682249000,67.164861,0.201054639318113,-14.0506214267884,-0.376157143866058,2.7369816,0.9056077,-1.142318,298.363,98.582985,-8.174826,WAL
1854687315000,67.169927,-0.0450950473830543,-13.6863202519533,-0.2924662584069,2.9697213,0.904386,-1.2104294,298.50034,97.96528,-7.745609,WAL
1854692314000,67.174926,-0.371923460225185,-13.3640894939259,-0.285082392420741,3.225063,0.8536842,-1.2556335,298.64398,97.403885,-7.3320384,WAL
1854697349000,67.179961,-0.85292512092642,-13.1069200934321,-0.413666978292346,3.454443,0.79137594,-1.2996159,298.79056,96.91356,-6.9117956,WAL
1854702259000,67.184871,-1.3542526647105,-12.889906386261,-0.620404149293425,3.6383133,0.7415904,-1.3469579,298.9306,83.4211,-6.532807,WAL
1854707311000,67.189923,-1.93825558518155,-12.7379705848871,-1.00499141722277,3.7476583,0.72204274,-1.3848315,299.071,83.60335,-6.15586,WAL
1854712301000,67.194913,-2.48080976080547,-12.6066693304567,-1.4069503273283,3.7427714,0.77640975,-1.4337007,299.22235,83.548195,-5.8660173,WAL
1854717319000,67.199931,-2.94305678773822,-12.5202680676016,-1.8648772911183,3.6157115,0.8762862,-1.4566082,299.39307,83.349556,-5.585021,WAL
1854722351000,67.204963,-3.40576018507045,-12.4454436941141,-2.32321147917458,3.3884695,0.96883225,-1.4538593,299.57172,82.98687,-5.434301,WAL
1854727294000,67.209906,-3.85042766383532,-12.5116708547517,-2.76314845705007,3.1606169,1.0277808,-1.4288138,299.7807,82.57889,-5.294334,WAL
1854732374000,67.214986,-4.34151912801975,-12.6177952396403,-3.19986602031388,2.9608638,1.024421,-1.4199562,299.98328,82.13721,-5.283543,WAL
1854737318000,67.21993,-5.20565073232234,-13.1521375898431,-3.45033890298007,2.8044822,0.947452,-1.4288138,300.19012,81.71883,-5.278198,WAL
1854742294000,67.224906,-6.07537542144243,-13.6899384665844,-3.70243296935285,2.649017,0.8173377,-1.4789047,300.35876,81.32642,-5.3620543,WAL
1854747332000,67.229944,-6.56754982940757,-13.9100420264097,-3.61677913019272,2.5097399,0.6536258,-1.5558738,300.50443,80.97514,-5.429687,WAL
1854752250000,67.234862,-6.95175460069338,-14.0445134957683,-3.44868944245947,2.3420575,0.5687156,-1.6948457,300.6456,80.688614,-5.461512,WAL
1854757313000,67.239925,-7.14329067785235,-13.9972279440716,-3.53866935659955,2.2382102,0.32620203,-1.7681495,300.76993,80.41774,-5.5215364,WAL
1854762305000,67.244917,-7.29034946979866,-13.91255798434,-3.68127164384787,2.0503693,0.11301007,-1.8961257,300.8871,80.24079,-5.520068,WAL
1854767311000,67.249923,-7.08396434832153,-13.4813362580844,-3.85471625056976,1.8551978,0.049785517,-2.0124955,301.00497,80.05717,-5.5204916,WAL
1854772256000,67.254868,-6.72420252638333,-12.9028001940253,-4.03945878034083,1.6511687,0.09162979,-2.0677788,301.0953,79.93309,-5.494381,WAL
1854777307000,67.259919,-6.15238731295337,-12.2207331286701,-4.29764577677029,1.4608842,0.2049453,-2.0305161,301.19528,79.866234,-5.458194,WAL
1854782327000,67.264939,-5.51119516902706,-11.5103472545577,-4.57903247932259,1.3848315,0.4098906,-1.9000963,301.32907,79.815926,-5.4362507,WAL
1854787315000,67.269927,-4.75560412694306,-11.082297581019,-4.45227768121878,1.4563028,0.77518797,-1.6896533,301.5023,79.79417,-5.408898,WAL
1854792320000,67.274932,-3.93678707694306,-10.794993581019,-4.11708918121878,1.565953,1.2583824,-1.5033394,301.75903,79.765724,-5.425082,WAL
1854797330000,67.279942,-3.08761230821028,-10.5413561986612,-3.48227691069108,1.7437148,1.6536123,-1.3634512,302.03296,79.75165,-5.41774,WAL
1854802321000,67.284933,-2.22651711234495,-10.3060839569797,-2.69646887147076,1.9312505,1.8555032,-1.2495248,302.37894,79.685234,-5.468991,WAL
1854807315000,67.289927,-1.61816699407664,-10.158650603813,-1.92536516169496,2.0576997,1.928807,-1.1591167,302.723,79.573044,-5.485687,WAL
1854812342000,67.294954,-1.15696964001707,-10.0627585404534,-1.15822501676373,2.1746802,1.9346102,-1.073901,303.0979,79.40294,-5.541695,WAL
1854817318000,67.29993,-0.82720078327297,-10.0410264239421,-0.56985378178517,2.262034,1.8866574,-1.0626001,303.47296,79.1813,-5.467372,WAL
1854822312000,67.304924,-0.612956707729699,-10.0866102394205,-0.136807225351697,2.287385,1.8591684,-1.0934488,303.8522,78.93771,-5.413056,WAL
1854827295000,67.309907,-0.417382783196456,-10.1755322749081,0.213939282074778,2.3038783,1.8460348,-1.1294898,304.26047,78.61578,-5.2717257,WAL
1854832326000,67.314938,-0.245568408490383,-10.3265209898422,0.453438107093149,2.2800546,1.8017471,-1.1863003,304.65408,78.296616,-5.1218653,WAL
1854837313000,67.319925,-0.0131366701932415,-10.4475166015261,0.498774074466356,2.1911736,1.7299703,-1.2092078,305.05142,77.94121,-4.932002,WAL
1854842307000,67.324919,0.26649545847587,-10.5470464622931,0.399243995944901,2.032654,1.6865989,-1.2009611,305.44537,77.604515,-4.7437434,WAL
1854847330000,67.329942,0.552565381946833,-10.418924237227,0.115778203709853,1.8524488,1.6670512,-1.1933253,305.82758,77.275826,-4.520289,WAL
1854852316000,67.334928,0.840414725451132,-10.1074805642356,-0.313636377612412,1.7272215,1.6743816,-1.1453724,306.20197,76.96218,-4.3190207,WAL
1854857310000,67.339922,0.943110388499044,-9.74790013489484,-0.926652191152964,1.672549,1.7159204,-1.1074986,306.56723,76.71495,-4.063071,WAL
1854862376000,67.344988,0.878174875133843,-9.33973406472275,-1.71515487558509,1.65911,1.7831156,-1.0415252,306.93628,76.4762,-3.8392036,WAL
1854867312000,67.349924,0.693043882964786,-8.9417956789095,-2.48600368818629,1.6200147,1.9355265,-0.96944314,307.31863,76.33117,-3.5796945,WAL
1854872313000,67.354925,0.348485530321848,-8.53829962287013,-3.27032731442635,1.591304,2.149024,-0.87964594,307.7302,76.17415,-3.3596401,WAL
1854877285000,67.359897,0.0174342341772152,-8.12894086405063,-3.9666023536076,1.5851953,2.3909266,-0.8002335,308.1625,76.12387,-3.1726863,WAL
1854882328000,67.36494,-0.293330107974684,-7.69590866772152,-4.49133560015823,1.6010778,2.6022859,-0.7254025,308.63788,76.0672,-3.0265768,WAL
1854887308000,67.36992,-0.522625594633388,-7.32229137376906,-4.81804907638147,1.6206255,2.8002062,-0.64934975,309.14743,76.096634,-2.9786906,WAL
1854892311000,67.374923,-0.648258751993785,-7.01984124490628,-4.88784522632806,1.668273,2.8991663,-0.5833763,309.68127,76.11043,-2.9586053,WAL
1854897324000,67.379936,-0.749691029483345,-6.71717351004434,-4.86103088393318,1.6850718,2.9578094,-0.54428095,310.24622,76.16948,-3.0142515,WAL
1854902320000,67.384932,-0.808899940816747,-6.41619488172631,-4.66860193497989,1.6759088,2.967278,-0.5131268,310.81882,76.22016,-3.08996,WAL
1854907267000,67.389879,-0.888780527687296,-6.15011742268634,-4.46076423864725,1.6584991,2.9275718,-0.5164866,311.39374,76.25635,-3.195433,WAL
1854912400000,67.395012,-1.00180851889251,-5.91935204309255,-4.22057972045411,1.6410894,2.8747318,-0.51923543,311.96335,76.29438,-3.3096805,WAL
1854917245000,67.399857,-1.12365899312214,-5.66978377316139,-3.9169728597047,1.6001616,2.809064,-0.5326745,312.5206,76.29211,-3.4414842,WAL
1854922315000,67.404927,-1.28246692387627,-5.34309279643024,-3.4405488779273,1.5628988,2.7015514,-0.5494733,313.04913,76.29575,-3.5660298,WAL
1854927260000,67.409872,-1.43546358000844,-4.99749363411442,-2.96438241393287,1.4834863,2.5760188,-0.57940567,313.53635,76.24352,-3.7258794,WAL
1854932327000,67.414939,-1.58400118213004,-4.52627140536204,-2.42657411456618,1.3680327,2.4495697,-0.589485,313.9899,76.21273,-3.8801765,WAL
1854937267000,67.419879,-1.73003394911487,-4.0943196061369,-1.91990106264752,1.2351695,2.3441954,-0.6053675,314.35825,76.04392,-4.117224,WAL
1854942313000,67.424925,-1.88211755049174,-3.71886306325728,-1.44463982075138,1.0839803,2.2204952,-0.6032294,314.68295,75.91209,-4.3469305,WAL
1854947282000,67.429894,-2.03184498669236,-3.38591744627244,-0.989441813814789,0.9230174,2.0998492,-0.6035349,315.0872,75.74699,-4.5689383,WAL
1854952317000,67.434929,-2.18346232430267,-3.15115504293539,-0.563934929039456,0.75777835,2.0497584,-0.59864795,315.47256,75.623764,-4.7908726,WAL
1854957272000,67.439884,-2.34368360753492,-2.97288633048397,-0.183168919083219,0.66828656,1.9437732,-0.5864306,315.90955,75.44696,-5.007592,WAL
1854962323000,67.444935,-2.53401399238639,-2.92054557898879,0.111843088003148,0.473726,1.8579466,-0.5705481,316.33405,75.341324,-5.2268605,WAL
1854967281000,67.449893,-2.70637338290945,-2.90722204087086,0.367436642877783,0.30848694,1.7809776,-0.55771995,316.78812,75.16764,-5.4687138,WAL
1854972312000,67.454924,-2.83987814971796,-3.0025825174666,0.529549582537358,0.14385876,1.7128662,-0.54183745,317.2161,75.04155,-5.7130265,WAL
1854977288000,67.4599,-2.93663824661609,-3.10627526751847,0.673018783409862,-0.004581489,1.6533068,-0.52839845,317.6451,74.87466,-6.002726,WAL
1854982320000,67.464932,-2.92220708542623,-3.24096625597924,0.764416187841885,-0.1572978,1.5787812,-0.5109888,318.04587,74.745995,-6.2937336,WAL
1854987331000,67.469943,-2.90114397016238,-3.3593145514885,0.842253600879567,-0.30573806,1.5128077,-0.4896085,318.43146,74.604546,-6.6207666,WAL
1854992299000,67.474911,-2.8597561508699,-3.42829412225981,0.879042759711966,-0.44959682,1.4349225,-0.47342056,318.7879,74.494316,-6.9450765,WAL
1854997377000,67.479989,-2.80201237317858,-3.48328695182394,0.907126006246608,-0.5879578,1.3552046,-0.46609017,319.11032,74.399605,-7.268563,WAL
1855002353000,67.484965,-2.67750141202894,-3.46892030823033,0.892759332649985,-0.7174612,1.2675453,-0.44898596,319.40244,74.32906,-7.5915465,WAL
1855007328000,67.48994,-2.54521721124588,-3.46066540686978,0.874189782670289,-0.850019,1.1728612,-0.44623706,319.6563,74.28658,-7.900147,WAL
1855012381000,67.494993,-2.37617994651659,-3.47944730882981,0.836625959138366,-0.96883225,1.0830641,-0.4361578,319.88065,74.26173,-8.207,WAL
1855017327000,67.499939,-2.21646093554053,-3.49613180207934,0.805646564158676,-1.0864239,0.9859365,-0.43768495,320.0586,74.27585,-8.478681,WAL
1855022350000,67.504962,-2.09507124495811,-3.50098738564651,0.815357731293025,-1.1911873,0.8872818,-0.43554693,320.2053,74.30533,-8.744914,WAL
1855027344000,67.509956,-1.9863668616251,-3.49880114432824,0.83622548159292,-1.2965615,0.7733554,-0.42302418,320.2895,74.376915,-8.977258,WAL
1855032306000,67.514918,-1.9481367074819,-3.45579222091714,0.922243398274336,-1.395827,0.6365216,-0.41263947,320.33505,74.46292,-9.198163,WAL
1855037302000,67.519914,-1.9286987382199,-3.42453571518325,1.01423898900524,-1.4883732,0.49541172,-0.40133846,320.3115,74.56117,-9.401956,WAL
1855042303000,67.524915,-2.01859095983404,-3.46238503005038,1.13724936112812,-1.5787812,0.34391713,-0.37843102,320.24124,74.66881,-9.59871,WAL
1855047349000,67.529961,-2.11768448455882,-3.51466392263932,1.26102901139706,-1.6523905,0.20372356,-0.3555236,320.1088,74.75557,-9.795763,WAL
1855052329000,67.534941,-2.26995347720588,-3.65770449732972,1.38099849301471,-1.7366899,0.129198,-0.30940324,319.94717,74.84763,-9.99567,WAL
1855057428000,67.54004,-2.42706322250775,-3.85390481006899,1.49985658341166,-1.7754798,0.008552114,-0.27977628,319.71368,74.8877,-10.219888,WAL
1855062362000,67.544974,-2.59242849452055,-4.59568659315068,1.57072744246575,-1.8668042,-0.083383106,-0.20616703,319.46158,74.93105,-10.460043,WAL
1855067394000,67.550006,-2.75564094761716,-5.35594770679679,1.66460419872189,-1.924531,-0.1441642,-0.106595986,319.17484,74.90845,-10.741991,WAL
1855072315000,67.554927,-2.84902741746755,-6.14506304061231,2.01947275489944,-1.9911152,-0.16340645,0.020463986,318.86963,74.87804,-11.040464,WAL
1855077482000,67.560094,-2.93187497768211,-7.01222741656187,2.40307636598626,-1.9874501,-0.15577064,0.1432479,318.5369,74.81767,-11.366537,WAL
1855082321000,67.564933,-2.82427971671665,-8.29440395651543,2.89622116383864,-1.9333885,-0.08460484,0.3051272,318.21118,74.718956,-11.727782,WAL
1855087652000,67.570264,-2.69101989974173,-9.7272119792391,3.46119607775901,-1.7910569,0.013744468,0.4370741,317.81607,74.506584,-12.121649,WAL
1855092305000,67.574917,-2.24837677894109,-11.4269616148803,4.43501087881196,-1.5625933,0.12889257,0.57757306,317.4457,74.23935,-12.546315,WAL
1855097680000,67.580292,-1.68694884319452,-13.4040454669366,5.59338032807018,-1.1924089,0.2415972,0.63591075,317.07983,73.94262,-12.910438,WAL
1855102332000,67.584944,0.185459946124928,-15.4911800202429,7.52161800526316,-0.6957755,0.25534168,0.57910025,316.72708,73.601715,-13.259346,WAL
1855107281000,67.589893,2.17740988128012,-17.7115645654521,9.57296114035088,-0.12797627,0.2519819,0.40225476,316.53754,73.36525,-13.35978,WAL
1855112394000,67.595006,3.34844213456311,-18.3422257456311,9.35864156504854,0.4156938,0.31245756,0.15424347,316.3774,73.09234,-13.423895,WAL
1855117254000,67.599866,4.34732704861523,-18.7275102545733,8.85444226816556,0.8542951,0.48991394,-0.12003502,316.26282,72.79676,-13.435377,WAL
1855122350000,67.604962,4.3039392875,-18.240476602907,8.55909255523256,1.1582005,0.86467975,-0.3585779,316.25024,72.74247,-12.932979,WAL
1855127264000,67.609876,4.167135575,-17.6932622290698,8.29460555232558,1.3243558,1.185384,-0.45570546,316.29443,72.61109,-12.443732,WAL
1855132336000,67.614948,3.27044634896552,-15.6830447310345,7.83343143310345,1.385137,1.3225232,-0.46273044,316.3925,72.6359,-11.796622,WAL
1855137309000,67.619921,2.26632356841379,-13.4730352018719,7.35013883075862,1.3313808,1.3542882,-0.4288274,316.56952,72.60045,-11.195043,WAL
1855142349000,67.624961,1.19177071148596,-11.179630952642,6.68285219306173,1.2009611,1.3170254,-0.37843102,316.7859,72.499344,-10.677715,WAL
1855147300000,67.629912,0.125061577954438,-8.91623583618489,5.99262859835523,1.0213667,1.2880094,-0.3481932,317.0179,72.38302,-10.198175,WAL
1855152321000,67.634933,-0.672435564566349,-6.87792028539436,5.23922257067086,0.79381937,1.2421945,-0.33658674,317.25543,72.12118,-9.945069,WAL
1855157254000,67.639866,-1.3452718451881,-4.97541786488557,4.47822167999214,0.68203104,1.2333369,-0.28985557,317.49023,71.85568,-9.720774,WAL
1855162401000,67.645013,-1.89487526014782,-3.79671420172793,3.71522336586097,0.44165558,1.2266175,-0.22388211,317.70624,71.533615,-9.739416,WAL
1855167305000,67.649917,-2.3498864248302,-3.03679850240711,3.00221595475429,0.1957823,1.1905763,-0.13408493,317.90564,71.23091,-9.777159,WAL
1855172344000,67.654956,-2.89248233826347,-2.91128042143713,2.51883769389222,-0.04734206,1.1233811,-0.014049901,318.06555,70.90319,-10.0126505,WAL
1855177339000,67.659951,-3.46537040368263,-3.09269503281437,2.15600867053892,-0.2910773,1.0103711,0.1518,318.1924,70.61443,-10.279444,WAL
1855182353000,67.664965,-3.9579747245422,-3.80825029393909,1.96499812628384,-0.50854534,0.8533788,0.33200526,318.13196,70.30265,-10.787627,WAL
1855187356000,67.669968,-4.41097157862261,-4.77146447024283,1.85532522625398,-0.75869465,0.6426302,0.51343226,318.02716,70.02578,-11.317047,WAL
1855192306000,67.674918,-4.52289716732946,-6.0319691187927,1.87146644652799,-1.0546589,0.3222314,0.67011917,317.79678,69.752495,-11.992213,WAL
1855197447000,67.680059,-4.46767348577547,-7.49790532232079,1.95179170143775,-1.3726143,-0.15790866,0.75961095,317.48056,69.511185,-12.642963,WAL
1855202422000,67.685034,-4.5979779146107,-8.77256057113105,1.84754664330343,-1.7088956,-0.7296785,0.7867944,317.12015,69.36186,-13.262764,WAL
1855207350000,67.689962,-4.79455869256649,-9.9822882532842,1.67742872007369,-1.992337,-1.3319917,0.81122905,316.62784,69.2386,-13.841842,WAL
1855212325000,67.694937,-5.13252279085372,-11.328603039744,1.37402125325323,-2.1813998,-1.9428569,0.87017757,315.9735,69.21674,-14.328821,WAL
1855217341000,67.699953,-6.00033765242077,-13.1584524742438,0.570672732564468,-2.262034,-2.4862216,0.91965765,315.18848,69.21686,-14.753305,WAL
1855222279000,67.704891,-6.81816775228996,-14.8075904428248,-0.266333891191372,-2.2110267,-2.8704557,0.95447695,314.32117,69.313446,-15.088987,WAL
1855227338000,67.70995,-7.55303944760169,-16.067371630848,-1.25411646832,-1.9938642,-2.953228,0.9972375,313.40048,69.371826,-15.402357,WAL
1855232291000,67.714903,-7.94213280251681,-17.1509745377522,-1.9844155557733,-1.6670512,-2.7458394,1.0195341,312.5227,69.497986,-15.709172,WAL
1855237358000,67.71997,-7.25223875170989,-17.7662850256484,-1.95178543865514,-1.2815952,-2.3515258,1.0027353,311.68765,69.55682,-16.00771,WAL
1855242359000,67.724971,-6.43143540228173,-18.2522628619649,-1.79797462502734,-0.88514376,-1.9474384,0.8949176,310.95483,69.64177,-16.312664,WAL
1855247382000,67.729994,-4.90294677939845,-18.1298022545729,-1.03146256122006,-0.5369505,-1.7614299,0.7370089,310.284,69.66629,-16.594664,WAL
1855252346000,67.734958,-3.40635787922195,-17.9588306676309,-0.276139703405486,-0.30634892,-1.4474452,0.63529986,309.7483,69.74449,-16.775366,WAL
1855257357000,67.739969,-2.20961531387531,-16.6615619939152,0.437118898731172,-0.23945917,-1.244638,0.4538729,309.25378,69.839455,-16.885183,WAL
1855262470000,67.745082,-1.0385586042835,-15.312635347921,1.11722413356382,-0.21227567,-1.1713341,0.27977628,308.7554,70.00726,-16.817312,WAL
1855267330000,67.749942,-0.657438094084251,-13.6611130751524,1.0664080602311,-0.29046643,-1.1487321,0.14508049,308.31616,70.20887,-16.719147,WAL
1855272311000,67.754923,-0.266828781059048,-11.9684726552634,1.01432681305614,-0.43890667,-1.1304061,0.065973446,307.89377,70.45768,-16.507607,WAL
1855277358000,67.75997,-0.140944595995621,-10.2998322135536,0.664610749245696,-0.61422503,-1.1759156,-0.024740042,307.47275,70.75259,-16.25926,WAL
1855282270000,67.764882,-0.070726751911633,-8.68482194626331,0.266709631140412,-0.8539896,-1.3362677,-0.10567969,307.03174,71.090034,-15.993658,WAL
1855287332000,67.769944,-0.017949344094012,-7.24572587065868,-0.492012737167665,-1.1102476,-1.5525141,-0.15027285,306.5721,71.43052,-15.731429,WAL
1855292278000,67.77489,0.0293229971616766,-5.88900944111777,-1.30982422652695,-1.3701707,-1.7192802,-0.12186762,306.08392,71.80535,-15.466471,WAL
1855297317000,67.779929,-0.271919624345747,-4.74701559593006,-2.1399948639435,-1.6007724,-1.8374827,-0.030543262,305.55472,72.16792,-15.252785,WAL
1855302267000,67.784879,-0.646553172567618,-3.67931013114689,-2.95482290651981,-1.815797,-1.9752327,0.07971791,304.97168,72.54935,-15.047637,WAL
1855307357000,67.789969,-1.05543579164541,-2.97488850229522,-3.48863940611037,-2.025629,-2.1227567,0.19364429,304.35608,72.93574,-14.907278,WAL
1855312282000,67.794894,-1.45718443989085,-2.39511949178823,-3.92647326258288,-2.2467623,-2.3102922,0.29260445,303.6863,73.316444,-14.789418,WAL
1855317212000,67.799824,-1.85934095478425,-1.81476188330103,-4.36475162043252,-2.4361305,-2.5085182,0.38637227,302.9699,73.62798,-14.793003,WAL
1855322184000,67.804796,-2.26492354952055,-1.22946005178007,-4.80676378985005,-2.575408,-2.7088819,0.48838675,302.19647,73.90533,-14.82004,WAL
1855327263000,67.809875,-2.50239228090309,-1.09073907747215,-5.04167291934339,-2.6022859,-2.8777862,0.57848936,301.38132,74.0816,-14.946022,WAL
1855332200000,67.814812,-2.70283297201025,-1.03480213249532,-5.232790891748,-2.5518897,-2.992018,0.6719518,300.5246,74.195854,-15.096421,WAL
1855337254000,67.819866,-2.75800690015279,-1.23796870076394,-5.58331136229947,-2.4404066,-3.0091221,0.7583892,299.65997,74.20303,-15.317553,WAL
1855342232000,67.824844,-2.78076917593583,-1.49290637967914,-5.96116518783423,-2.2540927,-2.9455922,0.840856,298.79053,74.1355,-15.560796,WAL
1855347303000,67.829915,-2.71404755912299,-2.04765138069519,-6.2805280826738,-2.005165,-2.7641652,0.9279043,297.94684,73.955345,-15.873803,WAL
1855352198000,67.83481,-2.61878656618182,-2.68439638363636,-6.56631127090909,-1.8707749,-2.5130997,0.97249746,297.15137,73.72639,-16.195372,WAL
1855357249000,67.839861,-2.43656895905901,-3.59835958124938,-6.68189431591381,-1.564426,-2.2269092,1.0790935,296.41278,73.417816,-16.557953,WAL
1855362235000,67.844847,-2.24305819375309,-4.5423145519917,-6.76685039388158,-1.2638801,-1.87444,1.1969905,295.7777,73.0669,-16.931776,WAL
1855367253000,67.849865,-2.0908729689769,-5.8901471039604,-6.67114671914191,-0.97005403,-1.4856243,1.3051136,295.22955,107.30433,-17.298294,WAL
1855372227000,67.854839,-1.9479535679568,-7.30028505805581,-6.54251914878488,-0.7165449,-1.1453724,1.3683381,294.78015,107.70727,-17.674685,WAL
1855377325000,67.859937,-1.62822935857527,-10.6645716127668,-5.66332773808883,-0.5864306,-0.7984009,1.3991868,294.43225,108.0924,-18.013275,WAL
1855382338000,67.86495,-1.28208055195155,-14.3245184791386,-4.66180388008075,-0.5519168,-0.44409904,1.4056009,294.19424,108.49035,-18.34831,WAL
1855387346000,67.869958,-0.774626638864237,-15.7847530275102,-4.03021020720032,-0.5870415,-0.17867808,1.3918564,294.00888,108.83211,-18.613413,WAL
1855392295000,67.874907,-0.22860500925216,-16.6226139598769,-3.5077240909425,-0.66706485,0.009162978,1.3790283,293.90863,109.18079,-18.867075,WAL
1855397371000,67.879983,0.428052896723896,-16.4674674438408,-3.09489238584412,-0.788627,0.20677789,1.3347405,293.86597,109.344345,-18.943779,WAL
1855402377000,67.884989,1.10528629790773,-16.0033489840956,-2.72549236160229,-0.9795224,0.42210788,1.2516629,293.88715,109.51057,-19.002731,WAL
1855407344000,67.889956,1.70317161094133,-15.1966021532961,-2.45904623657557,-1.1847731,0.6249151,1.1200215,293.94843,109.58046,-18.958551,WAL
1855412400000,67.895012,2.28654912521305,-14.2575067355275,-2.22190086852777,-1.4062119,0.7867944,0.9630291,294.06302,109.64858,-18.884544,WAL
1855417328000,67.89994,2.46164665566928,-13.445915785551,-1.73212015099374,-1.6105462,0.91324353,0.77091193,294.21756,109.64823,-18.717506,WAL
1855422312000,67.904924,2.47587629017192,-12.6680316583524,-1.12973391655073,-1.7687603,0.890947,0.5503896,294.3732,109.630264,-18.502565,WAL
1855427300000,67.909912,2.42290396874572,-11.9963391413884,-0.619143877417605,-1.8701639,0.6575964,0.28221974,294.49463,109.55476,-18.202162,WAL
1855432329000,67.914941,2.33802072206991,-11.3691465668266,-0.147570778498972,-1.9089539,0.28863382,0.021380283,294.563,109.45389,-17.8519,WAL
1855437314000,67.919926,2.13721411055611,-10.8210601768123,0.171650233419265,-1.8982637,-0.14019357,-0.21777347,294.5348,109.32052,-17.483833,WAL
1855442320000,67.924932,1.87060802251241,-10.3116519532771,0.409691417333466,-1.8252654,-0.6218608,-0.40622538,294.37415,109.14741,-17.078348,WAL
1855447325000,67.929937,1.35571372107234,-9.9533150568697,0.477194174502267,-1.6994271,-0.8713993,-0.47708577,294.1531,108.96088,-16.690393,WAL
1855452319000,67.934931,0.695776801833235,-9.68462668361916,0.444197326079243,-1.6010778,-1.3078625,-0.6038403,293.7262,108.71865,-16.267414,WAL
1855457310000,67.939922,-0.00150071475918212,-9.41047721193914,0.236905079362341,-1.3988814,-1.6633861,-0.7113526,293.25305,108.47658,-15.896084,WAL
1855462360000,67.944972,-0.732638285744743,-9.12927017152825,-0.0911694650702587,-1.20371,-1.8683313,-0.7715228,292.69586,108.20897,-15.518898,WAL
1855467312000,67.949924,-1.3835121128586,-8.80515814761861,-0.41984220621855,-1.0247264,-1.93797,-0.7993172,292.07367,107.98514,-15.23117,WAL
1855472315000,67.954927,-1.98403421916257,-8.43594826692043,-0.757913890552409,-0.87598073,-1.892766,-0.77763146,291.42975,107.73852,-14.946914,WAL
1855477294000,67.959906,-2.51431863754826,-8.01991903455599,-1.04067353117761,-0.7846564,-1.784032,-0.7156286,290.78452,107.59994,-14.782201,WAL
1855482326000,67.964938,-2.93813031056414,-7.5185810472544,-1.23707409943157,-0.74372846,-1.6743816,-0.627664,290.16183,107.46171,-14.630543,WAL
1855487316000,67.969928,-3.18050204221625,-7.10393770049736,-1.48104326762161,-0.74006325,-1.5250251,-0.46731192,289.5787,107.47313,-14.62517,WAL
1855492301000,67.974913,-3.25648384560828,-6.7667678807918,-1.7707242804536,-0.7648033,-1.3567317,-0.27000242,289.0481,107.51442,-14.648515,WAL
1855497311000,67.979923,-3.26580736528395,-6.62464937914074,-2.03458674799012,-0.8045095,-1.1710287,-0.04917465,288.59158,107.68486,-14.787674,WAL
1855502322000,67.984934,-3.20893115427161,-6.67678619872593,-2.27157136472099,-0.8368854,-0.9560041,0.13347405,288.20642,107.89397,-14.959164,WAL
1855507313000,67.989925,-3.0254160882147,-6.79755501450797,-2.42323203370284,-0.8720101,-0.7351763,0.27488935,287.89648,108.19034,-15.181887,WAL
1855512345000,67.994957,-2.7020842529755,-6.99436542026449,-2.48414952160638,-0.91538155,-0.5329799,0.39920044,287.655,108.52847,-15.43744,WAL
1855517310000,67.999922,-2.32222541087065,-7.25992940146278,-2.42350102186154,-0.9410379,-0.3662137,0.5015204,287.47574,108.908485,-15.705613,WAL
1855522311000,68.004923,-1.85677305637712,-7.62461388574291,-2.1979725567879,-0.91446525,-0.2761111,0.5919284,287.34003,109.307785,-15.9933815,WAL
1855527295000,68.009907,-1.45777435820981,-7.95920488304284,-1.98775518595048,-0.89736104,-0.2602286,0.6218608,287.2203,109.68705,-16.243767,WAL
1855532330000,68.014942,-1.14359144903079,-8.25767892848998,-1.79531816668839,-0.88056225,-0.31245756,0.62858033,287.11063,110.070114,-16.504822,WAL
1855537669000,68.020281,-0.81427755985869,-8.57403958464437,-1.59380616676401,-0.870483,-0.39522982,0.60903263,287.00375,110.35454,-16.677925,WAL
1855542308000,68.02492,-0.609198579500707,-8.84608251907678,-1.47243292656618,-0.8772025,-0.43860126,0.57635134,286.89285,110.632706,-16.846186,WAL
1855547362000,68.029974,-0.38577345194536,-9.14246212472916,-1.34020176554875,-0.8781188,-0.5299256,0.5519168,286.7465,110.819885,-16.946539,WAL
1855552317000,68.034929,-0.296571071239886,-9.27303552919309,-1.33937501303302,-0.8903361,-0.6365216,0.49632803,286.5794,110.991936,-17.030447,WAL
1855557582000,68.040194,-0.235230641345488,-9.37284188550592,-1.36941356338195,-0.91232723,-0.766025,0.43249258,286.3775,111.155205,-17.11019,WAL
1855562367000,68.044979,-0.306244804536007,-9.3352458308113,-1.49473262614403,-0.92485,-0.85154617,0.36254853,286.1608,111.25191,-17.131454,WAL
1855567330000,68.049942,-0.379900664915223,-9.29625121859617,-1.62471350566089,-0.9431759,-0.93431836,0.31306845,285.90527,111.33156,-17.134531,WAL
1855572346000,68.054958,-0.555677672402117,-9.2020235568318,-1.75854734201958,-0.97433007,-0.98868537,0.2779437,285.63074,111.40163,-17.12513,WAL
1855577303000,68.059915,-0.750080542870555,-9.09771019556532,-1.89131032842589,-1.0207558,-1.0345002,0.26450464,285.3343,111.47036,-17.112381,WAL
1855582352000,68.064964,-1.0327089079472,-8.98703139821321,-1.96723781622164,-1.0592403,-1.0742066,0.26389378,285.02576,111.56203,-17.10812,WAL
1855587250000,68.069862,-1.32464285024192,-8.87873308803453,-2.02844973784381,-1.1325442,-1.0876455,0.27488935,284.71332,111.666885,-17.104563,WAL
1855592338000,68.07495,-1.61325765680671,-8.76567480731165,-2.06004931070491,-1.2012665,-1.0769554,0.3115413,284.41013,111.82574,-17.140253,WAL
1855597318000,68.07993,-1.89261186827914,-8.65489671399717,-2.08413164922238,-1.2822062,-1.0458013,0.37048978,284.1133,112.006165,-17.184368,WAL
1855602350000,68.084962,-2.14368783721918,-8.61891215593732,-2.09936470643761,-1.353372,-0.9975429,0.4184427,283.83298,112.24618,-17.279732,WAL
1855607244000,68.089856,-2.38258908934302,-8.59679168246177,-2.11263699052294,-1.4034629,-0.91629785,0.47678033,283.57816,112.509674,-17.388248,WAL
1855612326000,68.094938,-2.58926404406439,-8.61642867102616,-2.02721927826962,-1.4092661,-0.8350528,0.54641896,283.34265,112.82854,-17.556261,WAL
1855617257000,68.099869,-2.77429628125596,-8.65143469797734,-1.90719827874616,-1.3888022,-0.7684685,0.6160576,283.13232,113.15957,-17.732302,WAL
1855622315000,68.104927,-2.87771124054107,-8.71718900646722,-1.65955906027844,-1.3457361,-0.75716746,0.6979135,282.9371,113.53165,-17.966167,WAL
1855627289000,68.109901,-2.9623707046406,-8.78773823247433,-1.39147092100119,-1.2913691,-0.79320854,0.7519751,282.75174,113.89974,-18.204912,WAL
1855632328000,68.11494,-3.02538785173653,-8.96950502934132,-1.10574844580838,-1.2370021,-0.8356637,0.8017606,282.5736,114.27419,-18.485075,WAL
1855637287000,68.119899,-3.08226382041916,-9.1733105260479,-0.821368849850299,-1.1936307,-0.8903361,0.8353582,282.38596,114.64055,-18.772346,WAL
1855642333000,68.124945,-3.04434152996821,-9.40498959050188,-0.562742769435507,-1.1368202,-0.91782504,0.86162543,282.19644,114.97486,-19.08035,WAL
1855647350000,68.129962,-2.98417295488874,-9.64103506675657,-0.312812208024275,-1.071763,-0.9642508,0.8707884,281.9889,115.29572,-19.39081,WAL
1855652322000,68.134934,-2.69966289065614,-10.0701364500846,-0.162604056269036,-1.0528263,-0.9923506,0.88789266,281.7781,115.579895,-19.707315,WAL
1855657280000,68.139892,-2.33812635093063,-10.565575715736,-0.0465552710406091,-0.9807441,-1.0161743,0.9007208,281.55768,115.838165,-20.02041,WAL
1855662359000,68.144971,-1.94307438401098,-10.9862187146478,-0.100005772922167,-0.8924741,-1.0366384,0.91904676,281.32965,116.050415,-20.325539,WAL
1855667351000,68.149963,-1.53916759934523,-11.3446858575351,-0.261568497332348,-0.79717916,-1.0531317,0.9388999,281.0987,116.24852,-20.628586,WAL
1855672314000,68.154926,-1.17007826872305,-11.556662800675,-0.502318162981436,-0.68325275,-1.0778717,0.9578367,280.85443,116.35031,-20.86287,WAL
1855677304000,68.159916,-0.811643845884118,-11.7134777378586,-0.775624402208888,-0.5540548,-1.087951,0.9669997,280.61096,116.43512,-21.094017,WAL
1855682324000,68.164936,-0.387699951027467,-11.7880065391658,-1.13529490056968,-0.42760566,-1.0784826,0.9465357,280.36432,116.45432,-21.250254,WAL
1855687317000,68.169929,0.0792819142533062,-11.8026000165819,-1.55363279096846,-0.3200934,-1.0210613,0.89827734,280.12747,116.451996,-21.393751,WAL
1855692315000,68.174927,0.579641713934118,-11.7381519283807,-1.92732077778217,-0.24801129,-0.8912524,0.8332202,279.91708,116.40607,-21.457075,WAL
1855697337000,68.179949,1.10297933627659,-11.6239693637353,-2.27462667886042,-0.1777618,-0.70188415,0.7651087,279.73743,116.33277,-21.494781,WAL
1855702315000,68.184927,1.58020233670886,-11.4131177051489,-2.45127975492529,-0.13561209,-0.4877759,0.7031059,279.6084,116.22797,-21.43727,WAL
1855707313000,68.189925,2.03119908101266,-11.1352304273342,-2.51505698437232,-0.09315695,-0.28496864,0.6414085,279.52686,116.097916,-21.347988,WAL
1855712316000,68.194928,2.34076184440766,-10.9477476271081,-2.46435161062597,-0.077579886,-0.13591751,0.5729916,279.49567,115.93195,-21.1588,WAL
1855717322000,68.199934,2.50445245053285,-10.8535017136058,-2.29570079140197,-0.08582657,-0.05222898,0.48563787,279.49835,115.74693,-20.939741,WAL
1855722311000,68.204923,2.4812877493986,-10.9170747762238,-2.04455587625175,-0.1001819,-0.01038471,0.36713,279.52545,115.51681,-20.640392,WAL
1855727299000,68.209911,2.31203586356177,-11.1041422167832,-1.72832216421445,-0.13927728,-0.015577064,0.21074851,279.55273,115.26672,-20.307018,WAL
1855732319000,68.214931,1.98092078282158,-11.3899966691909,-1.37250550563278,-0.19272798,-0.029321533,0.055283304,279.57404,114.97511,-19.929247,WAL
1855737318000,68.21993,1.42470300298755,-11.8121264379668,-0.965274571846473,-0.24404067,-0.056505036,-0.061086524,279.5802,114.6682,-19.524714,WAL
1855742288000,68.2249,0.805690352166184,-12.1620489101168,-0.597653735804654,-0.30787608,-0.07238753,-0.10934488,279.56512,114.33742,-19.125523,WAL
1855747389000,68.230001,0.0982662850564267,-12.4450186449616,-0.261017468628383,-0.32345316,-0.086437434,-0.16371189,279.53363,113.98618,-18.699965,WAL
1855752337000,68.234949,-0.476146005169585,-12.6916441252626,-0.0465914721904953,-0.32528573,-0.089186326,-0.16126843,279.48682,113.650856,-18.350012,WAL
1855757314000,68.239926,-0.938715869342671,-12.9110070808404,0.0535525120304152,-0.30940324,-0.0729984,-0.12003502,279.44217,113.318985,-18.00167,WAL
1855762308000,68.24492,-1.21401869474708,-13.1529613540856,0.0895636426206226,-0.22143865,-0.020158553,-0.083383106,279.4004,113.01084,-17.751291,WAL
1855767323000,68.249935,-1.28876995286965,-13.4192627324903,0.0568599626794747,-0.07727446,0.051923547,-0.052534413,279.37433,112.704575,-17.513216,WAL
1855772307000,68.254919,-1.24158959468641,-13.7108231423318,0.0586678182083292,0.11178834,0.1441642,-0.04917465,279.37067,112.414406,-17.3388,WAL
1855777307000,68.259919,-1.0321772400497,-14.0392199219759,0.106261533047808,0.3191771,0.22602014,-0.06963864,279.3885,112.10437,-17.165913,WAL
1855782286000,68.264898,-0.82503798734941,-14.3434895173104,0.183353593888333,0.5494733,0.29626966,-0.112399206,279.43347,111.758316,-16.985731,WAL
1855787315000,68.269927,-0.617818072541525,-14.6181763756254,0.303830278363018,0.79443026,0.34513888,-0.1777618,279.49628,111.373535,-16.794132,WAL
1855792282000,68.274894,-0.414018339550361,-14.8121654747945,0.387165906742597,1.0424415,0.36041048,-0.2556471,279.56448,110.90258,-16.54786,WAL
1855797415000,68.280027,-0.204670690964643,-14.8997991091413,0.42124575284738,1.2721269,0.3643811,-0.33261612,279.64343,110.39243,-16.287891,WAL
1855802317000,68.284929,-0.0181648036310641,-14.9682912252742,0.393292505244541,1.4703526,0.35430184,-0.41599923,279.71436,109.79563,-15.973294,WAL
1855807317000,68.289929,0.152156819726312,-15.0156027557554,0.275013599998024,1.6514742,0.35521814,-0.50793445,279.7899,109.163345,-15.642414,WAL
1855812294000,68.294906,0.330356939439468,-14.9887620559569,0.17205785127911,1.8319849,0.3585779,-0.6239988,279.86346,108.46574,-15.258787,WAL
1855817326000,68.299938,0.525291050944814,-14.8355998592892,0.0931559589728402,2.0146337,0.3555236,-0.73975784,279.93695,107.740875,-14.859556,WAL
1855822250000,68.304862,0.69514244736048,-14.6089292959667,0.0224567272315504,2.1820107,0.34116822,-0.86376345,280.0128,106.97315,-14.409333,WAL
1855827290000,68.309902,0.816522143501306,-14.1841000474901,-0.0335646744746107,2.3225098,0.3191771,-1.0027353,280.08646,106.17704,-13.934002,WAL
1855832331000,68.314943,0.86320409520983,-13.7364983164636,-0.0859329674445486,2.463925,0.29626966,-1.1249083,280.16168,105.34536,-13.415726,WAL
1855837354000,68.319966,0.662832132075393,-13.2155311474539,-0.126007362163699,2.6450465,0.28191432,-1.2241739,280.23605,104.490524,-12.877409,WAL
1855842328000,68.32494,0.366070511916324,-12.7582736738887,-0.181168715291371,2.8405235,0.27275133,-1.273654,280.3144,103.63255,-12.325033,WAL
1855847468000,68.33008,-0.162585688307807,-12.4180947646619,-0.273108919643257,2.9492574,0.26053402,-1.3680327,280.39114,102.76206,-11.744305,WAL
1855852421000,68.335033,-0.685406323155718,-12.118875444977,-0.398459415817122,3.14168,0.2687807,-1.4721853,280.48724,101.92922,-11.197496,WAL
1855857354000,68.339966,-1.2625617137863,-11.9412897628982,-0.678157785305892,3.3166928,0.32803464,-1.5479325,280.60217,101.12037,-10.642654,WAL
1855862328000,68.34494,-1.84930588400713,-11.7739385150119,-0.972359023439358,3.4455855,0.4279111,-1.5916094,280.7637,100.43634,-10.171281,WAL
1855867322000,68.349934,-2.54594740762981,-11.8687193599386,-1.54104604764665,3.513697,0.5815437,-1.6172657,280.96732,99.80068,-9.694568,WAL
1855872576000,68.355188,-3.26841872432111,-11.9753252086495,-2.12930857226845,3.490484,0.8078693,-1.616044,281.27185,99.35738,-9.337127,WAL
1855877304000,68.359916,-3.79419826196398,-12.1533454105331,-2.53916815840724,3.3872478,1.0708468,-1.5763378,281.63974,81.0019,-8.9962635,WAL
1855882293000,68.364905,-4.34900243144372,-12.341192869754,-2.97165324200421,3.2021556,1.2434162,-1.5234979,282.12183,81.1552,-8.807529,WAL
1855887317000,68.369929,-4.94653114351343,-12.6366545310097,-3.12524874301408,2.9859092,1.2638801,-1.4700472,282.63608,81.24872,-8.640296,WAL
1855892313000,68.374925,-5.54860462690502,-12.9520257212624,-3.22081594121642,2.819754,1.183246,-1.4410311,283.16922,81.295746,-8.490045,WAL
1855897333000,68.379945,-6.0645835187251,-13.2363372884462,-3.13737710023904,2.6899452,1.026559,-1.4401149,283.75452,81.220505,-8.476517,WAL
1855902254000,68.384866,-6.55275652151394,-13.5085881824701,-3.02002786596614,2.5573874,0.7846564,-1.4520267,284.28168,81.14,-8.465715,WAL
1855907314000,68.389926,-7.05343589740893,-13.6474628074386,-2.77512586327565,2.483778,0.4801401,-1.5033394,284.7597,80.99111,-8.524819,WAL
1855912299000,68.394911,-7.54640468744622,-13.7524466500621,-2.50581885232814,2.449875,0.16890424,-1.597718,285.15717,80.86222,-8.55904,WAL
1855917320000,68.399932,-7.95015838789307,-13.9607313836935,-2.46845020167981,2.349693,-0.009162978,-1.8170186,285.50055,80.77231,-8.541052,WAL
1855922251000,68.404863,-8.31293058813889,-14.2025796855475,-2.51681976103657,2.1474967,-0.054367006,-1.9807305,285.78928,80.70234,-8.505531,WAL
1855927301000,68.409913,-8.03276274327917,-13.8864466528804,-2.77722306576071,1.9437732,0.06841691,-2.0430388,286.07697,80.61017,-8.4723015,WAL
1855932259000,68.414871,-7.56519185228951,-13.4095241585426,-3.09517118375185,1.7037032,0.20341812,-1.9908098,286.3526,80.554695,-8.422642,WAL
1855937318000,68.41993,-6.89754790064293,-12.6809080651569,-3.10724511907686,1.4660766,0.24770586,-1.8643607,286.63416,80.50388,-8.390939,WAL
1855942305000,68.424917,-6.17343243790423,-11.8788816025333,-3.0110019052778,1.3454307,0.35277468,-1.7898352,286.96616,80.469086,-8.360079,WAL
1855947335000,68.429947,-5.3897052692824,-11.1645298265359,-3.0906782517811,1.3295482,0.4810564,-1.5827519,287.28546,80.47021,-8.3327265,WAL
1855952273000,68.434885,-4.59380296704182,-10.5102297856479,-3.25669462755808,1.3952162,0.8023715,-1.3866642,287.68234,80.45979,-8.329325,WAL
1855957309000,68.439921,-3.24466405966026,-10.1908016194699,-2.85635180306141,1.5451837,1.3203852,-1.2379184,288.15118,80.46945,-8.292074,WAL
1855962345000,68.444957,-1.68715382004853,-10.0062411972186,-2.23514837099123,1.7220291,1.6924021,-1.1081096,288.66064,80.420074,-8.310708,WAL
1855967318000,68.44993,-0.737167778888935,-9.89307798180297,-1.73933121003974,1.9034561,1.858252,-1.0345002,289.23325,80.426636,-8.265825,WAL
1855972312000,68.454924,-0.196980562942062,-9.82805518259778,-1.32418738546329,2.0412061,1.9062049,-1.0280862,289.87015,80.39594,-8.247108,WAL
1855977302000,68.459914,0.0285687787704527,-9.87664292494043,-0.735752103324067,2.2018638,1.9523253,-1.0085385,290.52472,80.444,-8.0673485,WAL
1855982323000,68.464935,0.10018089296664,-9.98167414912629,-0.0578240712529785,2.3417518,2.019826,-1.0036516,291.19147,80.462456,-7.894461,WAL
1855987312000,68.469924,0.266024542204,-10.0833851808,0.282458331448,2.4208589,2.0015,-1.0219775,291.8072,80.48774,-7.6257305,WAL
1855992301000,68.474913,0.481028645263,-10.1837199576,0.449683734406,2.3808472,1.8622227,-1.065349,292.40405,80.4893,-7.359338,WAL
1855997335000,68.479947,0.707687531407422,-10.1697378108056,0.288355594692367,2.2201898,1.7143933,-1.078788,293.0032,80.41358,-7.0854955,WAL
1856002322000,68.484934,0.937256515843107,-10.0962761653528,-0.0422237611132475,2.031127,1.7024814,-1.0522153,293.5993,80.32182,-6.821706,WAL
1856007313000,68.489925,1.06108786393013,-9.888391886754,-0.409697745071325,1.8802432,1.7434094,-1.0005972,294.1584,80.23776,-6.5230784,WAL
1856012332000,68.494944,1.10773125004367,-9.58054576244541,-0.806166390663756,1.7901406,1.7525724,-0.96883225,294.70276,80.152756,-6.2351522,WAL
1856017316000,68.499928,0.980467944947858,-9.25824358589385,-1.36882526970205,1.7369953,1.7437148,-0.9098838,295.22952,80.13307,-5.9274178,WAL
1856022312000,68.504924,0.690898826683426,-8.91967038756983,-2.09052054247672,1.7186694,1.813048,-0.84849185,295.77676,80.10021,-5.642007,WAL
1856027291000,68.509903,0.315821378038964,-8.52287635103832,-2.78385933451081,1.7012597,1.9669861,-0.78954333,296.3356,80.11627,-5.3662243,WAL
1856032330000,68.514942,-0.216240865860629,-8.01664234794477,-3.43989727344252,1.6765196,2.1313088,-0.72234815,296.90936,80.113716,-5.1216283,WAL
1856037314000,68.519926,-0.665981556195445,-7.58204837563961,-3.86685266238587,1.6862935,2.2107213,-0.6603453,297.51608,80.18584,-4.945901,WAL
1856042322000,68.524934,-1.04131321844085,-7.21152852862446,-4.07376642018662,1.6893479,2.352442,-0.63499445,298.1739,80.252556,-4.793462,WAL
1856047339000,68.529951,-1.34157299731634,-6.85694452799498,-4.19202251761753,1.6765196,2.4312437,-0.602924,298.84167,80.35436,-4.7106047,WAL
1856052318000,68.53493,-1.56712208183222,-6.5209224931171,-4.22424379480645,1.632232,2.5537221,-0.56016344,299.54504,80.45088,-4.6473436,WAL
1856057309000,68.539921,-1.75425081813354,-6.26703349551578,-4.22008702002163,1.6215417,2.5809057,-0.505491,300.22745,80.51284,-4.612525,WAL
1856062335000,68.544947,-1.89151681404268,-6.12030073774216,-4.16802039815124,1.6175711,2.5546384,-0.4813618,300.91806,80.57847,-4.585028,WAL
1856067303000,68.549915,-2.0067087555514,-5.9584808850435,-4.01946918054438,1.6001616,2.5463917,-0.46761733,301.621,80.61441,-4.588316,WAL
1856072300000,68.554912,-2.09175703183987,-5.77047945187541,-3.72403851056964,1.5741998,2.5115724,-0.48624873,302.30084,80.65229,-4.588231,WAL
1856077285000,68.559897,-2.15739605008518,-5.56187904544293,-3.37569582523424,1.5344934,2.463925,-0.50793445,302.97894,80.670815,-4.5964427,WAL
1856082329000,68.564941,-2.16768254480409,-5.28928682798126,-2.86651396071124,1.4871514,2.403144,-0.5546656,303.63797,80.701805,-4.591905,WAL
1856087253000,68.569865,-2.18111297103671,-5.02848587755143,-2.34526294199274,1.3716979,2.3047945,-0.61453044,304.29147,80.69887,-4.588386,WAL
1856092305000,68.574917,-2.20062970907624,-4.76988894568374,-1.76951886413877,1.255328,2.2110267,-0.6545421,304.92438,80.71016,-4.5776935,WAL
1856097299000,68.579911,-2.22153953761109,-4.53234651974802,-1.22798539591171,1.1523973,2.1035144,-0.6783658,305.54633,80.66272,-4.574086,WAL
1856102319000,68.584931,-2.24501621306768,-4.32105658772341,-0.725584139109288,1.0247264,1.9978348,-0.6945538,306.13867,80.6535,-4.5609555,WAL
1856107243000,68.589855,-2.28046177190545,-4.10998053983599,-0.256749888703328,0.8888089,1.9083431,-0.69913524,306.74402,80.57385,-4.5454717,WAL
1856112306000,68.594918,-2.34127570454414,-3.88543675849493,0.178303238251809,0.73792523,1.824349,-0.68477994,307.31738,80.52709,-4.5311584,WAL
1856117250000,68.599862,-2.41886188958493,-3.6923636432479,0.585014122671194,0.58459806,1.7376062,-0.65668017,307.89435,80.41392,-4.5346985,WAL
1856122311000,68.604923,-2.54865432268554,-3.56720660405509,0.951214331426932,0.42638394,1.668273,-0.623388,308.44885,80.334274,-4.545748,WAL
1856127287000,68.609899,-2.66439655731697,-3.46293031422768,1.26667754841473,0.24190263,1.59558,-0.6017023,309.01346,80.20593,-4.573846,WAL
1856132324000,68.614936,-2.72829968581648,-3.44162927139451,1.38596343276517,0.08002335,1.5253305,-0.5714644,309.55463,80.10247,-4.6157985,WAL
1856137301000,68.619913,-2.79144160968825,-3.42058196343725,1.50382840128058,-0.09743301,1.4963144,-0.5488624,310.12524,79.95985,-4.669932,WAL
1856142310000,68.624922,-2.77388925752014,-3.46850413345569,1.49059715752014,-0.18692477,1.4223998,-0.5195409,310.6585,79.826035,-4.7348523,WAL
1856147683000,68.630295,-2.7439907389092,-3.52462902058301,1.46088075110229,-0.35094208,1.3469579,-0.4804455,311.17828,79.74654,-4.8117576,WAL
1856152318000,68.63493,-2.6280454221189,-3.53390463817783,1.34957329153693,-0.5830709,1.269378,-0.46975538,311.6858,79.665825,-4.897833,WAL
1856157438000,68.64005,-2.49896166066586,-3.54538517508651,1.22491866082484,-0.65668017,1.1850786,-0.46120325,312.18863,79.598656,-4.9427295,WAL
1856162314000,68.644926,-2.36358419237819,-3.57158734809689,1.0851741105022,-0.79443026,1.1010846,-0.4538729,312.66516,79.598015,-4.990688,WAL
1856167257000,68.649869,-2.22634653328346,-3.59814955916955,0.943509362297765,-0.92179567,1.0125091,-0.4474588,313.11072,79.65005,-5.0053625,WAL
1856172311000,68.654923,-2.08313705922474,-3.73920654395255,0.841343047595848,-1.0418307,0.9266826,-0.44440445,313.5292,79.72682,-5.020647,WAL
1856177572000,68.660184,-1.936124768566,-3.90079806932574,0.747654818708452,-1.1322387,0.84879726,-0.44135013,313.9207,79.81955,-5.0367594,WAL
1856182329000,68.664941,-1.83229143012346,-4.06520089283951,0.756307589382716,-1.235475,0.7528914,-0.44348818,314.27234,79.99664,-5.0149837,WAL
1856187250000,68.669862,-1.72487838440646,-4.23527158750237,0.765258668736942,-1.3347405,0.63255095,-0.45112398,314.58292,80.23307,-4.9569945,WAL
1856192312000,68.674924,-1.68834092389869,-4.33846060858382,0.865456581896127,-1.4141531,0.5174029,-0.45998153,314.8639,80.481865,-4.896143,WAL
1856197307000,68.679919,-1.66005505654873,-4.4327467838573,0.973885838523702,-1.4856243,0.37782016,-0.46883908,315.10016,80.7455,-4.82892,WAL
1856202319000,68.684931,-1.74807157415822,-4.4392914462491,1.10812309580391,-1.5589281,0.23273966,-0.4700608,315.30026,81.04486,-4.720783,WAL
1856207270000,68.689882,-1.84997618657251,-4.43443884807082,1.24399594613653,-1.6255124,0.10995574,-0.43554693,315.46222,81.34693,-4.6183205,WAL
1856212315000,68.694927,-1.99444470904066,-4.86131271693644,1.35586863742598,-1.6991217,-0.006414085,-0.39950588,315.6009,81.649,-4.4855056,WAL
1856217255000,68.699867,-2.13919329115673,-5.31423568081327,1.46326268697197,-1.7880026,-0.100792766,-0.36346483,315.7061,81.9568,-4.3623624,WAL
1856222313000,68.704925,-2.26161545834566,-5.52539941827862,1.63721566290052,-1.8634444,-0.18417588,-0.2611449,315.79456,82.21261,-4.2757063,WAL
1856227275000,68.709887,-2.37874086822439,-5.70342999041704,1.81524628395938,-1.9422461,-0.22907446,-0.16126843,315.86343,82.477135,-4.19969,WAL
1856232328000,68.71494,-2.4403662071941,-6.31867518959745,2.19547246624153,-2.0137172,-0.2452624,-0.06261369,315.96326,82.72749,-4.142145,WAL
1856237252000,68.719864,-2.49205186909127,-6.9811923244719,2.59486234531686,-2.0076087,-0.2406809,-0.008857546,316.05237,82.96048,-4.101343,WAL
1856242303000,68.724915,-2.43551172722104,-8.08580933243399,3.14904568902486,-1.9654589,-0.18142697,0.09010262,316.1829,83.12727,-4.100368,WAL
1856247316000,68.729928,-2.36149597533243,-9.25155934476778,3.72266857525535,-1.8451185,-0.11148291,0.21410827,316.31372,83.25379,-4.1235747,WAL
1856252323000,68.734935,-2.08052884998089,-10.5501306310912,4.47018275159564,-1.67316,-0.01740966,0.32742378,316.50137,83.274605,-4.1561203,WAL
1856257243000,68.739855,-1.7518830510128,-11.8602115521689,5.24902796543092,-1.3897184,0.084910266,0.43096542,316.70593,83.2227,-4.225249,WAL
1856262321000,68.744933,-0.962812440134993,-13.6214405497785,6.27723031132672,-1.0140363,0.22479841,0.4352415,317.01184,83.08262,-4.2776837,WAL
1856267268000,68.74988,0.00150490294452657,-15.5150996642059,7.37645245918582,-0.51007247,0.32834008,0.3323107,317.33078,82.857475,-4.3327146,WAL
1856272270000,68.754882,0.982560852735641,-16.6275330368221,8.1719641106664,0.045814894,0.37598756,0.15424347,317.6857,82.52475,-4.3430834,WAL
1856277292000,68.759904,1.96909464302181,-17.5370692959776,8.88900561236742,0.49205196,0.4636467,-0.08368854,318.07513,82.13769,-4.3145795,WAL
1856282273000,68.764885,2.79368112010788,-18.0794296961343,8.6380788700929,0.7654142,0.7107417,-0.2761111,318.4632,81.717354,-4.170902,WAL
1856287263000,68.769875,3.58132104319249,-18.5329185633803,8.14640037793427,0.89858276,1.022283,-0.40011674,318.88626,81.248924,-3.99372,WAL
1856292282000,68.774894,3.94105614618736,-18.5437432520301,7.67036479238463,0.97585726,1.2632693,-0.46792278,319.2937,80.7778,-3.6812463,WAL
1856297303000,68.779915,4.18867239477124,-18.4389829560309,7.19894176981581,1.0409144,1.382999,-0.44898596,319.74744,80.26829,-3.3843348,WAL
1856302203000,68.784815,3.70398500759751,-16.9417122359711,6.89956780666056,1.0934488,1.393689,-0.40469822,320.1716,79.87042,-2.9790838,WAL
1856307228000,68.78984,2.99333204624707,-14.9959937514003,6.63981200006111,1.0751228,1.3457361,-0.35216382,320.6083,79.45449,-2.609905,WAL
1856312224000,68.794836,1.38444422048645,-11.155127633775,5.88259850128535,0.98746365,1.2895365,-0.30451632,321.02472,79.09555,-2.2328708,WAL
1856317280000,68.799892,-0.468301484556061,-6.79375474708325,4.99213162210797,0.8323039,1.2522738,-0.27275133,321.42755,78.74842,-1.8875123,WAL
1856322249000,68.804861,-1.26065509639498,-4.84870585226293,4.29991679159483,0.6236934,1.2284501,-0.23732115,321.84985,78.383064,-1.6670251,WAL
1856327260000,68.809872,-1.7824832,-3.5182794125,3.651157525,0.376293,1.2165382,-0.19792034,322.2578,78.07308,-1.4652251,WAL
1856332215000,68.814827,-2.33589652458375,-2.9851348982347,3.1537702471013,0.096516706,1.2034045,-0.16584991,322.71265,77.75868,-1.5241536,WAL
1856337237000,68.819849,-2.90994583028084,-2.71981795372116,2.70031961207623,-0.031154128,1.1508701,-0.0711658,323.1443,77.46792,-1.611965,WAL
1856342216000,68.824828,-3.41292323546778,-3.06739789906244,2.41563646120088,-0.2742785,1.0167851,0.06078109,323.54993,77.3089,-1.7830545,WAL
1856347256000,68.829868,-3.89915680817874,-3.63065851665669,2.18455512547377,-0.5222898,0.8304713,0.20799962,323.91772,77.17893,-1.9811956,WAL
1856352243000,68.834855,-4.15691559523149,-4.6961532055725,2.14904136113113,-0.79168135,0.6044512,0.37110063,324.25494,77.14317,-2.2712932,WAL
1856357242000,68.839854,-4.33830856730432,-5.93935830836337,2.18001086139913,-1.0564915,0.36774087,0.5363397,324.52716,77.15819,-2.5919147,WAL
1856362275000,68.844887,-4.35007701735468,-7.46333171303707,2.22845112339933,-1.3503176,0.007330383,0.677755,324.7677,77.27804,-2.9453905,WAL
1856367249000,68.849861,-4.23971791137321,-9.16386641449031,2.28864694700927,-1.6328428,-0.48655418,0.7351763,324.9001,77.44226,-3.2948346,WAL
1856372241000,68.854853,-4.62803799662318,-11.0228531926324,1.92781919700691,-1.8994855,-1.0852021,0.79473567,324.9072,77.67731,-3.6519983,WAL
1856377238000,68.85985,-5.2523972313891,-12.9556126412126,1.36773224486761,-2.1001546,-1.7211128,0.8897252,324.76303,77.93512,-3.9953861,WAL
1856382247000,68.864859,-6.15613399882436,-14.6144505383602,0.426666284970102,-2.2186625,-2.3475552,0.9923506,324.44925,78.26684,-4.278564,WAL
1856387245000,68.869857,-7.24761047970001,-16.0794536408229,-0.771532312111077,-2.2311852,-2.7876835,1.0864239,324.01123,78.58557,-4.551469,WAL
1856392231000,68.874843,-7.75673378261744,-17.0845537782919,-1.64271758867317,-2.0720549,-2.9452868,1.1087204,323.4424,78.93435,-4.8871937,WAL
1856397305000,68.879917,-7.91315314159541,-17.8226587226637,-2.32705308809979,-1.7773124,-2.8341093,1.0684034,322.8341,79.21057,-5.210229,WAL
1856402309000,68.884921,-7.01376934985755,-18.3041313219373,-2.24364648045584,-1.3927728,-2.4657576,1.0079277,322.2353,79.4639,-5.6523027,WAL
1856407305000,68.889917,-5.53704948736942,-18.6494578784425,-1.74383364041785,-0.9288206,-1.9220876,0.8671232,321.7322,79.5992,-6.056991,WAL
1856412317000,68.894929,-4.11990092624425,-18.3426623969618,-0.922631382270637,-0.5015204,-1.3927728,0.6582073,321.31857,79.71111,-6.432961,WAL
1856417327000,68.899939,-2.75809169878073,-17.4795434423346,0.17065210953428,-0.1966986,-1.0118983,0.4474588,321.0298,79.7416,-6.770408,WAL
1856422313000,68.904925,-1.76059148832296,-16.1644798604037,0.909036072910772,-0.022296581,-0.8017606,0.26542094,320.8124,79.83159,-6.861571,WAL
1856427302000,68.909914,-1.06657918982267,-14.4609951747783,1.35068021580834,0.0030543262,-0.6881397,0.113926366,320.68613,79.91599,-6.9104156,WAL
1856432314000,68.914926,-0.575802390805931,-12.6777540714142,1.55021490876538,-0.06352998,-0.6423248,0.0018325958,320.60956,80.02079,-6.7588625,WAL
1856437314000,68.919926,-0.372944850963284,-10.7989069864838,1.41014667192859,-0.13225232,-0.5644395,-0.036957346,320.5771,80.131454,-6.5970726,WAL
1856442310000,68.924922,-0.237374309820669,-9.11904685431688,1.09027319951008,-0.3191771,-0.5543602,-0.093767814,320.55466,80.28617,-6.327951,WAL
1856447329000,68.929941,-0.188499670114624,-7.68835255703457,0.534879465261601,-0.5390886,-0.700357,-0.14782938,320.50754,80.46302,-6.0539317,WAL
1856452278000,68.93489,-0.213354779164516,-6.29785868301075,-0.147423093483871,-0.82344633,-0.96852684,-0.16554448,320.4157,80.67803,-5.7853556,WAL
1856457308000,68.93992,-0.441262180745161,-4.94077333677419,-1.21444413283871,-1.133155,-1.2486086,-0.13958271,320.2751,80.945305,-5.5134106,WAL
1856462294000,68.944906,-0.781389344348264,-3.80606082950176,-2.18141245258178,-1.4220943,-1.5351044,-0.030543262,320.02014,81.28207,-5.2806582,WAL
1856467323000,68.949935,-1.29039637769502,-2.96741127422245,-3.02490979175642,-1.672549,-1.8054122,0.12767084,319.68466,81.66503,-5.061998,WAL
1856472274000,68.954886,-1.76064925469995,-2.34021290698992,-3.74894605572732,-1.9104811,-2.0845776,0.2733622,319.18628,82.13133,-4.959771,WAL
1856477308000,68.95992,-2.19576274261162,-1.97916132843975,-4.33681227398944,-2.1557434,-2.3765712,0.38331795,318.60376,82.62041,-4.885293,WAL
1856482257000,68.964869,-2.5931128499382,-1.71684086650185,-4.91413323609394,-2.371379,-2.649017,0.4914411,317.95782,83.121864,-4.8936067,WAL
1856487313000,68.969925,-2.9372623434693,-1.63703809369592,-5.50267861392666,-2.5363126,-2.8680124,0.59498274,317.2423,83.596054,-4.9275665,WAL
1856492308000,68.97492,-3.15406572232469,-1.66147108198847,-6.02981244377522,-2.634662,-3.0466905,0.6954701,316.4928,84.0267,-4.9829187,WAL
1856497349000,68.979961,-3.18652840643612,-1.84233475302594,-6.47965283400576,-2.6505444,-3.193298,0.77182823,315.68933,84.36617,-5.054041,WAL
1856502266000,68.984878,-3.17325068959174,-2.10899374119036,-6.88823308100344,-2.5970936,-3.1948252,0.82711154,314.8553,84.55739,-5.197095,WAL
1856507299000,68.989911,-3.05944824667978,-2.58317047112641,-7.23912388888342,-2.475226,-3.0353894,0.8741482,314.0283,84.591736,-5.353222,WAL
1856512323000,68.994935,-2.9293205171863,-3.11188711581986,-7.47712791295227,-2.2699752,-2.8377745,0.91782504,313.19907,95.51265,-5.5119743,WAL
1856517321000,68.999933,-2.75890093323711,-3.77514191558891,-7.43567442784834,-1.9999728,-2.5980098,0.9755518,312.4306,95.74888,-5.680746,WAL
1856522302000,69.004914,-2.56989779350522,-4.49820424888801,-7.421242997284,-1.7009543,-2.287385,1.0476339,311.6799,96.10368,-5.871736,WAL
1856527305000,69.009917,-2.30586370540248,-5.4647577556977,-7.51082594135013,-1.4056009,-1.8567249,1.146594,311.03726,96.521164,-6.0736985,WAL
1856532296000,69.014908,-2.07475465869444,-6.487870880305,-7.48550060115306,-1.0998629,-1.6178766,1.1786644,310.3966,97.01956,-6.327901,WAL
1856537317000,69.019929,-1.99874127559978,-7.80245458917612,-6.90422212981216,-0.9630291,-1.1667526,1.212262,309.94827,97.55036,-6.5937996,WAL
1856542307000,69.024919,-1.92123265447594,-9.11766507228793,-6.32098141195962,-0.7519751,-0.7849618,1.2284501,309.5201,98.05107,-6.843949,WAL
1856547345000,69.029957,-1.75889753838703,-10.819723682606,-5.49454841589519,-0.6835582,-0.45356745,1.2339478,309.2127,98.56326,-7.0848517,WAL
1856552304000,69.034916,-1.58378245953159,-12.4668539476117,-4.68428932985105,-0.7244862,-0.1826487,1.2437216,309.0042,99.036446,-7.3326783,WAL
1856557310000,69.039922,-1.17011164181818,-13.6930925454545,-3.91604337272727,-0.7846564,0.027794369,1.2513574,308.87677,99.49851,-7.567439,WAL
1856562330000,69.044942,-0.732859415194742,-14.8017950058954,-3.19345448982314,-0.8744536,0.15271631,1.2507466,308.8039,99.85751,-7.7537985,WAL
1856567323000,69.049935,-0.13208533517348,-15.0097556032666,-2.828368761902,-1.0268645,0.27152961,1.1976013,308.78888,100.221695,-7.9157915,WAL
1856572312000,69.054924,0.463667667064945,-15.1901415205242,-2.48124197215263,-1.2076806,0.4437936,1.1239921,308.79886,100.44884,-7.979784,WAL
1856577306000,69.059918,0.96598952759684,-14.8030309705146,-2.49967574141453,-1.396438,0.6554584,1.0134255,308.8506,100.68402,-8.012165,WAL
1856582669000,69.065281,1.49380466382979,-14.37666180046,-2.50239456458693,-1.5283848,0.86009824,0.8356637,308.876,100.76369,-7.88214,WAL
1856587315000,69.069927,1.70275604255319,-13.779657479586,-2.13992797353843,-1.6331482,0.95142263,0.59712076,308.92126,100.84851,-7.708327,WAL
1856592306000,69.074918,1.92722361276596,-13.1383211546866,-1.75054554652099,-1.707063,0.8335256,0.33475417,308.91467,100.86073,-7.4045625,WAL
1856597355000,69.079967,1.99553249495345,-12.6064471952964,-1.08927191578834,-1.7821994,0.51343226,0.056199603,308.86176,100.86933,-7.04916,WAL
1856602292000,69.084904,2.04186337354238,-12.1014402316512,-0.408207526424302,-1.8197676,0.02443461,-0.1881465,308.71338,100.87127,-6.6582747,WAL
1856607314000,69.089926,1.63395784093484,-11.4928731345609,0.377795490368272,-1.8176296,-0.5653558,-0.41325033,308.43536,100.90349,-6.276128,WAL
1856612337000,69.094949,1.13883333161473,-10.8660183869688,1.18180500675732,-1.738217,-1.1786644,-0.58062744,308.00458,100.92193,-5.8768754,WAL
1856617321000,69.099933,0.496442266464729,-10.5134432126448,1.15779479274243,-1.6071864,-1.7321084,-0.7452556,307.478,100.90688,-5.485195,WAL
1856622254000,69.104866,-0.195050289875991,-10.263737540557,0.83125666787965,-1.4523321,-2.1267273,-0.8891144,306.82245,100.86787,-5.082072,WAL
1856627306000,69.109918,-0.864399735114852,-9.91263977465346,0.363583924188119,-1.2895365,-2.2531765,-0.98471475,306.14722,100.79238,-4.7789264,WAL
1856632261000,69.114873,-1.50807019904554,-9.53677407960396,-0.139136786356436,-1.1316279,-2.3958135,-1.0262536,305.36142,100.67896,-4.473506,WAL
1856637314000,69.119926,-2.0722135998037,-9.02457109939043,-0.551332779016427,-1.061073,-2.3976462,-1.0555751,304.51245,100.57235,-4.219335,WAL
1856642331000,69.124943,-2.5984006961463,-8.46860000382271,-0.923634972269863,-0.94134337,-2.257758,-1.024421,303.6838,100.42821,-3.9730153,WAL
1856647335000,69.129947,-2.9345526610026,-7.95588036405273,-1.08880267781199,-0.82986045,-2.069917,-0.9306532,302.89017,100.39553,-3.8315485,WAL
1856652300000,69.134912,-3.22278287802367,-7.45719591692485,-1.20317978673145,-0.7339546,-1.8616118,-0.7809912,302.1605,100.35194,-3.7079632,WAL
1856657311000,69.139923,-3.34578696899916,-7.14309649434067,-1.40577752369668,-0.6637051,-1.6890424,-0.5867361,301.52228,100.41315,-3.7005353,WAL
1856662356000,69.144968,-3.40415472636372,-6.90064610562215,-1.64373813902054,-0.623388,-1.568091,-0.3567453,300.94376,100.476555,-3.7381182,WAL
1856667320000,69.149932,-3.38524537437625,-6.85720148720918,-1.98518659682072,-0.59773165,-1.462106,-0.10751228,300.43253,100.59924,-3.8797994,WAL
1856672313000,69.154925,-3.30973685404779,-6.95787937414465,-2.40803398476682,-0.59315014,-1.3158038,0.11911872,299.9814,100.738495,-4.070831,WAL
1856677306000,69.159918,-3.03837715515279,-7.09029615268624,-2.63385415773917,-0.59315014,-1.1114693,0.29046643,299.57684,100.940674,-4.3208814,WAL
1856682328000,69.16494,-2.66856553040743,-7.23918135160775,-2.76352837619333,-0.6044512,-0.8894198,0.40591997,299.23044,101.16445,-4.6078935,WAL
1856687314000,69.169926,-2.25351528923092,-7.48180897019447,-2.71532835850679,-0.6123924,-0.73456544,0.5128214,298.90912,101.45585,-4.9214835,WAL
1856692305000,69.174917,-1.81444590373302,-7.77140792866217,-2.57987082363921,-0.6188065,-0.67164636,0.59437186,298.63174,101.760345,-5.2495966,WAL
1856697405000,69.180017,-1.40081517818438,-8.10038826882477,-2.45435829521464,-0.62949663,-0.6826419,0.6356053,298.35406,102.06295,-5.5355115,WAL
1856702411000,69.185023,-1.01523969140444,-8.44258689393787,-2.33868557369056,-0.65301496,-0.7257079,0.6597345,298.09094,102.37571,-5.8322763,WAL
1856707312000,69.189924,-0.719614405893654,-8.70843995701533,-2.27494964848632,-0.6765333,-0.7819075,0.6310238,297.7819,102.61811,-6.056754,WAL
1856712328000,69.19494,-0.463254102241413,-8.94149414137396,-2.23766094978653,-0.73548174,-0.8341365,0.5839872,297.46588,102.87158,-6.2781014,WAL
1856717318000,69.19993,-0.268267137742622,-9.09881369759659,-2.23570218043809,-0.7910705,-0.8918633,0.5177083,297.07956,103.045166,-6.421405,WAL
1856722318000,69.20493,-0.117734220188622,-9.2007876353311,-2.25998161457256,-0.86590147,-0.9456194,0.45173484,296.68436,103.22846,-6.5479307,WAL
1856727305000,69.209917,-0.0885137244754232,-9.22091619951118,-2.23088704844754,-0.9257663,-0.96852684,0.376293,296.23196,103.363,-6.6131263,WAL
1856732331000,69.214943,-0.140799083729519,-9.18605949959265,-2.16553044037295,-0.95203346,-1.0225884,0.3408628,295.76505,103.50385,-6.6717844,WAL
1856737313000,69.219925,-0.218953437618427,-9.10223450564972,-2.08150509495871,-1.0173961,-1.0998629,0.27275133,295.28067,103.6574,-6.6933913,WAL
1856742302000,69.224914,-0.338348251594959,-8.94131106920904,-1.96730133439809,-1.072374,-1.1563679,0.20799962,294.7944,103.81054,-6.705727,WAL
1856747356000,69.229968,-0.510478771714117,-8.76862254545455,-1.83942667709601,-1.1328496,-1.1893547,0.1704314,294.29837,103.96697,-6.7149453,WAL
1856752324000,69.234936,-0.720668325910073,-8.59112945454546,-1.70397112830355,-1.1933253,-1.2168436,0.14996742,293.79492,104.13167,-6.7125998,WAL
1856757310000,69.239922,-0.95567445205657,-8.4273645141426,-1.58240505309369,-1.2638801,-1.2339478,0.14813483,293.26068,104.312935,-6.745583,WAL
1856762344000,69.244956,-1.21608800842664,-8.27585060665881,-1.47350492958161,-1.3286319,-1.2315043,0.17104226,292.7359,104.50889,-6.77803,WAL
1856767314000,69.249926,-1.44565635420509,-8.17868074667039,-1.40465727950079,-1.3860532,-1.2284501,0.2180789,292.21686,104.727295,-6.859159,WAL
1856772309000,69.254921,-1.64614314925957,-8.13858350861507,-1.37792567891404,-1.42973,-1.205848,0.26145032,291.71594,104.95941,-6.9404755,WAL
1856777305000,69.259917,-1.84760116659936,-8.12813375366631,-1.36985386951116,-1.4462235,-1.16492,0.32559118,291.25006,105.22769,-7.092122,WAL
1856782327000,69.264939,-2.05204209014878,-8.1792439445271,-1.40052003739639,-1.4352279,-1.1032226,0.4025602,290.80762,105.50298,-7.251115,WAL
1856787294000,69.269906,-2.22069654185909,-8.31791277383067,-1.39024171669627,-1.4077389,-1.0522153,0.47067168,290.3939,105.79787,-7.45484,WAL
1856792296000,69.274908,-2.34832488677719,-8.56844268719163,-1.32879100651273,-1.3643675,-1.0005972,0.5561928,290.0092,106.09307,-7.6741667,WAL
1856797290000,69.279902,-2.45146947360845,-8.83094610652591,-1.2281841818618,-1.3133603,-0.96761054,0.61911196,289.65204,106.40201,-7.929534,WAL
1856802316000,69.284928,-2.52075876817658,-9.11272286372361,-1.07112819347409,-1.271516,-0.94897914,0.6762278,289.31442,106.70743,-8.197112,WAL
1856807243000,69.289855,-2.56806858478871,-9.39260500493183,-0.910845004885408,-1.2275337,-0.9593639,0.7110472,288.9745,106.98796,-8.490106,WAL
1856812330000,69.294942,-2.57277980301712,-9.6894027510879,-0.731824192254134,-1.1896601,-0.9868528,0.7464773,288.64264,107.2628,-8.790357,WAL
1856817260000,69.299872,-2.55758128477437,-9.96860867510429,-0.56385675507774,-1.149343,-1.0115929,0.75655663,288.29852,107.48806,-9.096885,WAL
1856822314000,69.304926,-2.48416268731513,-10.2301627579636,-0.407842324118316,-1.1133019,-1.0348058,0.7626653,287.95422,107.70632,-9.4038,WAL
1856827317000,69.309929,-2.39512034651995,-10.4912065331157,-0.268986559161841,-1.0571023,-1.0458013,0.7703011,287.59808,107.868,-9.707498,WAL
1856832346000,69.314958,-2.21762630051595,-10.7650543022007,-0.213202690411709,-1.033584,-1.0882565,0.7690793,287.2331,108.027054,-10.003412,WAL
1856837285000,69.319897,-2.03303178529968,-11.0190163662318,-0.192899592478729,-0.95417154,-1.131017,0.7779369,286.84277,108.1131,-10.283694,WAL
1856842299000,69.324911,-1.81513897790698,-11.2323696976744,-0.274609363255814,-0.8539896,-1.1502593,0.7883216,286.4576,108.190445,-10.55401,WAL
1856847342000,69.329954,-1.58759460186556,-11.4274137204619,-0.372670214995558,-0.73792523,-1.1621711,0.7901542,286.047,108.216484,-10.79831,WAL
1856852319000,69.334931,-1.3147194620077,-11.5073945182114,-0.560859992709505,-0.6017023,-1.1481212,0.788627,285.65167,108.22048,-11.033345,WAL
1856857300000,69.339912,-1.02402035965459,-11.5869332946023,-0.767274485011091,-0.4529566,-1.1169671,0.7699956,285.2531,108.19635,-11.240879,WAL
1856862336000,69.344948,-0.590995306239569,-11.6633494213584,-1.1187889340657,-0.32498032,-1.0195341,0.7272351,284.88696,108.14719,-11.426565,WAL
1856867336000,69.349948,-0.151568138402006,-11.7015836461842,-1.44603092998925,-0.20219639,-0.8900307,0.6957755,284.55054,108.099884,-11.59229,WAL
1856872310000,69.354922,0.317784605485489,-11.6119799143676,-1.69777467581512,-0.090713486,-0.7263188,0.6545421,284.25482,108.02193,-11.727891,WAL
1856877599000,69.360211,0.821765203243781,-11.5051102296296,-1.95860258945274,-0.017104227,-0.56596667,0.61758476,284.00653,107.95722,-11.814,WAL
1856882351000,69.364963,1.37018747094527,-11.1831006296296,-2.05923056318408,0.046731193,-0.4447099,0.56230146,283.79245,107.86206,-11.871735,WAL
1856887310000,69.369922,1.88282446916131,-10.887947760309,-2.13478645862422,0.07513642,-0.36926803,0.48624873,283.61307,107.76335,-11.85409,WAL
1856892301000,69.374913,2.12753097381551,-10.7767176365075,-2.0769467013311,0.058643065,-0.33017266,0.38087448,283.45322,107.64555,-11.80612,WAL
1856897451000,69.380063,2.35879104656774,-10.679798110174,-2.00947106446034,-0.0033597588,-0.3286455,0.21930063,283.30048,107.50258,-11.670115,WAL
1856902319000,69.384931,2.24929623004164,-10.8639479967973,-1.82532076207964,-0.07666359,-0.36743546,0.05375614,283.1409,107.34572,-11.503757,WAL
1856907301000,69.389913,2.09371604872934,-11.058746850542,-1.64114167847876,-0.16371189,-0.3921755,-0.08582657,282.97794,107.16428,-11.275697,WAL
1856912344000,69.394956,1.69890377301404,-11.290484665008,-1.47806708279723,-0.2406809,-0.40530908,-0.18570304,282.80023,106.97568,-11.015874,WAL
1856917256000,69.399868,1.31434737834548,-11.5162027186778,-1.31922861085836,-0.29016098,-0.40133846,-0.23090707,282.6159,106.771484,-10.751969,WAL
1856922320000,69.404932,0.77331912722006,-11.587333659274,-1.20788272830633,-0.3182608,-0.39675698,-0.22204952,282.42673,106.57567,-10.47938,WAL
1856927317000,69.409929,0.223158582581696,-11.6393174769621,-1.10391536433421,-0.32162055,-0.34055737,-0.20586158,282.25262,106.38359,-10.196365,WAL
1856932383000,69.414995,-0.178682323577611,-11.9206350282025,-1.16115610175274,-0.3042109,-0.25534168,-0.160963,282.0807,106.20666,-9.98892,WAL
1856937364000,69.419976,-0.50899097221004,-12.2922322148009,-1.28502186654645,-0.23304509,-0.14355333,-0.124005646,281.93478,106.02431,-9.782422,WAL
1856943000000,69.425612,-0.850047350156867,-12.711552514195,-1.41592051632182,-0.13041973,0.051618114,-0.1001819,281.8094,105.87289,-9.679981,WAL
1856947338000,69.42995,-0.686125522706188,-13.0194056497931,-1.39593002206717,0.08246681,0.116980694,-0.102319926,281.6825,105.68607,-9.584047,WAL
1856952257000,69.434869,-0.500249204303724,-13.3684903833125,-1.37326214718506,0.16401732,0.23365596,-0.10995574,281.59143,105.553505,-9.555718,WAL
1856957311000,69.439923,-0.302507678127675,-13.7488251428171,-1.13450926148238,0.34269542,0.35338554,-0.1386664,281.5229,105.352684,-9.517465,WAL
1856962362000,69.444974,-0.103574339134499,-14.1331283934947,-0.854194104738761,0.52290064,0.47708577,-0.19547687,281.4904,105.13286,-9.4630375,WAL
1856967318000,69.44993,0.0494803310388519,-14.4910774802665,-0.619242934892875,0.7012733,0.58062744,-0.25320363,281.48682,104.84128,-9.361978,WAL
1856972249000,69.454861,0.185026258239467,-14.839624115838,-0.401401232057406,0.86437434,0.6429357,-0.31490102,281.50616,104.51109,-9.242776,WAL
1856977302000,69.459914,0.262816348035346,-15.1642657799705,-0.277394534774669,1.0445796,0.679893,-0.36957347,281.5609,104.077385,-9.076221,WAL
1856982272000,69.464884,0.318894973396171,-15.4726980755032,-0.188603388932744,1.2278391,0.70341134,-0.419359,281.62894,103.61028,-8.897071,WAL
1856987314000,69.469926,0.296566793266762,-15.674664360913,-0.0715186674179743,1.3976597,0.68752885,-0.48166725,281.70197,103.06681,-8.685359,WAL
1856992331000,69.474943,0.242713597530059,-15.8313282885674,0.0557706996759731,1.5809193,0.64996064,-0.57971114,281.77417,102.48306,-8.456688,WAL
1856997321000,69.479933,0.215630920292621,-15.6200511288902,0.121722357413388,1.743104,0.5644395,-0.68569624,281.82532,101.85329,-8.211099,WAL
1857002303000,69.484915,0.19695342764631,-15.2931947759836,0.168416086591309,1.91323,0.47891834,-0.79381937,281.8657,101.187515,-7.9467797,WAL
1857007312000,69.489924,0.181707450671914,-14.7167867437128,0.195064238051449,2.105958,0.39553526,-0.9007208,281.8785,100.48219,-7.6764894,WAL
1857012401000,69.495013,0.167673177635823,-14.0291074089077,0.213776605356114,2.3435845,0.3118467,-0.98440933,281.8704,99.74895,-7.3933935,WAL
1857017320000,69.499932,-0.0278606830828752,-13.3600649442069,0.161836525082264,2.5995371,0.22785273,-1.0693196,281.83466,98.997116,-7.103575,WAL
1857022328000,69.50494,-0.330605561535329,-12.6764474504174,0.0690598716935451,2.8634307,0.20647246,-1.1658363,281.79974,98.22642,-6.795065,WAL
1857027306000,69.509918,-0.836187768905051,-12.1997451219488,-0.167474381598785,3.123354,0.20586158,-1.2131784,281.74576,97.48107,-6.5029645,WAL
1857032324000,69.514936,-1.44904235328285,-11.8214988108997,-0.478689605212016,3.2339206,0.27366763,-1.2974777,281.7149,96.7634,-6.1799107,WAL
1857037315000,69.519927,-2.13286985088733,-11.5494975571443,-0.740749190147044,3.4437528,0.37751472,-1.3686435,281.6873,96.17669,-5.930717,WAL
1857042342000,69.524954,-2.86030616554102,-11.3298017008417,-0.979973195432512,3.5934148,0.49754974,-1.416902,281.69946,95.716,-5.6715903,WAL
1857047325000,69.529937,-3.50091268656716,-11.2493882406716,-1.3703767608209,3.641673,0.66553766,-1.4223998,281.71198,84.390335,-5.6024017,WAL
1857052365000,69.534977,-4.11230863315004,-11.2304303380793,-1.83484809624902,3.6004398,0.90316427,-1.385137,281.8038,84.31874,-5.537197,WAL
1857057349000,69.539961,-4.73350873146233,-11.2889557302807,-2.24554476088626,3.479183,1.1795808,-1.3289373,281.93954,83.922,-5.6639733,WAL
1857062386000,69.544998,-5.37003672791728,-11.3887106508124,-2.63506194782866,3.284317,1.3991868,-1.2712106,282.15097,83.43294,-5.800758,WAL
1857067356000,69.549968,-5.93143977451178,-11.57605188182,-2.72294245102678,3.0818152,1.4401149,-1.2226468,282.40622,82.86845,-6.0161104,WAL
1857072350000,69.554962,-6.45621295429837,-11.8167733394403,-2.63628267601168,2.9174924,1.3176364,-1.1908818,282.6884,82.29893,-6.2360506,WAL
1857077305000,69.559917,-6.86136884138315,-12.0603817672198,-2.37865440679522,2.8047879,1.0671816,-1.1881329,282.9215,81.70738,-6.5218086,WAL
1857082328000,69.56494,-7.20474795717067,-12.310111990915,-2.01743733140818,2.6963592,0.72173727,-1.2144,283.10043,81.15153,-6.789163,WAL
1857087317000,69.569929,-7.57192598119883,-12.5366712566461,-1.58128636875265,2.6004534,0.267559,-1.2583824,283.20807,80.598915,-7.0548,WAL
1857092310000,69.574922,-7.96826611199838,-12.7396748367533,-1.05927731345194,2.4859161,-0.25534168,-1.3500122,283.20764,80.09671,-7.2735643,WAL
1857097344000,69.579956,-8.21784237817406,-13.0354774412677,-0.992504497781547,2.3851233,-0.7461719,-1.4969252,283.1075,79.58962,-7.44172,WAL
1857102322000,69.584934,-8.31487140434193,-13.4189711173677,-1.38523894460651,2.2339342,-0.91690874,-1.7592919,282.96927,79.165276,-7.5341024,WAL
1857107305000,69.589917,-8.01630406359117,-13.483980215351,-2.11816719906542,1.9657644,-0.82986045,-1.9257526,282.81198,78.73726,-7.6073785,WAL
1857112317000,69.594929,-7.19071021197057,-13.1260637178366,-3.3064491635514,1.6786577,-0.5152648,-1.9743165,282.68903,78.37822,-7.6379523,WAL
1857117296000,69.599908,-6.07159734562987,-12.4430930069887,-3.84719660002654,1.4413365,-0.2180789,-1.9306396,282.57843,78.13003,-7.6569734,WAL
1857122338000,69.60495,-4.51673187963553,-11.2897591469391,-3.49265314233015,1.2321151,-0.16707164,-1.7870862,282.48972,77.93504,-7.6887016,WAL
1857127272000,69.609884,-3.13066918892311,-10.3190468298232,-3.26098075226505,1.1808025,-0.15118915,-1.7125608,282.36966,77.903404,-7.7017674,WAL
1857132327000,69.614939,-2.48140907671369,-10.2228597113054,-3.67939278440294,1.178359,-0.025350908,-1.5650368,282.28696,77.87222,-7.775672,WAL
1857137280000,69.619892,-1.86184949241549,-10.1362483789628,-3.9787338791308,1.2357804,0.2919936,-1.4202617,282.2354,77.87851,-7.7159104,WAL
1857142298000,69.62491,-1.33719407218665,-10.0958905108125,-3.5953318139198,1.3820826,0.7974846,-1.3603969,282.27267,77.8561,-7.6902494,WAL
1857147372000,69.629984,-0.885091860402937,-10.0845515376577,-3.08798360527208,1.5564847,1.1826351,-1.3353515,282.35568,77.99581,-7.4974494,WAL
1857152329000,69.634941,-0.675037748719639,-10.1605282261344,-2.23882869165882,1.7788396,1.4718798,-1.3408492,282.5525,78.08245,-7.3384733,WAL
1857157284000,69.639896,-0.47607308276546,-10.2473502028072,-1.40390021426282,2.0289888,1.6310102,-1.3875804,282.8328,78.14591,-7.091363,WAL
1857162355000,69.644967,-0.362467338761188,-10.4251683868999,-0.662993193440195,2.1881194,1.6951511,-1.42973,283.16656,78.170364,-6.8606725,WAL
1857167310000,69.649922,-0.236983979851205,-10.5762038415467,-0.012334604360931,2.1994202,1.6881261,-1.462106,283.56006,78.0656,-6.607534,WAL
1857172314000,69.654926,-0.0276446949860078,-10.5991002752372,0.226443027727527,2.1138992,1.5754215,-1.4618006,283.94104,77.933495,-6.359344,WAL
1857177312000,69.659924,0.18144358354242,-10.6219692551703,0.464934355700771,1.9685133,1.4391985,-1.4135422,284.3389,77.71068,-6.107336,WAL
1857182297000,69.664909,0.397883302353822,-10.6055270141101,0.608064307215393,1.8026633,1.3292428,-1.3381003,284.70987,77.4959,-5.86866,WAL
1857187317000,69.669929,0.644556454080171,-10.44621754217,0.407642349973276,1.6398678,1.2498302,-1.2379184,285.04596,77.29603,-5.6541853,WAL
1857192281000,69.674893,0.782005245940865,-10.23713256589,0.0211957413941649,1.534188,1.2962561,-1.1472049,285.3972,77.08953,-5.4077554,WAL
1857197391000,69.680003,0.714928236091639,-9.92091191775994,-0.745398864147249,1.4819591,1.4767667,-1.0467176,285.75644,76.88866,-5.2038355,WAL
1857202349000,69.684961,0.55910628961891,-9.59672161871684,-1.49877811960444,1.493871,1.7217237,-0.9428705,286.134,76.72916,-4.9926357,WAL
1857207310000,69.689922,0.206157751447178,-9.23460547322721,-2.27343135340087,1.5109752,1.9654589,-0.8335256,286.55383,76.56445,-4.828775,WAL
1857212364000,69.694976,-0.146244875029621,-8.84870439060032,-3.02112506793049,1.5757269,2.1423044,-0.74097955,286.9891,76.47897,-4.70628,WAL
1857217317000,69.699929,-0.469402523770735,-8.41782762342022,-3.62528934755134,1.6267341,2.2797492,-0.66553766,287.47336,76.381386,-4.626607,WAL
1857222314000,69.704926,-0.761521952129207,-8.00202904475701,-4.1036379111456,1.6740762,2.35794,-0.58001655,287.95178,76.343376,-4.6386075,WAL
1857227306000,69.709918,-0.923832553894655,-7.65885817161703,-4.08045070307498,1.6978999,2.4361305,-0.5476407,288.46387,76.296135,-4.6673846,WAL
1857232310000,69.714922,-1.06528798405489,-7.28538089311387,-4.01701508331972,1.7241671,2.4404066,-0.50671273,288.95313,76.28747,-4.7763457,WAL
1857237311000,69.719923,-1.08093692272504,-6.7376675902957,-3.71577285051462,1.7244726,2.4248295,-0.46609017,289.45294,76.27632,-4.8974743,WAL
1857242303000,69.724915,-1.09655769893808,-6.19093997428525,-3.41507274530306,1.7110336,2.3976462,-0.43799037,289.9444,76.21999,-5.069498,WAL
1857247326000,69.729938,-1.14054837378067,-5.71349691678546,-2.99408223477243,1.6911805,2.34389,-0.43982297,290.419,76.16474,-5.2402253,WAL
1857252258000,69.73487,-1.19585612610732,-5.27584448955809,-2.52997812207514,1.6514742,2.268448,-0.45112398,290.8745,76.11675,-5.411172,WAL
1857257308000,69.73992,-1.2524871377151,-4.82772105940841,-2.05477013969046,1.5827519,2.1801782,-0.4642576,291.31967,75.98142,-5.60855,WAL
1857262382000,69.744994,-1.30938728680379,-4.37746793374911,-1.57730374313206,1.488984,2.1163425,-0.47494772,291.74625,75.86599,-5.7986774,WAL
1857267283000,69.749895,-1.3881400399676,-4.0331538440079,-1.0589491519518,1.3600914,2.0286834,-0.47067168,292.1388,75.78129,-5.9776154,WAL
1857272248000,69.75486,-1.47480695430105,-3.71056018988912,-0.517280874522809,1.2287555,1.9434677,-0.46089783,292.50958,75.72322,-6.149134,WAL
1857277305000,69.759917,-1.56307978124652,-3.38198896957116,0.0344243578958028,1.0769554,1.8396207,-0.45662177,292.78516,75.39315,-6.4969997,WAL
1857282270000,69.764882,-1.64974669557997,-3.05939531545238,0.576092635324794,0.90285885,1.7443258,-0.43860126,293.03616,75.105255,-6.834658,WAL
1857287268000,69.76988,-1.75088259613325,-2.90149706065834,0.987292289847313,0.7330383,1.6490307,-0.42821655,293.27225,74.87467,-7.1443706,WAL
1857292303000,69.774915,-1.8560603315586,-2.78197686365259,1.36975690029744,0.54702985,1.5512923,-0.39584067,293.47586,74.690445,-7.447406,WAL
1857297278000,69.77989,-1.97864901130524,-2.80110279229188,1.67273255149024,0.3454443,1.4633276,-0.3827071,293.82706,74.437126,-7.660398,WAL
1857302208000,69.78482,-2.10481095405961,-2.85447903586845,1.95417054439877,0.15363261,1.3448198,-0.35002577,294.13507,74.21967,-7.879501,WAL
1857307222000,69.789834,-2.21728020954266,-3.02609081946149,2.03725095850327,-0.02321288,1.2348641,-0.31031954,294.44983,73.97501,-8.118082,WAL
1857312252000,69.794864,-2.32695562015442,-3.22159903238963,2.08016748414175,-0.19730948,1.1478158,-0.28405234,294.73315,73.77274,-8.35438,WAL
1857317255000,69.799867,-2.38866768672333,-3.44091404193044,1.95684406506448,-0.3555236,1.1071932,-0.2501493,295.00143,73.539696,-8.632039,WAL
1857322226000,69.804838,-2.43982717321219,-3.66415584368894,1.79871439882767,-0.4783075,1.026559,-0.22815818,295.23044,73.336975,-8.901097,WAL
1857327230000,69.809842,-2.43409184870037,-3.83879581595735,1.59696785946872,-0.54428095,0.9822713,-0.2012801,295.47522,73.16343,-9.175879,WAL
1857332238000,69.81485,-2.4112600319623,-3.99861886689517,1.38234823856041,-0.65270954,0.95264435,-0.17348573,295.697,73.02348,-9.447816,WAL
1857337232000,69.819844,-2.37401852384924,-4.13034920306869,1.15660927181547,-0.74067414,0.93523467,-0.15363261,295.9124,72.94013,-9.700762,WAL
1857342226000,69.824838,-2.32969349542787,-4.24854927885903,0.925134723365256,-0.8210029,0.91996306,-0.14110987,296.11536,72.87323,-9.953207,WAL
1857347254000,69.829866,-2.2602845685879,-4.39206725321806,0.760790353237272,-0.8943067,0.90224797,-0.124311075,296.3288,72.89609,-10.183315,WAL
1857352309000,69.834921,-2.18122771916427,-4.54553044918348,0.621278083208453,-0.9618073,0.8784242,-0.11942416,296.53265,72.92949,-10.407816,WAL
1857357311000,69.839923,-2.10917051118143,-4.69417064767932,0.538119557521097,-1.0219775,0.84329945,-0.121256754,296.72864,73.03283,-10.610005,WAL
1857362364000,69.844976,-2.03956228653625,-4.84266818066743,0.48243302141542,-1.063211,0.79779,-0.1255328,296.91104,73.138115,-10.806198,WAL
1857367314000,69.849926,-1.97727231280114,-5.02464630032666,0.516115209646795,-1.1175779,0.73456544,-0.13164146,297.07388,73.3009,-10.973888,WAL
1857372315000,69.854927,-1.91860311907922,-5.23487770120457,0.613897200885055,-1.149343,0.64843345,-0.13805555,297.21368,73.45877,-11.131516,WAL
1857377289000,69.859901,-1.91493410243902,-5.38715256691368,0.75205736888649,-1.1859949,0.56107974,-0.15515977,297.31946,73.64387,-11.265128,WAL
1857382326000,69.864938,-1.94570894390244,-5.50551724669971,0.917768044182166,-1.217149,0.45662177,-0.18325958,297.3929,73.828064,-11.383251,WAL
1857387313000,69.869925,-1.97617829756098,-5.62270697433381,1.08183378523826,-1.2495248,0.35888332,-0.19792034,297.4591,74.02641,-11.479098,WAL
1857392292000,69.874904,-2.00659877317073,-5.73970870962359,1.24563633681602,-1.276403,0.27122417,-0.19883664,297.49554,74.22299,-11.561725,WAL
1857397325000,69.879937,-2.05745618889112,-5.85434291909841,1.43447425232441,-1.3057245,0.20280726,-0.19517145,297.50684,74.41894,-11.633759,WAL
1857402328000,69.88494,-2.124952589193,-5.96522974738378,1.64178441611994,-1.348485,0.15363261,-0.1853976,297.4953,74.61211,-11.700433,WAL
1857407313000,69.889925,-2.18666264983713,-6.18274893648208,1.88369863257329,-1.4153748,0.13988814,-0.13500121,297.50882,74.76512,-11.779935,WAL
1857412333000,69.894945,-2.24435654680267,-6.48770296356935,2.15568460788616,-1.5103643,0.1414153,-0.056199603,297.5087,74.91372,-11.865185,WAL
1857417255000,69.899867,-2.28019645508666,-6.86364772004521,2.48671505486059,-1.6099354,0.12522738,0.02687807,297.5243,75.031624,-11.967892,WAL
1857422314000,69.904926,-2.23847057030897,-7.54169450500592,3.07087853099365,-1.6539177,0.06994407,0.07452556,297.5252,75.13769,-12.076775,WAL
1857427283000,69.909895,-2.15305000423225,-8.35594190729367,3.68142007587332,-1.709201,0.029626964,0.19058995,297.54926,75.19313,-12.22472,WAL
1857432388000,69.915,-1.98414157472169,-9.46323012514395,4.37582128287908,-1.6646078,-0.0015271631,0.33964106,297.55536,75.21272,-12.388715,WAL
1857437251000,69.919863,-1.7252659747395,-10.6792268111874,5.12434971486268,-1.5674802,-0.011301007,0.45142943,297.58038,75.18035,-12.546037,WAL
1857442290000,69.924902,-1.18928776382876,-12.3797397285945,6.13783588852989,-1.3585643,0.022907447,0.5177083,297.6034,75.097916,-12.728327,WAL
1857447326000,69.929938,-0.457020542334707,-14.0109281026094,7.18034106238964,-1.0320568,0.058337633,0.5357288,297.66376,74.97542,-12.865898,WAL
1857452374000,69.934986,0.738056694518344,-15.4858047484795,8.29479773808122,-0.5513059,0.07391469,0.4025602,297.7276,74.82661,-12.975273,WAL
1857457296000,69.939908,1.84319921691538,-16.7334012899779,9.12045905439492,-0.0021380284,0.002443461,0.18600847,297.7805,74.68169,-12.941149,WAL
1857462368000,69.94498,2.80653364510446,-17.4629172017907,9.20931012284587,0.48288897,-0.010995574,-0.0720821,297.85403,74.520096,-12.859564,WAL
1857467341000,69.949953,3.73065401191185,-18.1125537581894,9.16350898570578,0.8350528,0.1301143,-0.3417791,297.9338,74.45193,-12.518808,WAL
1857472352000,69.954964,4.57382663897161,-18.484121845543,8.5442301665674,1.0671816,0.46303585,-0.58368176,298.0693,74.352356,-12.134576,WAL
1857477322000,69.959934,5.18549309652399,-18.578700760701,7.9617545090204,1.1826351,0.7834347,-0.7021896,298.22366,74.36014,-11.587064,WAL
1857482347000,69.964959,4.70163174202815,-17.3298773478885,7.5285835818443,1.1924089,1.0235047,-0.7110472,298.4574,74.327675,-11.039969,WAL
1857487294000,69.969906,4.17685396898691,-16.0329273314955,7.09872412963473,1.1386528,1.169807,-0.64934975,298.73825,74.41919,-10.402656,WAL
1857492288000,69.9749,3.05617617830068,-13.8998727640051,6.62314246613173,1.0421361,1.2437216,-0.54550266,299.0672,74.46324,-9.8123255,WAL
1857497315000,69.979927,1.93128255483034,-11.756398360479,6.14063363872256,0.9062186,1.2904528,-0.45723262,299.44705,74.42891,-9.3438225,WAL
1857502450000,69.985062,0.846642282325349,-9.64110429461078,5.57131998103792,0.7125743,1.321607,-0.38728857,299.8366,74.390274,-8.917403,WAL
1857507464000,69.990076,-0.19045537578356,-7.62097565774689,5.00822821866745,0.50885075,1.3322971,-0.30268374,300.24063,74.229836,-8.704799,WAL
1857512402000,69.995014,-0.940872664784151,-6.1900558301301,4.36501337171299,0.27152961,1.3130548,-0.22327125,300.63837,74.1071,-8.514472,WAL
1857517622000,70.000234,-1.71063545790814,-4.74536926817644,3.69558996450205,0.025961773,1.2568552,-0.11759156,301.02823,73.922226,-8.524638,WAL
1857522352000,70.004964,-2.13910501379718,-4.21390212320146,3.20944185508868,-0.20341812,1.2208142,-0.045814894,301.4132,73.78319,-8.54869,WAL
1857527335000,70.009947,-2.59049270872215,-3.65400766582083,2.69729047470668,-0.30543262,1.097114,0.10415252,301.75626,73.6143,-8.748263,WAL
1857532322000,70.014934,-3.11345545206928,-3.7343364266237,2.37230167122143,-0.50915617,0.89736104,0.2919936,302.05838,73.504944,-8.971107,WAL
1857537255000,70.019867,-3.64624642436814,-3.95316134612829,2.09163493311852,-0.7128797,0.6395759,0.48288897,302.29706,73.39164,-9.223906,WAL
1857542355000,70.024967,-4.10763587582241,-4.67813158767085,1.93017200605147,-0.9098838,0.31612277,0.6579019,302.47327,73.30831,-9.609798,WAL
1857547305000,70.029917,-4.53660178401357,-5.48691100985955,1.80058857405976,-1.151481,-0.08552113,0.8038987,302.54364,73.24271,-10.015002,WAL
1857552349000,70.034961,-4.6567891785306,-6.71600987153694,1.77636378288476,-1.4263704,-0.61391956,0.86376345,302.5194,73.21437,-10.498995,WAL
1857557244000,70.039856,-4.64704597682635,-8.07028764333368,1.79584983021927,-1.6859881,-1.105666,0.9083566,302.38574,73.18834,-10.987402,WAL
1857562383000,70.044995,-5.46795078799618,-11.1393525757634,1.1083691895416,-1.8787161,-1.5903877,0.9584476,302.08914,73.17421,-11.472907,WAL
1857567280000,70.049892,-6.47929282558206,-14.5179503460878,0.258126016005534,-1.9730947,-2.0399845,1.0280862,301.66306,73.15346,-11.941701,WAL
1857572353000,70.054965,-7.23477421337092,-16.303516459122,-0.495093499756746,-1.9953914,-2.339614,1.0839803,301.14987,73.187675,-12.354726,WAL
1857577338000,70.05995,-7.84522806813331,-17.2840878425292,-1.17764825536589,-1.881465,-2.4040601,1.1117748,300.57962,73.18006,-12.758688,WAL
1857582357000,70.064969,-7.31921322223311,-17.9131916941476,-1.09593363024213,-1.6358972,-2.2250767,1.1169671,300.02167,73.27657,-13.1660385,WAL
1857587348000,70.06996,-6.32586527075777,-18.3911231218508,-0.697657358945201,-1.2840388,-1.8044959,1.0781772,299.52148,73.29945,-13.56548,WAL
1857592315000,70.074927,-4.9716059863417,-18.3761304874517,0.0948806211389961,-0.87109387,-1.3435981,0.95814216,299.09567,73.293365,-13.974853,WAL
1857597416000,70.080028,-3.3919551407529,-18.1073540706564,1.11340172250965,-0.47158796,-1.0033462,0.7901542,298.76486,73.22493,-14.359274,WAL
1857602352000,70.084964,-2.17788832764031,-17.1168046898008,1.87410647308389,-0.16401732,-0.7883216,0.57848936,298.55908,73.23927,-14.567601,WAL
1857607355000,70.089967,-1.15621202015691,-15.6276634004224,2.49578689194327,0.00061086525,-0.7079928,0.38423425,298.4206,73.24117,-14.735659,WAL
1857612348000,70.09496,-0.473966665831799,-13.8731123112339,2.59915352627379,0.011911872,-0.7357872,0.22266038,298.27692,73.341446,-14.690992,WAL
1857617352000,70.099964,-0.0081776095150399,-11.9413133499079,2.36871046918355,-0.06963864,-0.768163,0.10873401,298.16272,73.46324,-14.611615,WAL
1857622352000,70.104964,0.201161867832039,-10.2589177993461,1.8478735586841,-0.13194689,-0.818254,0.056199603,297.99176,73.59782,-14.44723,WAL
1857627353000,70.109965,0.274558292240499,-8.70780665835717,1.17262656244381,-0.2910773,-0.86009824,-0.021991149,297.82166,73.78864,-14.246076,WAL
1857632360000,70.114972,0.365205712912971,-7.3510856453562,0.446688373930416,-0.4728097,-0.95081174,-0.0870483,297.61523,73.988174,-14.036881,WAL
1857637354000,70.119966,0.463086813431439,-6.08329248153201,-0.29907244522951,-0.6951646,-1.1362094,-0.15515977,297.37405,74.23445,-13.8010435,WAL
1857642389000,70.125001,0.316268248122655,-4.9163743623287,-1.17078395645835,-0.9462303,-1.4257594,-0.20158553,297.0913,74.51732,-13.582513,WAL
1857647377000,70.129989,0.0377040806474876,-3.82068882554184,-2.09933120723102,-1.2116512,-1.7189748,-0.1685988,296.754,74.8279,-13.362133,WAL
1857652345000,70.134957,-0.351005155768191,-2.93425078031228,-2.85838016492844,-1.4883732,-1.9367483,-0.059864793,296.37338,75.18184,-13.170256,WAL
1857657353000,70.139965,-0.821442894369733,-2.18539067069362,-3.50643210671605,-1.7550159,-2.0912971,0.06169739,295.92462,75.550026,-12.986322,WAL
1857662376000,70.144988,-1.2045080007575,-1.73008308096282,-4.06155114062593,-1.9917262,-2.2724187,0.17654006,295.49533,75.90462,-12.9087305,WAL
1857667364000,70.149976,-1.52350837420512,-1.48250069563441,-4.5471935692116,-2.1951442,-2.468812,0.2941316,295.00952,76.222694,-12.864967,WAL
1857672350000,70.154962,-1.77396096456515,-1.338185690352,-5.05801705185803,-2.357329,-2.6648996,0.39064834,294.4564,76.44137,-12.926246,WAL
1857677352000,70.159964,-1.97592553022845,-1.26773296910481,-5.58876122856162,-2.4538457,-2.7934868,0.5039638,293.86237,76.579254,-13.02747,WAL
1857682354000,70.164966,-2.09451724444444,-1.36504313271327,-6.09932358958896,-2.4785857,-2.8603766,0.61941737,293.23984,76.59816,-13.207817,WAL
1857687355000,70.169967,-2.14241571111111,-1.60453511594159,-6.59267711605161,-2.4489589,-2.8182268,0.7495316,292.61206,76.50802,-13.428088,WAL
1857692308000,70.17492,-2.16688075496191,-2.04467711071535,-6.92462551375284,-2.339003,-2.6661212,0.86498517,292.012,76.28536,-13.711783,WAL
1857697388000,70.18,-2.17169426480657,-2.67524730246364,-7.12679312827743,-2.1423044,-2.4437664,0.9611965,291.44846,104.04594,-14.02742,WAL
1857702352000,70.184964,-2.15674420617662,-3.41086451154415,-7.14232499708929,-1.9007072,-2.1801782,1.0467176,290.94867,104.46995,-14.362211,WAL
1857707353000,70.189965,-2.12366526808091,-4.26146651702023,-6.99110679699063,-1.6734654,-1.9205604,1.135904,290.51825,104.97687,-14.720388,WAL
1857712400000,70.195012,-2.09255091159924,-5.34301691814929,-6.98140557937581,-1.4025466,-1.808772,1.2409728,290.10443,105.527954,-15.082051,WAL
1857717355000,70.199967,-2.06425161182785,-6.62591497823278,-7.11346871564457,-1.1270463,-1.5198327,1.2956452,289.82574,106.10924,-15.4422,WAL
1857722347000,70.204959,-2.09999648006126,-8.09109743610606,-7.05950292444721,-0.97097033,-1.1511755,1.4016303,289.59076,106.732,-15.832749,WAL
1857727358000,70.20997,-2.20564934035608,-9.74938828486647,-6.80226105459941,-0.64965516,-0.68111473,1.464244,289.47775,107.32925,-16.207455,WAL
1857732251000,70.214863,-2.24643414821159,-11.3346886775819,-6.33306761596977,-0.4269948,-0.19211712,1.4688255,289.48138,107.89463,-16.523825,WAL
1857737356000,70.219968,-2.1823974911335,-12.9306814156171,-5.47103433269521,-0.33200526,0.30176744,1.4694363,289.62988,108.45667,-16.829945,WAL
1857742280000,70.224892,-2.02100697898619,-14.221361235105,-4.45937748459429,-0.35308012,0.7266242,1.459968,289.9033,108.94089,-17.06996,WAL
1857747408000,70.23002,-1.69589905343295,-15.1734631348591,-3.12179086662569,-0.47158796,1.0317514,1.4184291,290.28204,109.413376,-17.276823,WAL
1857752251000,70.234863,-1.25350314082291,-15.7357598983461,-2.01449040802743,-0.70188415,1.1801916,1.3225232,290.7035,109.7744,-17.40969,WAL
1857757353000,70.239965,-0.420759444715611,-15.4154735645422,-1.27044124649052,-1.0100657,1.2131784,1.2275337,291.17358,110.14878,-17.518515,WAL
1857762279000,70.244891,0.334327499757085,-14.9906413234818,-0.70922647891498,-1.3075571,1.1847731,1.1453724,291.60736,110.38376,-17.558598,WAL
1857767357000,70.249969,0.993898126437247,-14.2720051277328,-0.512339754753036,-1.5042557,1.1438452,1.0296134,292.03827,110.61702,-17.56178,WAL
1857772246000,70.254858,1.45951817085116,-13.6188981647646,-0.266939249281978,-1.5971072,1.0393872,0.8381071,292.39258,110.73931,-17.461275,WAL
1857777356000,70.259968,1.56656156638136,-13.023177863766,0.11469398851165,-1.6649132,0.786489,0.57604593,292.67993,110.84644,-17.321236,WAL
1857782286000,70.264898,1.64399960282521,-12.4876477980441,0.454673836286867,-1.6997325,0.42638394,0.29840767,292.87912,110.87543,-17.088446,WAL
1857787349000,70.269961,1.62894609819932,-12.0812028063748,0.700547912842802,-1.7107282,0.004581489,0.03756821,292.97168,110.86161,-16.810036,WAL
1857792302000,70.274914,1.58678322437177,-11.7212850412047,0.899382829730229,-1.6948457,-0.41416663,-0.21624629,292.93787,110.783295,-16.496483,WAL
1857797407000,70.280019,1.47386377490761,-11.4457612487066,0.998751956577975,-1.6560557,-0.84391034,-0.42485678,292.76587,110.661766,-16.154533,WAL
1857802357000,70.284969,1.31101200405441,-11.1870936125613,1.04974505716172,-1.5989398,-1.2617421,-0.6059783,292.45975,110.50157,-15.80937,WAL
1857807310000,70.289922,0.803418300412041,-10.9831076833683,0.807807844092409,-1.502423,-1.5601498,-0.7696902,292.05432,110.29259,-15.435294,WAL
1857812317000,70.294929,0.271751966558926,-10.7766165346376,0.5773571975938,-1.3665055,-1.6762142,-0.9086621,291.575,110.056564,-15.066036,WAL
1857817323000,70.299935,-0.389760043946697,-10.5681950056705,0.445960971857102,-1.2947289,-1.8698585,-0.9691377,290.9861,109.80321,-14.701323,WAL
1857822643000,70.305255,-1.08313906913798,-10.3318728395607,0.291362391540649,-1.1777482,-2.0366247,-1.0852021,290.37543,109.56125,-14.364661,WAL
1857827307000,70.309919,-1.57811639470432,-9.95078420094145,-0.0196410504442483,-1.0219775,-2.0430388,-1.0916162,289.7638,109.31542,-14.047398,WAL
1857832678000,70.31529,-2.14034190463058,-9.50757973492966,-0.374683087123824,-0.9828822,-1.9779817,-1.0512991,289.13892,109.16195,-13.833175,WAL
1857837313000,70.319925,-2.45879101983602,-9.03197380415541,-0.614553855003261,-0.9074403,-1.8664987,-0.95233893,288.5351,108.98674,-13.633238,WAL
1857842301000,70.324913,-2.80149310972701,-8.52014588987236,-0.872693097761111,-0.84116143,-1.7217237,-0.8063421,287.9944,108.94838,-13.552489,WAL
1857847364000,70.329976,-3.02703483779676,-7.99435161005103,-1.10504708855669,-0.8173377,-1.5876387,-0.627664,287.49673,108.93319,-13.503391,WAL
1857852580000,70.335192,-3.21845751991018,-7.46727056942365,-1.34404235048653,-0.81061816,-1.4315627,-0.44440445,287.06183,108.94091,-13.486225,WAL
1857857310000,70.339922,-3.22693399146707,-7.18330859524701,-1.63648079622006,-0.81092364,-1.235475,-0.24098633,286.72406,109.10028,-13.598923,WAL
1857862310000,70.344922,-3.23589432080838,-6.88313737518713,-1.94561234562126,-0.8136725,-1.0167851,-0.036651913,286.4842,109.38041,-13.806226,WAL
1857867321000,70.349933,-3.0632267606655,-6.79964011594947,-2.24299982703091,-0.80664754,-0.78801614,0.14446963,286.31824,109.690094,-14.045243,WAL
1857872248000,70.35486,-2.86938920939714,-6.74633470206429,-2.53375622983465,-0.77763146,-0.5665775,0.301462,286.22702,110.026436,-14.314416,WAL
1857877311000,70.359923,-2.49932339384972,-6.95827026849434,-2.47485208890823,-0.754724,-0.42210788,0.4120286,286.20166,110.43811,-14.614332,WAL
1857882320000,70.364932,-2.11893859695387,-7.19021225326371,-2.38671427516681,-0.7122689,-0.355829,0.4908302,286.2256,110.85684,-14.931562,WAL
1857887315000,70.369927,-1.45104557670118,-7.75023656009615,-1.95695893372781,-0.6783658,-0.38606682,0.5329799,286.27353,111.308655,-15.24523,WAL
1857892301000,70.374913,-0.740270532433432,-8.35947242427885,-1.47575092781065,-0.65118235,-0.49296826,0.53878313,286.31964,111.75203,-15.563635,WAL
1857897357000,70.379969,-0.454794374478287,-8.63156804613993,-1.3945431141737,-0.6426302,-0.6401868,0.51159966,286.3081,112.10027,-15.804542,WAL
1857902278000,70.38489,-0.355309367285384,-8.75473971647567,-1.48218465005026,-0.62980205,-0.7840455,0.46731192,286.266,112.43389,-16.045694,WAL
1857907308000,70.38992,-0.253620770215621,-8.88063963555489,-1.57176744327503,-0.63529986,-0.91354895,0.3998113,286.12585,112.56035,-16.135742,WAL
1857912289000,70.394901,-0.152922777769401,-9.00531309418979,-1.66047756117813,-0.64751714,-0.9605856,0.3707952,285.9686,112.68189,-16.226763,WAL
1857917319000,70.399931,-0.168537424605054,-9.0845440533996,-1.79561532693243,-0.6618725,-1.0259482,0.31398472,285.76306,112.78422,-16.302235,WAL
1857922246000,70.404858,-0.228410446348736,-9.1444172366501,-1.94529786826689,-0.70157874,-1.0693196,0.26083946,285.54956,112.88663,-16.37077,WAL
1857927309000,70.409921,-0.334207755831349,-9.09223523878968,-2.02416552144841,-0.7367035,-1.0638218,0.20952678,285.32397,112.96006,-16.380035,WAL
1857932300000,70.414912,-0.44801213181746,-9.01636560198413,-2.08580961992064,-0.7877107,-1.054048,0.17165314,285.0855,113.035286,-16.380646,WAL
1857937313000,70.419925,-0.629761131200949,-8.91659941604307,-2.00458880829531,-0.84940815,-1.0198395,0.14844026,284.85947,113.130516,-16.372734,WAL
1857942296000,70.424908,-0.825732607950356,-8.81208146851615,-1.89136079686074,-0.9334021,-0.9810496,0.15332718,284.63834,113.237885,-16.36089,WAL
1857947335000,70.429947,-1.04832159941796,-8.73608524410436,-1.71231193391872,-1.0143417,-0.9440922,0.16737708,284.43353,113.37879,-16.362919,WAL
1857952317000,70.434929,-1.28292982383141,-8.67863026036126,-1.49685545741094,-1.0986412,-0.9108001,0.1908954,284.2414,113.53945,-16.366068,WAL
1857957310000,70.439922,-1.48274619474327,-8.63372726841601,-1.34098093714585,-1.1636983,-0.8933904,0.22510384,284.0622,113.738655,-16.422525,WAL
1857962309000,70.444921,-1.66220759281667,-8.59616547707262,-1.21994878890245,-1.2177598,-0.91782504,0.27763826,283.88544,113.958954,-16.490538,WAL
1857967324000,70.449936,-1.82489699768689,-8.53489960107274,-1.12328592048274,-1.2409728,-0.9407325,0.31581733,283.72003,114.19334,-16.606272,WAL
1857972311000,70.454923,-1.95298153641748,-8.42816253190301,-1.07525423935635,-1.251052,-0.9831876,0.3622431,283.54858,114.444405,-16.740572,WAL
1857977283000,70.459895,-2.03701286580486,-8.40065931248515,-1.03865824351504,-1.2272283,-1.0149527,0.40408736,283.3788,114.70713,-16.923954,WAL
1857982307000,70.464919,-2.0850330032508,-8.4395328139347,-1.01121815644694,-1.1954633,-1.0393872,0.44623706,283.2044,114.97471,-17.119946,WAL
1857987244000,70.469856,-2.13222158178794,-8.47773314766409,-0.984253246045815,-1.1557571,-1.0598512,0.48899764,283.0303,115.25566,-17.3527,WAL
1857992303000,70.474915,-2.18057625442707,-8.5168774637137,-0.956621995950763,-1.1172725,-1.0735956,0.539394,282.85696,115.53502,-17.596298,WAL
1857997334000,70.479946,-2.22167821366851,-8.6006995203594,-0.889775220149111,-1.0656544,-1.0693196,0.57451874,282.68393,115.80461,-17.84551,WAL
1858002320000,70.484932,-2.2490629441407,-8.7695720328809,-0.748287080663353,-1.035722,-1.0607675,0.6047566,282.51373,116.07478,-18.103079,WAL
1858007292000,70.489904,-2.27542242073987,-8.94947089413617,-0.611905517819756,-0.9990701,-1.0693196,0.6178902,282.3393,116.331566,-18.378664,WAL
1858012313000,70.494925,-2.29907704136167,-9.16709399665486,-0.488901431306572,-0.9822713,-1.074512,0.6203337,282.17114,116.585335,-18.65285,WAL
1858017304000,70.499916,-2.31455473220036,-9.38792646332737,-0.381530389624329,-0.9621128,-1.0836749,0.623388,281.9905,116.80302,-18.928755,WAL
1858022306000,70.504918,-2.30027233697078,-9.62596638382031,-0.329161567346452,-0.945314,-1.0995574,0.63346726,281.80823,117.01604,-19.202581,WAL
1858027303000,70.509915,-2.27830956076368,-9.82965062447384,-0.306480850015033,-0.9147707,-1.1074986,0.63285637,281.6128,117.18938,-19.467386,WAL
1858032330000,70.514942,-2.22523601828022,-9.89719873281219,-0.402978367157747,-0.8698721,-1.1346822,0.6420194,281.40997,117.35784,-19.7349,WAL
1858037340000,70.519952,-2.15310834074146,-9.94441740625303,-0.560243669823831,-0.8078693,-1.1548407,0.6630942,281.19824,117.49292,-19.990519,WAL
1858042300000,70.524912,-2.01057322739328,-9.91682989681541,-0.941869819470526,-0.71776664,-1.1389582,0.6737844,280.9895,117.61201,-20.23904,WAL
1858047391000,70.530003,-1.85362559448851,-9.91510035984341,-1.34970425994643,-0.61911196,-1.0592403,0.6722572,280.7948,117.7183,-20.468182,WAL
1858052353000,70.534965,-1.64312131949109,-10.0570681536005,-1.83435364202122,-0.5036584,-0.9639453,0.6817256,280.61212,117.80797,-20.694603,WAL
1858057301000,70.539913,-1.41802518460303,-10.1966416556646,-2.31214532194469,-0.39187005,-0.8155051,0.6881397,280.479,117.90637,-20.875555,WAL
1858062320000,70.544932,-1.1274091455843,-10.3300399000892,-2.77427254522748,-0.2742785,-0.63804877,0.68416905,280.38275,117.98076,-21.040522,WAL
1858067295000,70.549907,-0.826604938740911,-10.4309104787851,-3.15701711697193,-0.14935656,-0.44165558,0.6969972,280.34903,118.05168,-21.144575,WAL
1858072310000,70.554922,-0.464131825745053,-10.3867064732628,-3.19238032138978,-0.04550946,-0.28802297,0.69027776,280.35248,118.098724,-21.227821,WAL
1858077637000,70.560249,-0.0762386023924647,-10.3378583748823,-3.20882864687598,-0.0076358155,-0.204029,0.6783658,280.40195,118.13838,-21.238302,WAL
1858082330000,70.564942,0.300058259349032,-10.2720060810047,-2.96893938265829,-0.025961773,-0.1777618,0.62888575,280.47437,118.15938,-21.228327,WAL
1858087304000,70.569916,0.673629395520354,-10.2328247613989,-2.71672855931184,-0.129198,-0.19120082,0.5412266,280.54105,118.13968,-21.14393,WAL
1858092285000,70.574897,0.808165634229576,-10.4839590361944,-2.48353239348501,-0.27122417,-0.21624629,0.42577308,280.60364,118.11476,-21.039003,WAL
1858097656000,70.580268,0.943852463927265,-10.759594745835,-2.229142854551,-0.43127087,-0.24587326,0.2910773,280.6288,118.02649,-20.858286,WAL
1858102333000,70.584945,0.839201239389476,-11.1144989419951,-1.93793940789313,-0.57971114,-0.2761111,0.14294247,280.63354,117.93731,-20.64789,WAL
1858107547000,70.590159,0.714949947054181,-11.4987208869214,-1.61167487266096,-0.6994407,-0.29016098,0.028099801,280.60205,117.79474,-20.38901,WAL
1858112316000,70.594928,0.45562595465499,-11.6305804553941,-1.28202574953902,-0.75869465,-0.29810223,-0.01740966,280.55634,117.65662,-20.115578,WAL
1858117303000,70.599915,0.184447772626311,-11.768467573862,-0.937307742198056,-0.7733554,-0.35002577,-0.07544186,280.4634,117.46434,-19.825752,WAL
1858122312000,70.604924,-0.0894283080368774,-11.7042446370378,-0.555783976749173,-0.79534656,-0.4129449,-0.09437868,280.36597,117.28955,-19.541569,WAL
1858127273000,70.609885,-0.360808271838862,-11.6233071077262,-0.174899803769917,-0.7675522,-0.49357912,-0.09743301,280.246,117.10505,-19.258205,WAL
1858132301000,70.614913,-0.519976907973705,-11.5439362840294,0.0745396637219644,-0.6976081,-0.56321776,-0.07727446,280.0955,116.90608,-19.0357,WAL
1858137258000,70.61987,-0.66683610295437,-11.4659172061098,0.308596485355762,-0.59742624,-0.6356053,-0.05100725,279.9238,116.7012,-18.825975,WAL
1858142313000,70.624925,-0.708963718092354,-11.620990359103,0.36031194259084,-0.4560109,-0.66645396,-0.01863139,279.73322,116.47829,-18.686237,WAL
1858147331000,70.629943,-0.731700462225587,-11.8165266435466,0.37850134739402,-0.28893927,-0.6768387,-0.006414085,279.531,116.23596,-18.554554,WAL
1858152387000,70.634999,-0.745319256280587,-12.1739653425775,0.288210322724307,-0.11453723,-0.66156703,0.004276057,279.32217,115.9706,-18.466246,WAL
1858157242000,70.639854,-0.755432440402393,-12.5683798401305,0.16685203406199,0.058948494,-0.59864795,0.007941248,279.12732,115.67891,-18.37594,WAL
1858162314000,70.644926,-0.740147219515197,-13.0026414115141,0.00133935835242874,0.22540927,-0.48808134,0.009773844,278.9509,115.34962,-18.27769,WAL
1858167306000,70.649918,-0.722040076024998,-13.4326860694063,-0.166151837102547,0.38240165,-0.34422258,-0.011911872,278.80362,114.99205,-18.16594,WAL
1858172313000,70.654925,-0.657175381510155,-13.9118689343455,-0.285104978920169,0.5375614,-0.18112154,-0.037873644,278.69684,114.60164,-18.0289,WAL
1858177314000,70.659926,-0.580129561190428,-14.4030364222803,-0.391042983116831,0.6921103,-0.005497787,-0.08032878,278.63547,114.18349,-17.870312,WAL
1858182329000,70.664941,-0.449277985721418,-14.9005652391413,-0.542990106829755,0.8206975,0.16340645,-0.13988814,278.62344,113.730896,-17.664585,WAL
1858187290000,70.669902,-0.306959849306041,-15.3939348315527,-0.704283991464803,0.9611965,0.3304781,-0.20372356,278.6618,113.24965,-17.436995,WAL
1858192319000,70.674931,-0.160437462449261,-15.7412039418719,-0.794167294187192,1.1010846,0.47647488,-0.2687807,278.74084,112.71806,-17.153933,WAL
1858197427000,70.680039,-0.0110317265367488,-16.0544733042365,-0.866460390423645,1.2504412,0.5656612,-0.32803464,278.85165,112.161606,-16.85465,WAL
1858202416000,70.685028,0.406689008576516,-15.792512390157,-0.721899885472973,1.4129313,0.6035349,-0.39095375,278.99133,111.55021,-16.494967,WAL
1858207318000,70.68993,0.886774554245982,-15.3895838348247,-0.524721903716216,1.5995506,0.59437186,-0.44043383,279.14432,110.91557,-16.130905,WAL
1858212351000,70.694963,1.25107839861679,-14.8664465972964,-0.428731441527821,1.7046194,0.5479461,-0.47678033,279.29852,110.248886,-15.730824,WAL
1858217303000,70.699915,1.51943367683119,-14.2750710047155,-0.408853273924342,1.9303342,0.44593164,-0.54275376,279.4336,109.531105,-15.325671,WAL
1858222274000,70.704886,1.5141937288844,-13.7479492977803,-0.539707861589315,2.1991148,0.33322698,-0.6386596,279.5437,108.73313,-14.855033,WAL
1858227314000,70.709926,1.37041744984145,-13.2470511715192,-0.748415448098395,2.463925,0.23915374,-0.7583892,279.6299,107.898926,-14.375876,WAL
1858232278000,70.71489,0.950480311045348,-12.7703190446347,-0.995449175878936,2.7220156,0.20525073,-0.8891144,279.70297,107.010414,-13.859289,WAL
1858237288000,70.7199,0.329524922748191,-12.3009351926017,-1.27414562742281,2.967278,0.2764165,-1.0629056,279.7776,106.067764,-13.307247,WAL
1858242311000,70.724923,-0.40542496865451,-11.8590710452958,-1.2158809971193,3.1780264,0.42913285,-1.2498302,279.88074,105.13722,-12.758123,WAL
1858247306000,70.729918,-1.20346742900175,-11.4368511078565,-0.956053257594568,3.338073,0.6301075,-1.3927728,280.02075,104.17535,-12.17873,WAL
1858252299000,70.734911,-1.91996604047207,-11.1839568704092,-0.884524975166317,3.4061847,0.7440339,-1.4877623,280.20956,103.31427,-11.67448,WAL
1858257329000,70.739941,-2.57846422966372,-11.0610370189556,-0.959154763829399,3.4110715,0.84665924,-1.5030339,280.45908,102.46027,-11.158175,WAL
1858262290000,70.744902,-3.2555655258707,-11.0138964454212,-1.07783672656059,3.3786957,1.0396926,-1.488984,280.792,101.75339,-10.781686,WAL
1858267290000,70.749902,-3.98552140658729,-11.0938185551352,-1.27497809742962,3.3438764,1.2620476,-1.4437801,281.17267,101.102264,-10.419814,WAL
1858272272000,70.754884,-4.64631200396511,-11.2571144674861,-1.37333004064235,3.306919,1.4462235,-1.3820826,281.651,100.66098,-10.215355,WAL
1858277296000,70.759908,-5.26156654226804,-11.4860466134021,-1.39717705824742,3.2366695,1.5302174,-1.3136657,282.17123,100.29632,-10.035117,WAL
1858282271000,70.764883,-5.8270507306165,-11.8769887364241,-1.2593580997121,3.1471777,1.4718798,-1.258077,282.7632,100.14552,-10.011759,WAL
1858287270000,70.769882,-6.35935887094212,-12.4045442783679,-0.988451356725901,3.0451632,1.2599095,-1.2370021,283.3355,100.05527,-10.004585,WAL
1858292289000,70.774901,-6.81530850688502,-12.9214786826006,-0.7304465102036,2.930015,0.9233228,-1.2825116,283.89984,100.125984,-10.116918,WAL
1858297279000,70.779891,-7.20073582221894,-13.4244139457067,-0.486029301528474,2.7629435,0.46120325,-1.3720033,284.36328,79.77756,-10.221749,WAL
1858302205000,70.784817,-7.44608867922372,-13.7973347936164,-0.717406701367353,2.5247061,0.21410827,-1.4957036,284.80804,79.61101,-10.368632,WAL
1858307221000,70.789833,-7.55493088842479,-14.0481446763866,-1.44617612820609,2.3848178,-0.12522738,-1.5873333,285.09082,79.441925,-10.491365,WAL
1858312210000,70.794822,-7.31187895213754,-13.9061491836547,-2.36389805578002,2.0195205,-0.23151793,-1.7531832,285.3821,79.28734,-10.589923,WAL
1858317241000,70.799853,-6.6482298916233,-13.2965758530762,-3.51913874870932,1.6496416,-0.24923302,-1.8521434,285.60052,79.140564,-10.670645,WAL
1858322228000,70.80484,-5.81801050079856,-12.5098010299461,-4.19701389089639,1.4172074,-0.099265605,-1.8332067,285.8734,79.01594,-10.759792,WAL
1858327228000,70.80984,-4.81425251517269,-11.5395015689758,-4.41210492703134,1.3310753,0.2275473,-1.6853772,286.18347,78.90348,-10.848368,WAL
1858332231000,70.814843,-3.90272890706657,-10.7661373342649,-4.26568399566823,1.346347,0.51923543,-1.461495,286.54108,78.88421,-10.890517,WAL
1858337232000,70.819844,-3.08530130611837,-10.1925038162491,-3.75419420444156,1.4645494,0.77366084,-1.2244794,286.96542,78.82368,-10.973179,WAL
1858342217000,70.824829,-2.36077904963253,-9.83327359784419,-2.88245361305243,1.6548339,0.95722586,-1.047023,287.4107,78.85854,-10.959022,WAL
1858347266000,70.829878,-1.72112245178834,-9.69112779715826,-1.6220933144782,1.7250835,0.9837985,-0.9388999,287.8698,78.846985,-10.9907465,WAL
1858352233000,70.834845,-1.26811747310338,-9.64284977368318,-0.785956920056997,1.6902641,0.8237518,-0.91599244,288.27118,78.92858,-10.90573,WAL
1858357266000,70.839878,-1.02181211749214,-9.70442637224843,-0.425972139111635,1.641395,0.63529986,-0.9462303,288.66492,78.98965,-10.838713,WAL
1858362293000,70.844905,-0.872866499810927,-9.84415900616977,-0.216166697764952,1.6551393,0.59773165,-1.0235047,288.9979,79.1399,-10.635271,WAL
1858367295000,70.849907,-0.853798670733406,-10.0872734286994,-0.206632778248582,1.7299703,0.7266242,-1.1154399,289.32468,79.288795,-10.424737,WAL
1858372206000,70.854818,-0.820071900411482,-10.3395739671794,-0.0725527280817087,1.8060231,0.9288206,-1.1890492,289.65015,79.47378,-10.151857,WAL
1858377258000,70.85987,-0.763190894396003,-10.6192390660331,0.249772924827079,1.824349,1.0861185,-1.2528846,290.00168,79.66044,-9.863928,WAL
1858382212000,70.864824,-0.626405604193963,-10.8446364038595,0.43979484025235,1.7803668,1.1246029,-1.2599095,290.38205,79.8453,-9.565732,WAL
1858387270000,70.869882,-0.343582275976249,-10.9884447791192,0.411033140173182,1.7003434,1.1603385,-1.2067643,290.80664,80.01221,-9.2773285,WAL
1858392244000,70.874856,-0.111257238423237,-11.0695127525018,0.171533215645594,1.6310102,1.1664472,-1.146594,291.2311,80.16191,-8.975214,WAL
1858397316000,70.879928,0.0389173156016598,-11.0378972445692,-0.472636608596534,1.5546521,1.2660183,-1.0607675,291.69086,80.278534,-8.7067175,WAL
1858402367000,70.884979,0.188470090124481,-11.0064126368074,-1.11413932591652,1.5604553,1.4813483,-1.0051788,292.17545,80.42032,-8.3995,WAL
1858407454000,70.890066,0.160113476554892,-10.7372546545705,-1.86536137000459,1.6175711,1.6209309,-0.9486737,292.66382,80.52207,-8.12604,WAL
1858412386000,70.894998,0.116720911380799,-10.4552031576481,-2.60303496890216,1.7082846,1.8759671,-0.9086621,293.24487,80.588745,-7.879588,WAL
1858417327000,70.899939,-0.0573339957615894,-9.95106339072848,-3.1687813589404,1.7406605,2.0818288,-0.81061816,293.8471,80.72169,-7.637239,WAL
1858422291000,70.904903,-0.278698562450331,-9.3656766022351,-3.67546023936258,1.8267925,2.2470677,-0.7107417,294.50534,80.808205,-7.419883,WAL
1858427303000,70.909915,-0.457397133963463,-8.819903949166,-3.88073654678316,1.8872682,2.3619106,-0.64751714,295.21848,80.950714,-7.2382636,WAL
1858432317000,70.914929,-0.624259121219222,-8.28594580500397,-4.00469116930103,1.9214766,2.4080307,-0.59712076,295.94827,81.05567,-7.0886965,WAL
1858437318000,70.91993,-0.685880964647239,-7.82146118309049,-4.11066258140337,1.9040669,2.4065037,-0.5705481,296.72055,81.1646,-7.0051947,WAL
1858442344000,70.924956,-0.718178796088957,-7.37390532611196,-4.2121702443635,1.8619173,2.4401011,-0.54183745,297.50125,81.25538,-6.940091,WAL
1858447334000,70.929946,-0.711631194205571,-6.98076807037756,-4.05453456971756,1.8387043,2.424524,-0.5149594,298.29224,81.32642,-6.922696,WAL
1858452322000,70.934934,-0.688449073269921,-6.60985379651558,-3.78562167638552,1.7971655,2.395508,-0.505491,299.07114,81.40101,-6.907591,WAL
1858457308000,70.93992,-0.671164129875036,-6.2922783589751,-3.1978064904582,1.7373008,2.3280075,-0.5119051,299.82727,81.49226,-6.876298,WAL
1858462297000,70.944909,-0.657279022290032,-6.00531932389809,-2.42486835160322,1.6612481,2.250122,-0.52626044,300.5558,81.58888,-6.8434815,WAL
1858467320000,70.949932,-0.693590810834974,-5.76717824152077,-1.77422134715632,1.5796975,2.186592,-0.5458081,301.26196,81.67575,-6.7838,WAL
1858472313000,70.954925,-0.767894631979695,-5.56903460812183,-1.22437287309645,1.4908166,2.1013765,-0.5739079,301.92688,81.77842,-6.7160883,WAL
1858477288000,70.9599,-0.905731689744731,-5.16152071202137,-0.66518297893737,1.3796391,2.0140228,-0.6020077,302.59192,81.81581,-6.647757,WAL
1858482325000,70.964937,-1.08232413040071,-4.62697061950134,-0.092450717016919,1.2260065,1.922393,-0.6203337,303.22113,81.87499,-6.575237,WAL
1858487315000,70.969927,-1.22578522269408,-4.35925980217141,0.340024488214835,1.039998,1.8261817,-0.643852,303.8432,81.898346,-6.502168,WAL
1858492284000,70.974896,-1.34923379257302,-4.25409999772291,0.687509460677364,0.85154617,1.7534887,-0.66156703,304.43732,81.9458,-6.428033,WAL
1858497330000,70.979942,-1.48852606613066,-4.19900971345065,0.987763173179612,0.6762278,1.677436,-0.6542367,305.0278,81.90474,-6.417504,WAL
1858502429000,70.985041,-1.64162039550971,-4.18913277305825,1.24456651116505,0.4908302,1.6539177,-0.6600399,305.6057,81.900246,-6.4015346,WAL
1858507345000,70.989957,-1.79619292730015,-4.23845233031674,1.39100592187029,0.32436943,1.5812247,-0.65209866,306.17734,81.87526,-6.3829336,WAL
1858512369000,70.994981,-1.95947529532428,-4.33370018099547,1.46357582111614,0.24037547,1.5326608,-0.64599,306.74277,81.86407,-6.3666224,WAL
1858517353000,70.999965,-2.11422699039899,-4.4464995208443,1.48121707882935,0.095294975,1.4902058,-0.6246097,307.3004,81.839355,-6.3656034,WAL
1858522352000,71.004964,-2.26038545682703,-4.58257794241499,1.43081759131488,-0.04734206,1.4553864,-0.6114761,307.84174,81.8243,-6.367205,WAL
1858527353000,71.009965,-2.34436603852574,-4.67915509950417,1.34328300147095,-0.16218472,1.4092661,-0.6035349,308.38474,81.803185,-6.3874063,WAL
1858532335000,71.014947,-2.37590838520783,-4.74223983403851,1.22499946901909,-0.26633725,1.3726143,-0.5867361,308.91492,81.79552,-6.416369,WAL
1858537303000,71.019915,-2.39500405386483,-4.79688348316471,1.10403413601781,-0.37140608,1.3292428,-0.5748242,309.44424,81.80983,-6.446465,WAL
1858542333000,71.024945,-2.31702531347633,-4.78713615333873,0.95782408684743,-0.4465425,1.2840388,-0.5687156,309.95645,81.828384,-6.481063,WAL
1858547390000,71.030002,-2.2314996620617,-4.77318227831002,0.82189334925273,-0.5296202,1.2272283,-0.55771995,310.45096,81.88661,-6.497821,WAL
1858552365000,71.034977,-2.10825721571182,-4.73666602615444,0.748860797279172,-0.6105598,1.1462886,-0.54244834,310.92047,81.9481,-6.5177712,WAL
1858557441000,71.040053,-1.98288863597599,-4.69842597309046,0.674652454978265,-0.6753115,1.0659598,-0.53023106,311.36423,82.05223,-6.506952,WAL
1858562361000,71.044973,-1.86584976948872,-4.64965966839164,0.606379791347547,-0.7425067,0.9767735,-0.5122105,311.77747,82.15767,-6.5017486,WAL
1858567311000,71.049923,-1.75507832169788,-4.6078548144819,0.548981794806492,-0.8142834,0.88300574,-0.50579643,312.16165,82.307106,-6.458929,WAL
1858572351000,71.054963,-1.69481975450687,-4.61990651785268,0.575495567390762,-0.874759,0.7901542,-0.4868596,312.51584,82.449585,-6.4247055,WAL
1858577313000,71.059925,-1.63549376037953,-4.63177170676654,0.601599007780275,-0.9309586,0.6927212,-0.47036624,312.83957,82.62986,-6.358279,WAL
1858582356000,71.064968,-1.57519932499376,-4.64383058377029,0.628128562372035,-1.0024298,0.5833763,-0.45998153,313.12918,82.80844,-6.29533,WAL
1858587315000,71.069927,-1.52531325516945,-4.65536844162291,0.663187734224344,-1.0735956,0.49357912,-0.44929138,313.4039,82.99191,-6.226012,WAL
1858592295000,71.074907,-1.54807820199523,-4.66447459150358,0.767906318472554,-1.1523973,0.40317106,-0.42760566,313.6433,83.16951,-6.1626687,WAL
1858597506000,71.080118,-1.57877138955671,-4.67593451946885,0.876666958805911,-1.2507466,0.32467487,-0.4166101,313.8713,83.379524,-6.063401,WAL
1858602435000,71.085047,-1.72015741210064,-4.71835019828275,0.966211475838658,-1.3326025,0.25381452,-0.38912117,314.07147,83.57363,-5.976061,WAL
1858607611000,71.090223,-1.86733529400976,-4.75547974848781,1.06777570374634,-1.4337007,0.20555615,-0.36743546,314.27805,83.76747,-5.8814073,WAL
1858612360000,71.094972,-1.9871369965561,-4.70223442380488,1.24969673554146,-1.5372424,0.18875736,-0.33628133,314.46936,83.94342,-5.7991366,WAL
1858617668000,71.10028,-2.11955672073935,-4.65286238160038,1.45550709987833,-1.5897768,0.172264,-0.27152961,314.67258,84.07644,-5.743436,WAL
1858622350000,71.104962,-2.19928835445016,-4.86268276089846,1.69889866800187,-1.6911805,0.14110987,-0.20250183,314.86322,84.19181,-5.6994514,WAL
1858627278000,71.10989,-2.28320921966308,-5.08352744889097,1.95507843043519,-1.8078557,0.10598512,-0.12156218,315.07562,84.237755,-5.7048044,WAL
1858632357000,71.114969,-2.33438599950164,-5.57898872592445,2.44097080088707,-1.9141463,0.076358154,-0.004276057,315.27783,84.238754,-5.740571,WAL
1858637252000,71.119864,-2.37643796725805,-6.11164581323632,2.95493784828067,-2.0045543,0.020158553,0.10720685,315.45993,84.20087,-5.797309,WAL
1858642300000,71.124912,-2.33683518307087,-6.9542511742126,3.51451845452756,-2.033876,-0.030848695,0.22815818,315.65265,95.92272,-5.920648,WAL
1858647342000,71.129954,-2.27799360628046,-7.86403134622235,4.08030245773341,-1.9779817,-0.08093964,0.32986724,315.82828,96.08446,-6.0677195,WAL
1858652446000,71.135058,-1.97296803259428,-9.12938662966225,4.74488010605056,-1.8481728,-0.0852157,0.43310347,316.0226,96.31862,-6.2855372,WAL
1858657248000,71.13986,-1.58703618812681,-10.4587075433589,5.4071578962702,-1.6401732,-0.020158553,0.5335908,316.2203,96.575035,-6.526291,WAL
1858662350000,71.144962,-0.75185112400745,-12.3311869561808,6.36610540221547,-1.2822062,0.10903945,0.54305923,316.44656,96.811874,-6.7675147,WAL
1858667294000,71.149906,0.195010670216645,-14.294532668954,7.37794819347123,-0.8341365,0.2284636,0.49174652,316.68237,97.04385,-7.0116415,WAL
1858672348000,71.15496,1.27419745417502,-15.695423852704,8.13488257337266,-0.33505958,0.32559118,0.33261612,316.93384,97.16443,-7.1547914,WAL
1858677338000,71.15995,2.38314840158899,-16.8419663885939,8.77393896904622,0.06505715,0.36896262,0.14813483,317.1933,82.73223,-7.2677565,WAL
1858682336000,71.164948,3.48111951160929,-17.6021860728583,8.81850619055244,0.36896262,0.5183192,-0.05100725,317.4729,82.82245,-7.1536937,WAL
1858687341000,71.169953,4.57484224579664,-18.1874234477582,8.59304576721377,0.6151413,0.70463306,-0.29535335,317.76492,82.91923,-6.974677,WAL
1858692288000,71.1749,5.22471797988005,-18.560444270652,8.23673944708841,0.8185594,0.8216137,-0.4654793,318.02133,83.135,-6.5873866,WAL
1858697412000,71.180024,5.69464300367576,-18.8499943832463,7.80478842793577,0.9807441,0.9285152,-0.49388456,318.3271,83.26186,-6.1889524,WAL
1858702346000,71.184958,5.21677447859095,-17.7971187953234,7.37965839568782,1.0781772,0.9673051,-0.44165558,318.60233,83.46997,-5.618657,WAL
1858707381000,71.189993,4.1771252124709,-15.9325837310457,6.94036980828019,1.0897835,0.9932669,-0.40530908,318.91046,83.55333,-5.0660305,WAL
1858712344000,71.194956,2.97841674553383,-13.7672972117794,6.42612099709273,1.0647382,1.033584,-0.32375857,319.22256,83.592354,-4.4957595,WAL
1858717360000,71.199972,1.67334421067669,-11.4027560689223,5.8626766085213,0.95081174,1.0906999,-0.25473082,319.55078,83.53644,-3.9629042,WAL
1858722346000,71.204958,0.568733576008403,-9.27149489807923,5.25330798757503,0.7965683,1.1823297,-0.2125811,319.92816,83.324905,-3.606072,WAL
1858727338000,71.20995,-0.435623998445378,-7.25321431608644,4.61721467280912,0.58032197,1.2592987,-0.1518,320.3144,83.0997,-3.2872984,WAL
1858732313000,71.214925,-1.22744539391623,-5.87797377981117,4.01276761758738,0.3408628,1.29198,-0.06688975,320.72745,82.80781,-3.177542,WAL
1858737355000,71.219967,-1.91614057556147,-4.8303811935918,3.41622178727401,0.08735373,1.2571607,0.06383542,321.1378,82.55555,-3.1015377,WAL
1858742345000,71.224957,-2.5356252965069,-4.43156873279746,2.94073446805597,-0.15302174,1.1255192,0.20738874,321.53296,82.317024,-3.1972895,WAL
1858747379000,71.229991,-3.12885704399127,-4.35502280883199,2.51973141167014,-0.38331795,0.9120218,0.3652974,321.8882,82.12388,-3.3310843,WAL
1858752352000,71.234964,-3.59366525744786,-4.77384385738855,2.28602280134427,-0.6374379,0.5842926,0.5186246,322.18927,81.99378,-3.5839806,WAL
1858757352000,71.239964,-3.99597231487595,-5.46013287587229,2.14876501741623,-0.88606006,0.14294247,0.6826419,322.39063,81.89035,-3.873242,WAL
1858762345000,71.244957,-4.12294197092884,-6.58660444169823,2.09136697279251,-1.1927143,-0.41813725,0.76052725,322.50092,81.86702,-4.232326,WAL
1858767361000,71.249973,-4.08464245639825,-7.98453974646203,2.08179198168228,-1.5036448,-1.031446,0.8078693,322.46762,81.86023,-4.610908,WAL
1858772349000,71.254961,-4.23663333408373,-10.6547929706754,1.36839118016094,-1.7513506,-1.6340646,0.8579602,322.32654,81.890305,-5.021818,WAL
1858777337000,71.259949,-4.50547609316746,-14.1120162538507,0.22227211594688,-1.9230038,-2.1691825,0.9370673,322.03198,81.91739,-5.4332113,WAL
1858782332000,71.264944,-5.53767097312531,-16.1284641001486,-0.813158658788509,-2.0024164,-2.5857925,0.99021256,321.64572,81.997604,-5.7828193,WAL
1858787350000,71.269962,-7.10860883676077,-17.1424326451709,-1.77476305904012,-1.9617938,-2.7354546,1.02717,321.188,82.02975,-6.1359854,WAL
1858792291000,71.274903,-7.34070231877902,-17.8444021527215,-2.02412242497283,-1.7681495,-2.556471,1.0341948,320.7151,82.15941,-6.4398694,WAL
1858797380000,71.279992,-6.55113765968586,-18.3354728062827,-1.73525720157068,-1.4092661,-2.083356,1.0219775,320.29013,82.19043,-6.743845,WAL
1858802349000,71.284961,-5.36233702742545,-18.2578143038767,-0.950868363003976,-0.9822713,-1.7947221,1.0021244,319.85364,81.99704,-7.2413154,WAL
1858807351000,71.289963,-3.82429228414513,-17.7244991744533,0.249092174821074,-0.7467828,-1.2541064,0.87598073,319.63385,81.763145,-7.7002687,WAL
1858812331000,71.294943,-2.63086540201149,-16.6953835648946,1.22737693184866,-0.31306845,-0.86345804,0.70616025,319.46704,81.56782,-8.006771,WAL
1858817364000,71.299976,-1.72134300517241,-15.2179866692529,2.02609452656322,-0.016798794,-0.6243043,0.5021312,319.4175,81.396255,-8.263962,WAL
1858822348000,71.30496,-0.984218262887572,-13.6192229787501,2.43103767007937,0.13347405,-0.50640726,0.32650748,319.51062,81.41466,-8.262991,WAL
1858827338000,71.30995,-0.446462216861248,-11.8523100032653,2.36381816369939,0.12889257,-0.49541172,0.19058995,319.6404,81.460785,-8.22227,WAL
1858832323000,71.314935,-0.0375346421371077,-10.2829048332278,2.17029042235688,0.048563786,-0.4886922,0.093462385,319.7135,81.53637,-8.115546,WAL
1858837352000,71.319964,0.2194558495071,-8.93697169069368,1.82182875187664,-0.121256754,-0.49205196,0.013744468,319.7875,81.64805,-7.9786453,WAL
1858842300000,71.324912,0.432904154819923,-7.59073118204707,1.35869360093049,-0.30848694,-0.61575216,-0.065973446,319.78427,81.803116,-7.8004584,WAL
1858847390000,71.330002,0.523619109915709,-6.13395590892173,0.488897294964423,-0.49968776,-0.8454375,-0.12980886,319.7498,81.98877,-7.604441,WAL
1858852275000,71.334887,0.43012825171934,-4.87205551174717,-0.404544415185848,-0.752586,-1.1282681,-0.15760323,319.66022,82.2316,-7.381469,WAL
1858857345000,71.339957,0.0682140462929835,-3.76218519779368,-1.41790419037965,-1.0256428,-1.3594806,-0.09865474,319.51822,82.48556,-7.1640263,WAL
1858862272000,71.344884,-0.327173401937046,-2.86716153767554,-2.26733242896852,-1.280679,-1.5338826,0.0036651916,319.3992,82.82322,-6.907071,WAL
1858867356000,71.349968,-0.803448184503632,-2.23055659859564,-2.93223094825182,-1.5375478,-1.7623463,0.093767814,319.19116,83.15603,-6.6629643,WAL
1858872249000,71.354861,-1.21412823151104,-1.74291661330402,-3.52365999346268,-1.7931949,-2.055867,0.18448131,318.7936,83.3488,-6.5707407,WAL
1858877351000,71.359963,-1.54101926687375,-1.50008330757909,-4.03734586437924,-2.0222695,-2.3478606,0.28069258,318.33087,83.47869,-6.5063252,WAL
1858882258000,71.36487,-1.8277898371993,-1.35789498387757,-4.53060018323267,-2.2317963,-2.6138923,0.3726278,317.8121,96.54004,-6.5339065,WAL
1858887353000,71.369965,-2.03257509305968,-1.5177273087317,-5.04006576108097,-2.3698518,-2.8322768,0.44257188,317.22534,96.66822,-6.5862174,WAL
1858892328000,71.37494,-2.20959549137344,-1.74692472871737,-5.53174167826334,-2.4401011,-2.955977,0.5170974,316.64572,96.95515,-6.689005,WAL
1858897449000,71.380061,-2.33484676169126,-2.16442893081725,-6.02346894327469,-2.4233024,-2.9556715,0.60048056,316.04266,97.35981,-6.817337,WAL
1858902407000,71.385019,-2.44993044304991,-2.61650442740351,-6.42613896857823,-2.336865,-2.8997774,0.6924158,315.4226,97.91721,-7.001431,WAL
1858907339000,71.389951,-2.53896936234746,-3.26320833989483,-6.52455035161226,-2.276084,-2.7491992,0.7348709,314.83514,98.54844,-7.1949873,WAL
1858912328000,71.39494,-2.61372367358127,-3.95081443360632,-6.58118995670103,-2.105958,-2.5833492,0.81397796,314.24936,99.28649,-7.45499,WAL
1858917359000,71.399971,-2.609081523008,-4.8188971724829,-6.41407258453608,-1.9172006,-2.452013,0.88178396,313.7039,100.04815,-7.7214103,WAL
1858922300000,71.404912,-2.59891765984405,-5.69054608966862,-6.27293927368421,-1.7040086,-2.3218987,0.947452,313.18402,100.83676,-8.036243,WAL
1858927353000,71.409965,-2.52345312407407,-6.80364732740741,-6.395568935,-1.46852,-2.1114557,1.0494665,312.73584,101.61307,-8.371605,WAL
1858932543000,71.415155,-2.45092493811583,-7.97171819808968,-6.4775628835009,-1.2034045,-1.8032742,1.1633929,312.3408,102.33384,-8.72129,WAL
1858937360000,71.419972,-2.44164860496682,-9.34462354377639,-6.04157261019505,-0.8900307,-1.4862351,1.2403619,312.0183,103.00414,-9.0753,WAL
1858942511000,71.425123,-2.42949151171837,-10.806299874453,-5.55844815936983,-0.6462954,-1.162782,1.2999213,311.78812,103.613365,-9.397257,WAL
1858947405000,71.430017,-2.39302833233492,-12.1235335622873,-4.91122643975494,-0.5235115,-0.82772243,1.3487904,311.66013,104.18592,-9.715578,WAL
1858952754000,71.435366,-2.3257852704597,-13.5090456627074,-4.20773075420256,-0.5299256,-0.44990227,1.3753631,311.64542,104.63004,-9.97456,WAL
1858957346000,71.439958,-1.94698515744854,-14.0632895288784,-3.64949898022486,-0.6563747,-0.10293079,1.3726143,311.72076,105.067604,-10.217197,WAL
1858962330000,71.444942,-1.53584844942425,-14.6648468958201,-3.04361327432224,-0.8756753,0.19517145,1.3716979,311.9073,105.379326,-10.378068,WAL
1858967354000,71.449966,-0.892626527632149,-14.5704079598145,-2.78390525486862,-1.1023064,0.44715336,1.3631458,312.1787,105.7108,-10.518219,WAL
1858972280000,71.454892,-0.199943605812017,-14.2878662662287,-2.62440592399536,-1.31672,0.6713409,1.3109168,312.5234,106.07045,-10.629247,WAL
1858977349000,71.459961,0.376740315802519,-13.7876453975402,-2.69514925391787,-1.4559973,0.93676186,1.2244794,312.9517,106.30314,-10.607874,WAL
1858982332000,71.464944,0.887937791176354,-13.2101818278119,-2.86081507425114,-1.5097535,1.1609493,1.0622946,313.41772,106.53843,-10.545841,WAL
1858987337000,71.469949,1.15048064773408,-12.6142623060491,-2.55487658848073,-1.50731,1.2623531,0.82741696,313.91797,106.66653,-10.304833,WAL
1858992309000,71.474921,1.30257769121581,-12.0153799926133,-2.04630203419844,-1.5280794,1.1221595,0.55863625,314.38605,106.786026,-10.026686,WAL
1858997407000,71.480019,1.43082046852475,-11.4651479391089,-1.37350276120792,-1.5436565,0.96852684,0.3032946,314.84137,106.8675,-9.630124,WAL
1859002411000,71.485023,1.54469530745545,-10.952711089604,-0.647550483425743,-1.5803084,0.50946164,0.1994475,315.14404,106.95579,-9.251958,WAL
1859007351000,71.489963,1.48192538460605,-10.6031152778396,-0.10698669789117,-1.6120734,-0.11942416,0.018936822,315.28036,107.03421,-8.88403,WAL
1859012383000,71.494995,1.33570163309396,-10.3204158179428,0.360929474901386,-1.6447546,-0.78984874,-0.15118915,315.26218,107.11995,-8.537853,WAL
1859017351000,71.499963,0.963686847964584,-10.1981042074766,0.38936385041515,-1.6444492,-1.3231341,-0.33200526,315.06763,107.191765,-8.247782,WAL
1859022347000,71.504959,0.492995940245942,-10.1416213925234,0.234035866005903,-1.5650368,-1.6569719,-0.49846604,314.73203,107.2372,-7.953741,WAL
1859027348000,71.50996,-0.0759336600595711,-10.1195221251986,0.0649477143228753,-1.4459181,-1.8112154,-0.63041294,314.2922,107.25479,-7.701805,WAL
1859032356000,71.514968,-0.694965071814933,-10.1147604977164,-0.111238145963066,-1.3066407,-1.8432859,-0.73792523,313.78784,107.23395,-7.42863,WAL
1859037352000,71.519964,-1.22782663440991,-9.93850335744979,-0.343869282270411,-1.2043208,-1.8075503,-0.7874053,313.28033,107.22246,-7.1965523,WAL
1859042343000,71.524955,-1.71502356574198,-9.67102276476466,-0.60657352735685,-1.1249083,-1.7098118,-0.74097955,312.78653,107.18583,-6.961336,WAL
1859047417000,71.530029,-2.09194070688283,-9.2798973600557,-0.724375816053312,-1.0250319,-1.5855007,-0.6417139,312.3523,107.157814,-6.7859516,WAL
1859052407000,71.535019,-2.40089605559976,-8.83310028426497,-0.762401114939328,-0.9599747,-1.4947872,-0.4999932,311.94922,107.13369,-6.6327558,WAL
1859057347000,71.539959,-2.60904182974428,-8.49144394212651,-0.761027490444145,-0.8961393,-1.4266758,-0.33444872,311.62585,107.14946,-6.5518494,WAL
1859062366000,71.544978,-2.76615057059219,-8.20033084454913,-0.737923251076716,-0.8854492,-1.3243558,-0.18051068,311.35263,107.17926,-6.4987283,WAL
1859067343000,71.549955,-2.82090197845292,-8.02068284744919,-0.85233380060141,-0.893085,-1.1899655,-0.044898596,311.13324,107.25215,-6.530134,WAL
1859072350000,71.554962,-2.79604126815637,-7.92621274019079,-1.07607894723144,-0.9095783,-1.0173961,0.076358154,310.9682,107.33856,-6.587351,WAL
1859077346000,71.559958,-2.55466188990907,-7.8585442461356,-1.23916668909864,-0.90316427,-0.8686504,0.19547687,310.84836,107.46422,-6.7143025,WAL
1859082357000,71.564969,-2.18471018009488,-7.80637160403242,-1.36722695920142,-0.8970556,-0.7644979,0.31490102,310.77618,107.60396,-6.8611493,WAL
1859087347000,71.569959,-1.76577124117003,-7.86095772161974,-1.37120518659835,-0.8897252,-0.6966918,0.40775254,310.73022,107.79042,-7.0353723,WAL
1859092306000,71.574918,-1.31689238937419,-7.98380879345339,-1.29560448905582,-0.8570439,-0.6817256,0.45540005,310.7054,107.97175,-7.221452,WAL
1859097473000,71.580085,-0.735347986682293,-8.21488469430608,-1.25543155291532,-0.8213083,-0.68233645,0.47036624,310.68906,108.16007,-7.368069,WAL
1859102422000,71.585034,-0.105813474690888,-8.50187835950776,-1.24154477201875,-0.79045963,-0.7079928,0.46700647,310.67215,108.33894,-7.5195274,WAL
1859107350000,71.589962,0.202231882729082,-8.67098967165735,-1.28018211292523,-0.7684685,-0.7684685,0.44257188,310.63654,108.48462,-7.613978,WAL
1859112350000,71.594962,0.256681650567611,-8.74812697858429,-1.36185670782716,-0.7504479,-0.83108217,0.3998113,310.59076,108.616585,-7.7021375,WAL
1859117338000,71.59995,0.24804680978336,-8.80023281287284,-1.46885757725798,-0.7287622,-0.88056225,0.3454443,310.46533,108.71455,-7.7267575,WAL
1859122350000,71.604962,0.157624916508634,-8.82032644803768,-1.60951391513344,-0.7315111,-0.9211848,0.2929099,310.32263,108.806854,-7.7425337,WAL
1859127349000,71.609961,0.0306277740419378,-8.82753774041938,-1.73061833564714,-0.7443393,-0.95172805,0.24465153,310.15884,108.90178,-7.746255,WAL
1859132337000,71.614949,-0.129120707310195,-8.82322012689805,-1.83423898633406,-0.763887,-0.96761054,0.19761491,309.98495,108.99132,-7.7365284,WAL
1859137326000,71.619938,-0.312412572846865,-8.7928669352518,-1.91186729516958,-0.79351395,-0.96791595,0.14996742,309.8139,109.1,-7.720667,WAL
1859142366000,71.624978,-0.550523679609455,-8.70357553956835,-1.93170987358684,-0.8594874,-0.9599747,0.12736541,309.64017,109.219215,-7.6985135,WAL
1859147333000,71.629945,-0.807607961296401,-8.62484167589976,-1.9145005905408,-0.9049969,-0.9266826,0.12767084,309.49094,109.35856,-7.6840906,WAL
1859152443000,71.635055,-1.11191115735821,-8.56029266044846,-1.8315087791596,-0.96791595,-0.90285885,0.14569137,309.34143,109.51706,-7.66799,WAL
1859157251000,71.639863,-1.3953240966359,-8.50161600307692,-1.7562252217641,-1.0317514,-0.8881981,0.17928895,309.22357,109.7064,-7.6839967,WAL
1859162362000,71.644974,-1.68649629886154,-8.44639361384615,-1.68594226193846,-1.0903945,-0.86559606,0.22937989,309.11703,109.910904,-7.705565,WAL
1859167278000,71.64989,-1.93596210155556,-8.41233151111111,-1.612968306,-1.1557571,-0.85918194,0.2751948,309.042,110.13795,-7.7739325,WAL
1859172348000,71.65496,-2.11422952271498,-8.42640504734299,-1.52383461991304,-1.2147056,-0.850019,0.32559118,308.97766,110.378716,-7.8523936,WAL
1859177323000,71.659935,-2.28309505009984,-8.44976527835463,-1.4483256298722,-1.2437216,-0.84513205,0.40042216,308.942,110.63367,-7.982026,WAL
1859182357000,71.664969,-2.43230615738818,-8.50752459824281,-1.41463281054313,-1.2687671,-0.86651236,0.45112398,308.9025,110.89792,-8.11621,WAL
1859187327000,71.669939,-2.56719723171952,-8.56873460878263,-1.36678958483545,-1.2846496,-0.88361657,0.49571714,308.87305,111.16751,-8.299981,WAL
1859192325000,71.674937,-2.6581678810143,-8.64534119505852,-1.26624319349805,-1.2925909,-0.89675015,0.5381723,308.84283,111.43845,-8.492334,WAL
1859197347000,71.679959,-2.74641373882989,-8.7510687494991,-1.1587965504458,-1.2712106,-0.945314,0.56138515,308.8106,111.69771,-8.707669,WAL
1859202350000,71.684962,-2.82321244520136,-8.95746505359647,-1.02919877729914,-1.2589933,-1.006095,0.6133087,308.7783,111.961266,-8.93767,WAL
1859207333000,71.689945,-2.88885474094189,-9.17532037178237,-0.891535716445983,-1.2470814,-1.0613784,0.6569856,308.72806,112.22197,-9.209942,WAL
1859212307000,71.694919,-2.91672228401911,-9.43541799015211,-0.724330065145281,-1.2311989,-1.1053606,0.6792821,308.66858,112.47458,-9.486563,WAL
1859217312000,71.699924,-2.9368595070186,-9.69850371855204,-0.563253968808446,-1.2140946,-1.1279627,0.68691796,308.5995,112.71034,-9.791936,WAL
1859222315000,71.704927,-2.91758842390146,-9.96829898280543,-0.437991827933635,-1.1710287,-1.1478158,0.70066243,308.52368,112.93292,-10.099445,WAL
1859227320000,71.709932,-2.88580709003514,-10.2275348384735,-0.333507671545969,-1.1233811,-1.1695015,0.70280045,308.43854,113.12475,-10.417099,WAL
1859232344000,71.714956,-2.79658548862971,-10.4388492995315,-0.324115929707203,-1.0607675,-1.1914927,0.72234815,308.3522,113.30198,-10.735605,WAL
1859237287000,71.719899,-2.69299398315611,-10.6268250336878,-0.333913969035476,-0.97524637,-1.2125676,0.7370089,308.24048,113.4557,-11.075854,WAL
1859242340000,71.724952,-2.47441899587842,-10.6769152082432,-0.479630663674602,-0.8762862,-1.2324207,0.7611381,308.12634,113.59228,-11.4160595,WAL
1859247571000,71.730183,-2.24169240289076,-10.7245492759196,-0.639697499016029,-0.74036866,-1.2140946,0.78801614,308.00415,113.69299,-11.746792,WAL
1859252396000,71.735008,-1.92059479981469,-10.6988613925693,-0.939388683139998,-0.58001655,-1.1701124,0.79381937,307.8839,113.76338,-12.067938,WAL
1859257275000,71.739887,-1.59590356553322,-10.672886017882,-1.24243392403966,-0.4251622,-1.0809261,0.7858781,307.7619,113.81516,-12.355283,WAL
1859262338000,71.74495,-1.08054009515199,-10.6284477348869,-1.55562413309849,-0.25350907,-0.9266826,0.76144356,307.6693,113.82306,-12.620235,WAL
1859267266000,71.749878,-0.545744974217865,-10.5819438472188,-1.86022476728088,-0.11453723,-0.7367035,0.72418076,307.6096,113.800064,-12.859356,WAL
1859272318000,71.75493,0.00250684212937863,-10.5342698130266,-2.17248986547273,0.01282817,-0.5235115,0.6973027,307.56958,113.76201,-13.029294,WAL
1859277272000,71.759884,0.540123528230773,-10.487520572055,-2.47869756468936,0.08277224,-0.34269542,0.6728681,307.57028,113.70094,-13.16985,WAL
1859282323000,71.764935,1.07127489306931,-10.3697854950495,-2.50305487128713,0.11789699,-0.23457226,0.63224554,307.60574,113.61354,-13.281754,WAL
1859287260000,71.769872,1.58574964000588,-10.2353728751103,-2.44743606474855,0.0870483,-0.2049453,0.552833,307.66306,113.51747,-13.364317,WAL
1859292307000,71.774919,1.88126094294318,-10.2171894083517,-2.25002668536438,0.010995574,-0.21899518,0.43493605,307.647,113.430885,-13.292186,WAL
1859297261000,71.779873,2.09080867817707,-10.2410016283879,-2.0071418420799,-0.043676864,-0.30573806,0.3576616,307.61572,113.341194,-13.2138605,WAL
1859302339000,71.784951,2.01123919370935,-10.4340298335113,-1.8066007859237,-0.17348573,-0.39461896,0.1881465,307.52072,113.23166,-13.031322,WAL
1859307299000,71.789911,1.83600991965829,-10.6784286452772,-1.62676021898845,-0.3115413,-0.46211955,0.01740966,307.4018,113.125916,-12.834502,WAL
1859312335000,71.794947,1.39524393337354,-10.9897363682147,-1.43967767718134,-0.42943826,-0.50793445,-0.10567969,307.2401,112.99707,-12.598748,WAL
1859317312000,71.799924,0.844245406473663,-11.3251270325694,-1.25281734286289,-0.52595496,-0.5510005,-0.19211712,307.05054,112.877525,-12.334734,WAL
1859322251000,71.804863,0.27472738292004,-11.4820633152834,-1.1267724167004,-0.57940567,-0.57696223,-0.21319197,306.85654,112.75315,-12.088145,WAL
1859327230000,71.809842,-0.309243627540486,-11.5641084665992,-1.02542204959514,-0.5992588,-0.55771995,-0.19517145,306.6619,112.64014,-11.831496,WAL
1859332232000,71.814844,-0.727133096193105,-11.6766119212582,-1.08111685848349,-0.5699373,-0.5027421,-0.14935656,306.49768,112.529465,-11.651421,WAL
1859337220000,71.819832,-1.07541324748985,-11.8009976060827,-1.20052721982085,-0.50823987,-0.4098906,-0.0983493,306.35413,112.421875,-11.474796,WAL
1859342216000,71.824828,-1.12732723605416,-11.9878793927466,-1.27690698730174,-0.41874814,-0.2996294,-0.067500606,306.25925,112.328354,-11.383421,WAL
1859347266000,71.829878,-1.09926369253385,-12.1936786142166,-1.34238863768859,-0.30573806,-0.17531833,-0.051923547,306.1989,112.221146,-11.292893,WAL
1859352312000,71.834924,-0.971508025250142,-12.5226334146687,-1.33318478132905,-0.17654006,-0.046120327,-0.044898596,306.1848,112.12191,-11.2427435,WAL
1859357315000,71.839927,-0.808693243741741,-12.893489644327,-1.29700365580517,-0.018936822,0.08155051,-0.06352998,306.20456,111.9889,-11.179563,WAL
1859362310000,71.844922,-0.63506496990317,-13.3062862512996,-1.17741613853328,0.15027285,0.20311269,-0.087964594,306.2541,111.82178,-11.100459,WAL
1859367324000,71.849936,-0.453975388262155,-13.7467744049027,-1.00611521262359,0.32986724,0.3313944,-0.12614368,306.33823,111.61275,-11.002687,WAL
1859372316000,71.854928,-0.282249113740626,-14.1829864373063,-0.784081055031497,0.50640726,0.44318274,-0.1685988,306.4351,111.33179,-10.864476,WAL
1859377312000,71.859924,-0.114805813366663,-14.6183390562444,-0.535308169888011,0.6753115,0.50732356,-0.22174409,306.55045,111.00832,-10.710213,WAL
1859382298000,71.86491,-0.00387403266331659,-15.0637395678392,-0.314566829263819,0.8393288,0.54367006,-0.28252518,306.6778,110.59445,-10.51045,WAL
1859387318000,71.86993,0.0782651346130653,-15.5179209145729,-0.106803053478894,0.99021256,0.548557,-0.36010507,306.8092,110.14203,-10.295011,WAL
1859392406000,71.875018,0.124081873134498,-15.8394116508359,0.0428864111117971,1.1383474,0.5326745,-0.44929138,306.93115,109.59621,-10.041841,WAL
1859397323000,71.879935,0.150918399566869,-16.0854129718845,0.159178027364552,1.294118,0.5036584,-0.50732356,307.04913,109.01803,-9.784143,WAL
1859402318000,71.88493,0.204132105386029,-16.0896865344669,0.240995764990809,1.3860532,0.45204028,-0.6072,307.1458,108.369286,-9.485436,WAL
1859407349000,71.889961,0.277938653088235,-15.9027100257353,0.295120564926471,1.5564847,0.36682457,-0.70371675,307.2242,107.67179,-9.184632,WAL
1859412349000,71.894961,0.386227805027256,-15.4109304820311,0.330806841506158,1.7620409,0.2565634,-0.7706065,307.2787,106.925575,-8.871679,WAL
1859417372000,71.899984,0.517341887092671,-14.7213675555724,0.35508723045427,2.003638,0.13439035,-0.8151997,307.30502,106.1371,-8.553426,WAL
1859422350000,71.904962,0.350358216580377,-13.7877746138721,-0.00877818911174788,2.2901337,0.019547688,-0.88147855,307.29684,105.28939,-8.220425,WAL
1859427308000,71.90992,0.0125763584418536,-12.7134410199585,-0.595205030716332,2.6053402,-0.015882496,-0.96669424,307.2789,104.38839,-7.880166,WAL
1859432276000,71.914888,-0.500780486658582,-12.145630891336,-1.01994989154943,2.8970284,0.04795292,-1.0815369,307.25616,103.43649,-7.510742,WAL
1859437322000,71.919934,-1.14310760274086,-11.920581837101,-1.33876916474241,3.1633656,0.18906279,-1.2092078,307.2483,102.423836,-7.1195474,WAL
1859442371000,71.924983,-1.81988423101519,-11.71800045004,-1.50278544052758,3.3899968,0.36163223,-1.3509285,307.28027,101.48941,-6.765897,WAL
1859447427000,71.930039,-2.52625613189448,-11.5341500839329,-1.53665260791367,3.5347717,0.5549711,-1.4538593,307.36377,100.524284,-6.390368,WAL
1859452384000,71.934996,-3.15367288072491,-11.4460821395647,-1.72517313720083,3.5616498,0.7098254,-1.5082263,307.5229,99.695984,-6.1276183,WAL
1859457309000,71.939921,-3.725069411307,-11.4321458399488,-2.03642173786073,3.5097263,0.8891144,-1.5146403,307.75104,98.8787,-5.855149,WAL
1859462344000,71.944956,-4.33944687333136,-11.4977453601305,-2.27054414274696,3.3954945,1.1178834,-1.4923438,308.09973,98.271324,-5.752874,WAL
1859467353000,71.949965,-4.97980886492633,-11.6400479148621,-2.4223335839909,3.2336152,1.3518448,-1.4382823,308.50577,97.72994,-5.663731,WAL
1859472349000,71.954961,-5.5889606803805,-11.8611090356718,-2.34854953258026,3.0671544,1.4559973,-1.3625349,308.95282,97.33637,-5.6667695,WAL
1859477353000,71.959965,-6.16828340939358,-12.165016255648,-2.03989396682521,2.933375,1.3747523,-1.3002267,309.4119,97.013016,-5.6859303,WAL
1859482347000,71.964959,-6.74329706726579,-12.601517580982,-1.74349810532182,2.8732047,1.1588113,-1.2519683,309.8687,96.781395,-5.7724223,WAL
1859487351000,71.969963,-7.31592083081635,-13.1885768720755,-1.45959232903906,2.8163943,0.8491027,-1.2538009,310.27283,96.612854,-5.866668,WAL
1859492376000,71.974988,-7.83387035350748,-13.7208434678603,-1.21208873785735,2.6936102,0.6768387,-1.3417655,310.67227,96.50768,-6.006301,WAL
1859497447000,71.980059,-8.29475553875355,-14.1959829210449,-1.00302742806966,2.6111436,0.31215215,-1.4300356,310.92993,96.45352,-6.149604,WAL
1859502322000,71.984934,-8.39101872276932,-14.254870146225,-1.22024316992341,2.3893993,-0.118202426,-1.6667458,311.12988,96.43397,-6.2781005,WAL
1859507354000,71.989966,-8.03628900149209,-13.7946801563712,-1.99201969534666,2.1252003,-0.52687126,-1.89918,311.23624,96.43979,-6.377333,WAL
1859512291000,71.994903,-7.42858802884711,-13.1661316914354,-2.60758838068238,1.8677205,-0.689056,-2.0259347,311.31354,96.48049,-6.4685245,WAL
1859517353000,71.999965,-6.43521043370138,-12.269198464339,-3.03676601991445,1.6303993,-0.6239988,-2.019215,311.34454,83.47598,-6.5239444,WAL
1859522245000,72.004857,-5.5295019050549,-11.5546911921621,-3.38999913604695,1.3918564,-0.48716503,-1.8829921,311.30066,83.535164,-6.4562373,WAL
1859527347000,72.009959,-4.66920999640288,-11.0459164100719,-3.66288745899281,1.2455542,-0.31031954,-1.7336355,311.29062,83.57801,-6.3954964,WAL
1859532282000,72.014894,-3.81026201008724,-10.5936554927805,-3.79598487604532,1.1496484,-0.025961773,-1.599856,311.2953,83.73781,-6.221372,WAL
1859537359000,72.019971,-2.85957703698987,-10.228007387045,-3.60584778979244,1.1511755,0.35888332,-1.459357,311.38,83.84696,-6.098416,WAL
1859542360000,72.024972,-2.01664894025151,-9.90602934657662,-3.32073251159758,1.2495248,0.7107417,-1.352761,311.483,84.05148,-5.8852997,WAL
1859547503000,72.030115,-1.36513523333023,-9.66285886856078,-2.80227451467163,1.38025,0.91996306,-1.2815952,311.65228,84.21779,-5.7097673,WAL
1859552370000,72.034982,-0.824576993065277,-9.48302816083366,-2.3232626158081,1.4957036,1.0186177,-1.2211196,311.84845,84.44513,-5.469421,WAL
1859557354000,72.039966,-0.655651603855682,-9.55341368659064,-1.89156433252064,1.6636915,1.1472049,-1.2040154,312.10748,84.64508,-5.246253,WAL
1859562306000,72.044918,-0.504299609033298,-9.63310525134264,-1.41827255528464,1.8738291,1.3084733,-1.2669345,312.39078,84.89281,-4.943374,WAL
1859567354000,72.049966,-0.475975991331901,-9.78888541734206,-0.596887237749243,2.010663,1.3912456,-1.3277156,312.68314,85.10185,-4.6580296,WAL
1859572341000,72.054953,-0.442671532480133,-9.94992210575885,0.202818220264888,2.0503693,1.402852,-1.3472633,313.00272,85.27388,-4.347196,WAL
1859577349000,72.059961,-0.343861201500049,-10.199300656529,0.861553673332679,1.9996674,1.396438,-1.3316863,313.33722,85.396454,-4.0451617,WAL
1859582542000,72.065154,-0.228018934474201,-10.4412518074357,1.47011024398666,1.9062049,1.2730432,-1.2986995,313.6666,85.38068,-3.7631989,WAL
1859587352000,72.069964,0.0340702885883853,-10.4728829600746,1.17187080392388,1.7507398,1.2137892,-1.244027,314.0104,85.30749,-3.5089073,WAL
1859592686000,72.075298,0.314679997259734,-10.4950049034007,0.822382902474125,1.6227635,1.2357804,-1.1630874,314.3688,85.111115,-3.2628372,WAL
1859597451000,72.080063,0.43163126484968,-10.3420683652045,0.260117204829966,1.5635096,1.244638,-1.1181889,314.70532,84.87382,-3.036024,WAL
1859602702000,72.085314,0.547624660769231,-10.1697048374598,-0.373033912137592,1.5454891,1.3292428,-0.9728029,315.0299,84.650734,-2.8063266,WAL
1859607351000,72.089963,0.370914382692308,-9.93409165469665,-1.22713357120393,1.5964963,1.5424347,-0.9236283,315.39264,84.4011,-2.5799475,WAL
1859612331000,72.094943,0.181622667307692,-9.68170325930826,-2.14204350928747,1.6224581,1.8041905,-0.82924956,315.75253,84.19832,-2.3572357,WAL
1859617354000,72.099966,-0.124733652323817,-9.23916415512078,-2.82702979508884,1.6636915,2.0399845,-0.7293731,316.16028,83.95409,-2.1689765,WAL
1859622282000,72.104894,-0.445079654927131,-8.7727779990018,-3.45829990505091,1.7107282,2.2073615,-0.6435465,316.61588,83.681305,-2.0220976,WAL
1859627340000,72.109952,-0.715574068882616,-8.24871263971189,-3.91070032411914,1.7537941,2.3377812,-0.58459806,317.07938,83.48608,-1.8830976,WAL
1859632266000,72.114878,-0.968118759178509,-7.72984795950944,-4.31477175187853,1.7605137,2.4330764,-0.5296202,317.5712,83.275795,-1.7822664,WAL
1859637351000,72.119963,-1.07013256322216,-7.34107598114949,-4.37505492989875,1.7745636,2.4339926,-0.47555858,318.06918,83.09853,-1.6937903,WAL
1859642306000,72.124918,-1.12665797750645,-7.00192344625769,-4.33737145153861,1.7968601,2.4083362,-0.45845437,318.57965,82.913826,-1.6211689,WAL
1859647462000,72.130074,-1.1054797867824,-6.66972733195897,-4.13134652065496,1.8041905,2.3735168,-0.4474588,319.0958,82.75827,-1.562823,WAL
1859652257000,72.134869,-1.06471367867429,-6.36624611574275,-3.89580881795226,1.7971655,2.34389,-0.4361578,319.60022,82.59968,-1.5158607,WAL
1859657350000,72.139962,-1.04996733522431,-6.04216397600579,-3.54524243392185,1.7626517,2.2925773,-0.4279111,320.1009,82.424164,-1.4708464,WAL
1859662281000,72.144893,-1.04541131006271,-5.72779790684033,-3.17164803765557,1.713477,2.2296581,-0.4147775,320.58472,82.25536,-1.4357723,WAL
1859667355000,72.149967,-1.07059685928352,-5.4512142127738,-2.76481330311157,1.6236799,2.1523838,-0.4156938,321.06757,82.06537,-1.3980463,WAL
1859672291000,72.154903,-1.1093039911566,-5.20445594395087,-2.35838816583419,1.5210545,2.0659463,-0.4202753,321.5254,81.894485,-1.366777,WAL
1859677354000,72.159966,-1.18573202139407,-4.98207311456177,-1.89414094280785,1.4156802,1.9975294,-0.42913285,321.99677,81.682465,-1.3450305,WAL
1859682357000,72.164969,-1.27548287204969,-4.77422936645963,-1.41704449476486,1.2773192,1.9465221,-0.44318274,322.44528,81.51165,-1.3238478,WAL
1859687349000,72.169961,-1.40597578101949,-4.59490024650675,-0.929728460629685,1.1270463,1.9275852,-0.4474588,322.91577,81.300064,-1.3221838,WAL
1859692343000,72.174955,-1.55416400836582,-4.42759086417791,-0.437360941049475,0.9431759,1.8808541,-0.44959682,323.36118,81.13992,-1.3196546,WAL
1859697381000,72.179993,-1.68450605901926,-4.281592858669,0.0337564424985406,0.8582657,1.8316795,-0.46211955,323.84546,80.90775,-1.3445708,WAL
1859702362000,72.184974,-1.80517681762989,-4.14699841678342,0.488592352704806,0.66248333,1.7608191,-0.46883908,324.30737,80.76041,-1.3727877,WAL
1859707348000,72.18996,-1.94445462801576,-4.08026709749444,0.821777729460497,0.45631635,1.6911805,-0.46120325,324.79495,80.53486,-1.4497924,WAL
1859712362000,72.194974,-2.09484479122045,-4.05115945469792,1.08859891976157,0.26847526,1.6358972,-0.43310347,325.26337,80.35969,-1.5334938,WAL
1859717349000,72.199961,-2.24240282552669,-4.13213056166905,1.3658634533647,0.102319926,1.5855007,-0.40744713,325.73917,80.110344,-1.6623561,WAL
1859722351000,72.204963,-2.38937517246881,-4.26930475896911,1.65000994645122,-0.049480084,1.5143349,-0.38698313,326.19,79.909065,-1.7987199,WAL
1859727332000,72.209944,-2.47159121001936,-4.39749808306873,1.83436453175218,-0.1863139,1.423316,-0.36285394,326.637,79.656624,-1.9756652,WAL
1859732358000,72.21497,-2.52750558165537,-4.52330557737657,1.97881021481123,-0.312763,1.312444,-0.35063666,327.05594,79.44375,-2.153663,WAL
1859737364000,72.219976,-2.48040587133787,-4.57092939043084,1.94650222875283,-0.4034765,1.20371,-0.3295618,327.46323,79.15185,-2.3627577,WAL
1859742364000,72.224976,-2.37616850172336,-4.57527261038549,1.81620553941043,-0.49938235,1.0858129,-0.3203988,327.83594,78.90031,-2.5668972,WAL
1859747348000,72.22996,-2.27434946058149,-4.53447583908228,1.66062130763449,-0.57696223,0.96761054,-0.29993483,328.19724,78.63242,-2.772681,WAL
1859752355000,72.234967,-2.17476764799248,-4.43489397697785,1.47094147126187,-0.66767573,0.8564331,-0.28344148,328.52658,78.399254,-2.9738915,WAL
1859757283000,72.239895,-2.07601012508175,-4.36556501834006,1.26610306582035,-0.7510588,0.7467828,-0.27214047,328.81995,78.23793,-3.134828,WAL
1859762363000,72.244975,-1.97307646630121,-4.33749227781304,1.02748416064628,-0.8249735,0.64599,-0.25809056,329.0825,78.09891,-3.29507,WAL
1859767250000,72.249862,-1.85393702218491,-4.34876716080601,0.815197754251284,-0.8970556,0.5555819,-0.23945917,329.316,78.046425,-3.421205,WAL
1859772351000,72.254963,-1.68505164898262,-4.4452730019755,0.631836525027657,-0.9630291,0.5039638,-0.22296582,329.53018,78.00952,-3.5467696,WAL
1859777263000,72.259875,-1.55398482836281,-4.5079074093483,0.504802165248361,-1.0210613,0.44990227,-0.20708331,329.70453,78.069,-3.644827,WAL
1859782351000,72.264963,-1.4958960533181,-4.49822590471886,0.495120716219948,-1.0836749,0.39553526,-0.19364429,329.86203,78.14175,-3.7433426,WAL
1859787285000,72.269897,-1.48514068264446,-4.50625531335117,0.520561957894737,-1.1392636,0.38056904,-0.18967366,330.00955,78.296844,-3.7900412,WAL
1859792380000,72.274992,-1.59154018021608,-4.55945496113589,0.636634102631579,-1.1676689,0.3359759,-0.18906279,330.1314,78.454895,-3.8347003,WAL
1859797343000,72.279955,-1.71193678366606,-4.61005906116152,0.769829259165154,-1.2373075,0.27000242,-0.183565,330.24655,78.642044,-3.860257,WAL
1859802361000,72.284973,-1.87764853818512,-4.6580284545735,0.957345225462795,-1.2880094,0.21105394,-0.17745635,330.34964,78.8256,-3.8841686,WAL
1859807360000,72.289972,-2.03925493640505,-4.73548322140195,1.14987622069787,-1.3536774,0.16493362,-0.15668693,330.44882,78.98585,-3.9312446,WAL
1859812358000,72.29497,-2.15819853893146,-5.17656562237523,1.41254326963139,-1.4175128,0.124311075,-0.13041973,330.5312,79.151985,-3.978241,WAL
1859817330000,72.299942,-2.26535339865333,-5.59309702125953,1.69643752227943,-1.4950926,0.106595986,-0.09437868,330.64413,79.25948,-4.0541983,WAL
1859822355000,72.304967,-2.30347483295376,-5.8742419150609,2.1253028371621,-1.5778649,0.09621128,0.0027488936,330.74255,79.37046,-4.151816,WAL
1859827313000,72.309925,-2.30608451206897,-6.20837739478906,2.58940169755346,-1.6664404,0.12339478,0.116980694,330.87363,79.43408,-4.268097,WAL
1859832355000,72.314967,-2.03632881896552,-6.98973864073396,3.38006470988249,-1.7119498,0.14477506,0.23273966,330.99463,79.49253,-4.408794,WAL
1859837434000,72.320046,-1.75165161928591,-7.80822669488775,4.19118293088991,-1.6948457,0.18203785,0.35308012,331.15762,79.44403,-4.575948,WAL
1859842385000,72.324997,-1.28139420256965,-9.0736466736994,5.20009883581282,-1.5790867,0.21380283,0.49113566,331.31747,79.366264,-4.777467,WAL
1859847490000,72.330102,-0.796509510116311,-10.3784273224236,6.24039689572626,-1.3833044,0.23365596,0.6001751,331.48694,79.20671,-4.974156,WAL
1859852388000,72.335,0.0520050717492889,-12.4478369201544,7.53312326747257,-1.0830641,0.22479841,0.6597345,331.6484,78.987885,-5.189411,WAL
1859857257000,72.339869,0.961478726371394,-14.6457314164974,8.86891244575376,-0.66981375,0.13469578,0.63499445,331.7868,78.69816,-5.401539,WAL
1859862355000,72.344967,1.91916711338583,-15.9511571418295,9.6765770058326,-0.22724187,0.053145275,0.49266282,331.92038,78.38111,-5.539679,WAL
1859867257000,72.349869,2.84100944251969,-17.0281613757169,10.3474233540391,0.15424347,-0.014660766,0.31337386,332.02567,78.00055,-5.6481256,WAL
1859872351000,72.354963,3.70155700786717,-17.7145179312117,10.0258891760229,0.48838675,0.04734206,0.07422013,332.0849,77.60267,-5.536614,WAL
1859877277000,72.359889,4.50817261399486,-18.2646943901957,9.44773656186993,0.75686204,0.29993483,-0.1554652,332.18155,77.15789,-5.386861,WAL
1859882371000,72.364983,4.97780368313768,-18.5087719353362,8.83195749432949,0.9392053,0.57360244,-0.34788775,332.23688,76.74078,-5.0404267,WAL
1859887253000,72.369865,5.3219932795762,-18.6483091311182,8.23660264534421,1.0345002,0.66767573,-0.38759398,332.32172,76.276955,-4.6967773,WAL
1859892379000,72.374991,4.7684754103582,-17.3038298760155,7.67276926652511,1.0430524,0.78038037,-0.4166101,332.44296,75.95841,-4.2106886,WAL
1859897394000,72.380006,3.93490768537666,-15.5125456750369,7.14070471196455,0.98746365,0.84757555,-0.4166101,332.58752,75.6115,-3.7545607,WAL
1859902426000,72.385038,2.86419697411551,-13.3465865618385,6.48466315169842,0.84757555,0.89827734,-0.40225476,332.74292,75.363365,-3.272229,WAL
1859907354000,72.389966,1.67018221270033,-10.9966130607802,5.76635139441589,0.67256266,0.9401216,-0.37843102,332.9199,75.121765,-2.824633,WAL
1859912345000,72.394957,0.588393992660807,-8.87430766060727,5.01643679520575,0.46700647,0.9935723,-0.3576616,333.16376,74.87262,-2.5243623,WAL
1859917354000,72.399966,-0.417773353038354,-6.90509475579305,4.24983325952857,0.2489276,1.0509937,-0.31306845,333.41556,74.67082,-2.2519283,WAL
1859922348000,72.40496,-1.26115442511552,-5.51733913010632,3.55260175051114,0.029626964,1.0680978,-0.2321288,333.7129,74.48635,-2.1639802,WAL
1859927354000,72.409966,-2.00610507404621,-4.48813086204253,2.89586895020446,-0.18325958,1.02717,-0.09010262,333.99887,74.35862,-2.1083252,WAL
1859932336000,72.414948,-2.69209551706837,-4.02918813349729,2.47137199842597,-0.40317106,0.9370673,0.09621128,334.2972,74.27962,-2.2224028,WAL
1859937340000,72.419952,-3.35211794815544,-3.86418269802263,2.16493299498278,-0.61269784,0.77457714,0.2938262,334.55023,74.249725,-2.3710256,WAL
1859942376000,72.424988,-3.97785910178926,-4.03046485526839,2.00659803141153,-0.83077675,0.5186246,0.48808134,334.75732,74.29039,-2.6565313,WAL
1859947427000,72.430039,-4.58234306170595,-4.3968186240178,1.93790672666856,-1.0461067,0.1386664,0.66523224,334.872,74.37084,-2.9689276,WAL
1859952345000,72.434957,-4.93578564151131,-5.11475657638321,1.88138192194198,-1.2980887,-0.3277292,0.7724391,334.90985,74.50949,-3.3764284,WAL
1859957351000,72.439963,-5.07438611623966,-6.18532742973781,1.83358857047154,-1.5567901,-0.8723156,0.7996226,334.81927,74.68428,-3.7716944,WAL
1859962370000,72.444982,-5.23644962219598,-7.45336763122786,1.66345291676505,-1.7739527,-1.4159856,0.8200866,334.62662,74.88049,-4.234156,WAL
1859967336000,72.449948,-5.41893478055884,-8.89453185651318,1.37802752290437,-1.9333885,-1.9074267,0.86315256,334.30515,75.099,-4.665054,WAL
1859972362000,72.454974,-5.83605646979188,-10.5994372461103,0.942828814315619,-2.019826,-2.3197608,0.9120218,333.86136,75.363075,-5.0668936,WAL
1859977340000,72.459952,-6.50554486332593,-12.5597377369165,0.3504039304902,-2.0479257,-2.5821273,0.9660834,333.33377,75.61967,-5.445477,WAL
1859982359000,72.464971,-7.20295857074341,-14.3002855661471,-0.395358097782574,-1.9382755,-2.6187794,1.0189233,332.7432,75.90508,-5.8298316,WAL
1859987349000,72.469961,-7.91920905035971,-15.7900867631894,-1.28828430998082,-1.7345519,-2.4917192,1.0409144,332.1341,76.14011,-6.2040935,WAL
1859992355000,72.474967,-8.01079654662777,-16.9129089049644,-1.76398963410799,-1.570229,-2.1533,1.0800097,331.57544,76.394875,-6.6563396,WAL
1859997378000,72.47999,-7.45421054367089,-17.6550248670886,-1.80680400316456,-1.1578951,-1.6584991,1.0687088,331.10648,76.50557,-7.1035237,WAL
1860002345000,72.484957,-5.71403004343722,-17.7294349253761,-0.829797232415692,-0.6783658,-1.1731668,0.9761627,330.73688,76.6142,-7.607974,WAL
1860007349000,72.489961,-2.61846624939534,-17.060378822338,1.30458681768754,-0.27397305,-0.8491027,0.7858781,330.4732,76.62619,-8.0823965,WAL
1860012302000,72.494914,-0.642600543494729,-16.0021024150722,2.54893007174932,-0.014660766,-0.73273283,0.56138515,330.26358,76.63688,-8.432602,WAL
1860017366000,72.499978,-0.0981697453065208,-14.3830124939477,2.64361372235455,0.05589417,-0.75441855,0.36926803,330.1186,76.613594,-8.736278,WAL
1860022278000,72.50489,0.26672463526015,-12.8104044565432,2.50395935549862,-0.003970624,-0.81336707,0.21227567,329.93958,76.66451,-8.572171,WAL
1860027351000,72.509963,0.367261287272369,-11.1826678192747,1.96776385143871,-0.12767084,-0.8918633,0.0888809,329.75797,76.74134,-8.3686495,WAL
1860032276000,72.514888,0.413350805229537,-9.65365964724555,1.37197714877945,-0.2837469,-0.9447031,-0.004276057,329.57733,76.84857,-8.089495,WAL
1860037353000,72.519965,0.361110538163704,-8.17668482203555,0.612118637764407,-0.42821655,-1.078788,-0.074830994,329.35547,76.994675,-7.7816877,WAL
1860042298000,72.52491,0.238661273499853,-6.77053335052405,-0.19032601996317,-0.61483586,-1.2544118,-0.11056661,329.08667,77.19177,-7.4842653,WAL
1860047483000,72.530095,-0.0629016785424625,-5.37458863478303,-1.18256536802273,-0.82772243,-1.4535538,-0.09040806,328.77258,77.42836,-7.179235,WAL
1860052315000,72.534927,-0.39244414265286,-4.18205075591716,-2.03757233935897,-1.0552697,-1.591304,-0.0106901415,328.39822,77.73106,-6.935412,WAL
1860057350000,72.539962,-0.872734232642998,-3.24524729585799,-2.73185300794872,-1.2892311,-1.6966782,0.10476339,327.97385,78.07597,-6.699603,WAL
1860062296000,72.544908,-1.29275099433498,-2.39843176428571,-3.35955627906404,-1.5241088,-1.8347337,0.22693644,327.48138,78.49524,-6.567865,WAL
1860067327000,72.549939,-1.54492940464902,-1.78529211517857,-3.81446633131158,-1.7455474,-2.0289888,0.33292156,326.9388,78.94692,-6.457597,WAL
1860072275000,72.554887,-1.76269710457653,-1.3164736216673,-4.25003423214014,-1.9614882,-2.2708917,0.44104472,326.35187,79.4204,-6.453145,WAL
1860077299000,72.559911,-1.90431599405621,-1.19312812497152,-4.66118590369351,-2.1450534,-2.5170703,0.5375614,325.7057,79.90368,-6.4690323,WAL
1860082341000,72.564953,-2.03768064898335,-1.10962382139573,-5.10272642939614,-2.2568417,-2.6251934,0.62980205,325.0562,80.37701,-6.50126,WAL
1860087317000,72.569929,-2.13019418473485,-1.20700638357004,-5.66754564590784,-2.2821925,-2.7617218,0.68966687,324.32892,80.83183,-6.5367937,WAL
1860092330000,72.574942,-2.20368450572519,-1.40861749995229,-6.16094783945611,-2.2794437,-2.7867672,0.8142834,323.58597,81.24953,-6.6530066,WAL
1860097359000,72.579971,-2.20828009038168,-1.97387484458015,-6.39072731221374,-2.2369885,-2.6728408,0.9315695,322.84723,81.60429,-6.778814,WAL
1860102291000,72.584903,-2.19069505793761,-2.56330567365388,-6.59734854051262,-2.1569653,-2.4419339,1.0351112,322.11716,81.89474,-6.958097,WAL
1860107313000,72.589925,-2.00913339378104,-3.42333474830121,-6.6690177090602,-2.019215,-2.2403483,1.1108584,321.4156,82.07653,-7.158119,WAL
1860112310000,72.594922,-1.83132526262369,-4.32311287067699,-6.74537288647007,-1.8310685,-2.0564778,1.1914927,320.7538,82.15263,-7.391646,WAL
1860117317000,72.599929,-1.6762957982463,-5.58213962564906,-6.8628192898501,-1.6108516,-1.7684549,1.3072516,320.18503,82.10916,-7.6529984,WAL
1860122338000,72.60495,-1.52298145364335,-6.86540792791128,-6.93744279422123,-1.3319917,-1.4327844,1.4165965,319.64954,81.955185,-7.952552,WAL
1860127295000,72.609907,-1.39828548799494,-8.38947010536044,-6.47560572544995,-1.0033462,-1.1187997,1.4789047,319.19824,81.712036,-8.267492,WAL
1860132612000,72.615224,-1.26673692064428,-10.0277727019056,-5.98283178461887,-0.7156286,-0.84696466,1.5158621,318.80676,98.58113,-8.581086,WAL
1860137322000,72.619934,-1.17668714868421,-11.5217808552632,-5.57760770394737,-0.5143485,-0.5757405,1.5460999,318.51346,98.92252,-8.903991,WAL
1860143584000,72.626196,-1.04599331021299,-13.4794441095065,-5.01692621899221,-0.42394048,-0.2724459,1.5482379,318.2927,99.24751,-9.190721,WAL
1860147367000,72.629979,-0.842734154805195,-14.3376493974026,-4.42973324311688,-0.41386122,0.015577064,1.4862351,318.15085,99.567986,-9.458801,WAL
1860152379000,72.634991,-0.57344129545974,-15.4746636461299,-3.65177627904416,-0.52503866,0.23854288,1.3976597,318.05292,99.83119,-9.6654,WAL
1860157313000,72.639925,-0.0233799173758515,-15.4865424620397,-3.30044998306842,-0.70432764,0.44593164,1.2935071,318.03525,100.0794,-9.842046,WAL
1860162312000,72.644924,0.567429382564913,-15.3683806908876,-2.99322913130615,-0.9275989,0.6630942,1.1679744,318.08484,100.31212,-9.979879,WAL
1860167322000,72.649934,1.15134863436073,-14.7702786472603,-2.90691073744292,-1.1166617,0.8854492,1.0341948,318.1553,100.43982,-10.017461,WAL
1860172266000,72.654878,1.72624322414902,-14.1020243957036,-2.85777447841428,-1.2770138,1.133155,0.8671232,318.2925,100.54899,-10.006903,WAL
1860177294000,72.659906,1.91715385747038,-13.4117858265581,-2.21222123509296,-1.4196508,1.2412782,0.67011917,318.38208,100.54098,-9.864865,WAL
1860182314000,72.664926,2.07461173551681,-12.7217505341971,-1.51755449585782,-1.5586227,1.2873985,0.55924714,318.52005,100.54657,-9.703678,WAL
1860187318000,72.66993,2.00040233939279,-12.1802837519625,-0.591622630956209,-1.6300939,1.0735956,0.33169982,318.52145,100.41192,-9.386267,WAL
1860192311000,72.674923,1.88733835018443,-11.6647124655254,0.371682072580157,-1.7663169,0.600786,0.108123146,318.4521,100.304955,-9.0560665,WAL
1860197331000,72.679943,1.73425056329114,-11.1813466329114,0.887976089493671,-1.8799378,0.050396383,-0.10598512,318.3426,100.222664,-8.73295,WAL
1860202255000,72.684867,1.57058059330339,-10.719219481421,1.23938510544712,-1.9184223,-0.47616947,-0.30940324,318.09705,100.12589,-8.369901,WAL
1860207318000,72.68993,1.19968851607829,-10.4414076224175,1.38608312881479,-1.8964312,-0.91690874,-0.50671273,317.7695,100.00977,-8.020162,WAL
1860212322000,72.694934,0.774136784668358,-10.2242890682312,1.46858800710402,-1.7699821,-1.2895365,-0.68233645,317.309,99.86227,-7.6392407,WAL
1860217321000,72.699933,0.202650173622622,-10.0585735462211,1.3391782637018,-1.6102408,-1.6056592,-0.8353582,316.7584,99.72435,-7.28504,WAL
1860222312000,72.704924,-0.475612274288946,-9.93078547053985,1.05411146089974,-1.4223998,-1.78617,-0.91751957,316.1429,99.55243,-6.914388,WAL
1860227305000,72.709917,-1.09623858434009,-9.72498883186484,0.677942911000091,-1.2351695,-1.8139644,-0.9242391,315.48346,99.38891,-6.6053553,WAL
1860232357000,72.714969,-1.6895325876828,-9.47009205104914,0.242860646471069,-1.0384709,-1.720502,-0.8900307,314.8143,99.18868,-6.290861,WAL
1860237320000,72.719932,-2.23673880112487,-9.11177746522188,-0.127077998059856,-0.8750645,-1.5525141,-0.799928,314.11182,99.02879,-6.080164,WAL
1860242329000,72.724941,-2.74168854402477,-8.60682787739938,-0.42410725250774,-0.7287622,-1.3738359,-0.659429,313.45554,98.85521,-5.892367,WAL
1860247332000,72.729944,-3.0818334408284,-8.09328039349112,-0.644451089349112,-0.6588182,-1.2311989,-0.4810564,312.86722,98.80763,-5.8313417,WAL
1860252414000,72.735026,-3.25561710220363,-7.56199882258723,-0.788443197775964,-0.63713247,-1.1285735,-0.25473082,312.33453,98.77727,-5.8189454,WAL
1860257313000,72.739925,-3.32773510072971,-7.21639338998126,-1.04959100153831,-0.65576386,-1.0122037,-0.021991149,311.90958,98.88019,-5.9292073,WAL
1860262309000,72.744921,-3.31829901103441,-7.00879936741939,-1.42231679082931,-0.6948592,-0.83077675,0.18234327,311.54333,99.019424,-6.0882134,WAL
1860267287000,72.749899,-3.19761700618516,-6.94274157568835,-1.78639065667398,-0.7452556,-0.5864306,0.32070425,311.25317,99.24504,-6.3188868,WAL
1860272278000,72.75489,-2.96396830031923,-7.01903491584198,-2.14401617098962,-0.7800749,-0.36651915,0.43279803,311.0163,99.50781,-6.5915885,WAL
1860277286000,72.759898,-2.58901851383673,-7.13005270385452,-2.29931385538644,-0.79290307,-0.29352075,0.52687126,310.80664,99.84743,-6.896402,WAL
1860282285000,72.764897,-2.06854109229097,-7.27673279070963,-2.24253454342755,-0.7965683,-0.21013765,0.5656612,310.6657,100.19934,-7.20571,WAL
1860287278000,72.76989,-1.5814765530892,-7.43568861752668,-2.08791926008029,-0.799928,-0.24190263,0.6072,310.4926,100.584915,-7.50838,WAL
1860292286000,72.774898,-1.13065676575933,-7.6094421410751,-1.82024501901498,-0.7828238,-0.35185838,0.6261369,310.32233,100.9644,-7.811011,WAL
1860297292000,72.779904,-0.760681336366622,-7.82850041287078,-1.61827789219953,-0.7703011,-0.4999932,0.6081163,310.08325,101.27723,-8.043229,WAL
1860302203000,72.784815,-0.504838176750487,-8.10365220507031,-1.50725163935133,-0.7672467,-0.64751714,0.5580254,309.8142,101.57909,-8.270456,WAL
1860307215000,72.789827,-0.333107651224225,-8.33003386363184,-1.50771989457117,-0.763887,-0.7519751,0.5140431,309.43927,101.78014,-8.43687,WAL
1860312228000,72.79484,-0.266156811608726,-8.4926290380516,-1.64162152386692,-0.75900006,-0.81092364,0.46120325,309.03973,101.962654,-8.584029,WAL
1860317195000,72.799807,-0.370026040694554,-8.5978108504341,-1.83106730797159,-0.7779369,-0.8268061,0.42119157,308.61362,102.09261,-8.678807,WAL
1860322230000,72.804842,-0.684002818851618,-8.63586866490726,-2.09271463966062,-0.8038987,-0.80970186,0.37232238,308.1856,102.207214,-8.75214,WAL
1860327212000,72.809824,-0.971982367526764,-8.63504646792936,-2.23164486185378,-0.8555168,-0.77396625,0.3277292,307.7634,102.32484,-8.796346,WAL
1860332238000,72.81485,-1.2318276712325,-8.58219666840516,-2.20962409289047,-0.92179567,-0.7281514,0.31031954,307.3549,102.44427,-8.829786,WAL
1860337196000,72.819808,-1.48119240211463,-8.50670820706153,-2.16487978191561,-0.9923506,-0.68386364,0.29749137,306.93976,102.64487,-8.916959,WAL
1860342256000,72.824868,-1.71302973040857,-8.35369537575352,-2.04432434989953,-1.0769554,-0.65484756,0.30879238,306.53995,102.859055,-8.999976,WAL
1860347242000,72.829854,-1.93750921124964,-8.20628859801875,-1.93039252749589,-1.1624765,-0.6420194,0.34147367,306.1945,103.1207,-9.120402,WAL
1860352270000,72.834882,-2.14227345433459,-8.07598399575723,-1.84197154912535,-1.2479976,-0.6542367,0.38789943,305.85468,103.399574,-9.243434,WAL
1860357256000,72.839868,-2.3296876441162,-7.94907298362383,-1.74993482044313,-1.3176364,-0.6585127,0.4297437,305.54333,103.72294,-9.420115,WAL
1860362276000,72.844888,-2.35809278641064,-7.84492130602659,-1.61264367834564,-1.3671165,-0.64873886,0.46883908,305.2371,104.06149,-9.6038685,WAL
1860367347000,72.849959,-2.39094518798349,-7.75465942416739,-1.48264939120837,-1.4016303,-0.677755,0.51068336,304.93567,104.4371,-9.839555,WAL
1860372297000,72.854909,-2.47284291185334,-7.84565680539399,-1.4599000102697,-1.4089607,-0.70096785,0.5681047,304.64346,104.819916,-10.0841255,WAL
1860377594000,72.860206,-2.55872834155177,-7.94911648653608,-1.43174033811924,-1.4107933,-0.7162395,0.61178154,304.35077,105.2017,-10.344896,WAL
1860382304000,72.864916,-2.59732884492726,-8.17214141313112,-1.32451692165066,-1.3811663,-0.7171558,0.63224554,304.0595,105.57647,-10.609264,WAL
1860387213000,72.869825,-2.63756024005895,-8.40458926125321,-1.21276325892365,-1.3662001,-0.74067414,0.6743952,303.7602,105.96634,-10.905247,WAL
1860392314000,72.874926,-2.6755588556183,-8.78099410222052,-1.01507461810873,-1.3313808,-0.7837401,0.7165449,303.45837,106.3412,-11.201122,WAL
1860397264000,72.879876,-2.7118567868013,-9.16666012442573,-0.810898299196018,-1.2660183,-0.8164214,0.75808376,303.1576,106.70613,-11.502141,WAL
1860402274000,72.884886,-2.72339775348083,-9.54872354997139,-0.612003229544154,-1.2336423,-0.8707884,0.77579886,302.8266,107.049164,-11.814522,WAL
1860407305000,72.889917,-2.72799263112722,-9.93009071810032,-0.414427501731833,-1.1924089,-0.9437868,0.7831292,302.48608,107.374886,-12.130119,WAL
1860412361000,72.894973,-2.69563233050085,-10.2519922069379,-0.256444545838648,-1.1395692,-1.0054842,0.79443026,302.11835,107.65174,-12.451062,WAL
1860417320000,72.899932,-2.64815522243327,-10.5416031610517,-0.118760830317905,-1.094976,-1.0906999,0.7965683,301.72778,107.91501,-12.767489,WAL
1860422347000,72.904959,-2.56710370262272,-10.8032030939232,-0.0732885429513064,-1.0158689,-1.146594,0.784351,301.30298,108.11318,-13.074499,WAL
1860427352000,72.909964,-2.47222650730404,-11.049883118171,-0.0685446886342043,-0.92485,-1.1951579,0.77366084,300.86407,108.29714,-13.376085,WAL
1860432401000,72.915013,-2.29927183000802,-11.2743842937638,-0.176638985070182,-0.83291477,-1.2412782,0.7693848,300.40643,108.43732,-13.66444,WAL
1860437325000,72.919937,-2.09597159992982,-11.4824126795669,-0.332660081885903,-0.7141015,-1.2541064,0.75961095,299.95203,108.55055,-13.938369,WAL
1860442417000,72.925029,-1.83860239689784,-11.5716252547329,-0.581037515748828,-0.5830709,-1.2287555,0.7458665,299.50488,108.6424,-14.196534,WAL
1860447449000,72.930061,-1.56309917073102,-11.6032405514527,-0.865573695962512,-0.45906523,-1.1279627,0.72173727,299.08167,108.70985,-14.435735,WAL
1860452356000,72.934968,-1.21807319716142,-11.5848495147426,-1.16670966631684,-0.33200526,-1.0030408,0.68386364,298.67654,108.7494,-14.631757,WAL
1860457470000,72.940082,-0.797091850476762,-11.5261077748126,-1.49957857178411,-0.20280726,-0.8350528,0.65026605,298.31744,108.76366,-14.806664,WAL
1860462342000,72.944954,-0.376094412985654,-11.3952509707537,-1.75248046411984,-0.09315695,-0.6591236,0.63529986,297.9923,108.76769,-14.931959,WAL
1860467381000,72.949993,0.0752322346825712,-11.2001861167472,-1.96284463591186,0.002443461,-0.4990769,0.6209445,297.71344,108.74597,-15.035198,WAL
1860472582000,72.955194,0.580771560726461,-10.9915915071843,-2.16915320683623,0.08002335,-0.3387248,0.6065892,297.4839,108.705986,-15.072084,WAL
1860477349000,72.959961,1.51378843880946,-10.7145384022311,-2.23026776348951,0.11759156,-0.26847526,0.5714644,297.27484,108.649574,-15.093631,WAL
1860482330000,72.964942,2.4886902784846,-10.425047838822,-2.29412587271754,0.11301007,-0.15332718,0.54061574,297.1284,108.56935,-15.033833,WAL
1860487286000,72.969898,2.73320176141548,-10.6947593788263,-2.11637246281926,0.071776666,-0.058948494,0.45204028,296.99237,108.4681,-14.945436,WAL
1860492372000,72.974984,2.77593606081107,-11.1315990820823,-1.86471482277247,-0.047647487,0.0033597588,0.32925636,296.87796,108.36652,-14.83486,WAL
1860497333000,72.979945,2.44490195222309,-11.5509246801872,-1.45849091651716,-0.17745635,0.027183503,0.18203785,296.78366,108.1645,-14.552041,WAL
1860502285000,72.984897,1.98249610869735,-11.9670896786271,-0.996085024707488,-0.30024028,0.0030543262,0.03359759,296.6882,107.95679,-14.235962,WAL
1860507311000,72.989923,1.47083972542086,-12.2309832048013,-0.707174534854069,-0.376293,-0.10751228,-0.0729984,296.566,107.703545,-13.885299,WAL
1860512311000,72.994923,0.941391772437494,-12.4170059660325,-0.506842878314573,-0.39492437,-0.23335053,-0.113926366,296.43008,107.44996,-13.518773,WAL
1860517355000,72.999967,0.573905572498745,-12.6154274288726,-0.62625547144865,-0.36041048,-0.29626966,-0.10873401,296.27142,107.18571,-13.212038,WAL
1860522333000,73.004945,0.291531603451461,-12.8164392287923,-0.899057467633772,-0.2864958,-0.28038713,-0.081855945,296.1007,106.91956,-12.908148,WAL
1860527324000,73.009936,0.207534654683182,-13.0830891080734,-1.1790625740229,-0.17592919,-0.17012598,-0.063224554,295.92834,106.678276,-12.690235,WAL
1860532384000,73.014996,0.217100117237465,-13.3844013208646,-1.46602650059218,-0.03481932,0.0009162979,-0.05955936,295.78125,106.42543,-12.47588,WAL
1860537357000,73.019969,0.248121406292014,-13.7441227061245,-1.5362596155316,0.11636983,0.19547687,-0.062002823,295.66,106.2097,-12.304626,WAL
1860542407000,73.025019,0.29077362711514,-14.1422101730524,-1.49834651166095,0.27275133,0.39461896,-0.06536258,295.59137,105.972626,-12.129089,WAL
1860547419000,73.030031,0.339384611489994,-14.5759573007727,-1.28684423855756,0.44715336,0.56199604,-0.08827003,295.5647,105.72398,-11.937339,WAL
1860552408000,73.03502,0.391451731218546,-15.0303615890628,-0.974441500416089,0.6261369,0.6969972,-0.14110987,295.58527,105.44426,-11.733024,WAL
1860557351000,73.039963,0.4007111148012,-15.451984191158,-0.702599643757376,0.8032878,0.7837401,-0.1966986,295.6319,105.11303,-11.50932,WAL
1860562377000,73.044989,0.382085586338396,-15.8617454089194,-0.451154965750218,0.9621128,0.82711154,-0.2510656,295.7033,104.7497,-11.273693,WAL
1860567353000,73.049965,0.316583536329268,-16.2162897957317,-0.218777482273171,1.1102476,0.8381071,-0.31398472,295.78357,104.30249,-11.010054,WAL
1860572352000,73.054964,0.209547153172764,-16.5276680564024,0.000160583143089449,1.2479976,0.81336707,-0.408058,295.864,103.822876,-10.7307005,WAL
1860577331000,73.059943,0.149566940622961,-16.5736194307327,0.199030527658262,1.4001031,0.7849618,-0.4578435,295.93872,103.29428,-10.4543,WAL
1860582406000,73.065018,0.125537324979729,-16.4102182812222,0.386461501573025,1.4737124,0.71593404,-0.5766568,295.99097,102.73711,-10.144234,WAL
1860587347000,73.069959,0.175366698867777,-15.9300283014713,0.519634381329046,1.6410894,0.6249151,-0.7021896,296.02008,102.13516,-9.845614,WAL
1860592395000,73.075007,0.288418368095099,-15.1669298686544,0.6138441286388,1.8371773,0.5186246,-0.8179486,296.02612,101.51588,-9.528693,WAL
1860597364000,73.079976,0.310295842963905,-14.3890451536731,0.628628447833317,2.0790799,0.40500367,-0.906524,296.00128,100.86271,-9.207107,WAL
1860602362000,73.084974,0.24006467835469,-13.5790455034726,0.5630793576054,2.3768766,0.3032946,-0.97585726,295.9536,100.18324,-8.869995,WAL
1860607341000,73.089953,0.0380041188434112,-12.8655244756276,0.392520935308391,2.7070494,0.23487769,-1.0485502,295.88992,99.48147,-8.515012,WAL
1860612358000,73.09497,-0.332778371298232,-12.2647631073557,0.0874467249061248,3.041498,0.23579398,-1.1316279,295.82434,98.77734,-8.146196,WAL
1860617346000,73.099958,-0.792197545460142,-11.8108262554632,-0.280116925813891,3.349374,0.3182608,-1.2299771,295.7647,98.124596,-7.7892594,WAL
1860622350000,73.104962,-1.39202574712219,-11.5748281280394,-0.747196269872987,3.5983016,0.47678033,-1.3267993,295.7378,97.52837,-7.416334,WAL
1860627306000,73.109918,-2.0137817263116,-11.4401120971628,-1.21625254569438,3.735441,0.70096785,-1.4123205,295.74875,97.11488,-7.1090865,WAL
1860632413000,73.115025,-2.69056782314584,-11.430374479343,-1.70801800637133,3.7916405,0.9492846,-1.4782939,295.82608,83.17006,-6.789434,WAL
1860637292000,73.119904,-3.32165653553948,-11.4938148223521,-2.17483373504409,3.7476583,1.2253957,-1.4941764,295.9496,83.17292,-6.612939,WAL
1860642430000,73.125042,-3.96518617396215,-11.6595722104429,-2.66235617142574,3.6404514,1.5131133,-1.4844025,296.16364,83.048706,-6.4381347,WAL
1860647319000,73.129931,-4.56710244707975,-11.83079288319,-2.9246456008993,3.4639113,1.7366899,-1.4517213,296.39496,82.684525,-6.4660583,WAL
1860652432000,73.135044,-5.18165988378298,-12.0291933513193,-2.91012845034094,3.2641585,1.7635679,-1.4068227,296.66736,82.27424,-6.5071197,WAL
1860657246000,73.139858,-5.73106341451904,-12.2471807763745,-2.8337135824803,3.0836477,1.63437,-1.3671165,296.8535,81.686584,-6.7944765,WAL
1860662362000,73.144974,-6.26609533578008,-12.5309800793847,-2.64761554825753,2.9339857,1.3869696,-1.3445144,297.03195,81.124916,-7.0755982,WAL
1860667251000,73.149863,-6.77601375203373,-12.805525421627,-2.43563935813492,2.796541,1.0641272,-1.3423764,297.07962,80.42397,-7.552189,WAL
1860672350000,73.154962,-7.30405956535714,-13.1010377642857,-2.12074960142857,2.6487117,0.88331115,-1.3607023,297.1239,79.78073,-7.9956355,WAL
1860677291000,73.159903,-7.78716012398435,-13.324298587421,-1.82600277117063,2.5033257,0.47342056,-1.3881912,297.08075,79.156006,-8.411396,WAL
1860682331000,73.164943,-8.19870653385495,-13.3727157526332,-1.55486649431237,2.4361305,0.017104227,-1.461495,296.9926,78.583046,-8.774513,WAL
1860687297000,73.169909,-8.40100281903049,-13.4260238679737,-1.61072952598255,2.2944098,-0.38912117,-1.5625933,296.85895,78.036606,-9.10657,WAL
1860692381000,73.174993,-8.04631547175106,-13.4960855853944,-2.56094096837845,2.165212,-0.4859433,-1.738828,296.70633,77.554596,-9.368558,WAL
1860697378000,73.17999,-7.67036519707016,-13.511656612953,-3.4330230689283,1.9449949,-0.19181168,-1.8964312,296.61124,77.11487,-9.60326,WAL
1860702329000,73.184941,-6.87981422435428,-12.7119660923284,-3.35076918953354,1.6157386,0.11453723,-1.8909334,296.50568,76.74021,-9.815393,WAL
1860707649000,73.190261,-6.00646431312825,-11.8473288661179,-3.27609519939341,1.280679,0.22052236,-1.7895297,296.36627,76.542366,-9.996142,WAL
1860712319000,73.194931,-4.70040877196707,-10.9675822066724,-3.52025404948007,1.1169671,0.24129178,-1.6417004,296.29324,76.37619,-10.183871,WAL
1860717335000,73.199947,-3.29758765966205,-10.0226551737435,-3.78250261308492,1.0903945,0.42821655,-1.4590516,296.26147,76.248146,-10.365861,WAL
1860722323000,73.204935,-2.41327113212964,-9.7619685516655,-3.4667236306792,1.1863003,0.88086766,-1.2837334,296.30847,76.106346,-10.586494,WAL
1860727295000,73.209907,-1.78455275497649,-9.83817687296189,-2.86658343618085,1.395827,1.3594806,-1.162782,296.41248,75.92944,-10.83805,WAL
1860732291000,73.214903,-1.21329037844462,-9.8796460290652,-2.32058140102121,1.6380352,1.6475036,-1.1417072,296.56308,75.907845,-10.904881,WAL
1860737300000,73.219912,-0.671599893858994,-9.90319777258444,-1.80244265011783,1.863139,1.8216002,-1.1829406,296.8128,75.841675,-11.000646,WAL
1860742343000,73.224955,-0.348284128319378,-9.97396007391938,-1.02761226981059,2.1352794,1.9761491,-1.2137892,297.2031,75.82313,-10.918018,WAL
1860747326000,73.229938,-0.158233589623118,-10.0713030636231,-0.114442597668771,2.3322835,2.0567832,-1.251052,297.62018,75.78305,-10.832415,WAL
1860752318000,73.23493,0.112502364339068,-10.1360311145615,0.630172365841376,2.3655756,1.9856175,-1.2947289,298.07117,75.77322,-10.619433,WAL
1860757312000,73.239924,0.443655727167016,-10.1761706777172,1.24732179060008,2.262034,1.72264,-1.3130548,298.48776,75.742294,-10.406968,WAL
1860762303000,73.244915,0.744965212838634,-10.1369076912544,1.32519204513153,2.0674734,1.432479,-1.2696834,298.90808,75.640114,-10.161966,WAL
1860767326000,73.249938,1.0329866360424,-10.0566395300353,1.12688224994111,1.8555032,1.2727377,-1.2104294,299.28894,75.54551,-9.919757,WAL
1860772315000,73.254927,1.15465747508269,-9.83469312629047,0.635963550947178,1.6789632,1.2202033,-1.16492,299.63907,75.44321,-9.619764,WAL
1860777341000,73.259953,1.17877950441014,-9.52593164458254,-0.0346279676656309,1.6157386,1.1823297,-1.1355985,299.94516,75.335,-9.332957,WAL
1860782379000,73.264991,0.997186431865585,-9.15228673348783,-1.13127277427578,1.5537357,1.2406673,-1.0607675,300.25446,75.2938,-9.030605,WAL
1860787350000,73.269962,0.702979793713789,-8.74775264803013,-2.45060550298378,1.5552629,1.3756685,-0.97585726,300.57175,75.23127,-8.749731,WAL
1860792330000,73.274942,0.326063028291472,-8.38683738612131,-3.34697468914921,1.5861117,1.6960673,-0.87598073,300.9387,75.23163,-8.511665,WAL
1860797455000,73.280067,-0.12708354944108,-8.05063189123399,-3.93168010337536,1.6597209,2.0576997,-0.74281216,301.34628,75.19429,-8.323948,WAL
1860802361000,73.284973,-0.478964665462293,-7.76065187557229,-4.26746457040927,1.7470746,2.3090706,-0.6444628,301.76843,75.2654,-8.242413,WAL
1860807356000,73.289968,-0.772874227428402,-7.49044469987117,-4.43338113566544,1.7935003,2.4984388,-0.5681047,302.26352,75.30961,-8.212125,WAL
1860812347000,73.294959,-0.979934441537555,-7.27188230986745,-4.60335809013255,1.81091,2.620001,-0.5180137,302.76666,75.321945,-8.350194,WAL
1860817357000,73.299969,-1.11183770186156,-7.09758153225331,-4.77765886774669,1.8020525,2.7058277,-0.4990769,303.30322,75.32068,-8.505316,WAL
1860822345000,73.304957,-1.20174279964891,-6.9697701002909,-4.78649270207644,1.7718146,2.8075366,-0.49754974,303.84225,75.26434,-8.790963,WAL
1860827329000,73.309941,-1.24962199635871,-6.88837556587421,-4.62849105296419,1.7550159,2.828917,-0.49296826,304.3728,75.20008,-9.069835,WAL
1860832429000,73.315041,-1.29358570064038,-6.71577561196718,-4.30557080612367,1.733941,2.8096747,-0.50579643,304.91467,75.146965,-9.367159,WAL
1860837357000,73.319969,-1.33136399321593,-6.46549445447268,-3.84278712887733,1.7284433,2.7629435,-0.5177083,305.44424,75.089035,-9.649487,WAL
1860842364000,73.324976,-1.39753824551912,-6.1722561441082,-3.34608895931692,1.6911805,2.6887233,-0.5687156,305.9798,75.03762,-9.886541,WAL
1860847448000,73.33006,-1.49229060912718,-5.83588550559502,-2.81547583194512,1.6001616,2.5928175,-0.61850107,306.48618,74.99845,-10.104497,WAL
1860852416000,73.335028,-1.56373955895101,-5.48490418578921,-2.28193265600198,1.4727961,2.4923303,-0.6646214,307.00674,74.92814,-10.283391,WAL
1860857356000,73.339968,-1.61055731511133,-5.11036140320633,-1.73416404363187,1.3518448,2.4037547,-0.70921457,307.4959,74.88371,-10.436938,WAL
1860862322000,73.344934,-1.65983337982614,-4.72018872661871,-1.15299192106115,1.2021828,2.2843306,-0.7443393,308.0084,74.82021,-10.554781,WAL
1860867357000,73.349969,-1.71283213796962,-4.30583479016787,-0.521824998369304,1.022283,2.187203,-0.7657196,308.49396,74.79193,-10.657917,WAL
1860872287000,73.354899,-1.77611413472564,-3.94929627251502,0.0632940900305388,0.8396343,2.127949,-0.7703011,309.03406,74.752106,-10.712106,WAL
1860877322000,73.359934,-1.85686747951926,-3.65478428684859,0.614316618347946,0.73792523,2.012801,-0.7715228,309.5232,74.73265,-10.75512,WAL
1860882292000,73.364904,-1.96477788012833,-3.4505712760377,1.06240336152998,0.5222898,1.8918496,-0.7528914,310.04712,74.68311,-10.802842,WAL
1860887351000,73.369963,-2.12021902813315,-3.38256586888911,1.36357066821235,0.31795537,1.8044959,-0.7247916,310.54074,74.64592,-10.852296,WAL
1860892294000,73.374906,-2.25941668138494,-3.35682083872787,1.59992664964015,0.12858713,1.7299703,-0.6951646,311.01428,74.53012,-10.952048,WAL
1860897448000,73.38006,-2.38422994948454,-3.3952248556701,1.75354296804124,-0.033292156,1.6728544,-0.65057147,311.45993,74.43695,-11.062467,WAL
1860902304000,73.384916,-2.4659800847199,-3.45842657233435,1.8530644847199,-0.1957823,1.6154331,-0.60903263,311.89944,74.311646,-11.206016,WAL
1860907353000,73.389965,-2.48026184012011,-3.57744130008861,1.86734624012011,-0.33169982,1.5491543,-0.5589417,312.3126,74.19859,-11.361106,WAL
1860912282000,73.394894,-2.48430479054628,-3.68666477684481,1.85439444739702,-0.46731192,1.4987578,-0.5170974,312.75275,74.10196,-11.51447,WAL
1860917354000,73.399966,-2.46511145671244,-3.78263154622148,1.77762106195792,-0.58184916,1.4407257,-0.49418998,313.16522,74.01669,-11.672103,WAL
1860922287000,73.404899,-2.41848055952913,-3.85479224113158,1.68081156443328,-0.6966918,1.3625349,-0.47036624,313.58084,73.973114,-11.806513,WAL
1860927326000,73.409938,-2.29723052469756,-3.87275520230784,1.52363556035734,-0.795652,1.2889256,-0.45234573,313.97488,73.93897,-11.942214,WAL
1860932376000,73.414988,-2.16748483164532,-3.88749160144115,1.36580103310649,-0.8958339,1.2021828,-0.4474588,314.3662,73.96616,-12.038504,WAL
1860937359000,73.419971,-1.99077489492594,-3.882715661249,1.20819490702562,-0.99265605,1.1117748,-0.44012842,314.7283,73.999435,-12.135969,WAL
1860942367000,73.424979,-1.81819463011211,-3.88682770223236,1.05136505492608,-1.0699304,1.0231993,-0.43860126,315.0823,74.11007,-12.175835,WAL
1860947460000,73.430072,-1.67301750037702,-3.94489851370176,0.901348690901875,-1.1502593,0.9468411,-0.4352415,315.4069,74.22796,-12.214466,WAL
1860952350000,73.434962,-1.53969835952124,-3.99529005015207,0.769849226694791,-1.2403619,0.88056225,-0.44593164,315.71912,74.42512,-12.196503,WAL
1860957346000,73.439958,-1.44581879947022,-4.00937197680761,0.722909422162268,-1.3063353,0.79168135,-0.44012842,315.99527,74.6177,-12.179932,WAL
1860962331000,73.444943,-1.36343734855187,-4.0226511049395,0.686622488067844,-1.3839152,0.68416905,-0.4428773,316.25803,74.88927,-12.108461,WAL
1860967356000,73.449968,-1.40639621410434,-4.02742430668518,0.767766967585797,-1.4517213,0.5647449,-0.43676865,316.48438,75.15575,-12.0375395,WAL
1860972378000,73.45499,-1.46119014188482,-4.03534541832461,0.85679829895288,-1.5234979,0.50518554,-0.42271876,316.70575,75.46074,-11.934779,WAL
1860977344000,73.459956,-1.65946546781074,-4.08145588869498,1.0412405174714,-1.5613716,0.3820962,-0.41416663,316.86786,75.75954,-11.825779,WAL
1860982564000,73.465176,-1.87105940126911,-4.1335848255721,1.24042571391026,-1.640784,0.2452624,-0.3943135,317.03452,76.061874,-11.712841,WAL
1860987347000,73.469959,-2.12281550034976,-4.24801954641751,1.51964604084141,-1.7171422,0.10262536,-0.37018433,317.1574,76.354454,-11.600563,WAL
1860992730000,73.475342,-2.40573940151916,-4.40656551710281,1.84610293518573,-1.8084666,-0.020463986,-0.32498032,317.29364,76.61294,-11.508501,WAL
1860997454000,73.480066,-2.64961332028815,-4.8632748735666,2.26290567312555,-1.9043725,-0.12308934,-0.2510656,317.38733,76.85815,-11.4294,WAL
1861002728000,73.48534,-2.91771067058331,-5.38760466787608,2.7302291862964,-2.0005836,-0.21930063,-0.16615535,317.4966,77.04163,-11.394172,WAL
1861007350000,73.489962,-3.06183937076007,-6.16178214299005,3.18320526699228,-2.0320432,-0.2489276,-0.031154128,317.58795,77.187355,-11.394072,WAL
1861012336000,73.494948,-3.21731875178156,-6.99692902549074,3.67185492911899,-2.012801,-0.25228736,0.13500121,317.69012,77.23055,-11.480565,WAL
1861017353000,73.499965,-3.10687886227164,-8.34485219618745,4.42706334789515,-1.9110919,-0.2098322,0.3136793,317.79123,77.22209,-11.607384,WAL
1861022253000,73.504865,-2.93915169686259,-9.77519245631454,5.22376773629865,-1.7046194,-0.080634214,0.4474588,317.9121,77.161835,-11.767704,WAL
1861027326000,73.509938,-2.26313924888492,-11.9569491477847,6.40272603535534,-1.3283265,0.032375857,0.5546656,318.0636,76.98795,-11.98919,WAL
1861032297000,73.514909,-1.46568989161463,-14.2832362313411,7.65316420987214,-0.79351395,0.12492194,0.5510005,318.243,76.77172,-12.213753,WAL
1861037354000,73.519966,-0.388213585535466,-15.7327756328234,8.69626010472879,-0.20219639,0.16065755,0.43310347,318.43442,76.51876,-12.400674,WAL
1861042285000,73.524897,0.737712858782038,-16.8868505627856,9.64860653144248,0.3830125,0.2837469,0.19822577,318.67313,76.2477,-12.54959,WAL
1861047404000,73.530016,2.16179503952912,-17.6460912065262,9.71725106856671,0.89858276,0.52626044,-0.14477506,318.90228,76.08392,-12.477609,WAL
1861052254000,73.534866,3.5863005894052,-18.2360373135068,9.51100937608426,1.2950343,0.90010995,-0.41691554,319.19965,75.89516,-12.3642845,WAL
1861057350000,73.539962,4.58783615524125,-18.5972918715017,8.91116738689939,1.5696182,1.2666291,-0.5323691,319.49536,75.800186,-12.041504,WAL
1861062271000,73.544883,5.44822322263015,-18.8903912518808,8.24933114324406,1.7009543,1.4559973,-0.5030475,319.84918,75.65535,-11.70264,WAL
1861067364000,73.549976,3.71757432983294,-15.3937771211217,7.24041444706643,1.6749926,1.5008959,-0.46639562,320.19818,75.68699,-11.157188,WAL
1861072271000,73.554883,1.52118473412888,-11.2580222565632,6.20297075881066,1.5033394,1.5476271,-0.43982297,320.60803,75.65741,-10.651042,WAL
1861077346000,73.559958,0.266339750851881,-8.57115741225133,5.49351721233012,1.3927728,1.5653422,-0.37507126,320.9887,75.71537,-10.0712,WAL
1861082350000,73.564962,-0.743644589959622,-6.27745470277723,4.87525591179831,1.1453724,1.559539,-0.33414328,321.38412,75.77937,-9.521926,WAL
1861087351000,73.569963,-1.46037582272371,-4.72501134924613,4.26025952134325,0.8756753,1.5485435,-0.2968805,321.8738,75.56236,-9.35013,WAL
1861092336000,73.574948,-2.10071578862835,-3.3648730358038,3.64796354802232,0.59437186,1.5222762,-0.23640485,322.35123,75.38012,-9.198939,WAL
1861097364000,73.579976,-2.71429928193851,-2.70871915177153,3.22229217113622,0.2968805,1.4575244,-0.14569137,322.8368,75.13039,-9.237387,WAL
1861102334000,73.584946,-3.31034872034209,-2.29196916795968,2.86369331255345,0.019547688,1.3454307,-0.015882496,323.29315,74.91913,-9.301573,WAL
1861107347000,73.589959,-3.81319464275049,-2.47007864860511,2.64943016644401,-0.23976462,1.1456778,0.13744467,323.715,74.70275,-9.499439,WAL
1861112351000,73.594963,-4.28865201304519,-2.80901859166994,2.47525277284872,-0.51893,0.8686504,0.30634892,324.07263,74.523674,-9.728709,WAL
1861117362000,73.599974,-4.57185363918414,-3.71787006320023,2.39087828586613,-0.82802784,0.50579643,0.48258355,324.36462,74.34896,-10.068234,WAL
1861122344000,73.604956,-4.7911546670497,-4.80523714685435,2.33605295733984,-1.1829406,0.014966198,0.63071835,324.5324,74.20981,-10.424479,WAL
1861127309000,73.609921,-4.91501926445945,-6.25587991382905,2.10195640839869,-1.5436565,-0.6392705,0.70371675,324.5893,74.11626,-10.822542,WAL
1861132405000,73.615017,-4.99253871796883,-7.93708537317582,1.76765339519508,-1.8997909,-1.3842206,0.72387534,324.476,74.059235,-11.213084,WAL
1861137351000,73.619963,-5.50989110043908,-9.87309935016465,1.12157970238419,-2.1661282,-2.1294763,0.7528914,324.2572,74.11059,-11.556309,WAL
1861142361000,73.624973,-6.26638325222034,-11.9941501684463,0.298056493829159,-2.3484714,-2.8472428,0.83016586,323.83325,74.17559,-11.876042,WAL
1861147369000,73.629981,-7.18581262346413,-13.8330149498613,-0.876373651607907,-2.4572055,-3.449556,0.91721416,323.40588,74.46153,-12.046782,WAL
1861152358000,73.63497,-8.18948750217995,-15.5136959421324,-2.23512152679845,-2.425746,-3.7485745,0.990518,322.85733,74.70322,-12.211167,WAL
1861157346000,73.639958,-8.48838243601249,-16.6557648944596,-3.04382526712837,-2.251344,-3.684739,1.0216721,322.13104,74.881424,-12.456786,WAL
1861162357000,73.644969,-8.37135759880999,-17.4842979655677,-3.53064689870269,-1.9016235,-3.3200526,1.0103711,321.41302,74.9833,-12.704994,WAL
1861167354000,73.649966,-7.23269400854615,-18.0800195578122,-3.19993212577921,-1.4193454,-3.048523,0.9584476,320.66455,75.02426,-13.028629,WAL
1861172351000,73.654963,-5.35139259033782,-18.5082447728735,-2.27612172367786,-0.88056225,-2.3661866,0.91324353,320.14807,74.972,-13.372105,WAL
1861177336000,73.659948,-3.69589315495887,-18.259002149829,-1.10516294725021,-0.61819565,-1.6890424,0.7486154,319.7106,74.98894,-13.616691,WAL
1861182418000,73.66503,-2.16640134830391,-17.5212469086792,0.266881227997042,-0.20097467,-1.14018,0.52106804,319.44202,74.92949,-13.841515,WAL
1861187351000,73.669963,-1.04742305501856,-16.2782718428587,1.21038101661542,0.010995574,-0.86345804,0.31795537,319.2926,75.11047,-13.76904,WAL
1861192363000,73.674975,-0.401058125081115,-14.3086403416393,1.64807694120454,0.057726767,-0.7458665,0.15149458,319.2622,75.29817,-13.662235,WAL
1861197361000,73.679973,0.0274502365023659,-12.401351597989,1.76915738444401,-0.03359759,-0.6545421,0.044593163,319.4301,75.687614,-13.287752,WAL
1861202356000,73.684968,0.272667096735016,-10.5433622752366,1.62297041727129,-0.15974127,-0.634689,-0.04795292,319.6014,76.09327,-12.894162,WAL
1861207344000,73.689956,0.464244995715234,-8.84440331565077,1.11031949074794,-0.33292156,-0.7556403,-0.10445796,319.61075,76.43388,-12.547449,WAL
1861212356000,73.694968,0.605297955449806,-7.28827053343445,0.241251281325244,-0.5354234,-0.9618073,-0.13316862,319.59937,76.80074,-12.189073,WAL
1861217349000,73.699961,0.578067730676504,-5.77382225014029,-0.649932076296373,-0.75961095,-1.135904,-0.12614368,319.52707,77.1467,-11.86814,WAL
1861222346000,73.704958,0.29957900092175,-4.3117563916658,-1.57988546002286,-0.9837985,-1.273654,-0.049785517,319.4026,77.501526,-11.557488,WAL
1861227327000,73.709939,-0.0770657908394698,-3.11161586627393,-2.43839035846834,-1.1847731,-1.5100589,0.07422013,319.3422,77.95181,-11.208476,WAL
1861232458000,73.71507,-0.578824648592047,-2.17081807410898,-3.2440993236917,-1.4043792,-1.813659,0.19028452,319.20712,78.39965,-10.879027,WAL
1861237290000,73.719902,-1.01259919361576,-1.39893990555083,-3.8903268502425,-1.6936239,-2.173764,0.2968805,318.81906,78.70318,-10.728916,WAL
1861242326000,73.724938,-1.41359085561714,-0.744941537596753,-4.41543515114322,-1.9843957,-2.552806,0.39064834,318.33615,78.98093,-10.602509,WAL
1861247291000,73.729903,-1.8132124000291,-0.292236107535642,-4.9835731425371,-2.243097,-2.8832839,0.5131268,317.80072,79.15805,-10.589638,WAL
1861252409000,73.735021,-2.2315268760256,-0.111600310631365,-5.64431964943264,-2.4669793,-3.1517591,0.6264423,317.17493,79.282074,-10.598523,WAL
1861257257000,73.739869,-2.5727562307923,-0.114026722782239,-6.1978086637032,-2.6224444,-3.3255503,0.7452556,316.72614,79.39406,-10.580866,WAL
1861262322000,73.744934,-2.82145953948921,-0.456580311686176,-6.63421267981039,-2.7140744,-3.386637,0.82344633,316.22223,100.582,-10.580819,WAL
1861267280000,73.749892,-2.98416152512265,-0.893710310645191,-6.95169886770342,-2.6395488,-3.35365,0.8555168,315.64948,100.756714,-10.700965,WAL
1861272330000,73.754942,-2.93491675607702,-1.60999837460891,-6.98303635451264,-2.5561657,-3.2571335,0.9095783,315.0768,101.03491,-10.845285,WAL
1861277364000,73.759976,-2.85754224674551,-2.34208017508891,-7.03660040277893,-2.3545802,-3.0549371,0.95905846,314.54242,101.42615,-11.031876,WAL
1861282366000,73.764978,-2.59209573345464,-3.18992434629063,-7.23865671196758,-2.0983222,-2.7207937,1.03786,314.0751,101.879616,-11.231441,WAL
1861287337000,73.769949,-2.32829433050203,-4.03251398544372,-7.43946077293855,-1.8182404,-2.317928,1.1212431,313.55185,102.453514,-11.530051,WAL
1861292326000,73.774938,-2.17942131698113,-5.29695102569249,-7.15315946419109,-1.484708,-1.9850066,1.1707232,313.11383,103.029755,-11.830423,WAL
1861297282000,73.779894,-2.0793896,-6.72597512765958,-6.66729125957447,-1.1850786,-1.767844,1.2067643,312.76764,103.60805,-12.137524,WAL
1861302247000,73.784859,-2.01536726857435,-8.30541932713337,-5.96988177515585,-0.92149025,-1.6053538,1.2660183,312.44028,104.166275,-12.427041,WAL
1861307316000,73.789928,-1.96575582330097,-9.98228752427185,-5.16617584368932,-0.7272351,-1.4544702,1.3161092,312.18,104.703804,-12.711837,WAL
1861312260000,73.794872,-1.51271867079868,-10.8721620166617,-4.77910729953036,-0.6200282,-1.2308935,1.3390167,311.95883,105.1607,-12.962238,WAL
1861342358000,73.82497,2.02751391505165,-14.6767391971635,-3.17668434088375,-1.4941764,1.6505579,0.9184359,312.99207,106.73712,-13.1890745,WAL
1861347428000,73.83004,2.11906594505657,-13.9721866762584,-2.23728113207903,-1.7620409,1.6765196,0.6844745,313.53107,106.843124,-12.898941,WAL
1861352237000,73.834849,2.20590494156419,-13.3039040188556,-1.34623773343171,-2.0167716,1.3808609,0.43585235,313.97986,106.87806,-12.441912,WAL
1861357269000,73.839881,2.26884916675738,-12.4950906506175,-0.422688628574419,-2.1817052,0.8381071,0.20066923,314.33606,106.93407,-11.958309,WAL
1861362242000,73.844854,2.31371297642872,-11.6277232472263,0.484557924952899,-2.2510383,0.49174652,-0.006414085,314.63553,107.01168,-11.440807,WAL
1861367287000,73.849899,2.317242877089,-10.9212205049553,0.978138811931597,-2.2559254,-0.23426682,-0.10140363,314.6214,107.136185,-11.066915,WAL
1861372266000,73.854878,2.30334381378741,-10.295764107705,1.28855033874854,-2.1783454,-0.93645644,-0.25442538,314.49878,107.22863,-10.651384,WAL
1861377320000,73.859932,1.84949851402062,-9.9706997306701,1.44701105345361,-1.9828686,-1.5424347,-0.39767328,314.18756,107.293884,-10.326544,WAL
1861382323000,73.864935,1.16785307096907,-9.81263716649485,1.52110305931959,-1.7449366,-2.0485365,-0.5516113,313.70035,107.31254,-10.001552,WAL
1861387267000,73.869879,0.405369029263727,-9.72953975644759,1.11150322413894,-1.5253305,-2.4113905,-0.74097955,313.07886,107.28099,-9.697148,WAL
1861392233000,73.874845,-0.395843995715474,-9.67513633818636,0.508120518061564,-1.3310753,-2.547308,-0.86345804,312.37943,107.19112,-9.388855,WAL
1861397484000,73.880096,-1.12724136162825,-9.39057309455615,-0.0818429401451692,-1.1435398,-2.4254405,-0.9068295,311.6794,107.07413,-9.140754,WAL
1861402441000,73.885053,-1.78845342795488,-9.0646232378617,-0.626644400323688,-0.94806284,-2.17804,-0.8885035,310.98016,106.90351,-8.875855,WAL
1861407221000,73.889833,-2.29010468640719,-8.61262826291613,-0.844603757947249,-0.79351395,-1.8985692,-0.8072584,310.3858,106.7859,-8.664961,WAL
1861412260000,73.894872,-2.77635066464487,-8.0930126856663,-0.978083049995061,-0.69027776,-1.690875,-0.6789767,309.85443,106.65007,-8.461197,WAL
1861417229000,73.899841,-3.04339309292929,-7.5932468989899,-1.03545595959596,-0.63438356,-1.5610662,-0.49021935,309.49075,106.5936,-8.311686,WAL
1861422220000,73.904832,-3.2279954936324,-7.09624032149931,-1.06385637075659,-0.6243043,-1.4819591,-0.26328292,309.188,106.55447,-8.201961,WAL
1861427211000,73.909823,-3.32296058782408,-6.87965846418283,-1.3140034019397,-0.6585127,-1.4013249,-0.020158553,308.92758,106.62567,-8.248862,WAL
1861432222000,73.914834,-3.37825856552718,-6.78749532840407,-1.66422355848857,-0.7098254,-1.2541064,0.1966986,308.72702,106.72601,-8.339031,WAL
1861437218000,73.91983,-3.28248127110129,-6.81615569230305,-1.9880958633742,-0.77366084,-1.0458013,0.34697145,308.56802,106.90693,-8.523436,WAL
1861442232000,73.924844,-3.08948237504019,-6.92230487353296,-2.29689402653738,-0.81092364,-0.816116,0.4569272,308.47256,107.11496,-8.739364,WAL
1861447240000,73.929852,-2.69562064923812,-7.05449841398267,-2.39254510230057,-0.8454375,-0.6258314,0.55924714,308.40405,107.40794,-9.005305,WAL
1861452218000,73.93483,-2.18285095398865,-7.20168242091425,-2.35931004874017,-0.8564331,-0.5018258,0.63529986,308.38904,107.71089,-9.276893,WAL
1861457213000,73.939825,-1.67653639322626,-7.41360740618515,-2.20940781447526,-0.8750645,-0.48166725,0.6774496,308.38394,108.04948,-9.53156,WAL
1861462228000,73.94484,-1.17345309608939,-7.66754471284916,-1.9842180547486,-0.87109387,-0.48166725,0.6939429,308.41183,108.3855,-9.786611,WAL
1861467215000,73.949827,-0.774195034475734,-7.89705828508089,-1.84989015653086,-0.870483,-0.52534413,0.6957755,308.4432,108.687546,-9.963541,WAL
1861472217000,73.954829,-0.439341514108248,-8.11232090852806,-1.77335221387058,-0.8720101,-0.59406644,0.66920286,308.4647,108.97879,-10.133868,WAL
1861477196000,73.959808,-0.184926298679152,-8.25427254292755,-1.78537351536718,-0.8881981,-0.6554584,0.6246097,308.5068,109.193596,-10.198476,WAL
1861482222000,73.964834,0.0190875377131592,-8.34916312567767,-1.85654113040907,-0.90133166,-0.7125743,0.5674938,308.52185,109.39557,-10.255771,WAL
1861487210000,73.969822,0.113570399246,-8.4002502941,-1.93050033407,-0.91232723,-0.7489208,0.4999932,308.46155,109.58773,-10.305308,WAL
1861492213000,73.974825,0.127944228372,-8.4194152862,-2.00716075274,-0.958753,-0.7852673,0.43585235,308.3802,109.778915,-10.342258,WAL
1861497256000,73.979868,0.0606406465674119,-8.41399100009763,-2.0507389999219,-1.0088439,-0.8216137,0.3747658,308.25958,109.966385,-10.351175,WAL
1861502256000,73.984868,-0.0655791083871912,-8.39061698857757,-2.06943820913795,-1.0760391,-0.8542951,0.3463606,308.12747,110.16122,-10.352552,WAL
1861507255000,73.989867,-0.270296487503201,-8.3696510256082,-2.04297440588988,-1.1502593,-0.8918633,0.32925636,307.98016,110.36463,-10.336292,WAL
1861512256000,73.994868,-0.543893405144292,-8.35078238510785,-1.97693381934404,-1.2455542,-0.91415983,0.33658674,307.82797,110.58617,-10.319514,WAL
1861517275000,73.999887,-0.844628860051933,-8.33171200749026,-1.85448891467093,-1.3277156,-0.92271197,0.36163223,307.6835,110.82473,-10.312949,WAL
1861522261000,74.004873,-1.16890703636273,-8.31263643693199,-1.67804342247079,-1.4010195,-0.9483683,0.3915646,307.5291,111.08249,-10.312199,WAL
1861527231000,74.009843,-1.454548294101,-8.32689990786229,-1.46421336178431,-1.4465289,-0.95478237,0.4288274,307.40054,111.389084,-10.383051,WAL
1861532266000,74.014878,-1.70552950371656,-8.37533540325084,-1.20882892949502,-1.486846,-0.9593639,0.4831944,307.26953,111.71197,-10.465553,WAL
1861537254000,74.019866,-1.94908189185393,-8.43724803651685,-1.02789263258427,-1.491122,-0.9633345,0.53786683,307.16257,112.04329,-10.612934,WAL
1861542265000,74.024877,-2.18239234109767,-8.53057195635264,-1.00715393560933,-1.4792101,-0.9669997,0.6020077,307.06036,112.38009,-10.772429,WAL
1861547291000,74.029903,-2.3909230976512,-8.64409444098649,-0.889074078508514,-1.4688255,-0.98440933,0.6536258,306.9737,112.69702,-10.983408,WAL
1861552287000,74.034899,-2.56885795034253,-8.7798865815228,-0.659631873967508,-1.4315627,-1.0183123,0.7150178,306.88925,113.005516,-11.209239,WAL
1861557222000,74.039834,-2.72575437287569,-9.07576938109756,-0.367170911113297,-1.3884968,-1.0326678,0.75961095,306.81293,113.333336,-11.49147,WAL
1861562287000,74.044899,-2.85932860468135,-9.61483671341463,0.0287812795830055,-1.3381003,-1.0607675,0.786489,306.7289,113.646645,-11.780711,WAL
1861567226000,74.049838,-2.89429613500889,-10.0918972396079,0.23878000684896,-1.3154984,-1.099252,0.8350528,306.64868,113.949295,-12.1270895,WAL
1861572286000,74.054898,-2.77087320541112,-10.4994260261906,0.159603021582969,-1.2592987,-1.110553,0.8744536,306.57117,114.226524,-12.468102,WAL
1861577246000,74.059858,-2.64988946414532,-10.8989008841847,0.0819907988716421,-1.1902709,-1.1123856,0.92179567,306.4812,114.454765,-12.860249,WAL
1861582296000,74.064908,-2.52671045338075,-11.3056242779086,0.00297028986111781,-1.1059716,-1.1065824,0.9767735,306.39456,114.669365,-13.254266,WAL
1861587290000,74.069902,-2.32492879375646,-11.6626126379988,-0.149352251734546,-0.990518,-1.1273518,1.0311406,306.30197,114.8775,-13.667039,WAL
1861592290000,74.074902,-1.84975120434153,-11.8655527351664,-0.555233045615051,-0.8552113,-1.1163563,1.0931433,306.2256,115.06852,-14.081379,WAL
1861597283000,74.079895,-1.3226485678925,-12.0490575171105,-1.00446725475345,-0.70096785,-1.0928379,1.1297953,306.1191,115.20423,-14.454076,WAL
1861602393000,74.085005,-0.651809345239645,-12.1890173430473,-1.57395669775148,-0.52778757,-1.0268645,1.1511755,306.03067,115.31188,-14.822771,WAL
1861607307000,74.089919,0.0581922039673655,-12.2724891944787,-2.07106600376625,-0.33292156,-0.89736104,1.1588113,305.93887,115.39141,-15.116986,WAL
1861612345000,74.094957,0.964471925411251,-12.2175625201594,-2.44181677782943,-0.16493362,-0.6817256,1.149343,305.88934,115.438774,-15.388404,WAL
1861617291000,74.099903,1.85250833843149,-12.1328261112413,-2.7441773995605,-0.02321288,-0.43554693,1.1307116,305.85022,115.450836,-15.537493,WAL
1861622349000,74.104961,2.75137565023928,-11.8773588267409,-2.71579213474949,0.06994407,-0.18967366,1.1023064,305.86932,115.4331,-15.655827,WAL
1861627313000,74.109925,3.58932444888124,-11.6332159810671,-2.64267120017212,0.0842994,0.005497787,1.0320568,305.8815,115.38324,-15.634006,WAL
1861632404000,74.115016,4.09282388498532,-11.4357648680774,-2.20334331135972,0.03848451,0.11484267,0.9092729,305.93073,115.31133,-15.5741205,WAL
1861637315000,74.119927,4.49810687189608,-11.2924086076931,-1.77788581720874,-0.09040806,0.13652839,0.68477994,305.9506,115.182045,-15.362711,WAL
1861642329000,74.124941,4.4062386382036,-11.4422994895781,-1.33304985639915,-0.27091873,0.07544186,0.38515055,305.95996,115.04054,-15.096958,WAL
1861647337000,74.129949,4.22043153830703,-11.619112661406,-0.873035191119082,-0.42455134,-0.014966198,0.04550946,305.9204,114.82089,-14.721313,WAL
1861652322000,74.134934,3.52570563156385,-11.9420127413404,-0.329974879959008,-0.5326745,-0.06994407,-0.25992316,305.8509,114.5905,-14.279719,WAL
1861657313000,74.139925,2.74737809868865,-12.2229024680359,0.192631316881689,-0.5674938,-0.0983493,-0.4822781,305.73987,114.3018,-13.801681,WAL
1861662307000,74.144919,1.63599024426767,-12.3335808915244,0.630730277471796,-0.5665775,-0.19425514,-0.5531385,305.58475,114.01226,-13.299282,WAL
1861667306000,74.149918,0.553211911004998,-12.448099871653,0.999319767458051,-0.5549711,-0.34269542,-0.6133087,305.4032,113.67776,-12.850345,WAL
1861672315000,74.154927,-0.320219588307747,-12.5893899739379,0.870873967940021,-0.50854534,-0.46914452,-0.5882632,305.20798,113.344696,-12.417599,WAL
1861677283000,74.159895,-1.18650181801142,-12.7295235790789,0.743479531524456,-0.44226643,-0.54611355,-0.50610185,305.01428,113.02752,-12.1614275,WAL
1861682331000,74.164943,-1.75244799035467,-12.9259655979671,0.268258280852076,-0.32925636,-0.505491,-0.40500367,304.82657,112.69985,-11.920764,WAL
1861687513000,74.170125,-2.25618553500837,-13.1454209380235,-0.252387087571189,-0.18387043,-0.3820962,-0.3173445,304.651,112.363914,-11.700426,WAL
1861692328000,74.17494,-2.32913453249581,-13.4715457809883,-0.544182916214405,-0.04153884,-0.20830505,-0.2510656,304.53806,112.10427,-11.636607,WAL
1861697414000,74.180026,-2.40618927833613,-13.8160257293411,-0.852401729190396,0.108123146,0.0009162979,-0.21471913,304.49786,111.917206,-11.644102,WAL
1861702303000,74.184915,-2.31426235745721,-14.2832101283619,-0.773356378973105,0.26908615,0.22724187,-0.21471913,304.516,111.703354,-11.64147,WAL
1861707302000,74.189914,-2.20208705861858,-14.7758059150876,-0.651426715179299,0.46578476,0.43188173,-0.23487769,304.58972,111.45374,-11.6262665,WAL
1861712330000,74.194942,-2.03813663054251,-15.0986612260965,-0.278615296762913,0.7098254,0.57971114,-0.27672195,304.7118,111.1935,-11.600932,WAL
1861717309000,74.199921,-1.87139644214207,-15.4035576956739,0.112033043720651,0.95478237,0.62796944,-0.33108896,304.8611,110.88868,-11.559068,WAL
1861722293000,74.204905,-1.62163884905293,-15.5463666766017,0.265856421281337,1.2082914,0.61941737,-0.38759398,305.02435,110.477486,-11.470455,WAL
1861727275000,74.209887,-1.36469592283194,-15.6748379778087,0.398757955580316,1.4407257,0.5687156,-0.47342056,305.18384,110.012726,-11.362477,WAL
1861732446000,74.215058,-1.13692297893328,-15.6944150665179,0.465600598860272,1.6786577,0.5180137,-0.559858,305.32523,109.41603,-11.212051,WAL
1861737266000,74.219878,-0.935656581975259,-15.6803734319611,0.507726108574326,1.92392,0.43982297,-0.67011917,305.43967,108.764114,-11.04296,WAL
1861742348000,74.22496,-0.669631327345914,-15.3492798282979,0.495759319934926,2.1578815,0.35246924,-0.8060367,305.52475,108.01473,-10.810101,WAL
1861747288000,74.2299,-0.396954514331133,-14.9446622787952,0.469371256218276,2.382069,0.24281894,-0.93767816,305.5796,107.216225,-10.561516,WAL
1861752319000,74.234931,-0.143509124787973,-14.4223221484707,0.363829296326594,2.6053402,0.14049901,-1.0384709,305.6073,106.34753,-10.265755,WAL
1861757307000,74.239919,0.0942220788532918,-13.8428525613271,0.215247295343701,2.8383853,0.09621128,-1.1285735,305.62042,105.43225,-9.94718,WAL
1861762299000,74.244911,0.113214199147105,-13.4178040747182,-0.174758118375437,3.0641,0.018936822,-1.180497,305.5956,104.474335,-9.59211,WAL
1861767329000,74.249941,0.0430072332337738,-13.0527278281189,-0.666206869016712,3.1936035,0.0070249503,-1.260215,305.5794,103.49461,-9.210578,WAL
1861772314000,74.254926,-0.358616102336352,-12.8006844100906,-1.21719603492885,3.431841,0.06352998,-1.3759739,305.56693,102.467514,-8.789515,WAL
1861777297000,74.259909,-0.933227365005473,-12.6059814578565,-1.80130499080506,3.6242635,0.20280726,-1.5247196,305.5801,101.43485,-8.342602,WAL
1861782326000,74.264938,-1.56829048189429,-12.4171441314303,-2.30836877738552,3.73819,0.3659083,-1.6563611,305.6376,100.46197,-7.895854,WAL
1861787317000,74.269929,-2.2288013047206,-12.2339365735324,-2.76638721904378,3.7100902,0.5348125,-1.7253889,305.7436,99.50026,-7.4319963,WAL
1861792313000,74.274925,-2.84480360610275,-12.2231397135964,-3.23003697496452,3.581503,0.7819075,-1.7553213,305.9666,98.742355,-7.078687,WAL
1861797482000,74.280094,-3.45837437223957,-12.3027640283849,-3.71246288969628,3.3405166,1.0302242,-1.7467692,306.2437,98.041985,-6.727483,WAL
1861802353000,74.284965,-4.0588221242607,-12.4956708855058,-3.90474457019455,3.0460796,1.162782,-1.6954565,306.63943,97.687225,-6.602504,WAL
1861807319000,74.289931,-4.68799973542802,-12.7825013452335,-3.9001182677821,2.812118,1.1365148,-1.6276505,307.05408,97.38649,-6.48974,WAL
1861812293000,74.294905,-5.3194764840795,-13.12447270659,-3.83168343416318,2.6804767,1.0259482,-1.570229,307.50348,97.277534,-6.501304,WAL
1861817328000,74.29994,-5.9600457216318,-13.527981082636,-3.69549942966527,2.6108382,0.8866709,-1.5625933,307.9239,97.19541,-6.514941,WAL
1861822312000,74.304924,-6.60275588696984,-13.9555908553375,-3.4263238303303,2.558609,0.752586,-1.6044376,308.32053,97.15763,-6.575277,WAL
1861827303000,74.309915,-7.25256841393968,-14.404053110675,-3.0602321406606,2.4471262,0.52106804,-1.724778,308.63885,97.1142,-6.612233,WAL
1861832315000,74.314927,-7.84843030563717,-14.4965307488896,-2.82877340912197,2.3182335,0.16218472,-1.9422461,308.88913,97.06148,-6.6498413,WAL
1861837313000,74.319925,-8.38398735001708,-14.2185317265118,-2.73883258911855,2.1856759,-0.17562376,-2.2052236,309.07166,96.97453,-6.635155,WAL
1861842348000,74.32496,-8.69933374838776,-13.8305354475381,-2.74084702059576,1.9908098,-0.34697145,-2.3787093,309.21698,96.89244,-6.63161,WAL
1861847403000,74.330015,-7.79742353577644,-12.854292259392,-3.24631302392261,1.7437148,-0.30970868,-2.3719897,309.32315,96.80455,-6.5997286,WAL
1861852321000,74.334933,-6.86987210608653,-11.9693435826932,-3.7754798774526,1.500285,-0.106901415,-2.2473733,309.4334,96.70702,-6.5591707,WAL
1861857317000,74.339929,-5.72548251701507,-11.3320205969859,-4.46397453281478,1.3011429,0.06383542,-2.0717494,309.545,96.64338,-6.532978,WAL
1861862311000,74.344923,-4.57555612564447,-10.7121485148059,-4.9393599392046,1.2544118,0.56505036,-1.9752327,309.75623,96.43749,-6.3456535,WAL
1861867323000,74.349935,-3.38420679960709,-10.1969706303785,-4.09299591513177,1.3136657,1.1652255,-1.7767016,310.0443,96.32115,-6.241833,WAL
1861872427000,74.355039,-2.2041717588927,-9.68554405291524,-3.21840755507104,1.5231925,1.6105462,-1.5766432,310.36224,96.06234,-5.9809465,WAL
1861877304000,74.359916,-1.47646299974522,-9.35601560509554,-2.22982216382166,1.7366899,1.7620409,-1.357648,310.76212,95.87016,-5.788961,WAL
1861882713000,74.365325,-0.711711769003984,-9.02095657153205,-1.20447859214053,1.9150625,1.6951511,-1.2030991,311.21918,95.61576,-5.548076,WAL
1861887321000,74.369933,-0.451982950517928,-9.01696066280333,-0.988703860086925,2.0399845,1.6071864,-1.1074986,311.70404,95.411316,-5.3626885,WAL
1861893484000,74.376096,-0.110903209102895,-9.01428654256234,-0.690935453304672,2.1471913,1.668273,-1.0772609,312.21194,95.149536,-5.1335917,WAL
1861897334000,74.379946,-0.0263616082621573,-9.06712500630553,-0.317543378020445,2.4098635,1.7146988,-1.0772609,312.68433,94.93744,-4.9374332,WAL
1861902255000,74.384867,0.0816979288124582,-9.13466216996274,0.15971958366103,2.4883597,1.7751744,-1.0396926,313.16302,85.291855,-4.6879106,WAL
1861907317000,74.389929,0.228247687359246,-9.3237970777365,0.672338920297228,2.5537221,1.6994271,-0.97127575,313.6123,85.43815,-4.462965,WAL
1861912305000,74.394917,0.38752357485091,-9.56043555272935,1.18657248701534,2.4798074,1.4819591,-0.97402465,314.03464,85.523705,-4.2425804,WAL
1861917317000,74.399929,0.691417796629515,-9.68056836676987,1.21368880086687,2.2589796,1.3655893,-0.9578367,314.47787,85.523674,-4.011618,WAL
1861922353000,74.404965,1.08959158966563,-9.72536330092879,0.925012807801858,2.0497584,1.3863586,-0.9294315,314.89685,85.444855,-3.7965276,WAL
1861927301000,74.409913,1.34557860217541,-9.61975150044296,0.372662131607442,1.897042,1.3735305,-0.90041536,315.28625,85.28804,-3.5506115,WAL
1861932393000,74.415005,1.5423862316665,-9.43734422138006,-0.328165181080815,1.7999145,1.3909402,-0.8570439,315.68878,85.07919,-3.3289104,WAL
1861937316000,74.419928,1.47880312991515,-9.19853593608955,-1.21830157046398,1.7192802,1.5393804,-0.8145888,316.09494,84.920944,-3.0463624,WAL
1861942346000,74.424958,1.27442934430403,-8.92023953962809,-2.24451891944394,1.6982054,1.8014416,-0.75655663,316.5356,84.71542,-2.795255,WAL
1861947300000,74.429912,0.990593629172641,-8.600445457857,-3.2221882204999,1.7015651,2.0723603,-0.68203104,316.98178,84.59893,-2.5239704,WAL
1861952323000,74.434935,0.589802142708777,-8.21363504078667,-4.16824267855067,1.7238617,2.3160956,-0.63346726,317.4885,84.45125,-2.2805824,WAL
1861957249000,74.439861,0.229189183821769,-7.83091968412013,-4.84263396118363,1.74738,2.4486532,-0.6001751,317.99387,84.40743,-2.0583084,WAL
1861962309000,74.444921,-0.0799492739660418,-7.43141790985376,-5.0566528912062,1.7763962,2.6337454,-0.5342017,318.57028,84.330635,-1.8795389,WAL
1861967252000,74.449864,-0.3567450667095,-7.08992606555301,-5.19203672187242,1.8148806,2.7177396,-0.49205196,319.14307,84.31975,-1.6896169,WAL
1861972315000,74.454927,-0.583716731106012,-6.84960309124369,-5.16533396263424,1.8701639,2.7537806,-0.47555858,319.7434,84.28014,-1.5245584,WAL
1861977318000,74.45993,-0.804566545464917,-6.60631411979464,-5.11062203365659,1.8958203,2.7360654,-0.46792278,320.36444,84.22071,-1.3884041,WAL
1861982361000,74.464973,-1.00660275182544,-6.32621833385625,-4.88562742355961,1.9055941,2.6963592,-0.44959682,320.98053,84.14169,-1.2688626,WAL
1861987316000,74.469928,-1.20453438392875,-6.05239778948154,-4.66490489979102,1.8741345,2.659402,-0.441961,321.6109,84.02584,-1.1715957,WAL
1861992325000,74.474937,-1.39070598892427,-5.80894259454672,-4.45009142505722,1.8270979,2.6392434,-0.44684792,322.2282,83.90836,-1.0833975,WAL
1861997541000,74.480153,-1.578738064111,-5.55408715325797,-4.20958846372045,1.7742581,2.6056457,-0.46670106,322.85876,83.73485,-1.0236607,WAL
1862002396000,74.485008,-1.68386642783145,-5.30082340875642,-3.78429645138746,1.7040086,2.557082,-0.48349985,323.47437,83.57955,-0.9701637,WAL
1862007282000,74.489894,-1.787890597327,-5.04264794113454,-3.34726035779626,1.5931365,2.4801128,-0.49480084,324.09988,83.39807,-0.9438058,WAL
1862012307000,74.494919,-1.87364666727057,-4.73773744811405,-2.78984577879418,1.4908166,2.3970351,-0.50243664,324.70618,83.235916,-0.91965264,WAL
1862017372000,74.499984,-1.96244711589311,-4.43329453057665,-2.22648580102203,1.3338243,2.307849,-0.4978552,325.32175,83.03782,-0.92397,WAL
1862022317000,74.504929,-2.07789860815752,-4.17130856967651,-1.65810935568683,1.1771374,2.2110267,-0.49357912,325.9086,82.87098,-0.93043715,WAL
1862027955000,74.510567,-2.22035006931861,-3.86996323818043,-0.989746816555006,0.9831876,2.112372,-0.47433686,326.51077,82.65716,-0.9747884,WAL
1862032397000,74.515009,-2.48754194929577,-3.59467464225352,-0.171977888450704,0.7828238,2.033876,-0.44837508,327.0884,82.491,-1.0265197,WAL
1862037255000,74.519867,-2.77975675184621,-3.29360485409212,0.72237633323563,0.5925393,1.9617938,-0.42913285,327.68237,82.249565,-1.124745,WAL
1862042335000,74.524947,-2.8740036503937,-3.20947254472441,1.10662081758268,0.3839288,1.8823812,-0.40286562,328.2489,82.06921,-1.2356267,WAL
1862047320000,74.529932,-2.92099218188976,-3.17658057267717,1.36505795669685,0.19120082,1.7938058,-0.38423425,328.79,81.93719,-1.3522348,WAL
1862052316000,74.534928,-2.87588928744381,-3.14261624555578,1.51099079775235,0.012217305,1.7437148,-0.3539964,329.35077,81.528305,-1.5748917,WAL
1862057250000,74.539862,-2.80830361958521,-3.10882353764814,1.62685168340825,-0.16126843,1.65911,-0.34025195,329.87708,81.1774,-1.7996424,WAL
1862062303000,74.544915,-2.67857787910828,-3.03610401261147,1.65899569490446,-0.24862215,1.557401,-0.33353242,330.4105,80.78075,-2.0314941,WAL
1862067299000,74.549911,-2.53792410319451,-2.95640016383146,1.67306111166095,-0.41355577,1.4477507,-0.3145956,330.9168,80.45824,-2.2715442,WAL
1862072315000,74.554927,-2.34434452632528,-2.87876660279587,1.60313191207536,-0.5833763,1.3365731,-0.30848694,331.41556,80.13998,-2.4750984,WAL
1862077301000,74.559913,-2.13858771051208,-2.80220584580619,1.51221603188696,-0.74464476,1.2153164,-0.30482176,331.8794,79.86913,-2.6821344,WAL
1862082338000,74.56495,-1.96178500173337,-2.82826444671341,1.45256813191158,-0.8921687,1.0806206,-0.30818152,332.31293,79.6418,-2.8419876,WAL
1862087343000,74.569955,-1.79375015647093,-2.87960846511832,1.40122421098452,-1.0409144,0.9437868,-0.31215215,332.71063,79.46231,-3.000254,WAL
1862092344000,74.574956,-1.66926109341271,-2.99631381511427,1.35740158720953,-1.2000448,0.8008443,-0.32528573,333.0678,79.35488,-3.0891435,WAL
1862097393000,74.580005,-1.55782655081621,-3.13560696911849,1.31561367009795,-1.3497068,0.67164636,-0.33658674,333.38892,79.28682,-3.1746697,WAL
1862102320000,74.584932,-1.50256831298865,-3.28693399911728,1.27894456343001,-1.4795157,0.54550266,-0.35155296,333.65228,79.284096,-3.2170072,WAL
1862107311000,74.589923,-1.47243098083228,-3.44766648973308,1.24378429013241,-1.604743,0.41355577,-0.3472769,333.87546,79.31893,-3.2570126,WAL
1862112300000,74.594912,-1.57478031262136,-3.6272852815534,1.27780639708738,-1.72264,0.28710666,-0.3659083,334.08896,79.401054,-3.2187061,WAL
1862117324000,74.599936,-1.71958906446602,-3.81413535316505,1.33386140881553,-1.8304577,0.14049901,-0.36254853,334.2558,79.50957,-3.183365,WAL
1862122314000,74.604926,-1.89650217576363,-4.04035135536035,1.4544663025554,-1.928807,0.016187929,-0.35460728,334.38513,79.65812,-3.1325603,WAL
1862127297000,74.609909,-2.08704417708125,-4.28329225284488,1.60213624912158,-2.0118847,-0.10445796,-0.35308012,334.47217,79.82834,-3.0759456,WAL
1862132367000,74.614979,-2.22097548560628,-4.67700165004362,1.74604204251236,-2.0983222,-0.19914207,-0.31856623,334.56964,80.00748,-3.031288,WAL
1862137321000,74.619933,-2.32674273736551,-5.12306356503829,1.88399934620529,-2.1826215,-0.24220806,-0.26175576,334.64462,80.20233,-2.9916756,WAL
1862142346000,74.624958,-2.4662947582315,-5.80579054788872,2.28586912813711,-2.2757785,-0.28710666,-0.16646078,334.72726,80.38051,-2.9906898,WAL
1862147403000,74.630015,-2.62508134265276,-6.62378202816692,2.83921631779434,-2.3695462,-0.3118467,-0.030848695,334.79752,80.56865,-3.0162413,WAL
1862152334000,74.634946,-2.60454776003663,-7.84345030650183,3.53332781064103,-2.3936756,-0.31764993,0.12767084,334.88147,80.73893,-3.082032,WAL
1862157313000,74.639925,-2.48228385551282,-9.31935015352564,4.32367671647436,-2.3151793,-0.29749137,0.20525073,334.96222,80.895645,-3.1609719,WAL
1862162308000,74.64492,-2.17079041104503,-11.1884359107901,5.38790188785047,-2.2525656,-0.26816985,0.33933565,335.06683,80.96514,-3.330428,WAL
1862167327000,74.649939,-1.61437648071368,-13.5672329634664,6.80701241121495,-2.0292943,-0.26389378,0.49571714,335.16376,80.95751,-3.521718,WAL
1862172315000,74.654927,-0.758442051801355,-15.3060028895519,8.12339760847578,-1.6401732,-0.22968534,0.59589905,335.30972,80.83997,-3.6965876,WAL
1862177299000,74.659911,0.337430592826945,-16.5467048375645,9.36409905239203,-1.0778717,-0.2611449,0.55924714,335.43082,80.62754,-3.864703,WAL
1862182328000,74.66494,1.48267273071672,-17.4226957713311,9.77076131399317,-0.45814893,-0.28496864,0.4352415,335.55298,80.27982,-3.9332008,WAL
1862187319000,74.669931,2.64790538643003,-18.0192942627986,9.5610195883959,0.14080444,-0.15332718,0.17104226,335.70523,79.84225,-3.9496012,WAL
1862192355000,74.674967,3.64417572358446,-18.4579445077819,9.16813402998186,0.66828656,0.19792034,-0.124005646,335.82315,79.34608,-3.808706,WAL
1862197410000,74.680022,4.48545881668099,-18.7537809858684,8.61344177991024,1.1059716,0.6621779,-0.34605515,336.0111,78.75269,-3.6319053,WAL
1862202347000,74.684959,4.64138914186521,-18.3293045564105,8.22688430451469,1.3869696,1.0891727,-0.44623706,336.2049,78.23123,-3.2716482,WAL
1862207308000,74.68992,3.96310758106981,-17.0079764463706,8.03308971740057,1.5112807,1.289842,-0.45814893,336.47147,77.641106,-2.9112153,WAL
1862212294000,74.694906,3.14225428503685,-15.308833663249,7.73317485523871,1.4544702,1.3478742,-0.43860126,336.75775,77.12665,-2.449663,WAL
1862217326000,74.699938,1.93787805664851,-12.5912666731817,7.14642753220122,1.2800682,1.352761,-0.39553526,337.083,76.60351,-2.031842,WAL
1862222269000,74.704881,0.826685705975229,-10.131067008509,6.54293936596388,1.0409144,1.3411547,-0.35827246,337.47305,76.090935,-1.7427986,WAL
1862227296000,74.709908,-0.192879792582963,-7.95083567353692,5.88750430585232,0.7852673,1.3133603,-0.3390302,337.85333,75.637024,-1.4758432,WAL
1862232305000,74.714917,-1.10364826834353,-5.97063992054766,5.21210031639871,0.5366451,1.2770138,-0.29046643,338.27005,75.2108,-1.3868241,WAL
1862237316000,74.719928,-1.7507408504875,-4.4723717109221,4.48038797363344,0.29443705,1.2229522,-0.18784106,338.66394,74.85926,-1.3203131,WAL
1862242247000,74.724859,-2.34559010055735,-3.375527937577,3.80070560246407,0.093462385,1.149343,-0.04886922,339.07748,74.561325,-1.4225619,WAL
1862247397000,74.730009,-2.8857193007138,-2.96078585338809,3.16894724175222,-0.09621128,1.0491611,0.11362094,339.45584,74.32599,-1.5557973,WAL
1862252251000,74.734863,-3.40847972171554,-2.74734100126618,2.66893038077875,-0.31642818,0.97585726,0.20799962,339.83368,74.16925,-1.7913414,WAL
1862257313000,74.739925,-3.98537659488766,-2.93656327436215,2.3689440876904,-0.43249258,0.75228053,0.40042216,340.12006,74.02317,-2.0811474,WAL
1862262291000,74.744903,-4.47361045822111,-3.29396582427184,2.07942685627936,-0.7058548,0.37110063,0.59956425,340.35513,74.01355,-2.4483228,WAL
1862267295000,74.749907,-4.66371899514563,-4.30454224757282,1.80927265533981,-1.0500773,-0.15027285,0.74067414,340.4791,74.039665,-2.825569,WAL
1862272293000,74.754905,-4.81424060432009,-5.38681357434039,1.52498357492027,-1.4379768,-0.8038987,0.7761043,340.4875,74.159874,-3.262606,WAL
1862277300000,74.759912,-4.86985217790664,-6.64734249498405,1.20521711148159,-1.7959439,-1.5140295,0.77488256,340.3316,74.34207,-3.6830435,WAL
1862282348000,74.76496,-5.06064536250499,-8.03055187299561,0.765166633625848,-2.0873265,-2.2498167,0.7797695,340.03824,74.648994,-4.041904,WAL
1862287270000,74.769882,-5.68111706067012,-9.74154941061029,-0.043326740686079,-2.3081543,-2.9159653,0.7861836,339.57892,75.00791,-4.345789,WAL
1862292327000,74.774939,-6.38591874471649,-11.5417016696429,-0.933056371281296,-2.4339926,-3.4691038,0.8353582,338.95636,75.48461,-4.6018744,WAL
1862297289000,74.779901,-7.30885138414948,-13.4531792589286,-2.00908251384389,-2.4388795,-3.785532,0.91874135,338.22543,75.95333,-4.831941,WAL
1862302418000,74.78503,-8.2238207123918,-15.3753230357182,-3.10234810578503,-2.3289237,-3.7748418,1.0073168,337.41876,76.494225,-5.142472,WAL
1862307206000,74.789818,-8.58052277791169,-16.4856196843432,-3.88106303292429,-2.0708332,-3.4190128,1.0800097,336.62927,76.94801,-5.465321,WAL
1862312216000,74.794828,-8.59952162727994,-17.5182230774187,-4.36311638337629,-1.6606371,-2.7779098,1.1102476,335.92822,77.38813,-5.919843,WAL
1862317262000,74.799874,-7.22470471371927,-18.0499463278152,-3.53918456507732,-1.1731668,-2.0867157,1.0186177,335.35425,77.69203,-6.367805,WAL
1862322232000,74.804844,-5.76224740199388,-18.4368793416247,-2.61977245828112,-0.70554936,-1.5079209,0.84482664,334.93304,77.92549,-6.8332973,WAL
1862327226000,74.809838,-3.83143440047379,-18.2433254871187,-1.23657369184898,-0.36071593,-1.0705414,0.6249151,334.6808,78.04664,-7.2704773,WAL
1862332236000,74.814848,-2.01860723561644,-17.8338497808219,0.063495536739726,-0.1994475,-0.8900307,0.41722095,334.45935,78.16581,-7.4916654,WAL
1862337232000,74.819844,-0.841720032136786,-16.3316448477152,0.915064288242976,-0.21319197,-0.8863655,0.24098633,334.32416,78.265274,-7.6655736,WAL
1862342228000,74.82484,0.192798268793037,-14.7909312783091,1.60720721892693,-0.29993483,-0.9505063,0.09468412,334.17877,78.43128,-7.533848,WAL
1862347255000,74.829867,0.496682389977047,-13.0412958515685,1.4782867365723,-0.43676865,-0.977079,-0.015882496,334.05225,78.631195,-7.370506,WAL
1862352229000,74.834841,0.779886830219702,-11.3125219874456,1.30610311491141,-0.6020077,-1.0781772,-0.059253927,333.88522,78.86523,-7.045622,WAL
1862357264000,74.839876,0.838470464734231,-9.59406787232965,0.54939767518781,-0.68661255,-1.2559389,-0.106595986,333.69016,79.123535,-6.69478,WAL
1862362257000,74.844869,0.867149880887184,-7.91695849611488,-0.245799994189043,-0.89858276,-1.4395039,-0.10140363,333.45093,79.43169,-6.343285,WAL
1862367275000,74.849887,0.635541289947871,-6.4705865029999,-1.44165647360087,-1.1343768,-1.5855007,-0.020158553,333.167,79.754265,-6.0004606,WAL
1862372273000,74.854885,0.389371749820091,-5.06215082316445,-2.60311064071769,-1.3640621,-1.6685784,0.070249505,332.83206,80.14588,-5.678728,WAL
1862377249000,74.859861,-0.0555180962559565,-4.07505173955072,-3.37703349046971,-1.572978,-1.7892243,0.16187929,332.438,80.57066,-5.3751483,WAL
1862382559000,74.865171,-0.532709998884268,-3.03579928357846,-4.17516105048179,-1.781894,-1.9935588,0.25717425,331.92282,81.089005,-5.197588,WAL
1862387266000,74.869878,-0.985364963145349,-2.2859465880211,-4.54551524886905,-1.9862283,-2.3124304,0.35430184,331.33752,81.632935,-5.038686,WAL
1862392430000,74.875042,-1.48960483519231,-1.50373925099817,-4.9777619556685,-2.200642,-2.6398542,0.4813618,330.72037,82.20202,-4.9624705,WAL
1862397335000,74.879947,-2.061726865,-1.25424242833333,-5.70474417833333,-2.3948972,-2.9034426,0.600786,330.0289,82.77167,-4.904143,WAL
1862402342000,74.884954,-2.64574623365385,-0.99955729253663,-6.44684407413004,-2.5292876,-3.08884,0.72295904,329.32755,83.287704,-4.896868,WAL
1862407311000,74.889923,-2.73691475506798,-1.33494454198599,-6.61364144787804,-2.5815165,-3.2018502,0.82253003,328.57175,83.75769,-4.908475,WAL
1862412288000,74.8949,-2.75655375713844,-1.75718229186238,-6.69710719386073,-2.510656,-3.2601879,0.9117164,327.78006,84.14512,-4.9445214,WAL
1862417333000,74.899945,-2.66227798757213,-2.59977194163293,-6.87244744905693,-2.3429737,-3.2201762,0.9850202,327.00723,84.39374,-5.087958,WAL
1862422315000,74.904927,-2.55954855544742,-3.46680826809922,-7.05325122728447,-2.1132884,-3.0140092,1.0586295,326.27032,84.50433,-5.2501497,WAL
1862427293000,74.909905,-2.39105793509153,-4.63975935550729,-7.10733375271486,-1.840537,-2.6529877,1.1059716,325.57712,84.48706,-5.4318547,WAL
1862432344000,74.914956,-2.17593595479367,-6.03555130594684,-7.07731637382356,-1.5693128,-2.2327125,1.1468995,324.96655,84.36696,-5.6232624,WAL
1862437360000,74.919972,-2.09718822442763,-7.60654210113478,-6.60487245002986,-1.282817,-1.8191566,1.1988231,324.40298,95.865456,-5.85919,WAL
1862442336000,74.924948,-2.08295733993629,-9.25257080430022,-5.92653804748158,-0.9935723,-1.5063937,1.2486086,323.93738,96.14848,-6.09703,WAL
1862447325000,74.929937,-2.12491320883739,-11.1030774281225,-5.27436800375098,-0.7675522,-1.3652838,1.2944235,323.48978,96.504234,-6.371259,WAL
1862452324000,74.934936,-2.19542748100943,-13.0586720911233,-4.63503905105067,-0.6218608,-1.1129965,1.3008375,323.17035,96.87104,-6.6393156,WAL
1862457312000,74.939924,-2.02395504351998,-14.5909179614167,-4.0709027679264,-0.5821546,-0.79351395,1.2889256,322.89795,97.23518,-6.9142213,WAL
1862462298000,74.94491,-1.70744856799565,-15.8711153895924,-3.55126537975861,-0.56230146,-0.39064834,1.2760975,322.72684,97.59005,-7.1794343,WAL
1862467324000,74.949936,-1.12345013162629,-16.4893252619142,-3.12112536856632,-0.643852,0.041233405,1.2730432,322.6514,97.88829,-7.405156,WAL
1862472318000,74.95493,-0.36844367546664,-16.6602705959095,-2.7554932682089,-0.8014552,0.5531385,1.2669345,322.71683,98.18371,-7.6134553,WAL
1862477308000,74.95992,0.465663113432404,-16.1994263486442,-2.33113230470906,-1.0091494,1.061073,1.2165382,322.874,98.36434,-7.7115674,WAL
1862482371000,74.964983,1.36868956287948,-15.2823628086461,-1.85856401089453,-1.2672399,1.4581354,1.1346822,323.14502,98.560524,-7.7922463,WAL
1862487369000,74.969981,1.96164397122913,-14.3540287122913,-1.15332941966313,-1.5155567,1.6676621,1.040609,323.44604,98.617325,-7.7186604,WAL
1862492350000,74.974962,2.28496609809813,-13.4081909809813,-0.23644587099039,-1.7391334,1.6013832,0.890947,323.7726,98.68445,-7.6133475,WAL
1862497354000,74.979966,2.49417537708026,-12.5474778721878,0.438902635803124,-1.9410243,1.2385293,0.6627888,323.9961,98.64236,-7.367469,WAL
1862502359000,74.984971,2.60718900479418,-11.761091524806,0.909792875841438,-2.0683897,0.7131852,0.4016439,324.1408,98.60565,-7.0888643,WAL
1862507344000,74.989956,2.6965127849554,-11.035641640874,1.32996282928736,-2.0964894,0.12217305,0.1423316,324.1279,98.52435,-6.774565,WAL
1862512333000,74.994945,2.76355710416959,-10.3651974486319,1.70349571493435,-2.0244074,-0.5045747,-0.061391957,323.9475,98.42776,-6.428437,WAL
1862517356000,74.999968,2.57806890581569,-9.92363377303907,1.92588638019684,-1.8380935,-1.1652255,-0.22724187,323.60815,98.35155,-6.100819,WAL
1862522350000,75.004962,2.15490910008947,-9.70492248881599,2.00196005815687,-1.6218473,-1.7858646,-0.35094208,323.1018,98.243065,-5.750778,WAL
1862527343000,75.009955,1.65425659562044,-9.57382078479738,1.86877653861062,-1.3930782,-2.2623394,-0.48624873,322.47794,98.1324,-5.4184055,WAL
1862532378000,75.01499,1.07169361995134,-9.52931939416058,1.52490259805353,-1.1759156,-2.5170703,-0.6075055,321.74585,97.972404,-5.068922,WAL
1862537333000,75.019945,0.48606226071579,-9.47319624421053,1.16602363630316,-0.98471475,-2.5809057,-0.698219,320.9571,97.79223,-4.758338,WAL
1862542434000,75.025046,-0.213282530410526,-9.31892858052631,0.636372781237895,-0.8393288,-2.4883597,-0.75747293,320.1494,97.5697,-4.4255276,WAL
1862547351000,75.029963,-0.836332553627509,-9.13458872947724,0.168615388821308,-0.73548174,-2.4135287,-0.7458665,319.30875,97.32129,-4.1291127,WAL
1862552324000,75.034936,-1.28598654804214,-8.82219764052872,-0.153242222267939,-0.677755,-2.2412646,-0.7180721,318.54123,97.06156,-3.8168101,WAL
1862557313000,75.039925,-1.71196814816327,-8.51666067755102,-0.494137160571429,-0.6609562,-2.0891593,-0.61361414,317.8246,96.88686,-3.596699,WAL
1862562306000,75.044918,-2.03725380075802,-8.24249111720117,-0.90771468722449,-0.66798115,-1.9620992,-0.47708577,317.16846,96.72721,-3.3907633,WAL
1862567298000,75.04991,-2.33244171664115,-7.98600775065286,-1.32118022368303,-0.68875057,-1.7928895,-0.321926,316.57574,96.688095,-3.3036735,WAL
1862572314000,75.054926,-2.44058505056281,-7.83893302971634,-1.73645059522738,-0.71929383,-1.5943583,-0.17134771,316.04556,96.67669,-3.248094,WAL
1862577304000,75.059916,-2.5481678329131,-7.6926206578118,-2.14956844889689,-0.7476991,-1.3778065,-0.009773844,315.58463,96.80602,-3.3092527,WAL
1862582339000,75.064951,-2.53784126797923,-7.65664145997404,-2.46141961439853,-0.766025,-1.1508701,0.1301143,315.19366,96.956024,-3.3980036,WAL
1862587326000,75.069938,-2.5084551475969,-7.63066600310077,-2.74306468666667,-0.7959574,-0.93431836,0.24495697,314.87128,97.13175,-3.5158372,WAL
1862592309000,75.074921,-2.36973069698643,-7.60292102606589,-2.79855454416667,-0.8035932,-0.7706065,0.35002577,314.60037,97.39001,-3.6806898,WAL
1862597538000,75.08015,-2.21751284295302,-7.58065300671141,-2.84694692147651,-0.8072584,-0.677755,0.43127087,314.3569,97.7047,-3.8707323,WAL
1862602324000,75.084936,-1.96195595977284,-7.6800362610222,-2.71916847988642,-0.80756384,-0.64873886,0.49235737,314.14676,98.02695,-4.0774703,WAL
1862607332000,75.089944,-1.697850872791,-7.78229802016981,-2.5851970689999,-0.81214535,-0.64812803,0.5183192,313.93915,98.358864,-4.280957,WAL
1862612305000,75.094917,-1.47686197628591,-7.8622301700464,-2.44884211245928,-0.8240572,-0.67103547,0.5329799,313.73676,98.69335,-4.4933,WAL
1862617454000,75.100066,-1.25476453691753,-7.94635939676431,-2.31227519454709,-0.84391034,-0.7147123,0.528093,313.51788,98.98699,-4.664179,WAL
1862622314000,75.104926,-1.12891519829653,-8.04284377873817,-2.24096066277603,-0.8924741,-0.7788532,0.5137377,313.28906,99.28439,-4.8326926,WAL
1862627301000,75.109913,-0.999777204118973,-8.14184946040559,-2.16778256196485,-0.9440922,-0.840856,0.48288897,313.03525,99.54847,-4.965329,WAL
1862632348000,75.11496,-0.922355568429909,-8.10915102424019,-2.14220959512041,-1.0036516,-0.8891144,0.44898596,312.76953,99.816826,-5.0893164,WAL
1862637302000,75.119914,-0.857494324450521,-8.04927920690924,-2.12724162776317,-1.0809261,-0.93554014,0.41538838,312.48862,100.09083,-5.2016463,WAL
1862642311000,75.124923,-0.925402833501896,-7.98434473072061,-2.11745508369153,-1.1640037,-0.95722586,0.38606682,312.19217,100.34677,-5.2809467,WAL
1862647317000,75.129929,-1.00466037840124,-7.91907390016532,-2.10813067237188,-1.2324207,-0.95203346,0.36377025,311.8927,100.60832,-5.3486586,WAL
1862652319000,75.134931,-1.19027387384506,-7.83659136659559,-2.01194629651741,-1.2660183,-0.9080512,0.35827246,311.58652,100.8637,-5.3981795,WAL
1862657285000,75.139897,-1.3906672767286,-7.75208808735912,-1.90329925202559,-1.3225232,-0.86132,0.34422258,311.28464,101.13219,-5.43439,WAL
1862662306000,75.144918,-1.59328009909635,-7.66664890792974,-1.79344890760483,-1.3808609,-0.84421575,0.36071593,310.98886,101.427444,-5.500449,WAL
1862667258000,75.14987,-1.79310855883846,-7.58238385783328,-1.68510815764037,-1.4263704,-0.8561276,0.38453966,310.7005,101.726524,-5.559583,WAL
1862672312000,75.154924,-2.25104521475208,-7.87347335607494,-1.4323252842165,-1.4654657,-0.86742866,0.42852196,310.4214,102.037224,-5.6240654,WAL
1862677294000,75.159906,-2.72509161321915,-8.19401895088948,-1.17047102479182,-1.4758505,-0.88025683,0.48624873,310.14285,102.350395,-5.6955857,WAL
1862682322000,75.164934,-2.98618809550562,-8.50705548876405,-1.03518287345506,-1.4862351,-0.8921687,0.5467244,309.8921,102.68884,-5.8546715,WAL
1862687254000,75.169866,-3.19257372097378,-8.81171988576779,-0.931990086376405,-1.4688255,-0.87781334,0.6188065,309.6519,103.02317,-6.026127,WAL
1862692312000,75.174924,-3.27368224345182,-9.05650573760524,-0.763721230191768,-1.4413365,-0.87109387,0.6737844,309.44473,103.34371,-6.283924,WAL
1862697315000,75.179927,-3.3364305808232,-9.28957112441534,-0.588922564490178,-1.4059063,-0.8689558,0.71868294,309.2474,103.65752,-6.549616,WAL
1862702319000,75.184931,-3.33697691320404,-9.54073639488343,-0.434086009535795,-1.349096,-0.8582657,0.7623598,309.0638,103.95129,-6.8536363,WAL
1862707284000,75.189896,-3.31735701966165,-9.79579470363111,-0.286936690168145,-1.2907583,-0.8762862,0.7984009,308.87888,104.23375,-7.159291,WAL
1862712302000,75.194914,-3.24048481754369,-10.1080828589551,-0.178174312565495,-1.2134838,-0.8863655,0.8381071,308.70236,104.465256,-7.474911,WAL
1862717327000,75.199939,-3.15004411960158,-10.4336695226461,-0.0786896354888179,-1.1227703,-0.8765916,0.86193085,308.53333,104.67736,-7.7846317,WAL
1862722315000,75.204927,-2.94635016822136,-10.8169681106802,-0.0375493925936485,-1.022283,-0.87598073,0.8875872,308.35864,104.84714,-8.097679,WAL
1862727299000,75.209911,-2.69121230761975,-11.2271898098732,-0.0225412798893198,-0.9083566,-0.8897252,0.9120218,308.19095,104.99378,-8.40597,WAL
1862732382000,75.214994,-2.30067259490347,-11.5210189722008,-0.0996468586590734,-0.78038037,-0.8915578,0.9294315,308.02832,105.098366,-8.702368,WAL
1862737319000,75.219931,-1.88536910501931,-11.7720263455598,-0.200049877578185,-0.63804877,-0.8921687,0.9465357,307.87054,105.1786,-8.995685,WAL
1862742312000,75.224924,-1.373314075,-11.93365895,-0.4309563,-0.46914452,-0.88147855,0.93859446,307.70807,105.21456,-9.254941,WAL
1862747371000,75.229983,-0.815765348759921,-12.0586267895833,-0.719343591230159,-0.3145956,-0.86926126,0.93615097,307.5536,105.22992,-9.511321,WAL
1862752316000,75.234928,-0.125784083194979,-12.1222807930755,-1.05545753433489,-0.2415972,-0.82894415,0.8933904,307.38715,105.19974,-9.685207,WAL
1862757311000,75.239923,0.63451918735574,-12.1610221303908,-1.41865969041911,-0.1160644,-0.7489208,0.8539896,307.2416,105.130806,-9.850396,WAL
1862762306000,75.244918,1.35776800582524,-12.1587321456311,-1.71350451067961,-0.01740966,-0.6420194,0.80664754,307.06198,105.06127,-9.944164,WAL
1862767326000,75.249938,2.06968430022556,-12.139873546043,-1.98224115479062,0.06872234,-0.5421429,0.74189585,306.90576,104.9626,-10.015134,WAL
1862772316000,75.254928,2.62980159955801,-12.1435599779006,-2.11407213127072,0.10048734,-0.4447099,0.65240407,306.71817,104.86234,-9.994248,WAL
1862777331000,75.259943,3.12189843677549,-12.1580332024108,-2.18161488677047,0.105068825,-0.3707952,0.5314528,306.551,104.734406,-9.941965,WAL
1862782325000,75.264937,3.26552824833514,-12.2079955123012,-2.09877694720877,0.06963864,-0.3191771,0.37201694,306.3524,104.59756,-9.7905445,WAL
1862787318000,75.26993,3.25135466003359,-12.2741393190396,-1.94759185732635,-0.0009162979,-0.28252518,0.1572978,306.16498,104.43619,-9.588295,WAL
1862792310000,75.274922,2.93725907559437,-12.4252308364871,-1.68798071057739,-0.089186326,-0.2874121,-0.069027774,305.94724,104.25117,-9.298352,WAL
1862797350000,75.279962,2.46418995419699,-12.62195272295,-1.36947872979136,-0.16249016,-0.29138273,-0.25228736,305.73605,104.05305,-8.962764,WAL
1862802317000,75.284929,1.8468977965342,-12.8022992823475,-1.09378375711645,-0.20861048,-0.312763,-0.36987892,305.51624,103.83977,-8.599751,WAL
1862807313000,75.289925,1.12611651908503,-12.9747559385397,-0.841731401478743,-0.2302962,-0.32284227,-0.4184427,305.2975,103.62794,-8.211107,WAL
1862812309000,75.294921,0.448782284239305,-13.1703331968479,-0.739194564039884,-0.2049453,-0.28160888,-0.3943135,305.11697,103.41652,-7.883592,WAL
1862817328000,75.29994,-0.17478210714056,-13.3970841585719,-0.831956198809907,-0.13530666,-0.1685988,-0.344528,304.957,103.20542,-7.553349,WAL
1862822315000,75.304927,-0.522234783634548,-13.6598476979531,-0.953191083634548,-0.037873644,0.007330383,-0.28099802,304.85666,103.005196,-7.336402,WAL
1862827339000,75.309951,-0.666360225551673,-13.9529026595107,-1.09731652555167,0.10476339,0.22999077,-0.22602014,304.807,102.79129,-7.1284013,WAL
1862832324000,75.314936,-0.671691635776032,-14.23297506778,-1.05184947500982,0.29046643,0.4569272,-0.20769419,304.81573,102.59385,-7.001872,WAL
1862837319000,75.319931,-0.573011976100197,-14.5055190486248,-0.863888213811395,0.48502702,0.63071835,-0.23396139,304.87503,102.36834,-6.874237,WAL
1862842311000,75.324923,-0.437277893413379,-14.7639043965123,-0.640342904499714,0.6973027,0.70005155,-0.28588495,304.9535,102.12106,-6.7681527,WAL
1862847336000,75.329948,-0.267603036638079,-15.011537679817,-0.383537717678674,0.9007208,0.82344633,-0.32162055,305.0971,101.836235,-6.6532526,WAL
1862852313000,75.334925,-0.125861723573238,-15.2280428091395,-0.158008782205123,1.0118983,0.8720101,-0.3839288,305.2412,101.49211,-6.51268,WAL
1862857313000,75.339925,-0.0180249214713334,-15.4077711567045,0.0307056308567139,1.2351695,0.86926126,-0.46181414,305.40427,101.07699,-6.3612947,WAL
1862862290000,75.344902,0.0620071042318406,-15.5547968533319,0.194629569622884,1.450805,0.8017606,-0.54244834,305.5722,100.59554,-6.173674,WAL
1862867327000,75.349939,0.0775111888193701,-15.6271490897793,0.30315816173559,1.6569719,0.72295904,-0.6068946,305.73462,100.06929,-5.977624,WAL
1862872313000,75.354925,0.0964612699653431,-15.544415768888,0.355702654601446,1.8432859,0.63071835,-0.7119634,305.86743,99.459465,-5.743926,WAL
1862877307000,75.359919,0.120140138740469,-15.2602690864442,0.336759565515398,2.022575,0.5513059,-0.829555,305.9815,98.810974,-5.499717,WAL
1862882313000,75.364925,0.136075830126326,-14.8389795903992,0.333613564683173,2.191479,0.49510628,-0.960891,306.07977,98.11257,-5.2309012,WAL
1862887321000,75.369933,0.140922784588176,-14.2234161712986,0.353001392652855,2.392759,0.44593164,-1.0580186,306.1595,97.37887,-4.95034,WAL
1862892271000,75.374883,0.0563429234435798,-13.6644730252918,0.316295473540856,2.6166413,0.42088616,-1.1395692,306.22037,96.611084,-4.646559,WAL
1862897331000,75.379943,-0.151067608657588,-13.1600884844358,0.203162457821012,2.866485,0.4279111,-1.2226468,306.2807,95.81467,-4.325681,WAL
1862902247000,75.384859,-0.424591961169845,-12.7639562921648,0.0787851133267464,3.1264083,0.46181414,-1.3090842,306.34106,95.006584,-3.995337,WAL
1862907313000,75.389925,-0.832048624305899,-12.5194823743701,-0.0746103333801008,3.3680055,0.49602258,-1.3784174,306.41144,94.21872,-3.6579194,WAL
1862912261000,75.394873,-1.28422391249381,-12.3555025857525,-0.296344908532646,3.5677586,0.5516113,-1.4367551,306.49866,93.5431,-3.348743,WAL
1862917323000,75.399935,-1.85099097069256,-12.3314870494402,-0.661381331308828,3.709479,0.65057147,-1.4792101,306.61902,93.0432,-3.0376709,WAL
1862922246000,75.404858,-2.39188026975942,-12.3616165468226,-1.10429314062302,3.7577376,0.8268061,-1.5167783,306.7703,87.078064,-2.8163774,WAL
1862927317000,75.409929,-2.92718733664334,-12.5059167050704,-1.74666161116266,3.7342193,1.074512,-1.5152513,306.9847,86.86638,-2.6106744,WAL
1862932297000,75.414909,-3.4406471291637,-12.6354346282979,-2.28536249359275,3.62182,1.3148874,-1.491122,307.2519,86.380165,-2.5080829,WAL
1862937355000,75.419967,-3.92420316114903,-12.7291851245798,-2.5468775293878,3.424205,1.4159856,-1.4333953,307.5611,85.79444,-2.4304113,WAL
1862942294000,75.424906,-4.40009645652599,-12.8447078317702,-2.75443695718054,3.2366695,1.3952162,-1.3808609,307.90768,85.20882,-2.365777,WAL
1862947516000,75.430128,-4.91309571697929,-13.0303643182884,-2.84726535348769,3.150843,1.3026701,-1.3631458,308.26672,84.61837,-2.3184483,WAL
1862952365000,75.434977,-5.38250355572418,-13.2139018582946,-2.90117933156597,2.893974,1.1633929,-1.3616186,308.62112,84.09653,-2.2819905,WAL
1862957348000,75.43996,-5.84419034525277,-13.4356928581998,-2.86044223131936,2.812118,0.9755518,-1.3732251,308.9382,83.54806,-2.251504,WAL
1862962350000,75.444962,-6.30251145020168,-13.644782463957,-2.81904286588065,2.658791,0.70280045,-1.4223998,309.21518,83.06361,-2.2347555,WAL
1862967303000,75.449915,-6.7244077750543,-13.7674267146551,-2.77489088440377,2.5332582,0.35735616,-1.509448,309.4222,82.602165,-2.2007432,WAL
1862972340000,75.454952,-7.03685665886525,-13.8026732448307,-2.80543611343522,2.4016168,0.14385876,-1.6551393,309.6161,82.15266,-2.1748786,WAL
1862977333000,75.459945,-6.88401065957447,-13.4826514210369,-3.13501087141145,2.1526892,0.08582657,-1.7846428,309.76166,81.78118,-2.1255949,WAL
1862982340000,75.464952,-6.67484857379839,-13.1107168978008,-3.39881720179122,1.8524488,0.15271631,-1.8270979,309.90997,81.434135,-2.095566,WAL
1862987355000,75.469967,-6.23992760201015,-12.5324153842173,-3.3940378553886,1.525636,0.23518312,-1.8356501,310.0514,81.175896,-2.0397458,WAL
1862992312000,75.474924,-5.78355454492925,-11.906306295537,-3.36783560858128,1.3203852,0.2556471,-1.7773124,310.1688,81.008484,-1.9511149,WAL
1862997327000,75.479939,-5.20412038042453,-11.0306201498549,-3.24584946389695,1.2104294,0.27855456,-1.6282613,310.30487,80.90278,-1.8929535,WAL
1863002624000,75.485236,-4.58061691209252,-10.1262688830554,-3.14549934889726,1.2641857,0.5589417,-1.4498887,310.49554,80.8118,-1.8120111,WAL
1863007315000,75.489927,-3.7783020856482,-9.77344411210328,-3.67715392221625,1.4257594,1.0375546,-1.289842,310.7408,80.7156,-1.7823555,WAL
1863012287000,75.494899,-2.94750197957387,-9.44163031449435,-4.06532165809743,1.636508,1.3368785,-1.1988231,310.9845,80.571075,-1.7085844,WAL
1863017360000,75.499972,-2.25255461727518,-9.43191057437231,-3.09336713205962,1.7681495,1.4052955,-1.1572843,311.29135,80.40067,-1.6827395,WAL
1863022300000,75.504912,-1.58906238489069,-9.43732673900135,-2.18781827897976,1.8325957,1.3875804,-1.1184943,311.56567,80.294266,-1.5686737,WAL
1863027319000,75.509931,-1.01391373068826,-9.55408633468286,-1.57374981975709,1.8955148,1.4688255,-1.0806206,311.88263,80.15113,-1.4799609,WAL
1863032324000,75.514936,-0.440369396302294,-9.67052024111561,-0.961394243265857,2.0115793,1.7037032,-1.0604621,312.23126,79.8486,-1.3506773,WAL
1863037355000,75.519967,-0.327671681059687,-9.79756981253325,-0.364680819366954,2.149024,1.8713857,-1.0952814,312.5825,79.5249,-1.2257164,WAL
1863042614000,75.525226,-0.247990186473978,-9.92899950425049,0.225544791370549,2.2461514,1.9358319,-1.1319333,312.96762,79.182434,-1.1207826,WAL
1863047392000,75.530004,-0.00163096440918109,-10.0197632262681,0.407072637069992,2.2418754,1.9199494,-1.1349876,313.32443,78.7216,-0.9812779,WAL
1863052315000,75.534927,0.252204625843015,-10.1132813935959,0.594109385579484,2.196977,1.8579466,-1.103528,313.69034,78.13498,-0.8612356,WAL
1863057354000,75.539966,0.501589342949365,-9.9822222365342,0.296875217654226,2.0485365,1.7470746,-1.0946705,314.03983,77.59115,-0.74383694,WAL
1863062310000,75.544922,0.74574862755699,-9.82902439812387,-0.0478202781964898,1.8768835,1.7287487,-1.0641272,314.39468,77.07796,-0.6556356,WAL
1863067369000,75.549981,0.797336538114795,-9.55332269868777,-0.651438739101673,1.7492126,1.736079,-1.0299188,314.70132,76.55094,-0.5255699,WAL
1863072248000,75.55486,0.830099929710508,-9.27717413332665,-1.25522080304377,1.6942347,1.7272215,-0.9789116,314.9953,76.0638,-0.41870627,WAL
1863077379000,75.559991,0.55255618244607,-8.92379848417752,-2.0050837647629,1.6624697,1.8026633,-0.9242391,315.26944,75.64839,-0.27154717,WAL
1863082312000,75.564924,0.256253069305331,-8.57811205169629,-2.73686260161551,1.640784,1.9532416,-0.8597928,315.55658,75.25458,-0.15754022,WAL
1863087351000,75.569963,-0.128598161417212,-8.22379484150981,-3.30206369292401,1.6404786,2.1157317,-0.7910705,315.82867,74.93963,-0.025107773,WAL
1863092242000,75.574854,-0.519915074067438,-7.87962420521389,-3.8112471678309,1.6261233,2.2925773,-0.7330383,316.13937,74.64099,0.070603676,WAL
1863097400000,75.580012,-0.803238045224474,-7.57699978945173,-4.11681313792213,1.6166549,2.4492643,-0.6795876,316.48984,74.44506,0.1487856,WAL
1863102255000,75.584867,-1.04338113976162,-7.30452984040524,-4.35695615530393,1.6041322,2.5616634,-0.6453791,316.86914,74.25707,0.19949488,WAL
1863107345000,75.589957,-1.18286718189317,-7.08722735553767,-4.34591071793582,1.5824465,2.6627617,-0.61453044,317.2981,74.12499,0.20230037,WAL
1863112272000,75.594884,-1.29203663548939,-6.89262086714616,-4.27471331284579,1.5757269,2.69697,-0.59498274,317.73306,73.99425,0.19028601,WAL
1863117355000,75.599967,-1.37103311404991,-6.69569813061505,-4.17119612963254,1.5613716,2.6933048,-0.591623,318.18808,73.879196,0.14459863,WAL
1863122321000,75.604933,-1.4411230955787,-6.50411865260366,-4.06372472703871,1.5143349,2.6429086,-0.60231316,318.6349,73.77688,0.09429422,WAL
1863127335000,75.609947,-1.55755405844297,-6.23794568157088,-3.76596062572955,1.4669929,2.5864034,-0.61361414,319.0957,73.64937,0.025790796,WAL
1863132394000,75.615006,-1.68695606202394,-5.95038564581066,-3.41609606985854,1.4193454,2.5100453,-0.6420194,319.53534,73.537025,-0.03354818,WAL
1863137356000,75.619968,-1.79949766218119,-5.63398842709571,-2.93651923053296,1.3530666,2.4291058,-0.6765333,319.98187,73.41649,-0.09658746,WAL
1863142359000,75.624971,-1.90899754888015,-5.30548904141146,-2.4152997936283,1.2571607,2.3906212,-0.7171558,320.41794,73.31985,-0.15149376,WAL
1863147378000,75.62999,-1.9829406008211,-4.94900851866981,-1.84261971481063,1.1896601,2.3014348,-0.73426,320.8785,73.17611,-0.2225947,WAL
1863152367000,75.634979,-2.03197955720004,-4.57631198933593,-1.23944009049574,1.0332786,2.1994202,-0.75747293,321.32507,73.08738,-0.28102073,WAL
1863157348000,75.63996,-2.0795698300216,-4.24475930279796,-0.684213279020224,0.8518516,2.0885482,-0.7684685,321.8224,72.93281,-0.3745668,WAL
1863162341000,75.644953,-2.12651373563715,-3.93493002572158,-0.153747890642058,0.6948592,1.9795089,-0.7770206,322.29074,72.81813,-0.45898163,WAL
1863167360000,75.649972,-2.19114309769535,-3.67662527251236,0.304379519145401,0.5195409,1.8817704,-0.75869465,322.79892,72.65695,-0.57536775,WAL
1863172359000,75.654971,-2.26690870316518,-3.45406351285856,0.711620191216617,0.35002577,1.7763962,-0.7315111,323.27228,72.53997,-0.6868159,WAL
1863177350000,75.659962,-2.35523923869591,-3.320883727974,1.03525319292645,0.18753563,1.6948457,-0.70371675,323.774,72.361755,-0.83976424,WAL
1863182391000,75.665003,-2.45361015204735,-3.25061871300213,1.30225993677469,0.036651913,1.6123788,-0.6585127,324.24008,72.227684,-1.0001305,WAL
1863187353000,75.669965,-2.53268175347484,-3.25349114164711,1.45753066530258,-0.11484267,1.5406022,-0.6270532,324.70923,72.0247,-1.203421,WAL
1863192329000,75.674941,-2.59590300396979,-3.32157560822533,1.51588869971426,-0.2574797,1.4721853,-0.5833763,325.149,71.85957,-1.418881,WAL
1863197378000,75.67999,-2.60797119244892,-3.38135114868226,1.5472239132366,-0.37782016,1.4205672,-0.56413406,325.57526,71.637764,-1.6773113,WAL
1863202358000,75.68497,-2.57972558214392,-3.43313444806041,1.55663901835949,-0.5006041,1.3295482,-0.53023106,325.9643,71.45363,-1.943388,WAL
1863207350000,75.689962,-2.51316781717373,-3.43537510446403,1.49789119865416,-0.6215554,1.2556335,-0.5030475,326.34637,71.27885,-2.219723,WAL
1863212344000,75.694956,-2.41344429678703,-3.39457908012511,1.38003596989859,-0.7498371,1.162782,-0.46853364,326.69232,71.13698,-2.496863,WAL
1863217354000,75.699966,-2.29650019634189,-3.38537256728808,1.25365223686247,-0.850019,1.074512,-0.4428773,327.01367,71.0234,-2.7648325,WAL
1863222353000,75.704965,-2.15697358737249,-3.41905137361942,1.11653125691674,-0.95172805,0.98807454,-0.40775254,327.30377,70.94127,-3.0345948,WAL
1863227331000,75.709943,-2.01803310738656,-3.45258870066831,0.979986300291443,-1.0546589,0.9034697,-0.38362336,327.56473,70.93102,-3.269033,WAL
1863232425000,75.715037,-1.87585496253957,-3.48690753232501,0.840259500562786,-1.1410962,0.83016586,-0.35460728,327.79904,70.93813,-3.505378,WAL
1863237338000,75.71995,-1.77087547457864,-3.56846310846714,0.721798172893188,-1.2266175,0.7852673,-0.33017266,328.01038,70.961845,-3.740089,WAL
1863242353000,75.724965,-1.70381776743792,-3.71215818805226,0.621211637189588,-1.2999213,0.6976081,-0.31795537,328.18643,71.00031,-3.965643,WAL
1863247326000,75.729938,-1.66020239289029,-3.85198128284783,0.581463561765577,-1.3396275,0.59742624,-0.29626966,328.31686,71.153824,-4.121218,WAL
1863252359000,75.734971,-1.64592367199566,-3.99000848743952,0.619540018287746,-1.4205672,0.5009095,-0.26725355,328.42007,71.33187,-4.2721634,WAL
1863257244000,75.739856,-1.68019131494094,-4.15340718985236,0.689754388659449,-1.500285,0.39920044,-0.24678956,328.48184,71.55738,-4.3911405,WAL
1863262353000,75.744965,-1.79095332866142,-4.37011543165354,0.814963638614173,-1.5635096,0.28771752,-0.21135938,328.50815,71.79114,-4.5103025,WAL
1863267262000,75.749874,-1.91770629015285,-4.57628344382716,0.962410004614932,-1.6230689,0.19120082,-0.19028452,328.50168,72.037094,-4.6167784,WAL
1863272334000,75.754946,-2.08428232950225,-4.78569338292181,1.16230124189496,-1.681712,0.074830994,-0.14721853,328.45206,72.289215,-4.7248187,WAL
1863277261000,75.759873,-2.26399939986038,-5.13058591553805,1.37611185080283,-1.7391334,0.015882496,-0.0983493,328.39633,72.52698,-4.8549533,WAL
1863282346000,75.764958,-2.48740733064725,-5.78623968939862,1.6383732487783,-1.8032742,-0.046731193,-0.023823744,328.30057,72.77001,-4.9898877,WAL
1863287286000,75.769898,-2.68926186171829,-6.44542637638808,1.97843995899084,-1.8713857,-0.061391957,0.08002335,328.20557,72.96292,-5.1776032,WAL
1863292313000,75.774925,-2.86277401113384,-7.16292265312683,2.5036662172706,-1.9104811,-0.03145956,0.2284636,328.0957,73.1472,-5.3904333,WAL
1863297298000,75.77991,-2.99253779457487,-7.96991067290952,3.05643471325068,-1.9028453,-0.02321288,0.36285394,327.9779,73.27852,-5.650852,WAL
1863302353000,75.784965,-3.00956433954981,-9.04684035373253,3.70344386677218,-1.8393153,0.027794369,0.5177083,327.86694,73.38057,-5.9536357,WAL
1863307538000,75.79015,-2.99936222979869,-10.1965514960168,4.39628642834535,-1.6630806,0.13836098,0.6392705,327.7553,73.31628,-6.3162527,WAL
1863312238000,75.79485,-2.4372700078157,-12.1396463017009,5.60769217600388,-1.3515394,0.23884831,0.70921457,327.64902,73.18881,-6.693462,WAL
1863317232000,75.799844,-1.78844448501252,-14.1203055661124,6.89930038674747,-0.91354895,0.22937989,0.66248333,327.51178,72.86883,-7.0408535,WAL
1863322231000,75.804843,-0.781368837357909,-15.5206212097566,8.2228855115897,-0.41630468,0.13164146,0.591623,327.37653,72.470985,-7.380305,WAL
1863327216000,75.809828,0.250762453050797,-16.8286551279431,9.42715694639816,0.090713486,0.13469578,0.38240165,327.24225,71.98787,-7.532204,WAL
1863332246000,75.814858,1.48629617242561,-17.5332945788999,9.83739247790803,0.57787853,0.1731803,0.08674286,327.10443,71.447784,-7.624306,WAL
1863337233000,75.819845,2.6948348047836,-18.1846545330296,10.1232951548975,0.99021256,0.29138273,-0.083383106,326.9648,70.89759,-7.528229,WAL
1863342249000,75.824861,3.80335053610974,-18.5319582596811,9.62374934525106,1.1575897,0.5320636,-0.37782016,326.9062,70.368324,-7.343685,WAL
1863347253000,75.829865,4.7132567997399,-18.7222674039616,9.12876174889956,1.4052955,0.79290307,-0.52473325,326.84814,69.900085,-6.9986563,WAL
1863352254000,75.834866,4.15746854346739,-17.7448465687275,8.65921657813125,1.4908166,0.9505063,-0.5103779,326.84723,69.445465,-6.659113,WAL
1863357236000,75.839848,3.5276900707276,-16.6149600780135,8.17277775578906,1.4257594,1.0479393,-0.4728097,326.84286,69.152596,-6.1768203,WAL
1863362299000,75.844911,2.2972412961935,-14.2549973084853,7.53352140840603,1.2562444,1.112691,-0.42424592,326.8829,68.84671,-5.747372,WAL
1863367239000,75.849851,1.06903831730449,-11.7905733630616,6.84865431902385,1.0253373,1.1517864,-0.37995818,326.98224,68.52907,-5.4480047,WAL
1863372242000,75.854854,-0.427958759983361,-7.8133445854132,5.59525149885376,0.7797695,1.1774428,-0.35308012,327.09506,68.25944,-5.1795783,WAL
1863377250000,75.859862,-1.92645193668885,-3.83214096389351,4.34059602745424,0.52931476,1.1814134,-0.29565877,327.2802,67.94588,-5.1291075,WAL
1863382244000,75.864856,-2.32624988508417,-3.02315384884935,3.76039648357128,0.27977628,1.1621711,-0.19822577,327.45746,67.702484,-5.101389,WAL
1863387331000,75.869943,-2.65819169048663,-2.47783182257782,3.24366981806225,0.052534413,1.1194105,-0.059253927,327.6172,67.52114,-5.1015534,WAL
1863392240000,75.874852,-2.97559329732573,-2.69218101556335,3.08290805245068,-0.15424347,1.0216721,0.087659165,327.8621,67.27178,-5.364343,WAL
1863397273000,75.879885,-3.30101238211311,-2.91194461065322,2.91808548852258,-0.37568212,0.7635816,0.27214047,328.03757,67.09562,-5.704366,WAL
1863402337000,75.884949,-3.47941239985787,-3.85720924227411,2.8593954222335,-0.64721173,0.39553526,0.45723262,328.14294,66.97306,-6.061822,WAL
1863407247000,75.889859,-3.61307934869036,-4.96473546095432,2.83075242629442,-0.9978484,-0.108123146,0.6239988,328.12738,66.91246,-6.4199767,WAL
1863412333000,75.894945,-3.80337907048467,-6.40858692686449,2.49677297738872,-1.3854424,-0.7825184,0.7263188,327.8995,66.91728,-6.8280845,WAL
1863417267000,75.899879,-3.99967799206726,-7.87615510601385,2.10417503661721,-1.745242,-1.462106,0.7855727,327.53683,66.98674,-7.204615,WAL
1863422352000,75.904964,-4.4716899548355,-9.6749324541795,1.39834036593977,-2.0069978,-2.087021,0.8237518,326.99408,67.179474,-7.53516,WAL
1863427272000,75.909884,-4.99621066092834,-11.4873392268661,0.639658526599741,-2.1743748,-2.6975808,0.8744536,326.28333,67.42255,-7.802007,WAL
1863432478000,75.91509,-5.99026113278268,-13.3821486516662,-0.466642272321276,-2.2308798,-3.202461,0.9379836,325.4654,67.82165,-7.9902005,WAL
1863437343000,75.919955,-7.02974891185797,-15.1470660816482,-1.5769035938631,-2.1826215,-3.3771684,0.9783007,324.57867,68.219734,-8.1537485,WAL
1863442345000,75.924957,-7.54594918477042,-16.3378778149064,-2.42863232094306,-2.0967948,-3.5647042,1.0067059,323.55035,68.76303,-8.293556,WAL
1863447465000,75.930077,-7.81631020311817,-17.265496333777,-3.16513324764711,-1.8035797,-3.4413095,1.0268645,322.56326,69.215904,-8.455234,WAL
1863452230000,75.934842,-6.99405520653436,-17.9044938883142,-3.08802529977832,-1.3613132,-3.0158417,1.0387764,321.62177,69.74068,-8.712075,WAL
1863457253000,75.939865,-5.33353534413597,-18.4122972892431,-2.44311388299377,-0.8530733,-2.4049764,0.9550878,320.77884,70.153145,-8.971475,WAL
1863462274000,75.944886,-3.54547532548879,-18.2914119914014,-1.30250553367182,-0.35643986,-1.7635679,0.7684685,320.05865,70.54761,-9.240515,WAL
1863467261000,75.949873,-1.70725385268707,-17.8660794448767,0.0712716773538744,0.018325957,-1.2626585,0.53878313,319.4861,70.83554,-9.505585,WAL
1863472253000,75.954865,-0.593765895413707,-16.6441098224112,0.799467390744372,0.16829337,-0.999681,0.34025195,318.96347,71.13729,-9.561459,WAL
1863477238000,75.95985,0.232555894051026,-15.1108769384692,1.27233355317059,0.1863139,-0.84940815,0.15668693,318.57104,71.39763,-9.587155,WAL
1863482275000,75.964887,0.749843772610633,-13.3577311773092,1.22986160498367,0.080634214,-0.7348709,-0.004276057,318.1808,71.648674,-9.395905,WAL
1863487254000,75.969866,1.13693412388476,-11.5450153446193,0.984389737905158,-0.076358154,-0.698219,-0.14721853,317.82788,71.92502,-9.17053,WAL
1863492229000,75.974841,1.32934473648132,-9.81390225125037,0.314783646866726,-0.25717425,-0.74281216,-0.22021692,317.461,72.184715,-8.882452,WAL
1863497287000,75.979899,1.43860314160047,-8.08951908973227,-0.554533458976169,-0.4474588,-0.8573494,-0.25259277,317.09576,72.49505,-8.572156,WAL
1863502252000,75.984864,1.18782329057692,-6.568469053125,-1.52715534375,-0.6750061,-0.9654725,-0.22296582,316.7309,72.84155,-8.255784,WAL
1863507254000,75.989866,0.751205724599359,-5.12427246484375,-2.56832034114583,-0.86406887,-1.0219775,-0.11362094,316.34613,73.21624,-7.95361,WAL
1863512262000,75.994874,0.193089286479069,-4.0261115168241,-3.29646214000199,-1.0219775,-1.0592403,0.007941248,315.91397,73.66408,-7.6905217,WAL
1863517250000,75.999862,-0.42438952250174,-3.10939300068609,-3.86169275748235,-1.1582005,-1.1603385,0.13133603,315.43985,74.138176,-7.451808,WAL
1863522251000,76.004863,-0.908689704998048,-2.34380094695431,-4.13946528367825,-1.3408492,-1.3219124,0.26908615,314.90164,74.65776,-7.3330493,WAL
1863527263000,76.009875,-1.32101966477938,-1.65970810583756,-4.26129005564233,-1.5833627,-1.6169603,0.39003745,314.29016,75.209496,-7.2258477,WAL
1863532244000,76.014856,-1.67590356504664,-1.22530002150221,-4.29266614216986,-1.8787161,-1.7757853,0.5112942,313.6773,75.77177,-7.253346,WAL
1863537364000,76.019976,-2.00327339911635,-0.946072866273932,-4.26378069572901,-2.007914,-2.101682,0.5717699,312.93283,76.33427,-7.263331,WAL
1863542345000,76.024957,-2.26629817873541,-0.963852406581213,-4.20143426467381,-2.2052236,-2.4153612,0.6637051,312.17688,76.90382,-7.3793826,WAL
1863547362000,76.029974,-2.49150336139277,-1.18905763722977,-4.11410962196288,-2.2941043,-2.7085764,0.711658,311.33667,77.453476,-7.4812465,WAL
1863552324000,76.034936,-2.53209075476143,-1.56546768910811,-4.22513782236763,-2.2727242,-2.9055805,0.745561,310.45044,77.937294,-7.649387,WAL
1863557315000,76.039927,-2.38293290603986,-2.10436023776928,-4.54269966790819,-2.160325,-2.886949,0.8026769,309.54428,78.37528,-7.832137,WAL
1863562297000,76.044909,-2.2626716538206,-2.84752522657807,-4.62346608737542,-1.9416351,-2.754086,0.8341365,308.61557,78.714165,-8.0527315,WAL
1863567308000,76.04992,-2.17087692412161,-3.80412416806604,-4.46403284638075,-1.6566665,-2.6169467,0.8222246,307.70227,78.981285,-8.2713175,WAL
1863572339000,76.054951,-2.07212663153724,-4.90854618470681,-4.17047925174326,-1.3897184,-2.4700336,0.8347474,306.81744,79.23323,-8.470864,WAL
1863577308000,76.05992,-1.96843035417987,-6.13404731775951,-3.7556941915313,-1.131017,-2.35794,0.87995136,305.96912,79.40082,-8.675128,WAL
1863582296000,76.064908,-1.9846837230828,-7.61098340685703,-3.25494807199885,-0.86376345,-2.3341162,0.91232723,305.12744,79.49899,-8.885632,WAL
1863587320000,76.069932,-2.12712762949098,-9.35707040859517,-2.66219759024926,-0.66156703,-2.346639,0.88789266,304.31506,79.5464,-9.093403,WAL
1863592278000,76.07489,-2.16880204210526,-11.1011244603751,-2.41377815021174,-0.5354234,-2.266921,0.86132,303.53366,79.541794,-9.29136,WAL
1863597327000,76.079939,-2.05666995263158,-12.909862785239,-2.68679546908651,-0.47067168,-1.9807305,0.8622363,302.81662,79.5064,-9.49068,WAL
1863602307000,76.084919,-1.79283966253203,-14.4211890893044,-3.09604978015564,-0.4361578,-1.416902,0.8750645,302.20877,79.4272,-9.687903,WAL
1863607312000,76.089924,-1.31065467558129,-15.5538689910791,-3.70560425097276,-0.46609017,-0.63194007,0.8943067,301.75656,79.34257,-9.89086,WAL
1863612265000,76.094877,-0.730398580072391,-16.3208387629198,-4.15339334065956,-0.58001655,0.18417588,0.8897252,301.42374,79.32436,-10.047278,WAL
1863617328000,76.09994,0.108112206213553,-16.2623378493867,-4.24114466005429,-0.8173377,0.906524,0.8518516,301.2969,79.31117,-10.204962,WAL
1863622250000,76.104862,0.863249239832677,-15.8934992346457,-4.09991687610236,-1.1313224,1.4004086,0.7648033,301.25244,79.412224,-10.268196,WAL
1863627325000,76.109937,1.50426374844488,-14.7980345102362,-3.43498378259843,-1.4556919,1.5048665,0.64568454,301.30334,79.510155,-10.312388,WAL
1863632295000,76.114907,1.9618097448525,-13.6460311077664,-2.68929717587799,-1.7281377,1.3756685,0.49754974,301.4169,79.6895,-10.24556,WAL
1863637322000,76.119934,1.99079383491872,-12.2789473859121,-1.69417609453141,-1.8442022,0.80939645,0.40683624,301.43427,79.82962,-10.163012,WAL
1863642279000,76.124891,1.98931825600525,-10.9951847080757,-0.961346665786022,-1.9837849,0.019547688,0.20341812,301.38327,99.97849,-9.97189,WAL
1863647408000,76.13002,1.91108793604085,-9.83093294144651,-0.837098490762601,-1.9963076,-0.77488256,0.029321533,301.16888,99.82838,-9.770797,WAL
1863652294000,76.134906,1.8258653747449,-8.78745925045133,-0.796095528797096,-1.8933768,-1.4459181,-0.11789699,300.81714,99.69849,-9.56476,WAL
1863657354000,76.139966,1.6784735125,-8.06951842980769,-1.18121618990385,-1.7568485,-1.9352211,-0.25320363,300.29062,99.55693,-9.322571,WAL
1863662308000,76.14492,1.49295899392899,-7.44685668897607,-1.53708587669674,-1.6239853,-2.2375994,-0.37293324,299.64987,99.45025,-9.101451,WAL
1863667359000,76.149971,0.994811946096508,-7.41364690890545,-1.74108900957238,-1.5293012,-2.4217753,-0.4886922,298.90497,99.326385,-8.852034,WAL
1863672295000,76.154907,0.440686131789917,-7.38266256389553,-1.96187849304506,-1.4584408,-2.5384505,-0.6169739,298.08365,99.22999,-8.603974,WAL
1863677330000,76.159942,-0.93858745268344,-7.36882370768201,-2.44623884586243,-1.4450017,-2.5149322,-0.6835582,297.2537,99.144165,-8.346745,WAL
1863682656000,76.165268,-2.35120567523059,-7.34020702240647,-2.93398077780081,-1.409877,-2.3472497,-0.6844745,296.4164,99.13342,-8.151133,WAL
1863687355000,76.169967,-2.89221144580786,-7.1023510836667,-2.98994679795834,-1.3558154,-2.0781636,-0.6215554,295.6214,99.144295,-7.958094,WAL
1863692380000,76.174992,-3.4461585511479,-6.8579127859395,-3.03191845883338,-1.2910637,-1.772731,-0.50793445,294.88257,99.37001,-7.9680223,WAL
1863697391000,76.180003,-3.68731123507735,-6.73970078278648,-2.84750763516603,-1.2589933,-1.457219,-0.33261612,294.23245,99.636955,-8.008375,WAL
1863702533000,76.185145,-3.9212669268118,-6.64020927693903,-2.66489744200358,-1.2632693,-1.1759156,-0.09987647,293.7021,100.00499,-8.150752,WAL
1863707345000,76.189957,-3.97772591284516,-6.80958618968995,-2.57369437386674,-1.319469,-0.9456194,0.1563815,293.25537,100.42845,-8.342504,WAL
1863712266000,76.194878,-4.03546379112242,-6.98279977814532,-2.4804254008199,-1.385137,-0.7724391,0.41722095,292.90317,100.92247,-8.628845,WAL
1863717337000,76.199949,-3.81966439136611,-7.1175673568859,-2.46678432108662,-1.4440855,-0.605062,0.61544675,292.6228,101.46644,-8.9601345,WAL
1863722310000,76.204922,-3.5780445738954,-7.24496698374689,-2.4623912368324,-1.4776831,-0.40408736,0.77366084,292.41046,102.06181,-9.342204,WAL
1863727338000,76.20995,-3.09153183000588,-7.38678505518729,-2.36331887815258,-1.4941764,-0.24831672,0.9129381,292.2454,102.68883,-9.770516,WAL
1863732353000,76.214965,-2.52168000602079,-7.5327800749951,-2.23145235947245,-1.4633276,-0.19608775,1.0516045,292.115,103.33854,-10.23215,WAL
1863737352000,76.219964,-1.99399627523069,-7.75620311434775,-2.021340451167,-1.4367551,-0.11636983,1.1108584,292.0232,103.97989,-10.675228,WAL
1863742329000,76.224941,-1.48519176608468,-8.01060530138411,-1.77987391666365,-1.3961325,-0.1328632,1.180497,291.92572,104.63332,-11.152222,WAL
1863747358000,76.22997,-1.02596522670757,-8.29134707464213,-1.54755847634628,-1.3402383,-0.22143865,1.2027937,291.79443,105.208626,-11.565133,WAL
1863752360000,76.234972,-0.624789424697634,-8.59456135889571,-1.32831125463044,-1.3127494,-0.38148534,1.1841623,291.6402,105.7734,-11.978322,WAL
1863757335000,76.239947,-0.346542411323414,-8.86177089350039,-1.14274482137823,-1.2922854,-0.5552765,1.146594,291.4544,106.243645,-12.325026,WAL
1863762350000,76.244962,-0.219609413408379,-9.08742969391151,-0.997006918519969,-1.3017539,-0.7180721,1.0574077,291.2246,106.68715,-12.649842,WAL
1863767341000,76.249953,-0.170938850562487,-9.24585370730211,-0.868866532121088,-1.314582,-0.82772243,0.96486163,291.00317,107.05444,-12.906053,WAL
1863772356000,76.254968,-0.239704204366946,-9.30479560032727,-0.765718496285539,-1.3283265,-0.9279043,0.86193085,290.73425,107.394135,-13.13694,WAL
1863777275000,76.259887,-0.384978962861363,-9.2827493666798,-0.647975270185112,-1.3454307,-0.99204516,0.76174897,290.45746,107.68419,-13.325385,WAL
1863782378000,76.26499,-0.640013783589012,-9.15282586116581,-0.503615942437968,-1.3662001,-1.026559,0.691194,290.15842,107.955666,-13.493183,WAL
1863787245000,76.269857,-0.898855945542993,-9.06019698492512,-0.387870647594962,-1.3946054,-1.035722,0.65301496,289.85532,108.21198,-13.653695,WAL
1863792350000,76.274962,-1.19462760072002,-9.01170986402856,-0.300593764162452,-1.42973,-1.0332786,0.6469063,289.54587,108.460236,-13.8014145,WAL
1863797330000,76.279942,-1.46645782368346,-8.96149506556437,-0.254384440482653,-1.4483615,-0.99204516,0.66431594,289.25128,108.720634,-13.98277,WAL
1863802355000,76.284967,-1.71482504030393,-8.90630219067189,-0.268182625587308,-1.4666874,-0.9233228,0.7031059,288.969,108.9856,-14.162561,WAL
1863807249000,76.289861,-1.91302271710232,-8.88923647021669,-0.283005763420465,-1.4361442,-0.84604836,0.7504479,288.70685,109.27115,-14.390553,WAL
1863812348000,76.29496,-2.00792530906617,-8.96515860324556,-0.301986281813235,-1.3912456,-0.7901542,0.79504114,288.46326,109.558815,-14.62026,WAL
1863817283000,76.299895,-2.0608313195381,-9.07660946803742,-0.298698938802719,-1.3023647,-0.7535023,0.82650065,288.24057,109.8666,-14.892304,WAL
1863822342000,76.304954,-1.98529195049698,-9.31739114831417,-0.223159566557201,-1.2049317,-0.7657196,0.86193085,288.02563,110.16748,-15.17045,WAL
1863827304000,76.309916,-1.91120095441434,-9.55355614090821,-0.149068567331612,-1.0900891,-0.8313876,0.8738427,287.8069,110.44936,-15.454568,WAL
1863832385000,76.314997,-1.83533308841356,-9.79538490498928,-0.0732006981125024,-0.98715824,-0.8576548,0.8671232,287.5998,110.71226,-15.733877,WAL
1863837314000,76.319926,-1.74423891737041,-10.0295806340865,-0.0200416790871077,-0.9459248,-0.94134337,0.8579602,287.3665,110.97856,-16.0323,WAL
1863842347000,76.324959,-1.53726596456395,-10.2661213427052,-0.0988885371925161,-0.8677341,-1.0280862,0.8399397,287.12625,111.210175,-16.32061,WAL
1863847381000,76.329993,-1.32650939394544,-10.504284875635,-0.202341806216369,-0.8136725,-1.0839803,0.8051204,286.88422,111.386505,-16.571238,WAL
1863852360000,76.334972,-1.10222472293321,-10.7465120546566,-0.408683706920038,-0.7965683,-1.1114693,0.7528914,286.62445,111.544266,-16.80933,WAL
1863857446000,76.340058,-0.869256560878235,-10.9982825447679,-0.614970093578407,-0.782213,-1.1111639,0.7247916,286.35736,111.67337,-17.013649,WAL
1863862347000,76.344959,-0.59980866320274,-11.2913666884883,-0.76151192850841,-0.76052725,-1.078788,0.6914995,286.08905,111.783,-17.196438,WAL
1863867371000,76.349983,-0.328855350366775,-11.5846926709817,-0.907813120949299,-0.7153232,-1.0827587,0.6771441,285.80872,111.87296,-17.338305,WAL
1863872362000,76.354974,-0.122607919303325,-11.790939860253,-1.00624939471021,-0.657291,-1.0781772,0.6621779,285.5392,111.947464,-17.4643,WAL
1863877554000,76.360166,0.0943545946397044,-11.9958388483124,-1.11729892244857,-0.59620446,-1.0641272,0.6545421,285.26965,111.988365,-17.542818,WAL
1863882397000,76.365009,0.325932764769323,-12.0699439059317,-1.32571922168963,-0.52015173,-1.0290025,0.6435465,285.00745,112.01176,-17.611969,WAL
1863887579000,76.370191,0.581808026433217,-12.1419269023512,-1.54692968602301,-0.40469822,-0.9575313,0.62858033,284.75912,111.9984,-17.642088,WAL
1863892329000,76.374941,0.909498669254627,-12.1237214996498,-1.72898010123062,-0.29840767,-0.8622363,0.61269784,284.5282,111.971085,-17.663351,WAL
1863897471000,76.380083,1.26282709036773,-12.0909070334797,-1.91756112052689,-0.17867808,-0.73364913,0.57635134,284.32477,111.90822,-17.63353,WAL
1863902345000,76.384957,1.57452184252653,-11.843259503659,-1.95598921317234,-0.07849618,-0.59712076,0.53878313,284.15128,111.8277,-17.591679,WAL
1863907313000,76.389925,1.89222794197768,-11.590835841749,-1.99515843029638,-0.022296581,-0.48349985,0.46028697,284.00235,111.70359,-17.478588,WAL
1863912356000,76.394968,1.97631843162708,-11.3361273130901,-2.00960925790677,0.005192355,-0.39614612,0.35918877,283.8822,111.555305,-17.342432,WAL
1863917259000,76.399871,2.01365472058443,-11.0887741063513,-2.01894333014611,-0.029626964,-0.30207285,0.23640485,283.79108,111.38716,-17.172071,WAL
1863922347000,76.404959,1.63741178814315,-11.3068077424408,-1.94957940660256,-0.042760566,-0.19639318,0.09987647,283.7176,111.17022,-16.931149,WAL
1863927290000,76.409902,1.18219211543571,-11.6212378185784,-1.86510565846139,-0.047036625,-0.14263703,0.0009162979,283.6513,110.94129,-16.66632,WAL
1863932333000,76.414945,0.569614096360394,-11.8468732250892,-1.69739203900776,-0.052534413,-0.03726278,-0.03970624,283.62625,110.711205,-16.377943,WAL
1863937277000,76.419889,-0.0660592775854835,-12.0455210086008,-1.51364268368995,-0.06719518,0.040011674,-0.09254608,283.60162,110.46237,-16.060225,WAL
1863942352000,76.424964,-0.415584384217333,-12.1058744578357,-1.32194850387068,-0.1001819,0.124311075,-0.110872045,283.61066,110.25157,-15.79746,WAL
1863947319000,76.429931,-0.723163711385721,-12.1485937803323,-1.13398339567131,-0.13683382,0.19303341,-0.101098195,283.63605,110.04321,-15.528262,WAL
1863952339000,76.434951,-0.840176290636521,-12.314996849781,-0.956605878623078,-0.16707164,0.2669481,-0.07360926,283.68988,109.887634,-15.344053,WAL
1863957317000,76.439929,-0.864452362652001,-12.5383371341277,-0.786673364375191,-0.16676621,0.32070425,-0.040317107,283.75854,109.74028,-15.165073,WAL
1863962342000,76.444954,-0.709381006843476,-12.8214278280451,-0.601772385956216,-0.10934488,0.3820962,-0.034208454,283.85138,109.614044,-15.042893,WAL
1863967325000,76.449937,-0.48386840966342,-13.1251791382486,-0.413078175716077,0.0018325958,0.4392121,-0.0421497,283.9593,109.484604,-14.9256,WAL
1863972350000,76.454962,-0.227332076134454,-13.4818717736661,-0.163625030018224,0.15851954,0.50579643,-0.06414085,284.08395,109.3144,-14.802769,WAL
1863977373000,76.459985,0.0454066934453781,-13.8666283864028,0.118854408087476,0.36682457,0.5488624,-0.11362094,284.2157,109.11034,-14.670969,WAL
1863982367000,76.464979,0.245168591668866,-14.2923199721856,0.459015926560755,0.5873469,0.58246,-0.17165314,284.3555,108.81243,-14.485532,WAL
1863987319000,76.469931,0.408850228189016,-14.7352233635164,0.82489251874429,0.81214535,0.5861252,-0.25717425,284.4947,108.466095,-14.28252,WAL
1863992436000,76.475048,0.456674834815466,-15.0775900612478,0.971657944204745,1.0387764,0.5537493,-0.33475417,284.6256,108.00783,-14.023663,WAL
1863997338000,76.47995,0.452549573514938,-15.3581080881371,1.0170358831239,1.2425,0.49846604,-0.42180246,284.7469,107.504524,-13.745854,WAL
1864002308000,76.48492,0.439379414188458,-15.5919637996393,0.999161511538323,1.4144585,0.47586402,-0.5131268,284.85764,106.8954,-13.418394,WAL
1864007337000,76.489949,0.413322550829576,-15.7569902759243,0.890591233183048,1.5693128,0.47128254,-0.6218608,284.95544,106.24936,-13.071912,WAL
1864012285000,76.494897,0.390754874574172,-15.8292017524517,0.790245228206875,1.7122552,0.45570546,-0.74128497,285.04068,105.5591,-12.699617,WAL
1864017320000,76.499932,0.380799421213998,-15.5205833324043,0.715579374784763,1.8674151,0.4343252,-0.86620694,285.12253,104.838844,-12.305099,WAL
1864022253000,76.504865,0.388023362653811,-15.1525138830732,0.640218501729415,2.0497584,0.3680463,-0.9767735,285.19238,104.10095,-11.89247,WAL
1864027319000,76.509931,0.44742477899296,-14.5733498036935,0.556066483619018,2.257758,0.34055737,-1.061073,285.26938,103.34046,-11.4618225,WAL
1864032326000,76.514938,0.415620313469866,-14.0251683470168,0.458683660587584,2.3952026,0.29626966,-1.1050552,285.32822,102.592476,-11.03286,WAL
1864037344000,76.519956,0.1738635128688,-13.5319841202334,0.328134995947278,2.7003298,0.25992316,-1.1820242,285.3849,101.8001,-10.581489,WAL
1864042288000,76.5249,-0.120344848468812,-13.1650497400508,0.144052157691222,2.994156,0.22632557,-1.2815952,285.4371,101.02865,-10.1253805,WAL
1864047352000,76.529964,-0.549238761959074,-13.0601078806097,-0.170774221038668,3.2711835,0.2489276,-1.3884968,285.50153,100.25417,-9.654525,WAL
1864052303000,76.534915,-1.00665139389486,-12.9859560380482,-0.500708733420467,3.4865134,0.35002577,-1.5115861,285.60144,99.54432,-9.205305,WAL
1864057314000,76.539926,-1.63851852557653,-13.0370629985478,-0.932794373279117,3.6383133,0.48930305,-1.638646,285.72766,98.870316,-8.734525,WAL
1864062311000,76.544923,-2.26547375328177,-13.0825017613717,-1.37331629446423,3.689626,0.6713409,-1.7336355,285.92493,98.34956,-8.326517,WAL
1864067330000,76.549942,-2.8719847391269,-13.0873930774397,-1.88689401151928,3.6117408,0.90224797,-1.7947221,286.18622,82.0905,-7.904247,WAL
1864072323000,76.554935,-3.47078247110165,-13.1113749417494,-2.35095694979669,3.415653,1.1016954,-1.7907515,286.52853,82.31537,-7.6091585,WAL
1864077321000,76.559933,-4.0456134868747,-13.2381095704019,-2.56368974225059,3.1661146,1.1508701,-1.7348573,286.90036,82.45639,-7.324113,WAL
1864082387000,76.564999,-4.63365401510107,-13.3811482395957,-2.77598703507729,3.0057623,1.0793989,-1.6777414,287.3536,82.42839,-7.1866927,WAL
1864087319000,76.569931,-5.29824580439952,-13.7696062824019,-2.92575426218787,2.8747318,0.95356065,-1.6465873,287.80353,82.36774,-7.0634227,WAL
1864092565000,76.575177,-5.99662734484301,-14.1956287767433,-3.08702109994524,2.7165177,0.81489426,-1.6698002,288.28082,82.19483,-7.0857935,WAL
1864097363000,76.579975,-6.52926608622673,-14.7450435700986,-3.25897527135816,2.4853053,0.6881397,-1.7815884,288.71997,82.05191,-7.086195,WAL
1864102321000,76.584933,-7.07966685316721,-15.3127798238408,-3.43666363773275,2.2000313,0.45173484,-1.9422461,289.14856,81.848145,-7.208842,WAL
1864107317000,76.589929,-7.55437968448637,-15.4170269805331,-3.54625222911051,1.9462167,0.22632557,-2.0980167,289.53232,81.70654,-7.282898,WAL
1864112303000,76.594915,-8.01200110587002,-15.4265609571728,-3.64159010404313,1.736079,0.081855945,-2.2369885,289.86108,81.64051,-7.2997003,WAL
1864117323000,76.599935,-8.0726039048688,-15.036243285643,-3.97114245114237,1.5509869,0.09682214,-2.3237314,290.1704,81.6317,-7.2884197,WAL
1864122250000,76.604862,-8.04906559617879,-14.5701843803253,-4.34304802338621,1.3692545,0.16279559,-2.327702,290.44144,81.66997,-7.248157,WAL
1864127390000,76.610002,-7.53128436544976,-13.7253774019571,-4.36962274776063,1.180497,0.3463606,-2.2708917,290.7355,81.75361,-7.17213,WAL
1864132319000,76.614931,-6.92724278947121,-12.837080980335,-4.3163249902898,1.0525209,0.5332854,-2.214081,291.0384,81.85592,-7.090345,WAL
1864137321000,76.619933,-5.47810908648386,-11.8134452644816,-4.13995670554925,1.0699304,0.87109387,-2.0234911,291.40793,81.97339,-7.0175924,WAL
1864142351000,76.624963,-3.65693078370923,-10.7308991603115,-3.90937825722862,1.2266175,1.2525792,-1.8310685,291.83118,82.07235,-6.963097,WAL
1864147374000,76.629986,-2.06232179636364,-9.84617629090909,-3.5143398,1.4123205,1.527774,-1.63437,292.2943,82.178894,-6.888117,WAL
1864152325000,76.634937,-1.18041698010449,-9.57863242497388,-2.61757142988506,1.6132951,1.6181821,-1.4165965,292.8001,82.20573,-6.8782816,WAL
1864157246000,76.639858,-0.502124363045102,-9.44781700890549,-1.97646197470076,1.8075503,1.6105462,-1.2901474,293.3275,82.327774,-6.7577605,WAL
1864162303000,76.644915,-0.260971879570813,-9.62404350761275,-1.89298612460979,1.9544634,1.59558,-1.2119566,293.863,82.38382,-6.6891875,WAL
1864167249000,76.649861,-0.0175915929582901,-9.80813056111226,-1.68322266733762,2.0610592,1.6978999,-1.1911873,294.4031,82.49455,-6.443625,WAL
1864172313000,76.654925,0.259160044370616,-10.0395955032164,-0.998891371965138,2.186592,1.9468275,-1.2831224,294.9771,82.56988,-6.1996055,WAL
1864177315000,76.659927,0.593788853361345,-10.2188282773109,-0.335617471036414,2.2855523,2.119397,-1.3790283,295.54745,82.64791,-5.9089456,WAL
1864182326000,76.664938,1.07122591235584,-10.2837229779774,0.29942020869603,2.3051,2.1337523,-1.3793337,296.1391,82.68991,-5.6314487,WAL
1864187320000,76.669932,1.49920348663631,-10.3069823015244,0.749008307200554,2.1838431,2.0613647,-1.3243558,296.75092,82.684975,-5.301631,WAL
1864192317000,76.674929,1.76922450881014,-10.1932889271431,0.592680337882598,2.0109684,1.8979583,-1.2660183,297.33817,82.646996,-4.9824166,WAL
1864197316000,76.679928,1.96625674506747,-10.0551043089455,0.318938761591204,1.8301523,1.752267,-1.2486086,297.91476,82.57853,-4.58314,WAL
1864202325000,76.684937,1.88954274605697,-9.82496266236882,-0.395460398626687,1.6917913,1.8270979,-1.2095132,298.50458,82.47991,-4.2193813,WAL
1864207301000,76.689913,1.75939437272201,-9.55495258889962,-1.13737708478764,1.6239853,1.9315559,-1.1533136,299.04727,82.412895,-3.819642,WAL
1864212302000,76.694914,1.4219200863417,-9.12501937041506,-2.00648890328185,1.564426,2.1239784,-1.0870347,299.63324,82.33542,-3.4491358,WAL
1864217306000,76.699918,1.07944758756196,-8.69676798568489,-2.84131606745102,1.525636,2.3356433,-1.0140363,300.23343,82.33579,-3.1183798,WAL
1864222315000,76.704927,0.706054947352599,-8.28045653766664,-3.45505332689452,1.4813483,2.4410176,-0.9440922,300.8515,82.325935,-2.8169367,WAL
1864227324000,76.709936,0.332662307143241,-7.86414508964839,-4.06879058633802,1.4532484,2.6358836,-0.91599244,301.5661,82.44857,-2.5874646,WAL
1864232330000,76.714942,0.000451190447242761,-7.37725371830222,-4.28758153397742,1.4477507,2.777299,-0.8668178,302.27942,82.55535,-2.3915424,WAL
1864237390000,76.720002,-0.32173094597382,-6.8853289903808,-4.44326973026577,1.4633276,2.8573222,-0.820392,303.01675,82.649994,-2.2129545,WAL
1864242313000,76.724925,-0.52277265498215,-6.50194694798691,-4.31235913427211,1.4581354,2.8661797,-0.7892379,303.78534,82.86022,-2.1326058,WAL
1864247406000,76.730018,-0.729155658902733,-6.11178264706592,-4.16445252391479,1.42973,2.839607,-0.7663304,304.55246,83.03031,-2.0239122,WAL
1864252324000,76.734936,-0.904261513424437,-5.83255993553055,-3.83317096382637,1.3775011,2.785851,-0.7449502,305.29633,83.19512,-1.9249778,WAL
1864257423000,76.740035,-1.07888409212258,-5.54493053729496,-3.48886326247913,1.3274102,2.6963592,-0.71837753,306.03052,83.305275,-1.827744,WAL
1864262313000,76.744925,-1.16168051929084,-5.29194140891857,-3.14847790809351,1.2724323,2.6041186,-0.70371675,306.73587,83.4235,-1.7342621,WAL
1864267543000,76.750155,-1.25575411156863,-5.01993661745098,-2.78009997970588,1.1972959,2.493552,-0.68539083,307.43213,83.47486,-1.6527406,WAL
1864272284000,76.754896,-1.42045356978431,-4.75285647272549,-2.38393100385294,1.1157454,2.3674083,-0.66645396,308.0885,83.53799,-1.5759541,WAL
1864277637000,76.760249,-1.60773350565014,-4.45456794896165,-1.93776877130028,1.0219775,2.228742,-0.6411031,308.7345,83.54878,-1.5077027,WAL
1864282350000,76.764962,-1.80195544206735,-4.26456818159027,-1.57043596413471,0.915687,2.1175644,-0.6267477,309.34558,83.58235,-1.4427226,WAL
1864287302000,76.769914,-2.00602652824135,-4.06493337403181,-1.18447541648269,0.79198676,2.0384574,-0.6133087,309.95157,83.54917,-1.4254693,WAL
1864292282000,76.774894,-2.20217249484147,-3.83389332551436,-0.803778802160819,0.6469063,1.9639318,-0.6065892,310.5223,83.55005,-1.4110855,WAL
1864297307000,76.779919,-2.39828244713249,-3.59473489096511,-0.421125356827353,0.5012149,1.9077321,-0.5723807,311.06982,83.5818,-1.4098812,WAL
1864302339000,76.784951,-2.67511656371814,-3.41379410344828,-0.0918483292353823,0.3622431,1.8774943,-0.5323691,311.64847,83.55423,-1.4345168,WAL
1864307271000,76.789883,-2.96309261769115,-3.24856189931034,0.219732439412294,0.2574797,1.8625281,-0.48655418,312.21088,83.55318,-1.4729663,WAL
1864312356000,76.794968,-3.15686248806768,-3.24742009657168,0.327082486740873,0.1459968,1.863139,-0.44776422,312.808,83.50135,-1.5560197,WAL
1864322333000,76.804945,-3.49246628107252,-3.31832239186702,0.445252801214999,-0.027794369,1.8732183,-0.33964106,314.03333,83.36928,-1.8165692,WAL
1864327270000,76.809882,-3.65853583364995,-3.35340755092015,0.503727978378352,-0.09040806,1.8823812,-0.3136793,314.6692,83.28407,-1.9833345,WAL
1864332411000,76.815023,-3.66625641472684,-3.49441990023753,0.52854418327791,-0.119729586,1.8701639,-0.26328292,315.3343,83.16064,-2.1916385,WAL
1864337277000,76.819889,-3.62935957482185,-3.655843622981,0.542380527137767,-0.17195857,1.8463402,-0.21410827,315.99472,83.04767,-2.4100513,WAL
1864342255000,76.824867,-3.46455207508251,-3.77808978556106,0.568089554075908,-0.2125811,1.7947221,-0.17287487,316.66083,82.920204,-2.6317809,WAL
1864347216000,76.829828,-3.2587514164604,-3.88589012568069,0.597489639393564,-0.26450464,1.7229455,-0.1328632,317.31003,82.793846,-2.8685367,WAL
1864352254000,76.834866,-2.99436203949398,-3.959208332202,0.627279387553224,-0.30726522,1.6481144,-0.1142318,317.9545,82.6775,-3.083999,WAL
1864357195000,76.839807,-2.72182648040728,-4.0224754919675,0.656479645627893,-0.35888332,1.5488489,-0.092240654,318.56766,82.56189,-3.3110611,WAL
1864362246000,76.844858,-2.46300692106779,-4.09539916904167,0.652854243499136,-0.4251622,1.4486669,-0.0852157,319.1624,82.48066,-3.4857183,WAL
1864367229000,76.849841,-2.21097430293835,-4.16871798027655,0.643689380132514,-0.48655418,1.3347405,-0.07513642,319.72162,82.39956,-3.6664627,WAL
1864372252000,76.854864,-1.97998031402779,-4.24966529755553,0.675846260229232,-0.5665775,1.2238685,-0.070554934,320.25177,82.370056,-3.7847846,WAL
1864377233000,76.859845,-1.75741252122933,-4.33191838603307,0.719392143716401,-0.6591236,1.0925325,-0.07391469,320.74072,82.35107,-3.9022548,WAL
1864382288000,76.8649,-1.64769046085783,-4.37136128203359,0.821801473425315,-0.7538077,0.96791595,-0.07513642,321.19485,82.391495,-3.960602,WAL
1864387228000,76.86984,-1.56728052704459,-4.39974119185163,0.935321409038192,-0.8720101,0.8249735,-0.07544186,321.60324,82.45306,-4.0164123,WAL
1864392241000,76.874853,-1.64013310968274,-4.42306906711902,1.0286330055199,-0.99204516,0.68325275,-0.06780604,321.9629,82.551865,-4.029276,WAL
1864397324000,76.879936,-1.75172057315239,-4.44538654117,1.11790294833119,-1.1151345,0.5656612,-0.05497787,322.28506,82.671394,-4.0428033,WAL
1864402317000,76.884929,-1.93290722929459,-4.5258155821953,1.32913962369853,-1.2461652,0.44532076,-0.01985312,322.6236,82.82641,-3.9904165,WAL
1864407305000,76.889917,-2.15362907182462,-4.6386291971455,1.60872063447993,-1.3674219,0.32620203,0.021991149,322.9228,82.99603,-3.946249,WAL
1864412305000,76.894917,-2.36481455862847,-4.89447473750613,1.89658821823801,-1.5128077,0.19486602,0.06352998,323.20438,83.15661,-3.91981,WAL
1864417353000,76.899965,-2.57349931444128,-5.21698741138036,2.19064394974002,-1.6459764,0.060170226,0.12308934,323.44427,83.32346,-3.9121358,WAL
1864422316000,76.904928,-2.64945344311908,-5.59365875005481,2.5484288333433,-1.7513506,-0.008552114,0.2098322,323.75116,83.453865,-3.9200149,WAL
1864427319000,76.909931,-2.65900256726457,-6.00427138744395,2.94471793408072,-1.7901406,-0.13041973,0.26175576,323.99823,83.58587,-3.9352584,WAL
1864432359000,76.914971,-2.39191500722087,-6.73690871207524,3.60551677548544,-1.824349,-0.24923302,0.3118467,324.24295,83.65968,-4.0457025,WAL
1864437314000,76.919926,-1.98399513333333,-7.62473416666667,4.392562,-1.7825048,-0.33017266,0.37568212,324.4594,83.70322,-4.17206,WAL
1864442314000,76.924926,-1.51014747910013,-8.74807685645368,5.27379093275573,-1.6019942,-0.36041048,0.43157628,324.65393,83.662315,-4.3530493,WAL
1864447314000,76.929926,-1.00570800878409,-9.98324669006596,6.19781082051787,-1.3332134,-0.3924809,0.46120325,324.82172,83.58194,-4.538061,WAL
1864452327000,76.934939,-0.280674538663417,-11.6086131052204,7.22408697785903,-0.96761054,-0.3830125,0.4428773,324.96585,83.417404,-4.7091184,WAL
1864457314000,76.939926,0.563339178919358,-13.4421596808856,8.30093227853951,-0.5580254,-0.38240165,0.41080686,325.09238,83.1939,-4.876326,WAL
1864462304000,76.944916,1.37870326273292,-14.9508228509317,9.07042579503105,-0.11484267,-0.35979962,0.33169982,325.2033,82.898705,-4.9641953,WAL
1864467325000,76.949937,2.18462603697131,-16.3066700685202,9.69146033032633,0.27000242,-0.22052236,0.1600467,325.34094,82.565315,-5.0109344,WAL
1864472316000,76.954928,2.90039348191194,-17.223813195954,9.47632448591829,0.5360342,-0.025961773,-0.0012217305,325.445,82.21222,-4.9036856,WAL
1864477329000,76.959941,3.57167509523007,-17.9046157808409,8.79552140390718,0.6658431,0.25442538,-0.160963,325.60895,81.82787,-4.7528176,WAL
1864482311000,76.964923,3.58373305146698,-17.44831739005,8.13216869639878,0.6728681,0.5662721,-0.25809056,325.78232,81.47809,-4.4526916,WAL
1864487323000,76.969935,3.20222817873614,-16.3085130485723,7.47277766156413,0.66828656,0.79779,-0.2938262,326.01456,81.09062,-4.1443353,WAL
1864492315000,76.974927,2.47999994110942,-14.6638484319909,6.75368657142857,0.6588182,0.9465357,-0.29626966,326.27747,80.85428,-3.7134519,WAL
1864497350000,76.979962,1.5090201818959,-12.6440276697378,5.98423067857143,0.6462954,1.0497719,-0.28893927,326.59753,80.59187,-3.3071704,WAL
1864502316000,76.984928,0.561109213779904,-10.6711336322488,5.26665714019139,0.57787853,1.0952814,-0.2593123,326.96768,80.34511,-2.9768913,WAL
1864507312000,76.989924,-0.382069705952153,-8.70694040759809,4.58903364430622,0.48197266,1.1187997,-0.22724187,327.35846,80.09502,-2.6681666,WAL
1864512299000,76.994911,-1.25132463652557,-7.02399560683152,3.97907712168902,0.33444872,1.0842859,-0.16523905,327.7826,79.85758,-2.5217628,WAL
1864517329000,76.999941,-2.013465503772,-5.76722027678122,3.46930069346186,0.12889257,1.0033462,-0.07666359,328.193,79.65815,-2.3969383,WAL
1864522315000,77.004927,-2.77143040864448,-4.97606235505276,3.08411852767857,-0.070249505,0.93401295,0.00030543262,328.62262,79.48308,-2.4270215,WAL
1864527335000,77.009947,-3.5372445494724,-4.6687611908888,2.82559525089286,-0.16676621,0.7556403,0.15821409,328.98666,79.32591,-2.497762,WAL
1864532328000,77.01494,-4.27091536381978,-4.65027401562194,2.54174452516161,-0.38423425,0.4999932,0.3555236,329.32803,79.24751,-2.6971166,WAL
1864537320000,77.019932,-4.97795945956905,-4.90312419387855,2.23270535321254,-0.61178154,0.15241088,0.5296202,329.58487,79.18416,-2.9213994,WAL
1864542317000,77.024929,-5.46032813579959,-5.39516492665307,1.89188936154967,-0.88300574,-0.25442538,0.68539083,329.78125,79.15839,-3.2774305,WAL
1864547392000,77.030004,-5.69156541806001,-6.16910183533353,1.5096401053112,-1.185384,-0.71776664,0.7602218,329.86032,79.17945,-3.6372626,WAL
1864552320000,77.034932,-5.96739149765836,-7.1721158977983,1.08040843245639,-1.484708,-1.2030991,0.79626286,329.8847,79.261696,-4.0737796,WAL
1864557314000,77.039926,-6.3198775127344,-8.54636578687377,0.562833762059894,-1.7708983,-1.7030923,0.81397796,329.77612,79.383606,-4.496683,WAL
1864562298000,77.04491,-6.79708654423835,-10.1456348414881,-0.0198253474832107,-2.0259347,-2.1416936,0.852157,329.65277,79.63361,-4.8652587,WAL
1864567328000,77.04994,-7.63408985785097,-12.4050303057243,-0.795208791135273,-2.2284365,-2.5738807,0.89675015,329.39337,79.895775,-5.2094607,WAL
1864572275000,77.054887,-8.36448549439188,-14.3070363438993,-1.54349858412172,-2.3463335,-2.8744264,0.9599747,329.03848,80.20276,-5.581725,WAL
1864577324000,77.059936,-8.95870374724471,-15.7265563167853,-2.28391279132937,-2.3289237,-3.001181,1.031446,328.61646,80.458466,-5.946811,WAL
1864582291000,77.064903,-9.1689521876203,-16.8968092576233,-2.7466592971938,-2.1801782,-2.90161,1.1175779,328.1146,80.63958,-6.430936,WAL
1864587319000,77.069931,-8.63235542943977,-17.6285317392361,-2.6832434880154,-1.8564194,-2.5320365,1.1945469,327.66156,80.694855,-6.9207454,WAL
1864592247000,77.074859,-7.59085207843909,-18.2114590075838,-2.15004600885092,-1.3811663,-1.9428569,1.1820242,327.29596,80.650986,-7.4606786,WAL
1864597323000,77.079935,-5.55621892735912,-18.5614540072958,-0.722069362945186,-0.8020661,-1.348485,1.0506883,327.04706,80.48605,-7.977764,WAL
1864602251000,77.084863,-3.68555136873764,-18.5672435724372,0.588104102664031,-0.29229903,-0.9999864,0.8359691,326.8745,80.319984,-8.381647,WAL
1864607314000,77.089926,-2.05150465069189,-17.6543679435188,1.7246338841476,-0.018325957,-0.91904676,0.6206391,326.80405,80.119736,-8.742476,WAL
1864612291000,77.094903,-0.574673732924142,-16.6021634877767,2.67268974560907,0.06811147,-0.97524637,0.4288274,326.8147,80.13011,-8.743155,WAL
1864617328000,77.09994,0.189568698992761,-14.6637202010282,2.67775100311615,-0.004581489,-1.0140363,0.24007004,326.85748,80.17342,-8.69194,WAL
1864622294000,77.104906,0.789548525445178,-12.8383114667812,2.5293686865588,-0.14294247,-1.1172725,0.1591304,326.8306,80.336685,-8.441164,WAL
1864627311000,77.109923,0.92418221239266,-11.2574521818675,1.90831669181958,-0.22602014,-1.2144,0.030848695,326.79535,80.5491,-8.135426,WAL
1864632407000,77.115019,1.05159255562723,-9.65475617174474,1.25235764700278,-0.4129449,-1.3478742,-0.05009095,326.68213,80.821365,-7.7941203,WAL
1864637322000,77.119934,1.0188920499206,-8.15987692129814,0.201270751012306,-0.65484756,-1.5195273,-0.106595986,326.52792,81.132195,-7.4283743,WAL
1864642562000,77.125174,0.960064586994785,-6.58721278343244,-0.926503273094868,-0.9306532,-1.715615,-0.0888809,326.3333,81.5029,-7.0611634,WAL
1864647368000,77.12998,0.606373688941542,-5.40824303532156,-2.05073505101089,-1.2269229,-1.8374827,-0.015882496,326.104,81.911644,-6.697237,WAL
1864652258000,77.13487,0.246500927501601,-4.20866707438478,-3.19461632317263,-1.5048665,-1.8817704,0.10873401,325.81146,82.36916,-6.38676,WAL
1864657314000,77.139926,-0.212496393503844,-3.23617349390893,-3.99933905458309,-1.7455474,-1.9633209,0.2312125,325.46512,82.84349,-6.0949774,WAL
1864662275000,77.144887,-0.680765080821999,-2.33709771283264,-4.71110740571654,-2.0115793,-2.1649065,0.3222314,325.0641,83.32718,-5.8287077,WAL
1864667328000,77.14994,-0.99959607140723,-1.63369397496265,-5.19897289841649,-2.2385156,-2.4715607,0.42210788,324.49326,83.714195,-5.7343693,WAL
1864672251000,77.154863,-1.27192990074694,-0.999813476307141,-5.61686455542277,-2.4373524,-2.82403,0.52748215,323.85223,84.041595,-5.666052,WAL
1864677352000,77.159964,-1.45104622682353,-0.64033459002353,-6.10007900941176,-2.542421,-3.0976977,0.6377433,323.22766,84.260185,-5.6473594,WAL
1864682316000,77.164928,-1.59869754522353,-0.367403264583529,-6.58330163341177,-2.5925121,-3.2888985,0.7189884,322.5266,84.34908,-5.6478825,WAL
1864687318000,77.16993,-1.7374382754891,-0.349909428986398,-6.86237546539035,-2.5463917,-3.4083226,0.7733554,321.8288,95.70492,-5.6655006,WAL
1864692278000,77.17489,-1.87019673719955,-0.456116152146451,-7.03938679387926,-2.4269676,-3.4180965,0.84940815,321.10858,95.90268,-5.7086377,WAL
1864697343000,77.179955,-1.90239387805544,-0.871610073590928,-7.27771978032339,-2.2605069,-3.2782083,0.91996306,320.36905,96.27445,-5.8129525,WAL
1864702321000,77.184933,-1.84232665602688,-1.55237183265015,-7.56303899349013,-2.0176878,-2.9562824,1.02717,319.684,96.72688,-5.9395947,WAL
1864707317000,77.189929,-1.80787713229484,-2.58328414965111,-7.73839036430467,-1.7030923,-2.5207355,1.1016954,319.0621,97.242035,-6.0985246,WAL
1864712304000,77.194916,-1.78910189825061,-3.82245052780344,-7.84634796005897,-1.3475688,-2.1352794,1.1520919,318.5233,97.75389,-6.265632,WAL
1864717325000,77.199937,-1.82523991137662,-5.27890512062338,-7.41658760041558,-1.0064005,-1.9999728,1.1930199,318.01627,98.25858,-6.4382553,WAL
1864722316000,77.204928,-1.89973005486753,-6.87299411873247,-6.61209398848831,-0.7131852,-1.8429805,1.2232577,317.62766,98.71592,-6.6022835,WAL
1864727322000,77.209934,-2.05621442173244,-8.44721360259298,-5.7709825158415,-0.59773165,-1.7476854,1.2699889,317.1727,99.26334,-6.8761578,WAL
1864732330000,77.214942,-2.25441500009724,-10.009500046544,-4.912113559355,-0.43249258,-1.6282613,1.2547172,316.7751,99.732155,-7.1273704,WAL
1864737250000,77.219862,-2.31948752152228,-11.7898614676353,-4.16329654914887,-0.44226643,-1.3509285,1.208597,316.4325,100.19682,-7.425812,WAL
1864742317000,77.224929,-1.79334975576277,-14.7467556584625,-3.82656833071669,-0.5665775,-0.93828905,1.1545353,316.1682,100.639336,-7.700769,WAL
1864747314000,77.229926,-1.21530532192598,-16.5184427517102,-3.57528021697071,-0.7284568,-0.4382958,1.1166617,316.0382,100.978584,-7.9546804,WAL
1864752319000,77.234931,-0.525879398281003,-16.1569146842659,-3.4743886438695,-0.9138544,0.10476339,1.0635164,316.0392,101.32401,-8.164109,WAL
1864757357000,77.239969,0.15297431764941,-15.7517991397162,-3.32076311778933,-1.1319333,0.6545421,0.99296147,316.16324,101.506966,-8.172222,WAL
1864762304000,77.244916,0.640659287731361,-14.8663904588247,-2.55372458774735,-1.385137,1.1108584,0.87872964,316.41077,101.715324,-8.139237,WAL
1864767348000,77.24996,1.10627621240145,-13.9710306255449,-1.75304154832947,-1.6551393,1.3720033,0.74097955,316.71124,101.86886,-7.957558,WAL
1864772314000,77.254926,1.1724459859475,-13.1814048424079,-0.734027026507745,-1.9138408,1.2901474,0.539394,317.0253,102.05162,-7.7337284,WAL
1864777331000,77.259943,1.23929531214173,-12.3836697328634,0.29545260619052,-2.1248949,0.8940013,0.30024028,317.2705,102.21201,-7.4606333,WAL
1864782332000,77.264944,1.30155526760654,-11.6086440357297,0.958204243702109,-2.2947154,0.32589662,0.07086037,317.42334,102.40367,-7.158586,WAL
1864787428000,77.27004,1.34508630657959,-10.8425541653183,1.57579032516814,-2.375655,-0.3051272,-0.12217305,317.4266,102.6075,-6.835447,WAL
1864792314000,77.274926,1.15352029162686,-10.3682006725802,1.8905059245638,-2.3732114,-0.9450085,-0.28588495,317.26392,102.8243,-6.5820127,WAL
1864797630000,77.280242,0.931674554212141,-9.86983325230083,2.19138032442131,-2.2446244,-1.6184875,-0.44165558,316.9243,103.01681,-6.3581586,WAL
1864802323000,77.284935,0.551466323114251,-9.67346193780794,1.88637807927861,-2.0399845,-2.2058344,-0.59315014,316.42316,103.172066,-6.1238017,WAL
1864807251000,77.289863,0.152219324850795,-9.46725741238263,1.5661029750674,-1.7730364,-2.5949554,-0.72509706,315.8049,103.26824,-5.923723,WAL
1864812300000,77.294912,-0.405084222549251,-9.3013492287234,1.04981872272656,-1.4792101,-2.7907379,-0.799928,315.07663,103.295074,-5.7205796,WAL
1864817258000,77.29987,-0.980366188179669,-9.14700510638298,0.507276425626478,-1.2116512,-2.8166997,-0.82741696,314.2896,103.25243,-5.506318,WAL
1864822316000,77.304928,-1.48535390075921,-8.90008962808136,0.0674837709738494,-1.1029172,-2.742785,-0.82558435,313.4889,103.19193,-5.3026133,WAL
1864827319000,77.309931,-1.96587373909457,-8.63513039169557,-0.341182595902146,-0.89827734,-2.579684,-0.77549344,312.7192,103.045654,-5.0991826,WAL
1864832352000,77.314964,-2.34855129174944,-8.25947013632678,-0.745065080277721,-0.768163,-2.3658812,-0.6658431,311.97095,103.01323,-5.014425,WAL
1864837259000,77.319871,-2.6772096778431,-7.84507453342794,-1.13564466362052,-0.67073005,-2.1178699,-0.5030475,311.30035,102.95241,-4.94479,WAL
1864842317000,77.324929,-2.81954845255335,-7.46525961676829,-1.5179640164253,-0.63041294,-1.8765781,-0.30940324,310.70145,102.967705,-4.9730525,WAL
1864847319000,77.329931,-2.8788797689596,-7.10927162301829,-1.88764369845655,-0.6230826,-1.6609426,-0.08827003,310.19205,102.989494,-5.03716,WAL
1864852321000,77.334933,-2.79872539782631,-6.95979201895539,-2.33942433816833,-0.64996064,-1.4114041,0.12339478,309.77332,103.12637,-5.2064285,WAL
1864857316000,77.339928,-2.63117322485835,-6.94008001071392,-2.84208090852993,-0.70341134,-1.1453724,0.29077184,309.43793,103.286545,-5.406296,WAL
1864862302000,77.344914,-2.30868716007959,-7.00203163777541,-3.10664253226245,-0.7458665,-0.9062186,0.4260785,309.1608,103.5342,-5.6588187,WAL
1864867329000,77.349941,-1.90683674287101,-7.10483068950791,-3.25616833697952,-0.7699956,-0.72051555,0.54153204,308.95605,103.80587,-5.9349675,WAL
1864872318000,77.35493,-1.46172416476025,-7.31588855538568,-3.22341746254343,-0.77182823,-0.6395759,0.6188065,308.77048,104.14678,-6.207897,WAL
1864877314000,77.359926,-0.986734347676958,-7.59613256150104,-3.0761704681227,-0.7724391,-0.64934975,0.65026605,308.61795,104.49758,-6.489315,WAL
1864882328000,77.36494,-0.573599030683409,-7.8625205838244,-2.9372616391141,-0.763887,-0.7254025,0.6533204,308.4515,104.847305,-6.725415,WAL
1864887322000,77.369934,-0.204756560407356,-8.11787297808978,-2.80485669576824,-0.7666359,-0.8338311,0.62796944,308.2751,105.193504,-6.9589677,WAL
1864892316000,77.374928,0.0805150787970803,-8.35487619124088,-2.71644377201946,-0.78984874,-0.9416488,0.58032197,308.06503,105.47246,-7.107465,WAL
1864897331000,77.379943,0.304877984945985,-8.5792392379562,-2.6603531323601,-0.82772243,-1.0094548,0.52290064,307.83557,105.74393,-7.244289,WAL
1864902316000,77.384928,0.455932076186916,-8.71171262383178,-2.58020220308411,-0.883922,-1.0338894,0.45112398,307.5635,105.98641,-7.3323445,WAL
1864907317000,77.389929,0.540976820052336,-8.7609491046729,-2.47725329966355,-0.96486163,-1.061073,0.38331795,307.27176,106.23201,-7.4050145,WAL
1864912303000,77.394915,0.553937272457912,-8.8161623287037,-2.36404854457071,-1.0598512,-1.0757337,0.30970868,306.95596,106.475716,-7.4452276,WAL
1864917328000,77.39994,0.447603873468013,-8.88198750231481,-2.23239766862374,-1.1462886,-1.0867293,0.27550024,306.63522,106.72997,-7.4761724,WAL
1864922314000,77.404926,0.30935178027589,-8.8674168951254,-2.06949200246764,-1.1765264,-1.1074986,0.21991149,306.3003,106.975464,-7.487021,WAL
1864927320000,77.409932,0.134807501322816,-8.76559937105582,-1.87070540303398,-1.2333369,-1.105666,0.18417588,305.97095,107.24429,-7.4911776,WAL
1864932340000,77.414952,-0.0808805619406838,-8.6624345357178,-1.66678992284954,-1.2684617,-1.1007792,0.17928895,305.64468,107.50049,-7.508575,WAL
1864937320000,77.419932,-0.334639041491378,-8.55905181623805,-1.46002379692581,-1.3054191,-1.0974194,0.18692477,305.32016,107.76508,-7.517931,WAL
1864942314000,77.424926,-0.597392547782491,-8.44122618627073,-1.30255286116467,-1.3200798,-1.0940597,0.21685717,305.01016,108.028244,-7.5701327,WAL
1864947321000,77.429933,-0.870157021467412,-8.30715521673737,-1.20084404622059,-1.3252722,-1.097114,0.26206118,304.70456,108.29635,-7.626376,WAL
1864952295000,77.434907,-1.10955561172414,-8.21947597413793,-1.13613951448276,-1.3170254,-1.0882565,0.3231477,304.41953,108.55911,-7.7398853,WAL
1864957312000,77.439924,-1.30210124523765,-8.20156462954334,-1.1271839123206,-1.2901474,-1.063211,0.38423425,304.14548,108.8179,-7.86043,WAL
1864962276000,77.444888,-1.48310242382572,-8.20420480095643,-1.12418685109458,-1.248914,-1.0311406,0.441961,303.88757,109.08008,-8.042203,WAL
1864967329000,77.449941,-1.63737953512221,-8.27105824628055,-1.13961455685441,-1.2082914,-0.9972375,0.50762904,303.64703,109.33722,-8.234002,WAL
1864972247000,77.454859,-1.78489583809431,-8.35917863617687,-1.12596151660145,-1.1774428,-0.9960158,0.56107974,303.4093,109.59215,-8.464906,WAL
1864977304000,77.459916,-1.93176799784778,-8.49183756857758,-1.05963214934455,-1.1496484,-1.0073168,0.61575216,303.18793,109.83906,-8.703692,WAL
1864982293000,77.464905,-2.06898670479806,-8.66906347474441,-0.957860008492762,-1.1175779,-1.03786,0.6612616,302.96396,110.08218,-8.9723,WAL
1864987323000,77.469935,-2.1908900455208,-8.94700317916793,-0.777443037746735,-1.0888673,-1.0751228,0.68844515,302.74362,110.3172,-9.242211,WAL
1864992247000,77.474859,-2.31888227036184,-9.29575017746425,-0.61162055531433,-1.073901,-1.1123856,0.70524395,302.51736,110.54887,-9.551058,WAL
1864997322000,77.479934,-2.46815517083213,-9.80887510308091,-0.462347732778578,-1.0607675,-1.1392636,0.7189884,302.2917,110.77128,-9.857416,WAL
1865002256000,77.484868,-2.57388049847155,-10.2519832694594,-0.350920991046325,-1.0134255,-1.1603385,0.7275405,302.06976,110.96371,-10.189725,WAL
1865007316000,77.489928,-2.56473640676479,-10.5400194370224,-0.337204987159166,-0.96974856,-1.1930199,0.7324274,301.84283,111.15119,-10.516936,WAL
1865012293000,77.494905,-2.53917813674304,-10.8129707123568,-0.347555021526187,-0.8903361,-1.2040154,0.74036866,301.62692,111.295395,-10.86571,WAL
1865017326000,77.499938,-2.41098645292553,-11.0249801742021,-0.505329372699468,-0.7993172,-1.2299771,0.7452556,301.4013,111.42494,-11.207708,WAL
1865022290000,77.504902,-2.25948871384615,-11.2257158095105,-0.674834026864336,-0.75777835,-1.246776,0.75961095,301.17712,111.546875,-11.5523815,WAL
1865027301000,77.509913,-1.99549124564103,-11.3912736427972,-0.907509810889511,-0.64568454,-1.2202033,0.7678576,300.96033,111.63003,-11.883878,WAL
1865032416000,77.515028,-1.71152788063194,-11.5567208882112,-1.14887208255174,-0.5143485,-1.135293,0.77946407,300.7419,111.71367,-12.198703,WAL
1865037319000,77.519931,-1.23263391273873,-11.6647069997,-1.43526944637536,-0.38148534,-1.001819,0.7623598,300.5453,111.767975,-12.49096,WAL
1865042328000,77.52494,-0.737274687545373,-11.765284839982,-1.72707942738544,-0.24770586,-0.8313876,0.75319684,300.3601,111.80673,-12.739088,WAL
1865047327000,77.529939,-0.117874719902965,-11.6663526986523,-2.00236829390836,-0.13072516,-0.6218608,0.74464476,300.22348,111.81705,-12.959906,WAL
1865052254000,77.534866,0.49260410397664,-11.5688454651393,-2.2736922077628,-0.031154128,-0.39095375,0.73975784,300.10974,111.80461,-13.10013,WAL
1865057314000,77.539926,1.14851424770283,-11.436017420889,-2.33527920963631,0.043066,-0.17745635,0.73945236,300.05035,111.77151,-13.218423,WAL
1865062275000,77.544887,1.79833197644182,-11.2981775960004,-2.34512502890892,0.08246681,-0.021991149,0.6963864,300.03558,111.71657,-13.30553,WAL
1865067334000,77.549946,2.11440456117343,-11.2857174856547,-2.09201370600616,0.07147124,0.042760566,0.5876524,300.01614,111.64401,-13.283023,WAL
1865072253000,77.554865,2.376299338767,-11.2903942714186,-1.8114121271915,0.0061086523,0.027794369,0.42210788,300.0095,111.55713,-13.226058,WAL
1865077313000,77.559925,2.25989199745787,-11.401234570756,-1.37821345449958,-0.0852157,-0.042455133,0.21380283,299.9733,111.42393,-13.056159,WAL
1865082329000,77.564941,2.08350051552585,-11.5278742845306,-0.925927785519254,-0.19639318,-0.15363261,0.011911872,299.90884,111.283,-12.848578,WAL
1865087310000,77.569922,1.65134075670869,-11.6607108353367,-0.46401139314766,-0.2929099,-0.29749137,-0.13255776,299.79773,111.092285,-12.585624,WAL
1865092244000,77.574856,1.13878648943614,-11.7946212250562,-0.00225077784032052,-0.36102137,-0.4538729,-0.20861048,299.6428,110.90054,-12.299112,WAL
1865097325000,77.579937,0.607234739036139,-11.9293328982194,0.2111751002613,-0.37659842,-0.5177083,-0.20097467,299.47638,110.67124,-12.037832,WAL
1865102283000,77.584895,0.0869409788831524,-12.059406349489,0.306228772974397,-0.3491095,-0.49418998,-0.17287487,299.28864,110.441574,-11.769596,WAL
1865107312000,77.589924,-0.206579149551491,-12.3422057085487,0.249111220266402,-0.2611449,-0.3817908,-0.110872045,299.12616,110.19305,-11.595643,WAL
1865112311000,77.594923,-0.439764876834195,-12.6610514693837,0.153933370976143,-0.129198,-0.31856623,-0.07238753,298.95874,109.931305,-11.426351,WAL
1865117325000,77.599937,-0.443188802032706,-13.066788737661,0.0172354060039643,-0.047647487,-0.16340645,-0.053145275,298.86023,109.69327,-11.326767,WAL
1865122310000,77.604922,-0.386411336755203,-13.4926198878097,-0.129439706453915,0.12156218,0.008246681,-0.044898596,298.78766,109.412636,-11.229123,WAL
1865127306000,77.609918,-0.327192188776965,-13.9064883867488,-0.177052877515408,0.31398472,0.15790866,-0.062308256,298.7505,109.12812,-11.151187,WAL
1865132368000,77.61498,-0.266501572792758,-14.321985770416,-0.195726909453005,0.52015173,0.29077184,-0.11911872,298.75555,108.8021,-11.054064,WAL
1865137316000,77.619928,-0.205871314197713,-14.6420511246772,-0.127183242500922,0.74128497,0.38698313,-0.17623462,298.786,108.42885,-10.930409,WAL
1865142309000,77.624921,-0.144137828125231,-14.9286706890446,-0.0213544066027296,0.9584476,0.43249258,-0.24281894,298.83594,108.00703,-10.785685,WAL
1865147298000,77.62991,-0.03873739582576,-15.1720257928549,0.0129681546871409,1.178359,0.45265114,-0.31948254,298.89755,107.51345,-10.604578,WAL
1865152326000,77.634938,0.107132589257286,-15.3782557282983,-0.0172118415021414,1.3790283,0.4709771,-0.410196,298.96793,106.97396,-10.403204,WAL
1865157315000,77.639927,0.275054636636442,-15.5046718719099,-0.112917104547103,1.5653422,0.4886922,-0.50640726,299.03934,106.35926,-10.168631,WAL
1865162317000,77.644929,0.457943588107283,-15.5823998104419,-0.250083813375966,1.7376062,0.5314528,-0.59681535,299.1208,105.70489,-9.914357,WAL
1865167325000,77.649937,0.656029908211468,-15.4676573903209,-0.397337228633351,1.91323,0.58246,-0.7247916,299.20074,104.98758,-9.606369,WAL
1865172314000,77.654926,0.867150872509206,-15.1761092582851,-0.553164625664387,2.111761,0.6227771,-0.84299403,299.2897,104.232605,-9.28255,WAL
1865177310000,77.659922,1.04775525467213,-14.7169605630183,-0.664164949545805,2.329229,0.64934975,-0.93218035,299.38467,103.433174,-8.909698,WAL
1865182332000,77.664944,1.21008070204918,-14.1511402495178,-0.7476466337946,2.5744915,0.67103547,-0.9825767,299.49084,102.592766,-8.523594,WAL
1865187317000,77.669929,1.25612946478339,-13.6835844789554,-0.866785912307328,2.839607,0.68233645,-1.0366384,299.6016,101.710686,-8.09571,WAL
1865192312000,77.674924,1.20624826500142,-13.2936034881031,-1.01642976261067,3.1367931,0.6914995,-1.1160508,299.7206,100.782135,-7.65734,WAL
1865197331000,77.679943,0.94376576227905,-12.9957396214831,-1.14948228363142,3.451694,0.7510588,-1.1969905,299.85654,99.81463,-7.193624,WAL
1865202329000,77.684941,0.408095590412091,-12.8205205414706,-1.25962009561761,3.7281106,0.84635377,-1.323745,300.00793,98.80449,-6.705214,WAL
1865207316000,77.689928,-0.152759789558936,-12.7777921938385,-1.31680366988136,3.8814378,0.97158116,-1.4731015,300.18805,97.80573,-6.2114253,WAL
1865212303000,77.694915,-0.737645050080367,-12.8554724006889,-1.32594249529277,3.8954878,1.0430524,-1.6053538,300.38565,96.81007,-5.699169,WAL
1865217321000,77.699933,-1.32394046563416,-12.8934587465467,-1.38534387017581,3.8466184,1.138042,-1.6468927,300.63983,95.94229,-5.2710457,WAL
1865222312000,77.704924,-1.90415706395982,-12.878452842298,-1.51039051302846,3.6725218,1.1823297,-1.6853772,300.90628,95.14964,-4.8214564,WAL
1865227316000,77.709928,-2.47959354628437,-13.0090982282914,-1.80339323412576,3.488957,1.241889,-1.6701056,301.22354,94.60124,-4.5080442,WAL
1865232353000,77.714965,-3.05297407247981,-13.2760925919608,-2.25421913077761,3.292869,1.357648,-1.6563611,301.57678,94.1989,-4.197564,WAL
1865237293000,77.719905,-3.67933802785533,-13.6225644375,-2.68158178984772,3.0928106,1.4731015,-1.6334536,301.95563,85.91693,-4.037407,WAL
1865242313000,77.724925,-4.45721049274535,-14.1614823541667,-3.0832285072758,2.9043589,1.4523321,-1.6065756,302.33304,85.90918,-3.8926582,WAL
1865247308000,77.72992,-5.29589229485396,-14.669858403934,-3.35786488692629,2.7666087,1.2666291,-1.5790867,302.69653,85.68712,-3.9446073,WAL
1865252319000,77.734931,-6.22554953233658,-15.1418382513411,-3.46274915917942,2.6936102,0.98532563,-1.5916094,303.02667,85.44909,-3.989251,WAL
1865257281000,77.739893,-7.16712099296814,-15.6187235133753,-3.43280665715972,2.6053402,0.6918049,-1.6972891,303.2984,85.11911,-4.1851296,WAL
1865262307000,77.744919,-8.15174617619001,-16.1157696054288,-3.20558538878836,2.398257,0.35430184,-1.9028453,303.47968,84.85442,-4.3264704,WAL
1865267261000,77.749873,-8.82188336996736,-16.2712443740231,-3.16192818983084,2.1395555,0.13683382,-2.1068742,303.65158,84.63082,-4.391948,WAL
1865272277000,77.754889,-8.98344878454842,-15.8530750073202,-3.42803639266001,1.928807,0.10751228,-2.2073615,303.78387,84.45847,-4.4167194,WAL
1865277259000,77.759871,-8.84167810948962,-15.1969802128857,-3.6185016040753,1.709201,0.116675265,-2.1878138,303.9065,84.26047,-4.4623504,WAL
1865282339000,77.764951,-8.11471098431981,-14.0640436012032,-3.67042782026004,1.5402967,0.14874569,-2.0415115,304.02567,84.09007,-4.50559,WAL
1865287299000,77.769911,-7.34055767518177,-12.9400612106504,-3.80911512247986,1.5057828,0.3222314,-1.7867808,304.18738,83.93364,-4.559474,WAL
1865292313000,77.774925,-6.40170878695225,-11.7606026895264,-4.16295262955394,1.4737124,0.68416905,-1.5555683,304.4072,83.786804,-4.646288,WAL
1865297314000,77.779926,-5.08189225784136,-10.7329483382213,-4.09500953484098,1.529912,1.1249083,-1.4043792,304.67255,83.66828,-4.6890707,WAL
1865302332000,77.784944,-2.6566492955618,-10.1289258202247,-2.81832507247191,1.6957619,1.3790283,-1.2431108,304.98096,83.48551,-4.803668,WAL
1865307329000,77.789941,-0.589599086865611,-9.63633993485965,-1.70353292277121,1.8267925,1.4330899,-1.1191051,305.3109,83.402534,-4.8320246,WAL
1865312347000,77.794959,-0.325842678142387,-9.70868443377764,-1.39908268225874,1.8869628,1.3888022,-1.0965031,305.6815,83.28846,-4.8838534,WAL
1865337266000,77.819878,0.98395125349851,-10.0679416216089,0.112793671533637,2.0528126,1.7712038,-1.2232577,307.2963,82.7271,-3.8243363,WAL
1865342349000,77.824961,1.23888363520188,-10.0028268743662,0.415973318158685,2.0253236,1.7876972,-1.1664472,307.6684,82.586586,-3.5561268,WAL
1865347319000,77.829931,1.48468830853521,-9.9000360743662,0.710938958825352,1.9208658,1.704314,-1.1187997,308.0633,82.43481,-3.3081014,WAL
1865352320000,77.834932,1.51378523311793,-9.62424193376414,0.214356467851373,1.7910569,1.629483,-1.0809261,308.4902,82.19919,-3.0232625,WAL
1865357312000,77.839924,1.426897719063,-9.25738336187399,-0.702789084846527,1.6823229,1.7171422,-1.0225884,308.93542,81.95909,-2.770831,WAL
1865362305000,77.844917,1.13865058601331,-8.88289029863991,-1.56177147423556,1.6270396,1.9321668,-0.93187493,309.40182,81.68217,-2.495647,WAL
1865367330000,77.849942,0.748723934957075,-8.502248123951,-2.39732873597955,1.6175711,2.1600194,-0.8231409,309.892,81.40096,-2.2558687,WAL
1865372317000,77.854929,0.351650681788521,-8.06044216432906,-3.03986216572168,1.6096299,2.3829854,-0.7263188,310.3913,81.24823,-2.0684767,WAL
1865377312000,77.859924,-0.0528129417119268,-7.57508547229683,-3.5585272051129,1.6022996,2.5546384,-0.6404922,310.9319,81.08696,-1.9237152,WAL
1865382361000,77.864973,-0.355594043753703,-7.09784740065179,-3.93678257375074,1.6077974,2.7003298,-0.56596667,311.45892,81.02007,-1.926898,WAL
1865387404000,77.870016,-0.584529485216275,-6.63043759806439,-4.21341298704326,1.6120734,2.8393016,-0.49510628,312.02066,80.949875,-1.9626136,WAL
1865392316000,77.874928,-0.760758763967454,-6.26096994149554,-4.32611017388609,1.6493362,2.898861,-0.43890667,312.58218,80.90122,-2.0652182,WAL
1865397337000,77.879949,-0.905144612572646,-5.94891021987602,-4.32145256900426,1.677436,2.9138272,-0.4071417,313.1591,80.848335,-2.1839166,WAL
1865402319000,77.884931,-1.01226928393571,-5.7297420872805,-4.27041683638391,1.677436,2.8829784,-0.37843102,313.7638,80.80244,-2.29021,WAL
1865407311000,77.889923,-1.08333856469386,-5.60092900720989,-4.17269645359101,1.6701056,2.8732047,-0.3744604,314.37024,80.7488,-2.4007185,WAL
1865412295000,77.894907,-1.17892222483674,-5.46563664708275,-3.98804737509903,1.6639969,2.8368583,-0.37659842,314.99118,80.6737,-2.4973013,WAL
1865417433000,77.900045,-1.32641791791029,-5.31287336265924,-3.62457576126753,1.6389514,2.7641652,-0.39400807,315.59268,80.60647,-2.5907042,WAL
1865422316000,77.904928,-1.44552739540741,-5.15965730177778,-3.2629017506963,1.6007724,2.694832,-0.40622538,316.2093,80.51814,-2.67075,WAL
1865427312000,77.909924,-1.54476300508642,-4.99426453674074,-2.87541046105679,1.5189165,2.624888,-0.4343252,316.8007,80.4518,-2.7410836,WAL
1865432297000,77.914909,-1.61395096870065,-4.82811454381519,-2.42418581905644,1.4162911,2.538145,-0.47128254,317.41022,80.34199,-2.8136492,WAL
1865437321000,77.919933,-1.64678042623063,-4.65927748757189,-1.88953505933327,1.2867876,2.4422393,-0.4999932,317.99335,80.264565,-2.8806317,WAL
1865442246000,77.924858,-1.68737815546282,-4.50427447572079,-1.38847711646434,1.1389582,2.329229,-0.5158757,318.5849,80.14464,-2.9523625,WAL
1865447331000,77.929943,-1.74280084557094,-4.3610992210736,-0.90814721590478,0.9831876,2.2073615,-0.5338962,319.14407,80.06565,-3.014552,WAL
1865452253000,77.934865,-1.81224578756159,-4.25053354299526,-0.442100898184438,0.8197812,2.0958786,-0.537256,319.71198,79.92744,-3.0893378,WAL
1865457315000,77.939927,-1.92491145142698,-4.20997401505996,0.0401082852737752,0.6582073,1.9953914,-0.5375614,320.2457,79.8327,-3.158903,WAL
1865462333000,77.944945,-2.03841551234187,-4.18161812989342,0.50596239472557,0.49632803,1.8967366,-0.5369505,320.78156,79.68321,-3.2479713,WAL
1865467327000,77.949939,-2.16228148690109,-4.22449469668294,0.896616748842514,0.32345316,1.813048,-0.5235115,321.28955,79.57885,-3.3405411,WAL
1865472308000,77.95492,-2.28175245477924,-4.27028567342612,1.24917878347313,0.16126843,1.7373008,-0.5112942,321.79443,79.39366,-3.4712288,WAL
1865477308000,77.95992,-2.37443979923495,-4.33649085362706,1.35510711788183,0.014660766,1.6734654,-0.49602258,322.2754,79.24812,-3.606738,WAL
1865482686000,77.965298,-2.47167987466492,-4.40826783566462,1.46456038207195,-0.13561209,1.6114625,-0.4728097,322.74295,79.03481,-3.7827656,WAL
1865487320000,77.969932,-2.49404150481709,-4.48429742488159,1.4466711246498,-0.26908615,1.5635096,-0.4529566,323.19363,78.85407,-3.9622366,WAL
1865492637000,77.975249,-2.51166071849222,-4.56398527099153,1.42189038077028,-0.3827071,1.4877623,-0.4428773,323.63278,78.66739,-4.1488566,WAL
1865497321000,77.979933,-2.35237345770737,-4.47004665516708,1.30753019877993,-0.49968776,1.4126259,-0.43493605,324.05563,78.51376,-4.3391795,WAL
1865502256000,77.984868,-2.1845505217609,-4.3710741809797,1.18704183453519,-0.61300325,1.3316863,-0.42943826,324.45618,78.39535,-4.5285163,WAL
1865507312000,77.989924,-2.05006625945781,-4.31362041427843,1.14357144622911,-0.7128797,1.2831224,-0.42424592,324.842,78.30042,-4.717633,WAL
1865512275000,77.994887,-1.92896531646963,-4.27002406064003,1.12419531153689,-0.75594574,1.1863003,-0.42546764,325.1892,78.21705,-4.899006,WAL
1865517324000,77.999936,-1.80046917709658,-4.29678414096781,1.11658583330684,-0.8350528,1.0772609,-0.43157628,325.5312,78.21709,-5.0102363,WAL
1865522249000,78.004861,-1.67393137329094,-4.33896340890302,1.11189925341812,-0.90224797,0.9639453,-0.42485678,325.84158,78.21949,-5.1198707,WAL
1865527385000,78.009997,-1.59367869748058,-4.43846288988033,1.14797023035902,-0.9746355,0.86345804,-0.44012842,326.12833,78.26026,-5.181999,WAL
1865532324000,78.014936,-1.52912924424732,-4.54770039022675,1.19265832931976,-1.0500773,0.7501425,-0.4541783,326.37668,78.31378,-5.240408,WAL
1865537351000,78.019963,-1.5829067846836,-4.6789491274642,1.22920463380139,-1.1010846,0.6392705,-0.46303585,326.59967,78.39759,-5.253235,WAL
1865542248000,78.02486,-1.64789198776905,-4.80891948839723,1.26386336052656,-1.1410962,0.5149594,-0.49663344,326.78644,78.49841,-5.249803,WAL
1865547372000,78.029984,-1.78841751370865,-4.88422379072105,1.33648550813738,-1.2012665,0.39095375,-0.5143485,326.94788,78.61608,-5.218363,WAL
1865552261000,78.034873,-1.94830970902527,-4.93447554584838,1.41871582635379,-1.2556335,0.28955013,-0.5174029,327.07938,78.7408,-5.1782913,WAL
1865557357000,78.039969,-2.10072355837564,-4.99418306700508,1.47584914263959,-1.2974777,0.204029,-0.514654,327.19937,78.871544,-5.1303554,WAL
1865562340000,78.044952,-2.2432174700209,-5.05593040722604,1.51859725165721,-1.3573426,0.1432479,-0.5015204,327.2955,79.01569,-5.082434,WAL
1865567356000,78.049968,-2.28229501393369,-5.70891061927276,1.65039945196835,-1.427592,0.11209377,-0.4642576,327.4041,79.134705,-5.0613008,WAL
1865572344000,78.054956,-2.27272492910949,-6.63242455428228,1.82266112869879,-1.5097535,0.112399206,-0.40317106,327.50143,79.263435,-5.0503473,WAL
1865577339000,78.059951,-2.27932962767708,-7.14865037965122,2.17226781646909,-1.5916094,0.115453534,-0.34972036,327.6093,79.386856,-5.069995,WAL
1865582391000,78.065003,-2.29354986680709,-7.48045610783776,2.60835544676203,-1.6609426,0.15363261,-0.2510656,327.72125,79.508575,-5.1210337,WAL
1865587351000,78.069963,-2.11343681761006,-8.22956305971848,3.12503048493561,-1.6942347,0.2098322,-0.13194689,327.82867,79.63432,-5.1766195,WAL
1865592332000,78.074944,-1.82771015870021,-9.2105582054108,3.69172184343616,-1.6743816,0.2770274,-0.018020526,327.94452,79.74551,-5.258936,WAL
1865597354000,78.079966,-1.37759029435358,-10.4297803954568,4.44748410741728,-1.6108516,0.34391713,0.096516706,328.0791,79.72374,-5.369847,WAL
1865602357000,78.084969,-0.838128060485926,-11.773704290963,5.30399849801482,-1.4801265,0.40194935,0.18478674,328.2255,79.67086,-5.5047007,WAL
1865607348000,78.08996,-0.135725612726812,-13.2797309660416,6.28298691150532,-1.276403,0.4364632,0.19028452,328.37582,79.56718,-5.594305,WAL
1865612361000,78.094973,0.672121969542828,-14.8954256935631,7.34389544441967,-1.1447614,0.48991394,0.18845193,328.541,79.44743,-5.7068615,WAL
1865617360000,78.099972,1.64223140349376,-16.1262009984897,8.11096727547322,-0.8213083,0.49510628,0.15943582,328.75723,79.33928,-5.7196317,WAL
1865622350000,78.104962,2.70077122699356,-17.1462485387636,8.71722192952074,-0.43951756,0.5207626,0.007941248,328.99213,79.21239,-5.6996393,WAL
1865627344000,78.109956,3.62042590322894,-17.8205613957401,8.8186902583155,-0.08246681,0.5839872,-0.17348573,329.1975,79.062386,-5.5408483,WAL
1865632382000,78.114994,4.47445510007781,-18.3179627143552,8.65445400622447,0.1777618,0.7199047,-0.33108896,329.4301,78.864365,-5.3577313,WAL
1865637349000,78.119961,4.922693528334,-18.1982204299159,8.44647522687225,0.37751472,0.8903361,-0.4783075,329.63538,78.69851,-4.982208,WAL
1865642349000,78.124961,5.11445989797757,-17.6756578548258,8.20676707709251,0.52534413,1.0002918,-0.58184916,329.8694,78.47553,-4.5995564,WAL
1865647351000,78.129963,4.73426045811958,-16.4145033328782,7.86365097799668,0.6188065,1.0085385,-0.61361414,330.0741,78.31809,-4.0935683,WAL
1865652355000,78.134967,3.97707521754608,-14.666433801619,7.45234072398322,0.6750061,0.94897914,-0.5513059,330.29764,78.101006,-3.6163394,WAL
1865657347000,78.139959,2.97029830063038,-12.7706747361417,6.89337297018211,0.6768387,0.8927795,-0.44135013,330.52533,77.87173,-3.1476653,WAL
1865662338000,78.14495,1.7602868826696,-10.7523945397238,6.21423620388233,0.62796944,0.86926126,-0.3378085,330.7455,77.61568,-2.7152712,WAL
1865667356000,78.149968,0.734567038820187,-9.07026157033757,5.53153120003342,0.5403103,0.90194255,-0.25992316,331.00165,77.31035,-2.4268787,WAL
1865672317000,78.154929,-0.126879066051137,-7.68480229616477,4.85666566051136,0.39461896,0.9761627,-0.20066923,331.25598,77.02685,-2.1719751,WAL
1865677305000,78.159917,-0.967430502064926,-6.36770364609352,4.19972056849995,0.21746802,1.0662653,-0.15057829,331.5539,76.74604,-2.103596,WAL
1865682423000,78.165035,-1.68271609513551,-5.45291670583739,3.64987497324531,0.010079277,1.1374311,-0.08674286,331.85965,76.51413,-2.0617106,WAL
1865687391000,78.170003,-2.36042727487091,-4.68884980499139,3.16278579971314,-0.20219639,1.1414018,0.007941248,332.1986,76.348946,-2.177856,WAL
1865692313000,78.174925,-2.94186528100975,-4.60321152317843,2.93291493928093,-0.42058071,1.040609,0.14446963,332.51862,76.2387,-2.3226185,WAL
1865697471000,78.180083,-3.54326077645776,-4.56729150731853,2.71431051985323,-0.6444628,0.82833326,0.29749137,332.82062,76.20079,-2.5865781,WAL
1865702312000,78.184924,-4.01680462166799,-5.15117577970052,2.76488307962118,-0.8723156,0.66737026,0.4373795,333.0996,76.21113,-2.8818104,WAL
1865707548000,78.19016,-4.49119738952077,-5.82033434435291,2.81883011497033,-1.1426234,0.00061086525,0.56291234,333.19614,76.29367,-3.2498846,WAL
1865712617000,78.195229,-4.48689720356985,-6.92978285851714,2.86183210918593,-1.4080443,-0.605062,0.6450737,333.26053,76.412766,-3.6357677,WAL
1865717300000,78.199912,-4.48292447308885,-7.95474782040925,2.9015595384445,-1.6630806,-0.9108001,0.68325275,333.2511,76.57942,-4.0750885,WAL
1865722370000,78.204982,-5.25451035310275,-10.5345553896236,1.97982053527297,-1.7705929,-1.5109752,0.77121735,332.99002,76.74004,-4.4845195,WAL
1865727297000,78.209909,-6.22652951327569,-13.4626130974059,0.80779749548491,-1.9596558,-2.101682,0.8900307,332.65063,76.95449,-4.887119,WAL
1865732372000,78.214984,-7.19835244717022,-15.7123460653609,-0.400450658681961,-2.083356,-2.5998425,0.9987647,332.1906,77.194046,-5.2437196,WAL
1865737418000,78.22003,-8.12395042182664,-16.8889535723407,-1.60320480014717,-2.107485,-2.8948903,1.0687088,331.6321,77.41817,-5.586122,WAL
1865742421000,78.225033,-8.13517632393948,-17.6858632061703,-2.16668707964007,-1.967597,-2.9654453,1.1120802,330.9722,77.7519,-6.0235543,WAL
1865747490000,78.230102,-7.49674411951943,-18.2282898137051,-2.2866931108672,-1.6560557,-2.798679,1.1065824,330.30716,77.99578,-6.4472237,WAL
1865752329000,78.234941,-6.44269028256155,-18.4647039850528,-1.79114552520516,-1.2076806,-2.3851233,1.056186,329.70648,78.19772,-6.9452796,WAL
1865757254000,78.239866,-5.01887004003517,-18.4831352057444,-0.805069300117233,-0.71837753,-1.9416351,0.9211848,329.17642,78.28192,-7.40802,WAL
1865762250000,78.244862,-3.78685866985597,-17.8516991965021,0.0783682488683128,-0.28221974,-1.5858061,0.72601336,328.72003,78.3466,-7.745849,WAL
1865767386000,78.249998,-2.75454967084362,-16.4854085347737,0.857660239485597,0.021380283,-1.3332134,0.52534413,328.37436,78.33938,-8.046399,WAL
1865772223000,78.254835,-2.03966619433327,-14.9520388278185,1.18247099550228,0.17715092,-1.1133019,0.35643986,328.11023,78.35503,-8.12005,WAL
1865777277000,78.259889,-1.51221134745393,-13.139512403408,1.17288091283931,0.18692477,-0.89736104,0.21288654,327.92902,78.37159,-8.152467,WAL
1865782241000,78.264853,-1.16380635398067,-11.4319403772665,1.02243281791072,0.056505036,-0.6908886,0.13775012,327.84918,78.41728,-8.050459,WAL
1865787238000,78.26985,-0.970006688863323,-9.78023848209848,0.740542366654395,-0.13347405,-0.56077427,0.112704635,327.81146,78.48983,-7.9334435,WAL
1865792198000,78.27481,-0.794180576941819,-8.18645093304746,0.295325175002436,-0.35185838,-0.5870415,0.08246681,327.77783,78.60902,-7.7762794,WAL
1865797268000,78.27988,-0.647490520417113,-6.6485708619043,-0.490176432345775,-0.6081163,-0.7797695,0.062002823,327.72943,78.77564,-7.617977,WAL
1865802244000,78.284856,-0.646744495001401,-5.24792965706811,-1.30676567565169,-0.91904676,-0.9147707,0.09407325,327.67603,78.98897,-7.4820642,WAL
1865807271000,78.289883,-0.993094133233673,-4.0964295751565,-2.24235965365785,-1.0693196,-1.1771374,0.14477506,327.52655,79.21977,-7.3345323,WAL
1865812257000,78.294869,-1.36106895973665,-2.99283741336282,-3.12006077398416,-1.3665055,-1.3863586,0.27977628,327.27322,79.54158,-7.2621207,WAL
1865817280000,78.299892,-1.86581530180023,-2.09221165318383,-3.72872555049892,-1.6346754,-1.6545285,0.41813725,326.92645,79.8718,-7.191936,WAL
1865822283000,78.304895,-2.33564678145014,-1.30616079249543,-4.32246739934609,-1.8976529,-1.9917262,0.5543602,326.47394,80.22605,-7.2321496,WAL
1865827262000,78.309874,-2.68413239705741,-0.925577810877969,-4.86812242042504,-2.172237,-2.3909266,0.6771441,325.92517,80.58151,-7.298136,WAL
1865832298000,78.31491,-3.0080075013953,-0.605788320837181,-5.4180202881851,-2.4223862,-2.7577512,0.77946407,325.37756,80.918434,-7.395226,WAL
1865837273000,78.319885,-3.15148651138326,-0.691875726829954,-5.94889278994178,-2.6077838,-3.1019738,0.8585711,324.72247,81.219734,-7.505356,WAL
1865842291000,78.324903,-3.25598541937978,-0.825744609404152,-6.46765243816287,-2.713769,-3.3588426,0.9083566,323.98584,81.445404,-7.682677,WAL
1865847312000,78.329924,-3.12262889996638,-1.23793765254223,-6.88792769204135,-2.6957483,-3.407101,0.9746355,323.21542,81.58066,-7.8771744,WAL
1865852353000,78.334965,-2.98874118549458,-1.65177257197243,-7.30987701584167,-2.5454755,-3.2834008,1.0283916,322.4245,81.63723,-8.081858,WAL
1865857315000,78.339927,-2.77821215168787,-2.35623409751578,-7.36223431114895,-2.3017402,-3.0747902,1.0769554,321.65097,81.59239,-8.29481,WAL
1865862277000,78.344889,-2.54496703667234,-3.14641139854753,-7.30987330692177,-2.0082195,-2.81334,1.1157454,320.9352,81.46288,-8.511522,WAL
1865867326000,78.349938,-2.23859756619594,-3.96662380476611,-7.47239454157105,-1.7421877,-2.510656,1.1682798,320.2307,98.74299,-8.742751,WAL
1865872275000,78.354887,-1.91788586467589,-4.77537499932333,-7.69549829594979,-1.484708,-2.1337523,1.2452488,319.63004,99.007835,-8.979924,WAL
1865877305000,78.359917,-1.72641112230311,-5.96038638318994,-7.52849195870284,-1.1921035,-1.7272215,1.3127494,319.06793,99.34195,-9.249114,WAL
1865882345000,78.364957,-1.58494560807412,-7.28377306750496,-7.21361704142952,-0.9297369,-1.3891076,1.3863586,318.60278,99.71017,-9.530493,WAL
1865887319000,78.369931,-1.50878420586255,-9.00155543751238,-6.55874112731234,-0.7275405,-1.0790935,1.4355333,318.19995,100.080055,-9.789527,WAL
1865892315000,78.374927,-1.47087912144979,-10.9773596446821,-5.69166182661913,-0.65057147,-0.77854776,1.4431691,317.89853,100.459465,-10.044874,WAL
1865897321000,78.379933,-1.21066745486516,-12.9577155074434,-4.96859421009709,-0.7315111,-0.45631635,1.4269812,317.6588,100.842964,-10.293564,WAL
1865902328000,78.38494,-0.802022959298813,-14.9388654987055,-4.34269587650485,-0.8344419,-0.29626966,1.4223998,317.46368,101.230736,-10.537499,WAL
1865907315000,78.389927,-0.158348917652024,-15.9922611697679,-3.877038159601,-0.91538155,0.004581489,1.4340062,317.3821,101.5507,-10.731314,WAL
1865912309000,78.394921,0.566435130615768,-16.7353943312872,-3.4641862967581,-1.0546589,0.3118467,1.457219,317.35052,101.88839,-10.91684,WAL
1865917331000,78.399943,1.27529895990249,-16.8666802031488,-3.24896167861859,-1.2220359,0.691194,1.4022411,317.36285,102.06627,-10.953643,WAL
1865922319000,78.404931,1.96915202224073,-16.6822989984764,-3.13736296841036,-1.398576,1.1136073,1.2382239,317.4732,102.24478,-10.957879,WAL
1865927311000,78.409923,2.37253135890849,-15.9525552536836,-2.53903103916247,-1.5754215,1.4401149,0.9663888,317.5634,102.241936,-10.771985,WAL
1865932411000,78.415023,2.65187031296045,-14.9582979931175,-1.70574858472276,-1.781894,1.4999796,0.6719518,317.6886,102.24294,-10.543968,WAL
1865937350000,78.419962,2.75691883128215,-14.0111848967671,-0.69988273025349,-1.9795089,1.2064588,0.37690386,317.73334,102.190155,-10.206739,WAL
1865942304000,78.424916,2.76999110323292,-13.0699840462895,0.419972200220426,-2.1438315,0.6209445,0.098043874,317.696,102.13471,-9.819572,WAL
1865947349000,78.429961,2.78380036797892,-12.1757879667959,1.40064827453027,-2.2208006,-0.1695151,-0.1591304,317.54877,102.11899,-9.448251,WAL
1865952322000,78.434934,2.79800414389104,-11.3709040358883,2.17712460417537,-2.2058344,-1.0461067,-0.38912117,317.20038,102.09236,-9.044587,WAL
1865957312000,78.439924,2.69155867955177,-10.7027233089742,2.52010084754334,-2.0555615,-1.7800614,-0.5705481,316.73807,102.040085,-8.678011,WAL
1865962307000,78.444919,2.4304093537688,-10.212495226894,2.30476716777129,-1.7980819,-2.2883012,-0.73426,316.08844,101.939644,-8.285389,WAL
1865967270000,78.449882,1.96377143701578,-9.88446939680262,1.97348570723509,-1.4941764,-2.5610526,-0.90224797,315.34003,101.79092,-7.9176784,WAL
1865972315000,78.454927,1.08738762209469,-9.85971280938717,1.40903510055339,-1.2263119,-2.6187794,-1.0589349,314.51062,101.57749,-7.5220704,WAL
1865977308000,78.45992,0.193071905245211,-9.65611590642864,0.64914059243807,-1.0082331,-2.4941628,-1.185384,313.65952,101.347626,-7.1369996,WAL
1865982374000,78.464986,-0.755743710881557,-9.17440947136696,-0.431049496740548,-0.83169305,-2.2455406,-1.2220359,312.83405,101.066635,-6.73146,WAL
1865987279000,78.469891,-1.67219496711238,-8.68041459544808,-1.0444305143101,-0.70341134,-1.9419407,-1.149343,312.03104,100.831345,-6.410971,WAL
1865992312000,78.474924,-2.60922797722143,-8.13190780284495,-1.02157601688952,-0.58001655,-1.6707164,-1.0045679,311.30402,100.57484,-6.094406,WAL
1865997333000,78.479945,-3.28441696440583,-7.62324315344731,-1.00823983378176,-0.49938235,-1.5515977,-0.8045095,310.55167,100.439545,-5.9078794,WAL
1866002322000,78.484934,-3.34690782488789,-7.20812549428251,-1.01716708624813,-0.4541783,-1.3988814,-0.68661255,309.90793,100.30579,-5.727329,WAL
1866007254000,78.489866,-3.3855415430896,-6.85628246495254,-1.09157514456034,-0.4550946,-1.3267993,-0.4269948,309.3814,100.354836,-5.804906,WAL
1866012303000,78.494915,-3.28466892716178,-6.85123888945447,-1.56567656055075,-0.4831944,-1.2651019,-0.15027285,308.90973,100.42241,-5.913286,WAL
1866017277000,78.499889,-3.12620486755805,-6.86216311726046,-1.97931460724285,-0.5537493,-1.1191051,0.105068825,308.5018,100.5622,-6.1008296,WAL
1866022312000,78.504924,-2.76645046656048,-6.92683794339844,-2.21780346653533,-0.61483586,-0.86529064,0.28863382,308.15775,100.73956,-6.3353434,WAL
1866027307000,78.509919,-2.40955409456786,-6.99099896754129,-2.45439767749183,-0.68569624,-0.6020077,0.4196644,307.85992,101.01538,-6.603846,WAL
1866032332000,78.514944,-1.90775683039713,-7.1676788970638,-2.43293406972231,-0.7153232,-0.4269948,0.54550266,307.62088,101.32298,-6.9104266,WAL
1866037295000,78.519907,-1.38737598094954,-7.36163918094954,-2.36670387948641,-0.7089091,-0.35246924,0.6411031,307.43546,101.65194,-7.2326984,WAL
1866042319000,78.524931,-0.909659846088217,-7.58133067860841,-2.23471587703458,-0.6985244,-0.3924809,0.70188415,307.23053,101.9975,-7.522362,WAL
1866047945000,78.530557,-0.392135559394515,-7.83202551077157,-2.07833241843029,-0.68416905,-0.4718934,0.7141015,307.0401,102.342026,-7.816513,WAL
1866052318000,78.53493,-0.149690658252823,-8.01882735474993,-2.0823070052197,-0.6640105,-0.5488624,0.6973027,306.78177,102.616425,-8.046548,WAL
1866057246000,78.539858,0.123524176603398,-8.22933718487235,-2.08678602733226,-0.66737026,-0.636827,0.6600399,306.46494,102.82221,-8.211063,WAL
1866062296000,78.544908,0.286112692908243,-8.37107484253499,-2.15097992317263,-0.6939429,-0.70952,0.591623,306.137,103.01404,-8.356548,WAL
1866067261000,78.549873,0.41552246438958,-8.49124106580482,-2.22955008297045,-0.7556403,-0.79198676,0.5180137,305.78787,103.20118,-8.486947,WAL
1866072313000,78.554925,0.460726021111993,-8.52689676847535,-2.23993351627815,-0.8078693,-0.8622363,0.4260785,305.43002,103.38173,-8.573765,WAL
1866077286000,78.559898,0.474898858991172,-8.53162114314056,-2.22576068826505,-0.8927795,-0.89888823,0.34574974,305.06134,103.56761,-8.640729,WAL
1866082396000,78.565008,0.377500027200901,-8.54341869267672,-2.14144582833366,-0.981355,-0.9447031,0.25442538,304.67136,103.75432,-8.668282,WAL
1866087374000,78.569986,0.242143942710985,-8.55742132807911,-2.03409443467789,-1.0699304,-0.9822713,0.18173242,304.2749,103.94665,-8.677423,WAL
1866092310000,78.574922,0.0366730653053507,-8.51202374409151,-1.88985760519947,-1.1527027,-1.0146471,0.14446963,303.87064,104.15371,-8.677836,WAL
1866097353000,78.579965,-0.205308343531859,-8.43897270920779,-1.72549289589714,-1.2180653,-1.0198395,0.12614368,303.4649,104.36655,-8.6624775,WAL
1866102350000,78.584962,-0.500828731258257,-8.36782196759987,-1.57265687256999,-1.2534955,-1.0204504,0.12950343,303.0532,104.58269,-8.665568,WAL
1866107344000,78.589956,-0.836823307521233,-8.29761377382825,-1.42722632470379,-1.2797627,-1.0112875,0.14782938,302.6474,104.80972,-8.666054,WAL
1866112357000,78.594969,-1.14240803049807,-8.19791339959402,-1.3344657246361,-1.3118331,-0.9993755,0.18295415,302.23102,105.045166,-8.71995,WAL
1866117357000,78.599969,-1.43163723636004,-8.08411822185365,-1.2680852909298,-1.3234396,-0.95417154,0.22418754,301.83472,105.28273,-8.774735,WAL
1866122345000,78.604957,-1.71302611079944,-8.08502753085554,-1.22628797769986,-1.3219124,-0.91354895,0.28924468,301.42487,105.5279,-8.897125,WAL
1866127390000,78.610002,-1.9937584765578,-8.14795028506311,-1.19724672985374,-1.3112222,-0.8857546,0.36957347,301.03693,105.77781,-9.02679,WAL
1866132373000,78.614985,-2.22309397355817,-8.25715104230692,-1.13086591955697,-1.287093,-0.8677341,0.43218717,300.66028,106.045204,-9.21574,WAL
1866137358000,78.61997,-2.42792688739773,-8.39053088016364,-1.045121830453,-1.2770138,-0.8671232,0.505491,300.30133,106.32135,-9.420382,WAL
1866142335000,78.624947,-2.5583380784738,-8.61354155125285,-0.926954162984055,-1.2547172,-0.88422745,0.5729916,299.95224,106.60338,-9.672941,WAL
1866147379000,78.629991,-2.65003403451025,-8.88862913211845,-0.789410276803341,-1.2241739,-0.91874135,0.625526,299.61072,106.883156,-9.931895,WAL
1866152353000,78.634965,-2.77181919324366,-9.18670422793585,-0.62018864421521,-1.2134838,-0.9636399,0.6554584,299.28867,107.162415,-10.218897,WAL
1866157358000,78.63997,-2.92059907125711,-9.50906092374547,-0.421815476982928,-1.1976013,-1.0247264,0.6786713,298.96283,107.43379,-10.510367,WAL
1866162349000,78.644961,-2.99509967754868,-9.74847189265941,-0.241702839941867,-1.146594,-1.1181889,0.68630713,298.601,107.674835,-10.827138,WAL
1866167361000,78.649973,-3.02259046884307,-9.93632548964299,-0.0721761754550401,-1.1059716,-1.2055426,0.6973027,298.23477,107.91317,-11.141848,WAL
1866172352000,78.654964,-3.01326232396417,-10.11725818757,0.0547475913023516,-1.0384709,-1.3011429,0.7076874,297.85825,108.11937,-11.481043,WAL
1866177359000,78.659971,-2.96932876615087,-10.2929927756286,0.142614769624758,-0.94714653,-1.3979651,0.74036866,297.46893,108.31346,-11.821436,WAL
1866182366000,78.664978,-2.87899465408183,-10.463280618304,0.0641895959122356,-0.83291477,-1.4611896,0.7797695,297.08206,108.46579,-12.160262,WAL
1866187352000,78.669964,-2.75157332903736,-10.6284562822692,-0.148179262735719,-0.6924158,-1.4694363,0.80664754,296.69537,108.595764,-12.49324,WAL
1866192312000,78.674924,-2.56446001097274,-10.7507008027064,-0.44136607412728,-0.50701815,-1.3976597,0.82894415,296.30142,108.70536,-12.846528,WAL
1866197402000,78.680014,-2.3159025535301,-10.836739671112,-0.818982248445774,-0.34391713,-1.3414601,0.8381071,295.91324,108.795,-13.190093,WAL
1866202354000,78.684966,-1.96450232929481,-10.9386844866797,-1.27529675309501,-0.17989981,-1.1798862,0.8359691,295.55667,108.86481,-13.5032015,WAL
1866207353000,78.689965,-1.49560459968658,-11.060597905191,-1.82859611026445,-0.10048734,-0.93187493,0.818254,295.252,108.92066,-13.7919655,WAL
1866212337000,78.694949,-0.911340609661168,-11.111523035365,-2.31752390240047,0.043066,-0.6267477,0.818254,294.98834,108.96475,-14.040693,WAL
1866217358000,78.69997,-0.175076868036155,-11.0735225519115,-2.73078151595377,0.13652839,-0.32650748,0.816116,294.8023,109.0012,-14.259025,WAL
1866222338000,78.70495,0.60969360188488,-10.9989489708148,-2.95867807944872,0.1704314,-0.073303826,0.8167268,294.65417,109.050934,-14.410893,WAL
1866227358000,78.70997,1.47688569578435,-10.8722804523713,-2.93431876854479,0.13347405,0.086437434,0.79443026,294.56775,109.09064,-14.538065,WAL
1866232304000,78.714916,2.18503683006462,-10.8340099765852,-2.76210549394025,0.039095376,0.13103059,0.7150178,294.5011,109.12102,-14.562859,WAL
1866237359000,78.719971,2.72006263197527,-10.9065558785239,-2.39484215536199,-0.12889257,0.090713486,0.539394,294.4494,109.14376,-14.548224,WAL
1866242269000,78.724881,3.00323334366465,-11.046251417688,-1.99479944148467,-0.3203988,-0.025045475,0.3203988,294.3742,109.112404,-14.415929,WAL
1866247387000,78.729999,2.72372715429943,-11.3600827947076,-1.47256428213496,-0.45631635,-0.1414153,0.08368854,294.27676,109.05987,-14.232333,WAL
1866252247000,78.734859,2.45831096041219,-11.6580938326747,-0.976655162471112,-0.54519725,-0.29046643,-0.102319926,294.1312,108.93046,-13.957351,WAL
1866257339000,78.739951,2.18022469307188,-11.9703309119604,-0.457073014872693,-0.5644395,-0.45478916,-0.2144137,293.94055,108.78226,-13.647191,WAL
1866262268000,78.74488,1.67254134840052,-12.2583623328999,-0.0883083750351105,-0.52412236,-0.5766568,-0.24770586,293.7134,108.62544,-13.321269,WAL
1866267336000,78.749948,0.580170362768831,-12.520531590077,-0.030048586126838,-0.44776422,-0.6001751,-0.2134974,293.46823,108.46138,-12.990307,WAL
1866272256000,78.754868,-0.192156692022194,-12.7952849576935,-0.0449321420628158,-0.34208453,-0.50701815,-0.16187929,293.2458,108.21241,-12.736116,WAL
1866277336000,78.759948,-0.293380682431388,-13.1278782401665,-0.232919556345982,-0.19394971,-0.34208453,-0.10415252,293.04245,107.95058,-12.492488,WAL
1866282301000,78.764913,-0.3457538660753,-13.4608497221905,-0.38208345256988,-0.023823744,-0.14538592,-0.07544186,292.8687,107.746376,-12.400718,WAL
1866287336000,78.769948,-0.281571594208024,-13.8184362072637,-0.446265719650124,0.16462818,0.04642576,-0.061391957,292.74597,107.521706,-12.312225,WAL
1866292286000,78.774898,-0.217052616019166,-14.1791169211419,-0.46473801564983,0.32589662,0.2321288,-0.06658431,292.6685,107.295456,-12.230179,WAL
1866297331000,78.779943,-0.144710347652226,-14.5890566601118,-0.276648117895788,0.5122105,0.31703907,-0.0729984,292.6197,107.03553,-12.148238,WAL
1866302335000,78.784947,-0.0559371297154313,-14.9820376402308,-0.0994307811989048,0.61086524,0.47555858,-0.08674286,292.63916,106.757095,-12.038184,WAL
1866307321000,78.789933,0.107494174292001,-15.3135695840994,0.0359837324330139,0.8304713,0.5861252,-0.12858713,292.6686,106.41992,-11.919928,WAL
1866312351000,78.794963,0.277527320983884,-15.6461306937923,0.147115264120573,1.0161743,0.6377433,-0.18020524,292.738325756517,106.019162674523,-11.7736465778488,WAL
1866317334000,78.799946,0.476919661730999,-15.9642088889773,0.104388339271787,1.2098186,0.6921103,-0.24312437,292.8074,105.62215,-11.628732,WAL
1866322317000,78.804929,0.665324961091592,-16.2580582743072,0.0732425568567403,1.3796391,0.73975784,-0.3277292,292.9002,105.13316,-11.430726,WAL
1866327375000,78.809987,0.779086085495538,-16.3854704584312,0.123297451404415,1.5537357,0.77182823,-0.42821655,293.00177,104.60786,-11.21525,WAL
1866332467000,78.815079,0.893317541974612,-16.4985698791054,0.172000451146484,1.7171422,0.7538077,-0.56382865,293.09448,104.021835,-10.941342,WAL
1866337392000,78.820004,0.993104085345557,-16.056658550272,0.15774523066492,1.863139,0.68477994,-0.7125743,293.17923,103.40369,-10.6446085,WAL
1866342582000,78.825194,1.09317357484091,-15.5749765876602,0.138265311844785,2.0164661,0.61086524,-0.84849185,293.25363,102.73266,-10.306332,WAL
1866347394000,78.830006,1.11442394909158,-14.9034640512773,0.0575138333310892,2.1991148,0.5296202,-0.97035944,293.3051,102.02766,-9.942815,WAL
1866352217000,78.834829,1.13572290067325,-14.2304164696117,-0.0234222391692336,2.4275784,0.43127087,-1.058324,293.33057,101.29505,-9.5569515,WAL
1866357232000,78.839844,0.838279195390555,-13.6330692735373,-0.335754238478467,2.6966646,0.36041048,-1.1181889,293.34357,100.54008,-9.156106,WAL
1866362230000,78.844842,0.473404849111969,-13.0596956061776,-0.695889936969112,2.9865203,0.32986724,-1.1695015,293.34473,99.77311,-8.744558,WAL
1866367216000,78.849828,-0.173406915243902,-12.7652285040306,-1.04800612540306,3.3060026,0.39095375,-1.2776246,293.35828,99.00428,-8.313814,WAL
1866372196000,78.854808,-0.888104327439024,-12.538496968272,-1.3979614718272,3.5790594,0.5580254,-1.4288138,293.40112,98.253395,-7.865026,WAL
1866377255000,78.859867,-1.53659903363355,-12.3579731291866,-1.57185509859274,3.7549887,0.7199047,-1.5592335,293.45703,97.63151,-7.472604,WAL
1866382304000,78.864916,-2.17169251258092,-12.1855904449761,-1.71701927227695,3.7739255,0.86467975,-1.6297885,293.56604,97.08874,-7.064405,WAL
1866387246000,78.869858,-2.80905020156346,-12.0922817834808,-2.092066331187,3.633121,1.0290025,-1.6520851,293.71387,83.19664,-6.796189,WAL
1866392188000,78.8748,-3.45165182275252,-12.0241269674964,-2.54480838016869,3.4009922,1.1206323,-1.6218473,293.89468,83.36066,-6.5354567,WAL
1866397362000,78.879974,-4.15445855891075,-12.2452323766353,-2.97804815149724,3.2754595,1.2449434,-1.5564847,294.10764,83.22201,-6.484775,WAL
1866402263000,78.884875,-4.82763596247698,-12.527239355267,-3.37831575193333,3.0705142,1.3078625,-1.5271631,294.3411,83.03054,-6.4386163,WAL
1866407641000,78.890253,-5.62681662686881,-12.9141980484312,-3.64561143617604,2.874121,1.2892311,-1.4462235,294.53476,82.57372,-6.680982,WAL
1866412265000,78.894877,-6.33083386889871,-13.2685377292061,-3.82744378555485,2.676506,1.1795808,-1.4327844,294.73358,82.150085,-6.8975606,WAL
1866417281000,78.899893,-7.00713560426185,-13.6669709381839,-3.85172777984258,2.6444356,0.98440933,-1.4043792,294.91614,81.670364,-7.2010093,WAL
1866422245000,78.904857,-7.65967112942983,-14.0639680055673,-3.8426014148589,2.5867088,0.7339546,-1.4101825,295.05927,81.2432,-7.474515,WAL
1866427267000,78.909879,-8.34415106706776,-14.2744869058093,-3.59815438518592,2.5054638,0.5170974,-1.5176947,295.1765,80.83968,-7.7245374,WAL
1866432268000,78.91488,-9.03381160696321,-14.4209218975737,-3.27694265593254,2.3270912,0.25289822,-1.6936239,295.21802,80.493225,-7.927611,WAL
1866437208000,78.91982,-9.12736510474397,-14.1480690897229,-3.41608936042507,2.1450534,0.031154128,-1.88849,295.2613,80.21365,-8.046588,WAL
1866442222000,78.924834,-8.99387381840194,-13.7088395871671,-3.73474598958838,1.9401081,-0.02687807,-2.007914,295.28363,79.99788,-8.124342,WAL
1866447277000,78.929889,-8.41144776881204,-12.9369199237912,-3.99447908011527,1.7327193,0.10842858,-1.9920316,295.34692,79.78773,-8.184243,WAL
1866452225000,78.934837,-7.38978267968833,-11.8495043699434,-4.18667346935639,1.59558,0.3539964,-1.865277,295.42773,79.60649,-8.238801,WAL
1866457232000,78.939844,-6.39699122454916,-10.9852847711848,-4.10744727442311,1.5485435,0.57635134,-1.6584991,295.5337,79.4842,-8.278551,WAL
1866462259000,78.944871,-5.42611054275742,-10.2664593510762,-3.8553917203025,1.5332718,0.72021013,-1.4468343,295.68195,79.35335,-8.358918,WAL
1866467271000,78.949883,-4.36722021910854,-9.83591148065793,-3.65192935599553,1.6325374,0.9379836,-1.2455542,295.87604,79.241646,-8.435562,WAL
1866472273000,78.954885,-3.23882762717027,-9.6316339448675,-3.48656147876942,1.779145,1.237613,-1.0656544,296.12653,79.08378,-8.572968,WAL
1866477261000,78.959873,-2.31360351265986,-9.59276786705661,-2.95245631888569,1.9355265,1.4156802,-0.95814216,296.38342,78.936806,-8.653685,WAL
1866482308000,78.96492,-1.51817694923168,-9.66943503430157,-2.15223803248736,2.0647244,1.5143349,-0.91874135,296.69708,78.74561,-8.774192,WAL
1866487271000,78.969883,-1.04021570131239,-9.81860621246769,-1.64773352052098,2.1740694,1.6447546,-0.91232723,297.00015,78.526024,-8.916119,WAL
1866492260000,78.974872,-0.78369856307417,-10.0228699992046,-1.34846355897793,2.3011293,1.7238617,-0.9737192,297.31537,78.29135,-9.04841,WAL
1866497283000,78.979895,-0.598299015714427,-10.3613748463364,-0.951970420686245,2.3683245,1.8423696,-1.0247264,297.73438,78.14658,-8.969046,WAL
1866502274000,78.984886,-0.470686839740928,-10.8009278190448,-0.484059161425887,2.4284947,1.8994855,-1.1301007,298.16052,77.99426,-8.865618,WAL
1866507269000,78.989881,-0.203154575688906,-11.0368292289775,0.088077891512041,2.3484714,1.8466456,-1.169807,298.6013,77.870514,-8.695643,WAL
1866512271000,78.994883,0.184534063896565,-11.098291822345,0.749985363482037,2.1499403,1.640784,-1.1392636,299.01346,77.751495,-8.521146,WAL
1866517313000,78.999925,0.557972971822461,-11.0396041768662,1.12770608204438,1.9346102,1.4752395,-1.0995574,299.4367,77.62582,-8.312531,WAL
1866522357000,79.004969,0.915309596105294,-10.8678973842828,1.23444301454511,1.7730364,1.3411547,-1.0684034,299.80725,77.511986,-8.111421,WAL
1866527321000,79.009933,1.11281012161067,-10.5724524711287,1.03629838410954,1.6581937,1.2724323,-1.0345002,300.1715,77.389015,-7.849596,WAL
1866532364000,79.014976,1.1171607028556,-10.1112903140258,0.448969461760202,1.5946637,1.3316863,-0.9804387,300.53052,77.26549,-7.610519,WAL
1866537382000,79.019994,1.03738680577394,-9.61861297360802,-0.303871670534521,1.5714508,1.5424347,-0.9211848,300.91418,77.1627,-7.3322735,WAL
1866542337000,79.024949,0.683338233641425,-9.02148636503341,-1.59852698222717,1.5598444,1.8500054,-0.8347474,301.3369,77.044235,-7.0931034,WAL
1866547298000,79.02991,0.301689825734069,-8.47023586707341,-2.78627401361611,1.5647314,2.111761,-0.74067414,301.7881,76.98143,-6.883622,WAL
1866552364000,79.034976,-0.125868323828201,-7.97220116511718,-3.84812164495448,1.5610662,2.3765712,-0.66553766,302.32077,76.90577,-6.716267,WAL
1866557249000,79.039861,-0.46123644550285,-7.51789064662352,-4.56490788348952,1.5861117,2.5674667,-0.59620446,302.86496,76.91795,-6.643836,WAL
1866562356000,79.044968,-0.664412591455898,-7.09263824123273,-4.72555882837407,1.6215417,2.6645942,-0.539394,303.4482,76.91736,-6.601587,WAL
1866567259000,79.049871,-0.837975926439202,-6.71237019862306,-4.8215368815531,1.6401732,2.7113254,-0.50426924,304.0306,76.99732,-6.6621456,WAL
1866572356000,79.054968,-0.961528114682596,-6.39113462478485,-4.76717397322061,1.6581937,2.720183,-0.48563787,304.61902,77.05995,-6.7355175,WAL
1866577281000,79.059893,-1.12593628878394,-6.02299007241244,-4.51786346080283,1.6749926,2.6762006,-0.47952923,305.1938,77.0953,-6.861091,WAL
1866582375000,79.064987,-1.39951972272727,-5.50942110151515,-3.80750636363636,1.6780468,2.5955665,-0.4822781,305.75067,77.12471,-6.983966,WAL
1866587381000,79.069993,-1.61326253142942,-5.06518717765611,-3.17111637298017,1.6319265,2.490803,-0.48747048,306.28235,77.122925,-7.134912,WAL
1866592337000,79.074949,-1.69285857061261,-4.77021336185262,-2.68885787413436,1.5641204,2.4306328,-0.5137377,306.79565,77.12622,-7.2721305,WAL
1866597329000,79.079941,-1.75369718750935,-4.47363820054226,-2.19473976547307,1.4758505,2.3060162,-0.5271767,307.34564,77.03619,-7.3890476,WAL
1866602355000,79.084967,-1.75819728070307,-4.17663195577786,-1.67272862607517,1.4227052,2.1862867,-0.548557,307.87503,76.95891,-7.494191,WAL
1866607278000,79.08989,-1.76799563872838,-3.88613200815538,-1.15664491384636,1.3035865,2.0690005,-0.5671884,308.42007,76.85158,-7.582487,WAL
1866612362000,79.094974,-1.82445152072664,-3.58973873819693,-0.58267685323065,1.153619,1.9477439,-0.57879484,308.92593,76.765854,-7.663027,WAL
1866617480000,79.100092,-1.88548730237866,-3.30233103016179,-0.0148540092734977,0.9767735,1.8368717,-0.5849035,309.4414,76.63256,-7.736442,WAL
1866622354000,79.104966,-1.99337031653505,-3.15848701128659,0.407687541301233,0.799928,1.7406605,-0.6026186,309.9242,76.5371,-7.8012385,WAL
1866627696000,79.110308,-2.11299583536996,-3.00559274414238,0.863960561547085,0.61544675,1.6643023,-0.57971114,310.41095,76.371735,-7.8976207,WAL
1866632404000,79.115016,-2.24778687819507,-2.97189504941143,1.12090599517937,0.41783184,1.602605,-0.5757405,310.8735,76.254715,-7.983138,WAL
1866637362000,79.119974,-2.3897354742713,-2.93640796987108,1.39149551513453,0.2415972,1.5589281,-0.55955255,311.33377,76.07198,-8.119784,WAL
1866642336000,79.124948,-2.47868868651707,-2.97662054555566,1.52491311948931,0.064751714,1.5470163,-0.5537493,311.78305,75.93375,-8.255937,WAL
1866647291000,79.129903,-2.55671385756843,-3.03169705513106,1.63047661721636,-0.09773844,1.5234979,-0.5308419,312.21164,75.8244,-8.400514,WAL
1866652359000,79.134971,-2.53154726656201,-3.07888487993113,1.64377521816478,-0.24129178,1.5039502,-0.5119051,312.65106,75.67922,-8.583443,WAL
1866657288000,79.1399,-2.47417664693878,-3.12191285088874,1.62704210309414,-0.38056904,1.4630222,-0.4981606,313.07382,75.56353,-8.769144,WAL
1866662311000,79.144923,-2.41571192339089,-3.16576139990885,1.60998987404163,-0.5161811,1.4095715,-0.48991394,313.50095,75.457794,-8.963091,WAL
1866667298000,79.14991,-2.35766621836735,-3.20929568499013,1.59305985885451,-0.65484756,1.3530666,-0.47128254,313.91116,75.375114,-9.160255,WAL
1866672315000,79.154927,-2.19435208787909,-3.22160617850623,1.55175847196977,-0.7593055,1.2803736,-0.46028697,314.3194,75.327675,-9.334283,WAL
1866677315000,79.159927,-2.00636877253901,-3.22630580555501,1.50476264313475,-0.88789266,1.1957687,-0.46303585,314.70447,75.30922,-9.504311,WAL
1866682406000,79.165018,-1.80987231389522,-3.29471841322175,1.48650019175993,-0.9972375,1.0968086,-0.4569272,315.0763,75.34459,-9.633388,WAL
1866687349000,79.169961,-1.61765041617312,-3.37910849913836,1.47712352098643,-1.0955868,0.9981538,-0.4578435,315.42078,75.399796,-9.753813,WAL
1866692315000,79.174927,-1.44576071455627,-3.52816871432821,1.44629433168071,-1.1902709,0.95264435,-0.44837508,315.75235,75.51275,-9.830086,WAL
1866697387000,79.179999,-1.27718614337134,-3.70155969895885,1.40776297382251,-1.2385293,0.84788096,-0.44623706,316.03516,75.630104,-9.894676,WAL
1866702359000,79.184971,-1.18157297929991,-3.86296865804499,1.43051478741047,-1.3234396,0.72204274,-0.4578435,316.30984,75.8218,-9.901449,WAL
1866707366000,79.189978,-1.10901511944921,-4.02259593961465,1.47404952352466,-1.4049901,0.59315014,-0.45906523,316.54855,76.01137,-9.90638,WAL
1866712306000,79.194918,-1.09526527799824,-4.14127961382074,1.57564630124133,-1.4813483,0.44837508,-0.4633413,316.7514,76.26814,-9.856498,WAL
1866717322000,79.199934,-1.09996054031864,-4.24927094135471,1.69772321962663,-1.5485435,0.3100141,-0.47158796,316.91504,76.531105,-9.799966,WAL
1866722316000,79.204928,-1.13051822147999,-4.3813603446588,1.80150130549957,-1.6258179,0.18325958,-0.44593164,317.05127,76.82425,-9.720367,WAL
1866727298000,79.20991,-1.17173187505519,-4.52331817660044,1.8976664812362,-1.68385,0.06841691,-0.4129449,317.14774,77.117294,-9.636061,WAL
1866732406000,79.215018,-1.21838553971996,-4.72276251481817,1.97154876633424,-1.743104,-0.0290161,-0.39461896,317.23413,77.41591,-9.542624,WAL
1866737449000,79.220061,-1.26703644328599,-4.95142215274504,2.02992991157449,-1.808772,-0.101098195,-0.3472769,317.28967,77.70361,-9.464178,WAL
1866742334000,79.224946,-1.31810762527309,-5.38401407726995,2.1967334976667,-1.8695531,-0.12156218,-0.25228736,317.34656,77.973564,-9.40235,WAL
1866747399000,79.230011,-1.37321423215066,-5.94779713363628,2.42987686850476,-1.9504927,-0.13133603,-0.14263703,317.38177,78.23442,-9.356606,WAL
1866752362000,79.234974,-1.39142510126582,-6.73613210126582,2.71617645443038,-1.9935588,-0.07941248,-0.01038471,317.44168,78.46815,-9.34192,WAL
1866757357000,79.239969,-1.34562948968195,-7.95226237623657,3.10798412691203,-1.9633209,0.01038471,0.1386664,317.50424,78.66125,-9.363822,WAL
1866762347000,79.244959,-1.25140711873731,-9.34057582132844,3.64260152536982,-1.8686367,0.12614368,0.24220806,317.6062,78.808495,-9.40824,WAL
1866767361000,79.249973,-1.1028448147056,-10.9283350548197,4.33898712857972,-1.7290541,0.2501493,0.3631594,317.73032,78.892975,-9.501138,WAL
1866772305000,79.254917,-0.817020465102247,-12.6350659485726,5.24443715539583,-1.4590516,0.3408628,0.47952923,317.88275,78.92348,-9.592566,WAL
1866777357000,79.259969,-0.312530813739623,-14.5942487329419,6.50321235774448,-1.0595458,0.41263947,0.47800204,318.06354,78.91136,-9.684824,WAL
1866782374000,79.264986,0.430760226305273,-16.1084853520625,7.76766952406766,-0.5552765,0.36774087,0.32162055,318.24182,78.86762,-9.713548,WAL
1866787447000,79.270059,1.50248254754971,-17.0696715649421,9.06527020889306,-0.043982297,0.23945917,0.11301007,318.41318,78.78561,-9.723272,WAL
1866792244000,79.274856,2.51049978285494,-17.7903327181661,9.7167098861491,0.41386122,0.2125811,0.0143553335,318.58374,78.67566,-9.624592,WAL
1866797408000,79.28002,3.58705023340397,-18.2666816255057,9.50235290271624,0.63041294,0.3848451,-0.22296582,318.7785,78.60349,-9.432089,WAL
1866802249000,79.284861,4.42103296091577,-18.6435744212356,9.16147165176798,0.9999864,0.6933321,-0.44715336,318.9629,78.48624,-9.077779,WAL
1866807342000,79.289954,4.91032998589591,-18.8858020135081,8.49292687624156,1.2776246,1.0387764,-0.5170974,319.20865,78.32214,-8.722171,WAL
1866812279000,79.294891,4.9004169986184,-18.5303919850788,7.9036439986184,1.4327844,1.2623531,-0.46089783,319.46558,78.256134,-8.205642,WAL
1866817360000,79.299972,3.77098351832919,-16.8003865979552,7.43304685166252,1.4193454,1.3765849,-0.38545597,319.79703,78.118256,-7.7108254,WAL
1866822315000,79.304927,2.62706332445842,-15.0116486946191,6.96600596995108,1.3084733,1.4312572,-0.30298916,320.1615,78.03226,-7.1915793,WAL
1866827354000,79.309966,1.20106465295268,-12.5643265720276,6.44089156364181,1.1209377,1.4294246,-0.23151793,320.5432,77.90699,-6.7198744,WAL
1866832346000,79.314958,-0.26717564566967,-10.0349866528374,5.82793670732362,0.8857546,1.426065,-0.1957823,320.9801,77.67276,-6.447985,WAL
1866837398000,79.32001,-2.08984978146683,-6.83950928888037,4.64528549359663,0.6084218,1.400714,-0.1704314,321.4051,77.472084,-6.2013426,WAL
1866842453000,79.325065,-3.82122645545211,-3.864201266495,3.51573036383084,0.32895094,1.3665055,-0.12186762,321.85428,77.192856,-6.180346,WAL
1866847395000,79.330007,-4.43058719386947,-3.55952082386848,3.04230409044271,0.06505715,1.3014483,-0.036651913,322.28152,76.97115,-6.1756115,WAL
1866852548000,79.33516,-5.05215634535737,-3.30228656698976,2.56626512338074,-0.17501289,1.1685852,0.0720821,322.71042,76.70741,-6.462738,WAL
1866857354000,79.339966,-5.47326682491168,-3.75675244542078,2.32443916722529,-0.42821655,0.9654725,0.21105394,323.09366,76.49192,-6.777652,WAL
1866862338000,79.34495,-5.90997398889392,-4.22805039342332,2.0736566941752,-0.65179324,0.70280045,0.37720928,323.44193,76.3126,-7.19937,WAL
1866867364000,79.349976,-6.1740042554561,-5.28815995504375,1.89392115049784,-0.8958339,0.3173445,0.5345071,323.691,76.16601,-7.640409,WAL
1866872322000,79.354934,-6.39844812350397,-6.45335777039123,1.73155754583124,-1.1795808,-0.15790866,0.6627888,323.83328,76.04295,-8.100508,WAL
1866877351000,79.359963,-6.2870349619966,-7.95303757534506,1.51418568750236,-1.4605788,-0.7431176,0.7593055,323.8703,75.96526,-8.612137,WAL
1866882324000,79.364936,-6.11144476332955,-9.49733084297599,1.28907008796559,-1.7186694,-1.3994923,0.806953,323.75122,75.90339,-9.112806,WAL
1866887315000,79.369927,-6.28867615751311,-11.1984552036409,0.578018363066955,-1.9391917,-1.7513506,0.81581056,323.627,75.94114,-9.584805,WAL
1866892250000,79.374862,-6.59976743181117,-12.9386210675717,-0.311507748164147,-2.0152445,-2.4697282,0.8231409,323.21405,75.95891,-10.009261,WAL
1866897401000,79.380013,-7.10977421698641,-14.5360003398245,-1.39985710666153,-2.0925188,-3.061351,0.85062987,322.7423,76.0929,-10.348551,WAL
1866902255000,79.384867,-7.64306372576882,-15.9790187794274,-2.47091754591729,-2.0760255,-3.395189,0.8900307,322.14413,76.18438,-10.665328,WAL
1866907350000,79.389962,-7.57911751570982,-16.9930099914237,-3.13648476954899,-1.9553796,-3.4471126,0.91446525,321.41415,76.30892,-10.972273,WAL
1866912331000,79.394943,-7.24701764572697,-17.7679100566038,-3.5889109445061,-1.7201965,-3.1881058,0.93370754,320.68353,76.36591,-11.282529,WAL
1866917361000,79.399973,-6.10429473149536,-18.0895058540605,-3.05199369071022,-1.3836098,-2.6865854,0.91507614,320.01184,76.42455,-11.613593,WAL
1866922287000,79.404899,-4.68116442523224,-18.2308762969733,-2.15193456448906,-1.0170907,-2.1627684,0.8185594,319.42917,76.41833,-11.930926,WAL
1866927352000,79.409964,-3.33805865573096,-17.6435579910065,-1.06894551670015,-0.6704246,-1.7018706,0.6621779,318.96997,76.452225,-12.164037,WAL
1866932393000,79.415005,-2.04938714854573,-16.7659677351703,0.0719213577018752,-0.3811799,-1.3918564,0.4908302,318.6256,76.44858,-12.372584,WAL
1866937320000,79.419932,-1.17730806310823,-15.5954303953857,0.736987420031686,-0.22388211,-1.2030991,0.3210097,318.38196,76.58605,-12.355688,WAL
1866942328000,79.42494,-0.517190223813249,-14.2229557376968,1.15015473441925,-0.18234327,-1.0784826,0.19639318,318.21448,76.724144,-12.313731,WAL
1866947351000,79.429963,-0.0604050888351132,-12.7202616804154,1.18852615764279,-0.24831672,-0.98715824,0.10567969,318.15656,77.000015,-12.07387,WAL
1866952352000,79.434964,0.263358901529343,-11.1436718100323,0.986760163448614,-0.3585779,-0.95325524,0.03481932,318.11713,77.29274,-11.816559,WAL
1866957350000,79.439962,0.454494310737012,-9.57613580177205,0.548095746135723,-0.48380527,-1.026559,-0.025961773,318.00598,77.59357,-11.5318575,WAL
1866962349000,79.444961,0.546078567748691,-8.01438337382199,-0.0688928431413612,-0.64996064,-1.1664472,-0.057421334,317.8852,77.91561,-11.240776,WAL
1866967355000,79.449967,0.459050951860673,-6.58873191400218,-0.848394682806391,-0.8335256,-1.3552046,-0.03573562,317.71463,78.24721,-10.954478,WAL
1866972356000,79.454968,0.245176524319738,-5.2627106349608,-1.74191450415798,-1.0864239,-1.575116,0.03573562,317.49268,78.59438,-10.673117,WAL
1866977353000,79.459965,-0.0773773648101888,-4.14561592155783,-2.50145670959874,-1.312444,-1.8041905,0.1469131,317.28452,78.96934,-10.399016,WAL
1866982395000,79.465007,-0.485778080508458,-3.17685135727773,-3.16629498827695,-1.5653422,-2.081218,0.2706133,316.99185,79.33864,-10.146546,WAL
1866987361000,79.469973,-0.874196199077602,-2.41646724332264,-3.71964358782835,-1.8182404,-2.219579,0.3811799,316.56964,79.602806,-10.0277815,WAL
1866992336000,79.474948,-1.25156985107279,-1.81935715885302,-4.18777791959094,-2.0668626,-2.5085182,0.43799037,316.02374,79.84148,-9.923626,WAL
1866997412000,79.480024,-1.60294699314559,-1.50821841478439,-4.6486289446563,-2.1975877,-2.7959301,0.54825157,315.43173,79.92929,-9.958419,WAL
1867002356000,79.484968,-1.9177651244451,-1.44803257494867,-5.08381890065513,-2.4217753,-3.0546317,0.64873886,314.7678,79.9637,-10.008713,WAL
1867007343000,79.489955,-2.13684963903743,-1.57535921142093,-5.49965500496562,-2.5714374,-3.274543,0.7247916,314.094,100.128,-10.12771,WAL
1867012360000,79.494972,-2.25614088703209,-1.89652793759549,-5.89423352721543,-2.605951,-3.3820555,0.7770206,313.38275,100.31304,-10.2723255,WAL
1867017315000,79.499927,-2.26933881431786,-2.3421748210268,-6.21011128410718,-2.5219572,-3.352123,0.8533788,312.6793,100.644966,-10.489227,WAL
1867022353000,79.504965,-2.12130868958887,-2.99350738013909,-6.41735352055635,-2.3521366,-3.2085698,0.93431836,311.98483,101.057175,-10.724486,WAL
1867027306000,79.509918,-1.9835774407485,-3.75002822916168,-6.45425439586826,-2.1126773,-2.9718595,1.0216721,311.3158,101.574394,-11.007867,WAL
1867032377000,79.514989,-1.85271643948104,-4.6757489960479,-6.27492652766467,-1.8628336,-2.698192,1.0848967,310.70813,102.13547,-11.30472,WAL
1867037312000,79.519924,-1.65414358478261,-5.61989945021739,-6.24676384641304,-1.6542231,-2.3930645,1.1487321,310.15073,102.730095,-11.608501,WAL
1867042337000,79.524949,-1.35931610948617,-6.63752977778656,-6.40844327106719,-1.4682146,-2.0002782,1.2675453,309.70975,103.35184,-11.934636,WAL
1867047267000,79.529879,-1.21413182706186,-7.87477642087629,-6.17575679304124,-1.1957687,-1.6352862,1.3906348,309.326,103.93367,-12.248162,WAL
1867052367000,79.534979,-1.2819137491475,-9.51606728824346,-5.34300752955987,-0.90377516,-1.3607023,1.4556919,309.03928,104.507965,-12.564983,WAL
1867057247000,79.539859,-1.25783132388672,-11.1253356166016,-4.69956350527344,-0.73273283,-1.1640037,1.4810427,308.83136,105.02411,-12.813659,WAL
1867062294000,79.544906,-1.08790657196289,-12.8529035088867,-4.28419195517578,-0.6826419,-0.8885035,1.486846,308.73218,105.52561,-13.05598,WAL
1867067302000,79.549914,-0.782123802547635,-14.2734121646194,-4.03959325389303,-0.70829827,-0.49602258,1.5005904,308.7304,105.90409,-13.242755,WAL
1867072408000,79.55502,-0.200384890908212,-15.1436555142664,-4.11999633310765,-0.7761043,-0.021991149,1.5259414,308.8341,106.2805,-13.414181,WAL
1867077281000,79.559893,0.364203615126741,-15.7119107594429,-4.13665685726881,-0.8530733,0.49541172,1.5180001,309.07864,106.51284,-13.444079,WAL
1867082378000,79.56499,0.98041797474201,-15.5896460825569,-3.9899390407374,-0.95814216,0.9584476,1.427592,309.4378,106.748856,-13.441769,WAL
1867087366000,79.569978,1.52173063006118,-15.3463816490353,-3.83186835591529,-1.0946705,1.1591167,1.3423764,309.866,106.88967,-13.289413,WAL
1867092315000,79.574927,1.90981714325647,-14.8066295024941,-3.64005545641412,-1.1893547,1.5085317,1.1123856,310.44748,107.002,-13.0550165,WAL
1867097359000,79.579971,2.25724978056979,-14.1995641020308,-3.33143813844637,-1.3625349,1.7559321,0.8005389,311.0395,107.046265,-12.679336,WAL
1867102360000,79.584972,2.35639859887618,-13.3072242935726,-2.44854136569401,-1.5158621,1.7715092,0.5015204,311.63464,107.08364,-12.258116,WAL
1867107335000,79.589947,2.44690268471019,-12.4246471657038,-1.53739561327749,-1.6652187,1.428203,0.2406809,312.09326,107.175316,-11.841208,WAL
1867112340000,79.594952,2.48382306522241,-11.5708628844598,-0.402093093298671,-1.7965547,0.79626286,0.008857546,312.4457,107.26578,-11.380944,WAL
1867117449000,79.600061,2.51797771615522,-10.7209879315977,0.714441944704019,-1.8820758,-0.01740966,-0.17989981,312.5977,107.35134,-10.9678135,WAL
1867122353000,79.604965,2.50867963118194,-10.1631023477529,1.28162551643239,-1.8924606,-0.8145888,-0.32803464,312.5605,107.43327,-10.551698,WAL
1867127559000,79.610171,2.40463050937952,-9.61361690339174,1.80970320579007,-1.7974709,-1.457219,-0.45723262,312.30435,107.452805,-10.20265,WAL
1867132443000,79.615055,1.21293462714194,-9.59482045137438,1.44505178542678,-1.6178766,-1.8787161,-0.59742624,311.8795,107.43775,-9.853233,WAL
1867137418000,79.62003,-0.000965252901462765,-9.5756737788137,1.07360608184215,-1.4138476,-2.10046,-0.76144356,311.31802,107.358734,-9.531114,WAL
1867142346000,79.624958,-0.859095134715607,-9.46452280993742,0.606565990340899,-1.2302825,-2.115121,-0.91721416,310.69318,107.22672,-9.18833,WAL
1867147401000,79.630013,-1.45592152095825,-9.27462345157374,0.0459108933669562,-1.0897835,-1.9950858,-0.9932669,310.04486,107.04976,-8.828884,WAL
1867152205000,79.634817,-1.99034461132373,-8.97889718452318,-0.346093170852697,-0.9633345,-1.7721201,-0.98440933,309.49677,106.95725,-8.619497,WAL
1867157264000,79.639876,-2.49974490103039,-8.47968489422774,-0.529477282593839,-0.82986045,-1.5460999,-0.8875872,308.99118,106.83547,-8.406228,WAL
1867162239000,79.644851,-2.86147027519853,-8.00803279444105,-0.608399257583995,-0.7162395,-1.3814718,-0.7458665,308.60135,106.809105,-8.26235,WAL
1867167269000,79.649881,-3.07726536662594,-7.55192056780696,-0.578972666777642,-0.6411031,-1.2867876,-0.5522222,308.27103,106.78427,-8.151015,WAL
1867172252000,79.654864,-3.19903095010295,-7.28212356760467,-0.69442507779194,-0.61483586,-1.2357804,-0.33322698,308.04257,106.843346,-8.14346,WAL
1867177245000,79.659857,-3.23653807824296,-7.17897887954701,-0.942910321874694,-0.6252206,-1.1603385,-0.106595986,307.86484,106.92009,-8.183124,WAL
1867182265000,79.664877,-3.22126587454527,-7.18554823339363,-1.23987457566074,-0.6621779,-1.1074986,0.10598512,307.7312,107.062614,-8.32179,WAL
1867187253000,79.669865,-3.1492594754698,-7.310359261632,-1.58550573232841,-0.69027776,-0.9370673,0.19181168,307.66068,107.2151,-8.47041,WAL
1867192218000,79.67483,-2.91043703419013,-7.38776071706073,-1.80753134625724,-0.7672467,-0.71685034,0.3118467,307.61884,107.46065,-8.696694,WAL
1867197273000,79.679885,-2.48773930295301,-7.41625726910625,-1.9025196216423,-0.8127562,-0.5216789,0.4361578,307.62537,107.71255,-8.931953,WAL
1867202258000,79.68487,-2.08733080682036,-7.49822202439962,-1.91619486344861,-0.8414669,-0.4083634,0.54641896,307.65625,108.01899,-9.174261,WAL
1867207350000,79.689962,-1.69852163294909,-7.64812443900096,-1.83187481637848,-0.82436264,-0.36071593,0.61911196,307.72913,108.33065,-9.42528,WAL
1867212273000,79.694885,-1.36385079314824,-7.80852482198098,-1.75035030436161,-0.79351395,-0.3753767,0.6478226,307.8235,108.64404,-9.62607,WAL
1867217360000,79.699972,-1.08771327331156,-8.00041697905658,-1.66610491227784,-0.75655663,-0.43676865,0.6453791,307.9186,108.94921,-9.833011,WAL
1867222250000,79.704862,-0.871400559475102,-8.15403880540864,-1.61027584655224,-0.743423,-0.5308419,0.6206391,308.00113,109.21023,-9.9789095,WAL
1867227351000,79.709963,-0.769027821329209,-8.23691160303363,-1.61515073496657,-0.73548174,-0.6133087,0.5821546,308.06494,109.4536,-10.120507,WAL
1867232321000,79.714933,-0.691185302690417,-8.30671677706652,-1.6501666616662,-0.73853606,-0.66706485,0.52687126,308.06567,109.652626,-10.227302,WAL
1867237402000,79.720014,-0.664099410409129,-8.35186032368494,-1.75851013651545,-0.77671516,-0.6957755,0.4746423,308.04678,109.84806,-10.325939,WAL
1867242302000,79.724914,-0.658901235423046,-8.38530094359388,-1.85097834883159,-0.8127562,-0.73792523,0.42821655,307.9938,110.02406,-10.402159,WAL
1867247354000,79.729966,-0.785606830419017,-8.35606061079774,-1.87047149693795,-0.86162543,-0.77579886,0.38728857,307.92996,110.20149,-10.465286,WAL
1867252334000,79.734946,-0.91992811974458,-8.33107016424116,-1.8903854002673,-0.9398162,-0.8136725,0.36041048,307.86517,110.4235,-10.534318,WAL
1867257352000,79.739964,-1.10547411696466,-8.32631297505197,-1.91417338302148,-1.0115929,-0.82650065,0.35705075,307.7952,110.64887,-10.597392,WAL
1867262330000,79.744942,-1.29606403223411,-8.30856262418301,-1.93321191788473,-1.0836749,-0.8344419,0.37293324,307.73093,110.90503,-10.67845,WAL
1867267328000,79.74994,-1.52832576455734,-8.20902184640523,-1.92373185323827,-1.1502593,-0.8570439,0.40133846,307.65952,111.17338,-10.761916,WAL
1867272296000,79.754908,-1.75213005862778,-8.11436908843105,-1.91015915907801,-1.2275337,-0.8713993,0.43249258,307.611,111.4809,-10.8756075,WAL
1867277345000,79.759957,-1.92250477576588,-8.05284487129294,-1.86283282679847,-1.2846496,-0.8729264,0.48533243,307.56363,111.80006,-11.000323,WAL
1867282327000,79.764939,-2.0892394568687,-7.99628748617448,-1.81613315813179,-1.3240504,-0.8723156,0.54275376,307.54575,112.157196,-11.16695,WAL
1867287330000,79.769942,-2.23936276774699,-7.99159613883286,-1.76921963572897,-1.3448198,-0.89766645,0.5699373,307.52087,112.517654,-11.337384,WAL
1867292380000,79.774992,-2.38782844086226,-7.98805778219466,-1.72002111149345,-1.3524556,-0.91232723,0.6206391,307.52405,112.89392,-11.544998,WAL
1867297340000,79.779952,-2.463852683335,-8.0118155223167,-1.62974226463939,-1.3588698,-0.9101892,0.67103547,307.52588,113.26855,-11.754739,WAL
1867302542000,79.785154,-2.54028246462269,-8.04673785052795,-1.53076309826601,-1.3515394,-0.91599244,0.72204274,307.53638,113.653694,-12.006936,WAL
1867307356000,79.789968,-2.57154469161097,-8.19858287309891,-1.38785034706965,-1.3243558,-0.9211848,0.7666359,307.55066,114.03113,-12.2634735,WAL
1867312674000,79.795286,-2.60653786392673,-8.37158362799436,-1.22783482026397,-1.3072516,-0.93767816,0.8179486,307.560663894568,114.424929552215,-12.57240543636,WAL
1867317334000,79.799946,-2.64846166665101,-8.65247284358854,-1.03498518327008,-1.2770138,-0.9633345,0.83077675,307.56943,114.770004,-12.843113,WAL
1867322306000,79.804918,-2.6931923849225,-8.95216837576327,-0.829223725086895,-1.2443326,-1.0057896,0.83108217,307.55725,115.10838,-13.15864,WAL
1867327353000,79.809965,-2.67219336995267,-9.35599245282449,-0.603744814445675,-1.2046263,-1.0729848,0.8399397,307.53357,115.43277,-13.477048,WAL
1867332397000,79.815009,-2.63814471926291,-9.77916988228779,-0.3751319368986,-1.1551461,-1.1548407,0.84391034,307.494,115.7384,-13.792271,WAL
1867337423000,79.820035,-2.57761494255912,-10.2618951658577,-0.284449852223484,-1.106277,-1.2333369,0.8393288,307.421,116.00283,-14.130921,WAL
1867342245000,79.824857,-2.51561631285759,-10.7340373393576,-0.217682213229371,-1.0250319,-1.3100005,0.8347474,307.32678,116.243034,-14.470648,WAL
1867347356000,79.829968,-2.37008230648148,-11.161502212963,-0.384491066759259,-0.9275989,-1.3448198,0.82833326,307.20093,116.42119,-14.807583,WAL
1867352258000,79.83487,-2.2221059820725,-11.5638133896769,-0.569461551942474,-0.77671516,-1.3246613,0.81153446,307.06705,116.56261,-15.133862,WAL
1867357342000,79.839954,-1.98797672087912,-11.848194032967,-0.863175516923077,-0.6178902,-1.2547172,0.7855727,306.9165,116.6548,-15.446182,WAL
1867362269000,79.844881,-1.74973975974656,-12.105116035541,-1.16213952611227,-0.46089783,-1.1600331,0.7593055,306.77524,116.70944,-15.740208,WAL
1867367358000,79.84997,-1.33319422579821,-12.2663120408685,-1.46890851226054,-0.30085114,-1.0509937,0.73945236,306.64148,116.71563,-15.980288,WAL
1867372253000,79.854865,-0.904891083957167,-12.4044747262992,-1.7636547409667,-0.14110987,-0.91813046,0.7318166,306.53833,116.68553,-16.19694,WAL
1867377346000,79.859958,0.13773148146807,-12.1364089977369,-1.89414594441602,-0.02107485,-0.795652,0.70371675,306.44733,116.62727,-16.343666,WAL
1867382311000,79.864923,1.28399406981797,-11.785512031782,-1.98303976754895,0.04062254,-0.7370089,0.66798115,306.37393,116.546326,-16.474558,WAL
1867387350000,79.869962,1.80256307667207,-11.62692492197,-1.85385353296514,0.04734206,-0.6056729,0.63804877,306.32806,116.44536,-16.514475,WAL
1867392275000,79.874887,2.14669929829753,-11.5217720794487,-1.67222609098095,0.0070249503,-0.5119051,0.5561928,306.2796,116.32808,-16.527208,WAL
1867397359000,79.879971,2.23184226810149,-11.580144472406,-1.44555511074144,-0.08735373,-0.441961,0.41996986,306.18365,116.156136,-16.374542,WAL
1867402309000,79.884921,2.25524297893178,-11.6737473157271,-1.21622804686544,-0.22174409,-0.39858958,0.2602286,306.09753,115.98498,-16.187813,WAL
1867407351000,79.889963,1.97826995622024,-11.7732673112103,-0.932220474315476,-0.3484986,-0.37507126,0.08857546,305.9874,115.77767,-15.928513,WAL
1867412326000,79.894938,1.62849799119048,-11.8725269515873,-0.639168247380952,-0.42180246,-0.35918877,-0.047036625,305.8775,115.56949,-15.634938,WAL
1867417350000,79.899962,1.08321886828213,-11.9761470763608,-0.470558663929665,-0.43982297,-0.3811799,-0.122478485,305.74725,115.33315,-15.317548,WAL
1867422354000,79.904966,0.486734129505087,-12.0802948345352,-0.338006505249432,-0.4269948,-0.43371433,-0.13652839,305.60913,115.09814,-14.985675,WAL
1867427346000,79.909958,0.0580082306760099,-12.2617993058533,-0.43649870297884,-0.38637227,-0.45631635,-0.11789699,305.47668,114.854485,-14.704918,WAL
1867432470000,79.915082,-0.328558959793899,-12.4730632761748,-0.611802434729321,-0.30757064,-0.42577308,-0.082161374,305.34824,114.603775,-14.428088,WAL
1867437399000,79.920011,-0.55186734974556,-12.7596694711808,-0.846454877110811,-0.204029,-0.34422258,-0.041233405,305.25388,114.37332,-14.24293,WAL
1867442357000,79.924969,-0.675145478699761,-13.1048480159934,-1.12752904099076,-0.070554934,-0.24862215,-0.032375857,305.17477,114.12192,-14.056369,WAL
1867447352000,79.929964,-0.658649361030741,-13.5204883664858,-1.26348045247137,0.076052725,-0.12675454,-0.0290161,305.15366,113.89682,-13.920373,WAL
1867452360000,79.934972,-0.567103030470163,-13.9734019449468,-1.32129920609805,0.23151793,0.011301007,-0.050701816,305.16382,113.640434,-13.771447,WAL
1867457347000,79.939959,-0.458536112945723,-14.3979677756894,-1.19910943822238,0.4025602,0.15515977,-0.07941248,305.2212,113.37658,-13.617609,WAL
1867462307000,79.944919,-0.341723626031969,-14.8068114363253,-0.986343821500088,0.55924714,0.2996294,-0.12339478,305.31506,113.07977,-13.444483,WAL
1867467280000,79.949892,-0.232495362647308,-15.2088145080543,-0.766012597490462,0.7309003,0.4092797,-0.17806722,305.42914,112.71884,-13.23255,WAL
1867472320000,79.954932,-0.135306397662145,-15.6026854872827,-0.530713008172955,0.9007208,0.50488013,-0.24220806,305.57623,112.32157,-13.00016,WAL
1867477295000,79.959907,-0.0741657705374431,-15.9364164393877,-0.356485428924286,1.0622946,0.54153204,-0.3042109,305.71625,111.82665,-12.729435,WAL
1867482427000,79.965039,-0.0487478084609019,-16.2210975246173,-0.239562804327679,1.2296717,0.5833763,-0.37782016,305.88046,111.290375,-12.437141,WAL
1867487355000,79.969967,-0.0892529469027006,-16.3326691842732,-0.0252921994797458,1.3976597,0.6261369,-0.41691554,306.04306,110.679535,-12.126769,WAL
1867492314000,79.974926,-0.178841537327343,-16.3232386157665,0.267049520892574,1.4853189,0.6169739,-0.5045747,306.19638,110.04298,-11.793078,WAL
1867497340000,79.979952,-0.169449324168527,-15.9911069036016,0.498778601916319,1.6551393,0.5830709,-0.6093381,306.34933,109.33168,-11.444755,WAL
1867502358000,79.98497,-0.076144955627609,-15.3892937452675,0.67605688899136,1.8417587,0.5345071,-0.7318166,306.49225,108.59564,-11.079168,WAL
1867507342000,79.989954,0.0478507226186105,-14.6600215000483,0.804435078365059,2.0815234,0.46517387,-0.8399397,306.613,107.7884,-10.718736,WAL
1867512339000,79.994951,0.205071745488453,-13.790682077592,0.883045604285438,2.339614,0.3585779,-0.91446525,306.7097,106.939316,-10.349226,WAL
1867517338000,79.99995,0.208361092440864,-12.9886507537961,0.817785691259167,2.6514606,0.23701571,-0.95233893,306.77994,106.02566,-9.975186,WAL
1867522350000,80.004962,-0.00483538854250594,-12.2796484501085,0.550050579097201,2.9520063,0.15271631,-1.0051788,306.83258,105.06354,-9.58883,WAL
1867527348000,80.00996,-0.323705529342105,-11.7764674090826,0.143968871483918,3.2632422,0.09773844,-1.0775663,306.8634,104.04723,-9.192346,WAL
1867532395000,80.015007,-0.760938760723684,-11.4893955340369,-0.416926245354532,3.5256088,0.1255328,-1.1893547,306.89807,102.986404,-8.777126,WAL
1867537371000,80.019983,-1.25520303032804,-11.3268098891559,-1.03089341680735,3.7348301,0.32986724,-1.3093897,306.99216,101.95538,-8.381873,WAL
1867542348000,80.02496,-1.89755834983285,-11.4463176838696,-1.78777731602173,3.8734965,0.66981375,-1.425454,307.13885,100.90035,-7.9592123,WAL
1867547288000,80.0299,-2.55854957969792,-11.5415703528835,-2.36348381196548,3.8906007,1.0635164,-1.5274686,307.4216,99.994865,-7.593554,WAL
1867552321000,80.034933,-3.27237958467046,-11.5982982258729,-2.64712495396234,3.76293,1.3720033,-1.5818355,307.7828,99.119835,-7.214957,WAL
1867557248000,80.03986,-3.9508537448222,-11.7001089013286,-2.85417113554123,3.506061,1.5354098,-1.5555683,308.32556,98.5271,-6.9720707,WAL
1867562287000,80.044899,-4.60145342915201,-11.9028321640289,-2.91545942527354,3.2213979,1.5769486,-1.5109752,308.9155,97.98709,-6.7297425,WAL
1867567297000,80.049909,-5.23111971116894,-12.1355269443555,-2.91595748376701,3.0066788,1.5042557,-1.4651603,309.64233,97.74435,-6.6778483,WAL
1867572353000,80.054965,-5.82232094863891,-12.4505108867094,-2.76088836479183,2.8481593,1.3066407,-1.4391985,310.32272,97.552864,-6.6398506,WAL
1867577334000,80.059946,-6.39499796455646,-12.7254586030959,-2.56007489257789,2.7409523,1.1670581,-1.4333953,311.0893,97.58515,-6.7626414,WAL
1867582382000,80.064994,-6.95144484496924,-12.9173366995436,-2.23867883058146,2.624888,0.8454375,-1.4410311,311.7143,97.63076,-6.886926,WAL
1867587310000,80.069922,-7.39838664601671,-13.0315152053853,-1.96056172417827,2.5644124,0.4633413,-1.4611896,312.3084,97.71616,-7.0601726,WAL
1867592336000,80.074948,-7.59503036601671,-12.951070272052,-1.77285630417827,2.460565,0.05681047,-1.491733,312.77676,97.80298,-7.221725,WAL
1867597334000,80.079946,-7.70929517047676,-12.8227289928187,-1.63329541573908,2.3909266,-0.28588495,-1.5286902,313.1601,97.87808,-7.401534,WAL
1867602358000,80.08497,-7.2342030107321,-12.3428377755835,-1.8348496668462,2.2626448,-0.52503866,-1.5922203,313.4423,97.95066,-7.558164,WAL
1867607326000,80.089938,-6.73310183998646,-11.8827238029204,-2.06588232248332,2.0433443,-0.5549711,-1.6071864,313.68817,98.01692,-7.7051854,WAL
1867612338000,80.09495,-5.98580163791703,-11.5299611064694,-2.54396881636205,1.815186,-0.2764165,-1.6163495,313.9478,98.07838,-7.8270383,WAL
1867617455000,80.100067,-5.21778896790932,-11.1645486225693,-2.97308948811083,1.5329664,0.0106901415,-1.6157386,314.18225,98.058304,-7.838729,WAL
1867622350000,80.104962,-4.41955601602015,-10.7489012260957,-2.64246047375315,1.2922854,0.17837265,-1.5775595,314.45523,98.05818,-7.8562446,WAL
1867627415000,80.110027,-3.60041669431693,-10.3212807587451,-2.30506160894056,1.1468995,0.20433442,-1.4859297,314.70032,97.930084,-7.725917,WAL
1867632462000,80.115074,-2.8640440666533,-9.92402666903879,-2.02407730748722,1.1429288,0.20647246,-1.3399329,314.97827,97.838486,-7.6261306,WAL
1867637392000,80.120004,-2.16274374011887,-9.56271057087667,-1.79618959249133,1.2528846,0.36254853,-1.187522,315.30865,97.66394,-7.4389863,WAL
1867642350000,80.124962,-1.6641730063893,-9.5062689346211,-2.10191701307578,1.389413,0.6768387,-1.0910053,315.6756,97.51883,-7.2831388,WAL
1867647470000,80.130082,-1.15915747306364,-9.47744394721263,-2.40892371238283,1.5439619,1.1499538,-1.0323622,316.106,97.275604,-7.042895,WAL
1867652355000,80.134967,-0.794497018894919,-9.80056030809077,-2.5981777702516,1.7421877,1.6875153,-1.0247264,316.63562,97.04128,-6.822375,WAL
1867657605000,80.140217,-0.420665797400347,-10.1366264930676,-2.7403774660312,1.9694295,2.065641,-1.073901,317.22144,96.69597,-6.490551,WAL
1867662339000,80.144951,-0.292467799224665,-10.3103143751254,-2.1614188091672,2.1536055,2.2275202,-1.1548407,317.88406,96.34682,-6.164135,WAL
1867667265000,80.149877,-0.159070389209158,-10.4910466326279,-1.55897893935054,2.2067506,2.245846,-1.2476922,318.57495,95.88917,-5.7303214,WAL
1867672350000,80.154962,-0.0226381759660509,-10.5607299657514,-0.741656077839241,2.112372,2.0583105,-1.3136657,319.23602,95.4348,-5.3027487,WAL
1867677285000,80.159897,0.109495943954069,-10.6032015169246,0.0936203259001497,1.9569068,1.9077321,-1.3307699,319.8964,94.98982,-4.883437,WAL
1867682389000,80.165001,0.217246488188105,-10.5358520124481,0.621287051839557,1.8591684,1.5906931,-1.3267993,320.46027,94.49833,-4.435093,WAL
1867687263000,80.169875,0.314087475103734,-10.4482341339656,1.05476575678127,1.6945401,1.3460416,-1.3158038,320.98938,94.04225,-4.0058312,WAL
1867692331000,80.174943,0.25994122844366,-10.0190467724821,0.396746723722663,1.5360206,1.2076806,-1.2788464,321.46564,93.57951,-3.573961,WAL
1867697276000,80.179888,0.16705643759341,-9.51282464440522,-0.532101136285182,1.4419475,1.178359,-1.2302825,321.89807,86.830315,-3.1677227,WAL
1867702367000,80.184979,-0.141708823044764,-9.26136414010401,-1.50207530442541,1.4037683,1.2070698,-1.1652255,322.3103,87.19365,-2.763531,WAL
1867707249000,80.189861,-0.504031846791068,-9.10403948730499,-2.43648731670236,1.4144585,1.3542882,-1.103528,322.74585,87.46662,-2.388054,WAL
1867712348000,80.19496,-0.941739094639056,-8.87183675188698,-3.17952950529321,1.4398094,1.5864171,-1.0461067,323.2121,87.74219,-1.9913802,WAL
1867717312000,80.199924,-1.38336570186182,-8.62802240313528,-3.84196944494871,1.4691309,1.8078557,-0.9783007,323.70874,87.9211,-1.6349577,WAL
1867722351000,80.204963,-1.74518359131469,-8.31653898100337,-4.30590552734484,1.4996742,2.043955,-0.91629785,324.24326,88.04402,-1.3031126,WAL
1867727280000,80.209892,-2.06811460600833,-7.98892751770771,-4.68499845551259,1.4978416,2.2495112,-0.86742866,324.8248,88.08476,-1.0033292,WAL
1867732350000,80.214962,-2.33388270012039,-7.61105488335674,-4.78760130618981,1.5030339,2.434298,-0.8206975,325.45322,88.06331,-0.7643754,WAL
1867737291000,80.219903,-2.5664901888443,-7.22654064227528,-4.77336009307785,1.5066991,2.5644124,-0.786489,326.1193,87.998055,-0.5484487,WAL
1867742349000,80.224961,-2.68065313772455,-6.85017703204559,-4.58448440015453,1.4905112,2.624888,-0.75869465,326.81763,87.915054,-0.37885964,WAL
1867747362000,80.229974,-2.74556698502994,-6.48387653136952,-4.32946514023566,1.4688255,2.665205,-0.7318166,327.5425,87.81468,-0.23016948,WAL
1867752366000,80.234978,-2.74549268129272,-6.11792358203659,-3.9126320415963,1.484708,2.6600127,-0.7293731,328.288,87.6694,-0.11785499,WAL
1867757361000,80.239973,-2.71183241666667,-5.75246828333333,-3.41253543333333,1.4563028,2.607173,-0.75228053,329.02747,87.5385,-0.015928,WAL
1867762341000,80.244953,-2.68166031839355,-5.40000525739027,-2.84438779148004,1.4049901,2.5121834,-0.7706065,329.7725,87.35786,0.06344392,WAL
1867767379000,80.249991,-2.65284698999701,-5.04944304508809,-2.23450527259879,1.3322971,2.4077253,-0.80878556,330.49695,87.19158,0.1453107,WAL
1867772354000,80.254966,-2.5828697187355,-4.68121412256731,-1.56670259506302,1.2257011,2.2901337,-0.8359691,331.21796,86.96698,0.22005044,WAL
1867777324000,80.259936,-2.49167901408692,-4.30205303806595,-0.865974306578602,1.0772609,2.2403483,-0.8426886,331.92612,86.77702,0.28938434,WAL
1867782370000,80.264982,-2.39829217120124,-3.95202566318649,-0.178850070257132,0.9966267,2.1163425,-0.86162543,332.6177,86.497215,0.35980904,WAL
1867787371000,80.269983,-2.3053489792548,-3.62207728810402,0.490340664279061,0.818254,1.9953914,-0.8573494,333.29327,86.29097,0.41499737,WAL
1867792316000,80.274928,-2.23314350026193,-3.48147300419092,1.07040323853318,0.6429357,1.8591684,-0.84421575,333.97644,85.97578,0.48212653,WAL
1867797358000,80.27997,-2.17224706753007,-3.45805128048118,1.60910327516492,0.4859433,1.7082846,-0.8268061,334.6175,85.71102,0.5355774,WAL
1867802365000,80.284977,-2.16176921308061,-3.18814105994584,2.00016429737555,0.26725355,1.5845845,-0.820392,335.2829,85.35301,0.61322355,WAL
1867807354000,80.289966,-2.19162465269735,-2.720405475578,2.27383942031868,0.04520403,1.5894713,-0.73853606,335.93478,85.054825,0.6472526,WAL
1867812357000,80.294969,-2.23257708533281,-2.60725359559885,2.45281817430521,-0.1301143,1.5442673,-0.6243043,336.54965,84.77669,0.63610774,WAL
1867817360000,80.299972,-2.27996377346454,-2.70202716978538,2.57602374157848,-0.2284636,1.3665055,-0.5558874,337.12445,84.54417,0.60885113,WAL
1867822351000,80.304963,-2.30132183172667,-2.84872342625211,2.47385175973421,-0.3744604,1.2425,-0.5225952,337.70453,84.37345,0.51807517,WAL
1867827320000,80.309932,-2.30604137146683,-3.02806613350193,2.22843554540315,-0.51068336,1.1982121,-0.4896085,338.25314,84.22739,0.40582758,WAL
1867832433000,80.315045,-2.23894598923594,-3.15468368048829,1.98216713160028,-0.634689,1.149343,-0.44959682,338.77832,84.09408,0.27607816,WAL
1867837453000,80.320065,-2.12489900238213,-3.2402188337946,1.7445690975981,-0.7519751,1.0965031,-0.42394048,339.28726,83.99428,0.13933088,WAL
1867842350000,80.324962,-1.98645847514451,-3.2936095761079,1.50571754971098,-0.8509353,1.0412198,-0.39553526,339.78986,83.92077,0.029575573,WAL
1867847366000,80.329978,-1.82448313687861,-3.3260047694027,1.25581274624277,-0.93523467,0.99173975,-0.37873647,340.27682,83.87413,-0.08562071,WAL
1867852357000,80.334969,-1.63716212860342,-3.42166819099145,1.03627111953379,-1.0009027,0.9428705,-0.3481932,340.75992,83.82477,-0.13723314,WAL
1867857352000,80.339964,-1.42291232170195,-3.58235552074511,0.846367819197883,-1.0571023,0.8915578,-0.3304781,341.22543,83.796646,-0.19332287,WAL
1867862340000,80.344952,-1.2272421225316,-3.7824944360387,0.731736857977883,-1.1068878,0.8338311,-0.32345316,341.70486,83.72868,-0.14686544,WAL
1867867358000,80.34997,-1.04693564182464,-4.01973965936019,0.684287823222749,-1.1569787,0.754724,-0.3203988,342.15692,83.68118,-0.11327788,WAL
1867872351000,80.354963,-0.902723569988067,-4.22558961563246,0.710977928530231,-1.1884383,0.66645396,-0.3173445,342.55673,83.68206,-0.04177515,WAL
1867877294000,80.359906,-0.794452109785203,-4.39976548138425,0.809834438544153,-1.210124,0.6221663,-0.3231477,342.9411,83.6951,0.022495229,WAL
1867882349000,80.364961,-0.7488653494458,-4.55335905226851,0.912298071733828,-1.2247849,0.52687126,-0.33536503,343.29773,83.70662,0.15517697,WAL
1867887408000,80.37002,-0.772501363703776,-4.68099354012099,1.01629648115914,-1.2583824,0.43188173,-0.3295618,343.63538,83.72848,0.27480513,WAL
1867892292000,80.374904,-0.836476630602721,-4.77765391824454,1.13362288150632,-1.29198,0.3484986,-0.3213151,343.9583,83.7251,0.4274244,WAL
1867897320000,80.379932,-0.956441805386163,-4.84225051709467,1.27665830389038,-1.3362677,0.2828306,-0.30543262,344.25293,83.73352,0.5683297,WAL
1867902262000,80.384874,-1.06665434551988,-5.0783268926689,1.43728370479157,-1.4062119,0.267559,-0.24923302,344.5582,83.74838,0.6958238,WAL
1867907313000,80.389925,-1.1640019030666,-5.66241199592717,1.64124995821754,-1.4856243,0.28221974,-0.18448131,344.8471,83.77906,0.8085027,WAL
1867912262000,80.394874,-1.27577163918475,-6.23842819055585,1.94348748850185,-1.5943583,0.28924468,-0.118507855,345.14078,83.822556,0.8702464,WAL
1867917329000,80.399941,-1.44017843424034,-6.83954053665432,2.56515050292218,-1.7015651,0.3631594,-0.004276057,345.44955,83.89373,0.89095765,WAL
1867922244000,80.404856,-1.5719064162818,-7.53844254220157,3.24338518902153,-1.7583756,0.44226643,0.12950343,345.80624,83.96321,0.88186264,WAL
1867927292000,80.409904,-1.65705185221135,-8.46558198040117,4.07591883426614,-1.7562376,0.50671273,0.27672195,346.17108,84.05188,0.82976323,WAL
1867932327000,80.414939,-1.59986502162317,-9.53087220504732,5.01444550860338,-1.7076738,0.5589417,0.40683624,346.59567,84.09159,0.70542574,WAL
1867937371000,80.419983,-1.24892234490011,-10.888466661409,6.17809756225026,-1.5916094,0.593761,0.48624873,347.02383,84.11504,0.55161625,WAL
1867942261000,80.424873,-0.800697928981435,-12.3312186239839,7.40170666169594,-1.3591752,0.5897904,0.5112942,347.43384,84.09328,0.30870426,WAL
1867947329000,80.429941,0.0419111585047668,-14.2697065007526,9.00412505800301,-1.0103711,0.45234573,0.44043383,347.80734,83.99858,0.08129848,WAL
1867952271000,80.434883,0.911758026129944,-15.9389582980226,10.3082013305085,-0.6160576,0.21624629,0.2443461,348.11606,83.77765,-0.080033205,WAL
1867957310000,80.439922,1.95850631371065,-16.9078092478814,10.7804550684019,-0.26816985,0.004276057,-0.02687807,348.38477,83.47814,-0.18574004,WAL
1867962282000,80.444894,2.95202328839063,-17.7416671244644,10.9080226068759,-0.00030543262,-0.064751714,-0.23945917,348.56458,83.01207,-0.13224624,WAL
1867967296000,80.449908,3.83725985301445,-18.2201726058794,10.0323563617339,0.24984388,0.099265605,-0.40286562,348.75043,82.47438,-0.014893227,WAL
1867972299000,80.454911,4.53173382568544,-18.529517147085,9.16949834890626,0.4978552,0.24404067,-0.55863625,348.85724,81.87221,0.3082048,WAL
1867977289000,80.459901,4.65471675422152,-18.33085311165,8.34172980589924,0.63255095,0.58551437,-0.5766568,349.06973,81.24666,0.6098104,WAL
1867982339000,80.464951,4.50282504514851,-17.7090895049505,7.54087277623762,0.8735373,0.8558222,-0.5522222,349.2732,80.61836,1.0631458,WAL
1867987320000,80.469932,3.459046977,-15.73488495,6.87020973,0.98807454,1.0509937,-0.48808134,349.5533,79.99893,1.4723823,WAL
1867992327000,80.474939,2.3677882277142,-13.6794052042692,6.20945606581678,0.960891,1.1933253,-0.41141775,349.89606,79.43058,1.8741785,WAL
1867997323000,80.479935,1.12424372739599,-11.3672639088843,5.59950465085483,0.8197812,1.2730432,-0.3494149,350.269,78.87993,2.2309473,WAL
1868002300000,80.484912,-0.0749580040960715,-9.18319174269224,5.0025112519084,0.6026186,1.2980887,-0.31856623,350.6909,78.41937,2.437058,WAL
1868007313000,80.489925,-1.10735155764662,-7.51169738056228,4.44832601526718,0.38148534,1.2492194,-0.26328292,351.10327,78.01691,2.608173,WAL
1868012438000,80.49505,-2.16138415894292,-5.86897111712474,3.87892667131078,0.14813483,1.1636983,-0.16065755,351.53476,77.73236,2.6022727,WAL
1868017329000,80.499941,-3.14671085262156,-5.25499861353066,3.29466244294926,-0.08368854,1.0250319,-0.0012217305,351.92676,77.52025,2.5674658,WAL
1868022306000,80.504918,-4.11914736962025,-4.77808331195499,2.72752568998594,-0.30726522,0.79259765,0.22479841,352.27856,77.42607,2.3540015,WAL
1868027293000,80.509905,-4.91625934936709,-5.16768280881388,2.320013534421,-0.55771995,0.4868596,0.4700608,352.55826,77.409706,2.1019583,WAL
1868032551000,80.515163,-5.74894544915818,-5.63594212954424,1.88833477775871,-0.82863873,0.10323623,0.72295904,352.76477,77.52261,1.6789951,WAL
1868037361000,80.519973,-6.39607041795174,-6.91537272793566,1.46350453926005,-1.1233811,-0.35369098,0.94714653,352.85223,77.70549,1.2180597,WAL
1868042299000,80.524911,-7.02317328036439,-8.29487176453114,1.03921679603327,-1.4062119,-0.8897252,1.0855075,352.84195,78.00853,0.6290199,WAL
1868047329000,80.529941,-7.44292560990197,-10.0883583839984,0.676703495686702,-1.6447546,-1.5076154,1.1487321,352.67587,78.351295,0.032719377,WAL
1868052305000,80.534917,-7.82367754808652,-11.8368213976706,0.277775202007765,-1.8332067,-2.21683,1.1603385,352.39615,78.78628,-0.6058569,WAL
1868057319000,80.539931,-7.97015531491958,-13.4214456239601,-0.401349480968756,-1.9205604,-2.8615983,1.142318,351.97095,79.20624,-1.2131718,WAL
1868062676000,80.545288,-8.13872911233224,-15.0994978883018,-1.13748339901723,-1.8790215,-3.2452216,1.1071932,351.5351,79.66387,-1.7723497,WAL
1868067352000,80.549964,-8.57409470632992,-16.2068411988798,-2.03187599692487,-1.6939293,-3.238502,1.0384709,351.05026,80.04588,-2.2840345,WAL
1868072308000,80.55492,-8.87472825117216,-17.2997945606227,-2.84573063286447,-1.4052955,-3.0863967,0.9764681,350.50354,80.43731,-2.7700617,WAL
1868077292000,80.559904,-7.10012146860806,-17.3566171811355,-1.93220147922344,-1.2144,-2.5390613,0.95203346,350.08932,80.74488,-3.2460196,WAL
1868082431000,80.565043,-5.27032526965201,-17.4152069577839,-0.990262008805861,-0.80909103,-1.8649716,0.8784242,349.73178,80.961266,-3.7577605,WAL
1868087347000,80.569959,-4.13445172930281,-16.1225544408687,-0.273607401914214,-0.40530908,-1.2996159,0.75625116,349.51242,81.07756,-4.2466617,WAL
1868092487000,80.575099,-3.00982515896919,-14.6327264636663,0.456795275450302,-0.087964594,-0.93615097,0.59986967,349.43964,81.08171,-4.705856,WAL
1868097303000,80.579915,-1.95608944637646,-13.2368098219918,1.14115700583698,0.06994407,-0.7483099,0.44776422,349.37323,81.06779,-4.922879,WAL
1868102287000,80.584899,-0.865595511251413,-11.7921984137474,1.84939181984179,0.044898596,-0.6072,0.30298916,349.40274,81.03953,-5.1071844,WAL
1868107313000,80.589925,-0.25610008597786,-10.1994309957828,1.59008818355298,-0.13103059,-0.58032197,0.19333886,349.4605,81.024475,-5.2574267,WAL
1868112278000,80.59489,0.235179518819188,-8.59525284396415,1.1138477914602,-0.38423425,-0.689056,0.10415252,349.52634,81.04975,-5.37049,WAL
1868117332000,80.599944,0.433216005714286,-7.27904985778491,0.184096068378812,-0.6469063,-0.840856,0.025045475,349.5886,81.13614,-5.1826715,WAL
1868122284000,80.604896,0.59973408,-6.01826986292135,-0.767435798876405,-0.9080512,-1.035722,-0.016187929,349.6031,81.286156,-4.979733,WAL
1868127287000,80.609899,0.454916378558167,-5.09857849651871,-1.6669172613577,-1.1734722,-1.260215,-0.014660766,349.51,81.53794,-4.742462,WAL
1868132351000,80.614963,0.28139474335074,-4.19814185456919,-2.57204357571802,-1.4480561,-1.5076154,0.0421497,349.3508,81.84672,-4.504022,WAL
1868137379000,80.619991,-0.119666254860582,-3.43069415840107,-3.23695183561066,-1.7250835,-1.8280143,0.1151481,348.98688,82.281784,-4.3223367,WAL
1868142244000,80.624856,-0.541522678736496,-2.70682705916247,-3.84576736627225,-1.9737056,-2.2434027,0.22571471,348.52435,82.7547,-4.1573696,WAL
1868147303000,80.629915,-0.895438297929595,-2.16881740587342,-4.35554155731094,-2.2363777,-2.6606236,0.31795537,347.9447,83.32572,-4.056198,WAL
1868152278000,80.63489,-1.23449762860613,-1.66248877531075,-4.84378694325837,-2.4749205,-3.0317242,0.419359,347.26004,83.90488,-3.9830728,WAL
1868157317000,80.639929,-1.50638225819085,-1.4148009133996,-5.33026605978131,-2.6844473,-3.3414328,0.5164866,346.53583,84.47969,-3.9696126,WAL
1868162320000,80.644932,-1.75880534090457,-1.2338183333002,-5.81129889010934,-2.8597655,-3.5937202,0.63224554,345.72653,84.999794,-3.989292,WAL
1868167324000,80.649936,-1.85558535301193,-1.44393213097416,-6.38736289714712,-2.9358184,-3.7540724,0.7287622,345.00336,85.43439,-3.9883597,WAL
1868172308000,80.65492,-1.91252071611332,-1.75233194425447,-6.98518413539761,-2.894585,-3.7815614,0.7687739,344.25372,85.74767,-4.0026155,WAL
1868177341000,80.659953,-1.7919825623816,-2.29346080430311,-7.32011477729364,-2.8280005,-3.7345247,0.8350528,343.4442,85.82806,-4.13375,WAL
1868182454000,80.665066,-1.61970628890392,-2.90747108040595,-7.58515512351827,-2.6041186,-3.5283577,0.8940013,342.68423,94.27933,-4.272841,WAL
1868187333000,80.669945,-1.45817211824765,-3.68212916623565,-7.64212743084721,-2.3154848,-3.2507193,0.97005403,341.99548,94.52421,-4.4094386,WAL
1868192315000,80.674927,-1.29530004033309,-4.61000643829523,-7.55822348008689,-1.9947804,-2.9770517,1.0436633,341.37372,94.86232,-4.5558286,WAL
1868197356000,80.679968,-1.08099157466586,-5.70784998703648,-7.4903100648779,-1.6636915,-2.69697,1.1304061,340.72916,95.38376,-4.8007493,WAL
1868202359000,80.684971,-0.840248079419154,-6.88749313385589,-7.43253167428399,-1.3716979,-2.3597724,1.2348641,340.1914,95.93055,-5.063498,WAL
1868207349000,80.689961,-0.809596604243062,-8.42049164783088,-6.99445585492436,-1.0577132,-1.9770653,1.3750577,339.69553,96.52088,-5.3808184,WAL
1868212347000,80.694959,-0.891121815995391,-10.1469073075844,-6.35184535345156,-0.7987063,-1.6520851,1.4566082,339.29092,97.087776,-5.701499,WAL
1868217356000,80.699968,-0.963389170491885,-11.9587529863755,-5.84934205709277,-0.63071835,-1.2965615,1.4920384,338.95642,97.65266,-6.033881,WAL
1868222348000,80.70496,-1.03044027720397,-13.807447317772,-5.42308901986576,-0.5674938,-0.88789266,1.4770721,338.73962,98.19278,-6.3601747,WAL
1868227410000,80.710022,-0.922254101051722,-15.0803055635851,-4.98527696176711,-0.5919284,-0.4184427,1.4181237,338.61786,98.65628,-6.666949,WAL
1868232356000,80.714968,-0.728498060144532,-16.0232511794382,-4.55470803692392,-0.6542367,0.084910266,1.3426818,338.6271,99.09988,-6.9454007,WAL
1868237295000,80.719907,-0.389613394535466,-16.4048724294614,-3.97087042774453,-0.75655663,0.5348125,1.2556335,338.73474,99.45707,-7.1595325,WAL
1868242289000,80.724901,0.131209670000981,-16.1045781091435,-3.19198182772491,-0.93370754,0.8524625,1.1481212,338.94757,99.81235,-7.3305507,WAL
1868247328000,80.72994,0.644315764408428,-15.5336797915721,-2.52346225656402,-1.185384,1.0598512,0.9764681,339.22012,100.0729,-7.3937693,WAL
1868252305000,80.734917,1.13357110486224,-14.5912196377634,-2.02905686385737,-1.4630222,1.2305881,0.7672467,339.56796,100.34231,-7.4069123,WAL
1868257288000,80.7399,1.46302834103361,-13.6602693696696,-1.47943410773793,-1.7085901,1.317331,0.52106804,339.91055,100.48102,-7.275912,WAL
1868262345000,80.744957,1.66818187667326,-12.7256807391509,-0.877650393674103,-1.8872682,1.2168436,0.28619036,340.23947,100.63307,-7.0957856,WAL
1868267340000,80.749952,1.76148551718539,-11.8870187640262,-0.147666442312897,-2.0082195,1.0497719,0.094989546,340.52646,100.72533,-6.815612,WAL
1868272304000,80.754916,1.71694990635995,-11.1596044244821,0.747993807962944,-2.0809124,0.51007247,0.009162978,340.66928,100.83912,-6.527608,WAL
1868277355000,80.759967,1.61105672153573,-10.5851276580142,1.30122265852744,-2.0937407,-0.21746802,-0.16920967,340.67343,100.8308,-6.1484227,WAL
1868282346000,80.764958,1.45066129147256,-10.1699865043427,1.518228205606,-2.085494,-0.9596693,-0.3182608,340.51392,100.84495,-5.7883263,WAL
1868287348000,80.76996,1.11084788395835,-9.9105031162122,1.53871030241943,-1.9804251,-1.5525141,-0.46089783,340.17084,100.82745,-5.460312,WAL
1868292329000,80.774941,0.590547599061973,-9.81117303658899,1.35897023830441,-1.8081611,-1.998751,-0.61453044,339.65607,100.78074,-5.118789,WAL
1868297364000,80.779976,-0.00399815613805241,-9.69340728969495,1.06806208668361,-1.6184875,-2.2849414,-0.7693848,339.01526,100.74516,-4.8140626,WAL
1868302399000,80.785011,-0.673447689937427,-9.5566889239343,0.657906398670317,-1.4144585,-2.4220808,-0.8918633,338.29242,100.65655,-4.4902134,WAL
1868307351000,80.789963,-1.26891889568017,-9.27654428534628,0.23262729223224,-1.2293663,-2.403144,-0.94989544,337.5463,100.55497,-4.215292,WAL
1868312464000,80.795076,-1.80015840519667,-8.79381968884375,-0.235542706251858,-1.0827587,-2.2427917,-0.9242391,336.81036,100.41579,-3.9288003,WAL
1868327300000,80.809912,-3.2003826150762,-7.4456760809664,-1.46535932619501,-0.6963864,-1.5894713,-0.4905248,334.96558,100.10141,-3.4624896,WAL
1868332271000,80.814883,-3.35291401364738,-7.11175600034638,-1.58903344128853,-0.6533204,-1.412015,-0.25503623,334.5116,100.10827,-3.4564857,WAL
1868337289000,80.819901,-3.48548914315757,-6.80519486392454,-1.72384890730375,-0.6603453,-1.2180653,0.023518313,334.15457,100.22895,-3.593808,WAL
1868342228000,80.82484,-3.35139853898253,-6.88077309614968,-1.97984004452863,-0.68508536,-0.97035944,0.2779437,333.8777,100.36252,-3.7775826,WAL
1868347311000,80.829923,-3.21339842944178,-6.95855486460492,-2.2432947824339,-0.7141015,-0.6844745,0.46395215,333.68738,100.56653,-4.041903,WAL
1868352209000,80.834821,-3.08042094832225,-7.03350570109788,-2.49716086668728,-0.75228053,-0.40500367,0.5757405,333.5779,100.7988,-4.3418646,WAL
1868357202000,80.839814,-2.87010573636364,-7.14241986595365,-2.69016086024955,-0.7828238,-0.23915374,0.66950834,333.52206,101.0636,-4.6833844,WAL
1868362241000,80.844853,-2.30619328232323,-7.40526065296098,-2.57546682294514,-0.7867944,-0.21227567,0.73792523,333.51294,101.3419,-5.038193,WAL
1868367209000,80.849821,-1.75453600504673,-7.67008781786522,-2.45132906872602,-0.77396625,-0.23090707,0.75686204,333.52176,101.684944,-5.3646593,WAL
1868372207000,80.854819,-1.22244238560748,-7.96674166172159,-2.26768617554353,-0.7703011,-0.33658674,0.7651087,333.51834,102.03578,-5.705987,WAL
1868377257000,80.859869,-0.704167845245025,-8.26098425195525,-2.09731225371745,-0.77366084,-0.4908302,0.7302894,333.4634,102.31354,-5.9506164,WAL
1868382246000,80.864858,-0.316300077629938,-8.51640959320859,-2.02636078101178,-0.79137594,-0.65148777,0.66614854,333.37732,102.58595,-6.190651,WAL
1868387221000,80.869833,0.0545530047632175,-8.74919453116078,-1.96527069943881,-0.82894415,-0.78893244,0.58093286,333.21762,102.76444,-6.3247943,WAL
1868392211000,80.874823,0.294505887386039,-8.80094864753372,-1.98409052103968,-0.8753699,-0.8668178,0.49938235,333.0282,102.936066,-6.443102,WAL
1868397234000,80.879846,0.517520997628498,-8.84971592617583,-2.00192605528875,-0.93645644,-0.9138544,0.41722095,332.77936,103.037,-6.4652176,WAL
1868402198000,80.88481,0.522238157088708,-8.8591503830125,-2.00664318519548,-1.0067059,-0.9569204,0.3390302,332.508,103.138336,-6.4669194,WAL
1868407253000,80.889865,0.497347748372003,-8.8489508704563,-2.00494484302011,-1.0589349,-0.9999864,0.258396,332.20126,103.20872,-6.4031453,WAL
1868412234000,80.894846,0.0592486413089714,-8.5630335732792,-1.912713470814,-1.1044444,-1.0048733,0.20250183,331.8926,103.287766,-6.323773,WAL
1868417498000,80.90011,-0.396701122444158,-8.26341322882955,-1.81713563579867,-1.1508701,-0.98654735,0.17867808,331.57315,103.37832,-6.234526,WAL
1868422219000,80.904831,-0.670496269673384,-8.04347949395414,-1.76776273071577,-1.1829406,-0.97097033,0.16707164,331.2515,103.47189,-6.133338,WAL
1868427695000,80.910307,-0.991199024342038,-7.79876013421403,-1.71284007590374,-1.2220359,-0.95417154,0.20280726,330.96774,103.63324,-6.1255064,WAL
1868432248000,80.91486,-1.29483623974398,-7.71838553331285,-1.69497907420379,-1.2461652,-0.9392053,0.24098633,330.68997,103.794685,-6.1124377,WAL
1868437462000,80.920074,-1.63858240955519,-7.63841060674484,-1.67862147894176,-1.2534955,-0.9285152,0.29443705,330.4397,103.99677,-6.167124,WAL
1868442213000,80.924825,-1.90313953558484,-7.71336857805989,-1.71389573171819,-1.2504412,-0.94959,0.3680463,330.19092,104.204414,-6.236174,WAL
1868447624000,80.930236,-2.20129829387276,-7.80430322691293,-1.75293743664614,-1.2357804,-0.9859365,0.43463063,329.94037,104.46339,-6.395298,WAL
1868452218000,80.93483,-2.38617287647806,-8.00207553298153,-1.76153624817747,-1.2095132,-1.0115929,0.5009095,329.69498,104.72093,-6.5707154,WAL
1868457196000,80.939808,-2.58650062402033,-8.21637908970976,-1.77085381104271,-1.1722504,-1.065349,0.55833083,329.45114,105.00342,-6.8122067,WAL
1868462221000,80.944833,-2.75722855080092,-8.51896495144762,-1.70206940145259,-1.1334605,-1.0876455,0.60139686,329.21606,105.27868,-7.0615826,WAL
1868467187000,80.949799,-2.9228384006865,-8.82652641179982,-1.62636203726992,-1.0934488,-1.1624765,0.6249151,328.95758,105.54262,-7.3219805,WAL
1868472213000,80.954825,-3.06852299093264,-9.05328270984456,-1.5024670007772,-1.0916162,-1.2134838,0.65148777,328.70703,105.82223,-7.6256304,WAL
1868477203000,80.959815,-3.21066803900403,-9.26879306294377,-1.37407792046632,-1.0680978,-1.258077,0.6713409,328.4428,106.08295,-7.9307313,WAL
1868482247000,80.964859,-3.32730947261186,-9.57148917752341,-1.22712682308012,-1.0458013,-1.3176364,0.68325275,328.16348,106.32735,-8.259223,WAL
1868487166000,80.969778,-3.43515371050989,-9.88521798126951,-1.0800665359001,-1.0198395,-1.38025,0.70096785,327.87775,106.56406,-8.5889015,WAL
1868492213000,80.974825,-3.43944066642413,-10.2951149634275,-1.07534020036381,-0.9966267,-1.426065,0.7134906,327.58026,106.77754,-8.93674,WAL
1868497200000,80.979812,-3.43029571638104,-10.7112102858784,-1.08905762542843,-0.956615,-1.434617,0.7134906,327.2824,106.97822,-9.277146,WAL
1868502311000,80.984923,-3.29561843054329,-11.0853938805913,-1.13731432415051,-0.9068295,-1.4062119,0.72173727,326.97888,107.14193,-9.622409,WAL
1868507248000,80.98986,-3.13677569204262,-11.4348484644845,-1.19177472277788,-0.818254,-1.3426818,0.7324274,326.69086,107.2865,-9.955021,WAL
1868512299000,80.994911,-2.76142978942128,-11.6527470835059,-1.28004035010352,-0.732122,-1.2522738,0.73853606,326.4043,107.41078,-10.271323,WAL
1868517288000,80.9999,-2.31393144215715,-11.8176147688061,-1.37896096128364,-0.6267477,-1.1533136,0.75411314,326.14728,107.51423,-10.57729,WAL
1868522317000,81.004929,-1.75097658569438,-11.9419936539712,-1.54454804853693,-0.49877146,-1.02717,0.75961095,325.9028,107.57575,-10.83612,WAL
1868527328000,81.00994,-1.14470107210404,-12.0489832752438,-1.736238139647,-0.3549127,-0.88178396,0.7593055,325.7,107.61431,-11.080739,WAL
1868532407000,81.015019,-0.343398048681457,-12.0867878811218,-1.9620026616576,-0.20586158,-0.72387534,0.7449502,325.51663,107.5779,-11.225119,WAL
1868537392000,81.020004,0.580834963154039,-12.0718000164295,-2.20679944367936,-0.058948494,-0.54825157,0.72051555,325.3852,107.51401,-11.351573,WAL
1868542313000,81.024925,1.35598092004921,-12.0225983883422,-2.28296635177896,0.053450707,-0.40439278,0.6765333,325.2183,107.426025,-11.3962965,WAL
1868547309000,81.029921,2.07131259660484,-11.9546872043906,-2.27391152725208,0.12339478,-0.30573806,0.59406644,325.08844,107.308655,-11.414109,WAL
1868552318000,81.03493,2.59107073590979,-11.8809175790876,-2.10879019751922,0.12095132,-0.25167647,0.4370741,324.91785,107.14426,-11.289647,WAL
1868557315000,81.039927,2.93937695218862,-11.8024265164531,-1.80954130518708,0.052839845,-0.22418754,0.25289822,324.76343,106.96304,-11.13261,WAL
1868562295000,81.044907,2.9438964333649,-11.893900837674,-1.36627085705086,-0.06505715,-0.226631,0.045814894,324.55716,106.72912,-10.841717,WAL
1868567388000,81.05,2.69907603430249,-12.1110052165925,-0.807341431461313,-0.1685988,-0.25381452,-0.12308934,324.34644,106.48742,-10.515565,WAL
1868572319000,81.054931,2.33085578478666,-12.2668362541442,-0.370621034526729,-0.24373524,-0.35033122,-0.18112154,324.09058,106.22043,-10.143028,WAL
1868577334000,81.059946,1.81265605614517,-12.3657657990191,-0.0408576066208926,-0.25167647,-0.42852196,-0.22907446,323.8281,105.94346,-9.7339945,WAL
1868582347000,81.064959,1.3626228272065,-12.5517180160454,0.11416194934712,-0.2275473,-0.43768495,-0.22204952,323.5681,105.64826,-9.37919,WAL
1868587328000,81.06994,1.00131554769384,-12.8464682194539,0.0476053383811042,-0.15607607,-0.32711834,-0.17898351,323.326,105.35059,-9.025036,WAL
1868592275000,81.074887,0.745223230076004,-13.159863102063,-0.0281585148859935,-0.047647487,-0.15149458,-0.13225232,323.12225,105.05481,-8.760561,WAL
1868597304000,81.079916,0.626375728849077,-13.5068978570724,-0.118482614726384,0.10048734,0.027794369,-0.10873401,322.9574,104.74245,-8.499471,WAL
1868602252000,81.084864,0.55890043052758,-13.8535352522406,-0.144817456710524,0.25595254,0.21594086,-0.119729586,322.85428,104.43511,-8.285333,WAL
1868607315000,81.089927,0.567860485669408,-14.2164180468447,-0.0731369659890973,0.4129449,0.36163223,-0.1441642,322.7945,104.10105,-8.070856,WAL
1868612269000,81.094881,0.568895167332427,-14.5822633930775,0.0414066957065774,0.61850107,0.46303585,-0.19058995,322.7716,103.730064,-7.858597,WAL
1868617319000,81.099931,0.54360873002196,-14.9919037831225,0.309443123417547,0.8436049,0.51251596,-0.2507602,322.77658,103.32005,-7.6364207,WAL
1868622251000,81.104863,0.520823994194313,-15.3878633530806,0.541520771445498,1.0910053,0.5317582,-0.32742378,322.79068,102.83723,-7.396544,WAL
1868627339000,81.109951,0.501579593720379,-15.787184443128,0.714720275236967,1.3148874,0.539394,-0.3943135,322.817,102.31125,-7.1480503,WAL
1868632347000,81.114959,0.499505128745975,-16.1185167635916,0.806848253191892,1.5485435,0.5338962,-0.4801401,322.84683,101.68974,-6.8796053,WAL
1868637352000,81.119964,0.535824064363516,-16.3091907667172,0.720590789988634,1.7528778,0.53786683,-0.5662721,322.8837,101.0293,-6.600059,WAL
1868642289000,81.124901,0.584242667546491,-16.4476851529694,0.616293692081584,1.9614882,0.5537493,-0.6783658,322.91257,100.2912,-6.301087,WAL
1868647307000,81.129919,0.689945668586283,-16.366005939812,0.424106449390122,2.1508565,0.5723807,-0.79320854,322.94653,99.51882,-5.9864225,WAL
1868652303000,81.134915,0.791499402364865,-16.2125308243243,0.241577117253378,2.3350325,0.59223384,-0.9068295,322.9827,98.70741,-5.6424627,WAL
1868657314000,81.139926,0.877066036402027,-15.7396628434685,0.097464863959741,2.5240953,0.6044512,-1.0158689,323.02582,97.861275,-5.2780266,WAL
1868662422000,81.145034,0.958844592473569,-15.2417857576677,-0.0410229782520674,2.7229319,0.60048056,-1.0977248,323.07092,96.99812,-4.8864007,WAL
1868667330000,81.149942,0.973605275316655,-14.5775540021983,-0.0754645987821627,2.9394836,0.59040123,-1.1224649,323.12396,96.11775,-4.4922233,WAL
1868672305000,81.154917,0.940412489341273,-13.9495425856904,-0.140482706474693,3.042109,0.5503896,-1.1618657,323.16006,95.25149,-4.077014,WAL
1868677283000,81.159895,0.62105253974693,-13.5902627998697,-0.384438215806662,3.2794302,0.5635232,-1.2217305,323.2157,94.36929,-3.660115,WAL
1868682407000,81.165019,0.287767940700389,-13.2235856988759,-0.635964336427799,3.5353825,0.6411031,-1.3234396,323.27985,93.54486,-3.2344923,WAL
1868687361000,81.169973,-0.348093958599222,-13.0851317866407,-0.907744015911154,3.7342193,0.75441855,-1.4624114,323.36578,92.8343,-2.7928963,WAL
1868692304000,81.174916,-0.965241942191672,-12.9588579883295,-1.19660642160024,3.8026361,0.87995136,-1.5717562,323.48434,87.5515,-2.4045172,WAL
1868697313000,81.179925,-1.48712155238453,-12.9019260044506,-1.59513268667788,3.7516289,1.0027353,-1.632232,323.64346,87.55075,-2.0041435,WAL
1868702312000,81.184924,-2.03690045732725,-12.8823160187696,-2.00735463405767,3.62182,1.1340714,-1.6377298,323.823,87.12915,-1.7194066,WAL
1868707313000,81.189925,-2.79405558831192,-13.1290294524839,-2.52346790179407,3.4342844,1.2211196,-1.6050484,324.0341,86.54632,-1.4430864,WAL
1868712430000,81.195042,-3.56877320583812,-13.3814654933389,-3.05155260305524,3.2064316,1.2400564,-1.5827519,324.23566,85.94481,-1.2987283,WAL
1868717517000,81.200129,-4.33894880098289,-13.6324215495885,-3.57654124392208,3.0069842,1.2238685,-1.5586227,324.45914,85.36667,-1.174417,WAL
1868722323000,81.204935,-5.18557240605615,-13.869538075071,-3.79237419489013,2.856406,1.1490375,-1.5454891,324.6765,84.83373,-1.0606046,WAL
1868727394000,81.210006,-6.11488020849543,-14.1197360219746,-3.93534461783198,2.7317894,0.98990715,-1.536937,324.86862,84.35046,-0.95671135,WAL
1868732325000,81.214937,-6.9496438666937,-14.2693797330225,-3.83625951416988,2.6685648,0.7846564,-1.5265522,325.12817,83.919556,-0.94077104,WAL
1868737250000,81.219862,-7.77191360012163,-14.4032377986013,-3.69762101376444,2.6306913,0.550695,-1.5610662,325.3365,83.52473,-0.9111771,WAL
1868742313000,81.224925,-8.45940365253239,-14.5044140828426,-3.8205442803298,2.519819,0.40591997,-1.6948457,325.57135,83.148544,-0.95213455,WAL
1868747276000,81.229888,-9.10787513669023,-14.5977192622693,-3.98382844175501,2.3194554,0.43035457,-1.88849,325.79288,82.81915,-0.96290743,WAL
1868752333000,81.234945,-8.92088305511499,-13.999138314433,-4.06030014730373,2.051591,0.5360342,-2.010663,326.05408,82.48789,-1.0610195,WAL
1868757246000,81.239858,-8.56641604668914,-13.2762118904639,-4.11626855823751,1.87444,0.61666846,-1.9828686,326.31592,82.195,-1.1428347,WAL
1868762288000,81.2449,-7.81732270236669,-12.2357593223487,-4.01536447726183,1.8301523,0.63132924,-1.8530598,326.6229,81.92718,-1.2946153,WAL
1868767328000,81.24994,-6.97382907744158,-11.122348130018,-3.87558570913721,1.8438967,0.6994407,-1.7562376,326.96408,81.69546,-1.4422971,WAL
1868772316000,81.254928,-6.16463633595801,-10.5054705480704,-3.53608347873044,1.8887954,0.8518516,-1.5491543,327.30594,81.460495,-1.6018556,WAL
1868777324000,81.259936,-5.35806573228346,-9.99728439311753,-3.14911599542141,1.8851302,0.96791595,-1.3924674,327.65268,81.235405,-1.7735213,WAL
1868782329000,81.264941,-4.36024616883954,-9.75863597922636,-2.38324597915473,1.92392,1.0097603,-1.2562444,327.98004,80.97615,-1.8853383,WAL
1868787298000,81.26991,-3.30838112578797,-9.60767387433483,-1.50182211084732,1.9633209,0.979217,-1.1343768,328.3134,80.71396,-2.0423994,WAL
1868792313000,81.274925,-2.39191414368846,-9.53909764277275,-1.1217396334423,1.9706513,0.95203346,-1.0958922,328.62506,80.427925,-2.1075866,WAL
1868797298000,81.27991,-1.51758259499803,-9.49209060456873,-0.872602114990154,1.9388863,1.0180069,-1.0604621,328.9495,80.14057,-2.2143998,WAL
1868802329000,81.284941,-1.03516529410296,-9.62301699154821,-0.845973645161352,1.9706513,1.2993103,-1.0317514,329.27722,79.76515,-2.2190964,WAL
1868807311000,81.289923,-0.67774028814829,-9.80631171917019,-0.887215006724933,2.0589213,1.5467108,-1.0754282,329.61533,79.39105,-2.221781,WAL
1868812294000,81.294906,-0.440698569127931,-9.98844373262032,-0.507058647441382,2.1499403,1.6203201,-1.169807,329.90625,79.015335,-2.1071324,WAL
1868817326000,81.299938,-0.257332856540518,-10.1718090053476,0.0727734808103661,2.144748,1.5598444,-1.2018774,330.22653,78.645035,-2.0109916,WAL
1868822319000,81.304931,0.0211371700190572,-10.204185812337,0.466359739613842,2.0250182,1.4605788,-1.2012665,330.5106,78.30454,-1.8451699,WAL
1868827370000,81.309982,0.336504197494483,-10.1847787253761,0.80113396550652,1.853976,1.3997977,-1.1774428,330.78687,77.98359,-1.6842016,WAL
1868832315000,81.314927,0.650267128709584,-9.98315300086864,0.694441872998745,1.7125608,1.4147639,-1.1371256,331.03436,77.59523,-1.5358247,WAL
1868837358000,81.31997,0.97189756862465,-9.71745879075379,0.442731126524467,1.6126842,1.4089607,-1.1074986,331.25656,77.24836,-1.3946437,WAL
1868842345000,81.324957,1.15531823741105,-9.30658609260162,0.131678060019495,1.5632042,1.3878858,-1.0659598,331.466,76.87386,-1.2259487,WAL
1868847318000,81.32993,1.27601831353933,-8.82842819192904,-0.207210585433278,1.5170839,1.428203,-1.0143417,331.68655,76.53098,-1.0804248,WAL
1868852325000,81.334937,1.16649360290267,-8.3193976164011,-0.928239763337055,1.4920384,1.5870279,-0.93309665,331.90244,76.22214,-0.89042014,WAL
1868857316000,81.339928,0.919087711783213,-7.79547918126459,-1.87420337886126,1.4807373,1.7996091,-0.8414669,332.1379,75.92488,-0.73288053,WAL
1868862308000,81.34492,0.31019173545005,-7.2191752712389,-2.93428063173702,1.5008959,1.919644,-0.7996226,332.35913,75.64643,-0.5649853,WAL
1868867290000,81.349902,-0.489298443865031,-6.6162809202454,-4.05269305521472,1.5021176,2.1896465,-0.7290677,332.66922,75.37975,-0.4633804,WAL
1868872315000,81.354927,-1.06826881566352,-6.1849434684554,-4.67991942494561,1.5406022,2.3377812,-0.655153,333.00613,75.217186,-0.3502765,WAL
1868877312000,81.359924,-1.38555245840153,-5.95689587692945,-4.73445262343313,1.5754215,2.4275784,-0.61453044,333.39438,75.05771,-0.26796466,WAL
1868882322000,81.364934,-1.59423564975146,-5.77801073779514,-4.70690362104562,1.5855007,2.4846945,-0.5717699,333.85773,75.031715,-0.31007677,WAL
1868887323000,81.369935,-1.70901712266998,-5.6419734168294,-4.60912679105272,1.5952746,2.4969118,-0.52534413,334.32758,74.99875,-0.37095523,WAL
1868892316000,81.374928,-1.81490177866095,-5.49088357399956,-4.42522165381486,1.6010778,2.4920247,-0.50610185,334.83673,74.94601,-0.4926274,WAL
1868897338000,81.37995,-1.8995011119723,-5.30053525348505,-4.02337491720536,1.6203201,2.4654522,-0.49938235,335.3393,74.8892,-0.62625027,WAL
1868902350000,81.384962,-1.95087975164835,-5.07802307582418,-3.54457624615385,1.6300939,2.4205534,-0.49510628,335.86035,74.80136,-0.78867775,WAL
1868907468000,81.39008,-1.96556928083916,-4.81361134587413,-2.96678768895105,1.5989398,2.3564126,-0.5161811,336.3692,74.72273,-0.94613427,WAL
1868912281000,81.394893,-1.94747867248698,-4.55845295506463,-2.43651858207602,1.5427402,2.2672265,-0.5271767,336.89432,74.57966,-1.1294336,WAL
1868917322000,81.399934,-1.89159209234999,-4.2836771194482,-1.89628167317191,1.4645494,2.1890357,-0.5323691,337.40503,74.45509,-1.3087361,WAL
1868922253000,81.404865,-1.84376825423613,-4.03676626841182,-1.34271367842254,1.3356569,2.1227567,-0.5329799,337.94165,74.257805,-1.5020845,WAL
1868927397000,81.410009,-1.8053452773813,-3.81583410134542,-0.723142745338793,1.2186762,2.0540345,-0.51893,338.4543,74.08229,-1.696814,WAL
1868932318000,81.41493,-1.81886748020583,-3.62738528215831,-0.161374311174377,1.0842859,1.9642372,-0.4905248,338.97842,73.84724,-1.8989898,WAL
1868937301000,81.419913,-1.92902513759738,-3.48050837368472,0.348104987259787,0.93645644,1.8762726,-0.45845437,339.48145,73.6511,-2.105691,WAL
1868942256000,81.424868,-2.03812168306507,-3.33934942335341,0.811161277604424,0.7675522,1.7925841,-0.43035457,339.98807,73.37918,-2.3358989,WAL
1868947308000,81.42992,-2.14800485312531,-3.21035620399921,1.15036573760245,0.5928447,1.7116444,-0.40744713,340.46744,73.15111,-2.571187,WAL
1868952274000,81.434886,-2.2399692886121,-3.11031897504943,1.4463703826809,0.39736784,1.6447546,-0.3735441,340.939,72.83177,-2.8781834,WAL
1868957310000,81.439922,-2.27810981992883,-3.10078382977461,1.61800314697509,0.19364429,1.6236799,-0.3494149,341.3979,72.56344,-3.1894934,WAL
1868962285000,81.444897,-2.29230041930718,-3.08938120675851,1.76139242390935,-0.009162978,1.563815,-0.3368922,341.81607,72.217865,-3.5643494,WAL
1868967291000,81.449903,-2.2157243114705,-3.0702370673555,1.80446656265349,-0.1133155,1.5097535,-0.3115413,342.22525,71.89909,-3.9492342,WAL
1868972304000,81.454916,-2.12330059979036,-3.05106616855346,1.82890908679245,-0.3100141,1.434617,-0.28680122,342.5952,71.58542,-4.36158,WAL
1868977358000,81.45997,-1.96867963277428,-3.03173851614256,1.78059003144654,-0.4972443,1.3750577,-0.26725355,342.95197,71.29656,-4.774526,WAL
1868982350000,81.464962,-1.80047718337185,-3.0207660509796,1.74094277982518,-0.689056,1.3060299,-0.24404067,343.26944,71.0461,-5.174393,WAL
1868987346000,81.469958,-1.57454032413343,-3.03999475295891,1.73132845393349,-0.8374963,1.2195925,-0.2302962,343.56442,70.83342,-5.5664225,WAL
1868992307000,81.474919,-1.35304173456599,-3.07660528391426,1.7346271970841,-0.98899084,1.1236867,-0.20891592,343.83145,70.70065,-5.910016,WAL
1868997301000,81.479913,-1.14062290652699,-3.17819689942068,1.78542302894661,-1.1026118,1.0085385,-0.2012801,344.06857,70.594986,-6.2401032,WAL
1869002299000,81.484911,-0.93278576496892,-3.2861176258009,1.83363841856173,-1.2165382,0.8848383,-0.18020524,344.25342,70.54415,-6.510129,WAL
1869007313000,81.489925,-0.753699388719518,-3.43306038299704,1.86578210474323,-1.3139712,0.74097955,-0.17684549,344.4012,70.51728,-6.761141,WAL
1869012484000,81.495096,-0.591275727743268,-3.59666183273605,1.90167750774974,-1.4056009,0.5983425,-0.17165314,344.47534,70.51346,-6.958785,WAL
1869017418000,81.50003,-0.673592119567468,-3.88124140148823,1.96517875819023,-1.4703526,0.45173484,-0.17562376,344.50928,70.52721,-7.136902,WAL
1869022385000,81.504997,-0.756459066910557,-4.16772431960579,2.02910472311483,-1.5564847,0.30176744,-0.1731803,344.4768,70.580246,-7.2541766,WAL
1869027323000,81.509935,-0.838842192737046,-4.45253459737196,2.09265745409885,-1.6077974,0.18325958,-0.16707164,344.41312,70.640305,-7.3566957,WAL
1869032449000,81.515061,-0.936578326492089,-4.76649944405167,2.15076712527539,-1.6581937,0.071776666,-0.18020524,344.31458,70.72096,-7.4353876,WAL
1869037318000,81.51993,-1.21674736876627,-5.34551545337473,2.08539429104747,-1.7058412,0.013439035,-0.15515977,344.195,70.80861,-7.5158224,WAL
1869042505000,81.525117,-1.51353279217546,-5.95093521330765,2.01965882620036,-1.7391334,-0.040011674,-0.15118915,344.09103,70.96066,-7.5750003,WAL
1869047314000,81.529926,-1.76833149508002,-6.37408307617072,2.00600890586841,-1.8014416,-0.035430185,-0.10903945,343.9809,71.12162,-7.647819,WAL
1869052500000,81.535112,-2.04073281476181,-6.84023196980984,2.00992222064301,-1.8530598,-0.019242255,-0.047647487,343.9117,71.36428,-7.739235,WAL
1869057315000,81.539927,-2.24864958367967,-7.45946225548912,2.36699666442854,-1.8985692,0.008246681,0.032375857,343.84036,71.60617,-7.8454633,WAL
1869062641000,81.545253,-2.4701636500988,-8.15228658454879,2.77594648612026,-1.9113973,0.06963864,0.105068825,343.80408,71.85599,-8.003545,WAL
1869067319000,81.549931,-2.45330088414416,-8.957486289075,3.48418498927261,-1.8515326,0.09193522,0.16126843,343.75787,72.0805,-8.173035,WAL
1869072252000,81.554864,-2.43551892081491,-9.80657781161193,4.23102990933471,-1.8002199,0.116675265,0.25625798,343.73315,72.23107,-8.40385,WAL
1869077346000,81.559958,-2.08020905841421,-11.1417882500971,5.27976023408385,-1.6453656,0.13347405,0.3381139,343.70706,72.32682,-8.639441,WAL
1869082327000,81.564939,-1.66818604619565,-12.5352592554348,6.35842710869565,-1.4089607,0.11148291,0.39828414,343.66934,72.37262,-8.8856,WAL
1869087319000,81.569931,-0.941688543963443,-14.1552261617957,7.37467022988852,-1.0812315,0.04153884,0.38515055,343.59137,72.24553,-9.103395,WAL
1869092248000,81.57486,-0.140494456207794,-15.8145036929798,8.36075536637541,-0.6786713,-0.018325957,0.3023783,343.508,72.053185,-9.305781,WAL
1869097297000,81.579909,0.806710598061739,-16.8344193141932,8.63650036513545,-0.2724459,0.004581489,0.1328632,343.36157,71.75348,-9.349864,WAL
1869102263000,81.584875,1.7730036192551,-17.6513336257362,8.70652155005889,0.07819075,0.19761491,-0.063224554,343.25333,71.409966,-9.366888,WAL
1869107312000,81.589924,2.72343836926433,-18.1726717001785,8.39461722090026,0.3726278,0.5439755,-0.2855795,343.16284,71.18327,-9.141867,WAL
1869112272000,81.594884,3.64651876109459,-18.5824072385485,7.96133471445568,0.605062,0.9468411,-0.4877759,343.1613,70.91494,-8.905835,WAL
1869117331000,81.599943,3.9083487399841,-18.3162766912758,7.81163990633943,0.7687739,1.2678508,-0.589485,343.16763,70.75609,-8.488392,WAL
1869122291000,81.604903,3.92250839658188,-17.8112482493044,7.76916083797695,0.8765916,1.4123205,-0.5876524,343.2554,70.54933,-8.09696,WAL
1869127377000,81.609989,3.25407335880649,-16.1844294035342,7.60702896272692,0.8854492,1.4489723,-0.5235115,343.35193,70.48388,-7.5953507,WAL
1869132315000,81.614927,2.35448047757822,-14.1980187702781,7.4061046227501,0.79381937,1.4107933,-0.4373795,343.4767,70.3878,-7.143706,WAL
1869137318000,81.61993,1.32422913734343,-11.9733288589126,6.97493417343427,0.6414085,1.3585643,-0.35521814,343.6265,70.26956,-6.747119,WAL
1869142320000,81.624932,0.231559853274998,-9.63727707511552,6.42388993274998,0.4605924,1.3072516,-0.2874121,343.7658,70.16204,-6.391586,WAL
1869147295000,81.629907,-0.661381304509685,-7.62164641265133,5.74783701957224,0.28221974,1.2840388,-0.21135938,343.96414,69.950615,-6.2335377,WAL
1869152332000,81.634944,-1.44491423299939,-5.77231384452179,4.98377056648507,0.08307768,1.2760975,-0.12186762,344.14453,69.7872,-6.1015925,WAL
1869157315000,81.639927,-2.00871621994048,-4.60484775019841,4.33597528988095,-0.10934488,1.2687671,-0.12186762,344.250987728368,69.6870778144951,-6.15025803262397,WAL
1869162294000,81.644906,-2.453378410625,-3.81013246958333,3.74939959625,-0.1957823,1.2144,0.062308256,344.35736,69.587036,-6.1988845,WAL
1869167303000,81.649915,-2.84625200512596,-3.43296609936777,3.35400241433713,-0.38453966,1.0424415,0.2012801,344.5314,69.4143,-6.29722,WAL
1869172320000,81.654932,-3.206100953808,-3.31613202258535,3.07827407706449,-0.6249151,0.71593404,0.3567453,344.67383,69.27645,-6.5605826,WAL
1869177369000,81.659981,-3.56760336061282,-3.57892309342577,2.82269623148453,-0.9104946,0.27977628,0.4999932,344.74286,69.18853,-6.9090867,WAL
1869182367000,81.664979,-3.92497693499467,-4.12194564040531,2.58599409189373,-1.2012665,-0.23732115,0.625526,344.68784,69.14478,-7.2549763,WAL
1869187352000,81.669964,-4.27201133899848,-6.07798499939302,2.01076317556904,-1.4966198,-0.806953,0.72356987,344.49207,69.16894,-7.650544,WAL
1869192332000,81.674944,-4.60974299908953,-9.37810303581183,1.1133626414264,-1.7757853,-1.4263704,0.8051204,344.13486,69.23981,-8.020055,WAL
1869197335000,81.679947,-5.3728343454671,-12.0612336211897,0.0208286481503403,-2.0164661,-2.1297817,0.8707884,343.5393,69.368774,-8.425778,WAL
1869202366000,81.684978,-6.51830127947124,-14.1953200961823,-1.24821586496005,-2.2021692,-2.7907379,0.9211848,342.7958,69.52843,-8.788231,WAL
1869207351000,81.689963,-7.35226129268783,-15.7818354610285,-2.40287813115709,-2.296548,-3.2620203,0.9639453,341.98898,69.975586,-9.056418,WAL
1869212322000,81.694934,-7.892589919546,-16.8529296810968,-3.45484553498393,-2.2519548,-3.4736853,0.99296147,341.07468,70.40273,-9.29626,WAL
1869217424000,81.700036,-7.59203723452511,-17.6630949422601,-3.7986308304843,-2.078469,-3.3744197,1.035722,340.17755,70.94713,-9.637521,WAL
1869222353000,81.704965,-6.53547384123997,-18.1867009964346,-3.47137657066455,-1.7455474,-2.9119947,0.9984592,339.3305,71.40326,-9.969792,WAL
1869227393000,81.710005,-5.13855276684549,-18.4215624334764,-2.4451169107618,-1.2938126,-2.176513,0.88331115,338.6169,71.864265,-10.351832,WAL
1869232485000,81.715097,-3.40713483781701,-18.3549690866172,-0.70894242691865,-0.7507534,-1.3863586,0.6994407,338.0592,72.194,-10.729148,WAL
1869237345000,81.719957,-2.10155371162721,-17.6284109887124,0.616087833319349,-0.25534168,-0.8533788,0.47891834,337.58826,72.50735,-10.9290285,WAL
1869242354000,81.724966,-1.18153745738687,-16.0663004760763,1.57443820822995,0.050701816,-0.5864306,0.29901853,337.2771,72.741066,-11.117934,WAL
1869247309000,81.729921,-0.532117047047619,-14.3956619559524,2.10896117238095,0.12583824,-0.44623706,0.1740966,336.98032,72.9192,-11.065098,WAL
1869252355000,81.734967,-0.210912074857143,-12.5307559696429,2.11375527285714,0.062308256,-0.3222314,0.106901415,336.7642,73.07748,-10.996405,WAL
1869257314000,81.739926,0.0831993817131123,-10.7130704428278,1.84941378334996,-0.06872234,-0.2883284,0.081855945,336.49292,73.15885,-10.840231,WAL
1869262414000,81.745026,0.355417783590496,-8.86485048976239,1.19991013770607,-0.15699236,-0.36041048,0.039095376,336.23465,73.259315,-10.6650505,WAL
1869267266000,81.749878,0.47653712829713,-7.20162873966253,0.333471967920869,-0.3463606,-0.59437186,0.0070249503,335.926,73.35561,-10.48557,WAL
1869272347000,81.754959,0.363287127275019,-5.62556595361715,-1.0066531936346,-0.58093286,-0.9016371,0.008857546,335.5799,73.48415,-10.29597,WAL
1869277354000,81.759966,0.14118229746644,-4.25129813705805,-2.20381540692002,-0.80664754,-1.1218541,0.06994407,335.20157,73.66573,-10.114341,WAL
1869282328000,81.76494,-0.313642698279448,-3.26509349871431,-3.13147825649461,-1.0079277,-1.2745703,0.20463985,334.75357,73.88214,-9.937914,WAL
1869287372000,81.769984,-0.781315387816044,-2.32394450006243,-3.98824334947456,-1.2147056,-1.4248432,0.34330627,334.2708,74.217926,-9.83303,WAL
1869292296000,81.774908,-1.26215057125169,-1.62722411654354,-4.50833041075851,-1.4321736,-1.6526959,0.4783075,333.71573,74.57586,-9.750006,WAL
1869297292000,81.779904,-1.72661915113559,-1.05809760201774,-5.00817432845307,-1.6698002,-1.9770653,0.59742624,333.09503,74.9538,-9.780783,WAL
1869302225000,81.784837,-2.12264658443318,-0.864688852168827,-5.4272267400039,-1.956296,-2.320677,0.7125743,332.40027,75.35244,-9.833589,WAL
1869307242000,81.789854,-2.4952929803878,-0.744824497192486,-5.82346479973743,-2.2608123,-2.6502388,0.81092364,331.6187,75.72875,-9.988845,WAL
1869312242000,81.794854,-2.75159009208241,-0.918913115653403,-6.1039407136942,-2.479502,-2.9388726,0.9092729,330.75275,76.09392,-10.159596,WAL
1869317250000,81.799862,-2.95406263681882,-1.19774986133119,-6.36585544840137,-2.5757134,-3.130379,1.0024298,329.85214,76.42746,-10.41841,WAL
1869322234000,81.804846,-2.973258603519,-1.8264181215363,-6.56261430752061,-2.5625796,-3.1994066,1.0668762,328.9099,76.71376,-10.690685,WAL
1869327225000,81.809837,-2.91748104935763,-2.48142003830296,-6.82410017771138,-2.4165828,-3.114191,1.1053606,327.9356,76.90298,-11.017583,WAL
1869332271000,81.814883,-2.61427946782193,-3.22739236522259,-7.30055992070511,-2.1917844,-2.8915308,1.138042,326.99237,77.00693,-11.358737,WAL
1869337234000,81.819846,-2.34770531048395,-4.07148470175892,-7.61149545917718,-1.897042,-2.4694228,1.235475,326.10834,77.02188,-11.72713,WAL
1869342229000,81.824841,-2.18608055226076,-5.29317721909967,-7.39282678835337,-1.5467108,-1.9807305,1.3066407,325.32285,76.95544,-12.095418,WAL
1869347245000,81.829857,-2.07126617464265,-6.59264809770903,-7.01363660708831,-1.2177598,-1.5580118,1.3435981,324.62466,76.88549,-12.431415,WAL
1869352273000,81.834885,-2.12783821403955,-8.15780631192481,-6.05662725028392,-0.94225967,-1.4046847,1.3854424,324,76.73061,-12.784919,WAL
1869357275000,81.839887,-2.18501831641747,-9.77076424404879,-5.15064348305135,-0.700357,-1.2061534,1.4056009,323.5116,76.55798,-13.110477,WAL
1869362259000,81.844871,-2.24605505920716,-11.6300399040921,-4.45576254462916,-0.61483586,-1.0989466,1.398576,323.04965,76.35032,-13.433518,WAL
1869367270000,81.849882,-2.22397423538523,-13.4159328669931,-3.82222357136005,-0.56291234,-0.904386,1.3460416,322.6539,76.12455,-13.726786,WAL
1869372271000,81.854883,-1.71665709323474,-14.7129419921055,-3.56856502527231,-0.6243043,-0.57848936,1.3023647,322.33377,75.8928,-14.014527,WAL
1869377324000,81.859936,-1.15634893109495,-15.8506258678111,-3.35043172300456,-0.7312057,-0.19517145,1.2864822,322.03586,75.7013,-14.23956,WAL
1869382313000,81.864925,-0.34544115802541,-16.0406094651343,-3.34116421157017,-0.852157,0.22327125,1.239751,321.84747,75.53087,-14.438245,WAL
1869387246000,81.869858,0.459611989155772,-16.1568428554779,-3.31446628068309,-1.0198395,0.6872234,1.1618657,321.67633,75.48701,-14.500884,WAL
1869392266000,81.874878,1.31714720334448,-15.4308619230769,-3.08059294147157,-1.2189816,1.1914927,1.0268645,321.64105,75.46493,-14.534013,WAL
1869397261000,81.879873,2.08617603088276,-14.7093264143209,-2.75290660071058,-1.4352279,1.568091,0.8689558,321.5884,104.39886,-14.396691,WAL
1869402426000,81.885038,2.16278092812244,-13.9703145253712,-1.60383375380341,-1.6664404,1.6230689,0.66889745,321.58453,104.23655,-14.217639,WAL
1869407253000,81.889865,2.23437276529106,-13.2796639178282,-0.529956767932951,-1.8933768,1.2990049,0.41355577,321.59723,104.020584,-13.957998,WAL
1869412306000,81.894918,2.25812894516474,-12.4954346343668,0.225266700408203,-2.0775528,0.75228053,0.15332718,321.55545,103.78773,-13.651179,WAL
1869417288000,81.8999,2.2766775378754,-11.7163934499951,0.934750855797454,-2.187203,0.17165314,-0.09437868,321.4023,103.531845,-13.289753,WAL
1869422319000,81.904931,2.18869760484319,-11.018304302501,1.15781655966653,-2.1930063,-0.38912117,-0.30818152,321.14536,103.27477,-12.921688,WAL
1869427300000,81.909912,2.08454457846368,-10.3413094827312,1.2998434273025,-2.0900755,-0.9147707,-0.4859433,320.7284,102.98898,-12.511651,WAL
1869432318000,81.91493,1.68019327615171,-9.98676673719222,1.40251537299444,-1.9178114,-1.398576,-0.636827,320.20645,102.68947,-12.099424,WAL
1869437253000,81.919865,1.22972586858618,-9.69584035365369,1.49636268832407,-1.6835446,-1.8274034,-0.7687739,319.55078,102.35272,-11.659179,WAL
1869442349000,81.924961,0.567017148610976,-9.5415666728726,1.33611527846769,-1.4639386,-2.1316142,-0.89949906,318.81485,102.012474,-11.228524,WAL
1869447324000,81.929936,-0.12032107295058,-9.42081805458622,1.12712735615557,-1.2657127,-2.2739458,-0.9837985,318.0077,101.64084,-10.784635,WAL
1869452364000,81.934976,-0.775954854578569,-9.11786367489629,0.662855944631185,-1.094976,-2.2867742,-1.0073168,317.15494,101.305046,-10.405938,WAL
1869457292000,81.939904,-1.40629726429222,-8.77404031114034,0.142345868445411,-0.9388999,-2.2033908,-0.99173975,316.29807,100.94474,-10.019188,WAL
1869462341000,81.944953,-1.89861463132072,-8.29612413582657,-0.29684169994583,-0.8680395,-2.021964,-0.92149025,315.4129,100.69371,-9.759813,WAL
1869467456000,81.950068,-2.35967654180435,-7.78110837358566,-0.71866422980014,-0.77671516,-1.7993035,-0.7831292,314.58057,100.449615,-9.523859,WAL
1869472343000,81.954955,-2.6699089990296,-7.36662700338169,-0.972920787023133,-0.7275405,-1.5677856,-0.5910121,313.64856,100.35367,-9.449776,WAL
1869477442000,81.960054,-2.96667354795138,-6.95019909047246,-1.20746055760439,-0.6939429,-1.3503176,-0.37659842,312.81235,100.29272,-9.412808,WAL
1869482338000,81.96495,-3.05144013897993,-6.74791572005236,-1.54220947504121,-0.70432764,-1.108415,-0.14385876,312.13065,100.40086,-9.50946,WAL
1869487329000,81.969941,-3.0838832360225,-6.59496995385436,-1.91298686275574,-0.7171558,-0.82619524,0.08277224,311.54486,100.55617,-9.654564,WAL
1869492312000,81.974924,-2.93577795145749,-6.63272572417004,-2.23645481677126,-0.7272351,-0.49510628,0.2660318,311.13113,100.81464,-9.876754,WAL
1869497328000,81.97994,-2.71212263453441,-6.74941555186235,-2.54276533523279,-0.75747293,-0.20158553,0.43676865,310.79956,101.12763,-10.149517,WAL
1869502354000,81.984966,-2.33997954386465,-6.99227327362418,-2.59041111753636,-0.7703011,0.01985312,0.58276546,310.5604,101.506424,-10.460577,WAL
1869507351000,81.989963,-1.91696428194088,-7.27883191670944,-2.54492559375535,-0.78038037,0.1282817,0.67164636,310.37918,101.911385,-10.793457,WAL
1869512331000,81.994943,-1.41780742564762,-7.63498206979852,-2.35456348425164,-0.77304995,0.14905111,0.7272351,310.1978,102.33914,-11.130205,WAL
1869517324000,81.999936,-0.872198223190789,-8.03312916611842,-2.07930115986842,-0.7788532,0.0870483,0.73945236,310.0278,102.772385,-11.470422,WAL
1869522352000,82.004964,-0.436852620705212,-8.39255388367527,-1.88189376784137,-0.77518797,-0.046120327,0.70952,309.74036,103.14834,-11.769962,WAL
1869527423000,82.010035,-0.0507052774114067,-8.73579592058506,-1.71980724488073,-0.7855727,-0.19394971,0.6569856,309.4382,103.51132,-12.056212,WAL
1869532340000,82.014952,0.202059587323816,-8.9835932099045,-1.7397956797578,-0.806953,-0.34483343,0.5907067,309.10745,103.79016,-12.260307,WAL
1869537351000,82.019963,0.395774706918775,-9.19148286039185,-1.85318986862262,-0.8344419,-0.4896085,0.50671273,308.7411,104.044716,-12.440231,WAL
1869542345000,82.024957,0.304589710033941,-9.15189943821321,-1.91643081578075,-0.87872964,-0.623388,0.41630468,308.41147,104.21377,-12.517177,WAL
1869547363000,82.029975,0.0374273503799863,-8.95973005539842,-1.94924025483273,-0.9407325,-0.77213365,0.34147367,308.03674,104.369255,-12.577123,WAL
1869552357000,82.034969,-0.261578694672276,-8.80203274697312,-1.97445534607018,-0.9950995,-0.8378017,0.28069258,307.65836,104.4856,-12.5743885,WAL
1869557358000,82.03997,-0.585914658067104,-8.66934974122717,-1.99411205725426,-1.039998,-0.95722586,0.2556471,307.22354,104.600395,-12.5669155,WAL
1869562353000,82.044965,-0.953691964447717,-8.50537198998527,-1.97821849407953,-1.1154399,-1.0348058,0.23640485,306.76453,104.76745,-12.604661,WAL
1869567314000,82.049926,-1.34553142283751,-8.32344625056456,-1.94090047361807,-1.1774428,-1.0592403,0.23060162,306.29147,104.935844,-12.639487,WAL
1869572354000,82.054966,-1.69407308371352,-8.15933681352724,-1.85534679213069,-1.2501358,-1.0320568,0.25900686,305.785,105.176956,-12.749142,WAL
1869577419000,82.060031,-2.00814072182488,-8.00955100493077,-1.73455156222731,-1.312444,-0.9960158,0.29535335,305.28275,105.422905,-12.855115,WAL
1869582346000,82.064958,-2.27956696970431,-7.93275631825497,-1.65086601808047,-1.4071281,-0.947452,0.3594942,304.73596,105.75923,-13.068605,WAL
1869587360000,82.069972,-2.53094627799321,-7.90482534881241,-1.59034876369365,-1.4584408,-0.89949906,0.4156938,304.21613,106.094795,-13.2766485,WAL
1869592314000,82.074926,-2.77026593487749,-7.92965297407003,-1.49867765141355,-1.5045611,-0.83016586,0.4868596,303.7088,106.502785,-13.569371,WAL
1869597352000,82.079964,-3.00478131162583,-8.00622932469001,-1.37424095047118,-1.5195273,-0.7629707,0.56046885,303.234,106.91264,-13.860415,WAL
1869602354000,82.084966,-3.21780705,-8.123526375,-1.1994951,-1.4984524,-0.70463306,0.634689,302.81506,107.34484,-14.183334,WAL
1869607353000,82.089965,-3.41061594325413,-8.28259418254128,-0.972944567378172,-1.4905112,-0.68325275,0.711658,302.42023,107.78391,-14.510924,WAL
1869612327000,82.094939,-3.54571211287422,-8.49190873322794,-0.730556776994368,-1.4495832,-0.67103547,0.7703011,302.05325,108.235245,-14.880909,WAL
1869617332000,82.099944,-3.62622224319731,-8.75238236429207,-0.470082967904357,-1.382388,-0.71685034,0.8191703,301.6894,108.67992,-15.25523,WAL
1869622332000,82.104944,-3.63418898736349,-9.08289929485179,-0.222761607909516,-1.29198,-0.7648033,0.85918194,301.33862,109.11904,-15.666447,WAL
1869627357000,82.109969,-3.56380557228939,-9.4911227299142,0.0118496156181747,-1.2024882,-0.8491027,0.89461213,300.9781,109.54073,-16.07606,WAL
1869632315000,82.114927,-3.43098526732123,-9.9252685569275,0.163930276217396,-1.103528,-0.9550878,0.91324353,300.62616,109.93332,-16.49944,WAL
1869637362000,82.119974,-3.2104785687593,-10.4094249193692,0.211866555078846,-0.98532563,-1.0512991,0.92149025,300.266,110.29994,-16.91554,WAL
1869642249000,82.124861,-2.93153265944267,-10.8255912125777,0.130194813127471,-0.86529064,-1.144456,0.9242391,299.88998,110.60256,-17.30698,WAL
1869647326000,82.129938,-2.54245106225758,-11.1780534058087,-0.149028342769723,-0.71593404,-1.16492,0.93126404,299.52063,110.876114,-17.686432,WAL
1869652252000,82.134864,-2.12903424102382,-11.4768864652813,-0.474817382049671,-0.5516113,-1.1701124,0.93034774,299.15588,111.11156,-18.036251,WAL
1869657355000,82.139967,-1.60391852240243,-11.6700892007096,-0.960301728413583,-0.46853364,-1.138042,0.9239337,298.80432,111.331856,-18.372585,WAL
1869662300000,82.144912,-1.07041772191592,-11.8234707893079,-1.42943803130846,-0.29535335,-1.0372492,0.90285885,298.4771,111.48898,-18.634218,WAL
1869667380000,82.149992,-0.466900684066161,-11.9048975826524,-1.90841986295166,-0.1255328,-0.8863655,0.872621,298.17844,111.62778,-18.878084,WAL
1869672295000,82.154907,0.138467186599697,-11.8997613930913,-2.3160495590116,0.0076358155,-0.6933321,0.8258898,297.91672,111.71605,-19.026955,WAL
1869677372000,82.159984,0.820099129561271,-11.6741856490166,-2.59066390015129,0.099571034,-0.43066,0.7837401,297.72253,111.77812,-19.151836,WAL
1869682317000,82.164929,1.44998429522552,-11.439653992173,-2.7646670150181,0.1423316,-0.19303341,0.7504479,297.56586,111.7892,-19.175407,WAL
1869687368000,82.16998,2.0131701033754,-11.16515998914,-2.72207311458761,0.13255776,-0.006414085,0.68875057,297.47058,111.77594,-19.16649,WAL
1869692284000,82.174896,2.48202020150127,-10.9700783329109,-2.60534703303763,0.07788532,0.116980694,0.6087272,297.41357,111.71227,-19.060167,WAL
1869697343000,82.179955,2.72289587071554,-10.9889704281536,-2.25584119970754,-0.047647487,0.1459968,0.48441613,297.38007,111.63268,-18.919422,WAL
1869702321000,82.184933,2.87139098572284,-11.0632011346902,-1.89663483956899,-0.19608775,0.093767814,0.29840767,297.3456,111.48347,-18.67953,WAL
1869707349000,82.189961,2.67442000122718,-11.3562553280455,-1.47386797815025,-0.34483343,0.004581489,0.102319926,297.3033,111.32038,-18.40342,WAL
1869712327000,82.194939,2.39199329456248,-11.6333957049643,-1.04388446867284,-0.4700608,-0.094989546,-0.08032878,297.23175,111.092545,-18.062002,WAL
1869717360000,82.199972,1.7561853665794,-11.8615100569933,-0.56338836780586,-0.5345071,-0.2134974,-0.20952678,297.1226,110.84715,-17.689022,WAL
1869722360000,82.204972,1.11797314737865,-12.0631029869771,-0.16125902207281,-0.55863625,-0.32559118,-0.25870144,296.9823,110.57814,-17.321486,WAL
1869727341000,82.209953,0.459104711716259,-12.1760521744278,-0.0247791355702447,-0.52015173,-0.40653083,-0.24953845,296.81516,110.29816,-16.94321,WAL
1869732357000,82.214969,-0.138771501777377,-12.3152035601685,0.0425885541516246,-0.44043383,-0.40317106,-0.19364429,296.64767,110.048515,-16.659298,WAL
1869737358000,82.21997,-0.460559696326715,-12.5601467427798,-0.183143466498195,-0.31703907,-0.34330627,-0.13713925,296.47632,109.79267,-16.383413,WAL
1869742336000,82.224948,-0.712753273995272,-12.8205579700552,-0.41164798462766,-0.1572978,-0.22052236,-0.08827003,296.33615,109.6013,-16.221233,WAL
1869747346000,82.229958,-0.684396437115839,-13.1513877336485,-0.65740740537234,0.0033597588,-0.15241088,-0.07696902,296.20084,109.39836,-16.066702,WAL
1869752338000,82.23495,-0.638436948496233,-13.4960846631445,-0.876564061324724,0.17104226,0.005192355,-0.07971791,296.1349,109.23613,-15.959025,WAL
1869757353000,82.239965,-0.502168177182272,-13.9189878717347,-0.965843622130907,0.26633725,0.19058995,-0.10170906,296.0985,109.06222,-15.846363,WAL
1869762335000,82.244947,-0.374681465663579,-14.343975258508,-1.01869960998147,0.46273044,0.3857614,-0.13927728,296.11218,108.84991,-15.706111,WAL
1869767411000,82.250023,-0.303576837864456,-14.8132659366163,-0.805385667186738,0.66828656,0.539394,-0.19211712,296.16687,108.61775,-15.551809,WAL
1869772351000,82.254963,-0.232602599094325,-15.2622659086415,-0.604052785263991,0.8680395,0.6423248,-0.2706133,296.2591,108.32378,-15.345312,WAL
1869777347000,82.259959,-0.137989726303342,-15.617063907455,-0.481056056760925,1.0396926,0.70188415,-0.35369098,296.3811,107.9966,-15.123332,WAL
1869782410000,82.265022,-0.0460264430084492,-15.9724744040156,-0.358876632594712,1.2098186,0.72509706,-0.4361578,296.51633,107.5869,-14.858742,WAL
1869787367000,82.269979,-0.0158360540539657,-16.2571265374762,-0.276931288830744,1.3573426,0.7284568,-0.52778757,296.66006,107.14485,-14.574731,WAL
1869792252000,82.274864,0.0139158220893977,-16.5376441231035,-0.196176194159171,1.5189165,0.70463306,-0.6432411,296.7947,106.62898,-14.245376,WAL
1869797345000,82.279957,0.0976207927854523,-16.4011858105134,0.00801383751222493,1.6652187,0.65484756,-0.7648033,296.92117,106.08663,-13.899537,WAL
1869802183000,82.284795,0.18730286482987,-16.1887810501222,0.22513885155053,1.8383989,0.5564982,-0.8713993,297.02563,105.51114,-13.538724,WAL
1869807244000,82.289856,0.302571901895411,-15.503206834365,0.337976438034152,2.0042489,0.43066,-0.9465357,297.10532,104.8942,-13.152574,WAL
1869812505000,82.295117,0.420429164786194,-14.7105760892617,0.423543686364334,2.2375994,0.30940324,-1.0143417,297.15924,104.24524,-12.753102,WAL
1869817237000,82.299849,0.398704593618408,-14.067529047651,0.254092054847555,2.5262332,0.24098633,-1.0781772,297.199,103.559715,-12.337261,WAL
1869822217000,82.304829,0.375841456590604,-13.3907804704698,0.0757596108590604,2.8460212,0.22479841,-1.1682798,297.22653,102.85058,-11.905169,WAL
1869827220000,82.309832,-0.0221010584034435,-12.8920743922911,-0.312884833343768,3.1871893,0.2864958,-1.2724323,297.26324,102.13128,-11.460761,WAL
1869832233000,82.314845,-0.463580432124829,-12.4130219705537,-0.726184668711602,3.4755177,0.40011674,-1.400714,297.3173,101.41189,-10.99396,WAL
1869837231000,82.319843,-1.09059317554141,-12.1509371547778,-0.978865072343221,3.6975672,0.52564955,-1.5225816,297.4088,100.74036,-10.529144,WAL
1869842177000,82.324789,-1.74205193840706,-11.9273021123884,-1.20250018072668,3.7775908,0.5757405,-1.5937474,297.5205,100.12006,-10.053678,WAL
1869847244000,82.329856,-2.34481675011971,-11.7909237786313,-1.57366885182562,3.7210855,0.68325275,-1.6157386,297.71747,99.675125,-9.671132,WAL
1869852288000,82.3349,-2.93755075618516,-11.6656303959497,-1.95918689432362,3.648698,0.86437434,-1.629483,297.95932,80.69608,-9.28478,WAL
1869857312000,82.339924,-3.4448373222896,-11.6792328473907,-2.35585753984748,3.4455855,1.1065824,-1.5897768,298.2942,80.81562,-9.089292,WAL
1869862267000,82.344879,-3.93750517831679,-11.7053922791253,-2.74824796877986,3.1945198,1.2663237,-1.5228871,298.66232,80.8704,-8.910747,WAL
1869867352000,82.349964,-4.52986018966207,-11.8884203542292,-3.06219789609078,2.9477303,1.294118,-1.4520267,299.12302,80.684715,-8.992076,WAL
1869872256000,82.354868,-5.13088780077984,-12.1185009133173,-3.33453841286743,2.8005116,1.2370021,-1.4068227,299.59744,80.4865,-9.083252,WAL
1869877321000,82.359933,-5.76086924351804,-12.5880237600493,-3.50085798396217,2.698192,1.1688906,-1.4165965,300.10556,80.21811,-9.287865,WAL
1869882454000,82.365066,-6.40269434977897,-13.1489893669168,-3.62720155203043,2.5827382,0.98899084,-1.4676038,300.55182,79.971924,-9.477068,WAL
1869887320000,82.369932,-7.47202970470856,-13.8232799364607,-3.27755113446525,2.4770586,0.70249504,-1.5748106,300.96436,79.736336,-9.667775,WAL
1869892326000,82.374938,-8.67623141668125,-14.5491573845615,-2.81181464291966,2.3133466,0.30024028,-1.7660115,301.28156,79.56388,-9.800148,WAL
1869897307000,82.379919,-8.93553713849329,-14.4552584360165,-3.0294693124871,2.1227567,-0.092240654,-1.9960022,301.53287,79.42851,-9.8993025,WAL
1869902327000,82.384939,-8.29552184850361,-13.5770977652219,-3.90266852404541,1.8832976,-0.2950479,-2.1862867,301.71722,79.363556,-9.9385195,WAL
1869907312000,82.389924,-7.41902921205334,-12.6447882445281,-4.31596265318131,1.6276505,-0.24007004,-2.1945333,301.89612,79.16811,-10.098466,WAL
1869912295000,82.394907,-6.36481907655502,-11.6683084449761,-4.39369232966507,1.4483615,0.07147124,-2.0595322,302.08548,79.01645,-10.227914,WAL
1869917330000,82.399942,-5.35653169690981,-10.9179924406665,-4.37904896904001,1.3600914,0.37873647,-1.8472565,302.25827,79.08978,-10.152487,WAL
1869922319000,82.404931,-4.39383022774387,-10.3255604104427,-4.30499511024896,1.3164146,0.7498371,-1.6820174,302.53052,79.15253,-10.108967,WAL
1869927326000,82.409938,-3.48190503196385,-9.96958957617091,-3.86678577102712,1.3561208,1.1487321,-1.5482379,302.87268,79.29026,-9.998444,WAL
1869932398000,82.41501,-2.60382909769926,-9.80993951996713,-3.11642988172555,1.4813483,1.3585643,-1.3750577,303.2541,79.36502,-9.952216,WAL
1869937362000,82.419974,-1.74460160671953,-9.66238263772955,-2.41985438255426,1.599856,1.4153748,-1.2360858,303.68317,79.46254,-9.899493,WAL
1869942317000,82.424929,-0.888029986378339,-9.57821071264608,-1.99899553264816,1.6655241,1.4013249,-1.1154399,304.1359,79.50841,-9.893319,WAL
1869947306000,82.429918,-0.178654940566038,-9.56043500410985,-1.57434798109471,1.7421877,1.4159856,-1.0192287,304.58987,79.55135,-9.846374,WAL
1869952322000,82.434934,-0.111350725773585,-9.82516487558378,-1.14360097231459,1.8038851,1.565953,-0.9987647,305.06754,79.57485,-9.816374,WAL
1869957433000,82.440045,-0.0457608063517603,-10.0740927622927,-0.687164426066337,1.9388863,1.7446312,-1.0302242,305.51474,79.732925,-9.58059,WAL
1869962295000,82.444907,-0.0186659950610998,-10.0650612118126,-0.0459205555532925,2.0949624,1.842675,-1.1490375,305.97903,79.88721,-9.335092,WAL
1869967748000,82.45036,0.0282438316184793,-10.0553136535575,0.628492545532049,2.158187,1.8625281,-1.2027937,306.50827,80.0535,-9.035037,WAL
1869972315000,82.454927,0.249678380794051,-10.0513593854986,0.699667941986258,2.1310034,1.7263051,-1.1991285,307.01685,80.203415,-8.728635,WAL
1869977317000,82.459929,0.492204243499593,-10.0470284792514,0.777622689755899,1.9828686,1.6218473,-1.1563679,307.55276,80.299034,-8.409496,WAL
1869982340000,82.464952,0.70292816452271,-9.99372014839472,0.786821133414582,1.8280143,1.606881,-1.0934488,308.0722,80.36068,-8.108901,WAL
1869987287000,82.469899,0.901326316691721,-9.92758768774831,0.776646891946741,1.6988163,1.5509869,-1.0396926,308.54633,80.40369,-7.826044,WAL
1869992313000,82.474925,0.884297139524763,-9.69796057508754,0.118040504192096,1.625207,1.5671748,-0.981355,309.02878,80.45816,-7.514672,WAL
1869997272000,82.479884,0.846285027713857,-9.4556334212106,-0.594686672886443,1.5845845,1.6945401,-0.9309586,309.5233,80.49361,-7.2284455,WAL
1870002326000,82.484938,0.558519827422721,-9.0833219684922,-1.58348380120266,1.5570955,1.8759671,-0.8555168,310.03412,80.532745,-6.934806,WAL
1870007248000,82.48986,0.253986695636617,-8.70851174187457,-2.57204521742372,1.5650368,2.0906863,-0.7791586,310.58612,80.540375,-6.6709695,WAL
1870012295000,82.494907,-0.0735098095547025,-8.32358128119002,-3.12010164134357,1.5824465,2.259896,-0.7107417,311.1602,80.6043,-6.453155,WAL
1870017334000,82.499946,-0.402327907243762,-7.93918827495202,-3.61101311107486,1.6120734,2.370768,-0.6435465,311.76895,80.63694,-6.270706,WAL
1870022319000,82.504931,-0.64970282895177,-7.59441929309544,-3.85012182743239,1.6374242,2.463314,-0.5891795,312.40088,80.73726,-6.21257,WAL
1870027285000,82.509897,-0.879517721156956,-7.25853614636186,-4.03574141014776,1.6627752,2.4697282,-0.5467244,313.02203,80.811295,-6.1738577,WAL
1870032339000,82.514951,-1.09517811754667,-6.9277395216,-4.09543560314667,1.6872098,2.4425447,-0.5137377,313.64474,80.88053,-6.189465,WAL
1870037254000,82.519866,-1.29601015536,-6.6114289952,-4.09041485856,1.6829338,2.4107797,-0.4886922,314.25208,80.93599,-6.2148643,WAL
1870042312000,82.524924,-1.46072306119375,-6.42451754153961,-4.01166869787096,1.6655241,2.3845124,-0.48288897,314.90768,81.024185,-6.110342,WAL
1870047318000,82.52993,-1.61226737770547,-6.27743050115284,-3.91361071748791,1.643533,2.3301454,-0.49266282,315.5373,81.106155,-6.0117874,WAL
1870052325000,82.534937,-1.75389391310044,-6.0296665419214,-3.67998218973799,1.6392568,2.2800546,-0.49480084,316.171,81.15316,-5.9272075,WAL
1870057278000,82.53989,-1.88853170141921,-5.72932083954148,-3.37445806097162,1.5909985,2.2495112,-0.48655418,316.78827,81.20946,-5.8465924,WAL
1870062310000,82.544922,-2.02735383413318,-5.44548489785102,-2.94773333030741,1.5231925,2.1594086,-0.50243664,317.3889,81.23767,-5.7733545,WAL
1870067406000,82.550018,-2.16844492049725,-5.16330243047123,-2.48683575860075,1.4315627,2.0647244,-0.5122105,317.97397,81.27513,-5.7078605,WAL
1870072317000,82.554929,-2.24613240790424,-4.8741832900437,-2.01393905502565,1.3130548,1.9639318,-0.5198463,318.5522,81.272446,-5.6593523,WAL
1870077334000,82.559946,-2.30547199300779,-4.57292068573057,-1.52096365901577,1.1774428,1.861001,-0.53023106,319.09924,81.29289,-5.6089063,WAL
1870082319000,82.564931,-2.36205018970047,-4.33276173785602,-0.972862692523384,1.0241156,1.7583756,-0.54428095,319.6492,81.252304,-5.587805,WAL
1870087410000,82.570022,-2.41841502364687,-4.12267476084078,-0.378470577206516,0.88208944,1.6471981,-0.537256,320.1642,81.23463,-5.5708704,WAL
1870092311000,82.574923,-2.51320540680045,-3.97330701858045,0.121993069371981,0.71959925,1.5323554,-0.54367006,320.67856,81.16588,-5.5719047,WAL
1870097334000,82.579946,-2.62493033826644,-3.83923711015422,0.609113903091787,0.5342017,1.4343116,-0.5311473,321.16296,81.12638,-5.581973,WAL
1870102321000,82.584933,-2.77501426712681,-3.78578388873194,0.990746019235955,0.35277468,1.3603969,-0.5180137,321.65585,81.02811,-5.6085563,WAL
1870107312000,82.589924,-2.95403238443018,-3.79089868903157,1.29763427220974,0.17867808,1.3029755,-0.5027421,322.12292,80.96339,-5.6415358,WAL
1870112316000,82.594928,-3.06453021772241,-3.8194332975683,1.48657669354548,0.021685716,1.2525792,-0.46822822,322.61533,80.83236,-5.694118,WAL
1870117380000,82.599992,-3.14703277599319,-3.85825810837586,1.62731636667667,-0.1337795,1.2110404,-0.43310347,323.09042,80.73221,-5.7559314,WAL
1870122317000,82.604929,-3.1568982909896,-3.88531092876396,1.67287677150558,-0.2666427,1.1597277,-0.39920044,323.59534,80.59849,-5.8223567,WAL
1870127332000,82.609944,-3.13840482675202,-3.90842781940701,1.6821235277628,-0.38637227,1.1078042,-0.36957347,324.08347,80.485756,-5.9034805,WAL
1870132397000,82.615009,-3.03407753032712,-3.8917428163049,1.61629717912973,-0.5122105,1.0525209,-0.35124752,324.56,80.36322,-6.017232,WAL
1870137315000,82.619927,-2.88528916120452,-3.85334583075512,1.51070536863345,-0.6151413,0.9859365,-0.31642818,325.01385,80.24943,-6.146334,WAL
1870142312000,82.624924,-2.5518798722378,-3.80754792024678,1.36168618620303,-0.7012733,0.958753,-0.2950479,325.49606,80.17614,-6.226973,WAL
1870147303000,82.629915,-2.12742709332586,-3.75840070628155,1.19190513062255,-0.7816021,0.8793405,-0.28710666,325.94037,80.11497,-6.3141255,WAL
1870152335000,82.634947,-1.82501377222809,-3.78369819878564,1.09628651145723,-0.81153446,0.7849618,-0.2574797,326.35886,80.08384,-6.3782167,WAL
1870157312000,82.639924,-1.63741517659595,-3.87520966282039,1.06883305552462,-0.88331115,0.68844515,-0.23823744,326.7504,80.073235,-6.4434276,WAL
1870162265000,82.644877,-1.4507212155419,-3.96627984191706,1.04151198515408,-0.9437868,0.59559363,-0.21135938,327.0722,80.14311,-6.435315,WAL
1870167347000,82.649959,-1.2591648436306,-4.05972192755592,1.01347934238744,-1.0140363,0.4841107,-0.20066923,327.35684,80.222824,-6.428428,WAL
1870172250000,82.654862,-1.15268012519654,-4.18485733950472,1.00250795408805,-1.0815369,0.37323865,-0.1908954,327.66312,80.32782,-6.366252,WAL
1870177312000,82.659924,-1.19079162273978,-4.38017875819576,1.02156367798742,-1.1487321,0.24953845,-0.18417588,327.9294,80.438995,-6.3076997,WAL
1870182303000,82.664915,-1.26180754462948,-4.55622907634017,1.06921912043752,-1.1914927,0.13836098,-0.18234327,328.14404,80.63428,-6.1643944,WAL
1870187315000,82.669927,-1.40370428775128,-4.69812591824005,1.17800668441072,-1.251052,0.021991149,-0.1600467,328.3165,80.83453,-6.030275,WAL
1870192260000,82.674872,-1.51894515184591,-4.85439767461996,1.27764153446322,-1.3078625,-0.057421334,-0.13683382,328.46182,81.033875,-5.9081163,WAL
1870197302000,82.679914,-1.57365530304976,-5.0550016258427,1.35970678507223,-1.3588698,-0.109650314,-0.11026118,328.57776,81.23315,-5.794547,WAL
1870202273000,82.684885,-1.62147389307843,-5.321890326542,1.46286733879431,-1.4242324,-0.122478485,-0.06261369,328.69904,81.39983,-5.710875,WAL
1870207315000,82.689927,-1.63944257915155,-5.93731640561913,1.67849110260489,-1.5045611,-0.09010262,0.020158553,328.81378,81.562874,-5.648292,WAL
1870212573000,82.695185,-1.64917187259687,-6.59791938492828,1.94194511166774,-1.5717562,-0.059864793,0.10598512,328.97495,81.73303,-5.570186,WAL
1870217359000,82.699971,-1.55595225277243,-7.41236420402483,2.61901369745237,-1.6441438,-0.0290161,0.22907446,329.13892,81.89072,-5.5313597,WAL
1870222302000,82.704914,-1.43422462815195,-8.26802143019715,3.33183236584388,-1.67316,0.017715093,0.36346483,329.3308,82.02349,-5.513498,WAL
1870227327000,82.709939,-1.17197148093284,-9.21676100184324,4.13016190423145,-1.6233743,0.08002335,0.4822781,329.53003,82.12605,-5.530372,WAL
1870232283000,82.714895,-0.913319421705401,-10.1524731047443,4.91752930567399,-1.5140295,0.118507855,0.5674938,329.72385,82.155846,-5.6138725,WAL
1870237331000,82.719943,-0.345958622079036,-11.7680573649984,6.17015137350993,-1.2886202,0.119729586,0.61300325,329.9202,82.13321,-5.717776,WAL
1870242278000,82.72489,0.363839639409402,-13.6865695955922,7.62575206688742,-0.94959,0.09468412,0.60048056,330.11667,82.06016,-5.8264866,WAL
1870247299000,82.729911,1.24842780945043,-15.1169570101135,8.69610131304265,-0.7360926,0.0033597588,0.5476407,330.26007,81.931435,-5.9287767,WAL
1870252334000,82.734946,2.17315479974239,-16.4327383172407,9.67603567798874,-0.27885997,-0.15393804,0.35705075,330.37595,81.72811,-5.9794927,WAL
1870257316000,82.739928,3.09044512421429,-17.2678126454888,9.78977996257616,0.14508049,-0.23487769,0.11881329,330.43723,81.504,-5.904679,WAL
1870262311000,82.744923,4.0109938696451,-17.92931178387,9.58161583724978,0.47158796,-0.13530666,-0.12614368,330.50586,81.24248,-5.772268,WAL
1870267361000,82.749973,4.92393940620202,-18.3892798921212,9.03359078737374,0.7281514,0.15118915,-0.33200526,330.54855,80.9838,-5.4441338,WAL
1870272287000,82.754899,5.80549880432323,-18.7323742993939,8.32834307979798,0.91354895,0.54061574,-0.5204572,330.6613,80.66997,-5.0722027,WAL
1870277301000,82.759913,5.57366967990977,-17.8324239118797,7.72722707888722,1.0323622,0.8206975,-0.5534439,330.77667,80.419655,-4.5603943,WAL
1870282296000,82.764908,4.79198628111278,-16.3266034201504,7.18532386039098,1.0424415,0.9798279,-0.52015173,330.9839,80.11432,-4.05251,WAL
1870287276000,82.769888,3.72113210051562,-14.3952726994546,6.56912153396133,0.9560041,1.0824533,-0.4615087,331.22406,79.91024,-3.4464395,WAL
1870292277000,82.774889,2.50538959557759,-12.2487274623699,5.91376044333168,0.82924956,1.1530081,-0.3943135,331.50787,79.65903,-2.8913453,WAL
1870297280000,82.779892,1.3000032628266,-10.1319973171021,5.24026498610451,0.65087694,1.2021828,-0.33750305,331.84988,79.38716,-2.479647,WAL
1870302312000,82.784924,0.0933331290498812,-8.01913223206651,4.55346451769596,0.45723262,1.2379184,-0.28680122,332.2061,79.13251,-2.1037006,WAL
1870307315000,82.789927,-0.829786436786244,-6.62657964933294,4.0782432454788,0.22388211,1.2464706,-0.24923302,332.60596,78.900406,-1.9102137,WAL
1870312285000,82.794897,-1.59413750582469,-5.63409916089535,3.72076215717956,-0.027488936,1.1945469,-0.17379116,332.99197,78.72092,-1.7450151,WAL
1870317289000,82.799901,-2.3637175358988,-4.63482906750667,3.36083552421188,-0.26145032,1.0891727,-0.055588737,333.3897,78.58601,-1.7663525,WAL
1870322317000,82.804929,-3.13698859729222,-3.63076631179959,2.99918262441941,-0.5015204,0.9086621,0.08399397,333.74417,78.51866,-1.8090866,WAL
1870327331000,82.809943,-3.7561275831092,-3.33020965454545,2.81532881855836,-0.7440339,0.65668017,0.2519819,334.05347,78.49497,-2.0108004,WAL
1870332348000,82.81496,-4.27303807998924,-3.50251319848485,2.75071495022413,-0.9868528,0.34116822,0.4156938,334.2856,78.525635,-2.2376425,WAL
1870337324000,82.819936,-4.73360775852273,-3.91128570076979,2.68610555715726,-1.2626585,-0.05131268,0.54702985,334.4316,78.60279,-2.5827422,WAL
1870342316000,82.824928,-5.10600812215909,-4.73056604329179,2.62038778941532,-1.5296066,-0.2678644,0.602924,334.5335,78.722664,-2.945857,WAL
1870347289000,82.829901,-5.39577588991614,-5.68504350440252,2.54523799392034,-1.6600263,-0.745561,0.66828656,334.4669,78.838554,-3.3894172,WAL
1870352340000,82.834952,-5.30957760996855,-7.30252936415094,2.42354648522013,-1.8994855,-1.2730432,0.713796,334.32422,79.02338,-3.8297284,WAL
1870357299000,82.839911,-5.26595117391689,-8.95387455378721,2.03565723967227,-2.1019874,-1.8170186,0.74067414,334.08395,79.22131,-4.28731,WAL
1870362302000,82.844914,-5.33184936875921,-10.7896123337263,0.924800268492583,-2.2058344,-2.2757785,0.80481493,333.71878,79.40658,-4.742744,WAL
1870367356000,82.849968,-5.60954254439073,-12.8617459793784,-0.12161174511554,-2.2375994,-2.6261096,0.9101892,333.30487,79.68814,-5.1161914,WAL
1870372337000,82.854949,-6.52734283305377,-15.5680798110508,-0.921745211723729,-2.1536055,-2.769663,1.0009027,332.8261,79.91609,-5.4834857,WAL
1870377322000,82.859934,-6.94831117467626,-17.7918604561151,-1.46926129309353,-1.9425515,-2.6645942,1.0512991,332.30472,80.23087,-5.838139,WAL
1870382342000,82.864954,-5.52794895577938,-18.2345700426859,-1.08188977884892,-1.6126842,-2.3518312,1.0393872,331.81027,80.43973,-6.1929708,WAL
1870387311000,82.869923,-4.14387331547016,-18.5933857037037,-0.61480319920564,-1.1777482,-1.9306396,0.93523467,331.3679,80.5771,-6.619824,WAL
1870392314000,82.874926,-2.90216622182504,-18.4030864074074,0.436603902661106,-0.6927212,-1.5668694,0.7272351,331.00873,80.607285,-7.0052276,WAL
1870397289000,82.879901,-1.74032772342868,-18.0957854067959,1.39609033607218,-0.31642818,-1.4062119,0.4841107,330.68503,80.713196,-7.1394978,WAL
1870402326000,82.884938,-1.17543215255231,-16.7946738658092,1.64612603942215,-0.089491755,-1.3891076,0.25717425,330.43384,80.78471,-7.2229123,WAL
1870407541000,82.890153,-0.61810752071371,-15.4219449463598,1.86727489686577,-0.02321288,-1.3408492,0.07452556,330.29013,80.94173,-7.0607605,WAL
1870412295000,82.894907,-0.438718423559595,-13.8645210085072,1.61857641335184,-0.077579886,-1.2342533,-0.08002335,330.17355,81.116165,-6.8540564,WAL
1870417390000,82.900002,-0.24646191325244,-12.195384499597,1.35203901884123,-0.23090707,-1.1133019,-0.16065755,330.10574,81.34144,-6.562332,WAL
1870422348000,82.90496,-0.189104928604215,-10.5213756791569,0.985868388224825,-0.39767328,-1.058324,-0.20586158,330.04773,81.594315,-6.2503066,WAL
1870427275000,82.909887,-0.162584126854333,-8.84614490913349,0.596896590764403,-0.6044512,-1.1676689,-0.22785273,329.97296,81.88485,-5.9332695,WAL
1870432390000,82.915002,-0.318829764711847,-7.14470716591365,-0.173493049689759,-0.81489426,-1.3808609,-0.21533,329.88113,82.21109,-5.619012,WAL
1870437274000,82.919886,-0.558330675109438,-5.53864225928715,-1.08923188415964,-1.0430524,-1.4785993,-0.14172074,329.78268,82.56554,-5.324475,WAL
1870442315000,82.924927,-0.949240560844149,-4.18717011398989,-1.90564975984346,-1.1676689,-1.6300939,-0.082161374,329.552,82.918465,-5.0758233,WAL
1870447320000,82.929932,-1.40989608957693,-2.99991374744873,-2.65124688597047,-1.3860532,-1.7641789,0.08032878,329.29117,83.29394,-4.8783507,WAL
1870452307000,82.934919,-1.8011336754592,-2.10285560983639,-3.19484792705008,-1.6071864,-1.96271,0.24770586,328.85995,83.64738,-4.8064227,WAL
1870457318000,82.93993,-2.15757390638362,-1.35625775204256,-3.63317301811703,-1.8197676,-2.2678373,0.3866777,328.3589,83.99155,-4.769467,WAL
1870462297000,82.944909,-2.45310045700684,-0.899576841793117,-4.01873789814539,-2.0216584,-2.6175575,0.5216789,327.79144,84.2765,-4.8558173,WAL
1870467392000,82.950004,-2.72409654894377,-0.585027696424675,-4.38651847466032,-2.2094996,-2.9400945,0.6560693,327.1462,84.48849,-4.981549,WAL
1870472317000,82.954929,-2.93297511904382,-0.495960323565737,-4.8261726247012,-2.3716843,-3.227812,0.7852673,326.4928,84.59748,-5.1599255,WAL
1870477341000,82.959953,-3.11699635276494,-0.52279675014741,-5.32072958023904,-2.4895813,-3.3912184,0.8903361,325.78912,84.56929,-5.368921,WAL
1870482443000,82.965055,-3.27602490910011,-0.604932557242636,-5.81270964824375,-2.5305092,-3.386637,0.990518,325.11057,95.62422,-5.6241894,WAL
1870487374000,82.969986,-3.28080506911631,-0.977785337989675,-6.23336402915275,-2.4975226,-3.2366695,1.074512,324.43683,95.96227,-5.9009323,WAL
1870492307000,82.974919,-3.25940241181118,-1.39393106240848,-6.60863138499037,-2.3848178,-3.028059,1.1591167,323.79086,96.47867,-6.239329,WAL
1870497311000,82.979923,-3.09319782996146,-2.05413283824663,-6.73790172244701,-2.2107213,-2.8200593,1.2315043,323.19876,97.08373,-6.5908957,WAL
1870502297000,82.984909,-2.9248413850782,-2.73026216156394,-6.86560664932843,-1.9587394,-2.5405886,1.3206906,322.64468,97.805084,-7.0010176,WAL
1870507319000,82.989931,-2.7213126150322,-3.63729228064397,-6.98064449913523,-1.6792686,-2.207667,1.4062119,322.17804,98.54558,-7.419062,WAL
1870513107000,82.995719,-2.48650847311632,-4.70817167631403,-7.10830828495931,-1.3946054,-1.8585575,1.4697418,321.7257,99.34225,-7.8908167,WAL
1870517353000,82.999965,-2.31132030176161,-5.81769684286261,-7.1394530303303,-1.1432343,-1.5076154,1.5302174,321.38367,100.12563,-8.372228,WAL
1870522262000,83.004874,-2.10877702969842,-7.10047099325993,-7.17546093306845,-0.91446525,-1.0961977,1.6389514,321.12903,100.89802,-8.857448,WAL
1870527324000,83.009936,-1.83253146716609,-10.3522185215421,-6.49946550588343,-0.67164636,-0.7284568,1.7241671,320.9748,101.6302,-9.336617,WAL
1870532365000,83.014977,-1.5414424084049,-14.0481679040015,-5.65707125389183,-0.5503896,-0.3903429,1.7256943,320.94135,102.34307,-9.802147,WAL
1870537392000,83.020004,-1.04489260214821,-15.9357988001665,-5.15634091981682,-0.57451874,-0.21930063,1.6835446,320.94354,102.999115,-10.216982,WAL
1870542313000,83.024925,-0.444517728058285,-16.7873108573689,-4.85419139689425,-0.65118235,0.18478674,1.6713274,321.11832,103.64125,-10.609089,WAL
1870547274000,83.029886,0.216352598661148,-17.4402928135541,-4.49165400791516,-0.691194,0.6105598,1.6609426,321.30276,103.9935,-10.80453,WAL
1870552356000,83.034968,1.09758726775168,-17.3546870099327,-3.9075213561821,-0.8194757,0.97097033,1.6099354,321.5827,104.356865,-10.968229,WAL
1870557252000,83.039864,1.85577033473139,-17.0438818411876,-3.28098144104618,-1.0183123,1.2287555,1.4746287,321.91672,104.54834,-10.9412365,WAL
1870562301000,83.044913,2.40265027140434,-16.1324155180019,-2.46977631347785,-1.2492194,1.4804319,1.239751,322.3417,104.74261,-10.864851,WAL
1870567352000,83.049964,2.87234591242352,-15.1861095972208,-1.53060971612569,-1.509448,1.6328428,0.93462384,322.77774,104.7692,-10.579976,WAL
1870572317000,83.054929,2.97589512449445,-14.0963767951882,-0.0168177726952192,-1.7608191,1.5173893,0.6246097,323.1874,104.81159,-10.250148,WAL
1870577351000,83.059963,3.05391533428363,-13.0423407897478,1.33511397636148,-2.019826,1.0503827,0.321926,323.45294,104.856125,-9.882128,WAL
1870582369000,83.064981,3.04952421747076,-12.1465521345943,2.12551559874817,-2.221106,0.29657507,0.03726278,323.58337,104.90894,-9.470687,WAL
1870587482000,83.070094,3.01944373006834,-11.2554057978608,2.84763325911657,-2.313652,-0.6084218,-0.20189096,323.50375,104.94498,-9.110295,WAL
1870592309000,83.074921,2.72643163553531,-10.6373332354165,2.66907891018124,-2.255009,-1.4724907,-0.39858958,323.21332,104.96519,-8.732105,WAL
1870597464000,83.080076,2.38464885621994,-10.0050758410338,2.44958770874164,-2.079996,-2.1584923,-0.56505036,322.70837,104.940544,-8.3925495,WAL
1870602329000,83.084941,1.64075237222632,-9.81445241173536,1.82192512895919,-1.8032742,-2.5592198,-0.73945236,322.03558,104.854164,-8.034443,WAL
1870607537000,83.090149,0.845061565751634,-9.61783700887022,1.1432481265733,-1.498147,-2.7220156,-0.91324353,321.24615,104.76313,-7.712823,WAL
1870612291000,83.094903,0.126643672993464,-9.528566121662,0.441834195421102,-1.2000448,-2.681393,-1.0451905,320.40067,104.59352,-7.366799,WAL
1870617313000,83.099925,-0.632274008418301,-9.43426271493931,-0.299120950192344,-0.95630956,-2.4578164,-1.1120802,319.5785,104.46064,-7.083411,WAL
1870622319000,83.104931,-1.27151421205774,-9.09082393121993,-0.767944455205208,-0.7449502,-2.1621575,-1.0968086,318.7937,104.26231,-6.779017,WAL
1870627321000,83.109933,-1.89521830665157,-8.71569752778564,-1.201825618247,-0.5708536,-1.8576412,-1.0152581,318.08313,104.02082,-6.4604626,WAL
1870632334000,83.114946,-2.38933838068532,-8.12608212267745,-1.46344150043631,-0.46303585,-1.6032158,-0.84635377,317.4671,103.86539,-6.239317,WAL
1870637287000,83.119899,-2.83859023901245,-7.47996709403001,-1.67040015713526,-0.40561453,-1.5112807,-0.7464773,316.9023,103.69022,-6.0146008,WAL
1870642303000,83.124915,-3.02188624112956,-6.96663972760827,-1.78941521593249,-0.39584067,-1.3833044,-0.51343226,316.45337,103.6593,-5.9668336,WAL
1870647301000,83.129913,-3.16837060826301,-6.47391952462209,-1.89594932640267,-0.4297437,-1.3038919,-0.24312437,316.03265,103.64503,-5.9542303,WAL
1870652299000,83.134911,-3.22177234934409,-6.26197890694782,-2.189009028316,-0.50732356,-1.1823297,0.03940081,315.68045,103.75782,-6.088243,WAL
1870657315000,83.139927,-3.24044385003401,-6.15461735149159,-2.55310448593917,-0.6053675,-0.98440933,0.28099802,315.3913,103.91276,-6.2740173,WAL
1870662324000,83.144936,-3.19032139876209,-6.29759689814313,-2.89679330061896,-0.7125743,-0.7516697,0.44837508,315.16336,104.16514,-6.5445256,WAL
1870667377000,83.149989,-3.10608075396518,-6.56435933094778,-3.23375617301741,-0.80664754,-0.5207626,0.5525276,315.00534,104.46044,-6.848509,WAL
1870672290000,83.154902,-2.80216815166747,-6.80422649839536,-3.31705325437409,-0.88331115,-0.3640757,0.63255095,314.90015,104.85422,-7.188677,WAL
1870677363000,83.159975,-2.34193156674722,-7.03904107953601,-3.24191253740938,-0.9083566,-0.29352075,0.713796,314.84448,105.26907,-7.5443263,WAL
1870682328000,83.16494,-1.82830548526405,-7.40771715917802,-3.09024037934412,-0.89827734,-0.29993483,0.7635816,314.81165,105.72673,-7.8865848,WAL
1870687330000,83.169942,-1.25705791235094,-7.89735767727853,-2.87092206528961,-0.8854492,-0.34697145,0.7761043,314.79144,106.18935,-8.2333145,WAL
1870692315000,83.174927,-0.760705040843815,-8.30677414212142,-2.68422607482421,-0.8738427,-0.4034765,0.7495316,314.75092,106.59236,-8.504674,WAL
1870697318000,83.17993,-0.300416009359216,-8.67690348479747,-2.51339718555016,-0.8933904,-0.46395215,0.7107417,314.6969,106.99152,-8.773258,WAL
1870702349000,83.184961,-0.000796975318940144,-8.97423098959764,-2.36381999873405,-0.9315695,-0.52473325,0.6423248,314.60086,107.28735,-8.932485,WAL
1870707363000,83.189975,0.20654324185476,-9.22869419587831,-2.22716399459274,-0.9810496,-0.6001751,0.5561928,314.48,107.574104,-9.075782,WAL
1870712297000,83.194909,0.262596425592845,-9.37722568641215,-2.10804779011443,-1.0509937,-0.69058317,0.45662177,314.31683,107.781845,-9.11706,WAL
1870717347000,83.199959,0.220739914101356,-9.46093894249447,-1.99643040671218,-1.1252137,-0.77304995,0.34788775,314.12802,107.98413,-9.134671,WAL
1870722313000,83.204925,0.106471208088825,-9.41066683345327,-1.87247102701758,-1.2000448,-0.8518516,0.24709499,313.89536,108.17268,-9.122936,WAL
1870727338000,83.20995,-0.0765829500534594,-9.23750710023645,-1.73394355040609,-1.2696834,-0.9462303,0.18417588,313.63126,108.365326,-9.098527,WAL
1870732307000,83.214919,-0.352696320536398,-9.04101077424109,-1.59238050135573,-1.3271047,-0.9877691,0.14202617,313.35602,108.55553,-9.069604,WAL
1870737298000,83.21991,-0.700180385453384,-8.82500721760487,-1.44681280609097,-1.3793337,-1.0650436,0.13041973,313.04413,108.75489,-9.041801,WAL
1870742315000,83.224927,-1.07592577931102,-8.61620543134576,-1.31863286761979,-1.4068227,-1.133155,0.13133603,312.72836,108.95588,-9.038929,WAL
1870747299000,83.229911,-1.47185810510393,-8.41591011056895,-1.20684024468625,-1.4514158,-1.1624765,0.17256944,312.40717,109.17514,-9.046042,WAL
1870752319000,83.234931,-1.86878965382899,-8.25552780393549,-1.1468359564256,-1.4975362,-1.1429288,0.22968534,312.0818,109.41981,-9.130528,WAL
1870757316000,83.239928,-2.26196130775941,-8.1390326755249,-1.14198198851811,-1.5121969,-1.0781772,0.30634892,311.7701,109.67082,-9.2266445,WAL
1870762346000,83.244958,-2.67716264807674,-8.06422692001112,-1.09314512773658,-1.5167783,-0.98868537,0.3998113,311.4754,109.951,-9.407865,WAL
1870767333000,83.249945,-3.1065514371026,-8.02881316479748,-1.00461136371304,-1.4914275,-0.9059132,0.49174652,311.20844,110.23041,-9.597886,WAL
1870772246000,83.254858,-3.41618015029274,-8.08219478044497,-0.883436110685012,-1.4511104,-0.82986045,0.59620446,310.9728,110.54354,-9.872169,WAL
1870777342000,83.259954,-3.52094934537471,-8.30602046896956,-0.692946631176815,-1.3994923,-0.79534656,0.6930266,310.7615,110.85071,-10.156096,WAL
1870782313000,83.264925,-3.57669165330444,-8.5688249630651,-0.47152167052418,-1.3417655,-0.7703011,0.7800749,310.59943,111.178696,-10.5274515,WAL
1870787316000,83.269928,-3.52950084225352,-8.93219315364917,-0.169500897659411,-1.2800682,-0.7620544,0.86559606,310.45493,111.49915,-10.91202,WAL
1870792282000,83.274894,-3.45184760953881,-9.33103543082211,0.106549174563735,-1.2244794,-0.75808376,0.9407325,310.30914,111.79396,-11.336367,WAL
1870797304000,83.279916,-3.29111862661129,-9.83618399169292,0.322385325446577,-1.1447614,-0.7858781,0.9822713,310.1672,112.06979,-11.763084,WAL
1870802293000,83.284905,-3.12307104045165,-10.3282161655735,0.510959255645615,-1.0687088,-0.86193085,1.0088439,310.02737,112.29388,-12.195955,WAL
1870807312000,83.289924,-2.91588994668291,-10.7786098067841,0.583022233536357,-0.9828822,-0.9502009,1.029308,309.88284,112.50024,-12.629624,WAL
1870812428000,83.29504,-2.69254314080784,-11.2265304744751,0.630303551548545,-0.8781188,-1.0577132,1.0329732,309.70374,112.652176,-13.057324,WAL
1870817338000,83.29995,-2.32670978388575,-11.5171927413407,0.349664204836406,-0.7318166,-1.169807,1.0216721,309.4996,112.77694,-13.483213,WAL
1870822329000,83.304941,-1.93624792840774,-11.7904228498617,0.0221011971355196,-0.5742133,-1.235475,0.9868528,309.26465,112.840904,-13.868531,WAL
1870827317000,83.309929,-1.4596892647175,-11.9602848443303,-0.501641527443698,-0.39920044,-1.2379184,0.94806284,309.014,112.86963,-14.242792,WAL
1870832339000,83.314951,-0.961141758106198,-12.1244377809408,-1.03147794746618,-0.20555615,-1.2229522,0.9016371,308.7341,112.84916,-14.542357,WAL
1870837318000,83.31993,-0.364262846951343,-12.2495903189986,-1.57059435173127,-0.03176499,-1.135904,0.8765916,308.47253,112.79691,-14.821941,WAL
1870842305000,83.324917,0.245241181564792,-12.3152117550122,-2.07356830337408,0.045814894,-0.9795224,0.8231409,308.2151,112.723946,-14.98866,WAL
1870847305000,83.329917,0.914915166894866,-12.0810596767726,-2.39201470924205,0.18875736,-0.77549344,0.7699956,307.99518,112.60002,-15.131568,WAL
1870852290000,83.334902,1.56960785916675,-11.8368523918473,-2.67644528503347,0.269697,-0.57604593,0.70280045,307.80035,112.46508,-15.149466,WAL
1870857314000,83.339926,2.13203409315616,-11.509972148866,-2.7149017487761,0.2941316,-0.38515055,0.636827,307.65814,112.30579,-15.136103,WAL
1870862288000,83.3449,2.64338866302203,-11.2201483243297,-2.71704112741952,0.25625798,-0.21227567,0.5213735,307.5463,112.11192,-14.987445,WAL
1870867365000,83.349977,2.81300398161068,-11.1862255844712,-2.44081047873019,0.15210545,-0.090713486,0.37782016,307.46725,111.91211,-14.804183,WAL
1870872358000,83.35497,2.92733588383702,-11.1837510495317,-2.14399714025297,-0.007330383,-0.014966198,0.2012801,307.4039,111.68311,-14.507768,WAL
1870877328000,83.35994,2.66998173070387,-11.3997447446172,-1.67064934002124,-0.18325958,0.019547688,0.004276057,307.35074,111.45339,-14.164227,WAL
1870882408000,83.36502,2.38444237707199,-11.6181296777072,-1.1810468430974,-0.31520647,0.0027488936,-0.17745635,307.28143,111.186035,-13.764033,WAL
1870887322000,83.369934,1.77234367652753,-11.7936927076528,-0.621142551772535,-0.38698313,-0.061391957,-0.29779682,307.1992,110.926506,-13.333668,WAL
1870892387000,83.374999,1.14516694932197,-11.9742775439937,-0.0782058957828728,-0.3921755,-0.14874569,-0.34788775,307.08905,110.63155,-12.926825,WAL
1870897299000,83.379911,0.582847154374682,-12.1448174577699,0.0278052097158534,-0.3381139,-0.204029,-0.33933565,306.96786,110.33683,-12.512428,WAL
1870902545000,83.385157,0.00863421179793318,-12.3430006555634,0.109942553669108,-0.22724187,-0.20433442,-0.31856623,306.83197,110.01339,-12.194704,WAL
1870907344000,83.389956,-0.148144083753988,-12.7487792892545,-0.249725302361794,-0.064751714,-0.13652839,-0.29626966,306.70413,109.67433,-11.883902,WAL
1870912610000,83.395222,-0.298719163582226,-13.1942772130096,-0.640553700943656,0.11789699,0.007330383,-0.28893927,306.60168,109.344055,-11.663327,WAL
1870917389000,83.400001,-0.210664308771415,-13.6010066724691,-0.95503535153825,0.32742378,0.21227567,-0.29352075,306.54,108.97922,-11.439804,WAL
1870922256000,83.404868,-0.120988021187357,-14.0152256051306,-1.27530783394961,0.52320606,0.4361578,-0.31398472,306.5287,108.62293,-11.220747,WAL
1870927369000,83.409981,0.0408991244367134,-14.3214727631229,-1.40220895129438,0.70921457,0.6441574,-0.34147367,306.5729,108.22787,-10.990126,WAL
1870932311000,83.414923,0.21039674871585,-14.5926693746035,-1.48453630985368,0.89949906,0.7324274,-0.37751472,306.64722,107.79167,-10.750229,WAL
1870937338000,83.41995,0.289658888458538,-14.957041963389,-1.32308032835851,0.9941832,0.84391034,-0.3924809,306.78653,107.35761,-10.472543,WAL
1870942250000,83.424862,0.355536439083725,-15.3240740522157,-1.13485879725918,1.1753048,0.8790351,-0.4578435,306.9254,106.85742,-10.179226,WAL
1870947354000,83.429966,0.389639937469518,-15.7222990597641,-0.960868829682191,1.3219124,0.8677341,-0.54000485,307.07663,106.333565,-9.85191,WAL
1870952256000,83.434868,0.417790350989406,-16.1070213060164,-0.796658100479712,1.4526376,0.8167268,-0.63194007,307.22394,105.772484,-9.514426,WAL
1870957346000,83.439958,0.400664236110842,-16.3715113049123,-0.630714544123631,1.591304,0.7302894,-0.73884153,307.34827,105.13025,-9.146322,WAL
1870962265000,83.444877,0.377842649756806,-16.6088553187676,-0.470963430113361,1.7308867,0.6365216,-0.88208944,307.45227,104.45217,-8.75727,WAL
1870967336000,83.449948,0.317440928495146,-16.2857081207524,-0.264361700816748,1.894904,0.52534413,-1.024421,307.5215,103.70162,-8.345649,WAL
1870972262000,83.454874,0.250647357572816,-15.8467795012136,-0.0544390321237864,2.1041253,0.41080686,-1.1297953,307.56335,102.91037,-7.9216633,WAL
1870977362000,83.459974,0.126179831720047,-15.3119510166074,0.00915647138078292,2.3521366,0.30543262,-1.2198979,307.5745,102.04809,-7.478955,WAL
1870982287000,83.464899,-0.00436996118228547,-14.7804268667457,0.0417939176589561,2.6511552,0.25534168,-1.3075571,307.5722,101.132706,-7.022349,WAL
1870987326000,83.469938,-0.32895965444133,-14.35731329996,-0.0587763586527833,2.9733865,0.24465153,-1.3848315,307.55417,100.15898,-6.5723343,WAL
1870992276000,83.474888,-0.689671962811374,-13.9681235147177,-0.186924158102123,3.264464,0.25534168,-1.4676038,307.53485,99.13835,-6.108109,WAL
1870997300000,83.479912,-1.21439103489887,-13.6670348730636,-0.455120845595461,3.5191946,0.26267207,-1.5586227,307.5219,98.09595,-5.6582127,WAL
1871002329000,83.484941,-1.77512984425259,-13.3866655180069,-0.75449833701036,3.6942077,0.30604348,-1.6209309,307.53302,97.04165,-5.202066,WAL
1871007347000,83.489959,-2.29124160471698,-13.2439424365173,-1.40392818965016,3.749491,0.45020768,-1.6716328,307.58817,96.066444,-4.7976823,WAL
1871012343000,83.494955,-2.79433644811321,-13.1358003441431,-2.13741214926494,3.7006216,0.7348709,-1.6771306,307.70923,95.152245,-4.3973327,WAL
1871017357000,83.499969,-3.34359408727273,-13.1031957418182,-2.75516014836364,3.506061,1.0754282,-1.6450601,307.90903,94.47267,-4.109702,WAL
1871022327000,83.504939,-3.90129309888889,-13.0935805488889,-3.33209024866667,3.2433891,1.2678508,-1.599856,308.15936,93.94022,-3.8359778,WAL
1871027367000,83.509979,-4.42914845237452,-13.2419417477697,-3.69657395142831,3.0020971,1.3542882,-1.566564,308.4875,93.71634,-3.7081275,WAL
1871032364000,83.514976,-4.94233058082365,-13.4316899553933,-3.99844566189961,2.7876835,1.3610078,-1.566564,308.85226,86.39388,-3.5914931,WAL
1871037428000,83.52004,-5.52532282846983,-13.6125233407593,-4.15984290309591,2.6917777,1.3289373,-1.5705346,309.2332,86.283035,-3.6461918,WAL
1871042380000,83.524992,-6.14038598588014,-13.7811694731723,-4.21440528318167,2.5399778,1.1881329,-1.599856,309.58353,86.16501,-3.6912756,WAL
1871047307000,83.529919,-6.94379472990354,-13.88343834791,-4.06312841633441,2.4333818,0.9468411,-1.6985108,309.91568,86.05696,-3.7023787,WAL
1871052378000,83.53499,-7.87291280707395,-13.9537075699357,-3.79766596881029,2.3096814,0.6273586,-1.924531,310.1847,85.98996,-3.6656435,WAL
1871057409000,83.540021,-8.52054139529412,-13.8601177882353,-3.63175053882353,2.0357084,0.30726522,-2.2137756,310.4085,85.93989,-3.6116214,WAL
1871062364000,83.544976,-7.92899531216206,-13.0356505704714,-3.90534058393455,1.7266107,0.11209377,-2.375655,310.57693,85.9261,-3.5266266,WAL
1871067422000,83.550034,-7.32515271105571,-12.1940450835995,-4.1846177682275,1.4480561,0.10170906,-2.3640485,310.75974,85.82159,-3.5236857,WAL
1871072328000,83.55494,-6.59034327772118,-11.3483313764425,-4.53153713820563,1.2788464,0.28344148,-2.2018638,310.9391,85.748405,-3.5141597,WAL
1871077321000,83.559933,-5.74525661580206,-10.4684468421873,-4.93419593361056,1.1701124,0.6252206,-1.996613,311.15652,85.69829,-3.5183258,WAL
1871082413000,83.565025,-4.81525187843782,-9.76855315950668,-4.91305917422405,1.112691,1.0415252,-1.8347337,311.40897,85.76377,-3.4380906,WAL
1871087414000,83.570026,-3.87017759819116,-9.17295975837616,-4.69155738015416,1.1539245,1.459968,-1.7373008,311.7533,85.797165,-3.403618,WAL
1871092316000,83.574928,-2.88956665523343,-8.79204295261422,-4.12791472614216,1.3041973,1.6997325,-1.6038266,312.11502,85.91073,-3.3020833,WAL
1871097348000,83.57996,-1.86341699845046,-8.4740812203339,-3.424544603339,1.4926492,1.8118263,-1.4437801,312.55212,85.97971,-3.243057,WAL
1871102363000,83.584975,-1.04579715578628,-8.3439534176249,-3.01728745588818,1.6972891,1.820073,-1.3087788,312.9911,86.079735,-3.0995283,WAL
1871107350000,83.589962,-0.307247649825535,-8.28240737153053,-2.71902718643933,1.8726074,1.9031507,-1.1826351,313.47647,86.11203,-3.0070632,WAL
1871112331000,83.594943,-0.0632131528450057,-8.55452278760046,-2.23645200939533,2.0204368,2.1209242,-1.0946705,313.9679,86.11482,-2.8460753,WAL
1871117440000,83.600052,-0.0164011514121699,-8.97114971297359,-1.66534548476847,2.2293527,2.2617285,-1.0824533,314.45572,86.04122,-2.7076886,WAL
1871122352000,83.604964,-0.0121293268452333,-9.19292855598377,-0.834526405314402,2.4196372,2.2580633,-1.056186,314.9209,85.93739,-2.5248454,WAL
1871127385000,83.609997,-0.0316831071181542,-9.31514010699797,0.1822701668357,2.499966,2.0610592,-1.0118983,315.36447,85.77872,-2.35944,WAL
1871132359000,83.614971,0.128451443547035,-9.39115100361809,0.76585004157789,2.4269676,1.9886718,-0.97249746,315.87592,85.50503,-2.1772778,WAL
1871137358000,83.61997,0.38346110829608,-9.44407709969849,1.13152427903518,2.3545802,1.9294178,-0.93126404,316.3308,85.17722,-2.0169206,WAL
1871142350000,83.624962,0.512162438240696,-9.44043575205413,1.15037862609957,2.2018638,1.8545868,-0.8371908,316.82352,84.694336,-1.8771366,WAL
1871147340000,83.629952,0.576834825558241,-9.40809987675205,0.9933171340261,2.0332649,1.7186694,-0.784351,317.27975,84.22042,-1.7458359,WAL
1871152338000,83.63495,0.456589397441373,-9.17754583270133,0.404038793493663,1.8866574,1.6991217,-0.7556403,317.75906,83.71838,-1.5867838,WAL
1871157357000,83.639969,0.207170009631773,-8.8082130939028,-0.488115151716395,1.7889189,1.8054122,-0.6780604,318.23044,83.23634,-1.46666,WAL
1871162346000,83.644958,-0.172674809527229,-8.50016974476361,-1.35782616325554,1.7559321,1.9566014,-0.5882632,318.69223,82.79675,-1.347483,WAL
1871167457000,83.650069,-0.65599407251147,-8.22677686958907,-2.23658849203072,1.765706,2.122146,-0.52320606,319.18347,82.37084,-1.2565703,WAL
1871172353000,83.654965,-1.04265049833594,-7.9869584268794,-2.80617320922083,1.7647897,2.250122,-0.47342056,319.6361,82.078285,-1.2547513,WAL
1871177394000,83.660006,-1.38761901703211,-7.75540451311668,-3.20312324091621,1.7434094,2.323426,-0.43127087,320.1132,81.79107,-1.2794625,WAL
1871182446000,83.665058,-1.65541940413682,-7.60320311018061,-3.50768458804359,1.720502,2.3463335,-0.41538838,320.648,81.60493,-1.3018708,WAL
1871187465000,83.670077,-1.8591093738876,-7.51590714842095,-3.73562340230047,1.7229455,2.3344216,-0.40378192,321.18814,81.41945,-1.340738,WAL
1871192314000,83.674926,-1.99623946587607,-7.45341219428797,-3.80986370097836,1.7153096,2.2693644,-0.41508293,321.73605,81.28034,-1.4046903,WAL
1871197321000,83.679933,-2.09101382632671,-7.40602506354383,-3.77195389742069,1.711339,2.1789563,-0.42546764,322.26996,81.14211,-1.4738802,WAL
1871202356000,83.684968,-2.18649406584689,-7.30233218841729,-3.72613186378421,1.6792686,2.1013765,-0.44012842,322.79916,81.036545,-1.5540072,WAL
1871207347000,83.689959,-2.2812933692979,-7.15065310491868,-3.67399224688616,1.6368134,2.0274618,-0.46731192,323.30255,80.938774,-1.6267272,WAL
1871212304000,83.694916,-2.3536880679477,-6.92052709324485,-3.54266725410063,1.593442,1.9706513,-0.49296826,323.8025,80.83357,-1.7031913,WAL
1871217352000,83.699964,-2.4063605679477,-6.60928094324485,-3.33197750410063,1.527774,1.9107865,-0.51007247,324.27948,80.74998,-1.7736955,WAL
1871222319000,83.704931,-2.43018122213333,-6.26389188373333,-2.96900308464198,1.4486669,1.8240436,-0.52290064,324.74792,80.66111,-1.8490809,WAL
1871227336000,83.709948,-2.42543580906667,-5.87477202586667,-2.44226738750617,1.3319917,1.7751744,-0.52870387,325.20883,80.603905,-1.923201,WAL
1871232345000,83.714957,-2.39851595928761,-5.4963374859582,-1.88468292876067,1.20371,1.6698002,-0.52778757,325.65137,80.5212,-2.0042632,WAL
1871237322000,83.719934,-2.34706840114807,-5.13152778130704,-1.29537521480718,1.128879,1.5488489,-0.5296202,326.07446,80.45856,-2.082652,WAL
1871242308000,83.72492,-2.30216450626356,-4.78753076827658,-0.707063043495897,0.9669997,1.4483615,-0.5122105,326.505,80.34462,-2.1819072,WAL
1871247295000,83.729907,-2.26612304658051,-4.4721674432978,-0.121388135817376,0.79381937,1.3359623,-0.48502702,326.8964,80.25601,-2.2804823,WAL
1871252295000,83.734907,-2.25938548430484,-4.18152050224518,0.420796025023717,0.6441574,1.241889,-0.4578435,327.29034,80.084465,-2.4007611,WAL
1871257360000,83.739972,-2.32074090930747,-3.94632490216085,0.865622402487615,0.46517387,1.1563679,-0.43310347,327.65265,79.96851,-2.526087,WAL
1871262291000,83.744903,-2.39588457141317,-3.77348345423363,1.18904071056448,0.29901853,1.0937542,-0.39736784,328.02216,79.747375,-2.6733477,WAL
1871267394000,83.750006,-2.49646063061545,-3.67769658353587,1.36145699780478,0.13530666,1.0626001,-0.36102137,328.37424,79.573395,-2.8280585,WAL
1871272258000,83.75487,-2.56713617192603,-3.64197881278772,1.46018698166437,-0.007941248,1.0564915,-0.32986724,328.72366,79.3107,-3.0196648,WAL
1871277352000,83.759964,-2.59592884692111,-3.70436272480818,1.44579069427503,-0.13713925,1.047023,-0.29749137,329.061,79.08619,-3.2221951,WAL
1871282263000,83.764875,-2.59756376487603,-3.74760494600551,1.39963843188705,-0.26145032,1.0458013,-0.26847526,329.40662,78.818924,-3.451959,WAL
1871287343000,83.769955,-2.54491199391972,-3.75717797709563,1.28476200882527,-0.37293324,1.0454959,-0.23823744,329.74823,78.58062,-3.691649,WAL
1871292274000,83.774886,-2.47763383045977,-3.73219551675936,1.12664193534854,-0.47342056,1.0158689,-0.21135938,330.08875,78.36979,-3.9310637,WAL
1871297330000,83.779942,-2.36991342586207,-3.62447506529477,0.852852472508343,-0.56016344,0.9954049,-0.1863139,330.42975,78.18106,-4.1787686,WAL
1871302211000,83.784823,-2.25729852440835,-3.53662798864656,0.616300465395205,-0.6453791,0.97005403,-0.15302174,330.7631,78.05158,-4.4098344,WAL
1871307260000,83.789872,-2.08028979990719,-3.55906574985306,0.566438855682908,-0.72204274,0.9120218,-0.1328632,331.0798,77.93811,-4.640594,WAL
1871312223000,83.794835,-1.90629607843774,-3.58112132697087,0.517426542551173,-0.7840455,0.86132,-0.10415252,331.37906,77.922554,-4.8521743,WAL
1871317244000,83.799856,-1.73026898283063,-3.60343465614849,0.46784144800464,-0.86376345,0.8042041,-0.0842994,331.65826,77.9242,-5.062328,WAL
1871322224000,83.804836,-1.52247093732786,-3.62236196103135,0.434449745194843,-0.9288206,0.7770206,-0.067500606,331.939,77.927864,-5.266747,WAL
1871327228000,83.80984,-1.21356632976853,-3.63172270079109,0.448490869496045,-0.9941832,0.7086037,-0.053145275,332.18988,77.94334,-5.469277,WAL
1871332256000,83.814868,-0.973309687762557,-3.64120399592085,0.487930290797565,-1.0274754,0.61453044,-0.029626964,332.39966,78.03244,-5.5923595,WAL
1871337237000,83.819849,-1.00235202614916,-3.65088477538305,0.623461289191273,-1.0876455,0.5357288,-0.01038471,332.59256,78.13709,-5.714474,WAL
1871342229000,83.824841,-1.0469386639084,-3.68662065740352,0.769247970522763,-1.1508701,0.45142943,0.025961773,332.72626,78.27272,-5.7681313,WAL
1871347251000,83.829863,-1.14347038324058,-3.80947918428975,0.949147959593103,-1.2275337,0.3744604,0.06078109,332.83752,78.41865,-5.8225255,WAL
1871352306000,83.834918,-1.24031373257107,-3.94097409627836,1.13123207332078,-1.3011429,0.3100141,0.10629055,332.9351,78.5259,-5.886217,WAL
1871357314000,83.839926,-1.33063508520312,-4.20763713952112,1.32907888210923,-1.3833044,0.26297748,0.15760323,333.01276,78.64295,-5.9573717,WAL
1871362312000,83.844924,-1.42077608369653,-4.473767708636,1.52653062937853,-1.4624114,0.2443461,0.2098322,333.0924,78.701805,-6.0529904,WAL
1871367337000,83.849949,-1.48858765713135,-5.10900642546334,1.97755267340854,-1.5671748,0.23548855,0.2706133,333.15814,78.77324,-6.1617203,WAL
1871372306000,83.854918,-1.55089960782635,-5.81361077561442,2.47604817886785,-1.6698002,0.2321288,0.35277468,333.2163,78.84629,-6.2882276,WAL
1871377309000,83.859921,-1.55306856153542,-6.78277428709933,3.15730666181243,-1.7351627,0.2489276,0.4129449,333.2902,78.86519,-6.4304004,WAL
1871382339000,83.864951,-1.54353728878116,-7.80739210457064,3.87692195969529,-1.7296649,0.28893927,0.48808134,333.3651,78.87167,-6.597156,WAL
1871387405000,83.870017,-1.21959228691277,-9.32573190057744,4.9823213190761,-1.6658295,0.31978795,0.5739079,333.4524,78.75988,-6.75669,WAL
1871392246000,83.874858,-0.846712974041039,-10.8746149421633,6.11530081253867,-1.5262468,0.35369098,0.63071835,333.5499,78.62727,-6.927316,WAL
1871397307000,83.879919,0.0135056383588133,-12.9662360504202,7.6725834432925,-1.2822062,0.3830125,0.68936145,333.66693,78.41302,-7.1290817,WAL
1871402263000,83.884875,0.926526216076744,-15.0854049915966,9.25355065463197,-0.88453287,0.39003745,0.60994893,333.78796,78.15837,-7.3021035,WAL
1871407316000,83.889928,1.86671728152111,-16.2395130818907,10.1350669710173,-0.3979787,0.2779437,0.39095375,333.86993,77.84614,-7.3656077,WAL
1871412276000,83.894888,2.79068076566816,-17.2558731363548,10.9158159303637,0.09132435,0.08552113,0.15363261,333.92926,77.47673,-7.393531,WAL
1871417337000,83.899949,3.95167742225198,-17.865314681746,10.536259075496,0.4569272,0.07788532,-0.17165314,333.95715,77.12634,-7.1389003,WAL
1871422256000,83.904868,5.12003835105159,-18.3793931253968,9.95207853789683,0.66248333,0.12339478,-0.5479461,333.96344,76.74174,-6.811563,WAL
1871427310000,83.909922,5.59459489140271,-18.684208011938,9.35878326282853,0.81245077,0.3463606,-0.675617,333.96176,76.353806,-6.314584,WAL
1871432319000,83.914931,5.90863879276018,-18.9382145128526,8.77226008135169,0.8686504,0.58246,-0.820392,334.0162,75.95937,-5.7499704,WAL
1871437314000,83.919926,5.04360330672051,-17.6286485319457,8.13158864330537,0.95203346,0.74128497,-0.80756384,334.05106,75.684525,-5.0403395,WAL
1871442267000,83.924879,3.80581234524179,-15.8259924623589,7.47830994638086,0.95569867,0.8332202,-0.7370089,334.15698,75.376495,-4.367568,WAL
1871447306000,83.929918,2.43642026468085,-13.5253979456705,6.75989679679367,0.8888089,0.8775079,-0.6646214,334.2935,75.137505,-3.6977057,WAL
1871452297000,83.934909,1.05522579148936,-11.1414182721425,6.03618865868382,0.7492262,0.9468411,-0.5885687,334.46692,74.87795,-3.098743,WAL
1871457318000,83.93993,-0.112076688493724,-8.83364255439331,5.24302118828452,0.573297,0.96974856,-0.5696318,334.69308,74.578255,-2.70057,WAL
1871462288000,83.9449,-1.21214063758717,-6.57187318898187,4.44168171827057,0.3680463,1.0198395,-0.5534439,334.94043,74.31665,-2.34601,WAL
1871467383000,83.949995,-1.93055859407343,-4.89460366030645,3.67499656149176,0.13988814,1.0705414,-0.5170974,335.2262,74.05769,-2.2148385,WAL
1871472312000,83.954924,-2.5219173759179,-3.43440225383059,2.94717021864701,-0.07147124,1.1239921,-0.44318274,335.5206,73.85218,-2.107666,WAL
1871477311000,83.959923,-3.02929013803782,-2.63206600109975,2.43723262160911,-0.28130344,1.1249083,-0.33658674,335.8341,73.691986,-2.1861372,WAL
1871482366000,83.964978,-3.50564527854524,-2.09032887810149,2.01224912585375,-0.45845437,1.0528263,-0.19456059,336.1322,73.57764,-2.2957416,WAL
1871487318000,83.96993,-4.03780473957672,-2.02362491216931,1.82492384444444,-0.6273586,0.8732319,-0.003970624,336.4062,73.53148,-2.5336955,WAL
1871492312000,83.974924,-4.60969928182011,-2.20582135767196,1.75913066888889,-0.80939645,0.5571091,0.18387043,336.61102,73.52667,-2.7954338,WAL
1871497303000,83.979915,-5.01009534139025,-2.95774727637727,1.64591245935968,-1.0250319,0.19547687,0.3744604,336.75287,73.57826,-3.165912,WAL
1871502326000,83.984938,-5.35696790046149,-3.90124101567157,1.51641332814152,-1.2867876,-0.18173242,0.5311473,336.7921,73.672,-3.553986,WAL
1871507315000,83.989927,-5.53982142869487,-5.28593472689641,1.51380897556516,-1.5396858,-0.61941737,0.66675943,336.72287,73.80078,-4.038729,WAL
1871512298000,83.99491,-5.64530402389229,-6.88255571532201,1.57134487741385,-1.7831156,-1.1169671,0.7654142,336.52673,73.966774,-4.5226073,WAL
1871517320000,83.999932,-5.66283281011458,-8.6514702101936,1.46328385582774,-1.9938642,-1.6685784,0.8228355,336.1873,74.1876,-5.0383277,WAL
1871522318000,84.00493,-5.63919321797708,-10.4858808579613,1.27889724883445,-2.1148155,-1.9453003,0.9166033,335.78976,74.40252,-5.564421,WAL
1871527310000,84.009922,-5.99463141823607,-12.2596464583886,0.732500319446286,-2.1361957,-2.4410176,0.9691377,335.19052,74.66632,-6.0179896,WAL
1871532333000,84.014945,-6.54888366104111,-14.0141136570789,-0.00517340518070292,-2.1175644,-2.733011,1.073901,334.57233,74.89762,-6.496031,WAL
1871537257000,84.019869,-7.03286997208612,-15.5858901458267,-0.774222200943896,-1.960572,-2.758362,1.149343,333.8908,75.17436,-6.9218225,WAL
1871542313000,84.024925,-7.33585011521901,-16.7156468843992,-1.71397409488811,-1.6643023,-2.5176811,1.1844677,333.20764,75.36743,-7.3516555,WAL
1871547272000,84.029884,-7.05634541070727,-17.6122278075638,-2.15210779436149,-1.2544118,-2.0366247,1.1612549,332.60284,75.59212,-7.8350677,WAL
1871552330000,84.034942,-5.70498842111984,-18.1356398828094,-1.7048276619057,-0.73731434,-1.5372424,0.9831876,332.08566,75.69892,-8.283099,WAL
1871557288000,84.0399,-4.3376617849154,-18.562284011758,-1.01694309796387,-0.25289822,-1.1588113,0.7141015,331.68134,75.81346,-8.71494,WAL
1871562294000,84.044906,-2.86655769066055,-18.8097601511328,0.206685479017302,0.040011674,-1.0372492,0.44440445,331.36014,75.85553,-9.093423,WAL
1871567318000,84.04993,-1.5607402526384,-18.7222075760839,1.23661349343497,0.15668693,-1.0079277,0.21288654,331.08716,75.95866,-9.213176,WAL
1871572320000,84.054932,-0.821310406488804,-17.5309032315388,1.61089282610767,0.098043874,-0.9092729,0.060170226,330.8803,76.06318,-9.285743,WAL
1871577309000,84.059921,-0.161922378379643,-15.9944487139311,1.87258260477418,-0.036651913,-0.75441855,-0.034208454,330.6557,76.21626,-9.098674,WAL
1871582366000,84.064978,-0.00932167906617015,-12.1378138304211,1.40090772125465,-0.21533,-0.63255095,-0.08399397,330.45624,76.40447,-8.893277,WAL
1871587565000,84.070177,0.127289751698237,-8.36831678808203,0.890673411660392,-0.3817908,-0.625526,-0.098043874,330.26297,76.61371,-8.597708,WAL
1871592312000,84.074924,0.055229353961165,-6.82352179708738,0.179076996116505,-0.5555819,-0.8323039,-0.10293079,330.0443,76.8628,-8.29618,WAL
1871597512000,84.080124,-0.0411034008004418,-5.15912050338733,-0.605172393888071,-0.72234815,-1.1679744,-0.098043874,329.78845,77.073425,-8.058924,WAL
1871602326000,84.084938,-0.393324312991532,-4.03880326840943,-1.40297405047865,-0.9618073,-1.4563028,-0.048258353,329.484,77.330414,-7.8266335,WAL
1871607250000,84.089862,-0.753593480342784,-2.89288676134021,-2.21900549149485,-1.2336423,-1.6664404,0.058948494,329.09503,77.642784,-7.664363,WAL
1871612300000,84.094912,-1.15464034695932,-1.97733788764806,-2.86489866857143,-1.4844025,-1.8420641,0.18875736,328.63065,77.99067,-7.5102696,WAL
1871617297000,84.099909,-1.55758473603027,-1.12164705030842,-3.46705144571429,-1.7140878,-2.0613647,0.33444872,328.08908,78.37006,-7.3794703,WAL
1871622316000,84.104928,-1.87156727940276,-0.597976640838438,-3.99628389781776,-1.9532416,-2.1664336,0.47708577,327.53156,78.79355,-7.3744287,WAL
1871627250000,84.109862,-2.14744493797856,-0.204511760145482,-4.48924575030628,-2.1908681,-2.4211645,0.5390886,326.8675,79.238594,-7.374487,WAL
1871632381000,84.114993,-2.38370666851647,-0.101846526194984,-5.03807866191963,-2.3057108,-2.6936102,0.6398814,326.18976,79.632805,-7.4518976,WAL
1871637333000,84.119945,-2.58431324086011,-0.168715378655454,-5.58735845194884,-2.499966,-2.928488,0.7330383,325.4521,80.046745,-7.534733,WAL
1871642313000,84.124925,-2.62232735755702,-0.441210557841129,-6.10060929810591,-2.6175575,-3.0589077,0.82253003,324.6496,80.39165,-7.7451835,WAL
1871647329000,84.129941,-2.57590550877464,-0.821869199194047,-6.5973224305373,-2.611449,-3.076012,0.89949906,323.8151,80.65792,-7.979653,WAL
1871652323000,84.134935,-2.5189026881182,-1.44874594765163,-6.81711972746501,-2.5158484,-2.9590313,0.9831876,322.97986,80.83074,-8.272607,WAL
1871657312000,84.139924,-2.45450434506998,-2.2462958155832,-6.84684201178849,-2.3512204,-2.7531698,1.0534371,322.1715,80.877525,-8.58814,WAL
1871662292000,84.144904,-2.24098038247341,-3.13035597636865,-7.0855922122883,-2.1340578,-2.552806,1.1065824,321.3781,80.839485,-8.894851,WAL
1871667360000,84.149972,-1.94468397416306,-4.07659284493895,-7.43923606463174,-1.9028453,-2.289523,1.1777482,320.67007,80.67403,-9.22725,WAL
1871672316000,84.154928,-1.72568413743501,-5.28752056845754,-7.65844649277874,-1.6829338,-1.8671097,1.2803736,320.03604,80.45502,-9.525499,WAL
1871677314000,84.159926,-1.54594886793761,-6.67470810571924,-7.80592165973426,-1.4004086,-1.3683381,1.4077389,319.50812,99.84081,-9.840662,WAL
1871682334000,84.164946,-1.40793215868583,-8.40296953141684,-7.68925938776181,-1.0564915,-0.9288206,1.5015068,319.07083,100.17751,-10.149595,WAL
1871687318000,84.16993,-1.30502182053388,-10.3876689466119,-7.36092651622177,-0.79381937,-0.5739079,1.5546521,318.76068,100.56625,-10.47261,WAL
1871692312000,84.174924,-1.15831594515581,-12.3290419408587,-6.78213581976845,-0.61850107,-0.22907446,1.591304,318.56396,100.96818,-10.775289,WAL
1871697303000,84.179915,-0.983080254635794,-14.2381887636276,-6.03968982778582,-0.50335294,0.09254608,1.6108516,318.46933,101.385994,-11.075567,WAL
1871702321000,84.184933,-0.648339785543628,-15.6243376476762,-5.17468622842579,-0.46670106,0.3295618,1.5858061,318.43167,101.74591,-11.312268,WAL
1871707314000,84.189926,-0.175188088116742,-16.5324073963018,-4.20926549943028,-0.52839845,0.52198434,1.5512923,318.4766,102.11299,-11.54032,WAL
1871712297000,84.194909,0.356521688366775,-16.8099103656958,-3.46275428317152,-0.6765333,0.7284568,1.4825699,318.5536,102.35542,-11.664576,WAL
1871717380000,84.199992,0.953252463304894,-16.5187048620182,-2.89944049114445,-0.9077458,0.95203346,1.3616186,318.6879,102.59236,-11.758561,WAL
1871722314000,84.204926,1.40788944936495,-16.0249308284382,-2.48673981787061,-1.1746938,1.0751228,1.178359,318.7717,102.660645,-11.713494,WAL
1871727311000,84.209923,1.74028390962493,-15.3079089283588,-2.20657873383608,-1.3045027,1.3301591,1.0558805,318.95404,102.73454,-11.651033,WAL
1871732312000,84.214924,1.97345416078393,-14.5280612048454,-1.57192800413827,-1.5399913,1.5317446,0.7620544,319.07565,102.63234,-11.393483,WAL
1871737402000,84.220014,2.09827144756746,-13.6639412186331,-0.525383189897577,-1.7168368,1.5253305,0.46089783,319.20212,102.52842,-11.113161,WAL
1871742317000,84.224929,2.19217325113541,-12.9024390613961,0.559200173069807,-1.8768835,1.2076806,0.18203785,319.23953,102.40278,-10.776437,WAL
1871747307000,84.229919,2.25469402012896,-12.219175582282,1.75156236578077,-2.0305161,0.605062,-0.0580322,319.17935,102.26478,-10.390177,WAL
1871752272000,84.234884,2.22528478472927,-11.5874033868443,2.6708293731599,-2.1621575,-0.19639318,-0.2660318,319.02405,102.13761,-10.015059,WAL
1871757315000,84.239927,1.97502089659475,-11.0613383833545,2.96195270751904,-2.1881194,-1.0354166,-0.4352415,318.67896,101.99591,-9.615971,WAL
1871762270000,84.244882,1.53937928792982,-10.6625477403509,2.93591301438597,-2.072971,-1.6945401,-0.60994893,318.21484,101.80807,-9.230359,WAL
1871767453000,84.250065,0.794346659477583,-10.4254916670565,2.43277409765107,-1.8490891,-2.111761,-0.7910705,317.58066,101.58156,-8.823065,WAL
1871772241000,84.254853,0.105670048368018,-10.2047952672508,1.83590435220153,-1.5940529,-2.3041837,-0.94806284,316.83752,101.3332,-8.443472,WAL
1871777354000,84.259966,-0.630554023939062,-9.96588839490192,0.948534918968436,-1.3475688,-2.2800546,-1.0558805,316.0419,101.02659,-8.037598,WAL
1871782357000,84.264969,-1.29071078873239,-9.62738861971831,0.190322182112676,-1.1136073,-2.068695,-1.0793989,315.20615,100.75431,-7.711179,WAL
1871787321000,84.269933,-1.83938388388106,-9.10661433098591,-0.367650440727699,-0.8958339,-1.8072448,-1.0146471,314.40375,100.4416,-7.3791084,WAL
1871792294000,84.274906,-2.31984222370572,-8.56800034418867,-0.821916391947759,-0.7189884,-1.5705346,-0.89369583,313.5476,100.191605,-7.1420064,WAL
1871797303000,84.279915,-2.64436127574932,-7.98657013866391,-1.03826245801936,-0.5888741,-1.4138476,-0.7162395,312.7687,99.94187,-6.9334373,WAL
1871802307000,84.284919,-2.94494187617479,-7.42382525560508,-1.23673778149404,-0.49877146,-1.3399329,-0.5122105,312.1586,99.879036,-6.858824,WAL
1871807314000,84.289926,-3.13542662012402,-6.94529019333398,-1.35288703454123,-0.4728097,-1.3106114,-0.2968805,311.5946,99.84247,-6.833549,WAL
1871812362000,84.294974,-3.30461669180448,-6.5211868275696,-1.51690342227339,-0.49693888,-1.2449434,-0.076358154,311.10892,99.92894,-6.925796,WAL
1871817336000,84.299948,-3.30960271811807,-6.51620095744191,-2.01050498141093,-0.5653558,-1.0711522,0.109650314,310.67377,100.05455,-7.0626855,WAL
1871822321000,84.304933,-3.28515905139843,-6.55295843918514,-2.45587502280074,-0.64934975,-0.9550878,0.17654006,310.26352,100.25928,-7.264923,WAL
1871827309000,84.309921,-3.14646996331172,-6.75174604843705,-2.71013819005129,-0.7021896,-0.7257079,0.28527406,309.94684,100.51552,-7.518953,WAL
1871832353000,84.314965,-2.96017852341499,-6.95174747946686,-2.9177109120317,-0.78801614,-0.54428095,0.37140608,309.6525,100.85269,-7.779512,WAL
1871837326000,84.319938,-2.50431529351585,-7.14291607931247,-2.82947921512968,-0.8509353,-0.44226643,0.47586402,309.40784,101.217834,-8.067407,WAL
1871842313000,84.324925,-2.04752783018777,-7.35181092152142,-2.72163438873375,-0.9126327,-0.408058,0.5644395,309.18613,101.61776,-8.344328,WAL
1871847301000,84.329913,-1.59214581254694,-7.63239973038036,-2.53304192718344,-0.9236283,-0.39858958,0.60994893,308.99023,102.02677,-8.631259,WAL
1871852308000,84.33492,-1.15545033521114,-7.91077885702585,-2.34091491770113,-0.9279043,-0.4202753,0.62949663,308.76672,102.3887,-8.865045,WAL
1871857316000,84.339928,-0.876101789015289,-8.16393854395704,-2.12703863360939,-0.9315695,-0.45051312,0.61391956,308.5452,102.747856,-9.096337,WAL
1871862313000,84.344925,-0.597366827884965,-8.41654216927557,-1.91363212570076,-0.9334021,-0.49846604,0.5653558,308.2626,102.99716,-9.239056,WAL
1871867396000,84.350008,-0.412978177527076,-8.60355093501805,-1.90571540306859,-0.947452,-0.5589417,0.5195409,307.96957,103.24103,-9.374693,WAL
1871872525000,84.355137,-0.255894986997574,-8.77373459526031,-1.91156748962493,-0.9691377,-0.6414085,0.45906523,307.65607,103.468445,-9.490697,WAL
1871877310000,84.359922,-0.341405379052995,-8.79083657277477,-1.86453676127076,-0.9944886,-0.7275405,0.4083634,307.2432,103.59586,-9.548103,WAL
1871882336000,84.364948,-0.43122256410431,-8.80879990380668,-1.81513729612801,-1.0345002,-0.8197812,0.34513888,306.80817,103.69571,-9.557682,WAL
1871887323000,84.369935,-0.647255587715235,-8.72237451797402,-1.74541570431981,-1.0861185,-0.91721416,0.2938262,306.35242,103.795006,-9.558032,WAL
1871892553000,84.375165,-0.889342155281442,-8.61898366911691,-1.66976363056087,-1.1459832,-0.97066486,0.26389378,305.88828,103.896164,-9.546685,WAL
1871897303000,84.379915,-1.10921045278421,-8.52508184654113,-1.60105476816031,-1.2104294,-1.0274754,0.24709499,305.39172,104.0132,-9.553255,WAL
1871902323000,84.384935,-1.34157652719766,-8.42584244668211,-1.52844034937066,-1.29198,-1.0748174,0.26236662,304.8858,104.148926,-9.563822,WAL
1871907316000,84.389928,-1.53283316188925,-8.33365918212301,-1.45944637285879,-1.3561208,-1.1044444,0.2828306,304.37656,104.292336,-9.570721,WAL
1871912273000,84.394885,-1.71930193876221,-8.24269837459283,-1.39122607589577,-1.4095715,-1.1301007,0.33322698,303.8655,104.459175,-9.590223,WAL
1871917325000,84.399937,-1.92889702926265,-8.2096824633428,-1.34966993485853,-1.4404203,-1.1343768,0.39706242,303.38983,104.69528,-9.705518,WAL
1871922254000,84.404866,-2.1374351542232,-8.18982155374987,-1.31491366710845,-1.4691309,-1.1441506,0.42913285,302.91263,104.94126,-9.82295,WAL
1871927309000,84.409921,-2.29202732293381,-8.26303125743268,-1.25379711678197,-1.4749341,-1.153619,0.48472157,302.45285,105.22389,-10.0008745,WAL
1871932291000,84.414903,-2.43923037818811,-8.34332431997943,-1.19134730894727,-1.473407,-1.1597277,0.52870387,301.99774,105.50872,-10.179202,WAL
1871937318000,84.41993,-2.53843721137276,-8.50255697377576,-1.07651565412363,-1.462106,-1.1612549,0.58032197,301.55902,105.82422,-10.408793,WAL
1871942310000,84.424922,-2.62372386826331,-8.68165849906342,-0.948585695504415,-1.4520267,-1.1612549,0.6224717,301.12582,106.138855,-10.641599,WAL
1871947297000,84.429909,-2.70480626270598,-8.92127285320902,-0.732148147684302,-1.4199562,-1.1517864,0.6621779,300.70535,106.46087,-10.911886,WAL
1871952347000,84.434959,-2.78345355238508,-9.21488951084129,-0.438531380555074,-1.3808609,-1.1496484,0.6817256,300.28864,106.77571,-11.181043,WAL
1871957315000,84.439927,-2.78252796791026,-9.58079526523405,-0.238636996367706,-1.3567317,-1.1606439,0.70707655,299.8597,107.06924,-11.470913,WAL
1871962337000,84.444949,-2.74903417820723,-9.98272114137193,-0.0735603414923146,-1.3298537,-1.1902709,0.72204274,299.43192,107.34882,-11.755563,WAL
1871967366000,84.449978,-2.71549370261652,-10.3852072487191,0.0917464082823459,-1.2727377,-1.2153164,0.7333437,298.99014,107.57443,-12.0470495,WAL
1871972348000,84.45496,-2.68226668941452,-10.7839318036611,0.255508235161916,-1.2034045,-1.2382239,0.7330383,298.54764,107.78764,-12.331256,WAL
1871977339000,84.459951,-2.50549582398019,-11.0680152339744,0.216839891628497,-1.0812315,-1.2638801,0.7535023,298.09018,107.98623,-12.626884,WAL
1871982363000,84.464975,-2.26249646951243,-11.3016688066239,0.0859940700247669,-0.947452,-1.2812898,0.7779369,297.63666,108.165375,-12.914246,WAL
1871987347000,84.469959,-1.93485376322879,-11.3899286918252,-0.244243535296247,-0.75441855,-1.2819008,0.80848014,297.1275,108.205765,-13.162174,WAL
1871992331000,84.474943,-1.5569337248946,-11.3948363302828,-0.690876265801954,-0.54367006,-1.2586879,0.8240572,296.6371,108.22306,-13.401063,WAL
1871997339000,84.479951,-1.08472340772566,-11.4222201911707,-1.22370980268033,-0.31673363,-1.1823297,0.82863873,296.1862,108.22008,-13.613689,WAL
1872002357000,84.484969,-0.56854787613717,-11.4601049044147,-1.79671199865983,-0.0888809,-1.0247264,0.81122905,295.77658,108.18156,-13.809152,WAL
1872007347000,84.489959,0.000389912969215478,-11.4387020307845,-2.2571211306852,0.10445796,-0.79534656,0.7834347,295.4026,108.13231,-13.946803,WAL
1872012345000,84.494957,0.599295061402185,-11.3864165978153,-2.66114441201589,0.23304509,-0.5384777,0.7425067,295.0888,108.05221,-14.059586,WAL
1872017402000,84.500014,1.20276092256537,-11.3090514109521,-2.81217468288111,0.2761111,-0.41874814,0.68325275,294.8003,107.9666,-14.088777,WAL
1872022359000,84.504971,1.7929435630666,-11.2200552866305,-2.82154270369018,0.22418754,-0.19883664,0.6404922,294.61752,107.87289,-14.089843,WAL
1872027345000,84.509957,2.19529310137433,-11.2264471512755,-2.65639065694087,0.17806722,-0.064751714,0.53786683,294.4474,107.751686,-13.9924755,WAL
1872032420000,84.515032,2.48361998860985,-11.2937237678465,-2.37767465758355,0.021991149,-0.039095376,0.3839288,294.30557,107.6394,-13.863941,WAL
1872037431000,84.520043,2.50278474362915,-11.4470144635597,-2.07018552121963,-0.17684549,-0.08155051,0.19058995,294.18192,107.47279,-13.625733,WAL
1872042356000,84.524968,2.35312627560734,-11.652794490828,-1.74748467540902,-0.3830125,-0.15699236,-0.02107485,294.04755,107.3013,-13.343136,WAL
1872047338000,84.52995,1.91170418617053,-11.8058196194074,-1.31256937294937,-0.5357288,-0.22724187,-0.22143865,293.89447,107.075294,-12.986168,WAL
1872052358000,84.53497,1.25132552575059,-11.9190272194859,-0.793700409644819,-0.63071835,-0.31306845,-0.34422258,293.7096,106.856186,-12.602391,WAL
1872057347000,84.539959,0.524854688394794,-11.915250824295,-0.337494151843818,-0.6612616,-0.4550946,-0.41722095,293.47913,106.60956,-12.214354,WAL
1872062343000,84.544955,-0.262981679481365,-11.8114643675804,0.0682179935318478,-0.6453791,-0.5867361,-0.4025602,293.22784,106.37571,-11.828246,WAL
1872067408000,84.55002,-0.902707645697934,-11.8256081181492,0.299586194474731,-0.57696223,-0.65179324,-0.33261612,292.94232,106.1464,-11.550493,WAL
1872072356000,84.554968,-1.38075087340188,-11.9497151318266,0.359341600337569,-0.44868052,-0.6270532,-0.26175576,292.6498,105.912415,-11.285336,WAL
1872077346000,84.559958,-1.68293450511207,-12.1870040369642,0.329607104537947,-0.28344148,-0.5522222,-0.19333886,292.3195,105.707726,-11.176288,WAL
1872082394000,84.565006,-1.76372920412898,-12.5672144144711,0.187028299819111,-0.10629055,-0.42943826,-0.15241088,292.0192,105.48969,-11.07734,WAL
1872087332000,84.569944,-1.74901230891835,-12.9916640955107,0.065987348369991,0.09560041,-0.28038713,-0.14049901,291.71396,105.285576,-11.069954,WAL
1872092335000,84.574947,-1.59984125907402,-13.4969208691373,-0.0302520117203977,0.29168814,-0.10873401,-0.15057829,291.46112,105.06046,-11.059283,WAL
1872097305000,84.579917,-1.44025271223776,-14.0034960899378,-0.0785193967389277,0.49938235,0.04642576,-0.18509217,291.23697,104.8129,-11.047083,WAL
1872102361000,84.584973,-1.26154521013986,-14.5255099205517,-0.0597080773170163,0.6936375,0.1863139,-0.21930063,291.06625,104.54048,-11.024049,WAL
1872107278000,84.58989,-1.05406978462063,-15.0071977640573,-0.0679149847344893,0.8775079,0.310625,-0.2782491,290.93625,104.20936,-10.94619,WAL
1872112353000,84.594965,-0.776398074988474,-15.4553700628445,-0.126372192973439,1.0528263,0.42394048,-0.32406402,290.8497,103.85548,-10.858915,WAL
1872117296000,84.599908,-0.496870798441558,-15.8175023810846,-0.208434879155348,1.2186762,0.4810564,-0.3549127,290.78937,103.44194,-10.722222,WAL
1872122355000,84.604967,-0.194274269090909,-16.0528549653019,-0.338119101721027,1.3118331,0.57787853,-0.4111123,290.77625,103.01446,-10.564342,WAL
1872127248000,84.60986,0.100113814695661,-16.1804928415252,-0.411993830076457,1.4914275,0.64568454,-0.48655418,290.77536,102.51685,-10.348521,WAL
1872132365000,84.614977,0.411531680834078,-16.107504331546,-0.382798405761096,1.6780468,0.65087694,-0.56382865,290.78717,102.01335,-10.12269,WAL
1872137316000,84.619928,0.730349060244947,-15.8943323659265,-0.385839562736234,1.858863,0.602924,-0.6444628,290.80396,101.45881,-9.835352,WAL
1872142348000,84.62496,1.09023028477148,-15.3857000305686,-0.45301738403266,2.0332649,0.5299256,-0.73639804,290.81696,100.8841,-9.533082,WAL
1872147294000,84.629906,1.41006395464306,-14.8362565682917,-0.565194636660863,2.2504275,0.4071417,-0.8164214,290.80676,100.25446,-9.18005,WAL
1872152360000,84.634972,1.66348523874057,-14.1651595593925,-0.781072048597408,2.5002716,0.29352075,-0.8933904,290.7815,99.614006,-8.813632,WAL
1872157311000,84.639923,1.78875323478605,-13.564878929477,-1.04456249251189,2.8118126,0.24190263,-0.9987647,290.74347,98.92737,-8.386002,WAL
1872162358000,84.64497,1.5493805135004,-13.1196456468899,-1.47064599438887,3.128852,0.27672195,-1.1334605,290.7027,98.24468,-7.9389586,WAL
1872167423000,84.650035,1.19185125263922,-12.7379101633767,-1.81986405837715,3.4187074,0.39736784,-1.2932017,290.67737,97.55941,-7.436064,WAL
1872172331000,84.654943,0.506459287822637,-12.5560717088583,-1.93176475437953,3.6285396,0.5366451,-1.4688255,290.6741,96.9151,-6.9006805,WAL
1872177315000,84.659927,-0.19278988869123,-12.3810519152376,-2.01054287378736,3.7158933,0.6395759,-1.5903877,290.68704,83.5963,-6.3884416,WAL
1872182316000,84.664928,-0.906148883259873,-12.2402569808917,-1.96361139235669,3.6682458,0.729984,-1.6578883,290.74506,83.99703,-5.8537173,WAL
1872187310000,84.669922,-1.62405162357724,-12.1309502411924,-1.95263048202349,3.5375206,0.8542951,-1.6554449,290.82022,84.1242,-5.4482284,WAL
1872192311000,84.674923,-2.36915951327913,-12.1694071933153,-2.11126633815116,3.3551774,0.9877691,-1.6151277,290.93582,84.11552,-5.0490446,WAL
1872197307000,84.679919,-3.10149921109601,-12.2649369203961,-2.29241013388991,3.1703906,1.1371256,-1.559539,291.04645,83.83105,-4.8450036,WAL
1872202361000,84.684973,-3.78750761272692,-12.6220375176196,-2.57903007377924,2.962391,1.2247849,-1.491733,291.19174,83.490364,-4.667711,WAL
1872207342000,84.689954,-4.46099593175311,-12.9775800336589,-2.83679871072343,2.7889054,1.1557571,-1.4361442,291.2362,82.948906,-4.7468,WAL
1872212353000,84.694965,-5.12075335190101,-13.3597843545084,-2.92779964899972,2.7473664,1.0027353,-1.4046847,291.3022,82.41017,-4.8336,WAL
1872217535000,84.700147,-5.81378601218151,-13.7585310459852,-3.00637057416506,2.7165177,0.79259765,-1.4300356,291.32013,81.867775,-4.9990406,WAL
1872222355000,84.704967,-6.62912196589179,-14.1849422712415,-2.83299457233783,2.6783388,0.65484756,-1.4627168,291.33423,81.3459,-5.1563635,WAL
1872227468000,84.71008,-7.48283226420118,-14.5896442695266,-2.71915863819527,2.6484063,0.31795537,-1.5873333,291.26624,80.83188,-5.3076353,WAL
1872232386000,84.714998,-8.16562478274162,-14.3899157533531,-3.47626858736686,2.5558603,0.015271631,-1.7782288,291.18936,80.37235,-5.4127054,WAL
1872237699000,84.720311,-8.75245620862132,-14.0986788970535,-4.21856442269916,2.381458,-0.007330383,-1.994475,291.1739,79.93209,-5.497317,WAL
1872242351000,84.724963,-7.8732606575482,-13.1465550385595,-4.1699451844307,2.0928242,0.16584991,-2.1227567,291.14536,79.56839,-5.539919,WAL
1872247325000,84.729937,-6.93320935251,-12.1285275080029,-4.11796064205166,1.8680259,0.3921755,-2.1099286,291.14594,79.30608,-5.5996265,WAL
1872252358000,84.73497,-5.91096091493144,-11.1120666158456,-3.64321080563738,1.7763962,0.61727935,-1.9645426,291.19962,79.08771,-5.6608605,WAL
1872257252000,84.739864,-4.90169682127984,-10.1266059042153,-3.09097199476892,1.6618589,0.6908886,-1.7540996,291.27213,78.92382,-5.7401185,WAL
1872262344000,84.744956,-3.87929941858646,-9.59319929043159,-2.80828641916578,1.5861117,0.659429,-1.5473217,291.29974,78.75899,-5.79823,WAL
1872267324000,84.749936,-2.88465037040649,-9.16494765965048,-2.5872532759776,1.6279559,0.81489426,-1.3420709,291.39273,78.568596,-5.923341,WAL
1872272326000,84.754938,-2.00946589541833,-9.02843055129482,-1.8812577549502,1.7140878,1.0051788,-1.1661417,291.41403,78.289085,-6.0531654,WAL
1872277264000,84.759876,-1.18047307828685,-8.97661843874502,-1.04755480389442,1.7956384,1.0586295,-1.0775663,291.4393,77.99201,-6.2128234,WAL
1872282339000,84.764951,-0.582895737171021,-9.04936801889068,-0.668088128713826,1.8374827,1.063211,-1.0512991,291.46277,77.70242,-6.289561,WAL
1872287260000,84.769872,-0.0809351810650121,-9.15828371282154,-0.445520713488746,1.8289305,1.1377366,-1.0118983,291.5209,77.39766,-6.4010086,WAL
1872292294000,84.774906,0.144470452590446,-9.38916216566116,-0.048533799187024,1.8551978,1.2315043,-1.0186177,291.64203,77.072586,-6.356595,WAL
1872297259000,84.779871,0.280848309008703,-9.65251291533973,0.39351856025319,1.9553796,1.3326025,-1.073901,291.78955,76.731964,-6.3202953,WAL
1872302335000,84.784947,0.487772297702304,-9.86715155316007,0.804533808783225,2.0723603,1.4043792,-1.135293,292.00345,76.443565,-6.15791,WAL
1872307296000,84.789908,0.712275754640677,-10.0589148617838,1.19273770449695,2.064419,1.4401149,-1.1829406,292.23862,76.16038,-5.9961505,WAL
1872312346000,84.794958,0.94321411689972,-10.137533786656,1.28150918761486,1.9550742,1.432479,-1.1679744,292.49716,75.8244,-5.818839,WAL
1872317296000,84.799908,1.17048630677187,-10.1706773294047,1.25310013298042,1.7843374,1.3683381,-1.1533136,292.75317,75.50577,-5.636245,WAL
1872322353000,84.804965,1.31181094107107,-9.98913807863826,0.776149391411905,1.7116444,1.3041973,-1.1279627,293.0288,75.15879,-5.416067,WAL
1872327297000,84.809909,1.41549901305992,-9.72991814473422,0.139881822249253,1.5949692,1.3109168,-1.0852021,293.3038,74.85863,-5.2142596,WAL
1872332365000,84.814977,1.29225797442137,-9.35257854391691,-1.00169131642255,1.5567901,1.4001031,-1.0173961,293.58542,74.57916,-4.9837136,WAL
1872337340000,84.819952,1.08018991408506,-8.93786776003957,-2.31651294014164,1.5485435,1.6355917,-0.95264435,293.90607,74.31323,-4.783765,WAL
1872342363000,84.824975,0.724292727297034,-8.57210060470336,-3.10216483842701,1.5674802,1.9666806,-0.8436049,294.2522,74.14156,-4.597837,WAL
1872347358000,84.82997,0.308853888391881,-8.23134733918813,-3.64830365253708,1.6447546,2.162463,-0.75686204,294.62115,73.94858,-4.437991,WAL
1872352356000,84.834968,-0.0653276101097132,-7.86467110359336,-4.05280729938601,1.6786577,2.2992969,-0.7174612,295.0173,73.94121,-4.323739,WAL
1872357354000,84.839966,-0.417027296688475,-7.48406477594363,-4.38041787357826,1.6884315,2.3796256,-0.6740898,295.4427,73.91106,-4.2488008,WAL
1872362342000,84.844954,-0.705676733226606,-7.12698210982235,-4.57946737147284,1.6823229,2.4627032,-0.62858033,295.87854,73.91165,-4.2665563,WAL
1872367416000,84.850028,-0.966658043761619,-6.77566116929354,-4.71497702608965,1.6875153,2.5121834,-0.58276546,296.32095,73.903564,-4.301858,WAL
1872372336000,84.854948,-1.16099008338967,-6.5545821703042,-4.74676222332207,1.6994271,2.5335636,-0.54367006,296.7569,73.895584,-4.4188733,WAL
1872377348000,84.85996,-1.33713301175278,-6.37380380746499,-4.74212688564945,1.7116444,2.5433373,-0.5140431,297.1973,73.88387,-4.548849,WAL
1872382376000,84.864988,-1.47559777093035,-6.10991718668828,-4.54241618533255,1.7055358,2.5372288,-0.50701815,297.63077,73.85589,-4.73294,WAL
1872387364000,84.869976,-1.59292049001867,-5.80487822486492,-4.24206988333825,1.7015651,2.4987442,-0.5036584,298.05267,73.822205,-4.921198,WAL
1872392308000,84.87492,-1.71053320644387,-5.49325317834701,-3.85641815432259,1.6597209,2.4657576,-0.5131268,298.462,73.76702,-5.1546564,WAL
1872397323000,84.879935,-1.83067452153292,-5.17127432143286,-3.40949258463078,1.5827519,2.4147503,-0.5338962,298.85294,73.72326,-5.378945,WAL
1872402315000,84.884927,-1.9208578135901,-4.85716094843345,-2.90989291658352,1.4611896,2.352442,-0.5522222,299.20947,73.59865,-5.6574316,WAL
1872407297000,84.889909,-1.99226818698863,-4.54771606332069,-2.37669553478348,1.3329079,2.3063216,-0.573297,299.55472,73.49966,-5.9221926,WAL
1872412327000,84.894939,-2.03249600814388,-4.26532219772658,-1.81066387869051,1.1808025,2.2736404,-0.59498274,299.8121,73.26543,-6.2859263,WAL
1872417421000,84.900033,-2.05221277855916,-3.99914564270991,-1.21916030300091,1.0977248,2.1838431,-0.6017023,300.04062,73.05111,-6.6290464,WAL
1872422291000,84.904903,-2.11433462755613,-3.81882327056968,-0.69151243143997,0.9263771,2.07572,-0.6072,300.28595,72.79659,-6.9837213,WAL
1872427353000,84.909965,-2.2042915995732,-3.67489217170161,-0.165264328307664,0.7611381,1.9547688,-0.6087272,300.5025,72.566635,-7.3192053,WAL
1872432345000,84.914957,-2.33090141009193,-3.56779334167958,0.299134504214441,0.5757405,1.8231273,-0.61758476,300.8569,72.39439,-7.5503826,WAL
1872437321000,84.919933,-2.49826457753331,-3.49887905695693,0.702775010740626,0.38698313,1.7027869,-0.6068946,301.17487,72.26339,-7.7765074,WAL
1872442316000,84.924928,-2.65367249672394,-3.50555971100831,1.00691012726397,0.20280726,1.5842791,-0.59223384,301.5388,72.11384,-7.981555,WAL
1872447303000,84.929915,-2.79796116244335,-3.57770406740937,1.22334307405211,0.026267206,1.4837917,-0.56199604,301.86774,72.00564,-8.186017,WAL
1872452320000,84.934932,-2.90953442031638,-3.65937099683623,1.35447063722084,-0.12522738,1.3900238,-0.52778757,302.19858,71.86204,-8.411245,WAL
1872457314000,84.939926,-2.97381735147849,-3.75332315188172,1.36436032688172,-0.2556471,1.3109168,-0.49693888,302.49927,71.75163,-8.636734,WAL
1872462347000,84.944959,-2.98429414846767,-3.82274071957484,1.3051635659876,-0.3747658,1.2330315,-0.45448375,302.7848,71.624794,-8.8938465,WAL
1872467363000,84.949975,-2.93749082545616,-3.86528919503986,1.17326320318866,-0.4801401,1.1606439,-0.4129449,303.0435,71.519615,-9.15158,WAL
1872472256000,84.954868,-2.8636526647796,-3.88206398348906,1.0322402112015,-0.58001655,1.0925325,-0.3820962,303.28778,71.443985,-9.416144,WAL
1872477309000,84.959921,-2.6827892587996,-3.80759075097285,0.840737732329339,-0.6597345,1.0250319,-0.3313944,303.5034,71.375984,-9.688992,WAL
1872482314000,84.964926,-2.49522742748787,-3.75377476072189,0.676634362569167,-0.7452556,0.9560041,-0.30268374,303.70648,71.37853,-9.938003,WAL
1872487334000,84.969946,-2.29469088454073,-3.72921928136546,0.549764300425641,-0.8222246,0.8793405,-0.28069258,303.88156,71.38578,-10.189815,WAL
1872492290000,84.974902,-2.09599653497007,-3.71093147878665,0.425753520280004,-0.8894198,0.79320854,-0.24923302,304.03244,71.453,-10.413266,WAL
1872497305000,84.979917,-1.88160892271482,-3.80350796159075,0.323432185786751,-0.958753,0.7302894,-0.23273966,304.1645,71.53089,-10.631168,WAL
1872502300000,84.984912,-1.67726814452362,-3.90158961066244,0.236374494209554,-1.0409144,0.6554584,-0.20708331,304.25668,71.668,-10.817529,WAL
1872507316000,84.989928,-1.57584345072579,-4.06640468292425,0.316669026550541,-1.1053606,0.55680364,-0.18600847,304.32047,71.80718,-10.997169,WAL
1872512293000,84.994905,-1.47520734605437,-4.22993829828451,0.396339259297968,-1.183246,0.51068336,-0.1777618,304.3585,72.00266,-11.151811,WAL
1872517325000,84.999937,-1.51758783283867,-4.38550537947848,0.618180142908628,-1.2232577,0.40530908,-0.14905111,304.3462,72.188095,-11.302224,WAL
1872522309000,85.004921,-1.59347950831037,-4.5372886247615,0.871152419135043,-1.3029755,0.28405234,-0.122783914,304.31326,72.38925,-11.445691,WAL
1872527315000,85.009927,-1.6345898168094,-4.72089070019916,1.13307687414858,-1.3918564,0.16676621,-0.10293079,304.21198,72.57277,-11.583688,WAL
1872532324000,85.014936,-1.67280551393149,-4.9071922299044,1.39580966840868,-1.4853189,0.036651913,-0.06627888,304.06873,72.75797,-11.719145,WAL
1872537322000,85.019934,-1.70069445785124,-5.34328438502066,1.76803886828512,-1.5931365,-0.059253927,0.0009162979,303.9429,72.932076,-11.869083,WAL
1872542247000,85.024859,-1.72727169676935,-5.7950977703982,2.14454998422239,-1.7143933,-0.13316862,0.07574729,303.78363,73.10942,-12.018714,WAL
1872547297000,85.029909,-1.62688260122644,-6.88415037052548,2.85929990856516,-1.8341229,-0.21044308,0.1777618,303.5981,73.23889,-12.20198,WAL
1872552290000,85.034902,-1.49099824811547,-8.14048480870476,3.66030251854622,-1.9440787,-0.25961772,0.29352075,303.39642,73.36139,-12.399375,WAL
1872557316000,85.039928,-1.35421580094227,-9.40512267898096,4.46659915739356,-1.999362,-0.28771752,0.44990227,303.23706,73.45275,-12.59486,WAL
1872562333000,85.044945,-1.21767828851331,-10.6674959768671,5.27145197018646,-1.9517145,-0.24495697,0.6224717,303.07782,73.50519,-12.822967,WAL
1872567432000,85.050044,-0.570628460435687,-12.6418070125755,6.63379416060996,-1.7968601,-0.13408493,0.7473936,302.9509,73.528824,-13.072124,WAL
1872572353000,85.054965,0.190018856601644,-14.7324206980889,8.0944238527577,-1.53205,0.00580322,0.7867944,302.84152,73.49517,-13.342312,WAL
1872577342000,85.059954,1.232990944483,-16.0594649964693,9.42745020538687,-1.1175779,0.06047566,0.7535023,302.80466,73.378784,-13.49345,WAL
1872582385000,85.064997,2.37303190404318,-17.1507863739534,10.7282659323111,-0.5897904,0.0070249503,0.5723807,302.7775,73.232,-13.610164,WAL
1872587353000,85.069965,3.43698091561562,-17.8006381231231,10.9140225015015,-0.04917465,-0.03970624,0.310625,302.77435,73.10661,-13.512951,WAL
1872592332000,85.074944,4.48705535488488,-18.3352207436436,10.7994691184184,0.45112398,0.056505036,-0.076358154,302.80457,72.97329,-13.336909,WAL
1872597325000,85.079937,5.15029082516517,-18.5938154803274,10.1946757791145,0.83169305,0.3145956,-0.3707952,302.8476,72.866615,-12.945054,WAL
1872602368000,85.08498,5.70749533142688,-18.7747886151267,9.44221104703678,1.033584,0.73731434,-0.5656612,302.97885,72.7381,-12.507462,WAL
1872607347000,85.089959,5.19512376460548,-17.3808612730908,8.6948849178972,1.0952814,0.91599244,-0.5861252,303.09186,72.71887,-11.908695,WAL
1872612342000,85.094954,4.33665777050619,-15.4726402231542,7.94372733748171,1.0500773,1.1838568,-0.5681047,303.36493,72.66665,-11.328296,WAL
1872617431000,85.100043,3.19797172440191,-13.2203576716507,7.15966559820574,1.0112875,1.3368785,-0.5213735,303.65512,72.70044,-10.70834,WAL
1872622363000,85.104975,1.98796058660287,-10.9133325699761,6.39222663480861,0.8735373,1.4245378,-0.4541783,304.00333,72.71778,-10.141454,WAL
1872627341000,85.109953,0.911602626209108,-8.91699611802438,5.70694775689545,0.70432764,1.45783,-0.39614612,304.40103,72.63037,-9.750298,WAL
1872632385000,85.114997,-0.115324501268212,-7.04019827105287,5.05183901777696,0.5366451,1.4569136,-0.36651915,304.80923,72.55265,-9.384372,WAL
1872637351000,85.119963,-1.00885043668619,-5.43066115929299,4.43105007695728,0.33536503,1.4343116,-0.33658674,305.22372,72.397835,-9.233206,WAL
1872642348000,85.12496,-1.79761705741054,-4.03475175601822,3.82909651255693,0.15088372,1.3701707,-0.27305678,305.61935,72.26668,-9.098637,WAL
1872647327000,85.129939,-2.49491167677419,-3.35419987810422,3.32637623766749,-0.04062254,1.2534955,-0.15974127,305.98865,72.08914,-9.163668,WAL
1872652354000,85.134966,-3.15433407741935,-3.02448870272953,2.86764764367246,-0.22724187,1.0793989,0.0027488936,306.3133,71.93767,-9.251628,WAL
1872657349000,85.139961,-3.77796298891753,-3.1069200324544,2.51776986334259,-0.40958515,0.8359691,0.18478674,306.57297,71.766174,-9.496769,WAL
1872662321000,85.144933,-4.38212954613402,-3.4042832378866,2.2251267064433,-0.6123924,0.4905248,0.3915646,306.73965,71.61226,-9.773262,WAL
1872667369000,85.149981,-4.97564588110135,-4.12901569999013,1.95910964048159,-0.86254174,0.06383542,0.6020077,306.82086,71.48361,-10.201862,WAL
1872672352000,85.154964,-5.55020333691898,-5.08504159913155,1.71421626238034,-1.1633929,-0.4382958,0.7819075,306.77194,71.37372,-10.645441,WAL
1872677345000,85.159957,-5.87770674069391,-6.45912114378124,1.39554711461335,-1.4727961,-0.9669997,0.915687,306.6068,71.29144,-11.202155,WAL
1872682345000,85.164957,-6.04665935267078,-8.10171743898853,1.0294827707929,-1.7574593,-1.5063937,0.9776898,306.29507,71.22866,-11.74368,WAL
1872687323000,85.169935,-6.33848605412789,-9.82952407745422,0.433676089282498,-1.994475,-2.1154263,0.9718866,305.82224,71.21269,-12.274833,WAL
1872692315000,85.174927,-6.72599758483939,-11.6331267337136,-0.341346622455719,-2.1493294,-2.6844473,0.9737192,305.2084,71.196785,-12.785293,WAL
1872697286000,85.179898,-7.32621515013195,-13.390022651647,-1.25711711761314,-2.1997259,-3.0928106,0.981355,304.48016,71.293625,-13.22099,WAL
1872702361000,85.184973,-8.11004644472681,-15.1524549212198,-2.30697603316391,-2.1300871,-3.2672129,0.98837996,303.66266,71.365166,-13.630563,WAL
1872707349000,85.189961,-8.44771400321608,-16.4435134536683,-2.96551253258291,-1.93797,-3.2281175,1.0122037,302.81934,71.529465,-14.009952,WAL
1872712334000,85.194946,-8.39493612984925,-17.3359471918593,-3.28698045303518,-1.6022996,-2.914438,1.0317514,302.011,71.614845,-14.391105,WAL
1872717371000,85.199983,-7.47467720325983,-17.985447453116,-2.80977264347076,-1.3784174,-2.3408356,1.02717,301.31552,71.75374,-14.802375,WAL
1872722352000,85.204964,-5.81905345397891,-18.4107876030681,-1.64809221864813,-0.8585711,-1.6804903,0.9211848,300.74527,71.76315,-15.200668,WAL
1872727324000,85.209936,-4.19637160188319,-18.4142557625546,-0.381668649426856,-0.31948254,-1.133155,0.7174612,300.3276,71.80276,-15.536884,WAL
1872732391000,85.215003,-2.58061478264192,-17.8844988842795,1.0442588599345,0.04550946,-0.8081747,0.48991394,300.04572,71.79282,-15.846646,WAL
1872737353000,85.219965,-1.18465071149029,-17.097214260528,2.15849492352171,0.18112154,-0.74189585,0.28985557,299.8683,71.89687,-15.909665,WAL
1872742339000,85.224951,-0.33550791985599,-15.5083273921012,2.43980601178268,0.13072516,-0.7779369,0.12034045,299.7638,72.01268,-15.92729,WAL
1872747263000,85.229875,0.265610071687614,-13.9058358217404,2.37908909132687,-0.027183503,-0.7825184,0.0061086523,299.5902,72.200775,-15.737146,WAL
1872752356000,85.234968,0.52766340659503,-12.1978093653459,1.80350767622565,-0.23823744,-0.79381937,-0.06841691,299.41275,72.42857,-15.515632,WAL
1872757269000,85.239881,0.715948868213166,-10.5215178394984,1.14369296351097,-0.46028697,-0.8597928,-0.103847094,299.1966,72.69439,-15.236599,WAL
1872762341000,85.244953,0.769979521456163,-8.72868242010314,0.234995443794115,-0.66706485,-1.0586295,-0.093462385,298.94232,72.98907,-14.948757,WAL
1872767306000,85.249918,0.668351661590711,-7.10110156290355,-0.749785817237077,-0.8772025,-1.2660183,-0.02443461,298.67416,73.30348,-14.69042,WAL
1872772356000,85.254968,0.270835469012973,-5.68824288890869,-1.93275569869875,-1.1255192,-1.3927728,0.08552113,298.37125,73.635056,-14.444846,WAL
1872777273000,85.259885,-0.156070674227304,-4.45076284865919,-2.90871480311068,-1.3274102,-1.4651603,0.19914207,298.04428,73.96553,-14.263206,WAL
1872782383000,85.264995,-0.68576944085529,-3.46294628210629,-3.54339887751341,-1.5234979,-1.5696182,0.3390302,297.667,74.28653,-14.1160555,WAL
1872787281000,85.269893,-1.16690841872446,-2.59419142087693,-4.06517836469357,-1.7510452,-1.7730364,0.47616947,297.32498,74.577126,-14.099433,WAL
1872792326000,85.274938,-1.59059737243647,-1.91051147144992,-4.36850110923767,-1.9917262,-2.0900755,0.6065892,296.91397,74.83002,-14.115928,WAL
1872797297000,85.279909,-1.96807078519049,-1.35037647984532,-4.67011559384131,-2.2177463,-2.468201,0.6973027,296.42834,74.97255,-14.252958,WAL
1872802361000,85.284973,-2.24127999195073,-1.0956898987167,-4.98500094520195,-2.3765712,-2.8005116,0.80573124,295.86157,75.04199,-14.429747,WAL
1872807313000,85.289925,-2.4836321099351,-0.901839455781638,-5.27610141396259,-2.4465153,-2.9471195,0.92057395,295.24966,74.969635,-14.7141695,WAL
1872812354000,85.294966,-2.61264028694407,-0.966343491364764,-5.49265075600305,-2.4556782,-3.173445,0.9645562,294.5213,74.83202,-15.007902,WAL
1872817326000,85.299938,-2.73178322297846,-1.06659980416497,-5.69261211190573,-2.4065037,-3.3255503,1.054048,293.79184,74.54369,-15.402638,WAL
1872822355000,85.304967,-2.76113814580455,-1.58031220525193,-5.74153706842747,-2.303573,-3.4089334,1.105666,293.02405,74.19169,-15.803137,WAL
1872827291000,85.309903,-2.74977323100875,-2.22962894027277,-5.84153432413793,-2.1416936,-3.3496795,1.162782,292.26077,106.263275,-16.256374,WAL
1872832423000,85.315035,-2.39142752316864,-4.15626428015955,-6.39380831034483,-1.9495764,-3.0344732,1.2721269,291.56006,106.79376,-16.741505,WAL
1872837281000,85.319893,-2.05221406863098,-5.98003561320124,-6.91659611724138,-1.6691893,-2.606562,1.3439035,290.90363,107.344315,-17.215246,WAL
1872842348000,85.32496,-1.88668809671642,-7.74383462328358,-6.6869268280597,-1.3500122,-2.208278,1.3759739,290.34412,107.93439,-17.705633,WAL
1872847269000,85.329881,-1.77883417247761,-9.41791490152239,-6.24613273337313,-1.0607675,-1.8390098,1.4132367,289.9157,108.55498,-18.210394,WAL
1872852354000,85.334966,-1.69293930991189,-11.2864030877052,-5.9896926164197,-0.8173377,-1.5027285,1.452943,289.6194,109.057335,-18.559883,WAL
1872857248000,85.33986,-1.61785898986784,-13.1258709042851,-5.80199174281137,-0.64568454,-1.1612549,1.4666874,289.44086,109.56293,-18.898565,WAL
1872862353000,85.344965,-1.31914573193956,-14.5942378103203,-5.47193336568469,-0.5366451,-0.711658,1.4559973,289.40335,109.96848,-19.139694,WAL
1872867316000,85.349928,-0.962323010747886,-15.8860261081441,-5.1105938098451,-0.51007247,-0.19792034,1.4285084,289.48706,110.37044,-19.361938,WAL
1872872342000,85.354954,-0.370101705849754,-16.4213421628695,-4.86722030800493,-0.5705481,0.3109304,1.3817772,289.63812,110.66771,-19.479126,WAL
1872877279000,85.359891,0.323775505336617,-16.5717630882594,-4.68768557339902,-0.7257079,0.84574294,1.3045027,289.948,110.96257,-19.560282,WAL
1872882451000,85.365063,1.05257814545455,-15.9993611818182,-4.12325051818182,-0.97249746,1.395827,1.1823297,290.34976,111.13857,-19.50544,WAL
1872887298000,85.36991,1.73627264765899,-15.1979448125244,-3.45766721065158,-1.2596041,1.8438967,1.0638218,290.87628,111.33078,-19.416868,WAL
1872892313000,85.374925,2.04928395694638,-14.4141060348814,-2.52648457221447,-1.5641204,2.0900755,0.9282097,291.45914,111.44837,-19.196287,WAL
1872897332000,85.379944,2.16425146986247,-13.652446524417,-1.47261587055013,-1.851838,2.094046,0.7293731,292.09106,111.57775,-18.921535,WAL
1872902350000,85.384962,2.15441082419063,-12.8639338214358,-0.226165128292781,-2.1169536,1.8658879,0.4804455,292.67535,111.6497,-18.554426,WAL
1872907340000,85.389952,2.08233918956364,-12.0663415732958,1.10956164387694,-2.3200662,1.6878207,0.3475823,293.26825,111.76228,-18.165554,WAL
1872912340000,85.394952,2.02546536315844,-11.2848532049053,2.23295597930249,-2.3915374,1.1191051,0.06414085,293.6178,111.786095,-17.74245,WAL
1872917410000,85.400022,1.97521763884922,-10.5009880760633,3.26805972969057,-2.499966,0.35369098,-0.16798794,293.85144,111.85351,-17.325495,WAL
1872922368000,85.40498,1.54472018303992,-10.2002395965782,3.2974111217456,-2.5024095,-0.56016344,-0.34605515,293.82538,111.82734,-16.956312,WAL
1872927353000,85.409965,0.988360661294322,-10.0487203176296,3.00857772491941,-2.329229,-1.4080443,-0.48899764,293.5854,111.756485,-16.584879,WAL
1872932384000,85.414996,0.426867230220679,-9.89580286679891,2.71707906505331,-1.9706513,-2.0610592,-0.6377433,293.1034,111.57871,-16.264122,WAL
1872937325000,85.419937,-0.124581595645921,-9.74562096965038,2.43079505026531,-1.5635096,-2.4193318,-0.77366084,292.45694,111.33352,-15.947238,WAL
1872942314000,85.424926,-0.684791037113402,-9.58727213917526,1.90647576907217,-1.1939361,-2.5014932,-0.8897252,291.6987,111.003555,-15.622418,WAL
1872947297000,85.429909,-1.24573040537624,-9.42634726081511,1.28576411794971,-0.8949176,-2.3732114,-0.9615019,290.89786,110.591576,-15.280465,WAL
1872952334000,85.434946,-1.73462156032291,-9.06264784288597,0.74384830384662,-0.6750061,-2.1502457,-0.9593639,290.13846,110.29483,-15.083787,WAL
1872957347000,85.439959,-2.1754668037336,-8.58304715211907,0.254558490726539,-0.5174029,-1.9086485,-0.88331115,289.42828,109.955574,-14.875737,WAL
1872962355000,85.444967,-2.47765653399433,-8.06174567498291,-0.141083190939728,-0.42638394,-1.709201,-0.75502944,288.81586,109.73762,-14.757187,WAL
1872967381000,85.449993,-2.70804808923513,-7.51632849510599,-0.489021476173684,-0.38912117,-1.5625933,-0.5693264,288.2729,109.531685,-14.662983,WAL
1872972353000,85.454965,-2.8051704413176,-7.11767377282815,-1.00718077376487,-0.3848451,-1.4944818,-0.37201694,287.81525,109.476616,-14.685311,WAL
1872977354000,85.459966,-2.81953425522343,-6.80645873810857,-1.63918682079776,-0.43127087,-1.3750577,-0.15363261,287.4328,109.47014,-14.751957,WAL
1872982376000,85.464988,-2.77291984551479,-6.69331765403027,-2.22617894960934,-0.4877759,-1.1438452,0.03634648,287.15634,109.6096,-14.918442,WAL
1872987350000,85.469962,-2.68811808950648,-6.70745127183266,-2.77739043745426,-0.56077427,-0.8405506,0.17806722,286.9497,109.79602,-15.117613,WAL
1872992316000,85.474928,-2.42866605562999,-6.78071203372041,-2.94387166271649,-0.6291912,-0.52748215,0.31215215,286.87476,110.131546,-15.371489,WAL
1872997337000,85.479949,-2.03970873790383,-6.89763787043323,-2.83410451968141,-0.691194,-0.28893927,0.43157628,286.87463,110.50128,-15.641078,WAL
1873002338000,85.48495,-1.65230074229567,-7.01409795993747,-2.72477460884323,-0.72326446,-0.20830505,0.53786683,286.94897,110.94756,-15.911105,WAL
1873007353000,85.489965,-1.2638082212049,-7.13088407248772,-2.61513863546722,-0.7370089,-0.129198,0.5766568,287.09238,111.40507,-16.173254,WAL
1873012349000,85.494961,-0.951432875916691,-7.3463155662071,-2.42885950454679,-0.7458665,-0.13103059,0.61269784,287.24185,111.88414,-16.459494,WAL
1873017358000,85.49997,-0.698143316084873,-7.64181997104723,-2.18026058644764,-0.76052725,-0.20005837,0.6203337,287.39227,112.36007,-16.740929,WAL
1873022346000,85.504958,-0.507636542679097,-7.89357726987242,-2.01356821663396,-0.7837401,-0.2919936,0.60139686,287.47034,112.68205,-16.879557,WAL
1873027352000,85.509964,-0.375903294054956,-8.10529127733072,-1.92417780880275,-0.8145888,-0.40530908,0.56230146,287.5208,113.00185,-17.018711,WAL
1873032335000,85.514947,-0.31099232007878,-8.26677954348046,-1.88612311436219,-0.8381071,-0.49205196,0.52687126,287.52603,113.23935,-17.105013,WAL
1873037348000,85.51996,-0.320690037184123,-8.37345452277548,-1.90551857895162,-0.87689704,-0.5549711,0.49418998,287.50278,113.4751,-17.186365,WAL
1873042343000,85.524955,-0.404605166114026,-8.40435644625359,-1.90606801489162,-0.92057395,-0.6081163,0.44776422,287.44174,113.663345,-17.229197,WAL
1873047343000,85.529955,-0.565751078219341,-8.35696037577947,-1.88710966093735,-0.97585726,-0.65179324,0.41325033,287.3641,113.85482,-17.269361,WAL
1873052335000,85.534947,-0.726639156865288,-8.30964013901811,-1.8681816403494,-1.03786,-0.68752885,0.3915646,287.2723,114.04561,-17.301237,WAL
1873057357000,85.539969,-0.888494110983866,-8.26203552583391,-1.84913986963773,-1.1181889,-0.7357872,0.3857614,287.16348,114.245155,-17.33191,WAL
1873062315000,85.544927,-1.08168259087407,-8.20669554074074,-1.79051667262222,-1.2006557,-0.7703011,0.39614612,287.04855,114.45449,-17.362297,WAL
1873067396000,85.550008,-1.32197765895309,-8.13941306419753,-1.67998091019259,-1.2797627,-0.79901177,0.42455134,286.92337,114.67985,-17.399067,WAL
1873072279000,85.554891,-1.54565433908206,-8.11175839976157,-1.61652422004769,-1.3405437,-0.81061816,0.45478916,286.8079,114.9632,-17.503157,WAL
1873077351000,85.559963,-1.76762770319889,-8.1358859229088,-1.61169871541824,-1.3930782,-0.81061816,0.4978552,286.69202,115.26555,-17.618326,WAL
1873082294000,85.564906,-1.96768410326429,-8.18834950310203,-1.58141257125131,-1.4251486,-0.79076505,0.5476407,286.58728,115.601166,-17.788292,WAL
1873087357000,85.569969,-2.14817538991123,-8.28553764684547,-1.51199283446597,-1.4364496,-0.7825184,0.6105598,286.4852,115.949326,-17.971752,WAL
1873092251000,85.574863,-2.32273311873984,-8.38768903638015,-1.43125782045129,-1.4364496,-0.7620544,0.6588182,286.40198,116.32863,-18.197697,WAL
1873097326000,85.579938,-2.50396365416388,-8.51315614724161,-1.31508447620231,-1.4208726,-0.76052725,0.70554936,286.32217,116.71268,-18.437094,WAL
1873102255000,85.584867,-2.67712778463623,-8.65890087533875,-1.17647989245362,-1.4001031,-0.7528914,0.72784597,286.25198,117.10069,-18.70709,WAL
1873107350000,85.589962,-2.84496146057953,-8.90302248441735,-0.932358124056702,-1.3891076,-0.7538077,0.77518797,286.1874,117.494484,-18.991793,WAL
1873112306000,85.594918,-2.9775104810544,-9.15640394293612,-0.691629969887452,-1.3494014,-0.7770206,0.79779,286.11526,117.870056,-19.30313,WAL
1873117388000,85.6,-3.0399749290157,-9.45431079297068,-0.436967668588212,-1.2901474,-0.81489426,0.81489426,286.04318,118.24029,-19.620958,WAL
1873122305000,85.604917,-3.067032905812,-9.74392413086884,-0.209761117232381,-1.2186762,-0.86834496,0.82802784,285.9465,118.569534,-19.9637,WAL
1873127354000,85.609966,-3.00490046177721,-10.0450265883167,-0.0281435167727587,-1.1282681,-0.94989544,0.8445212,285.83322,118.88099,-20.311422,WAL
1873132304000,85.614916,-2.92233686484307,-10.3401289184725,0.084590633117287,-1.0112875,-1.0393872,0.8539896,285.68292,119.12293,-20.662056,WAL
1873137289000,85.619901,-2.77388752726654,-10.637027787387,0.00108787225342532,-0.8765916,-1.1218541,0.8527679,285.51178,119.34117,-21.014025,WAL
1873142317000,85.624929,-2.6062941346251,-10.9275211557887,-0.15195553856352,-0.7134906,-1.1597277,0.8503244,285.30658,119.48043,-21.346989,WAL
1873147326000,85.629938,-2.36402029574592,-11.1791134568765,-0.594571255332168,-0.5491679,-1.135904,0.82772243,285.0927,119.588806,-21.668222,WAL
1873152324000,85.634936,-2.10052066026855,-11.4298943770168,-1.04315321545748,-0.35124752,-1.0577132,0.7861836,284.87476,119.62514,-21.933626,WAL
1873157347000,85.639959,-1.6949362848652,-11.6802548766524,-1.53886737072968,-0.1414153,-0.9401216,0.7461719,284.6729,119.62628,-22.179998,WAL
1873162337000,85.644949,-1.2589084772267,-11.869078468119,-2.00606623027952,0.028405234,-0.7840455,0.6969972,284.51505,119.58666,-22.330048,WAL
1873167389000,85.650001,-0.695823135621208,-11.8402027175967,-2.38626920706257,0.14477506,-0.6105598,0.66156703,284.39468,119.5161,-22.455994,WAL
1873172459000,85.655071,-0.121075336646136,-11.743574364395,-2.72079125137095,0.18203785,-0.41599923,0.6230826,284.334,119.408875,-22.469933,WAL
1873177333000,85.659945,0.463203097675343,-11.4282489346314,-2.88772788186966,0.14782938,-0.2660318,0.56077427,284.3058,119.284355,-22.455736,WAL
1873182330000,85.664942,1.02904821120286,-11.1413153218138,-3.01669683367064,0.04153884,-0.13316862,0.49388456,284.33557,119.13469,-22.322216,WAL
1873187355000,85.669967,1.45630179843437,-11.0080859017661,-2.96616145204773,-0.11209377,-0.05222898,0.38545597,284.3836,118.98065,-22.155113,WAL
1873192298000,85.67491,1.80947935950973,-10.9315108413773,-2.85060260840328,-0.29565877,-0.03848451,0.24312437,284.44315,118.806465,-21.881916,WAL
1873197296000,85.679908,1.48076212946395,-11.4108902643075,-2.06076820121137,-0.47616947,-0.108123146,0.08460484,284.48877,118.6373,-21.580557,WAL
1873202659000,85.685271,1.11263488124138,-11.891603862069,-1.24491749225897,-0.6096435,-0.21685717,-0.049480084,284.50616,118.429504,-21.19638,WAL
1873207346000,85.689958,0.580152107261084,-11.8509908916256,-0.965138413742837,-0.6899723,-0.2706133,-0.10415252,284.5109,118.23601,-20.798845,WAL
1873212514000,85.695126,0.00455165044047509,-11.8112450734739,-0.673621379642758,-0.6969972,-0.38423425,-0.15454891,284.4016,117.95468,-20.441881,WAL
1873217385000,85.699997,-0.304692543031029,-11.8756708990885,-0.742342287207439,-0.66981375,-0.47311515,-0.14721853,284.28665,117.69006,-20.094917,WAL
1873222326000,85.704938,-0.618380812368474,-11.9410225731516,-0.812050766837308,-0.5821546,-0.5012149,-0.10445796,284.14694,117.45203,-19.851986,WAL
1873227339000,85.709951,-0.643114214919034,-12.1738478567827,-1.02223058103753,-0.4465425,-0.44623706,-0.054367006,284.0097,117.20757,-19.617588,WAL
1873232310000,85.714922,-0.610801191757975,-12.4369681455445,-1.25765403687385,-0.30726522,-0.33567044,-0.01160644,283.88654,116.95772,-19.39385,WAL
1873237356000,85.719968,-0.43105599365868,-12.728665003535,-1.43298710127651,-0.14385876,-0.16646078,0.013744468,283.81012,116.72956,-19.220875,WAL
1873242264000,85.724876,-0.214133415453653,-13.0194331598586,-1.58529437994894,0.004276057,0.02076942,0.01863139,283.77512,116.48655,-19.04497,WAL
1873247318000,85.72993,0.0292337339929512,-13.4222054378563,-1.51128105509485,0.15210545,0.19394971,0.034513887,283.8,116.229774,-18.847715,WAL
1873252373000,85.734985,0.280144687579558,-13.8638089697834,-1.35069810977506,0.2959642,0.35918877,0.017715093,283.87527,115.94485,-18.631168,WAL
1873257389000,85.740001,0.455701544695191,-14.2560466255206,-1.04283488882999,0.44501534,0.46609017,-0.02687807,283.98514,115.606316,-18.356007,WAL
1873263334000,85.745946,0.644332196503218,-14.7087600075256,-0.638626347633472,0.61208695,0.5564982,-0.08002335,284.13654,115.23843,-18.067583,WAL
1873267967000,85.750579,0.73009949154061,-15.1233166236937,-0.440280443615106,0.7504479,0.6020077,-0.15302174,284.284,114.77423,-17.713398,WAL
1873272949000,85.755561,0.814020629473357,-15.5774786303156,-0.242818865883083,0.8881981,0.6414085,-0.21960606,284.45386,114.27871,-17.348621,WAL
1873277336000,85.759948,0.758415558862916,-15.9009730768621,-0.0971302148435024,1.0106765,0.64812803,-0.30268374,284.5956,113.675476,-16.935413,WAL
1873282426000,85.765038,0.671507206901743,-16.2630910839937,0.0670300643462758,1.1459832,0.60903263,-0.4147775,284.73187,113.03771,-16.507668,WAL
1873287470000,85.770082,0.555965362031146,-16.2770479207987,0.182962118696857,1.2822062,0.53969944,-0.5421429,284.84274,112.32049,-16.042383,WAL
1873292559000,85.775171,0.430248139333142,-16.1839241313652,0.285398355140919,1.4153748,0.43493605,-0.6640105,284.93024,111.57392,-15.56618,WAL
1873297383000,85.779995,0.385403941246372,-15.8397018587139,0.36433554166183,1.566564,0.33567044,-0.784351,284.9861,110.76698,-15.076358,WAL
1873302677000,85.785289,0.373788022239194,-15.3324732633267,0.441774996318925,1.7489072,0.24312437,-0.8940013,285.01447,109.927,-14.575733,WAL
1873307840000,85.790452,0.320030435331504,-14.823510613626,0.480114601042524,1.9767599,0.1881465,-0.97402465,285.02496,109.06031,-14.088733,WAL
1873312540000,85.795152,0.00984298278724932,-14.2722296873734,0.286063694125025,2.2623394,0.087964594,-1.0097603,285.00162,108.15805,-13.60385,WAL
1873332243000,85.814855,-1.29050241667646,-11.9611896682344,-0.527422480129336,3.3527339,0.36254853,-1.3933836,284.99808,104.29696,-11.614204,WAL
1873337226000,85.819838,-1.6193671137037,-11.3767145925926,-0.733157728888889,3.559512,0.569021,-1.4676038,285.0849,103.28701,-11.0993,WAL
1873342245000,85.824857,-2.1163656320348,-11.2295809058245,-0.958137051437216,3.67466,0.77732605,-1.5247196,285.26605,102.363846,-10.632569,WAL
1873347211000,85.829823,-2.62900366147882,-11.1396439975416,-1.18297833608169,3.688099,1.0213667,-1.5473217,285.5277,101.46435,-10.158614,WAL
1873352242000,85.834854,-3.20878545957079,-11.2280740081367,-1.51079876555126,3.5949419,1.2767084,-1.5552629,285.89908,100.72587,-9.781421,WAL
1873357225000,85.839837,-3.80093255085435,-11.3688305809601,-1.86511626786005,3.4504724,1.5036448,-1.534799,286.3424,100.052666,-9.415139,WAL
1873362228000,85.84484,-4.36521980500745,-11.5458355083954,-2.10694037732737,3.275154,1.6389514,-1.4957036,286.88495,99.57185,-9.165419,WAL
1873367227000,85.849839,-4.92173351725782,-11.7313403771485,-2.32098419686041,3.1007519,1.6181821,-1.4401149,287.4527,99.170265,-8.938033,WAL
1873372231000,85.854843,-5.43198454337167,-11.9576106685835,-2.31950036115819,2.982855,1.459357,-1.3967434,288.0794,98.96473,-8.84369,WAL
1873377193000,85.859805,-5.92578719452179,-12.1925262260896,-2.26196989590395,2.8545732,1.2082914,-1.366811,288.6717,98.81985,-8.769651,WAL
1873382267000,85.864879,-6.39761253886845,-12.6012788396142,-2.07143655973948,2.723848,0.88178396,-1.3634512,289.24893,98.82888,-8.814491,WAL
1873387211000,85.869823,-6.84957471176295,-13.0391170609526,-1.85487141641643,2.5515842,0.4999932,-1.3787229,289.73206,98.86463,-8.864003,WAL
1873392231000,85.874843,-7.29017825938073,-13.3475957563422,-2.23452946120382,2.3747387,0.1151481,-1.4520267,290.15527,81.014175,-8.982228,WAL
1873397259000,85.879871,-7.72678539355648,-13.621636548857,-2.76867640037619,2.2366831,-0.054367006,-1.5949692,290.52475,80.91059,-9.0706835,WAL
1873402423000,85.885035,-7.16397849270924,-13.3604565702343,-2.98605064859531,2.1606305,-0.20586158,-1.7122552,290.8097,80.7604,-9.193632,WAL
1873407330000,85.889942,-6.29144620501604,-12.9310427916788,-3.08198352416642,1.926669,-0.13194689,-1.890017,291.10608,80.67561,-9.250445,WAL
1873412314000,85.894926,-5.42833385900652,-12.2021299006523,-3.08942120968389,1.5879441,0.00580322,-1.9272798,291.44022,80.52874,-9.387616,WAL
1873417504000,85.900116,-4.54050193878575,-11.304321878575,-3.05450638961365,1.196685,0.05131268,-1.8530598,291.75568,80.42253,-9.49295,WAL
1873422361000,85.904973,-3.69719800771388,-10.7646056795231,-3.44245241970547,0.9737192,0.09040806,-1.7321084,292.07773,80.47162,-9.450096,WAL
1873427357000,85.909969,-2.82483544670407,-10.3284246492687,-4.00805022034662,0.958753,0.25870144,-1.5555683,292.4355,80.4925,-9.4415655,WAL
1873432363000,85.914975,-2.10876804639227,-10.1891999131951,-3.6772763318816,1.0711522,0.70524395,-1.3732251,292.8582,80.59587,-9.352799,WAL
1873437367000,85.919979,-1.45923273823998,-10.1748716369344,-2.97042881635439,1.276403,1.1490375,-1.2550226,293.31638,80.66313,-9.296634,WAL
1873442351000,85.924963,-0.961921457658896,-10.3631902689779,-2.45590326459454,1.5329664,1.4049901,-1.2189816,293.81262,80.84695,-9.126117,WAL
1873447350000,85.929962,-0.52791312825264,-10.6398115624626,-2.02189494514844,1.7504344,1.5775595,-1.2198979,294.39948,81.00025,-8.981423,WAL
1873452367000,85.934979,-0.330326342850777,-10.7686657053174,-1.24372268060333,1.9932534,1.7550159,-1.2568552,294.9929,81.274055,-8.700679,WAL
1873457347000,85.939959,-0.240598898212694,-10.8300579263293,-0.318113275400832,2.1835377,1.8735237,-1.3261884,295.61252,81.54452,-8.417968,WAL
1873462326000,85.944938,-0.0660962579024921,-10.8473785997824,0.295326862203224,2.250733,1.8661933,-1.4019357,296.21176,81.895256,-8.037518,WAL
1873467441000,85.950053,0.156740654444225,-10.8425342213212,0.765222092084059,2.2296581,1.6957619,-1.4944818,296.79492,82.244675,-7.642713,WAL
1873472356000,85.954968,0.420764944781961,-10.8902151175127,0.713054957514652,2.1282544,1.5726726,-1.5170839,297.38086,82.55709,-7.235554,WAL
1873477347000,85.959959,0.715139251129433,-10.9661827284196,0.394940778955995,1.969735,1.4584408,-1.5192219,297.92053,82.84966,-6.8188295,WAL
1873482357000,85.964969,0.918163870327917,-10.8641562118322,0.0679257214089715,1.7809776,1.4566082,-1.4816537,298.44324,83.10639,-6.3842187,WAL
1873487359000,85.969971,1.06732239087671,-10.6590635040381,-0.263019720505984,1.6673567,1.5118915,-1.4138476,298.95032,83.30907,-5.9687934,WAL
1873492314000,85.974926,1.00746726991618,-10.3521221380962,-0.979788958738775,1.6114625,1.541213,-1.320996,299.45044,83.5502,-5.516212,WAL
1873497342000,85.979954,0.791258102444622,-9.96294530552784,-1.9983744234524,1.5888605,1.5891659,-1.2238685,299.96967,83.7402,-5.0965614,WAL
1873502361000,85.984973,0.484869493505105,-9.49178483101604,-2.90383120760331,1.5931365,1.7950275,-1.178359,300.541,83.94646,-4.6693387,WAL
1873507349000,85.989961,0.113306147331065,-8.9623072973262,-3.72127041884298,1.5940529,2.0638082,-1.0732902,301.1384,84.08586,-4.2993636,WAL
1873512334000,85.994946,-0.239446682140032,-8.41635011056171,-4.36814127409019,1.6200147,2.3301454,-0.97005403,301.80817,84.285904,-3.9971142,WAL
1873517380000,85.999992,-0.578750885017801,-7.84765687846123,-4.8603714382318,1.6325374,2.5262332,-0.8857546,302.52405,84.45556,-3.7303622,WAL
1873522350000,86.004962,-0.865369955113693,-7.36206514584794,-5.11864352419112,1.6545285,2.694832,-0.79443026,303.378,84.69975,-3.5619543,WAL
1873527352000,86.009964,-1.10529379371932,-6.94939638795953,-5.14743446098367,1.6951511,2.7800477,-0.7067711,304.24023,84.91028,-3.4205923,WAL
1873532309000,86.014921,-1.2766630499309,-6.52488170582428,-5.00709312071076,1.7082846,2.8093693,-0.657291,305.08044,85.11346,-3.2753253,WAL
1873537347000,86.019959,-1.38144633804541,-6.07717110760119,-4.6879801829615,1.7244726,2.8319712,-0.6053675,305.92773,85.28379,-3.1589847,WAL
1873542370000,86.024982,-1.45423164823827,-5.64482092276621,-4.33429077791513,1.7088956,2.8072312,-0.573297,306.759,85.41828,-3.0616286,WAL
1873547308000,86.02992,-1.49105488234378,-5.23516220302706,-3.94764657949192,1.6850718,2.7620273,-0.53969944,307.57974,85.53692,-2.981589,WAL
1873552291000,86.034903,-1.55579660324454,-4.84989788844382,-3.51994733837372,1.6181821,2.6899452,-0.5143485,308.3894,85.59984,-2.9164314,WAL
1873557319000,86.039931,-1.66187995137192,-4.5027162003605,-3.03292844091728,1.5430456,2.5970936,-0.48716503,309.17197,85.66025,-2.863245,WAL
1873562310000,86.044922,-1.77555236446072,-4.18544764838074,-2.53609265009856,1.4556919,2.493552,-0.4746423,309.93903,85.667656,-2.8191829,WAL
1873567332000,86.049944,-1.90196298242749,-3.90553834880315,-2.01690619355111,1.3374895,2.3875668,-0.47525316,310.67276,85.69333,-2.780975,WAL
1873572292000,86.054904,-2.03233363966212,-3.63592342993812,-1.5339483405304,1.2012665,2.2800546,-0.47342056,311.3944,85.65039,-2.767923,WAL
1873577308000,86.05992,-2.17860164814851,-3.3811339338179,-1.12345412441803,1.0363328,2.1704042,-0.47555858,312.08112,85.63873,-2.7557082,WAL
1873582318000,86.06493,-2.33664024190514,-3.14245862102188,-0.71729608068185,0.8677341,2.074193,-0.47525316,312.7677,85.55376,-2.7765458,WAL
1873587328000,86.06994,-2.53142913120111,-2.95242072380434,-0.322967584844638,0.6750061,1.9856175,-0.47586402,313.42236,85.50937,-2.7990487,WAL
1873592330000,86.074942,-2.72637456773893,-2.78458977155245,0.0206162537210256,0.47678033,1.9004018,-0.47647488,314.0804,85.42118,-2.8506465,WAL
1873597303000,86.079915,-2.92176107156177,-2.69133718839161,0.193799749497436,0.28527406,1.8668042,-0.47616947,314.7255,85.37158,-2.9058619,WAL
1873602287000,86.084899,-3.11317891151676,-2.60603521548696,0.365397744659926,0.19120082,1.8188512,-0.47311515,315.37912,85.26043,-3.0112252,WAL
1873607318000,86.08993,-3.25164456216072,-2.62142032943055,0.514120086168175,0.0125227375,1.7733418,-0.4529566,316.02023,85.20175,-3.124461,WAL
1873612305000,86.094917,-3.35593749598072,-2.66307147729157,0.653236051232771,-0.14019357,1.7229455,-0.44073927,316.70453,85.12965,-3.2286386,WAL
1873617338000,86.09995,-3.32806263175904,-2.81173669214458,0.760089222009639,-0.29657507,1.6536123,-0.4166101,317.36554,85.08187,-3.344922,WAL
1873622304000,86.104916,-3.28388834248633,-2.96078102372949,0.866531001531576,-0.41508293,1.5745052,-0.40439278,318.0334,85.02226,-3.464011,WAL
1873627347000,86.109959,-3.12058075562407,-3.1288917734361,0.981807010104426,-0.52320606,1.4553864,-0.37995818,318.6654,84.97561,-3.595046,WAL
1873632327000,86.114939,-2.9524765470778,-3.28353706757232,1.09926900161259,-0.6218608,1.325883,-0.37110063,319.27878,84.940674,-3.7068827,WAL
1873637366000,86.119978,-2.73080885883503,-3.35428212580141,1.24547530097733,-0.71868294,1.1643091,-0.3576616,319.84537,84.910934,-3.8272238,WAL
1873642345000,86.124957,-2.5055560879891,-3.41996865680358,1.38290517859646,-0.82344633,0.9828822,-0.3472769,320.3676,84.91169,-3.90633,WAL
1873647341000,86.129953,-2.2028529509052,-3.43393956184544,1.43413187904419,-0.92057395,0.8029824,-0.33964106,320.84146,84.917885,-3.9883676,WAL
1873652627000,86.135239,-1.88709877947258,-3.44801678841275,1.48293945017481,-1.0317514,0.61086524,-0.33658674,321.2511,84.95716,-4.029548,WAL
1873657353000,86.139965,-1.65652648753371,-3.45253781096794,1.46485540716212,-1.1438452,0.42485678,-0.3286455,321.60922,85.003006,-4.073506,WAL
1873662632000,86.145244,-1.4060744424563,-3.45888794222631,1.43812633037719,-1.2599095,0.25137106,-0.31123585,321.89917,85.10808,-4.0602574,WAL
1873667372000,86.149984,-1.26408745901564,-3.47976836172953,1.33790022954922,-1.3698653,0.1142318,-0.29718593,322.14505,85.221115,-4.0477204,WAL
1873672298000,86.15491,-1.11652883445262,-3.50146813946642,1.23374120577737,-1.5021176,-0.019242255,-0.28710666,322.333,85.39851,-3.9795763,WAL
1873677349000,86.159961,-1.0956222336997,-3.60949959063366,1.14279597896397,-1.6044376,-0.1337795,-0.26725355,322.48578,85.57104,-3.918327,WAL
1873682338000,86.16495,-1.10018867307656,-3.73279354917328,1.05603353543917,-1.7198911,-0.24556783,-0.25778514,322.60016,85.7499,-3.856828,WAL
1873687339000,86.169951,-1.38434116029347,-4.18996628589788,1.23240096328721,-1.8219056,-0.32742378,-0.23762658,322.6935,85.98006,-3.7421796,WAL
1873692305000,86.174917,-1.75901978391846,-4.75432588754247,1.49467601449604,-1.919644,-0.37293324,-0.22052236,322.7639,86.19826,-3.6307468,WAL
1873697357000,86.179969,-2.14018700231424,-5.32845893375843,1.76149308229849,-2.0146337,-0.44135013,-0.21288654,322.82526,86.43262,-3.4856653,WAL
1873702328000,86.18494,-2.51524286982126,-5.89338675892462,2.0240322042395,-2.0564778,-0.51159966,-0.17654006,322.87076,86.62108,-3.3566985,WAL
1873707349000,86.189961,-2.76644159851053,-6.90748748504655,2.50211699543361,-2.134974,-0.5342017,-0.08002335,322.91934,93.243034,-3.2429767,WAL
1873712384000,86.194996,-2.96016890977952,-8.12655285344439,3.07857402208721,-2.1853704,-0.535118,0.01282817,322.95255,93.16907,-3.1410553,WAL
1873717381000,86.199993,-2.87335283719184,-9.89647353971797,3.91561205702546,-2.17804,-0.49968776,0.15302174,323.06085,93.331436,-3.2525597,WAL
1873722358000,86.20497,-2.64124756162118,-11.9515716132698,4.88755269966521,-2.094657,-0.4456262,0.31642818,323.17422,93.54059,-3.3941758,WAL
1873727332000,86.209944,-1.94593338279221,-13.6499458110656,6.22600385809464,-1.8997909,-0.32834008,0.4859433,323.3485,93.808624,-3.6257493,WAL
1873732402000,86.215014,-1.01302539902597,-15.2091110681373,7.76789345772105,-1.5470163,-0.14049901,0.59742624,323.55542,94.0766,-3.8779528,WAL
1873737351000,86.219963,0.254716583209352,-16.4659295069075,8.96265955738576,-1.0070114,-0.09743301,0.6053675,323.75528,94.25113,-4.104505,WAL
1873742336000,86.224948,1.99995472648778,-17.3842094171095,9.75917806137088,-0.35094208,-0.13408493,0.45631635,323.97473,94.38421,-4.3032107,WAL
1873747342000,86.229954,3.60731379570415,-18.032060791039,9.74901593595101,0.33017266,-0.15577064,0.110872045,324.14908,94.30516,-4.29879,WAL
1873752355000,86.234967,5.09576967280591,-18.4520014916902,9.06311314884828,0.9639453,0.034513887,-0.3136793,324.35883,85.74971,-4.2204766,WAL
1873757312000,86.239924,5.75757723475876,-18.5314580311833,8.4685332754901,1.4611896,0.4578435,-0.5983425,324.5432,85.91085,-3.8451056,WAL
1873762350000,86.244962,5.5615468892839,-18.2521143641442,7.95395395124429,1.8500054,1.0341948,-0.634689,324.82678,85.81495,-3.441164,WAL
1873767369000,86.249981,4.87914993850415,-16.8862106315789,7.53530227526712,2.0494528,1.4138476,-0.5320636,325.11584,85.68733,-2.7899578,WAL
1873772356000,86.254968,3.7593429183518,-14.5426487236842,7.20455750833004,2.0641136,1.5876387,-0.47433686,325.51968,85.26163,-2.159578,WAL
1873777345000,86.259957,2.62174857483272,-12.0331110077354,6.77588435254303,1.9205604,1.6404786,-0.41263947,326.01263,84.67748,-1.6134202,WAL
1873782366000,86.264978,1.45937312167666,-9.34104908431638,6.24584114271901,1.6563611,1.6218473,-0.35735616,326.53506,84.02298,-1.1148288,WAL
1873787352000,86.269964,0.446306291235552,-6.85684660153448,5.61580949880431,1.3552046,1.5796975,-0.31948254,327.08234,83.32497,-0.8072851,WAL
1873792322000,86.274934,-0.378906031323236,-4.62782487674372,4.85225090773216,1.0430524,1.559539,-0.28924468,327.62762,82.69237,-0.5256741,WAL
1873797327000,86.279939,-1.09389002931648,-2.77195776641644,4.08214881382853,0.7351763,1.5436565,-0.25961772,328.1634,82.12515,-0.43413094,WAL
1873802360000,86.284972,-1.65092361793757,-1.44840787251087,3.30611067308376,0.58123827,1.5106697,-0.15210545,328.68298,81.60257,-0.37662786,WAL
1873807285000,86.289897,-2.1821177943972,-0.518407572214107,2.646442114007,0.25595254,1.4639386,-0.025961773,329.1797,81.24499,-0.46042544,WAL
1873812348000,86.29496,-2.70604331565783,-0.144868016265933,2.12736765085543,-0.032375857,1.3863586,0.09621128,329.65265,80.91689,-0.5745881,WAL
1873817294000,86.299906,-3.19418770532939,-0.113303782531223,1.80184392576032,-0.32895094,1.2541064,0.22327125,330.08322,80.731514,-0.8073635,WAL
1873822345000,86.304957,-3.65536090780818,-0.606759035987606,1.7557265958814,-0.6218608,1.0155635,0.33505958,330.45593,80.61659,-1.065318,WAL
1873827247000,86.309859,-4.0216686155727,-1.2737555759044,1.74409398011825,-0.93737274,0.66675943,0.4437936,330.76276,80.623474,-1.4241787,WAL
1873832385000,86.314997,-4.19425073518389,-2.46210683137088,1.81805775302134,-1.2663237,0.23976462,0.52626044,330.97574,80.6963,-1.7962165,WAL
1873837281000,86.319893,-4.27899884828954,-3.6979046295885,1.89665213120476,-1.5995506,-0.29260445,0.552833,331.0863,80.8435,-2.2273545,WAL
1873842346000,86.324958,-4.17318379127417,-5.22741148253842,1.99765727136341,-1.9193386,-0.9257663,0.5537493,331.0454,81.044495,-2.6542916,WAL
1873847312000,86.329924,-4.1718051166319,-6.80182765721601,1.96111130323345,-2.186592,-1.6044376,0.5412266,330.88943,81.32197,-3.0540578,WAL
1873852359000,86.334971,-4.43304599146596,-8.59384813483785,1.57612479366584,-2.4071145,-2.2146919,0.5992588,330.57257,81.6242,-3.45248,WAL
1873857328000,86.33994,-4.81507914082114,-10.4553536735095,1.09546403782536,-2.5448647,-2.737898,0.7360926,330.1557,81.99484,-3.7679486,WAL
1873862348000,86.34496,-5.78782916007268,-12.7927871672724,0.132158235644829,-2.6138923,-3.126103,0.89766645,329.60547,82.34247,-4.089404,WAL
1873867327000,86.349939,-6.69883094098017,-14.9603132087312,-0.832431455252387,-2.550057,-3.3282993,1.0363328,329.0811,82.75238,-4.3692303,WAL
1873872343000,86.354955,-7.28360615928219,-16.2105221255116,-1.86082915675307,-2.3600779,-3.2766812,1.1096367,328.52136,83.05975,-4.6684685,WAL
1873877330000,86.359942,-7.43827958799353,-17.2939364904386,-2.589852492094,-2.0189097,-3.0240884,1.1074986,327.96185,83.248436,-5.1060038,WAL
1873882397000,86.365009,-6.18254885474265,-17.8664014358291,-2.35901966932737,-1.5522085,-2.5732698,0.9978484,327.48117,83.28449,-5.5254083,WAL
1873887322000,86.369934,-4.92156424615847,-18.387940272363,-1.98172083466293,-1.0690142,-2.1013765,0.768163,327.061,83.215706,-5.975676,WAL
1873892331000,86.374943,-3.36948753819493,-18.685862627066,-0.578604937771211,-0.66431594,-1.9138408,0.50335294,326.69467,83.06287,-6.37098,WAL
1873897327000,86.379939,-1.93570765096129,-18.7972268993169,0.729200681834472,-0.50976706,-1.6869044,0.37323865,326.43225,83.03708,-6.5480056,WAL
1873902360000,86.384972,-1.22947956236808,-17.7092543359073,1.45451610777349,-0.30543262,-1.4883732,0.12858713,326.2223,83.04906,-6.6166596,WAL
1873907313000,86.389925,-0.58479516696989,-16.5600588450427,2.09979561738111,-0.22815818,-1.210735,-0.0720821,326.12872,83.26381,-6.4180365,WAL
1873912350000,86.394962,-0.331409079934715,-14.7637316920552,2.20838952927493,-0.22143865,-0.90010995,-0.19425514,326.1033,83.49935,-6.1876526,WAL
1873917650000,86.400262,-0.0720271128371382,-12.8620023178761,2.30978862308398,-0.29077184,-0.677755,-0.23762658,326.12988,83.801384,-5.8614445,WAL
1873922348000,86.40496,0.0196806692187118,-10.9544807322666,2.15388545477986,-0.39095375,-0.63529986,-0.23548855,326.19214,84.11192,-5.528799,WAL
1873927594000,86.410206,0.109792620453393,-8.85678188307187,1.94613482984404,-0.50488013,-0.7629707,-0.21746802,326.2231,84.40035,-5.2194715,WAL
1873932396000,86.415008,0.0426816015356622,-7.33000604250274,1.34633009227198,-0.6575964,-1.0375546,-0.1563815,326.22144,84.683716,-4.928929,WAL
1873937293000,86.419905,-0.025757103095768,-5.77302534877782,0.73465916351514,-0.8552113,-1.3005321,-0.06505715,326.15717,84.94322,-4.684328,WAL
1873942351000,86.424963,-0.328439369027135,-4.33095592178771,-0.16444134462091,-1.1001683,-1.4844025,0.07819075,326.0348,85.1921,-4.47218,WAL
1873947271000,86.429883,-0.671576421616919,-2.96310831005587,-1.09514186652833,-1.3408492,-1.7253889,0.23548855,325.8194,85.42996,-4.2889037,WAL
1873952344000,86.434956,-1.08710552668919,-1.96984371100457,-1.91809055194754,-1.5995506,-2.0253236,0.4007276,325.60843,85.68368,-4.1330385,WAL
1873957250000,86.439862,-1.50260229087838,-1.10150216079591,-2.68372508477742,-1.8567249,-2.3280075,0.5494733,325.32428,85.89361,-4.017218,WAL
1873962395000,86.445007,-1.81382271724301,-0.60567155655424,-3.43810457795358,-2.08977,-2.6080892,0.66645396,324.82852,85.9018,-4.0873327,WAL
1873967301000,86.449913,-2.08090270786357,-0.231759630109901,-4.14586644851729,-2.2913556,-2.856406,0.75777835,324.2593,94.20557,-4.194127,WAL
1873972351000,86.454963,-2.2764493326543,-0.0605745575797701,-4.82897464360629,-2.4379632,-3.079677,0.850019,323.7483,94.45991,-4.3328633,WAL
1873977297000,86.459909,-2.43408417851956,0.0158544636003429,-5.4786214685357,-2.5390613,-3.2085698,0.95630956,323.19888,94.86489,-4.504691,WAL
1873982414000,86.465026,-2.55690113288404,-0.121664359129633,-5.98941298560951,-2.559831,-3.232699,1.0546589,322.61987,95.48457,-4.7603073,WAL
1873987332000,86.469944,-2.65959409072349,-0.336386045970664,-6.41885610876115,-2.4694228,-3.1132748,1.1484267,322.05484,96.198296,-5.0467205,WAL
1873992314000,86.474926,-2.58042914250871,-1.46924212444726,-6.70597766769085,-2.3188446,-3.0185907,1.1768318,321.4821,97.03555,-5.377636,WAL
1873997333000,86.479945,-2.42056437421603,-3.01079495429205,-6.93054969873297,-2.2091942,-2.769663,1.2055426,320.99957,97.912445,-5.7303166,WAL
1874002302000,86.484914,-2.25874027278474,-4.53327957420428,-7.11291034125541,-1.9608774,-2.470339,1.2382239,320.62338,98.765854,-6.0570416,WAL
1874007318000,86.48993,-2.07760837960519,-6.05159134423866,-7.09692795341022,-1.7244726,-2.2339342,1.2522738,320.30615,99.60325,-6.377857,WAL
1874012289000,86.494901,-1.92904251428571,-7.46033234285714,-7.0170631,-1.5045611,-2.0280726,1.2559389,319.9165,100.46918,-6.7697015,WAL
1874017338000,86.49995,-1.83331614512195,-8.72009126829268,-6.82178127012195,-1.2583824,-1.749518,1.2950343,319.62616,101.28139,-7.160474,WAL
1874022302000,86.504914,-1.73920133099462,-9.95864213101045,-6.62978701313747,-0.99021256,-1.4465289,1.3494014,319.3735,102.00704,-7.520877,WAL
1874027311000,86.509923,-1.64063463844011,-11.3352586314365,-6.32645067465977,-0.73456544,-1.1646146,1.4031575,319.2029,102.6778,-7.8752985,WAL
1874032286000,86.514898,-1.5420464908078,-12.7268680862714,-6.00414340904099,-0.58184916,-0.85062987,1.4220943,319.1348,103.30527,-8.21312,WAL
1874037318000,86.51993,-1.35672672304687,-14.033052015625,-5.59113439257812,-0.5131268,-0.50610185,1.4196508,319.14374,103.80626,-8.488217,WAL
1874042311000,86.524923,-0.997165336201172,-15.1210754753906,-5.00276107668945,-0.52198434,-0.14905111,1.4117095,319.24896,104.282646,-8.743904,WAL
1874047274000,86.529886,-0.565151614706497,-15.9165706910382,-4.43936097862962,-0.6206391,0.17654006,1.4117095,319.43063,104.63141,-8.909303,WAL
1874052327000,86.534939,0.0767675137507834,-15.9519517189263,-3.92380397974723,-0.806953,0.50488013,1.3707817,319.7116,104.98611,-9.039279,WAL
1874057262000,86.539874,0.623074489029579,-15.798971571718,-3.37079153826985,-1.0439687,0.83199847,1.2647965,320.06985,105.21093,-9.033645,WAL
1874062316000,86.544928,1.03491592329822,-15.2988784764992,-2.71380619748784,-1.3246613,1.0555751,1.0861185,320.48315,105.468414,-8.988908,WAL
1874067294000,86.549906,1.39909062342169,-14.7264885595181,-2.24098191204819,-1.6184875,1.2394456,0.8573494,320.959,105.64664,-8.783996,WAL
1874072318000,86.55493,1.70052704003855,-14.0215915786988,-2.04157027253012,-1.8457294,1.3927728,0.5928447,321.47058,105.848526,-8.51972,WAL
1874077252000,86.559864,1.94249958499172,-13.3156665911217,-1.58241033293051,-1.9712621,1.3295482,0.36071593,321.9769,105.97365,-8.134955,WAL
1874082331000,86.564943,2.0657483680538,-12.5572124082448,-0.496873054380665,-2.0412061,0.8744536,0.1414153,322.38858,106.12028,-7.715839,WAL
1874087256000,86.569868,2.14806928928571,-11.8437450989583,0.476367758630952,-2.0867157,0.5149594,-0.05222898,322.7948,106.261635,-7.216404,WAL
1874092314000,86.574926,2.12103834375,-11.1769814934896,1.23773995572917,-2.097406,-0.34330627,-0.1518,322.91333,106.41562,-6.769583,WAL
1874097298000,86.57991,2.04614286782007,-10.546456983737,1.86442869771626,-2.0289888,-1.201572,-0.32650748,322.82767,106.54278,-6.384981,WAL
1874102328000,86.58494,1.57466851092437,-10.1273684731092,1.48343934151261,-1.8267925,-1.81091,-0.4709771,322.5696,106.63969,-6.0338163,WAL
1874107302000,86.589914,1.03809205679903,-9.72059337223043,1.05638693405161,-1.5583172,-2.130698,-0.6078109,322.11148,106.676025,-5.7490983,WAL
1874112307000,86.594919,-0.240481137961595,-9.39157931019202,0.0984982097488922,-1.3161092,-2.2715025,-0.7275405,321.53082,106.65692,-5.4632425,WAL
1874117324000,86.599936,-1.52211984287949,-9.06177640324963,-0.861687150855852,-1.1212431,-2.2504275,-0.8026769,320.93878,106.640526,-5.2173676,WAL
1874122317000,86.604929,-2.03218994981988,-8.6323300525036,-1.2805598560879,-0.97066486,-2.1239784,-0.8200866,320.3388,106.57022,-4.9569545,WAL
1874127250000,86.609862,-2.33426209819885,-8.18134927503602,-1.55285026087896,-0.84635377,-1.9312505,-0.75655663,319.7703,106.46097,-4.691347,WAL
1874132331000,86.614943,-2.60111593952692,-7.7112151156759,-1.62778689604731,-0.7312057,-1.750129,-0.6209445,319.37262,106.45668,-4.5445113,WAL
1874137325000,86.619937,-2.82935774892624,-7.24480794895736,-1.54343663510738,-0.65057147,-1.6627752,-0.4373795,319.01514,106.44074,-4.422873,WAL
1874142314000,86.624926,-2.97972118254153,-7.05645118507724,-1.58150728254153,-0.600786,-1.6581937,-0.24404067,318.6739,106.50638,-4.4277673,WAL
1874147305000,86.629917,-3.08652683692801,-7.02394514586612,-1.68831293692801,-0.6102544,-1.6633861,-0.069027774,318.37076,106.57788,-4.4712753,WAL
1874152323000,86.634935,-3.10602659195308,-7.16375801077002,-1.86987811165732,-0.66248333,-1.6224581,0.07238753,318.10284,106.68098,-4.598424,WAL
1874157306000,86.639918,-3.06222325220806,-7.42657764267211,-2.10349558482407,-0.72509706,-1.5143349,0.15974127,317.8659,106.79704,-4.7509236,WAL
1874162309000,86.644921,-2.82731311787168,-7.64503531382051,-2.28492512568327,-0.7840455,-1.3518448,0.20647246,317.66193,106.95955,-4.948303,WAL
1874167325000,86.649937,-2.47348171659236,-7.8359179833301,-2.43390669412677,-0.840856,-1.2024882,0.25411993,317.49484,107.14291,-5.1584067,WAL
1874172316000,86.654928,-2.1146444490969,-8.03276513518344,-2.57220503033866,-0.8765916,-1.073901,0.3231477,317.36356,107.36415,-5.373932,WAL
1874177314000,86.659926,-1.74991688015992,-8.23539195418626,-2.70278659619003,-0.8695667,-0.97127575,0.39492437,317.27258,107.58939,-5.589364,WAL
1874182329000,86.664941,-1.40411929195969,-8.41096239086621,-2.76838710064322,-0.8530733,-0.8717047,0.44593164,317.20865,107.82514,-5.7534165,WAL
1874187320000,86.669932,-1.08642344176136,-8.54931362784091,-2.74789055965909,-0.8063421,-0.8393288,0.47769663,317.15964,108.05036,-5.925353,WAL
1874192313000,86.674925,-0.880474655509182,-8.65213079382304,-2.68135662654424,-0.79809546,-0.80878556,0.49021935,317.1292,108.275566,-6.035221,WAL
1874197299000,86.679911,-0.760900483973289,-8.72741814524207,-2.57949711368948,-0.7828238,-0.82711154,0.48472157,317.09503,108.48235,-6.1475058,WAL
1874202323000,86.684935,-0.699921795665996,-8.74325829553884,-2.4708982565328,-0.8038987,-0.8756753,0.46670106,317.06412,108.67275,-6.205195,WAL
1874207315000,86.689927,-0.72525155385186,-8.67233507841475,-2.35438126308149,-0.86742866,-0.9630291,0.43585235,317.01453,108.864334,-6.2614594,WAL
1874212310000,86.694922,-0.78531657571236,-8.58558721794378,-2.28645791546015,-0.93462384,-1.0708468,0.3979787,316.9627,109.03772,-6.287678,WAL
1874217339000,86.699951,-0.878042345672892,-8.48358875721987,-2.263276539536,-1.0253373,-1.1572843,0.35643986,316.88766,109.22745,-6.3099785,WAL
1874222316000,86.704928,-0.999956311482308,-8.36088734401298,-2.25915636605495,-1.1154399,-1.1786644,0.33017266,316.81256,109.42263,-6.3311768,WAL
1874227313000,86.709925,-1.16007241672919,-8.21047526280037,-2.2785643127953,-1.2021828,-1.1404854,0.312763,316.72543,109.63424,-6.3453374,WAL
1874232319000,86.714931,-1.32871460914063,-8.07782706148437,-2.24919530363281,-1.2861768,-1.0790935,0.3210097,316.63977,109.877396,-6.3821263,WAL
1874237326000,86.719938,-1.50665801052734,-7.96544171931641,-2.16490641924805,-1.3628404,-0.977079,0.34025195,316.57358,110.13603,-6.408791,WAL
1874242285000,86.724897,-1.70768926307967,-7.88110846801427,-2.06905722134364,-1.4266758,-0.9056077,0.38728857,316.51218,110.429985,-6.476334,WAL
1874247300000,86.729912,-1.94563863956599,-7.83351864240983,-1.95484149081451,-1.4611896,-0.8231409,0.45631635,316.48425,110.73357,-6.542378,WAL
1874252286000,86.734898,-2.13919003135805,-7.76127315722994,-1.81803622468272,-1.4987578,-0.729984,0.5357288,316.49164,111.06497,-6.65354,WAL
1874257311000,86.739923,-2.2690324761467,-7.65066651487958,-1.64491304865594,-1.4975362,-0.65057147,0.63163465,316.52438,111.39465,-6.7777905,WAL
1874262286000,86.744898,-2.39460810787879,-7.63497852363636,-1.48614637818182,-1.4743233,-0.6188065,0.74036866,316.59326,111.72813,-6.957029,WAL
1874267338000,86.74995,-2.51757314588465,-7.76267323120235,-1.34426355085044,-1.4288138,-0.59406644,0.8200866,316.6865,112.05248,-7.1426263,WAL
1874272261000,86.754873,-2.58887801442177,-7.93351816122449,-1.18858596687075,-1.3655893,-0.5742133,0.9034697,316.81552,112.358154,-7.369417,WAL
1874277371000,86.759983,-2.56985461170068,-8.19984450816327,-0.993596958027211,-1.2852604,-0.59712076,0.98563105,316.9456,112.646324,-7.6138573,WAL
1874282285000,86.764897,-2.54318170457865,-8.49169335178607,-0.790019454724689,-1.2202033,-0.65576386,1.0372492,317.092,112.895096,-7.877107,WAL
1874287392000,86.770004,-2.49491969786856,-8.88261570692718,-0.539056848490231,-1.151481,-0.70341134,1.0772609,317.24048,113.122345,-8.154924,WAL
1874292306000,86.774918,-2.42041053309977,-9.27025800266456,-0.337124771812889,-1.1081096,-0.78893244,1.0903945,317.33978,113.327866,-8.474171,WAL
1874297379000,86.779991,-2.26698510014803,-9.70176739267739,-0.236439294203099,-1.0885619,-0.895223,1.0836749,317.42203,113.52011,-8.7990265,WAL
1874302318000,86.78493,-2.11416851575769,-10.1324103523435,-0.175215272144158,-1.0552697,-0.9789116,1.0699304,317.46182,113.680725,-9.1550255,WAL
1874307339000,86.789951,-1.94824638721365,-10.6025228333174,-0.225913694695677,-1.0283916,-1.03786,1.0338894,317.4757,113.83316,-9.503645,WAL
1874312360000,86.794972,-1.76207242396849,-11.0244683395372,-0.280004904263909,-0.98990715,-1.0360274,0.98440933,317.4552,113.951965,-9.835531,WAL
1874337331000,86.819943,-0.333419055731167,-11.9271890466765,-0.633243367001477,-0.63499445,-0.8594874,0.77182823,317.15454,114.194824,-11.077161,WAL
1874342347000,86.824959,-0.035896286013986,-12.1008646223776,-0.709152501398601,-0.50701815,-0.788627,0.7147123,317.07455,114.13972,-11.192425,WAL
1874347370000,86.829982,0.398612245379759,-12.1756183368298,-0.84931654535742,-0.3753767,-0.68508536,0.6618725,317.01694,114.05337,-11.2835,WAL
1874352602000,86.835214,0.853262851643923,-12.2490147932961,-0.991727067451232,-0.2275473,-0.5742133,0.6084218,316.94934,113.93079,-11.320776,WAL
1874357373000,86.839985,1.2968236435974,-12.2531994134078,-1.07123327657295,-0.076052725,-0.48288897,0.5335908,316.89746,113.766365,-11.327799,WAL
1874362318000,86.84493,1.75656124917483,-12.2575366480447,-1.15363910430442,0.043066,-0.42241332,0.42363504,316.8315,113.55859,-11.247485,WAL
1874367453000,86.850065,2.12572873610008,-12.3189423517673,-0.986480542057188,0.12980886,-0.39584067,0.2733622,316.7707,113.30891,-11.131236,WAL
1874372332000,86.854944,2.4551063833201,-12.3885296221207,-0.777719990468626,0.13316862,-0.37843102,0.08093964,316.7101,113.03403,-10.970554,WAL
1874377351000,86.859963,2.21981187200581,-12.4700661097384,-0.480143216406977,0.055588737,-0.36163223,-0.12889257,316.61148,112.729294,-10.7043085,WAL
1874382302000,86.864914,1.85684998414729,-12.5527662800388,-0.167720320976744,-0.06872234,-0.3472769,-0.30848694,316.504,112.42066,-10.397235,WAL
1874387347000,86.869959,1.25789705221623,-12.6836570768174,0.146532759697832,-0.16768251,-0.33414328,-0.37048978,316.36707,112.08506,-10.036977,WAL
1874392316000,86.874928,0.590285689802806,-12.8283837720494,0.454661098061415,-0.22235495,-0.33964106,-0.44257188,316.21545,111.754074,-9.632323,WAL
1874397351000,86.879963,0.0906863803577678,-13.0537331429127,0.433056766498153,-0.25625798,-0.34238997,-0.4288274,316.08548,111.43988,-9.299506,WAL
1874402367000,86.884979,-0.334298159879448,-13.310592232938,0.274271326754812,-0.20647246,-0.2864958,-0.36957347,315.97247,111.12291,-8.960198,WAL
1874407345000,86.889957,-0.464187407813109,-13.6104205788325,0.0468734292642818,-0.06658431,-0.16737708,-0.28221974,315.9083,110.799355,-8.7313795,WAL
1874412372000,86.894984,-0.441675078848102,-13.9368492214948,-0.219522419738914,0.13958271,0.025961773,-0.22815818,315.88596,110.45484,-8.501356,WAL
1874417312000,86.899924,-0.404782098168132,-14.256996065692,-0.47126631128618,0.3885103,0.2602286,-0.21991149,315.93384,110.10442,-8.324894,WAL
1874422354000,86.904966,-0.19967400984392,-14.5765830588758,-0.614364960415885,0.6282749,0.48655418,-0.24648413,316.03705,109.71236,-8.140879,WAL
1874427396000,86.910008,0.001509755565,-14.886985655,-0.747337354823529,0.8695667,0.6646214,-0.31245756,316.19443,109.282745,-7.9223323,WAL
1874432370000,86.914982,0.150953013555,-15.078459785,-0.752007453176471,1.0848967,0.75411314,-0.3820962,316.38913,108.804245,-7.6905885,WAL
1874437534000,86.920146,0.302510788351418,-15.2745448795477,-0.75549536386432,1.3060299,0.77640975,-0.47525316,316.60052,108.256355,-7.3997536,WAL
1874442360000,86.924972,0.391010013315401,-15.4178295984317,-0.738638379529498,1.5274686,0.7696902,-0.5723807,316.82474,107.65724,-7.093901,WAL
1874447319000,86.929931,0.481948193298076,-15.5650631087809,-0.721316832634266,1.7400496,0.7431176,-0.6737844,317.0381,106.99096,-6.7482347,WAL
1874452341000,86.934953,0.525658905174644,-15.6424195705045,-0.678739136054334,1.9511036,0.70188415,-0.7959574,317.2397,106.27026,-6.383651,WAL
1874457253000,86.939865,0.558427234043188,-15.7032747974923,-0.631927238368992,2.1438315,0.67103547,-0.93645644,317.4318,105.50282,-5.999327,WAL
1874462344000,86.944956,0.556953760263266,-15.4247376007816,-0.586142138532497,2.3451116,0.6291912,-1.087951,317.60168,104.66867,-5.5782294,WAL
1874467393000,86.950005,0.547008621801728,-15.0667124084739,-0.541388999878651,2.5344799,0.59956425,-1.2104294,317.76416,103.79539,-5.140804,WAL
1874472354000,86.954966,0.482142788846117,-14.6834330091969,-0.548251542732531,2.7574458,0.57971114,-1.3041973,317.91428,102.85763,-4.6790414,WAL
1874477250000,86.959862,0.41101272415284,-14.3011086538352,-0.561588419417844,2.9816332,0.5910121,-1.3878858,318.06476,101.88082,-4.2002935,WAL
1874482376000,86.964988,0.148617141369589,-13.9842544726582,-0.587216317130861,3.2345314,0.59956425,-1.4709635,318.21362,100.85419,-3.7131107,WAL
1874487262000,86.969874,-0.160119278140558,-13.708263123463,-0.615283258586424,3.474296,0.62796944,-1.5063937,318.37704,99.79236,-3.22905,WAL
1874492333000,86.974945,-0.63337947999216,-13.5191854515876,-0.769331792124657,3.5705073,0.66431594,-1.5717562,318.55392,98.73081,-2.7382455,WAL
1874497320000,86.979932,-1.14823142681105,-13.3647301832615,-0.961231136704234,3.7317758,0.6960809,-1.627345,318.74493,97.61164,-2.2547727,WAL
1874502342000,86.984954,-1.6615231718927,-13.3178935636364,-1.33211524169896,3.830125,0.79137594,-1.6820174,318.9899,96.53266,-1.8092473,WAL
1874507329000,86.989941,-2.16924986485842,-13.3131483575758,-1.76866537974168,3.7931678,0.92485,-1.7195857,319.26108,95.47254,-1.3677576,WAL
1874512335000,86.994947,-2.65837474030908,-13.3211413367675,-2.14007404707019,3.619682,1.0369438,-1.713477,319.5976,94.524956,-1.0216439,WAL
1874517445000,87.000057,-3.14905516915647,-13.3346461017386,-2.49120310695428,3.3585372,1.0793989,-1.6496416,319.95624,93.641365,-0.69747853,WAL
1874522277000,87.004889,-3.65923965851393,-13.5295175644995,-2.83740332043344,3.0952542,1.1001683,-1.5885551,320.4026,92.97937,-0.4862863,WAL
1874527346000,87.009958,-4.23536509260062,-13.8952315287926,-3.21313737424149,2.8414397,1.0403035,-1.5476271,320.8789,92.50096,-0.3781203,WAL
1874532352000,87.014964,-4.83185463445671,-14.2255599708719,-3.50164588092256,2.629164,0.8933904,-1.534799,321.32385,92.090195,-0.28745311,WAL
1874537368000,87.01998,-5.4479006159658,-14.5359710343971,-3.73564784095835,2.4627032,0.7296785,-1.5445728,321.7348,91.74082,-0.2079097,WAL
1874542345000,87.024957,-6.14184084845828,-14.9393665845729,-3.98876980503399,2.3441954,0.56077427,-1.6142114,322.07858,91.35772,-0.11541318,WAL
1874547356000,87.029968,-6.8982492498276,-15.4121219279874,-4.25824021749581,2.1997259,0.47739118,-1.817935,322.39453,91.03644,0.013750876,WAL
1874552361000,87.034973,-7.75512657750726,-15.552510835788,-4.29319674400361,1.9642372,0.39278635,-2.0470095,322.67255,90.75166,0.12938608,WAL
1874557351000,87.039963,-8.68877137592426,-15.4328128295762,-4.14477101632101,1.7159204,0.19272798,-2.2018638,322.89017,90.5667,0.2781537,WAL
1874562317000,87.044929,-9.05842078870728,-14.8609911729569,-4.17726446463596,1.5946637,0.077579886,-2.2495112,323.12915,90.46949,0.3964957,WAL
1874567350000,87.049962,-8.98680112392274,-13.9203855441308,-4.3539265038633,1.5754215,0.20891592,-2.1856759,323.3772,90.5289,0.52631444,WAL
1874572335000,87.054947,-8.50914310958632,-12.891582073389,-4.58588281195306,1.6071864,0.57696223,-2.0244074,323.71326,89.42539,0.54050136,WAL
1874577316000,87.059928,-7.68849314468974,-11.7815694925418,-4.8657577027148,1.5922203,1.0247264,-1.8594738,324.10596,89.317055,0.5374977,WAL
1874582313000,87.064925,-6.17343470526316,-10.5331304453441,-4.35391866477733,1.6212363,1.1994339,-1.7040086,324.51416,89.140854,0.52739537,WAL
1874587285000,87.069897,-4.04348543337612,-9.16958681662882,-3.13143131922583,1.6722436,1.425454,-1.6282613,325.06192,88.945206,0.48937196,WAL
1874592317000,87.074929,-2.66996837833797,-8.38593949448864,-2.17853484892169,1.8084666,1.5372424,-1.4486669,325.5645,88.70003,0.5066392,WAL
1874597304000,87.079916,-2.09317343058564,-8.2074074757021,-1.5193406843765,1.9550742,1.5427402,-1.2586879,326.09888,88.44729,0.49043408,WAL
1874602288000,87.0849,-1.54948005617863,-8.0920233225938,-1.010606987969,2.111761,1.4724907,-1.1612549,326.5868,87.987114,0.71162164,WAL
1874607320000,87.089932,-1.04831471213295,-8.06745640905383,-0.715803820269168,2.1642957,1.4782939,-1.1582005,327.0954,87.5358,0.8920879,WAL
1874612307000,87.094919,-0.721154023940781,-8.11915531294438,-0.36656774487192,2.2180517,1.6105462,-1.0784826,327.63138,86.96894,1.0942782,WAL
1874617389000,87.100001,-0.597904510548359,-8.26610713178144,0.0600651503107042,2.303573,1.7403551,-0.9605856,328.16376,86.400024,1.2682444,WAL
1874622324000,87.104936,-0.456320321841749,-8.43064363397175,0.432444061052428,2.3921483,1.8142698,-0.86376345,328.71375,85.757545,1.5023202,WAL
1874627316000,87.109928,-0.280591742758754,-8.62949404836526,0.746905718719288,2.4642303,1.7831156,-0.7870999,329.26205,85.12756,1.688598,WAL
1874632282000,87.114894,-0.0581424949902229,-8.81435111497849,0.912174950684396,2.4263568,1.6749926,-0.7495316,329.82697,84.422775,1.8755487,WAL
1874637325000,87.119937,0.267670248049472,-8.97489631179116,0.770517238463043,2.3017402,1.6496416,-0.7287622,330.399,83.75205,2.0247107,WAL
1874642248000,87.12486,0.579488671594524,-9.09215037067387,0.547507532314663,2.1352794,1.6096299,-0.7150178,330.9467,83.03683,2.1989949,WAL
1874647307000,87.129919,0.883083514412417,-9.10616272283814,0.0897799126385809,1.9743165,1.5757269,-0.7284568,331.48294,82.378,2.3575168,WAL
1874652295000,87.134907,1.09047753424772,-9.08814587875615,-0.443029845063344,1.8585575,1.564426,-0.73639804,331.9843,81.73551,2.5791192,WAL
1874657348000,87.13996,0.943544589823055,-8.94627937231704,-1.29929421066904,1.7693712,1.5919148,-0.73945236,332.48087,81.14971,2.7853653,WAL
1874662288000,87.1449,0.74379431132814,-8.74862978695229,-2.10105441197663,1.7186694,1.6878207,-0.74097955,332.94315,80.601906,3.0612164,WAL
1874667365000,87.149977,0.402923399260954,-8.40302450564752,-2.83960812317429,1.6789632,1.8350391,-0.72051555,333.42096,80.091415,3.3120136,WAL
1874672325000,87.154937,0.0704573276251119,-8.08246240224853,-3.55325077939509,1.6389514,2.0207422,-0.68203104,333.89795,79.67942,3.5508823,WAL
1874677347000,87.159959,-0.264497456167546,-7.80971398975226,-4.25187078771267,1.6007724,2.1801782,-0.6469063,334.40454,79.28716,3.7682872,WAL
1874682309000,87.164921,-0.581022944607699,-7.55773038897052,-4.79534618751102,1.5855007,2.2693644,-0.63591075,334.92963,78.97416,3.944898,WAL
1874687324000,87.169936,-0.853880827152513,-7.36014361357626,-4.86591282283279,1.5790867,2.4266622,-0.6081163,335.51312,78.68126,4.0867376,WAL
1874692317000,87.174929,-1.11641991263989,-7.17371577287689,-4.92773679822251,1.582141,2.4672847,-0.57879484,336.07907,78.459076,4.1972632,WAL
1874697309000,87.179921,-1.34122671952412,-7.02983931881877,-4.95471359814728,1.5803084,2.4791965,-0.569021,336.6779,78.2473,4.290764,WAL
1874702344000,87.184956,-1.56818399781451,-6.87100970634165,-4.96319819875782,1.5748106,2.454762,-0.5543602,337.29785,78.04267,4.327173,WAL
1874707315000,87.189927,-1.79494419246287,-6.5419851265714,-4.73643795768189,1.5766432,2.418721,-0.54367006,337.91516,77.84419,4.353844,WAL
1874712304000,87.194916,-2.02252548618661,-6.21176914820211,-4.50885661736247,1.5714508,2.3701572,-0.539394,338.54333,77.6469,4.3359814,WAL
1874717364000,87.199976,-2.23874902972136,-5.77496286130031,-4.01973855139319,1.53205,2.302962,-0.5552765,339.15503,77.46417,4.3158927,WAL
1874722436000,87.205048,-2.45270195936588,-5.32844888115153,-3.50787377066719,1.4453071,2.2122486,-0.5644395,339.7442,77.30339,4.2892137,WAL
1874727315000,87.209927,-2.53450070527135,-4.86946727693056,-2.97163788494456,1.3301591,2.0971005,-0.59498274,340.34918,77.120415,4.219054,WAL
1874732525000,87.215137,-2.62184882295273,-4.37934754788952,-2.39902280713869,1.1991285,1.9767599,-0.58246,340.97592,76.89874,4.081471,WAL
1874737321000,87.219933,-2.70167855844833,-4.03822318399264,-1.79552357375038,1.0797043,1.8677205,-0.5833763,341.57562,76.70623,3.9542344,WAL
1874742645000,87.225257,-2.79050087195443,-3.66692751255234,-1.12558673598987,0.9324858,1.7510452,-0.5739079,342.13754,76.56374,3.8212438,WAL
1874747296000,87.229908,-2.87291324943032,-3.42836536245983,-0.592074950984517,0.77640975,1.6465873,-0.55924714,342.71692,76.36258,3.6487138,WAL
1874752257000,87.234869,-2.96081860411919,-3.17390248853832,-0.0230033609153763,0.6096435,1.5274686,-0.5305365,343.30182,76.10172,3.4279401,WAL
1874757314000,87.239926,-3.03052197691616,-3.00530583386629,0.34169782358549,0.45112398,1.4236214,-0.5030475,343.86038,75.88447,3.2019925,WAL
1874762265000,87.244877,-3.09685632292395,-2.84894660437694,0.678107205945838,0.28955013,1.3387111,-0.46120325,344.3877,75.71835,2.9646816,WAL
1874767343000,87.249955,-3.08098314008697,-2.79969123328721,0.840097402075509,0.14630222,1.2745703,-0.43096542,344.95047,75.382866,2.693757,WAL
1874772255000,87.254867,-3.05773672870132,-2.7624969847796,0.979575384917968,0.009773844,1.2324207,-0.39920044,345.4916,75.097145,2.4101257,WAL
1874777311000,87.259923,-2.94059625342357,-2.80896699228337,0.991750679330106,-0.11148291,1.2220359,-0.34788775,346.0437,74.803795,2.0825417,WAL
1874782282000,87.264894,-2.81359592146033,-2.86541158972434,0.987046966969667,-0.23732115,1.1893547,-0.33292156,346.57687,74.552185,1.7578856,WAL
1874787330000,87.269942,-2.61091886651912,-2.86039373110664,0.902088956651911,-0.29810223,1.1459832,-0.29565877,347.11255,74.32194,1.4235054,WAL
1874792248000,87.27486,-2.40243361527163,-2.84617888046278,0.807322891527163,-0.4202753,1.0824533,-0.26633725,347.63135,74.143486,1.0892558,WAL
1874797337000,87.279949,-2.1489201386773,-2.8736245684972,0.727874053386478,-0.5653558,1.0103711,-0.24678956,348.12497,73.942566,0.78279144,WAL
1874802268000,87.28488,-1.89795514421809,-2.90615703632516,0.653514044423777,-0.7086037,0.9266826,-0.21991149,348.59335,73.77694,0.47127762,WAL
1874807350000,87.289962,-1.63344523802257,-2.99124019298927,0.584581113323159,-0.8558222,0.84116143,-0.204029,349.01813,73.61843,0.21339522,WAL
1874812299000,87.294911,-1.37481215501295,-3.08329607876434,0.518826951701813,-1.0097603,0.7464773,-0.1881465,349.4139,73.50472,-0.044514902,WAL
1874817360000,87.299972,-1.16775543600128,-3.18038099377004,0.537315354228468,-1.1441506,0.65301496,-0.17562376,349.7523,73.535286,-0.23750985,WAL
1874822289000,87.304901,-0.991206693673862,-3.27622160115409,0.592802099559735,-1.2947289,0.5543602,-0.15974127,350.061,73.610435,-0.42762712,WAL
1874827332000,87.309944,-0.940199833130667,-3.37133722298667,0.725704882530667,-1.4248432,0.45173484,-0.14385876,350.30414,73.798775,-0.54854304,WAL
1874832387000,87.314999,-0.918683937824,-3.46600717312,0.876316118224,-1.5580118,0.3387248,-0.12217305,350.5153,74.02501,-0.66651976,WAL
1874837319000,87.319931,-0.95233588179925,-3.71213544789671,1.06047280395668,-1.6807957,0.2284636,-0.09315695,350.67856,74.291306,-0.7468259,WAL
1874842315000,87.324927,-1.02706371306122,-4.07581095510204,1.27469256020408,-1.7965547,0.109650314,-0.06169739,350.80627,74.586525,-0.82401085,WAL
1874847308000,87.32992,-1.12429974919332,-4.34887254457279,1.50088815951313,-1.9321668,0.027488936,0.003970624,350.9159,74.87824,-0.90689564,WAL
1874852328000,87.33494,-1.23444894862053,-4.57376068509785,1.73495535206683,-2.0378466,-0.052534413,0.04520403,350.99268,75.18665,-0.9821008,WAL
1874857314000,87.339926,-1.36454057074864,-4.96702503619237,1.98813941918691,-2.1615467,-0.14660765,0.11484267,351.04944,75.495926,-1.0902473,WAL
1874862296000,87.344908,-1.51120012852752,-5.49689148775409,2.25780374186416,-2.230269,-0.1957823,0.21563543,351.09122,75.80897,-1.2139789,WAL
1874867330000,87.349942,-1.65164628389461,-6.31276419423534,2.71646474809826,-2.2547035,-0.23609942,0.3173445,351.12546,76.0655,-1.3740994,WAL
1874872322000,87.354934,-1.78423421923534,-7.36399701832409,3.33205152717908,-2.2094996,-0.24648413,0.44104472,351.1455,76.30836,-1.5626469,WAL
1874877310000,87.359922,-1.71138891261568,-8.7970456502679,4.09086386819289,-2.0754147,-0.22937989,0.539394,351.17688,76.49361,-1.7961347,WAL
1874882314000,87.364926,-1.44528340734535,-10.594425414905,4.98721934673161,-1.8344283,-0.18325958,0.5742133,351.20834,76.62337,-2.040185,WAL
1874887319000,87.369931,-1.01287534684594,-12.8407091175328,6.50547078527834,-1.6530013,-0.21380283,0.6123924,351.236,76.63605,-2.3230927,WAL
1874892317000,87.374929,-0.388781718185315,-15.6026550344923,8.74070006428704,-1.2024882,-0.3304781,0.54000485,351.2536,76.507065,-2.570643,WAL
1874897301000,87.379913,0.748867383362535,-17.6925891629811,10.1138804164363,-0.66156703,-0.4746423,0.31490102,351.23157,76.280334,-2.702373,WAL
1874902330000,87.384942,3.11957704980651,-18.2251023059749,9.46871895662343,-0.11575896,-0.4831944,0.0290161,351.2186,75.948616,-2.7872152,WAL
1874907303000,87.389915,4.70217163664191,-18.6332252566238,8.82168230700522,0.39828414,-0.27916542,-0.3155119,351.19293,75.306305,-2.6322236,WAL
1874912302000,87.394914,5.23069321949016,-18.8782680688479,8.15862797129667,0.81489426,0.14935656,-0.6178902,351.24326,74.60036,-2.4328465,WAL
1874917296000,87.399908,5.13052269408064,-18.1789487066057,7.60863462138976,1.104139,0.57971114,-0.72143185,351.19006,74.01581,-1.8672092,WAL
1874922322000,87.404934,4.16703633823277,-16.1785666921171,7.20947603479173,1.2709051,0.9419542,-0.66737026,351.2547,73.363396,-1.3345836,WAL
1874927245000,87.409857,3.16078737142857,-14.1526527756854,6.82465969475344,1.312444,1.1450669,-0.58368176,351.35007,72.78882,-0.7707618,WAL
1874932369000,87.414981,1.97450817142857,-11.8961436181133,6.43782933546466,1.2366967,1.244638,-0.50640726,351.51462,72.20624,-0.2808871,WAL
1874937474000,87.420086,0.793678326418947,-9.64705303560637,6.03496390961617,1.0769554,1.3197744,-0.4166101,351.78046,71.58419,0.0048242477,WAL
1874942320000,87.424932,-0.314912342098816,-7.5009351522254,5.44750577872601,0.8518516,1.3536774,-0.3585779,352.0534,71.020706,0.2557483,WAL
1874947299000,87.429911,-1.4023681391924,-5.36768922339667,4.83960010353325,0.605062,1.38025,-0.29535335,352.40997,70.51257,0.27702308,WAL
1874952306000,87.434918,-1.91965506555819,-4.02464155368171,4.1799406881829,0.35308012,1.4059063,-0.22693644,352.766,70.08098,0.2727104,WAL
1874957361000,87.439973,-2.4294974524108,-2.74340698287678,3.52720877746892,0.118202426,1.4159856,-0.10903945,353.18332,69.74041,0.07400299,WAL
1874962290000,87.444902,-2.77304277363793,-2.41894764845851,3.05483395455372,-0.09315695,1.393689,0.014660766,353.58865,69.46553,-0.14687976,WAL
1874967387000,87.449999,-3.12311933261811,-2.14486547938976,2.59412135557087,-0.2770274,1.3038919,0.17806722,353.99695,69.286705,-0.48141792,WAL
1874972345000,87.454957,-3.41754386751968,-2.42526980531496,2.39316488051181,-0.4896085,1.0986412,0.3494149,354.35233,69.16959,-0.83977044,WAL
1874977406000,87.460018,-3.71523822750144,-2.74917899434415,2.19370217174957,-0.7458665,0.9440922,0.52534413,354.69717,69.14573,-1.293001,WAL
1874982317000,87.464929,-3.968145578913,-3.53951390161321,2.0717647863261,-1.0592403,0.54611355,0.6087272,354.91217,69.187256,-1.7232437,WAL
1874987669000,87.470281,-4.24233013630003,-4.42218512258606,1.93733737598657,-1.217149,0.06811147,0.81581056,355.03873,69.26239,-2.2613897,WAL
1874992315000,87.474927,-4.44987660891874,-5.64255929179961,1.78790378567031,-1.7030923,-0.51251596,0.874759,355.03757,69.50511,-2.731836,WAL
1874997324000,87.479936,-4.67363904571322,-6.95828340148335,1.62679469098797,-1.8484782,-1.1221595,0.9718866,354.86993,69.68339,-3.259974,WAL
1875002329000,87.484941,-4.85235935643564,-8.84133647050919,1.08122417685997,-2.1010711,-1.7950275,1.0024298,354.53415,70.00584,-3.7188008,WAL
1875007281000,87.489893,-5.02005494908062,-10.8201456144171,0.463145715142453,-2.2791383,-2.482251,1.040609,354.0245,70.31853,-4.141378,WAL
1875012300000,87.494912,-5.71986860011151,-12.78434284862,-0.609706494301645,-2.3747387,-3.0454686,1.0931433,353.37656,70.733055,-4.546016,WAL
1875017317000,87.499929,-6.5190866772326,-14.7399714067466,-1.76611686341418,-2.355191,-3.3396003,1.1417072,352.6176,71.13508,-4.916267,WAL
1875022321000,87.504933,-7.03070550947253,-16.0610617146276,-2.64878020077774,-2.1817052,-3.3325753,1.1863003,351.80496,71.68369,-5.276195,WAL
1875027282000,87.509894,-7.41442805103201,-17.09853399312,-3.40675065934789,-1.8832976,-3.051272,1.1899655,350.98923,72.1592,-5.632179,WAL
1875032329000,87.514941,-6.714438484938,-17.7975767770945,-3.21410442607118,-1.4669929,-2.543643,1.0916162,350.2867,72.73121,-6.0917935,WAL
1875037295000,87.519907,-5.5349474985684,-18.3249906093356,-2.59079617757838,-0.9737192,-1.951409,0.88178396,349.69403,73.165375,-6.5372066,WAL
1875042312000,87.524924,-4.00146132031587,-18.6621632633902,-1.37660638346086,-0.5009095,-1.3903292,0.6038403,349.27002,73.57432,-6.9900317,WAL
1875047309000,87.529921,-2.33023417989013,-18.9156646909947,0.0786756029429077,-0.21288654,-1.0488557,0.34666604,348.9627,73.88275,-7.4003143,WAL
1875052299000,87.534911,-1.2444554721206,-17.9938093819096,1.11145822110553,-0.12950343,-0.89888823,0.15668693,348.68997,74.163216,-7.5900226,WAL
1875057336000,87.539948,-0.444522632563819,-16.4666643854271,1.94047957366834,-0.17256944,-0.8035932,0.007330383,348.5114,74.41474,-7.7328424,WAL
1875062291000,87.544903,-0.103797031599323,-14.7069349592182,2.09072259419282,-0.24373524,-0.74128497,-0.10567969,348.25604,74.63854,-7.5960217,WAL
1875067444000,87.550056,0.030682318209923,-12.7500287352002,1.91914546482804,-0.36285394,-0.73792523,-0.19364429,348.01965,74.89421,-7.432526,WAL
1875072319000,87.554931,0.0753119439040926,-10.8298679470856,1.47570714047127,-0.4822781,-0.77854776,-0.22082779,347.73837,75.076935,-7.1848526,WAL
1875077312000,87.559924,0.0555446858011575,-8.80866583856966,0.798678580890864,-0.6047566,-0.95905846,-0.22357668,347.4245,75.29319,-6.9172273,WAL
1875082336000,87.564948,-0.0943262081726501,-6.99358334141352,-0.18685300427534,-0.675617,-1.1985176,-0.18906279,347.07922,75.4777,-6.670442,WAL
1875087323000,87.569935,-0.323915870762811,-5.32783709849647,-1.35434086983737,-0.8567385,-1.3582588,-0.094989546,346.70282,75.70986,-6.43661,WAL
1875092314000,87.574926,-0.710016372902711,-3.98391539952153,-2.26449288199761,-1.0247264,-1.4669929,0.03176499,346.27844,75.958435,-6.2516394,WAL
1875097289000,87.579901,-1.17544424590909,-2.81084729545455,-3.03862296647727,-1.1682798,-1.6224581,0.17470746,345.78928,76.23099,-6.086013,WAL
1875102295000,87.584907,-1.6232261478635,-1.83546366863805,-3.64881812047433,-1.3707817,-1.822211,0.32436943,345.27124,76.61748,-6.014267,WAL
1875107350000,87.589962,-2.06407263210247,-0.963459576623637,-4.17202048462924,-1.5931365,-2.0781636,0.46517387,344.68533,77.02524,-5.9699707,WAL
1875112332000,87.594944,-2.40400852168112,-0.424676135476985,-4.54862545276851,-1.8417587,-2.3716843,0.58246,344.02005,77.441574,-6.038158,WAL
1875117478000,87.60009,-2.70459593020109,-0.039548485207281,-4.86330288686744,-2.0766363,-2.674979,0.6826419,343.27432,77.880104,-6.129443,WAL
1875122347000,87.604959,-2.88514425746041,0.104015085508526,-5.11766872676614,-2.2565362,-2.9202414,0.7837401,342.50278,78.365395,-6.339737,WAL
1875127353000,87.609965,-2.99219994546285,0.0845504109900528,-5.3463785479395,-2.3710735,-3.0808988,0.8912524,341.6659,78.83913,-6.5779066,WAL
1875132343000,87.614955,-3.05289351923348,-0.190435966630319,-5.56178745729806,-2.392759,-3.138931,0.98990715,340.81085,79.27988,-6.9084516,WAL
1875137357000,87.619969,-3.08187545807263,-0.644485071086209,-5.76949093199879,-2.3011293,-3.0808988,1.0708468,339.94272,79.63664,-7.2743692,WAL
1875142342000,87.624954,-3.00165010211227,-1.38188940581211,-5.99030561864391,-2.1233675,-2.8383853,1.1282681,339.118,79.89634,-7.6933312,WAL
1875147314000,87.629926,-2.85009488139468,-2.30499824378279,-6.21993466683063,-1.8891008,-2.5372288,1.1695015,338.33075,80.025635,-8.144265,WAL
1875152336000,87.634948,-2.63878237766477,-3.43074298091945,-6.44567900313263,-1.6798794,-2.1832323,1.2547172,337.59985,80.023384,-8.638235,WAL
1875157349000,87.639961,-2.37510653157038,-4.72959068234337,-6.665408908869,-1.430341,-1.8304577,1.3298537,336.96362,79.88949,-9.1530485,WAL
1875162332000,87.644944,-2.17454708353693,-6.23734685994174,-6.6529930226931,-1.1475104,-1.5381587,1.4129313,336.34082,79.673164,-9.643591,WAL
1875167333000,87.649945,-2.02153236718662,-7.92050888077429,-6.45947438872392,-0.87598073,-1.2718215,1.4871514,335.82242,79.36671,-10.154658,WAL
1875172326000,87.654938,-1.9020842443639,-9.8592708194138,-6.27807525181216,-0.6783658,-1.1285735,1.529912,335.3601,79.07467,-10.613551,WAL
1875177312000,87.659924,-1.82684006213888,-12.1366612826978,-6.1125378518752,-0.54061574,-0.77366084,1.5415184,335.04642,78.724045,-11.083939,WAL
1875182339000,87.664951,-1.58572916382684,-14.0486064169796,-5.95583755269816,-0.4831944,-0.35063666,1.5338826,334.80518,78.40881,-11.486194,WAL
1875187302000,87.669914,-1.20053100543586,-15.5940962911643,-5.81021406803716,-0.419359,0.12522738,1.5228871,334.68994,78.06701,-11.885112,WAL
1875192312000,87.674924,-0.674281681877824,-16.6042431050874,-5.3699815174229,-0.453262,0.5702427,1.4462235,334.6693,77.81139,-12.175121,WAL
1875197310000,87.679922,-0.0114504070280889,-17.0602337845217,-4.63663629679827,-0.6441574,0.95294976,1.2968669,334.77197,77.56568,-12.434246,WAL
1875202285000,87.684897,0.897184654165431,-16.4625792339164,-3.59911914292914,-0.96883225,1.3170254,1.103528,334.95078,102.54633,-12.536184,WAL
1875207322000,87.689934,2.11279740932108,-14.6081737604506,-2.1832876338571,-1.3381003,1.6132951,0.92179567,335.21844,102.64627,-12.59681,WAL
1875212272000,87.694884,2.77692891440922,-13.2187587144092,-0.989435864293948,-1.666135,1.7351627,0.7495316,335.44812,102.6034,-12.492461,WAL
1875217361000,87.699973,2.75352049212296,-12.3666914587896,-0.0250082305859749,-1.9489655,1.5555683,0.5305365,335.66922,102.541954,-12.330978,WAL
1875222336000,87.704948,2.67834347965457,-11.5391658367431,0.829582640505809,-2.196977,1.0793989,0.2733622,335.663,102.302284,-11.998288,WAL
1875227306000,87.709918,2.51197274242829,-10.721991457181,1.52931868430143,-2.3484714,0.49663344,0.015271631,335.56848,102.04318,-11.618844,WAL
1875232302000,87.714914,2.21444890267901,-10.1152021276181,1.94982948339016,-2.3793201,-0.17165314,-0.21013765,335.32288,101.775665,-11.23462,WAL
1875237324000,87.719936,1.72717649802241,-9.81534249488553,1.96388540826108,-2.2849414,-0.86926126,-0.3827071,334.89877,101.47906,-10.812779,WAL
1875242244000,87.724856,1.1714779428675,-9.60778607387103,1.866782345958,-2.0522017,-1.4434745,-0.54092115,334.3326,101.16726,-10.404586,WAL
1875247291000,87.729903,0.452888136933655,-9.55838296896488,1.55689054320758,-1.7507398,-1.8383989,-0.6795876,333.61975,100.8121,-9.970134,WAL
1875252269000,87.734881,-0.273104796243442,-9.49447435362015,1.24238221867786,-1.4230106,-2.0589213,-0.80573124,332.76965,100.47495,-9.597186,WAL
1875257318000,87.73993,-1.07983868908499,-9.3676289570829,0.887216273934942,-1.1297953,-2.1343632,-0.8790351,331.85394,100.091034,-9.208194,WAL
1875262294000,87.744906,-1.80604523928749,-9.1638770305503,0.553902291921584,-0.8897252,-2.101682,-0.9111055,330.8167,99.76646,-8.929172,WAL
1875267327000,87.749939,-2.37682925991641,-8.77056428291372,0.256519071208678,-0.7330383,-1.9975294,-0.895223,329.79086,99.41472,-8.641733,WAL
1875272297000,87.754909,-2.85731995759855,-8.3594683835079,-0.0295374526798705,-0.63529986,-1.9321668,-0.8194757,328.8872,99.20937,-8.480377,WAL
1875277275000,87.759887,-3.13422668235574,-7.8919044009522,-0.297365215526566,-0.6041457,-1.7837266,-0.75900006,328.0454,98.99646,-8.314877,WAL
1875282282000,87.764894,-3.37378159288278,-7.45540649720893,-0.614845862001595,-0.5839872,-1.6560557,-0.5882632,327.28717,98.946976,-8.299119,WAL
1875287277000,87.769889,-3.44053848328349,-7.16930512579745,-1.14413340907097,-0.6062838,-1.5625933,-0.3827071,326.568,98.9249,-8.307801,WAL
1875292295000,87.774907,-3.48825506464646,-6.94169615039282,-1.66186346964085,-0.6704246,-1.4416419,-0.13347405,325.9273,99.03988,-8.4333315,WAL
1875297289000,87.779901,-3.44799703501683,-6.98642729442574,-2.11364830462028,-0.7309003,-1.2296717,0.07086037,325.3451,99.19841,-8.600219,WAL
1875302467000,87.785079,-3.37247360113774,-7.03342762216945,-2.54905115309842,-0.7855727,-0.9596693,0.22418754,324.834,99.46518,-8.837761,WAL
1875307246000,87.789858,-2.91242187016459,-7.08398298077985,-2.56927334933171,-0.83199847,-0.68294734,0.31703907,324.38992,99.772766,-9.110307,WAL
1875312228000,87.79484,-2.44023519271444,-7.16253025385151,-2.52965925536229,-0.8597928,-0.4633413,0.42302418,323.9981,100.14889,-9.420127,WAL
1875317248000,87.79986,-1.99106479255541,-7.33455269595468,-2.27162506830335,-0.88086766,-0.35979962,0.52198434,323.65536,100.548676,-9.747994,WAL
1875322235000,87.804847,-1.56380378697509,-7.52378504630299,-2.01870498891903,-0.9016371,-0.3539964,0.5882632,323.31726,100.898766,-10.020254,WAL
1875327226000,87.809838,-1.20846521985132,-7.78308624890496,-1.77861136451678,-0.89919364,-0.40194935,0.61178154,322.99533,101.25942,-10.30335,WAL
1875332241000,87.814853,-0.884332485480052,-8.03582499337379,-1.57418557525619,-0.90194255,-0.49357912,0.61636305,322.58142,101.5446,-10.533972,WAL
1875337235000,87.819847,-0.67972172697443,-8.25946949025968,-1.50280978299672,-0.90010995,-0.605062,0.59712076,322.1491,101.82324,-10.760984,WAL
1875342231000,87.824843,-0.503057821629615,-8.45783194800114,-1.46018761052381,-0.90408057,-0.70616025,0.571159,321.6181,102.009415,-10.924341,WAL
1875347230000,87.829842,-0.434541768970518,-8.55832229338804,-1.52870362502624,-0.91782504,-0.784351,0.52839845,321.06366,102.181496,-11.073971,WAL
1875352276000,87.834888,-0.381410554311927,-8.6376804208217,-1.59766499549262,-0.94134337,-0.8509353,0.49693888,320.4305,102.29423,-11.178708,WAL
1875357269000,87.839881,-0.448167422385321,-8.55184991433985,-1.66442187352413,-0.95294976,-0.89675015,0.47555858,319.78513,102.39412,-11.270123,WAL
1875362270000,87.844882,-0.518566333932981,-8.46866723104056,-1.73220279417989,-0.999681,-0.9272934,0.44898596,319.11612,102.50858,-11.356948,WAL
1875367298000,87.84991,-0.617644911522634,-8.40733311934156,-1.80769122345679,-1.0638218,-0.93126404,0.44043383,318.4471,102.62171,-11.438607,WAL
1875372278000,87.85489,-0.72220797881714,-8.344734008449,-1.87497344339167,-1.1239921,-0.9315695,0.4364632,317.75534,102.75666,-11.534591,WAL
1875377266000,87.859878,-0.909594375316838,-8.25824774773687,-1.84614479016295,-1.151481,-0.9147707,0.44959682,317.07373,102.89376,-11.627992,WAL
1875382306000,87.864918,-1.09825245611012,-8.18239981184393,-1.81155666973658,-1.2159272,-0.906524,0.48563787,316.36798,103.07471,-11.753329,WAL
1875387301000,87.869913,-1.27826571680531,-8.22503439740543,-1.72155001465637,-1.2983941,-0.90010995,0.5164866,315.67346,103.2592,-11.875423,WAL
1875392323000,87.874935,-1.46251849556665,-8.27607317351732,-1.63284455917988,-1.3631458,-0.8961393,0.54305923,314.94238,103.488785,-12.05064,WAL
1875397285000,87.879897,-1.68574861940693,-8.42954407486788,-1.56773576698963,-1.4059063,-0.91354895,0.5934556,314.21652,103.734184,-12.235385,WAL
1875402545000,87.885157,-1.92023525042751,-8.5969117552974,-1.49403430876394,-1.4410311,-0.9260717,0.63438356,313.46655,104.00714,-12.458105,WAL
1875407289000,87.889901,-2.10601813830855,-8.80380614860595,-1.37158651032528,-1.4358387,-0.9315695,0.6759224,312.72406,104.28596,-12.68773,WAL
1875412269000,87.894881,-2.30104317659851,-9.02099292741636,-1.24304729526952,-1.4401149,-0.95172805,0.70921457,311.99594,104.60371,-12.958646,WAL
1875417399000,87.900011,-2.50341678723613,-9.28088943004418,-1.02020307743741,-1.4376713,-0.95722586,0.7443393,311.27966,104.922455,-13.233005,WAL
1875422286000,87.904898,-2.69641418163967,-9.53362434167894,-0.795039482621502,-1.4123205,-0.9779953,0.7632761,310.56128,105.23456,-13.504777,WAL
1875427313000,87.909925,-2.82890488469325,-9.76339732761826,-0.55339143559182,-1.3738359,-0.98990715,0.78801614,309.8511,105.56632,-13.814668,WAL
1875432277000,87.914889,-2.94674646093782,-9.98435018694485,-0.312798168291675,-1.3130548,-0.99204516,0.8032878,309.14566,105.885155,-14.117993,WAL
1875437334000,87.919946,-2.92997054801541,-10.2042416522158,-0.115907959009634,-1.2336423,-1.0057896,0.8231409,308.42435,106.201546,-14.453469,WAL
1875442250000,87.924862,-2.89822133398844,-10.4174151358382,0.0700518557572254,-1.1258247,-1.0482447,0.84665924,307.70316,106.50275,-14.784467,WAL
1875447308000,87.92992,-2.7313238873238,-10.602244984964,0.0723455433079252,-0.99021256,-1.1047498,0.8912524,306.93765,106.79088,-15.142917,WAL
1875452302000,87.934914,-2.53656174611047,-10.7770313347604,0.0323943463527201,-0.8323039,-1.1206323,0.91751957,306.1828,107.057816,-15.490145,WAL
1875457313000,87.939925,-2.25406091681542,-10.9565146752945,-0.333202610173152,-0.6301075,-1.0818423,0.9569204,305.34818,107.2926,-15.848825,WAL
1875462265000,87.944877,-1.96623020406998,-11.1342925360586,-0.726853470137451,-0.410196,-0.9841039,0.9602802,304.54333,107.50231,-16.188042,WAL
1875467328000,87.94994,-1.5546355784306,-11.3501280099068,-1.17159432284453,-0.16829337,-0.9147707,0.9492846,303.79498,107.68017,-16.493433,WAL
1875472334000,87.954946,-1.08909287385974,-11.5805483712604,-1.63243460362923,0.03726278,-0.74067414,0.9462303,303.12024,107.84245,-16.783195,WAL
1875477310000,87.959922,-0.498858506161769,-11.6371261952944,-2.00764994364334,0.13255776,-0.54275376,0.93034774,302.54785,107.96821,-16.995821,WAL
1875482344000,87.964956,0.172951150227204,-11.5933126545491,-2.33868655630617,0.2452624,-0.33261612,0.893085,302.0383,108.066635,-17.188066,WAL
1875487326000,87.969938,0.840083639395986,-11.3361404601629,-2.50445388994635,0.27030787,-0.14844026,0.8399397,301.6567,108.107185,-17.274248,WAL
1875492313000,87.974925,1.5090777098947,-10.9660580933837,-2.58511279364196,0.19853121,-0.004581489,0.7651087,301.3277,108.129745,-17.336079,WAL
1875497291000,87.979903,2.04900208435152,-10.7235696081455,-2.60847948655595,0.0720821,0.112704635,0.66614854,301.11578,108.06607,-17.271957,WAL
1875502303000,87.984915,2.51874276711151,-10.5527553368921,-2.59898978279953,-0.10323623,0.17898351,0.5143485,300.92926,107.978386,-17.17003,WAL
1875507315000,87.989927,2.73557480733083,-10.6379036144638,-2.44110520062327,-0.28130344,0.17470746,0.32498032,300.80246,107.79628,-16.942383,WAL
1875512292000,87.994904,2.79216011654135,-10.883106538979,-2.19118638642659,-0.44715336,0.102319926,0.10598512,300.67065,107.58341,-16.666338,WAL
1875517341000,87.999953,2.58452915218033,-11.2438261823014,-1.81442647410178,-0.56077427,0.010995574,-0.07666359,300.54898,107.29113,-16.28728,WAL
1875522321000,88.004933,2.19957157367851,-11.6757302732552,-1.35904966614824,-0.61636305,-0.102319926,-0.22510384,300.3946,106.96951,-15.863944,WAL
1875527312000,88.009924,1.32189018121676,-12.0905122237945,-0.929109926216314,-0.634689,-0.22235495,-0.3109304,300.1978,106.60588,-15.40237,WAL
1875532311000,88.014923,0.057607531771068,-12.4918032879676,-0.519188938981523,-0.59742624,-0.3191771,-0.3378085,299.97327,106.231804,-14.926299,WAL
1875537307000,88.019919,-0.861693650547303,-12.8183979885653,-0.312680112519547,-0.49877146,-0.37384954,-0.3203988,299.68573,105.866646,-14.505111,WAL
1875542314000,88.024926,-1.11475835277561,-13.0011667009382,-0.500135429741986,-0.3484986,-0.35643986,-0.28985557,299.3936,105.49848,-14.0898075,WAL
1875547304000,88.029916,-1.27537417007269,-13.2435183869159,-0.672890499322949,-0.15882497,-0.28038713,-0.24648413,298.9894,105.2959,-13.93075,WAL
1875552333000,88.034945,-1.21535950451713,-13.6336136869159,-0.812924717211838,0.048563786,-0.16126843,-0.2134974,298.61017,105.085556,-13.779665,WAL
1875557281000,88.039893,-1.10673740209269,-14.0512572111145,-0.839691450589562,0.25870144,0.018936822,-0.19394971,298.25858,104.912964,-13.6771755,WAL
1875562303000,88.044915,-0.909486377663283,-14.5345221136061,-0.672028090380396,0.4569272,0.23182335,-0.21074851,297.9583,104.72407,-13.571553,WAL
1875567308000,88.04992,-0.720275960918748,-14.981733133697,-0.461753491913963,0.6722572,0.34788775,-0.23640485,297.6975,104.51932,-13.45733,WAL
1875572326000,88.054938,-0.540909488676428,-15.3818582438511,-0.190404220818739,0.7724391,0.52656585,-0.2648101,297.52258,104.30886,-13.333068,WAL
1875577247000,88.059859,-0.368460045304458,-15.735231013724,0.0374627095640452,0.95081174,0.6243043,-0.33292156,297.375,104.01068,-13.148355,WAL
1875582320000,88.064932,-0.198225172970605,-16.0142267566673,0.188782600197781,1.1267409,0.6609562,-0.3921755,297.2665,103.71143,-12.96084,WAL
1875587250000,88.069862,-0.0556349023731246,-16.2205262034293,0.313198447609729,1.2800682,0.65270954,-0.45906523,297.18176,103.335625,-12.711277,WAL
1875592316000,88.074928,0.0257451960508806,-16.2476529787531,0.376494074157115,1.4388931,0.6123924,-0.52412236,297.10294,102.950264,-12.453725,WAL
1875597326000,88.079938,0.115413270486684,-16.2076224122789,0.435392314449075,1.6007724,0.5525276,-0.61483586,297.02386,102.519775,-12.150718,WAL
1875602328000,88.08494,0.266358466871315,-15.720702778207,0.469476714255946,1.7556267,0.48655418,-0.72021013,296.93674,102.08647,-11.835347,WAL
1875607318000,88.08993,0.39992958772972,-15.1975539508924,0.505274459250165,1.9385809,0.4083634,-0.8304713,296.83392,101.637665,-11.492538,WAL
1875612300000,88.094912,0.444987338673151,-14.4811358581547,0.550332219603362,2.1386392,0.3032946,-0.9334021,296.71112,101.19428,-11.132522,WAL
1875617403000,88.100015,0.469860762186683,-13.7560987169584,0.581004522848521,2.3732114,0.18784106,-1.0396926,296.5782,100.751114,-10.741035,WAL
1875622319000,88.104931,0.166793644278817,-13.1925833035607,0.372645870633675,2.63344,0.07880162,-1.1407908,296.4256,79.664665,-10.331057,WAL
1875627403000,88.110015,-0.16100484001627,-12.6377137072273,0.155012564151396,2.921463,0.035124753,-1.2428054,296.2711,80.0245,-9.911681,WAL
1875632310000,88.114922,-0.659992749570132,-12.4566291037849,-0.082409088631615,3.1957414,0.09468412,-1.3521502,296.12698,80.31934,-9.469778,WAL
1875637257000,88.119869,-1.16304821901439,-12.2740683674431,-0.321766112539818,3.450167,0.21319197,-1.450805,295.99545,80.46107,-9.079892,WAL
1875642314000,88.124926,-1.82307014763231,-12.1525752333643,-0.502666270120706,3.6318994,0.32345316,-1.5216653,295.8938,80.498314,-8.675806,WAL
1875647264000,88.129876,-2.52732553760446,-12.059652809966,-0.654276818867224,3.6954293,0.37293324,-1.568702,295.82428,80.42445,-8.260426,WAL
1875652296000,88.134908,-3.11178060573621,-12.0915245047482,-0.992575146378897,3.6593883,0.44257188,-1.5723672,295.78296,80.14854,-7.981765,WAL
1875657260000,88.139872,-3.64987501544365,-12.1599262820144,-1.38018545563549,3.5488217,0.5729916,-1.5506815,295.79044,79.79981,-7.709216,WAL
1875662299000,88.144911,-4.13783362979222,-12.2043183280656,-1.95596958165057,3.3893857,0.7742717,-1.5253305,295.8105,79.28849,-7.6304154,WAL
1875667358000,88.14997,-4.60100874373232,-12.2374019475173,-2.61764843570383,3.14168,0.88514376,-1.4779885,295.8592,78.78007,-7.571288,WAL
1875672319000,88.154931,-5.06018014220909,-12.3400658964071,-2.96804986445249,2.8927524,1.0500773,-1.4465289,295.94678,78.2262,-7.691854,WAL
1875677291000,88.159903,-5.52304306385209,-12.4807403750119,-3.15864037054227,2.8005116,1.067487,-1.4016303,296.038,77.6841,-7.825861,WAL
1875682336000,88.164948,-6.01545811013801,-12.7370536246757,-3.08791839674172,2.641992,0.9560041,-1.3845261,296.11575,77.19075,-8.145483,WAL
1875687323000,88.169935,-6.52095490935976,-13.0839629441735,-2.80047909105531,2.513405,0.72356987,-1.4266758,296.17972,76.729065,-8.4395895,WAL
1875692315000,88.174927,-6.99092595060793,-13.2898188495117,-2.65859949272474,2.377793,0.3640757,-1.5195273,296.13644,76.228874,-8.896504,WAL
1875697314000,88.179926,-7.43942099546542,-13.4090998520032,-2.60611612065976,2.2293527,-0.00580322,-1.641395,296.04623,75.79223,-9.28871,WAL
1875702326000,88.184938,-7.51836308513049,-13.3304656774226,-2.66308675450132,2.0931299,-0.08368854,-1.7773124,295.92563,75.28869,-9.794747,WAL
1875707318000,88.18993,-7.36361512478252,-13.127358537629,-2.78881940916447,1.8726074,-0.043676864,-1.8936822,295.76172,74.8797,-10.21579,WAL
1875712300000,88.194912,-6.95990314707301,-12.6738925206867,-2.89892326603337,1.6465873,-0.03359759,-1.9037615,295.62473,74.49756,-10.637301,WAL
1875717334000,88.199946,-6.40662455257016,-12.0694707388369,-3.00120998056707,1.389413,0.07452556,-1.8564194,295.5414,74.200226,-11.011692,WAL
1875722318000,88.20493,-5.69766187608592,-11.4102832634845,-3.25080247781384,1.210735,0.31031954,-1.7629571,295.53223,73.984245,-11.344194,WAL
1875727309000,88.209921,-4.86262540868735,-10.7030121078759,-3.61584574251074,1.1884383,0.61941737,-1.5897768,295.56952,73.77542,-11.692875,WAL
1875732296000,88.214908,-3.98330051622693,-10.1160723828345,-3.71463059472312,1.3292428,1.0320568,-1.4025466,295.7125,73.61905,-11.997271,WAL
1875737326000,88.219938,-3.04388656409427,-9.66394782448639,-3.5036391691313,1.518611,1.3423764,-1.2538009,295.9029,73.437,-12.328984,WAL
1875742314000,88.224926,-2.20372917979808,-9.37782171488205,-3.01704834823803,1.6969837,1.5042557,-1.1343768,296.15884,73.332,-12.571723,WAL
1875747299000,88.229911,-1.43903032497816,-9.2248817600233,-2.30332942997767,1.8277088,1.5375478,-1.0537425,296.45428,73.18082,-12.842697,WAL
1875752325000,88.234937,-0.832556914850066,-9.15305406816088,-1.82645613396786,1.9117028,1.5259414,-1.0589349,296.83566,73.16907,-12.873389,WAL
1875757320000,88.239932,-0.401732894309692,-9.16774154590114,-1.60614836424112,1.9779817,1.6371188,-1.0809261,297.25314,73.1231,-12.93139,WAL
1875762298000,88.24491,-0.179165823195391,-9.29894795957753,-1.38163018179549,2.0879374,1.7302758,-1.0827587,297.69238,73.123505,-12.801477,WAL
1875767335000,88.249947,-0.13748119749976,-9.53516077081133,-1.15004894405185,2.1890357,1.9156734,-1.0882565,298.188,73.11444,-12.681315,WAL
1875772314000,88.254926,-0.133780464964553,-9.82015465077207,-0.748122787186559,2.2165246,2.0668626,-1.1242975,298.71198,73.15253,-12.465968,WAL
1875777311000,88.259923,-0.175607960955618,-10.1687173600078,-0.134652845984267,2.169488,2.0341814,-1.1600331,299.23358,73.17935,-12.2557335,WAL
1875782317000,88.264929,-0.128548055602133,-10.4950091971566,0.347286889479406,2.0274618,1.8683313,-1.1395692,299.76395,73.20431,-12.039642,WAL
1875787320000,88.269932,0.056772065195484,-10.7855105939787,0.622762717721096,1.8368717,1.7033978,-1.1224649,300.28394,73.24865,-11.817414,WAL
1875792313000,88.274925,0.268658383327939,-10.9171118292242,0.478659801565921,1.6658295,1.6377298,-1.1236867,300.79642,73.254585,-11.59067,WAL
1875797305000,88.279917,0.50985718234555,-10.8761536691099,-0.122061677958115,1.5338826,1.7003434,-1.074512,301.2914,73.26958,-11.387708,WAL
1875802305000,88.284917,0.53208391881625,-10.6457468939184,-0.922170921635594,1.5170839,1.7684549,-1.0045679,301.77322,73.2959,-11.14493,WAL
1875807319000,88.289931,0.188064234991452,-10.0984428523976,-2.05587206011154,1.5439619,1.8765781,-0.929126,302.27808,73.32137,-10.930341,WAL
1875813052000,88.295664,-0.20898747023471,-9.48056619206183,-3.30478130519989,1.5824465,2.0259347,-0.8765916,302.8038,73.444305,-10.691864,WAL
1875817372000,88.299984,-0.552403840275737,-9.10951875002385,-3.67977643009255,1.629483,2.1496348,-0.8173377,303.34436,73.53696,-10.486831,WAL
1875822344000,88.304956,-0.947650643943326,-8.68247062923385,-4.11136804142734,1.6884315,2.2424862,-0.7632761,303.91418,73.70414,-10.422247,WAL
1875827311000,88.309923,-1.22886327258034,-8.24584745027572,-4.31254799087279,1.7116444,2.3475552,-0.7119634,304.51123,73.85487,-10.381783,WAL
1875832296000,88.314908,-1.48758183409393,-7.80557189955315,-4.46687113548203,1.7311921,2.4388795,-0.6600399,305.11972,73.97999,-10.361247,WAL
1875837316000,88.319928,-1.67771567259039,-7.40123542748131,-4.43641477240602,1.7443258,2.4627032,-0.6236934,305.7319,74.07072,-10.486887,WAL
1875842251000,88.324863,-1.83746480205879,-7.01880568257708,-4.33475619870941,1.736079,2.4587326,-0.59528816,306.34753,74.148254,-10.621358,WAL
1875847310000,88.329922,-1.93846242499508,-6.71090826975418,-4.17952184562439,1.6994271,2.4388795,-0.56688297,306.95264,74.16667,-10.882788,WAL
1875852263000,88.334875,-2.0177521626647,-6.435726213235,-4.01161417158309,1.6600263,2.4147503,-0.5558874,307.53967,74.17775,-11.13112,WAL
1875857317000,88.339929,-2.06587731348003,-6.09882500666605,-3.64608405415126,1.6346754,2.364354,-0.56199604,308.16125,74.194466,-11.303324,WAL
1875862341000,88.344953,-2.10146456850962,-5.74295306021635,-3.21014099290865,1.577254,2.293188,-0.57971114,308.75784,74.221245,-11.465755,WAL
1875867326000,88.349938,-2.13376754846162,-5.39398370240471,-2.64870355439462,1.4831808,2.2498167,-0.5934556,309.38385,74.25356,-11.580685,WAL
1875872320000,88.354932,-2.16390082948651,-5.04745081329413,-1.99079311337814,1.4202617,2.1389446,-0.61636305,309.9616,74.29348,-11.677965,WAL
1875877313000,88.359925,-2.1708991428789,-4.74381986338538,-1.4347066376428,1.287704,2.0210476,-0.63316184,310.5567,74.312065,-11.749765,WAL
1875882313000,88.364925,-2.16634049855293,-4.46118377237243,-0.928696784253618,1.1276573,1.9141463,-0.63499445,311.11606,74.34734,-11.814467,WAL
1875887320000,88.369932,-2.16153401165938,-4.24508866679159,-0.429069053733084,0.9859365,1.8280143,-0.6282749,311.67493,74.325516,-11.869448,WAL
1875892313000,88.374925,-2.15655618921507,-4.08082031821778,0.0637357217031022,0.8167268,1.7357736,-0.6239988,312.19592,74.33757,-11.919304,WAL
1875897306000,88.379918,-2.18672806931572,-3.9728869837848,0.46885407186975,0.66706485,1.6468927,-0.6105598,312.71,74.2954,-11.977282,WAL
1875902329000,88.384941,-2.23667114910807,-3.89570222410571,0.827536436906088,0.514654,1.5790867,-0.59986967,313.19873,74.282036,-12.034494,WAL
1875907313000,88.389925,-2.2950107220339,-3.86942013428486,1.09565729488552,0.35246924,1.5121969,-0.58032197,313.6738,74.226685,-12.111753,WAL
1875912292000,88.394904,-2.36117797514124,-3.88832503554366,1.28470640617504,0.19211712,1.4456125,-0.5714644,314.12454,74.19543,-12.187846,WAL
1875917299000,88.399911,-2.40579692201632,-3.93254583869419,1.36978400722996,0.029626964,1.3775011,-0.5500842,314.56128,74.12334,-12.294671,WAL
1875922330000,88.404942,-2.42892739737878,-4.00193740969755,1.35127963660106,-0.12797627,1.3225232,-0.5354234,314.97733,74.07477,-12.400769,WAL
1875927311000,88.409923,-2.42855125217174,-4.05325505730721,1.31030043497291,-0.25411993,1.2861768,-0.5207626,315.3976,74.022964,-12.511114,WAL
1875932324000,88.414936,-2.3965322871113,-4.08127168830346,1.23825762776157,-0.37201694,1.2315043,-0.5027421,315.79028,73.98879,-12.623262,WAL
1875937572000,88.420184,-2.36065847089065,-4.10696909724872,1.16022554839843,-0.48533243,1.176221,-0.48899764,316.19214,73.99439,-12.712608,WAL
1875942316000,88.424928,-2.30135318337182,-4.08872129815243,1.05986282009238,-0.5861252,1.1044444,-0.4746423,316.56668,74.008064,-12.80382,WAL
1875947504000,88.430116,-2.2335898576292,-4.0704942683347,0.951000897969647,-0.691194,1.0317514,-0.44440445,316.93527,74.06683,-12.866133,WAL
1875952331000,88.434943,-2.13404387208778,-4.07523454864643,0.860935522549221,-0.768163,0.9437868,-0.43188173,317.27332,74.1319,-12.923576,WAL
1875957290000,88.439902,-2.02353620010231,-4.08900155132577,0.774441115099327,-0.8579602,0.870483,-0.4156938,317.60333,74.24096,-12.957464,WAL
1875962292000,88.444904,-1.81524373406087,-4.20744242053884,0.758104418484099,-0.9233228,0.82986045,-0.4025602,317.9118,74.34892,-12.991588,WAL
1875967368000,88.44998,-1.60386977212039,-4.32763551372666,0.741526035433541,-0.9642508,0.7473936,-0.38545597,318.1906,74.496155,-12.992313,WAL
1875972307000,88.454919,-1.54809744551495,-4.41097170052207,0.784248186758424,-1.0164797,0.6612616,-0.37293324,318.45117,74.64516,-12.993758,WAL
1875977248000,88.45986,-1.54360589594684,-4.48283733782629,0.847130584224015,-1.0793989,0.5720753,-0.35521814,318.6812,74.78856,-12.998044,WAL
1875982327000,88.464939,-1.60335412658485,-4.55986656547317,0.966796092514454,-1.1307116,0.47891834,-0.34788775,318.88312,74.99272,-12.937151,WAL
1875987304000,88.469916,-1.70004493417182,-4.63721931250634,1.11666699571965,-1.1872166,0.40622538,-0.32345316,319.0583,75.18939,-12.884254,WAL
1875992312000,88.474924,-1.80153407544463,-4.70106794730274,1.29534385747273,-1.2455542,0.3475823,-0.3005457,319.22147,75.393326,-12.815463,WAL
1875997337000,88.479949,-1.90556436384003,-4.75781173648423,1.48921840056009,-1.2916746,0.30634892,-0.2611449,319.36212,75.584274,-12.757341,WAL
1876002326000,88.484938,-1.95038710953031,-4.96768608451193,1.72154999162551,-1.3610078,0.27458394,-0.20311269,319.51367,75.75642,-12.709371,WAL
1876007321000,88.489933,-1.96043988162236,-5.26926940472838,1.97789583742776,-1.4581354,0.258396,-0.13500121,319.6515,75.916405,-12.675721,WAL
1876012299000,88.494911,-1.87395321841494,-5.83178594899192,2.45444038794017,-1.5460999,0.2770274,-0.029321533,319.81253,76.02666,-12.683172,WAL
1876017399000,88.500011,-1.74689124127102,-6.5124750784168,3.03075716207377,-1.6310102,0.29565877,0.08399397,319.96344,76.120125,-12.71153,WAL
1876022308000,88.50492,-1.54334877393571,-7.39170732252148,3.69214970750072,-1.6902641,0.2761111,0.18936823,320.11862,76.178185,-12.766914,WAL
1876027311000,88.509923,-1.27508539287576,-8.45551010222995,4.44606239782798,-1.6887369,0.25381452,0.2837469,320.27332,76.20442,-12.850298,WAL
1876032320000,88.514932,-0.833611012171666,-9.75137081589024,5.34771875901936,-1.616044,0.23518312,0.3811799,320.413,76.18305,-12.945909,WAL
1876037321000,88.519933,-0.217239297258456,-11.2795656726228,6.39707892944054,-1.4422529,0.22602014,0.4373795,320.5455,76.1356,-13.05326,WAL
1876042313000,88.524925,0.557870198979015,-13.0016532863252,7.43193933117852,-1.180497,0.19120082,0.45845437,320.65152,76.082794,-13.112363,WAL
1876047315000,88.529927,1.43446758286484,-14.8501303228245,8.46098827996022,-0.82344633,0.15088372,0.42943826,320.7493,76.00677,-13.16886,WAL
1876052326000,88.534938,2.27205022595573,-16.1832352519115,9.04047481327968,-0.37751472,0.09407325,0.32253686,320.7972,75.994736,-13.078814,WAL
1876057317000,88.539929,3.07990106785714,-17.1738141857143,9.32418454285714,0.04642576,0.06872234,0.16554448,320.8404,75.967575,-12.964581,WAL
1876062301000,88.544913,3.69877322576386,-17.8458840573494,9.18402325513253,0.40317106,0.09621128,0.09193522,320.82236,76.04353,-12.650474,WAL
1876067341000,88.549953,4.20586858730602,-18.3250653971084,8.77462514814458,0.5384777,0.24251351,-0.08827003,320.84247,76.13413,-12.277158,WAL
1876072320000,88.554932,4.40682618799351,-18.2856753034522,8.31309037983979,0.713796,0.47586402,-0.27580565,320.86285,76.29903,-11.748005,WAL
1876077311000,88.559923,4.35668548632462,-17.8161757507152,7.80256572096128,0.79717916,0.691194,-0.4089743,320.93582,76.43243,-11.215173,WAL
1876082303000,88.564915,3.90253687619048,-16.6953025989975,7.29697443859649,0.8179486,0.86376345,-0.45570546,321.06793,76.6475,-10.595601,WAL
1876087326000,88.569938,2.93301615277778,-14.7411908932749,6.7946322130848,0.81214535,0.99204516,-0.4251622,321.26233,76.80497,-10.00058,WAL
1876092314000,88.574926,1.93560904201208,-12.7393412590573,6.23225617500974,0.7507534,1.0558805,-0.3707952,321.50745,76.94573,-9.444604,WAL
1876097312000,88.579924,0.905404644727308,-10.6789327954811,5.61226907236073,0.6588182,1.0848967,-0.30940324,321.78235,77.041374,-8.927928,WAL
1876102329000,88.584941,-0.0249647854288025,-8.68393661326861,4.93455056098301,0.5213735,1.10139,-0.28771752,322.10022,77.01421,-8.586941,WAL
1876107318000,88.58993,-0.836738638669094,-6.78013340598705,4.2000884778216,0.34972036,1.1441506,-0.2751948,322.43146,76.98585,-8.272291,WAL
1876112346000,88.594958,-1.47370293525187,-5.20585296272745,3.57890190171423,0.16493362,1.1780536,-0.2415972,322.77725,76.86628,-8.154189,WAL
1876117416000,88.600028,-1.93404451473856,-3.96432561815744,3.07206111000766,-0.051618114,1.185384,-0.19394971,323.12503,76.78318,-8.046823,WAL
1876122293000,88.604905,-2.35810224815711,-3.1025527231305,2.73622158431847,-0.27366763,1.1175779,-0.10598512,323.4752,76.675446,-8.099855,WAL
1876127304000,88.609916,-2.7666409777595,-2.69865652481378,2.61087449999033,-0.4746423,0.9755518,0.017715093,323.80035,76.59556,-8.174044,WAL
1876132329000,88.614941,-3.19392501429624,-2.56279248684072,2.55954503321402,-0.6783658,0.763887,0.17745635,324.0866,76.51127,-8.367105,WAL
1876137294000,88.619906,-3.64944089675755,-2.93821762448679,2.64964705579535,-0.8863655,0.52870387,0.35888332,324.31708,76.44114,-8.593473,WAL
1876142276000,88.624888,-3.95453188174596,-3.52832736463634,2.75178713520288,-1.1172725,0.19975294,0.5158757,324.45706,76.34369,-8.913233,WAL
1876147316000,88.629928,-4.06409484627826,-4.40483203426653,2.87048049375769,-1.3881912,-0.24617869,0.6258314,324.48965,76.26192,-9.253306,WAL
1876152265000,88.634877,-4.15100546958763,-5.39966089117647,2.92047015206186,-1.6899587,-0.7666359,0.68844515,324.4148,76.160934,-9.660287,WAL
1876157319000,88.639931,-4.19503345137457,-6.70581764215686,2.82752257646048,-1.9755383,-1.0317514,0.7425067,324.28226,76.07091,-10.085098,WAL
1876162296000,88.644908,-4.40041931115958,-8.20219890221738,2.59215007331879,-2.186592,-1.5800029,0.77274454,323.95303,76.029396,-10.4636,WAL
1876167399000,88.650011,-4.92447524436569,-10.1429825838968,2.07253524335696,-2.266921,-2.0983222,0.8552113,323.5545,75.969475,-10.858177,WAL
1876172332000,88.654944,-5.54160058777899,-12.0238910766789,1.45617236021625,-2.364354,-2.5821273,0.9776898,323.05914,75.99782,-11.199338,WAL
1876177310000,88.659922,-6.78060627027081,-13.9486063090963,0.198250593756572,-2.3692408,-2.9761355,1.094976,322.44418,75.98041,-11.53673,WAL
1876182340000,88.664952,-7.91563171721749,-15.7613849434,-1.04649500443103,-2.2476788,-3.1471777,1.1777482,321.84692,76.02141,-11.865719,WAL
1876187321000,88.669933,-8.30268617264991,-16.7243000738175,-2.11325414705324,-1.983174,-3.0219505,1.2253957,321.2283,75.991806,-12.199658,WAL
1876192315000,88.674927,-8.46568656623086,-17.633372978334,-3.00681666432574,-1.5216653,-2.5928175,1.205848,320.59778,75.83758,-12.676232,WAL
1876197312000,88.679924,-6.81658211415764,-18.0892222966941,-2.48393008033246,-0.9083566,-1.9077321,1.0525209,320.08917,75.62682,-13.120802,WAL
1876202671000,88.685283,-5.04603975127318,-18.5605297622216,-1.88597330119776,-0.27275133,-1.323745,0.768163,319.6806,75.426056,-13.531697,WAL
1876207319000,88.689931,-3.46630426686186,-18.5763274362523,-0.535299389033803,0.14966199,-1.0656544,0.4709771,319.38474,75.214325,-13.888575,WAL
1876212299000,88.694911,-1.77373053356401,-18.5932535155709,0.911851231141869,0.32620203,-0.9663888,0.22204952,319.21484,75.25415,-13.92192,WAL
1876217391000,88.700003,-0.760036144216662,-17.2320741216963,1.6507485867551,0.3381139,-0.79443026,0.022296581,319.14703,75.328125,-13.895531,WAL
1876222336000,88.704948,-0.0509377044116169,-15.3808039714602,2.08382215554216,0.23151793,-0.5564982,-0.10415252,319.13013,75.43614,-13.82752,WAL
1876227312000,88.709924,0.0564000244923077,-12.1356510577436,1.76963676169231,0.050701816,-0.3903429,-0.15790866,319.1161,75.74592,-13.4992285,WAL
1876232280000,88.714892,-0.0633756901034965,-8.37824250479254,1.17519430004196,-0.15821409,-0.3943135,-0.16279559,319.121,76.072105,-13.167758,WAL
1876237320000,88.719932,-0.216894245415662,-5.85804009452773,0.316278571805221,-0.3643811,-0.5833763,-0.1160644,319.03354,76.36978,-12.852449,WAL
1876242313000,88.724925,-0.392341874333788,-4.30407533638746,-0.721368818555404,-0.5717699,-0.87872964,-0.064446285,318.91434,76.67999,-12.542441,WAL
1876247303000,88.729915,-0.71471271204185,-3.12489483642676,-1.67642284748053,-0.8173377,-1.1530081,0.02443461,318.77676,76.87658,-12.384133,WAL
1876252325000,88.734937,-1.11185412609271,-2.12301549683776,-2.597068686347,-1.0409144,-1.3616186,0.1704314,318.56952,77.06031,-12.2519,WAL
1876257316000,88.739928,-1.51018684377213,-1.30504076641506,-3.29685074560356,-1.2428054,-1.4410311,0.34574974,318.34607,77.2122,-12.203726,WAL
1876262309000,88.744921,-1.91176641222301,-0.637354274005869,-3.81454972073257,-1.450805,-1.6087136,0.42546764,318.0354,77.36187,-12.163056,WAL
1876267308000,88.74992,-2.24023551604951,-0.228984431441099,-4.3633388650792,-1.5488489,-1.8506162,0.58459806,317.6501,77.35894,-12.296493,WAL
1876272290000,88.754902,-2.51049973979859,-0.0237837940023078,-4.93389654883038,-1.7373008,-2.1768184,0.72112644,317.1937,77.333954,-12.443984,WAL
1876277275000,88.759887,-2.69490605628246,0.00442874608909309,-5.49322622512984,-1.93797,-2.5024095,0.8194757,316.75497,77.21234,-12.675442,WAL
1876282298000,88.76491,-2.83424137714742,-0.0628365547215342,-6.05056750858969,-2.133447,-2.761111,0.9108001,316.24414,77.023285,-12.938805,WAL
1876287275000,88.769887,-2.84576690458242,-0.393291223540964,-6.38841499960325,-2.2953262,-2.9006937,0.99265605,315.72186,76.7441,-13.254666,WAL
1876292276000,88.774888,-2.78876185379885,-0.868332027026384,-6.6116842031343,-2.4043655,-2.9404,1.0922271,315.1597,103.60926,-13.593871,WAL
1876297291000,88.779903,-2.66029286481409,-1.55105838950423,-6.98358264064529,-2.4174993,-2.917187,1.1835514,314.55875,104.07773,-13.991776,WAL
1876302292000,88.784904,-2.49069132390321,-2.35195486374188,-7.44056483132009,-2.31915,-2.8472428,1.2754866,313.97018,104.61627,-14.410322,WAL
1876307289000,88.789901,-2.31686763402432,-3.62792342660889,-7.64293708653306,-2.144137,-2.6548204,1.3616186,313.38925,105.21836,-14.847164,WAL
1876312300000,88.794912,-2.13964554699394,-5.22528507070264,-7.67601851974987,-1.9092593,-2.2247713,1.4605788,312.91278,105.869064,-15.30193,WAL
1876322286000,88.804898,-1.78647457092422,-8.40853260171845,-7.74194372272392,-1.3161092,-1.2913691,1.5311338,312.16043,107.23003,-16.185144,WAL
1876327313000,88.809925,-1.67952263259152,-10.1224683036607,-7.45961752578616,-1.0461067,-0.9462303,1.5570955,311.94162,107.870865,-16.554876,WAL
1876332323000,88.814935,-1.63309804647637,-11.925289859055,-6.91025999748428,-0.8060367,-0.6640105,1.5925257,311.84207,108.4978,-16.91101,WAL
1876337381000,88.819993,-1.5676146414433,-13.7245716762887,-6.33915505154639,-0.6230826,-0.3753767,1.5622878,311.8132,108.98066,-17.144608,WAL
1876342324000,88.824936,-1.27968152816495,-15.232559694433,-5.58272062731959,-0.57848936,-0.12767084,1.5012014,311.85678,109.451294,-17.361881,WAL
1876347340000,88.829952,-0.971067898542573,-16.6022112782298,-4.83521621364146,-0.6252206,0.11911872,1.4318681,311.93304,109.7384,-17.447958,WAL
1876352417000,88.835029,-0.544803284772058,-16.8750208002525,-4.21798501279282,-0.72784597,0.35094208,1.3469579,312.0692,110.00721,-17.501984,WAL
1876361217000,88.843829,0.213179230948349,-17.2942693627223,-3.16720858393311,-0.9419542,0.73884153,1.1273518,312.25488,110.101654,-17.39144,WAL
1876363027000,88.845639,0.499388714733277,-17.0153986128281,-3.08097880842506,-1.3701707,0.89919364,1.0366384,312.43744,110.2628,-17.304207,WAL
1876367400000,88.850012,1.19087715262913,-16.3416407181943,-2.87264576516723,-1.5018122,1.072374,0.9379836,312.66812,110.30182,-17.119818,WAL
1876372348000,88.85496,1.75167567818019,-15.5018632490272,-2.3751627983897,-1.6303993,1.3228287,0.75228053,312.9571,110.37485,-16.883707,WAL
1876377331000,88.859943,1.97068963962885,-14.5353454455253,-1.46577890059264,-1.8600847,1.344209,0.54825157,313.21945,110.47243,-16.628908,WAL
1876382352000,88.864964,2.10153120415938,-13.6605696052478,-0.53172963806414,-2.0592268,1.1313224,0.32986724,313.45444,110.530716,-16.286615,WAL
1876387343000,88.869955,2.08759588592809,-12.9498730317784,0.425156260833819,-2.2269092,0.7119634,0.07819075,313.61844,110.5897,-15.900529,WAL
1876392307000,88.874919,2.0766731547474,-12.2598643526637,1.27277781983487,-2.3283129,0.16126843,-0.15821409,313.65814,110.62299,-15.516951,WAL
1876397379000,88.879991,2.07189887426774,-11.5914640884608,1.91253190263417,-2.3240368,-0.46578476,-0.36957347,313.5407,110.6362,-15.111893,WAL
1876402355000,88.884967,1.95931320902728,-10.9849116963181,2.35305623813774,-2.2192733,-1.0952814,-0.56046885,313.24374,110.58762,-14.735695,WAL
1876407242000,88.889854,1.59378504004463,-10.5054528304088,2.34356200513237,-2.000889,-1.6175711,-0.7330383,312.78876,110.486755,-14.348731,WAL
1876412315000,88.894927,0.932832214468781,-10.0291169239298,2.0784291773589,-1.7238617,-2.0332649,-0.90102625,312.17267,110.301544,-13.980365,WAL
1876417575000,88.900187,-0.408582231046078,-9.58503056021085,1.208569902652,-1.4379768,-2.2745566,-1.0436633,311.45337,110.046036,-13.59872,WAL
1876422350000,88.904962,-1.54448963630137,-9.16533133561644,0.470509803835616,-1.1670581,-2.3280075,-1.1291844,310.6732,109.77611,-13.272545,WAL
1876427229000,88.909841,-2.11667507016397,-8.61739117984641,0.0874365466874221,-0.92271197,-2.244319,-1.1459832,309.86548,109.4404,-12.932967,WAL
1876432717000,88.915329,-2.68076864075493,-7.99810775562926,-0.28091549827525,-0.74067414,-2.0934353,-1.0916162,309.07748,109.278404,-12.789061,WAL
1876437383000,88.919995,-2.94797070774549,-7.4637037524339,-0.427041653046809,-0.6197228,-1.9211712,-0.9691377,308.3339,109.09104,-12.651188,WAL
1876442444000,88.925056,-3.22350945474709,-6.89317098901044,-0.604126959403854,-0.56016344,-1.7870862,-0.79779,307.63287,109.04432,-12.663928,WAL
1876447595000,88.930207,-3.30767376535528,-6.43769402079486,-1.03980059690887,-0.5332854,-1.6957619,-0.58032197,306.9949,109.013504,-12.711516,WAL
1876452406000,88.935018,-3.37721324781586,-6.04942433311509,-1.46326268911509,-0.5571091,-1.5851953,-0.32925636,306.42096,109.11857,-12.892407,WAL
1876457230000,88.939842,-3.32995122436829,-6.13922209376982,-2.10129840176982,-0.58184916,-1.5079209,-0.19914207,305.88922,109.234566,-13.087109,WAL
1876462287000,88.944899,-3.25347931429137,-6.24297038911558,-2.73773464724176,-0.600786,-1.2629639,0.037873644,305.48163,109.487885,-13.374368,WAL
1876467257000,88.949869,-2.90936127903338,-6.44095619905913,-3.03942733110825,-0.6389651,-0.9334021,0.22785273,305.1366,109.76231,-13.665843,WAL
1876472292000,88.954904,-2.55339579321989,-6.64809592005524,-3.31391136811297,-0.6722572,-0.5497787,0.3662137,304.90808,110.10888,-13.946189,WAL
1876477220000,88.959832,-2.11189331396115,-6.93402121100321,-3.18776778379366,-0.711658,-0.2602286,0.51007247,304.76544,110.49671,-14.256713,WAL
1876482284000,88.964896,-1.65820651303457,-7.22783729731825,-3.0581429641928,-0.7247916,-0.06841691,0.6365216,304.70526,110.93287,-14.553881,WAL
1876487407000,88.970019,-1.18316415673235,-7.65030791075534,-2.7516729339491,-0.7357872,0.011301007,0.72082096,304.7035,111.38465,-14.855611,WAL
1876492243000,88.974855,-0.731627174220033,-8.07332678686371,-2.42846757914614,-0.7370089,0.0018325958,0.7507534,304.7352,111.838585,-15.1589365,WAL
1876497274000,88.979886,-0.380173864296828,-8.42511725135515,-2.22059737000602,-0.72692966,-0.07452556,0.74036866,304.75864,112.220894,-15.390577,WAL
1876502194000,88.984806,-0.0538202716889179,-8.75620035916483,-2.03613658381851,-0.73761976,-0.18753563,0.7122689,304.76758,112.59851,-15.620449,WAL
1876507252000,88.989864,0.0961127429444053,-8.92368514557153,-1.96885360951041,-0.76083267,-0.29168814,0.65668017,304.74203,112.85484,-15.752938,WAL
1876512188000,88.9948,0.214920216988037,-9.06150211631648,-1.92133065304112,-0.81245077,-0.39461896,0.5830709,304.68042,113.10461,-15.878111,WAL
1876517334000,88.999946,0.144494089747169,-9.04467304824259,-1.90682643434085,-0.8713993,-0.50701815,0.4981606,304.5768,113.27198,-15.927776,WAL
1876522178000,89.00479,0.0531481186679137,-9.00813439903515,-1.89769179588461,-0.9251554,-0.6178902,0.4129449,304.43832,113.430916,-15.963698,WAL
1876527240000,89.009852,-0.158429187985584,-8.94317711580971,-1.86079516948582,-0.98440933,-0.7290677,0.3359759,304.2587,113.56281,-15.965532,WAL
1876532192000,89.014804,-0.386321287870639,-8.87480953253244,-1.81977461951946,-1.0445796,-0.83199847,0.2770274,304.04498,113.6907,-15.956773,WAL
1876537289000,89.019901,-0.64557079767819,-8.80728671775502,-1.74914591625267,-1.1065824,-0.9440922,0.2415972,303.7932,113.83257,-15.963468,WAL
1876542213000,89.024825,-0.90318897154076,-8.7428823529236,-1.67266549921468,-1.174083,-1.0268645,0.23090707,303.5191,113.97963,-15.966469,WAL
1876547226000,89.029838,-1.20730299263075,-8.69613210885877,-1.60968646158584,-1.2400564,-1.0803152,0.23915374,303.2234,114.16064,-16.016994,WAL
1876552212000,89.034824,-1.56560145337664,-8.67474100179191,-1.56690458249524,-1.3243558,-1.1032226,0.27305678,302.9166,114.359856,-16.074686,WAL
1876557197000,89.039809,-1.89402983924699,-8.69761537590361,-1.55756377518072,-1.3622295,-1.1065824,0.30298916,302.60257,114.59034,-16.194927,WAL
1876562240000,89.044852,-2.20921344054217,-8.7461051373494,-1.56726172746988,-1.4126259,-1.0778717,0.36743546,302.3004,114.84984,-16.329771,WAL
1876567251000,89.049863,-2.43592032437984,-8.82194446586624,-1.52077185292717,-1.4785993,-1.0259482,0.4175264,302.00763,115.15378,-16.525333,WAL
1876572205000,89.054817,-2.61481040481246,-8.91138928487795,-1.44544981728518,-1.5042557,-0.93615097,0.47128254,301.74338,115.46602,-16.727602,WAL
1876577206000,89.059818,-2.8097724147541,-9.02229344262295,-1.30103283606557,-1.5198327,-0.8854492,0.52687126,301.49084,115.83088,-16.996449,WAL
1876582209000,89.064821,-3.0132336934525,-9.14531655056291,-1.11649817415564,-1.4920384,-0.84482664,0.58246,301.26907,116.1929,-17.26425,WAL
1876587207000,89.069819,-3.13381072261893,-9.30366824264486,-0.867398759466441,-1.459968,-0.8378017,0.61269784,301.0511,116.562355,-17.565962,WAL
1876592208000,89.07482,-3.20068117990426,-9.4851740688142,-0.576034389737708,-1.3949108,-0.8741482,0.6554584,300.842,116.922035,-17.87696,WAL
1876597233000,89.079845,-3.20304900686149,-9.67073859107513,-0.333718015333202,-1.3289373,-0.94042706,0.6930266,300.62888,117.260574,-18.218138,WAL
1876602208000,89.08482,-3.1630668095814,-9.85653806782506,-0.126751583540823,-1.2589933,-1.0128145,0.7134906,300.40958,117.58063,-18.560024,WAL
1876607188000,89.0898,-3.12304442918847,-10.0425242777174,0.0804228547156678,-1.1484267,-1.0861185,0.732122,300.16687,117.84738,-18.924934,WAL
1876612246000,89.094858,-3.08239519223517,-10.2314235246322,0.290842193812321,-1.0137309,-1.1679744,0.7644979,299.9078,118.0956,-19.29675,WAL
1876617234000,89.099846,-2.94554101076555,-10.4676466185207,0.309004750312998,-0.86406887,-1.2311989,0.7867944,299.63904,118.32102,-19.671263,WAL
1876622219000,89.104831,-2.73139471291866,-10.7436577005582,0.175758075542265,-0.6927212,-1.2663237,0.8023715,299.36118,118.51587,-20.0471,WAL
1876627198000,89.10981,-2.42700244792077,-10.9308964995073,-0.0355789547881356,-0.50426924,-1.2852604,0.81153446,299.0509,118.60408,-20.404858,WAL
1876632229000,89.114841,-2.04242865342925,-11.0448440884903,-0.315700558050847,-0.32070425,-1.2556335,0.8026769,298.74557,118.66055,-20.750303,WAL
1876637185000,89.119797,-1.62665331628837,-11.0581378529147,-0.705698910215978,-0.16279559,-1.1759156,0.77640975,298.44116,118.661514,-21.037636,WAL
1876642208000,89.12482,-1.16970815350965,-10.9763685760424,-1.21074353949405,-0.032375857,-1.0195341,0.73761976,298.1667,118.63191,-21.300003,WAL
1876647230000,89.129842,-0.659363272638079,-10.8828802014623,-1.71505172864341,0.048563786,-0.8127562,0.70096785,297.92902,118.563065,-21.471579,WAL
1876652233000,89.134845,-0.100751861755755,-10.7787326797747,-2.21685519910088,0.09896017,-0.6960809,0.68111473,297.70978,118.474884,-21.62546,WAL
1876657204000,89.139816,0.452416038422137,-10.643511799529,-2.56020436105387,0.11636983,-0.46120325,0.6805039,297.59604,118.38284,-21.669823,WAL
1876662208000,89.14482,1.00730138854283,-10.4742247756844,-2.74359872690609,0.118202426,-0.29443705,0.68569624,297.49634,118.2839,-21.704128,WAL
1876667209000,89.149821,1.48125038003017,-10.3140015695324,-2.79441118217195,0.09560041,-0.20555615,0.6640105,297.4516,118.17526,-21.628944,WAL
1876672216000,89.154828,1.85733715082956,-10.1645306621418,-2.68351375972851,0.022296581,-0.21410827,0.59864795,297.42365,118.06833,-21.537907,WAL
1876677178000,89.15979,2.09313255049873,-10.1312908597692,-2.51315793881283,-0.084910266,-0.2782491,0.4972443,297.39758,117.92804,-21.351822,WAL
1876682235000,89.164847,2.16890793217289,-10.2354820713867,-2.26688812145511,-0.20891592,-0.3640757,0.34147367,297.35126,117.77962,-21.138054,WAL
1876687168000,89.16978,2.08109882999199,-10.4438267954136,-2.02035337747847,-0.31978795,-0.42394048,0.17715092,297.27277,117.58687,-20.85537,WAL
1876692215000,89.174827,1.75680603340677,-10.8116811253755,-1.75898301478069,-0.43463063,-0.46822822,0.040011674,297.16232,117.39299,-20.546854,WAL
1876697181000,89.179793,1.356882104455,-11.1248596142956,-1.51283014904465,-0.50426924,-0.505491,-0.06719518,297.01038,117.147606,-20.199112,WAL
1876702226000,89.184838,0.835514543272943,-11.373585955747,-1.27845391327591,-0.54458636,-0.52687126,-0.119729586,296.84406,116.905876,-19.83556,WAL
1876707175000,89.189787,0.405910099282462,-11.5515671845804,-1.17774296362827,-0.54519725,-0.52748215,-0.12767084,296.65204,116.64975,-19.504057,WAL
1876712208000,89.19482,0.095834436094616,-11.6302785425574,-1.27553603652019,-0.5122105,-0.47861293,-0.09896017,296.4692,116.3974,-19.170502,WAL
1876717212000,89.199824,-0.212454580116785,-11.7085363679731,-1.37276562856295,-0.44257188,-0.376293,-0.05100725,296.2938,116.164665,-18.91956,WAL
1876722228000,89.20484,-0.521482898525336,-11.7869818620348,-1.47022838509501,-0.3463606,-0.24465153,-0.020463986,296.14462,115.927666,-18.668747,WAL
1876727201000,89.209813,-0.640071887105929,-12.1113910283788,-1.58494665021073,-0.22113322,-0.087964594,0.0067195175,296.03723,115.6871,-18.424973,WAL
1876732237000,89.214849,-0.418735262859417,-12.8883278641941,-1.73401012770441,-0.07696902,0.07727446,0.00580322,295.97235,115.429085,-18.1734,WAL
1876737207000,89.219819,-0.196286713064925,-13.6095944118027,-1.77505644128061,0.050396383,0.23640485,-0.016798794,295.96506,115.24315,-18.012638,WAL
1876742224000,89.224836,0.0423841885986787,-14.1776311591078,-1.44330388081566,0.18692477,0.41691554,-0.04795292,296.01157,115.02925,-17.83647,WAL
1876747217000,89.229829,0.279913351844916,-14.7429505689732,-1.11313833678506,0.3475823,0.50915617,-0.109650314,296.06793,114.714905,-17.566912,WAL
1876752344000,89.234956,0.523817221254781,-15.323441779544,-0.774111950995976,0.5002986,0.6649268,-0.19853121,296.19025,114.37121,-17.267988,WAL
1876757318000,89.23993,0.729884252318574,-15.844187944579,-0.448498140724736,0.57696223,0.77854776,-0.23640485,296.3254,114.018364,-16.972166,WAL
1876762351000,89.244963,0.827956292593741,-16.2177954198237,-0.130931572202306,0.72234815,0.83077675,-0.3222314,296.47687,113.6025,-16.639725,WAL
1876767392000,89.250004,0.90600221031942,-16.531085730425,0.173537553380759,0.8695667,0.8338311,-0.40042216,296.5986,112.98609,-16.194078,WAL
1876772417000,89.255029,0.883330260682182,-16.5401542148309,0.409325690406106,1.0207558,0.795652,-0.4804455,296.72162,112.33962,-15.737534,WAL
1876777532000,89.260144,0.85738135205222,-16.5131681818811,0.641131724803679,1.1890492,0.72021013,-0.5842926,296.81262,111.59556,-15.247286,WAL
1876782354000,89.264966,0.798007228127782,-16.0473103314212,0.759879958345366,1.3545936,0.6084218,-0.69913524,296.88303,110.82471,-14.752456,WAL
1876787580000,89.270192,0.729085828654999,-15.528810700816,0.878194383153082,1.541213,0.4868596,-0.8173377,296.91714,109.9942,-14.255739,WAL
1876792329000,89.274941,0.599410547942189,-14.8580759669649,0.833478782477632,1.736079,0.3417791,-0.9266826,296.91455,109.13062,-13.752475,WAL
1876797693000,89.280305,0.443095469970074,-14.1012986410736,0.773573679193865,1.9642372,0.19425514,-1.0079277,296.87955,108.24231,-13.267489,WAL
1876802356000,89.284968,0.129876662198635,-13.458156557374,0.55223238110072,2.2421808,0.074830994,-1.0919216,296.81436,107.30636,-12.768951,WAL
1876807321000,89.289933,-0.203627815730852,-12.7733612655943,0.316555875625175,2.5460863,0.028710667,-1.1597277,296.74106,106.37904,-12.305231,WAL
1876812350000,89.294962,-0.722913786314527,-12.3471092032239,-0.0124851278737287,2.853657,0.03940081,-1.2403619,296.65576,105.404,-11.825699,WAL
1876817340000,89.299952,-1.27315284625504,-11.9756974991364,-0.356384561283823,3.1441233,0.13469578,-1.3326025,296.59003,104.38983,-11.330027,WAL
1876822406000,89.305018,-1.87701341069984,-11.732133403216,-0.61556068861246,3.370449,0.25809056,-1.4107933,296.55902,103.44526,-10.8956375,WAL
1876827245000,89.309857,-2.46753868114887,-11.5399784162621,-0.835835981537217,3.5121698,0.3915646,-1.4700472,296.56848,102.490105,-10.44446,WAL
1876832358000,89.31497,-3.04370080326184,-11.5291707786893,-1.13856180858753,3.561039,0.5375614,-1.5021176,296.64963,101.68474,-10.096896,WAL
1876837256000,89.319868,-3.58153165539191,-11.5755354781062,-1.44920545928635,3.536299,0.7089091,-1.5131133,296.78842,100.91479,-9.743697,WAL
1876842348000,89.32496,-4.13724531155769,-11.6838017845309,-1.87314485501421,3.4480288,0.8903361,-1.5005904,297.00455,100.34927,-9.527056,WAL
1876847338000,89.32995,-4.68066648624645,-11.8102878407999,-2.32287270179394,3.2965343,1.0473285,-1.4651603,297.27438,99.859825,-9.321041,WAL
1876852416000,89.335028,-5.18751872872923,-11.8917178019703,-2.61510676211563,3.1154127,1.1267409,-1.4291192,297.6102,99.60055,-9.263951,WAL
1876857314000,89.339926,-5.65897133446114,-11.9523995816499,-2.83449563464026,2.9220738,1.2311989,-1.4080443,298.00494,99.40909,-9.216786,WAL
1876862353000,89.344965,-6.06467807100029,-12.0999629063481,-2.80505650538688,2.8417451,1.1633929,-1.357648,298.41873,99.472725,-9.366361,WAL
1876867419000,89.350031,-6.43869563890739,-12.2846633744171,-2.66653141952032,2.7220156,0.97494096,-1.3277156,298.82574,99.565575,-9.512219,WAL
1876872380000,89.354992,-6.79957016559118,-12.5472240940109,-2.52695027545614,2.665205,0.72112644,-1.3054191,299.2332,99.86719,-9.842103,WAL
1876877366000,89.359978,-7.15888863783115,-12.8622425653025,-2.38420743267704,2.6190848,0.45478916,-1.3261884,299.5768,100.160385,-10.151874,WAL
1876882352000,89.364964,-7.35921032324651,-13.2437079508341,-2.46421499004975,2.4972172,0.22296582,-1.3982705,299.87628,100.52133,-10.5202,WAL
1876887359000,89.369971,-7.48083035813091,-13.6600230763828,-2.65600052736318,2.331978,0.10781772,-1.5964963,300.12943,79.17496,-10.824641,WAL
1876892312000,89.374924,-7.24836534426982,-13.5878173896316,-2.78875267292581,2.0494528,0.08399397,-1.7989981,300.35706,78.862785,-11.133266,WAL
1876897356000,89.379968,-6.78498059500969,-13.2033064595367,-2.88734513991224,1.7492126,0.1469131,-1.890017,300.57318,78.59588,-11.395085,WAL
1876902362000,89.384974,-6.17101971915648,-12.5541518111943,-2.93644064249113,1.4187346,0.15393804,-1.8875736,300.78513,78.381546,-11.608181,WAL
1876907348000,89.38996,-5.47933234893575,-11.7683576216003,-2.95996740875049,1.138042,0.16187929,-1.8203784,301.00473,78.19788,-11.793177,WAL
1876912342000,89.394954,-4.64206014051522,-11.0852326112412,-3.40907402810304,1.0543534,0.35643986,-1.7015651,301.26877,78.08763,-11.906399,WAL
1876917396000,89.400008,-3.70690838095238,-10.4570748571429,-4.12224530952381,1.1068878,0.83108217,-1.536326,301.60434,77.95878,-12.03867,WAL
1876922422000,89.405034,-2.8512892447854,-10.2022298836824,-4.02217751283434,1.2767084,1.2522738,-1.3701707,301.95816,77.90488,-12.094409,WAL
1876927351000,89.409963,-2.06341271346672,-10.2071236254406,-3.36642935184532,1.5042557,1.5164729,-1.3206906,302.3904,77.842575,-12.157371,WAL
1876932331000,89.414943,-1.36911562953879,-10.2118842900137,-2.68033435451436,1.6575829,1.5650368,-1.2959507,302.8343,102.09354,-12.092871,WAL
1876937363000,89.419975,-0.724001537047098,-10.21659275513,-1.97400504288646,1.78617,1.5790867,-1.2620476,303.33105,102.04772,-12.045325,WAL
1876942347000,89.424959,-0.311072027173063,-10.3191195451448,-1.35857834135685,1.9315559,1.6566665,-1.2431108,303.82407,101.783936,-11.782944,WAL
1876947357000,89.429969,-0.0466277899148211,-10.4874026286201,-0.796033310391823,2.0442605,1.7235563,-1.2803736,304.31082,101.52305,-11.522984,WAL
1876952352000,89.434964,0.132298568230264,-10.5881815852058,-0.37312221480692,2.081218,1.7482964,-1.3090842,304.783,78.856155,-11.1415,WAL
1876957353000,89.439965,0.256103887078942,-10.6453226591768,-0.0398002127723206,2.0809124,1.7828102,-1.3509285,305.2752,79.23188,-10.7560425,WAL
1876962392000,89.445004,0.438262554885987,-10.702215076106,0.272442513637498,2.0299053,1.7852536,-1.3594806,305.76437,79.6407,-10.321967,WAL
1876967437000,89.450049,0.659545379345157,-10.7587124884038,0.569055691148704,1.9254472,1.7085901,-1.3329079,306.2394,80.02614,-9.897562,WAL
1876972378000,89.45499,0.892835355012297,-10.6832117073291,0.41885834867093,1.7852536,1.6255124,-1.2666291,306.71417,80.39827,-9.465338,WAL
1876977341000,89.459953,1.14065373970487,-10.5008550241023,-0.0908058361023119,1.6533068,1.6911805,-1.1814134,307.2087,80.731926,-9.058428,WAL
1876982343000,89.464955,1.2184952675362,-10.2586455829201,-0.712313239002182,1.6041322,1.7864754,-1.0897835,307.68558,81.04836,-8.639858,WAL
1876987360000,89.469972,1.12794876802222,-9.95841231938107,-1.44145096711367,1.599856,1.9300288,-0.9786061,308.1935,81.30918,-8.263399,WAL
1876992312000,89.474924,0.890233372913543,-9.63783015872064,-2.19159553144428,1.6392568,2.1380284,-0.86590147,308.7353,81.58851,-7.877626,WAL
1876997333000,89.479945,0.491326089055472,-9.28698395712144,-2.98460394074962,1.6954565,2.3625214,-0.77213365,309.31915,81.81649,-7.5305476,WAL
1877002354000,89.484966,0.0642426174522739,-8.90796147706147,-3.71186792914543,1.7663169,2.543643,-0.69027776,309.94394,82.02649,-7.238628,WAL
1877007350000,89.489962,-0.390064625274363,-8.50147583148426,-4.36702689058471,1.8075503,2.69697,-0.6264423,310.61734,82.19781,-6.9803514,WAL
1877012363000,89.494975,-0.759973397834225,-8.11875020320856,-4.67658015481283,1.861001,2.7989845,-0.54519725,311.3102,82.295975,-6.8628254,WAL
1877017431000,89.500043,-1.04355237422163,-7.75826875341652,-4.62370929123589,1.9010127,2.8206704,-0.5177083,312.0116,82.38083,-6.7547717,WAL
1877022349000,89.504961,-1.25823582945981,-7.43162077718193,-4.51731637646364,1.9040669,2.790127,-0.5039638,312.73605,82.450935,-6.7044787,WAL
1877027348000,89.50996,-1.40897695337007,-7.12542782158811,-4.34773276577782,1.8918496,2.7189612,-0.50335294,313.4397,82.50805,-6.661041,WAL
1877032307000,89.514919,-1.54300650606997,-6.82815726184591,-4.15813837647762,1.856114,2.659402,-0.48991394,314.16306,82.54555,-6.6170607,WAL
1877037354000,89.519966,-1.65862692267517,-6.53428875747035,-3.93653256960032,1.8283197,2.5705209,-0.48624873,314.84726,82.5809,-6.572943,WAL
1877042276000,89.524888,-1.77411881471103,-6.22349878079393,-3.61426351803853,1.7880026,2.4785857,-0.50732356,315.5293,82.59732,-6.5295057,WAL
1877047349000,89.529961,-1.89701838476357,-5.86898082822534,-3.13211914203152,1.7104226,2.4153612,-0.5525276,316.18655,82.623215,-6.4835725,WAL
1877052250000,89.534862,-2.0059216876536,-5.51791810122879,-2.66427266104935,1.5879441,2.3017402,-0.5674938,316.8183,82.625275,-6.446104,WAL
1877057339000,89.539951,-2.10097997922762,-5.13768508382095,-2.17472252396138,1.5167783,2.1951442,-0.59498274,317.42853,82.64069,-6.396073,WAL
1877062326000,89.544938,-2.18229310045036,-4.71379170526728,-1.56286285047151,1.350623,2.1010711,-0.61819565,318.03302,82.61977,-6.3657575,WAL
1877067445000,89.550057,-2.23988891701586,-4.16663099683767,-0.646128792293127,1.1872166,2.0173824,-0.6356053,318.60577,82.60919,-6.332934,WAL
1877072366000,89.554978,-2.29398460041286,-3.75364877186671,0.106503727578689,1.01312,1.9416351,-0.6554584,319.1755,82.55623,-6.3180833,WAL
1877077352000,89.559964,-2.34561638749631,-3.61752876632262,0.547720280474,0.84299403,1.8674151,-0.655153,319.71817,82.521614,-6.3078556,WAL
1877082346000,89.564958,-2.40711660634511,-3.50794052161929,0.949665610508183,0.6600399,1.7763962,-0.6603453,320.26044,82.38696,-6.3336234,WAL
1877087356000,89.569968,-2.4989527496124,-3.48038969302326,1.22976589302326,0.49632803,1.6884315,-0.6432411,320.77924,82.263084,-6.371191,WAL
1877092289000,89.574901,-2.59052488414066,-3.47159099128281,1.4802991806637,0.312763,1.6129897,-0.6261369,321.27728,82.090485,-6.4286876,WAL
1877097352000,89.579964,-2.69139012561664,-3.57245628291233,1.5859675766419,0.13072516,1.5247196,-0.6068946,321.744,81.93324,-6.496463,WAL
1877102324000,89.584936,-2.77979952633154,-3.67854452932376,1.67467843024137,-0.03634648,1.4569136,-0.5720753,322.2093,81.74118,-6.585164,WAL
1877107372000,89.589984,-2.79908675314183,-3.83284325008977,1.66503476648713,-0.19181168,1.396438,-0.54244834,322.6497,81.5702,-6.6821723,WAL
1877112367000,89.594979,-2.80796375716101,-3.97051092384397,1.6345706091309,-0.33841935,1.3362677,-0.51923543,323.08142,81.394554,-6.807009,WAL
1877117456000,89.600068,-2.75078949638283,-4.01339155723922,1.46781210392023,-0.45906523,1.269378,-0.50426924,323.49164,81.23368,-6.9397664,WAL
1877122333000,89.604945,-2.69087232673365,-4.04824860195036,1.30398248893814,-0.5885687,1.1890492,-0.4783075,323.90735,81.11553,-7.0346994,WAL
1877127350000,89.609962,-2.57255365618597,-4.01511950070922,1.09100889183609,-0.6966918,1.1285735,-0.4605924,324.30716,81.00949,-7.134018,WAL
1877132455000,89.615067,-2.44986625059701,-3.98835406159204,0.877068769840796,-0.8035932,1.056186,-0.43463063,324.69196,80.96602,-7.201581,WAL
1877137346000,89.619958,-2.30538421259701,-4.04428247625871,0.704622397974129,-0.88789266,0.98471475,-0.41325033,325.05618,80.929214,-7.274359,WAL
1877142497000,89.625109,-2.15331526078625,-4.10764255721483,0.530779630732278,-0.96852684,0.91507614,-0.39736784,325.3977,80.9596,-7.320066,WAL
1877147353000,89.629965,-2.01107259759806,-4.22060003688377,0.459658303506657,-1.0415252,0.8756753,-0.38515055,325.72375,80.99232,-7.3714623,WAL
1877152365000,89.634977,-1.86426035956279,-4.33718629884851,0.386252188997841,-1.0812315,0.8042041,-0.37568212,326.01608,81.08462,-7.385818,WAL
1877157347000,89.639959,-1.74802292518786,-4.40478124593728,0.369550942937581,-1.1591167,0.7287622,-0.3652974,326.29236,81.1836,-7.404056,WAL
1877162337000,89.644949,-1.63790065948302,-4.46223633891394,0.364763022689109,-1.2208142,0.6374379,-0.35155296,326.54016,81.274925,-7.4248857,WAL
1877167439000,89.650051,-1.65473973290155,-4.50459922756078,0.456581623407732,-1.2867876,0.52595496,-0.33536503,326.74353,81.40988,-7.4145494,WAL
1877172313000,89.654925,-1.69659868031088,-4.54180708907931,0.563554452315664,-1.3539828,0.42271876,-0.30207285,326.91928,81.53687,-7.411968,WAL
1877177351000,89.659963,-1.83915380516938,-4.54514069369493,0.730194488460936,-1.41904,0.29932398,-0.28893927,327.0664,81.7008,-7.364914,WAL
1877182280000,89.664892,-2.00090655999608,-4.54051923742902,0.905811761682984,-1.4926492,0.17562376,-0.2556471,327.17996,81.85129,-7.3320684,WAL
1877187337000,89.669949,-2.1790219209661,-4.61839027442663,1.17001090282119,-1.5699236,0.061086524,-0.20525073,327.2772,81.98456,-7.298309,WAL
1877192250000,89.674862,-2.35568949210473,-4.71866114428658,1.45172391328902,-1.6548339,-0.043066,-0.14263703,327.339,82.10638,-7.2763863,WAL
1877197360000,89.679972,-2.47560065435606,-5.00099568944655,1.83059085549242,-1.7525724,-0.129198,-0.06627888,327.4022,82.17618,-7.284501,WAL
1877202307000,89.684919,-2.57529863219697,-5.32002904156145,2.21941287537879,-1.844813,-0.15760323,0.06627888,327.44928,82.21528,-7.325675,WAL
1877207354000,89.689966,-2.46152780067436,-6.18283777792148,2.68885145568591,-1.890017,-0.15699236,0.19761491,327.5216,82.20417,-7.3745184,WAL
1877212307000,89.694919,-2.32568917906697,-7.08988833191686,3.15771327966744,-1.8686367,-0.14172074,0.32925636,327.58823,82.15778,-7.4605165,WAL
1877217390000,89.700002,-2.02634385958175,-8.57839481696472,3.87637364290042,-1.7993035,-0.062002823,0.5006041,327.70258,82.01639,-7.644879,WAL
1877222291000,89.704903,-1.68233973367536,-10.2066810640086,4.65152974965308,-1.6032158,0.0580322,0.63407815,327.83142,81.83793,-7.852159,WAL
1877227350000,89.709962,-1.05354123989553,-12.2376775791445,5.93743514754583,-1.2910637,0.20280726,0.73273283,327.99377,81.62208,-8.072544,WAL
1877232314000,89.714926,-0.313229351127538,-14.3883303345161,7.41805896422235,-0.7852673,0.3286455,0.7528914,328.18158,81.36771,-8.303332,WAL
1877237349000,89.719961,0.800452822131938,-15.8816208636504,8.85927434205396,-0.09773844,0.33108896,0.5534439,328.35873,81.161316,-8.4216175,WAL
1877242325000,89.724937,2.08628968441161,-17.0061172231456,10.2526717607469,0.58001655,0.21777347,0.2782491,328.53226,80.92498,-8.517364,WAL
1877247303000,89.729915,3.31374983365868,-17.7169834195011,10.2427210658582,1.0616838,0.21685717,0.12217305,328.684,80.717026,-8.458463,WAL
1877252317000,89.734929,4.52568286903283,-18.2614060408163,9.6509568527063,1.2156218,0.39614612,-0.15577064,328.85434,80.53094,-8.289863,WAL
1877257319000,89.739931,5.27075002086244,-18.6082114579492,9.02822160240291,1.4294246,0.7272351,-0.40378192,328.99478,80.343796,-7.908695,WAL
1877262390000,89.745002,5.80446981903697,-18.8660262553786,8.38142539969265,1.572978,1.0167851,-0.5177083,329.18216,80.07907,-7.5112147,WAL
1877267327000,89.749939,5.47012177260982,-17.8355452576443,7.88309347953273,1.6215417,1.2507466,-0.5158757,329.40207,79.96236,-6.9099813,WAL
1877272287000,89.754899,4.40636197932817,-15.7080251370586,7.49441216859388,1.5332718,1.3384057,-0.48258355,329.67703,79.760155,-6.3275456,WAL
1877277276000,89.759888,3.15346292236186,-13.221323,7.01764826487134,1.3374895,1.3591752,-0.4382958,329.99014,79.62245,-5.70091,WAL
1877282293000,89.764905,1.80205586008378,-10.547262,6.4952958489228,1.0781772,1.3347405,-0.410196,330.32248,79.443596,-5.118131,WAL
1877287276000,89.769888,0.5872640083657,-8.07053259743053,5.82879888075889,0.81092364,1.284955,-0.39706242,330.69156,79.16237,-4.7149076,WAL
1877292276000,89.774888,-0.566797987451449,-5.6765694961458,5.084858137805,0.54244834,1.2425,-0.3659083,331.05392,78.91527,-4.338888,WAL
1877297288000,89.7799,-1.45227616045175,-3.91624514128195,4.35723749902913,0.28069258,1.1899655,-0.31703907,331.42395,78.61231,-4.182069,WAL
1877302280000,89.784892,-2.19112668012681,-2.50011488790371,3.64206806990291,0.017104227,1.0977248,-0.21685717,331.76517,78.36745,-4.047696,WAL
1877307283000,89.789895,-2.79549408214356,-1.96300028294764,3.20154782311238,-0.25686884,0.9639453,-0.0983493,332.09253,78.13655,-4.108002,WAL
1877312303000,89.794915,-3.32348621756227,-1.93235787904491,2.91869486969014,-0.52320606,0.79290307,0.054367006,332.37463,77.95858,-4.200503,WAL
1877322291000,89.804903,-4.37400124715631,-1.87139048259463,2.3559189137576,-1.022283,0.30268374,0.40622538,332.7689,77.74831,-4.7104917,WAL
1877327313000,89.809925,-4.72137826854892,-3.00945338887065,2.326437791891,-1.3029755,-0.06261369,0.5299256,332.84277,77.71841,-5.08,WAL
1877332313000,89.814925,-4.92574218844386,-5.05702253693368,2.49543102071569,-1.5760323,-0.56169057,0.58123827,332.79733,77.72186,-5.457361,WAL
1877337263000,89.819875,-5.11544386354508,-7.05927971378865,2.61513377467939,-1.8548924,-1.1484267,0.5900958,332.638,77.75971,-5.908692,WAL
1877342313000,89.824925,-5.21160235991649,-8.91032937578288,2.36992984237996,-2.0955732,-1.4465289,0.57910025,332.41916,77.82157,-6.3589993,WAL
1877347278000,89.82989,-5.36234275456766,-10.717977264899,2.05822200459057,-2.2519548,-2.0112739,0.58368176,332.0248,77.974106,-6.727054,WAL
1877352294000,89.834906,-5.98575879972009,-12.4415393486691,1.15121277130643,-2.3066273,-2.5072963,0.63224554,331.5724,78.12176,-7.0831094,WAL
1877357307000,89.839919,-6.60880198838618,-14.1640705938725,0.244746007659423,-2.3600779,-2.9000828,0.72784597,331.0169,78.35873,-7.379813,WAL
1877362344000,89.844956,-7.23482802894295,-15.8948485476106,-0.666060513084635,-2.3258693,-3.1242702,0.8332202,330.3776,78.5449,-7.663643,WAL
1877367346000,89.849958,-7.49394166352584,-17.3943256732523,-1.41948158954407,-2.1587977,-3.1801646,0.89736104,329.68576,78.67603,-7.9384494,WAL
1877372320000,89.854932,-6.2198130112462,-17.9589956215805,-1.53048524389058,-1.8762726,-3.00057,0.9251554,329.0092,78.74049,-8.2181,WAL
1877377304000,89.859916,-4.8264168574966,-18.4637398241406,-1.37452003236842,-1.4382823,-2.5152376,0.9007208,328.34818,78.80112,-8.637326,WAL
1877382300000,89.864912,-2.98655398723053,-18.7378614854341,-0.203698229210527,-0.8863655,-1.8784106,0.77732605,327.79202,78.76588,-9.029642,WAL
1877387291000,89.869903,-1.29827635169492,-18.8184521708612,0.888232842187981,-0.34025195,-1.4071281,0.5323691,327.29663,78.83368,-9.197565,WAL
1877392314000,89.874926,-0.478831368220339,-17.7642907862524,1.53061173533898,0.008552114,-1.1948525,0.2764165,326.9184,78.8617,-9.332978,WAL
1877397344000,89.879956,0.341755585169492,-16.7086603334189,2.17388584096302,0.14049901,-1.0732902,0.060170226,326.64026,79.03766,-9.145722,WAL
1877402324000,89.884936,0.667150143932927,-15.0027459492886,2.26105385066057,0.1554652,-0.91690874,-0.086437434,326.4402,79.21308,-8.923455,WAL
1877407286000,89.889898,0.884467741554878,-13.1579615877033,2.22724896498984,0.13316862,-0.6945538,-0.16371189,326.29904,79.3981,-8.676734,WAL
1877412329000,89.894941,0.81211323,-11.3791614,1.96899148,0.047647487,-0.5525276,-0.20738874,326.1607,79.62212,-8.3205185,WAL
1877417309000,89.899921,0.686311087842675,-9.64039592472916,1.672457790504,-0.0720821,-0.55680364,-0.21319197,326.04425,79.850555,-7.9690766,WAL
1877422412000,89.905024,0.483034154204359,-7.89401164514803,1.16927808323396,-0.23090707,-0.6603453,-0.18600847,325.91113,80.05944,-7.6558533,WAL
1877427247000,89.909859,0.264080846201686,-6.2518621457648,0.621894875354646,-0.38148534,-0.8512407,-0.1414153,325.7507,80.278595,-7.3493443,WAL
1877432312000,89.914924,0.0154793318340203,-5.05664372161858,-0.180875716963282,-0.4822781,-1.1099422,-0.052534413,325.5345,80.46126,-7.119182,WAL
1877437337000,89.919949,-0.236947933035781,-4.02890413750468,-1.04634063113994,-0.66737026,-1.3521502,0.01985312,325.2675,80.68081,-6.8933573,WAL
1877442315000,89.924927,-0.589640691290127,-3.08394640075712,-1.86906962304664,-0.90469146,-1.4779885,0.094989546,324.98053,80.90301,-6.7291126,WAL
1877447326000,89.929938,-1.00142113891379,-2.17318490906521,-2.67809709061175,-1.0308352,-1.758681,0.14813483,324.5791,81.12962,-6.5664873,WAL
1877452357000,89.934969,-1.39717470494831,-1.47151773231958,-3.35527357793837,-1.2968669,-2.01219,0.28985557,324.09845,81.392624,-6.5356746,WAL
1877457319000,89.939931,-1.77874747471645,-0.884849659811302,-3.95625056830272,-1.5726726,-2.2293527,0.43127087,323.5484,81.66087,-6.513241,WAL
1877462352000,89.944964,-2.09540919899194,-0.543425871935484,-4.42678228689516,-1.8463402,-2.4523184,0.55741453,322.92767,81.92682,-6.586995,WAL
1877467417000,89.950029,-2.37948154264593,-0.32455041640553,-4.83193477820661,-2.1013765,-2.6673431,0.66828656,322.2473,82.16949,-6.6938972,WAL
1877472345000,89.954957,-2.61972955823075,-0.404323296942456,-5.23551940455196,-2.3307564,-2.8469374,0.79504114,321.54126,82.361786,-6.859093,WAL
1877477311000,89.959923,-2.83757521609886,-0.681168759665999,-5.64851853139613,-2.4834726,-2.9767463,0.9129381,320.7923,82.48147,-7.046187,WAL
1877482301000,89.964913,-2.99483964181916,-1.17000951892357,-5.94635193745963,-2.549446,-3.0164526,0.9783007,320.0005,82.452705,-7.332308,WAL
1877487325000,89.969937,-3.0880635040366,-1.88472594374166,-6.12244146099031,-2.5152376,-3.0063734,1.0076222,319.19296,82.301025,-7.6399717,WAL
1877492315000,89.974927,-2.94872749982523,-2.65338928668803,-6.44805328313428,-2.4126122,-2.934902,1.0552697,318.38663,82.018036,-7.9814587,WAL
1877497299000,89.979911,-2.67529143877075,-3.45515930303913,-6.86052445804447,-2.2452352,-2.713769,1.1588113,317.63593,98.37208,-8.339623,WAL
1877502320000,89.984932,-2.46137671317273,-4.502346128857,-7.11489503075346,-2.0332649,-2.382069,1.2559389,316.9231,98.89335,-8.753556,WAL
1877507317000,89.989929,-2.29458228302409,-5.72387059067145,-7.24734959538698,-1.784032,-2.0292943,1.3197744,316.29062,99.47516,-9.180073,WAL
1877512323000,89.994935,-2.16819109035367,-7.06861294734509,-7.14238767359545,-1.4905112,-1.7253889,1.3924674,315.71677,100.09519,-9.598241,WAL
1877517412000,90.000024,-2.0648663922521,-8.51046175570974,-6.88877250106967,-1.2348641,-1.464244,1.459357,315.24277,100.73851,-10.022665,WAL
1877522353000,90.004965,-1.99353502163372,-10.0085258623648,-6.57289012101828,-1.0216721,-1.2269229,1.5280794,314.83292,101.36986,-10.425799,WAL
1877527328000,90.00994,-1.94466422901902,-11.5946063360686,-6.19969465267624,-0.8707884,-0.9755518,1.5705346,314.5116,101.99632,-10.826711,WAL
1877532298000,90.01491,-1.78610399210359,-13.0727447756315,-5.84263070074294,-0.784351,-0.691194,1.5607607,314.25415,102.55422,-11.179014,WAL
1877537326000,90.019938,-1.459024854256,-14.4066141545319,-5.50533034650817,-0.786489,-0.34269542,1.5192219,314.09366,103.102585,-11.516367,WAL
1877542312000,90.024924,-0.936911734591384,-15.097740091333,-5.33885088784592,-0.8918633,-0.12644911,1.493871,313.94882,103.561676,-11.792809,WAL
1877547299000,90.029911,-0.23008025564886,-15.1994081620882,-5.3291682722149,-0.9642508,0.35277468,1.4758505,313.98178,104.00114,-12.031896,WAL
1877552300000,90.034912,0.419129252258585,-15.0502232777723,-5.25086616890682,-1.1539245,0.8686504,1.4358387,314.03784,104.3394,-12.157252,WAL
1877557333000,90.039945,1.02145229463662,-14.6850351267834,-5.11332774415035,-1.3658947,1.3414601,1.3326025,314.21518,104.67108,-12.240674,WAL
1877562333000,90.044945,1.4063222140964,-14.1872764047806,-4.55371746651615,-1.564426,1.7009543,1.1322387,314.42236,104.88516,-12.15545,WAL
1877567327000,90.049939,1.58942185359772,-13.5628592354471,-3.59596547965054,-1.7620409,1.7965547,0.88208944,314.6754,105.108025,-12.022989,WAL
1877572320000,90.054932,1.72431766375405,-12.9921381492269,-2.47659813341244,-1.9590448,1.5922203,0.62858033,314.82968,105.227455,-11.751022,WAL
1877577313000,90.059925,1.80598997451456,-12.4806117177724,-1.17843799050701,-2.146275,1.1139128,0.39400807,314.9092,105.35271,-11.436386,WAL
1877582299000,90.064911,1.8916793662439,-11.9617586796748,0.104597433873171,-2.2977695,0.4529566,0.17745635,314.90256,105.48929,-11.13493,WAL
1877587332000,90.069944,1.99095320439024,-11.4131398563686,1.35858301798374,-2.38268,-0.3109304,-0.00580322,314.714,105.62851,-10.818393,WAL
1877592300000,90.074912,1.90357787947974,-10.9805480397699,2.26045227428714,-2.372906,-1.0665708,-0.17501289,314.38092,105.712975,-10.539554,WAL
1877597305000,90.079917,1.53911312850425,-10.7071996768384,2.66807735107554,-2.2519548,-1.6991217,-0.35796702,313.85745,105.76603,-10.249347,WAL
1877602281000,90.084893,1.03482753753329,-10.5183285253329,2.78634617819919,-2.057394,-2.2122486,-0.5708536,313.1924,105.7251,-9.97614,WAL
1877607337000,90.089949,0.30585894194171,-10.4529081694171,2.46859063077591,-1.8353447,-2.4901922,-0.7651087,312.41183,105.62788,-9.684176,WAL
1877612306000,90.094918,-0.395533054022444,-10.3529796926799,2.01580098477504,-1.6071864,-2.483778,-0.883922,311.57343,105.47172,-9.433573,WAL
1877617330000,90.099942,-1.07417002916092,-10.1796051406363,1.27276776074951,-1.3295482,-2.276084,-0.9233228,310.71533,105.23785,-9.156131,WAL
1877622249000,90.104861,-1.67128715817275,-9.90907487161303,0.719586045475888,-1.0760391,-2.0277672,-0.9120218,309.83603,105.01811,-8.958596,WAL
1877627311000,90.109923,-2.1739425697936,-9.46332400503766,0.439806146367994,-0.8854492,-1.8005253,-0.8231409,309.0237,104.760506,-8.7605295,WAL
1877632270000,90.114882,-2.57674176648114,-9.01092697831302,0.221520048859994,-0.73792523,-1.6438384,-0.6786713,308.1732,104.53923,-8.650585,WAL
1877637325000,90.119937,-2.8090168093753,-8.51850371662988,0.110028048644084,-0.63316184,-1.5806139,-0.47891834,307.3885,104.31693,-8.571249,WAL
1877642248000,90.12486,-2.99147305070295,-8.07021549929705,-0.0224244218517775,-0.57451874,-1.5216653,-0.36774087,306.63678,104.19488,-8.608068,WAL
1877647293000,90.129905,-3.04484381084555,-7.70632498915445,-0.231055122855995,-0.5543602,-1.4905112,-0.15760323,305.93027,104.114296,-8.720519,WAL
1877652311000,90.134923,-2.92868176656217,-7.43141203949843,-0.623583192580982,-0.56505036,-1.434617,0.027488936,305.30844,104.11763,-8.893987,WAL
1877657318000,90.13993,-2.35018957667902,-7.39497152442291,-1.52092912360407,-0.61544675,-1.2916746,0.16707164,304.7406,104.1567,-9.100726,WAL
1877662347000,90.144959,-1.81974041887946,-7.38393589071307,-2.28146437511885,-0.66248333,-1.1114693,0.258396,304.22473,104.274956,-9.355944,WAL
1877667384000,90.149996,-1.53718969008489,-7.49859417358234,-2.35107840893039,-0.6954701,-0.9761627,0.35338554,303.75198,104.42749,-9.639484,WAL
1877672282000,90.154894,-1.26243617219015,-7.61008837042445,-2.41877138840407,-0.7263188,-0.92271197,0.42394048,303.26743,104.64353,-9.848048,WAL
1877677358000,90.15997,-1.03461553092723,-7.81242441118936,-2.44397976336072,-0.75441855,-0.9410379,0.47861293,302.81134,104.876816,-10.069165,WAL
1877682272000,90.164884,-0.827483365610329,-8.02876249217527,-2.45778851670579,-0.75228053,-1.0143417,0.49235737,302.36206,105.111084,-10.292182,WAL
1877687330000,90.169942,-0.684543179258228,-8.19223915432037,-2.54147614339266,-0.75502944,-1.0943651,0.49571714,301.8448,105.321236,-10.487218,WAL
1877692253000,90.174865,-0.567344646435319,-8.33287776573531,-2.64461086402506,-0.75777835,-1.1575897,0.47036624,301.31998,105.52304,-10.673046,WAL
1877697293000,90.179905,-0.508370710156128,-8.37711239734582,-2.72429868415301,-0.7696902,-1.2009611,0.43066,300.78107,105.71067,-10.831215,WAL
1877702313000,90.184925,-0.47084098343872,-8.38649452654177,-2.79466680846995,-0.79717916,-1.2116512,0.3894266,300.24054,105.89262,-10.9768915,WAL
1877707317000,90.189929,-0.515310337129732,-8.39237326313855,-2.83721251929438,-0.8353582,-1.1957687,0.35521814,299.7099,106.0771,-11.09511,WAL
1877712340000,90.194952,-0.594865399377067,-8.39679307855568,-2.86815076571114,-0.915687,-1.1695015,0.31031954,299.18295,106.262405,-11.1941395,WAL
1877717374000,90.199986,-0.705763183248063,-8.36337758677423,-2.83348965603439,-0.999681,-1.1212431,0.28588495,298.67422,106.46416,-11.284589,WAL
1877722414000,90.205026,-0.844093732361745,-8.29677372731133,-2.74126921149559,-1.0989466,-1.0467176,0.27214047,298.1839,106.67638,-11.359096,WAL
1877727310000,90.209922,-0.945801055680346,-8.19438187832973,-2.58613081403888,-1.1884383,-0.9828822,0.26145032,297.68872,106.90867,-11.442263,WAL
1877732307000,90.214919,-1.03193371330994,-8.06948948114651,-2.39233234111771,-1.2864822,-0.93309665,0.27977628,297.2169,107.16382,-11.523071,WAL
1877737320000,90.219932,-1.13376365156183,-7.97943867533162,-2.19115657126658,-1.3750577,-0.9104946,0.31306845,296.7447,107.44335,-11.633405,WAL
1877742313000,90.224925,-1.25652874529311,-7.93851695961703,-1.98143289173085,-1.4486669,-0.8741482,0.3286455,296.29547,107.73687,-11.736456,WAL
1877747296000,90.229908,-1.37219287834438,-7.95010421770863,-1.76629039566888,-1.4627168,-0.8481864,0.36163223,295.8337,108.033295,-11.881364,WAL
1877752348000,90.23496,-1.4837043406319,-8.00586009440123,-1.54326756812638,-1.4752395,-0.8570439,0.41874814,295.3803,108.34767,-12.032968,WAL
1877757311000,90.239923,-1.58349345849057,-8.06780478301887,-1.36559850306604,-1.4569136,-0.8781188,0.45631635,294.92175,108.65055,-12.216028,WAL
1877762295000,90.244907,-1.67261341257862,-8.13816264150943,-1.23426368694969,-1.4095715,-0.89980453,0.5131268,294.47183,108.95819,-12.4151945,WAL
1877767398000,90.25001,-1.76871076688597,-8.26836413377193,-1.09039656907895,-1.3509285,-0.9419542,0.56321776,294.0116,109.23723,-12.638952,WAL
1877772335000,90.254947,-1.86768354210526,-8.46630968421053,-0.939580963157895,-1.2797627,-0.9764681,0.6215554,293.55923,109.509705,-12.874486,WAL
1877777260000,90.259872,-1.96254742442821,-8.69552705400019,-0.778997839854797,-1.219287,-1.0207558,0.66950834,293.0575,109.76395,-13.150116,WAL
1877782321000,90.264933,-2.05454369549208,-8.97611548381892,-0.599605178523299,-1.1643091,-1.0784826,0.71685034,292.5553,110.01003,-13.435925,WAL
1877787245000,90.269857,-2.13591543215446,-9.24415683177213,-0.451067425172051,-1.1044444,-1.1200215,0.74128497,292.03735,110.231766,-13.747766,WAL
1877792312000,90.274924,-2.20085129894858,-9.50853876887784,-0.358301828531829,-1.0574077,-1.1600331,0.75869465,291.51627,110.44836,-14.0638895,WAL
1877797269000,90.279881,-2.26119160698249,-9.78111923274974,-0.286240001524202,-1.0076222,-1.2082914,0.77121735,290.98495,110.63239,-14.395488,WAL
1877802333000,90.284945,-2.31113704105046,-10.1107590350154,-0.281245468547889,-0.9578367,-1.2421945,0.77549344,290.45596,110.80621,-14.720039,WAL
1877807249000,90.289861,-2.33719779271884,-10.4146089862848,-0.328538758360226,-0.89736104,-1.2538009,0.77396625,289.91443,110.95428,-15.0495405,WAL
1877812302000,90.294914,-2.30303663868495,-10.6830172529246,-0.518864773033481,-0.80848014,-1.2333369,0.7761043,289.38202,111.08774,-15.369545,WAL
1877817376000,90.299988,-2.24211271265908,-10.905413747584,-0.777019846129557,-0.73456544,-1.1756102,0.7883216,288.86038,111.21166,-15.687216,WAL
1877822329000,90.304941,-2.12410657535164,-11.018881096163,-1.1764251500909,-0.6230826,-1.0873401,0.7809912,288.36078,111.30821,-15.984965,WAL
1877827298000,90.30991,-1.98392302928072,-11.1534831764236,-1.58867452543457,-0.49480084,-0.95233893,0.77549344,287.89075,111.40253,-16.265186,WAL
1877832317000,90.314929,-1.75823855494506,-11.3695639120879,-2.04964716263736,-0.35613444,-0.8051204,0.7635816,287.456,111.47232,-16.524715,WAL
1877837310000,90.319922,-1.51039288410722,-11.5729484283555,-2.50008222446594,-0.20891592,-0.7199047,0.7476991,287.0476,111.54793,-16.752396,WAL
1877842312000,90.324924,-1.17250262283353,-11.7322397493954,-2.9200314751713,-0.14263703,-0.5555819,0.73975784,286.71014,111.61243,-16.956186,WAL
1877847336000,90.329948,-0.792848563242678,-11.8333470861725,-3.27794012952779,-0.04184427,-0.39614612,0.71685034,286.40518,111.65204,-17.09994,WAL
1877852303000,90.334915,-0.281058962719665,-11.7338324148237,-3.41536511416617,0.036651913,-0.258396,0.68752885,286.14438,111.680534,-17.22572,WAL
1877857303000,90.339915,0.223152821924847,-11.627624345092,-3.46858860314417,0.052839845,-0.15882497,0.6267477,285.9375,111.6923,-17.272348,WAL
1877862334000,90.344946,0.689628333122124,-11.4983046892255,-3.20533019489072,0.0070249503,-0.12522738,0.54458636,285.7497,111.68915,-17.29864,WAL
1877867320000,90.349932,1.11556466477896,-11.4106326043069,-2.90116962044725,-0.08857546,-0.13439035,0.39675698,285.599,111.63614,-17.219574,WAL
1877872320000,90.354932,1.29899043349208,-11.5940579071332,-2.30627532497153,-0.23518312,-0.19211712,0.21380283,285.43665,111.57334,-17.10976,WAL
1877877298000,90.35991,1.41294790877549,-11.7698352758287,-1.71000933742147,-0.3979787,-0.26419923,0.015271631,285.27527,111.43566,-16.90256,WAL
1877882346000,90.364958,1.24007481404272,-11.9193472101092,-1.08860073256983,-0.53023106,-0.3417791,-0.14477506,285.08652,111.2885,-16.66226,WAL
1877887332000,90.369944,0.994218598603912,-12.0219276927771,-0.461063764094633,-0.61391956,-0.41050145,-0.25778514,284.8643,111.05659,-16.367489,WAL
1877892297000,90.374909,0.254870204815248,-11.8271533410801,0.254434698913225,-0.65179324,-0.46883908,-0.28160888,284.61972,110.82969,-16.062279,WAL
1877897297000,90.379909,-0.48969011118542,-11.6310059576994,0.97497695773282,-0.6365216,-0.52687126,-0.25350907,284.332,110.5533,-15.781816,WAL
1877902316000,90.384928,-0.772537305348763,-11.7745584636237,1.21364708368156,-0.55741453,-0.52931476,-0.18936823,284.0476,110.280594,-15.5098095,WAL
1877907270000,90.389882,-0.884372414214079,-12.0388954744455,1.27464795274831,-0.44684792,-0.49235737,-0.11362094,283.7637,110.013565,-15.2547035,WAL
1877912340000,90.394952,-0.7969118229675,-12.4606588998321,1.17585167013731,-0.30451632,-0.42943826,-0.04734206,283.42487,109.76894,-15.184376,WAL
1877917312000,90.399924,-0.679318517077941,-12.8981060000988,1.05355466462511,-0.15118915,-0.3707952,-0.005497787,283.10446,109.51995,-15.126609,WAL
1877922298000,90.40491,-0.506378379696573,-13.2968961360188,0.890402505414596,-0.018020526,-0.31887165,0.027488936,282.78732,109.265625,-15.09788,WAL
1877927257000,90.409869,-0.324181061736856,-13.6861359110646,0.720627731075072,0.14630222,-0.24190263,0.05131268,282.50238,108.9956,-15.072692,WAL
1877932306000,90.414918,-0.127665581206145,-14.1397882754827,0.543520032057297,0.32498032,-0.14905111,0.064446285,282.24426,108.69698,-15.02,WAL
1877937328000,90.41994,0.0770140669130164,-14.6390070820012,0.363801355540793,0.5039638,-0.106595986,0.050396383,281.9986,108.381966,-14.965142,WAL
1877942316000,90.424928,0.293147652929612,-15.0682340795559,0.147837145321381,0.5983425,-0.013133603,0.035430185,281.80884,108.04082,-14.858539,WAL
1877947310000,90.429922,0.517250989103596,-15.4579792287868,-0.0908816199592544,0.77854776,0.10354166,0.0061086523,281.6408,107.66504,-14.742957,WAL
1877952362000,90.434974,0.70667089405773,-15.7698140468689,-0.401336602911937,0.9795224,0.23671028,-0.044593163,281.50854,107.24922,-14.570221,WAL
1877957320000,90.439932,0.873925778556751,-16.0346338282779,-0.740492367201566,1.1908818,0.36957347,-0.10170906,281.4121,106.813446,-14.386845,WAL
1877962305000,90.444917,0.969783355837441,-16.2079559575722,-0.936843460307335,1.3997977,0.5195409,-0.18142697,281.36517,106.32731,-14.139173,WAL
1877967354000,90.449966,1.02118827055185,-16.3247851428433,-1.04432640835025,1.6172657,0.66614854,-0.26816985,281.35663,105.81517,-13.875915,WAL
1877972389000,90.455001,1.05884669739114,-16.1941469526506,-0.994420388775415,1.8527542,0.7495316,-0.3903429,281.37872,105.2596,-13.553371,WAL
1877977306000,90.459918,1.08507775797976,-15.8750025647572,-0.823918357998329,2.1025982,0.7583892,-0.5363397,281.42084,104.670044,-13.207077,WAL
1877982309000,90.464921,1.11533149127789,-15.3552631214903,-0.664265592973204,2.3176227,0.6988298,-0.68019843,281.46133,104.05064,-12.83004,WAL
1877987323000,90.469935,1.15121566206897,-14.529927246824,-0.5258553353902,2.545781,0.59712076,-0.7861836,281.4931,103.404915,-12.434764,WAL
1877992314000,90.474926,1.07362511250763,-13.8653419277269,-0.516533955570175,2.7876835,0.5195409,-0.87964594,281.5066,102.74028,-12.024995,WAL
1877997298000,90.47991,0.891585401149886,-13.3465292923341,-0.625757769078947,3.0518827,0.46028697,-0.9868528,281.50006,102.06836,-11.593954,WAL
1878002378000,90.48499,0.516912092460998,-12.8933149032958,-0.837679221706788,3.311806,0.453262,-1.128879,281.49103,101.41591,-11.154475,WAL
1878007315000,90.489927,-0.0936971539952475,-12.5513739680752,-1.17473554146089,3.573867,0.51068336,-1.2858714,281.4917,100.787735,-10.689957,WAL
1878012309000,90.494921,-0.741447764798251,-12.2833316694494,-1.45636947086066,3.7754526,0.6582073,-1.430341,281.5199,100.252426,-10.242604,WAL
1878017440000,90.500052,-1.43979992421189,-12.0928717235142,-1.68101420710594,3.9080105,0.87109387,-1.5360206,281.5952,80.210266,-9.772345,WAL
1878022374000,90.504986,-2.0570668458948,-11.9501845445774,-1.83610817159291,3.9581013,1.0806206,-1.5903877,281.70825,80.46663,-9.400089,WAL
1878027307000,90.509919,-2.61806743125522,-11.8493795430931,-1.92814731582707,3.8789942,1.2745703,-1.6032158,281.89197,80.618546,-9.023191,WAL
1878032313000,90.514925,-3.18279543171586,-11.8084831547038,-2.1047966486409,3.7342193,1.3497068,-1.5851953,282.0824,80.528244,-8.797963,WAL
1878037325000,90.519937,-3.73831517692716,-11.9002206356976,-2.46155254352304,3.5515707,1.4880677,-1.5745052,282.3611,80.36154,-8.5820265,WAL
1878042281000,90.524893,-4.30521831001206,-12.0789696153846,-2.68132461882713,3.4666603,1.5748106,-1.5244142,282.60895,79.96241,-8.557555,WAL
1878047307000,90.529919,-4.9036991119421,-12.3782099230769,-2.72598732347592,3.2873714,1.5632042,-1.4767667,282.88135,79.55711,-8.541767,WAL
1878052292000,90.534904,-5.49464348566262,-12.6729848313125,-2.62564725751968,3.1450398,1.4340062,-1.4453071,283.11386,79.02597,-8.681522,WAL
1878057321000,90.539933,-6.08373108887471,-12.9649674373538,-2.13900961644331,3.0140092,1.1255192,-1.4196508,283.3026,78.508194,-8.822797,WAL
1878062299000,90.544911,-6.64081765092901,-13.3427338163505,-1.87605392153335,2.8845057,0.7244862,-1.4187346,283.42862,77.94295,-9.045855,WAL
1878067345000,90.549957,-7.16536558537062,-13.862555702523,-1.94693877353804,2.740036,0.364992,-1.4822645,283.49194,77.42265,-9.236584,WAL
1878072252000,90.554864,-7.55951342031665,-14.1976330902744,-2.08168455614121,2.5222626,0.12461651,-1.6612481,283.4331,76.78978,-9.541316,WAL
1878077348000,90.55996,-7.74188437171797,-14.2120315829482,-2.35044165272888,2.2073615,-0.062308256,-1.8707749,283.3109,76.247795,-9.783293,WAL
1878082271000,90.564883,-7.70712852885379,-14.0704464269935,-2.72112519321771,1.9007072,-0.20647246,-2.0134118,283.13092,75.72187,-10.068508,WAL
1878087363000,90.569975,-7.19684554763104,-13.5743373220618,-3.35425414219552,1.6517797,-0.22785273,-2.1044307,282.95856,75.30703,-10.279184,WAL
1878092274000,90.574886,-6.61893351247525,-13.0356131804809,-3.83495176316832,1.4645494,-0.10598512,-2.1132884,282.86053,75.05895,-10.398089,WAL
1878097292000,90.579904,-5.76701390679868,-12.3015126660066,-3.93011291643564,1.3973542,0.090713486,-2.007914,282.78345,74.84526,-10.512803,WAL
1878102307000,90.584919,-4.92305119444741,-11.5807332355579,-4.02079338403631,1.368949,0.30787608,-1.8451185,282.781,74.824425,-10.510531,WAL
1878107307000,90.589919,-4.13052316454885,-10.9467108116391,-4.08215029807795,1.3884968,0.537256,-1.6517797,282.83093,74.782585,-10.554692,WAL
1878112335000,90.594947,-3.35331620954434,-10.4434793958844,-3.9635938011465,1.4984524,0.7733554,-1.461495,282.9611,74.8221,-10.495932,WAL
1878117342000,90.599954,-2.6344025633121,-10.3166116815287,-3.34335470585987,1.5940529,0.9440922,-1.3381003,283.12918,74.834114,-10.484216,WAL
1878122347000,90.604959,-1.95664433817561,-10.2004878580488,-2.76202028258537,1.6878207,1.0454959,-1.287093,283.35318,74.896904,-10.388916,WAL
1878127349000,90.609961,-1.41919398057561,-10.1210390180488,-2.31336601458537,1.7687603,1.1725558,-1.2794572,283.6271,74.92536,-10.33088,WAL
1878132340000,90.614952,-0.951289653936928,-10.0897065932859,-1.83935874402848,1.8933768,1.2791518,-1.2651019,283.934,74.93599,-10.176312,WAL
1878137354000,90.619966,-0.80474405283825,-10.2851011021363,-1.23852173871821,1.9850066,1.4850134,-1.2724323,284.30484,74.93542,-10.035782,WAL
1878142336000,90.624948,-0.653945725573524,-10.4565121549455,-0.710895080819857,2.162463,1.5690074,-1.3225232,284.68097,74.90488,-9.801112,WAL
1878147345000,90.629957,-0.482559060667544,-10.5422053319857,-0.444794753249342,2.2574525,1.5796975,-1.3628404,285.09372,74.863525,-9.580787,WAL
1878152308000,90.63492,-0.289507635073351,-10.6138383000528,-0.169569616255409,2.2033908,1.599856,-1.3591752,285.5415,74.76224,-9.345701,WAL
1878157351000,90.639963,0.194725046429552,-10.5220892313456,0.253496824287071,2.060143,1.4138476,-1.3289373,285.93396,74.65098,-9.103053,WAL
1878162344000,90.644956,0.646168932818236,-10.4261598895796,0.546831526791001,1.8768835,1.3133603,-1.2470814,286.3563,74.531975,-8.855458,WAL
1878167396000,90.650008,0.980364894523387,-10.3068037723505,0.293797425689757,1.7638733,1.2907583,-1.1667526,286.74554,74.414696,-8.61686,WAL
1878172306000,90.654918,1.247297908953,-10.1805472596669,-0.05835813405116,1.711339,1.3625349,-1.0946705,287.13358,74.29813,-8.32971,WAL
1878177626000,90.660238,1.19678370193337,-9.98354216349395,-1.06359052143962,1.7165314,1.5457945,-1.026559,287.5412,74.172104,-8.07672,WAL
1878182314000,90.664926,1.11324883920589,-9.80480093967563,-1.98095190186907,1.7208074,1.8310685,-0.9605856,287.99054,74.10509,-7.8036795,WAL
1878187320000,90.669932,0.781375371177809,-9.58197156269778,-3.15673233994264,1.7373008,2.1035144,-0.8924741,288.48206,74.01529,-7.5677786,WAL
1878192303000,90.674915,0.458421516098987,-9.34317183982853,-4.24937047525331,1.7702875,2.375044,-0.79229224,289.0404,74.0305,-7.387869,WAL
1878197300000,90.679912,0.192662327085931,-8.97017626646532,-4.73426442851715,1.8365663,2.6007588,-0.72265357,289.65787,74.02495,-7.2375193,WAL
1878202404000,90.685016,-0.0740284626600647,-8.58937959274439,-5.2064440333366,1.8860464,2.769663,-0.68386364,290.3266,74.14554,-7.177524,WAL
1878207322000,90.689934,-0.277219405907442,-8.22455956560447,-5.40039883370919,1.9446895,2.8759537,-0.6264423,291.03317,74.23526,-7.153388,WAL
1878212412000,90.695024,-0.486121187902253,-7.83768220420354,-5.5776865906074,1.9947804,2.9290988,-0.5861252,291.7741,74.34862,-7.1964397,WAL
1878217345000,90.699957,-0.657151537291834,-7.25332851913717,-5.22137343092317,2.031127,2.905886,-0.5540548,292.5183,74.44464,-7.2534776,WAL
1878222507000,90.705119,-0.831741610425573,-6.64664213205531,-4.84001564701902,2.0222695,2.8677068,-0.5222898,293.2749,74.531044,-7.369281,WAL
1878227312000,90.709924,-0.940037132018043,-6.14126304071387,-4.37975983102569,1.9795089,2.79929,-0.49693888,294.01276,74.614,-7.48612,WAL
1878232638000,90.71525,-1.06841371536529,-5.56194415597217,-3.82429626072671,1.9220876,2.7027733,-0.4642576,294.73447,74.600266,-7.6625338,WAL
1878237323000,90.719935,-1.30688524082915,-4.76414850879397,-2.65361771482412,1.8356501,2.6407704,-0.45142943,295.44305,74.60568,-7.835887,WAL
1878242299000,90.724911,-1.56016897844028,-3.91679927926169,-1.41022466372246,1.7889189,2.4996605,-0.44348818,296.10043,74.497375,-8.059581,WAL
1878247297000,90.729909,-1.75039870469941,-3.52219214539226,-0.792834512332336,1.6539177,2.3429737,-0.44257188,296.73126,74.433426,-8.277464,WAL
1878252274000,90.734886,-1.93437543316607,-3.16803698031458,-0.231705497713017,1.4929546,2.1887302,-0.4392121,297.3182,74.38739,-8.4869795,WAL
1878257455000,90.740067,-2.20883850876222,-2.85854396353848,0.222656267084856,1.2950343,2.0308216,-0.43951756,297.8022,74.03703,-8.912232,WAL
1878262391000,90.745003,-2.48434932350094,-2.57369375699891,0.633587653432777,1.0928379,1.8793269,-0.44165558,298.23892,73.727936,-9.320005,WAL
1878267366000,90.749978,-2.74933445008445,-2.41774827495777,0.806070184700862,0.8552113,1.7626517,-0.42943826,298.7128,73.41702,-9.657241,WAL
1878272330000,90.754942,-3.01135192434883,-2.28673953782558,0.932852836385456,0.61208695,1.6780468,-0.4269948,299.14938,73.156525,-9.981595,WAL
1878277332000,90.759944,-3.22010443865661,-2.21232773132282,0.970066855483208,0.37415496,1.6249015,-0.4156938,299.5996,72.86832,-10.318408,WAL
1878282316000,90.764928,-3.38835164907471,-2.17961301494174,0.942025645613434,0.15363261,1.5974126,-0.41416663,300.02975,72.63099,-10.648546,WAL
1878287337000,90.769949,-3.42274993778971,-2.2369180501806,0.917288877407946,-0.04153884,1.5943583,-0.3915646,300.47302,72.387856,-11.021017,WAL
1878292343000,90.774955,-3.3409795872429,-2.37159866152804,0.895643778707234,-0.20952678,1.5806139,-0.36835176,300.90125,72.1832,-11.389671,WAL
1878297304000,90.779916,-3.25994428778971,-2.5050686001806,0.874193252407946,-0.3576616,1.5534303,-0.3472769,301.34103,72.007034,-11.775376,WAL
1878302215000,90.784827,-3.17972571177385,-2.63719334694993,0.852958917665797,-0.4633413,1.5216653,-0.32834008,301.7699,71.84754,-12.162542,WAL
1878307214000,90.789826,-3.00299428855098,-2.79614199254621,0.895525678592725,-0.5519168,1.4724907,-0.30848694,302.19272,71.71437,-12.544994,WAL
1878312221000,90.794833,-2.74088843774598,-2.9772332198867,0.995602481514609,-0.636827,1.421178,-0.28313604,302.59998,71.58965,-12.927798,WAL
1878317212000,90.799824,-2.48465275957109,-3.15765334042891,1.11490315393169,-0.68936145,1.3292428,-0.28130344,302.98294,71.52096,-13.260169,WAL
1878322227000,90.804839,-2.23192568843328,-3.33885397406672,1.2531877956116,-0.743423,1.2095132,-0.2837469,303.33752,71.45707,-13.588226,WAL
1878332231000,90.814843,-1.80651409020212,-3.63092911786459,1.4260805259313,-0.8323039,0.98563105,-0.29810223,303.94214,71.39078,-14.143511,WAL
1878337226000,90.819838,-1.6196750932042,-3.7378283013132,1.48572239271175,-0.89858276,0.8142834,-0.3145956,304.17505,71.38704,-14.377398,WAL
1878342237000,90.824849,-1.46212619330269,-3.77984140709127,1.5224838739768,-0.9755518,0.6337727,-0.3222314,304.35773,71.384155,-14.595462,WAL
1878347227000,90.829839,-1.39908752923305,-3.81534400399802,1.55521760399802,-1.067487,0.44440445,-0.33353242,304.5179,71.46132,-14.710819,WAL
1878352260000,90.834872,-1.44201685262741,-3.84396351972291,1.58383711972291,-1.1420126,0.27122417,-0.33108896,304.6269,71.54165,-14.81559,WAL
1878357201000,90.839813,-1.48416145562593,-3.8720598891242,1.6119334891242,-1.2342533,0.113926366,-0.33169982,304.70425,71.6807,-14.853719,WAL
1878362242000,90.844854,-1.52715901557645,-3.90072489583375,1.64059849583375,-1.3136657,-0.025350908,-0.32650748,304.7337,71.8222,-14.884838,WAL
1878367202000,90.849814,-1.57755858707436,-4.08365388632979,1.67084998943711,-1.4083499,-0.14569137,-0.3051272,304.73767,71.98522,-14.90322,WAL
1878372235000,90.854847,-1.63976457838777,-4.48081519626725,1.70434549631689,-1.491122,-0.22418754,-0.27885997,304.71097,72.14983,-14.919023,WAL
1878377176000,90.859788,-1.68348650081174,-4.79290098372616,1.76721071906112,-1.5897768,-0.29565877,-0.25534168,304.66626,72.31485,-14.939066,WAL
1878382244000,90.864856,-1.7024733848802,-4.9970099874621,1.87638540158435,-1.677436,-0.31764993,-0.20097467,304.60895,72.468994,-14.973358,WAL
1878387179000,90.869791,-1.71587555706836,-5.28142575456528,2.05311142552385,-1.767844,-0.3231477,-0.14813483,304.54596,72.64555,-14.995938,WAL
1878392230000,90.874842,-1.72046192445245,-5.7263037260548,2.36039832760027,-1.8542814,-0.30879238,-0.060170226,304.4771,72.80168,-15.043,WAL
1878397216000,90.879828,-1.70596149862814,-6.22352286073581,2.71588780715028,-1.9043725,-0.2660318,0.03145956,304.42444,72.94752,-15.092001,WAL
1878402268000,90.88488,-1.63556569571815,-6.8973113350239,3.22877144655997,-1.9055941,-0.21166481,0.14019357,304.37418,73.060486,-15.170697,WAL
1878407244000,90.889856,-1.50460352520692,-7.69010379382995,3.71309883792325,-1.8756617,-0.18387043,0.27030787,304.3316,73.13623,-15.254172,WAL
1878412259000,90.894871,-1.25163606692062,-8.74262927727615,4.1603091988149,-1.8081611,-0.13683382,0.34788775,304.30817,73.18435,-15.354811,WAL
1878417262000,90.899874,-0.999609332914573,-9.88811324811558,4.65281218680905,-1.6936239,-0.083383106,0.42119157,304.29074,73.18578,-15.450921,WAL
1878422278000,90.90489,-0.748157967085427,-11.3867635018844,5.31664376319095,-1.5137241,0.013744468,0.5027421,304.29636,73.14722,-15.5722475,WAL
1878427266000,90.909878,-0.352760850986717,-12.9355278087287,5.98141015544592,-1.2302825,0.1160644,0.5039638,304.30865,73.151024,-15.597172,WAL
1878432267000,90.914879,0.374276889914611,-14.6213459296015,6.65846413499051,-1.058324,0.36102137,0.46853364,304.38892,73.137184,-15.641081,WAL
1878437279000,90.919891,1.17331327669747,-16.1419275711995,7.26311050673331,-0.61208695,0.6218608,0.2846632,304.49518,73.17048,-15.546136,WAL
1878442274000,90.924886,2.25147616018484,-16.9810004271973,7.56986804039985,-0.11728613,0.8573494,0.023518313,304.66833,73.20907,-15.428786,WAL
1878447291000,90.929903,3.34063413789216,-17.7939506868021,7.81401642938424,0.2519819,1.1603385,-0.28863382,304.91287,73.428154,-15.067229,WAL
1878452367000,90.934979,4.51418460850792,-18.2747450018079,7.32805277816654,0.3921755,1.4636332,-0.559858,305.2364,73.65326,-14.670115,WAL
1878457320000,90.939932,5.39079309940966,-18.5225389678699,6.95563389586761,0.40133846,1.6875153,-0.7519751,305.60193,74.06124,-14.038084,WAL
1878462337000,90.944949,5.24664783855608,-17.9227086230524,6.96958336989258,0.40225476,1.6716328,-0.79137594,305.9971,74.43485,-13.409675,WAL
1878467385000,90.949997,4.9782346897285,-17.0886246117334,6.99540176101196,0.45631635,1.4398094,-0.7629707,306.40176,74.9839,-12.612109,WAL
1878472347000,90.954959,4.0354111650655,-14.9999768384279,7.08562428930131,0.4981606,1.1410962,-0.6936375,306.78903,75.47521,-11.85201,WAL
1878477524000,90.960136,3.04523178701374,-12.8010136570544,7.16102736346042,0.49754974,0.8854492,-0.5699373,307.1283,75.848816,-11.174833,WAL
1878482361000,90.964973,2.041133167515,-10.5059311115734,7.00413682983356,0.4428773,0.7067711,-0.43371433,307.40375,76.160095,-10.538809,WAL
1878487703000,90.970315,0.912105984841418,-7.94936146413246,6.78655674393657,0.3387248,0.6078109,-0.32803464,307.62296,76.21647,-10.120943,WAL
1878492333000,90.974945,-0.481810755550373,-5.28147931963619,5.68217778777985,0.17379116,0.623388,-0.24098633,307.82007,76.24833,-9.741823,WAL
1878497327000,90.979939,-1.9853140388153,-2.40385438883395,4.49097508647388,-0.040927973,0.7058548,-0.1685988,308.0004,76.09269,-9.587439,WAL
1878502412000,90.985024,-2.40423259495731,-1.2410329192225,3.72676522581617,-0.28496864,0.7861836,-0.09193522,308.1805,75.95176,-9.460622,WAL
1878507249000,90.989861,-2.58105577445505,-0.48720789195781,3.08927097659468,-0.5332854,0.8197812,-0.010995574,308.36697,75.83756,-9.357928,WAL
1878512418000,90.99503,-2.76004258250447,-0.0421237267913886,2.72363231578453,-0.77763146,0.8042041,0.046120327,308.5669,75.63131,-9.561355,WAL
1878517344000,90.999956,-2.92857346749083,0.30824316130864,2.43979088865282,-1.0164797,0.68661255,0.096516706,308.74237,75.45748,-9.78426,WAL
1878522390000,91.005002,-3.10742806250761,0.192084042558328,2.31404338656928,-1.2202033,0.4972443,0.11575896,308.90552,75.34742,-10.052109,WAL
1878527288000,91.0099,-3.28348477948874,-0.107688070586326,2.25694387587746,-1.4208726,0.37904188,0.14935656,309.05103,75.26322,-10.338518,WAL
1878532337000,91.014949,-3.41596479927158,-0.892105176415002,2.20282302943203,-1.5393804,0.09162979,0.19853121,309.10138,75.18767,-10.653611,WAL
1878537337000,91.019949,-3.52908779366079,-1.8442240217738,2.15097501289497,-1.7684549,-0.2144137,0.3231477,309.1062,75.134445,-10.996005,WAL
1878542348000,91.02496,-3.54247365705795,-3.22811827325409,1.82745116936107,-2.0308216,-0.57787853,0.47861293,309.0257,75.080055,-11.368507,WAL
1878547341000,91.029953,-3.51405337246161,-4.78649292540862,1.39167464277365,-2.3371704,-0.98624194,0.6273586,308.83875,75.025665,-11.760443,WAL
1878552461000,91.035073,-3.75872850964083,-6.88644466823202,0.889352916063078,-2.6462681,-1.42973,0.7791586,308.58075,75.00869,-12.174938,WAL
1878557358000,91.03997,-4.10867609073724,-9.10744454775644,0.385428595144762,-2.919936,-1.8887954,0.883922,308.1978,74.97552,-12.600164,WAL
1878562331000,91.044943,-5.00511725877863,-11.392715919084,-0.801542180419847,-3.1199942,-2.441323,0.98471475,307.76636,75.058014,-12.988583,WAL
1878567461000,91.050073,-6.19583969866412,-13.7647848427481,-2.35791949249046,-3.2381966,-3.085175,1.07665,307.17316,75.08337,-13.380591,WAL
1878572374000,91.054986,-7.26829846313721,-15.4155655141144,-4.29726395543377,-3.2607987,-3.6749654,1.1795808,306.4847,75.135994,-13.743774,WAL
1878577357000,91.059969,-8.30947083393651,-16.6639855488574,-6.57205302265536,-3.1685581,-4.001473,1.2748758,305.6853,75.09408,-14.116215,WAL
1878582350000,91.064962,-7.67263322785813,-17.4940912766,-7.08554272882901,-2.8900034,-3.8221838,1.2913691,304.86557,74.966034,-14.559053,WAL
1878587361000,91.069973,-6.11799405845056,-18.0978800405191,-6.63864349000396,-2.312125,-2.7440066,1.0977248,304.21982,74.76627,-14.969666,WAL
1878592314000,91.074926,-3.98036899242892,-18.5107198090983,-4.15722292122258,-1.3045027,-1.1096367,0.6478226,303.82538,74.52545,-15.371955,WAL
1878597338000,91.07995,-1.4496025770918,-18.8185163322502,-0.409929729021121,-0.14782938,0.116980694,0.22999077,303.6248,74.254166,-15.717372,WAL
1878602358000,91.08497,-0.190417014724138,-18.2513354118774,2.41930145720307,0.59589905,0.58368176,-0.082161374,303.6849,74.27562,-15.721932,WAL
1878607319000,91.089931,0.401189334637931,-17.2410543726054,4.74476954193487,0.88239485,0.73823065,-0.30207285,304.00284,105.64301,-15.641373,WAL
1878612326000,91.094938,0.55221014141503,-15.4443231789309,6.11484325163686,0.89369583,0.732122,-0.46609017,304.25824,105.230995,-15.230406,WAL
1878617354000,91.099966,0.359281413300107,-13.0397722190951,6.73597936655917,0.81061816,0.50823987,-0.52748215,304.49603,75.193756,-14.806234,WAL
1878622412000,91.105024,0.197734550767246,-10.6631916110565,6.59716721468531,0.79412484,0.12003502,-0.5290093,304.58255,75.6252,-14.364744,WAL
1878627312000,91.109924,0.0691327463540918,-8.39713905577396,5.80781833356643,0.782213,-0.10842858,-0.5155703,304.65805,76.040436,-13.921622,WAL
1878632303000,91.114915,-0.175707423553982,-6.24962442404784,4.4360058713881,0.75961095,-0.6252206,-0.44501534,304.52505,76.28823,-13.609955,WAL
1878637327000,91.119939,-0.594703516710209,-4.33132912726891,2.19462915826251,0.63255095,-1.0891727,-0.28527406,304.3448,76.480934,-13.326017,WAL
1878642314000,91.124926,-1.18223874095748,-2.8688844215284,0.0964572317573597,0.45662177,-1.4556919,-0.057726767,304.05988,76.54224,-13.162224,WAL
1878647296000,91.129908,-1.94362010791952,-1.85686210601645,-1.87083857252453,0.15485434,-1.675298,0.19028452,303.68195,76.551605,-13.042138,WAL
1878652322000,91.134934,-2.55433564470576,-0.937921974947007,-3.39672432729383,-0.258396,-1.9285016,0.38728857,303.3076,76.5156,-13.052852,WAL
1878657298000,91.13991,-2.98724940265469,-0.139436459654789,-4.40685654637125,-0.7651087,-2.3081543,0.5021312,302.8324,76.46271,-13.104247,WAL
1878662315000,91.144927,-3.35680554788013,0.688732788745423,-5.3864905894392,-1.2742649,-2.7931814,0.6081163,302.3255,76.32908,-13.328974,WAL
1878667446000,91.150058,-3.6645728457699,1.55995087936018,-6.34767145529004,-1.7403551,-3.280041,0.689056,301.71005,76.18065,-13.577461,WAL
1878672318000,91.15493,-3.98078408864348,2.26741692070679,-6.96475871930793,-2.175291,-3.688099,0.7476991,301.1061,75.95613,-13.926889,WAL
1878677285000,91.159897,-4.33537705757408,2.82776144218664,-7.19677626702558,-2.6093109,-4.0634756,0.8258898,300.373,75.663216,-14.305328,WAL
1878682300000,91.164912,-4.68399480308956,3.07592267504889,-7.51669761106766,-2.930626,-4.4489317,0.93828905,299.60175,104.77909,-14.778532,WAL
1878687335000,91.169947,-5.00457632489245,2.33104227428627,-8.1060018284122,-3.026532,-4.6218066,0.99387777,298.7886,105.312836,-15.262412,WAL
1878692287000,91.174899,-5.22220590987243,1.49648093234424,-8.670706072934,-2.903137,-4.473977,0.9447031,297.91815,106.024216,-15.849062,WAL
1878697438000,91.18005,-5.0352457509706,0.196879585061934,-9.1951067276761,-2.6529877,-4.143499,0.8729264,297.06305,106.81026,-16.449085,WAL
1878702492000,91.185104,-4.84849864504039,-1.12907818127087,-9.67933289423802,-2.3273966,-3.6990945,0.84665924,296.40625,107.64446,-17.019276,WAL
1878707213000,91.189825,-4.63424624184168,-2.97943886995153,-9.76698129725364,-1.9960022,-3.2388074,0.8436049,295.85507,108.48912,-17.561258,WAL
1878712246000,91.194858,-4.38585310793853,-4.90749555280932,-9.78561007155442,-1.6630806,-2.8154778,0.86162543,295.3057,109.30439,-18.048931,WAL
1878717263000,91.199875,-4.03782392597886,-6.6053137172083,-9.42817484945184,-1.3362677,-2.368019,0.9776898,294.91025,110.13798,-18.543877,WAL
1878722232000,91.204844,-3.705649568,-8.32588434,-9.03380178,-1.033584,-2.1413882,1.1746938,294.52585,110.881454,-18.96005,WAL
1878727210000,91.209822,-3.4637251081393,-10.3324339163184,-8.34597740328358,-0.8732319,-1.7345519,1.2822062,294.33405,111.62091,-19.35275,WAL
1878732245000,91.214857,-3.17494625767627,-12.3179055281033,-7.73871031086395,-0.589485,-1.2495248,1.4920384,294.21896,112.239105,-19.680216,WAL
1878737267000,91.219879,-2.5397329771996,-13.9513112774578,-7.82945510796425,-0.3921755,-0.5876524,1.6627752,294.28314,112.86358,-19.990803,WAL
1878742219000,91.224831,-1.90048091642604,-15.4458656774721,-7.88551121521838,-0.26939157,0.21319197,1.8032742,294.52808,113.319885,-20.171673,WAL
1878747257000,91.229869,-1.12504392356306,-15.8401553947153,-7.61827013238899,-0.2864958,1.0415252,1.8781052,294.98004,113.790306,-20.338776,WAL
1878752198000,91.23481,-0.36453694028875,-16.2268535870335,-7.35617442173795,-0.44929138,1.7779233,1.8942931,295.67273,114.10976,-20.273424,WAL
1878757206000,91.239818,0.51084039932025,-15.860379313891,-6.48169626236158,-0.7602218,2.307849,1.8463402,296.5318,114.465485,-20.182932,WAL
1878762250000,91.244862,1.379808965949,-15.3891800486159,-5.52380963942851,-1.1224649,2.6444356,1.6606371,297.52057,114.83401,-20.030674,WAL
1878767248000,91.24986,1.91169375563052,-14.8572954572874,-4.58351342107352,-1.5134187,2.8258626,1.3494014,298.5086,115.123375,-19.719587,WAL
1878772338000,91.25495,2.43713325566712,-14.3162213432836,-3.62498810918137,-1.8863518,2.7898216,1.0152581,299.40894,115.36178,-19.327312,WAL
1878777204000,91.259816,2.74485412182723,-13.8061628656716,-2.69761015938489,-2.1768184,2.5308146,0.6450737,300.25638,115.60051,-18.852407,WAL
1878782210000,91.264822,3.06142844488467,-13.2814294626866,-1.7435505587517,-2.3811526,2.0112739,0.31245756,300.92996,115.783646,-18.323652,WAL
1878787201000,91.269813,3.2728437012116,-12.4859595668542,0.209123377974903,-2.4840834,1.072374,0.022602014,301.37396,115.96038,-17.77739,WAL
1878792491000,91.275103,3.45259864245068,-11.6034736509863,2.41199119575114,-2.4947736,-0.12644911,-0.24098633,301.56372,116.12444,-17.235525,WAL
1878797234000,91.279846,3.15965946481411,-11.1339094537178,2.97632974552352,-2.4092526,-1.2388347,-0.5122105,301.44745,116.1864,-16.718819,WAL
1878802198000,91.28481,2.85307079144537,-10.6424659210926,3.56696363990895,-2.2015584,-2.051591,-0.75869465,301.00613,116.06849,-16.290018,WAL
1878807223000,91.289835,1.67539902767838,-10.5020339626086,3.008842053531,-1.9318613,-2.5454755,-0.97310835,300.3264,115.88036,-15.878967,WAL
1878812220000,91.294832,0.385790762469875,-10.4111672417294,2.29588784377419,-1.6462818,-2.7925704,-1.1276573,299.47836,115.61455,-15.475769,WAL
1878817192000,91.299804,-0.835506659532412,-10.2740455963868,1.6071184521169,-1.4062119,-2.844494,-1.2333369,298.53125,115.27345,-15.137182,WAL
1878822201000,91.304813,-1.68174010780021,-9.84583092391073,1.04126350204995,-1.2183707,-2.8475482,-1.2687671,297.52878,114.866104,-14.791099,WAL
1878827209000,91.309821,-2.40646240322798,-9.37915007767317,0.539750784343477,-1.1432343,-2.7446175,-1.294118,296.6084,114.63047,-14.617617,WAL
1878832200000,91.314812,-2.78415221661063,-8.80457924344318,0.222330681751849,-0.98746365,-2.5885415,-1.1997393,295.71924,114.35038,-14.458358,WAL
1878837182000,91.319794,-3.16116096240753,-8.23104450168124,-0.0945170343594486,-0.8781188,-2.4260514,-1.0005972,294.9344,114.21217,-14.405107,WAL
1878842227000,91.324839,-3.52615070692053,-7.68255870694261,-0.372515583221854,-0.7825184,-2.2626448,-0.7593055,294.21613,114.06826,-14.37145,WAL
1878847219000,91.329831,-3.86120728316995,-7.17488731573625,-0.654767581207306,-0.679893,-2.133447,-0.51343226,293.56216,113.9357,-14.378047,WAL
1878852222000,91.334834,-3.88592750316789,-7.06611808961923,-1.10961992343308,-0.6035349,-2.0176878,-0.23487769,293.055,113.953674,-14.501538,WAL
1878857212000,91.339824,-3.89494412501477,-6.99298344429781,-1.57172048653733,-0.59131753,-1.8362609,0.04153884,292.68787,114.12391,-14.755872,WAL
1878862237000,91.344849,-3.80015690766201,-7.15412184246602,-2.093049984026,-0.64965516,-1.5283848,0.28802297,292.41852,114.33353,-15.047906,WAL
1878867226000,91.349838,-3.67168230187225,-7.30942415969163,-2.56295589537445,-0.7128797,-1.133155,0.4529566,292.26807,114.63447,-15.367604,WAL
1878872216000,91.354828,-3.24585579576492,-7.42425361203444,-2.62037077142571,-0.788627,-0.766025,0.56199604,292.2166,114.977806,-15.70343,WAL
1878877206000,91.359818,-2.81857337004017,-7.55029353583815,-2.64996071086509,-0.8472701,-0.53878313,0.6658431,292.24893,115.38415,-16.0239,WAL
1878882235000,91.364847,-2.37503404633095,-7.77678167283237,-2.4329095734202,-0.8891144,-0.46944994,0.7415904,292.3459,115.80806,-16.338274,WAL
1878887270000,91.369882,-1.94223364314117,-7.99791274853632,-2.22684345584974,-0.9282097,-0.52931476,0.7809912,292.49783,116.23397,-16.597769,WAL
1878892214000,91.374826,-1.65840269803177,-8.144558387781,-2.1653467938855,-0.9388999,-0.6740898,0.79229224,292.64453,116.65961,-16.86461,WAL
1878897267000,91.379879,-1.37373288411489,-8.29056108147714,-2.11418404812427,-0.9074403,-0.8197812,0.77304995,292.69208,116.9875,-17.080877,WAL
1878902271000,91.384883,-1.16305436465416,-8.38419640269637,-2.21718231483001,-0.87689704,-0.9251554,0.74189585,292.70953,117.31061,-17.302647,WAL
1878907507000,91.390119,-0.953777657726971,-8.47710026619865,-2.32441742482687,-0.8313876,-0.9642508,0.7156286,292.66928,117.57153,-17.486917,WAL
1878912261000,91.394873,-0.901947872905796,-8.49869599108244,-2.41511955953894,-0.79412484,-0.9596693,0.677755,292.6078,117.81448,-17.661892,WAL
1878917264000,91.399876,-0.84740340225785,-8.52142283407646,-2.51057239503842,-0.79320854,-0.9370673,0.66248333,292.5277,118.048035,-17.81629,WAL
1878922274000,91.404886,-0.864270224131713,-8.51905611995296,-2.47997999000392,-0.8240572,-0.9184359,0.6588182,292.446,118.27134,-17.960016,WAL
1878927236000,91.409848,-0.887555279572717,-8.51439950372403,-2.43806699135633,-0.84513205,-0.8524625,0.64934975,292.38248,118.48436,-18.087141,WAL
1878932262000,91.414874,-0.878639745865136,-8.5217839420373,-2.28846944763271,-0.92271197,-0.7858781,0.65301496,292.32703,118.71785,-18.199621,WAL
1878937251000,91.419863,-0.864929916602582,-8.53092352281205,-2.1239517446198,-1.0213667,-0.73761976,0.67347896,292.28647,118.95795,-18.305933,WAL
1878942269000,91.424881,-0.865911008350197,-8.66488230855256,-1.86783133198424,-1.1230757,-0.70371675,0.6969972,292.2635,119.21788,-18.41829,WAL
1878947243000,91.429855,-0.870984498945575,-8.83230728629247,-1.58878908435403,-1.2125676,-0.6914995,0.71593404,292.2502,119.495056,-18.528967,WAL
1878952353000,91.434965,-0.863055675737048,-8.98390876433546,-1.29114012544127,-1.2980887,-0.7147123,0.73456544,292.22495,119.77496,-18.652502,WAL
1878957275000,91.439887,-0.85406092149604,-9.12782502003626,-1.00330777840378,-1.3445144,-0.7626653,0.74281216,292.19763,120.06236,-18.776663,WAL
1878962325000,91.444937,-0.867896703201425,-9.2371221013059,-0.738031843638702,-1.3649784,-0.8304713,0.75319684,292.137,120.32329,-18.91808,WAL
1878967346000,91.449958,-0.886925269926791,-9.33702251622477,-0.48114642134448,-1.3356569,-0.91599244,0.76083267,292.05942,120.57919,-19.065214,WAL
1878972321000,91.454933,-0.963886897740438,-9.39865610383455,-0.370530129657715,-1.3100005,-1.0118983,0.7684685,291.93695,120.79443,-19.23056,WAL
1878977268000,91.45988,-1.05460729466131,-9.45082020465317,-0.295685796987888,-1.273654,-1.0989466,0.76174897,291.79297,120.99487,-19.399294,WAL
1878982309000,91.464921,-1.14705150749294,-9.50397549719948,-0.21941931609268,-1.217149,-1.1505647,0.7473936,291.615,121.15091,-19.585243,WAL
1878987349000,91.469961,-1.23947738185744,-9.55712024515295,-0.143167964433913,-1.1667526,-1.1798862,0.72509706,291.41754,121.29361,-19.77041,WAL
1878992317000,91.474929,-1.30399434548328,-9.74939734742047,-0.117949584548328,-1.1099422,-1.2006557,0.68325275,291.2021,121.41506,-19.951523,WAL
1878997300000,91.479912,-1.35264977393964,-10.0267329492251,-0.122815127393964,-1.0451905,-1.1960741,0.66950834,290.9866,121.521576,-20.129866,WAL
1879002348000,91.48496,-1.35990756027274,-10.3780403927103,-0.172377725299308,-0.99296147,-1.1713341,0.6554584,290.7608,121.60191,-20.324898,WAL
1879007317000,91.489929,-1.3455927745914,-10.759768260002,-0.243951708512985,-0.91965765,-1.1395692,0.65118235,290.538,121.66086,-20.51231,WAL
1879012335000,91.494947,-1.28683501040105,-11.0865285558471,-0.367000265322339,-0.82650065,-1.10139,0.6395759,290.3164,121.68602,-20.685144,WAL
1879017401000,91.500013,-1.2050050118066,-11.3865722796102,-0.517021956311844,-0.7247916,-1.0280862,0.6270532,290.11322,121.691986,-20.843853,WAL
1879022412000,91.505024,-1.06163811655931,-11.6666796234764,-0.698727293193935,-0.5879578,-0.98746365,0.6206391,289.9048,121.64882,-20.977825,WAL
1879027313000,91.509925,-0.870936180269547,-11.9271502161332,-0.903382999611535,-0.5155703,-0.90285885,0.6032294,289.72702,121.59428,-21.087933,WAL
1879032306000,91.514918,-0.626749731602233,-12.1214115081112,-1.03381795138523,-0.36896262,-0.8210029,0.55741453,289.5547,121.47739,-21.15265,WAL
1879037328000,91.51994,-0.332902238006953,-12.2480700724218,-1.0895476561993,-0.24709499,-0.73456544,0.50640726,289.40594,121.3488,-21.198591,WAL
1879042314000,91.524926,0.054253475782902,-12.1755950690766,-1.17289800932434,-0.12461651,-0.602924,0.44990227,289.28796,121.16522,-21.167244,WAL
1879047295000,91.529907,0.500965089119928,-11.9786577345685,-1.27376840032222,-0.06627888,-0.45998153,0.3680463,289.19037,120.959076,-21.104816,WAL
1879052332000,91.534944,1.04390438864582,-11.7814071196399,-1.18654055319717,-0.017715093,-0.27672195,0.28221974,289.1274,120.69263,-20.961346,WAL
1879057347000,91.539959,1.63896231798471,-11.5861536698287,-0.986638245472849,0.005497787,-0.089186326,0.18448131,289.09738,120.40659,-20.779593,WAL
1879062310000,91.544922,1.7698729579646,-11.6596633244838,-0.550167321219272,-0.005192355,0.051618114,0.053145275,289.08685,120.086914,-20.506042,WAL
1879067343000,91.549955,1.54238002176991,-11.9440293091445,0.0801777334080629,-0.03970624,0.12858713,-0.08307768,289.1015,119.752914,-20.196728,WAL
1879072318000,91.55493,1.14274092179513,-12.1915149080995,0.714280347969056,-0.070249505,0.124311075,-0.21594086,289.09567,119.33682,-19.77926,WAL
1879077311000,91.559923,0.58564106213813,-12.4098982757946,1.36051617995899,-0.08674286,0.0143553335,-0.28955013,289.07584,118.91678,-19.350613,WAL
1879082302000,91.564914,0.08871329507069,-12.6295549143279,1.83843971074066,-0.06566802,-0.14202617,-0.31948254,288.998,118.423355,-18.953192,WAL
1879087326000,91.569938,-0.312320280080186,-12.852915127031,2.04149475796582,0.011911872,-0.27977628,-0.32253686,288.8941,117.92031,-18.558538,WAL
1879092314000,91.574926,-0.507874175264368,-13.1037783592204,1.98060238772614,0.15454891,-0.3304781,-0.30848694,288.73962,117.374695,-18.27484,WAL
1879097295000,91.579907,-0.488802899563218,-13.3850801475262,1.64208685695152,0.3640757,-0.30940324,-0.30665436,288.57114,116.805466,-17.99651,WAL
1879102329000,91.584941,-0.371455709813972,-13.6370781144633,1.24814768385286,0.6056729,-0.21288654,-0.3100141,288.40842,116.21656,-17.775105,WAL
1879107315000,91.589927,-0.151299535485216,-13.8524481270923,0.803049357903177,0.86009824,-0.06963864,-0.3408628,288.26944,115.58978,-17.541935,WAL
1879112326000,91.594938,0.0872179136748955,-13.9972181047721,0.437671885586549,1.1389582,0.058643065,-0.37384954,288.1763,114.94091,-17.282907,WAL
1879117412000,91.600024,0.347585313949169,-14.0682273449315,0.153634727223248,1.4175128,0.15485434,-0.42180246,288.1179,114.24723,-17.00524,WAL
1879122325000,91.604937,0.588250665359116,-14.1191152247112,-0.0478368941336012,1.6865989,0.18203785,-0.4382958,288.1045,113.52744,-16.676497,WAL
1879127309000,91.609921,0.818394162375691,-14.1478832431944,-0.158113989583124,1.824349,0.21197024,-0.5015204,288.1184,112.77718,-16.320658,WAL
1879132286000,91.614898,1.06436904261224,-14.1946932966893,-0.316134353477748,2.0589213,0.23396139,-0.5882632,288.15594,111.96297,-15.911728,WAL
1879137326000,91.619938,1.33465343872188,-14.265821218882,-0.539000464883584,2.2412646,0.2874121,-0.7162395,288.21017,111.13019,-15.478728,WAL
1879142274000,91.624886,1.51917108709493,-14.3023521869239,-0.677573433802148,2.388483,0.37659842,-0.86009824,288.2846,110.241844,-14.985177,WAL
1879147294000,91.629906,1.58313174527226,-14.2886460555925,-0.69584789393709,2.5442538,0.49449542,-1.033584,288.37973,109.30543,-14.454116,WAL
1879152302000,91.634914,1.55179888964662,-14.3142151218227,-0.704284190514569,2.6920831,0.6236934,-1.1881329,288.51236,108.32555,-13.847751,WAL
1879157321000,91.639933,1.29353980883447,-14.4334117044327,-0.689384637135772,2.8399124,0.763887,-1.3112222,288.68124,107.30916,-13.209718,WAL
1879162275000,91.644887,0.956852151037385,-14.5504996551674,-0.613333663910746,3.0173688,0.90316427,-1.4135422,288.8896,106.25011,-12.533541,WAL
1879167398000,91.65001,0.457493566999413,-14.6705374412801,-0.421272664650617,3.2464433,0.9728029,-1.4996742,289.12097,105.15712,-11.841743,WAL
1879172255000,91.654867,-0.0608811214285714,-14.8147115793651,-0.278107436666667,3.4959817,0.93462384,-1.5583172,289.3705,104.06764,-11.182304,WAL
1879177315000,91.659927,-0.701868445943563,-15.0331220222418,-0.21638272473251,3.7088683,0.8512407,-1.6331482,289.63205,102.9544,-10.511355,WAL
1879182288000,91.6649,-1.31093941682374,-15.1927498853018,-0.413717287162623,3.835012,0.71837753,-1.7571539,289.87805,101.87539,-9.908531,WAL
1879187322000,91.669934,-1.87162905217566,-15.2072507730098,-1.30308713920995,3.7943895,0.56199604,-1.8301523,290.1053,100.832184,-9.319569,WAL
1879192284000,91.674896,-2.42747886450297,-15.2545246676558,-2.13666517856083,3.6587775,0.5335908,-1.8597792,290.3593,99.91038,-8.826981,WAL
1879197298000,91.67991,-2.99742676307493,-15.3881061083086,-2.86691085241098,3.4379497,0.5458081,-1.8497,290.59238,99.06408,-8.343765,WAL
1879202387000,91.684999,-3.60825194479243,-15.5464145528041,-3.60021664726875,3.2159002,0.5317582,-1.8298469,290.8884,98.45612,-7.981189,WAL
1879207320000,91.689932,-4.3947238662366,-15.8364257819166,-4.26380246251171,2.990491,0.51251596,-1.8258762,291.19156,97.91878,-7.6287866,WAL
1879212338000,91.69495,-5.14706851341886,-16.1431183509692,-4.93412629154415,2.7782152,0.5381723,-1.8506162,291.595,97.615105,-7.4251504,WAL
1879217379000,91.699991,-5.72119899741549,-16.495734861223,-5.5896295803446,2.5415049,0.6038403,-1.964848,291.99854,97.32345,-7.201728,WAL
1879222390000,91.705002,-6.29948100826446,-16.8046060661157,-6.17949413966942,2.2354615,0.8268061,-2.0604484,292.56525,97.27697,-7.1726894,WAL
1879227314000,91.709926,-6.94901532420307,-16.6607791460055,-6.09598239236521,2.047315,0.977079,-2.243097,293.10718,97.16943,-7.0777483,WAL
1879232443000,91.715055,-7.63141431866095,-16.4798928398924,-5.98121327056889,1.745242,0.9746355,-2.378404,293.78024,97.27584,-7.147339,WAL
1879237327000,91.719939,-8.36770527380691,-15.8461241345023,-5.45928548888114,1.4975362,0.8219192,-2.4645357,294.40558,97.32543,-7.153104,WAL
1879242532000,91.725144,-9.0963333853419,-15.1401600174726,-4.93020398716472,1.2916746,0.61636305,-2.5405886,295.0768,97.52199,-7.276584,WAL
1879247298000,91.72991,-9.07477925387231,-14.118493555629,-4.77932493183793,1.2342533,0.47525316,-2.6053402,295.66388,97.66708,-7.3414116,WAL
1879252358000,91.73497,-9.0518955137892,-13.0338036066301,-4.61913860788629,1.2809844,0.47036624,-2.5222626,296.13205,97.703415,-7.3433647,WAL
1879257320000,91.739932,-8.29976397066864,-12.237864041836,-4.48945898345031,1.3509285,0.6728681,-2.355191,296.59277,97.731186,-7.336412,WAL
1879262313000,91.744925,-7.47837876557074,-11.4606386662357,-4.36139360576284,1.4355333,0.9266826,-2.1697934,297.04547,97.76584,-7.3457055,WAL
1879267446000,91.750058,-6.17487538128592,-10.8616210550797,-4.10432266548845,1.4724907,1.1701124,-1.9996674,297.49905,97.72627,-7.306456,WAL
1879272270000,91.754882,-4.80740323972677,-10.3607164149409,-3.82381546028407,1.4944818,1.402852,-1.8530598,298.01266,97.721794,-7.309168,WAL
1879277283000,91.759895,-3.35510693529412,-9.7708881703854,-3.36623778478702,1.5842791,1.6313156,-1.6960673,298.56396,97.64667,-7.247986,WAL
1879282275000,91.764887,-1.90513788655462,-9.17519979716024,-2.89061098953926,1.7137824,1.8759671,-1.5030339,299.17862,97.61895,-7.239646,WAL
1879287297000,91.769909,-0.940957836587156,-8.9965926440367,-2.45086002960245,1.9000963,2.1255057,-1.3536774,299.85486,97.52432,-7.1603675,WAL
1879292258000,91.77487,-0.0934202324770642,-8.90941710244648,-2.02466972349643,2.13925,2.300824,-1.2889256,300.5668,97.447426,-7.114571,WAL
1879297293000,91.779905,0.237616862768043,-8.76988323463024,-1.19323258764479,2.3774874,2.3069327,-1.2186762,301.29184,97.28585,-6.990749,WAL
1879302263000,91.784875,0.477932978637759,-8.62380922215622,-0.307361366023166,2.5189028,2.1282544,-1.1502593,301.99527,97.13969,-6.892998,WAL
1879307292000,91.789904,0.671409859181395,-8.63161646697674,0.104186745339535,2.5008824,1.9727893,-1.0968086,302.63202,96.75103,-6.582413,WAL
1879312264000,91.794876,0.853247756518972,-8.66891644749082,0.418906171055079,2.3658812,1.9813415,-1.0277808,303.26013,96.41148,-6.3099256,WAL
1879327275000,91.809887,1.38075597772892,-8.44575528481384,1.11239389637447,1.9788979,1.7211128,-0.9236283,304.93976,84.5827,-5.4056478,WAL
1879332299000,91.814911,1.53591652013095,-8.03669549003225,1.08888473816085,1.781894,1.5522085,-0.8597928,305.4553,84.809204,-5.129319,WAL
1879337322000,91.819934,1.39502277815529,-7.70793777274062,0.462767110016645,1.6358972,1.5439619,-0.79901177,305.95914,85.00951,-4.827192,WAL
1879342319000,91.824931,1.13730797084108,-7.41273724554979,-0.399406208547929,1.5540411,1.6811012,-0.72082096,306.45514,85.13773,-4.55748,WAL
1879347296000,91.829908,0.704899537677725,-7.075864530391,-1.27248699300948,1.4761559,1.8967366,-0.63591075,306.9665,85.239555,-4.281698,WAL
1879352350000,91.834962,0.179215272748815,-6.71266446921406,-2.1661501635466,1.4285084,2.1536055,-0.539394,307.52673,85.27622,-4.041462,WAL
1879357318000,91.83993,-0.278336486967898,-6.4199646376673,-2.9461773158096,1.3970488,2.4251351,-0.47586402,308.161,85.338684,-3.860245,WAL
1879362346000,91.844958,-0.709607937345275,-6.15829425066922,-3.68273084218577,1.3747523,2.6209173,-0.4098906,308.8379,85.36589,-3.7181923,WAL
1879367391000,91.850003,-1.05794803177022,-5.99577695325323,-4.20802144457796,1.391551,2.7666087,-0.3594942,309.60092,85.43003,-3.6576939,WAL
1879372361000,91.854973,-1.36019375549043,-5.88417855534388,-4.62186566331575,1.4355333,2.8490756,-0.32253686,310.38123,85.46891,-3.6199691,WAL
1879377349000,91.859961,-1.70717478386778,-5.8095000310966,-4.72294576679533,1.4761559,2.8848112,-0.2941316,311.15668,85.53239,-3.5607007,WAL
1879382361000,91.864973,-2.08246356193587,-5.75724477226841,-4.63268626398456,1.4990633,2.8851166,-0.28130344,311.93335,85.5786,-3.5135329,WAL
1879387351000,91.869963,-2.3002549141759,-5.6934704775282,-4.37307556637716,1.4972308,2.8276951,-0.27275133,312.68713,85.61827,-3.5004256,WAL
1879392332000,91.874944,-2.41454556779475,-5.62203865119297,-4.00163100427274,1.4645494,2.7382035,-0.2837469,313.42224,85.65519,-3.488863,WAL
1879397342000,91.879954,-2.4893563235863,-5.49163374444883,-3.58838787513076,1.4413365,2.622139,-0.29626966,314.16003,85.64473,-3.490974,WAL
1879402416000,91.885028,-2.53731120683904,-5.31899621481299,-3.14240711036218,1.3854424,2.5097399,-0.31490102,314.8673,85.64461,-3.4918053,WAL
1879407351000,91.889963,-2.56726602603795,-5.09933944195003,-2.61043819473042,1.3277156,2.4071145,-0.33353242,315.5662,85.59202,-3.5086968,WAL
1879412363000,91.894975,-2.58530065771182,-4.83783845964682,-1.99726349546308,1.2443326,2.2928827,-0.35124752,316.22525,85.55293,-3.5241716,WAL
1879417411000,91.900023,-2.6267451030739,-4.54221847221072,-1.35819877314221,1.1392636,2.2339342,-0.35308012,316.89642,85.46648,-3.554013,WAL
1879422450000,91.905062,-2.69666907706479,-4.20758209118195,-0.693921025444007,1.0842859,2.1190915,-0.34666604,317.5155,85.38289,-3.58468,WAL
1879427349000,91.909961,-2.76925598089043,-3.90794051922521,-0.125115885406187,0.96883225,2.0094411,-0.34300083,318.15497,85.23983,-3.6333754,WAL
1879432350000,91.914962,-2.84771712627927,-3.62640354466609,0.382573933304423,0.8347474,1.9144517,-0.33628133,318.76312,85.102264,-3.6899214,WAL
1879437350000,91.919962,-2.90488466695226,-3.3822108869849,0.824759041666667,0.6805039,1.8484782,-0.3115413,319.39087,84.886406,-3.7723901,WAL
1879442352000,91.924964,-2.9342011624235,-3.18676758384333,1.181443325,0.5317582,1.7901406,-0.28313604,319.99127,84.686066,-3.864055,WAL
1879447325000,91.929937,-2.92544978616958,-3.01111172063742,1.44210358744836,0.3848451,1.7281377,-0.24831672,320.62885,84.43006,-3.942476,WAL
1879452386000,91.934998,-2.87300536035806,-2.85377814450128,1.59943696445013,0.21563543,1.6581937,-0.21960606,321.24356,84.19422,-4.038391,WAL
1879457309000,91.939921,-2.75879163855533,-2.74858078842121,1.67143234442764,0.056505036,1.5735888,-0.19058995,321.86923,83.92517,-4.147206,WAL
1879462376000,91.944988,-2.55761700933522,-2.70361242998586,1.63829770339462,-0.122478485,1.4834863,-0.16829337,322.46976,83.68476,-4.27166,WAL
1879467295000,91.949907,-2.36231841033507,-2.65995753455592,1.60613087899332,-0.2996294,1.3976597,-0.15790866,323.05563,83.45771,-4.4081936,WAL
1879472431000,91.955043,-2.15840428053943,-2.61437681836804,1.57254502615227,-0.473726,1.3078625,-0.15363261,323.61197,83.260544,-4.553636,WAL
1879477248000,91.95986,-1.95610773754846,-2.62661007306889,1.52570842591709,-0.6453791,1.2125676,-0.15668693,324.151,83.10245,-4.687293,WAL
1879482362000,91.964974,-1.71753396888359,-2.758069055254,1.44293793682275,-0.8240572,1.1285735,-0.16554448,324.6652,82.97781,-4.8234396,WAL
1879487251000,91.969863,-1.50130072486615,-2.90257392038469,1.39155009428911,-0.99204516,1.0311406,-0.18173242,325.12653,82.95644,-4.874078,WAL
1879492325000,91.974937,-1.30376939173111,-3.09528741858021,1.4011857138608,-1.1499538,0.9419542,-0.19975294,325.5633,82.96541,-4.9241185,WAL
1879497281000,91.979893,-1.14184036354937,-3.2930110512479,1.44269856506856,-1.2965615,0.8268061,-0.21502456,325.96844,83.06347,-4.8793306,WAL
1879502409000,91.985021,-1.04979263708198,-3.5207079603137,1.56381396268127,-1.4187346,0.7134906,-0.2321288,326.34378,83.18343,-4.8337307,WAL
1879507288000,91.9899,-1.02083653036049,-3.73104444134321,1.71733658898765,-1.5494597,0.5720753,-0.24617869,326.67996,83.37369,-4.7236166,WAL
1879512345000,91.994957,-1.14998297051852,-3.93193879837037,1.98041271703704,-1.6536123,0.4990769,-0.2452624,326.9972,83.572975,-4.6197386,WAL
1879517433000,92.000045,-1.28305464126308,-4.15585902227819,2.25515065951182,-1.7623463,0.32345316,-0.22174409,327.24786,83.80514,-4.5055943,WAL
1879522438000,92.00505,-1.42233757622046,-4.43442503763076,2.55228762943626,-1.8570304,0.14782938,-0.21533,327.47327,84.04774,-4.3909106,WAL
1879527339000,92.009951,-1.53140260483242,-4.7615819263445,2.85244398867888,-1.9016235,-0.011301007,-0.16126843,327.6564,84.22715,-4.3558407,WAL
1879532337000,92.014949,-1.52673923320343,-5.32585047778644,3.1975337326968,-1.9929478,-0.15027285,-0.105374254,327.79272,84.42079,-4.321458,WAL
1879537345000,92.019957,-1.51011054203363,-5.95306681104884,3.58706231465172,-2.0720549,-0.29871312,-0.029932396,327.91232,84.551186,-4.3453636,WAL
1879542349000,92.024961,-1.4189852581265,-6.96503767013611,4.24892024083267,-2.1148155,-0.38362336,0.055283304,328.00784,84.66426,-4.3857636,WAL
1879547339000,92.029951,-1.29188803293383,-8.05271625702488,4.9429779796757,-2.0803015,-0.46303585,0.1255328,328.07037,84.72247,-4.448411,WAL
1879552387000,92.034999,-0.936455246550509,-9.64486023607614,5.858338800141,-1.969735,-0.51893,0.17440203,328.11273,84.75241,-4.5252423,WAL
1879557331000,92.039943,-0.559394881467954,-11.2576518763933,6.73084897037221,-1.745242,-0.5742133,0.20097467,328.15833,84.719124,-4.604371,WAL
1879562377000,92.044989,-0.011126527290008,-13.2054470471736,7.48592034778065,-1.4422529,-0.6560693,0.21563543,328.1759,84.65355,-4.687181,WAL
1879567404000,92.050016,0.534980412155216,-15.0297043011231,8.16887166386725,-1.0781772,-0.691194,0.21288654,328.18677,84.55376,-4.7187386,WAL
1879572410000,92.055022,1.0782817339826,-16.2181767198219,8.47447877041384,-0.6609562,-0.6414085,0.1740966,328.19125,84.41547,-4.7363715,WAL
1879577316000,92.059928,1.61147552554964,-17.2821411316223,8.67331924668281,-0.21074851,-0.4841107,0.12583824,328.18652,84.279755,-4.6363826,WAL
1879582316000,92.064928,2.1587216756707,-17.8479372575303,8.3579570190799,0.18600847,-0.1695151,0.0009162979,328.23608,84.09591,-4.5046415,WAL
1879587301000,92.069913,2.68003413455746,-18.3742545073447,8.03634400709371,0.50579643,0.2144137,-0.074830994,328.3147,83.8926,-4.286099,WAL
1879592314000,92.074926,2.9701562896244,-18.5394015377464,7.64356329278542,0.70096785,0.60903263,-0.13805555,328.48547,83.62162,-4.0515976,WAL
1879597927000,92.080539,3.24010792285471,-18.6034239277263,7.2123871835945,0.77549344,0.956615,-0.19211712,328.7291,83.397156,-3.7192113,WAL
1879602351000,92.084963,2.78395749326298,-17.1807761630956,6.97753743879117,0.77457714,1.217149,-0.20280726,329.05963,83.10812,-3.409427,WAL
1879607339000,92.089951,2.24862854298904,-15.5506004575335,6.70280441557262,0.7058548,1.3377949,-0.18295415,329.44006,82.86738,-3.0646925,WAL
1879612331000,92.094943,1.45176367471299,-13.5942525328214,6.30437190196648,0.589485,1.3600914,-0.15577064,329.86328,82.61149,-2.7471473,WAL
1879617855000,92.100467,0.565545653115519,-11.4289413477246,5.85616709789965,0.43127087,1.3191634,-0.12186762,330.3152,82.33365,-2.528906,WAL
1879622363000,92.104975,-0.249629880258831,-9.65204191969874,5.3386680650366,0.27580565,1.2776246,-0.10903945,330.7681,82.07811,-2.3248878,WAL
1879627438000,92.11005,-1.13546752943381,-7.70932217084238,4.76901749239495,0.19639318,1.1710287,-0.08399397,331.20557,81.801125,-2.2581174,WAL
1879632310000,92.114922,-1.59109602752022,-6.55874492246991,4.38242352348589,0.011911872,1.0384709,-0.02565634,331.61768,81.592804,-2.205832,WAL
1879637516000,92.120128,-2.07128427052814,-5.37867202804889,3.98153883136003,-0.16432275,0.84940815,0.06261369,331.99655,81.3869,-2.283053,WAL
1879642314000,92.124926,-2.41497319903311,-5.02240917092949,3.7929291581319,-0.3643811,0.6249151,0.18387043,332.32135,81.23146,-2.3807292,WAL
1879647310000,92.129922,-2.77284520545471,-4.65144434513363,3.59653609280306,-0.57451874,0.33964106,0.31429017,332.57587,81.11579,-2.5659704,WAL
1879652511000,92.135123,-3.30834298857761,-4.68119540939743,3.28902265027032,-0.8210029,-0.026267206,0.44623706,332.73767,81.049324,-2.7732878,WAL
1879657288000,92.1399,-3.82999974703627,-4.78462743789443,2.98772078283692,-1.0952814,-0.40042216,0.56321776,332.81088,81.02979,-3.0001297,WAL
1879662334000,92.144946,-4.41255800113188,-5.40952832228398,2.58135246457807,-1.3942999,-0.82833326,0.68325275,332.772,81.05526,-3.3018744,WAL
1879667406000,92.150018,-5.00653487219808,-6.1753167713997,2.14936927630116,-1.6978999,-1.3371841,0.7483099,332.6028,81.130714,-3.6008058,WAL
1879672307000,92.154919,-5.23547321300095,-7.49723435657936,1.59088011699274,-1.9761491,-1.9294178,0.75594574,332.32953,81.26277,-3.9528608,WAL
1879677263000,92.159875,-5.39522979741243,-8.95501201640896,0.996785703171347,-2.196366,-2.4587326,0.7626653,331.93213,81.41684,-4.3025393,WAL
1879682313000,92.164925,-5.93638770569307,-10.6087549009901,0.196656390767327,-2.3142629,-2.9251282,0.7733554,331.5071,81.65434,-4.6468205,WAL
1879687302000,92.169914,-6.51081323586457,-12.2602285703678,-0.614297316268564,-2.3218987,-3.1963525,0.80909103,330.99673,81.86399,-4.9794035,WAL
1879692324000,92.174936,-7.14962945422441,-13.9620895424494,-1.58993968904425,-2.2208006,-3.2662964,0.8698721,330.4513,82.114006,-5.283955,WAL
1879697287000,92.179899,-7.81322005312596,-15.6649803868186,-2.63899868737296,-1.9654589,-3.061351,0.9272934,329.91852,82.27142,-5.585711,WAL
1879702318000,92.18493,-6.94541282592265,-17.0530328494243,-2.4455861853853,-1.6129897,-2.6154196,0.9502009,329.42813,82.363396,-5.9588823,WAL
1879707316000,92.189928,-5.4238741108946,-18.2872230620018,-1.71543593542958,-1.1695015,-2.0372355,0.8872818,329.04688,82.34427,-6.3159337,WAL
1879712325000,92.194937,-3.82836873388711,-18.2198133269775,-0.532677999886728,-0.6826419,-1.7284433,0.81000733,328.67038,82.21069,-6.751484,WAL
1879717406000,92.200018,-2.17483728301869,-17.5032824960355,0.891196231753823,-0.45173484,-1.1844677,0.6160576,328.53854,82.05588,-7.1351385,WAL
1879722319000,92.204931,-1.03744917677074,-16.3226141428849,1.69208879546737,-0.1282817,-0.88239485,0.44715336,328.4158,82.02342,-7.251701,WAL
1879727310000,92.209922,-0.247094830305418,-14.7372563196187,2.05007287018773,0.029626964,-0.816116,0.30757064,328.3852,82.01621,-7.326529,WAL
1879732312000,92.214924,0.296594318414013,-13.0086667802548,2.08300022734607,0.027794369,-0.8035932,0.22235495,328.4042,82.13928,-7.180082,WAL
1879737328000,92.21994,0.587265655764331,-11.1320517866242,1.78212989766454,-0.056505036,-0.8188649,0.14966199,328.43198,82.27721,-7.0091195,WAL
1879742312000,92.224924,0.757666458778657,-9.4613242676344,1.08076888253279,-0.19394971,-0.9071349,0.106595986,328.41678,82.46899,-6.7659245,WAL
1879747295000,92.229907,0.853214029634598,-7.91345381531685,0.125293288708579,-0.35521814,-1.0885619,0.0842994,328.36563,82.6788,-6.515496,WAL
1879752320000,92.234932,0.758220257643549,-6.50105173212364,-0.925504717793211,-0.54825157,-1.2892311,0.0870483,328.26288,82.91741,-6.2689357,WAL
1879757319000,92.239931,0.542801582414164,-5.18980757738433,-2.02601309111513,-0.77732605,-1.428203,0.15577064,328.11993,83.167496,-6.0378933,WAL
1879762331000,92.244943,0.208882060492454,-4.06096533770317,-2.95284277532895,-0.99021256,-1.4810427,0.2864958,327.9203,83.45507,-5.8364105,WAL
1879767437000,92.250049,-0.221635066982392,-3.05327158702593,-3.76183640756579,-1.1887437,-1.5274686,0.4373795,327.67688,83.74223,-5.6593013,WAL
1879772318000,92.25493,-0.542133789421826,-2.18322364744376,-4.4345937447295,-1.3756685,-1.604743,0.56046885,327.32318,83.97623,-5.5977855,WAL
1879777311000,92.259923,-0.782152168037739,-1.38316227709611,-5.02575032495817,-1.6255124,-1.7669277,0.6630942,326.932,84.17285,-5.569968,WAL
1879782299000,92.264911,-0.999755899626237,-0.685223641503474,-5.59283310881238,-1.9129245,-2.0332649,0.75625116,326.48917,84.255844,-5.6440244,WAL
1879787325000,92.269937,-1.17712546632449,-0.173385770953885,-6.11987397849021,-2.2030854,-2.3441954,0.85062987,325.99042,84.24308,-5.7454658,WAL
1879792317000,92.274929,-1.39746066395969,0.0434721980201541,-6.48582474030824,-2.4578164,-2.6169467,0.93859446,325.52493,95.87329,-5.8546057,WAL
1879797301000,92.279913,-1.67096261250741,-0.0932787762537048,-6.6603001925904,-2.6398542,-2.8756483,1.0235047,324.97586,96.131966,-5.984892,WAL
1879802350000,92.284962,-1.81032581254668,-0.471797198275967,-7.01876412757646,-2.698192,-3.0772338,1.0867293,324.3584,96.57653,-6.1706367,WAL
1879807320000,92.289932,-1.76708661188049,-1.15881979801353,-7.60969948540426,-2.6212227,-3.1325169,1.1340714,323.7148,97.13035,-6.370049,WAL
1879812335000,92.294947,-1.71103080075322,-2.18082598493558,-8.10743229020813,-2.4294112,-3.069598,1.1658363,323.0501,97.81397,-6.636499,WAL
1879817387000,92.299999,-1.63910509121903,-3.61934017561943,-8.48624131415263,-2.286163,-2.7580566,1.2238685,322.451,98.54279,-6.9094343,WAL
1879822361000,92.304973,-1.55142070477283,-5.03576979899036,-8.46962447682423,-1.9361374,-2.3209825,1.2235631,321.89862,99.22862,-7.1331506,WAL
1879827314000,92.309926,-1.44257740460762,-6.44637919825608,-7.95588358724185,-1.5760323,-1.933083,1.2238685,321.42758,99.903076,-7.3540606,WAL
1879832271000,92.314883,-1.38656629837992,-7.97585520192715,-7.40329521458069,-1.2840388,-1.666135,1.2452488,320.94397,100.65829,-7.660109,WAL
1879837328000,92.31994,-1.49938478767471,-9.91428244472681,-6.71612811092757,-1.0512991,-1.4679092,1.2635747,320.5594,101.35052,-7.9469266,WAL
1879842252000,92.324864,-1.58131934425563,-11.664787479867,-6.14451747617288,-0.83077675,-1.325883,1.241889,320.20624,101.93139,-8.217795,WAL
1879847299000,92.329911,-1.61256599804211,-13.2003386281862,-5.74277445835796,-0.6386596,-1.1218541,1.1985176,319.93307,102.46104,-8.469675,WAL
1879852378000,92.33499,-1.62898286355486,-14.6562137815241,-5.24264561929448,-0.45234573,-0.8353582,1.1475104,319.7244,102.84597,-8.685986,WAL
1879857317000,92.339929,-1.58749988394075,-15.7301623203079,-4.38993934967842,-0.3399465,-0.5296202,1.0616838,319.57874,103.181335,-8.862756,WAL
1879862358000,92.34497,-1.48154145128149,-16.6522305443593,-3.56174347973713,-0.36560285,-0.19058995,0.93309665,319.52997,103.3767,-8.942027,WAL
1879867323000,92.349935,-1.01755789528229,-16.5764780814498,-2.98413130847356,-0.6017023,0.25228736,0.7861836,319.59354,103.56907,-8.970384,WAL
1879872323000,92.354935,-0.514240039563449,-16.3722682295863,-2.41418484839766,-0.977079,0.75686204,0.63591075,319.75955,103.641045,-8.902576,WAL
1879877313000,92.359925,0.220672268165493,-15.3433915215795,-1.92108234616529,-1.3869696,1.2311989,0.56016344,320.03687,103.76335,-8.801884,WAL
1879882294000,92.364906,0.877264256984003,-14.3487750477956,-1.37730768159969,-1.754405,1.563815,0.50793445,320.37378,103.8766,-8.61851,WAL
1879887329000,92.369941,0.929001632276629,-13.6009346308037,-0.417814802337105,-2.0598376,1.6230689,0.3839288,320.75018,104.049324,-8.395395,WAL
1879892364000,92.374976,0.971325075172675,-12.8503108368814,0.54019477446116,-2.300213,1.3787229,0.18997909,321.07684,104.24583,-8.104488,WAL
1879897296000,92.379908,0.899821136098023,-12.0816435408269,1.46080779288864,-2.4596488,0.8961393,-0.028099801,321.33063,104.48173,-7.7944846,WAL
1879902755000,92.385367,0.82068783374623,-11.2290642105369,2.45978536812789,-2.5002716,0.21655174,-0.21105394,321.46234,104.75713,-7.5553627,WAL
1879907356000,92.389968,0.754234673876935,-10.4714984119244,2.86293473969435,-2.402533,-0.16829337,-0.3744604,321.52563,105.012764,-7.2774367,WAL
1879912707000,92.395319,0.668298909215453,-9.6115566731055,3.30284585720654,-2.13925,-1.2742649,-0.4914411,321.21387,105.207825,-7.1188,WAL
1879917373000,92.399985,0.40685954671211,-9.31691835921248,3.06215556838782,-1.7571539,-1.572978,-0.5500842,321.01596,105.33355,-6.906869,WAL
1879922319000,92.404931,0.129731581229569,-9.00459922065379,2.80702179888559,-1.5628988,-2.0433443,-0.6591236,320.46704,105.42021,-6.770063,WAL
1879927338000,92.40995,-0.315665416441722,-8.82433468081291,2.26485757283323,-1.2012665,-2.346639,-0.7284568,319.88327,105.359955,-6.6360826,WAL
1879932286000,92.414898,-0.792452642908348,-8.67799454931261,1.66533313804543,-0.88117313,-2.4877486,-0.75747293,319.21268,105.24844,-6.5026116,WAL
1879937366000,92.419978,-1.2890667377752,-8.45992104745337,1.04571572894559,-0.6420194,-2.514016,-0.7492262,318.49448,105.10874,-6.4114985,WAL
1879942289000,92.424901,-1.77206101644728,-8.23209324780129,0.444251118159853,-0.5155703,-2.4749205,-0.6844745,317.76282,104.9172,-6.329621,WAL
1879947336000,92.429948,-2.15260604308642,-7.92945404567901,-0.241323715802469,-0.45173484,-2.3811526,-0.593761,317.04892,104.76645,-6.3076835,WAL
1879952299000,92.434911,-2.48511820976337,-7.60672169516461,-0.940577431255144,-0.48563787,-2.218357,-0.46486846,316.38193,104.62259,-6.303439,WAL
1879957351000,92.439963,-2.71831119578714,-7.38716491990526,-1.6179138235638,-0.5714644,-2.0143282,-0.30970868,315.78247,104.56218,-6.3574724,WAL
1879962308000,92.44492,-2.9192620405765,-7.20056784249143,-2.2733961888329,-0.65057147,-1.7486018,-0.14996742,315.27216,104.52962,-6.428552,WAL
1879967497000,92.450109,-3.00447221590334,-7.08428346923293,-2.81469863141332,-0.7464773,-1.4184291,0.0076358155,314.86444,104.63169,-6.5485673,WAL
1879972290000,92.454902,-3.05606158633511,-6.99400192508195,-3.28330194108832,-0.8249735,-1.0760391,0.16371189,314.5567,104.76753,-6.687781,WAL
1879977353000,92.459965,-2.9555377059175,-6.89678682411334,-3.53193110466461,-0.8713993,-0.7504479,0.29993483,314.3064,105.06499,-6.920188,WAL
1879982348000,92.46496,-2.78034746820547,-6.79997129438126,-3.65640837249422,-0.9254609,-0.5012149,0.4370741,314.14545,105.398315,-7.1722713,WAL
1879987362000,92.469974,-2.4773808860732,-6.78809364556452,-3.58979653979529,-0.9459248,-0.33169982,0.5360342,314.04977,105.81168,-7.44109,WAL
1879992345000,92.474957,-2.09253228653846,-6.832499275,-3.39737231730769,-0.95814216,-0.23304509,0.61850107,314.0136,106.244576,-7.7248044,WAL
1879997345000,92.479957,-1.71241395920858,-6.97596809498966,-3.11638672706959,-0.9502009,-0.19975294,0.66737026,313.99506,106.691505,-7.996029,WAL
1880002452000,92.485064,-1.32726778719362,-7.17335547987007,-2.78419806887489,-0.95417154,-0.2443461,0.68691796,313.98624,107.14244,-8.273709,WAL
1880007338000,92.48995,-0.905262947652445,-7.47294670329242,-2.4596833259887,-0.9819659,-0.2855795,0.68966687,313.9729,107.55536,-8.508103,WAL
1880012379000,92.494991,-0.439707530632184,-7.84445038218391,-2.12109758333333,-0.99387777,-0.376293,0.68233645,313.93362,107.95607,-8.744604,WAL
1880017421000,92.500033,-0.214491492280383,-8.06851971800302,-2.02265542620272,-1.0228939,-0.4636467,0.65576386,313.87302,108.2979,-8.926691,WAL
1880022339000,92.504951,-0.157488489450328,-8.18727565355522,-2.0891589881997,-1.0580186,-0.54305923,0.6246097,313.78815,108.63057,-9.103364,WAL
1880027350000,92.509962,-0.164941927750784,-8.30901077997649,-2.17820760862069,-1.103528,-0.61300325,0.593761,313.66827,108.91435,-9.232571,WAL
1880032352000,92.514964,-0.216561744537618,-8.43102175137147,-2.2814471637931,-1.1542299,-0.6795876,0.5448918,313.5244,109.193,-9.348783,WAL
1880037354000,92.519966,-0.332641372409939,-8.55163752230316,-2.29786593018661,-1.1942415,-0.72387534,0.50854534,313.363,109.48205,-9.458352,WAL
1880042346000,92.524958,-0.499616683680271,-8.67090552350065,-2.24538800965971,-1.2311989,-0.7620544,0.48838675,313.18378,109.77052,-9.558938,WAL
1880047335000,92.529947,-0.730766816580926,-8.81035796062525,-2.12291885681638,-1.3075571,-0.8081747,0.46914452,312.98358,110.08836,-9.666551,WAL
1880052424000,92.535036,-1.02006065785516,-8.96946926117926,-1.93969940051444,-1.3704761,-0.8344419,0.46211955,312.77975,110.40276,-9.768407,WAL
1880057344000,92.539956,-1.30964111875426,-9.15403629265207,-1.71968879072506,-1.4373659,-0.88025683,0.4709771,312.5683,110.7237,-9.890059,WAL
1880062389000,92.545001,-1.61528337257421,-9.37033741479319,-1.45636625549392,-1.4895949,-0.9315695,0.48288897,312.35013,111.04732,-10.007907,WAL
1880067369000,92.549981,-1.91868640884,-9.5843822488,-1.18151176506,-1.5241088,-0.96486163,0.505491,312.13504,111.385414,-10.191717,WAL
1880072346000,92.554958,-2.2237346025,-9.79886905,-0.89076274125,-1.5427402,-1.0054842,0.5174029,311.90738,111.72264,-10.373662,WAL
1880077355000,92.559967,-2.51445970804819,-9.94940495778313,-0.629585262987952,-1.5473217,-1.0320568,0.5543602,311.69955,112.05173,-10.619702,WAL
1880082359000,92.564971,-2.78698188886747,-10.0279282080964,-0.403253257783132,-1.543351,-1.0403035,0.58551437,311.48978,112.374535,-10.860697,WAL
1880087306000,92.569918,-3.03521049007394,-10.1014173317634,-0.173090629778183,-1.50731,-1.0430524,0.6178902,311.294,112.67397,-11.162886,WAL
1880092332000,92.574944,-3.25459536462068,-10.1696704932138,0.070670293862048,-1.4636332,-1.0564915,0.65270954,311.0993,112.96695,-11.465886,WAL
1880097298000,92.57991,-3.402288635481,-10.2482866713183,0.232365520460214,-1.3955216,-1.0726794,0.6951646,310.9177,113.24322,-11.827048,WAL
1880102378000,92.58499,-3.45525291457838,-10.3445859547704,0.285329885028701,-1.3078625,-1.0699304,0.7324274,310.74283,113.50173,-12.184332,WAL
1880107246000,92.589858,-3.45110274132882,-10.4829636987748,0.297689964296245,-1.1872166,-1.0644327,0.7623598,310.5758,113.73326,-12.588288,WAL
1880112402000,92.595014,-3.35764894449646,-10.7043008817611,0.248503773548162,-1.0995574,-1.0476339,0.8222246,310.4206,113.95805,-12.996964,WAL
1880117300000,92.599912,-3.19883820316912,-10.9204867801786,0.129365518913858,-0.89736104,-1.0351112,0.9074403,310.27573,114.137634,-13.424067,WAL
1880122353000,92.604965,-2.92465168924421,-11.1528485945453,-0.107643206616729,-0.70371675,-1.0412198,0.98929626,310.13654,114.30648,-13.854571,WAL
1880127247000,92.609859,-2.60770431961833,-11.3491977976399,-0.398113353793676,-0.4868596,-1.040609,1.0454959,309.99878,114.43492,-14.282924,WAL
1880132337000,92.614949,-2.15381470267355,-11.4840163981746,-0.847509017387296,-0.27855456,-1.0128145,1.0638218,309.87103,114.5301,-14.709015,WAL
1880137279000,92.619891,-1.67032814399396,-11.5924439770393,-1.3025007321148,-0.09193522,-0.929126,1.0671816,309.74997,114.59788,-15.092895,WAL
1880142353000,92.624965,-0.887363945859013,-11.5532959975831,-1.89461747267875,0.06811147,-0.7874053,1.0464121,309.65228,114.62773,-15.45635,WAL
1880147326000,92.629938,-0.104608431248394,-11.4857306953642,-2.45129818778294,0.18387043,-0.5751296,1.0302242,309.57257,114.645874,-15.733966,WAL
1880152365000,92.634977,0.773061338724918,-11.256773218543,-2.88536303692794,0.258396,-0.32589662,1.0088439,309.54108,114.63641,-15.980458,WAL
1880157313000,92.639925,1.62918734996466,-11.0394188579505,-3.27417138784452,0.26236662,-0.10415252,0.981355,309.5241,114.62133,-16.099207,WAL
1880162408000,92.64502,2.4715645069056,-10.8670026176678,-3.4170306612418,0.23273966,0.0711658,0.9272934,309.55994,114.58903,-16.1831,WAL
1880167389000,92.650001,3.21303831668727,-10.7549674653418,-3.48857100415518,0.1301143,0.17470746,0.8332202,309.59622,114.54771,-16.124117,WAL
1880172359000,92.654971,3.53436263930779,-10.9314693337454,-3.21250368961681,-0.014049901,0.1872302,0.6627888,309.64435,114.49634,-16.0218,WAL
1880177468000,92.66008,3.82103988515593,-11.1365569101867,-2.90447024222405,-0.18661933,0.13591751,0.4175264,309.65622,114.403435,-15.770691,WAL
1880182346000,92.664958,3.57183858804883,-11.6157901353611,-2.31980561243332,-0.3735441,0.027794369,0.14019357,309.6383,114.30917,-15.470714,WAL
1880187327000,92.669939,3.25820947695107,-12.0902710458957,-1.71797771249495,-0.53023106,-0.110872045,-0.12644911,309.56097,114.14865,-15.077063,WAL
1880192333000,92.674945,2.39553387739588,-12.4295254695714,-1.06854781935908,-0.63804877,-0.28619036,-0.3182608,309.42734,113.988914,-14.646711,WAL
1880197462000,92.680074,1.49459101652542,-12.7254620966281,-0.457124553775541,-0.70432764,-0.47678033,-0.41813725,309.2369,113.77133,-14.222879,WAL
1880202246000,92.684858,0.55845263821842,-12.7116277413186,-0.189656439496729,-0.7012733,-0.5543602,-0.44348818,309.02274,113.55063,-13.779435,WAL
1880207241000,92.689853,-0.372163263820225,-12.7048690063637,0.0317262070080541,-0.6759224,-0.6310238,-0.42638394,308.7683,113.31625,-13.464746,WAL
1880212254000,92.694866,-0.945000463595506,-12.7573791470617,-0.19263503679825,-0.5656612,-0.5873469,-0.34269542,308.53415,113.07417,-13.161699,WAL
1880217249000,92.699861,-1.46262753382628,-12.8260430510697,-0.416984346836242,-0.41691554,-0.4251622,-0.24587326,308.3355,112.87898,-13.019528,WAL
1880222255000,92.704867,-1.52879937172434,-13.0340114306418,-0.648585764673174,-0.23793201,-0.19364429,-0.17470746,308.1765,112.66383,-12.884044,WAL
1880227246000,92.709858,-1.57426093751361,-13.2590693902801,-0.85182676284272,-0.059864793,0.048258353,-0.1151481,308.08936,112.5062,-12.843882,WAL
1880232285000,92.714897,-1.36886914285856,-13.7032889366525,-0.718083253801841,0.12950343,0.27305678,-0.09773844,308.0662,112.312584,-12.792502,WAL
1880237328000,92.71994,-1.16175434579617,-14.1516996769215,-0.565510507478705,0.3231477,0.4538729,-0.11575896,308.10492,112.10858,-12.734577,WAL
1880242252000,92.724864,-0.939653770588235,-14.6384305882353,-0.17801595,0.52320606,0.59773165,-0.16035213,308.19608,111.862595,-12.65908,WAL
1880247295000,92.729907,-0.713080568105029,-15.128287897577,0.21110484210445,0.72143185,0.65057147,-0.22540927,308.30026,111.51471,-12.524242,WAL
1880252255000,92.734867,-0.502148607877208,-15.495126318274,0.490818997833768,0.9202685,0.6389651,-0.2929099,308.42365,111.12116,-12.373857,WAL
1880257535000,92.740147,-0.27932621940416,-15.8771560848791,0.777971598088814,1.1074986,0.5729916,-0.37507126,308.5262,110.59609,-12.165735,WAL
1880262265000,92.744877,-0.113818113183436,-16.0511513106614,0.82465333914184,1.318858,0.49327368,-0.45753807,308.6186,110.02152,-11.946705,WAL
1880267252000,92.749864,0.0606827167790894,-16.2346003996627,0.873871487689713,1.5338826,0.40378192,-0.56199604,308.6758,109.334,-11.671915,WAL
1880272243000,92.754855,0.215449286560425,-16.115480834406,0.889405448025335,1.7449366,0.30482176,-0.6899723,308.7043,108.59875,-11.381246,WAL
1880277221000,92.759833,0.366422176334661,-15.945027940852,0.899145658412504,1.9495764,0.2125811,-0.829555,308.70633,107.815216,-11.071037,WAL
1880282234000,92.764846,0.50198984960461,-15.3443828439301,0.828019888547586,2.1563544,0.12736541,-0.9456194,308.67545,106.958534,-10.716766,WAL
1880287206000,92.769818,0.63444017566064,-14.6963224554937,0.747603612100139,2.3683245,0.049785517,-1.067487,308.61835,106.051926,-10.335001,WAL
1880292238000,92.77485,0.602050531862364,-14.01594319479,0.634971691339425,2.6218336,0.004581489,-1.181108,308.54752,105.08609,-9.915942,WAL
1880297231000,92.779843,0.546276421432737,-13.3373581926516,0.51877565625486,2.8930578,-0.010995574,-1.2889256,308.46567,104.074844,-9.474979,WAL
1880302329000,92.784941,0.23639854268948,-12.8515545134804,0.239849895861614,3.1477885,-0.0030543262,-1.3768903,308.38464,103.03498,-9.008033,WAL
1880307312000,92.789924,-0.118991455260181,-12.4196884068627,-0.0660554125263952,3.3848042,0.057421334,-1.4178182,308.32166,101.96038,-8.53022,WAL
1880312362000,92.794974,-0.610047653354097,-12.1800187297556,-0.393094192865357,3.5008688,0.16126843,-1.491122,308.28217,100.89926,-8.042567,WAL
1880317351000,92.799963,-1.14575507060853,-12.0197642566842,-0.722760279977,3.6758816,0.28099802,-1.5503759,308.27515,99.81377,-7.553047,WAL
1880322346000,92.804958,-1.7082691733913,-11.8929116104348,-1.17601521234783,3.7446039,0.44776422,-1.5937474,308.33456,98.85247,-7.1211233,WAL
1880327351000,92.809963,-2.28688460208696,-11.7850342756522,-1.70069194805115,3.7247508,0.68966687,-1.6044376,308.46002,97.92507,-6.6875696,WAL
1880332324000,92.814936,-3.11087206,-11.8118527584906,-2.31776793018868,3.627318,1.0332786,-1.6010778,308.6945,97.192924,-6.3634577,WAL
1880337359000,92.819971,-4.06376436,-11.9028322584906,-2.98814443018868,3.4562755,1.3118331,-1.5531249,308.9887,96.55641,-6.0596247,WAL
1880342353000,92.824965,-4.72438450500988,-12.1097548519763,-3.17661361146245,3.249803,1.4114041,-1.4886786,309.3643,96.20252,-5.92183,WAL
1880347378000,92.82999,-5.24746550476285,-12.3760510525692,-3.12906082490119,3.0610456,1.3658947,-1.4358387,309.78003,95.93498,-5.802662,WAL
1880352348000,92.83496,-5.74513661668653,-12.8207991573302,-3.15223052932062,2.9205468,1.20371,-1.412015,310.26736,96.11793,-6.0380383,WAL
1880357401000,92.840013,-6.24020368942193,-13.3735435550258,-3.21471462843663,2.819143,0.9987647,-1.4300356,310.71976,96.3093,-6.2635865,WAL
1880362480000,92.845092,-6.66254010264901,-13.7250859933775,-3.16846425562914,2.6896396,0.8042041,-1.5057828,311.15494,96.60418,-6.5765734,WAL
1880367434000,92.850046,-7.03421033177193,-13.9588166095946,-3.06500971599095,2.4914138,0.6246097,-1.6664404,311.52588,96.85548,-6.838779,WAL
1880372368000,92.85498,-7.36796666608804,-14.1304087718537,-3.01105373570986,2.2589796,0.39858958,-1.8435913,311.84116,97.08648,-7.077038,WAL
1880377357000,92.859969,-7.51113488251705,-13.9773668924365,-3.21840086466212,2.0836613,0.18020524,-2.0097466,312.09787,97.257835,-7.25263,WAL
1880382293000,92.864905,-7.53622045368411,-13.733188386881,-3.43987511784145,1.9236146,0.100792766,-2.116648,312.34305,97.4014,-7.399024,WAL
1880387329000,92.869941,-7.11248494773363,-13.1264765885583,-3.72878560094848,1.738828,0.17837265,-2.1450534,312.56262,97.50561,-7.5042043,WAL
1880392300000,92.874912,-6.62867631865996,-12.5049477975442,-4.03486527262883,1.5118915,0.35094208,-2.0821342,312.77344,97.5166,-7.5159836,WAL
1880397305000,92.879917,-5.88719836787199,-11.7912748646428,-4.42414123308518,1.3457361,0.6603453,-1.9862283,313.0396,97.52377,-7.5232725,WAL
1880402344000,92.884956,-5.12798811345957,-11.1377571990788,-4.71561182625384,1.3402383,0.86254174,-1.8270979,313.29562,97.48642,-7.485611,WAL
1880407320000,92.889932,-4.30367296832139,-10.8743668744115,-4.41320023927329,1.4181237,1.323745,-1.7403551,313.70673,97.45472,-7.452678,WAL
1880412295000,92.894907,-3.46445769772152,-10.6459690779184,-4.02191110247539,1.6468927,1.7321084,-1.6313156,314.1307,97.289894,-7.2871404,WAL
1880417346000,92.899958,-2.54372561316456,-10.5733990189405,-3.21910539927801,1.8903224,1.9480493,-1.5424347,314.62335,97.14888,-7.1458526,WAL
1880422411000,92.905023,-1.637679583376,-10.4996499866032,-2.42195984757368,2.078469,2.0182989,-1.4288138,315.17084,97.00666,-7.003601,WAL
1880427312000,92.909924,-0.980939863840429,-10.4158111276173,-1.75124698163144,2.2208006,1.9804251,-1.3564262,315.7378,96.88297,-6.881302,WAL
1880432436000,92.915048,-0.323901594063708,-10.340899431289,-1.07323432425939,2.2821925,1.920255,-1.3249667,316.32535,83.337326,-6.6626706,WAL
1880437327000,92.919939,-0.142908199721391,-10.4615617048449,-0.776219517546815,2.3112087,1.9526308,-1.3350459,316.9169,83.53317,-6.4640317,WAL
1880442577000,92.925189,0.0531206525844677,-10.5874148383368,-0.453941187614209,2.3759604,2.0201313,-1.393689,317.48276,83.87635,-6.095171,WAL
1880447294000,92.929906,0.251066625621108,-10.6548003013239,-0.121223485138915,2.398257,1.9792033,-1.4404203,318.02255,84.175735,-5.740876,WAL
1880452362000,92.934974,0.463742095485363,-10.7272000313258,0.236252307980608,2.3545802,1.8445076,-1.4364496,318.55692,84.46339,-5.3482747,WAL
1880457319000,92.939931,0.716772259493489,-10.5473071438146,0.273721172577557,2.2284365,1.7583756,-1.3759739,319.09024,84.6911,-4.9734745,WAL
1880462284000,92.944896,0.976278580993872,-10.3333281941785,0.269168433014171,2.072971,1.6924021,-1.2803736,319.58716,84.854675,-4.6235576,WAL
1880467336000,92.949948,1.11781674412137,-10.0428796681416,-0.0818447621997472,1.9819523,1.6575829,-1.2110404,320.07513,84.96682,-4.2424173,WAL
1880472277000,92.954889,1.22250483230088,-9.7387858960177,-0.52053757920354,1.8887954,1.7119498,-1.146594,320.56662,85.013245,-3.900352,WAL
1880477313000,92.959925,1.05987971812582,-9.34168579329496,-1.41800080576593,1.8264871,1.8689423,-1.0699304,321.0715,85.03135,-3.5401804,WAL
1880482272000,92.964884,0.86325779679895,-8.93885054458245,-2.36274508861961,1.7831156,2.0735822,-0.97402465,321.60147,84.991554,-3.217838,WAL
1880487326000,92.969938,0.507271188019006,-8.54416075826569,-3.13651605924569,1.7754798,2.2531765,-0.8793405,322.1587,84.97519,-2.9045732,WAL
1880492265000,92.974877,0.142057543898634,-8.16021828924965,-3.87162558402297,1.7712038,2.414445,-0.7984009,322.76132,84.920105,-2.6302097,WAL
1880497296000,92.979908,-0.117860591134886,-7.75809684283215,-4.19007909322346,1.8048013,2.4938574,-0.7125743,323.3785,84.985214,-2.4410248,WAL
1880502319000,92.984931,-0.361460303902771,-7.35505023137833,-4.44696602427033,1.8115209,2.5964828,-0.66981375,324.03113,85.035645,-2.2765102,WAL
1880507318000,92.98993,-0.570659968004286,-6.95067980327262,-4.37057017127691,1.8228219,2.6328292,-0.6203337,324.68637,85.065704,-2.0947375,WAL
1880512247000,92.994859,-0.763761308327652,-6.55068413202493,-4.16367584035259,1.8341229,2.6203065,-0.5821546,325.34634,85.07859,-1.9313489,WAL
1880517364000,92.999976,-0.917364023832626,-6.1057717968769,-3.9176949939054,1.8072448,2.5744915,-0.56596667,326.01566,85.076256,-1.7804556,WAL
1880522270000,93.004882,-1.04083069878714,-5.66414100562967,-3.66601307829998,1.745242,2.5149322,-0.5467244,326.6693,85.06933,-1.6477132,WAL
1880527317000,93.009929,-1.19642291550727,-5.30488971736464,-3.43606504930787,1.6643023,2.447737,-0.537256,327.33105,85.001144,-1.5407825,WAL
1880532314000,93.014926,-1.36413027343613,-4.99463109206238,-3.22223814824777,1.5937474,2.3811526,-0.5338962,327.97028,84.942894,-1.4427909,WAL
1880537320000,93.019932,-1.54229737498364,-4.6659589813441,-2.95587532511455,1.4902058,2.2745566,-0.53786683,328.60208,84.85027,-1.3627846,WAL
1880542317000,93.024929,-1.73547285766965,-4.31093374339952,-2.61129199631246,1.4022411,2.196977,-0.5345071,329.21854,84.7712,-1.2912173,WAL
1880547291000,93.029903,-1.91639554918961,-4.00982255711775,-2.31211155500879,1.287704,2.134974,-0.5458081,329.8346,84.662964,-1.2476001,WAL
1880552389000,93.035001,-2.09277076947862,-3.74287640421793,-2.04039845852373,1.1459832,2.087632,-0.5421429,330.42896,84.586395,-1.2136546,WAL
1880557317000,93.039929,-2.2417144061674,-3.51352278277044,-1.70476165057269,1.0054842,2.0625865,-0.54733527,331.04272,84.467445,-1.2087224,WAL
1880562308000,93.04492,-2.37273145418502,-3.307638780372,-1.29767282431718,0.8542951,2.0179935,-0.54519725,331.63455,84.39147,-1.2111459,WAL
1880567317000,93.049929,-2.53795727538534,-3.0665637768797,-0.756215834791353,0.6826419,1.9703459,-0.54244834,332.2473,84.29063,-1.2473568,WAL
1880572323000,93.054935,-2.74071735412594,-2.78720545244361,-0.0668315482537594,0.4978552,1.9168952,-0.5323691,332.8433,84.23528,-1.2908827,WAL
1880577258000,93.05987,-2.87603987666323,-2.62137973556348,0.464014569918364,0.2941316,1.8606955,-0.52626044,333.46008,84.13776,-1.3628366,WAL
1880582299000,93.064911,-2.8851000063151,-2.67121018848644,0.708636982567327,0.10598512,1.7938058,-0.52534413,334.05627,84.0852,-1.4406747,WAL
1880587270000,93.069882,-2.87517298627351,-2.72826037012469,0.960300024740393,-0.050396383,1.7116444,-0.50335294,334.71158,83.88903,-1.5437095,WAL
1880592317000,93.074929,-2.79119093722404,-2.81718263984056,1.25670725000409,-0.20769419,1.6190983,-0.49357912,335.3407,83.7442,-1.6523901,WAL
1880597309000,93.079921,-2.69771389348995,-2.89967532590086,1.51868742733426,-0.3662137,1.5564847,-0.47067168,335.9701,83.60761,-1.783171,WAL
1880602407000,93.085019,-2.57135646705156,-2.96771378399363,1.693643875652,-0.5149594,1.4465289,-0.45173484,336.55692,83.50779,-1.9181662,WAL
1880607317000,93.089929,-2.41981703486529,-3.0261038633122,1.81194778989699,-0.57848936,1.3252722,-0.4382958,337.12717,83.39354,-2.055475,WAL
1880612344000,93.094956,-2.1742401181458,-3.06425175272385,1.78095264531002,-0.7162395,1.1872166,-0.41447207,337.6584,83.33326,-2.2012658,WAL
1880617332000,93.099944,-1.93056841323296,-3.10210368675713,1.75019796434727,-0.8436049,1.0604621,-0.39736784,338.1597,83.27275,-2.3245702,WAL
1880622361000,93.104973,-1.6848937933439,-3.14026675336767,1.71919048829239,-0.9795224,0.9462303,-0.3817908,338.6228,83.24516,-2.4529827,WAL
1880627355000,93.109967,-1.45615840754865,-3.17196751722037,1.68487225659524,-1.0961977,0.829555,-0.3747658,339.05444,83.236664,-2.573004,WAL
1880632353000,93.114965,-1.28208721466483,-3.18137681470415,1.63782596567722,-1.2110404,0.73823065,-0.36010507,339.4585,83.25574,-2.698531,WAL
1880637326000,93.119938,-1.13284300259218,-3.18567820129609,1.60102594935195,-1.3353515,0.6301075,-0.3436117,339.80594,83.3517,-2.6929493,WAL
1880642349000,93.124961,-1.09417786331759,-3.1663456316588,1.6106922341706,-1.4535538,0.5317582,-0.31123585,340.1272,83.46763,-2.6963792,WAL
1880647333000,93.129945,-1.09860433828,-3.16093483989427,1.64050523996035,-1.5592335,0.43585235,-0.27947086,340.41876,83.62244,-2.6446753,WAL
1880652377000,93.134989,-1.290129584688,-3.21565626404229,1.75906852401586,-1.670411,0.32559118,-0.23182335,340.6745,83.79791,-2.6065671,WAL
1880657371000,93.139983,-1.49435016153846,-3.29920981923077,1.88589424230769,-1.7821994,0.20922135,-0.1731803,340.89325,83.995224,-2.576031,WAL
1880662351000,93.144963,-1.87370050829642,-3.7361829076319,2.1259894587797,-1.8863518,0.06780604,-0.09987647,341.06998,84.20471,-2.5614817,WAL
1880667340000,93.149952,-2.23937941665523,-4.1716121013815,2.37627346328299,-1.9645426,-0.08979719,-0.036651913,341.21762,84.3934,-2.6145997,WAL
1880672359000,93.154971,-2.44972482809336,-4.58405413272696,2.73509798361078,-2.0412061,-0.24556783,0.040011674,341.3225,84.585785,-2.6884592,WAL
1880677254000,93.159866,-2.65487342123734,-4.98630632309078,3.08505734344431,-2.1184807,-0.41050145,0.15118915,341.41245,84.691864,-2.864081,WAL
1880682357000,93.164969,-2.68865568971202,-5.7854410550149,3.53917688836147,-2.1728477,-0.58276546,0.24281894,341.45407,84.78485,-3.0487545,WAL
1880687260000,93.169872,-2.66067849980139,-6.68071181380338,4.0054635816286,-2.1566598,-0.6658431,0.37323865,341.47067,84.83468,-3.27022,WAL
1880692333000,93.174945,-2.33655620570641,-8.24018468634396,4.63409646347894,-2.019826,-0.67256266,0.5149594,341.50772,84.76932,-3.5565999,WAL
1880697313000,93.179925,-1.90955726709957,-10.0044883463203,5.30509497056277,-1.7684549,-0.64996064,0.58246,341.5266,84.64997,-3.8500836,WAL
1880702364000,93.184976,-1.16760430744,-12.15488328,6.29272832,-1.6084082,-0.5830709,0.59620446,341.56277,84.45529,-4.141882,WAL
1880707288000,93.1899,-0.317598921626937,-14.3992788802025,7.38149926562025,-1.1859949,-0.5296202,0.6243043,341.5956,84.150566,-4.445647,WAL
1880712347000,93.194959,0.454144392789787,-15.8151385591489,8.11810030297872,-0.66859204,-0.48258355,0.62858033,341.63397,83.85593,-4.6080623,WAL
1880717361000,93.199973,1.18065950548539,-16.8822083193381,8.70385308898345,-0.16920967,-0.42546764,0.5299256,341.68564,83.51661,-4.740164,WAL
1880722450000,93.205062,2.10060618683855,-17.6578458715043,8.59199860494854,0.33658674,-0.22785273,0.35735616,341.7277,83.16595,-4.6639934,WAL
1880727342000,93.209954,3.08932612504418,-18.2276985193887,8.08059160006238,0.79809546,0.16340645,0.04428773,341.8435,82.757385,-4.528543,WAL
1880732326000,93.214938,3.66679890224852,-18.5987555092702,7.55854846406312,1.1753048,0.70707655,-0.18906279,342.00452,82.31089,-4.258298,WAL
1880737378000,93.21999,4.05805418106509,-18.8802689921105,7.02892284122288,1.4132367,1.2333369,-0.30451632,342.2798,81.78556,-3.9658394,WAL
1880742348000,93.22496,3.70236552771528,-17.7616451124974,6.80481006623031,1.5305228,1.5986344,-0.3295618,342.63443,81.3407,-3.5027843,WAL
1880747346000,93.229958,2.97788145489875,-15.9455401822459,6.72648760329311,1.4908166,1.7614299,-0.3286455,343.0853,80.84301,-3.0649703,WAL
1880752435000,93.235047,2.16918548630856,-13.6364242904303,6.55746209681328,1.3289373,1.7788396,-0.33353242,343.59882,80.40862,-2.5881708,WAL
1880757363000,93.239975,1.35867030645931,-11.2228896246541,6.35933604380307,1.0931433,1.7293595,-0.32834008,344.13385,79.980156,-2.1583192,WAL
1880762347000,93.244959,0.615618415456201,-8.78362867185919,5.98201306542585,0.83016586,1.6572775,-0.3222314,344.67328,79.53894,-1.8743703,WAL
1880767399000,93.250011,-0.0891167992393284,-6.31216175662553,5.48771973348169,0.5693264,1.5625933,-0.2941316,345.18616,79.16041,-1.6119939,WAL
1880772355000,93.254967,-0.680058376021953,-4.49226595883728,4.99511330842565,0.30543262,1.4535538,-0.23701571,345.67584,78.789024,-1.5098673,WAL
1880777358000,93.25997,-1.22059261490599,-2.99240505127554,4.49353639678829,0.017104227,1.294118,-0.14966199,346.11838,78.498535,-1.4212412,WAL
1880782350000,93.264962,-1.75893600218099,-2.16730228647982,4.10722061359913,-0.2666427,1.1053606,-0.03145956,346.5176,78.25219,-1.4694914,WAL
1880787362000,93.269974,-2.29894202922136,-1.6699283324287,3.77563791161551,-0.559858,0.8762862,0.109650314,346.85245,78.08463,-1.5382446,WAL
1880792317000,93.274929,-2.87586279193339,-1.54867533207698,3.49729822498754,-0.8695667,0.5876524,0.27550024,347.11243,77.99473,-1.7218188,WAL
1880797340000,93.279952,-3.48502086886031,-1.63501273359258,3.24308268743643,-1.1982121,0.41630468,0.45173484,347.33038,77.97963,-1.9421191,WAL
1880802381000,93.284993,-3.92226467072593,-2.13495922875062,3.05035636553086,-1.3710871,0.00580322,0.52412236,347.40924,78.00586,-2.2352574,WAL
1880807355000,93.289967,-4.25629802521481,-2.85948228694321,2.89510149116049,-1.7232509,-0.54428095,0.6081163,347.38788,78.14977,-2.5645654,WAL
1880812347000,93.294959,-4.47076180355252,-3.86861688621354,2.68812234456532,-2.0830505,-1.212873,0.6206391,347.23892,78.33724,-2.9579346,WAL
1880817391000,93.300003,-4.61027888240108,-5.06846240461153,2.44629296784442,-2.3619106,-1.8762726,0.6188065,346.93127,78.568855,-3.343346,WAL
1880822350000,93.304962,-4.91873790174223,-6.69217884163016,2.00016621377483,-2.564107,-2.4813347,0.65179324,346.4759,78.87763,-3.7504077,WAL
1880827353000,93.309965,-5.37760674109017,-8.71315555025981,1.37044158569536,-2.6682594,-2.993545,0.73761976,345.858,79.19291,-4.1453595,WAL
1880832345000,93.314957,-6.13291450479345,-10.9615251735191,0.432939958573656,-2.7229319,-3.3356297,0.8848383,345.17596,79.58534,-4.523715,WAL
1880837360000,93.319972,-7.11555421065861,-13.3947282709957,-0.741548513659392,-2.653904,-3.4880404,1.0045679,344.40796,79.917496,-4.9019628,WAL
1880842347000,93.324959,-7.82741003739674,-15.2069584218215,-1.82511594112432,-2.436436,-3.4122932,1.112691,343.81903,80.33968,-5.228063,WAL
1880847351000,93.329963,-8.29572273181543,-16.4622286597824,-2.83415968579488,-2.053118,-3.087313,1.1734722,343.26913,80.63108,-5.5661316,WAL
1880852440000,93.335052,-7.83699903532233,-17.3762361957982,-3.20007280522832,-1.4636332,-2.5033257,1.1203269,342.80695,80.83027,-6.0460887,WAL
1880857357000,93.339969,-6.63085846362241,-17.9634945813507,-3.01486034923254,-0.82527894,-1.8185458,0.9251554,342.48096,80.88049,-6.494771,WAL
1880862347000,93.344959,-5.03014456113886,-18.4311237310689,-2.27000173447992,-0.2932153,-1.2892311,0.6603453,342.24368,80.85091,-6.985366,WAL
1880867391000,93.350003,-2.94543542607393,-18.7447960323676,-0.827112742292907,-0.0015271631,-1.0045679,0.42058071,342.14246,80.73815,-7.419247,WAL
1880872345000,93.354957,-1.33876852432756,-18.2525278075314,0.352094089075912,0.07513642,-0.84665924,0.24220806,342.09235,80.73121,-7.614643,WAL
1880877357000,93.359969,-0.258098669766886,-16.7654107866109,1.25105836837298,0.05497787,-0.6808093,0.099571034,342.13257,80.72689,-7.755354,WAL
1880882331000,93.364943,0.409940825477981,-14.4469470204082,1.62831430053706,-0.04734206,-0.52687126,-0.0030543262,342.19247,80.92701,-7.546573,WAL
1880887358000,93.36997,0.5603718050913,-11.0105401836735,1.34155534167562,-0.15699236,-0.4810564,-0.051618114,342.26727,81.138435,-7.3289075,WAL
1880892287000,93.374899,0.608994352926879,-8.32560119647559,0.821362070336236,-0.2828306,-0.5326745,-0.07788532,342.4285,81.44732,-6.9296756,WAL
1880897354000,93.379966,0.495961047052866,-6.6939902485315,-0.107476658193235,-0.44868052,-0.75625116,-0.07971791,342.53772,81.76504,-6.5422378,WAL
1880902297000,93.384909,0.234290612889462,-5.27170916665013,-1.08510786795991,-0.5439755,-1.1224649,-0.06688975,342.58142,82.049965,-6.2035437,WAL
1880907355000,93.389967,-0.255968157640405,-4.06528808578091,-2.19059339193292,-0.7620544,-1.4230106,0.016798794,342.56436,82.362015,-5.888686,WAL
1880912246000,93.394858,-0.73595559152592,-3.02324363833838,-3.03971856615249,-0.94989544,-1.5784758,0.14660765,342.35156,82.642876,-5.7022347,WAL
1880917372000,93.399984,-1.24876492529532,-2.13661058313971,-3.56690572188812,-1.1255192,-1.6658295,0.28619036,342.06982,82.93875,-5.536291,WAL
1880922252000,93.404864,-1.66461183871507,-1.38587435489374,-4.05445292634789,-1.2962561,-1.8044959,0.41355577,341.6759,83.20375,-5.5283813,WAL
1880927347000,93.409959,-1.9526510267808,-0.790593473164109,-4.53451812282566,-1.5143349,-2.0561724,0.51159966,341.22562,83.45755,-5.548955,WAL
1880932267000,93.414879,-2.20743344892704,-0.302134618058915,-4.99545557822864,-1.7715092,-2.3536637,0.6075055,340.8383,83.667534,-5.6406164,WAL
1880937363000,93.419975,-2.41688998454936,0.00252964749707377,-5.46673318103785,-2.0250182,-2.6053402,0.6792821,340.39636,83.82747,-5.7507524,WAL
1880942285000,93.424897,-2.59207149645591,0.187827957715717,-5.83482503780361,-2.2247713,-2.7885997,0.7583892,339.95844,83.897644,-5.911801,WAL
1880947345000,93.429957,-2.69282675588319,0.05959414759191,-5.95847893724601,-2.3726006,-2.9391782,0.8381071,339.4648,83.86341,-6.0909624,WAL
1880952336000,93.434948,-2.76346269800627,-0.172185770285599,-6.12535975847586,-2.4608707,-3.0980031,0.9211848,338.8608,96.38481,-6.3837857,WAL
1880957351000,93.439963,-2.67111112534156,-1.00335006028863,-6.54823297348447,-2.4614816,-3.2314773,0.9963212,338.2326,96.770584,-6.699679,WAL
1880962301000,93.444913,-2.56458615634803,-1.92583094110684,-6.95990971382066,-2.3533583,-3.2125404,1.0436633,337.6602,97.25589,-7.020431,WAL
1880967323000,93.449935,-2.37955168845812,-3.37289519798757,-7.34895642941699,-2.1523838,-2.9626966,1.1187997,337.1298,97.82826,-7.3663406,WAL
1880972305000,93.454917,-2.20050277632467,-4.84159080518952,-7.64595982717801,-1.8472565,-2.577546,1.1691961,336.6705,98.41103,-7.6725583,WAL
1880977312000,93.459924,-2.04824695129986,-6.52116292157174,-7.39854422329827,-1.5225816,-2.2409592,1.1960741,336.27985,99.00587,-7.9834185,WAL
1880982305000,93.464917,-1.91594731244231,-8.22845279141707,-7.13866181788275,-1.239751,-1.9911152,1.2431108,335.8477,99.694984,-8.361219,WAL
1880987355000,93.469967,-1.9206966829618,-10.1851947844447,-6.78245863218109,-0.9877691,-1.752267,1.3023647,335.52066,100.3598,-8.738316,WAL
1880992300000,93.474912,-1.9165960473348,-12.0749148070945,-6.44646845561171,-0.7641924,-1.6136005,1.3387111,335.19754,100.938225,-9.074895,WAL
1880997306000,93.479918,-1.82059417091637,-13.7115178377038,-6.24075011490417,-0.67164636,-1.3127494,1.350623,334.99847,101.501366,-9.403815,WAL
1881002655000,93.485267,-1.69613315822132,-15.4021468965482,-6.00098242685279,-0.50854534,-0.69058317,1.366811,334.90942,101.93644,-9.676137,WAL
1881007354000,93.489966,-1.26667802845888,-16.0371926552284,-5.49842867035533,-0.40744713,-0.45875978,1.3558154,334.79797,102.3533,-9.940975,WAL
1881012615000,93.495227,-0.756548663896571,-16.6515415515249,-4.93573453122751,-0.41447207,0.041233405,1.3197744,334.92514,102.651794,-10.093785,WAL
1881017400000,93.500012,0.0203672945898845,-16.1784469971586,-4.42357768963819,-0.5925393,0.57971114,1.2339478,335.12823,102.94365,-10.21767,WAL
1881022680000,93.505292,0.877653869471491,-15.6564116268233,-3.8584391058155,-0.92087936,1.1447614,1.1175779,335.4525,103.113396,-10.203401,WAL
1881027345000,93.509957,1.45002986568763,-14.8732888361922,-3.36536810363126,-1.2889256,1.5909985,1.0064005,335.89078,103.309235,-10.156213,WAL
1881032314000,93.514926,2.05626607887451,-14.0331505131909,-2.84028157698866,-1.6566665,1.9248364,0.90194255,336.4488,103.54795,-10.065976,WAL
1881037354000,93.519966,2.04897525566844,-13.3481167456996,-1.78055964440197,-1.9190332,2.0570886,0.7189884,337.03366,103.657776,-9.788453,WAL
1881042253000,93.524865,1.98762140380243,-12.6968227610904,-0.704508482331757,-2.1163425,1.9144517,0.453262,337.61188,103.80815,-9.469374,WAL
1881047360000,93.529972,1.93910303036437,-11.9529789878543,0.426187287665317,-2.2904391,1.525636,0.15699236,338.1177,103.86205,-9.013116,WAL
1881052309000,93.534921,1.89341608927126,-11.2265565242915,1.52267351133603,-2.3985624,0.9184359,-0.10354166,338.48566,103.93201,-8.532145,WAL
1881057353000,93.539965,1.80430381222943,-10.5588480094763,2.31943671767581,-2.4071145,0.12308934,-0.3203988,338.64383,103.95635,-8.068461,WAL
1881062244000,93.544856,1.71085712244389,-9.92341075311721,3.03897639002494,-2.262034,-0.7305948,-0.47342056,338.5908,103.96227,-7.604177,WAL
1881067387000,93.549999,1.26684996491052,-9.64160284275085,3.14371540100543,-1.9666806,-1.4850134,-0.6041457,338.29312,103.989265,-7.2417974,WAL
1881072255000,93.554867,0.784057964628997,-9.44473614578725,3.12496616147195,-1.6300939,-2.000889,-0.7199047,337.81924,103.960846,-6.882068,WAL
1881077350000,93.559962,0.113318118455148,-9.41810705231926,2.66627636761942,-1.310306,-2.2849414,-0.8191703,337.1943,103.86616,-6.5800443,WAL
1881082313000,93.564925,-0.568296502353872,-9.42280793759272,2.14448860648798,-1.0525209,-2.34389,-0.8891144,336.49088,103.69486,-6.271223,WAL
1881087291000,93.569903,-1.10307864048718,-9.19634392918181,1.54969586158531,-0.84971356,-2.244319,-0.9095783,335.7817,103.49379,-6.024883,WAL
1881092303000,93.574915,-1.61225131912386,-8.92289923219723,0.936802823761909,-0.71776664,-2.165212,-0.8402451,335.0601,103.24993,-5.7868176,WAL
1881097296000,93.579908,-1.95681194219009,-8.54346118521051,0.433390488014067,-0.66737026,-1.9642372,-0.79168135,334.4493,103.045586,-5.5984926,WAL
1881102366000,93.584978,-2.26510904895966,-8.13081756500928,-0.050398688463417,-0.59956425,-1.7620409,-0.64812803,333.87994,102.82624,-5.449518,WAL
1881107318000,93.58993,-2.40496888309985,-7.74048350849478,-0.529082180280179,-0.57604593,-1.5876387,-0.48197266,333.42136,102.68365,-5.3512735,WAL
1881112290000,93.594902,-2.49485468987581,-7.35255487898659,-1.0116276388157,-0.5858198,-1.4165965,-0.28130344,333.0383,102.55808,-5.2905254,WAL
1881117319000,93.599931,-2.49718202510346,-7.19226124225295,-1.50903391864338,-0.63316184,-1.1887437,-0.08277224,332.7928,102.508965,-5.2739367,WAL
1881122342000,93.604954,-2.46804852370041,-7.11457160096901,-2.00915943167457,-0.6704246,-0.9211848,0.073303826,332.62283,102.482056,-5.2892118,WAL
1881127313000,93.609925,-2.31252222940648,-7.12180448934663,-2.26751370913716,-0.72143185,-0.6536258,0.21502456,332.5121,102.59382,-5.3859863,WAL
1881132305000,93.614917,-2.11700060275312,-7.15518645395511,-2.4534976031621,-0.7675522,-0.44409904,0.32345316,332.47055,102.725624,-5.5029364,WAL
1881137300000,93.619912,-1.89584925108445,-7.24291245064299,-2.34407963515355,-0.799928,-0.33108896,0.41080686,332.4513,102.958496,-5.6640754,WAL
1881142373000,93.624985,-1.66272479408829,-7.3501495849904,-2.13426760925144,-0.83199847,-0.30085114,0.46883908,332.47333,103.20746,-5.837227,WAL
1881147318000,93.62993,-1.44002547131391,-7.45380172841855,-1.89656640318074,-0.8371908,-0.34238997,0.49235737,332.49396,103.4721,-5.995032,WAL
1881152339000,93.634951,-1.21608553791122,-7.55862460610385,-1.63927373596908,-0.84940815,-0.43554693,0.5030475,332.51163,103.74613,-6.163676,WAL
1881157318000,93.63993,-1.06862954342354,-7.67429443856927,-1.53369006577403,-0.86162543,-0.5421429,0.49388456,332.50977,103.98321,-6.300067,WAL
1881162304000,93.644916,-0.960189072829296,-7.7962900823997,-1.50657991745836,-0.8597928,-0.6252206,0.48838675,332.4896,104.21506,-6.441313,WAL
1881167315000,93.649927,-0.92559575195346,-7.89511237256583,-1.58087682774036,-0.8604037,-0.6881397,0.4801401,332.45465,104.38045,-6.5294623,WAL
1881172316000,93.654928,-0.954924355835885,-7.97332172431108,-1.74218418992652,-0.86406887,-0.7287622,0.45753807,332.40155,104.5383,-6.6131477,WAL
1881177313000,93.659925,-1.01658679407026,-8.01399899428571,-1.89050117479157,-0.87598073,-0.75594574,0.4382958,332.33612,104.6695,-6.668051,WAL
1881182313000,93.664925,-1.10181363247775,-8.02745613714286,-2.02955555418267,-0.9053023,-0.7770206,0.42180246,332.25983,104.79957,-6.71766,WAL
1881187318000,93.66993,-1.19589062990713,-8.01716044142753,-2.13579089454242,-0.9468411,-0.82344633,0.41996986,332.15747,104.960594,-6.7813663,WAL
1881192308000,93.67492,-1.30061293711781,-7.97726611261609,-2.20061892501304,-1.0189233,-0.838718,0.419359,332.0577,105.13009,-6.8376756,WAL
1881197279000,93.679891,-1.46916510152238,-7.97203803343727,-2.21082836404989,-1.0528263,-0.88453287,0.42363504,331.93094,105.32946,-6.921312,WAL
1881202402000,93.685014,-1.70313637350514,-7.99903465542003,-2.17033336060161,-1.135904,-0.91996306,0.4550946,331.80597,105.55702,-7.0095363,WAL
1881207317000,93.689929,-1.88983082252159,-8.07285937698949,-2.05700213981067,-1.2284501,-0.95294976,0.4831944,331.6623,105.8381,-7.13939,WAL
1881212307000,93.694919,-2.00913989013835,-8.23690958504109,-1.80347029975034,-1.323745,-0.9465357,0.5225952,331.52484,106.13879,-7.276532,WAL
1881217308000,93.69992,-2.1287119637158,-8.40132142681785,-1.54937957186622,-1.3961325,-0.92087936,0.5546656,331.39474,106.46621,-7.460604,WAL
1881222316000,93.704928,-2.24845140472277,-8.56596339914699,-1.29493318809425,-1.4773777,-0.89949906,0.59620446,331.27118,106.8172,-7.6526203,WAL
1881227312000,93.709924,-2.37032796260366,-8.77009519362574,-1.03175100101409,-1.520749,-0.8854492,0.63224554,331.1517,107.175125,-7.8498735,WAL
1881232288000,93.7149,-2.49411745925667,-9.01291245968628,-0.760366319595364,-1.5546521,-0.9049969,0.66767573,331.03403,107.54633,-8.053627,WAL
1881237319000,93.719931,-2.63316539908658,-9.26241008459094,-0.520155048343924,-1.5522085,-0.93218035,0.70341134,330.94913,107.82465,-8.268372,WAL
1881242315000,93.724927,-2.78517732998411,-9.5141803101668,-0.31588914392772,-1.5393804,-0.96852684,0.72265357,330.86026,108.102394,-8.483762,WAL
1881247308000,93.72992,-2.89524414270323,-9.73918138589618,-0.160751533055828,-1.4874569,-1.0372492,0.732122,330.74078,108.36029,-8.747833,WAL
1881252424000,93.735036,-2.96242619198825,-9.9407272331048,-0.0551796661606268,-1.4101825,-1.1047498,0.74006325,330.61584,108.60348,-9.011512,WAL
1881257288000,93.7399,-3.00127935061057,-10.1657140003565,-0.0168249273018986,-1.2980887,-1.1578951,0.7440339,330.46024,108.82015,-9.317438,WAL
1881262357000,93.744969,-3.00993333862198,-10.4426434240128,-0.0557681037828683,-1.1640037,-1.2131784,0.7648033,330.28995,109.010704,-9.62647,WAL
1881267347000,93.749959,-2.97932996969697,-10.7123631861472,-0.16625709495671,-1.0115929,-1.2556335,0.79504114,330.10077,109.17317,-9.9576645,WAL
1881272308000,93.75492,-2.79936593636364,-10.9694546623377,-0.551894577694805,-0.8396343,-1.2773192,0.83658,329.90704,109.300995,-10.290561,WAL
1881277298000,93.75991,-2.5593329816609,-11.2073968986363,-0.958864859434154,-0.66889745,-1.2822062,0.88208944,329.69684,109.39336,-10.624812,WAL
1881282301000,93.764913,-2.20825221730104,-11.4073183264808,-1.40259187636068,-0.49021935,-1.2223413,0.9202685,329.5045,109.44983,-10.954653,WAL
1881287295000,93.769907,-1.74310804007937,-11.5250262309524,-1.86304616261905,-0.2773328,-1.1600331,0.9306532,329.2986,109.46753,-11.240259,WAL
1881292303000,93.774915,-1.09126194087302,-11.5107519404762,-2.35312024880952,-0.07696902,-1.0167851,0.9306532,329.13928,109.45527,-11.513299,WAL
1881297294000,93.779906,-0.355260759164274,-11.4027745456976,-2.73701422134865,0.0070249503,-0.79443026,0.9282097,328.99185,109.42693,-11.708632,WAL
1881302302000,93.784914,0.532811466125359,-11.1320787318546,-2.9412233432023,0.160963,-0.5311473,0.92271197,328.90115,109.342834,-11.8833885,WAL
1881307303000,93.789915,1.39128334568787,-10.9197954796932,-3.00037243354312,0.28405234,-0.27550024,0.91538155,328.82535,109.248726,-11.943496,WAL
1881312317000,93.794929,2.19874684992625,-10.8159111587177,-2.78788203250074,0.3371976,-0.07819075,0.88056225,328.807,109.13541,-11.97873,WAL
1881317313000,93.799925,2.85087113486293,-10.8354661773937,-2.53184216311085,0.2883284,0.04520403,0.8054258,328.755868671431,108.988920512324,-11.8305649451606,WAL
1881327288000,93.8099,3.35188636947872,-11.4358948777806,-1.84473997401998,-0.105374254,0.05222898,0.44868052,328.65378,108.69644,-11.534739,WAL
1881332294000,93.814906,3.19091428567112,-11.8262515212793,-1.54291742193402,-0.33628133,-0.020463986,0.20922135,328.55804,108.535324,-11.249862,WAL
1881337259000,93.819871,3.03126059088391,-12.2134110768069,-1.24356684840091,-0.5329799,-0.11575896,-0.012217305,328.40363,108.33473,-10.882676,WAL
1881342317000,93.824929,2.33755193601562,-12.4496085858367,-0.819291114792322,-0.6441574,-0.26145032,-0.17562376,328.20642,108.14568,-10.480851,WAL
1881347299000,93.829911,1.60812963364601,-12.6447059766981,-0.415123475609321,-0.6945538,-0.44593164,-0.28099802,327.965,107.97249,-10.051321,WAL
1881352326000,93.834938,0.939813795226574,-12.5587796675756,-0.32919715153297,-0.6826419,-0.6203337,-0.3408628,327.67853,107.77104,-9.637935,WAL
1881357377000,93.839989,0.298353861291481,-12.4805810834951,-0.256669752015331,-0.61727935,-0.70402217,-0.32895094,327.3897,107.57407,-9.334897,WAL
1881362340000,93.844952,0.0539259909004463,-12.5082519996119,-0.362742223163206,-0.54275376,-0.68416905,-0.3005457,327.08438,107.37297,-9.031356,WAL
1881367517000,93.850129,-0.190593876962684,-12.5528121092985,-0.471148026468189,-0.43004912,-0.6017023,-0.2452624,326.80328,107.197464,-8.849077,WAL
1881372312000,93.854924,-0.167184015232463,-12.9695077781403,-0.517967759706362,-0.29840767,-0.46731192,-0.20647246,326.5482,107.00535,-8.668043,WAL
1881377454000,93.860066,-0.141610279908059,-13.4283373208475,-0.553947433473326,-0.13836098,-0.312763,-0.19547687,326.3286,106.81578,-8.530626,WAL
1881382330000,93.864942,-0.110691289944381,-14.0334658936814,-0.386101483212259,0.023518313,-0.14874569,-0.21502456,326.15405,106.59888,-8.387474,WAL
1881387304000,93.869916,-0.0791508764744608,-14.6507566076428,-0.214882090964813,0.16798794,-0.071776666,-0.2773328,325.98615,106.33704,-8.227107,WAL
1881392299000,93.874911,-0.0454215232778664,-15.1760904282297,0.0133384622771576,0.25411993,0.05222898,-0.31398472,325.8819,106.05725,-8.057321,WAL
1881397335000,93.879947,-0.0112348858204856,-15.6974369066986,0.248371598701046,0.43768495,0.13500121,-0.39095375,325.78452,105.71035,-7.86089,WAL
1881402508000,93.88512,0.0707232429948021,-16.1482938632547,0.362656943546581,0.62888575,0.1826487,-0.45448375,325.70398,105.30344,-7.6466722,WAL
1881407364000,93.889976,0.16834463810076,-16.5341303430628,0.413791953558577,0.8341365,0.22479841,-0.5109888,325.64526,104.848404,-7.414024,WAL
1881412287000,93.894899,0.292179718663009,-16.7395325606892,0.333818407197035,1.065349,0.27366763,-0.5558874,325.59476,104.29721,-7.1610622,WAL
1881417344000,93.899956,0.432029308611031,-16.8560747739917,0.184645518067186,1.3002267,0.33261612,-0.6221663,325.56006,103.69804,-6.8907027,WAL
1881422320000,93.904932,0.535506522444282,-16.7058775796798,0.0538644021387465,1.5381587,0.37659842,-0.72326446,325.52737,103.02472,-6.5883827,WAL
1881427333000,93.909945,0.615880721989118,-16.369309470022,-0.0666969470095218,1.7626517,0.4166101,-0.8304713,325.51312,102.304726,-6.271629,WAL
1881432299000,93.914911,0.654310785501969,-15.805485978248,-0.0705167843385827,1.9712621,0.42302418,-0.95630956,325.49878,101.53626,-5.9085865,WAL
1881437330000,93.919942,0.673279685728347,-15.1226074517717,-0.0183524052755906,2.1994202,0.41386122,-1.0760391,325.4938,100.71355,-5.5265517,WAL
1881442314000,93.924926,0.521215561273431,-14.3847764205098,0.0671582719924626,2.456289,0.40194935,-1.1801916,325.47693,99.84949,-5.121844,WAL
1881447336000,93.929948,0.27318167083011,-13.6072858504413,0.172095683923435,2.712547,0.3885103,-1.2568552,325.4611,98.937546,-4.702804,WAL
1881452342000,93.934954,-0.177021780053397,-12.971331920795,0.216672767303471,2.9718595,0.3811799,-1.3445144,325.4412,97.97116,-4.2683425,WAL
1881457323000,93.939935,-0.743050557886878,-12.4194530789083,0.226106578379314,3.1975741,0.41630468,-1.4110987,325.4369,96.96565,-3.8281238,WAL
1881462311000,93.944923,-1.31654064760945,-12.1620418482143,0.143908620642281,3.3893857,0.46944994,-1.4819591,325.4411,95.935555,-3.416913,WAL
1881467348000,93.94996,-1.90006940864055,-12.0972054642857,0.000342026232718888,3.506061,0.5519168,-1.5427402,325.47293,94.89184,-2.9989166,WAL
1881472316000,93.954928,-2.44238960067989,-12.1586158096317,-0.187135691416431,3.5283577,0.623388,-1.5971072,325.52524,93.92271,-2.6718457,WAL
1881477317000,93.959929,-2.95795813286119,-12.3349947988669,-0.417784810127479,3.4639113,0.72082096,-1.5961909,325.62045,93.020164,-2.3533647,WAL
1881482297000,93.964909,-3.48008687207438,-12.5587002061558,-0.749431952613017,3.3319645,0.8353582,-1.5635096,325.73807,92.36597,-2.155428,WAL
1881487330000,93.969942,-4.02096628267607,-12.8574717157209,-1.23879887446831,3.16642,0.88514376,-1.5060883,325.8768,91.97919,-1.9762443,WAL
1881492312000,93.974924,-4.50982194346219,-13.0997823188493,-1.59468610498452,3.073263,0.8854492,-1.4844025,326.0151,87.956924,-1.9298351,WAL
1881497333000,93.979945,-4.9613257512736,-13.2967147560683,-1.83965091980821,2.9303205,0.7968737,-1.4416419,326.15262,87.64837,-1.9119079,WAL
1881502323000,93.984935,-5.36648511752854,-13.4005640698455,-2.07067417233042,2.8102856,0.6780604,-1.3991868,326.2694,87.19489,-1.9909446,WAL
1881507313000,93.989925,-5.7332757305958,-13.4234884831622,-2.29074873167034,2.6933048,0.54275376,-1.3545936,326.36545,86.72444,-2.0812767,WAL
1881512314000,93.994926,-6.18825277948312,-13.5963279252401,-2.72506675710466,2.5848763,0.3866777,-1.3197744,326.46683,86.2479,-2.2015822,WAL
1881517331000,93.999943,-6.75440525794633,-13.9579041435786,-3.42918916979899,2.4877486,0.22540927,-1.2971723,326.53415,85.79137,-2.3260894,WAL
1881522318000,94.00493,-6.93914078764055,-13.9862449793699,-3.85721140470217,2.377182,0.15088372,-1.3698653,326.61627,85.35207,-2.4316502,WAL
1881527318000,94.00993,-6.61430726845089,-13.5679664736549,-3.91950821726605,2.1658227,0.38881573,-1.6129897,326.7504,84.98877,-2.4950097,WAL
1881532270000,94.014882,-6.21344085244059,-13.0208594983943,-3.85813993310854,1.7602082,0.70341134,-1.8203784,326.9165,84.74351,-2.5719602,WAL
1881537329000,94.019941,-5.58072993960608,-12.0873510704346,-3.44843366097195,1.4068227,0.83169305,-1.8817704,327.10074,84.55734,-2.6188974,WAL
1881542246000,94.024858,-4.90769745254547,-11.2002058623809,-3.1596808356751,1.2412782,0.8237518,-1.8359555,327.32275,84.46859,-2.583885,WAL
1881547294000,94.029906,-4.12608400121259,-10.3208909968242,-3.03406438466943,1.1673635,0.83016586,-1.7211128,327.581,84.44527,-2.5546112,WAL
1881552340000,94.034952,-3.44061408721486,-9.64698928679176,-2.78502033399558,1.2586879,0.92087936,-1.5271631,327.83997,84.38944,-2.4947958,WAL
1881557395000,94.040007,-2.95080685860007,-9.39317965240986,-2.28185478432671,1.4844025,1.1145236,-1.3371841,328.1238,84.30328,-2.4727705,WAL
1881562288000,94.0449,-2.47586619568674,-9.1911049864838,-1.78340660550586,1.7592919,1.3277156,-1.239751,328.399,84.198906,-2.3765838,WAL
1881567326000,94.049938,-1.98197446263168,-9.23905561101173,-1.2032036481614,1.9578232,1.4220943,-1.2428054,328.69128,84.04355,-2.3134382,WAL
1881572310000,94.054922,-1.5025823277027,-9.29830982511924,-0.68898577690779,2.05434,1.4227052,-1.2907583,328.99152,83.79174,-2.2212737,WAL
1881577313000,94.059925,-1.07887048277027,-9.43161312957075,-0.546161560631956,2.1190915,1.421178,-1.3060299,329.31622,83.49088,-2.1477609,WAL
1881582326000,94.064938,-0.666766206905956,-9.5770493258472,-0.433091741455785,2.186592,1.421178,-1.2803736,329.59183,83.11115,-2.0532346,WAL
1881587359000,94.069971,-0.338151342821336,-9.80417972458392,-0.524910606326449,2.2461514,1.5103643,-1.237613,329.892,82.716324,-1.9710288,WAL
1881592333000,94.074945,-0.0366849895415446,-9.99757493326401,-0.592950913494659,2.2638667,1.674687,-1.2241739,330.14874,82.31414,-1.8652546,WAL
1881597348000,94.07996,0.11767188460535,-9.99303493373665,-0.515772466940165,2.32984,1.858252,-1.2098186,330.43573,81.88351,-1.7848625,WAL
1881602552000,94.085164,0.271496398638839,-9.99225897277677,-0.469428639473684,2.382069,1.9260582,-1.1869112,330.70905,81.4732,-1.6541079,WAL
1881607360000,94.089972,0.322564969608792,-10.047970303287,-0.910475476900585,2.3420575,1.924531,-1.1530081,331.01242,81.074234,-1.544538,WAL
1881612541000,94.095153,0.374927574955932,-10.0935062154964,-1.41656512699274,2.2531765,1.9691241,-1.1068878,331.35468,80.64892,-1.4100881,WAL
1881617388000,94.1,0.392910635037288,-9.96762504842615,-2.2482817848523,2.132836,2.065641,-1.0809261,331.70822,80.24988,-1.2925,WAL
1881622691000,94.105303,0.405784755774779,-9.82334514369474,-3.13181812833876,2.026851,2.2473733,-1.0122037,332.10492,79.92489,-1.1494179,WAL
1881627350000,94.109962,0.272905566365751,-9.55758659143788,-3.34774684364821,2.0173824,2.4373524,-0.906524,332.52332,79.60855,-1.0390311,WAL
1881632324000,94.114936,0.131042272070731,-9.27385981768264,-3.57827473159609,2.057394,2.4990497,-0.82436264,332.95773,79.41534,-0.86783004,WAL
1881637362000,94.119974,-0.125295057895412,-8.85500470004934,-3.7255800952738,2.0735822,2.4862216,-0.7504479,333.4139,79.229576,-0.7376014,WAL
1881642253000,94.124865,-0.397970894551554,-8.42057194030587,-3.85036395869758,2.0460932,2.4733934,-0.6908886,333.87836,79.045235,-0.6368975,WAL
1881647355000,94.129967,-0.661013161128014,-8.11725815585534,-3.90789062395714,2.01219,2.4758368,-0.6606508,334.36526,78.86699,-0.5480738,WAL
1881652321000,94.134933,-0.911272749859357,-7.86244847675086,-3.94429199311137,1.9614882,2.46759,-0.6560693,334.83896,78.70386,-0.47354832,WAL
1881657352000,94.139964,-1.05476171975806,-7.60481490403226,-3.92446345322581,1.9104811,2.424524,-0.64751714,335.33853,78.53378,-0.43896085,WAL
1881662282000,94.144894,-1.14995057721774,-7.35256449637097,-3.88162851209677,1.8628336,2.3667974,-0.6337727,335.82697,78.38143,-0.4110861,WAL
1881667372000,94.149984,-1.26214105210125,-7.08977921217274,-3.66696495275819,1.8041905,2.2999077,-0.6414085,336.3397,78.229195,-0.4106464,WAL
1881672318000,94.15493,-1.37654278229157,-6.83351935948218,-3.39240074296203,1.7373008,2.2226331,-0.6582073,336.8297,78.09759,-0.4123498,WAL
1881677350000,94.159962,-1.48929257034483,-6.49189764635682,-3.16307993454273,1.6481144,2.1862867,-0.659429,337.33325,77.965454,-0.4290107,WAL
1881682356000,94.164968,-1.59950282505747,-6.10855732975512,-2.96182637590205,1.5354098,2.1276436,-0.68477994,337.80826,77.86401,-0.43292716,WAL
1881687356000,94.169968,-1.7103882206792,-5.76715418940772,-2.77515611479685,1.4165965,2.0995438,-0.6973027,338.31433,77.72875,-0.47192436,WAL
1881692333000,94.174945,-1.8211894,-5.44920306666667,-2.5969107,1.3432927,2.0555615,-0.71959925,338.79883,77.617386,-0.501221,WAL
1881697350000,94.179962,-1.94868825308163,-5.10593170286324,-2.41262931556828,1.2052372,2.0347922,-0.72692966,339.31085,77.50682,-0.56116885,WAL
1881702384000,94.184996,-2.08438467499757,-4.75031353582452,-2.22546199038144,1.0534371,2.0201313,-0.73823065,339.81128,77.42542,-0.616135,WAL
1881707353000,94.189965,-2.24056239702041,-4.36417812836735,-1.9629014917551,0.89949906,2.0066924,-0.7281514,340.33234,77.33368,-0.7040617,WAL
1881712354000,94.194966,-2.41161093662245,-3.95366160270408,-1.65012690853061,0.7370089,2.0112739,-0.7101309,340.85208,77.29061,-0.7955727,WAL
1881717383000,94.199995,-2.55627809060688,-3.71389829895632,-1.27937557296096,0.55833083,2.0201313,-0.6768387,341.39993,77.23958,-0.9314159,WAL
1881722360000,94.204972,-2.68524847485504,-3.56650349165056,-0.883252208687669,0.376293,1.9694295,-0.66920286,341.93073,77.23721,-1.065623,WAL
1881727349000,94.209961,-2.84742712315517,-3.48186970386536,-0.568481866887368,0.23396139,1.8982637,-0.62858033,342.49185,77.182846,-1.2709293,WAL
1881732332000,94.214944,-3.03276947177733,-3.44215352579989,-0.312532988697984,0.111177474,1.87444,-0.5928447,343.05008,77.173164,-1.4805099,WAL
1881737359000,94.219971,-3.17462441636364,-3.41265154909091,-0.0980316792727273,0.002443461,1.8603901,-0.550695,343.6155,77.08829,-1.7552698,WAL
1881742352000,94.224964,-3.25366066627066,-3.39783224256198,0.0551012683367769,-0.106901415,1.8295414,-0.5161811,344.1663,77.03319,-2.038446,WAL
1881747367000,94.229979,-3.25909834890658,-3.33838239774262,0.211786123057543,-0.20219639,1.7702875,-0.49663344,344.721,76.89307,-2.3962386,WAL
1881752388000,94.235,-3.18641103761967,-3.2317742163761,0.37169843558702,-0.2947425,1.6676621,-0.4538729,345.2503,76.77312,-2.7669451,WAL
1881757344000,94.239956,-3.07252736867714,-3.08054658729165,0.493833457719433,-0.39736784,1.5509869,-0.42271876,345.77216,76.60818,-3.1591516,WAL
1881762352000,94.244964,-2.91541566311783,-2.88184643089893,0.581631142891415,-0.49968776,1.4175128,-0.38820487,346.25742,76.458786,-3.5563,WAL
1881767304000,94.249916,-2.74470508643254,-2.67601808440825,0.660134219431315,-0.6215554,1.258077,-0.3640757,346.69855,76.26004,-3.9451833,WAL
1881772334000,94.254946,-2.54967946944732,-2.45377955649186,0.728166458872046,-0.7425067,1.0784826,-0.33292156,347.09485,76.081474,-4.3334546,WAL
1881777270000,94.259882,-2.33330501448668,-2.226523866956,0.831349627277262,-0.90102625,0.89461213,-0.2968805,347.43246,75.87858,-4.691373,WAL
1881782303000,94.264915,-2.0495771340018,-1.97164979434301,1.02851643564801,-1.0641272,0.8072584,-0.2657264,347.74734,75.70703,-5.047175,WAL
1881787282000,94.269894,-1.86364441863942,-1.75000764585107,1.21305590381304,-1.14018,0.6414085,-0.24923302,347.95074,75.48741,-5.3686223,WAL
1881792321000,94.274933,-1.91843583185732,-1.60389719471095,1.37286410098401,-1.3011429,0.45631635,-0.20769419,348.12485,75.33221,-5.6915555,WAL
1881797294000,94.279906,-1.98207047204333,-1.49995614944327,1.55103051188685,-1.4737124,0.28710666,-0.16157386,348.3179,75.33497,-5.9005404,WAL
1881802331000,94.284943,-2.09336376767981,-1.59189410689136,1.83168311772495,-1.6462818,0.11575896,-0.11484267,348.45508,75.369545,-6.107088,WAL
1881807285000,94.289897,-2.20185840681479,-1.70555899400219,2.13823649737969,-1.8142698,-0.05497787,-0.05681047,348.5862,75.4749,-6.3183427,WAL
1881812310000,94.294922,-2.30733975034373,-1.93090548697818,2.59372398517485,-1.994475,-0.23762658,-0.05681047,348.59972846215,75.5615195981522,-6.42849398477052,WAL
1881817351000,94.299963,-2.41575305090578,-2.25158419758459,3.07822412029138,-2.1728477,-0.39278635,0.07147124,348.6133,75.648415,-6.538996,WAL
1881822329000,94.304941,-2.53455939310841,-2.99640875171092,3.68139520646027,-2.3484714,-0.57604593,0.14905111,348.6638,75.78139,-6.782539,WAL
1881827277000,94.309889,-2.63163646182927,-3.81508447487805,4.28960397951219,-2.4932466,-0.7501425,0.24709499,348.63232,75.900475,-7.0722985,WAL
1881832311000,94.314923,-2.48465588871951,-5.56415381158537,5.00980894634146,-2.5766296,-0.86406887,0.3921755,348.5551,76.01361,-7.385951,WAL
1881837299000,94.319911,-2.28909667852797,-7.45469338210831,5.81794707515708,-2.5549438,-0.9053023,0.55680364,348.45975,76.02187,-7.732621,WAL
1881842318000,94.32493,-1.70906420816795,-10.5657768187893,7.35671060736013,-2.43216,-0.8032878,0.7153232,348.35895,75.99087,-8.111404,WAL
1881847305000,94.329917,-1.04709532051182,-13.4804533279167,8.91420937978009,-2.1142046,-0.59864795,0.8481864,348.23047,75.84685,-8.432525,WAL
1881852348000,94.33496,0.311034190006811,-15.0077609880315,10.7187829169991,-1.4584408,-0.46028697,0.95172805,348.09753,75.581856,-8.775779,WAL
1881857384000,94.339996,1.66112963309339,-16.474971796082,12.3410126957631,-0.48075095,-0.5656612,0.8503244,347.8526,75.22402,-8.849521,WAL
1881862310000,94.344922,2.90337809776765,-17.1713187863326,11.6360691061503,0.48258355,-0.5656612,0.49602258,347.67944,74.77536,-8.884187,WAL
1881867358000,94.34997,4.17639276477449,-17.8849118855581,10.9136664994989,1.0919216,-0.29443705,0.02565634,347.42816,74.32108,-8.574433,WAL
1881872322000,94.354934,4.90366552980303,-18.307515431456,9.4247496269227,1.3665055,0.23304509,-0.38912117,347.2835,73.76365,-8.223124,WAL
1881877301000,94.359913,5.55498131844007,-18.6898102762546,7.81533871170939,1.4187346,0.50732356,-0.59712076,347.1763,73.145874,-7.826269,WAL
1881882294000,94.364906,4.71263877281418,-18.2198072676758,6.44497536005776,1.3750577,0.9950995,-0.6429357,347.2543,72.77144,-7.193927,WAL
1881887295000,94.369907,3.58230749384585,-17.5854860452101,5.11910174403505,1.3402383,1.3136657,-0.70096785,347.39438,72.37004,-6.560519,WAL
1881892314000,94.374926,2.21099955819411,-15.4210384699682,4.32996040895983,1.3093897,1.5143349,-0.72143185,347.6328,72.16713,-5.8836255,WAL
1881897282000,94.379894,0.805814591129674,-12.970244431782,3.6581210607498,1.1991285,1.6111571,-0.72265357,347.9316,71.9617,-5.264488,WAL
1881902377000,94.384989,-0.257092882589152,-10.1319434075517,3.59376484315253,1.044885,1.6340646,-0.7076874,348.31366,71.80848,-4.8483763,WAL
1881907252000,94.389864,-1.19446909250824,-7.3477958948157,3.66371834180402,0.8445212,1.5946637,-0.6618725,348.68433,71.683914,-4.473681,WAL
1881912350000,94.394962,-1.77510586035081,-5.11027636538854,3.7623607787885,0.6068946,1.4798211,-0.5879578,349.09555,71.5338,-4.336555,WAL
1881917373000,94.399985,-2.25585449598205,-3.05973598944524,3.86537838015501,0.3680463,1.3402383,-0.4560109,349.4678,71.43424,-4.2324944,WAL
1881922325000,94.404937,-2.55669063680509,-2.09871580651905,3.78845301816972,0.13164146,1.187522,-0.30909783,349.85336,71.257965,-4.3058925,WAL
1881927250000,94.409862,-2.83010250556875,-1.30089131374133,3.68536330943647,-0.08093964,1.0619892,-0.14385876,350.19122,71.13353,-4.4137173,WAL
1881932296000,94.414908,-2.94490395752124,-1.13488753258371,3.66552878250875,-0.31490102,1.0106765,0.028710667,350.54245,70.96507,-4.6359043,WAL
1881937259000,94.419871,-3.00191099445277,-1.19189466872564,3.6750299635982,-0.57971114,0.9120218,0.16401732,350.83295,70.85087,-4.8797927,WAL
1881942350000,94.424962,-3.10618544549474,-1.66487385458387,3.74908697134716,-0.8542951,0.7367035,0.26725355,351.0931,70.751015,-5.2036877,WAL
1881947303000,94.429915,-3.22270782444728,-2.26146837447185,3.84230489397661,-1.1340714,0.45081854,0.3313944,351.28467,70.7088,-5.5371013,WAL
1881952372000,94.434984,-3.35401130249125,-3.2156857104052,4.0228683352076,-1.4388931,0.013439035,0.34269542,351.3826,70.73445,-5.864273,WAL
1881957305000,94.439917,-3.48635616590295,-4.27444446963482,4.23083887715858,-1.6820174,-0.6017023,0.3118467,351.34903,70.806046,-6.1572623,WAL
1881962350000,94.444962,-3.83130639212042,-5.90930435894815,4.20637709392306,-1.8212948,-1.3353515,0.29535335,351.15988,70.928406,-6.418588,WAL
1881967365000,94.449977,-4.25526387683516,-7.74794096622375,4.09034652729976,-1.8332067,-2.0818288,0.2773328,350.79993,71.073166,-6.6170664,WAL
1881972353000,94.454965,-4.69053000942606,-10.1803171193967,3.51694880765605,-1.7272215,-2.631913,0.28985557,350.29367,71.23714,-6.77638,WAL
1881977352000,94.459964,-5.13678343045664,-13.0634144524508,2.60438580795978,-1.5876387,-2.8066204,0.34055737,349.6863,71.384254,-6.9090366,WAL
1881982350000,94.464962,-5.26743229606557,-14.9371917136612,1.18896831071038,-1.4608842,-2.9107728,0.3894266,348.9872,71.59752,-7.029129,WAL
1881987358000,94.46997,-5.23884176587183,-16.3047732687531,-0.483578850024839,-1.393689,-2.5463917,0.5317582,348.37045,71.76558,-7.204306,WAL
1881992314000,94.474926,-5.18270777136577,-17.2223614879608,-0.976731946365271,-1.1872166,-1.9190332,0.63316184,347.8426,72.059296,-7.3829865,WAL
1881997368000,94.47998,-5.11017097989809,-17.9187111918274,-0.841330479283645,-0.7819075,-1.3069462,0.59620446,347.4224,72.26354,-7.576062,WAL
1882002363000,94.484975,-4.03852134594621,-18.3459811209215,-0.319354405587305,-0.16340645,-0.8228355,0.46883908,347.12656,72.57194,-7.779384,WAL
1882007349000,94.489961,-2.43804339650979,-18.6339736443544,0.407706475787028,0.42210788,-0.6606508,0.20708331,346.92682,72.78323,-7.9481373,WAL
1882012346000,94.494958,-1.08564002621482,-17.077970873308,0.414322574914792,0.61819565,-0.7415904,-0.093462385,346.80164,72.96156,-8.050943,WAL
1882017363000,94.499975,0.121496454865128,-14.4110408628883,-0.0114503796387185,0.42271876,-0.82619524,-0.3378085,346.73618,73.10892,-8.103194,WAL
1882022357000,94.504969,0.755938995276221,-11.821367817454,-0.543876771977582,0.01985312,-0.82741696,-0.44440445,346.60385,73.33895,-7.875896,WAL
1882027353000,94.509965,0.971417180276221,-9.27872531745396,-1.15679245697758,-0.46120325,-0.883922,-0.4822781,346.44257,73.650154,-7.5999494,WAL
1882032354000,94.514966,0.964379235733466,-7.21402287508702,-1.44750938979612,-0.8695667,-1.0088439,-0.46028697,346.21298,74.06869,-7.201012,WAL
1882037361000,94.519973,0.792699588224764,-5.50199587250124,-1.49996696442566,-1.1227703,-1.1911873,-0.40775254,345.94647,74.55896,-6.8009496,WAL
1882042348000,94.52496,0.603297047350055,-4.3078398955289,-1.54944789640131,-1.2910637,-1.4844025,-0.33414328,345.60095,75.10746,-6.4226537,WAL
1882047347000,94.529959,0.39921242384257,-3.50573986383464,-1.59690945403985,-1.4126259,-1.758681,-0.22602014,345.19894,75.69129,-6.0620255,WAL
1882052372000,94.534984,0.0224231748803508,-3.03310872315759,-1.75924085666889,-1.4905112,-1.9462167,-0.071776666,344.7438,76.22859,-5.781031,WAL
1882057357000,94.539969,-0.491893100427114,-2.83739545597292,-2.01412330308895,-1.5302174,-2.0790799,0.08246681,344.21878,76.77119,-5.518396,WAL
1882062348000,94.54496,-1.03907887318798,-2.72096254449028,-2.43920765696327,-1.5567901,-2.1474967,0.26847526,343.66595,77.27996,-5.347954,WAL
1882067387000,94.549999,-1.6315156175604,-2.70200453185032,-3.07903930921234,-1.6249015,-2.1911736,0.4465425,343.07565,77.7889,-5.2136216,WAL
1882072286000,94.554898,-2.10237162500506,-2.87283860940724,-3.66614417742262,-1.7153096,-2.2504275,0.58062744,342.48422,78.27678,-5.2049985,WAL
1882077310000,94.559922,-2.42845194125025,-3.33032442547036,-4.21610045887113,-1.7482964,-2.261423,0.67256266,341.8908,78.73999,-5.236477,WAL
1882082304000,94.564916,-2.54275875590851,-3.73073774604633,-4.6832082563288,-1.7620409,-2.2278256,0.7180721,341.34286,79.21365,-5.370528,WAL
1882087361000,94.569973,-2.37234749440915,-4.06209279001075,-5.04769903205943,-1.7663169,-2.0949624,0.8197812,340.82025,79.645485,-5.5497727,WAL
1882092261000,94.574873,-2.17191150654917,-4.38614104996996,-5.27613413979571,-1.7696766,-1.9016235,0.91721416,340.34375,80.08546,-5.7882156,WAL
1882097345000,94.579957,-1.90374944554376,-4.72743827869017,-5.30051249509313,-1.7547104,-1.704314,1.0256428,339.91006,80.45684,-6.061863,WAL
1882102294000,94.584906,-1.68429726215081,-5.12410423853292,-5.22088181217035,-1.7171422,-1.5176947,1.1527027,339.50696,80.81565,-6.352308,WAL
1882107357000,94.589969,-1.52800866344989,-5.63559438224263,-4.96987263332682,-1.6890424,-1.3646729,1.2611313,339.1565,81.090385,-6.6710587,WAL
1882112250000,94.594862,-1.37941631612776,-6.47076033584495,-4.58371559367151,-1.6496416,-1.2495248,1.3677273,338.81888,81.29865,-6.9937577,WAL
1882117455000,94.600067,-1.22661634327104,-8.09241115429645,-3.8640772243449,-1.6053538,-1.1468995,1.4795157,338.52795,81.400764,-7.3488016,WAL
1882122252000,94.604864,-1.11722476365073,-9.48372903990518,-3.30948862058475,-1.543351,-1.0323622,1.6194037,338.2517,81.39868,-7.7207417,WAL
1882127352000,94.609964,-1.07380564867641,-10.7235871987357,-2.97178414112999,-1.4816537,-0.979217,1.7699821,337.99472,81.291,-8.123328,WAL
1882132295000,94.614907,-1.05742022405076,-11.9522912950332,-2.67664481277882,-1.4129313,-1.0198395,1.8747455,337.71762,81.117615,-8.4924965,WAL
1882137365000,94.619977,-1.10555582036284,-13.2808348590265,-2.45522086869238,-1.3014483,-1.1291844,1.9129245,337.44235,80.874565,-8.878083,WAL
1882142301000,94.624913,-1.02454730475188,-14.2990950516917,-2.37354665048872,-1.2385293,-1.2657127,1.8280143,337.13495,80.63832,-9.207993,WAL
1882147340000,94.629952,-0.593676508796992,-14.5893656047932,-2.65474662471804,-1.2388347,-1.2986995,1.6667458,336.83212,80.39401,-9.518199,WAL
1882152348000,94.63496,-0.139318539561135,-14.771748102649,-2.93924008393793,-1.2675453,-1.1881329,1.5375478,336.5169,80.17857,-9.774291,WAL
1882157354000,94.639966,0.462497198974004,-14.3547416721854,-3.25199464700998,-1.3100005,-0.9245446,1.4172074,336.2424,79.99904,-9.981281,WAL
1882162299000,94.644911,1.03873822171272,-13.8975257027729,-3.54244160066628,-1.3267993,-0.56107974,1.278541,335.9877,79.92184,-10.075035,WAL
1882167382000,94.649994,1.49185365555556,-13.0819181111111,-3.69983968888889,-1.3423764,-0.16401732,1.1136073,335.8218,100.127464,-10.126511,WAL
1882172285000,94.654897,1.88865218701388,-12.3035964097127,-3.80526948586086,-1.3286319,0.24312437,0.9388999,335.723,100.07586,-10.059757,WAL
1882177349000,94.659961,1.78439846014266,-11.6069915998632,-3.32191118068204,-1.2965615,0.42485678,0.7318166,335.67023,99.989105,-9.939573,WAL
1882182360000,94.664972,1.67191543289817,-10.9186847989556,-2.82385782637076,-1.2727377,0.6545421,0.61941737,335.71494,99.85685,-9.751286,WAL
1882187355000,94.669967,1.34525763158265,-10.2557618219522,-1.87270719763005,-1.2565498,0.6585127,0.41508293,335.73538,99.663826,-9.483003,WAL
1882192467000,94.675079,1.0086953649445,-9.59005605628964,-0.938043683275106,-1.3310753,0.36651915,0.22785273,335.70773,99.488045,-9.2260065,WAL
1882197342000,94.679954,0.659119150951374,-9.11709989217759,-0.539115513712473,-1.421178,-0.17715092,0.05467244,335.59567,99.28069,-8.924184,WAL
1882202371000,94.684983,0.298499913993129,-8.62920316411205,-0.127585305562632,-1.5091426,-0.8228355,-0.07941248,335.33798,99.05833,-8.640605,WAL
1882207349000,94.689961,-0.100317683019227,-8.2027739187863,-0.321614204783998,-1.5925257,-1.4376713,-0.19547687,334.92838,98.815,-8.326378,WAL
1882212248000,94.69486,-0.504367633510915,-7.79872415962347,-0.678681579150811,-1.6194037,-1.8823812,-0.28771752,334.38235,98.55917,-7.992835,WAL
1882217379000,94.699991,-0.841816362683949,-7.61903743718936,-1.34215939685216,-1.6041322,-2.1267273,-0.36560285,333.7331,98.36745,-7.733387,WAL
1882222256000,94.704868,-1.13768379543124,-7.51889757460286,-2.05679298930903,-1.5543466,-2.173764,-0.3839288,333.02484,98.17482,-7.4689865,WAL
1882227347000,94.709959,-1.4548619523506,-7.52029436035857,-2.4917935426494,-1.4752395,-2.091908,-0.39675698,332.32742,98.11391,-7.2965,WAL
1882232270000,94.714882,-1.76478990768924,-7.56255713854582,-2.79232989481076,-1.4489723,-1.9926424,-0.37293324,331.63037,98.06652,-7.128587,WAL
1882237354000,94.719966,-2.02436661682572,-7.73825214665997,-2.76470537081868,-1.4288138,-1.9248364,-0.30695978,330.99146,98.16186,-7.041216,WAL
1882242301000,94.724913,-2.2528015349774,-7.96192810547464,-2.60289712572577,-1.4306464,-1.9080375,-0.24648413,330.36954,98.274376,-6.958393,WAL
1882247340000,94.729952,-2.36781011915385,-8.13585469807692,-2.37285638126923,-1.4245378,-1.8781052,-0.15118915,329.79083,98.49427,-6.9596715,WAL
1882252381000,94.734993,-2.43743999801923,-8.28904050913462,-2.11754703547115,-1.3790283,-1.8252654,-0.06261369,329.22693,98.728905,-6.974893,WAL
1882257351000,94.739963,-2.41705106420016,-8.4297754386419,-1.9261250273853,-1.3445144,-1.7208074,0.009773844,328.69458,99.00555,-7.0494595,WAL
1882262350000,94.744962,-2.34901996140885,-8.56583759348356,-1.76576601749898,-1.3356569,-1.5567901,0.08552113,328.20038,99.29918,-7.144549,WAL
1882267398000,94.75001,-2.12602711309393,-8.64581995803741,-1.50321954182255,-1.3246613,-1.3918564,0.17715092,327.73837,99.58723,-7.2715693,WAL
1882272332000,94.754944,-1.83770363837151,-8.69781253210963,-1.20071623379014,-1.3371841,-1.2809844,0.25809056,327.31433,99.88703,-7.4095573,WAL
1882277320000,94.759932,-1.52837444100526,-8.69247286371312,-0.883525369455647,-1.3368785,-1.2483032,0.28955013,326.90375,100.16864,-7.548379,WAL
1882282351000,94.764963,-1.20771078490116,-8.65897101142346,-0.558075656634549,-1.3307699,-1.1954633,0.35002577,326.53906,100.46768,-7.7088704,WAL
1882287327000,94.769939,-0.925616307434682,-8.56798592767074,-0.370238797622314,-1.3133603,-1.2018774,0.38881573,326.13235,100.68733,-7.8220124,WAL
1882292301000,94.774913,-0.661324249974781,-8.44785326550994,-0.250106045143751,-1.2626585,-1.2284501,0.4361578,325.7453,100.90679,-7.947698,WAL
1882297338000,94.77995,-0.503642076456623,-8.34392186645563,-0.326816468295578,-1.1771374,-1.2470814,0.46609017,325.32376,101.044655,-8.029635,WAL
1882302320000,94.784932,-0.399808236840439,-8.24952703669997,-0.496726397972104,-1.0604621,-1.2238685,0.49388456,324.92105,101.1715,-8.117943,WAL
1882307229000,94.789841,-0.348661067970406,-8.110096945011,-0.756855005868826,-0.93401295,-1.162782,0.5039638,324.5129,101.26576,-8.183519,WAL
1882312264000,94.794876,-0.324556274789042,-7.94136353369326,-1.07503826176765,-0.8078693,-1.0687088,0.5180137,324.13443,101.34109,-8.2507925,WAL
1882317258000,94.79987,-0.341525186712215,-7.81798563312629,-1.41056651714286,-0.7107417,-0.9718866,0.5314528,323.7669,101.42512,-8.314221,WAL
1882322236000,94.804848,-0.381006220033126,-7.71928312712215,-1.75602549428571,-0.67073005,-0.8594874,0.54733527,323.44205,101.49691,-8.373495,WAL
1882327231000,94.809843,-0.499748141723902,-7.68852828882927,-1.90238782416098,-0.6603453,-0.73548174,0.56596667,323.15323,101.59674,-8.431687,WAL
1882332226000,94.814838,-0.651423733816585,-7.68619477102439,-1.96539156223415,-0.6927212,-0.63132924,0.58093286,322.8986,101.69673,-8.485429,WAL
1882337239000,94.819851,-0.803645904619512,-7.68385284414634,-2.02862234080488,-0.7620544,-0.5934556,0.6017023,322.65967,101.85349,-8.55406,WAL
1882342252000,94.824864,-0.955868075422439,-7.68151091726829,-2.09185311937561,-0.88147855,-0.5897904,0.625526,322.4454,102.02566,-8.620541,WAL
1882347234000,94.829846,-1.06633923358165,-7.68913200509704,-2.06243235118604,-1.0317514,-0.59864795,0.655153,322.2316,102.2298,-8.699909,WAL
1882352276000,94.834888,-1.15153361401686,-7.70333115087238,-1.97250495510684,-1.1505647,-0.62888575,0.6750061,322.01675,102.44855,-8.778984,WAL
1882357251000,94.839863,-1.24224042894869,-7.85432787171403,-1.81687477849182,-1.2681563,-0.6774496,0.6994407,321.82288,102.75738,-8.921042,WAL
1882362250000,94.844862,-1.33838346178331,-8.10910690872578,-1.61016705711417,-1.3710871,-0.7492262,0.70952,321.61615,103.08032,-9.061249,WAL
1882367279000,94.849891,-1.43988939527395,-8.42427268938869,-1.40658359787972,-1.4608842,-0.8240572,0.7153232,321.38635,103.43443,-9.233708,WAL
1882372255000,94.854867,-1.54376261877539,-8.7783861081938,-1.20828026083424,-1.5137241,-0.86254174,0.71959925,321.15005,103.7935,-9.403014,WAL
1882377241000,94.859853,-1.65813622695154,-9.1034966585414,-1.01001618587782,-1.5335772,-0.9483683,0.7113526,320.88898,104.12427,-9.5750885,WAL
1882382267000,94.864879,-1.78163952528373,-9.40750493012928,-0.810510869248988,-1.5677856,-1.0454959,0.69913524,320.61798,104.458244,-9.742155,WAL
1882387265000,94.869877,-1.88483276332733,-9.68633445630874,-0.608166482171566,-1.568091,-1.1346822,0.70280045,320.3393,104.755005,-9.915908,WAL
1882392238000,94.87485,-1.97054143884223,-9.94346023425315,-0.403417959112178,-1.5592335,-1.2131784,0.6976081,320.04074,105.04304,-10.080693,WAL
1882397331000,94.879943,-2.02854391127135,-10.1995647233397,-0.286555505817837,-1.5384641,-1.2617421,0.6960809,319.70905,105.34997,-10.301455,WAL
1882402383000,94.884995,-2.06067616508539,-10.4474424933586,-0.249832901271347,-1.4853189,-1.2800682,0.7021896,319.372,105.63801,-10.51601,WAL
1882407247000,94.889859,-2.0702871303104,-10.7143596938795,-0.214083610335701,-1.416902,-1.2794572,0.7134906,319.0424,105.919136,-10.756368,WAL
1882412333000,94.894945,-2.05132922243845,-11.0319043537997,-0.176167769847232,-1.3072516,-1.2525792,0.7309003,318.72345,106.17334,-10.989968,WAL
1882417326000,94.899938,-2.02135334634392,-11.299893691881,-0.155079557298033,-1.1563679,-1.2382239,0.75991637,318.41202,106.39604,-11.22365,WAL
1882422359000,94.904971,-1.97274009934443,-11.4992086137166,-0.15994088707413,-0.9669997,-1.2272283,0.7984009,318.1158,106.58625,-11.4544,WAL
1882427245000,94.909857,-1.73809907040729,-11.7022062537739,-0.351341440649388,-0.754724,-1.1945469,0.82833326,317.8179,106.767586,-11.707585,WAL
1882432347000,94.914959,-1.19071630666667,-11.929509,-0.85233584,-0.49877146,-1.1374311,0.8368854,317.53702,106.90028,-11.954125,WAL
1882437255000,94.919867,-0.638973781643169,-12.0520046789735,-1.32737423193022,-0.23762658,-1.0360274,0.8210029,317.27438,106.99739,-12.193428,WAL
1882442378000,94.92499,0.00297727742773107,-11.927595645603,-1.80510528381175,0.03145956,-0.9083566,0.78984874,317.0405,107.04046,-12.417385,WAL
1882447274000,94.929886,0.621010012313105,-11.7430517396658,-2.19370371495163,0.24129178,-0.7458665,0.72387534,316.78915,107.02893,-12.5318,WAL
1882452395000,94.935007,1.2775982291117,-11.4027757273527,-2.4477122710642,0.37843102,-0.5326745,0.66706485,316.59348,106.97685,-12.625345,WAL
1882457274000,94.939886,1.84832369333333,-11.1308026666667,-2.64575251333333,0.43157628,-0.30757064,0.59742624,316.38916,106.88255,-12.608945,WAL
1882462352000,94.944964,2.2890883147432,-10.9936762114804,-2.72900798531722,0.3643811,-0.10629055,0.49327368,316.23874,106.768074,-12.555847,WAL
1882467316000,94.949928,2.58629341453472,-10.9783087487583,-2.71725797639396,0.1863139,0.0421497,0.36560285,316.09674,106.62313,-12.386387,WAL
1882472345000,94.954957,2.55470006870959,-11.2581352971605,-2.4735380550745,-0.041233405,0.08460484,0.20219639,315.97742,106.474174,-12.17491,WAL
1882477289000,94.959901,2.45809146309831,-11.5258570770606,-2.18407675626614,-0.26053402,0.116980694,0.11301007,315.8605,106.33975,-11.90342,WAL
1882482339000,94.964951,1.97782457779543,-11.7563853143992,-1.59815123342602,-0.3726278,0.067500606,-0.04062254,315.72296,106.18826,-11.574964,WAL
1882487344000,94.969956,1.47776786695348,-11.9449275098549,-1.04037084115158,-0.5335908,-0.042760566,-0.17165314,315.5769,106.06635,-11.245256,WAL
1882492313000,94.974925,0.839781029044522,-11.8973165851926,-0.62139439091946,-0.6658431,-0.172264,-0.25595254,315.40924,105.95041,-10.89612,WAL
1882497358000,94.97997,0.237937309736106,-11.8788170915634,-0.228030228189724,-0.7180721,-0.30604348,-0.29779682,315.2376,105.82726,-10.608831,WAL
1882502372000,94.984984,-0.0956551266293482,-12.0324136941224,-0.0216349200539784,-0.70157874,-0.41874814,-0.30757064,315.036,105.71496,-10.319403,WAL
1882507328000,94.98994,-0.425388695561775,-12.1842335509796,0.182372887508996,-0.6010914,-0.46120325,-0.29901853,314.84506,105.624214,-10.1435795,WAL
1882512351000,94.994963,-0.759579921701319,-12.3381058554578,0.389138669871551,-0.47036624,-0.4642576,-0.2507602,314.63837,105.53188,-9.983868,WAL
1882517336000,94.999948,-1.03662997968524,-12.5341811450227,0.574248710514628,-0.34147367,-0.45142943,-0.20433442,314.42773,105.42726,-9.834873,WAL
1882522364000,95.004976,-0.985488296900647,-12.9944560230762,0.639338080834218,-0.19975294,-0.39187005,-0.15088372,314.23615,105.30395,-9.701377,WAL
1882527337000,95.009949,-0.932688577181048,-13.454083972505,0.715649238806964,-0.06291912,-0.32803464,-0.11636983,314.08057,105.16995,-9.676637,WAL
1882532326000,95.014938,-0.850867956692988,-13.9722809270764,0.947474318323661,0.08552113,-0.23884831,-0.12767084,313.952,105.006966,-9.64907,WAL
1882537689000,95.020301,-0.761688502823988,-14.5282364020846,1.19043018581844,0.2874121,-0.2098322,-0.18112154,313.81906,104.7835,-9.607223,WAL
1882542351000,95.024963,-0.656237442750051,-14.9867193031937,1.25920263295338,0.48380527,-0.20830505,-0.23945917,313.705,104.53206,-9.557682,WAL
1882547660000,95.030272,-0.533779499944914,-15.4831784177378,1.31454076094381,0.6918049,-0.23884831,-0.31337386,313.585,104.1832,-9.469509,WAL
1882552366000,95.034978,-0.401371264458318,-15.6652395244216,1.13247942094748,0.8943067,-0.2507602,-0.39400807,313.4701,103.79229,-9.363274,WAL
1882557297000,95.039909,-0.262632418477782,-15.8560052101542,0.941713490747338,1.0940597,-0.23915374,-0.47769663,313.34573,103.32743,-9.214472,WAL
1882562347000,95.044959,-0.0858495961685169,-15.8648865495303,0.667922990866306,1.284955,-0.20097467,-0.5696318,313.22534,102.82091,-9.042707,WAL
1882567405000,95.050017,0.0979989276231142,-15.8373094350982,0.378361566374419,1.4474452,-0.13530666,-0.68477994,313.11603,102.27572,-8.842335,WAL
1882572352000,95.054964,0.280076807475507,-15.5646081390401,0.177029242490648,1.6157386,-0.100792766,-0.80756384,312.99988,101.69086,-8.594063,WAL
1882577324000,95.059936,0.463849130848095,-15.2064875997031,0.00268112886927262,1.6985108,-0.02321288,-0.8695667,312.91846,101.09994,-8.331839,WAL
1882582353000,95.064965,0.560805373221234,-14.6123131161404,-0.101616761787467,1.8774943,0.06352998,-1.0002918,312.83783,100.447624,-7.996027,WAL
1882587359000,95.069971,0.6217340359214,-13.9280375977124,-0.176605901825398,2.0622811,0.15943582,-1.0910053,312.78766,99.79573,-7.659127,WAL
1882592317000,95.074929,0.435841889103105,-13.1059957458201,-0.150453462255573,2.320677,0.2742785,-1.1453724,312.76276,99.100525,-7.279628,WAL
1882597389000,95.080001,0.121622006361067,-12.1923406677946,-0.0731070230262739,2.6395488,0.36987892,-1.1844677,312.76392,98.37301,-6.8867188,WAL
1882602363000,95.084975,-0.297963535756196,-11.5516513282289,0.00977363201773122,2.9669726,0.4370741,-1.2134838,312.7907,97.634415,-6.4905176,WAL
1882607345000,95.089957,-0.773830294818054,-11.0373308490832,0.0962948615768688,3.2846224,0.47494772,-1.2339478,312.84247,96.88659,-6.0947886,WAL
1882612347000,95.094959,-1.21548022769716,-10.8818686925469,0.161076787259964,3.526525,0.46853364,-1.2657127,312.91696,96.215866,-5.760367,WAL
1882617401000,95.100013,-1.64417250338736,-10.9001108086309,0.21580346409592,3.6838229,0.46181414,-1.2947289,313.0101,95.61272,-5.430815,WAL
1882622354000,95.104966,-2.04627595584849,-11.119375666308,0.173717078638545,3.7571268,0.49205196,-1.3335189,313.13364,95.21949,-5.1978765,WAL
1882627349000,95.109961,-2.43748942986119,-11.5002942695577,0.0553235031333262,3.7461312,0.5195409,-1.3530666,313.2646,85.00405,-4.973819,WAL
1882632351000,95.114963,-2.82094376949455,-11.959784372448,-0.370152603231318,3.6560285,0.5439755,-1.3603969,313.42865,84.96024,-4.846145,WAL
1882637355000,95.119967,-3.20090294479683,-12.4537312457879,-0.93059227844004,3.4785721,0.5907067,-1.3426818,313.61682,84.761795,-4.73145,WAL
1882642317000,95.124929,-3.57983838673818,-12.8818626021453,-1.62428250422233,3.2415564,0.7153232,-1.3387111,313.851,84.41382,-4.7091866,WAL
1882647364000,95.129976,-3.96632293144807,-13.2871999434422,-2.39725179050219,2.9529226,0.8258898,-1.3182472,314.1013,84.02807,-4.7047887,WAL
1882652425000,95.135037,-4.38455951438316,-13.5819000981119,-2.79680441760577,2.6871963,0.7797695,-1.2754866,314.34985,83.6342,-4.8581157,WAL
1882657343000,95.139955,-4.80824331835706,-13.8053815341538,-2.9737272312673,2.503631,0.57543504,-1.2263119,314.58447,83.273994,-5.0108786,WAL
1882662276000,95.144888,-5.21724548161096,-14.0307794728953,-3.03733450191553,2.370768,0.30848694,-1.1829406,314.77832,82.99584,-5.1772704,WAL
1882667362000,95.149974,-5.62776868653386,-14.2640313436931,-3.02333935556939,2.2843306,0.04917465,-1.1826351,314.9148,82.74907,-5.3291698,WAL
1882672354000,95.154966,-5.88733039853948,-14.7377198644239,-3.23544807518131,2.1853704,-0.014966198,-1.2153164,315.04346,82.521866,-5.442393,WAL
1882677349000,95.159961,-6.01260623622079,-15.4411927622885,-3.65945917550363,2.115121,0.055283304,-1.391551,315.14172,82.34054,-5.5046763,WAL
1882682294000,95.164906,-6.02946900049088,-15.611546945001,-3.91409907412342,1.8380935,0.30634892,-1.5873333,315.29102,82.196495,-5.5535765,WAL
1882687309000,95.169921,-5.94767491318373,-15.298803767782,-4.01995039074334,1.4923438,0.6151413,-1.7232509,315.4801,82.10812,-5.5687966,WAL
1882692315000,95.174927,-5.71060074847351,-14.7018791022257,-3.76775183082529,1.1630874,0.7290677,-1.7525724,315.66486,82.13736,-5.5194163,WAL
1882697319000,95.179931,-5.33303628323813,-13.8476405160528,-3.19196647719125,1.0079277,0.66798115,-1.6942347,315.8823,82.20972,-5.4574914,WAL
1882702376000,95.184988,-4.86193110805734,-13.0162870350964,-2.87297104048443,1.0726794,0.6844745,-1.6224581,316.1467,82.324135,-5.356517,WAL
1882707354000,95.189966,-4.31049459756797,-12.2291936286703,-2.81641338152249,1.2391402,0.8579602,-1.5409076,316.42877,82.43211,-5.276954,WAL
1882712341000,95.194953,-3.72207197810205,-11.6853445086007,-2.88396998353305,1.4773777,1.208597,-1.4657712,316.76672,82.45745,-5.190965,WAL
1882717384000,95.199996,-3.08733732701971,-11.4053142431388,-3.08932534909161,1.7492126,1.6190983,-1.4462235,317.1654,82.4328,-5.121587,WAL
1882722331000,95.204943,-2.46817357429825,-11.1939783178363,-2.90361410318713,1.9779817,1.8503108,-1.4443909,317.58813,82.39019,-4.996679,WAL
1882727367000,95.209979,-1.84298553885965,-11.0717610769006,-2.14680740997076,2.1386392,1.8994855,-1.450805,318.07062,82.29365,-4.888642,WAL
1882732338000,95.21495,-1.24277532294276,-10.923247574172,-1.41418137157436,2.189952,1.8008307,-1.455081,318.5342,82.25031,-4.6877427,WAL
1882737393000,95.220005,-0.663409129580666,-10.7211432435291,-0.695587680090917,2.1844542,1.6209309,-1.4217888,318.98184,82.1648,-4.5046997,WAL
1882742291000,95.224903,-0.186232501665544,-10.5260617826245,-0.225319649272134,2.1682663,1.5800029,-1.4040737,319.41144,82.015274,-4.295348,WAL
1882747328000,95.22994,-0.0562840207998757,-10.3286399820753,-0.710127441765529,2.1022928,1.6652187,-1.3909402,319.81964,81.859695,-4.1044064,WAL
1882752348000,95.23496,0.0732258807180231,-10.1318844850023,-1.19329899592809,2.0653355,1.9034561,-1.3552046,320.25656,81.63066,-3.8688726,WAL
1882757321000,95.239933,0.201523239333264,-9.93697112106926,-1.67194683235248,2.0289888,2.1725423,-1.3109168,320.72083,81.399345,-3.6586914,WAL
1882762270000,95.244882,0.313217804383025,-9.65269279447221,-2.13373847340978,1.9663752,2.332589,-1.237613,321.22412,81.15555,-3.4565537,WAL
1882767324000,95.249936,0.393862728368127,-9.17356735313143,-2.57491368979712,1.89918,2.388483,-1.1548407,321.76456,80.90695,-3.2907498,WAL
1882772281000,95.254893,0.421657674058846,-8.72041077495285,-2.89425852395323,1.8655825,2.4990497,-1.1016954,322.31152,80.77968,-3.0648441,WAL
1882777313000,95.259925,0.321677400388533,-8.30231122436816,-2.93515942097322,1.8484782,2.636189,-0.98807454,322.86572,80.64341,-2.8955472,WAL
1882782320000,95.264932,0.218090233578797,-7.87218614505484,-2.99834379261931,1.8466456,2.724459,-0.88331115,323.42902,80.54721,-2.6881535,WAL
1882787355000,95.269967,0.0942190914441261,-7.37193737902381,-3.16985780165991,1.8325957,2.747061,-0.8176431,323.99884,80.44567,-2.5158339,WAL
1882792312000,95.274924,-0.0193042515766811,-6.90898820800236,-3.30662710835627,1.7809776,2.831055,-0.74006325,324.63126,80.31609,-2.3717265,WAL
1882797347000,95.279959,-0.0856696762969918,-6.61034385541683,-3.25922311794141,1.7892243,2.8273897,-0.6603453,325.23328,80.165886,-2.2536366,WAL
1882802344000,95.284956,-0.152098899980334,-6.31901451771878,-3.21048645099312,1.7941113,2.7666087,-0.61391956,325.86078,80.02378,-2.1454778,WAL
1882807352000,95.289964,-0.222837318544739,-6.06435619118977,-3.14917991349066,1.7708983,2.7149906,-0.5882632,326.47943,79.88305,-2.0621977,WAL
1882812300000,95.294912,-0.295298751778656,-5.81592290418972,-3.08604092324111,1.7208074,2.6193902,-0.5858198,327.08444,79.71908,-1.984307,WAL
1882817421000,95.300033,-0.401913594639328,-5.59784704209486,-2.98911830662055,1.6481144,2.565634,-0.5696318,327.67822,79.56684,-1.9244998,WAL
1882822407000,95.305019,-0.511492908787141,-5.38401264332197,-2.87892810181198,1.568702,2.4755313,-0.5561928,328.25577,79.40156,-1.861051,WAL
1882827351000,95.309963,-0.691381998392596,-5.15338561524598,-2.57450032649781,1.4834863,2.3906212,-0.5522222,328.81354,79.25945,-1.8038622,WAL
1882832681000,95.315293,-0.884935499575097,-4.89323342824681,-2.24482782122668,1.4126259,2.2898283,-0.5644395,329.36792,79.10524,-1.7519193,WAL
1882837364000,95.319976,-1.05064098460188,-4.53282393450951,-1.93827274097543,1.3161092,2.1612413,-0.5885687,329.88605,78.98419,-1.6979252,WAL
1882842312000,95.324924,-1.22572335485867,-4.15201971178644,-1.61437042684279,1.1725558,2.0589213,-0.6236934,330.4267,78.82776,-1.6739938,WAL
1882847377000,95.329989,-1.42513631424898,-3.82180436029146,-1.37493811367749,0.99204516,1.9767599,-0.63132924,330.93277,78.711006,-1.6511303,WAL
1882852329000,95.334941,-1.62388584125155,-3.51012904607105,-1.15812046072007,0.8371908,1.9086485,-0.65270954,331.41266,78.631134,-1.6151744,WAL
1882857414000,95.340026,-1.81351841125749,-3.30178097936128,-0.909448764183633,0.6826419,1.8796324,-0.66156703,331.93253,78.51901,-1.6222776,WAL
1882862253000,95.344865,-1.98926712437126,-3.13990720531936,-0.664325519908184,0.5207626,1.8298469,-0.66431594,332.42505,78.45439,-1.6253753,WAL
1882867368000,95.34998,-2.13886348624144,-3.04027095687928,-0.342716887475449,0.3707952,1.8014416,-0.67347896,332.9546,78.35988,-1.6736189,WAL
1882872303000,95.354915,-2.27013247914889,-2.96994821042555,-0.00985610625334785,0.2134974,1.754405,-0.6789767,333.46213,78.3132,-1.7233287,WAL
1882877344000,95.359956,-2.40337917351032,-2.98371676116028,0.239462534804326,0.1469131,1.681712,-0.6765333,333.9859,78.20544,-1.8170587,WAL
1882882319000,95.364931,-2.53455422070796,-3.03056492241888,0.450279397439528,-0.005497787,1.6132951,-0.66523224,334.49493,78.16485,-1.9141871,WAL
1882887358000,95.36997,-2.66167194251836,-3.15066870897003,0.576347385223259,-0.14385876,1.5491543,-0.6453791,335.0062,78.02845,-2.0571175,WAL
1882892334000,95.374946,-2.78461385305616,-3.30198196636237,0.66146106041278,-0.25137106,1.5146403,-0.6261369,335.50385,77.92406,-2.205841,WAL
1882897380000,95.379992,-2.83767108101497,-3.43008908485226,0.658247459526094,-0.34116822,1.5054774,-0.5821546,336.0055,77.7523,-2.3980749,WAL
1882902401000,95.385013,-2.85612282250576,-3.54541221628933,0.612118197317728,-0.4175264,1.5302174,-0.52870387,336.50385,77.604645,-2.6025078,WAL
1882907375000,95.389987,-2.78691415619835,-3.72085064694215,0.602594854115702,-0.51343226,1.4782939,-0.5311473,337.00488,77.45085,-2.8115025,WAL
1882912353000,95.394965,-2.65886590557851,-3.93754761524793,0.617369635254132,-0.57635134,1.3869696,-0.52687126,337.49686,77.30457,-3.039457,WAL
1882917404000,95.400016,-2.53627639031529,-3.98140524918967,0.572449592778705,-0.6200282,1.3359623,-0.50518554,338.0089,77.19474,-3.2478752,WAL
1882922358000,95.40497,-2.41977632397603,-3.93480524211767,0.497889527938316,-0.70371675,1.2803736,-0.47708577,338.49164,77.109955,-3.4561834,WAL
1882927349000,95.409961,-2.3030049465652,-3.86588334386606,0.481270724726535,-0.82650065,1.1933253,-0.45142943,338.9522,77.07863,-3.6242971,WAL
1882932332000,95.414944,-2.18678884690005,-3.78356357710807,0.50064006792897,-0.91324353,1.0961977,-0.4279111,339.3906,77.05435,-3.7978995,WAL
1882937350000,95.419962,-2.10962171969755,-3.70073367243492,0.584667329356815,-1.0317514,0.97402465,-0.40103304,339.7959,77.10264,-3.9358056,WAL
1882942347000,95.424959,-2.05465768499234,-3.61828776385911,0.703755940490046,-1.1499538,0.83108217,-0.3735441,340.16455,77.1665,-4.0749335,WAL
1882947410000,95.430022,-2.05192206410714,-3.54926723208333,0.894516486547619,-1.2748758,0.6750061,-0.33628133,340.48187,77.2588,-4.196752,WAL
1882952400000,95.435012,-2.08984933136905,-3.49237638069444,1.13630238218254,-1.4086553,0.50701815,-0.30818152,340.75278,77.37693,-4.3150496,WAL
1882957350000,95.439962,-2.15102006187595,-3.45699900847201,1.37244986665091,-1.5491543,0.3213151,-0.28313604,341.007,77.469345,-4.399402,WAL
1882962343000,95.444955,-2.23240294039334,-3.43891392435703,1.60755610177761,-1.7033978,0.12339478,-0.24129178,341.20602,77.59164,-4.4864974,WAL
1882967355000,95.449967,-2.35580688907825,-3.54116137744986,1.86839782566767,-1.844813,0.03145956,-0.21533,341.41708,77.66837,-4.5732555,WAL
1882972349000,95.454961,-2.53472790221345,-3.80457284738647,2.1616293866154,-1.9098701,-0.16584991,-0.20372356,341.53976,77.760635,-4.6495547,WAL
1882977345000,95.459957,-2.71805698030419,-4.14014228506792,2.48686226795485,-2.0332649,-0.35063666,-0.15057829,341.67075,77.86366,-4.7589526,WAL
1882982348000,95.46496,-2.90596806187105,-4.548047059097,2.84435183874115,-2.1508565,-0.48655418,-0.054061573,341.75574,77.97276,-4.873537,WAL
1882987306000,95.469918,-3.05546809235573,-5.27501794103132,3.17713960083594,-2.230269,-0.5491679,0.055283304,341.84152,78.0896,-5.036981,WAL
1882992331000,95.474943,-3.15240332324504,-6.49155404360963,3.48248535292577,-2.2498167,-0.47678033,0.16523905,341.92114,78.20217,-5.2229195,WAL
1882997347000,95.479959,-3.09978635743053,-7.96356617559404,3.92228864826822,-2.2003367,-0.3109304,0.3109304,342.03915,78.27424,-5.489052,WAL
1883002378000,95.48499,-2.84267915900121,-9.7924228143375,4.54807782981273,-2.0494528,-0.073303826,0.4474588,342.19064,78.301155,-5.78345,WAL
1883007285000,95.489897,-2.28565696524318,-11.7212843036773,5.5444561168446,-1.7308867,0.2284636,0.5513059,342.43634,78.200905,-6.07567,WAL
1883012341000,95.494953,-1.29963590521945,-13.9039326642942,7.09049874934757,-1.2092078,0.42241332,0.56505036,342.71127,78.0095,-6.377202,WAL
1883017275000,95.499887,-0.105751259303591,-15.6020872616975,8.58448690957563,-0.5045747,0.3662137,0.4334089,342.9708,77.74667,-6.5705833,WAL
1883022353000,95.504965,1.47214729946582,-16.6989194384707,10.099846851746,0.29168814,0.28893927,0.10262536,343.27832,77.38236,-6.711891,WAL
1883027251000,95.509863,2.99123474409516,-17.5458004480317,10.8195730741999,1.0146471,0.44806966,-0.31031954,343.51892,76.99951,-6.615993,WAL
1883032360000,95.514972,4.57089529464741,-18.0723539648825,10.3161139929199,1.4782939,0.8561276,-0.59773165,343.8115,76.52709,-6.4770193,WAL
1883037255000,95.519867,5.76087765691057,-18.4673535447154,9.65591274308943,1.6945401,1.2913691,-0.6258314,344.00943,76.03304,-6.083404,WAL
1883042355000,95.524967,6.04876571178862,-18.5566973556911,8.44479718821138,1.7256943,1.5845845,-0.57910025,344.30472,75.472786,-5.6767364,WAL
1883047312000,95.529924,5.55792103144169,-17.3206145129908,7.12462432793514,1.6255124,1.7232509,-0.52931476,344.56345,75.078064,-5.0560594,WAL
1883052376000,95.534988,3.23681288930455,-12.9341943324868,5.43826810820473,1.4434745,1.8048013,-0.47342056,344.90256,74.65193,-4.5115285,WAL
1883057299000,95.539911,1.35457903244959,-9.21270678012542,4.15508126809455,1.1945469,1.8133535,-0.43951756,345.26038,74.37289,-3.9596124,WAL
1883062352000,95.544964,0.556222602166908,-7.03706901365171,3.9169749379836,0.91782504,1.7931949,-0.43249258,345.63617,74.12298,-3.4582064,WAL
1883067360000,95.549972,-0.170791219019244,-5.03436009509622,3.68836532529061,0.61575216,1.7403551,-0.4184427,346.1502,73.86921,-3.3142624,WAL
1883072361000,95.554973,-0.619925396360262,-3.69631438180131,3.49186916178568,0.45448375,1.6441438,-0.39706242,346.63605,73.65433,-3.1773915,WAL
1883077337000,95.559949,-1.05271796663993,-2.4950379921488,3.28582233029179,0.13164146,1.5161675,-0.34208453,347.12686,73.48709,-3.1913295,WAL
1883082355000,95.564967,-1.39966091678532,-2.10954590358969,3.01115915933019,-0.18936823,1.3884968,-0.26419923,347.58365,73.362595,-3.2128105,WAL
1883087331000,95.569943,-1.75727177811321,-1.82006314018868,2.77794256207547,-0.5164866,1.2620476,-0.17012598,348.02155,73.276665,-3.3254662,WAL
1883092331000,95.574943,-2.19949779598808,-2.0958600120854,2.78269762662363,-0.77549344,1.16492,-0.06078109,348.42282,73.253204,-3.457259,WAL
1883097380000,95.579992,-2.59146559721329,-2.43792873461951,2.81739794051447,-0.99173975,1.0897835,0.057421334,348.804,73.301155,-3.6622531,WAL
1883102383000,95.584995,-2.63348197383806,-3.18021940368313,3.04148568874598,-1.1976013,0.9086621,0.17287487,349.11905,73.4058,-3.8810573,WAL
1883107279000,95.589891,-2.6826094454509,-3.93757230571142,3.25233530472946,-1.4046847,0.52687126,0.23457226,349.37714,73.55289,-4.1592784,WAL
1883112353000,95.594965,-2.85302476877756,-5.18403879118237,3.34484652673347,-1.5864171,0.027183503,0.28619036,349.5427,73.73163,-4.4435906,WAL
1883117379000,95.599991,-3.04718307678363,-6.49631769467836,3.39742538309942,-1.7519615,-0.59559363,0.32650748,349.57025,73.95891,-4.697433,WAL
1883122353000,95.604965,-3.50217662409357,-8.59950199040936,3.0445732651462,-1.8573358,-1.3255776,0.36132678,349.42584,74.20254,-4.9173574,WAL
1883127577000,95.610189,-3.99842713398058,-10.8084426843708,2.62285637820293,-1.8463402,-2.019215,0.4129449,349.14172,74.490814,-5.105569,WAL
1883132337000,95.614949,-4.66663408543689,-12.8217414545974,1.63790196396345,-1.7751744,-2.543032,0.4718934,348.70358,74.7722,-5.2617583,WAL
1883137339000,95.619951,-5.36881290291262,-14.9373970110413,0.602872136226918,-1.6765196,-2.855184,0.50762904,348.20798,75.14955,-5.38979,WAL
1883142353000,95.624965,-6.03351022510452,-16.0739074827062,-0.805046864595211,-1.5653422,-2.8667905,0.5561928,347.6576,75.47594,-5.5134926,WAL
1883147363000,95.629975,-6.69457748764728,-17.1316154074496,-2.24115836602052,-1.4391985,-2.466063,0.6065892,347.14667,75.75136,-5.6449456,WAL
1883152376000,95.634988,-6.4406215896326,-17.7648101116865,-2.04390520503225,-1.1768318,-1.6633861,0.63438356,346.78064,76.09196,-5.867254,WAL
1883157261000,95.639873,-6.00634790588235,-18.2950808235294,-1.51820555294118,-0.6392705,-0.73364913,0.56169057,346.57642,76.30576,-6.0953803,WAL
1883162356000,95.644968,-4.48062944247909,-18.6383957044761,-0.153245878022627,0.15393804,-0.37873647,0.3295618,346.43082,76.5026,-6.38657,WAL
1883167302000,95.649914,-2.67728611801279,-18.9086648019675,1.41710737031972,0.8323039,-0.064751714,0.17470746,346.53796,76.56363,-6.718104,WAL
1883172358000,95.65497,-1.26101469887632,-16.9398833353186,1.45953804835021,1.0320568,-0.03176499,-0.121256754,346.6797,76.593704,-6.854822,WAL
1883177292000,95.659904,-0.0274166261981339,-14.2381627581894,0.95765594694461,1.0189233,-0.047647487,-0.37415496,346.90198,76.521576,-6.971082,WAL
1883182352000,95.664964,0.360048293906358,-11.4883150981764,0.0598614429098078,0.61575216,-0.062308256,-0.46792278,347.0766,76.52588,-6.777846,WAL
1883187322000,95.669934,0.406964731382947,-8.79531092272055,-0.96760856036274,0.10170906,0.009162978,-0.41172317,347.26947,76.570786,-6.5748787,WAL
1883192315000,95.674927,0.199473172989423,-6.59672061444821,-1.20711525459988,-0.3454443,-0.09987647,-0.344528,347.34235,76.76034,-6.2343364,WAL
1883197334000,95.679946,-0.121862042032528,-4.6111567387747,-1.09680622829775,-0.64660084,-0.44257188,-0.27183503,347.35556,77.023,-5.912275,WAL
1883202393000,95.685005,-0.397719813996426,-3.36025553353186,-1.1936043967838,-0.8396343,-0.93492925,-0.21410827,347.24487,77.3767,-5.655178,WAL
1883207360000,95.689972,-0.64797829277844,-2.45365891230891,-1.37775683392893,-0.98990715,-1.3906348,-0.16035213,347.04053,77.7827,-5.402509,WAL
1883212349000,95.694961,-1.06245825749129,-1.97095359581882,-1.75579241463415,-1.178359,-1.6560557,-0.08735373,346.76584,78.1552,-5.241239,WAL
1883217456000,95.700068,-1.56448799600716,-1.68078957262454,-2.23479332959789,-1.3625349,-1.7660115,0.03604105,346.4016,78.54985,-5.093675,WAL
1883222354000,95.704966,-2.00643619957663,-1.57515967358171,-2.63895568194327,-1.5183055,-1.8341229,0.1563815,345.98672,78.953705,-5.0096235,WAL
1883227351000,95.709963,-2.42684151028789,-1.60048528196444,-3.00870982877858,-1.6481144,-1.9190332,0.24617869,345.53372,79.38118,-4.9467764,WAL
1883232347000,95.714959,-2.58559707356881,-1.65960479789662,-3.31223925514436,-1.7550159,-2.0494528,0.3463606,345.14886,79.822876,-4.956514,WAL
1883237360000,95.719972,-2.61417654517313,-1.73581637401528,-3.58374296708999,-1.7864754,-2.193617,0.44043383,344.73676,80.249626,-4.9851036,WAL
1883242349000,95.724961,-2.53741799747149,-1.93229281342588,-3.86312343002479,-1.7956384,-2.3374758,0.5421429,344.3338,80.665215,-5.0851836,WAL
1883247384000,95.729996,-2.40354216529499,-2.19526324976698,-4.15000040583044,-1.7867808,-2.411696,0.6453791,343.91306,81.04078,-5.207206,WAL
1883252441000,95.735053,-2.25983225649002,-2.6400844671371,-4.36017233269969,-1.7644843,-2.4181101,0.7476991,343.47037,81.39546,-5.3593884,WAL
1883257351000,95.739963,-2.11537096808756,-3.16827078770161,-4.52269097574885,-1.7354681,-2.3970351,0.84574294,343.02045,81.693245,-5.5341,WAL
1883262367000,95.744979,-2.04413049637616,-3.82587266690626,-4.53054070470201,-1.7012597,-2.398257,0.9569204,342.5159,81.97094,-5.7469883,WAL
1883267437000,95.750049,-2.0344361016472,-4.58688326049715,-4.40936077059,-1.6291776,-2.4129176,1.022283,342.02267,82.1779,-5.971688,WAL
1883272366000,95.754978,-2.03690632871764,-5.60172860159542,-4.32962899172185,-1.5928311,-2.411696,1.1499538,341.46747,82.32529,-6.254661,WAL
1883277364000,95.759976,-2.04891336423841,-6.85046104801324,-4.27919939238411,-1.5234979,-2.3182335,1.3054191,340.9436,82.37477,-6.5637383,WAL
1883282340000,95.764952,-2.06086754766205,-8.09369687301826,-4.22899177207506,-1.4575244,-2.143526,1.5036448,340.4181,82.316475,-6.9306474,WAL
1883287337000,95.769949,-2.07287218081477,-9.34217947300823,-4.17857226269316,-1.3833044,-1.9480493,1.7101172,339.93433,82.14794,-7.3431487,WAL
1883292290000,95.774902,-2.12508114388674,-10.9875039037719,-4.11723892545293,-1.3292428,-1.6963727,1.8842138,339.52036,81.87336,-7.807124,WAL
1883297343000,95.779955,-2.21131510862291,-12.9996289138699,-4.04537737154737,-1.2635747,-1.4312572,1.9801197,339.1779,81.51156,-8.304444,WAL
1883302326000,95.784938,-2.14363988366013,-14.6609229455338,-4.11195531372549,-1.2345587,-1.1194105,1.9776763,338.89807,81.13778,-8.772263,WAL
1883307345000,95.789957,-1.9437219006833,-16.0555896234898,-4.29759345142602,-1.2577715,-0.689056,1.9004018,338.73914,80.73036,-9.238381,WAL
1883312327000,95.794939,-1.47112343733267,-16.7480486522986,-4.48415165299061,-1.3713925,-0.16432275,1.779756,338.69168,80.35938,-9.637366,WAL
1883317340000,95.799952,-0.740197686752348,-16.8002572011864,-4.67400261122096,-1.509448,0.3463606,1.6154331,338.7711,99.995804,-9.99193,WAL
1883332321000,95.814933,1.1415060760636,-14.0440347374087,-3.6668947064685,-1.7229455,1.169807,1.0714576,339.52496,100.63948,-10.434366,WAL
1883337340000,95.819952,1.75146859086411,-12.923792301748,-3.22306980527849,-1.7305813,1.1004738,0.90224797,339.84396,100.75413,-10.409198,WAL
1883342299000,95.824911,2.05652393035891,-11.8816044701567,-2.62872236777712,-1.8023579,0.7797695,0.68936145,340.0639,100.75353,-10.236369,WAL
1883347338000,95.82995,1.98475480128892,-10.9055452740432,-1.82490869174103,-1.8771889,0.21380283,0.47891834,340.18185,100.74404,-10.028618,WAL
1883352323000,95.834935,1.83694355381566,-10.0169324063429,-1.11677528558969,-1.9364429,-0.4908302,0.258396,340.12976,100.625336,-9.719334,WAL
1883357385000,95.839997,1.58230298001982,-9.21937843587711,-0.5162079263667,-1.9752327,-1.1765264,0.04886922,339.90598,100.48958,-9.373638,WAL
1883362245000,95.844857,1.282877512329,-8.56213778354978,-0.342294151030303,-1.9550742,-1.4648548,-0.049480084,339.5843,100.312836,-9.025564,WAL
1883367372000,95.849984,0.88138405601443,-8.03783483261183,-0.786298703676768,-1.9181169,-1.8704693,-0.19608775,339.02325,100.09469,-8.629041,WAL
1883372250000,95.854862,0.294956555795095,-7.6893313488924,-1.27210154343354,-1.8051068,-2.0421226,-0.3155119,338.44217,99.89387,-8.2843275,WAL
1883377351000,95.859963,-0.767868186138252,-7.65551401918513,-1.91945849677611,-1.6698002,-2.010663,-0.38606682,337.8072,99.67455,-7.918974,WAL
1883382268000,95.86488,-1.57554632421463,-7.69761866634146,-2.2771816408,-1.5647314,-2.0430388,-0.42180246,337.13028,99.54303,-7.618313,WAL
1883387352000,95.869964,-1.88905274661463,-7.92087322634146,-2.0064261032,-1.5192219,-2.0931299,-0.43066,336.46252,99.40226,-7.3052316,WAL
1883392268000,95.87488,-2.15126138063498,-8.12804814020903,-1.78682517150463,-1.4947872,-2.16399,-0.40958515,335.8545,99.54082,-7.2127137,WAL
1883397345000,95.879957,-2.29508344959574,-8.31501710017748,-1.69094375882469,-1.4853189,-2.221717,-0.36468655,335.2394,99.683685,-7.1253395,WAL
1883402370000,95.884982,-2.42073581430834,-8.47645768299954,-1.60788202307406,-1.4559973,-2.214081,-0.3118467,334.63333,99.82929,-7.0882316,WAL
1883407319000,95.889931,-2.49137660017699,-8.56034357876106,-1.56373145699115,-1.42973,-2.1520782,-0.23335053,334.03473,99.98803,-7.0691996,WAL
1883412288000,95.8949,-2.54178271330344,-8.63155286606876,-1.50253076493274,-1.4031575,-2.0244074,-0.14477506,333.45944,100.15865,-7.0868225,WAL
1883417402000,95.900014,-2.33192142929746,-8.53882358594918,-1.22434246591928,-1.4025466,-1.8362609,-0.04917465,332.92978,100.342964,-7.120868,WAL
1883422324000,95.904936,-2.11808314562757,-8.45132487939497,-0.949355781254132,-1.4150693,-1.6508633,0.06566802,332.43622,100.55181,-7.195873,WAL
1883427357000,95.909969,-1.75113882719623,-8.38372951647801,-0.577583241340279,-1.4410311,-1.486846,0.18142697,332.00122,100.776634,-7.2876225,WAL
1883432317000,95.914929,-1.38883468337447,-8.32405091075131,-0.219194386891105,-1.473407,-1.3845261,0.28069258,331.58084,100.96875,-7.370117,WAL
1883437363000,95.919975,-1.0119326082634,-8.34790595172278,0.0479766917148781,-1.4752395,-1.348485,0.32803464,331.19888,101.16602,-7.4618874,WAL
1883442442000,95.925054,-0.647322047173123,-8.36724187359277,0.288858608153532,-1.4333953,-1.3982705,0.3549127,330.78427,101.30577,-7.5267286,WAL
1883447348000,95.92996,-0.472397801753391,-8.32975735466714,0.18473704064356,-1.3478742,-1.4651603,0.3659083,330.38644,101.43795,-7.594991,WAL
1883452363000,95.934975,-0.293587143216913,-8.29144001622197,0.078302132151405,-1.1954633,-1.5219707,0.37232238,329.94525,101.51798,-7.6347976,WAL
1883457350000,95.939962,-0.250826054824765,-8.24132486789213,-0.190466353031007,-1.0296134,-1.5396858,0.36193767,329.5075,101.573135,-7.669699,WAL
1883462249000,95.944861,-0.241348887123523,-8.18920081416019,-0.493736095517625,-0.84513205,-1.5234979,0.35521814,329.07553,101.59199,-7.703857,WAL
1883467385000,95.949997,-0.335592548364713,-8.11704264761258,-0.832431225067935,-0.7648033,-1.4819591,0.35094208,328.62885,101.617004,-7.722007,WAL
1883472259000,95.954871,-0.448843121790567,-8.04456223748059,-1.1585928814538,-0.63041294,-1.4046847,0.35216382,328.20856,101.59095,-7.73336,WAL
1883477352000,95.959964,-0.685968889510978,-7.96358886115769,-1.36490142187625,-0.5448918,-1.2971723,0.36041048,327.80078,101.60035,-7.748068,WAL
1883482281000,95.964893,-0.954495078687625,-7.88350215433134,-1.52036395115768,-0.5103779,-1.180497,0.37812558,327.4284,101.59423,-7.758292,WAL
1883487358000,95.96997,-1.22295297731744,-7.81930730579235,-1.62589629185296,-0.5198463,-1.1203269,0.41355577,327.0821,101.64295,-7.797213,WAL
1883492288000,95.9749,-1.48095111859911,-7.76301694295082,-1.71033203204173,-0.6062838,-1.0998629,0.45142943,326.76608,101.70328,-7.8348417,WAL
1883497355000,95.979967,-1.68235630255294,-7.68907022077168,-1.80919409515521,-0.732122,-1.0940597,0.49602258,326.47415,101.84069,-7.937417,WAL
1883502370000,95.984982,-1.85884332319892,-7.61011527511846,-1.91137080408084,-0.8756753,-1.0806206,0.54153204,326.19864,102.00309,-8.044501,WAL
1883507350000,95.989962,-2.00029880552017,-7.58809762066525,-2.01269510219391,-1.0149527,-1.0436633,0.59712076,325.9502,102.25223,-8.21879,WAL
1883512322000,95.994934,-2.12546441910828,-7.59291167885957,-2.11379042481043,-1.1349876,-0.9819659,0.6536258,325.72015,102.5282,-8.397527,WAL
1883517384000,95.999996,-2.15779150477676,-7.68306082265549,-2.09923646486645,-1.2318097,-0.9114109,0.6976081,325.51416,102.87713,-8.62458,WAL
1883522330000,96.004942,-2.14855639992201,-7.80773493105869,-2.03459063445116,-1.2968669,-0.85918194,0.74067414,325.32687,103.24455,-8.857503,WAL
1883527345000,96.009957,-2.12036349378713,-8.08276347171483,-1.87760763038969,-1.3417655,-0.8359691,0.77854776,325.1475,103.66109,-9.125423,WAL
1883532353000,96.014965,-2.08172831940389,-8.44013850697815,-1.66994395889639,-1.3503176,-0.83291477,0.8035932,324.98148,104.07721,-9.39191,WAL
1883537352000,96.019964,-2.03210844978663,-8.82265100426743,-1.43094927411095,-1.3567317,-0.8698721,0.8246681,324.80655,104.49544,-9.6658,WAL
1883542351000,96.024963,-1.97677705739687,-9.21848353956259,-1.17557343915363,-1.3371841,-0.9254609,0.8341365,324.63077,104.89895,-9.9349165,WAL
1883547360000,96.029972,-1.90872692739567,-9.67073896133122,-0.951908269445325,-1.3014483,-0.99173975,0.82802784,324.43185,105.26063,-10.193996,WAL
1883552383000,96.034995,-1.82232724106709,-10.2043837549921,-0.774026565419968,-1.2562444,-1.0546589,0.8170323,324.22284,105.60372,-10.447094,WAL
1883557345000,96.039957,-1.75439663682124,-10.6974335977011,-0.672418621807372,-1.1914927,-1.078788,0.8011498,323.98694,105.89809,-10.693644,WAL
1883562341000,96.044953,-1.70224610963139,-11.1620472413793,-0.639231919536266,-1.1010846,-1.119716,0.7987063,323.73486,106.16747,-10.93574,WAL
1883567361000,96.049973,-1.62863896746024,-11.5099253877309,-0.66506442940729,-1.0534371,-1.1511755,0.78801614,323.47534,106.38444,-11.143487,WAL
1883572356000,96.054968,-1.5341291068458,-11.7367491124173,-0.750123284223056,-0.93462384,-1.1716396,0.77640975,323.21402,106.56024,-11.343783,WAL
1883577345000,96.059957,-1.37967468071987,-11.9193614810383,-0.908332839808936,-0.79320854,-1.1734722,0.76083267,322.94653,106.691696,-11.515009,WAL
1883582359000,96.064971,-1.15726137243076,-12.0537360036669,-1.14928064125832,-0.6203337,-1.144456,0.7501425,322.689,106.78742,-11.676864,WAL
1883587338000,96.06995,-0.893471749292438,-12.2052275967203,-1.39130390698451,-0.44623706,-1.0870347,0.73731434,322.40448,106.90588,-11.861632,WAL
1883592317000,96.074929,-0.565256492651078,-12.383815390829,-1.63746533434558,-0.26083946,-0.95814216,0.71685034,322.15414,106.980354,-12.028358,WAL
1883597271000,96.079883,-0.213566367792208,-12.4419113148367,-1.84679923631444,-0.0729984,-0.80939645,0.6731735,321.8904,107.02256,-12.152336,WAL
1883602374000,96.084986,0.185513415844156,-12.3265144305392,-2.0102777373475,0.089491755,-0.64599,0.6017023,321.67136,107.02228,-12.249533,WAL
1883607324000,96.089936,0.582726174008143,-12.1215182626645,-2.10339006639523,0.16554448,-0.49938235,0.5213735,321.4479,106.98378,-12.277899,WAL
1883612344000,96.094956,1.00152674459805,-11.7664486859199,-2.09428571339835,0.14844026,-0.37232238,0.40958515,321.26526,106.91211,-12.267797,WAL
1883617272000,96.099884,1.36286598552993,-11.4714702448938,-2.08517290257088,0.05681047,-0.25534168,0.27580565,321.08084,106.81764,-12.1817665,WAL
1883622355000,96.104967,1.59535334589981,-11.318126966162,-2.07527972449954,-0.0720821,-0.17654006,0.12980886,320.9193,106.71098,-12.057552,WAL
1883627264000,96.109876,1.71210105796824,-11.2913037734838,-2.0133023362158,-0.18692477,-0.14355333,0.00061086525,320.75,106.57373,-11.849271,WAL
1883632362000,96.114974,1.57199422693706,-11.5575072498565,-1.82182303623493,-0.27183503,-0.13164146,-0.10323623,320.59393,106.43642,-11.607857,WAL
1883637294000,96.119906,1.38070696601859,-11.7933593106119,-1.50199345101704,-0.3652974,-0.1591304,-0.17592919,320.41284,106.30839,-11.32904,WAL
1883642320000,96.124932,0.975248640455074,-11.9518140826878,-0.667774570875484,-0.4089743,-0.19028452,-0.2098322,320.23416,106.182076,-11.036735,WAL
1883647322000,96.129934,0.519202726047068,-12.0852156406063,0.0840253087116075,-0.4569272,-0.24923302,-0.23640485,320.03857,106.065285,-10.760773,WAL
1883652472000,96.135084,-0.257886171489829,-12.0802972570802,0.398795523704627,-0.44806966,-0.34422258,-0.23945917,319.82742,105.950935,-10.491566,WAL
1883657327000,96.139939,-0.874817335825,-12.125649665,0.6783013165,-0.3921755,-0.39858958,-0.23182335,319.64514,105.79839,-10.296578,WAL
1883662355000,96.144967,-0.831480385381,-12.4675305362,0.86609480362,-0.3463606,-0.48197266,-0.22174409,319.43152,105.64915,-10.112207,WAL
1883667316000,96.149928,-0.770837896457816,-12.8277112078164,1.04522051619107,-0.23243423,-0.5103779,-0.21074851,319.26196,105.51258,-10.046915,WAL
1883672356000,96.154968,-0.60116443616005,-13.3317409100496,1.18994204224566,-0.08155051,-0.49449542,-0.21777347,319.08365,105.35864,-9.982397,WAL
1883677342000,96.159954,-0.443306495245794,-13.8033578246076,1.34859161152364,0.06811147,-0.44868052,-0.2284636,318.89905,105.161285,-9.918144,WAL
1883682352000,96.164964,-0.321541800471849,-14.1776715524015,1.5650621318733,0.22235495,-0.40591997,-0.27550024,318.71844,104.92617,-9.841423,WAL
1883687294000,96.169906,-0.199295153812433,-14.5312579191959,1.76640537430467,0.3912592,-0.37720928,-0.3381139,318.54053,104.61423,-9.723265,WAL
1883692320000,96.174932,-0.0489821867816922,-14.7003599871182,1.82277274662828,0.5546656,-0.3830125,-0.40561453,318.36557,104.26772,-9.591488,WAL
1883697471000,96.180083,0.108408276419661,-14.8629100356297,1.86029847160482,0.73548174,-0.40500367,-0.47952923,318.18304,103.836784,-9.4213915,WAL
1883702378000,96.18499,0.307847255015397,-14.8582718260955,1.59592590396763,0.9236283,-0.40042216,-0.5525276,318.00735,103.3679,-9.233821,WAL
1883707589000,96.190201,0.524975727348993,-14.8398714620016,1.30984105433083,1.1417072,-0.36651915,-0.6206391,317.8254,102.83218,-9.007174,WAL
1883712350000,96.194962,0.803982948791946,-14.619366019542,0.967832204058429,1.3591752,-0.3036,-0.6908886,317.65515,102.25778,-8.761423,WAL
1883717606000,96.200218,1.10780581793478,-14.3742597688406,0.597023698987319,1.5870279,-0.19914207,-0.7690793,317.50156,101.642944,-8.464603,WAL
1883722358000,96.20497,1.2768156048913,-14.1104394036232,0.432136061117754,1.8231273,-0.080634214,-0.8481864,317.3737,100.986595,-8.150279,WAL
1883727251000,96.209863,1.45084020244565,-13.8387910351449,0.26235592389221,2.0674734,0.038789943,-0.9401216,317.2641,100.2927,-7.775932,WAL
1883732339000,96.214951,1.4976275510561,-13.4579133330386,0.0890194206159741,2.3301454,0.14049901,-1.03786,317.18738,99.55336,-7.38204,WAL
1883737264000,96.219876,1.50226118304352,-13.0594208853522,-0.0777914470527557,2.6184738,0.26633725,-1.1218541,317.15652,98.77282,-6.970445,WAL
1883742356000,96.224968,1.22182199224522,-12.7189321555908,-0.0540643325453105,2.9061913,0.40133846,-1.1737776,317.15723,97.958755,-6.5209894,WAL
1883747318000,96.22993,0.845313226374171,-12.4130189829652,0.0400628662939487,3.2015448,0.44440445,-1.2308935,317.17258,97.11286,-6.0561876,WAL
1883752378000,96.23499,0.368531735523451,-12.2943232446072,0.0739326463566198,3.45597,0.42943826,-1.3139712,317.21127,96.27859,-5.5837007,WAL
1883757365000,96.239977,-0.13713521105284,-12.2517901450623,0.0833843634622996,3.642895,0.42058071,-1.389413,317.2708,95.47288,-5.107776,WAL
1883762351000,96.244963,-0.584383003340312,-12.4308225934526,-0.361024111602588,3.7116172,0.42730024,-1.4300356,317.35092,94.80692,-4.6955967,WAL
1883767362000,96.249974,-1.00910821975638,-12.7048386467453,-1.00039536041873,3.7632353,0.52626044,-1.5100589,317.46298,94.26314,-4.262646,WAL
1883772351000,96.254963,-1.46026876509629,-13.0217934929592,-1.75679668230482,3.7039814,0.79809546,-1.5549575,317.65012,85.96671,-3.9426477,WAL
1883777351000,96.259963,-1.93127554703872,-13.3688513724374,-2.59469288234624,3.5069773,1.0806206,-1.565953,317.87708,85.98879,-3.6245844,WAL
1883782355000,96.264967,-2.55168723223821,-13.846401102531,-3.12407983180149,3.284317,1.1997393,-1.5076154,318.14322,85.795425,-3.4635534,WAL
1883787358000,96.26997,-3.24600610477419,-14.3885405832258,-3.49977300335484,3.0973923,1.1539245,-1.4165965,318.44418,85.53495,-3.3197734,WAL
1883792318000,96.27493,-3.98848502261654,-14.8364698658647,-3.7164664003609,2.9611692,1.0595458,-1.3591752,318.76318,85.27981,-3.352751,WAL
1883797355000,96.279967,-4.77190521070677,-15.2426878833083,-3.85187237251128,2.8273897,0.92149025,-1.3200798,319.05176,85.04239,-3.3998551,WAL
1883802368000,96.28498,-5.50713771964861,-15.5719551103953,-3.93484491045388,2.7119362,0.732122,-1.2733486,319.31122,84.784,-3.5218892,WAL
1883807403000,96.290015,-6.22254256279161,-15.8637644451928,-3.9913241936164,2.627026,0.52778757,-1.2663237,319.52423,84.55071,-3.6300375,WAL
1883812345000,96.294957,-6.87619186173509,-16.0191855892719,-4.19860624690163,2.5216517,0.44776422,-1.3698653,319.75195,84.29791,-3.7505965,WAL
1883817373000,96.299985,-7.5102641398141,-16.0937823565066,-4.50631760747483,2.270586,0.4804455,-1.5464053,319.95435,84.11268,-3.8395624,WAL
1883822349000,96.304961,-7.82229139954681,-15.8730226731898,-4.50554451982697,2.0082195,0.7144069,-1.7537941,320.22653,83.91262,-3.9168816,WAL
1883827352000,96.309964,-7.87164007638274,-15.4042092641879,-4.24893065825523,1.7244726,0.9236283,-1.9190332,320.5008,83.80135,-3.9479482,WAL
1883832349000,96.314961,-7.59879172525163,-14.6893474179988,-3.66115513809947,1.5259414,0.9618073,-1.9373591,320.8122,83.7023,-3.975617,WAL
1883837359000,96.319971,-7.11113437267614,-13.8087234925992,-2.85154937166963,1.3720033,0.9266826,-1.8677205,321.15625,83.67189,-3.9791296,WAL
1883842347000,96.324959,-6.35203806403013,-12.9623975442561,-2.38657263841808,1.3228287,0.86101454,-1.7296649,321.50912,83.611565,-3.9925199,WAL
1883847354000,96.329966,-5.38721824621865,-12.1354092849638,-2.17269631825751,1.4483615,0.91904676,-1.5250251,321.87662,83.523476,-4.0438194,WAL
1883852363000,96.334975,-4.34200657001778,-11.5980126869445,-2.15220903405096,1.6786577,1.0140363,-1.346347,322.23727,83.346405,-4.0879345,WAL
1883857351000,96.339963,-3.23811823069326,-11.2913767908355,-2.28429832798736,1.9055941,1.3045027,-1.2950343,322.6644,83.130264,-4.161282,WAL
1883862349000,96.344961,-2.22136263341802,-11.0221642959133,-1.91299154385032,2.0030272,1.5384641,-1.246776,323.06213,82.92023,-4.1620502,WAL
1883867388000,96.35,-1.27569569169867,-10.7845596912851,-1.09087896676514,2.1468859,1.557401,-1.2483032,323.47894,82.64468,-4.17177,WAL
1883872347000,96.354959,-0.511267344185676,-10.5541334937743,-0.560796978930172,2.1960607,1.5115861,-1.2464706,323.87357,82.475876,-4.0471745,WAL
1883877353000,96.359965,0.0952243110230103,-10.3249081603745,-0.302918625958761,2.176513,1.4779885,-1.2327261,324.27298,82.27991,-3.9355893,WAL
1883882342000,96.364954,0.515060546170421,-9.99241761606268,-0.18619900993144,2.1444426,1.5063937,-1.2024882,324.63284,82.03983,-3.7550511,WAL
1883887359000,96.369971,0.745647723431929,-9.55006661312439,-0.214434174895201,2.1252003,1.5842791,-1.1200215,324.99097,81.782486,-3.6057174,WAL
1883892310000,96.374922,0.90320982479545,-9.29808253242866,-0.382101401226302,2.1084013,1.6496416,-1.0491611,325.33752,81.52384,-3.3678489,WAL
1883897353000,96.379965,0.975494552424666,-9.27398763999202,-0.729068098878467,2.0708332,1.72264,-1.0106765,325.70187,81.25896,-3.1606193,WAL
1883902315000,96.384927,1.08130820419821,-9.21114706361223,-1.03516514456297,1.9886718,1.9113973,-0.9746355,326.1105,80.99399,-2.9361422,WAL
1883907350000,96.389962,1.23301556104611,-9.09736675636614,-1.30065293241569,1.947133,2.0748038,-0.93401295,326.52518,80.7173,-2.7393384,WAL
1883912280000,96.394892,1.30315572255879,-8.92580007132488,-1.61244579084487,1.9184223,2.1627684,-0.88239485,326.95627,80.4814,-2.5216222,WAL
1883917361000,96.399973,1.25606410191619,-8.6573779172554,-2.01272439420304,1.8536706,2.2724187,-0.83108217,327.43005,80.25897,-2.3362799,WAL
1883922249000,96.404861,1.15729442573372,-8.34330429954987,-2.45194887863359,1.7965547,2.4489589,-0.73731434,327.92352,80.05559,-2.1420665,WAL
1883927352000,96.409964,0.942199918119436,-7.89844980238071,-3.0239047263379,1.7614299,2.5864034,-0.6603453,328.42627,79.85825,-1.9733557,WAL
1883932273000,96.414885,0.713902769085799,-7.48866643,-3.48073859254438,1.7519615,2.692694,-0.6102544,328.96014,79.68742,-1.8087851,WAL
1883937366000,96.419978,0.434915466771203,-7.10385632666667,-3.75972589988166,1.7376062,2.7870727,-0.58032197,329.51666,79.522354,-1.6773496,WAL
1883942249000,96.424861,0.167720222524568,-6.74231768504324,-3.92042057026336,1.724778,2.809064,-0.5549711,330.1001,79.38765,-1.5377941,WAL
1883947343000,96.429955,-0.110334681195951,-6.38276368209513,-3.8341276295794,1.6798794,2.7776043,-0.52839845,330.6851,79.26341,-1.4177598,WAL
1883952392000,96.435004,-0.377045746074766,-6.05856806542056,-3.73525291433022,1.6328428,2.7482827,-0.5222898,331.29987,79.14063,-1.3191216,WAL
1883957408000,96.44002,-0.620225029859813,-5.81538875233645,-3.60431021479751,1.577254,2.6881125,-0.5213735,331.88925,79.03279,-1.2304147,WAL
1883962291000,96.444903,-0.849729157707614,-5.60062612781726,-3.47562824570558,1.5454891,2.6303856,-0.52839845,332.50876,78.88587,-1.1807764,WAL
1883967378000,96.44999,-1.06240332404061,-5.45719493502538,-3.33714275309645,1.466382,2.5534167,-0.5458081,333.10107,78.77074,-1.1307507,WAL
1883972312000,96.454924,-1.29567648045603,-5.20881591205212,-3.12553276677524,1.4135422,2.5195136,-0.56291234,333.7263,78.61212,-1.1192712,WAL
1883977349000,96.459961,-1.61469443544566,-4.62791770950548,-2.67795541753035,1.3622295,2.4510968,-0.5815437,334.3169,78.47895,-1.102826,WAL
1883982333000,96.464945,-1.87637582197203,-4.12637862840988,-2.25305863126674,1.2928963,2.3570235,-0.61819565,334.92502,78.330925,-1.1096028,WAL
1883987340000,96.469952,-1.95723765511358,-3.86952315415137,-1.88680197021129,1.1737776,2.291661,-0.6575964,335.5197,78.215294,-1.1145395,WAL
1883992331000,96.474943,-2.03775317067009,-3.64184517359124,-1.49804769322313,1.0170907,2.2305744,-0.6933321,336.1542,78.024956,-1.1833599,WAL
1883997349000,96.479961,-2.11837682648771,-3.51853845830455,-1.01904858294385,0.86559606,2.143526,-0.72051555,336.7624,77.87071,-1.2455376,WAL
1884002347000,96.484959,-2.19888846928092,-3.40354353071908,-0.556895415663801,0.72295904,2.038152,-0.76052725,337.38483,77.68407,-1.321324,WAL
1884007353000,96.489965,-2.28042936464141,-3.32200263535859,-0.158251226503827,0.57360244,1.9401081,-0.7816021,337.9832,77.544334,-1.3972015,WAL
1884012358000,96.49497,-2.36511854411472,-3.24689216693886,0.235878221551484,0.41813725,1.8545868,-0.79504114,338.58728,77.34315,-1.5010297,WAL
1884017363000,96.499975,-2.48922026533559,-3.25166530814579,0.57477150143099,0.2724459,1.7809776,-0.79626286,339.16565,77.1827,-1.6044505,WAL
1884022407000,96.505019,-2.6084246521464,-3.26212056602745,0.895942789695318,0.10323623,1.7263051,-0.7812967,339.7423,76.94703,-1.7523454,WAL
1884027350000,96.509962,-2.65450478686849,-3.34045689128784,0.965063011025017,-0.049785517,1.6844609,-0.7724391,340.30032,76.74966,-1.901692,WAL
1884032679000,96.515291,-2.70204781463087,-3.42343202255034,1.02908891868456,-0.18142697,1.676825,-0.7495316,340.8544,76.428764,-2.1163175,WAL
1884037355000,96.519967,-2.71922178080537,-3.47924741261745,0.964686527597316,-0.32162055,1.6844609,-0.71959925,341.39893,76.160065,-2.3395746,WAL
1884042320000,96.524932,-2.73745718329818,-3.53851247071908,0.896303749208054,-0.4636467,1.7040086,-0.6954701,341.96674,75.91165,-2.5668027,WAL
1884047359000,96.529971,-2.67442092757282,-3.50899398803884,0.817491112691262,-0.5873469,1.7128662,-0.66339964,342.52927,75.700195,-2.8091304,WAL
1884052314000,96.534926,-2.60531455281553,-3.47213725483495,0.739170477662136,-0.7199047,1.7076738,-0.6423248,343.09033,75.53297,-3.0593278,WAL
1884057357000,96.539969,-2.47717436715551,-3.39929535795906,0.672986466110602,-0.77549344,1.6789632,-0.6075055,343.66168,75.389404,-3.3047814,WAL
1884062245000,96.544857,-2.34368616860169,-3.32301652247683,0.611009841965577,-0.8857546,1.632232,-0.57818395,344.2228,75.29575,-3.5558734,WAL
1884067358000,96.54997,-2.2279472802558,-3.28337877190248,0.594711299152678,-1.0051788,1.5509869,-0.5525276,344.7753,75.253914,-3.7775707,WAL
1884072255000,96.554867,-2.12016904676259,-3.25057655404676,0.585339278848921,-1.1044444,1.4618006,-0.514654,345.3068,75.22958,-4.0095553,WAL
1884077351000,96.559963,-2.0686536774047,-3.2210415551353,0.707415442299032,-1.207986,1.3570372,-0.48349985,345.81503,75.2642,-4.1966977,WAL
1884082274000,96.564886,-2.02674964203042,-3.19310564499309,0.842439320758444,-1.3200798,1.2260065,-0.44532076,346.2852,75.3184,-4.3902507,WAL
1884087361000,96.569973,-2.08280038125617,-3.2594500938969,1.1682436838337,-1.4291192,1.0574077,-0.4147775,346.7207,75.40569,-4.5451255,WAL
1884092250000,96.574862,-2.15215803539403,-3.33805542237804,1.51040787594312,-1.5317446,0.8436049,-0.39064834,347.10226,75.511635,-4.698146,WAL
1884097353000,96.579965,-2.31511378031773,-3.46011714340753,1.87597270326294,-1.6505579,0.6035349,-0.37384954,347.43988,75.572395,-4.8347416,WAL
1884102373000,96.584985,-2.49347626186263,-3.58817227183219,2.23727120535578,-1.7788396,0.3371976,-0.34055737,347.70526,75.655334,-4.9668565,WAL
1884107428000,96.59004,-2.66222847497673,-3.88385818246303,2.64752313888946,-1.92392,0.05009095,-0.28252518,347.9356,75.71858,-5.101052,WAL
1884112282000,96.594894,-2.82085042919036,-4.22032886971358,3.05609467335332,-2.078469,-0.22113322,-0.2275473,348.09183,75.81269,-5.2255464,WAL
1884117387000,96.599999,-2.94523006171839,-5.2367080374802,3.3640660388687,-2.2064452,-0.44104472,-0.11789699,348.22183,75.937874,-5.396023,WAL
1884122331000,96.604943,-3.05553604147796,-6.37947781640108,3.63321254286646,-2.2608123,-0.57635134,0.009773844,348.2933,76.06873,-5.5709887,WAL
1884127344000,96.609956,-3.08361993169121,-7.83009748222448,4.00311972625698,-2.233018,-0.5849035,0.12675454,348.36664,76.18322,-5.7899885,WAL
1884132323000,96.614935,-3.06908969753174,-9.41872089080752,4.41964895843575,-2.129171,-0.4465425,0.2883284,348.43015,76.26184,-6.051245,WAL
1884137342000,96.619954,-2.70681784759487,-11.3487599480251,5.35322800980983,-1.890628,-0.21197024,0.46517387,348.5443,76.18389,-6.3175173,WAL
1884142349000,96.624961,-2.19103751845796,-13.4201340035281,6.512702459599,-1.459357,0.09682214,0.5907067,348.7078,76.02101,-6.615949,WAL
1884147277000,96.629889,-1.37228767287809,-15.1338607454668,7.92507818537809,-0.7473936,0.20189096,0.59131753,348.8501,75.74584,-6.8786807,WAL
1884152468000,96.63508,0.0661730738425927,-16.3373731672454,9.91494850115741,0.21868975,0.24129178,0.4129449,349.05664,75.3243,-7.1277328,WAL
1884157319000,96.639931,1.50526876288571,-17.2912314854286,11.2424235765714,1.0742066,0.22174409,0.25289822,349.21118,74.8264,-7.199865,WAL
1884162356000,96.644968,3.22806778051429,-17.8700916805714,11.3389008354286,1.3545936,0.38362336,-0.07147124,349.43832,74.31112,-7.187465,WAL
1884167314000,96.649926,4.68826737116435,-18.3906209718369,11.1654056897856,1.6575829,0.7510588,-0.25992316,349.5468,73.65887,-6.9597135,WAL
1884172354000,96.654966,5.17012706851618,-18.710170530475,9.84663217150063,1.6978999,1.2470814,-0.3585779,349.75668,73.037315,-6.7082963,WAL
1884177284000,96.659896,5.27955787146481,-18.5971293069623,8.61727791496759,1.559539,1.5986344,-0.39767328,349.9013,72.56598,-6.1882486,WAL
1884182310000,96.664922,4.47002921755144,-17.398664660716,7.51830884874565,1.3536774,1.7935003,-0.40225476,350.16312,72.086914,-5.719921,WAL
1884187299000,96.669911,3.5957235258175,-16.0541976116475,6.43982228243538,1.1258247,1.8564194,-0.39767328,350.48294,71.77697,-5.2160263,WAL
1884192317000,96.674929,2.33357541245718,-13.8641461298661,5.42212171806291,0.91415983,1.8347337,-0.39522982,350.8379,71.500984,-4.7603073,WAL
1884197303000,96.679915,1.13873160239792,-11.698933629218,4.56074462363251,0.6945538,1.7379116,-0.3817908,351.27438,71.31738,-4.4406133,WAL
1884202412000,96.685024,0.116258979718798,-9.51734467577042,4.18850821698767,0.48533243,1.5775595,-0.35643986,351.67606,71.18283,-4.138814,WAL
1884207344000,96.689956,-0.808066549019415,-7.51869477512565,3.8897125658027,0.28221974,1.3735305,-0.30604348,352.11005,71.08558,-4.015003,WAL
1884212310000,96.694922,-1.41736929992116,-6.05636825126638,3.89908644750173,0.04520403,1.1655309,-0.23823744,352.484,71.05337,-3.8959563,WAL
1884217386000,96.699998,-2.00397894798808,-4.6954614709389,3.87849259254844,-0.18448131,0.9764681,-0.15577064,352.85727,71.00518,-3.9398313,WAL
1884222322000,96.704934,-2.35622274610035,-4.17883710293095,3.67653942605067,-0.41508293,0.8381071,-0.04642576,353.17337,71.01773,-3.9974294,WAL
1884227305000,96.709917,-2.75536305462085,-3.81582417630332,3.45845263672986,-0.60994893,0.72051555,0.064751714,353.46304,70.99371,-4.1672506,WAL
1884232300000,96.714912,-3.50089543982865,-4.70959119890631,3.12710485938753,-0.795652,0.54244834,0.1826487,353.68622,71.02042,-4.351019,WAL
1884237299000,96.719911,-4.24702484796755,-5.60407395085673,2.79549173847977,-1.006095,0.24312437,0.2660318,353.85535,71.08293,-4.590495,WAL
1884242320000,96.724932,-4.61734932105616,-7.02824681015976,2.78877823677413,-1.1890492,-0.21594086,0.32070425,353.92307,71.17586,-4.8241644,WAL
1884247304000,96.729916,-4.95068418071367,-8.48944060577825,2.81160937195064,-1.3408492,-0.49938235,0.34391713,353.95163,71.30614,-5.061138,WAL
1884252355000,96.734967,-5.36226041579998,-10.7094184354449,2.30624266765417,-1.3866642,-1.1771374,0.35643986,353.80765,71.49911,-5.326969,WAL
1884257297000,96.739909,-5.77990951591554,-13.0313474884967,1.70462936974472,-1.4156802,-1.8380935,0.3930918,353.5898,71.710205,-5.5806265,WAL
1884262284000,96.744896,-6.30624839178724,-14.6953724094151,0.652602698685551,-1.3622295,-2.3228152,0.43127087,353.28043,71.94909,-5.802473,WAL
1884267709000,96.750321,-6.87873577908921,-16.4082004601161,-0.486679251863873,-1.2687671,-2.5237896,0.50671273,352.8711,72.162254,-6.005143,WAL
1884272291000,96.754903,-7.15064460243926,-17.1203429491492,-0.447835109133471,-1.1600331,-2.413834,0.60994893,352.43655,72.460785,-6.221765,WAL
1884277274000,96.759886,-7.44634989854431,-17.8948095626045,-0.405591468097767,-0.93187493,-2.0641136,0.7101309,352.01852,72.800446,-6.50849,WAL
1884282305000,96.764917,-6.19790182643312,-18.2656802308917,0.348611796365446,-0.45845437,-1.4987578,0.7696902,351.69336,73.01135,-6.8248935,WAL
1884287262000,96.769874,-4.83723295302548,-18.5963981679936,1.151784511459,0.16920967,-0.93615097,0.743423,351.47104,73.097176,-7.158518,WAL
1884292281000,96.774893,-3.25377561982876,-16.5695167695077,0.715739136986573,0.72356987,-0.6713409,0.5702427,351.34937,73.078285,-7.4944177,WAL
1884297266000,96.779878,-1.66057160839658,-14.3213809553902,0.158349958419731,0.9092729,-0.65240407,0.28985557,351.3304,73.000046,-7.8029294,WAL
1884302296000,96.784908,-0.799979402640305,-11.8098766363959,-0.83457446258335,0.6719518,-0.6038403,0.043676864,351.3259,72.94348,-7.8981338,WAL
1884307260000,96.789872,-0.0760311005948223,-9.29053652126903,-1.88671258352305,0.14080444,-0.48930305,-0.08582657,351.35895,72.938484,-7.952785,WAL
1884312295000,96.794907,0.158946238413671,-7.8460529576452,-2.0111294,-0.4718934,-0.47800204,-0.19058995,351.2913,73.11257,-7.7938247,WAL
1884317263000,96.799875,0.325777923499803,-6.56544368731727,-2.0111294,-1.0030408,-0.77763146,-0.26725355,351.17523,73.4106,-7.5959525,WAL
1884322284000,96.804896,0.494389415210243,-5.27117252259976,-2.0111294,-1.4010195,-1.2635747,-0.3210097,350.96335,73.88959,-7.333449,WAL
1884327280000,96.809892,0.662161375494123,-3.98334564768866,-2.0111294,-1.6945401,-1.7168368,-0.3399465,350.6774,74.4775,-7.0439596,WAL
1884332306000,96.814918,0.264688018411847,-3.31234826395349,-2.34779663192208,-1.8689423,-2.0076087,-0.29932398,350.27905,75.093315,-6.7173295,WAL
1884337262000,96.819874,-0.235316103257802,-2.7698910127907,-2.74402622142715,-1.953547,-2.1853704,-0.21502456,349.78195,75.75326,-6.3779087,WAL
1884342316000,96.824928,-0.729280754889819,-2.66822571448628,-3.15629277662483,-2.0097466,-2.2944098,-0.109650314,349.2255,76.41462,-6.067163,WAL
1884347312000,96.829924,-1.21418864072524,-2.66377702152487,-3.56557290069735,-2.060143,-2.3377812,0.0067195175,348.6312,77.07928,-5.7790904,WAL
1884352361000,96.834973,-1.58465370700555,-2.94454285750748,-3.97531054100812,-2.0690005,-2.437047,0.050701816,348.0285,77.727036,-5.5718493,WAL
1884357282000,96.839894,-1.89165662981632,-3.34716962859889,-4.37290442819308,-2.0864103,-2.557082,0.129198,347.4002,78.36231,-5.4065723,WAL
1884362311000,96.844923,-2.02787393528565,-3.64369220259241,-4.64614882525204,-2.0867157,-2.660929,0.22204952,346.8055,78.96856,-5.311225,WAL
1884367359000,96.849971,-2.12070876366779,-3.91291311765722,-4.88751932088334,-2.0372355,-2.6875017,0.33078352,346.19714,79.53912,-5.241467,WAL
1884372322000,96.854934,-2.14873294131494,-4.13918989153815,-5.0217718262987,-2.014939,-2.6028967,0.43768495,345.58838,80.11845,-5.2499795,WAL
1884377336000,96.859948,-2.15360490511364,-4.35355640042614,-5.11921110227273,-1.994475,-2.4468207,0.56688297,344.99228,80.64175,-5.2972927,WAL
1884382312000,96.864924,-2.18151746208175,-4.67937390040782,-5.02911765594587,-1.9819523,-2.2742512,0.7031059,344.426,81.13688,-5.39389,WAL
1884387326000,96.869938,-2.21712267123923,-5.04432771253128,-4.87779560997312,-1.9205604,-2.1184807,0.8481864,343.90112,81.554214,-5.533579,WAL
1884392310000,96.874922,-2.2672329962462,-5.60275442670651,-4.55432956875328,-1.8316795,-1.9990565,1.0076222,343.3857,81.906876,-5.744837,WAL
1884397327000,96.879939,-2.32768834599979,-6.29799005457691,-4.11099068793122,-1.7024814,-1.924531,1.162782,342.9062,82.15328,-5.9977713,WAL
1884402331000,96.884943,-2.25898321981945,-7.09333927949082,-3.79298760040572,-1.565953,-1.8322903,1.3497068,342.4492,82.26818,-6.328899,WAL
1884407312000,96.889924,-2.13318404576529,-7.93038751333807,-3.53171240052744,-1.4538593,-1.68385,1.5809193,342.03537,82.25285,-6.7163906,WAL
1884412313000,96.894925,-2.05437411985358,-9.12705647721799,-3.23588676630382,-1.3096951,-1.5415184,1.8173242,341.63422,82.07879,-7.1709523,WAL
1884417332000,96.899944,-1.994181607244,-10.4698113376361,-2.92566402496869,-1.1902709,-1.4052955,2.017077,341.28152,81.79327,-7.6773057,WAL
1884422321000,96.904933,-1.9507899675648,-12.0541976627395,-2.80299121862514,-1.1175779,-1.2925909,2.0824397,340.9471,81.45287,-8.175427,WAL
1884427312000,96.909924,-1.91651226429669,-13.7778781941399,-2.78340406187891,-1.1472049,-1.1129965,2.02624,340.68042,81.06284,-8.688465,WAL
1884432307000,96.914919,-1.52174129659845,-14.7935403381927,-3.0845086042239,-1.2586879,-0.8384125,1.9065105,340.4613,80.69094,-9.14623,WAL
1884437324000,96.919936,-0.960498869227175,-15.4894804249136,-3.53350248986076,-1.3610078,-0.44318274,1.7617353,340.33743,80.33177,-9.571576,WAL
1884442312000,96.924924,-0.289691745244242,-15.6195604431096,-3.77138871137808,-1.4398094,-0.24770586,1.6001616,340.21524,80.055504,-9.895843,WAL
1884447289000,96.929901,0.472209226191422,-15.2882988933678,-3.83764102132645,-1.4740179,0.103847094,1.5045611,340.2574,79.79097,-10.193063,WAL
1884452328000,96.93494,1.21065012305871,-14.6297523909719,-3.74489623467193,-1.4764613,0.40408736,1.310306,340.29276,79.68869,-10.310935,WAL
1884457322000,96.939934,1.91377388574248,-13.6954001211149,-3.5136675796744,-1.4804319,0.6722572,1.1230757,340.42105,100.41047,-10.402577,WAL
1884462312000,96.944924,2.3020456597078,-12.8019811486928,-2.97591630734333,-1.488984,0.8335256,0.904386,340.54718,100.3648,-10.32646,WAL
1884467326000,96.949938,2.38512201076509,-11.9435261797386,-2.13592248735102,-1.5622878,0.77824235,0.6786713,340.68234,100.2928,-10.199632,WAL
1884472336000,96.954948,2.37450862159624,-11.1213254460094,-1.28558516812207,-1.6991217,0.39400807,0.43951756,340.70566,100.08914,-9.924564,WAL
1884477308000,96.95992,2.24037937442254,-10.3523176439437,-0.427157962867606,-1.8307631,-0.2507602,0.21044308,340.62482,99.85837,-9.60085,WAL
1884482299000,96.964911,2.06287439056663,-9.59053281532004,0.15549598990042,-1.9321668,-1.0091494,0.026572637,340.34857,99.54508,-9.213847,WAL
1884487329000,96.969941,1.77981085027282,-8.84749150367261,0.064511300426128,-1.981036,-1.681712,-0.113926366,339.90182,99.209435,-8.791716,WAL
1884492292000,96.974904,1.42439830460746,-8.27212912215823,-0.402298479236435,-1.9782871,-2.1453588,-0.23151793,339.27316,98.88831,-8.398946,WAL
1884497296000,96.979908,0.945029666110943,-7.94286571991513,-1.47240436310306,-1.9110919,-2.3017402,-0.3136793,338.5461,98.55244,-7.985767,WAL
1884502295000,96.984907,0.44506837294296,-7.76054395440591,-2.3816323174531,-1.8026633,-2.2085834,-0.3680463,337.77332,98.28082,-7.622837,WAL
1884507318000,96.98993,-0.0882084261749099,-7.79244928510517,-3.06076247777146,-1.6578883,-2.0265455,-0.40133846,336.9919,97.99486,-7.244043,WAL
1884512245000,96.994857,-0.566432977955736,-7.84710360134374,-3.48925140053354,-1.5286902,-1.8289305,-0.3915646,336.2892,97.90307,-6.9774833,WAL
1884517316000,96.999928,-0.945501761837763,-7.96226360135362,-3.33090623141982,-1.4446963,-1.7376062,-0.35369098,335.6115,97.81678,-6.708104,WAL
1884522250000,97.004862,-1.27879068092773,-8.08704224616763,-3.09898823925941,-1.4019357,-1.7269161,-0.27947086,335.0161,97.91496,-6.559179,WAL
1884527314000,97.009926,-1.52016508658172,-8.25117739448537,-2.64037680298626,-1.3692545,-1.7669277,-0.21288654,334.43307,98.02901,-6.418701,WAL
1884532274000,97.014886,-1.73577376966673,-8.42067040311315,-2.22911776407903,-1.3710871,-1.7831156,-0.15454891,333.87665,98.2141,-6.3596306,WAL
1884537307000,97.019919,-1.89448481953702,-8.61785633246857,-1.92131455997805,-1.3716979,-1.745242,-0.10293079,333.32745,98.41512,-6.3164334,WAL
1884542284000,97.024896,-2.00558379492524,-8.77165103760761,-1.61856539206162,-1.4043792,-1.7357736,-0.044593163,332.7667,98.62781,-6.330982,WAL
1884547309000,97.029921,-1.98377889234255,-8.80653915496149,-1.31765750873584,-1.4471397,-1.7040086,-0.013744468,332.2283,98.8477,-6.348248,WAL
1884552369000,97.034981,-1.95199153162523,-8.83495964075562,-1.01042326498534,-1.462106,-1.6676621,0.06383542,331.6948,99.070206,-6.4157176,WAL
1884557323000,97.039935,-1.78201694647704,-8.76799969655846,-0.649871220282271,-1.4828753,-1.6337591,0.14080444,331.17746,99.30421,-6.4869237,WAL
1884562330000,97.044942,-1.60396751535853,-8.7045980087763,-0.304201868973771,-1.5164729,-1.6184875,0.1966986,330.65005,99.50843,-6.5673103,WAL
1884567329000,97.049941,-1.4034362722948,-8.65685249845417,-0.0272777146693926,-1.5308284,-1.6081028,0.24098633,330.14325,99.7199,-6.6597295,WAL
1884572304000,97.054916,-1.21062906041221,-8.59145050174995,0.160997606254132,-1.5244142,-1.5928311,0.27275133,329.60727,99.880806,-6.7403016,WAL
1884577307000,97.059919,-1.04293904533152,-8.45636706980362,0.0119398166925919,-1.4666874,-1.5622878,0.29016098,329.09506,100.034775,-6.8218365,WAL
1884582296000,97.064908,-0.904455829548205,-8.31739513029447,-0.146691453085922,-1.3640621,-1.4795157,0.3268129,328.59473,100.17699,-6.908085,WAL
1884587331000,97.069943,-0.933632446066963,-8.15206067890278,-0.365516087131908,-1.2302825,-1.3634512,0.35185838,328.12784,100.29721,-6.9874625,WAL
1884592290000,97.074902,-0.977495628881311,-7.98863324489912,-0.584040086388178,-1.058324,-1.2238685,0.4025602,327.69354,100.39632,-7.0502954,WAL
1884597299000,97.079911,-1.10018163477314,-7.82050820250071,-0.820324252912759,-0.8875872,-1.0858129,0.44318274,327.30466,100.46752,-7.108047,WAL
1884602335000,97.084947,-1.2198640330901,-7.65151938635787,-1.05620456694162,-0.7357872,-0.9575313,0.4801401,326.9293,100.58056,-7.209539,WAL
1884607315000,97.089927,-1.28038751722716,-7.4850798444797,-1.26299306313452,-0.6261369,-0.8536842,0.52381694,326.59958,100.67248,-7.314437,WAL
1884612287000,97.094899,-1.34169476288089,-7.33789774079937,-1.4770926310645,-0.56688297,-0.79809546,0.5729916,326.2964,100.804016,-7.4570107,WAL
1884617331000,97.099943,-1.40859972022161,-7.290108485556,-1.73515480898298,-0.5525276,-0.7498371,0.6236934,326.03217,100.927376,-7.602677,WAL
1884622281000,97.104893,-1.46834671949733,-7.258928958492,-1.98152650133283,-0.59773165,-0.713796,0.66156703,325.7856,101.112785,-7.7828674,WAL
1884627314000,97.109926,-1.49129037638995,-7.32775992916984,-2.18801960502666,-0.6795876,-0.6774496,0.698219,325.56204,101.307106,-7.9686956,WAL
1884632412000,97.115024,-1.51643146742331,-7.41187282006135,-2.38762142208589,-0.81061816,-0.6444628,0.7519751,325.3582,101.57993,-8.186032,WAL
1884637328000,97.11994,-1.56938397543967,-7.71033217764826,-2.4357600200409,-0.9627236,-0.5934556,0.8054258,325.17596,101.87332,-8.404845,WAL
1884642285000,97.124897,-1.61812889819754,-8.02325111867758,-2.46914813498253,-1.1139128,-0.5644395,0.8381071,324.9966,102.22454,-8.635369,WAL
1884647298000,97.12991,-1.6137139176568,-8.47799452928085,-2.32786866547728,-1.2021828,-0.5390886,0.8530733,324.83545,102.59124,-8.866749,WAL
1884652307000,97.134919,-1.60930245994114,-8.93237508856906,-2.18670192644841,-1.3561208,-0.5684101,0.86742866,324.66144,103.00411,-9.108107,WAL
1884657323000,97.139935,-1.57725730586592,-9.33061881564246,-1.91172325,-1.4758505,-0.6258314,0.8713993,324.48938,103.41739,-9.342888,WAL
1884662627000,97.145239,-1.54312648058934,-9.74084015425631,-1.60569539791862,-1.5540411,-0.6963864,0.8720101,324.30804,103.843796,-9.574683,WAL
1884667319000,97.149931,-1.57255023643592,-9.9930445909261,-1.30725380306361,-1.5766432,-0.7825184,0.8713993,324.0999,104.22667,-9.783904,WAL
1884672253000,97.154865,-1.60349158582788,-10.2582570143124,-0.993419440528531,-1.5885551,-0.8781188,0.86162543,323.83136,104.5992,-10.006807,WAL
1884677308000,97.15992,-1.63401568648874,-10.6478440225188,-0.699961531834862,-1.5558738,-0.96577793,0.85154617,323.54688,104.95365,-10.223693,WAL
1884682307000,97.164919,-1.66396220849666,-11.0571121316722,-0.415469875034404,-1.5082263,-1.0195341,0.8173377,323.24976,105.288086,-10.424775,WAL
1884687329000,97.169941,-1.69235816963289,-11.4061998019579,-0.184698773653451,-1.426065,-1.0500773,0.7858781,322.9443,105.58553,-10.640198,WAL
1884692250000,97.174862,-1.72003948111601,-11.7429893807146,0.0367518771864905,-1.3295482,-1.0757337,0.75655663,322.63135,105.85334,-10.840226,WAL
1884697325000,97.179937,-1.66231296983145,-11.9693436243019,-0.0665924188150943,-1.2018774,-1.1078042,0.7290677,322.31638,106.08631,-11.0508375,WAL
1884702307000,97.184919,-1.59269599329811,-12.1733935603019,-0.217829357215094,-1.0619892,-1.1450669,0.72601336,322.00043,106.28818,-11.253552,WAL
1884707316000,97.189928,-1.5227017268478,-12.3785493470189,-0.369885925750943,-0.88361657,-1.1695015,0.7431176,321.6835,106.44738,-11.466977,WAL
1884712244000,97.194856,-1.45383933014843,-12.5803875815849,-0.519483603879245,-0.64965516,-1.1771374,0.75961095,321.36725,106.56182,-11.672799,WAL
1884717309000,97.199921,-1.14410728770074,-12.717344450973,-0.875020369185717,-0.34697145,-1.1490375,0.77304995,321.0555,106.64968,-11.892208,WAL
1884722259000,97.204871,-0.812727653277914,-12.8427310464765,-1.24670289799736,-0.021991149,-1.1068878,0.7675522,320.7522,106.68536,-12.102605,WAL
1884727312000,97.209924,-0.265193570556793,-12.6693921060944,-1.55586173674833,0.29626966,-1.0042624,0.72204274,320.44858,106.66629,-12.269351,WAL
1884732320000,97.214932,0.336863560668151,-12.4120616181413,-1.842324355902,0.52534413,-0.8857546,0.6453791,320.1677,106.5984,-12.416059,WAL
1884737303000,97.219915,0.919953078765399,-11.9974565340118,-2.11040090139261,0.6291912,-0.7244862,0.5296202,319.8957,106.48367,-12.477732,WAL
1884742313000,97.224925,1.5024609172496,-11.5434428382432,-2.37595594692019,0.5564982,-0.6197228,0.4642576,319.64822,106.36025,-12.525987,WAL
1884747299000,97.229911,1.89540984948845,-11.2929615466238,-2.61430584440222,0.46914452,-0.3839288,0.32162055,319.43326,106.1705,-12.438975,WAL
1884752338000,97.23495,2.14932257018416,-11.1942176698821,-2.83530402134853,0.23548855,-0.16279559,0.16371189,319.2463,106.007576,-12.325502,WAL
1884757314000,97.239926,2.16188296083254,-11.2974137561022,-2.80178864129612,0.003970624,-0.007941248,0.03176499,319.06955,105.81493,-12.09335,WAL
1884762299000,97.244911,1.95411976263009,-11.586475843141,-2.53530973614002,-0.20433442,0.074830994,-0.089491755,318.93137,105.63482,-11.816358,WAL
1884767306000,97.249918,1.5772610555012,-11.784502124437,-2.1352307745365,-0.3811799,0.053450707,-0.17654006,318.77698,105.49226,-11.495003,WAL
1884772318000,97.25493,0.948805042047764,-11.8448335428931,-1.53694061205614,-0.5158757,-0.023823744,-0.22235495,318.62842,105.3755,-11.155968,WAL
1884777302000,97.259914,0.327500336963772,-11.7759732200498,-1.01882577166571,-0.5861252,-0.1142318,-0.25137106,318.47314,105.27479,-10.842707,WAL
1884782308000,97.26492,-0.292789280017251,-11.5738049936745,-0.577730923967797,-0.55680364,-0.18997909,-0.2519819,318.30176,105.18784,-10.534541,WAL
1884787313000,97.269925,-0.768528796579057,-11.4640241143096,-0.27944738301627,-0.43493605,-0.24037547,-0.23335053,318.14737,105.112366,-10.330888,WAL
1884792317000,97.274929,-1.03343120408844,-11.4890148877764,-0.189480535907384,-0.2657264,-0.22937989,-0.20158553,317.99216,105.02762,-10.135806,WAL
1884797303000,97.279915,-1.12565035955684,-11.7063520452794,-0.103180404312139,-0.07269296,-0.20861048,-0.14721853,317.8582,104.95289,-10.069638,WAL
1884802347000,97.284959,-1.03723001142582,-12.1298390934489,-0.0194137924739884,0.094989546,-0.16371189,-0.1142318,317.7373,104.851616,-10.005943,WAL
1884807271000,97.289883,-0.849786234748958,-12.6464846179798,0.105702172976781,0.22388211,-0.108123146,-0.11056661,317.63565,104.74817,-9.994753,WAL
1884812310000,97.294922,-0.509809594748958,-13.3264376179798,0.297238302976781,0.32986724,-0.023823744,-0.14752395,317.5572,104.61596,-9.977787,WAL
1884817309000,97.299921,-0.20618210578312,-13.9568328609251,0.556431117025766,0.44043383,0.031154128,-0.2284636,317.4791,104.4232,-9.928241,WAL
1884822323000,97.304935,0.0471087914881315,-14.5218661055995,0.921754534278758,0.55924714,0.0125227375,-0.32620203,317.4036,104.20144,-9.864263,WAL
1884827271000,97.309883,0.257982163026191,-14.9484653088821,1.1832200034257,0.6957755,-0.032375857,-0.4098906,317.3213,103.87623,-9.718885,WAL
1884832309000,97.314921,0.418228747222433,-15.2002816449991,1.31141721532549,0.8491027,-0.06414085,-0.49541172,317.23553,103.51175,-9.549304,WAL
1884837255000,97.319867,0.565060447642929,-15.3958409187563,1.33776071955868,1.0210613,-0.077579886,-0.56169057,317.13766,103.039116,-9.319637,WAL
1884842316000,97.324928,0.691457019057172,-15.4784849675025,1.13844310782347,1.1175779,-0.053145275,-0.6026186,317.04318,102.55114,-9.077986,WAL
1884847309000,97.329921,0.788094339012469,-15.4624364068828,0.922047305142145,1.2944235,-0.025961773,-0.6930266,316.9355,101.97129,-8.785088,WAL
1884852343000,97.334955,0.826565849197007,-15.2412246207481,0.662364435645885,1.4914275,-0.004886922,-0.7812967,316.83698,101.3766,-8.486688,WAL
1884857289000,97.339901,0.832449395721824,-14.9723082069355,0.454326169966076,1.7003434,0.03390302,-0.8793405,316.74747,100.7448,-8.14546,WAL
1884862310000,97.344922,0.769012524133057,-14.5871560595552,0.345577243186958,1.9055941,0.0729984,-0.9960158,316.66663,100.07272,-7.781112,WAL
1884867320000,97.349932,0.677163831806396,-14.1511626925958,0.264053326712763,2.1487186,0.109650314,-1.105666,316.59045,99.38112,-7.399698,WAL
1884872322000,97.354934,0.470149195044656,-13.5071171239796,0.291655283084606,2.4168882,0.14080444,-1.1936307,316.52798,98.65167,-6.9994073,WAL
1884877311000,97.359923,0.232146273865241,-12.8665606908412,0.329272522963486,2.6988027,0.14844026,-1.2357804,316.47275,97.91857,-6.607433,WAL
1884882311000,97.364923,-0.25084782538834,-12.2386683164212,0.445191112836393,2.9755247,0.12522738,-1.2696834,316.42313,97.163055,-6.2022543,WAL
1884887306000,97.369918,-0.793965473815144,-11.7125563197748,0.482949667688397,3.2308662,0.124005646,-1.3158038,316.39557,96.44976,-5.8349395,WAL
1884892313000,97.374925,-1.74306055340476,-11.8605801328309,-0.000305178759760327,3.424205,0.15668693,-1.3759739,316.37927,95.77422,-5.4630985,WAL
1884897326000,97.379938,-2.6932929548393,-12.0087813261304,-0.484139120290539,3.552487,0.24709499,-1.4251486,316.39914,95.27176,-5.1855464,WAL
1884902397000,97.385009,-3.25885554046236,-12.4741060470181,-1.48827048468841,3.5995235,0.41447207,-1.473407,316.46088,94.90089,-4.900845,WAL
1884907404000,97.390016,-3.78933707703131,-12.9401713684106,-2.45013864883076,3.5705073,0.66798115,-1.488984,316.58353,85.290215,-4.6228533,WAL
1884912310000,97.394922,-4.31075878382878,-13.3126156183115,-3.04139351272295,3.4718525,0.97005403,-1.4709635,316.78702,85.08521,-4.6412764,WAL
1884917312000,97.399924,-4.85096125971321,-13.6702549656041,-3.56992946456739,3.3011158,1.2507466,-1.425454,317.04846,84.767624,-4.784411,WAL
1884922319000,97.404931,-5.45493741436876,-13.8653853381455,-3.55134549481639,3.0885346,1.357648,-1.357648,317.3516,84.43728,-4.9339557,WAL
1884927276000,97.409888,-6.04944151056364,-14.0545595148376,-3.52156495069989,2.9074132,1.2819008,-1.2822062,317.6864,84.093704,-5.134307,WAL
1884932317000,97.414929,-6.58554894397163,-14.1671874787234,-3.26477412446808,2.7907379,1.0781772,-1.2140946,318.01294,83.76028,-5.3397875,WAL
1884937260000,97.419872,-7.11123413407988,-14.2776258888578,-3.01297546268197,2.7091873,0.96791595,-1.1499538,318.36603,83.36903,-5.610695,WAL
1884942320000,97.424932,-7.66316494008637,-14.3179910692898,-2.83678987226488,2.6816983,0.7012733,-1.1252137,318.615,82.98998,-5.869759,WAL
1884948375000,97.430987,-8.29858663424858,-14.3679186396982,-2.64442716396982,2.6062565,0.29535335,-1.1133019,318.7915,82.628975,-6.1247253,WAL
1884952335000,97.434947,-8.21114894613289,-14.6063851750157,-2.66827381750157,2.5576928,0.19975294,-1.1420126,319.01794,82.20649,-6.390832,WAL
1884957318000,97.43993,-8.1011231885873,-14.9064555652903,-2.69828085652903,2.543032,0.15027285,-1.2687671,319.1821,81.74982,-6.6471963,WAL
1884962314000,97.444926,-7.47445182529341,-14.3429706162721,-2.64368544605132,2.427273,0.3173445,-1.5125023,319.38797,81.361694,-6.8541446,WAL
1884967271000,97.449883,-6.80868861348717,-13.7102594123732,-2.58230305408793,2.0476203,0.7150178,-1.6743816,319.6499,81.042,-7.044552,WAL
1884972315000,97.454927,-5.96507353151286,-12.8916552003189,-2.03790520934822,1.5986344,0.9068295,-1.6804903,319.89737,80.81023,-7.1654987,WAL
1884977251000,97.459863,-5.12178759473789,-12.0719245206299,-1.45372951096273,1.3799446,0.8304713,-1.5775595,320.17902,80.62265,-7.269525,WAL
1884982307000,97.464919,-4.15475952427814,-11.5016713706541,-1.55392577159694,1.3762794,0.7825184,-1.4227052,320.4902,80.528046,-7.3003116,WAL
1884987257000,97.469869,-3.19566804961697,-10.9755678497348,-1.73550131962286,1.4770721,0.9147707,-1.241889,320.82126,80.42665,-7.3697057,WAL
1884992318000,97.47493,-2.30221656382488,-10.719567924464,-1.57913503484272,1.6597209,1.1618657,-1.1224649,321.14194,80.30601,-7.404733,WAL
1884997313000,97.479925,-1.43482100276498,-10.5135019066319,-1.36827647914246,1.8371773,1.3649784,-1.0790935,321.48096,80.14501,-7.4733477,WAL
1885002347000,97.484959,-0.781339914705643,-10.4906661831381,-1.04015748357952,2.0045543,1.5323554,-1.0916162,321.82455,80.062164,-7.4406743,WAL
1885007275000,97.489887,-0.173763752329881,-10.4952345168909,-0.702107573739231,2.13925,1.6087136,-1.119716,322.19473,79.94265,-7.4240026,WAL
1885012310000,97.494922,0.320011985949158,-10.4157033212043,-0.509437232286911,2.2241604,1.640784,-1.1502593,322.56302,79.874344,-7.285022,WAL
1885017349000,97.499961,0.78185255257741,-10.3146751638919,-0.35549038712591,2.2843306,1.6560557,-1.135904,322.94235,79.77078,-7.162118,WAL
1885022308000,97.50492,0.999350850138094,-10.174726765437,-0.126298041364174,2.3362541,1.6218473,-1.1371256,323.2978,79.68337,-6.934353,WAL
1885027339000,97.509951,1.16093611907674,-10.0226464539357,0.125584829406195,2.3087652,1.4950926,-1.1325442,323.62534,79.57965,-6.721534,WAL
1885032329000,97.514941,1.12855979559471,-9.78298582218662,-0.203352774881858,2.2214115,1.4022411,-1.1417072,323.9545,79.49678,-6.404133,WAL
1885037295000,97.519907,1.04047099526432,-9.51871959521426,-0.698554615679816,2.1068742,1.3655893,-1.1325442,324.2592,79.401024,-6.1033645,WAL
1885042305000,97.524917,0.951601706167401,-9.25211190348418,-1.19814406843813,2.0412061,1.4376713,-1.1081096,324.58078,79.27029,-5.7729774,WAL
1885047330000,97.529942,0.862466341354626,-8.98470598513216,-1.6992292980011,1.9556851,1.6062702,-1.0522153,324.91452,79.145454,-5.4694457,WAL
1885052250000,97.534862,0.641982824682499,-8.63929189618795,-2.21528695642646,1.9147571,1.7528778,-0.9990701,325.25433,78.996544,-5.1826243,WAL
1885057239000,97.539851,0.379007676701661,-8.26430861818367,-2.74610719982673,1.8747455,1.8802432,-0.9251554,325.62827,78.84517,-4.936908,WAL
1885062228000,97.54484,0.0751522634243572,-7.9377103868248,-3.21819268983456,1.8274034,2.0216584,-0.84482664,326.00934,78.78438,-4.7354956,WAL
1885067247000,97.549859,-0.241008352076938,-7.62154985135539,-3.67806259143911,1.7983873,2.1682663,-0.7797695,326.41696,78.71557,-4.566954,WAL
1885072255000,97.554867,-0.567658291060651,-7.28732897744248,-3.8111169922916,1.7983873,2.2883012,-0.72204274,326.8557,78.66045,-4.432552,WAL
1885077249000,97.559861,-0.896314162181058,-6.94914694563291,-3.85874834283438,1.7974709,2.3487768,-0.6786713,327.30737,78.60311,-4.324614,WAL
1885082249000,97.564861,-1.13935063901345,-6.60885382394229,-3.81410663010333,1.7956384,2.3625214,-0.6435465,327.8152,78.555016,-4.215046,WAL
1885087257000,97.569869,-1.35909628923767,-6.26754690703841,-3.74397500428933,1.7687603,2.3655756,-0.623388,328.328,78.50838,-4.122969,WAL
1885092232000,97.574844,-1.55432082030967,-5.9909245756485,-3.67972671767545,1.7256943,2.3518312,-0.61544675,328.8782,78.425285,-4.067296,WAL
1885097214000,97.579826,-1.74140649121255,-5.73667998192238,-3.61736486076815,1.668273,2.3264804,-0.6282749,329.42032,78.353264,-4.0173244,WAL
1885102309000,97.584921,-1.85011915574181,-5.5335290795183,-3.56253706763006,1.6059648,2.3197608,-0.64965516,329.99936,78.25041,-3.9944773,WAL
1885107319000,97.589931,-1.9286987855106,-5.35325803356455,-3.51169135953757,1.5479325,2.3044891,-0.659429,330.56418,78.162735,-3.9757147,WAL
1885112310000,97.594922,-2.01478684481787,-5.1278992065246,-3.25717333455689,1.4990633,2.2562308,-0.69974613,331.1468,78.05926,-3.9695816,WAL
1885117298000,97.59991,-2.10447728469771,-4.88125061392227,-2.90738075014082,1.4056009,2.1853704,-0.7593055,331.71628,77.98718,-3.9592888,WAL
1885122350000,97.604962,-2.16995646145286,-4.63449083944359,-2.55603043400309,1.2666291,2.1227567,-0.8176431,332.2903,77.91796,-3.951041,WAL
1885127354000,97.609966,-2.21439755004637,-4.39253359530139,-2.21037726491499,1.0955868,2.0781636,-0.8744536,332.84875,77.88843,-3.9296777,WAL
1885132326000,97.614938,-2.2372072619109,-4.0965920510765,-1.85733892602441,0.93645644,2.0589213,-0.90194255,333.4305,77.816605,-3.9297512,WAL
1885137354000,97.619966,-2.24676220791745,-3.7621686415319,-1.49425077823197,0.7651087,2.0463986,-0.92087936,334.00058,77.798485,-3.9203513,WAL
1885142345000,97.624957,-2.24483136729735,-3.51238591017726,-1.07299530493926,0.6774496,2.0048597,-0.9266826,334.5842,77.73343,-3.9265554,WAL
1885147327000,97.629939,-2.23532895391356,-3.31758623736308,-0.612127908544115,0.52015173,1.9428569,-0.9306532,335.1558,77.733986,-3.9320233,WAL
1885152317000,97.634929,-2.24515366382102,-3.13790539175743,-0.140722956932588,0.34880406,1.8817704,-0.9230174,335.73886,77.6792,-3.960174,WAL
1885157336000,97.639948,-2.26873621666176,-2.96811096205475,0.340361465763909,0.16737708,1.8075503,-0.8961393,336.29648,77.66627,-3.9945736,WAL
1885162315000,97.644927,-2.29200347614884,-2.89982975911785,0.756485882580394,0.010995574,1.7733418,-0.8371908,336.85992,77.57678,-4.0683208,WAL
1885167309000,97.649921,-2.31523603186632,-2.91376924402992,1.12356055402701,-0.16707164,1.7345519,-0.8249735,337.39902,77.5412,-4.1380353,WAL
1885172322000,97.654934,-2.33672328496026,-3.02129806786224,1.35742896649684,-0.35430184,1.6242907,-0.7987063,337.89883,77.36153,-4.2729564,WAL
1885177312000,97.659924,-2.35620096235989,-3.22581281618097,1.44994745111066,-0.4709771,1.5555683,-0.75625116,338.3954,77.2088,-4.4219055,WAL
1885182295000,97.664907,-2.33373219296188,-3.31094460973607,1.4414900511828,-0.57787853,1.5112807,-0.7089091,338.90573,77.02807,-4.5756593,WAL
1885187346000,97.669958,-2.27226181920821,-3.28730215259531,1.33982754225806,-0.70341134,1.4899004,-0.655153,339.39783,76.880165,-4.7452574,WAL
1885192309000,97.674921,-2.21186240029326,-3.264071601261,1.23993622731183,-0.8216137,1.4645494,-0.61544675,339.89407,76.74425,-4.9080734,WAL
1885197318000,97.67993,-2.15090316407625,-3.24062573552786,1.13911906096774,-0.9275989,1.4251486,-0.5751296,340.37415,76.63303,-5.0873966,WAL
1885202325000,97.684937,-2.06380705185977,-3.199024592862,1.0477428667476,-1.0305296,1.3616186,-0.5375614,340.8537,76.5412,-5.259114,WAL
1885207330000,97.689942,-1.94277854982034,-3.13385547797417,0.968608868617073,-1.1508701,1.2861768,-0.49418998,341.31284,76.47521,-5.443106,WAL
1885212261000,97.694873,-1.84037021098238,-3.08483770482913,0.934621186466751,-1.2538009,1.1890492,-0.46089783,341.74933,76.471886,-5.5781145,WAL
1885217319000,97.699931,-1.76491195217603,-3.06125691585045,0.977066453967481,-1.361924,1.0729848,-0.41783184,342.15268,76.49051,-5.724461,WAL
1885222250000,97.704862,-1.73365979639411,-3.04393131686135,1.08171708684611,-1.4782939,0.9080512,-0.3839288,342.51602,76.55699,-5.828857,WAL
1885227312000,97.709924,-1.79767314398172,-3.03900721715592,1.33284632607415,-1.5989398,0.6942484,-0.35735616,342.82755,76.64198,-5.93502,WAL
1885232270000,97.714882,-1.88950658703991,-3.04377894302596,1.60184612874855,-1.7211128,0.5757405,-0.3268129,343.10916,76.74825,-6.0360117,WAL
1885237313000,97.719925,-2.03920313776637,-3.06716915272181,1.91995128072453,-1.7901406,0.30176744,-0.31245756,343.28375,76.86417,-6.1178975,WAL
1885242247000,97.724859,-2.18795539780667,-3.1225961675268,2.24236528645296,-1.9358319,0.0018325958,-0.2855795,343.47305,76.99237,-6.193696,WAL
1885247296000,97.729908,-2.34631766363636,-3.26656181818182,2.60227966363636,-2.0879374,-0.312763,-0.2275473,343.57605,77.12793,-6.265365,WAL
1885252373000,97.734985,-2.53813286667583,-3.87580508122079,3.16607872067638,-2.2223277,-0.5983425,-0.1600467,343.64307,77.292816,-6.365549,WAL
1885257451000,97.740063,-2.81447082250023,-5.68983013036385,4.25360239385024,-2.3402247,-0.82741696,-0.0842994,343.6323,77.47319,-6.467746,WAL
1885262321000,97.744933,-3.03062343977168,-7.48642421240358,5.2755560531626,-2.3875668,-0.98746365,0.025350908,343.58603,77.63582,-6.6247563,WAL
1885267360000,97.749972,-2.75764557823717,-9.92337209396277,6.11930584468785,-2.3619106,-1.0512991,0.14996742,343.49606,77.78381,-6.796696,WAL
1885272330000,97.754942,-2.40967867958582,-12.2482052823576,7.09493408964556,-2.2446244,-0.93584555,0.2846632,343.44943,77.76151,-7.0218625,WAL
1885277332000,97.759944,-1.60366129003186,-14.132092247511,8.90728095079649,-1.9666806,-0.6704246,0.39064834,343.4166,77.68219,-7.265366,WAL
1885282344000,97.764956,-0.685626975423595,-15.8856721668646,10.5403887996833,-1.4871514,-0.45540005,0.46211955,343.35495,77.51203,-7.4047236,WAL
1885287332000,97.769944,0.898166773396675,-16.817037510095,11.055712783848,-0.75991637,-0.3481932,0.46120325,343.32745,77.23781,-7.5463486,WAL
1885292308000,97.77492,2.42835090412835,-17.6929751921346,11.3835256562317,0.11789699,-0.18112154,0.19639318,343.3059,76.93148,-7.4904404,WAL
1885297347000,97.779959,3.58498305855019,-18.1603486040892,10.2457769349442,0.84788096,0.103847094,-0.17440203,343.34598,76.52539,-7.4105434,WAL
1885302334000,97.784946,4.62209488018886,-18.5715017839858,9.10432115050167,1.2822062,0.5543602,-0.38881573,343.36288,76.175606,-7.0650353,WAL
1885307345000,97.789957,4.3152575386386,-18.3401938071021,7.76367754013378,1.4785993,1.1264355,-0.4804455,343.51727,75.724556,-6.698183,WAL
1885312438000,97.79505,3.96542760293972,-18.0030191393386,6.42988919749727,1.5155567,1.5815301,-0.49296826,343.71982,75.4268,-6.1467633,WAL
1885317351000,97.799963,3.05889620307876,-16.1479012743073,5.57475917575727,1.4648548,1.8329011,-0.48655418,344.03714,75.07451,-5.6379385,WAL
1885322592000,97.805204,2.0936771461769,-14.1331162709935,4.70530700445655,1.352761,1.9553796,-0.46303585,344.49915,74.80816,-5.1907167,WAL
1885327360000,97.809972,1.23614987333074,-11.8982135842172,4.39428665750705,1.1863003,1.9538525,-0.4352415,344.98456,74.55111,-4.789691,WAL
1885332657000,97.815269,0.297233812539504,-9.42920373380084,4.06494205366994,1.0009027,1.8869628,-0.4147775,345.53705,74.3058,-4.547879,WAL
1885337343000,97.819955,-0.189509744144927,-7.59132693043478,4.17823590724638,0.7651087,1.8280143,-0.39675698,346.07385,74.115486,-4.331416,WAL
1885342278000,97.82489,-0.702117395070594,-5.65579086030856,4.29754985675549,0.6450737,1.6756034,-0.3399465,346.60034,73.86566,-4.279253,WAL
1885347349000,97.829961,-1.09063342419411,-4.44900364625132,4.2269553999616,0.35063666,1.4773777,-0.29016098,347.0868,73.73068,-4.229186,WAL
1885352322000,97.834934,-1.4426695162734,-3.42947037909187,4.11722969005472,0.05100725,1.2654073,-0.20005837,347.51065,73.62545,-4.199363,WAL
1885357353000,97.839965,-1.70819313680252,-3.09662963517634,3.89140428002846,-0.22815818,1.1145236,-0.09468412,347.91223,73.4738,-4.2853575,WAL
1885362254000,97.844866,-1.93717220040655,-3.00122172521598,3.63380300781583,-0.48747048,0.98563105,0.01160644,348.25134,73.39138,-4.3828115,WAL
1885367349000,97.849961,-2.2782977970696,-3.40229208241758,3.57586746446886,-0.7351763,0.8222246,0.108123146,348.55438,73.33203,-4.5548706,WAL
1885372262000,97.854874,-2.63696683623404,-3.93330844172854,3.5805255001485,-0.94714653,0.58551437,0.22143865,348.78976,73.319405,-4.7453494,WAL
1885377352000,97.859964,-2.95798549759095,-5.05953260141422,3.76745952757242,-1.1759156,0.21502456,0.30787608,348.94904,73.38402,-4.963465,WAL
1885382342000,97.864954,-3.25628349261679,-6.35060362862577,4.00982649948308,-1.3790283,-0.32986724,0.37751472,348.9856,73.48323,-5.1762066,WAL
1885387353000,97.869965,-3.61904424177369,-8.31070609247649,4.06934177262615,-1.5183055,-1.0225884,0.43493605,348.89368,73.62075,-5.4134526,WAL
1885392275000,97.874887,-4.00037321786834,-10.4985813808777,4.05504189184953,-1.5289958,-1.7821994,0.48930305,348.6271,73.76102,-5.622113,WAL
1885397338000,97.87995,-4.39026758108542,-12.5741769827277,3.14917299671543,-1.4223998,-2.4535403,0.5491679,348.21503,73.916336,-5.8205996,WAL
1885402371000,97.884983,-4.77696002536102,-14.5713298120812,1.9117575265597,-1.2654073,-2.8680124,0.6072,347.66415,74.04544,-5.9930964,WAL
1885407356000,97.889968,-5.51386311909447,-15.9766829604457,0.670463039072382,-1.0955868,-2.8777862,0.64934975,347.11172,74.24347,-6.1417885,WAL
1885412332000,97.894944,-6.46589445827728,-17.0291801442626,-0.578181111033029,-0.8341365,-2.5607471,0.6612616,346.54755,74.36403,-6.2805805,WAL
1885417362000,97.899974,-6.5341238724546,-17.7668232574985,-0.691902343711079,-0.36987892,-1.9333885,0.65240407,346.1021,74.571266,-6.443262,WAL
1885422374000,97.904986,-6.06402603735972,-18.3054762226076,-0.114073632320751,0.36835176,-1.2886202,0.5705481,345.7657,74.62861,-6.6012077,WAL
1885427350000,97.909962,-4.70268115541845,-17.9007107875411,0.0227941154680068,1.1007792,-0.96669424,0.35643986,345.52988,74.639786,-6.858233,WAL
1885432370000,97.914982,-2.87993329274555,-17.0204348794905,-0.0585358361968355,1.382388,-0.93309665,0.04184427,345.41138,74.58968,-7.075785,WAL
1885437334000,97.919946,-1.64030016463468,-14.536061385287,-1.10045238786833,1.3313808,-0.8970556,-0.108123146,345.3773,74.448105,-7.210931,WAL
1885442359000,97.924971,-0.684013142003212,-11.1649071977118,-2.66528572146929,0.8775079,-0.7049385,-0.3005457,345.422,74.38668,-7.2565236,WAL
1885447329000,97.929941,-0.27986620437568,-8.433270376174,-3.17351144127533,0.17928895,-0.3387248,-0.35155296,345.42642,74.50439,-7.0975504,WAL
1885452393000,97.935005,-0.150413152282748,-5.96407348838359,-3.1495386705388,-0.47800204,-0.20647246,-0.44073927,345.43237,74.75193,-6.8788495,WAL
1885457350000,97.939962,-0.0776965016125339,-4.53611030436879,-2.78790784687155,-0.95294976,-0.54305923,-0.4804455,345.31927,75.19873,-6.6102147,WAL
1885462357000,97.944969,-0.0343541626688762,-3.6451845773727,-2.23408904298483,-1.2119566,-0.9981538,-0.49754974,345.2095,75.76175,-6.3282547,WAL
1885467349000,97.949961,-0.290973718808909,-2.97233815999803,-2.07956389673795,-1.396438,-1.2461652,-0.44073927,345.05728,76.34614,-6.079881,WAL
1885472353000,97.954965,-0.711303695466443,-2.41504666958707,-2.14096046660097,-1.5283848,-1.3478742,-0.32070425,344.81174,76.97474,-5.8270016,WAL
1885477345000,97.959957,-1.12940562785679,-2.13601307807749,-2.28607159038744,-1.6328428,-1.393689,-0.18112154,344.51205,77.55477,-5.597122,WAL
1885482306000,97.964918,-1.54416167531143,-2.02882890911231,-2.48179902556155,-1.7235563,-1.5271631,-0.056199603,344.15137,78.147766,-5.3880563,WAL
1885487377000,97.969989,-1.87284091612903,-2.08842944792627,-2.69553995422427,-1.8057177,-1.738217,0.04734206,343.78137,78.70474,-5.2783747,WAL
1885492314000,97.974926,-2.12461729892473,-2.26757808632872,-2.91342344019457,-1.8655825,-2.0134118,0.14782938,343.34973,79.25427,-5.1954956,WAL
1885497300000,97.979912,-2.31495092412432,-2.52009405337938,-3.11395520074001,-1.8738291,-2.2794437,0.25686884,342.91125,79.76994,-5.183333,WAL
1885502342000,97.984954,-2.46740876601875,-2.82024538296991,-3.30452757773064,-1.8527542,-2.4904976,0.35796702,342.40945,80.26248,-5.1884575,WAL
1885507315000,97.989927,-2.51276260941348,-3.1365951070966,-3.56678531703913,-1.8329011,-2.567161,0.44440445,341.88535,80.72981,-5.250701,WAL
1885512314000,97.994926,-2.48656110990605,-3.46848041793305,-3.88120285514002,-1.8002199,-2.5326474,0.5381723,341.33524,81.14614,-5.338768,WAL
1885517309000,97.999921,-2.49114597406973,-3.85495212165476,-4.02135097251306,-1.7458528,-2.5027149,0.659429,340.7538,81.513115,-5.4885416,WAL
1885522325000,98.004937,-2.5423637783559,-4.32615662703913,-3.8984281673526,-1.6917913,-2.5274549,0.78893244,340.1714,81.816734,-5.6657767,WAL
1885527313000,98.009925,-2.6336514853886,-4.91028174196891,-3.71481857409326,-1.6514742,-2.5442538,0.93615097,339.5817,82.08188,-5.885466,WAL
1885532310000,98.014922,-2.76176166294473,-5.60042310803109,-3.47512870924007,-1.6316211,-2.5659394,1.0091494,338.99118,82.27787,-6.1186337,WAL
1885537290000,98.019902,-2.84593715934743,-6.37205143596556,-3.29309315894356,-1.6331482,-2.5088236,1.1652255,338.40314,82.34899,-6.435604,WAL
1885542319000,98.024931,-2.75891937125093,-7.48280729131682,-3.3340428163248,-1.6432275,-2.316401,1.3503176,337.85617,82.334274,-6.781064,WAL
1885547318000,98.02993,-2.67018104071763,-8.68822543057722,-3.31574161107644,-1.6566665,-2.060143,1.5757269,337.34714,82.184525,-7.1997757,WAL
1885552405000,98.035017,-2.57517863730499,-10.1275111329953,-3.17323800595749,-1.6658295,-1.8380935,1.7498235,336.8928,81.94529,-7.653111,WAL
1885557384000,98.039996,-2.26751367146845,-11.8137146276784,-3.23975264155691,-1.7208074,-1.5873333,1.8891008,336.51495,81.64727,-8.120236,WAL
1885562318000,98.04493,-1.44081331975231,-14.1591289182229,-3.80636759540004,-1.7489072,-1.3023647,1.9620992,336.2208,81.2735,-8.611532,WAL
1885567300000,98.049912,-0.65366214245001,-15.951329113376,-4.27004192319938,-1.733941,-0.96974856,1.9758437,335.9888,80.88684,-9.07039,WAL
1885572297000,98.054909,-0.0172637312191807,-15.8955860310619,-4.38617289197243,-1.7012597,-0.57604593,1.9355265,335.8655,80.46953,-9.524026,WAL
1885577331000,98.059943,0.634611218730375,-15.6918802055583,-4.390715094549,-1.6627752,-0.12767084,1.7928895,335.78137,99.73902,-9.73599,WAL
1885582308000,98.06492,1.32714184593857,-14.8320268956607,-3.89339447250122,-1.6496416,0.27916542,1.5848899,335.8028,99.94938,-9.914848,WAL
1885587291000,98.069903,1.97564530700135,-13.9624956377969,-3.3663722001867,-1.6566665,0.54183745,1.3432927,335.87064,100.0402,-9.940782,WAL
1885592318000,98.07493,2.31021173628254,-13.0237126429831,-2.62732999296753,-1.643533,0.6533204,1.1554517,336.00827,100.119965,-9.926164,WAL
1885597300000,98.079912,2.57798472394747,-12.1078698586327,-1.88029259605639,-1.5894713,0.63804877,0.96852684,336.148,100.02926,-9.733737,WAL
1885602408000,98.08502,2.5874320577443,-11.2292672236385,-1.0536503265392,-1.5253305,0.45234573,0.7119634,336.25494,99.89535,-9.480456,WAL
1885607350000,98.089962,2.57982476501487,-10.3696797710605,-0.349074134648167,-1.5143349,0.08460484,0.45081854,336.26602,99.68336,-9.157832,WAL
1885612315000,98.094927,2.46672546030724,-9.44603476858276,-0.240687269395441,-1.5351044,-0.4728097,0.22266038,336.15265,99.434204,-8.790976,WAL
1885617324000,98.099936,2.31036130169724,-8.57143458495046,-0.20035191139998,-1.5357152,-1.0940597,0.076052725,335.8787,99.17106,-8.434539,WAL
1885622323000,98.104935,1.82189431337192,-8.14872291148828,-0.702909282301579,-1.5323554,-1.6624697,-0.028405234,335.45395,98.88027,-8.043561,WAL
1885627310000,98.109922,1.32714683378013,-7.75171953231874,-1.22621970261839,-1.5082263,-1.9004018,-0.13469578,334.95163,98.624596,-7.6772485,WAL
1885632307000,98.114919,0.734553496523301,-7.6748179743265,-2.03594649669156,-1.4865406,-2.2495112,-0.1872302,334.258,98.37128,-7.3124113,WAL
1885637628000,98.12024,0.105780182363636,-7.59536528545455,-2.88871332909091,-1.4611896,-2.3759604,-0.29443705,333.58298,98.21063,-6.99916,WAL
1885642318000,98.12493,-0.340820066746212,-7.64215221026515,-3.1864466982197,-1.3707817,-2.3231206,-0.32467487,332.86703,98.0578,-6.6957397,WAL
1885648415000,98.131027,-0.914645166793754,-7.70864265371204,-3.52365929664719,-1.3322971,-2.0546453,-0.35827246,332.20685,98.094055,-6.4908404,WAL
1885652419000,98.135031,-1.21218211912252,-7.8188413331641,-3.16000308294856,-1.3158038,-1.9590448,-0.33567044,331.51685,98.14148,-6.294686,WAL
1885657301000,98.139913,-1.57496318837053,-7.95320445831018,-2.71660407313919,-1.3213016,-1.8258762,-0.2864958,330.93674,98.317955,-6.1870675,WAL
1885662315000,98.144927,-1.84221446494961,-8.12570777793953,-2.25319137010078,-1.3833044,-1.8148806,-0.22418754,330.35168,98.52289,-6.089921,WAL
1885667275000,98.149887,-2.07271560716685,-8.30744914860022,-1.79218908566629,-1.4437801,-1.8512272,-0.16615535,329.79395,98.74933,-6.002829,WAL
1885672321000,98.154933,-2.24087131140451,-8.46234000311883,-1.47118031060401,-1.4899004,-1.8771889,-0.11178834,329.27084,99.01049,-5.9990735,WAL
1885677309000,98.159921,-2.36502433745712,-8.59642536667013,-1.24770494667845,-1.5192219,-1.8805487,-0.04337143,328.74982,99.29489,-6.0140624,WAL
1885682311000,98.164923,-2.36477693065708,-8.58302764358191,-1.02519102475618,-1.5253305,-1.840537,0.03604105,328.2455,99.558945,-6.081417,WAL
1885687351000,98.169963,-2.30771788465176,-8.50219400748695,-0.801710146025022,-1.5289958,-1.7867808,0.11148291,327.75406,99.83427,-6.1616225,WAL
1885692317000,98.174929,-2.18097754362809,-8.3958488943433,-0.684171922074122,-1.5427402,-1.7055358,0.21288654,327.2882,100.11693,-6.288711,WAL
1885697293000,98.179905,-2.01830885208062,-8.27578388654096,-0.61832982493498,-1.5549575,-1.6016886,0.3032946,326.85654,100.40248,-6.4238963,WAL
1885702365000,98.184977,-1.83898103966017,-8.14544524285122,-0.558816397157066,-1.5567901,-1.5100589,0.39920044,326.45416,100.70093,-6.592716,WAL
1885707320000,98.189932,-1.61282676956071,-7.98812039929548,-0.529317996690841,-1.5036448,-1.4404203,0.46883908,326.08698,100.99056,-6.768285,WAL
1885712310000,98.194922,-1.40699366137622,-7.84402890704333,-0.510014760177515,-1.4407257,-1.3927728,0.537256,325.7397,101.266426,-6.9349823,WAL
1885717300000,98.199912,-1.261047400544,-7.73913032525291,-0.51913642112426,-1.3271047,-1.3637567,0.58093286,325.41666,101.51724,-7.1046276,WAL
1885722304000,98.204916,-1.12346052525748,-7.63973435276292,-0.547757717587641,-1.1878275,-1.352761,0.61422503,325.0669,101.78461,-7.296156,WAL
1885727313000,98.209925,-1.02845115950683,-7.56847708663102,-0.671269895543672,-1.0311406,-1.3481796,0.6383542,324.73376,102.01929,-7.488201,WAL
1885732341000,98.214953,-0.943047295828571,-7.51110585737143,-0.8089501824,-0.9611965,-1.3277156,0.65057147,324.40656,102.25774,-7.6763716,WAL
1885737333000,98.219945,-0.911175681657143,-7.52931819474286,-1.0183922048,-0.82344633,-1.2690725,0.6560693,324.10104,102.441826,-7.8594003,WAL
1885742358000,98.22497,-0.882207219881434,-7.54937615789474,-1.23137300263158,-0.7257079,-1.176221,0.6612616,323.80194,102.645874,-8.041779,WAL
1885747354000,98.229966,-0.900655554275111,-7.59549712631579,-1.47581325877193,-0.66798115,-1.0345002,0.68539083,323.5429,102.82636,-8.218239,WAL
1885752614000,98.235226,-0.92640015173803,-7.64212061360442,-1.71919786037665,-0.6750061,-0.8744536,0.6957755,323.3129,103.03239,-8.389065,WAL
1885757417000,98.240029,-1.10309778759018,-7.63781082900778,-1.6028360163403,-0.74281216,-0.7263188,0.7086037,323.1272,103.23733,-8.55389,WAL
1885762301000,98.244913,-1.28277533360349,-7.63342836222243,-1.4845117926731,-0.8542951,-0.6389651,0.7263188,322.94992,103.48892,-8.72775,WAL
1885767362000,98.249974,-1.38078781679208,-7.70957032677228,-1.28727075441584,-0.9850202,-0.6227771,0.74189585,322.79852,103.75306,-8.893795,WAL
1885772255000,98.254867,-1.45965987627723,-7.7977215489703,-1.08313120944554,-1.1157454,-0.63438356,0.7651087,322.66772,104.037224,-9.057168,WAL
1885777349000,98.259961,-1.51380555391023,-8.04464071074089,-0.876269402605841,-1.217149,-0.6606508,0.7819075,322.5583,104.34061,-9.2475815,WAL
1885782279000,98.264891,-1.56007532390239,-8.3176322618973,-0.677309420628185,-1.2892311,-0.7171558,0.79443026,322.43958,104.65886,-9.438095,WAL
1885787359000,98.269971,-1.56680180928743,-8.6073754427542,-0.529617913403723,-1.3368785,-0.79534656,0.79076505,322.32013,104.97097,-9.639355,WAL
1885792253000,98.274865,-1.56211117085669,-8.88881374859888,-0.402970592509007,-1.3426818,-0.8622363,0.79320854,322.19086,105.28205,-9.840647,WAL
1885797359000,98.279971,-1.55048392101128,-9.2282383202995,-0.338376963603254,-1.3564262,-0.95356065,0.79198676,321.9993,105.62975,-10.098488,WAL
1885802371000,98.284983,-1.53717302565169,-9.57432067304492,-0.294007439040488,-1.3213016,-1.0079277,0.7867944,321.80338,105.95572,-10.348052,WAL
1885807408000,98.29002,-1.49750762991947,-9.99536631664258,-0.312508822907289,-1.2678508,-1.0693196,0.77824235,321.58472,106.25036,-10.589684,WAL
1885812330000,98.294942,-1.44397607784431,-10.447952245509,-0.366040456287425,-1.1945469,-1.0906999,0.77579886,321.3671,106.52299,-10.82324,WAL
1885817364000,98.299976,-1.37200506535954,-10.8472541426973,-0.457401782179624,-1.1325442,-1.135904,0.7816021,321.10522,106.801575,-11.080794,WAL
1885822361000,98.304973,-1.29284377484675,-11.215121010217,-0.564502307650092,-1.0445796,-1.1713341,0.7770206,320.84476,107.047516,-11.326342,WAL
1885827349000,98.309961,-1.16553552433391,-11.5272339698106,-0.788219446722723,-0.95569867,-1.1856894,0.7840455,320.57138,107.28434,-11.569101,WAL
1885832368000,98.31498,-1.00971426020667,-11.8096601318002,-1.08038436018033,-0.9077458,-1.205848,0.79045963,320.2914,107.50288,-11.804489,WAL
1885837340000,98.319952,-0.818641073210532,-12.0714506291921,-1.41178663783161,-0.7883216,-1.1856894,0.8078693,319.9989,107.68979,-12.028162,WAL
1885842356000,98.324968,-0.607044359625588,-12.3263286085694,-1.767653785454,-0.6450737,-1.1242975,0.8188649,319.7184,107.85592,-12.242452,WAL
1885847337000,98.329949,-0.309792391073781,-12.4840247023003,-2.02857647319843,-0.46089783,-1.0274754,0.818254,319.43488,108.00365,-12.429618,WAL
1885852436000,98.335048,0.0397743210069676,-12.5958858702873,-2.24763836113391,-0.25350907,-0.8738427,0.8008443,319.19095,108.11156,-12.600604,WAL
1885857422000,98.340034,0.505353653008776,-12.4986252039281,-2.36296211190974,-0.05497787,-0.70096785,0.7593055,318.9498,108.19535,-12.72786,WAL
1885862353000,98.344965,1.05296952071354,-12.2568846289177,-2.40736331480359,0.10903945,-0.51007247,0.68294734,318.7602,108.23129,-12.824849,WAL
1885867351000,98.349963,1.47576862070965,-11.9721085812856,-2.38292955199528,0.18387043,-0.32620203,0.5870415,318.57553,108.22936,-12.851509,WAL
1885872357000,98.354969,1.82918046098879,-11.6658185329271,-2.32167144391586,0.16279559,-0.16584991,0.45998153,318.43655,108.19243,-12.836488,WAL
1885877348000,98.35996,1.97502285474794,-11.6674035474794,-2.21893564970667,0.040011674,-0.044898596,0.32253686,318.29733,108.11725,-12.726145,WAL
1885882349000,98.364961,1.99407170701004,-11.8578920701004,-2.0903558472109,-0.092240654,-0.0012217305,0.15821409,318.1758,108.01966,-12.569786,WAL
1885887352000,98.369964,1.79204633425315,-12.1451171340732,-1.85945164022196,-0.20066923,-0.0070249503,0.0070249503,318.0467,107.90172,-12.343032,WAL
1885892320000,98.374932,1.44955632825435,-12.4923640422915,-1.56452971268746,-0.27000242,-0.059253927,-0.10415252,317.91248,107.78298,-12.085914,WAL
1885897297000,98.379909,0.958259989346753,-12.5792964604665,-1.27198035429207,-0.3155119,-0.10354166,-0.16523905,317.7681,107.65383,-11.806518,WAL
1885902378000,98.38499,0.355487412308139,-12.4898225730185,-0.975303208168006,-0.3594942,-0.14110987,-0.1777618,317.61096,107.5336,-11.518339,WAL
1885907395000,98.390007,-0.195263860636338,-12.2711861542469,-0.705702590895897,-0.37843102,-0.15241088,-0.18173242,317.4668,107.406456,-11.269125,WAL
1885912308000,98.39492,-0.698645370533073,-11.9516482724905,-0.460577677197879,-0.37873647,-0.1423316,-0.17623462,317.32178,107.2897,-11.025569,WAL
1885917305000,98.399917,-1.0771217494382,-11.7294362696629,-0.196055527865169,-0.32253686,-0.15760323,-0.14874569,317.19214,107.20623,-10.898061,WAL
1885922323000,98.404935,-1.24012850608438,-11.6734026455374,0.0943001859359763,-0.22999077,-0.16493362,-0.11759156,317.07068,107.11867,-10.77484,WAL
1885927316000,98.409928,-1.22298441017926,-11.8340517261508,0.406636866442663,-0.101098195,-0.1518,-0.09132435,316.9812,107.05435,-10.754793,WAL
1885932308000,98.41492,-1.0248813803261,-12.2130313611386,0.742550628503738,-0.028099801,-0.12461651,-0.067500606,316.89725,106.98831,-10.742692,WAL
1885937327000,98.419939,-0.792288280385852,-12.6657118392283,1.11814607845659,0.11178834,-0.11209377,-0.057726767,316.82513,106.86914,-10.758221,WAL
1885942318000,98.42493,-0.474660612433012,-13.300967175134,1.58946455693462,0.25686884,-0.124005646,-0.08307768,316.75455,106.73351,-10.770177,WAL
1885947288000,98.4299,-0.212025469204138,-13.8358885903303,1.9466164839037,0.38515055,-0.1777618,-0.13927728,316.66568,106.50108,-10.740549,WAL
1885952423000,98.435035,-0.0212276988997214,-14.2419454073816,2.14719876887187,0.5180137,-0.25717425,-0.21533,316.56467,106.233284,-10.700654,WAL
1885957341000,98.439953,0.161931356666016,-14.5500821266094,2.20142782538041,0.66523224,-0.30207285,-0.29901853,316.44336,105.84206,-10.592221,WAL
1885962315000,98.444927,0.347787913556379,-14.7452315729614,2.05738899451814,0.8405506,-0.29443705,-0.38453966,316.31216,105.411064,-10.464384,WAL
1885967270000,98.449882,0.53540369717675,-14.8614887153025,1.86484170771056,1.0241156,-0.2687807,-0.46761733,316.1634,104.89694,-10.284006,WAL
1885972325000,98.454937,0.731611793202847,-14.8279895960854,1.57292230364769,1.2211196,-0.22021692,-0.54825157,316.0227,104.34084,-10.08071,WAL
1885977249000,98.459861,0.903924264813206,-14.7477959178492,1.2964854625543,1.4165965,-0.12339478,-0.62888575,315.89676,103.73645,-9.821092,WAL
1885982300000,98.464912,1.03934284743701,-14.5610118004634,1.03031794900087,1.6227635,-0.017715093,-0.72234815,315.78815,103.08815,-9.536792,WAL
1885987306000,98.469918,1.13846904968104,-14.3231402228881,0.803908422462787,1.8628336,0.080634214,-0.8210029,315.6982,102.40216,-9.2019415,WAL
1885992317000,98.474929,1.13383060537406,-13.9288724567949,0.68794723729364,2.1135938,0.16401732,-0.91751957,315.63672,101.67486,-8.844197,WAL
1885997356000,98.479968,1.08779819268317,-13.4937924189109,0.587330408994059,2.3689353,0.23518312,-0.9993755,315.60065,100.918625,-8.449191,WAL
1886002398000,98.48501,0.867880579792079,-12.8961901177228,0.553864688114851,2.6514606,0.29168814,-1.0512991,315.5886,100.12243,-8.041682,WAL
1886007392000,98.490004,0.608113510634826,-12.3198412395926,0.525010362394937,2.953228,0.35643986,-1.0848967,315.60553,99.31281,-7.6295986,WAL
1886012316000,98.494928,0.165135294022545,-11.8209080415307,0.515684482652032,3.241251,0.3827071,-1.1181889,315.63315,98.48582,-7.211925,WAL
1886017316000,98.499928,-0.301441733772859,-11.3749446021174,0.508890664981713,3.5121698,0.3921755,-1.1670581,315.68515,97.69979,-6.8329206,WAL
1886022323000,98.504935,-0.869101154374398,-11.2918717736285,0.518120922500481,3.7091737,0.40530908,-1.2308935,315.75272,96.94766,-6.449152,WAL
1886027366000,98.509978,-1.43205655735768,-11.2395804228428,0.479344408449696,3.8304305,0.48380527,-1.2589933,315.86087,96.36376,-6.1604996,WAL
1886032304000,98.514916,-1.8765140829753,-11.569749061135,-0.142896012495524,3.8521163,0.68783426,-1.3158038,316.01703,95.886475,-5.855542,WAL
1886037311000,98.519923,-2.32718213294844,-11.9045312344701,-0.773831165932689,3.7956111,1.0088439,-1.3588698,316.2562,84.30697,-5.682023,WAL
1886042316000,98.524928,-2.81656252908311,-12.3742153047491,-1.44467510116732,3.6117408,1.2855659,-1.3603969,316.54956,84.34151,-5.517483,WAL
1886047314000,98.529926,-3.3132149309987,-12.8708675570687,-2.12279674007782,3.386637,1.3683381,-1.310306,316.8851,84.232635,-5.3690434,WAL
1886052411000,98.535023,-4.53952734721863,-13.9199738719276,-2.5671940947756,3.211624,1.3228287,-1.2623531,317.27682,83.95058,-5.4175677,WAL
1886057312000,98.539924,-5.8613371915912,-15.0362733104787,-2.94552125182605,3.0289752,1.1896601,-1.241889,317.66565,83.658165,-5.4751115,WAL
1886062313000,98.544925,-6.60530087344192,-15.4901159042232,-2.6014054920316,2.8478537,0.9428705,-1.210735,318.0185,83.326515,-5.6985874,WAL
1886067274000,98.549886,-7.20769735067785,-15.7866799649859,-2.09631937091583,2.688418,0.5867361,-1.1921035,318.2974,83.024635,-5.905983,WAL
1886072356000,98.554968,-7.5390420385507,-16.2128654033311,-2.08108945916042,2.5335636,0.14966199,-1.1756102,318.51517,82.6399,-6.239699,WAL
1886077312000,98.559924,-7.77480678330574,-16.6659037561118,-2.21977452930749,2.418721,-0.26939157,-1.20371,318.63504,82.29611,-6.5331664,WAL
1886082355000,98.564967,-7.53942738922452,-16.6098681305338,-2.55385758407448,2.3533583,-0.49693888,-1.382388,318.7176,81.90834,-6.829143,WAL
1886087312000,98.569924,-7.12098334128949,-16.3512783729821,-2.95819678969991,2.214081,-0.4550946,-1.649947,318.76337,81.59737,-7.06239,WAL
1886092317000,98.574929,-6.52553053809337,-15.6589577530404,-2.93723384101608,1.9682078,-0.30573806,-1.8637499,318.7876,81.36349,-7.2304,WAL
1886097377000,98.579989,-5.84589273738721,-14.7654484023146,-2.72336174509612,1.6539177,-0.16157386,-1.9636264,318.82648,81.21275,-7.3362737,WAL
1886102411000,98.585023,-5.0507201181045,-13.8605445573107,-2.66256179019846,1.3759739,-0.11056661,-1.9486601,318.86377,81.21571,-7.322649,WAL
1886107361000,98.589973,-4.21071323778858,-12.9629370390846,-2.67696194967598,1.2611313,-0.049480084,-1.8955148,318.94116,81.25993,-7.2868705,WAL
1886112314000,98.594926,-3.38972960509635,-12.3461433817862,-3.1071778352734,1.3396275,0.12003502,-1.7418822,319.04443,81.341415,-7.196937,WAL
1886117303000,98.599915,-2.57184139755453,-11.8554108379145,-3.73344642453292,1.5436565,0.5354234,-1.5647314,319.22812,81.401024,-7.1350803,WAL
1886122322000,98.604934,-1.81808846446659,-11.5442110924438,-3.42657226502593,1.7528778,0.82344633,-1.4605788,319.39063,81.51462,-6.983781,WAL
1886127313000,98.609925,-1.10838800919353,-11.3400501083088,-2.58076475770365,1.853976,1.3390167,-1.4431691,319.73007,81.58766,-6.8766227,WAL
1886132309000,98.614921,-0.601404737180084,-11.0819515397859,-1.65141752163797,2.0124955,1.5800029,-1.4498887,320.01508,81.74714,-6.6564627,WAL
1886137359000,98.619971,-0.191816885155886,-10.7938900460679,-0.670207104001861,2.0772474,1.59558,-1.4584408,320.3731,81.89341,-6.454256,WAL
1886142316000,98.624928,0.179527896373057,-10.5223301865285,-0.309832029274611,2.0625865,1.4285084,-1.4416419,320.73618,82.0151,-6.177863,WAL
1886147340000,98.629952,0.527501720207254,-10.2574541036269,-0.501996694041451,2.031127,1.3545936,-1.4358387,321.1219,82.11498,-5.9100976,WAL
1886152339000,98.634951,0.667186707272185,-9.99816851760844,-0.561839015758058,1.9999728,1.4926492,-1.4150693,321.54007,82.132034,-5.5907235,WAL
1886157320000,98.639932,0.705150975527258,-9.74191014046956,-0.557093488420215,2.0277672,1.6691893,-1.3564262,321.94214,82.10451,-5.297178,WAL
1886162314000,98.644926,0.742372369151206,-9.47559587570893,-0.769447600557531,2.0292943,1.781894,-1.2773192,322.34836,82.10844,-4.9624567,WAL
1886167317000,98.649929,0.779217720819956,-9.20386127069115,-1.09645003830626,1.9349157,1.9071213,-1.1801916,322.79962,82.08817,-4.669102,WAL
1886172316000,98.654928,0.8089386398211,-8.8380555990595,-1.51668152579227,1.824349,2.07572,-1.0916162,323.29147,82.03492,-4.398211,WAL
1886177313000,98.659925,0.833399537174402,-8.40265149028829,-2.00589952394193,1.7437148,2.3087652,-0.99173975,323.8258,81.96208,-4.1776257,WAL
1886182300000,98.664912,0.771107713082538,-8.01834351796743,-2.36670535460416,1.6945401,2.5305092,-0.88239485,324.38092,81.91312,-3.978085,WAL
1886187328000,98.66994,0.653949121010668,-7.66236196490736,-2.65058959413251,1.6685784,2.6642888,-0.7901542,324.96362,81.85544,-3.8186023,WAL
1886192315000,98.674927,0.49311659876006,-7.31021872389468,-2.95197045594635,1.6588045,2.7302623,-0.7049385,325.57437,81.8325,-3.6571813,WAL
1886197350000,98.679962,0.282322174199702,-6.95570094719324,-3.27774366026826,1.6542231,2.8002062,-0.659429,326.21008,81.7992,-3.5257204,WAL
1886202336000,98.684948,0.119103831305373,-6.60874641592182,-3.50314904178371,1.6438384,2.8469374,-0.6178902,326.85654,81.76418,-3.4093986,WAL
1886207364000,98.689976,0.00559313352715844,-6.2634845554366,-3.62138936843139,1.6536123,2.919936,-0.57910025,327.51648,81.71307,-3.3182235,WAL
1886212297000,98.694909,-0.132876191885305,-5.97179444446834,-3.66258509328554,1.6536123,2.9123,-0.5494733,328.18497,81.65842,-3.2151666,WAL
1886217300000,98.699912,-0.309186007531183,-5.738241182681,-3.60534163997133,1.6423112,2.8805351,-0.56138515,328.85767,81.59991,-3.1216974,WAL
1886222251000,98.704863,-0.483663300607885,-5.5071154183178,-3.54869316158662,1.5800029,2.837469,-0.5558874,329.54138,81.5396,-3.0331345,WAL
1886227312000,98.709924,-0.662017083734767,-5.2708545632497,-3.49078608238949,1.5497651,2.8319712,-0.5323691,330.21826,81.47017,-2.9546726,WAL
1886232271000,98.714883,-0.845603673478036,-5.0665473523622,-3.40517987926855,1.5198327,2.7898216,-0.52870387,330.88004,81.407906,-2.8534756,WAL
1886237332000,98.719944,-1.06153131713013,-4.9460297992126,-3.22440333980522,1.4743233,2.7302623,-0.53878313,331.52713,81.35369,-2.761986,WAL
1886242249000,98.724861,-1.28023156744533,-4.77704182952286,-2.96875783633201,1.4101825,2.6392434,-0.56046885,332.20114,81.25023,-2.7167332,WAL
1886247352000,98.729964,-1.52798429719682,-4.48071021371769,-2.51697336920477,1.3417655,2.5262332,-0.59040123,332.84714,81.16143,-2.6702662,WAL
1886252295000,98.734907,-1.74876894941535,-4.17207213583571,-2.09641922538076,1.2287555,2.406809,-0.63071835,333.4994,81.05714,-2.6409857,WAL
1886257352000,98.739964,-1.92960184321509,-3.80564729234549,-1.70620084160362,1.0784826,2.3084598,-0.65240407,334.12155,80.98282,-2.611664,WAL
1886262284000,98.744896,-2.10090327172252,-3.4633348686263,-1.32345171668528,0.9049969,2.1911736,-0.66889745,334.7521,80.8508,-2.6238585,WAL
1886267303000,98.749915,-2.26102914085832,-3.15721206286498,-0.927846784730551,0.7254025,2.079996,-0.66767573,335.35324,80.76234,-2.6379259,WAL
1886272293000,98.754905,-2.405824473133,-2.86156748408212,-0.52497483809283,0.54458636,1.9825631,-0.6704246,335.96384,80.62851,-2.6921053,WAL
1886277272000,98.759884,-2.50040527665377,-2.59674127372806,-0.0899030727650501,0.36377025,1.8848248,-0.65576386,336.53925,80.54191,-2.753355,WAL
1886282307000,98.764919,-2.59862922092076,-2.38666755644734,0.344361207972092,0.16798794,1.754405,-0.64996064,337.11127,80.4016,-2.856289,WAL
1886287275000,98.769887,-2.7052401327969,-2.39635945752699,0.75142137210328,-0.022602014,1.6377298,-0.65026605,337.65662,80.30671,-2.9645116,WAL
1886292291000,98.774903,-2.80288632797279,-2.43699525708933,1.11113247195819,-0.19394971,1.5140295,-0.659429,338.17514,80.097786,-3.117743,WAL
1886297282000,98.779894,-2.86886639327549,-2.57366824598699,1.3090726186551,-0.35002577,1.4196508,-0.6383542,338.66577,79.934395,-3.2816105,WAL
1886302276000,98.784888,-2.93107156661316,-2.72208826645265,1.47235329662921,-0.49480084,1.3631458,-0.6114761,339.1876,79.76487,-3.4523659,WAL
1886307279000,98.789891,-2.97913810995185,-2.91435443980738,1.50599987696629,-0.61300325,1.3200798,-0.5861252,339.68356,79.627144,-3.6299474,WAL
1886312285000,98.794897,-3.00108367369985,-3.07290353996038,1.5114752315998,-0.70738196,1.2944235,-0.5555819,340.20047,79.5088,-3.8162148,WAL
1886317287000,98.799899,-2.92990513937593,-3.11086557358098,1.41657051916791,-0.8151997,1.2803736,-0.5225952,340.7048,79.41906,-4.012443,WAL
1886322299000,98.804911,-2.84620581914894,-3.13640052663515,1.31775054783294,-0.91354895,1.255328,-0.52106804,341.2179,79.33168,-4.1965523,WAL
1886327352000,98.809964,-2.71273808111702,-3.1125670108747,1.20334957263593,-0.9431759,1.2012665,-0.4908302,341.71323,79.24391,-4.398753,WAL
1886332308000,98.81492,-2.5778744239718,-3.0916712949765,1.08552993412456,-1.0241156,1.1343768,-0.47067168,342.18243,79.186295,-4.5808134,WAL
1886337345000,98.819957,-2.42199239424207,-3.08222386186839,0.939095367097532,-1.1050552,1.0549643,-0.44043383,342.62842,79.127884,-4.773262,WAL
1886342333000,98.824945,-2.27426009716719,-3.08084511307165,0.811595796459915,-1.1707232,0.9627236,-0.41599923,343.0851,79.11379,-4.891489,WAL
1886347450000,98.830062,-2.16538135562859,-3.1307478952694,0.7934493663803,-1.2330315,0.84940815,-0.3894266,343.5083,79.111435,-5.017803,WAL
1886352621000,98.835233,-2.06116479809465,-3.18797893574063,0.787617359250154,-1.3206906,0.7180721,-0.37843102,343.90137,79.172165,-5.0888624,WAL
1886357439000,98.840051,-2.12142896100184,-3.42549052991703,1.12084254336202,-1.3842206,0.56321776,-0.35308012,344.2501,79.23169,-5.168862,WAL
1886362307000,98.844919,-2.1823185303319,-3.66546696006454,1.45752585516288,-1.4908166,0.3744604,-0.3417791,344.55698,79.34538,-5.203723,WAL
1886367335000,98.849947,-2.24839833685996,-3.92936097508746,1.81263381889113,-1.5778649,0.18173242,-0.3203988,344.81378,79.45913,-5.244574,WAL
1886372365000,98.854977,-2.3198919509806,-4.22044189738153,2.18031503441111,-1.6905695,-0.015577064,-0.30482176,345.01276,79.59876,-5.280477,WAL
1886377300000,98.859912,-2.40903579229955,-4.63051570083742,2.60017829026855,-1.8148806,-0.21685717,-0.28008172,345.16318,79.72669,-5.3488913,WAL
1886382375000,98.864987,-2.52131370692078,-5.18722693387237,3.09607232362114,-1.9376645,-0.38973203,-0.22357668,345.26218,79.86792,-5.4226995,WAL
1886387455000,98.870067,-2.60464736093908,-6.13487633434527,3.64954649894758,-2.0286834,-0.5170974,-0.13439035,345.34134,80.03259,-5.51801,WAL
1886392359000,98.874971,-2.6474201958308,-7.55588799838089,4.2578723150172,-2.0796907,-0.5531385,0.007330383,345.39185,80.18933,-5.638832,WAL
1886397364000,98.879976,-2.57328780302516,-9.37123408546326,4.94644174211262,-2.104736,-0.5589417,0.14660765,345.42242,80.28818,-5.80703,WAL
1886402383000,98.884995,-2.3477385230631,-11.6603190079872,5.72386710323482,-2.0463986,-0.473726,0.34208453,345.4587,80.33465,-6.028355,WAL
1886407288000,98.8899,-1.89900491306026,-13.6237480780647,6.87724471059662,-1.8661933,-0.226631,0.48808134,345.54037,80.29024,-6.2557683,WAL
1886412296000,98.894908,-1.13026789499357,-15.2561276534085,8.59029436093796,-1.4679092,-0.007330383,0.6056729,345.62704,80.15434,-6.52176,WAL
1886417616000,98.900228,-0.00600339499101354,-16.5318288585606,9.98904136860202,-0.795652,0.07574729,0.5833763,345.73813,79.978264,-6.676397,WAL
1886422903000,98.905515,1.50541683142143,-17.2123637149332,10.8397100423537,0.09896017,0.20250183,0.23671028,345.92368,79.7229,-6.7708607,WAL
1886427249000,98.909861,2.74782884276784,-17.7717744366648,11.538973529421,0.8897252,0.22724187,-0.025045475,346.00638,79.35038,-6.7468286,WAL
1886432380000,98.914992,4.13162939838404,-18.2324264425935,10.8706922887781,1.1658363,0.4615087,-0.49296826,346.2022,78.99876,-6.5792484,WAL
1886437385000,98.919997,5.46559509878304,-18.6436137777556,9.93356906932668,1.4740179,0.93126404,-0.70341134,346.46936,78.4552,-6.4268045,WAL
1886442381000,98.924993,5.36491927241765,-18.1052482607767,8.67534251412159,1.566564,1.3475688,-0.72143185,346.68143,78.03032,-5.9554944,WAL
1886447359000,98.929971,5.02079477841602,-17.4073054325946,7.36670076143758,1.4926492,1.606881,-0.7367035,347.00488,77.55401,-5.471419,WAL
1886452453000,98.935065,4.16279574133383,-15.638083466097,6.33010215522014,1.3518448,1.7241671,-0.72601336,347.35663,77.2324,-4.8356085,WAL
1886457285000,98.939897,3.28594949619171,-13.8285133795281,5.3844835701932,1.1985176,1.7275269,-0.691194,347.76035,76.88126,-4.250185,WAL
1886462338000,98.94495,2.32642409789635,-11.7005395094664,4.67656959533372,1.0396926,1.6618589,-0.6536258,348.2162,76.62608,-3.7324822,WAL
1886467369000,98.949981,1.35432877448843,-9.48913791480206,4.08225541977434,0.86254174,1.5690074,-0.6102544,348.66168,76.38786,-3.251293,WAL
1886472357000,98.954969,0.464609541748546,-7.53742438648486,3.69176788749749,0.659429,1.4608842,-0.54641896,349.12247,76.19137,-2.9256313,WAL
1886477353000,98.959965,-0.384467420433126,-5.71934402169641,3.4135393251153,0.4266894,1.3326025,-0.47311515,349.5412,76.0413,-2.6191971,WAL
1886482341000,98.964953,-1.02830658812205,-4.44966851103342,3.21083156534689,0.16798794,1.2382239,-0.37904188,349.96216,75.910995,-2.482817,WAL
1886487424000,98.970036,-1.56761159567744,-3.46831029048311,3.04727177729749,-0.095294975,1.1710287,-0.25809056,350.34262,75.84168,-2.3717003,WAL
1886492331000,98.974943,-2.09486938192373,-2.84706386638262,2.91051072268854,-0.37568212,1.1236867,-0.13805555,350.72516,75.796074,-2.4071448,WAL
1886497375000,98.979987,-2.64543181417767,-2.6309552230081,2.79731096222838,-0.64660084,1.0778717,-0.002443461,351.07776,75.81411,-2.477309,WAL
1886502342000,98.984954,-3.00326683395413,-2.76865836622231,2.90066469504019,-0.87872964,0.9578367,0.1020145,351.4046,75.85122,-2.6551828,WAL
1886507366000,98.989978,-3.2202083936483,-3.18367720770437,3.17419972864144,-1.0913107,0.700357,0.20433442,351.66998,75.94633,-2.8586462,WAL
1886512308000,98.99492,-3.34261759745729,-3.82588861968613,3.52298629843067,-1.278541,0.34605515,0.2733622,351.88846,76.07342,-3.1422894,WAL
1886517347000,98.999959,-3.38096284592769,-4.7030365287942,3.954370593971,-1.4126259,0.10934488,0.30879238,352.06244,76.22942,-3.4371195,WAL
1886522290000,99.004902,-3.41861500636943,-5.96721952070064,4.40387447842357,-1.4523321,-0.4392121,0.32467487,352.05673,76.37004,-3.7304997,WAL
1886527337000,99.009949,-3.45709757770701,-7.67007470879777,4.88971719270502,-1.4395039,-1.0925325,0.35918877,351.95108,76.51428,-4.0181823,WAL
1886532292000,99.014904,-3.55229920178235,-9.8277741673433,5.00203627406674,-1.323745,-1.7256943,0.39920044,351.70218,76.60852,-4.2711587,WAL
1886537394000,99.020006,-3.71195941855629,-12.5710269644519,4.72625966000594,-1.146594,-2.2094996,0.47525316,351.3081,76.66419,-4.511434,WAL
1886542347000,99.024959,-4.03526170747143,-14.601740220627,4.0815462886903,-0.9728029,-2.4352143,0.56382865,350.82166,76.68681,-4.713968,WAL
1886547321000,99.029933,-4.54236394649868,-15.9555645024905,3.02547126255494,-0.7819075,-2.450486,0.6239988,350.2592,76.64797,-4.9075007,WAL
1886552382000,99.034994,-4.42279725286344,-17.1976051101322,1.84741672539648,-0.4831944,-2.2018638,0.6249151,349.77707,76.701,-5.049051,WAL
1886557346000,99.039958,-3.48038881081298,-18.2399655907088,0.557554658944734,0.076052725,-1.7333301,0.56779927,349.36032,76.6314,-5.1943336,WAL
1886562285000,99.044897,-2.61394792815304,-17.7168725106005,-0.573317445896854,0.66339964,-1.382999,0.3567453,349.1297,76.70772,-5.2853317,WAL
1886567349000,99.049961,-1.82487420974263,-15.0053279686421,-1.5202058830214,0.98440933,-1.201572,0.02321288,348.9964,76.71482,-5.338953,WAL
1886572247000,99.054859,-1.25800244301003,-12.3302575310235,-2.27833588658791,0.91354895,-0.9786061,-0.2706133,348.88043,76.85531,-5.25471,WAL
1886577351000,99.059963,-0.986258024370098,-9.45753094708627,-2.81211958415566,0.49510628,-0.6377433,-0.47525316,348.86154,77.02055,-5.1255126,WAL
1886582263000,99.064875,-0.849577711667803,-7.14242753024048,-3.00348564816474,-0.13103059,-0.38240165,-0.56199604,348.8235,77.30733,-4.916293,WAL
1886587308000,99.06992,-0.920138031626911,-5.5242445415831,-2.65538811423425,-0.6899723,-0.44073927,-0.60139686,348.79785,77.69719,-4.6707196,WAL
1886592257000,99.074869,-1.06098233570937,-4.1728776566021,-2.27267481458067,-1.094976,-0.68691796,-0.52870387,348.75018,78.179214,-4.4554605,WAL
1886597337000,99.079949,-1.36232547836988,-3.30233077782912,-1.78956911209321,-1.3264939,-0.89949906,-0.42149702,348.69122,78.75911,-4.241257,WAL
1886602300000,99.084912,-1.62407908757396,-2.55255333775148,-1.56126882272189,-1.4608842,-1.099252,-0.29443705,348.56683,79.32481,-4.0745516,WAL
1886607324000,99.089936,-1.80913247928994,-2.04009785625247,-1.92663065120316,-1.5787812,-1.3008375,-0.1740966,348.37473,79.93121,-3.9284732,WAL
1886612273000,99.094885,-1.98207022347382,-1.69722187371974,-2.32838691968367,-1.670411,-1.3692545,-0.024129177,348.20877,80.47006,-3.8634531,WAL
1886617297000,99.099909,-2.13055551493876,-1.81786619120455,-2.8573657160189,-1.779756,-1.4266758,0.080634214,347.98602,81.02497,-3.8134553,WAL
1886622294000,99.104906,-2.31444928387894,-2.02984833400257,-3.33720685858966,-1.8417587,-1.4391985,0.29993483,347.8198,81.58434,-3.837046,WAL
1886627312000,99.109924,-2.65665698260311,-2.64297046295124,-3.61762715058847,-1.9544634,-1.5360206,0.47311515,347.61252,82.15121,-3.874032,WAL
1886632311000,99.114923,-2.97162815143611,-3.23200673177022,-3.88931196635404,-2.0030272,-1.7626517,0.6105598,347.37564,82.71371,-3.9803033,WAL
1886637339000,99.119951,-3.15979613936108,-3.71653911770223,-4.12452196354045,-2.0054705,-2.0302107,0.7199047,347.09982,83.21964,-4.125824,WAL
1886642294000,99.124906,-3.31357137332934,-4.1845198850788,-4.344496634231,-1.9685133,-2.2311852,0.7965683,346.76785,83.637924,-4.3671823,WAL
1886647371000,99.129983,-3.23112926891083,-4.59188102651107,-4.48028344506284,-1.9437732,-2.3020456,0.86498517,346.40387,83.951256,-4.634562,WAL
1886652360000,99.134972,-3.14342234908836,-5.01597678106592,-4.57510766339411,-1.9184223,-2.2461514,0.9431759,346.01447,84.12895,-4.966882,WAL
1886657436000,99.140048,-3.00706365888599,-5.61498088565418,-4.39978957988379,-1.892155,-2.1343632,1.0372492,345.63113,84.16306,-5.3219976,WAL
1886662297000,99.144909,-2.88889238735259,-6.22528556916274,-4.21191198018868,-1.8664987,-2.0060816,1.1600331,345.24982,84.0573,-5.7082934,WAL
1886667357000,99.149969,-2.86032014462461,-7.1395996238011,-3.86428202421384,-1.8359555,-1.9004018,1.2956452,344.90524,83.80553,-6.124338,WAL
1886672300000,99.154912,-2.82418514390968,-8.03725480627847,-3.53736579354328,-1.8362609,-1.8298469,1.4196508,344.5677,83.44011,-6.5560317,WAL
1886677354000,99.159966,-2.69477016167558,-9.0054700265003,-3.34564001628045,-1.8329011,-1.7525724,1.520749,344.27408,97.03172,-7.0167375,WAL
1886682373000,99.164985,-2.55927123377254,-9.96113484475926,-3.15193162150783,-1.8399261,-1.6508633,1.6236799,344.0111,97.56492,-7.4855,WAL
1886687377000,99.169989,-2.34088133557559,-10.844190139786,-2.91929891356251,-1.8347337,-1.5503759,1.7354681,343.7816,98.15988,-7.97863,WAL
1886692436000,99.175048,-2.10387399433568,-11.7198148583919,-2.70227960112146,-1.7919732,-1.5613716,1.8194622,343.54382,98.74228,-8.441354,WAL
1886697338000,99.17995,-1.66663203993537,-12.3489074983843,-2.72458784746246,-1.7278323,-1.6019942,1.8942931,343.3369,99.35816,-8.9245615,WAL
1886702789000,99.185401,-1.18005470642918,-13.040490553765,-2.75647588808783,-1.6560557,-1.5891659,1.9523253,343.14026,99.91429,-9.351225,WAL
1886707396000,99.190008,-0.760098483002545,-13.4354990147017,-2.95190108552446,-1.572978,-1.452943,1.9388863,342.97537,100.45925,-9.76838,WAL
1886712248000,99.19486,-0.317809011314673,-13.8515140032985,-3.15771898393177,-1.5317446,-1.3457361,1.8793269,342.78128,100.91287,-10.089231,WAL
1886717361000,99.199973,0.236111136675944,-13.9461001272366,-3.40004059053678,-1.5271631,-1.0574077,1.8316795,342.6851,101.356895,-10.397273,WAL
1886722254000,99.204866,0.785753217735586,-13.9600738737575,-3.63759773470179,-1.529912,-0.66706485,1.6933185,342.65125,101.753204,-10.651733,WAL
1886727355000,99.209967,1.48744667270776,-13.7418209851736,-4.05313402360515,-1.5454891,-0.24740042,1.5201381,342.6797,102.0704,-10.793511,WAL
1886732273000,99.214885,2.19493845734686,-13.4753634381584,-4.49416781030043,-1.5540411,0.2312125,1.3478742,342.83603,102.35524,-10.883689,WAL
1886737424000,99.220036,2.4796520198126,-12.985507693779,-3.92832243988601,-1.4624114,0.65668017,1.108415,343.0575,102.529816,-10.824631,WAL
1886742331000,99.224943,2.61129883792504,-12.4543808775116,-3.0748875859544,-1.4810427,0.77304995,0.7959574,343.31558,102.67386,-10.695475,WAL
1886747397000,99.230009,2.59526565259217,-11.676800239219,-2.23410078222917,-1.6502525,0.52656585,0.5384777,343.54144,102.7693,-10.436406,WAL
1886752402000,99.235014,2.51349383830917,-10.8091098918586,-1.42092546789878,-1.8173242,0.028710667,0.35827246,343.7093,102.84133,-10.127124,WAL
1886757309000,99.239921,2.2929631123976,-10.0196179278721,-0.956696225257742,-1.9486601,-0.65270954,0.18692477,343.75452,102.80375,-9.733506,WAL
1886762353000,99.244965,1.96481443031968,-9.25232928371628,-0.720236140634366,-2.0421226,-1.3335189,0.02076942,343.63623,102.78126,-9.325147,WAL
1886767303000,99.249915,1.57338900991935,-8.60753127966901,-0.904139026370588,-2.0592268,-1.8304577,-0.12767084,343.38568,102.704735,-8.914006,WAL
1886772290000,99.254902,1.12816028523096,-8.03723829003876,-1.39439088539332,-2.006387,-2.0793853,-0.2415972,342.99747,102.63027,-8.494683,WAL
1886777378000,99.25999,0.709777089067234,-7.71470262037825,-2.02756523135954,-1.8793269,-2.1288655,-0.34238997,342.49866,102.62344,-8.156029,WAL
1886782348000,99.26496,0.318596912723042,-7.52618189337558,-2.71095228849391,-1.7275269,-1.9843957,-0.4007276,341.9818,102.60149,-7.802363,WAL
1886787337000,99.269949,-0.0798335425338606,-7.48497177654968,-2.83877953064755,-1.5748106,-1.7589865,-0.44012842,341.50467,102.65918,-7.5065246,WAL
1886792331000,99.274943,-0.481737509774592,-7.52279810501236,-2.66856139817103,-1.491733,-1.6688838,-0.4596761,341.02728,102.70296,-7.200932,WAL
1886797328000,99.27994,-0.777619212293569,-7.61263299310278,-2.43605349901885,-1.4926492,-1.6859881,-0.41691554,340.55902,102.93384,-7.022339,WAL
1886802417000,99.285029,-1.01434144300369,-7.73572855682922,-2.16145567639402,-1.500285,-1.7354681,-0.34788775,340.1075,103.153786,-6.843296,WAL
1886807389000,99.290001,-1.19570761621462,-7.92545042390768,-1.90719472857284,-1.4816537,-1.781283,-0.2678644,339.679,103.406334,-6.745924,WAL
1886812359000,99.294971,-1.34123459846139,-8.16486579919124,-1.66308488706973,-1.4618006,-1.7950275,-0.19242255,339.25064,103.669,-6.6671734,WAL
1886817341000,99.299953,-1.45910295706092,-8.38724850197785,-1.46934280085047,-1.4514158,-1.7809776,-0.1563815,338.8464,103.9194,-6.628803,WAL
1886822360000,99.304972,-1.55417022246835,-8.59639666455696,-1.31723523575949,-1.4459181,-1.715615,-0.07819075,338.46286,104.177345,-6.619016,WAL
1886827349000,99.309961,-1.53145240651955,-8.70076856600161,-1.15197195227731,-1.4337007,-1.632232,-0.00030543262,338.11548,104.40173,-6.6240187,WAL
1886832352000,99.314964,-1.40109728548972,-8.71042419467956,-0.973337104885127,-1.4333953,-1.5512923,0.106595986,337.79623,104.635826,-6.6522856,WAL
1886837341000,99.319953,-1.2366824816113,-8.64382162022806,-0.801802383849281,-1.4285084,-1.4682146,0.19333886,337.52997,104.8597,-6.6976404,WAL
1886842345000,99.324957,-1.04185686469509,-8.51077029647992,-0.635487852065444,-1.4107933,-1.3707817,0.27214047,337.29977,105.08599,-6.7610946,WAL
1886847381000,99.329993,-0.843662635317656,-8.37960302717123,-0.510694270890228,-1.396438,-1.2837334,0.3454443,337.04745,105.34481,-6.866026,WAL
1886852511000,99.335123,-0.639787661451438,-8.24854016925205,-0.423319265436222,-1.3429873,-1.2024882,0.40103304,336.82852,105.58887,-6.97724,WAL
1886857389000,99.340001,-0.479695589892051,-8.14798737708538,-0.373617632100098,-1.2528846,-1.1374311,0.43310347,336.59866,105.83625,-7.100107,WAL
1886862353000,99.344965,-0.349067564533857,-8.06867761241413,-0.354956489795878,-1.1386528,-1.0864239,0.46517387,336.39453,106.06339,-7.2292056,WAL
1886867339000,99.349951,-0.307663729571106,-8.05957697232309,-0.404637708073413,-0.99296147,-1.0320568,0.48563787,336.18164,106.26061,-7.3475637,WAL
1886872361000,99.354973,-0.373747354672686,-8.1351011688095,-0.536804977991952,-0.8518516,-0.97066486,0.48838675,335.98886,106.425735,-7.4614606,WAL
1886877325000,99.359937,-0.4979495340148,-8.18642448534781,-0.654031177270844,-0.7318166,-0.8927795,0.48838675,335.8017,106.569016,-7.568009,WAL
1886882331000,99.364943,-0.706082328994573,-8.20534553537247,-0.753367267800691,-0.6469063,-0.8008443,0.49021935,335.6385,106.68168,-7.666373,WAL
1886887343000,99.369955,-0.941186581590932,-8.20553108440441,-0.84245077776136,-0.5891795,-0.7153232,0.5006041,335.50677,106.79275,-7.769767,WAL
1886892319000,99.374931,-1.21608673647404,-8.17659414118004,-0.914792954528894,-0.5900958,-0.63621616,0.51068336,335.40097,106.89419,-7.863815,WAL
1886897266000,99.379878,-1.49060303247331,-8.1272995591637,-1.0011635390866,-0.6392705,-0.5870415,0.5314528,335.33185,107.02848,-7.9932704,WAL
1886902457000,99.385069,-1.78054763060498,-8.04375632562278,-1.11419279181495,-0.7021896,-0.5729916,0.57635134,335.2787,107.16777,-8.125502,WAL
1886907298000,99.38991,-1.99421610113348,-7.98768273861638,-1.22628143016416,-0.81092364,-0.61544675,0.61483586,335.25238,107.36683,-8.30466,WAL
1886912357000,99.394969,-2.12677168891929,-7.96401211559508,-1.35410284391245,-0.93370754,-0.62858033,0.67011917,335.24332,107.58862,-8.493337,WAL
1886917265000,99.399877,-2.21380669619927,-8.0066284430386,-1.46937123651881,-0.9877691,-0.6582073,0.69913524,335.24973,107.85819,-8.731122,WAL
1886922364000,99.404976,-2.21865259311303,-8.18592657824749,-1.57113512230823,-1.1068878,-0.69974613,0.7309003,335.25378,108.174355,-8.980746,WAL
1886927281000,99.409893,-2.19271509905091,-8.37148570256926,-1.61580583188573,-1.1933253,-0.7162395,0.7663304,335.2724,108.53431,-9.264285,WAL
1886932326000,99.414938,-2.10007775565142,-8.58918366752948,-1.54632784851884,-1.2846496,-0.7287622,0.79259765,335.28247,108.91651,-9.549062,WAL
1886937362000,99.419974,-1.99990972588598,-8.85890056394453,-1.42351578908577,-1.3432927,-0.75594574,0.81031275,335.27908,109.32491,-9.844352,WAL
1886942353000,99.424965,-1.87716234847458,-9.28606172033898,-1.13874181299435,-1.3707817,-0.7910705,0.8332202,335.27274,109.73911,-10.141197,WAL
1886947340000,99.429952,-1.76959388591285,-9.73659629921112,-0.862756234855372,-1.3713925,-0.86101454,0.8399397,335.2167,110.14346,-10.435628,WAL
1886952478000,99.43509,-1.69565600067618,-10.2587822216379,-0.599352683966942,-1.3487904,-0.9483683,0.8417723,335.14868,110.53933,-10.731153,WAL
1886957363000,99.439975,-1.63280920638842,-10.7578198486071,-0.355659736114185,-1.3231341,-1.0259482,0.82741696,335.0194,110.88307,-11.01505,WAL
1886962351000,99.444963,-1.60459634386259,-11.2797579035338,-0.139360970226203,-1.2592987,-1.104139,0.8246681,334.86856,111.20511,-11.302746,WAL
1886967325000,99.449937,-1.5630947768932,-11.7584253421359,0.040564748175534,-1.178359,-1.1771374,0.8051204,334.66577,111.4539,-11.56675,WAL
1886972351000,99.454963,-1.43224774650485,-11.9640419299029,-0.0155125696625243,-1.0815369,-1.2244794,0.77304995,334.44843,111.67463,-11.82413,WAL
1886977325000,99.459937,-1.29589323859649,-12.1600236315789,-0.10164856754386,-0.95325524,-1.2479976,0.76174897,334.18695,111.83701,-12.082544,WAL
1886982339000,99.464951,-1.06872296309876,-12.2594111336487,-0.589118063512714,-0.7648033,-1.2577715,0.75869465,333.91504,111.95445,-12.330489,WAL
1886987494000,99.470106,-0.825776804420053,-12.3630536273114,-1.10225993005043,-0.535118,-1.2040154,0.7672467,333.6402,112.02225,-12.54791,WAL
1886992321000,99.474933,-0.487517512429546,-12.4773303345199,-1.72392569457134,-0.2501493,-1.078788,0.75686204,333.38235,112.02816,-12.747458,WAL
1886997529000,99.480141,-0.116150479276674,-12.5870465543224,-2.38479936451519,0.05100725,-0.8735373,0.72356987,333.1621,112.00358,-12.884213,WAL
1887002395000,99.485007,0.32844382783197,-12.4827032564252,-2.85207705265771,0.30482176,-0.6243043,0.66645396,332.98932,111.919754,-12.992319,WAL
1887007718000,99.49033,0.812067693819951,-12.3601450649448,-3.34465015882463,0.44868052,-0.33964106,0.58032197,332.88275,111.81737,-12.996971,WAL
1887012352000,99.494964,1.17753137355231,-12.0818938766611,-3.39448604044544,0.46028697,-0.20891592,0.52290064,332.80316,111.68651,-12.985708,WAL
1887017286000,99.499898,1.5666547649635,-11.785629016283,-3.44754824154969,0.4071417,0.003970624,0.40011674,332.79938,111.534386,-12.837034,WAL
1887022299000,99.504911,1.70063808644407,-11.7197748949315,-3.33121895046486,0.20219639,0.15485434,0.27305678,332.81006,111.408936,-12.669802,WAL
1887027249000,99.509861,1.77646369376187,-11.705557810057,-3.17956788428471,-0.079107046,0.24678956,0.12980886,332.85123,111.29525,-12.456808,WAL
1887032328000,99.51494,1.51633759373798,-11.9468806360139,-2.71229153990958,-0.34300083,0.2501493,0.0021380284,332.87088,111.204865,-12.170022,WAL
1887037281000,99.519893,1.18782253166603,-12.2388941939207,-2.18757993412851,-0.5564982,0.15699236,-0.11209377,332.87622,111.15381,-11.855087,WAL
1887042349000,99.524961,0.709945803542186,-12.3265459613507,-1.60418903191553,-0.68539083,0.026267206,-0.1853976,332.84476,111.11938,-11.523285,WAL
1887047315000,99.529927,0.193572842753262,-12.3407578529734,-1.01675560388485,-0.70707655,-0.09682214,-0.22937989,332.7815,111.10466,-11.183129,WAL
1887052428000,99.53504,-0.38427720723391,-12.12929828832,-0.52211412032335,-0.63591075,-0.19303341,-0.24648413,332.6845,111.051254,-10.896232,WAL
1887057253000,99.539865,-0.944578489542958,-11.8563310015546,-0.0911131570110893,-0.48502702,-0.2666427,-0.23915374,332.5602,110.98613,-10.619134,WAL
1887062349000,99.544961,-1.26873885178483,-11.7598122018495,0.100915944090683,-0.301462,-0.31306845,-0.22266038,332.42734,110.87591,-10.438742,WAL
1887067333000,99.549945,-1.52027831373173,-11.7123519540618,0.224312672586258,-0.10598512,-0.33200526,-0.183565,332.28757,110.73268,-10.273826,WAL
1887072349000,99.554961,-1.47067432884673,-12.0756438262606,0.283585358829755,0.058337633,-0.31337386,-0.14172074,332.16806,110.562744,-10.212306,WAL
1887077323000,99.559935,-1.34700876912631,-12.5370115047429,0.326392685537694,0.18173242,-0.26236662,-0.11362094,332.05713,110.36095,-10.157084,WAL
1887082341000,99.564953,-1.1090153592223,-13.1253066667989,0.449072531562345,0.2770274,-0.16615535,-0.11148291,331.97684,110.137085,-10.14051,WAL
1887087332000,99.569944,-0.843498105087789,-13.7416860076381,0.591313897725424,0.3839288,-0.0870483,-0.15760323,331.90652,109.881325,-10.115392,WAL
1887092319000,99.574931,-0.534162891851412,-14.1907122567608,0.759139572140664,0.5158757,-0.053145275,-0.22082779,331.83832,109.571175,-10.057692,WAL
1887097383000,99.579995,-0.207487050971768,-14.5990572647845,0.936889669186726,0.66339964,-0.043676864,-0.29046643,331.78342,109.22942,-9.981921,WAL
1887102411000,99.585023,0.0688833136978305,-14.9191505056912,0.90797334137562,0.8176431,-0.028710667,-0.36468655,331.71677,108.78885,-9.833039,WAL
1887107461000,99.590073,0.332364290349256,-15.2155666891721,0.818578009485358,0.98532563,-0.009773844,-0.43890667,331.65244,108.3082,-9.666845,WAL
1887112343000,99.594955,0.6019352808299,-15.367387518246,0.601822554758682,1.1490375,0.058337633,-0.4728097,331.59018,107.738594,-9.435724,WAL
1887117356000,99.599968,0.884504636280165,-15.4709959111242,0.328672185691583,1.2293663,0.13744467,-0.5561928,331.53275,107.142365,-9.173469,WAL
1887122354000,99.604966,1.10708353375835,-15.358319726776,0.154758180777171,1.4101825,0.20555615,-0.65087694,331.48502,106.46917,-8.855557,WAL
1887127349000,99.609961,1.30071297501518,-15.1404867759563,0.0288990480039466,1.572978,0.24312437,-0.75625116,331.45105,105.78115,-8.515704,WAL
1887132341000,99.614953,1.34333799005392,-14.7425214550629,0.0335016089631516,1.7602082,0.24495697,-0.8775079,331.42242,105.04897,-8.10683,WAL
1887137385000,99.619997,1.31921906694628,-14.2601424892151,0.0962108528644897,1.9575176,0.22143865,-0.9978484,331.3976,104.275696,-7.6780496,WAL
1887142351000,99.624963,1.13789593909622,-13.5486894727114,0.166514762218115,2.1939225,0.20830505,-1.0968086,331.3758,103.4559,-7.2064104,WAL
1887147372000,99.629984,0.885283987522132,-12.7253622174336,0.241362744251386,2.4663684,0.20586158,-1.1612549,331.35266,102.584595,-6.7226367,WAL
1887152463000,99.635075,0.503222657506783,-11.955175603256,0.239619392746458,2.7705793,0.23884831,-1.1979067,331.34183,101.66177,-6.237533,WAL
1887157386000,99.639998,0.0673379172505276,-11.2444934802532,0.196978490102502,3.1016684,0.29718593,-1.2278391,331.3423,100.67675,-5.7456775,WAL
1887162346000,99.644958,-0.406012994323179,-10.8906128163265,0.200234860129153,3.4266486,0.3567453,-1.260215,331.3672,99.66306,-5.298481,WAL
1887167344000,99.649956,-0.901508663308686,-10.7301668163265,0.228548902158139,3.674049,0.4251622,-1.317331,331.41702,98.60177,-4.8424153,WAL
1887172362000,99.654974,-1.42263344750149,-10.8576359329086,0.147838029792952,3.8319576,0.4981606,-1.3503176,331.51163,97.57078,-4.4656496,WAL
1887177352000,99.659964,-1.9554112671312,-11.1620805715708,0.000372741140752544,3.8774672,0.5864306,-1.3793337,331.6365,96.531815,-4.0813775,WAL
1887182342000,99.664954,-2.49530705044691,-11.5981625109518,-0.465440737277281,3.8383718,0.7128797,-1.3955216,331.82117,95.57624,-3.7825835,WAL
1887187372000,99.669984,-3.04416023598861,-12.1233580467538,-1.14204439151557,3.733914,0.89919364,-1.3637567,332.05606,94.689285,-3.498213,WAL
1887192315000,99.674927,-3.5990652483185,-12.5773169723047,-2.12270734673591,3.601356,1.1664472,-1.3096951,332.38147,94.00216,-3.3172219,WAL
1887197416000,99.680028,-4.18373455234421,-12.9976989091988,-3.379021435727,3.4009922,1.4535538,-1.2492194,332.7702,93.46479,-3.1573718,WAL
1887202305000,99.684917,-4.7417369480627,-13.2785633817173,-4.16406309803349,3.1957414,1.5586227,-1.1716396,333.23123,93.27713,-3.1544628,WAL
1887207331000,99.689943,-5.31341044231893,-13.4659976591706,-4.62327617260514,3.0140092,1.5381587,-1.0925325,333.73245,93.20031,-3.1736407,WAL
1887212316000,99.694928,-6.07670516254682,-13.5450247378277,-4.58121673632959,2.948952,1.3875804,-1.0607675,334.2739,93.3854,-3.3668792,WAL
1887217302000,99.699914,-7.04426898761164,-13.5129252978969,-4.02177230970902,2.8417451,1.1771374,-0.97524637,334.77454,93.598885,-3.5835047,WAL
1887222356000,99.704968,-7.6086944031211,-13.7537114356013,-3.83976347793383,2.7559185,1.0088439,-0.9184359,335.26013,93.8467,-3.834151,WAL
1887227349000,99.709961,-7.57387118901373,-14.38052565335,-4.20789266167291,2.6966646,0.91629785,-0.90133166,335.6959,94.0922,-4.0821295,WAL
1887232319000,99.714931,-7.38589917812347,-14.6413951321788,-3.98500196226397,2.6028967,0.9981538,-1.0473285,336.1874,94.417244,-4.414439,WAL
1887237298000,99.71991,-7.03600987848547,-14.5201006322278,-3.14060233815674,2.4098635,1.3634512,-1.3658947,336.72708,94.68476,-4.6842713,WAL
1887242291000,99.724903,-6.48207177716644,-14.2530712353115,-2.19617314227255,2.0082195,1.6102408,-1.597718,337.25354,94.867226,-4.8669205,WAL
1887247398000,99.73001,-5.64594277854195,-13.786952866575,-1.10055558198074,1.7195857,1.4575244,-1.6856827,337.75598,94.989494,-4.98923,WAL
1887252275000,99.734887,-4.80465332408281,-13.4330264977371,-0.363866102107848,1.5421293,1.1068878,-1.6636915,338.26184,84.986946,-5.0130477,WAL
1887257338000,99.73995,-3.8661878323351,-13.2042461768897,-0.0697202622503611,1.4877623,0.7443393,-1.5763378,338.70462,84.97168,-5.028223,WAL
1887262254000,99.744866,-3.01182217972539,-13.0121119245301,0.115696668856753,1.5482379,0.51923543,-1.4947872,339.06683,85.06341,-4.9326296,WAL
1887267317000,99.749929,-2.25634655337423,-12.8799039734151,0.0873663316359918,1.6380352,0.42821655,-1.4611896,339.3558,85.13441,-4.8522005,WAL
1887272265000,99.754877,-1.5241482576029,-12.7546210248566,-0.135735833018013,1.7302758,0.47769663,-1.4660766,339.58444,85.32906,-4.6274624,WAL
1887277280000,99.759892,-0.799165585267183,-12.6386239789675,-0.909050675098118,1.8093829,0.6017023,-1.5088371,339.80582,85.49415,-4.4097853,WAL
1887282280000,99.764892,-0.160001438608103,-12.4655616720317,-1.35153883476735,1.847562,0.9254609,-1.5858061,340.0719,85.75729,-4.063282,WAL
1887287306000,99.769918,0.264758562795828,-12.1421646294124,-0.941259328048536,1.863139,1.3151928,-1.6401732,340.38925,85.97716,-3.72447,WAL
1887292288000,99.7749,0.62799235245693,-11.8130782111883,-0.544055652073218,1.9065105,1.4236214,-1.6557503,340.67505,86.31484,-3.2585258,WAL
1887297285000,99.779897,0.848156719166014,-11.4617520836922,-0.169307759917776,1.9819523,1.3112222,-1.6514742,340.99808,86.59851,-2.8012931,WAL
1887302308000,99.78492,1.02222218056166,-11.0359718413952,-0.115200195498701,1.9691241,1.1322387,-1.625207,341.32986,86.83297,-2.2881265,WAL
1887307330000,99.789942,1.05106174080552,-10.387082363282,-1.05248491468319,1.8408424,1.0626001,-1.6032158,341.65027,86.978226,-1.7938449,WAL
1887312325000,99.794937,1.04133627860031,-9.73913949339036,-1.90078014677294,1.7638733,1.1038336,-1.53205,341.95737,86.9284,-1.2869003,WAL
1887317341000,99.799953,0.91526645147745,-9.08077535419907,-2.4984443964619,1.6484199,1.3967434,-1.4071281,342.30884,86.80333,-0.82128316,WAL
1887322322000,99.804934,0.751302123117041,-8.46076667212452,-3.05218270639782,1.6270396,1.7140878,-1.25319,342.65942,86.67747,-0.35978425,WAL
1887327358000,99.80997,0.419832725275925,-7.97818614412775,-3.44214669487568,1.6636915,1.9398025,-1.1001683,343.05414,86.50311,0.046908036,WAL
1887332360000,99.814972,0.0831451852259802,-7.52222809527088,-3.74243507163524,1.6575829,2.104736,-0.97433007,343.5247,86.28732,0.42661157,WAL
1887337347000,99.819959,-0.278994365291829,-7.15055837431907,-3.73290509027237,1.6459764,2.1673498,-0.86345804,344.01917,86.0432,0.7523968,WAL
1887342399000,99.825011,-0.621131530526316,-6.79560133842105,-3.68833068315789,1.6502525,2.1670444,-0.7812967,344.5602,85.779076,1.0182965,WAL
1887347401000,99.830013,-0.873253590268123,-6.51969424712016,-3.52183501519364,1.6142114,2.1426098,-0.7357872,345.10452,85.532524,1.2529022,WAL
1887352362000,99.834974,-1.09593218702053,-6.23434919155366,-3.38739003764045,1.5711454,2.121535,-0.7012733,345.6812,85.27252,1.4150443,WAL
1887357358000,99.83997,-1.21179264025571,-5.90067097783805,-3.37348684325843,1.5042557,2.0787745,-0.6786713,346.23944,85.03833,1.5601618,WAL
1887362326000,99.844938,-1.31636668917645,-5.5747734684522,-3.34035938089076,1.4410311,2.0451767,-0.64934975,346.82016,84.79743,1.6475645,WAL
1887367313000,99.849925,-1.34990225066707,-5.2873251696459,-3.17747192485706,1.4025466,2.0363193,-0.6160576,347.3913,84.57861,1.7196519,WAL
1887372308000,99.85492,-1.38609852010223,-4.99399663488848,-3.00006907111524,1.3817772,1.9996674,-0.5858198,347.959,84.365746,1.7666885,WAL
1887377311000,99.859923,-1.43953283842007,-4.66448519899628,-2.72844467003717,1.353372,1.9703459,-0.5751296,348.5228,84.17439,1.8022269,WAL
1887382705000,99.865317,-1.49823724593609,-4.30166431704911,-2.43646448061334,1.2843442,1.9446895,-0.58459806,349.0909,83.972404,1.8264745,WAL
1887387369000,99.869981,-1.56528927244263,-3.87540492352563,-2.19699298595325,1.1859949,1.92392,-0.5858198,349.6487,83.79529,1.8384026,WAL
1887392296000,99.874908,-1.63951251509224,-3.43852813240938,-1.94343657065913,1.0772609,1.9089539,-0.59498274,350.22144,83.59222,1.8371031,WAL
1887397312000,99.879924,-1.7419374029758,-3.10008075159915,-1.68069447302308,0.95386606,1.9123137,-0.5900958,350.79034,83.42785,1.8244419,WAL
1887402830000,99.885442,-1.85515951877173,-2.73425041819235,-1.38759376159907,0.83016586,1.8854356,-0.5885687,351.3682,83.24835,1.7991291,WAL
1887407326000,99.889938,-1.9549447174655,-2.52560854868851,-1.09277384000632,0.6963864,1.8723019,-0.59712076,351.9484,83.11088,1.7668201,WAL
1887412383000,99.894995,-2.06703498424542,-2.2985936625334,-0.764023537180604,0.627664,1.8536706,-0.59406644,352.54688,82.9339,1.7036649,WAL
1887417303000,99.899915,-2.17428007796141,-2.17269731379515,-0.479590946225631,0.49480084,1.8258762,-0.59650993,353.13623,82.81561,1.636541,WAL
1887422478000,99.90509,-2.28702486272703,-2.04138194289329,-0.188721156078431,0.35216382,1.7980819,-0.5849035,353.75937,82.62127,1.539162,WAL
1887427311000,99.909923,-2.39158050954188,-1.93264407195265,-0.0214320731372549,0.20219639,1.7898352,-0.5687156,354.37463,82.47416,1.4303584,WAL
1887432318000,99.91493,-2.49990041924641,-1.81999136766965,0.151879832156863,0.06352998,1.7944167,-0.52778757,355.02133,82.329475,1.2958561,WAL
1887437356000,99.919968,-2.61783552647091,-1.9857798118752,0.45781437730217,-0.079107046,1.7919732,-0.52503866,355.66037,82.231285,1.1590071,WAL
1887442654000,99.925266,-2.74024456118483,-2.21899680911979,0.793414555883013,-0.2507602,1.6991217,-0.5421429,356.27042,82.18443,1.011236,WAL
1887447317000,99.929929,-2.76945371169875,-2.37338803326481,0.76003263908148,-0.38331795,1.6264287,-0.5290093,356.90332,82.16989,0.83033377,WAL
1887452374000,99.934986,-2.8011308882265,-2.54082453776864,0.723830118544197,-0.48441613,1.5916094,-0.49602258,357.54144,82.161964,0.6218737,WAL
1887457326000,99.939938,-2.74420225423624,-2.66134726590394,0.689419545310245,-0.59864795,1.5628988,-0.45173484,358.15787,82.19235,0.40499043,WAL
1887462246000,99.944858,-2.67135461045145,-2.77304713850752,0.655423978210678,-0.70524395,1.5097535,-0.41141775,358.75455,82.24524,0.17858964,WAL
1887467310000,99.949922,-2.53387591358547,-2.82699968342271,0.719475983164926,-0.8032878,1.4175128,-0.36774087,359.34357,82.309326,-0.059825905,WAL
1887472336000,99.954948,-2.38896515996801,-2.87228442100856,0.796459824275096,-0.883922,1.3002267,-0.3408628,359.90778,82.39216,-0.30432513,WAL
1887477310000,99.959922,-2.23617232893572,-2.89806693350896,0.953060784244468,-0.9663888,1.1618657,-0.29535335,0.44451708,82.48143,-0.5378449,WAL
1887482271000,99.964883,-2.08097447506849,-2.91809233150685,1.13329043265753,-1.0534371,0.9776898,-0.27152961,0.93329453,82.587204,-0.76827013,WAL
1887487379000,99.969991,-1.96654414826178,-2.97136379362486,1.38576364936747,-1.1343768,0.7651087,-0.24220806,1.3713593,82.69119,-0.96675944,WAL
1887492250000,99.974862,-1.8643158856161,-3.02712468621377,1.63668764175715,-1.2156218,0.5335908,-0.2434298,1.75075,82.81281,-1.1567097,WAL
1887497338000,99.97995,-1.80099849541171,-3.13444183161352,1.88890460005712,-1.2980887,0.3115413,-0.226631,2.060645,82.94152,-1.3184541,WAL
1887502368000,99.98498,-1.74597173187054,-3.24908087045217,2.1365250120514,-1.4059063,0.20341812,-0.20952678,2.3363652,83.09267,-1.4757115,WAL
1887507321000,99.989933,-1.71455752079454,-3.55416632836747,2.43429825189323,-1.5054774,0.024740042,-0.19822577,2.5115013,83.2493,-1.6077334,WAL
1887512275000,99.994887,-1.69001610386923,-3.91737960637285,2.74842854229257,-1.5696182,-0.14630222,-0.16249016,2.6559393,83.41461,-1.7476168,WAL
1887517305000,99.999917,-1.73913251169965,-4.55456324307334,3.12386180506403,-1.6811012,-0.28527406,-0.08827003,2.7472627,83.591034,-1.886719,WAL
1887522333000,100.004945,-1.80453129016298,-5.25059316577416,3.51158318678696,-1.7950275,-0.36682457,0.014966198,2.803559,83.76924,-2.0393205,WAL
1887527314000,100.009926,-1.84144692499005,-6.39066742420414,4.01609861710107,-1.8747455,-0.37934732,0.12186762,2.835328,83.9147,-2.2044942,WAL
1887532321000,100.014933,-1.87006871424592,-7.6738783896737,4.55991306126144,-1.8872682,-0.29871312,0.2489276,2.8657894,84.04574,-2.401931,WAL
1887537353000,100.019965,-1.66385424579855,-9.55052256839176,5.29500968057874,-1.8249599,-0.12614368,0.34697145,2.9476612,84.10238,-2.6098928,WAL
1887542322000,100.024934,-1.38579910786496,-11.5895939332313,6.08062577068262,-1.6325374,0.08399397,0.42149702,3.0577073,84.10359,-2.844136,WAL
1887547299000,100.029911,0.484500987742062,-13.9737786747272,8.19751892745503,-1.2134838,0.2415972,0.40775254,3.2157428,83.9616,-3.0570006,WAL
1887552387000,100.034999,3.49250518143124,-16.6464956219404,11.2773704025361,-0.54367006,0.18753563,0.17928895,3.3708868,83.73546,-3.220123,WAL
1887557343000,100.039955,5.22290789241218,-17.992766012178,12.0013405934426,0.21044308,0.058337633,-0.1282817,3.5311131,83.36932,-3.2413166,WAL
1887562309000,100.044921,6.06492573308665,-18.4070927666511,11.0345792518033,0.73761976,0.13164146,-0.41599923,3.733188,82.937645,-3.2031002,WAL
1887567304000,100.049916,6.3424455513148,-18.5168084677471,9.7322829837394,0.93951076,0.42913285,-0.57971114,3.71554,82.38393,-2.5713022,WAL
1887572325000,100.054937,5.85214961675432,-18.2123074788022,7.97753887034453,0.88606006,0.7877107,-0.68783426,3.7752643,81.71121,-1.9357672,WAL
1887577312000,100.059924,4.97144464346124,-17.11542717639,6.56749036090446,0.6948592,1.0961977,-0.74220127,3.9194841,81.1392,-1.1673235,WAL
1887582314000,100.064926,3.78511850164448,-15.4039299107283,5.40929846162882,0.48930305,1.2592987,-0.7693848,4.144447,80.543335,-0.44778472,WAL
1887587346000,100.069958,2.55193179659643,-13.3228750713128,4.51994235494327,0.3680463,1.29198,-0.76174897,4.4950438,80.1003,0.19019741,WAL
1887592312000,100.074924,1.29938018292139,-10.9478443221232,3.88884907034036,0.27183503,1.2751812,-0.72784597,4.8687634,79.69315,0.7754794,WAL
1887597314000,100.079926,0.2383134394453,-8.79422381047766,3.49490000261941,0.21410827,1.2562444,-0.6774496,5.3033056,79.38217,1.1768651,WAL
1887602409000,100.085021,-0.673281615206086,-6.80187175250385,3.29754436312596,0.14905111,1.246776,-0.6273586,5.71666,79.10284,1.5437783,WAL
1887607340000,100.089952,-1.37757826821836,-5.36163452134988,3.23595027622829,0.040317107,1.2452488,-0.6010914,6.158811,78.91107,1.7324294,WAL
1887612314000,100.094926,-1.89529902066501,-4.4373020062928,3.3139629612407,-0.03848451,1.2709051,-0.5143485,6.58945,78.73843,1.8789325,WAL
1887617292000,100.099904,-2.41343611468983,-3.51222615990074,3.39203838263027,-0.23548855,1.2556335,-0.4098906,7.0111613,78.649635,1.8769032,WAL
1887622323000,100.104935,-2.93708973462531,-2.5773011733201,3.47094506101737,-0.42852196,1.201572,-0.29352075,7.420803,78.58775,1.844,WAL
1887627315000,100.109927,-3.26662967422166,-2.23665224245154,3.63449088859409,-0.5885687,1.0858129,-0.16035213,7.799647,78.58178,1.7794565,WAL
1887632322000,100.114934,-3.35582785467006,-2.64039154529078,3.90678006843548,-0.7171558,0.9184359,-0.020158553,8.139242,78.626015,1.6841635,WAL
1887637309000,100.119921,-3.44031701314985,-3.23881754801223,4.08175786477064,-0.8393288,0.6783658,0.1160644,8.442796,78.677925,1.4051379,WAL
1887642316000,100.124928,-3.51852471987768,-4.13820540978593,4.11108571651376,-0.97127575,0.30024028,0.21319197,8.652887,78.76288,1.1116258,WAL
1887647288000,100.1299,-3.61783596180356,-5.37136709971199,4.15011849811302,-1.1194105,-0.12064589,0.29749137,8.779441,78.85866,0.78313965,WAL
1887652412000,100.135024,-3.74942123851425,-7.10146974605224,4.20372762930778,-1.2382239,-0.5928447,0.36835176,8.778387,78.97138,0.4532625,WAL
1887657290000,100.139902,-3.90523210275126,-9.08157934938237,4.01432512113981,-1.3100005,-1.1157454,0.43035457,8.648944,79.120346,0.118181564,WAL
1887662317000,100.144929,-4.10796631787385,-11.5819677987086,3.48721613359536,-1.3286319,-1.6218473,0.48808134,8.386751,79.271835,-0.21038824,WAL
1887667262000,100.149874,-4.45587871916946,-13.8029970068163,2.80266725243289,-1.2819008,-2.0039434,0.5558874,8.033148,79.45365,-0.54179704,WAL
1887672324000,100.154936,-5.2082607232802,-15.4399355892408,1.65884337877517,-1.2070698,-2.243097,0.65270954,7.5754023,79.61336,-0.8725209,WAL
1887677247000,100.159859,-5.85258321866865,-16.704272883228,0.704887184008925,-1.0516045,-2.2699752,0.73731434,7.1612597,79.88321,-1.1740981,WAL
1887682312000,100.164924,-6.36218126952399,-17.4303375252882,0.00137116285793976,-0.763887,-1.9095647,0.8188649,6.7958565,80.06695,-1.4943302,WAL
1887687307000,100.169919,-6.43678934437456,-18.072286179395,-0.493316947832684,-0.28313604,-1.2568552,0.83077675,6.6276207,80.304115,-1.8642997,WAL
1887692319000,100.174931,-5.03280660950384,-18.4604182213237,-0.301646955072377,0.24648413,-0.6395759,0.6994407,6.565912,80.4134,-2.2132585,WAL
1887697293000,100.179905,-3.61109104238429,-18.3400431742223,-0.21080782554154,0.5708536,-0.44684792,0.42302418,6.6116967,80.505005,-2.587593,WAL
1887702437000,100.185049,-2.03657825960736,-16.3590533555577,-0.481792218538505,0.6197228,-0.19700404,0.10720685,6.85784,80.51474,-2.9278924,WAL
1887707331000,100.189943,-0.632913142976961,-14.3936250319567,-0.765979823346427,0.36132678,-0.106901415,-0.026572637,7.0507646,80.55453,-3.0454214,WAL
1887712311000,100.194923,0.0911581312559721,-11.7910196131224,-1.25206959211169,0.14844026,-0.07391469,-0.2134974,7.308397,80.596466,-3.070352,WAL
1887717283000,100.199895,0.71851152086411,-9.34597041707983,-1.56185379007386,-0.31612277,-0.16401732,-0.31856623,7.441359,80.81425,-2.9220233,WAL
1887722328000,100.20494,1.02161071038146,-7.40026894758677,-1.26364334491551,-0.73761976,-0.41508293,-0.4147775,7.540168,81.08629,-2.726029,WAL
1887727317000,100.209929,1.1343389198383,-5.74186693771523,-1.03536076588585,-1.0571023,-0.8549059,-0.40958515,7.4824734,81.477936,-2.4775488,WAL
1887732304000,100.214916,0.700199263609824,-4.86106440127611,-1.00196538860239,-1.2986995,-1.2406673,-0.29626966,7.3658586,81.952995,-2.2302272,WAL
1887737810000,100.220422,0.217465367336479,-3.91060928355828,-1.00346045274186,-1.4816537,-1.5577064,-0.18387043,7.120264,82.44096,-1.9442712,WAL
1887742324000,100.224936,-0.223196101465786,-3.42098539619632,-1.50940512356772,-1.6236799,-1.7583756,-0.08093964,6.7946143,82.96644,-1.6813625,WAL
1887747283000,100.229895,-0.70729894235866,-2.88309331435583,-2.06522692742803,-1.7373008,-1.8390098,0.0061086523,6.429149,83.49003,-1.518678,WAL
1887752368000,100.23498,-1.12761512542863,-2.76060365562452,-2.71204173390225,-1.8191566,-1.853976,0.09193522,6.025759,84.02929,-1.38311,WAL
1887757254000,100.239866,-1.51785325987199,-2.71976480737005,-3.34731308580295,-1.8591684,-1.8790215,0.16829337,5.598746,84.57448,-1.2695906,WAL
1887762317000,100.244929,-1.89109653317093,-2.68735579671133,-3.94170449286439,-1.8875736,-1.9581286,0.27275133,5.18295,85.168205,-1.2724187,WAL
1887767271000,100.249883,-2.24745245627284,-2.65846208952497,-4.50513213498782,-1.9028453,-2.0491474,0.41538838,4.7608027,85.74322,-1.3105605,WAL
1887772357000,100.254969,-2.55193392089286,-2.83244137154762,-4.86208497205357,-1.9028453,-2.1142046,0.5421429,4.4155827,86.33102,-1.4105952,WAL
1887777244000,100.259856,-2.83051648321429,-3.04602130690476,-5.15459679339286,-1.8747455,-2.1242838,0.63041294,4.0691023,86.85143,-1.5421278,WAL
1887782350000,100.264962,-2.88110164668458,-3.19685327483927,-5.20456789029844,-1.8527542,-2.0778582,0.6918049,3.8048263,87.29542,-1.7344714,WAL
1887787317000,100.269929,-2.86740776924479,-3.32466289293734,-5.18630933938202,-1.8203784,-1.9990565,0.7663304,3.5589144,87.57097,-1.9568876,WAL
1887792320000,100.274932,-2.86866954431939,-3.70320493057034,-4.93992251394677,-1.820073,-1.93797,0.8707884,3.3464937,87.6163,-2.2558928,WAL
1887797265000,100.279877,-2.87587217184791,-4.17617782258555,-4.60620049602535,-1.8368717,-1.9294178,0.9764681,3.1554844,87.42048,-2.576335,WAL
1887802416000,100.285028,-2.8833748481673,-4.66885393315589,-4.25857620597212,-1.8429805,-1.9559906,1.0369438,2.9662967,92.96616,-2.9218602,WAL
1887807288000,100.2899,-2.89047114772624,-5.13484461665399,-3.92978072137896,-1.8530598,-1.9792033,1.1643091,2.7959468,93.503525,-3.3149462,WAL
1887812348000,100.29496,-2.91072404022162,-6.02998676037736,-3.74611761737047,-1.856114,-1.9669861,1.3087788,2.6178055,94.13658,-3.7445223,WAL
1887817336000,100.299948,-2.93456804461416,-7.03620439308176,-3.61259109318159,-1.8484782,-1.9315559,1.4480561,2.457442,94.82275,-4.2051096,WAL
1887822378000,100.30499,-2.8913698967505,-8.23175020325956,-3.62668858696177,-1.8411479,-1.840537,1.559539,2.2334762,95.56952,-4.730461,WAL
1887827336000,100.309948,-2.82927084699195,-9.45939868784708,-3.68401064861167,-1.8362609,-1.6801848,1.6633861,2.0572088,96.340866,-5.285067,WAL
1887832340000,100.314952,-2.58170949016083,-10.6123694403027,-3.60451615430464,-1.8640553,-1.4972308,1.7635679,1.9007596,97.12907,-5.8616533,WAL
1887837357000,100.319969,-2.28170095912961,-11.7442198289499,-3.48633091788079,-1.9046779,-1.3558154,1.8527542,1.7940389,97.92569,-6.4528346,WAL
1887842352000,100.324964,-1.92192862422976,-12.8155693690862,-3.33027330346736,-1.9559906,-1.2415836,1.9113973,1.7057317,98.722824,-7.0364885,WAL
1887847367000,100.329979,-1.53068477409922,-13.8639023502872,-3.15471525422454,-1.9969184,-1.1435398,1.9645426,1.6667506,99.52596,-7.6289825,WAL
1887852489000,100.335101,-1.11450252172555,-14.6102186739215,-3.14905528457935,-2.0100522,-0.999681,1.9712621,1.6312135,100.246185,-8.141664,WAL
1887857356000,100.339968,-0.714179677852821,-15.224350376342,-3.19454648660941,-1.9807305,-0.8002335,1.9086485,1.6477988,100.94354,-8.632591,WAL
1887862346000,100.344958,0.110262750293013,-14.8826490078888,-3.38899339874155,-1.894904,-0.5519168,1.7702875,1.6763041,101.513885,-9.007506,WAL
1887867359000,100.349971,1.1111919260556,-14.1342064130353,-3.64598869482532,-1.8035797,-0.27305678,1.5619824,1.7714341,102.03384,-9.327736,WAL
1887872353000,100.354965,1.60804663308622,-13.1978389246979,-3.36129088340611,-1.6960673,0.025350908,1.38025,1.8958136,102.449066,-9.535613,WAL
1887877355000,100.359967,1.73939487596222,-12.1202970312278,-2.68022598995633,-1.5528195,0.29810223,1.146594,2.0841348,102.77748,-9.65772,WAL
1887882346000,100.364958,1.87045426824414,-11.0451247820656,-2.00065884017467,-1.3866642,0.4083634,0.9230174,2.2324538,103.01073,-9.630811,WAL
1887887423000,100.370035,2.00377194698893,-9.95142622285976,-1.3093820580786,-1.3029755,0.22815818,0.7031059,2.362832,103.185555,-9.543117,WAL
1887892317000,100.374929,1.8065569308009,-9.11474316214097,-1.15257498494265,-1.3249667,-0.28802297,0.49877146,2.404689,103.32207,-9.41922,WAL
1887897349000,100.379961,1.4191811794824,-8.37778429301049,-1.2801255546515,-1.412015,-0.61178154,0.2968805,2.4352038,103.416756,-9.239479,WAL
1887902459000,100.385071,0.9767124440412,-7.79539899406241,-1.66650660799758,-1.5234979,-1.2644911,0.20952678,2.2188036,103.37975,-9.049345,WAL
1887907430000,100.390042,0.515215375510451,-7.33390200584671,-2.20491986967586,-1.5815301,-1.813659,0.037873644,1.9190528,103.299805,-8.793377,WAL
1887912349000,100.394961,0.0588407259982393,-7.10280098065147,-2.86876659387655,-1.6484199,-2.20278,-0.110872045,1.484835,103.339455,-8.633525,WAL
1887917358000,100.39997,-0.405705134798005,-7.00426077526167,-3.62424011360657,-1.6401732,-2.4749205,-0.22999077,0.9228798,103.34829,-8.452739,WAL
1887922348000,100.40496,-0.825985871657464,-7.07778505535589,-4.1105681154603,-1.6071864,-2.5784621,-0.30115658,0.29953605,103.54307,-8.37595,WAL
1887927352000,100.409964,-1.21567658393936,-7.27984698729043,-4.39922788186929,-1.5512923,-2.5399778,-0.35369098,359.63977,103.71054,-8.274563,WAL
1887932319000,100.414931,-1.495851542586,-7.46505937805457,-4.37358437741202,-1.4831808,-2.450486,-0.3930918,359.00342,104.02161,-8.257722,WAL
1887937481000,100.420093,-1.70598658149466,-7.6458732772242,-4.1096938646204,-1.4230106,-2.3472497,-0.3930918,358.38544,104.31733,-8.233052,WAL
1887942349000,100.424961,-1.88388997710878,-7.804181200446,-3.89198942125267,-1.3900238,-2.3026567,-0.35430184,357.80463,104.67159,-8.266345,WAL
1887947356000,100.429968,-2.05125849133217,-7.95760230207485,-3.69207720321893,-1.361924,-2.2708917,-0.27122417,357.25558,105.01551,-8.305652,WAL
1887952409000,100.435021,-2.24343460088012,-8.15744872776935,-3.36343852312595,-1.317331,-2.162463,-0.16829337,356.7444,105.340034,-8.377122,WAL
1887957347000,100.439959,-2.45393242418816,-8.39665124248862,-2.91852242522003,-1.2910637,-1.999362,-0.07727446,356.26694,105.66559,-8.460009,WAL
1887962347000,100.444959,-2.56175028567181,-8.60389768773377,-2.47536988446341,-1.3203852,-1.7916678,-0.007941248,355.83533,105.98642,-8.574033,WAL
1887967362000,100.449974,-2.57096255257505,-8.77892873885106,-2.03779148712957,-1.4156802,-1.5610662,0.070249505,355.46838,106.32278,-8.698968,WAL
1887972350000,100.454962,-2.50639812101064,-8.89884027659575,-1.55197759787234,-1.5509869,-1.3255776,0.16462818,355.16882,106.62177,-8.8407135,WAL
1887977350000,100.459962,-2.34476007886661,-8.94782145499182,-0.998489872831424,-1.6893479,-1.1090258,0.2764165,354.94147,106.94876,-8.988908,WAL
1887982325000,100.464937,-2.16461183949026,-8.93126396900217,-0.493220627843928,-1.7962493,-0.9300423,0.38423425,354.74753,107.25633,-9.14264,WAL
1887987381000,100.469993,-1.95972358410746,-8.84073211464279,-0.0310308557518205,-1.8451185,-0.8445212,0.46517387,354.599,107.58508,-9.305603,WAL
1887992314000,100.474926,-1.78162677754858,-8.70605355246637,0.316143420911809,-1.7870862,-0.8051204,0.5360342,354.43307,107.89316,-9.480785,WAL
1887997364000,100.479976,-1.62740541382162,-8.50845739402093,0.537836735062282,-1.6300939,-0.8173377,0.5910121,354.28568,108.18804,-9.665824,WAL
1888002361000,100.484973,-1.51484230661263,-8.33233999743007,0.58804360442226,-1.5228871,-0.8552113,0.61666846,354.08887,108.48769,-9.862481,WAL
1888007448000,100.49006,-1.45224233928042,-8.17824744138579,0.41950523547692,-1.282817,-0.9233228,0.6407976,353.88718,108.71702,-10.072087,WAL
1888012281000,100.494893,-1.40273976499522,-8.05766069380134,0.197618834124164,-1.0308352,-1.0189233,0.6618725,353.6408,108.91432,-10.286311,WAL
1888017336000,100.499948,-1.36574966972302,-7.96980938047755,-0.126044308798472,-0.81397796,-1.0836749,0.6569856,353.38666,109.056366,-10.4979925,WAL
1888022254000,100.504866,-1.34366216242289,-7.91771529086864,-0.440767469823036,-0.65179324,-1.1484267,0.6417139,353.11282,109.17145,-10.713231,WAL
1888027355000,100.509967,-1.35354208087774,-7.9424150354232,-0.766805016112853,-0.5448918,-1.1963795,0.62796944,352.82956,109.24491,-10.925536,WAL
1888032272000,100.514884,-1.36300605019347,-7.99242044631412,-1.10236276912392,-0.5390886,-1.2507466,0.61422503,352.54605,109.33116,-11.128828,WAL
1888037400000,100.520012,-1.37275098004762,-8.09961528524655,-1.49703474316897,-0.61300325,-1.2883148,0.6059783,352.25937,109.408394,-11.326024,WAL
1888042279000,100.524891,-1.3878159931776,-8.21863276356172,-1.85178897474343,-0.74464476,-1.2815952,0.61636305,351.99756,109.52323,-11.515364,WAL
1888047375000,100.529987,-1.41643692430847,-8.38081815619197,-2.17615926190988,-0.90041536,-1.2232577,0.636827,351.74728,109.658485,-11.6975565,WAL
1888052384000,100.534996,-1.44927286247909,-8.55328659403457,-2.37317410341944,-1.0607675,-1.1230757,0.66431594,351.5353,109.85635,-11.871088,WAL
1888057445000,100.540057,-1.49430927281175,-8.76045417561792,-2.26508662456792,-1.2223413,-1.0375546,0.6960809,351.34348,110.08735,-12.04136,WAL
1888062293000,100.544905,-1.53396172535635,-8.96471241337081,-2.12208084786187,-1.3515394,-0.9941832,0.72234815,351.16095,110.38278,-12.220805,WAL
1888067365000,100.549977,-1.54858942019675,-9.22313442822726,-1.66862347881951,-1.4330899,-1.0048733,0.74097955,350.9926,110.69663,-12.397574,WAL
1888072294000,100.554906,-1.56393914105595,-9.46842482909771,-1.22373128709417,-1.4801265,-1.0564915,0.7489208,350.8096,111.03011,-12.58747,WAL
1888077352000,100.559964,-1.58779624034673,-9.67836720321119,-0.737046172590623,-1.4895949,-1.146594,0.7644979,350.61847,111.36513,-12.7814245,WAL
1888082297000,100.564909,-1.61244697716985,-9.88847241999606,-0.288740444603425,-1.4682146,-1.2443326,0.7641924,350.35828,111.67704,-12.995136,WAL
1888087419000,100.570031,-1.65106333900807,-10.1539600651447,-0.0956587493241488,-1.4187346,-1.323745,0.75136423,350.083,111.97479,-13.208712,WAL
1888092365000,100.574977,-1.69014043862941,-10.4111035769725,0.0751921653308976,-1.3249667,-1.3539828,0.7315111,349.7507,112.22748,-13.439689,WAL
1888097359000,100.579971,-1.75153527510615,-10.6802958094204,0.0563014482737237,-1.2040154,-1.3658947,0.72509706,349.40533,112.454895,-13.669566,WAL
1888102419000,100.585031,-1.80944336739087,-10.9510413451511,0.0251251678037725,-1.1297953,-1.3949108,0.7147123,349.03162,112.639275,-13.89184,WAL
1888107437000,100.590049,-1.7999516860952,-11.188333873099,-0.193183654132431,-0.9804387,-1.3878858,0.7031059,348.66772,112.772545,-14.10341,WAL
1888112652000,100.595264,-1.77814083549337,-11.4278905517919,-0.44193413323515,-0.82894415,-1.368949,0.70371675,348.28748,112.89318,-14.322009,WAL
1888117313000,100.599925,-1.63351268265096,-11.5681360832597,-0.893349177940108,-0.67347896,-1.3231341,0.70432764,347.92004,112.974075,-14.527988,WAL
1888122649000,100.605261,-1.45902847134231,-11.7279368840687,-1.41312658199721,-0.49541172,-1.2336423,0.70616025,347.5739,113.02841,-14.715699,WAL
1888127318000,100.60993,-1.12673597988853,-11.8525462701811,-1.92817999796563,-0.32895094,-1.0861185,0.7079928,347.26233,113.050156,-14.888432,WAL
1888132323000,100.614935,-0.770530385601486,-11.9861230483976,-2.48029872722713,-0.15027285,-0.904386,0.7098254,347.00418,113.05676,-15.013809,WAL
1888137359000,100.619971,-0.154659180700463,-12.068075765934,-3.00007371770088,-0.0061086523,-0.6789767,0.68661255,346.8035,113.03122,-15.11204,WAL
1888142289000,100.624901,0.500810192984855,-12.1375953510202,-3.50160700430164,0.09590584,-0.43890667,0.64751714,346.662,112.975624,-15.186181,WAL
1888147364000,100.629976,1.17732356134016,-11.9307518960747,-3.49928580795832,0.12156218,-0.23732115,0.5662721,346.57718,112.911514,-15.16099,WAL
1888152315000,100.634927,1.83745911824306,-11.7050280102398,-3.45243750967394,0.04886922,-0.106595986,0.464563,346.53656,112.83848,-15.106253,WAL
1888157426000,100.640038,2.30107975545965,-11.5642529400998,-3.04803289935524,-0.1020145,-0.05955936,0.2864958,346.49158,112.73558,-14.908698,WAL
1888162246000,100.644858,2.65150563503536,-11.4682459184692,-2.52479433071963,-0.29565877,-0.105374254,0.053450707,346.44095,112.633316,-14.670991,WAL
1888167362000,100.649974,2.61489259182004,-11.6924323687798,-1.93439755030675,-0.4642576,-0.20433442,-0.19211712,346.30032,112.47145,-14.302829,WAL
1888172300000,100.654912,2.458317599182,-12.0055825464018,-1.3541487936021,-0.5674938,-0.32253686,-0.3894266,346.1246,112.31419,-13.897905,WAL
1888177349000,100.659961,1.91487380730598,-12.2639595540287,-0.757798603873752,-0.5830709,-0.45265114,-0.50701815,345.84882,112.08926,-13.432026,WAL
1888182325000,100.664937,1.23174397936728,-12.4948105341572,-0.168893600094019,-0.52595496,-0.54733527,-0.54000485,345.54492,111.865456,-12.9512825,WAL
1888187358000,100.66997,0.367178213403614,-12.4427529126506,0.13837331822741,-0.43127087,-0.57726765,-0.51343226,345.203,111.583565,-12.489194,WAL
1888192295000,100.674907,-0.553750980220884,-12.271858360241,0.318761509980522,-0.29443705,-0.56291234,-0.45204028,344.85605,111.29185,-12.040396,WAL
1888197351000,100.679963,-1.24505794390171,-12.1423564883583,0.228326138653919,-0.21899518,-0.46028697,-0.41691554,344.54172,110.99697,-11.699447,WAL
1888202472000,100.685084,-1.8378672987417,-12.0305976271673,0.0193851339846428,-0.0571159,-0.3182608,-0.32375857,344.26163,110.67648,-11.392082,WAL
1888207368000,100.68998,-1.74103354032832,-12.7417235176028,-0.025116387955894,0.12980886,-0.19242255,-0.2501493,344.06067,110.40417,-11.227811,WAL
1888212363000,100.694975,-1.36731363709454,-13.8061154375989,-0.00619386037826345,0.31856623,-0.09773844,-0.23701571,343.89886,110.10294,-11.065751,WAL
1888217345000,100.699957,-0.965179876694772,-14.4693006852495,0.0922084721555401,0.49266282,-0.013133603,-0.26542094,343.81525,109.84609,-10.992727,WAL
1888222360000,100.704972,-0.545932134873524,-14.9409544457891,0.230369657653011,0.6719518,0.021991149,-0.3555236,343.744,109.54132,-10.904153,WAL
1888227347000,100.709959,-0.164321062860572,-15.2622709317864,0.174426623741148,0.8582657,0.0036651916,-0.46822822,343.63458,109.118996,-10.724119,WAL
1888232334000,100.714946,0.198724017639528,-15.5058937129426,0.0167886276570314,1.0204504,-0.015882496,-0.57971114,343.53378,108.65644,-10.521527,WAL
1888237355000,100.719967,0.530772320754072,-15.5815728447617,-0.230842828793083,1.1841623,-0.0076358155,-0.68294734,343.40668,108.07643,-10.222143,WAL
1888242354000,100.724966,0.843645793264629,-15.5671322385884,-0.524462558312186,1.3466524,0.02687807,-0.7892379,343.2817,107.454704,-9.898353,WAL
1888247356000,100.729968,0.987402426299839,-15.377910147173,-0.628538348061369,1.5121969,0.090713486,-0.89675015,343.1534,106.77039,-9.494395,WAL
1888252459000,100.735071,1.04757063357799,-15.0955826488304,-0.637794969683682,1.675298,0.14569137,-1.0100657,343.0343,106.048035,-9.068176,WAL
1888257428000,100.74004,0.892272379785759,-14.6174658878387,-0.48135268057971,1.8487836,0.16737708,-1.1166617,342.9198,105.29248,-8.5792675,WAL
1888262346000,100.744958,0.580655008241966,-13.994231020794,-0.204359516521739,2.0195205,0.1414153,-1.2333369,342.80838,104.49926,-8.068201,WAL
1888267297000,100.749909,0.163216712412214,-13.4783693276506,0.0398976702748092,2.1981986,0.07147124,-1.3142766,342.69263,103.67477,-7.5478606,WAL
1888272331000,100.754943,-0.319288652259542,-13.016309184648,0.268883263160305,2.437047,0.009773844,-1.3836098,342.5744,102.799576,-7.011486,WAL
1888277293000,100.759905,-0.821254215958559,-12.6485187535405,0.479347348315749,2.7293458,-0.026572637,-1.4208726,342.45834,101.88796,-6.526735,WAL
1888282327000,100.764939,-1.39861521190951,-12.5018877737858,0.653472106872921,3.0246992,-0.06261369,-1.4544702,342.33096,100.92896,-6.03649,WAL
1888287312000,100.769924,-1.95627575303648,-12.4229419843952,0.763283213972766,3.285844,-0.12675454,-1.4947872,342.21,99.94964,-5.6354084,WAL
1888292303000,100.774915,-2.45035945326508,-12.6462293334659,0.587503443257131,3.4584136,-0.16523905,-1.5375478,342.09558,98.94169,-5.2321906,WAL
1888297342000,100.779954,-2.94220118585839,-12.896073741693,0.351135048176424,3.510948,-0.22388211,-1.5497651,341.98486,97.96811,-4.9304943,WAL
1888302323000,100.784935,-3.39506890809929,-13.259311393394,-0.163058596319225,3.535688,-0.23273966,-1.5693128,341.88797,96.99492,-4.621053,WAL
1888307339000,100.789951,-3.85067591849682,-13.6103232894162,-0.719733368351867,3.467882,-0.22021692,-1.575116,341.8053,96.16628,-4.4026346,WAL
1888312345000,100.794957,-4.30286448892971,-13.8768763877085,-1.49559356666005,3.3286047,-0.19150625,-1.5754215,341.7357,95.40757,-4.186178,WAL
1888317325000,100.799937,-4.7504210465616,-14.1261006516237,-2.25559875004776,3.1294627,-0.14019357,-1.5531249,341.69214,94.90853,-4.0804358,WAL
1888322347000,100.804959,-5.18681054255014,-14.2730953590735,-2.94463489732569,2.919325,-0.027183503,-1.5131133,341.68314,94.50039,-3.9806163,WAL
1888327489000,100.810101,-5.63016553405132,-14.4263711690552,-3.61946677672702,2.7113254,0.08307768,-1.4556919,341.69775,94.31208,-3.9742744,WAL
1888332338000,100.81495,-6.00476137420407,-14.6056986572127,-3.87052580109843,2.5100453,0.16523905,-1.393689,341.7414,94.18695,-3.9753525,WAL
1888337377000,100.819989,-6.39403512931434,-14.792052794731,-4.13142215577105,2.341141,0.21074851,-1.3564262,341.81952,94.14605,-4.0159082,WAL
1888342249000,100.824861,-6.89360232983012,-15.1335041778029,-4.80192173920725,2.2446244,0.3848451,-1.3897184,341.9596,94.12195,-4.04564,WAL
1888347176000,100.829788,-7.44934778660249,-15.5449700560589,-5.65157100414496,2.1120665,0.8020661,-1.5647314,342.18246,94.08389,-4.03765,WAL
1888352287000,100.834899,-8.01758068537455,-15.3330825636147,-5.30556820321046,1.9251418,1.2189816,-1.7519615,342.47165,94.07498,-4.049068,WAL
1888357181000,100.839793,-8.56094775251685,-15.0730090412208,-4.86437274538248,1.7873917,1.3264939,-1.8979583,342.78625,94.03071,-4.0172467,WAL
1888362251000,100.844863,-8.21386374284883,-14.1755374000776,-3.90529337040628,1.7794504,1.1991285,-1.9147571,343.16626,93.98089,-3.9768791,WAL
1888367218000,100.84983,-7.77107059914671,-13.2253767412974,-2.90900819504509,1.8332067,0.9877691,-1.8432859,343.54434,93.918564,-3.918258,WAL
1888372267000,100.854879,-6.82869877522573,-12.0526710924216,-2.42654245159785,1.9205604,0.8191703,-1.7137824,343.9284,86.04344,-3.9526176,WAL
1888377195000,100.859807,-5.81844807631125,-10.87005558182,-2.05308489298975,2.0100522,0.7968737,-1.5308284,344.28918,85.95898,-4.0196004,WAL
1888382243000,100.864855,-4.71306656019822,-10.3088698747275,-2.31249030338949,2.126422,0.95172805,-1.3888022,344.64343,85.83601,-4.0853677,WAL
1888387215000,100.869827,-3.61351235738355,-9.85583493359762,-2.66642397125867,2.228131,1.0934488,-1.2904528,344.98718,85.637375,-4.1925883,WAL
1888392241000,100.874853,-2.69384239753297,-9.71755585681754,-2.4827909808331,2.286163,1.3952162,-1.255328,345.3928,85.481995,-4.1959453,WAL
1888397322000,100.879934,-1.79812245821235,-9.63444759009394,-2.20114718303444,2.4190264,1.6157386,-1.219287,345.81537,85.234604,-4.237749,WAL
1888402390000,100.885002,-1.12511857280306,-9.67131936367298,-1.61853824729762,2.5158484,1.7290541,-1.2247849,346.2494,85.106575,-4.1004605,WAL
1888407346000,100.889958,-0.53255221727346,-9.74300072815143,-0.959069175142972,2.511267,1.7198911,-1.2409728,346.70938,84.91768,-3.9835124,WAL
1888412346000,100.894958,0.037832646079718,-9.82110773538341,-0.682010999878562,2.4697282,1.7626517,-1.2082914,347.16296,84.73404,-3.763204,WAL
1888417347000,100.899959,0.600679881098815,-9.90084456879835,-0.513156826434238,2.4233024,1.8503108,-1.1707232,347.62305,84.50207,-3.5539591,WAL
1888422360000,100.904972,0.905858399184149,-9.99755182294095,-0.600501870703186,2.4196372,1.9905044,-1.1285735,348.05856,84.17439,-3.3164272,WAL
1888427346000,100.909958,1.11919353275058,-10.0995812862277,-0.776735217486403,2.4266622,2.0983222,-1.0910053,348.50305,83.808815,-3.105134,WAL
1888432357000,100.914969,1.30884214515184,-10.1833423207695,-1.30568413375647,2.4110851,2.2000313,-1.0616838,348.94196,83.409935,-2.8391678,WAL
1888437437000,100.920049,1.4893622592032,-10.2593508472805,-2.00876258234547,2.3283129,2.4141395,-1.0607675,349.4358,82.99987,-2.599051,WAL
1888442352000,100.924964,1.62055991752097,-10.0907054035415,-2.21284931742777,2.2321017,2.538145,-1.0290025,349.9186,82.565704,-2.342374,WAL
1888447351000,100.929963,1.72962461776949,-9.78334170477374,-2.15335950916434,2.1459696,2.4819455,-0.9718866,350.40115,82.13678,-2.111266,WAL
1888452458000,100.93507,1.64823139092843,-9.39022616431335,-2.3433298524178,2.08977,2.4627032,-0.9117164,350.9368,81.79077,-1.8205159,WAL
1888457353000,100.939965,1.49408556858801,-8.98219288239845,-2.6244193098646,2.0625865,2.4694228,-0.84757555,351.45355,81.4458,-1.5608582,WAL
1888462346000,100.944958,1.21971977145797,-8.54767730658436,-2.84818520179306,2.0619757,2.445599,-0.7837401,351.94998,81.06218,-1.3138435,WAL
1888467358000,100.94997,0.876399784901039,-8.10089085116598,-3.03630575515383,2.0494528,2.4281893,-0.72418076,352.43988,80.684555,-1.0976479,WAL
1888472357000,100.954969,0.477724773422294,-7.74023414578108,-3.17809807826829,2.0158553,2.413834,-0.68477994,352.95062,80.31534,-0.9036861,WAL
1888477351000,100.959963,0.0410619798434835,-7.43792924276111,-3.28846342394903,1.9892827,2.3790147,-0.6585127,353.44186,79.94878,-0.7321129,WAL
1888482336000,100.964948,-0.385687965022026,-7.05947628792952,-3.34950303679883,1.9394971,2.3328943,-0.6560693,353.96817,79.59301,-0.6112172,WAL
1888487386000,100.969998,-0.811792578825257,-6.62390259042584,-3.37790994184043,1.8930714,2.2834144,-0.6597345,354.47748,79.249374,-0.5032717,WAL
1888492298000,100.97491,-1.26122742033698,-6.28625587571189,-3.33353651188294,1.8457294,2.2516494,-0.65148777,355.02316,78.90985,-0.47007015,WAL
1888497388000,100.98,-1.75593946083358,-6.00768026097152,-3.22786988728939,1.8212948,2.1945333,-0.63132924,355.5432,78.58459,-0.443505,WAL
1888502350000,100.984962,-2.07691892946184,-5.68856505797101,-3.13096264036688,1.7788396,2.1474967,-0.61483586,356.10272,78.256516,-0.4974367,WAL
1888507325000,100.989937,-2.25558027029492,-5.32641389855072,-3.03921763023209,1.7345519,2.0815234,-0.63499445,356.639,77.94428,-0.55042034,WAL
1888512290000,100.994902,-2.35686548553117,-4.94807615736065,-2.88937136400272,1.6667458,2.0845776,-0.65576386,357.23074,77.60311,-0.7157052,WAL
1888517331000,100.999943,-2.3943691940571,-4.54959891161391,-2.68778888172461,1.5848899,2.0992384,-0.6606508,357.80585,77.28594,-0.88480985,WAL
1888522274000,101.004886,-2.42704360700409,-4.21555061623991,-2.41691631972701,1.4895949,2.1169536,-0.65270954,358.40552,76.947716,-1.1048259,WAL
1888527310000,101.009922,-2.45587414254259,-3.93685470347713,-2.06133874471456,1.3607023,2.1413882,-0.6719518,359.01205,76.64914,-1.3255376,WAL
1888532319000,101.014931,-2.48455932358571,-3.71388265279439,-1.70035538803623,1.2211196,2.1496348,-0.6817256,359.63376,76.31721,-1.5823163,WAL
1888537372000,101.019984,-2.51350659694069,-3.54846957583319,-1.32817590010255,1.0754282,2.1300871,-0.69913524,0.25533578,76.029305,-1.8396325,WAL
1888542312000,101.024924,-2.54746674306081,-3.38114497916788,-0.966435483415769,0.915687,2.0751092,-0.7254025,0.8867404,75.70252,-2.124675,WAL
1888547347000,101.029959,-2.61761409351178,-3.17537970106682,-0.611022739210552,0.75991637,2.0317378,-0.7281514,1.5144005,75.419624,-2.4184854,WAL
1888552336000,101.034948,-2.6803757392132,-2.9909777143401,-0.254526727664975,0.5723807,1.9807305,-0.72356987,2.1364694,75.07305,-2.7550268,WAL
1888557321000,101.039933,-2.66639472178836,-3.02826024904334,0.150921658414682,0.4089743,1.9459113,-0.6976081,2.7482934,74.76701,-3.100664,WAL
1888562530000,101.045142,-2.65244661485553,-3.07082682461329,0.546535770288939,0.23151793,1.8264871,-0.7309003,3.3173342,74.3387,-3.5259287,WAL
1888567299000,101.049911,-2.64800340450433,-3.15524791407724,0.555422190991341,0.067500606,1.7088956,-0.7425067,3.8733304,73.95995,-3.961395,WAL
1888572671000,101.055283,-2.63860055079557,-3.2421308402624,0.564648421066344,-0.055588737,1.6545285,-0.73853606,4.4303303,73.51979,-4.4060817,WAL
1888577349000,101.059961,-2.53855337880339,-3.14625229862287,0.556311160361031,-0.19364429,1.6481144,-0.72326446,4.9668183,73.14359,-4.8413596,WAL
1888582308000,101.06492,-2.43249653273472,-3.04461448588443,0.547473093700568,-0.34880406,1.6184875,-0.7128797,5.497081,72.80553,-5.2550607,WAL
1888587387000,101.069999,-2.26887447083333,-2.90185686899039,0.541864645512821,-0.516792,1.5940529,-0.6921103,6.0234675,72.51761,-5.6714816,WAL
1888592252000,101.074864,-2.10087740572917,-2.75719284870793,0.537198065785256,-0.6621779,1.5402967,-0.675617,6.531905,72.273674,-6.080207,WAL
1888597353000,101.079965,-1.9027545662059,-2.5828375700725,0.559441060748188,-0.74372846,1.4724907,-0.6423248,7.0328393,72.05229,-6.462226,WAL
1888602331000,101.084943,-1.70459571238279,-2.40772043224746,0.587091139193813,-0.904386,1.4019357,-0.6087272,7.515357,71.89442,-6.839795,WAL
1888607355000,101.089967,-1.57356174392172,-2.24606034639257,0.720410046209725,-1.0543534,1.2977833,-0.5766568,7.9657493,71.75878,-7.1723266,WAL
1888612273000,101.094885,-1.46649798242736,-2.0924470684325,0.883333115668116,-1.2189816,1.1872166,-0.5326745,8.389519,71.66685,-7.5069556,WAL
1888617307000,101.099919,-1.45654712652244,-1.97266974681216,1.11252319843705,-1.3720033,1.0512991,-0.4877759,8.76596,71.61586,-7.789893,WAL
1888622324000,101.104936,-1.48402075976365,-1.86735410490803,1.36436500382636,-1.5161675,0.89949906,-0.43371433,9.101424,71.598236,-8.073127,WAL
1888627315000,101.109927,-1.53704882294684,-1.82301767273924,1.62794269178734,-1.6584991,0.7180721,-0.37965274,9.374762,71.59808,-8.333278,WAL
1888632297000,101.114909,-1.60469066037468,-1.81335456031392,1.89851004149873,-1.7965547,0.54061574,-0.3200934,9.600937,71.62333,-8.592726,WAL
1888637333000,101.119945,-1.73308517323308,-1.88003518225564,2.20521461233083,-1.9529362,0.3567453,-0.24312437,9.799553,71.79937,-8.779344,WAL
1888642318000,101.12493,-1.89102331654135,-1.98532722781955,2.52587689874687,-2.1230621,0.18753563,-0.14874569,9.94482,71.99163,-8.972938,WAL
1888647339000,101.129951,-1.9762752663542,-2.62606172273184,2.95545650351523,-2.2999077,0.022296581,-0.063224554,10.064735,72.25967,-9.132063,WAL
1888652340000,101.134952,-2.02437733307188,-3.53083846187766,3.43647693151275,-2.4578164,-0.093767814,0.05955936,10.139113,72.53122,-9.317487,WAL
1888657312000,101.139924,-2.07220046358984,-4.43036854526759,3.9147079989,-2.542421,-0.20250183,0.23823744,10.173273,72.773254,-9.543911,WAL
1888662315000,101.144927,-2.12032176728681,-5.3355071227414,4.39592079659477,-2.538145,-0.2770274,0.41538838,10.173365,72.994484,-9.796292,WAL
1888667295000,101.149907,-2.01172479062798,-7.00486483093297,5.12527898305623,-2.4367414,-0.2837469,0.5687156,10.152533,73.174904,-10.082043,WAL
1888672327000,101.154939,-1.73104304923224,-9.53099997061315,6.13573314550461,-2.1798725,-0.19425514,0.6753115,10.126796,73.27719,-10.402247,WAL
1888677313000,101.159925,-1.14062324333794,-11.8780818933754,7.73275727639347,-1.6658295,-0.116675265,0.7483099,10.043836,73.100746,-10.734646,WAL
1888682297000,101.164909,-0.338184034980887,-14.1182243086661,9.73407891033724,-0.82863873,-0.13683382,0.7049385,9.953694,72.8034,-11.049122,WAL
1888687326000,101.169938,0.845429997959178,-15.6754800325435,11.0165427333714,0.19425514,-0.14538592,0.42424592,9.818983,72.34476,-11.178088,WAL
1888692318000,101.17493,2.27387510182672,-16.7445399423351,11.7899046654296,0.6411031,-0.10415252,0.26450464,9.681175,71.850655,-11.312857,WAL
1888697344000,101.179956,3.54291505261886,-17.5565130190375,11.6571216862196,1.2709051,0.27122417,-0.07696902,9.497265,71.304596,-11.067065,WAL
1888702386000,101.184998,4.6441479297932,-18.1024625136258,10.5978850926749,1.541213,0.81214535,-0.28252518,9.38632,70.74888,-10.846549,WAL
1888707349000,101.189961,4.46470420602876,-17.8133262494469,9.03224761393805,1.5112807,1.3381003,-0.40042216,9.263999,70.31055,-10.318455,WAL
1888712315000,101.194927,2.63654578687316,-16.4454958421829,6.78321817699115,1.314582,1.7033978,-0.47952923,9.290292,69.849304,-9.825963,WAL
1888717297000,101.199909,1.03666857762665,-14.8727311817252,5.06142567412141,1.0961977,1.8936822,-0.5170974,9.390147,69.56002,-9.227363,WAL
1888722324000,101.204936,0.124793537937015,-12.684231068115,4.92739107827476,0.89888823,1.9446895,-0.5338962,9.56715,69.29637,-8.687644,WAL
1888727288000,101.2099,-0.775653586992241,-10.5231579501597,4.79503624760383,0.7302894,1.9025398,-0.54153204,9.962853,69.113365,-8.497849,WAL
1888732295000,101.214907,-1.68390071723414,-8.34336481929713,4.66153491054313,0.5647449,1.781283,-0.5342017,10.340262,68.98109,-8.319786,WAL
1888737333000,101.219945,-2.59777110712004,-6.15007586517572,4.52720702236422,0.35430184,1.6282613,-0.49510628,10.6904,68.9185,-8.149126,WAL
1888742320000,101.224932,-2.91856466459431,-5.03082077934668,4.25827820906217,0.129198,1.4504995,-0.41905355,10.987167,68.89626,-7.98849,WAL
1888747311000,101.229923,-3.15666103915126,-4.06012028571702,3.9698153341891,-0.055283304,1.3292428,-0.30390546,11.242066,68.90741,-7.850114,WAL
1888752339000,101.234951,-3.23656277804904,-3.79321127484741,3.79400703422208,-0.23579398,1.2800682,-0.16493362,11.628018,68.773,-8.0454645,WAL
1888757283000,101.239895,-3.27205195247885,-3.72223271423065,3.65205001886712,-0.4098906,1.2092078,-0.041233405,11.962325,68.67327,-8.25552,WAL
1888762313000,101.244925,-3.47789007689219,-4.27080975541056,3.62156728757278,-0.57910025,1.0461067,0.06536258,12.288155,68.593475,-8.527482,WAL
1888767278000,101.24989,-3.69744913511343,-4.87221055650472,3.60247521288898,-0.75716746,0.77579886,0.1600467,12.551659,68.54311,-8.813401,WAL
1888772325000,101.254937,-4.04206918683733,-6.2529751498615,3.86358897210813,-0.95294976,0.37140608,0.21838433,12.732069,68.53823,-9.09633,WAL
1888777247000,101.259859,-4.38876435428408,-7.66677124792244,4.14274625058745,-1.0873401,-0.22052236,0.23487769,12.779963,68.54964,-9.349897,WAL
1888782292000,101.264904,-4.72152615223464,-9.55524541340782,3.96973368240223,-1.1374311,-0.569021,0.22999077,12.783639,68.59173,-9.62318,WAL
1888787348000,101.26996,-5.04999617298484,-11.5453866807662,3.69439846899441,-1.131017,-1.2647965,0.23090707,12.528044,68.64313,-9.81244,WAL
1888792311000,101.274923,-5.42107711786137,-13.2785271276983,2.83557655238182,-1.1114693,-1.840537,0.25045475,12.209461,68.71196,-10.006142,WAL
1888797247000,101.279859,-5.79996940531925,-14.9577090094726,1.86251224211677,-1.0626001,-2.125811,0.32803464,11.779881,68.75824,-10.172629,WAL
1888802366000,101.284978,-6.50258358291815,-16.2878987900356,1.19018233206406,-0.93554014,-2.11451,0.4560109,11.294293,68.84903,-10.33708,WAL
1888807341000,101.289953,-7.36576641641324,-17.3411872484633,0.732900928446026,-0.65209866,-1.9065105,0.6215554,10.787837,68.86691,-10.512527,WAL
1888812313000,101.294925,-7.02988638934198,-17.9208098679333,0.484179018229842,-0.1740966,-1.491733,0.7635816,10.409166,68.930115,-10.749955,WAL
1888817325000,101.299937,-6.3492710031696,-18.3701047784059,0.292894955935125,0.3921755,-0.99082345,0.81214535,10.115801,68.88104,-11.019105,WAL
1888822324000,101.304936,-4.90162562779292,-17.218979000218,-0.0770392930517711,0.7825184,-0.6081163,0.68569624,9.984779,68.801765,-11.371956,WAL
1888827314000,101.309926,-2.98488640708447,-15.0886906220163,-0.556224098228883,0.8509353,-0.4361578,0.43860126,9.947402,68.67054,-11.712208,WAL
1888832326000,101.314938,-1.73894223133249,-12.8403256400234,-1.15518752480749,0.57726765,-0.33475417,0.19792034,9.96273,68.628044,-11.930053,WAL
1888837402000,101.320014,-0.668050154412711,-10.5326950931865,-1.79487974981967,0.098043874,-0.26725355,-0.014966198,10.03695,68.65125,-12.092822,WAL
1888842317000,101.324929,0.0517206993769383,-8.62435494929988,-1.90761604652758,-0.44165558,-0.38087448,-0.2180789,10.005009,68.859955,-12.021324,WAL
1888847384000,101.329996,0.681035970978291,-6.7728911011747,-1.84377246555775,-0.9279043,-0.732122,-0.3304781,9.93523,69.183136,-11.904014,WAL
1888852380000,101.334992,0.818391368037053,-5.48158143224459,-1.70283274888627,-1.3045027,-1.1826351,-0.32925636,9.762485,69.64955,-11.676576,WAL
1888857425000,101.340037,0.652822761113729,-4.51404017035768,-1.51139401623474,-1.5949692,-1.6099354,-0.27122417,9.500636,70.2122,-11.411075,WAL
1888862312000,101.344924,0.344393894355493,-4.01894126381895,-1.78349944201792,-1.8307631,-1.9453003,-0.2049453,9.094918,70.81397,-11.081745,WAL
1888867310000,101.349922,-0.0211935980801509,-3.66238040916549,-2.21678838617633,-1.9905044,-2.1578815,-0.1591304,8.600061,71.45423,-10.742676,WAL
1888872323000,101.354935,-0.355648315925497,-3.60733546661968,-2.82519621071734,-2.085494,-2.2611177,-0.10629055,8.045024,72.05847,-10.451913,WAL
1888877313000,101.359925,-0.668382977501133,-3.74205195229801,-3.53967470973572,-2.1310034,-2.2602015,-0.03023783,7.455605,72.67036,-10.176148,WAL
1888882314000,101.364926,-0.981807034122326,-3.87706540818525,-4.25572821145734,-2.1658227,-2.2339342,0.064446285,6.879434,73.275055,-9.991336,WAL
1888887364000,101.369976,-1.29830203231009,-4.01340173136672,-4.9787976343116,-2.1905627,-2.1951442,0.13255776,6.3059072,73.8691,-9.825522,WAL
1888892320000,101.374932,-1.61190988719476,-4.42077672016019,-5.4030384906134,-2.1975877,-2.196977,0.27763826,5.715705,74.42703,-9.712703,WAL
1888897370000,101.379982,-1.93313235691541,-4.98763996005079,-5.67702229946279,-2.2293527,-2.195755,0.38026363,5.139281,74.977516,-9.613739,WAL
1888902383000,101.384995,-2.04708809271496,-5.394625387441,-5.74563415132362,-2.2275202,-2.118786,0.45265114,4.6762013,75.52297,-9.6516,WAL
1888907319000,101.389931,-2.02768686767905,-5.69534457808332,-5.68258016995691,-2.1972823,-1.9501873,0.52748215,4.241484,76.015076,-9.725412,WAL
1888912315000,101.394927,-1.91960972154365,-5.8901990726864,-5.41726135518921,-2.150551,-1.7211128,0.6404922,3.8628492,76.4586,-9.883118,WAL
1888917313000,101.399925,-1.76269040498314,-6.0247012637692,-5.04065484563507,-2.083356,-1.5238034,0.77549344,3.527333,76.82488,-10.07469,WAL
1888922323000,101.404935,-1.66554778122567,-6.27293030545542,-4.62519624810382,-1.9963076,-1.3698653,0.9266826,3.2245634,77.11696,-10.3099985,WAL
1888927312000,101.409924,-1.62650725557318,-6.62888784186494,-4.17508219355443,-1.8802432,-1.2745703,1.0830641,2.9652863,77.3078,-10.589514,WAL
1888932288000,101.4149,-1.58756845909156,-6.98391784811343,-3.72614101587599,-1.7559321,-1.2403619,1.2351695,2.6937668,77.40668,-10.889244,WAL
1888937343000,101.419955,-1.54801146226388,-7.34458438380197,-3.27007235567412,-1.6523905,-1.2070698,1.4074335,2.4535007,77.40187,-11.239877,WAL
1888942313000,101.424925,-1.4595252009943,-7.8094177455033,-2.85015438378952,-1.5622878,-1.1866057,1.5836681,2.2174022,77.29998,-11.637341,WAL
1888947358000,101.42997,-1.27600280031281,-8.48953063903474,-2.47771164096749,-1.4816537,-1.2290609,1.7434094,1.9799585,77.10697,-12.074269,WAL
1888952332000,101.434944,-1.17050391777228,-9.32451009306931,-2.1952410539604,-1.432479,-1.2928963,1.8692477,1.6808504,76.841324,-12.508167,WAL
1888957320000,101.439932,-1.12320775115842,-10.289351279604,-1.97767881594059,-1.4043792,-1.3753631,1.9156734,1.3711983,76.53035,-12.956564,WAL
1888962347000,101.444959,-1.05401641070746,-11.2685319923518,-1.87954443422562,-1.4059063,-1.4385877,1.8808541,1.0134268,76.22795,-13.361997,WAL
1888967304000,101.449916,-0.967785770368069,-12.2397613622371,-1.88408288523901,-1.434617,-1.416902,1.8112154,0.66386735,75.91528,-13.761748,WAL
1888972254000,101.454866,-0.782265741597089,-13.0075885639602,-2.12110492697242,-1.496009,-1.2596041,1.7146988,0.30704132,75.65541,-14.0894785,WAL
1888977316000,101.459928,-0.461989221091536,-13.5274575149368,-2.66882413534087,-1.5158621,-0.91324353,1.6001616,0.01977622,75.41769,-14.385938,WAL
1888982305000,101.464917,-0.112062043825009,-13.8652698135106,-3.1891504809558,-1.4743233,-0.6948592,1.4501941,359.7118,75.262764,-14.589404,WAL
1888987362000,101.469974,0.305587222954545,-13.8870223636364,-3.68075838636364,-1.4330899,-0.20005837,1.3591752,359.5923,75.11949,-14.778678,WAL
1888992312000,101.474924,0.708375463415113,-13.7603559665358,-3.98603304504416,-1.353372,0.3549127,1.1850786,359.54684,75.09365,-14.848149,WAL
1888997337000,101.479949,1.0767394251423,-12.6363739277723,-3.11234926437684,-1.2385293,0.8194757,0.97035944,359.62192,75.091675,-14.881254,WAL
1889002434000,101.485046,1.38692786038711,-11.5416656374139,-2.24766039686867,-1.2125676,1.0277808,0.7473936,359.77094,75.182724,-14.812121,WAL
1889007433000,101.490045,1.20742298013782,-10.8139423421159,-1.56360099574382,-1.320996,0.93645644,0.54244834,359.96362,104.69088,-14.690404,WAL
1889012303000,101.494915,1.00607097200782,-10.1151155706888,-0.969754854274548,-1.5161675,0.54641896,0.34605515,0.036588196,104.49824,-14.490128,WAL
1889017308000,101.49992,0.598637932315584,-9.47352591656082,-0.90887405383488,-1.7406605,0.006414085,0.16157386,0.030754969,104.26649,-14.240402,WAL
1889022334000,101.504946,0.192301709722246,-8.84565040333304,-0.873387981928652,-1.9168952,-0.5384777,0.0027488936,359.84912,104.04062,-13.995307,WAL
1889027313000,101.509925,-0.176049982719382,-8.42349447263259,-1.15068643119521,-1.9953914,-0.9822713,-0.13103059,359.53378,103.780975,-13.710673,WAL
1889032270000,101.514882,-0.542774091864421,-8.00320386237306,-1.42675962119608,-1.9981402,-1.2592987,-0.22479841,359.12515,103.595146,-13.492108,WAL
1889037372000,101.519984,-0.924073388836812,-7.79604358203533,-1.70362583592935,-1.921782,-1.3994923,-0.29565877,358.6262,103.38369,-13.244701,WAL
1889042252000,101.524864,-1.28992198835508,-7.66471330022079,-1.96628639955841,-1.8023579,-1.4196508,-0.3109304,358.08276,103.16506,-12.988309,WAL
1889047338000,101.52995,-1.58540449038887,-7.60176329655363,-1.92023268239956,-1.6514742,-1.3826935,-0.32345316,357.5755,103.04062,-12.810406,WAL
1889052379000,101.534991,-1.85232316422779,-7.56172543741246,-1.77787608732031,-1.5286902,-1.4049901,-0.2996294,357.04648,102.922775,-12.639196,WAL
1889057342000,101.539954,-2.04825779185833,-7.5938182946982,-1.65130680421121,-1.4428637,-1.5296066,-0.258396,356.53946,102.88803,-12.54133,WAL
1889062311000,101.544923,-2.2024111845589,-7.67089515201382,-1.53312251143505,-1.3842206,-1.6975945,-0.20066923,356.0151,102.862404,-12.455484,WAL
1889067298000,101.54991,-2.26545469621537,-7.86854444010925,-1.38814373772922,-1.3414601,-1.8029687,-0.1386664,355.47284,102.89261,-12.433585,WAL
1889072326000,101.554938,-2.29833262735076,-8.10808410807647,-1.23314749641046,-1.2886202,-1.8497,-0.089186326,354.9038,102.92911,-12.423838,WAL
1889077315000,101.559927,-2.19336218196705,-8.31944656535725,-1.09252989130909,-1.2437216,-1.8460348,-0.01985312,354.30646,103.00299,-12.461114,WAL
1889082311000,101.564923,-2.03012992272151,-8.51998928764987,-0.957280228550541,-1.2263119,-1.8335121,0.0125227375,353.70547,103.07427,-12.498365,WAL
1889087358000,101.56997,-1.81476070870088,-8.6725879728348,-0.713800429274258,-1.2208142,-1.749518,0.06994407,353.10068,103.15571,-12.557928,WAL
1889092317000,101.574929,-1.57673248660786,-8.79636264434643,-0.418645461716119,-1.2284501,-1.642922,0.12858713,352.51657,103.24045,-12.620737,WAL
1889097340000,101.579952,-1.33108009060441,-8.90877689515898,-0.159166287998663,-1.2388347,-1.5598444,0.16829337,351.90744,103.291664,-12.658979,WAL
1889102330000,101.584942,-1.08467829312518,-9.0137255574334,0.0781095460985391,-1.2583824,-1.5296066,0.20097467,351.3269,103.352806,-12.704732,WAL
1889107319000,101.589931,-0.893932512015225,-9.04860549367349,0.154325399709906,-1.2647965,-1.4743233,0.23273966,350.70276,103.35263,-12.712043,WAL
1889112318000,101.59493,-0.746187043874087,-9.02890621448411,0.105076908615369,-1.2550226,-1.4193454,0.2611449,350.1057,103.35598,-12.72013,WAL
1889117300000,101.599912,-0.661435813638974,-8.93706919372129,-0.0402330374253446,-1.1985176,-1.3243558,0.2828306,349.4832,103.30956,-12.690558,WAL
1889122324000,101.604936,-0.615385016027948,-8.79891688744257,-0.247461641100689,-1.0858129,-1.1887437,0.30695978,348.90942,103.263084,-12.661761,WAL
1889127313000,101.609925,-0.620784080553984,-8.65789496869209,-0.433200825409149,-0.95203346,-1.0516045,0.32711834,348.3398,103.216,-12.627465,WAL
1889132306000,101.614918,-0.672084859446016,-8.51332003130791,-0.601094314590852,-0.8347474,-0.93951076,0.3481932,347.8207,103.16541,-12.593179,WAL
1889137326000,101.619938,-0.73699795752716,-8.36375295085359,-0.79373051438179,-0.7305948,-0.8677341,0.3707952,347.33188,103.13445,-12.571332,WAL
1889142353000,101.624965,-0.816696010325918,-8.20933771024314,-1.01290017258148,-0.66828656,-0.8176431,0.398895,346.88434,103.102234,-12.551001,WAL
1889147369000,101.629981,-0.926532252388766,-8.08144005342148,-1.22348350012547,-0.6450737,-0.79168135,0.42638394,346.45663,103.10513,-12.5589905,WAL
1889152442000,101.635054,-1.06251440664029,-7.97359216668275,-1.42980120075282,-0.6618725,-0.795652,0.45906523,346.048,103.11222,-12.571484,WAL
1889157392000,101.640004,-1.17556829371379,-7.89642381966976,-1.59633320922654,-0.7180721,-0.7855727,0.4914411,345.67816,103.17042,-12.61724,WAL
1889162328000,101.64494,-1.26800168571842,-7.84849550275203,-1.72642465644554,-0.79809546,-0.7968737,0.5381723,345.31046,103.24041,-12.672058,WAL
1889167385000,101.649997,-1.36270096922074,-7.79939228179316,-1.85970513630504,-0.9089675,-0.83016586,0.5839872,344.97598,103.37183,-12.767069,WAL
1889172299000,101.654911,-1.46967576568089,-7.80958029637326,-2.11906438495354,-1.0177015,-0.8686504,0.6246097,344.64313,103.51647,-12.869319,WAL
1889177307000,101.659919,-1.58467778850035,-7.84312253843541,-2.43532006028574,-1.1325442,-0.8918633,0.66920286,344.31152,103.679924,-12.980952,WAL
1889182450000,101.665062,-1.69055740856195,-8.17561239692473,-2.45619989143806,-1.2538009,-0.93218035,0.6948592,343.99048,103.897606,-13.125554,WAL
1889187305000,101.669917,-1.78588139713951,-8.60230063420873,-2.36087590286049,-1.3038919,-0.9761627,0.70524395,343.66656,104.12249,-13.27353,WAL
1889192316000,101.674928,-1.8417463752809,-8.92409675130417,-2.18475127405698,-1.3930782,-1.0503827,0.73456544,343.34183,104.41125,-13.454262,WAL
1889197324000,101.679936,-1.87542658202247,-9.18391563974719,-1.96823550856742,-1.4480561,-1.1133019,0.7440339,343.01074,104.69555,-13.627643,WAL
1889202332000,101.684944,-1.94692916282598,-9.47345909142291,-1.69309770799207,-1.4883732,-1.1533136,0.7504479,342.66028,104.97691,-13.800683,WAL
1889207320000,101.689932,-2.03692549286068,-9.7766048532474,-1.38995209454636,-1.5076154,-1.1725558,0.75655663,342.302,105.258606,-13.971158,WAL
1889212353000,101.694965,-2.1064813346208,-10.1295571442366,-0.983320861585194,-1.5143349,-1.1768318,0.74464476,341.92627,105.50706,-14.12317,WAL
1889217293000,101.699905,-2.16358389869242,-10.5007234628847,-0.531259414431704,-1.4947872,-1.1459832,0.7165449,341.5604,105.74484,-14.264998,WAL
1889222317000,101.704929,-2.2057187938165,-10.8142550162618,-0.0943241456053002,-1.4789047,-1.1285735,0.6930266,341.13428,105.98223,-14.425819,WAL
1889227323000,101.709935,-2.23940582710299,-11.0933759482032,0.32917027859466,-1.4092661,-1.1236867,0.6737844,340.7225,106.19564,-14.571196,WAL
1889232314000,101.714926,-2.20019307181711,-11.2706867727631,0.497589093393772,-1.3158038,-1.1633929,0.6780604,340.2741,106.36914,-14.713357,WAL
1889237415000,101.720027,-2.12317098778084,-11.4006617406385,0.54091405587702,-1.1969905,-1.2495248,0.6966918,339.8269,106.52274,-14.848418,WAL
1889242317000,101.724929,-1.92785522713061,-11.5891000262229,0.253498035360565,-0.99021256,-1.3448198,0.73853606,339.36118,106.66673,-15.008816,WAL
1889247315000,101.729927,-1.66234145496722,-11.8159935995966,-0.219599115005547,-0.7171558,-1.4040737,0.78801614,338.89365,106.78946,-15.171605,WAL
1889252385000,101.734997,-1.28166121008436,-11.9603465955464,-0.781928311885423,-0.3567453,-1.3994923,0.82619524,338.41174,106.88726,-15.337512,WAL
1889257348000,101.73996,-0.852709714047479,-12.0582594677261,-1.37406788278203,0.003970624,-1.3234396,0.82772243,337.94577,106.95371,-15.499253,WAL
1889262334000,101.744946,-0.30108524054751,-11.9130556336044,-1.91420247893275,0.31429017,-1.1682798,0.79137594,337.46658,106.96579,-15.607936,WAL
1889267339000,101.749951,0.326470124707399,-11.6182947915096,-2.42290269634993,0.5329799,-0.9324858,0.7254025,337.04736,106.943,-15.697361,WAL
1889272333000,101.754945,0.850310687746171,-11.3753812940123,-2.85379700645514,0.57604593,-0.66767573,0.62980205,336.6621,106.838264,-15.674446,WAL
1889277330000,101.759942,1.30725408140044,-11.1659486443207,-3.2345831678337,0.45478916,-0.52564955,0.52687126,336.32095,106.714455,-15.62624,WAL
1889282334000,101.764946,1.54409931680408,-11.2418547634472,-3.41524832932862,0.21166481,-0.2751948,0.4654793,336.062,106.53014,-15.463134,WAL
1889287335000,101.769947,1.62871704183353,-11.5145118556144,-3.45755714275618,0.06566802,-0.070554934,0.33933565,335.83197,106.30943,-15.253028,WAL
1889292282000,101.774894,1.52864433245614,-11.7449566798246,-3.18275129062998,-0.21777347,0.062308256,0.20066923,335.58398,106.11974,-14.997719,WAL
1889297346000,101.779958,1.27243036403509,-11.9479942061404,-2.63648390067783,-0.47616947,0.12736541,0.089491755,335.3752,105.9241,-14.714605,WAL
1889302326000,101.784938,0.889213274891595,-11.9576903268983,-1.953541602178,-0.6795876,0.1001819,0.009162978,335.14948,105.727066,-14.392896,WAL
1889307344000,101.789956,0.394423929100089,-11.810205042471,-1.14475123177903,-0.81000733,0.002443461,-0.060170226,334.91934,105.53916,-14.050096,WAL
1889312217000,101.794829,-0.00273853479702237,-11.6044110474442,-0.507031762292804,-0.82924956,-0.124311075,-0.10781772,334.68436,105.37561,-13.743466,WAL
1889317236000,101.799848,-0.331924990750372,-11.3324744040695,0.00821658578660053,-0.73364913,-0.23304509,-0.11789699,334.4276,105.218796,-13.437915,WAL
1889322240000,101.804852,-0.5003881475,-11.2838725,0.3232172375,-0.55741453,-0.3203988,-0.111177474,334.18503,105.08658,-13.220167,WAL
1889327235000,101.809847,-0.505225937351335,-11.4628711134709,0.434486596040655,-0.33750305,-0.37690386,-0.086132,333.92432,104.94301,-13.012339,WAL
1889332217000,101.814829,-0.41666926482921,-11.8346175315036,0.458935586533106,-0.10140363,-0.41508293,-0.059253927,333.6798,104.803314,-12.87549,WAL
1889337261000,101.819873,-0.23763488733547,-12.3959147407593,0.400870375237904,0.105068825,-0.4392121,-0.028710667,333.4288,104.64679,-12.750677,WAL
1889342232000,101.824844,-0.0303436143200713,-13.0390253827197,0.383326281601346,0.25259277,-0.38515055,-0.03023783,333.19342,104.456764,-12.620963,WAL
1889347252000,101.829864,0.207560043340261,-13.771768013361,0.402358570239509,0.36835176,-0.26206118,-0.06719518,332.97656,104.245636,-12.490222,WAL
1889352312000,101.834924,0.411889313527132,-14.3805768840439,0.418614090943152,0.4654793,-0.14355333,-0.14446963,332.7596,103.97469,-12.304229,WAL
1889357251000,101.839863,0.577761799844961,-14.8520041149871,0.43170928699151,0.5671884,-0.057726767,-0.24190263,332.5732,103.68033,-12.102943,WAL
1889362230000,101.844842,0.743689007633588,-15.2408418492366,0.398753368715013,0.6789767,0.024740042,-0.33353242,332.38104,103.3323,-11.846437,WAL
1889367284000,101.849896,0.909478904169113,-15.4587373580446,0.270858297900763,0.8023715,0.11026118,-0.4156938,332.21927,102.957436,-11.569517,WAL
1889372244000,101.854856,1.07548922404844,-15.6285290171993,0.105802955708325,0.95111716,0.16065755,-0.48899764,332.0615,102.51649,-11.234703,WAL
1889377275000,101.859887,1.25201204290657,-15.6922736201913,-0.158981231618156,1.1178834,0.2593123,-0.52442783,331.94952,102.06065,-10.893959,WAL
1889382290000,101.864902,1.37724524312524,-15.6725993846752,-0.332083505991832,1.2095132,0.36102137,-0.605062,331.8372,101.56428,-10.504268,WAL
1889387295000,101.869907,1.40054939719953,-15.4861665414236,-0.322761854095683,1.4196508,0.40866885,-0.6966918,331.7449,101.0388,-10.112085,WAL
1889392253000,101.874865,1.37170962777595,-15.2549971614498,-0.285242110034761,1.6212363,0.40500367,-0.81153446,331.66333,100.483765,-9.67481,WAL
1889397247000,101.879859,1.20230738863262,-14.8964946029654,-0.170994119866557,1.8182404,0.3594942,-0.95447695,331.58835,99.894196,-9.216251,WAL
1889402277000,101.884889,1.03168398797364,-14.5354077248764,-0.0559225558805601,2.0140228,0.29260445,-1.0506883,331.50293,99.291245,-8.755627,WAL
1889407204000,101.889816,0.619224675208031,-13.8495538182934,0.0949134698130508,2.2250767,0.22266038,-1.144456,331.4088,98.65786,-8.268553,WAL
1889412363000,101.894975,0.137079371925097,-13.0752634406024,0.252327455739622,2.4691174,0.17531833,-1.2360858,331.30884,98.01412,-7.768145,WAL
1889417270000,101.899882,-0.356460649737442,-12.4466982783117,0.298887836150798,2.7299569,0.1591304,-1.3075571,331.2104,97.41379,-7.298854,WAL
1889422461000,101.905073,-0.881562980072768,-11.8213127679821,0.334268881335946,2.964529,0.17531833,-1.3723087,331.1332,96.91646,-6.8932695,WAL
1889427203000,101.909815,-1.39844071463756,-11.7408155594738,0.1944576892434,3.1746666,0.2443461,-1.4184291,331.07584,83.513596,-6.482753,WAL
1889432234000,101.914846,-1.94681943302547,-11.6554124687937,0.0461257391342476,3.3377676,0.35827246,-1.4752395,331.04678,83.74435,-6.1689687,WAL
1889437255000,101.919867,-2.5149336541805,-11.8332559746453,-0.389683252550558,3.4263432,0.5177083,-1.5036448,331.06183,83.84636,-5.8616796,WAL
1889442212000,101.924824,-3.07854405543817,-12.0434155181608,-0.857766433510414,3.4287865,0.72326446,-1.4929546,331.1332,83.81442,-5.56276,WAL
1889447202000,101.929814,-3.66910438844236,-12.4076327772563,-1.54578488587856,3.3649511,0.9251554,-1.4514158,331.2457,83.56492,-5.4206257,WAL
1889452223000,101.934835,-4.26623090064535,-12.793179494671,-2.2651579163215,3.25469,1.0925325,-1.3836098,331.41562,83.23975,-5.3026705,WAL
1889457200000,101.939812,-4.88806066543286,-13.1256726238947,-2.74399055009254,3.1089988,1.1585059,-1.3139712,331.57068,82.828606,-5.401284,WAL
1889462196000,101.944808,-5.51773901994653,-13.4503504692577,-3.18181382350401,2.9819386,1.1264355,-1.2327261,331.75223,82.413895,-5.5227447,WAL
1889467270000,101.949882,-6.38947939352233,-13.4570449587573,-3.34255546195728,2.8866436,1.0247264,-1.1383474,331.98914,82.02152,-5.681302,WAL
1889472214000,101.954826,-7.26472306712233,-13.4276251827573,-3.46759020115728,2.823419,0.96761054,-1.047023,332.22983,81.6378,-5.8576837,WAL
1889477197000,101.959809,-8.01791540927724,-13.3290971305286,-3.50472892297735,2.8081474,0.8564331,-1.0149527,332.48868,81.24113,-6.038176,WAL
1889482213000,101.964825,-8.50314004099245,-13.0841287162891,-3.35397945501618,2.7714956,0.75961095,-0.96791595,332.7328,80.84818,-6.2425523,WAL
1889487255000,101.969867,-8.71785085002979,-12.7993398792693,-3.2632759253475,2.7742445,0.7244862,-0.97158116,333.04895,80.34016,-6.552002,WAL
1889492208000,101.97482,-8.2751595093328,-12.4272905043685,-3.31978984221604,2.791654,0.7415904,-1.0341948,333.35388,79.850174,-6.849229,WAL
1889497217000,101.979829,-7.6959692603673,-12.0888097603673,-3.27035576247038,2.777299,0.83108217,-1.0906999,333.70795,79.29278,-7.2123036,WAL
1889502241000,101.984853,-6.7601049096564,-11.8512814096564,-2.93306455204384,2.6988027,1.1279627,-1.1597277,334.1299,78.77243,-7.5559344,WAL
1889507204000,101.989816,-5.83211464116708,-11.5498329073317,-2.44685558986534,2.47095,1.5213599,-1.2211196,334.5922,78.35156,-7.815254,WAL
1889512217000,101.994829,-4.88391616721197,-11.0374222991521,-1.4795015553217,2.1065688,1.598329,-1.2452488,335.04932,77.99016,-8.063683,WAL
1889517222000,101.999834,-3.97891947616612,-10.5820456641589,-0.706340628359916,1.8432859,1.4089607,-1.1911873,335.48862,77.72491,-8.193073,WAL
1889522205000,102.004817,-3.20821867520313,-10.3044017414986,-0.538796952940114,1.7391334,1.1823297,-1.0836749,335.933,77.50085,-8.333682,WAL
1889527208000,102.00982,-2.48450475379001,-10.0840653451245,-0.426086339509639,1.7562376,1.0528263,-0.9850202,336.26718,77.28497,-8.425431,WAL
1889532237000,102.014849,-1.91211617215048,-10.0435025022459,-0.484677304985963,1.8356501,1.0555751,-0.93401295,336.56857,77.06895,-8.530898,WAL
1889537210000,102.019822,-1.35720386586864,-10.0396545900424,-0.541799745790254,1.9318613,1.1377366,-0.9129381,336.79343,76.89897,-8.561802,WAL
1889542217000,102.024829,-0.889884166430085,-10.3342693342161,-0.592595352380297,2.0409007,1.2336423,-0.95172805,337.02274,76.712296,-8.592907,WAL
1889547212000,102.029824,-0.43918421157218,-10.5858754868498,-0.586754312220923,2.112983,1.3191634,-1.0091494,337.24564,76.589035,-8.511616,WAL
1889552302000,102.034914,-0.0355795384765245,-10.6903379941555,-0.377829555431522,2.147802,1.3579534,-1.1120802,337.48456,76.463394,-8.414447,WAL
1889557228000,102.03984,0.315855042651107,-10.7951171147018,-0.147877892419709,2.1609359,1.3264939,-1.1884383,337.70645,76.39301,-8.213912,WAL
1889562244000,102.044856,0.483549453351287,-10.9196896197885,0.221049833133852,2.182927,1.2431108,-1.2690725,337.9261,76.32372,-7.9912696,WAL
1889567243000,102.049855,0.628140881355322,-11.0164486674663,0.443611498191904,2.112372,1.0708468,-1.3548992,338.10278,76.295265,-7.66314,WAL
1889572212000,102.054824,0.661435252392804,-10.9783981961019,-0.0462912409355323,1.9834795,0.9663888,-1.3839152,338.27222,76.266815,-7.339377,WAL
1889577215000,102.059827,0.659644558283118,-10.9194696621555,-0.557772606587968,1.9007072,0.8915578,-1.4196508,338.42078,76.21294,-6.9456806,WAL
1889582201000,102.064813,0.475682445936975,-10.7543755825348,-1.16154566914057,1.7620409,0.9947941,-1.4379768,338.58743,76.1903,-6.56673,WAL
1889587210000,102.069822,0.291909518706798,-10.5432908972746,-1.78658261116103,1.6737708,1.1786644,-1.4294246,338.742,76.212296,-6.1698766,WAL
1889592217000,102.074829,0.114791656280024,-10.0454460419287,-2.5285628282919,1.6111571,1.3683381,-1.3796391,338.92023,76.24511,-5.799172,WAL
1889597224000,102.079836,-0.0794063522189414,-9.55025447965633,-3.20331604029232,1.5842791,1.5812247,-1.2889256,339.1767,76.307594,-5.444134,WAL
1889602272000,102.084884,-0.384956255172131,-9.06805881147541,-3.4515753442623,1.5903877,1.7589865,-1.2116512,339.4663,76.36069,-5.1204405,WAL
1889607216000,102.089828,-0.685887563411975,-8.59974036112213,-3.66636485210151,1.5824465,1.8848248,-1.1441506,339.8352,76.44422,-4.79898,WAL
1889612222000,102.094834,-1.00429362770619,-8.15777358273196,-3.65210787525773,1.5879441,1.947133,-1.0836749,340.22446,76.50631,-4.513252,WAL
1889617229000,102.099841,-1.3125147016169,-7.71658269909731,-3.6244523214562,1.5757269,1.9413297,-1.0436633,340.66446,76.53774,-4.281191,WAL
1889622223000,102.104835,-1.52126073113778,-7.28485776482492,-3.46789277454618,1.5494597,1.9321668,-1.0351112,341.11313,76.56484,-4.068153,WAL
1889627216000,102.109828,-1.72076738016198,-6.8599911977132,-3.31251576430681,1.5210545,1.8979583,-1.0262536,341.5918,76.53851,-3.9217916,WAL
1889632204000,102.114816,-1.80724789358742,-6.51862093758933,-3.17141591420677,1.4587462,1.8759671,-1.01312,342.0656,76.52722,-3.7856987,WAL
1889637551000,102.120163,-1.89705185188737,-6.1522692836564,-3.01782939875536,1.4144585,1.8524488,-1.0125091,342.56467,76.456566,-3.694176,WAL
1889642258000,102.12487,-1.91544732843297,-5.82115109000204,-2.83387501746582,1.3634512,1.8402315,-1.022283,343.05658,76.40594,-3.6091301,WAL
1889647528000,102.13014,-1.93309297832526,-5.45304807080604,-2.61191428255008,1.3035865,1.8182404,-1.0250319,343.56448,76.32523,-3.5486991,WAL
1889652305000,102.134917,-1.91571958308174,-5.1490142663059,-2.22970031283585,1.217149,1.7733418,-1.0155635,344.059,76.2675,-3.4931102,WAL
1889657258000,102.13987,-1.89770609624039,-4.83377888140131,-1.83340435470426,1.1007792,1.7354681,-1.0134255,344.56888,76.18683,-3.4496028,WAL
1889662341000,102.144953,-1.91852303783298,-4.49514259655792,-1.51480378584256,0.9825767,1.7076738,-1.0091494,345.06522,76.131454,-3.4134574,WAL
1889667305000,102.149917,-1.94223816029133,-4.16313122882371,-1.21125065420533,0.86651236,1.6945401,-0.98440933,345.55035,76.10759,-3.3879716,WAL
1889672294000,102.154906,-2.0341298376569,-3.99140461924686,-0.870247274686193,0.752586,1.6927075,-0.9560041,346.0525,76.03607,-3.3832102,WAL
1889677250000,102.159862,-2.13111495276832,-3.83438130392138,-0.528490277021504,0.6927212,1.6865989,-0.9459248,346.54636,75.98229,-3.385021,WAL
1889682306000,102.164918,-2.26074020945985,-3.64025797091049,-0.255737408443826,0.54153204,1.6890424,-0.9263771,347.05914,75.911896,-3.4246736,WAL
1889687325000,102.169937,-2.39447457755924,-3.44196206251559,0.00250836269787968,0.3717115,1.709201,-0.8921687,347.5708,75.86228,-3.4779885,WAL
1889692343000,102.174955,-2.45686192330254,-3.42691025864203,0.223717101727509,0.18661933,1.7519615,-0.8756753,348.1118,75.77026,-3.5795155,WAL
1889697248000,102.17986,-2.49899503299848,-3.46061674639878,0.430169497619517,-0.02076942,1.711339,-0.8686504,348.63074,75.729416,-3.689006,WAL
1889702331000,102.184943,-2.50211194440534,-3.52338063192216,0.576488895652624,-0.18173242,1.6945401,-0.8399397,349.17798,75.62313,-3.8781953,WAL
1889707330000,102.189942,-2.47237935572922,-3.60762306999275,0.665686713425111,-0.32895094,1.6756034,-0.8042041,349.70978,75.567276,-4.0726113,WAL
1889712328000,102.19494,-2.40388954583964,-3.60900247241553,0.762493485980837,-0.4886922,1.6566665,-0.7687739,350.21848,75.478966,-4.3238034,WAL
1889717309000,102.199921,-2.31247862568835,-3.5608913877761,0.863526633107413,-0.6386596,1.6224581,-0.73364913,350.71344,75.42253,-4.583834,WAL
1889722296000,102.204908,-2.12477147391613,-3.50942654555792,0.992924995010661,-0.7654142,1.5592335,-0.6948592,351.22464,75.36714,-4.82054,WAL
1889727321000,102.209933,-1.88046519840593,-3.45567919861915,1.13950879092903,-0.87109387,1.4944818,-0.65270954,351.72086,75.33948,-5.0665255,WAL
1889732312000,102.214924,-1.65618289926579,-3.38476127488987,1.27219657782673,-0.97402465,1.4193454,-0.61178154,352.19986,75.30225,-5.297475,WAL
1889737400000,102.220012,-1.43675730819383,-3.30366916422908,1.40098987145374,-1.0528263,1.3228287,-0.5687156,352.64948,75.27918,-5.5350223,WAL
1889742339000,102.224951,-1.29075567953461,-3.25121535915871,1.52126190713007,-1.1187997,1.2186762,-0.53023106,353.07516,75.26263,-5.715594,WAL
1889747314000,102.229926,-1.18178329140811,-3.21331200369928,1.63971009701671,-1.1878275,1.1010846,-0.48624873,353.46384,75.26025,-5.902635,WAL
1889752306000,102.234918,-1.15741296513761,-3.18976700196592,1.78919351140236,-1.246776,0.96669424,-0.44929138,353.82434,75.26864,-6.0283003,WAL
1889757332000,102.239944,-1.18652865052929,-3.17520913393487,1.9590348152838,-1.2916746,0.84116143,-0.4098906,354.14777,75.284454,-6.1604176,WAL
1889762315000,102.244927,-1.2594587028866,-3.15210651589593,2.10978880655866,-1.3643675,0.6963864,-0.36957347,354.4237,75.36412,-6.2571764,WAL
1889767373000,102.249985,-1.35933386659794,-3.12357080449681,2.25246766152185,-1.4385877,0.52442783,-0.31887165,354.65067,75.44506,-6.358119,WAL
1889772311000,102.254923,-1.44617663115698,-3.31559931794999,2.63528663452074,-1.5335772,0.43188173,-0.2947425,354.89963,75.58572,-6.432656,WAL
1889777349000,102.259961,-1.52756337658266,-3.66029594861084,3.19063125335384,-1.5855007,0.2556471,-0.22174409,355.06815,75.71527,-6.518377,WAL
1889782354000,102.264966,-1.6371446921045,-4.27233732679245,3.601076687373,-1.7015651,0.08032878,-0.13836098,355.22342,75.86919,-6.6280117,WAL
1889787460000,102.270072,-1.76962432089986,-5.09087215849057,3.91808147460087,-1.8075503,-0.059253927,-0.062002823,355.3332,76.01716,-6.746357,WAL
1889792354000,102.274966,-1.7832285375,-6.14535120990566,4.2851692240566,-1.8897116,-0.17165314,0.08155051,355.42105,76.126915,-6.8996453,WAL
1889797346000,102.279958,-1.69498679836957,-7.46407513443396,4.71657333890484,-1.922393,-0.19058995,0.18600847,355.49118,76.23745,-7.057908,WAL
1889802346000,102.284958,-1.3555889748724,-9.16981426092977,5.34167656879327,-1.8988746,-0.16646078,0.33200526,355.54633,76.27693,-7.2640066,WAL
1889807304000,102.289916,-0.829578836308605,-11.1517450913947,6.10720917818991,-1.781894,-0.073303826,0.45112398,355.6075,76.28443,-7.4883866,WAL
1889812316000,102.294928,0.0687688941484113,-13.068537253207,7.09179262073219,-1.5885551,0.082161374,0.5479461,355.66626,76.240105,-7.6872807,WAL
1889817304000,102.299916,1.27548813132228,-14.9021849208605,8.2513744014703,-1.2608259,0.29657507,0.57360244,355.76028,76.131584,-7.8989353,WAL
1889822316000,102.304928,2.42028225008427,-16.276607679885,9.14169374075543,-0.7809912,0.48930305,0.5122105,355.81992,76.015564,-7.936658,WAL
1889827338000,102.30995,3.50261615235452,-17.2063662320809,9.77106828581342,-0.15118915,0.62858033,0.30726522,355.9273,75.81614,-7.948041,WAL
1889832301000,102.314913,4.29437938866745,-17.862419723442,9.83141013612565,0.46028697,0.63163465,0.065973446,355.92096,75.65355,-7.661543,WAL
1889837437000,102.320049,4.82188180596183,-18.2653146790238,9.30390797905759,0.82772243,0.7357872,-0.21868975,356.00577,75.42597,-7.343393,WAL
1889842379000,102.324991,5.20093659725668,-18.5186185054167,8.72834394679364,0.95264435,0.84482664,-0.3726278,356.0186,75.20476,-6.8230705,WAL
1889847317000,102.329929,4.80017160620304,-17.9567214750131,7.74089192285515,0.9315695,0.95814216,-0.47036624,356.09665,74.9246,-6.2902675,WAL
1889852313000,102.334925,4.39469937143107,-17.388224600996,6.74184163699109,0.82924956,1.067487,-0.5103779,356.20197,74.73766,-5.6712995,WAL
1889857330000,102.339942,3.42545221215724,-15.6049867326942,5.67600157338447,0.7144069,1.1670581,-0.5149594,356.35333,74.52981,-5.0890956,WAL
1889862267000,102.344879,2.36469643904123,-13.6194692299137,4.6152459896069,0.58123827,1.2483032,-0.49418998,356.54062,74.32683,-4.5508637,WAL
1889867306000,102.349918,1.3462874226726,-11.4480994828109,3.92675118357799,0.42852196,1.2757921,-0.46181414,356.7875,74.20899,-4.1078753,WAL
1889872322000,102.354934,0.354515104839473,-9.2370847814187,3.37627204737191,0.26450464,1.2962561,-0.43860126,357.04938,74.115456,-3.6998482,WAL
1889877317000,102.359929,-0.555466693137356,-7.41833696847117,2.99222827354311,0.16401732,1.2709051,-0.38148534,357.36392,74.043495,-3.4813752,WAL
1889882309000,102.364921,-1.42145349268192,-5.81502406984784,2.70026701205879,-0.03940081,1.2189816,-0.31887165,357.6635,74.04069,-3.2810504,WAL
1889887388000,102.37,-2.06251468908401,-4.84338355980842,2.61791984675713,-0.25442538,1.1475104,-0.23304509,357.99594,74.027916,-3.259655,WAL
1889892293000,102.374905,-2.58747121288166,-4.16375230007982,2.62260695551786,-0.47555858,1.0442741,-0.12156218,358.29172,74.06796,-3.25953,WAL
1889897314000,102.379926,-3.09073920698448,-3.93344512815965,2.71114945232816,-0.68630713,0.9306532,0.030848695,358.6033,74.11719,-3.4124968,WAL
1889902392000,102.385004,-3.58495701132668,-3.90199493111604,2.83695033433112,-0.88300574,0.77671516,0.18997909,358.8641,74.212746,-3.5880709,WAL
1889907349000,102.389961,-3.94968179673496,-4.25601397077465,3.05660467359155,-1.0549643,0.5155703,0.34025195,359.08612,74.30723,-3.8651624,WAL
1889912352000,102.394964,-4.22063524443022,-4.93084174671362,3.35823213779343,-1.1893547,0.103847094,0.4642576,359.213,74.42664,-4.1565804,WAL
1889917345000,102.399957,-4.4622603767843,-6.16712279025575,3.52085109038462,-1.2944235,-0.38820487,0.5494733,359.2638,74.52964,-4.5293846,WAL
1889922351000,102.404963,-4.69037230402458,-7.68311540566019,3.61589770192308,-1.3417655,-0.9630291,0.63285637,359.16776,74.62707,-4.899997,WAL
1889927347000,102.409959,-5.05862699223803,-9.80045227903274,3.26292737785849,-1.351234,-1.5289958,0.68752885,358.94467,74.700905,-5.278777,WAL
1889932325000,102.414937,-5.49982719663648,-12.2294254952732,2.6746603891233,-1.3133603,-1.9608774,0.72204274,358.59525,74.75115,-5.641832,WAL
1889937383000,102.419995,-6.0994107731138,-14.0544840738194,1.81886724474398,-1.2421945,-2.1768184,0.76083267,358.17047,74.81292,-5.994994,WAL
1889942354000,102.424966,-6.77125666799349,-15.4972298065859,0.836938743305591,-1.1166617,-2.1777346,0.79809546,357.69,74.83271,-6.334058,WAL
1889947342000,102.429954,-7.38641713448894,-16.6646048308428,0.195411509587567,-0.79717916,-1.9346102,0.8353582,357.31076,74.92272,-6.6638746,WAL
1889952359000,102.434971,-7.92729051823072,-17.4687362681809,0.00395169401075912,-0.2434298,-1.3866642,0.86254174,357.02942,74.89951,-7.0048943,WAL
1889957349000,102.439961,-7.60036714988492,-18.0989285103573,0.18397378197138,0.4990769,-0.7987063,0.83260936,356.87097,74.841545,-7.4264483,WAL
1889962347000,102.444959,-6.10593729152407,-18.501275762834,0.864131200848594,1.1136073,-0.5888741,0.6068946,356.77963,74.686386,-7.7931657,WAL
1889967315000,102.449927,-4.34385362458663,-17.9518661629865,0.969665218984287,1.3371841,-0.6026186,0.27885997,356.8193,74.47811,-8.19051,WAL
1889972342000,102.454954,-2.17825202034508,-16.0829218353702,0.287352398562185,1.1136073,-0.68019843,0.118507855,356.9066,74.23716,-8.5640335,WAL
1889977340000,102.459952,-0.614179565021459,-13.7720956137339,-0.566511288143777,0.8741482,-0.6264423,-0.12339478,356.9643,74.07674,-8.613584,WAL
1889982317000,102.464929,0.301716112602419,-10.9779169344518,-1.6079357946547,0.25381452,-0.5656612,-0.31520647,357.0095,74.080894,-8.626599,WAL
1889987389000,102.470001,0.87710965010501,-8.50936838289829,-2.18923279471947,-0.32559118,-0.77396625,-0.41691554,356.87445,74.28235,-8.374895,WAL
1889992381000,102.474993,0.977515250345035,-6.57297382952295,-2.13663941122112,-0.7742717,-1.1276573,-0.3866777,356.7175,74.60474,-8.107703,WAL
1889997310000,102.479922,0.840532448402728,-5.11365961792679,-2.04489353261601,-1.0760391,-1.4068227,-0.3191771,356.4656,75.09362,-7.769342,WAL
1890002391000,102.485003,0.373054750033433,-4.23480155206072,-1.89530062360457,-1.2760975,-1.5741998,-0.2751948,356.14297,75.661865,-7.4211483,WAL
1890007246000,102.489858,-0.0721769383342105,-3.57144035047571,-1.84950921784413,-1.393689,-1.6716328,-0.22785273,355.75607,76.214714,-7.1053085,WAL
1890012348000,102.49496,-0.537047534592105,-3.2400963826417,-2.00281765632591,-1.4682146,-1.7440202,-0.16249016,355.32452,76.794395,-6.800507,WAL
1890017305000,102.499917,-1.0181551328325,-3.08573227182829,-2.41658193468762,-1.5143349,-1.7800614,-0.059864793,354.8917,77.305336,-6.6065593,WAL
1890022375000,102.504987,-1.56250797403603,-3.22530996452664,-3.30987881816788,-1.5635096,-1.8478674,0.0421497,354.42673,77.82216,-6.42752,WAL
1890027253000,102.509865,-1.9567487007786,-3.39149931706928,-4.00188352369735,-1.5949692,-1.967597,0.124005646,353.96417,78.29815,-6.3403893,WAL
1890032331000,102.514943,-2.00529231267718,-3.65363502407666,-4.25431045763625,-1.5876387,-2.0967948,0.19547687,353.47745,78.75418,-6.278218,WAL
1890037322000,102.519934,-2.00031592862863,-3.85611713753754,-4.44460653878879,-1.5289958,-2.1697934,0.2706133,353.02432,79.22201,-6.314779,WAL
1890042353000,102.524965,-1.85562849817818,-3.91399206942943,-4.48318987707708,-1.4752395,-2.162463,0.33322698,352.5596,79.65834,-6.3680353,WAL
1890047279000,102.529891,-1.7424547526869,-4.02340195891541,-4.37431445580116,-1.4407257,-2.0607538,0.4111123,352.09818,80.07266,-6.4582324,WAL
1890052374000,102.534986,-1.70410615577169,-4.28225513825523,-3.85660799701346,-1.4068227,-1.9449949,0.4877759,351.64655,80.43556,-6.5678034,WAL
1890057323000,102.539935,-1.70569168297367,-4.62226537524253,-3.32533991217581,-1.3897184,-1.9022343,0.5564982,351.18112,80.768684,-6.687155,WAL
1890062347000,102.544959,-1.82952467921204,-5.24619320988913,-2.69664942300535,-1.3888022,-1.9477439,0.5992588,350.72797,81.05347,-6.8229756,WAL
1890067329000,102.549941,-1.94810490306809,-5.93648389259699,-2.1669620358175,-1.4056009,-1.9935588,0.65301496,350.26447,81.252365,-6.9842315,WAL
1890072364000,102.554976,-2.05309531706255,-6.88616960657165,-1.96175354467538,-1.4321736,-2.0766363,0.68936145,349.78262,81.412895,-7.1507497,WAL
1890077350000,102.559962,-2.12800362354308,-7.86525805401743,-1.82807800245886,-1.5164729,-2.1319196,0.79259765,349.2981,81.47556,-7.3541994,WAL
1890082319000,102.564931,-2.09114999843175,-8.98929155150048,-1.96167209284608,-1.6056592,-2.1297817,0.929126,348.81137,81.49482,-7.57519,WAL
1890087327000,102.569939,-2.02158930096144,-10.121157243151,-2.11492281903236,-1.6563611,-2.0705278,1.0638218,348.31546,81.45276,-7.8246655,WAL
1890092318000,102.57493,-1.74487274051484,-11.2428474721389,-2.38669806761088,-1.6933185,-1.9468275,1.1985176,347.84378,81.353264,-8.10998,WAL
1890097313000,102.579925,-1.45488507258355,-12.2891276517485,-2.63422215062482,-1.7391334,-1.7993035,1.3545936,347.3784,81.219864,-8.410772,WAL
1890102412000,102.585024,-1.10483393625109,-13.0412644809648,-2.78559561979076,-1.7201965,-1.6358972,1.4834863,346.9594,81.0233,-8.737906,WAL
1890107297000,102.589909,-0.766249191661202,-13.7230928579235,-2.94013205027322,-1.702176,-1.4724907,1.5931365,346.54852,80.82894,-9.040158,WAL
1890112309000,102.594921,-0.397265841716588,-14.1632055973882,-3.16241116332315,-1.672549,-1.2647965,1.6572775,346.2041,80.580315,-9.361366,WAL
1890117647000,102.600259,-0.00668007912481955,-14.6147655277644,-3.38795553171013,-1.6594155,-0.9831876,1.6536123,345.90158,80.36918,-9.615957,WAL
1890122320000,102.604932,0.281878477665865,-14.6276863210471,-3.33627334795496,-1.6496416,-0.61422503,1.5848899,345.69064,80.13457,-9.865381,WAL
1890127271000,102.609883,0.587603582453084,-14.641375781253,-3.28151655536522,-1.6175711,-0.2666427,1.3903292,345.5379,100.01091,-9.999128,WAL
1890132321000,102.614933,0.977717282054373,-13.9778357023579,-3.11655033448883,-1.5830573,-0.06872234,1.1707232,345.45163,100.1529,-10.104091,WAL
1890137352000,102.619964,1.37618689870667,-13.2317644293507,-2.93851074274151,-1.5506815,0.009162978,0.9593639,345.43192,100.26364,-10.154877,WAL
1890142320000,102.624932,1.66468923388973,-12.3744072535154,-2.78241844188164,-1.4944818,0.04550946,0.8530733,345.41238,100.32111,-10.134897,WAL
1890147333000,102.629945,1.89295442660597,-11.4370634802226,-2.636717384522,-1.3332134,0.0009162979,0.75411314,345.38837,100.33336,-10.060344,WAL
1890152333000,102.634945,1.81192954308749,-10.6140417455957,-2.233011750851,-1.16492,-0.24190263,0.6059783,345.29153,100.25636,-9.895765,WAL
1890157346000,102.639958,1.56345299068379,-9.8494986225739,-1.68827463224843,-1.1117748,-0.6713409,0.4447099,345.12262,100.1598,-9.707377,WAL
1890162306000,102.644918,1.23431579827621,-9.20842742533574,-1.62793811300862,-1.1911873,-0.90010995,0.3222314,344.8995,100.03835,-9.491857,WAL
1890167308000,102.64992,0.855046241711766,-8.62752117298056,-1.83917691429144,-1.2873985,-1.3289373,0.26908615,344.49033,99.89895,-9.262661,WAL
1890172323000,102.654935,0.446871985090282,-8.15286416037736,-2.31152626097586,-1.3500122,-1.6719382,0.16065755,344.01712,99.74577,-9.040523,WAL
1890177319000,102.659931,0.024618163698519,-7.74031710377358,-2.92791979739298,-1.45783,-1.8445076,0.07880162,343.47098,99.60596,-8.815314,WAL
1890182301000,102.664913,-0.350545650072878,-7.51916030096514,-3.31697338734489,-1.4987578,-1.8677205,0.030543262,342.89737,99.57114,-8.666978,WAL
1890187368000,102.66998,-0.708968543005712,-7.39012795331889,-3.59893267535946,-1.5192219,-1.8322903,0.016798794,342.29312,99.54101,-8.505785,WAL
1890192329000,102.674941,-1.01784274361777,-7.44081896199739,-3.71511344472075,-1.5457945,-1.7269161,0.02107485,341.75027,99.66558,-8.4309635,WAL
1890197314000,102.679926,-1.30506046902637,-7.58921480928507,-3.74383520226612,-1.5567901,-1.5253305,0.019547688,341.24606,99.798454,-8.346438,WAL
1890202639000,102.685251,-1.44400983952631,-7.7772912970297,-3.48081690745486,-1.5515977,-1.3240504,0.052839845,340.79742,100.04265,-8.338586,WAL
1890207317000,102.689929,-1.49184554542807,-7.95558794059406,-3.11987487850903,-1.561677,-1.1914927,0.11911872,340.38788,100.30939,-8.3352165,WAL
1890212317000,102.694929,-1.49935576370809,-8.21407641568047,-2.61474213370809,-1.5754215,-1.1551461,0.19914207,340.01276,100.64088,-8.391436,WAL
1890217303000,102.699915,-1.47581043589744,-8.52016592307692,-2.02610849589744,-1.5952746,-1.1792754,0.2687807,339.6598,100.99268,-8.460001,WAL
1890222355000,102.704967,-1.34144269353193,-8.77573954366456,-1.52276890944705,-1.6230689,-1.2208142,0.31490102,339.29507,101.32666,-8.547915,WAL
1890227351000,102.709963,-1.12178775833503,-8.98563194215466,-1.09810271669047,-1.6349808,-1.2541064,0.3417791,338.92862,101.67005,-8.647899,WAL
1890232364000,102.714976,-0.919729680470914,-9.02913818391373,-0.67117801119905,-1.6447546,-1.3545936,0.37140608,338.48386,101.94017,-8.751843,WAL
1890237393000,102.720005,-0.729141028531856,-8.96243229006727,-0.242353469707163,-1.6600263,-1.557401,0.38240165,338.00476,102.20925,-8.859462,WAL
1890242354000,102.724966,-0.581227124588736,-8.81939868966518,-0.0885748066915038,-1.666135,-1.750129,0.36254853,337.42932,102.36707,-8.922855,WAL
1890247355000,102.729967,-0.460728373183666,-8.62011217882717,-0.125651337023418,-1.6526959,-1.8515326,0.34697145,336.83398,102.52212,-8.989223,WAL
1890252377000,102.734989,-0.367049256522707,-8.37762620370183,-0.311997392361687,-1.5885551,-1.8506162,0.33353242,336.15405,102.57255,-9.018978,WAL
1890257355000,102.739967,-0.299543770142612,-8.09796048204713,-0.635059406770507,-1.4926492,-1.8002199,0.3323107,335.48087,102.61252,-9.042621,WAL
1890262362000,102.744974,-0.346152127620535,-7.87228839371462,-0.933752703277376,-1.3955216,-1.7003434,0.33169982,334.83792,102.67437,-9.062429,WAL
1890267546000,102.750158,-0.496360121374195,-7.68816279230919,-1.21963245829592,-1.2864822,-1.6545285,0.34055737,334.21127,102.71466,-9.078506,WAL
1890272331000,102.754943,-0.681392997263031,-7.57838536818273,-1.40385602232844,-1.2247849,-1.5589281,0.34269542,333.6207,102.77083,-9.079838,WAL
1890277343000,102.759955,-0.922885056510364,-7.52525685693298,-1.51494232721876,-1.1985176,-1.4724907,0.3475823,333.0583,102.81387,-9.076798,WAL
1890282355000,102.764967,-1.19518005602606,-7.49627546254072,-1.56823211316751,-1.1737776,-1.3918564,0.37659842,332.55136,102.96353,-9.13698,WAL
1890287374000,102.769986,-1.4988246514658,-7.49153111791531,-1.56348766946007,-1.1548407,-1.3072516,0.42180246,332.08093,103.10856,-9.193482,WAL
1890292293000,102.774905,-1.76814988582502,-7.46550556758066,-1.5117631215483,-1.1667526,-1.1963795,0.4596761,331.6649,103.324356,-9.304274,WAL
1890297378000,102.77999,-2.01350396876272,-7.41360368549559,-1.40324116122469,-1.1795808,-1.0925325,0.5296202,331.2819,103.54547,-9.4275,WAL
1890302323000,102.784935,-2.23955811212065,-7.4270081803343,-1.21449009958913,-1.2089024,-0.9896017,0.59528816,330.9538,103.82594,-9.612293,WAL
1890307348000,102.78996,-2.45076385005136,-7.53485803466243,-0.899928337286395,-1.219287,-0.8793405,0.6774496,330.66742,104.114235,-9.809679,WAL
1890312348000,102.79496,-2.58592426001315,-7.69596024044719,-0.666645239621493,-1.2281445,-0.7996226,0.7593055,330.41702,104.444275,-10.068299,WAL
1890317389000,102.800001,-2.51419593535171,-8.0075668019583,-0.652534749322876,-1.2202033,-0.7611381,0.8491027,330.19623,104.78144,-10.341279,WAL
1890352430000,102.835042,-2.01020638031079,-10.1884731966227,-0.569351621315009,-1.0876455,-1.2617421,0.9960158,328.41275,106.93585,-12.667982,WAL
1890357349000,102.839961,-1.86633837738256,-10.6962427486751,-0.759765170196713,-1.0372492,-1.3274102,0.96974856,328.07275,107.211205,-12.987094,WAL
1890362335000,102.844947,-1.72051079807779,-11.2109284544148,-0.952772276259768,-0.9596693,-1.3432927,0.9636399,327.70584,107.47731,-13.291587,WAL
1890367295000,102.849907,-1.49776069429838,-11.6913532020751,-1.14033172964642,-0.9077458,-1.3445144,0.9437868,327.33054,107.72224,-13.577554,WAL
1890372259000,102.854871,-1.25831642622142,-12.1654524558275,-1.32709829174977,-0.82894415,-1.3228287,0.92271197,326.96533,107.939316,-13.85112,WAL
1890377313000,102.859925,-0.898163184533389,-12.4621913774689,-1.59847508113701,-0.7296785,-1.2599095,0.90102625,326.59238,108.126465,-14.075334,WAL
1890382330000,102.864942,-0.51656009278399,-12.7182675720556,-1.88467739339534,-0.61361414,-1.1749994,0.890947,326.23965,108.28888,-14.286386,WAL
1890387325000,102.869937,-0.0529608957831325,-12.8225365180723,-2.15766611204819,-0.4700608,-1.0546589,0.87781334,325.8767,108.4051,-14.441766,WAL
1890392254000,102.874866,0.41111778033253,-12.9135322717108,-2.42610372780723,-0.3036,-0.89827734,0.8585711,325.5554,108.49017,-14.580304,WAL
1890397313000,102.879925,0.92941634763829,-12.7501027397629,-2.61660101659483,-0.11911872,-0.7156286,0.82619524,325.24268,108.524254,-14.648328,WAL
1890402327000,102.884939,1.45116480845905,-12.5388163997845,-2.78907991508621,0.026572637,-0.5222898,0.77457714,324.9827,108.52689,-14.693865,WAL
1890407316000,102.889928,1.9860552827476,-12.1649162539936,-2.77471920063898,0.13194689,-0.31642818,0.6979135,324.74747,108.46923,-14.645973,WAL
1890412313000,102.894925,2.53137134715655,-11.6909500057508,-2.64730889825346,0.15515977,-0.16768251,0.58246,324.5518,108.3821,-14.566464,WAL
1890417304000,102.899916,2.84265842902338,-11.5304559676754,-2.46116035261348,0.10293079,-0.08002335,0.43676865,324.35834,108.241,-14.385043,WAL
1890422315000,102.904927,3.07369398606799,-11.4785907883671,-2.25369988154844,-0.003970624,-0.06536258,0.2611449,324.18292,108.07709,-14.162807,WAL
1890427317000,102.909929,3.02027881443299,-11.6750369139572,-1.9915657158406,-0.0983493,-0.11178834,0.06627888,323.9826,107.85238,-13.847347,WAL
1890432295000,102.914907,2.85015181546392,-11.9727586193497,-1.70802079980174,-0.16615535,-0.1740966,-0.106595986,323.77805,107.615326,-13.494351,WAL
1890437326000,102.919938,2.37549420470735,-12.2421650811513,-1.30596923983442,-0.22174409,-0.21899518,-0.22815818,323.54633,107.33662,-13.082738,WAL
1890442322000,102.924934,1.76752000890451,-12.4954879633231,-0.854594490893339,-0.25870144,-0.26236662,-0.32406402,323.29468,107.04644,-12.640433,WAL
1890447311000,102.929923,1.05667156725628,-12.5757760766125,-0.414080180258403,-0.29993483,-0.3100141,-0.38637227,323.0266,106.74801,-12.208396,WAL
1890452362000,102.934974,0.270564351029676,-12.5464800726759,0.025358670466337,-0.32528573,-0.33353242,-0.40378192,322.75693,106.45552,-11.771505,WAL
1890457327000,102.939939,-0.326380734269062,-12.5511258909019,0.317732445782401,-0.29260445,-0.33078352,-0.4034765,322.5018,106.1745,-11.424024,WAL
1890462315000,102.944927,-0.825659719804002,-12.5749010643042,0.531709160323512,-0.21838433,-0.31306845,-0.36835176,322.25146,105.9026,-11.089106,WAL
1890467301000,102.949913,-0.935995662684315,-12.8829194585354,0.750688015936665,-0.16218472,-0.24678956,-0.34269542,322.03503,105.67699,-10.883413,WAL
1890472327000,102.954939,-0.80738687563335,-13.3687749951014,0.974562558923305,-0.036957346,-0.16279559,-0.28985557,321.8373,105.439766,-10.697378,WAL
1890477312000,102.959924,-0.679827225126175,-13.8506671259772,1.1966108272855,0.1432479,-0.089186326,-0.2666427,321.66855,105.21547,-10.591771,WAL
1890482339000,102.964951,-0.55119284937902,-14.3366193309748,1.42052991355567,0.3659083,-0.07788532,-0.28771752,321.51053,104.963776,-10.489555,WAL
1890487325000,102.969937,-0.332919670878743,-14.7576921713608,1.53239408108509,0.5717699,-0.12492194,-0.3436117,321.3603,104.682655,-10.385266,WAL
1890492323000,102.974935,-0.0491077523895642,-15.1361082905425,1.56550549768752,0.7684685,-0.16676621,-0.42088616,321.21692,104.35749,-10.270245,WAL
1890497311000,102.979923,0.222017072535812,-15.4366057153911,1.39465940897424,0.97433007,-0.17531833,-0.5164866,321.05014,103.88505,-10.078753,WAL
1890502411000,102.985023,0.489339839130131,-15.6808830580353,1.05359242114749,1.1780536,-0.13316862,-0.61269784,320.88882,103.373,-9.868907,WAL
1890507351000,102.989963,0.727580783694919,-15.7613816405276,0.773807146948165,1.395827,-0.046120327,-0.7153232,320.73193,102.76906,-9.581491,WAL
1890512353000,102.994965,0.943074149316021,-15.6487376846948,0.553416244934056,1.5858061,0.070249505,-0.8164214,320.5998,102.131165,-9.271003,WAL
1890517338000,102.99995,1.01614985268033,-15.3928912799879,0.54077400236086,1.7391334,0.14721853,-0.9419542,320.4686,101.44917,-8.888824,WAL
1890522348000,103.00496,0.939027390413904,-14.983178070223,0.748040581324091,1.8790215,0.14905111,-1.0732902,320.35406,100.73355,-8.484291,WAL
1890527302000,103.009914,0.719569094525984,-14.2761989907884,0.98469378281262,2.0329595,0.13103059,-1.1801916,320.25888,99.98477,-8.029821,WAL
1890532323000,103.014935,0.346758780738466,-13.2426654354034,1.2578419257235,2.2366831,0.12889257,-1.2321151,320.17484,99.210884,-7.564518,WAL
1890537411000,103.020023,-0.0310262972441852,-12.195340454364,1.53463494526752,2.4981334,0.14385876,-1.2565498,320.09186,98.41399,-7.1077647,WAL
1890542419000,103.025031,-0.236842581054831,-11.9882617170269,1.2236439163687,2.8368583,0.16126843,-1.271516,320.01724,97.60274,-6.649526,WAL
1890547374000,103.029986,-0.422865891551555,-11.8707732409862,0.854044973876309,3.1994066,0.1704314,-1.2965615,319.95352,96.79748,-6.1918693,WAL
1890552395000,103.035007,-0.611367010018569,-11.7517198326714,0.479523018224584,3.5289686,0.18448131,-1.3289373,319.9177,96.10134,-5.8271036,WAL
1890557563000,103.040175,-0.84771122609254,-11.683398947162,0.0513078736672875,3.771482,0.23915374,-1.3652838,319.90317,95.51608,-5.464486,WAL
1890562361000,103.044973,-1.75309821442114,-12.4986981917459,-1.03876013627684,3.9086213,0.31123585,-1.4016303,319.9098,84.88644,-5.101807,WAL
1890567686000,103.050298,-2.73985601192427,-13.3863506669492,-2.22744604750871,3.9287798,0.74220127,-1.4361442,320.03384,84.98562,-4.8351517,WAL
1890572364000,103.054976,-3.2040204167844,-13.7830003005557,-2.80132195565602,3.7452147,0.93309665,-1.4489723,320.1217,84.88941,-4.5763044,WAL
1890577287000,103.059899,-3.69249441531506,-14.2004235896204,-3.40525335706885,3.6102135,1.2290609,-1.4398094,320.31802,84.51971,-4.6251197,WAL
1890582345000,103.064957,-4.26182697447052,-14.5331127355467,-3.71061878206449,3.3270776,1.352761,-1.3942999,320.53052,84.15866,-4.680593,WAL
1890587416000,103.070028,-4.84559558892387,-14.8481620354894,-3.95617225724098,3.072652,1.3289373,-1.344209,320.7923,83.794136,-4.7416277,WAL
1890592353000,103.074965,-5.39468784769261,-15.1566424341454,-3.93759829471182,2.8661797,1.1985176,-1.2950343,321.03522,83.4377,-4.96087,WAL
1890597251000,103.079863,-5.93353066122004,-15.4632253180828,-3.84004922614379,2.6975808,0.99265605,-1.2577715,321.25302,83.12403,-5.171554,WAL
1890602419000,103.085031,-6.4022302674865,-15.509785119976,-3.5431371115177,2.5595255,0.77121735,-1.2370021,321.47177,82.823814,-5.3634386,WAL
1890607267000,103.089879,-6.80607627732453,-15.4540825596881,-3.19499404973005,2.4165828,0.50854534,-1.2336423,321.62076,82.56082,-5.5418396,WAL
1890612350000,103.094962,-6.81432986638032,-15.5680831392034,-3.18244107007029,2.329229,0.23732115,-1.2623531,321.74524,82.268364,-5.7207594,WAL
1890617355000,103.099967,-6.66460102120266,-15.7458857153456,-3.3040956957048,2.2748623,0.0061086523,-1.3289373,321.80838,82.01305,-5.871567,WAL
1890622357000,103.104969,-6.3148377474284,-15.6454805808146,-3.4269414513626,2.2406538,0.03145956,-1.5454891,321.90594,81.736786,-5.9888372,WAL
1890627355000,103.109967,-5.8737087993955,-15.417801398573,-3.55026783191953,2.0292943,0.35185838,-1.8060231,322.02786,81.53748,-6.0670996,WAL
1890632362000,103.114974,-5.38018049419954,-14.9271830711524,-3.16405697664346,1.6157386,0.6731735,-1.9608774,322.15405,81.44968,-6.0645905,WAL
1890637423000,103.120035,-4.85538914089327,-14.2993074067092,-2.51743912383024,1.271516,0.6722572,-1.998751,322.2813,81.42264,-6.0172396,WAL
1890642349000,103.124961,-4.31183978342835,-13.7026731604903,-2.3594024772615,1.1633929,0.5925393,-1.9590448,322.4525,81.50265,-5.8810153,WAL
1890647343000,103.129955,-3.7392297554542,-13.1073408121437,-2.50937190814329,1.241889,0.67011917,-1.88849,322.66034,81.61332,-5.747337,WAL
1890652376000,103.134988,-3.02415145643127,-12.5761529482976,-2.62082067654477,1.4300356,0.9810496,-1.8203784,322.89063,81.6795,-5.588015,WAL
1890657355000,103.139967,-2.17732364919084,-12.1201684264397,-2.69097194020597,1.6392568,1.1969905,-1.7815884,323.109,81.71151,-5.4431825,WAL
1890662346000,103.144958,-1.45595297617842,-11.8542714280096,-2.38716302705036,1.8591684,1.632232,-1.7733418,323.44876,81.75452,-5.2366204,WAL
1890667350000,103.149962,-0.821585283378417,-11.7209624680096,-1.82174846705036,1.971873,1.9474384,-1.7687603,323.80933,81.75931,-5.050424,WAL
1890672351000,103.154963,-0.285989270714214,-11.4991363870253,-1.36167884263121,2.119397,2.1126773,-1.7919732,324.18927,81.77028,-4.7783012,WAL
1890677337000,103.159949,0.151730699911353,-11.1912891848494,-1.00573067835197,2.1618521,2.112983,-1.7916678,324.6033,81.75955,-4.5292153,WAL
1890682339000,103.164951,0.483690209259479,-10.807403527498,-0.840515146682464,2.1676552,2.0726657,-1.7730364,325.01245,81.68835,-4.239428,WAL
1890687395000,103.170007,0.717951312956161,-10.3484429808946,-0.854857652843602,2.1600194,1.9996674,-1.6948457,325.40314,81.582726,-3.978992,WAL
1890692320000,103.174932,0.800157792907658,-9.90094928672459,-0.920884760800162,2.1673498,1.9947804,-1.575116,325.828,81.42077,-3.641437,WAL
1890697344000,103.179956,0.732104215700141,-9.44401831400283,-1.04240901669024,2.1252003,1.9917262,-1.4495832,326.22375,81.241394,-3.340506,WAL
1890702430000,103.185042,0.603774313107948,-9.01925615757216,-1.34719050561487,2.0470095,2.057394,-1.3069462,326.62866,81.03354,-3.0425181,WAL
1890707342000,103.189954,0.427067269027284,-8.64259131455121,-1.80290863768288,1.9724839,2.2033908,-1.1734722,327.04535,80.811905,-2.7947361,WAL
1890712344000,103.194956,0.28554260442391,-8.2278517054577,-2.1933099548946,1.9385809,2.4309382,-1.0528263,327.47623,80.57295,-2.6273627,WAL
1890717358000,103.19997,0.183858283844451,-7.77951593550871,-2.5076069633266,1.9474384,2.63344,-0.929126,327.92914,80.3305,-2.5150108,WAL
1890722332000,103.204944,0.042783088695608,-7.3523692401891,-2.71898552016063,1.9355265,2.7366762,-0.80848014,328.4306,80.121185,-2.4259117,WAL
1890727349000,103.209961,-0.157493495742172,-6.94693152501017,-2.78737264705165,1.9156734,2.7354546,-0.7162395,328.94717,79.90642,-2.3774736,WAL
1890732307000,103.214919,-0.324059831137488,-6.50549377230465,-2.9618249902275,1.8613064,2.7574458,-0.63255095,329.54037,79.71113,-2.3190951,WAL
1890737368000,103.21998,-0.453500187398615,-6.00211474812067,-3.27823470547972,1.8469511,2.8334985,-0.539394,330.136,79.50614,-2.3003805,WAL
1890742327000,103.224939,-0.588401721058579,-5.58803044682327,-3.4194249497869,1.8643607,2.8075366,-0.47983465,330.74936,79.281265,-2.291224,WAL
1890747347000,103.229959,-0.736121259090098,-5.27829560095153,-3.32888711769254,1.8469511,2.7510316,-0.4541783,331.3664,79.0703,-2.3081636,WAL
1890752353000,103.234965,-0.898727002444294,-5.0178614044468,-3.25648742566799,1.8194622,2.6612344,-0.44409904,331.98407,78.87619,-2.3295085,WAL
1890757338000,103.23995,-1.08292837361242,-4.82905521466191,-3.2104371718337,1.7721201,2.6175575,-0.44715336,332.5932,78.69583,-2.360184,WAL
1890762250000,103.244862,-1.27998247504321,-4.6562171152487,-3.18956131852314,1.7397442,2.5363126,-0.45142943,333.19662,78.48176,-2.4057622,WAL
1890767340000,103.249952,-1.51870371942577,-4.50643113291723,-3.22232691051469,1.6875153,2.479502,-0.46731192,333.7913,78.29147,-2.452436,WAL
1890772255000,103.254867,-1.73366943870239,-4.33675779444616,-3.14556262508983,1.6325374,2.4501805,-0.4783075,334.40054,78.0826,-2.5237422,WAL
1890777352000,103.259964,-1.90404633078739,-4.07618137433528,-2.69957611926907,1.5696182,2.3735168,-0.50732356,334.97913,77.896484,-2.5859146,WAL
1890782317000,103.264929,-2.04580137716147,-3.82944577208843,-2.29521529536123,1.46852,2.2852468,-0.5311473,335.57297,77.716774,-2.682594,WAL
1890787392000,103.270004,-2.13214580027635,-3.59439713707067,-1.9546346099092,1.3310753,2.2177463,-0.5540548,336.15015,77.569786,-2.7742527,WAL
1890792284000,103.274896,-2.21481700225152,-3.38745467520446,-1.62974988330607,1.196685,2.1731532,-0.57635134,336.75256,77.35996,-2.9019387,WAL
1890797347000,103.279959,-2.29879401599153,-3.22883156234966,-1.30317279168671,1.0598512,2.1319196,-0.589485,337.3358,77.19244,-3.0283327,WAL
1890802301000,103.284913,-2.37908719353059,-3.0807598033013,-0.975792934601846,0.9077458,2.0857995,-0.61086524,337.9354,76.989845,-3.1767035,WAL
1890807289000,103.289901,-2.45180194527638,-2.96259815968985,-0.612218653867377,0.7275405,2.0329595,-0.6218608,338.51984,76.83441,-3.3277419,WAL
1890812274000,103.294886,-2.52507517528923,-2.85688853381786,-0.24472704758232,0.5329799,2.0088303,-0.59315014,339.12115,76.64395,-3.5199273,WAL
1890817307000,103.299919,-2.60609980642737,-2.89501775150796,0.174694098170671,0.34269542,1.9727893,-0.6056729,339.70578,76.50553,-3.6994777,WAL
1890822376000,103.304988,-2.68114245173536,-2.94686251247288,0.587207827765727,0.1423316,1.8255708,-0.6401868,340.26758,76.31501,-3.914039,WAL
1890827318000,103.30993,-2.67647581401104,-3.15685916348846,0.871869951449418,-0.047647487,1.6884315,-0.6435465,340.81903,76.170555,-4.137337,WAL
1890832505000,103.315117,-2.67607041891892,-3.38044035585586,1.15715433513514,-0.20097467,1.5906931,-0.6417139,341.33875,75.91821,-4.398333,WAL
1890837346000,103.319958,-2.72996322775356,-3.62744920370047,1.2604489791921,-0.35643986,1.525636,-0.6356053,341.82874,75.719345,-4.6557493,WAL
1890842634000,103.325246,-2.78512445149367,-3.89284446736203,1.36723927513924,-0.50518554,1.5070046,-0.61636305,342.31778,75.48631,-4.911139,WAL
1890847315000,103.329927,-2.73972799498734,-4.01541480512405,1.30822383427848,-0.6478226,1.4950926,-0.6075055,342.7903,75.297585,-5.162996,WAL
1890852651000,103.335263,-2.67107852870141,-4.13675492859262,1.22619310492533,-0.7788532,1.4807373,-0.5839872,343.28314,75.13615,-5.410475,WAL
1890857355000,103.339967,-2.3770172106122,-3.98972447890416,0.949953717327663,-0.9025534,1.4740179,-0.5531385,343.77194,75.01016,-5.6629367,WAL
1890862640000,103.345252,-2.05655580977597,-3.82580761588595,0.651047356008147,-0.960891,1.4159856,-0.516792,344.247,74.91823,-5.8880415,WAL
1890867338000,103.34995,-1.99824389627847,-3.70918370190705,0.646882175837808,-1.112691,1.4046847,-0.4981606,344.72992,74.87986,-6.119802,WAL
1890872256000,103.354868,-1.93720132697649,-3.58709847224588,0.642521946787632,-1.1582005,1.346347,-0.453262,345.1591,74.95292,-6.277754,WAL
1890877350000,103.359962,-1.94877714561988,-3.51092106818228,0.848250361321613,-1.2415836,1.2599095,-0.40653083,345.57272,75.06428,-6.439423,WAL
1890882305000,103.364917,-1.97754528384359,-3.44859000189957,1.09757442618975,-1.3185526,1.1615603,-0.35369098,345.9604,75.17044,-6.6109166,WAL
1890887342000,103.369954,-2.10083335620646,-3.44991703149838,1.45941289779217,-1.426065,1.024421,-0.30634892,346.30188,75.2894,-6.776905,WAL
1890892257000,103.374869,-2.23939676033755,-3.46377336708861,1.83353424810127,-1.5265522,0.83658,-0.25350907,346.59537,75.40883,-6.9488344,WAL
1890897312000,103.379924,-2.38912959955939,-3.52651724977969,2.28483692354842,-1.6398678,0.6102544,-0.21013765,346.88937,75.44534,-7.1051054,WAL
1890902314000,103.384926,-2.5392229037795,-3.60156390188975,2.74918782022912,-1.7547104,0.31795537,-0.16982053,347.10678,75.496124,-7.2581434,WAL
1890907360000,103.389972,-2.65775493047406,-3.80176475205563,3.14533508981829,-1.8829921,-0.016493361,-0.13591751,347.29263,75.50983,-7.4296284,WAL
1890912248000,103.39486,-2.76229769413258,-4.03461004800528,3.50648306691706,-2.0103576,-0.36132678,-0.1020145,347.38937,75.54344,-7.590041,WAL
1890917332000,103.399944,-2.6982797559624,-4.69453113563736,3.89761037427061,-2.1230621,-0.66553766,-0.028405234,347.44077,75.62138,-7.7856584,WAL
1890922260000,103.404872,-2.58738605367143,-5.45230483228902,4.28111766888584,-2.212554,-0.9486737,0.02076942,347.3982,75.71498,-7.9601197,WAL
1890927353000,103.409965,-2.39128723520603,-6.81993409306533,4.65997591862312,-2.2568417,-1.1209377,0.108123146,347.30865,75.76681,-8.173405,WAL
1890932301000,103.414913,-2.17221620111558,-8.35343217708543,5.02191943327638,-2.1945333,-1.16492,0.18692477,347.17038,75.80095,-8.382903,WAL
1890937385000,103.419997,-1.89174252356212,-10.3448388587998,5.58454694566718,-2.0418172,-1.0998629,0.2434298,347.00717,75.81288,-8.547679,WAL
1890942372000,103.424984,-1.59873915943252,-12.432486836273,6.19802271242331,-1.8057177,-0.9279043,0.3286455,346.85318,75.772415,-8.737737,WAL
1890947314000,103.429926,-1.0945844353036,-13.9563661447389,6.92493428662117,-1.4165965,-0.66920286,0.41172317,346.71817,75.68202,-8.827072,WAL
1890952375000,103.434987,-0.471520543813998,-15.2448006813204,7.728763816299,-0.86284715,-0.52198434,0.40439278,346.59818,75.51419,-8.909349,WAL
1890957339000,103.439951,0.190880081374462,-16.4127191868786,8.43181608666719,-0.16676621,-0.22724187,0.34513888,346.5395,75.27237,-8.872398,WAL
1890962330000,103.444942,1.14885764168042,-17.0413921583027,8.65259974915838,0.16584991,0.09621128,0.12583824,346.53708,75.037025,-8.797795,WAL
1890967737000,103.450349,2.18668266042903,-17.7224650407892,8.89178573655367,0.72784597,0.679893,-0.1994475,346.62045,74.762535,-8.550005,WAL
1890972332000,103.454944,2.99355242298301,-18.1704519710042,8.77611108546139,1.14018,0.8900307,-0.26328292,346.6885,74.43704,-8.327595,WAL
1890977327000,103.459939,3.82578162544511,-18.5792669811781,8.45976684494862,1.1646146,1.2360858,-0.32559118,346.97916,74.12049,-8.080424,WAL
1890982350000,103.464962,4.04925104147761,-18.0864090172656,8.0200019042361,1.135293,1.4514158,-0.3567453,347.19,73.83982,-7.65498,WAL
1890987409000,103.470021,3.90821295686609,-17.0505074171853,7.5044825930536,1.0173961,1.543351,-0.3555236,347.4705,73.56085,-7.2702274,WAL
1890992321000,103.474933,3.38127666560447,-15.640980650554,6.93421169403863,0.8753699,1.5286902,-0.3387248,347.74738,73.40694,-6.7924747,WAL
1890997290000,103.479902,2.63007236607511,-13.9892643930778,6.31831756652613,0.72082096,1.4547756,-0.33353242,348.03882,73.26381,-6.350923,WAL
1891002215000,103.484827,1.80774164187434,-12.2930608112151,5.76360797186565,0.5681047,1.35551,-0.33292156,348.33676,73.136955,-5.9696455,WAL
1891007240000,103.489852,0.91131986892771,-10.518795923656,5.23876003489046,0.41355577,1.2244794,-0.32895094,348.60336,73.037674,-5.604884,WAL
1891012230000,103.494842,0.0817007594870164,-8.84322182433492,4.84480247301537,0.22418754,1.0684034,-0.29016098,348.88568,72.95288,-5.375147,WAL
1891017245000,103.499857,-0.692036200693164,-7.24484394775835,4.57501258833068,-0.017104227,0.9092729,-0.22021692,349.12302,72.917366,-5.153757,WAL
1891022229000,103.504841,-1.32156490722555,-6.25453420790419,4.37535046275449,-0.2855795,0.7696902,-0.15332718,349.37506,72.88916,-5.0768843,WAL
1891027231000,103.509843,-1.86657119582834,-5.63303555814371,4.21758543586826,-0.5467244,0.6753115,-0.05467244,349.58337,72.915344,-5.0212264,WAL
1891032215000,103.514827,-2.34252336156097,-5.9320112761442,4.20256027242525,-0.78038037,0.5748242,0.028710667,349.78378,72.936226,-5.0851207,WAL
1891037259000,103.519871,-2.78085784141419,-6.82784238359697,4.27920896345515,-1.0005972,0.4089743,0.099265605,349.93127,73.01431,-5.159657,WAL
1891042228000,103.52484,-3.21267465949323,-7.71035324262409,4.35471795348837,-1.1725558,0.22815818,0.16798794,350.07483,73.10693,-5.327092,WAL
1891047227000,103.529839,-3.64709854228195,-8.59819220102147,4.43068282392027,-1.2932017,-0.04795292,0.23182335,350.13983,73.23254,-5.4912868,WAL
1891052327000,103.534939,-3.95925809325048,-10.2615549227533,4.44911805086042,-1.3634512,-0.24465153,0.2657264,350.17227,73.3842,-5.6589622,WAL
1891057319000,103.539931,-4.1740716800956,-12.4142599506692,4.42626557208413,-1.357648,-0.8011498,0.27855456,350.02496,73.53561,-5.7881227,WAL
1891062344000,103.544956,-4.38683408169683,-14.2454246170276,3.66808184609908,-1.2586879,-1.4480561,0.29810223,349.84033,73.68309,-5.9985065,WAL
1891067348000,103.54996,-4.59533620937407,-15.7428492269356,2.19908889243548,-1.0839803,-2.05434,0.29932398,349.51694,73.79903,-6.1629453,WAL
1891072360000,103.554972,-5.00079966827593,-16.8789829619749,1.25948075524587,-0.9101892,-2.4217753,0.2959642,349.09882,73.960625,-6.2785244,WAL
1891077349000,103.559961,-5.60956647674696,-17.6304298566594,0.879001419251443,-0.72051555,-2.3243423,0.33169982,348.64948,74.06154,-6.384823,WAL
1891082312000,103.564924,-5.61466954189599,-18.1978920680639,0.865329350347664,-0.39645153,-1.988061,0.37384954,348.1834,74.25762,-6.4690127,WAL
1891087456000,103.570068,-4.92958874032906,-18.5790291688375,1.27058834014298,0.12950343,-1.5598444,0.3943135,347.77945,74.33812,-6.5620236,WAL
1891092313000,103.574925,-3.87021186340268,-17.7188624456891,1.01638479578916,0.7846564,-1.2266175,0.36193767,347.4891,74.353264,-6.7296534,WAL
1891097333000,103.579945,-2.23531560595119,-15.232857824765,-0.0799574464592919,1.2464706,-1.1368202,0.12675454,347.26965,74.29735,-6.8495297,WAL
1891102281000,103.584893,-1.04347425742009,-12.6252715341035,-1.09903140814398,1.278541,-1.0629056,-0.17623462,347.1216,74.21992,-6.859843,WAL
1891107365000,103.589977,-0.39733143977869,-9.72925029576093,-2.06127286550506,0.8970556,-0.70463306,-0.33567044,347.0882,74.14586,-6.8688393,WAL
1891112245000,103.594857,0.112314071349582,-7.24097961754875,-2.59445442479109,0.25350907,-0.29840767,-0.3744604,346.99545,74.25252,-6.6918764,WAL
1891117352000,103.599964,0.409114106087147,-5.26069088269001,-2.31711668643056,-0.38973203,-0.29779682,-0.47983465,346.9037,74.48502,-6.452704,WAL
1891122255000,103.604867,0.490254927177267,-3.68060029222654,-2.02403203697621,-0.8561276,-0.677755,-0.50243664,346.7639,74.85277,-6.20053,WAL
1891127338000,103.60995,0.122025888818553,-2.75518264417239,-1.66064812919279,-1.1575897,-1.0708468,-0.40530908,346.61505,75.341675,-5.954136,WAL
1891132266000,103.614878,-0.263040446793478,-2.0374940993083,-1.49096790291502,-1.3637567,-1.3640621,-0.2742785,346.38226,75.86106,-5.6858797,WAL
1891137444000,103.620056,-0.733447169597826,-1.70428928764822,-1.74087143491107,-1.5167783,-1.6355917,-0.18173242,346.03827,76.43625,-5.4111757,WAL
1891142325000,103.624937,-1.15922244094518,-1.48306371661724,-2.18745430645748,-1.6307048,-1.8497,-0.069027774,345.6396,76.94974,-5.235864,WAL
1891147343000,103.629955,-1.55459710806467,-1.47846633955802,-3.15290416096814,-1.740966,-1.9779817,0.0729984,345.18167,77.48528,-5.0854416,WAL
1891152311000,103.634923,-1.93488928208329,-1.57936561380334,-4.05173797436816,-1.8573358,-2.0140228,0.2519819,344.72552,78.02123,-5.0349693,WAL
1891157365000,103.639977,-2.27661461553259,-2.10928746873018,-4.73518869298066,-1.919644,-2.0442605,0.32803464,344.23593,78.557594,-4.9899116,WAL
1891162338000,103.64495,-2.5863136325038,-2.64406914242971,-5.32158552046922,-2.0161607,-2.157576,0.44990227,343.76917,79.17738,-5.0352187,WAL
1891167358000,103.64997,-2.81920243759498,-3.22400812324278,-5.65493607423062,-2.0384574,-2.322204,0.5534439,343.28192,79.75724,-5.0914683,WAL
1891172338000,103.65495,-3.01598151244083,-3.78348806210126,-5.94046999487549,-2.021353,-2.4278839,0.64599,342.7802,80.35477,-5.224537,WAL
1891177340000,103.659952,-3.01105224166495,-4.25177393295946,-5.96018738680799,-1.9999728,-2.3961189,0.7415904,342.27487,80.89396,-5.3839993,WAL
1891182330000,103.664942,-2.98208200260186,-4.73151609143808,-5.89793285212787,-1.9932534,-2.2180517,0.82527894,341.76404,81.38477,-5.6155376,WAL
1891187502000,103.670114,-2.85220982793465,-5.28097542435458,-5.493331245714,-2.0091357,-1.9956968,0.9239337,341.2814,81.78558,-5.878314,WAL
1891192312000,103.674924,-2.76109347126168,-5.8822134477609,-5.08920778204829,-2.022575,-1.8075503,1.0430524,340.81467,82.08712,-6.188492,WAL
1891197346000,103.679958,-2.77517338107477,-6.84434130441978,-4.56355722760903,-2.035403,-1.6930131,1.1777482,340.3979,82.27048,-6.5328636,WAL
1891202358000,103.68497,-2.75948757331325,-7.82095712921687,-4.07126766033133,-2.0237966,-1.6172657,1.323745,340.0001,82.3136,-6.9106975,WAL
1891207361000,103.689973,-2.59592995943775,-8.88889218473896,-3.73453145261044,-2.0244074,-1.5754215,1.4581354,339.6338,82.22888,-7.3222246,WAL
1891212331000,103.694943,-2.42247603761905,-9.95208086190476,-3.39830704571429,-2.017077,-1.5213599,1.6297885,339.28522,81.99123,-7.7780113,WAL
1891217353000,103.699965,-2.19345356270476,-11.0376473824762,-3.05019291062857,-1.9825631,-1.4837917,1.7953329,338.95328,81.643555,-8.264475,WAL
1891222354000,103.704966,-1.96318805039066,-12.118876973516,-2.70836669808219,-1.9636264,-1.5045611,1.9425515,338.60925,81.23854,-8.739942,WAL
1891227347000,103.709959,-1.7060291458346,-13.2008851525114,-2.42694753863014,-1.9404135,-1.5842791,2.0540345,338.2686,80.75675,-9.243225,WAL
1891232325000,103.714937,-1.445508840412,-14.2233277206907,-2.16353155340806,-1.8771889,-1.6649132,2.091908,337.90613,99.69588,-9.68387,WAL
1891237429000,103.720041,-1.1394842773503,-14.7415947767343,-2.05494216239523,-1.820073,-1.6743816,2.038152,337.55032,100.164185,-10.118511,WAL
1891242312000,103.724924,-0.828402954823225,-15.1534330384837,-2.00063630603647,-1.8078557,-1.5867225,1.9339994,337.18585,100.5408,-10.452105,WAL
1891247350000,103.729962,-0.365370792169482,-14.9265475304223,-2.329389158762,-1.8002199,-1.3863586,1.815186,336.859,100.89606,-10.755655,WAL
1891252334000,103.734946,0.103574656655807,-14.6848799752125,-2.67117627259207,-1.7699821,-1.221425,1.7373008,336.52142,101.16535,-10.970601,WAL
1891257345000,103.739957,0.87556080241724,-13.9663018654391,-3.47229407978551,-1.7440202,-0.8127562,1.5735888,336.31702,101.37931,-11.118663,WAL
1891262422000,103.745034,1.62150427326303,-13.2296523163497,-4.21442942272593,-1.6444492,-0.25289822,1.4202617,336.16904,101.541466,-11.1972,WAL
1891267360000,103.749972,1.91045640195132,-12.4094012190795,-4.09791637106534,-1.4810427,0.29871312,1.20371,336.13528,101.641205,-11.204554,WAL
1891272565000,103.755177,2.19138482391346,-11.5467691967166,-3.9025014861264,-1.366811,0.7131852,0.9450085,336.17804,101.660065,-11.082857,WAL
1891277320000,103.759932,2.16977840713608,-10.7819014110837,-2.86971404220915,-1.3472633,0.7699956,0.70921457,336.26343,101.63857,-10.906473,WAL
1891282318000,103.76493,2.14706781385462,-9.97794574492313,-1.7841469245018,-1.428203,0.43463063,0.52442783,336.32324,101.55482,-10.654645,WAL
1891287411000,103.770023,1.84753977584473,-9.25352441683427,-1.27565781726468,-1.5314392,-0.14110987,0.35155296,336.3072,101.4344,-10.35146,WAL
1891292279000,103.774891,1.53811561663315,-8.56904122254626,-0.839651148045052,-1.609019,-0.79626286,0.20189096,336.1517,101.30144,-10.020602,WAL
1891297326000,103.779938,1.13952138584492,-8.00855345989712,-1.20353950389026,-1.6615535,-1.3863586,0.06169739,335.80573,101.155716,-9.71204,WAL
1891302312000,103.784924,0.739255061268813,-7.46728369175081,-1.6310967645342,-1.6673567,-1.8035797,-0.056505036,335.3159,100.99738,-9.383795,WAL
1891307338000,103.78995,0.282647206453034,-7.22624419887843,-2.28426697680753,-1.6502525,-2.0552561,-0.15332718,334.7149,100.88651,-9.116102,WAL
1891312270000,103.794882,-0.17615338754256,-7.05123771540156,-2.97010296491088,-1.640784,-2.1209242,-0.20433442,334.05264,100.770966,-8.8342495,WAL
1891317338000,103.79995,-0.521840566414768,-7.21774403741412,-3.15863051480749,-1.627345,-2.0409007,-0.22937989,333.38507,100.75849,-8.620786,WAL
1891327330000,103.809942,-1.1508606117941,-7.69069162561162,-3.31470310532793,-1.5909985,-1.7394388,-0.20922135,332.12387,100.90427,-8.271542,WAL
1891332273000,103.814885,-1.46203415906292,-7.92465679058963,-3.39191155358078,-1.6157386,-1.6963727,-0.18295415,331.5501,101.08206,-8.146558,WAL
1891337376000,103.819988,-1.59888035996512,-8.20315092161612,-3.15037690744114,-1.6102408,-1.6230689,-0.12858713,331.0358,101.37486,-8.093949,WAL
1891342257000,103.824869,-1.68040341689759,-8.47942375041178,-2.83334292851468,-1.5919148,-1.5308284,-0.070554934,330.54117,101.683426,-8.046002,WAL
1891347352000,103.829964,-1.77649485416748,-8.72583313198666,-2.4003714813689,-1.5503759,-1.4627168,0.0009162979,330.06866,102.002846,-8.060845,WAL
1891352312000,103.834924,-1.87431015912924,-8.94941055501079,-1.93924235330457,-1.5335772,-1.3500122,0.02443461,329.63782,102.32455,-8.069793,WAL
1891357355000,103.839967,-1.8991391240161,-9.04793362637141,-1.36887706592854,-1.5332718,-1.2852604,0.086437434,329.21143,102.632225,-8.120317,WAL
1891362319000,103.844931,-1.88956902167086,-9.08621363603422,-0.761178290085556,-1.5448782,-1.260215,0.15851954,328.8114,102.93932,-8.17266,WAL
1891367349000,103.849961,-1.7449588102934,-8.99912507918752,-0.136413341438524,-1.5635096,-1.2880094,0.22327125,328.41074,103.219734,-8.260212,WAL
1891372357000,103.854969,-1.54259320126582,-8.85793987341772,0.489508179746835,-1.565953,-1.3765849,0.30085114,328.0115,103.50574,-8.367568,WAL
1891377351000,103.859963,-1.3086344911897,-8.71426977869625,0.82873801577901,-1.5189165,-1.4651603,0.36071593,327.5976,103.76327,-8.515921,WAL
1891382406000,103.865018,-1.05536069015381,-8.56737117191587,1.02629161549649,-1.3997977,-1.5393804,0.40500367,327.17624,104.006935,-8.678221,WAL
1891387408000,103.87002,-0.836127822536443,-8.39794191710399,0.561050129860058,-1.2140946,-1.5564847,0.43860126,326.76007,104.177704,-8.84091,WAL
1891392348000,103.87496,-0.629235293673469,-8.22323250408163,-0.101005991306122,-1.0005972,-1.5128077,0.47158796,326.35278,104.317444,-9.00948,WAL
1891397349000,103.879961,-0.496167098033175,-8.07391746824644,-0.496655013625592,-0.8017606,-1.3997977,0.49754974,325.9626,104.41543,-9.164178,WAL
1891402349000,103.884961,-0.396881483894155,-7.93680885845182,-0.770872420813586,-0.6401868,-1.2379184,0.50946164,325.60706,104.47452,-9.312814,WAL
1891407367000,103.889979,-0.451685308571429,-7.90642094155844,-0.985996514718615,-0.52778757,-1.0845913,0.52687126,325.23846,104.58908,-9.458139,WAL
1891412338000,103.89495,-0.58161026689441,-7.92882173836815,-1.16968357251082,-0.47250426,-0.9288206,0.5494733,324.92746,104.68101,-9.593093,WAL
1891417291000,103.899903,-0.784833259139671,-7.98510056795539,-1.29508636404673,-0.49663344,-0.80970186,0.57726765,324.64093,104.79914,-9.718644,WAL
1891422338000,103.90495,-1.05692139802443,-8.07237389234201,-1.37209238040361,-0.5348125,-0.7669413,0.61208695,324.38684,104.91083,-9.842604,WAL
1891427316000,103.909928,-1.25168522087096,-8.13946640846984,-1.45569597851378,-0.6221663,-0.768163,0.6417139,324.1574,105.08572,-9.997179,WAL
1891432311000,103.914923,-1.40839978371554,-8.19680094622453,-1.54360901622853,-0.745561,-0.7987063,0.6743952,323.9401,105.27801,-10.155382,WAL
1891437396000,103.920008,-1.5666279808312,-8.26331721491277,-1.65120150445605,-0.8723156,-0.83658,0.70829827,323.73572,105.531975,-10.365219,WAL
1891442373000,103.924985,-1.71493168552061,-8.36924894610512,-1.84717434991666,-1.0021244,-0.8897252,0.743423,323.5258,105.81043,-10.57918,WAL
1891447240000,103.929852,-1.81079321022502,-8.50629419380595,-1.97437562045004,-1.1307116,-0.915687,0.754724,323.31027,106.14793,-10.831439,WAL
1891452365000,103.934977,-1.81316829369949,-8.71767657343334,-1.97912578739898,-1.1930199,-0.93676186,0.77946407,323.0896,106.496025,-11.090056,WAL
1891457283000,103.939895,-1.81544744697314,-8.9205211671909,-1.98368409394629,-1.2858714,-0.93676186,0.8127562,322.87915,106.88864,-11.3565645,WAL
1891462313000,103.944925,-1.81777850451004,-9.12798523929349,-1.98834620902008,-1.361924,-0.9370673,0.82772243,322.66782,107.278336,-11.61555,WAL
1891467316000,103.949928,-1.8216674146842,-9.37142961665671,-1.92871524798765,-1.4104879,-0.945314,0.84299403,322.43408,107.70586,-11.9053755,WAL
1891472328000,103.95494,-1.8312308579199,-9.74918602390915,-1.63702997964734,-1.4257594,-0.96852684,0.84635377,322.20126,108.12761,-12.18546,WAL
1891477293000,103.959905,-1.8239326418233,-10.1477945638758,-1.32581828104734,-1.4288138,-1.0030408,0.8509353,321.95074,108.55029,-12.468172,WAL
1891482287000,103.964899,-1.75182503428485,-10.6429334254699,-0.926822899517539,-1.4022411,-1.0231993,0.84391034,321.7024,108.9532,-12.737695,WAL
1891487408000,103.97002,-1.67935231008668,-11.1100690220646,-0.533078728881009,-1.3637567,-1.0598512,0.8356637,321.42606,109.32718,-13.02098,WAL
1891492391000,103.975003,-1.61354289126281,-11.4344155941686,-0.199330970402876,-1.3017539,-1.1191051,0.81214535,321.14224,109.672874,-13.289852,WAL
1891497313000,103.979925,-1.53538966056438,-11.7280643501062,0.067953001449378,-1.2257011,-1.1725558,0.8017606,320.84903,109.97035,-13.559111,WAL
1891502397000,103.985009,-1.39750383655305,-11.9151950928998,0.0728774953844442,-1.1160508,-1.25319,0.78984874,320.5338,110.23383,-13.818964,WAL
1891507343000,103.989955,-1.23226663008918,-12.0945710238465,-0.00822884847692906,-0.95203346,-1.3362677,0.8005389,320.19745,110.44274,-14.084795,WAL
1891512348000,103.99496,-0.953484588357891,-12.2664869033055,-0.398523636066111,-0.7284568,-1.3600914,0.8197812,319.85764,110.61033,-14.343278,WAL
1891517340000,103.999952,-0.65183911469396,-12.4130346455209,-0.811423765910012,-0.42577308,-1.3274102,0.82344633,319.49796,110.71505,-14.580516,WAL
1891522354000,104.004966,-0.21876131765302,-12.4227669272396,-1.35642056704499,-0.074830994,-1.2293663,0.82711154,319.15466,110.76646,-14.812113,WAL
1891527333000,104.009945,0.231052094660194,-12.3621965048544,-1.85739431510248,0.25595254,-1.0225884,0.786489,318.82568,110.7619,-14.974165,WAL
1891532337000,104.014949,0.773861804368932,-11.978783223301,-2.1761872613808,0.51068336,-0.7312057,0.70341134,318.55048,110.69617,-15.106209,WAL
1891537809000,104.020421,1.36409392459445,-11.5647658016331,-2.52297395972782,0.602924,-0.42760566,0.5885687,318.31323,110.59445,-15.138248,WAL
1891542353000,104.024965,1.79523685694066,-11.3136599586282,-2.77881704022863,0.5235115,-0.1386664,0.44868052,318.15247,110.45671,-15.119005,WAL
1891547312000,104.029924,2.21692832446501,-11.1051515511857,-3.02366760561018,0.31490102,0.00061086525,0.36377025,318.0034,110.307106,-15.001891,WAL
1891552433000,104.035045,2.25947552160208,-11.4171652845575,-3.00003024644303,0.18448131,0.23976462,0.19975294,317.954,110.11427,-14.799265,WAL
1891557436000,104.040048,2.27396112967447,-11.7321054670504,-2.94555810962684,-0.05589417,0.3640757,0.06383542,317.887,109.96715,-14.530099,WAL
1891562347000,104.044959,1.89121014028384,-12.1895395775109,-2.43211164617904,-0.27458394,0.37934732,-0.05681047,317.84924,109.816185,-14.215147,WAL
1891567580000,104.050192,1.46790475619548,-12.6342620685358,-1.871872321544,-0.4569272,0.2932153,-0.14813483,317.79977,109.67677,-13.865847,WAL
1891572354000,104.054966,0.902640113465732,-12.5452440716511,-1.20868775675623,-0.61300325,0.13469578,-0.20769419,317.72995,109.5677,-13.502916,WAL
1891577681000,104.060293,0.27652520334754,-12.4357565135606,-0.476855217275281,-0.675617,-0.05589417,-0.25228736,317.62805,109.448364,-13.192125,WAL
1891582370000,104.064982,-0.175836997047656,-12.1225827272375,-0.00709446966292132,-0.67011917,-0.20738874,-0.28680122,317.4917,109.34515,-12.883141,WAL
1891587302000,104.069914,-0.651642152165827,-11.7931792053468,0.487010884831461,-0.5458081,-0.31215215,-0.2941316,317.33725,109.223946,-12.684133,WAL
1891592321000,104.074933,-0.813127655882055,-11.7822460552296,0.781884401739834,-0.3484986,-0.32467487,-0.27366763,317.16852,109.087685,-12.49148,WAL
1891597256000,104.079868,-0.937424636283633,-11.8061493062917,1.04960101331175,-0.129198,-0.28893927,-0.2406809,316.98743,108.92408,-12.307957,WAL
1891602333000,104.084945,-0.805612659412791,-12.2011330694767,1.19350402226744,0.105068825,-0.2519819,-0.18967366,316.8261,108.73139,-12.224809,WAL
1891607255000,104.089867,-0.654883744718992,-12.6167792766473,1.32139522897287,0.31490102,-0.2049453,-0.16493362,316.68115,108.501335,-12.141522,WAL
1891612314000,104.094926,-0.4833408144892,-13.2223497997665,1.5216388772913,0.5140431,-0.15485434,-0.18295415,316.5488,108.22344,-12.088736,WAL
1891617302000,104.099914,-0.311375738789648,-13.8497900188753,1.73078555228644,0.6988298,-0.14294247,-0.23426682,316.42096,107.90849,-12.033332,WAL
1891622324000,104.104936,-0.130080829668393,-14.3246412714216,1.88149767683439,0.8781188,-0.1826487,-0.31703907,316.28595,107.50896,-11.931891,WAL
1891627336000,104.109948,0.052816997939619,-14.7607822304836,2.01749862737665,1.0665708,-0.24740042,-0.41263947,316.1464,107.06652,-11.814365,WAL
1891632311000,104.114923,0.251965531289479,-14.9874519039625,1.89678906392739,1.2476922,-0.2883284,-0.5112942,315.99057,106.52123,-11.632283,WAL
1891637363000,104.119975,0.459735306104236,-15.1527232074956,1.69374131452274,1.4349225,-0.2846632,-0.61208695,315.8285,105.93245,-11.426412,WAL
1891642319000,104.124931,0.700480171471698,-15.1115501660377,1.31599777396226,1.6212363,-0.25778514,-0.71929383,315.65317,105.25718,-11.156692,WAL
1891647322000,104.129934,0.95812431620566,-14.9895081167925,0.863990600207547,1.8142698,-0.18570304,-0.7733554,315.49664,104.55554,-10.875288,WAL
1891652315000,104.134927,1.11691336120981,-14.7691737093909,0.557208932445008,1.91323,-0.1001819,-0.89766645,315.3431,103.81478,-10.515299,WAL
1891657345000,104.139957,1.2086100590736,-14.4788013204315,0.348344193337563,2.1056526,-0.028710667,-1.03786,315.21173,103.0293,-10.139184,WAL
1891662323000,104.144935,1.14210594717318,-14.0507224136084,0.223992030335251,2.3118196,0.030543262,-1.1539245,315.10385,102.23991,-9.701289,WAL
1891667299000,104.149911,1.00975944989089,-13.5638764370165,0.134185486363817,2.5357015,0.10781772,-1.2324207,315.02606,101.41543,-9.240263,WAL
1891672324000,104.154936,0.70738402307808,-13.0292330980255,0.0592913515746216,2.8029552,0.19975294,-1.2883148,314.97614,100.567375,-8.752296,WAL
1891677311000,104.159923,0.329213894858174,-12.4787321788113,-0.00772614076776586,3.0949488,0.29871312,-1.3451253,314.95645,99.69307,-8.250014,WAL
1891682309000,104.164921,-0.16724492938857,-12.1973003764969,0.0321234694508811,3.3567045,0.3555236,-1.4147639,314.9606,98.841415,-7.7676888,WAL
1891687338000,104.16995,-0.720558903957745,-12.0378706473566,0.121216398140395,3.5674531,0.37965274,-1.4923438,314.9913,97.99284,-7.276108,WAL
1891692317000,104.174929,-1.61443549604276,-12.4847899268567,-0.601654117243061,3.6737435,0.44012842,-1.57084,315.06525,97.25295,-6.8485603,WAL
1891697309000,104.179921,-2.70830363407727,-13.2782927625656,-1.78966675028132,3.670384,0.59559363,-1.6355917,315.18213,96.57741,-6.413077,WAL
1891702307000,104.184919,-3.59505093776697,-13.8957360250582,-2.65020972941425,3.5784485,0.8567385,-1.6765196,315.36813,96.11002,-6.0847316,WAL
1891707319000,104.189931,-4.27509534516811,-14.3372575613237,-3.18308029139353,3.3594534,1.0882565,-1.6664404,315.59894,84.22721,-5.7654386,WAL
1891712309000,104.194921,-4.9283639702142,-14.6851525506195,-3.60845352367688,3.0952542,1.142318,-1.6035212,315.8853,84.133865,-5.8202744,WAL
1891717304000,104.199916,-5.56703706775526,-14.9746229000096,-3.96684546935933,2.881146,1.0577132,-1.5445728,316.19736,84.02236,-5.8721685,WAL
1891722320000,104.204932,-6.22052543795054,-15.1890825356245,-4.12657595312238,2.7204883,0.9401216,-1.4712689,316.52866,83.72798,-6.1421247,WAL
1891727312000,104.209924,-6.88173461548617,-15.3343484803018,-4.1065392765088,2.5766296,0.84849185,-1.4086553,316.83737,83.453094,-6.399476,WAL
1891732307000,104.214919,-7.35662154039212,-15.3092378338861,-3.95190013343738,2.4926357,0.7309003,-1.3631458,317.12234,83.14264,-6.699817,WAL
1891737320000,104.219932,-7.71720043993367,-15.1781179584471,-3.71307518041358,2.4468207,0.5815437,-1.3353515,317.36658,82.84939,-6.9847307,WAL
1891742326000,104.224938,-7.79653334448793,-15.1374194927937,-3.92068370455283,2.399784,0.5140431,-1.3585643,317.62234,82.520744,-7.301982,WAL
1891747307000,104.229919,-7.66449553028539,-15.1647372612389,-4.46249408329675,2.3096814,0.44684792,-1.426065,317.83237,82.22495,-7.5872903,WAL
1891752325000,104.234937,-7.30946298868963,-14.8363778758916,-4.45820172749134,2.2247713,0.6072,-1.6673567,318.10687,81.9637,-7.8263016,WAL
1891757321000,104.239933,-6.70980701644589,-14.1148407318117,-3.84391980489097,1.9303342,0.9850202,-1.8118263,318.422,81.73246,-8.054129,WAL
1891762313000,104.244925,-6.03703879953258,-13.4709036433273,-3.37582112963846,1.5845845,1.1334605,-1.8329011,318.70285,81.62255,-8.176044,WAL
1891767302000,104.249914,-5.29412872746351,-12.9011877318516,-3.04766462185443,1.4089607,1.1038336,-1.756543,319.031,81.54316,-8.2732525,WAL
1891772321000,104.254933,-4.43945193165772,-12.3188660824732,-2.73708363742775,1.423316,1.0931433,-1.6475036,319.39053,81.52449,-8.299022,WAL
1891777312000,104.259924,-3.4379075804294,-11.7268200412882,-2.45586170346821,1.5378532,1.1548407,-1.5293012,319.75034,81.490036,-8.344009,WAL
1891782307000,104.264919,-2.57250712593036,-11.3381640882461,-2.17414675444915,1.7296649,1.3197744,-1.4205672,320.10483,81.50787,-8.320082,WAL
1891787339000,104.269951,-1.85337856417649,-11.1739186070376,-1.89004664427966,1.9462167,1.5289958,-1.3451253,320.48172,81.49288,-8.321811,WAL
1891792295000,104.274907,-1.204576298157,-11.029232224397,-1.57326711711278,2.1160371,1.7153096,-1.320996,320.87256,81.567894,-8.216636,WAL
1891797309000,104.279921,-0.686395237983495,-10.9225478632036,-1.16685061545176,2.2186625,1.7837266,-1.3460416,321.28253,81.617256,-8.126117,WAL
1891802318000,104.28493,-0.242450620882413,-10.7480093656885,-0.816860536950544,2.2675319,1.853976,-1.3674219,321.71555,81.71736,-7.96831,WAL
1891807330000,104.289942,0.0973737066283604,-10.4771350902935,-0.545986071278473,2.2531765,1.8802432,-1.3891076,322.14856,81.80661,-7.813029,WAL
1891812289000,104.294901,0.342354747694347,-10.2437305442666,-0.279225439852287,2.2369885,1.9010127,-1.3677273,322.6217,81.97794,-7.518369,WAL
1891817306000,104.299918,0.483387981005587,-10.0481036480447,-0.0108073414525139,2.2540927,1.7931949,-1.314582,323.05905,82.11281,-7.2392235,WAL
1891822266000,104.304878,0.608479756104351,-9.84366788626521,0.0442559541823056,2.2159138,1.7137824,-1.2672399,323.5192,82.266754,-6.89394,WAL
1891827313000,104.309925,0.7081583183543,-9.61440720870283,-0.304619070938338,2.1053472,1.7146988,-1.2425,323.96686,82.38203,-6.5705667,WAL
1891832314000,104.314926,0.75877361218785,-9.37600377171077,-0.601549628874394,1.9703459,1.831374,-1.1976013,324.4355,82.45544,-6.2395806,WAL
1891837338000,104.31995,0.740840759709281,-9.12046043663809,-0.830193666503914,1.8860464,1.9187278,-1.1285735,324.89148,82.488144,-5.93488,WAL
1891842313000,104.324925,0.693024769859649,-8.81083048421053,-1.17378049473684,1.8090774,1.9474384,-1.0571023,325.34512,82.54478,-5.6455464,WAL
1891847310000,104.329922,0.562425510767057,-8.34440436754386,-1.84076968084795,1.7721201,2.0555615,-1.033584,325.8397,82.58053,-5.3778253,WAL
1891852328000,104.33494,0.389474545034715,-7.88868227782186,-2.48111498176949,1.7211128,2.2177463,-0.93309665,326.3402,82.60716,-5.177389,WAL
1891857320000,104.339932,0.0670281537314025,-7.480882619024,-3.01220307762349,1.7073684,2.3658812,-0.8240572,326.8575,82.61272,-4.999439,WAL
1891862302000,104.344914,-0.251862806793704,-7.05549610211839,-3.48447874270442,1.7082846,2.4917192,-0.7648033,327.39917,82.66724,-4.8453507,WAL
1891867304000,104.349916,-0.560089606918432,-6.552849271471,-3.72157631554148,1.7024814,2.6163359,-0.6973027,327.96777,82.694756,-4.736629,WAL
1891872299000,104.354911,-0.856270339192523,-6.08319328115888,-3.89188183951402,1.7333301,2.6804767,-0.6432411,328.5774,82.71975,-4.624533,WAL
1891877311000,104.359923,-1.09850809355514,-5.76469548295327,-3.74833356908411,1.7742581,2.6917777,-0.60903263,329.19534,82.72786,-4.535563,WAL
1891882309000,104.364921,-1.33793886893476,-5.45110345358365,-3.60990787580127,1.7687603,2.631913,-0.59131753,329.84836,82.71228,-4.450088,WAL
1891887347000,104.369959,-1.52310368465927,-5.2409162750752,-3.59489452083809,1.751656,2.5503623,-0.59620446,330.4905,82.68346,-4.3750663,WAL
1891892297000,104.374909,-1.70491384227642,-5.03868941824752,-3.56896537913279,1.6881261,2.4929411,-0.6084218,331.15567,82.60218,-4.330461,WAL
1891897310000,104.379922,-1.88802374308943,-4.87003565492322,-3.44849835501355,1.6319265,2.4587326,-0.61911196,331.79883,82.52077,-4.2907553,WAL
1891902317000,104.384929,-2.05770475716523,-4.69931758856695,-3.31254034686766,1.6019942,2.3924537,-0.6392705,332.44135,82.42552,-4.2581463,WAL
1891907322000,104.389934,-2.12808252351214,-4.51164361029757,-3.0591804958007,1.5332718,2.3316727,-0.66156703,333.07153,82.35271,-4.228015,WAL
1891912313000,104.394925,-2.19812155034273,-4.32688603442498,-2.80435598019802,1.4504995,2.2623394,-0.6976081,333.70425,82.25092,-4.2152414,WAL
1891917307000,104.399919,-2.26641925472201,-4.17207792985529,-2.5220590049505,1.3387111,2.1774292,-0.7287622,334.312,82.17375,-4.2021914,WAL
1891922658000,104.40527,-2.34023989151716,-4.00660497070568,-2.21537473762996,1.2159272,2.0925188,-0.75961095,334.924,82.07513,-4.195373,WAL
1891927315000,104.409927,-2.41820323025117,-3.87119480121446,-1.85838421678167,1.0958922,2.0109684,-0.7996226,335.5108,82.00734,-4.18144,WAL
1891932311000,104.414923,-2.50184180450823,-3.72592763205447,-1.47540705505566,0.95172805,1.9407189,-0.82344633,336.0891,81.9173,-4.196256,WAL
1891937313000,104.419925,-2.56352895332339,-3.5662363528121,-1.04773402664039,0.8042041,1.8701639,-0.84238315,336.6421,81.86101,-4.2050433,WAL
1891942254000,104.424866,-2.61897309957392,-3.40494449194717,-0.614262170302514,0.64965516,1.8347337,-0.84482664,337.18195,81.8411,-4.2166467,WAL
1891947310000,104.429922,-2.67562929093302,-3.3515013670274,-0.0974542972214098,0.57543504,1.8002199,-0.8200866,337.7431,81.75789,-4.245168,WAL
1891952324000,104.434936,-2.73180720868675,-3.30936783094472,0.422191808628254,0.40530908,1.6905695,-0.8604037,338.272,81.74309,-4.256945,WAL
1891957317000,104.439929,-2.77331022539895,-3.41561489288582,0.728822298471121,0.23548855,1.5531249,-0.8530733,338.80472,81.652115,-4.3146214,WAL
1891962246000,104.444858,-2.81218924163492,-3.54197196207145,1.00097594496036,0.09987647,1.4801265,-0.82436264,339.3222,81.59356,-4.372065,WAL
1891967307000,104.449919,-2.86384501810447,-3.64074788521963,1.11247098521963,-0.04184427,1.4294246,-0.79198676,339.82507,81.44751,-4.4666147,WAL
1891972259000,104.454871,-2.9154544799169,-3.73458319016621,1.2063062901662,-0.18203785,1.4068227,-0.7489208,340.31107,81.32678,-4.577357,WAL
1891977314000,104.459926,-2.87089762204497,-3.72368626065731,1.22042352786854,-0.31581733,1.3988814,-0.7086037,340.82443,81.19806,-4.6848164,WAL
1891982312000,104.464924,-2.8157007494138,-3.70068758374015,1.22502326325197,-0.47158796,1.382388,-0.675617,341.32446,81.101326,-4.807141,WAL
1891987330000,104.469942,-2.69855719250226,-3.62501596729901,1.16215894769648,-0.62949663,1.3362677,-0.65179324,341.8434,81.02646,-4.926153,WAL
1891992253000,104.474865,-2.57078856684734,-3.53983685058717,1.08644421571816,-0.7819075,1.3057245,-0.6310238,342.35754,80.97876,-5.0583324,WAL
1891997310000,104.479922,-2.40820496189042,-3.44691734164562,1.02619386037498,-0.9260717,1.269378,-0.6017023,342.84824,80.96324,-5.191107,WAL
1892002317000,104.484929,-2.24051136811735,-3.35375430965611,0.970295963357296,-1.0644327,1.2324207,-0.5882632,343.32648,80.97431,-5.3272486,WAL
1892007332000,104.489944,-2.07240586753026,-3.30667686023807,0.927907034650395,-1.2027937,1.1688906,-0.55863625,343.8209,81.047874,-5.400962,WAL
1892012317000,104.494929,-1.90526435752726,-3.27324843856157,0.889703245263579,-1.3405437,1.0845913,-0.5290093,344.29425,81.14108,-5.48073,WAL
1892017303000,104.499915,-1.81079494275051,-3.24679689406953,1.00198859632924,-1.4834863,0.96883225,-0.49938235,344.74286,81.28983,-5.514821,WAL
1892022295000,104.504907,-1.73747068066462,-3.22235549038855,1.15841373301636,-1.6172657,0.820392,-0.47158796,345.15268,81.44999,-5.5572386,WAL
1892027317000,104.509929,-1.74613265174049,-3.39626645863606,1.72662030041734,-1.7345519,0.63591075,-0.43310347,345.52264,81.65477,-5.5551796,WAL
1892032311000,104.514923,-1.77335068594328,-3.61401054278668,2.3843887892725,-1.8683313,0.43982297,-0.38606682,345.84125,81.870476,-5.562897,WAL
1892037322000,104.519934,-1.82888321541342,-4.40335007186938,2.86344381307669,-1.9801197,0.3494149,-0.33078352,346.1367,82.11099,-5.573587,WAL
1892042289000,104.524901,-1.89538528918514,-5.41750706269223,3.26483150248652,-2.098933,0.16493362,-0.28985557,346.34616,82.357254,-5.5866723,WAL
1892047310000,104.529922,-1.96261035711504,-6.44268971840423,3.67058297994308,-2.147802,0.019547688,-0.19394971,346.541,82.52406,-5.6701145,WAL
1892052341000,104.534953,-2.02996931285201,-7.46991416391053,4.07714256629718,-2.2586741,-0.10781772,-0.07941248,346.68527,82.692566,-5.7654424,WAL
1892057318000,104.53993,-1.89581330293433,-8.79777341110999,4.84327316801578,-2.3060162,-0.14752395,0.087964594,346.81668,82.81165,-5.894677,WAL
1892062311000,104.544923,-1.67808945330365,-10.2589423507842,5.76255145899019,-2.2611177,-0.116980694,0.19272798,346.92984,82.89843,-6.035555,WAL
1892067304000,104.549916,-1.10407858212845,-12.2258805703148,7.31715991009648,-2.1355848,-0.021380283,0.3390302,347.0785,82.86609,-6.2161365,WAL
1892072328000,104.55494,-0.391349891950102,-14.3968894840659,9.12242666694279,-1.8625281,0.11362094,0.45540005,347.2418,82.7813,-6.4121103,WAL
1892077314000,104.559926,0.638188610392546,-15.8363700075337,10.5022994240682,-1.3735305,0.16584991,0.4886922,347.38882,82.644806,-6.562615,WAL
1892082309000,104.564921,1.82366021937351,-16.9364880586836,11.6877711716891,-0.5888741,0.106595986,0.44593164,347.53326,82.43468,-6.7147913,WAL
1892087334000,104.569946,2.89348639200385,-17.6687953297688,11.5951254034682,0.25625798,0.086132,0.2507602,347.6343,82.233,-6.6757984,WAL
1892092356000,104.574968,3.89893481917148,-18.206269799711,10.8352474543353,0.84849185,0.18081611,0.05131268,347.74377,81.95178,-6.619668,WAL
1892097301000,104.579913,4.40894909691801,-18.5815706950959,9.67610023903857,1.1117748,0.5647449,-0.13805555,347.85202,81.70138,-6.3196945,WAL
1892102341000,104.584953,4.58203338457065,-18.8528924861407,8.19786726210506,1.1346822,1.0140363,-0.2742785,348.01526,81.34685,-6.000334,WAL
1892107317000,104.589929,4.28528290555788,-18.2914133890514,6.97997920852486,1.031446,1.41904,-0.3979787,348.25766,81.143295,-5.4813905,WAL
1892112309000,104.594921,3.55608479774342,-16.9628738420393,5.98107771383201,0.9059132,1.6676621,-0.48258355,348.59726,80.87767,-4.9789047,WAL
1892117339000,104.599951,2.68905762176306,-15.1680193061697,5.27949066872647,0.7788532,1.7605137,-0.5375614,349.0522,80.778786,-4.4240665,WAL
1892122346000,104.604958,1.73994410275176,-13.0845992095201,4.7794699035435,0.643852,1.7055358,-0.56596667,349.53787,80.66403,-3.8931086,WAL
1892127377000,104.609989,0.811043335970936,-11.2413783910891,4.48859888781539,0.4831944,1.5479325,-0.57635134,350.07236,80.591896,-3.4528964,WAL
1892132412000,104.615024,-0.0975910402267646,-9.60891673267327,4.37694482801022,0.30207285,1.3170254,-0.56077427,350.5624,80.53139,-3.0289373,WAL
1892137484000,104.620096,-1.02704743673896,-7.98139882190906,4.2664164464384,0.10720685,1.0488557,-0.5222898,351.01944,80.46122,-2.7538016,WAL
1892142318000,104.62493,-2.12286052626885,-6.6817134987339,4.18996415259276,-0.11911872,0.9114109,-0.48899764,351.4411,80.43753,-2.4860508,WAL
1892147312000,104.629924,-3.18545224136727,-5.54624690894212,4.10449971943114,-0.22479841,0.68783426,-0.38362336,351.76077,80.33161,-2.4162273,WAL
1892152319000,104.634931,-3.98942228373253,-5.18733175696607,3.99443251742515,-0.43890667,0.5326745,-0.24251351,352.05548,80.31139,-2.3652887,WAL
1892157316000,104.639928,-4.67327969438108,-5.03998113568736,3.91471071780401,-0.6203337,0.44257188,-0.06505715,352.3057,80.226715,-2.5094218,WAL
1892162311000,104.644923,-4.90339811074192,-5.69949552965681,3.95029595590161,-0.79717916,0.3136793,0.0693332,352.49564,80.188416,-2.6737456,WAL
1892167290000,104.649902,-5.13277941105435,-6.35689736500694,3.98576720725055,-0.9410379,0.11301007,0.17928895,352.64822,80.13687,-2.9932916,WAL
1892172303000,104.654915,-5.36372708296965,-7.01878838742313,4.02148068044039,-1.0360274,-0.19394971,0.28191432,352.72702,80.09488,-3.3386893,WAL
1892177307000,104.659919,-5.57534010373302,-7.84340010983179,4.03242465102096,-1.0732902,-0.6771441,0.34208453,352.6972,80.055374,-3.684601,WAL
1892182338000,104.66495,-5.69669169756229,-9.46431074273635,3.92407518499595,-1.028697,-1.2629639,0.37751472,352.54678,79.99401,-4.033712,WAL
1892187481000,104.670093,-5.82074481763066,-11.1213060488441,3.81331364578573,-0.9407325,-1.7999145,0.42730024,352.3043,79.91971,-4.4210486,WAL
1892192370000,104.674982,-6.15672676364036,-13.3641362090569,3.03723102334579,-0.79351395,-2.1111503,0.4896085,351.95886,79.79638,-4.80087,WAL
1892197322000,104.679934,-6.47780772872718,-15.4621822190015,2.30517489237691,-0.5681047,-2.132225,0.57848936,351.54233,79.60781,-5.185707,WAL
1892202352000,104.684964,-6.65287018265121,-16.3750073120187,1.99256337373021,-0.2489276,-1.8658879,0.66675943,351.1793,79.43895,-5.5351725,WAL
1892207279000,104.689891,-6.8243478586917,-17.2691403603876,1.68635324403392,0.17440203,-1.4657712,0.7318166,350.98904,79.38469,-5.8233,WAL
1892212286000,104.694898,-6.03190634150589,-17.7825084763036,1.32732434328683,0.6056729,-1.1129965,0.70646566,350.86618,79.242165,-6.109051,WAL
1892217315000,104.699927,-5.01215595421985,-18.2066098629663,0.955639645938459,0.85062987,-0.93279123,0.5332854,350.81537,79.05408,-6.3705626,WAL
1892222315000,104.704927,-3.64724115221382,-16.6263963812405,0.252722395209279,0.80970186,-0.8445212,0.27030787,350.922,78.95144,-6.56438,WAL
1892227280000,104.709892,-2.20375125387796,-14.5546768956127,-0.528968156227938,0.47983465,-0.79534656,0.016493361,351.07214,78.88218,-6.714407,WAL
1892232308000,104.71492,-1.28033718166586,-12.3648045783789,-1.33213782255522,-0.0027488936,-0.77671516,-0.18997909,351.30164,79.0709,-6.6172957,WAL
1892237352000,104.719964,-0.481279050312348,-10.146243608446,-2.1405965917291,-0.528093,-0.79290307,-0.38362336,351.52866,79.36433,-6.4679666,WAL
1892242312000,104.724924,0.0513720130654762,-8.41369180855655,-2.21558779635417,-0.7641924,-0.9767735,-0.45875978,351.64035,79.80203,-6.172735,WAL
1892247282000,104.729894,0.507330278169643,-6.81562445569196,-2.06950409453125,-1.1801916,-1.3026701,-0.5213735,351.69754,80.40703,-5.8362355,WAL
1892252346000,104.734958,0.623493652368253,-5.61730301644975,-1.79729712152763,-1.4902058,-1.6300939,-0.45753807,351.5505,81.02563,-5.5128136,WAL
1892257337000,104.739949,0.516415059083636,-4.7096843421485,-1.45056648414764,-1.7189748,-1.9465221,-0.31398472,351.30844,81.703835,-5.1907234,WAL
1892262298000,104.74491,0.178194944949658,-4.31020709975836,-1.63487630358437,-1.8826867,-2.218357,-0.18234327,350.94324,82.40049,-4.850397,WAL
1892267315000,104.749927,-0.247512057987314,-4.08767844866089,-2.01220754069674,-1.9956968,-2.4007003,-0.07422013,350.50882,83.10273,-4.542485,WAL
1892272289000,104.754901,-0.607127274699952,-4.13090015026404,-2.68078873115698,-2.0286834,-2.4889705,0.01038471,350.0335,83.74307,-4.2839074,WAL
1892277273000,104.759885,-0.946261193102256,-4.26380397759001,-3.4507142756217,-2.0332649,-2.47095,0.09254608,349.53632,84.361435,-4.0571246,WAL
1892282292000,104.764904,-1.31696092744301,-4.51020329307235,-4.05438151297324,-2.0561724,-2.4361305,0.18417588,348.99893,84.90076,-3.9445608,WAL
1892287283000,104.769895,-1.70067004620416,-4.81338092029732,-4.56599378673935,-2.0653355,-2.449875,0.27305678,348.4563,85.371475,-3.857811,WAL
1892292272000,104.774884,-2.03550182310434,-5.14344956647199,-4.87117608005345,-2.0518963,-2.4550674,0.35460728,347.94675,85.75178,-3.85163,WAL
1892297290000,104.779902,-2.34471453971491,-5.49071915869135,-5.06146055744407,-2.0210476,-2.3796256,0.44012842,347.46188,85.98715,-3.8764281,WAL
1892302205000,104.784817,-2.48122766568724,-5.62729647237231,-4.77337783506212,-1.9724839,-2.2201898,0.5412266,347.03824,86.01393,-3.979269,WAL
1892307218000,104.78983,-2.51436314094853,-5.63676393460856,-4.17693997235259,-1.9236146,-2.021353,0.66828656,346.65552,94.15308,-4.116178,WAL
1892312211000,104.794823,-2.48581364524053,-5.62375388073695,-3.9236599096827,-1.8716911,-1.883603,0.84940815,346.3357,94.53703,-4.335126,WAL
1892317223000,104.799835,-2.41212031627431,-5.59427624135107,-3.91874702108495,-1.8069394,-1.8133535,1.0445796,346.06378,95.04866,-4.594132,WAL
1892322224000,104.804836,-2.33988016929964,-6.38868445423796,-3.71108787845205,-1.790446,-1.8044959,1.2360858,345.8464,95.623276,-4.894677,WAL
1892327230000,104.809842,-2.26833988744528,-7.67640873079984,-3.38200274128532,-1.7745636,-1.8060231,1.4092661,345.6587,96.25432,-5.242763,WAL
1892332222000,104.814834,-2.14451029983137,-8.78579135581787,-3.35842296964587,-1.785559,-1.8102992,1.5699236,345.46875,96.945274,-5.6422076,WAL
1892337265000,104.819877,-1.98641462600932,-9.79664547326654,-3.52610029344311,-1.7705929,-1.7617353,1.6432275,345.3071,97.64739,-6.060546,WAL
1892342227000,104.824839,-1.73613731303069,-10.5955031609962,-3.63638933681734,-1.754405,-1.6936239,1.758681,345.18613,98.3122,-6.474822,WAL
1892347225000,104.829837,-1.42169984782822,-11.2713093065006,-3.71147881053044,-1.7702875,-1.5714508,1.8545868,345.10596,98.97929,-6.89512,WAL
1892352285000,104.834897,-1.12127014332816,-11.8450170651668,-3.67016069441427,-1.7849482,-1.4480561,1.9364429,345.03986,99.63575,-7.300135,WAL
1892357273000,104.839885,-0.838694961132661,-12.3267847284717,-3.54045402327386,-1.808772,-1.3365731,1.9956968,345.01617,100.29751,-7.71547,WAL
1892362266000,104.844878,-0.542774075232274,-12.7282096964303,-3.51427968909535,-1.8191566,-1.2654073,2.0418172,345.00848,100.91813,-8.080243,WAL
1892367265000,104.849877,-0.233755573447433,-13.0512741659658,-3.58919330973105,-1.8044959,-1.2189816,2.033876,345.03204,101.524796,-8.4377575,WAL
1892372268000,104.85488,0.0218946619520789,-13.2144534688412,-3.72076540193295,-1.7540996,-1.1117748,1.9730947,345.1018,102.04535,-8.714077,WAL
1892377271000,104.859883,0.214838441959126,-13.1903355133394,-3.91853273778315,-1.6771306,-0.8689558,1.8762726,345.22427,102.53651,-8.967249,WAL
1892382259000,104.864871,0.43032435131885,-12.9593108340395,-3.86511040292076,-1.5842791,-0.5131268,1.7128662,345.4022,102.94861,-9.117846,WAL
1892387309000,104.869921,0.674471196987289,-12.4928156614081,-3.5294084548454,-1.5121969,-0.13103059,1.5140295,345.64816,103.315575,-9.2198,WAL
1892392270000,104.874882,0.942093448948375,-11.927882564391,-3.18265899129457,-1.5012014,0.11789699,1.2922854,345.92786,103.661896,-9.254622,WAL
1892397264000,104.879876,1.2917422,-11.0510715882353,-2.78459742352941,-1.5430456,0.22724187,1.1139128,346.26077,103.97172,-9.238673,WAL
1892402376000,104.884988,1.43576924696387,-10.2542029796791,-2.27747477262683,-1.5500705,0.20158553,0.9618073,346.6336,104.184715,-9.121922,WAL
1892407392000,104.890004,1.35730720914681,-9.57573620758071,-1.67747052028248,-1.5286902,0.02687807,0.8206975,346.9685,104.37228,-8.970618,WAL
1892412268000,104.89488,1.20154808384327,-8.95759078079353,-1.26189557387485,-1.5448782,-0.31429017,0.64965516,347.19653,104.53272,-8.777722,WAL
1892417321000,104.899933,0.919757205428346,-8.37968108586656,-1.08517926705488,-1.6203201,-0.8136725,0.4642576,347.30444,104.67903,-8.568999,WAL
1892422253000,104.904865,0.656822854155833,-7.88720332978389,-1.11499501577378,-1.7321084,-1.3509285,0.2968805,347.26825,104.82088,-8.390027,WAL
1892427318000,104.90993,0.40780368719798,-7.50564182779664,-1.4965566435787,-1.8216002,-1.831374,0.160963,347.08893,104.95213,-8.198446,WAL
1892432816000,104.915428,0.127712566703672,-7.116221964731,-1.92097982570453,-1.8576412,-2.1856759,0.064751714,346.78845,105.13711,-8.069811,WAL
1892437323000,104.919935,-0.231669180910547,-7.12543687455167,-2.40476297617421,-1.8139644,-2.314874,0.025045475,346.4103,105.30962,-7.933981,WAL
1892442301000,104.924913,-0.609740511878031,-7.16063233364978,-2.92631189904035,-1.7806722,-2.4941628,-0.051923547,345.93417,105.583206,-7.8577847,WAL
1892447308000,104.92992,-0.792816504311217,-7.45751230043339,-3.31720390955526,-1.7168368,-2.5363126,-0.09896017,345.46204,105.83115,-7.7754335,WAL
1892452336000,104.934948,-0.937771029643773,-7.75582726039076,-3.66057234503651,-1.6740762,-2.4324653,-0.13408493,344.98163,106.17974,-7.7620797,WAL
1892457317000,104.939929,-0.871871185604894,-8.05237635950266,-3.73588650025656,-1.6606371,-2.2293527,-0.14080444,344.5206,106.50861,-7.7351723,WAL
1892462313000,104.944925,-0.797512609114648,-8.34399139655008,-3.73649809621653,-1.6511687,-1.9691241,-0.106595986,344.08496,106.90189,-7.7512794,WAL
1892467307000,104.949919,-0.665332066291814,-8.59467896445249,-3.2123337483084,-1.6566665,-1.7153096,-0.03756821,343.7099,107.290016,-7.7570086,WAL
1892472492000,104.955104,-0.530036737633028,-8.84756403119266,-2.65081617417431,-1.7040086,-1.5180001,0.029932396,343.38882,107.69396,-7.748134,WAL
1892477313000,104.959925,-0.432614243855046,-8.9746367453211,-1.87567206512385,-1.7763962,-1.4425583,0.08246681,343.10895,108.102554,-7.741347,WAL
1892482306000,104.964918,-0.33171598386055,-9.10624306385321,-1.07287294948624,-1.8359555,-1.5008959,0.109650314,342.8391,108.46016,-7.7179465,WAL
1892487333000,104.969945,-0.167825218841897,-9.14786975681298,-0.329858917736634,-1.8790215,-1.6618589,0.118202426,342.56326,108.82564,-7.7044997,WAL
1892492301000,104.974913,0.00538209824901185,-9.17261364198044,0.392663035564801,-1.8936822,-1.8564194,0.116980694,342.26294,109.19012,-7.7016797,WAL
1892497312000,104.979924,0.181777306247701,-9.04809571326385,0.608216297856121,-1.8512272,-2.0393736,0.1133155,341.84436,109.50004,-7.7448683,WAL
1892502795000,104.985407,0.363624177398566,-8.89818449945967,0.767629200999116,-1.7540996,-2.1365013,0.10354166,341.40088,109.78929,-7.791617,WAL
1892507324000,104.989936,0.359363117648099,-8.77887500442087,0.511965429098143,-1.6331482,-2.1609359,0.1020145,340.83908,110.02368,-7.877695,WAL
1892512271000,104.994883,0.354708787203065,-8.64855394636015,0.232705398275862,-1.46852,-2.0748038,0.10354166,340.25363,110.21006,-7.9533887,WAL
1892517305000,104.999917,0.249107451020408,-8.50673708606921,-0.258480301428571,-1.2974777,-1.8759671,0.10262536,339.69708,110.35582,-8.016372,WAL
1892522259000,105.004871,0.136848350657596,-8.36641331440402,-0.758968767142857,-1.1337659,-1.6145169,0.13316862,339.18933,110.45813,-8.070737,WAL
1892527316000,105.009928,-0.0581931820882353,-8.27551611764706,-1.05629357394118,-0.977079,-1.3118331,0.16432275,338.7637,110.55495,-8.10381,WAL
1892532305000,105.014917,-0.260198667914522,-8.19207876102941,-1.32417038124449,-0.8729264,-1.1808025,0.21319197,338.37173,110.624,-8.138152,WAL
1892537337000,105.019949,-0.554782838851567,-8.13544213318405,-1.48401385886116,-0.8338311,-0.94897914,0.2415972,338.13953,110.745415,-8.148391,WAL
1892542256000,105.024868,-0.876272707050544,-8.09023275709106,-1.59954930409469,-0.77640975,-0.7623598,0.30207285,337.94165,110.84058,-8.169362,WAL
1892547311000,105.029923,-1.14250480755248,-7.97798903377863,-1.6107146848855,-0.754724,-0.6450737,0.36010507,337.834,111.00147,-8.215411,WAL
1892552334000,105.034946,-1.39496057187023,-7.85405609465649,-1.60153448137405,-0.75228053,-0.57604593,0.4279111,337.7712,111.1558,-8.264814,WAL
1892557318000,105.03993,-1.58459449346755,-7.76358294992136,-1.6182854903953,-0.7666359,-0.54611355,0.5009095,337.7645,111.36174,-8.376731,WAL
1892562247000,105.044859,-1.75288002177834,-7.68438993645801,-1.64303333940443,-0.7797695,-0.5516113,0.56321776,337.77124,111.56677,-8.497422,WAL
1892567311000,105.049923,-1.75726174426003,-7.75911155107686,-1.72328777773167,-0.8063421,-0.55955255,0.6200282,337.79633,111.81863,-8.690546,WAL
1892572265000,105.054877,-1.7291387153527,-7.86222914427979,-1.81234397883817,-0.8503244,-0.5742133,0.66645396,337.82266,112.076996,-8.893727,WAL
1892577316000,105.059928,-1.6382514595355,-8.11238898546073,-1.90358201951473,-0.9114109,-0.6044512,0.6948592,337.8463,112.378784,-9.148314,WAL
1892582313000,105.064925,-1.53433603277946,-8.39250876586103,-1.99394322530211,-0.99204516,-0.65148777,0.72082096,337.86588,112.69368,-9.411323,WAL
1892587322000,105.069934,-1.42533412883745,-8.76348235444503,-1.99937225331931,-1.0626001,-0.7119634,0.7254025,337.86685,113.034355,-9.67964,WAL
1892592305000,105.074917,-1.31488002291426,-9.17015439473961,-1.96924840624934,-1.1233811,-0.8072584,0.7284568,337.84848,113.385895,-9.955442,WAL
1892597313000,105.079925,-1.30745166881578,-9.53555727031383,-1.780961887532,-1.1774428,-0.93584555,0.7147123,337.7696,113.745056,-10.225142,WAL
1892602361000,105.084973,-1.32578624221106,-9.89308173869347,-1.55177952864322,-1.2263119,-1.0913107,0.68386364,337.65768,114.10611,-10.496374,WAL
1892607319000,105.089931,-1.39904605556916,-10.1780413298654,-1.32151724033048,-1.2620476,-1.2415836,0.64660084,337.48026,114.44335,-10.755314,WAL
1892612310000,105.094922,-1.49655280546716,-10.4364345225418,-1.0875008878519,-1.2791518,-1.3836098,0.602924,337.2619,114.774,-11.0129175,WAL
1892617310000,105.099922,-1.60357919439063,-10.7386538843989,-0.872688376215518,-1.2660183,-1.45783,0.5516113,336.97964,115.05014,-11.271883,WAL
1892622331000,105.104943,-1.71448691873789,-11.0580680489898,-0.664181889648492,-1.2308935,-1.4947872,0.50579643,336.66812,115.31264,-11.525327,WAL
1892627318000,105.10993,-1.83774346158297,-11.2330925600331,-0.571807992477785,-1.1664472,-1.4865406,0.48930305,336.33102,115.52613,-11.78883,WAL
1892632303000,105.114915,-1.97093114426534,-11.2996864528828,-0.566875119156851,-1.0732902,-1.4801265,0.48166725,335.982,115.71294,-12.040273,WAL
1892637322000,105.119934,-2.1050272283943,-11.3667345468072,-0.561908601363918,-1.0012082,-1.4245378,0.4804455,335.6322,115.85317,-12.296561,WAL
1892642317000,105.124929,-2.23848208797272,-11.4334620282083,-0.556965832610043,-0.8210029,-1.3350459,0.49480084,335.296,115.940674,-12.543674,WAL
1892647313000,105.129925,-2.20202714130414,-11.6952759733553,-0.764681278296677,-0.6249151,-1.2211196,0.5198463,334.97714,116.00986,-12.78464,WAL
1892652355000,105.134967,-2.08974437579692,-12.0461593102413,-1.06878041452379,-0.38087448,-1.1108584,0.5412266,334.68454,116.02248,-13.012555,WAL
1892657320000,105.139932,-1.73845146833792,-12.1936745402018,-1.5505137041068,-0.124311075,-0.9776898,0.56413406,334.4396,116.00688,-13.269425,WAL
1892662311000,105.144923,-1.24649368953429,-12.2277708061755,-2.13988895700601,0.09865474,-0.82894415,0.57818395,334.23172,115.94359,-13.50917,WAL
1892667312000,105.149924,-0.677056958284253,-12.081947372692,-2.64209423404981,0.28099802,-0.623388,0.5815437,334.0713,115.842186,-13.697373,WAL
1892672330000,105.154942,-0.0673078854199413,-11.8453283127545,-3.10168107522015,0.4034765,-0.34055737,0.5720753,333.97507,115.70644,-13.856799,WAL
1892677310000,105.159922,0.503870217287698,-11.6700830770833,-3.29346752031746,0.4269948,-0.05375614,0.56596667,333.93665,115.58659,-13.915668,WAL
1892682302000,105.164914,1.04929220509722,-11.5420278770833,-3.27449633555556,0.33169982,0.22113322,0.5375614,333.97116,115.46532,-13.93693,WAL
1892687347000,105.169959,1.39009802285376,-11.6527401649891,-2.89187992212354,0.14355333,0.4175264,0.47708577,334.05994,115.37651,-13.830975,WAL
1892692345000,105.174957,1.55068666281824,-11.9644705640418,-2.20701637108743,-0.07880162,0.5039638,0.38362336,334.18652,115.3121,-13.694923,WAL
1892697312000,105.179924,1.53431693438603,-12.2492614925461,-1.36508849786387,-0.28893927,0.453262,0.24740042,334.2766,115.23522,-13.457228,WAL
1892702356000,105.184968,1.34954733870145,-12.5145721327972,-0.35596208239898,-0.4373795,0.28191432,0.10781772,334.34625,115.18582,-13.202704,WAL
1892707319000,105.189931,1.10505902618981,-12.6741244130253,0.459705371322015,-0.52839845,0.050701816,-0.020158553,334.32727,115.0409,-12.905422,WAL
1892712312000,105.194924,0.790094110436961,-12.7229218510994,1.08519902492996,-0.528093,-0.21166481,-0.1020145,334.24622,114.901115,-12.610934,WAL
1892717317000,105.199929,0.451641558077448,-12.7914402585791,1.54826879198237,-0.45112398,-0.40775254,-0.16157386,334.0787,114.63504,-12.34487,WAL
1892722330000,105.204942,0.0637040007723791,-12.9022791668591,1.65910812112499,-0.2932153,-0.5195409,-0.19242255,333.86288,114.34589,-12.087829,WAL
1892727294000,105.209906,-0.245130879555697,-13.0788340959471,1.6741194642806,-0.105068825,-0.5326745,-0.20433442,333.60834,113.97495,-11.894176,WAL
1892732302000,105.214914,-0.447528719052472,-13.3537900039016,1.55191704676328,0.086132,-0.5128214,-0.1957823,333.33704,113.56764,-11.707767,WAL
1892737311000,105.219923,-0.6499669734533,-13.6288008151923,1.42969022780476,0.17592919,-0.4382958,-0.17348573,333.08627,113.15513,-11.575618,WAL
1892742316000,105.224928,-0.728197107669946,-14.1913673957961,1.41254901833631,0.3753767,-0.32925636,-0.14630222,332.85693,112.67723,-11.442401,WAL
1892747288000,105.2299,-0.774490680520973,-14.7537757477959,1.40734018827144,0.5674938,-0.2321288,-0.15271631,332.64874,112.18474,-11.300957,WAL
1892752359000,105.234971,-0.670693750316146,-15.0824663255855,1.4030153193784,0.7812967,-0.17592919,-0.18661933,332.46896,111.66878,-11.183973,WAL
1892757254000,105.239866,-0.570499316604328,-15.3997489874432,1.39884055439487,1.0009027,-0.16646078,-0.23579398,332.30026,111.092995,-11.052982,WAL
1892762310000,105.244922,-0.336621470008884,-15.6443396261766,1.22314707110524,1.2223413,-0.17012598,-0.30207285,332.1449,110.471146,-10.905869,WAL
1892767655000,105.250267,-0.0581240770019264,-15.8734796249759,0.997235030321711,1.4309518,-0.16737708,-0.39064834,331.99414,109.80359,-10.73969,WAL
1892772328000,105.25494,0.351380812628395,-15.7657154828549,0.600661889057985,1.6310102,-0.14080444,-0.47616947,331.8446,109.06792,-10.530933,WAL
1892777249000,105.259861,0.782618467640339,-15.6522322080042,0.183042281063379,1.8216002,-0.087964594,-0.59986967,331.70337,108.27772,-10.2464485,WAL
1892782306000,105.264918,1.22621614799054,-15.3050583246651,-0.140625859968479,2.01555,-0.006414085,-0.73945236,331.57886,107.44316,-9.935494,WAL
1892787298000,105.26991,1.66416826146572,-14.9330343435776,-0.44672143821907,2.1844542,0.082161374,-0.8949176,331.47052,106.5678,-9.58802,WAL
1892792320000,105.274932,1.82649804390947,-14.3304915868313,-0.454192867207819,2.3634377,0.1731803,-1.0418307,331.39853,105.66029,-9.139534,WAL
1892797244000,105.279856,1.94293311609054,-13.7046532131687,-0.415381174792181,2.5601363,0.23884831,-1.1725558,331.3445,104.70681,-8.658623,WAL
1892802380000,105.284992,1.6632406638051,-13.0834330075406,-0.18206116574942,2.765998,0.29352075,-1.303281,331.32007,103.7111,-8.082164,WAL
1892807258000,105.28987,1.36065470208817,-12.496325812065,0.0572978916009281,2.973692,0.28313604,-1.4364496,331.29663,102.667465,-7.4809766,WAL
1892812311000,105.294923,0.876964347088383,-12.1320677910139,0.216617567667751,3.179859,0.28069258,-1.5381587,331.29498,101.581276,-6.852864,WAL
1892817278000,105.29989,0.370772184471377,-11.8180412187408,0.357226488894669,3.382361,0.3109304,-1.611768,331.30325,100.450455,-6.206436,WAL
1892822323000,105.304935,-0.208222887372204,-11.9539087280351,0.118367647783546,3.5396585,0.43860126,-1.6865989,331.3433,99.296455,-5.593776,WAL
1892827287000,105.309899,-0.792021828929712,-12.1864787691693,-0.19963663465655,3.6059375,0.54458636,-1.7446312,331.39392,98.128555,-4.976427,WAL
1892832304000,105.314916,-1.24396606448445,-12.5657734500818,-0.745862371031097,3.598607,0.79076505,-1.758681,331.53604,96.999405,-4.435953,WAL
1892837328000,105.31994,-1.66548935746221,-12.9780326263599,-1.34340641095793,3.5036175,1.0241156,-1.7571539,331.714,95.8949,-3.8942368,WAL
1892842319000,105.324931,-2.14403169744193,-13.4359892933593,-1.88090516923156,3.3625078,1.1695015,-1.7183639,331.96362,94.9543,-3.467169,WAL
1892847295000,105.329907,-2.64139458261537,-13.9089715096695,-2.39777246729766,3.1936035,1.2217305,-1.679574,332.25983,94.0781,-3.051219,WAL
1892852368000,105.33498,-3.1880002600379,-14.2554353597287,-2.90654502014561,3.008206,1.2211196,-1.6178766,332.60355,93.43563,-2.7480652,WAL
1892857310000,105.339922,-3.73081338378378,-14.5575228108108,-3.39743683243243,2.826168,1.1441506,-1.5485435,332.94144,92.87747,-2.4692526,WAL
1892862315000,105.344927,-4.33735534199449,-14.8490587153816,-3.64544613457907,2.6438248,0.9972375,-1.4953982,333.27628,92.54428,-2.3058689,WAL
1892867295000,105.349907,-4.95649462562943,-15.1351765635326,-3.82368331239182,2.500577,0.8042041,-1.4544702,333.57272,92.28036,-2.1641288,WAL
1892872295000,105.354907,-5.48499089429271,-15.515949991581,-4.2890031709349,2.3854287,0.65087694,-1.4718798,333.8535,92.212036,-2.1409826,WAL
1892877317000,105.359929,-5.98406481605482,-15.9302750699951,-4.85399252652961,2.2782218,0.7516697,-1.6245961,334.14557,92.130424,-2.0867229,WAL
1892882290000,105.364902,-6.36859871667154,-16.0966483933899,-5.53649222100029,2.025629,1.2583824,-1.8860464,334.52582,92.1447,-2.098826,WAL
1892887326000,105.369938,-6.71184765523057,-16.162476774008,-6.27941406664717,1.6279559,1.6982054,-2.0564778,334.9069,92.14661,-2.0837257,WAL
1892892314000,105.374926,-6.92717908823066,-15.6500400242078,-5.79260528360559,1.3530666,1.7540996,-2.0772474,335.32214,92.284164,-2.1403453,WAL
1892897313000,105.379925,-7.0779351935249,-14.8350155986026,-4.66664650151545,1.2617421,1.5628988,-2.0161607,335.76697,92.42272,-2.1525679,WAL
1892902327000,105.384939,-7.0340697936629,-14.0064584723833,-3.73621824946598,1.2880094,1.3121386,-1.9278907,336.20343,92.59659,-2.1466856,WAL
1892907324000,105.389936,-6.87343243270267,-13.1740653182789,-2.92816400781202,1.4022411,1.2275337,-1.8048013,336.61322,92.79391,-2.15224,WAL
1892912312000,105.394924,-6.28014039496339,-12.6942643144667,-2.77106881807837,1.5470163,1.4010195,-1.7027869,337.03976,92.95414,-2.2161539,WAL
1892917288000,105.3999,-5.46437010008906,-12.3971922891352,-2.95025528710667,1.6936239,1.7201965,-1.6334536,337.47296,93.095436,-2.2937531,WAL
1892922301000,105.404913,-4.52688287477433,-12.2810247685745,-2.77292009249082,1.8274034,1.983174,-1.6062702,337.9607,93.09234,-2.3477695,WAL
1892927317000,105.409929,-3.52144067650035,-12.2714943188176,-2.38694473893463,1.9624046,2.0693061,-1.5845845,338.48053,93.07812,-2.417403,WAL
1892932300000,105.414912,-2.43018277246377,-12.008042836715,-1.41003351799034,2.0271564,2.1633792,-1.5656476,339.05258,92.928604,-2.346626,WAL
1892937322000,105.419934,-1.27312125072464,-11.5851807323671,-0.0578050428599034,2.1771238,2.0583105,-1.53205,339.58386,92.76187,-2.2941089,WAL
1892942312000,105.424924,-0.663282590257241,-11.1831770192425,0.385960647543042,2.2837198,1.9413297,-1.5008959,340.10995,92.46568,-2.1089947,WAL
1892947315000,105.429927,-0.493448018189184,-10.7949839432854,0.0948156277678752,2.3451116,1.8154916,-1.4541647,340.59482,92.187584,-1.9496727,WAL
1892952285000,105.434897,-0.365551831449883,-10.3989697284516,-0.674736311230499,2.3228152,1.706452,-1.3628404,341.09344,91.662445,-1.6132015,WAL
1892957320000,105.439932,-0.266819021070593,-9.9899334175117,-1.81721599593214,2.2379048,1.749518,-1.2528846,341.59772,88.67855,-1.3094074,WAL
1892962312000,105.444924,-0.205250333894989,-9.49174332741066,-2.47852701976442,2.1948388,1.999362,-1.142318,342.11227,88.75916,-1.0177431,WAL
1892967340000,105.449952,-0.176410939480934,-8.9053424130565,-2.71404871822719,2.2339342,2.2757785,-1.0091494,342.64243,88.54443,-0.7778415,WAL
1892972317000,105.454929,-0.169990391023327,-8.34131600902371,-2.90897920778535,2.2999077,2.3774874,-0.9211848,343.14374,88.327354,-0.5347244,WAL
1892977346000,105.459958,-0.183860529440338,-7.78651018268215,-3.07079757782471,2.281887,2.4926357,-0.8155051,343.71896,88.05164,-0.34820342,WAL
1892982260000,105.464872,-0.300702598826104,-7.28497121328535,-3.17622502722233,2.2452352,2.5518897,-0.7031059,344.3284,87.7016,-0.1572303,WAL
1892987430000,105.470042,-0.565550390393892,-6.81306063265902,-3.21474826501653,2.2009475,2.5216517,-0.6200282,344.93774,87.34715,0.0009912312,WAL
1892992294000,105.474906,-0.815558251847704,-6.41061679303675,-3.20024447699277,2.125811,2.4468207,-0.5580254,345.5595,86.992424,0.14154941,WAL
1892997334000,105.479946,-1.0759834612542,-6.06174545841393,-3.10197083920391,2.0583105,2.3475552,-0.5006041,346.15927,86.65397,0.251575,WAL
1893002308000,105.48492,-1.29080512710151,-5.71333814571769,-3.11039834766059,1.9685133,2.2339342,-0.47158796,346.7594,86.31985,0.317208,WAL
1893007368000,105.48998,-1.44932372166931,-5.35306845301348,-3.26891699238699,1.8707749,2.1038198,-0.47342056,347.32242,86.01661,0.3697352,WAL
1893012247000,105.494859,-1.58332208330074,-5.00756206320884,-3.27494218130622,1.779756,2.0421226,-0.46731192,347.8967,85.71145,0.36756313,WAL
1893017338000,105.49995,-1.6929599638639,-4.65004708596011,-3.04613249233477,1.6997325,1.9349157,-0.47311515,348.4185,85.43897,0.3659819,WAL
1893022298000,105.50491,-1.79240988988101,-4.32727807888624,-2.86352725838172,1.6132951,1.8811595,-0.48655418,348.9481,85.20179,0.3399674,WAL
1893027340000,105.509952,-1.87974347339362,-4.0468914749643,-2.75321117815326,1.5118915,1.7696766,-0.49021935,349.42865,84.99899,0.31048357,WAL
1893032304000,105.514916,-1.9512329481791,-3.77007823500497,-2.64574486515423,1.4706581,1.6954565,-0.50610185,349.92664,84.75315,0.261998,WAL
1893037386000,105.519998,-1.98028924525373,-3.48435767703483,-2.5392050080796,1.3860532,1.6624697,-0.5143485,350.4031,84.554825,0.20808686,WAL
1893042313000,105.524925,-2.00728312030909,-3.18701772740242,-2.4371711027343,1.2889256,1.6630806,-0.5131268,350.88187,84.34151,0.13308932,WAL
1893047350000,105.529962,-2.03117768222707,-2.81904122436101,-2.33681389277789,1.1829406,1.6737708,-0.5235115,351.3536,84.15979,0.05821713,WAL
1893052296000,105.534908,-2.04424908785305,-2.51917866710448,-2.16156360420699,1.072374,1.7153096,-0.52626044,351.84518,83.97543,-0.03146583,WAL
1893057305000,105.539917,-2.02056244396603,-2.43390679857792,-1.71151707355323,0.9599747,1.767844,-0.5204572,352.34195,83.82575,-0.12739979,WAL
1893062312000,105.544924,-2.01929009572152,-2.35926325519797,-1.29445670051604,0.81581056,1.7110336,-0.5842926,352.82666,83.677635,-0.21774118,WAL
1893067312000,105.549924,-2.10914569714768,-2.32781368679865,-1.0114116170107,0.6554584,1.6508633,-0.6093381,353.32294,83.56855,-0.32847834,WAL
1893072344000,105.554956,-2.20325898107189,-2.29970478217503,-0.729828713758044,0.51159966,1.613906,-0.6270532,353.8253,83.39951,-0.43719846,WAL
1893077315000,105.559927,-2.34330321959919,-2.31721044337194,-0.493503982985843,0.37323865,1.6096299,-0.62888575,354.31873,83.27652,-0.54876006,WAL
1893082303000,105.564915,-2.48382638632101,-2.33477597104247,-0.256371060617761,0.24617869,1.6077974,-0.59803706,354.8147,83.088066,-0.70766413,WAL
1893087325000,105.569937,-2.57385549033134,-2.33209659717545,-0.0858697773123303,0.12858713,1.5992452,-0.5662721,355.3062,82.93723,-0.8721218,WAL
1893092430000,105.575042,-2.65172212917002,-2.32751513094279,0.0694955171031426,-0.0033597588,1.6044376,-0.5338962,355.79874,82.825134,-1.0514728,WAL
1893097312000,105.579924,-2.63759422699436,-2.33222453001612,0.10246064676672,-0.12889257,1.599856,-0.49632803,356.29846,82.62557,-1.3009882,WAL
1893102391000,105.585003,-2.61122472856293,-2.33485564176336,0.131058743358128,-0.2556471,1.6053538,-0.4541783,356.83636,82.46105,-1.558578,WAL
1893107325000,105.589937,-2.45189043972032,-2.31142401068134,0.0935683391490628,-0.39095375,1.5903877,-0.40103304,357.36426,82.32733,-1.833158,WAL
1893112447000,105.595059,-2.28449610104889,-2.28587011946057,0.0571289970556284,-0.5170974,1.5567901,-0.3549127,357.89584,82.19835,-2.1128156,WAL
1893117294000,105.599906,-2.10191617478929,-2.24674591439408,0.0527818544843604,-0.63194007,1.5146403,-0.30115658,358.41745,82.09233,-2.4117131,WAL
1893122334000,105.604946,-1.91206619988762,-2.20606384434351,0.0482616154583255,-0.768163,1.486846,-0.26267207,358.91885,81.98007,-2.6940014,WAL
1893127349000,105.609961,-1.75056992766576,-2.09233393194904,0.162628957556425,-0.89980453,1.4165965,-0.24648413,359.39432,81.88874,-2.9834785,WAL
1893132305000,105.614917,-1.59345612712408,-1.97330830137426,0.286415603411375,-0.97097033,1.3240504,-0.20586158,359.85263,81.8031,-3.2897093,WAL
1893137396000,105.620008,-1.53105420051896,-1.88733439896208,0.564802212750499,-1.128879,1.1982121,-0.16554448,0.2695993,81.72552,-3.5599651,WAL
1893142306000,105.624918,-1.47943309682635,-1.80755635634731,0.846371788179641,-1.2684617,1.058324,-0.13683382,0.6547117,81.65274,-3.8342288,WAL
1893147348000,105.62996,-1.50015848755266,-1.76666593918039,1.23877883400996,-1.4175128,0.8753699,-0.09254608,0.9862586,81.63,-4.074298,WAL
1893152301000,105.634913,-1.52740890333206,-1.73033200405017,1.63391014735733,-1.5671748,0.6792821,-0.050701816,1.2728215,81.629814,-4.315385,WAL
1893157354000,105.639966,-1.51279855114802,-1.81348134612604,2.07499041311187,-1.7314975,0.46089783,-0.017715093,1.5180637,81.74164,-4.5110507,WAL
1893162247000,105.644859,-1.48990686458232,-1.91878319994138,2.50993279250611,-1.9083431,0.2284636,0.019242255,1.7010845,81.86925,-4.71184,WAL
1893167360000,105.649972,-1.39612274906341,-2.31561304658537,3.00438167419512,-2.0726657,-0.022602014,0.06047566,1.8260328,82.01741,-4.908867,WAL
1893172258000,105.65487,-1.28629128726829,-2.77782058170732,3.48947075390244,-2.225993,-0.27947086,0.11728613,1.8800175,82.17208,-5.112724,WAL
1893177351000,105.659963,-1.31752328915591,-3.65989231714002,3.98289400869911,-2.3548856,-0.4813618,0.22082779,1.8778331,82.28339,-5.3259935,WAL
1893182322000,105.664934,-1.40261900957299,-4.67158544878848,4.46037519451837,-2.395508,-0.6041457,0.3436117,1.8208878,82.36824,-5.5548706,WAL
1893187367000,105.669979,-1.44084764806209,-6.45192498848273,5.07653419583375,-2.359467,-0.5757405,0.47525316,1.7306162,82.383965,-5.781471,WAL
1893192286000,105.674898,-1.45971921790686,-8.47590751727591,5.72760564624937,-2.1847596,-0.40042216,0.59437186,1.6417575,82.33865,-6.0370154,WAL
1893197346000,105.679958,-1.12306432550226,-10.8486090310384,7.10145643306998,-1.7962493,-0.10476339,0.6627888,1.589476,82.16223,-6.3153324,WAL
1893202377000,105.684989,-0.647237025392212,-13.3229113304176,8.74645970840858,-1.0958922,-0.03726278,0.6084218,1.5167465,81.90371,-6.5838842,WAL
1893207353000,105.689965,0.454407460825223,-15.1083930990888,10.5493368549389,-0.1142318,-0.21777347,0.26908615,1.44005,81.54606,-6.735677,WAL
1893212352000,105.694964,1.98115549287844,-16.4616474510251,12.4775993961483,0.7706065,-0.25870144,-0.21868975,1.4219874,81.13772,-6.822895,WAL
1893217361000,105.699973,3.66866011261288,-17.3478991403195,12.243355801429,1.3014483,0.20708331,-0.61086524,1.4200226,80.6523,-6.668203,WAL
1893222359000,105.704971,5.43087808516424,-17.9986365580034,10.9323799550461,1.5082263,0.57940567,-0.68539083,1.3908756,80.0539,-6.4706383,WAL
1893227350000,105.709962,5.93444730157151,-18.435497903521,9.40735173468271,1.5021176,1.3313808,-0.66920286,1.5165154,79.42948,-5.934427,WAL
1893232361000,105.714973,5.76738672190173,-18.760073541476,7.76061048905908,1.4401149,1.8530598,-0.66706485,1.7126474,78.70102,-5.429212,WAL
1893237365000,105.719977,4.87871196945967,-17.7604175888802,6.46756949765074,1.273654,2.0922134,-0.68203104,2.0016513,78.27391,-4.682113,WAL
1893242371000,105.724983,3.58819594244323,-16.0240867828896,5.36945763018794,1.1007792,2.1190915,-0.6554584,2.3923855,77.78827,-4.0291796,WAL
1893247347000,105.729959,1.46005296070602,-12.5752730648148,4.63733038709491,0.9104946,1.9999728,-0.63224554,2.8237286,77.49074,-3.461804,WAL
1893252388000,105.735,-1.26854810571952,-7.91430067438272,4.13910460099344,0.7348709,1.7892243,-0.61361414,3.231421,77.20363,-2.9434326,WAL
1893257348000,105.73996,-2.88435904964641,-5.06590695526289,3.89963708767039,0.5476407,1.5525141,-0.573297,3.6117704,76.96165,-2.666328,WAL
1893262342000,105.744954,-3.54609813803423,-3.7669378686789,3.88493178710669,0.3463606,1.3261884,-0.4999932,3.923586,76.767685,-2.4080975,WAL
1893267349000,105.749961,-4.06935294289393,-3.05095137822125,3.70505760001981,0.09407325,1.1456778,-0.37965274,4.2944818,76.49525,-2.5722635,WAL
1893272330000,105.754942,-4.48509856785184,-2.7769372791027,3.4026971365356,-0.14844026,1.0473285,-0.22174409,4.61699,76.271355,-2.7614927,WAL
1893277323000,105.759935,-4.76683871211401,-2.92247293610451,3.21641944180523,-0.37140608,1.0250319,-0.06841691,4.940117,76.05149,-3.0717688,WAL
1893282333000,105.764945,-4.93778795469121,-3.41632679388361,3.12619630344418,-0.605062,1.0665708,0.09621128,5.2406373,75.88416,-3.4305398,WAL
1893287326000,105.769938,-4.92533293947657,-4.24391395547816,3.24444770096527,-0.8390234,1.106277,0.2434298,5.5389824,75.7699,-3.8961892,WAL
1893292302000,105.774914,-4.74987226685242,-5.36781117143994,3.5479472561847,-1.0424415,0.9767735,0.35460728,5.791023,75.68475,-4.391467,WAL
1893297329000,105.779941,-4.65901160094731,-7.00477906542333,3.82876651746596,-1.2235631,0.61666846,0.40011674,5.9796185,75.65458,-4.9256034,WAL
1893302347000,105.784959,-4.64952721452536,-9.11026996982435,4.08483980114466,-1.3365731,0.08582657,0.4111123,6.077754,75.62921,-5.4605894,WAL
1893307211000,105.789823,-4.66226192958435,-11.2409160570171,3.90735590356968,-1.3979651,-0.5897904,0.41538838,6.0076795,75.6265,-5.9335656,WAL
1893312253000,105.794865,-4.7000411794621,-13.5501564949633,3.24622371520782,-1.3420709,-1.3399329,0.3735441,5.7709284,75.60694,-6.352699,WAL
1893317235000,105.799847,-4.86970422980288,-15.3634095464202,2.27968884299459,-1.2257011,-1.6685784,0.37415496,5.4341097,75.62042,-6.7366962,WAL
1893322267000,105.804879,-5.21916020937596,-16.5643579422939,0.881864364506179,-1.0937542,-1.9981402,0.4120286,4.894152,75.605705,-7.05877,WAL
1893327215000,105.809827,-5.47213988604144,-17.4372299528353,0.159299268642312,-1.0146471,-1.8689423,0.5027421,4.3670135,75.724556,-7.3810725,WAL
1893332226000,105.814838,-5.62477793333333,-17.9692816666667,0.172382523333333,-0.7846564,-1.5170839,0.59712076,3.830703,75.75547,-7.6815743,WAL
1893337266000,105.819878,-5.39377868936826,-18.2575101910632,0.332355048120185,-0.4260785,-1.1187997,0.58551437,3.4184878,75.8921,-7.983309,WAL
1893342256000,105.824868,-4.147265375919,-17.8893419938367,0.87934822116663,0.07238753,-0.7626653,0.5342017,3.1006274,75.911545,-8.299379,WAL
1893347199000,105.829811,-2.86923095781053,-16.6457000959953,0.926554482782217,0.528093,-0.5858198,0.37690386,2.864773,75.87033,-8.58436,WAL
1893352280000,105.834892,-1.50092603335596,-14.2582439742073,0.350922709783768,0.6960809,-0.58184916,0.1151481,2.6962495,75.802765,-8.819169,WAL
1893357208000,105.83982,-0.41884182431897,-11.9595817961862,-0.268378264263497,0.5549711,-0.5476407,-0.12583824,2.540375,75.76972,-8.876533,WAL
1893362270000,105.844882,0.296679873590887,-9.62573227989104,-1.00310858840753,0.1160644,-0.41630468,-0.25411993,2.4249105,75.79469,-8.893747,WAL
1893367232000,105.849844,0.784187700863253,-7.56625396333137,-1.45047755534628,-0.48166725,-0.34697145,-0.39003745,2.2835176,76.01889,-8.709275,WAL
1893372303000,105.854915,0.912815103237198,-5.85598623749264,-1.43618568254856,-1.0708468,-0.5891795,-0.4905248,2.0942605,76.351906,-8.492044,WAL
1893377222000,105.859834,0.85087024346102,-4.50974516082772,-1.44810727670837,-1.566564,-1.0137309,-0.47250426,1.8625941,76.85227,-8.219397,WAL
1893382296000,105.864908,0.401890371949567,-3.76612218512031,-1.51358346196343,-1.8924606,-1.3909402,-0.4120286,1.5748284,77.44928,-7.9246387,WAL
1893387268000,105.86988,-0.0904591301305323,-3.14511282612686,-1.66480764978585,-2.1142046,-1.74738,-0.3359759,1.1666347,78.08025,-7.6390953,WAL
1893392276000,105.874888,-0.736064461400367,-2.82720114560473,-2.06586556192127,-2.2586741,-2.0967948,-0.2761111,0.649181,78.74813,-7.353058,WAL
1893397243000,105.879855,-1.31791217031769,-2.6301708009009,-2.51795105936463,-2.3576343,-2.3701572,-0.22327125,0.07330947,79.37503,-7.159373,WAL
1893402343000,105.884955,-1.77182285879564,-2.71817382792793,-3.11544568240872,-2.3936756,-2.5622742,-0.15363261,359.4183,79.98795,-6.9820633,WAL
1893407452000,105.890064,-2.20199975293698,-2.85509436525501,-3.68299056023618,-2.4129176,-2.692694,-0.06841691,358.73047,80.53785,-6.92549,WAL
1893412342000,105.894954,-2.53095318416981,-3.15067587375547,-4.12159523477553,-2.4129176,-2.810591,0.053450707,357.99084,81.03265,-6.8996887,WAL
1893417345000,105.899957,-2.84389069676156,-3.46726978886129,-4.53957656476882,-2.3924537,-2.857933,0.19211712,357.25894,81.44604,-6.9801474,WAL
1893422359000,105.904971,-3.0824215923099,-3.82965314228124,-4.86067565380206,-2.372906,-2.857933,0.34483343,356.51138,81.760925,-7.102111,WAL
1893427334000,105.909946,-3.28876797524893,-4.19014565078236,-5.13447583271693,-2.3356433,-2.7785206,0.42058071,355.79395,81.96552,-7.295866,WAL
1893432358000,105.91497,-3.31614441587482,-4.55972609846373,-5.14360159878615,-2.2757785,-2.5995371,0.5671884,355.1125,82.01503,-7.5571513,WAL
1893437443000,105.920055,-3.34528527322976,-4.93782210198187,-5.13038176276267,-2.225993,-2.3634377,0.72356987,354.48746,81.92446,-7.8833637,WAL
1893442336000,105.924948,-3.39661996271288,-5.36716738014142,-4.75237102789563,-2.1471913,-2.1600194,0.8857546,353.9161,81.69009,-8.254121,WAL
1893447570000,105.930182,-3.45281674078538,-5.83874292709953,-4.34078076551322,-2.0641136,-2.024102,1.0592403,353.39212,81.31867,-8.67954,WAL
1893452420000,105.935032,-3.52053769432348,-6.42565751205288,-3.87124919183515,-1.9685133,-1.9327776,1.2315043,352.9271,99.16708,-9.149189,WAL
1893457704000,105.940316,-3.57962105724866,-7.06518860155527,-3.37869788863173,-1.8664987,-1.858252,1.3988814,352.48907,99.74945,-9.670236,WAL
1893462351000,105.944963,-3.32830564444547,-7.62961841834845,-3.33749854683392,-1.772731,-1.7568485,1.5873333,352.0998,100.4102,-10.24033,WAL
1893467281000,105.949893,-3.06168524738937,-8.22842173162377,-3.29379018551194,-1.672549,-1.5564847,1.8365663,351.75394,101.127,-10.865621,WAL
1893472358000,105.95497,-2.77609273344535,-9.11720740067207,-3.08077292567701,-1.5558738,-1.3384057,2.1029036,351.45847,101.892395,-11.537593,WAL
1893477253000,105.959865,-2.4981022582032,-10.0392090492192,-2.83521470399288,-1.4465289,-1.1737776,2.3118196,351.22202,102.69709,-12.250603,WAL
1893482353000,105.964965,-2.29521491297056,-11.2565421734066,-2.66110209434402,-1.395827,-1.0555751,2.381458,351.01733,103.460945,-12.922621,WAL
1893487322000,105.969934,-2.12228352679836,-12.5158368805442,-2.51477555462169,-1.4144585,-0.93187493,2.3432791,350.87595,104.23599,-13.606225,WAL
1893492350000,105.974962,-1.65746825941677,-13.6489275868773,-2.69469581336574,-1.4819591,-0.77274454,2.2461514,350.74405,104.90563,-14.194058,WAL
1893497345000,105.979957,-1.03263399860267,-14.6951615935601,-3.05797160285541,-1.5344934,-0.5662721,2.1160371,350.669,105.54123,-14.74327,WAL
1893502342000,105.984954,-0.295784131700945,-15.0265339634467,-3.2136529823862,-1.5021176,-0.3680463,1.9523253,350.59564,106.023,-15.149362,WAL
1893507384000,105.989996,0.504358572172726,-14.9982935538552,-3.26542683728434,-1.4477507,-0.22479841,1.7486018,350.5666,106.450775,-15.493235,WAL
1893512353000,105.994965,1.20469226204884,-14.5068163509981,-3.0877112845881,-1.4129313,-0.1966986,1.496009,350.51202,106.703186,-15.639112,WAL
1893517353000,105.999965,1.85485552073766,-13.72565057939,-2.76748172738879,-1.4175128,-0.25289822,1.1997393,350.46692,106.88932,-15.713953,WAL
1893522360000,106.004972,2.3687173923609,-12.689369963609,-2.48604403533835,-1.4541647,-0.5222898,1.0491611,350.31033,106.9409,-15.653459,WAL
1893527358000,106.00997,2.8053793995188,-11.513741155188,-2.22692591954887,-1.4828753,-0.9465357,0.75655663,350.0728,106.88699,-15.484896,WAL
1893532324000,106.014936,2.89919673848411,-10.3790807633252,-2.15063711687042,-1.5940529,-1.5296066,0.46670106,349.62985,106.723785,-15.230611,WAL
1893537348000,106.01996,2.80508638433252,-9.2497572996577,-2.17416466855746,-1.711339,-2.187203,0.18081611,349.02737,106.50188,-14.920696,WAL
1893542433000,106.025045,2.42717611656732,-8.21125426002056,-2.5939613035149,-1.8219056,-2.737287,-0.06872234,348.22403,106.20778,-14.547984,WAL
1893547351000,106.029963,1.88503247632066,-7.27218414696814,-3.2474380515519,-1.8796324,-3.0909781,-0.2874121,347.28256,105.86664,-14.121815,WAL
1893552431000,106.035043,1.39469278496017,-6.72816035054588,-4.27323664797875,-1.8723019,-3.112053,-0.42455134,346.27798,105.59557,-13.737108,WAL
1893557352000,106.039964,0.954335824575588,-6.41295740149503,-5.44134139266253,-1.7870862,-2.8096747,-0.48991394,345.27118,105.29217,-13.308095,WAL
1893562343000,106.044955,0.409069473755485,-6.46378304208217,-6.09710615386917,-1.6071864,-2.3435845,-0.5345071,344.37057,105.16256,-12.983488,WAL
1893567354000,106.049966,-0.198693903704627,-6.74134437086159,-6.4320938524631,-1.457219,-1.8188512,-0.56688297,343.57736,105.02199,-12.62678,WAL
1893572354000,106.054966,-0.968983400656782,-7.44718471619067,-5.64870056433476,-1.3356569,-1.2938126,-0.56382865,342.99557,105.08016,-12.35346,WAL
1893577352000,106.059964,-1.84063962402229,-8.41886674067071,-4.17212459854712,-1.2748758,-0.86193085,-0.5155703,342.53464,105.14658,-12.065035,WAL
1893582353000,106.064965,-2.42414977937118,-9.02739920067022,-2.92954860951114,-1.2586879,-0.6001751,-0.4334089,342.20438,105.3403,-11.867385,WAL
1893587374000,106.069986,-2.82225267565543,-9.40180565917603,-1.83476548389513,-1.280679,-0.47342056,-0.32559118,341.95584,105.563225,-11.677013,WAL
1893592366000,106.074978,-3.00734629591511,-9.64349026830726,-0.877881213089569,-1.3448198,-0.44043383,-0.22388211,341.71176,105.755295,-11.6169,WAL
1893597340000,106.079952,-3.04056787830029,-9.79061451798346,-0.0188654365587327,-1.426065,-0.41599923,-0.09987647,341.5062,105.98301,-11.586647,WAL
1893602354000,106.084966,-2.87495106614982,-9.82540818499855,0.698555616034499,-1.4892895,-0.3903429,0.05955936,341.20596,106.14376,-11.656951,WAL
1893607355000,106.089967,-2.55934250691928,-9.77435378583196,1.30192504958814,-1.5760323,-0.38240165,0.226631,340.92316,106.34761,-11.759296,WAL
1893612349000,106.094961,-2.1400471026973,-9.62821134165834,1.73482180366633,-1.6120734,-0.38728857,0.37507126,340.60425,106.521385,-11.921829,WAL
1893617358000,106.09997,-1.61769397102897,-9.388599997003,2.00318675988012,-1.5916094,-0.410196,0.48349985,340.30203,106.72244,-12.113815,WAL
1893622359000,106.104971,-1.15197028607367,-9.17363450584007,2.02440623072776,-1.4999796,-0.50488013,0.52564955,340.0387,106.91189,-12.297574,WAL
1893627349000,106.109961,-0.741688670220625,-8.98280598632325,1.80495323402216,-1.4223998,-0.63529986,0.57879484,339.76852,107.11927,-12.513789,WAL
1893632354000,106.114966,-0.407974069632584,-8.81836055513214,1.40279411893299,-1.2052372,-0.763887,0.6056729,339.46927,107.2433,-12.677664,WAL
1893637373000,106.119985,-0.151063871262397,-8.68039021736118,0.817609787750173,-0.9636399,-0.86834496,0.6114761,339.14307,107.349884,-12.8530445,WAL
1893642368000,106.12498,0.0170818396970171,-8.60049057237164,0.240852212477262,-0.7272351,-0.9486737,0.6096435,338.77484,107.407555,-12.984747,WAL
1893647350000,106.129962,0.0917406611687042,-8.58182573471883,-0.328421286992665,-0.5326745,-1.0323622,0.5897904,338.37766,107.421974,-13.115132,WAL
1893652308000,106.13492,0.0624937505486584,-8.59987466334601,-0.892554979054866,-0.42332962,-1.1294898,0.5510005,337.93326,107.42775,-13.209166,WAL
1893657357000,106.139969,-0.106946119671606,-8.66765071455747,-1.46380939403284,-0.4129449,-1.2647965,0.5039638,337.45752,107.408195,-13.297365,WAL
1893662314000,106.144926,-0.315078143529069,-8.69731988449966,-1.95123422371154,-0.49021935,-1.4043792,0.4382958,336.92743,107.41411,-13.367473,WAL
1893667347000,106.149959,-0.581738705761429,-8.67860672838008,-2.34888597017374,-0.6258314,-1.5170839,0.36163223,336.372,107.41436,-13.421596,WAL
1893672251000,106.154863,-0.859147019124559,-8.63018275117509,-2.67064341298472,-0.7858781,-1.5800029,0.30451632,335.74368,107.48497,-13.504189,WAL
1893677352000,106.159964,-1.17965590632589,-8.52494140873482,-2.88591050818645,-0.9615019,-1.5555683,0.2773328,335.1225,107.56845,-13.566389,WAL
1893682276000,106.164888,-1.49355083614506,-8.40006266775956,-2.97153326361649,-1.1200215,-1.4388931,0.269697,334.49716,107.74306,-13.67002,WAL
1893687379000,106.169991,-1.82857918773969,-8.22040918251366,-2.79673591789369,-1.2360858,-1.2791518,0.30604348,333.9114,107.93661,-13.763101,WAL
1893692327000,106.174939,-2.10767219685393,-8.08351312808989,-2.58349973752809,-1.3286319,-1.1230757,0.36285394,333.39447,108.22169,-13.903854,WAL
1893697350000,106.179962,-2.29234227450375,-8.02495943389513,-2.27271346455056,-1.3942999,-0.9755518,0.43096542,332.935,108.5228,-14.039191,WAL
1893702305000,106.184917,-2.45863659806995,-7.98575543607328,-1.96691582231802,-1.4361442,-0.8604037,0.5039638,332.5401,108.883545,-14.243504,WAL
1893707362000,106.189974,-2.55353216670912,-8.03320314607622,-1.65850545957676,-1.4587462,-0.7699956,0.5882632,332.1933,109.257515,-14.452424,WAL
1893712324000,106.194936,-2.63758559465262,-8.1042962397376,-1.35857766104165,-1.4712689,-0.74006325,0.6762278,331.83292,109.65768,-14.73309,WAL
1893717354000,106.199966,-2.66631308903687,-8.3293288706888,-1.07130204726568,-1.45783,-0.70554936,0.77091193,331.51654,110.061035,-15.019803,WAL
1893722329000,106.204941,-2.68315949096259,-8.56541184159601,-0.791912579854364,-1.4388931,-0.70829827,0.80848014,331.19562,110.45922,-15.336658,WAL
1893727355000,106.209967,-2.62074248685287,-8.89670119561097,-0.542245004600499,-1.423316,-0.7611381,0.8720101,330.88986,110.86559,-15.673949,WAL
1893732339000,106.214951,-2.5477273990321,-9.23424490785185,-0.310879709418272,-1.3726143,-0.8680395,0.91446525,330.5745,111.23938,-16.018356,WAL
1893737422000,106.220034,-2.39387811697778,-9.64290756533333,-0.190684867448889,-1.325883,-1.0024298,0.9242391,330.24774,111.604164,-16.364069,WAL
1893742331000,106.224943,-2.23654531536112,-10.0485847860873,-0.0908150016789832,-1.2651019,-1.1554517,0.9401216,329.909,111.9436,-16.713675,WAL
1893747352000,106.229964,-1.99491138480638,-10.5650180614839,-0.138194199577298,-1.1826351,-1.2950343,0.93828905,329.5405,112.25859,-17.059168,WAL
1893752372000,106.234984,-1.74708610689894,-11.0750094984658,-0.202961381087796,-1.0940597,-1.4202617,0.93431836,329.12927,112.527695,-17.379906,WAL
1893757355000,106.239967,-1.42589010448382,-11.5048454064634,-0.476922691481738,-0.9682214,-1.5066991,0.91996306,328.69278,112.76493,-17.694834,WAL
1893762471000,106.245083,-1.09179479394758,-11.9432172316941,-0.772300483626047,-0.84207773,-1.5534303,0.89736104,328.21616,112.944244,-17.954477,WAL
1893767352000,106.249964,-0.721308738016752,-12.3263335290462,-1.22277783409889,-0.6780604,-1.5146403,0.8671232,327.74243,113.08467,-18.199646,WAL
1893772328000,106.25494,-0.34361182871296,-12.7169065049987,-1.68202292648834,-0.49571714,-1.3762794,0.8231409,327.2605,113.15934,-18.360794,WAL
1893777349000,106.259961,0.145214278320626,-13.0603482359551,-2.08133369652889,-0.3210097,-1.1636983,0.79412484,326.81665,113.20124,-18.503614,WAL
1893782306000,106.264918,0.650035347291332,-13.3889583483146,-2.46233076536918,-0.16126843,-0.90102625,0.7315111,326.42828,113.19573,-18.606327,WAL
1893787443000,106.270055,1.21311221544796,-13.279138979363,-2.60552710861197,-0.044898596,-0.6301075,0.65087694,326.0799,113.13192,-18.598185,WAL
1893792310000,106.274922,1.75417852250223,-13.0895341028872,-2.69339256283361,0.017715093,-0.3830125,0.5552765,325.80194,113.034325,-18.55178,WAL
1893797339000,106.279951,2.09083308806628,-12.6587046569294,-2.50735954873096,0.01282817,-0.19303341,0.42638394,325.55893,112.86756,-18.376665,WAL
1893802280000,106.284892,2.37181939608275,-12.1828410687674,-2.26262956142132,-0.07452556,-0.089491755,0.25595254,325.35837,112.678055,-18.157879,WAL
1893807356000,106.289968,2.41938698305119,-11.9221069551295,-1.96357355929023,-0.20250183,-0.079107046,0.051618114,325.1587,112.42879,-17.827734,WAL
1893812251000,106.294863,2.37636175008158,-11.754786410565,-1.65761574249439,-0.3286455,-0.103847094,-0.13988814,324.97263,112.16714,-17.457458,WAL
1893817351000,106.299963,2.07434998609389,-11.7997712683791,-1.31452486253322,-0.3662137,-0.17959438,-0.22602014,324.7648,111.878265,-17.054491,WAL
1893822263000,106.304875,1.70398262398386,-11.9108812788111,-0.976564711681921,-0.42424592,-0.26816985,-0.35185838,324.5345,111.573715,-16.597885,WAL
1893827352000,106.309964,1.04650825058256,-11.9000242425988,-0.535994813645937,-0.4578435,-0.37782016,-0.41996986,324.27432,111.26758,-16.166561,WAL
1893832313000,106.314925,0.305483574127558,-11.8433852557123,-0.0734443819511226,-0.4596761,-0.49846604,-0.4364632,323.98553,110.96017,-15.728725,WAL
1893837471000,106.320083,-0.428273098889454,-11.7499810727842,0.208694185795343,-0.4370741,-0.5766568,-0.39828414,323.68262,110.66699,-15.35575,WAL
1893842331000,106.324943,-1.10670678339738,-11.6498100162395,0.404483759733907,-0.37598756,-0.5653558,-0.33750305,323.37698,110.3763,-14.992857,WAL
1893847348000,106.32996,-1.45815659993859,-11.7403055331627,0.519387376405322,-0.25992316,-0.50671273,-0.26175576,323.07574,110.13408,-14.777694,WAL
1893852366000,106.334978,-1.64506996071648,-11.9222997131013,0.593168987271238,-0.07971791,-0.4361578,-0.19883664,322.7896,109.88217,-14.577414,WAL
1893857349000,106.339961,-1.54981706468794,-12.3749510615979,0.673152778280138,0.11178834,-0.3622431,-0.16310102,322.5374,109.68879,-14.509502,WAL
1893862340000,106.344952,-1.3506189391543,-12.928819144135,0.755747162114251,0.321926,-0.28527406,-0.16401732,322.31262,109.467155,-14.444568,WAL
1893867346000,106.349958,-1.09949643863931,-13.5375209316665,0.931557484998506,0.5390886,-0.22174409,-0.20372356,322.10135,109.22209,-14.403527,WAL
1893872361000,106.354973,-0.831586186671979,-14.1642400715211,1.13727424368961,0.7339546,-0.20463985,-0.27122417,321.9018,108.94287,-14.352671,WAL
1893877346000,106.359958,-0.580496061789883,-14.5940480038911,1.13848488521401,0.9294315,-0.2125811,-0.3381139,321.703,108.56894,-14.239552,WAL
1893882320000,106.364932,-0.334906877838521,-14.9601145659533,1.07361226437743,1.1184943,-0.19730948,-0.4098906,321.51724,108.15677,-14.10561,WAL
1893887333000,106.369945,-0.0513070675563834,-15.144097259263,0.752577754199557,1.3203852,-0.13988814,-0.49296826,321.32663,107.62751,-13.888211,WAL
1893892330000,106.374942,0.247427201872735,-15.2452814780507,0.318931196407571,1.5317446,-0.03481932,-0.5656612,321.15857,107.06776,-13.654465,WAL
1893897316000,106.379928,0.61045364532776,-14.8493056045981,-0.278975691806954,1.7342464,0.0842994,-0.64965516,321.0055,106.43491,-13.346196,WAL
1893902300000,106.384912,1.00042601035151,-14.2462084600038,-0.945556396720502,1.9428569,0.21410827,-0.7538077,320.89026,105.76713,-13.013389,WAL
1893907322000,106.389934,1.08730585611578,-13.6647029055919,-1.06732167302625,2.1184807,0.3491095,-0.8698721,320.81973,105.06791,-12.608096,WAL
1893912316000,106.394928,0.968223203361344,-13.1040221372549,-0.819232767787115,2.287385,0.40958515,-0.98624194,320.76917,104.336716,-12.181497,WAL
1893917295000,106.399907,0.638515679523546,-12.6602464542936,-0.532215767645429,2.4801128,0.49877146,-1.0424415,320.77728,103.607994,-11.701302,WAL
1893922316000,106.404928,0.200859023352394,-12.2701612487139,-0.2230018340463,2.58396,0.54702985,-1.1294898,320.7911,102.85365,-11.190818,WAL
1893927304000,106.409916,-0.292153718564559,-12.1368774650242,-0.0138293750173147,2.8212812,0.56016344,-1.1979067,320.8229,102.08417,-10.711724,WAL
1893932350000,106.414962,-0.822877655882458,-12.141658858316,0.143953418345701,3.0595186,0.5503896,-1.2730432,320.86554,101.30807,-10.21618,WAL
1893937297000,106.419909,-1.31642456893912,-12.3316927600865,0.023571156898415,3.2901201,0.54641896,-1.348485,320.91827,100.583244,-9.7940445,WAL
1893942342000,106.424954,-1.80375162337896,-12.6362719135447,-0.263603673414986,3.481321,0.5534439,-1.4153748,320.97873,99.87347,-9.363616,WAL
1893947270000,106.429882,-2.31437363355692,-12.9756454170052,-0.632404894463864,3.6071594,0.6227771,-1.4636332,321.06387,99.290855,-9.024549,WAL
1893952329000,106.434941,-2.89109361150685,-13.3875885315069,-1.14504495452055,3.6291504,0.73548174,-1.5155567,321.17358,98.770546,-8.676409,WAL
1893957263000,106.439875,-3.45969096708886,-13.7989549052589,-1.65528147871112,3.5164459,0.83108217,-1.5183055,321.30338,98.46705,-8.45524,WAL
1893962291000,106.444903,-4.05494553966967,-14.2429564981254,-2.20174468369642,3.338073,0.80878556,-1.488984,321.44104,81.75371,-8.238614,WAL
1893967273000,106.449885,-4.65380356948985,-14.5996615570084,-2.71468088410104,3.157257,0.74372846,-1.4611896,321.59085,81.75648,-8.185313,WAL
1893972328000,106.45494,-5.28201663635463,-14.7722996966815,-3.17025506017831,2.987131,0.6963864,-1.421178,321.74576,81.709915,-8.146051,WAL
1893977330000,106.459942,-5.86941292254391,-14.9084071221644,-3.45681295939624,2.7947085,0.7021896,-1.3848315,321.86716,81.47966,-8.31128,WAL
1893982299000,106.464911,-6.37346948433225,-14.9630134890988,-3.36020207269838,2.6300802,0.679893,-1.3628404,321.97366,81.25689,-8.468537,WAL
1893987348000,106.46996,-6.88520824752657,-15.0020835676072,-3.25051690619274,2.4990497,0.6017023,-1.350623,322.0622,80.93797,-8.75502,WAL
1893992364000,106.474976,-7.38247921344815,-14.6192284990839,-2.84565916929278,2.3942864,0.43371433,-1.3371841,322.12396,80.64575,-9.019992,WAL
1893997247000,106.479859,-7.86656496436424,-14.2465248907109,-2.4515362966288,2.3451116,0.2125811,-1.3292428,322.17154,80.29848,-9.336604,WAL
1894002339000,106.484951,-8.05420388943727,-14.2209126611624,-2.61436491282288,2.303573,0.0720821,-1.4401149,322.20026,80.01075,-9.595444,WAL
1894007304000,106.489916,-8.17702374483395,-14.2647773369004,-2.88193673247232,2.1991148,0.20738874,-1.6771306,322.25262,79.785255,-9.797552,WAL
1894012317000,106.494929,-7.83699014081448,-13.8761832887883,-2.90003319627954,1.9150625,0.3811799,-1.8286251,322.30035,79.51831,-10.024358,WAL
1894017322000,106.499934,-7.27790491728507,-13.2833597855204,-2.79881946425339,1.738828,0.6609562,-1.8533652,322.42392,79.29639,-10.207044,WAL
1894022320000,106.504932,-6.60775393160499,-12.593001196319,-2.34812947288739,1.4648548,0.6252206,-1.8185458,322.5311,79.19094,-10.293598,WAL
1894027315000,106.509927,-5.88827108695824,-11.8593184355828,-1.74224921907778,1.3677273,0.46486846,-1.7415768,322.6786,79.08892,-10.378517,WAL
1894032299000,106.514911,-4.99998218593857,-11.274385959727,-1.72234141624573,1.3845261,0.38545597,-1.6545285,322.8301,79.061066,-10.392367,WAL
1894037332000,106.519944,-4.01765022730375,-10.7573690102389,-1.99495029078498,1.5170839,0.5039638,-1.5522085,322.98724,79.0091,-10.430058,WAL
1894042318000,106.52493,-3.19029022873845,-10.4681685231001,-2.08893404367339,1.6936239,0.7968737,-1.4547756,323.14545,78.950386,-10.452678,WAL
1894047312000,106.529924,-2.45075049447483,-10.3148490503489,-2.07540579396568,1.8680259,1.1096367,-1.402852,323.3426,78.86423,-10.493649,WAL
1894052326000,106.534938,-1.81475958157266,-10.232635947855,-1.85239731687961,1.9990565,1.3026701,-1.3927728,323.5537,78.89518,-10.4105835,WAL
1894057325000,106.539937,-1.28762840274229,-10.2226898747273,-1.41975191146775,2.0943515,1.4214834,-1.402852,323.83044,78.898544,-10.3457,WAL
1894062313000,106.544925,-0.849464573018629,-10.1970960249683,-1.27278127930362,2.16399,1.5503759,-1.3921618,324.13513,78.98358,-10.181865,WAL
1894067308000,106.54992,-0.476218481425924,-10.1597716389349,-1.33809934460158,2.2208006,1.6914859,-1.357648,324.47247,79.04534,-10.033014,WAL
1894072323000,106.554935,-0.120555391102041,-9.9782897627551,-1.20593497596939,2.2956316,1.7397442,-1.2953397,324.82288,79.13528,-9.802293,WAL
1894077321000,106.559933,0.216452445697959,-9.6657031127551,-0.893347968969388,2.381458,1.7055358,-1.2055426,325.1831,79.181656,-9.602233,WAL
1894082307000,106.564919,0.397691801452801,-9.42760343186664,-0.816320192091491,2.3790147,1.6786577,-1.1438452,325.55008,79.27463,-9.335393,WAL
1894087337000,106.569949,0.458384513674162,-9.24552503682884,-0.923699625896492,2.289523,1.7281377,-1.1267409,325.92322,79.33626,-9.094741,WAL
1894092318000,106.57493,0.569020818693123,-9.02108764959189,-1.20297237017544,2.1774292,1.8176296,-1.1047498,326.3204,79.39668,-8.798976,WAL
1894097308000,106.57992,0.730422225907684,-8.75208549929637,-1.65579298421053,2.0610592,2.0152445,-1.0259482,326.75623,79.43115,-8.541137,WAL
1894102316000,106.584928,0.821886223534464,-8.54316574511488,-2.03634235310286,1.9795089,2.1163425,-0.9779953,327.18164,79.474464,-8.281002,WAL
1894107320000,106.589932,0.79101507867726,-8.4402619289242,-2.28845691767232,1.9465221,2.154827,-0.945314,327.63672,79.49792,-8.05453,WAL
1894112317000,106.594929,0.714141055776033,-8.26156079010688,-2.70529174366783,1.9065105,2.243097,-0.9285152,328.094,79.5727,-7.83235,WAL
1894117310000,106.599922,0.592031977654403,-8.00829748828147,-3.28417902084555,1.8994855,2.3823745,-0.87995136,328.56497,79.62152,-7.6417603,WAL
1894122272000,106.604884,0.424973378395534,-7.74575858749095,-3.66928426566732,1.8918496,2.4196372,-0.84971356,329.03284,79.69163,-7.4317794,WAL
1894127317000,106.609929,0.18022672297736,-7.4610532726972,-3.74920148845239,1.8545868,2.431549,-0.8359691,329.52133,79.75109,-7.2446704,WAL
1894132306000,106.614918,-0.0679312032488114,-7.19557782663431,-3.79027067488114,1.7989981,2.4556782,-0.82924956,330.015,79.84786,-7.0568633,WAL
1894137348000,106.61996,-0.326197641163233,-6.94687683180467,-3.7854879663233,1.7400496,2.437047,-0.8359691,330.48837,79.94334,-6.8764877,WAL
1894142332000,106.624944,-0.567668368600879,-6.62255044912555,-3.70903497371764,1.6618589,2.4492643,-0.8454375,331.01617,80.03126,-6.6991587,WAL
1894147309000,106.629921,-0.791201427243771,-6.19876889202736,-3.54138520283342,1.5757269,2.4685066,-0.8503244,331.5304,80.12562,-6.528802,WAL
1894152293000,106.634905,-0.978792992126697,-5.84901072778281,-3.39192293819005,1.50731,2.4599543,-0.86193085,332.09155,80.204796,-6.3543453,WAL
1894157323000,106.639935,-1.10957493938663,-5.61650961184515,-3.27082860907994,1.4248432,2.466063,-0.8604037,332.65335,80.297226,-6.190888,WAL
1894162299000,106.644911,-1.26354193225683,-5.37657628402446,-3.03575813166444,1.3548992,2.4911084,-0.8622363,333.26343,80.345795,-6.0506744,WAL
1894167310000,106.649922,-1.45612300275177,-5.11980150740493,-2.62308437497611,1.3112222,2.4556782,-0.86559606,333.85068,80.401146,-5.915573,WAL
1894172276000,106.654888,-1.62314537575603,-4.82402213174829,-2.17702350066185,1.2238685,2.3829854,-0.8949176,334.4586,80.445854,-5.791396,WAL
1894177317000,106.659929,-1.73620554586091,-4.42585365749924,-1.63630092566948,1.0977248,2.3328943,-0.9083566,335.0559,80.50246,-5.677203,WAL
1894182308000,106.66492,-1.84968263098139,-4.08657845460481,-1.14208054984894,0.9431759,2.2589796,-0.89736104,335.6633,80.48576,-5.6058497,WAL
1894187379000,106.669991,-1.96800436639704,-3.84993503319365,-0.72085510060423,0.77671516,2.1453588,-0.89766645,336.2408,80.50103,-5.531171,WAL
1894192390000,106.675002,-2.11388303441156,-3.66272416191132,-0.337867027949071,0.6478226,2.0525072,-0.88300574,336.8331,80.42524,-5.5093246,WAL
1894197311000,106.679923,-2.32239118940124,-3.58395439081703,-0.0366886533516862,0.49571714,1.9776763,-0.84879726,337.393,80.386765,-5.496329,WAL
1894202296000,106.684908,-2.52455976849937,-3.51147969334235,0.229891475459465,0.33628133,1.9294178,-0.7984009,337.93887,80.2679,-5.554473,WAL
1894207318000,106.68993,-2.70115651324766,-3.46035962516185,0.383251781906464,0.19853121,1.9120082,-0.75777835,338.46732,80.17246,-5.624542,WAL
1894212307000,106.694919,-2.85360317208858,-3.41272567603422,0.509782998031203,0.061086524,1.8686367,-0.7290677,338.9922,79.98549,-5.7597013,WAL
1894217309000,106.699921,-2.90423056139909,-3.37897403281329,0.521837153447408,-0.00061086525,1.8600847,-0.68661255,339.51678,79.80193,-5.9170275,WAL
1894222318000,106.70493,-2.95492880071465,-3.3451751561852,0.533908177933568,-0.13622294,1.8649716,-0.6542367,340.03745,79.570755,-6.130226,WAL
1894227317000,106.709929,-3.00552582573729,-3.31144375585304,0.545955103748364,-0.26053402,1.8414533,-0.602924,340.54364,79.34101,-6.3633575,WAL
1894232305000,106.714917,-3.0230830539448,-3.2587795941827,0.548007656175077,-0.38759398,1.7916678,-0.5525276,341.04083,79.13652,-6.6075106,WAL
1894237349000,106.719961,-2.91534858558684,-3.13308945140786,0.512096190158907,-0.48747048,1.7333301,-0.5213735,341.52597,78.94637,-6.8613815,WAL
1894242297000,106.724909,-2.80794004860611,-3.00905304860611,0.47993191379282,-0.6032294,1.649947,-0.48380527,342.04846,78.77192,-7.10276,WAL
1894247309000,106.729921,-2.66968572230223,-2.87079872230223,0.499682519314885,-0.7076874,1.5549575,-0.46181414,342.54822,78.61067,-7.347979,WAL
1894252329000,106.734941,-2.53301720643828,-2.74022814500886,0.532669549297106,-0.80481493,1.4337007,-0.43096542,343.00424,78.47766,-7.5840974,WAL
1894257320000,106.739932,-2.41067579799173,-2.66964661990549,0.664421842497539,-0.91415983,1.3035865,-0.40653083,343.4282,78.361595,-7.821147,WAL
1894262304000,106.744916,-2.29017809258745,-2.59986646418656,0.802885781479734,-1.0372492,1.1566733,-0.38056904,343.84998,78.29027,-8.001154,WAL
1894267312000,106.749924,-2.18809641277994,-2.53772972504164,1.02036419701185,-1.1456778,1.0088439,-0.36102137,344.2312,78.22944,-8.182423,WAL
1894272297000,106.754909,-2.08648355857857,-2.47587835830094,1.23684380991671,-1.2754866,0.84879726,-0.3323107,344.58145,78.198654,-8.333296,WAL
1894277275000,106.759887,-2.05192316070358,-2.4401983331601,1.53887014173496,-1.4214834,0.6786713,-0.30818152,344.88358,78.184074,-8.482902,WAL
1894282311000,106.764923,-2.02300325376774,-2.40645849206476,1.85216933485908,-1.5592335,0.4886922,-0.28160888,345.13104,78.18088,-8.634023,WAL
1894287284000,106.769896,-2.03453174132379,-2.44986368962433,2.14895660518784,-1.7119498,0.28496864,-0.25167647,345.35217,78.22518,-8.75354,WAL
1894292575000,106.775187,-2.05451230169326,-2.53473800747773,2.45866631658021,-1.8698585,0.09101892,-0.21105394,345.5183,78.280464,-8.876111,WAL
1894297291000,106.779903,-2.12081980636195,-2.99446972289322,2.67527071489674,-2.021353,-0.0870483,-0.16371189,345.65424,78.37463,-8.997525,WAL
1894302615000,106.785227,-2.1954795197209,-3.52234463184417,2.92432750168621,-2.1881194,-0.24801129,-0.112704635,345.75406,78.46673,-9.12952,WAL
1894307284000,106.789896,-2.25614403263882,-4.20265426489001,3.25364936947379,-2.3243423,-0.31856623,-0.0106901415,345.8233,78.54398,-9.285225,WAL
1894312350000,106.794962,-2.32196678321543,-4.94080988729528,3.61097311807346,-2.3796256,-0.41905355,0.05467244,345.84808,78.59938,-9.432997,WAL
1894317288000,106.7999,-2.16243392502639,-6.59217899836868,4.30227734410325,-2.422997,-0.4529566,0.2012801,345.86374,78.61765,-9.629946,WAL
1894322266000,106.804878,-1.981731784608,-8.33972904241435,5.02966071213895,-2.4065037,-0.40958515,0.33017266,345.8697,78.609505,-9.836248,WAL
1894327318000,106.80993,-1.798343433183,-10.1132571305057,5.76785693056329,-2.2999077,-0.26542094,0.47219884,345.89264,78.52124,-10.075782,WAL
1894332293000,106.814905,-1.61775019321082,-11.8597540106036,6.49480193979944,-2.0760255,-0.045814894,0.6414085,345.94275,78.36982,-10.355996,WAL
1894337439000,106.820051,-0.7035890679084,-13.7815213943119,8.27477244435416,-1.6242907,0.20097467,0.71868294,346.05524,78.17748,-10.6403475,WAL
1894342303000,106.824915,0.392621791694808,-15.6347564673385,10.2853115153546,-0.91874135,0.26542094,0.6973027,346.17273,77.90934,-10.938099,WAL
1894347309000,106.829921,1.80867649447674,-16.6661198256298,10.8297890169574,-0.01863139,0.24984388,0.4578435,346.27087,77.709854,-10.983345,WAL
1894352306000,106.834918,3.27401333430233,-17.537902885562,11.0987433420543,0.7861836,0.43157628,0.013439035,346.44342,77.49456,-10.965097,WAL
1894357320000,106.839932,4.35665245571503,-18.0975088869565,10.3797947624935,1.2366967,0.84329945,-0.28008172,346.55704,77.339355,-10.71806,WAL
1894362289000,106.844901,5.32385068385542,-18.5661504,9.39763976626506,1.3768903,1.3008375,-0.462425,346.75302,77.145096,-10.401865,WAL
1894367306000,106.849918,4.88027864895426,-18.1725678326818,8.23891792817631,1.2922854,1.5732834,-0.52320606,346.93146,77.12688,-9.803484,WAL
1894372260000,106.854872,4.23576658970876,-17.6578863534011,7.07045016466966,1.1191051,1.679574,-0.5503896,347.2204,77.045395,-9.218945,WAL
1894377316000,106.859928,3.18919369349646,-16.093820818416,6.08540401770766,0.9306532,1.6933185,-0.54519725,347.55176,77.129166,-8.517271,WAL
1894382313000,106.864925,2.07105865772238,-14.3241735579064,5.15655948809677,0.74464476,1.6151277,-0.5510005,347.90347,77.17779,-7.855,WAL
1894387369000,106.869981,0.877817711838565,-12.1122185858424,4.55682989798206,0.5635232,1.4902058,-0.5687156,348.30453,77.24637,-7.3093534,WAL
1894392360000,106.874972,-0.331672878684604,-9.71365088255392,4.13835618310912,0.36010507,1.2892311,-0.550695,348.6577,77.317535,-6.796062,WAL
1894397312000,106.879924,-1.21102914651214,-8.2106265727557,4.019991316961,0.14569137,1.0509937,-0.4718934,349.0335,77.36497,-6.4788046,WAL
1894402329000,106.884941,-2.01534522809051,-6.92460468516372,3.98021756355776,-0.08155051,0.8228355,-0.3399465,349.3423,77.44119,-6.185262,WAL
1894407321000,106.889933,-2.83395861308575,-6.26666795056253,3.75443049069361,-0.30543262,0.7318166,-0.15607607,349.64697,77.435394,-6.1182523,WAL
1894412308000,106.89492,-3.66342521481158,-6.00582943870016,3.41012370732933,-0.41355577,0.61819565,-0.057421334,349.87418,77.44864,-6.0539813,WAL
1894417305000,106.899917,-4.15103546405462,-6.27406494657168,3.13440444562185,-0.61666846,0.5748242,0.12736541,350.10196,77.39442,-6.209315,WAL
1894422336000,106.904948,-4.54193619967349,-6.69833549332146,2.8769817598694,-0.7984009,0.47678033,0.2947425,350.27664,77.34694,-6.378638,WAL
1894427317000,106.909929,-4.93478342900906,-7.56638959505516,2.88334980117218,-0.9663888,0.28710666,0.42821655,350.43542,77.29201,-6.6898484,WAL
1894432354000,106.914966,-5.33391889127266,-8.58798617513791,2.97363053418046,-1.1007792,-0.057726767,0.52931476,350.51556,77.24134,-7.0237937,WAL
1894437372000,106.919984,-5.82117185724864,-10.1372403620421,3.10753564485581,-1.1301007,-0.5375614,0.5873469,350.5317,77.2045,-7.4025764,WAL
1894442367000,106.924979,-6.33849584122175,-11.8709749815861,3.25667401308457,-1.061073,-1.087951,0.59864795,350.43045,77.14989,-7.7704253,WAL
1894447331000,106.929943,-6.69426558626054,-13.6260132920514,2.74214703957246,-0.86376345,-1.4877623,0.6081163,350.26782,77.056076,-8.15776,WAL
1894452352000,106.934964,-6.97899282003212,-15.4164170329185,1.90726847298274,-0.6209445,-1.5833627,0.65576386,350.04028,76.915955,-8.537182,WAL
1894457355000,106.939967,-7.2619975048,-16.5866975993,1.17295193161,-0.36285394,-1.3539828,0.7593055,349.83963,76.73637,-8.936914,WAL
1894462350000,106.944962,-7.5442309888,-17.4764504558,0.48411141166,-0.02565634,-0.979217,0.82344633,349.66293,76.485756,-9.32536,WAL
1894467344000,106.949956,-6.99982215215027,-17.7878560260999,0.836131463430549,0.46181414,-0.66523224,0.8368854,349.5905,76.2791,-9.691572,WAL
1894472344000,106.954956,-6.07669956193772,-17.8351956207612,1.66457496318339,1.0125091,-0.52412236,0.7684685,349.58246,75.99248,-10.047376,WAL
1894477349000,106.959961,-4.58570362389814,-16.5222466047013,1.72001140119491,1.2452488,-0.6056729,0.5647449,349.62534,75.75473,-10.367788,WAL
1894482379000,106.964991,-2.79756079333986,-14.5076370150833,1.38031145966699,1.0192287,-0.72173727,0.28496864,349.7083,75.53165,-10.641062,WAL
1894487737000,106.970349,-1.31348711890597,-12.003960199441,0.131637601217808,0.4266894,-0.6563747,0.06261369,349.786,75.413895,-10.7544775,WAL
1894492370000,106.974982,-0.223962318531643,-9.67432612078259,-1.35649379170493,-0.30573806,-0.6087272,-0.19853121,349.84045,75.43599,-10.770819,WAL
1894497282000,106.979894,0.560862879327731,-7.55385003885319,-2.10921523621354,-1.0005972,-0.82924956,-0.4025602,349.77896,75.71691,-10.5685625,WAL
1894502334000,106.984946,1.13006322857143,-5.5975228487395,-2.35315821092437,-1.5851953,-1.2021828,-0.44990227,349.686,76.1279,-10.339299,WAL
1894507366000,106.989978,1.02325016193292,-4.05822497316657,-2.50596194195566,-1.9969184,-1.3918564,-0.43493605,349.505,76.75704,-10.011066,WAL
1894512357000,106.994969,0.461668516748152,-2.80825299926094,-2.59653965412166,-2.1600194,-1.781894,-0.41599923,349.1567,77.444885,-9.649977,WAL
1894517337000,106.999949,-0.0105914108959169,-2.18694775787722,-2.94363737205522,-2.4040601,-2.1383338,-0.3912592,348.74036,78.21681,-9.26826,WAL
1894522361000,107.004973,-0.392185860385783,-2.23405814973074,-3.57020602643689,-2.572659,-2.4459045,-0.36835176,348.22195,78.98267,-8.88259,WAL
1894527313000,107.009925,-0.761993975341869,-2.43766908798692,-4.11334421302097,-2.653904,-2.6899452,-0.33505958,347.6311,79.63844,-8.620248,WAL
1894532315000,107.014927,-1.12736827873967,-2.8465404163988,-4.56571250286026,-2.6367998,-2.8725939,-0.26145032,346.96768,80.25971,-8.373636,WAL
1894537403000,107.020015,-1.53534757723175,-3.38652991524846,-5.00626845745383,-2.5778513,-3.030808,-0.14966199,346.2757,80.82589,-8.192556,WAL
1894542360000,107.024972,-2.04159291897537,-4.28420179738347,-5.37681892150396,-2.4810293,-3.1401527,0.02107485,345.5446,81.293816,-8.052419,WAL
1894547279000,107.029891,-2.44588467483052,-5.08982516860353,-5.63989974061592,-2.3802364,-3.1309898,0.1826487,344.81122,81.63062,-8.000918,WAL
1894552345000,107.034957,-2.71839421484602,-5.7945913303312,-5.75736088204532,-2.293799,-2.9959886,0.30848694,344.08618,81.842026,-7.9927316,WAL
1894557251000,107.039863,-2.91117555407217,-6.38326369562217,-5.69941628937093,-2.2247713,-2.7204883,0.42424592,343.41528,81.86907,-8.0925,WAL
1894562339000,107.044951,-2.96882898542694,-6.80605582656281,-5.29584186854664,-2.1615467,-2.3597724,0.55863625,342.8151,98.23689,-8.236843,WAL
1894567275000,107.049887,-2.98493037434282,-7.21921891330225,-4.86511934029362,-2.094657,-2.046704,0.72265357,342.2924,98.49825,-8.456075,WAL
1894572359000,107.054971,-2.91248443340442,-7.65147944459875,-4.33384930847138,-1.9837849,-1.8084666,0.9138544,341.86142,98.871735,-8.720772,WAL
1894577270000,107.059882,-2.84250370642793,-8.06903087441722,-3.82065750550541,-1.8545868,-1.6539177,1.1087204,341.5002,99.33303,-9.0351715,WAL
1894582347000,107.064959,-2.77015751403135,-8.50069623975796,-3.29011896271203,-1.715615,-1.5372424,1.3176364,341.20828,99.87249,-9.402916,WAL
1894587374000,107.069986,-2.628605072949,-8.96367309728381,-2.86408627034368,-1.6044376,-1.4422529,1.5164729,340.95905,100.4822,-9.826281,WAL
1894592368000,107.07498,-2.32372395668884,-9.50715700480414,-2.67408787014043,-1.4978416,-1.3387111,1.7140878,340.76022,101.141266,-10.300573,WAL
1894597305000,107.079917,-2.02063070533495,-10.0813864070931,-2.50447086044256,-1.4101825,-1.2431108,1.9022343,340.5899,101.72353,-10.759583,WAL
1894602356000,107.084968,-1.69805002188542,-10.9416020222795,-2.46537024113368,-1.3701707,-1.1982121,2.0760255,340.44763,102.33583,-11.259631,WAL
1894607340000,107.089952,-1.39162157165602,-11.798070846676,-2.42473799231384,-1.3481796,-1.1093313,2.1386392,340.33438,102.863815,-11.693288,WAL
1894612333000,107.094945,-1.15296611479337,-12.7001880245558,-2.37223374146536,-1.3316863,-1.0677924,2.1777346,340.23123,103.412834,-12.158557,WAL
1894617323000,107.099935,-0.882298357502711,-13.5184373121365,-2.36438731807158,-1.323745,-1.0656544,2.0983222,340.13193,103.84549,-12.510093,WAL
1894622366000,107.104978,-0.41091043326432,-13.8326958122843,-2.63103105817805,-1.3515394,-1.0106765,1.951409,340.06348,104.261795,-12.842047,WAL
1894627302000,107.109914,0.0464112987753576,-14.0665096131626,-2.87023360961952,-1.3414601,-0.838718,1.7669277,340.01126,104.5458,-13.049735,WAL
1894632349000,107.114961,0.480185048625783,-13.6914765124801,-2.93349223674862,-1.2852604,-0.5830709,1.5406022,339.99448,104.77458,-13.196662,WAL
1894637643000,107.120255,0.936455770150588,-13.2834020323765,-3.00500364910118,-1.2431108,-0.32406402,1.3020593,339.98907,104.90746,-13.214253,WAL
1894642394000,107.125006,1.37753241708235,-12.5511291727059,-3.19770702616471,-1.2134838,-0.09743301,1.1200215,340.03857,104.99576,-13.180976,WAL
1894647285000,107.129897,1.83160648152,-11.7972780768,-3.39608888624,-1.1652255,0.13622294,0.981355,340.13394,105.0021,-13.043455,WAL
1894652363000,107.134975,1.85328345862817,-11.0643066122992,-3.03675753384252,-1.0778717,0.23182335,0.81031275,340.23575,104.95513,-12.8513975,WAL
1894657258000,107.13987,1.79322431232877,-10.3666960273973,-2.5886239260274,-1.0635164,0.08674286,0.59864795,340.31616,104.87901,-12.6197195,WAL
1894662347000,107.144959,1.56559177332421,-9.70034846922024,-2.06045448358413,-1.153619,-0.35216382,0.37843102,340.2904,104.785225,-12.333445,WAL
1894667279000,107.149891,1.30713588917334,-9.06805488860661,-1.5343121548759,-1.3151928,-0.9257663,0.16829337,340.16168,104.66691,-12.011432,WAL
1894672358000,107.15497,0.975837039863528,-8.47725912420886,-1.65112967967761,-1.4828753,-1.5125023,-0.009162978,339.86957,104.570755,-11.717739,WAL
1894677251000,107.159863,0.637552816989715,-7.92580950791139,-1.95697571259889,-1.6511687,-1.999362,-0.15607607,339.42847,104.4727,-11.398146,WAL
1894682354000,107.164966,0.29751301929239,-7.6038914440206,-2.49174604482167,-1.7767016,-2.3118196,-0.25595254,338.85782,104.42572,-11.142908,WAL
1894687321000,107.169933,-0.0291030408544726,-7.37707490005722,-3.08600576894908,-1.8322903,-2.4645357,-0.32528573,338.19287,104.379166,-10.869288,WAL
1894692316000,107.174928,-0.352374202619023,-7.35761355232971,-3.59169236849051,-1.7849482,-2.493552,-0.36041048,337.49335,104.42902,-10.6648855,WAL
1894697333000,107.179945,-0.674279763282916,-7.45028315978073,-4.05016407120089,-1.6792686,-2.3942864,-0.39064834,336.7905,104.47047,-10.440865,WAL
1894702340000,107.184952,-0.947825207957245,-7.62236471235154,-4.23360841674584,-1.5790867,-2.3057108,-0.3943135,336.08264,104.64341,-10.3028145,WAL
1894707349000,107.189961,-1.19945041929929,-7.83126123020586,-4.29058004111243,-1.536937,-2.0983222,-0.37507126,335.4416,104.810326,-10.149131,WAL
1894712352000,107.194964,-1.41375766003588,-8.08542692186566,-3.94998704630257,-1.4639386,-1.8585575,-0.31581733,334.84204,105.05444,-10.062038,WAL
1894717387000,107.199999,-1.61078663372533,-8.36415105371736,-3.40695617441698,-1.4172074,-1.6575829,-0.23762658,334.29535,105.30547,-9.974649,WAL
1894722337000,107.204949,-1.74189466675651,-8.6793061572327,-2.86621010350404,-1.4214834,-1.4782939,-0.14660765,333.82132,105.60685,-9.939033,WAL
1894727357000,107.209969,-1.84268200408306,-9.02006277498253,-2.3142793703504,-1.4480561,-1.2938126,-0.05375614,333.41226,105.916794,-9.911347,WAL
1894732328000,107.21494,-1.91041195358531,-9.29699755771473,-1.77731004948504,-1.4828753,-1.106277,0.03634648,333.05185,106.20514,-9.926588,WAL
1894737371000,107.219983,-1.96203013573649,-9.54570389234357,-1.23766548917606,-1.5393804,-0.9550878,0.105068825,332.7402,106.51085,-9.948371,WAL
1894742360000,107.224972,-1.94083052851235,-9.63790652734416,-0.683263019399773,-1.6123788,-0.8750645,0.1863139,332.45685,106.79434,-10.007482,WAL
1894747349000,107.229961,-1.87167910995555,-9.62802755432648,-0.115233544603329,-1.6471981,-0.84879726,0.2565634,332.20795,107.08334,-10.071441,WAL
1894752350000,107.234962,-1.74117596416592,-9.49548316036519,0.344483746199663,-1.642922,-0.838718,0.30604348,331.9843,107.33272,-10.152817,WAL
1894757382000,107.239994,-1.57858024440806,-9.29941143266845,0.750972973687209,-1.5836681,-0.86834496,0.36041048,331.76596,107.5816,-10.25115,WAL
1894762350000,107.244962,-1.43615255584014,-9.08365322304166,0.955562814102053,-1.4553864,-0.9560041,0.42088616,331.52148,107.829895,-10.4085045,WAL
1894767352000,107.249964,-1.30247816865657,-8.854497415587,1.05581863689257,-1.276403,-1.0299188,0.46609017,331.27905,108.05096,-10.572548,WAL
1894772343000,107.254955,-1.16723771757939,-8.67900867830105,0.859895767995281,-1.0592403,-1.0668762,0.50243664,331.01627,108.23206,-10.761301,WAL
1894777353000,107.259965,-1.03043560628257,-8.53277194543309,0.496662571515092,-0.84574294,-1.0613784,0.5299256,330.74976,108.37309,-10.957206,WAL
1894782356000,107.264968,-0.894720771892628,-8.3990234106205,0.057034247628866,-0.6630942,-1.0268645,0.56077427,330.48117,108.46809,-11.150218,WAL
1894787439000,107.270051,-0.757423711573624,-8.27119500739156,-0.440075816082474,-0.52656585,-0.9669997,0.57818395,330.2247,108.52435,-11.339608,WAL
1894792397000,107.275009,-0.642821013883612,-8.22494072292771,-0.948733986341366,-0.45753807,-0.8875872,0.5897904,329.96902,108.600204,-11.521379,WAL
1894797350000,107.279962,-0.543219729877012,-8.23916926907309,-1.47519787010299,-0.44684792,-0.81061816,0.56779927,329.73203,108.65371,-11.689475,WAL
1894802344000,107.284956,-0.480070666738093,-8.31988376059219,-1.9651743656667,-0.51343226,-0.7846564,0.5384777,329.49872,108.74943,-11.832338,WAL
1894807359000,107.289971,-0.447325579102951,-8.45554227038083,-2.42360559255868,-0.58459806,-0.7535023,0.5296202,329.2933,108.8411,-11.964214,WAL
1894812353000,107.294965,-0.483428289174845,-8.55436431013419,-2.56214200755057,-0.73884153,-0.74189585,0.5131268,329.07675,109.00367,-12.068872,WAL
1894817359000,107.299971,-0.589047419777689,-8.61677588574004,-2.37970884984979,-0.9193522,-0.75777835,0.48655418,328.86456,109.17924,-12.162857,WAL
1894822364000,107.304976,-0.73558079134962,-8.68398573688426,-2.08894423015619,-1.0916162,-0.8038987,0.4700608,328.6478,109.40803,-12.2324,WAL
1894827355000,107.309967,-0.922216358079696,-8.75576858950741,-1.69174552912495,-1.2360858,-0.8668178,0.4569272,328.4222,109.65869,-12.292853,WAL
1894832370000,107.314982,-1.10624718553335,-8.79630388323768,-1.35252822573719,-1.3356569,-0.93767816,0.44806966,328.16794,109.95531,-12.399112,WAL
1894837406000,107.320018,-1.28759431294281,-8.80584816465466,-1.07096292929943,-1.4147639,-1.0161743,0.45937067,327.89804,110.27047,-12.506047,WAL
1894842421000,107.325033,-1.48108656351008,-8.84312488642144,-0.845474080977304,-1.4587462,-1.0928379,0.46731192,327.6227,110.5682,-12.643193,WAL
1894847355000,107.329967,-1.6844799255136,-8.90784079818039,-0.679061386852866,-1.4773777,-1.1566733,0.4896085,327.33545,110.87294,-12.786295,WAL
1894852314000,107.334926,-1.88904292781231,-9.01685585381993,-0.536792811618207,-1.4813483,-1.1957687,0.5137377,327.0334,111.193954,-12.987584,WAL
1894857356000,107.339968,-2.09721509679166,-9.18629819350311,-0.425444897405254,-1.4364496,-1.2064588,0.5354234,326.72754,111.50223,-13.190479,WAL
1894862320000,107.344932,-2.27407720923783,-9.39561622769437,-0.330009234910586,-1.393689,-1.1942415,0.5525276,326.42682,111.81867,-13.438459,WAL
1894867360000,107.349972,-2.41716602400306,-9.66333146533423,-0.251541143794587,-1.3338243,-1.183246,0.5714644,326.1288,112.116325,-13.686478,WAL
1894872260000,107.354872,-2.52823665834585,-9.96439597757084,-0.202705718753379,-1.2684617,-1.2095132,0.61483586,325.84073,112.401184,-13.967765,WAL
1894877352000,107.359964,-2.58683101156503,-10.3599072754581,-0.207588578122559,-1.1972959,-1.2437216,0.64660084,325.5578,112.664665,-14.242786,WAL
1894882296000,107.364908,-2.61113761566503,-10.7208152630542,-0.225210643763547,-1.0995574,-1.2629639,0.66981375,325.26837,112.92075,-14.555739,WAL
1894887420000,107.370032,-2.57246045207882,-11.049570093399,-0.268722374549754,-0.999681,-1.3158038,0.6957755,324.96594,113.16034,-14.875265,WAL
1894892312000,107.374924,-2.48513277234522,-11.2963046889306,-0.395991088712946,-0.8897252,-1.3946054,0.71593404,324.6519,113.3606,-15.190085,WAL
1894897349000,107.379961,-2.28602512374296,-11.4049092131332,-0.712753408577861,-0.77366084,-1.434617,0.7318166,324.339,113.53737,-15.502694,WAL
1894902320000,107.384932,-2.0511797762151,-11.5121337662875,-1.06625415811789,-0.61361414,-1.4727961,0.7458665,323.99112,113.68681,-15.819726,WAL
1894907358000,107.38997,-1.64295225129266,-11.6209947300931,-1.60602165118925,-0.5216789,-1.4251486,0.75808376,323.6606,113.82595,-16.127134,WAL
1894912389000,107.395001,-1.22106447543768,-11.7250887067081,-2.13766475275243,-0.344528,-1.3087788,0.7495316,323.32697,113.92626,-16.391605,WAL
1894917346000,107.399958,-0.621294981742705,-11.7679292548882,-2.56607142745413,-0.14385876,-1.1047498,0.7452556,323.03778,114.0042,-16.640415,WAL
1894922386000,107.404998,-0.00530916555948174,-11.7964152791519,-2.97523966489988,0.0421497,-0.829555,0.72021013,322.793,114.04355,-16.780218,WAL
1894927356000,107.409968,0.676779839623086,-11.6422442985866,-3.05933291372203,0.16432275,-0.5311473,0.6994407,322.61786,114.05472,-16.895763,WAL
1894932584000,107.415196,1.37572793090192,-11.4697104199113,-3.12388930916708,0.22296582,-0.2846632,0.636827,322.46054,114.02132,-16.895872,WAL
1894937434000,107.420046,1.81067258442583,-11.1904302572696,-2.9087061154756,0.21044308,-0.110872045,0.54550266,322.36633,113.968605,-16.862904,WAL
1894942711000,107.425323,2.25090111155402,-10.9132556733103,-2.6647193150962,0.11484267,0.0015271631,0.42363504,322.28394,113.84889,-16.692822,WAL
1894947343000,107.429955,2.2552779973557,-10.9789089603355,-2.33645265145535,-0.032986723,0.038179077,0.26267207,322.22028,113.71936,-16.481989,WAL
1894952702000,107.435314,2.24357812858268,-11.0662490594488,-1.95455462905512,-0.20097467,0.00580322,0.077579886,322.12622,113.54875,-16.1899,WAL
1894957353000,107.439965,1.90600790769685,-11.3643630528543,-1.58191220596457,-0.33383787,-0.048563786,-0.094989546,322.02628,113.377045,-15.860125,WAL
1894962257000,107.444869,1.55007491194882,-11.6786935245079,-1.18899918879921,-0.43249258,-0.1301143,-0.22571471,321.8913,113.17476,-15.503683,WAL
1894967301000,107.449913,0.92242444090954,-11.8132049425242,-0.898374649721509,-0.49571714,-0.22296582,-0.29810223,321.7315,112.977905,-15.127083,WAL
1894972255000,107.454867,0.285221621425044,-11.9303377373099,-0.621941077902429,-0.5137377,-0.30390546,-0.3286455,321.54825,112.78356,-14.738151,WAL
1894977318000,107.45993,-0.338007213288441,-11.8196271264412,-0.449964254560605,-0.4981606,-0.376293,-0.31795537,321.34497,112.57598,-14.405408,WAL
1894982330000,107.464942,-0.95188788498692,-11.684759601589,-0.291843477767658,-0.44837508,-0.41538838,-0.27977628,321.13263,112.37085,-14.081601,WAL
1894987376000,107.469988,-1.25544547604639,-11.7184812985376,-0.247408089183056,-0.3735441,-0.40225476,-0.2180789,320.93066,112.19844,-13.880885,WAL
1894992251000,107.474863,-1.49558999193142,-11.7796943847706,-0.223864494251135,-0.26725355,-0.35063666,-0.16340645,320.73505,112.01725,-13.692008,WAL
1894997321000,107.479933,-1.46792899295911,-12.2757717396329,-0.11970403574342,-0.12003502,-0.31398472,-0.13836098,320.5624,111.86999,-13.621456,WAL
1895002277000,107.484889,-1.39417912130718,-12.8335053575799,-0.00446985755715257,0.05681047,-0.24098633,-0.13500121,320.41992,111.70081,-13.553213,WAL
1895007366000,107.489978,-1.21334437236496,-13.4805008431115,0.279564113886506,0.1459968,-0.14202617,-0.15851954,320.3002,111.54132,-13.520048,WAL
1895012249000,107.494861,-1.01467265666599,-14.1190886771192,0.591762609085576,0.34147367,-0.07819075,-0.21899518,320.1908,111.31695,-13.474748,WAL
1895017343000,107.499955,-0.834413491321429,-14.6679743392857,0.904415415714286,0.5519168,-0.06169739,-0.2968805,320.07758,111.01818,-13.388112,WAL
1895022306000,107.504918,-0.664664578383929,-15.1772209747024,1.20619122154762,0.74189585,-0.099265605,-0.38026363,319.9648,110.675964,-13.284031,WAL
1895027351000,107.509963,-0.492512547562568,-15.4494527366703,1.12845838139282,0.91415983,-0.12797627,-0.46761733,319.83606,110.201065,-13.108952,WAL
1895032375000,107.514987,-0.321170227776239,-15.6636304935206,0.961875557374617,1.0925325,-0.12034045,-0.5403103,319.70682,109.68302,-12.918156,WAL
1895037386000,107.519998,-0.0817242983527084,-15.582234240465,0.673878882303735,1.2815952,-0.06291912,-0.62858033,319.56683,109.05056,-12.662673,WAL
1895042325000,107.524937,0.17097832340836,-15.4301445581994,0.360340434057878,1.4709635,0.004581489,-0.7086037,319.4345,108.38471,-12.392809,WAL
1895047339000,107.529951,0.427518300227554,-15.2757453545387,0.0420408229008163,1.6643023,0.07269296,-0.7837401,319.31772,107.67303,-12.070218,WAL
1895052354000,107.534966,0.684109441780856,-15.1213153572595,-0.276322270428395,1.8619173,0.14080444,-0.8793405,319.22177,106.92073,-11.72229,WAL
1895057361000,107.539973,0.839208394951475,-14.6684914578963,-0.446559347544358,2.069917,0.21044308,-0.97005403,319.15,106.13335,-11.358035,WAL
1895062347000,107.544959,0.960912055572983,-14.1208252294873,-0.568262998390354,2.2996023,0.26145032,-1.0564915,319.0959,105.30567,-10.973578,WAL
1895067350000,107.549962,0.805006797907473,-13.4664332752415,-0.585976919650229,2.562885,0.29749137,-1.1355985,319.06595,104.454025,-10.502635,WAL
1895072379000,107.554991,0.535673101209964,-12.7661658622267,-0.561492035343162,2.8570168,0.3213151,-1.2104294,319.05084,103.556404,-10.017662,WAL
1895077348000,107.55996,0.138662800206815,-12.2664173140634,-0.523801532014969,3.1364875,0.32070425,-1.2913691,319.04523,102.63032,-9.511826,WAL
1895082398000,107.56501,-0.309053379722277,-11.8234640788852,-0.48093507899153,3.3701437,0.33353242,-1.3545936,319.05603,101.67165,-8.9991665,WAL
1895087385000,107.569997,-0.783092814568096,-11.7233708614351,-0.46242592689069,3.536299,0.34513888,-1.398576,319.07886,100.74149,-8.535256,WAL
1895092340000,107.574952,-1.26615937871121,-11.7515107364104,-0.453046006110891,3.6276233,0.3576616,-1.4492778,319.11206,99.80563,-8.061172,WAL
1895097347000,107.579959,-1.7580150409263,-11.9531385653947,-0.610792728904748,3.6300666,0.36010507,-1.4935656,319.163,98.97018,-7.6723576,WAL
1895102331000,107.584943,-2.2492729529566,-12.2312093738227,-0.842518154177105,3.604105,0.42058071,-1.5045611,319.24307,98.179306,-7.286962,WAL
1895107316000,107.589928,-2.7380821816473,-12.5225072709449,-1.34344064831228,3.457192,0.59315014,-1.5015068,319.37445,97.55156,-6.9927483,WAL
1895112309000,107.594921,-3.22615860390096,-12.8221180514401,-2.00548497293583,3.234226,0.74097955,-1.4764613,319.52472,97.01359,-6.7119584,WAL
1895117304000,107.599916,-4.00987797083141,-13.2308937987145,-2.56028357846111,3.0115657,0.81031275,-1.427592,319.72577,96.696236,-6.55808,WAL
1895122327000,107.604939,-4.96190978825488,-13.7024609636549,-3.05854329893647,2.8591547,0.80909103,-1.3900238,319.95313,96.45674,-6.4151053,WAL
1895127315000,107.609927,-5.74558278249248,-14.1032380183135,-3.3997733765138,2.7650816,0.77213365,-1.3530666,320.2116,96.454956,-6.4451447,WAL
1895132348000,107.61496,-6.36274432377697,-14.4351776292659,-3.57926651639545,2.6755898,0.6927212,-1.3191634,320.45618,96.48297,-6.4829283,WAL
1895137351000,107.619963,-6.97622717516707,-14.7651386611743,-3.75768975876141,2.6032023,0.58459806,-1.3090842,320.70654,83.182236,-6.8175178,WAL
1895142424000,107.625036,-7.59829363631077,-15.0997163775187,-3.93860942866398,2.5195136,0.571159,-1.3677273,320.95786,82.88487,-7.1139684,WAL
1895147315000,107.629927,-7.797623010897,-14.8623697351071,-3.62780736908931,2.3860397,0.7678576,-1.5509869,321.2528,82.64121,-7.3572173,WAL
1895152305000,107.634917,-7.69945692716424,-14.1985786825785,-2.94531824035997,2.1410828,0.9737192,-1.7635679,321.5419,82.448265,-7.550497,WAL
1895157317000,107.639929,-7.22268703648513,-13.4351349076568,-2.51465856588625,1.8988746,0.9896017,-1.8808541,321.86404,82.19669,-7.802558,WAL
1895162311000,107.644923,-6.39610210559687,-12.5845215203979,-2.32242956003818,1.7278323,0.90133166,-1.8600847,322.20224,81.99353,-8.006335,WAL
1895167298000,107.64991,-5.43783186659142,-11.7849199706546,-2.39897934537246,1.642922,0.86620694,-1.7486018,322.56378,81.83093,-8.168838,WAL
1895172366000,107.654978,-4.34222800552557,-11.0179973723624,-2.72289711590931,1.6346754,0.9379836,-1.5705346,322.9195,81.65852,-8.341271,WAL
1895177313000,107.659925,-3.32990263001686,-10.4654151104553,-2.76401516053963,1.7217237,1.1551461,-1.3878858,323.29068,81.57848,-8.421041,WAL
1895182328000,107.66494,-2.36277428178752,-10.1081017082631,-2.52104201720067,1.8829921,1.4486669,-1.2541064,323.6969,81.46638,-8.532511,WAL
1895187364000,107.669976,-1.56211948460608,-9.92608759613885,-2.01487955181942,2.0683897,1.6850718,-1.1588113,324.10077,81.452644,-8.546037,WAL
1895192353000,107.674965,-0.951841781628315,-9.93540451472309,-1.23223327548654,2.2293527,1.8154916,-1.1078042,324.5501,81.412766,-8.5849905,WAL
1895197280000,107.679892,-0.402937845291737,-9.96823106071675,-0.6752740912558,2.3225098,1.8417587,-1.1007792,325.02402,81.53301,-8.46062,WAL
1895202333000,107.684945,0.0843702520426498,-10.0351165875703,-0.407732382933162,2.3209825,1.7763962,-1.1123856,325.49875,81.63348,-8.352975,WAL
1895207251000,107.689863,0.448206759215071,-10.1580018002124,-0.204849386437344,2.2901337,1.68385,-1.0906999,325.97293,81.866684,-8.088127,WAL
1895212313000,107.694925,0.645179986624804,-10.3773585615015,-0.0884561218570505,2.2406538,1.743104,-1.0882565,326.46786,82.07866,-7.826916,WAL
1895217281000,107.699893,0.832940504782563,-10.5563797763062,-0.0403046834748149,2.2058344,1.8640553,-1.1026118,326.9451,82.3479,-7.4741006,WAL
1895222294000,107.704906,1.00316577317239,-10.6114524615184,-0.220543201101262,2.2266037,1.7959439,-1.1181889,327.3823,82.57534,-7.1324835,WAL
1895227252000,107.709864,1.12906359065448,-10.616529886086,-0.563483179276989,2.1994202,1.7095064,-1.1383474,327.84637,82.81244,-6.7478895,WAL
1895232323000,107.714935,1.15800233570364,-10.5055984245705,-1.30142042762936,2.1209242,1.7690657,-1.144456,328.3304,83.00724,-6.3762913,WAL
1895237334000,107.719946,1.12956672232677,-10.3167292895227,-1.95231225987455,2.0231857,1.9410243,-1.1346822,328.80862,83.20225,-5.9880476,WAL
1895242330000,107.724942,0.97012782651181,-9.94626827531118,-2.42125000151916,1.9590448,2.0977113,-1.1246029,329.29633,83.3622,-5.6114974,WAL
1895247288000,107.7299,0.754942225601997,-9.56449181382146,-2.9185382860415,1.954158,2.2036965,-1.0693196,329.80365,83.56297,-5.2553964,WAL
1895252307000,107.734919,0.369134530334769,-9.13633908183242,-3.51606978931089,1.9523253,2.2504275,-1.0042624,330.32788,83.74088,-4.920257,WAL
1895257323000,107.739935,-0.0216763495283492,-8.70089041113899,-3.98186421318615,1.9303342,2.346028,-0.9486737,330.88416,83.92578,-4.6494,WAL
1895262289000,107.744901,-0.427342759894631,-8.24272620461616,-3.97231912762669,1.9391917,2.3964243,-0.86315256,331.42337,84.06505,-4.4173884,WAL
1895267351000,107.749963,-0.828288580840655,-7.79601987596845,-3.90876851090256,1.9349157,2.3793201,-0.8145888,332.00052,84.19755,-4.1643877,WAL
1895272317000,107.754929,-1.17965871404752,-7.42565687514976,-3.66660798622204,1.881465,2.3173172,-0.79045963,332.56726,84.3097,-3.9386644,WAL
1895277333000,107.759945,-1.507815,-7.05278637777778,-3.44339403333333,1.7837266,2.2269092,-0.79320854,333.1582,84.35139,-3.7516952,WAL
1895282384000,107.764996,-1.74401335013453,-6.68161750589935,-3.29396250110613,1.6737708,2.1587977,-0.78954333,333.73004,84.39019,-3.580899,WAL
1895287317000,107.769929,-1.94208752889813,-6.34081514137214,-3.14419248045738,1.5656476,2.0943515,-0.79076505,334.31256,84.35815,-3.4578626,WAL
1895292293000,107.774905,-2.02228965351945,-6.07662013335313,-2.97907056349866,1.4972308,2.0772474,-0.7696902,334.88342,84.33027,-3.3493574,WAL
1895297303000,107.779915,-2.09588366054334,-5.78774894178525,-2.7773855549806,1.4462235,2.0189097,-0.77549344,335.45032,84.264656,-3.2676253,WAL
1895302339000,107.784951,-2.13907789710419,-5.39900021136431,-2.42223269268584,1.4052955,2.0137172,-0.7855727,336.02307,84.20571,-3.198622,WAL
1895307314000,107.789926,-2.16015245720774,-4.99483482350908,-2.08738841821682,1.3472633,2.007914,-0.7849618,336.59677,84.11897,-3.144245,WAL
1895312329000,107.794941,-2.08427929024487,-4.49691756763428,-1.82183243287915,1.2651019,1.9593502,-0.8020661,337.154,84.04901,-3.087961,WAL
1895317314000,107.799926,-2.01181365994663,-4.0285873714794,-1.55782815653721,1.1291844,1.9486601,-0.80939645,337.731949370881,83.9486230317555,-3.05798031196325,WAL
1895322343000,107.804955,-1.95469924879929,-3.70017935828639,-1.29129408875383,0.9957104,1.9483547,-0.8078693,338.315,83.84735,-3.027735,WAL
1895327321000,107.809933,-1.90922619571543,-3.40802160158886,-1.02459441789699,0.8491027,1.9370537,-0.8176431,338.8969,83.75089,-2.9901793,WAL
1895332312000,107.814924,-1.93482530781041,-3.32695765752031,-0.738737443416942,0.7128797,1.88849,-0.8381071,339.46527,83.683846,-2.9563468,WAL
1895337337000,107.819949,-1.96059880776578,-3.24534148462019,-0.450933136311702,0.58459806,1.858252,-0.8371908,340.04892,83.603935,-2.9242847,WAL
1895342325000,107.824937,-2.08676337936772,-3.21795789881309,-0.240853238489185,0.44501534,1.8325957,-0.84665924,340.61752,83.56227,-2.8895483,WAL
1895347265000,107.829877,-2.22463040712875,-3.20691217011256,-0.0499529561552133,0.2874121,1.8347337,-0.82863873,341.18112,83.55135,-2.8696468,WAL
1895352312000,107.834924,-2.38211723830964,-3.3119033742891,0.0454936175592417,0.13927728,1.8374827,-0.8054258,341.75363,83.50564,-2.8643813,WAL
1895357360000,107.839972,-2.53412755757576,-3.41031829236364,0.137325609915152,0.013744468,1.851838,-0.7834347,342.3546,83.43396,-2.885705,WAL
1895362314000,107.844926,-2.6137530032634,-3.42358919227972,0.18156197068345,-0.11148291,1.8738291,-0.74372846,342.95255,83.39085,-2.9276648,WAL
1895367316000,107.849928,-2.69414995104895,-3.4369886758042,0.226226943748252,-0.2302962,1.8640553,-0.7189884,343.5802,83.32792,-2.98343,WAL
1895372355000,107.854967,-2.66310199131493,-3.34887441883,0.215759284438802,-0.3567453,1.8393153,-0.6774496,344.20288,83.28684,-3.0645556,WAL
1895377545000,107.860157,-2.61355170655284,-3.24889999799723,0.204064205109368,-0.4700608,1.7928895,-0.6249151,344.81042,83.26201,-3.163018,WAL
1895382307000,107.864919,-2.47886292058145,-3.15630153455468,0.241945403089986,-0.5830709,1.7287487,-0.58093286,345.4345,83.22723,-3.2683568,WAL
1895387353000,107.869965,-2.3361414560683,-3.05818060920166,0.282085790534379,-0.69027776,1.6520851,-0.5308419,346.0667,83.21258,-3.3560438,WAL
1895392386000,107.874998,-2.14561719418462,-2.92074621615385,0.394785452861538,-0.81489426,1.5974126,-0.48747048,346.67987,83.21766,-3.4619308,WAL
1895397246000,107.879858,-1.95467048587692,-2.78230973923077,0.514127214092308,-0.9263771,1.4761559,-0.45814893,347.24585,83.232155,-3.5812337,WAL
1895402324000,107.884936,-1.8479035995283,-2.6439665509434,0.732941944292453,-0.98532563,1.3197744,-0.40591997,347.79935,83.25293,-3.6685524,WAL
1895407295000,107.889907,-1.75358919169811,-2.50923181660377,0.95749997554717,-1.1163563,1.1230757,-0.36071593,348.30078,83.30534,-3.764633,WAL
1895412314000,107.894926,-1.71758233037486,-2.38547489965542,1.25472466178344,-1.246776,0.90224797,-0.3042109,348.75137,83.39641,-3.8304942,WAL
1895417282000,107.899894,-1.69771074536911,-2.2662452858724,1.56770233312102,-1.3665055,0.67073005,-0.24495697,349.13803,83.497345,-3.9086652,WAL
1895422369000,107.904981,-1.69095819721329,-2.24227639442658,1.92742221693462,-1.4984524,0.42241332,-0.19028452,349.4482,83.635765,-3.9895399,WAL
1895427263000,107.909875,-1.68639141759719,-2.23314283519439,2.2790645811751,-1.6508633,0.17379116,-0.13439035,349.68945,83.78158,-4.0828567,WAL
1895432329000,107.914941,-1.73603168552903,-2.58887746369977,2.54448687711956,-1.8038851,-0.062002823,-0.079107046,349.86127,83.92133,-4.198533,WAL
1895437345000,107.919957,-1.79738196315945,-3.02304865544749,2.78516873930641,-1.9672915,-0.28313604,-0.025350908,349.96432,84.06503,-4.3243523,WAL
1895442386000,107.924998,-1.90039612039312,-3.52506489164619,3.1294511017199,-2.1077905,-0.47616947,0.04795292,350.01093,84.16579,-4.4793835,WAL
1895447245000,107.929857,-2.00996562525594,-4.02527347268632,3.48674290268223,-2.2266037,-0.6261369,0.15699236,350.0039,84.24607,-4.656046,WAL
1895452302000,107.934914,-2.09310176379166,-5.00857465781264,3.87817455378331,-2.2745566,-0.68630713,0.29443705,349.98187,84.26018,-4.8624134,WAL
1895457327000,107.939939,-2.16905563483428,-6.0853319937146,4.27134737687309,-2.2421808,-0.6435465,0.41080686,349.94388,84.2298,-5.090848,WAL
1895462313000,107.944925,-2.11037732533644,-7.9045048826216,4.71970758176327,-2.1294763,-0.49021935,0.5516113,349.93634,84.08968,-5.378899,WAL
1895467308000,107.94992,-1.98872131357423,-10.0791060531737,5.1961936366536,-1.8765781,-0.15974127,0.6404922,349.9884,83.894615,-5.682836,WAL
1895472364000,107.954976,-1.47930210321492,-12.3254587263346,6.14192223679301,-1.4474452,0.23182335,0.7049385,350.12115,83.622025,-5.9986634,WAL
1895477316000,107.959928,-0.881674371125223,-14.5371512542171,7.18659410287755,-0.7675522,0.5207626,0.6227771,350.31384,83.322044,-6.2909937,WAL
1895482301000,107.964913,0.369117674198826,-15.8735594211337,8.54883150255028,0.12522738,0.66767573,0.3475823,350.5869,83.069756,-6.4392605,WAL
1895487408000,107.97002,1.84235791416611,-16.9796670101049,10.0361927867385,0.9083566,0.754724,-0.016798794,350.91925,82.80071,-6.5327315,WAL
1895492325000,107.974937,3.24986909555063,-17.6811378526273,10.3740228020938,1.3182472,0.8723156,-0.3726278,351.24347,82.61638,-6.381118,WAL
1895497333000,107.979945,4.67893592413932,-18.2460048628951,10.2678077298168,1.3912456,1.1863003,-0.4905248,351.64755,82.342224,-6.2078533,WAL
1895502314000,107.984926,4.43643268378007,-17.5370275244968,8.69909240704958,1.3326025,1.4419475,-0.6206391,351.9593,82.1345,-5.6985617,WAL
1895507320000,107.989932,3.5232615595189,-16.3131900366225,6.53384105863525,1.1374311,1.5570955,-0.6771441,352.33423,81.826805,-5.2147784,WAL
1895512314000,107.994926,2.31253095435647,-14.3370508881076,5.20701615768878,0.9257663,1.5683966,-0.6918049,352.71106,81.63079,-4.5113034,WAL
1895517303000,107.999915,0.958971836380312,-11.9999705392846,4.28192174490981,0.7443393,1.5070046,-0.68844515,353.11774,81.36658,-3.8481581,WAL
1895522320000,108.004932,-0.125877038316151,-9.92167361745895,3.86602689757541,0.57696223,1.41904,-0.6609562,353.62534,81.23475,-3.3120203,WAL
1895527313000,108.009925,-1.09353673848797,-7.96353192712868,3.66062747922871,0.4196644,1.3054191,-0.63713247,354.10278,81.10191,-2.8015673,WAL
1895532301000,108.014913,-1.87198740931886,-6.61535452659237,3.57325208091075,0.25228736,1.2006557,-0.5867361,354.61084,80.977745,-2.5180137,WAL
1895537328000,108.01994,-2.53800106366606,-5.6394596214718,3.55937671092324,0.070554934,1.0873401,-0.49541172,355.07364,80.88437,-2.2592173,WAL
1895542317000,108.024929,-2.92516118494405,-5.23757435783316,3.52430669241099,-0.1282817,1.001819,-0.36254853,355.49948,80.75451,-2.222158,WAL
1895547313000,108.029925,-3.07604800854527,-5.32518605366226,3.47076624268566,-0.3539964,0.9282097,-0.19120082,355.88818,80.67327,-2.2208338,WAL
1895552301000,108.034913,-3.33422611791671,-5.70148147829904,3.38683166777529,-0.5748242,0.8491027,-0.02321288,356.24716,80.57921,-2.3798544,WAL
1895557342000,108.039954,-3.67794969959036,-6.30417474573296,3.27853522512435,-0.75533485,0.6960809,0.1441642,356.5552,80.519936,-2.5817733,WAL
1895562313000,108.044925,-3.97552542190813,-7.32006445583039,3.32504703427562,-0.8897252,0.49327368,0.30665436,356.82718,80.49289,-2.843544,WAL
1895567304000,108.049916,-4.23610923547703,-8.7291479639576,3.5132465335689,-1.0170907,0.1432479,0.43890667,357.00668,80.49128,-3.1298125,WAL
1895572287000,108.054899,-4.57916432251905,-10.4333889744731,3.62859403571782,-1.0858129,-0.3145956,0.5174029,357.12216,80.50332,-3.4678752,WAL
1895577321000,108.059933,-4.99891798989809,-12.4176785132087,3.68106318810725,-1.0341948,-0.8567385,0.5714644,357.10968,80.489586,-3.813859,WAL
1895582322000,108.064934,-5.3277617160297,-14.1590853277228,3.05618187109901,-0.9049969,-1.353372,0.6236934,357.0109,80.45725,-4.163883,WAL
1895587385000,108.069997,-5.5773995480198,-15.7049194851485,1.78398847673267,-0.74281216,-1.6270396,0.65026605,356.8223,80.386086,-4.5002184,WAL
1895592330000,108.074942,-5.80262405179777,-16.8350505531387,1.04021364044497,-0.54153204,-1.5916094,0.6844745,356.63306,80.29104,-4.84097,WAL
1895597310000,108.079922,-6.01105362211959,-17.5977142062972,0.784413576082638,-0.43310347,-1.3072516,0.77518797,356.43787,80.16034,-5.1902657,WAL
1895602312000,108.084924,-5.67655755159703,-17.9057704537296,0.998516386162308,-0.14385876,-0.9239337,0.8164214,356.47415,80.17262,-5.422813,WAL
1895607330000,108.089942,-4.75373350282737,-17.7202782896845,1.72193635858342,0.32895094,-0.6026186,0.79259765,356.57263,80.09416,-5.6671653,WAL
1895612298000,108.09491,-3.65336047013453,-16.6964361817638,1.92413372954659,0.86529064,-0.49510628,0.7086037,356.77875,79.97729,-5.8888993,WAL
1895617332000,108.099944,-2.26496114762332,-14.428877277728,1.37646061504733,1.2049317,-0.67347896,0.4859433,356.9941,79.81468,-6.066265,WAL
1895622303000,108.104915,-1.14381191989684,-12.0988027641849,0.504855752564477,1.183246,-0.9120218,0.21319197,357.12823,79.61906,-6.1143956,WAL
1895627321000,108.109933,-0.386134073664234,-9.61062612116788,-0.870189158540146,0.7846564,-0.93951076,-0.044898596,357.27536,79.47322,-6.1083345,WAL
1895632285000,108.114897,0.172556446972075,-7.42160124187808,-1.84278628286184,0.1695151,-0.82924956,-0.25045475,357.43738,79.54229,-5.8537154,WAL
1895637331000,108.119943,0.371005579178682,-5.72375877582588,-2.08092524887753,-0.51068336,-0.84940815,-0.4364632,357.54932,79.75077,-5.538803,WAL
1895642294000,108.124906,0.492468563380393,-4.17734652255899,-2.23472879849936,-1.149343,-1.0366384,-0.49632803,357.42383,80.13494,-5.2590775,WAL
1895647314000,108.129926,0.202942463603515,-3.30402189525126,-1.94045638858722,-1.6679676,-1.2953397,-0.4605924,357.27362,80.66463,-4.953938,WAL
1895652291000,108.134903,-0.108079490767933,-2.51792292386419,-1.69318997115102,-2.0210476,-1.5928311,-0.40286562,357.01956,81.29331,-4.6466155,WAL
1895657333000,108.139945,-0.591368508455696,-2.28101655622608,-1.75478563762143,-2.2693644,-1.8661933,-0.3222314,356.69513,82.00804,-4.350922,WAL
1895662284000,108.144896,-1.05333779256757,-2.07972001119691,-1.84579086467181,-2.410169,-2.096184,-0.26083946,356.31207,82.70216,-4.1099405,WAL
1895667299000,108.149911,-1.38712094425676,-2.20952466969112,-2.26301979218147,-2.4810293,-2.300213,-0.20311269,355.85675,83.41383,-3.8878005,WAL
1895672587000,108.155199,-1.73145765220234,-2.36870103842911,-2.69958682216965,-2.4645357,-2.4749205,-0.11728613,355.42786,84.07704,-3.7265232,WAL
1895677320000,108.159932,-1.94982599181005,-2.77424222310736,-3.05053588122849,-2.4007003,-2.6300802,-0.031154128,354.9475,84.70565,-3.5826285,WAL
1895682333000,108.164945,-2.18111280492085,-3.20377485754474,-3.42224676926187,-2.3313673,-2.7546968,0.074830994,354.5133,85.28581,-3.4792972,WAL
1895687370000,108.169982,-2.44472038949718,-3.85051780966302,-3.846672495801,-2.2635612,-2.7882943,0.20738874,354.0627,85.771805,-3.41179,WAL
1895692281000,108.174893,-2.71470134850643,-4.57046722510896,-4.28164206807696,-2.198504,-2.7794368,0.2770274,353.593,86.165955,-3.358934,WAL
1895697297000,108.179909,-2.85396282641719,-5.18984505594665,-4.62222681178214,-2.1697934,-2.6444356,0.42210788,353.1565,86.39128,-3.4140933,WAL
1895702311000,108.184923,-2.96070933521675,-5.78139813208596,-4.93801824768433,-2.1297817,-2.4236078,0.5839872,352.75418,86.46494,-3.4958644,WAL
1895707302000,108.189914,-3.00391978337248,-6.32679770875294,-4.95766659980594,-2.0570886,-2.1704042,0.7620544,352.3992,93.68182,-3.6783426,WAL
1895712311000,108.194923,-3.0137185660811,-6.85103572995608,-4.82048297681544,-1.9801197,-1.9743165,0.94714653,352.1005,93.99375,-3.9089634,WAL
1895717324000,108.199936,-2.95268981703349,-7.32704333959809,-4.54841137399043,-1.8768835,-1.8533652,1.1291844,351.84723,94.474846,-4.218823,WAL
1895722425000,108.205037,-2.85919458870813,-7.78984506150239,-4.21182816151196,-1.758681,-1.7324139,1.3353515,351.6623,95.05368,-4.5849013,WAL
1895727336000,108.209948,-2.69333125470191,-8.30287353066995,-3.92451291530424,-1.6584991,-1.591304,1.5338826,351.50812,95.69377,-5.0044746,WAL
1895732408000,108.21502,-2.47439698746159,-8.87508818488015,-3.65084515918869,-1.5717562,-1.4547756,1.7174476,351.40143,96.370605,-5.4714546,WAL
1895737296000,108.219908,-1.9625935746258,-9.73669764326443,-3.44603276425517,-1.4883732,-1.3054191,1.8942931,351.3247,97.041565,-5.9704833,WAL
1895742305000,108.224917,-1.28304382305773,-10.7795286900392,-3.26652906387206,-1.4504995,-1.1276573,2.0891593,351.31033,97.74329,-6.5157022,WAL
1895747250000,108.229862,-0.768828710184291,-11.6751230716468,-3.17531126921258,-1.4223998,-1.0158689,2.2198844,351.30096,98.39717,-7.045155,WAL
1895752301000,108.234913,-0.482798659195821,-12.3854309600867,-3.21344853434513,-1.3631458,-0.9221011,2.271808,351.34967,99.054,-7.594259,WAL
1895757253000,108.239865,-0.173760820532602,-12.9922310791071,-3.27832071055414,-1.2928963,-0.8060367,2.2250767,351.3769,99.56096,-8.002717,WAL
1895762317000,108.244929,0.191841793886822,-13.4575434668103,-3.39227479099276,-1.2705997,-0.634689,2.1071796,351.4527,100.05002,-8.393547,WAL
1895767268000,108.24988,0.59026383703523,-13.7005989195862,-3.42850893374646,-1.2916746,-0.41905355,1.9358319,351.54977,100.44696,-8.686199,WAL
1895772321000,108.254933,1.0814053773885,-13.5116984788719,-3.310446108988,-1.2993103,-0.20250183,1.7033978,351.6945,100.78891,-8.918802,WAL
1895777268000,108.25988,1.53987310924855,-13.2220271156069,-3.1489980132948,-1.2647965,0.008246681,1.4688255,351.8606,101.03757,-9.036874,WAL
1895782385000,108.264997,1.95500006106239,-12.6457327675902,-2.86085104327287,-1.2486086,0.19730948,1.2599095,352.07614,101.242065,-9.092165,WAL
1895787343000,108.269955,2.25832872124661,-12.0962509845528,-2.54705947594399,-1.2452488,0.28344148,1.0668762,352.28412,101.32897,-9.017306,WAL
1895792339000,108.274951,2.31883826943089,-11.564631904878,-2.14510347525745,-1.2550226,0.3744604,0.97433007,352.53952,101.39794,-8.912833,WAL
1895797360000,108.279972,2.36487129228379,-11.0191496406007,-1.72949388420508,-1.271516,0.3576616,0.766025,352.75714,101.32806,-8.668494,WAL
1895802341000,108.284953,2.23147345719316,-10.3422794612118,-1.17613996848265,-1.3298537,0.17104226,0.528093,352.93787,101.25398,-8.403333,WAL
1895807325000,108.289937,2.07646170136986,-9.67939661643836,-0.731248242465753,-1.3961325,-0.18600847,0.29443705,353.05878,101.086815,-8.074471,WAL
1895812356000,108.294968,1.78471693787969,-9.10069028499107,-0.965600552531269,-1.5121969,-0.6569856,0.11942416,353.07376,100.92119,-7.7197156,WAL
1895817314000,108.299926,1.4773539370356,-8.56689982275542,-1.23003230954915,-1.5989398,-1.1038336,-0.014660766,352.95828,100.73552,-7.3692584,WAL
1895822410000,108.305022,1.01462818353715,-8.28831980417957,-1.74941839461107,-1.6215417,-1.4437801,-0.13775012,352.7256,100.54423,-6.9948845,WAL
1895827339000,108.309951,0.57359492560838,-8.02889086484018,-2.25383449175396,-1.638646,-1.668273,-0.26206118,352.39542,100.44992,-6.672368,WAL
1895832378000,108.31499,0.227941560236369,-7.92519484079148,-2.80255916912884,-1.6471981,-1.7953329,-0.3454443,351.99078,100.35629,-6.3393106,WAL
1895837485000,108.320097,-0.122376307784045,-7.82009946575343,-3.3586887439162,-1.6438384,-1.8063285,-0.37965274,351.54288,100.47115,-6.126199,WAL
1895842390000,108.325002,-0.447080154327273,-7.86973225163636,-3.65621586036364,-1.611768,-1.7058412,-0.38912117,351.08948,100.57853,-5.8969755,WAL
1895847248000,108.32986,-0.766639806521212,-7.94492265816162,-3.90998384428283,-1.5732834,-1.5790867,-0.3717115,350.64148,100.689415,-5.665087,WAL
1895852352000,108.334964,-1.05382708988949,-8.06152903981418,-3.61385794705135,-1.5351044,-1.4792101,-0.33292156,350.22662,100.95874,-5.5289755,WAL
1895857258000,108.33987,-1.32033671868557,-8.18099875230318,-3.21868849944254,-1.5238034,-1.4801265,-0.27885997,349.8208,101.23287,-5.4013195,WAL
1895862352000,108.344964,-1.52706419217932,-8.33255736901353,-2.88494237340772,-1.5195273,-1.4810427,-0.20005837,349.4626,101.57935,-5.3468223,WAL
1895867271000,108.349883,-1.70848261466377,-8.48606543309963,-2.58257828736052,-1.4773777,-1.4581354,-0.105068825,349.11465,101.91987,-5.3106103,WAL
1895872415000,108.355027,-1.87700919347826,-8.61386976520742,-2.27907274556243,-1.4278975,-1.3784174,-0.023518313,348.77957,102.221306,-5.3266177,WAL
1895877252000,108.359864,-2.0294483,-8.72473464449541,-1.99729140045872,-1.402852,-1.246776,0.032986723,348.47162,102.51988,-5.355905,WAL
1895882401000,108.365013,-2.03772411215399,-8.77034914752521,-1.58884054833181,-1.4022411,-1.1010846,0.08979719,348.18848,102.77896,-5.4247055,WAL
1895887372000,108.369984,-1.99845220975252,-8.79216664326306,-1.16121284768103,-1.4468343,-1.0451905,0.15882497,347.92465,103.043945,-5.5071187,WAL
1895892391000,108.375003,-1.93172684975513,-8.80704655027613,-0.697281744303428,-1.4782939,-0.958753,0.19975294,347.6992,103.25621,-5.60349,WAL
1895897349000,108.379961,-1.84761820532458,-8.81694188548505,-0.217367668125456,-1.5244142,-0.9300423,0.25717425,347.48334,103.4871,-5.719786,WAL
1895902317000,108.384929,-1.78555942544817,-8.77073516484801,0.0662986768043648,-1.534188,-0.91782504,0.30848694,347.26273,103.62032,-5.8204045,WAL
1895907362000,108.389974,-1.73377990279618,-8.69541946872564,0.254587808975058,-1.4969252,-0.90224797,0.35460728,347.06207,103.75639,-5.9295855,WAL
1895912349000,108.394961,-1.69000718547245,-8.57610556417359,0.310460688039397,-1.3814718,-0.8781188,0.41996986,346.84503,103.84837,-6.0558033,WAL
1895917340000,108.399952,-1.65077634834308,-8.42899011695906,0.285941426354776,-1.201572,-0.82436264,0.4801401,346.65182,103.91784,-6.186098,WAL
1895922360000,108.404972,-1.62174218390167,-8.30660390681999,0.134701852232355,-0.9957104,-0.7324274,0.5421429,346.46933,103.98969,-6.345333,WAL
1895927355000,108.409967,-1.59803276875496,-8.19754030005948,-0.0786830375822759,-0.79473567,-0.62888575,0.59437186,346.31555,104.02292,-6.5096464,WAL
1895932367000,108.414979,-1.55732768725389,-8.11522693367876,-0.294707623792746,-0.62980205,-0.54183745,0.6261369,346.19196,104.02078,-6.671574,WAL
1895937379000,108.419991,-1.50758782490815,-8.04739991304757,-0.511754245626001,-0.50671273,-0.48258355,0.6545421,346.099,103.98879,-6.838465,WAL
1895942354000,108.424966,-1.46830062581776,-8.00236666482583,-0.741750958568394,-0.44104472,-0.45723262,0.66706485,345.98392,103.97144,-7.0207314,WAL
1895947359000,108.429971,-1.43775784719626,-7.97691430501274,-0.986093804129142,-0.45112398,-0.46914452,0.6554584,345.88327,103.948814,-7.1988306,WAL
1895952357000,108.434969,-1.39656594300885,-7.9527138373648,-1.21234275968535,-0.50335294,-0.52320606,0.64904433,345.77283,103.96764,-7.3840723,WAL
1895957363000,108.439975,-1.34942581433628,-7.92914379764012,-1.42918722359882,-0.6200282,-0.58001655,0.63621616,345.66406,104.005226,-7.560938,WAL
1895962349000,108.444961,-1.31652395207309,-7.972766902821,-1.68017045109929,-0.75777835,-0.61911196,0.61575216,345.53546,104.09266,-7.7375336,WAL
1895967334000,108.449946,-1.29256021981729,-8.05903602866178,-1.95335605796607,-0.9111055,-0.6133087,0.6078109,345.40997,104.21065,-7.909676,WAL
1895972438000,108.45505,-1.29530822739753,-8.19754309762963,-2.14012254283457,-1.0604621,-0.61361414,0.6075055,345.25934,104.39759,-8.084265,WAL
1895977355000,108.459967,-1.31391143587161,-8.36032056474074,-2.26569359299753,-1.1866057,-0.61941737,0.6105598,345.1138,104.60849,-8.251822,WAL
1895982382000,108.464994,-1.382833301213,-8.56397454002911,-2.2173861416788,-1.2803736,-0.6478226,0.61391956,344.96722,104.88125,-8.417369,WAL
1895987447000,108.470059,-1.48638913081029,-8.79462151673945,-2.04793109864144,-1.3432927,-0.6783658,0.61483586,344.82135,105.16743,-8.57808,WAL
1895992334000,108.474946,-1.57533673054444,-9.00573846096878,-1.79303473458767,-1.3732251,-0.7593055,0.61453044,344.65656,105.472626,-8.739945,WAL
1895997334000,108.479946,-1.656804805004,-9.21180481405124,-1.45278593554844,-1.3756685,-0.8555168,0.61086524,344.4812,105.77579,-8.898634,WAL
1896002318000,108.48493,-1.75432073578556,-9.43204351653297,-1.13246543465075,-1.3759739,-0.9483683,0.623388,344.2474,106.081024,-9.095199,WAL
1896007360000,108.489972,-1.86769095910781,-9.66823176951673,-0.825421100371747,-1.3747523,-1.0415252,0.6221663,343.99078,106.37289,-9.285804,WAL
1896012335000,108.494947,-1.96938057130216,-9.88105953986928,-0.583830856307692,-1.3277156,-1.099252,0.6239988,343.70486,106.624405,-9.497484,WAL
1896017352000,108.499964,-2.06117446871795,-10.0743091333333,-0.405074374461538,-1.2843442,-1.1169671,0.61819565,343.41168,106.865875,-9.701739,WAL
1896022414000,108.505026,-2.14101881314666,-10.2851181432827,-0.313597390489524,-1.2293663,-1.1139128,0.6227771,343.10846,107.09151,-9.935483,WAL
1896027357000,108.509969,-2.20682496085791,-10.5060394691689,-0.308896951367292,-1.1496484,-1.0882565,0.63071835,342.8137,107.29371,-10.159963,WAL
1896032397000,108.515009,-2.18269536146735,-10.7955114129622,-0.322775498894571,-1.0595458,-1.0977248,0.6392705,342.50647,107.48981,-10.408674,WAL
1896037436000,108.520048,-2.06404485125885,-11.1514631418175,-0.355997633823761,-0.94714653,-1.1392636,0.6582073,342.20416,107.66002,-10.655133,WAL
1896042384000,108.524996,-1.94725940715698,-11.3802027467378,-0.560264032495057,-0.8206975,-1.2110404,0.6768387,341.89767,107.80061,-10.902996,WAL
1896047370000,108.529982,-1.82925336551997,-11.4698871648873,-0.966204792068011,-0.6747007,-1.276403,0.6844745,341.58752,107.909584,-11.147402,WAL
1896052313000,108.534925,-1.58260286936058,-11.5426003995894,-1.4220060105397,-0.5170974,-1.3035865,0.68630713,341.25937,107.96784,-11.36158,WAL
1896057359000,108.539971,-1.15265222313062,-11.594572522194,-1.96062546368792,-0.3304781,-1.2611313,0.6786713,340.9389,107.986984,-11.567039,WAL
1896062265000,108.544877,-0.672264279079588,-11.6040648144581,-2.4134008639424,-0.108123146,-1.1438452,0.6536258,340.63986,107.95718,-11.717986,WAL
1896067340000,108.549952,-0.0669817486748394,-11.5425905563339,-2.75860109988325,0.09407325,-0.94959,0.6377433,340.38388,107.89538,-11.854854,WAL
1896072306000,108.554918,0.538161800591387,-11.4017729831316,-3.01522881851558,0.24312437,-0.7507534,0.61300325,340.0799,107.85593,-11.950047,WAL
1896077340000,108.559952,1.17917115066481,-11.0860520716412,-3.10133459430443,0.34238997,-0.54611355,0.56779927,339.83926,107.78046,-12.017585,WAL
1896082285000,108.564897,1.68283747395865,-10.8467934353211,-3.11887169072021,0.3203988,-0.43860126,0.5002986,339.575,107.677216,-11.982552,WAL
1896087461000,108.570073,1.90565535516931,-10.7675692515233,-2.97527799330736,0.27916542,-0.25534168,0.40439278,339.39136,107.54702,-11.908569,WAL
1896092308000,108.57492,1.97481277083764,-10.8236339865564,-2.80663837497415,0.12461651,-0.12675454,0.3323107,339.18518,107.40211,-11.734416,WAL
1896097348000,108.57996,1.72524137138291,-11.1821093762339,-2.55252931715709,-0.07971791,-0.07360926,0.18753563,339.0014,107.24927,-11.509141,WAL
1896102338000,108.58495,1.4258107887574,-11.527415739645,-2.28596690650888,-0.26511553,-0.08246681,0.027183503,338.81723,107.089294,-11.2316675,WAL
1896107361000,108.589973,0.884993245788955,-11.8310323121302,-1.94914186428008,-0.40469822,-0.13316862,-0.09468412,338.63123,106.9508,-10.928585,WAL
1896112322000,108.594934,0.346875803616292,-12.0906764339551,-1.64602233688618,-0.47219884,-0.17928895,-0.17012598,338.42535,106.83653,-10.654143,WAL
1896117344000,108.599956,-0.220667546973734,-12.1227148631519,-1.50871341086791,-0.49877146,-0.22418754,-0.20616703,338.20352,106.73653,-10.365653,WAL
1896122374000,108.604986,-0.772697061641392,-12.1521468751115,-1.38452768108831,-0.46975538,-0.23884831,-0.22021692,338.00165,106.65228,-10.1539135,WAL
1896127337000,108.609949,-1.05064852631579,-12.1380139590643,-1.47874853157895,-0.42241332,-0.23457226,-0.21838433,337.7947,106.571205,-9.943003,WAL
1896132417000,108.615029,-1.31788754876877,-12.1430282636637,-1.57129227165165,-0.32162055,-0.1863139,-0.18906279,337.6252,106.520454,-9.836042,WAL
1896137441000,108.620053,-1.24082829015015,-12.5331411093093,-1.58574087321321,-0.2134974,-0.12370021,-0.15790866,337.46402,106.459694,-9.731259,WAL
1896142591000,108.625203,-1.14298306702884,-12.957987403793,-1.58925232597787,-0.09193522,-0.04184427,-0.14844026,337.3303,106.416855,-9.677176,WAL
1896147354000,108.629966,-0.859132496039115,-13.6067885476096,-1.47661325680561,0.03359759,0.073303826,-0.160963,337.2265,106.35103,-9.620302,WAL
1896152601000,108.635213,-0.542004115545895,-14.3150363650825,-1.34307882127458,0.15118915,0.20433442,-0.19822577,337.14502,106.238525,-9.531938,WAL
1896157345000,108.639957,-0.191868262179627,-14.8626850187729,-1.087210288347,0.31337386,0.33750305,-0.27152961,337.0956,106.08187,-9.424741,WAL
1896162641000,108.645253,0.194079516894791,-15.4646458222676,-0.804989776465781,0.464563,0.4098906,-0.3549127,337.0367,105.84131,-9.248029,WAL
1896167350000,108.649962,0.441152937187297,-15.8164106147275,-0.620731630740087,0.59712076,0.45020768,-0.43860126,337.00467,105.56202,-9.0499525,WAL
1896172295000,108.654907,0.700608886082273,-16.1858047321014,-0.427239056814932,0.7339546,0.47158796,-0.51923543,336.96515,105.16392,-8.766092,WAL
1896177343000,108.659955,0.846496410809462,-16.3354246423795,-0.237420502255315,0.87598073,0.49205196,-0.6068946,336.93637,104.72949,-8.46354,WAL
1896182260000,108.664872,0.963996073789799,-16.4341243749875,-0.0541210505812955,1.0164797,0.48288897,-0.6545421,336.908,104.268265,-8.159426,WAL
1896187409000,108.670021,0.77050179190402,-16.1271266188066,0.306673182841624,1.0732902,0.42577308,-0.7501425,336.85657,103.72753,-7.781125,WAL
1896192360000,108.674972,0.516650691361822,-15.7440426925922,0.689757597746131,1.2165382,0.29901853,-0.86132,336.7863,103.13751,-7.400328,WAL
1896197344000,108.679956,0.239649319289104,-15.1373240130512,0.962753180531936,1.3573426,0.14782938,-0.9746355,336.6928,102.50299,-6.98824,WAL
1896202281000,108.684893,-0.0408373052086217,-14.4735059468064,1.20116678768044,1.5351044,0.024129177,-1.0763446,336.57404,101.82535,-6.56406,WAL
1896207340000,108.689952,-0.346835464810001,-13.7237403350531,1.33906447871813,1.7608191,-0.059864793,-1.1313224,336.44238,101.09454,-6.177613,WAL
1896212292000,108.694904,-0.652677558652644,-12.96619291646,1.43787498380792,2.0534234,-0.1160644,-1.171945,336.28796,100.30751,-5.779368,WAL
1896217336000,108.699948,-1.02387799565217,-12.3248853813917,1.41348084901364,2.4034493,-0.11881329,-1.1890492,336.14258,99.47421,-5.4304132,WAL
1896222370000,108.704982,-1.41659565652174,-11.7334429990185,1.34250782241633,2.7601945,-0.081855945,-1.2113458,335.99966,98.582344,-5.0754337,WAL
1896227356000,108.709968,-1.83517897606905,-11.4726660167675,1.20510325803155,3.0955596,-0.05497787,-1.2415836,335.87115,97.66199,-4.7737417,WAL
1896232397000,108.715009,-2.27105347488838,-11.3481304599663,1.03745922387142,3.3857207,-0.02321288,-1.2754866,335.7638,96.701675,-4.468669,WAL
1896237403000,108.720015,-2.70401226247791,-11.4374818396819,0.774289437007658,3.566842,0.024129177,-1.3063353,335.6857,95.797935,-4.2300982,WAL
1896242398000,108.72501,-3.13606848376203,-11.6206359261732,0.469032246962498,3.6868773,0.11881329,-1.328021,335.64078,94.92677,-3.9892828,WAL
1896247343000,108.729955,-3.55878443344831,-11.8754623029467,0.102153864222923,3.7048976,0.22937989,-1.344209,335.63025,94.248184,-3.8251667,WAL
1896252365000,108.734977,-3.98536609037154,-12.1740701160934,-0.305468710782497,3.617544,0.3182608,-1.3423764,335.65146,93.75822,-3.666976,WAL
1896257352000,108.739964,-4.43390094916305,-12.4336704395536,-0.701009803567886,3.477045,0.35827246,-1.3326025,335.68967,86.394066,-3.6042728,WAL
1896262348000,108.74496,-4.89861464207481,-12.6709706313288,-1.09156700329097,3.3084462,0.34574974,-1.3304645,335.74768,86.31884,-3.5463789,WAL
1896267355000,108.749967,-5.30498003395184,-12.8434810114489,-1.55810830951441,3.1230485,0.31581733,-1.3246613,335.80798,86.02069,-3.5967722,WAL
1896272317000,108.754929,-5.68018843209633,-12.9841839771023,-2.05525913097118,2.9605584,0.28496864,-1.319469,335.87173,85.654655,-3.6495388,WAL
1896277321000,108.759933,-6.01155837181329,-13.1456545056852,-2.82980594225015,2.798679,0.30818152,-1.3096951,335.91577,85.229706,-3.8271692,WAL
1896282420000,108.765032,-6.32327342414722,-13.3209942957311,-3.76982205301217,2.6074784,0.45356745,-1.3283265,335.99432,84.83945,-3.993564,WAL
1896287314000,108.769926,-6.51994462830112,-13.4288829040692,-4.11728254245168,2.4239132,0.602924,-1.3439035,336.0957,84.471275,-4.194306,WAL
1896292298000,108.77491,-6.66561351228891,-13.5065729687691,-4.17555026843337,2.3753495,0.64843345,-1.393689,336.21426,84.13264,-4.3723364,WAL
1896297337000,108.779949,-6.67792158635735,-13.6189680833169,-4.04330148734452,2.291661,0.59498274,-1.5018122,336.39722,83.90546,-4.4698553,WAL
1896302326000,108.784938,-6.62603933534057,-13.7463151401777,-3.82162332467917,2.1273382,0.6038403,-1.6612481,336.61304,83.72942,-4.5358562,WAL
1896307331000,108.789943,-6.31007260375582,-13.5050912389258,-3.52729516692102,1.8414533,0.65179324,-1.7620409,336.8347,83.59181,-4.5904636,WAL
1896312365000,108.794977,-5.85143379834506,-13.0655618287583,-3.19287094755723,1.5919148,0.6044512,-1.7699821,337.03088,83.496956,-4.6208806,WAL
1896317339000,108.799951,-5.21967031365979,-12.558576734437,-3.09835904554917,1.4892895,0.5510005,-1.7241671,337.23682,83.42043,-4.6241612,WAL
1896322339000,108.804951,-4.48394222087629,-12.0079675948652,-3.13633213238501,1.473407,0.6462954,-1.6465873,337.4669,83.37429,-4.6335797,WAL
1896327356000,108.809968,-3.73265429090909,-11.5086413221324,-3.23749388408864,1.5164729,0.9111055,-1.5540411,337.71378,83.33289,-4.6011,WAL
1896332331000,108.814943,-2.97975588181818,-11.0456523066025,-3.37595787986559,1.6352862,1.2299771,-1.4501941,337.99792,83.261856,-4.5981035,WAL
1896337384000,108.819996,-2.3233801567527,-10.7388006809262,-3.3295643839385,1.8197676,1.4920384,-1.4147639,338.3085,83.239105,-4.4918523,WAL
1896342365000,108.824977,-1.82253968843822,-10.6568177665771,-3.03144507460784,2.0002782,1.6670512,-1.4196508,338.6802,83.17585,-4.4136224,WAL
1896347337000,108.829949,-1.32260417178301,-10.574982984376,-2.73386442694832,2.122146,1.8420641,-1.4431691,339.07828,83.1748,-4.219347,WAL
1896352334000,108.834946,-0.820154900518718,-10.492736723986,-2.43478749686895,2.21683,1.9947804,-1.4633276,339.51553,83.12892,-4.036244,WAL
1896358085000,108.840697,-0.24189079024436,-10.3980802814199,-2.09058268900694,2.271197,2.0873265,-1.4413365,339.9905,83.04089,-3.8579261,WAL
1896362305000,108.844917,0.182430987769514,-10.3286227631398,-1.83801021653647,2.3399193,2.1930063,-1.3713925,340.50717,82.911736,-3.7009654,WAL
1896367690000,108.850302,0.678748850191865,-10.2238969871451,-1.52139033649271,2.3726006,2.3857343,-1.3011429,341.08124,82.75351,-3.552078,WAL
1896372429000,108.855041,0.665687322409823,-9.97137429854183,-1.29934418234843,2.3701572,2.482251,-1.2483032,341.6518,82.57174,-3.4276543,WAL
1896377685000,108.860297,0.651048793409742,-9.6911234116194,-1.05354720806244,2.34389,2.4297166,-1.1713341,342.04266,82.39137,-3.190811,WAL
1896382353000,108.864965,0.549457597994269,-9.33776259154234,-1.11096831249876,2.2886066,2.3787093,-1.1294898,342.45337,82.20458,-2.9737713,WAL
1896387380000,108.869992,0.440053369340974,-8.95722599288608,-1.17280547873728,2.2547035,2.291661,-1.0412198,342.85663,81.93915,-2.7968683,WAL
1896392339000,108.874951,0.223540024610493,-8.56260540977743,-1.38536352124404,2.159714,2.2751677,-0.95539325,343.25714,81.696754,-2.6426477,WAL
1896397255000,108.879867,-0.00100487955484899,-8.16965171025437,-1.60990836679253,2.084883,2.2904391,-0.8735373,343.63287,81.44927,-2.5200152,WAL
1896402232000,108.884844,-0.247695144794109,-7.84945357542874,-1.73495156863676,2.0415115,2.2519548,-0.79779,344.0433,81.17081,-2.4012856,WAL
1896407220000,108.889832,-0.497625590394342,-7.53935472376708,-1.84603178171689,1.9822577,2.179567,-0.74036866,344.43967,80.914215,-2.3082228,WAL
1896412221000,108.894833,-0.741821679770555,-7.24287483470363,-1.95620655936903,1.9083431,2.0711386,-0.70005155,344.88223,80.646736,-2.221813,WAL
1896417222000,108.899834,-0.984494870095602,-6.94983559804015,-2.06609636276291,1.8237382,1.9691241,-0.66248333,345.29843,80.39864,-2.155241,WAL
1896422542000,108.905154,-1.15935633539303,-6.673667475,-2.20701074455024,1.765706,1.8723019,-0.6417139,345.73682,80.13902,-2.1124108,WAL
1896427217000,108.909829,-1.28634215944084,-6.44237185,-2.33853177321718,1.7009543,1.8072448,-0.61850107,346.14932,79.90728,-2.0836825,WAL
1896432484000,108.915096,-1.40039953403694,-6.25995294934037,-2.41444826701847,1.6484199,1.7696766,-0.5815437,346.5832,79.66872,-2.0918996,WAL
1896437297000,108.919909,-1.49595636072371,-6.11661752789295,-2.46222668036185,1.6129897,1.7537941,-0.56596667,347.0016,79.44874,-2.103965,WAL
1896442242000,108.924854,-1.59219847373428,-5.91392144487898,-2.45201485942289,1.5650368,1.7119498,-0.5635232,347.42007,79.24498,-2.1377425,WAL
1896447233000,108.929845,-1.68818825973999,-5.67647312959518,-2.4065460633971,1.4810427,1.6936239,-0.5723807,347.83804,79.06629,-2.1779547,WAL
1896452248000,108.93486,-1.75528385580488,-5.42734906673171,-2.3258093617561,1.3787229,1.6780468,-0.5900958,348.26416,78.89764,-2.2301786,WAL
1896457280000,108.939892,-1.8117020016,-5.1734674352,-2.2317791024,1.2513574,1.675298,-0.59895337,348.68658,78.76412,-2.286628,WAL
1896462230000,108.944842,-1.87897052694562,-4.9630364214086,-2.11478248642799,1.1215485,1.6911805,-0.6151413,349.12823,78.63672,-2.3583136,WAL
1896467233000,108.949845,-1.95242322034449,-4.76860294066192,-1.98516007569664,0.9975429,1.7143933,-0.6282749,349.5695,78.54722,-2.432847,WAL
1896472250000,108.954862,-2.04477523368073,-4.597331789547,-1.80976253263853,0.88331115,1.7458528,-0.65179324,350.03763,78.45787,-2.5177312,WAL
1896477242000,108.959854,-2.15823833007946,-4.45426959988649,-1.58283633984109,0.76052725,1.7540996,-0.66248333,350.5038,78.40786,-2.6066048,WAL
1896482266000,108.964878,-2.24996089534953,-4.31074048304412,-1.34407085273178,0.68844515,1.774869,-0.68752885,351.00388,78.33621,-2.71262,WAL
1896487287000,108.969899,-2.32148074623699,-4.1677007314824,-1.09613556548339,0.5543602,1.8032742,-0.68936145,351.50574,78.31618,-2.8269596,WAL
1896492246000,108.974858,-2.38453768286778,-4.03919990861511,-0.807362459262962,0.39920044,1.8225164,-0.70096785,352.03183,78.26303,-2.970898,WAL
1896497242000,108.979854,-2.44081013351955,-3.92196563234343,-0.474416601487798,0.25411993,1.808772,-0.68325275,352.55316,78.24179,-3.126221,WAL
1896502285000,108.984897,-2.49280758977799,-3.83746164133205,-0.129745403756757,0.12767084,1.7467692,-0.6719518,353.0842,78.18926,-3.3069994,WAL
1896507324000,108.989936,-2.53938813496139,-3.79088095023166,0.224267362216216,0.0061086523,1.666135,-0.6469063,353.60245,78.17042,-3.4981945,WAL
1896512270000,108.994882,-2.59991298512301,-3.75442696468886,0.525388327843705,-0.112704635,1.5897768,-0.61941737,354.11285,78.08507,-3.7313151,WAL
1896517299000,108.999911,-2.68355144130246,-3.73119410062711,0.762363711090208,-0.2284636,1.5076154,-0.5815437,354.5954,78.02547,-3.9719021,WAL
1896522357000,109.004969,-2.7276095251276,-3.7011989180212,1.00049617001374,-0.33261612,1.4404203,-0.5497787,355.04828,77.85027,-4.275747,WAL
1896527318000,109.00993,-2.69496587243816,-3.65922850742049,1.2336652395318,-0.47219884,1.3197744,-0.5479461,355.46277,77.71471,-4.572883,WAL
1896532298000,109.01491,-2.63308394994413,-3.60515172197054,1.39533628259015,-0.61300325,1.1404854,-0.5497787,355.85843,77.51905,-4.90266,WAL
1896537318000,109.01993,-2.50123631418994,-3.52213647402743,1.38556979482986,-0.7113526,1.0332786,-0.52320606,356.23984,77.347824,-5.23411,WAL
1896542253000,109.024865,-2.37512035622342,-3.40209854720719,1.35553086119057,-0.80481493,0.9272934,-0.49327368,356.6156,77.21949,-5.513702,WAL
1896547322000,109.029934,-2.25314840096637,-3.19568448792037,1.28047125670661,-0.94134337,0.84513205,-0.45020768,356.9644,77.1215,-5.797437,WAL
1896552280000,109.034892,-2.12425311581265,-3.01018045776621,1.22461598951161,-1.0699304,0.7504479,-0.41538838,357.27725,77.05068,-6.042352,WAL
1896557333000,109.039945,-1.9644329257506,-2.86973239356485,1.21977295804644,-1.2125676,0.64934975,-0.37018433,357.56107,77.00797,-6.294695,WAL
1896562283000,109.044895,-1.81533129275738,-2.7505898646249,1.21992032019154,-1.3521502,0.56413406,-0.33078352,357.83246,77.01422,-6.5060267,WAL
1896567308000,109.04992,-1.68570905163607,-2.68337848443735,1.23432278028731,-1.4740179,0.473726,-0.28710666,358.07022,77.0386,-6.723169,WAL
1896572307000,109.054919,-1.57505729161335,-2.62505126809276,1.26579941043583,-1.6184875,0.3662137,-0.21838433,358.2619,77.113686,-6.91436,WAL
1896577328000,109.05994,-1.51737817768892,-2.59140494682127,1.34751141739304,-1.7492126,0.3155119,-0.15699236,358.4416,77.200325,-7.1118317,WAL
1896582362000,109.064974,-1.49858222453867,-2.59033803759325,1.5003061642128,-1.7986927,0.21838433,-0.12034045,358.58316,77.316895,-7.2666087,WAL
1896587381000,109.069993,-1.58822241187672,-2.67997827419513,1.84943106547899,-1.9095647,0.10567969,-0.035124753,358.69968,77.4492,-7.446886,WAL
1896592338000,109.07495,-1.7362783296377,-3.0601471101564,2.21080336464067,-2.0097466,0.0030543262,0.04520403,358.79227,77.59685,-7.6091304,WAL
1896597311000,109.079923,-2.08986276477925,-4.44619787340131,2.63039007408434,-2.0836613,-0.124311075,0.13988814,358.84058,77.7328,-7.7904015,WAL
1896602287000,109.084899,-2.39233029883123,-5.834589999813,3.08719262692847,-2.1508565,-0.24190263,0.2452624,358.88147,77.86271,-7.996876,WAL
1896607327000,109.089939,-2.48259120878915,-7.24717612940626,3.7054811654979,-2.1902573,-0.36041048,0.32253686,358.88162,77.97371,-8.213662,WAL
1896612388000,109.095,-2.53892616840518,-8.72519295913204,4.34582890045733,-2.1923954,-0.4352415,0.42149702,358.8786,77.95767,-8.499563,WAL
1896617315000,109.099927,-2.17162121889657,-10.8968838692225,5.20899548146346,-2.1313088,-0.45478916,0.5161811,358.85257,77.91252,-8.794044,WAL
1896622678000,109.10529,-1.72532036567937,-13.2041739626117,6.19093281925953,-1.9862283,-0.36254853,0.5873469,358.8256,77.80817,-9.067324,WAL
1896627321000,109.109933,-0.817041539505745,-14.5665917318986,7.51685777712931,-1.7018706,-0.19425514,0.65393126,358.80695,77.65069,-9.354232,WAL
1896632587000,109.115199,0.213110581672442,-16.111819380631,9.02069599124567,-1.219287,-0.03023783,0.65179324,358.73123,77.526375,-9.464378,WAL
1896637329000,109.119941,1.59863609435908,-16.9954586748769,10.0665003140132,-0.5549711,0.073303826,0.50823987,358.68643,77.34476,-9.549958,WAL
1896642673000,109.125285,3.24540112618384,-17.8966202906404,11.1875876096845,0.19272798,0.086132,0.17989981,358.66736,77.1105,-9.578743,WAL
1896647310000,109.129922,4.18639684694634,-18.2720858367805,10.3171010506341,0.83291477,0.13713925,-0.2565634,358.55365,76.94391,-9.299582,WAL
1896652324000,109.134936,5.18892134599024,-18.6656006994146,9.31926173102439,1.2168436,0.5549711,-0.573297,358.57126,76.70003,-8.998051,WAL
1896657324000,109.139936,5.04215985584154,-18.1260714150412,8.53273653126885,1.3784174,1.0693196,-0.643852,358.53204,76.496056,-8.420964,WAL
1896662290000,109.144902,4.70266170739996,-17.4327297391916,7.78679699658154,1.3787229,1.3933836,-0.65393126,358.60156,76.220604,-7.831229,WAL
1896667330000,109.149942,3.86807367130375,-15.5537444605341,7.0898897794031,1.2825116,1.5100589,-0.66614854,358.74597,76.087776,-7.1194277,WAL
1896672313000,109.154925,2.96387212043982,-13.5064070469272,6.41056735931671,1.1074986,1.5302174,-0.6386596,358.97147,75.90564,-6.4791164,WAL
1896677314000,109.159926,1.98858143909873,-11.4512308312921,5.82961867249439,0.88789266,1.4993688,-0.6264423,359.2576,75.74409,-5.9286613,WAL
1896682289000,109.164901,1.00415182569185,-9.40664653225505,5.27281449569933,0.7635816,1.425454,-0.59742624,359.53842,75.56438,-5.4204164,WAL
1896687327000,109.169939,0.0522245594697774,-7.37003838415695,4.74469312581124,0.5216789,1.3420709,-0.5720753,359.8602,75.40693,-5.0778937,WAL
1896692286000,109.174898,-0.864364238525981,-5.38073853164369,4.24107291464475,0.2678644,1.2760975,-0.56077427,0.16297257,75.27381,-4.7477837,WAL
1896697310000,109.179922,-1.48373494325754,-4.17024375970302,3.77801589561021,0.008552114,1.1713341,-0.5030475,0.4734608,75.1338,-4.60502,WAL
1896702285000,109.184897,-2.0187695752761,-3.17534455251044,3.33141681741995,-0.24617869,1.0784826,-0.4089743,0.7626641,75.055016,-4.475451,WAL
1896707322000,109.189934,-2.55600047101306,-2.67603570988914,2.75128695197015,-0.48380527,0.99265605,-0.26358834,1.0649731,74.98385,-4.508967,WAL
1896712258000,109.19487,-3.08002451008671,-2.46331317993634,2.11311909123038,-0.7058548,0.93034774,-0.10781772,1.3386581,74.966385,-4.5682263,WAL
1896717298000,109.19991,-3.37343925558889,-2.7499670894416,1.93113207826382,-0.9117164,0.8958339,0.070249505,1.6148633,74.97858,-4.765589,WAL
1896722348000,109.20496,-3.6121411190361,-3.15248395434046,1.85624521626827,-1.1224649,0.7733554,0.23609942,1.8374733,75.03246,-4.993755,WAL
1896727316000,109.209928,-3.71471794036295,-3.82686864348499,1.97602956500387,-1.3316863,0.5207626,0.37201694,2.0250578,75.15888,-5.3307033,WAL
1896732332000,109.214944,-3.77669088567988,-4.59533261321063,2.15781674759611,-1.5262468,0.14110987,0.46853364,2.1337981,75.30911,-5.6872497,WAL
1896737418000,109.22003,-3.86645994586499,-5.84641202788239,2.3603617498183,-1.681712,-0.34300083,0.52595496,2.143759,75.49333,-6.0817394,WAL
1896742399000,109.225011,-3.9872778005506,-7.64817515447638,2.58098582292699,-1.7272215,-0.92485,0.56138515,2.0166104,75.66674,-6.4662642,WAL
1896747313000,109.229925,-4.34789601734751,-9.64012230386122,2.49745118648573,-1.6627752,-1.5427402,0.5766568,1.7418321,75.84175,-6.824,WAL
1896752313000,109.234925,-4.86148135590375,-11.7971816211528,2.22949357596531,-1.5387696,-2.0592268,0.62888575,1.332374,75.97834,-7.1705103,WAL
1896757321000,109.239933,-5.43408000554916,-13.753334246571,1.58069561819715,-1.3805555,-2.3564126,0.70432764,0.8230025,76.12265,-7.4806333,WAL
1896762315000,109.244927,-6.07003199696367,-15.4759118273479,0.509091886194011,-1.2305881,-2.3484714,0.8011498,0.26259613,76.20752,-7.7902136,WAL
1896767295000,109.249907,-6.54094303393307,-16.6604981164352,-0.324834725272024,-1.0354166,-1.9792033,0.8671232,359.7865,76.33833,-8.125861,WAL
1896772370000,109.254982,-6.88981746760511,-17.4398022858208,-0.986337025265032,-0.7244862,-1.6664404,0.89949906,359.31363,76.37288,-8.4567585,WAL
1896777263000,109.259875,-6.64093332544554,-18.0451902167327,-0.858264920970297,-0.25167647,-0.94959,0.89980453,359.11295,76.39785,-8.874387,WAL
1896782342000,109.264954,-5.52364434514852,-18.4593585289109,0.398685295009901,0.070554934,-0.2919936,0.81183994,359.00122,76.37024,-9.2668705,WAL
1896787353000,109.269965,-4.15160621447266,-18.3346280392594,1.37744394806126,0.69058317,0.002443461,0.59315014,359.017,76.22959,-9.658583,WAL
1896792358000,109.27497,-2.38134047993408,-17.4192937861574,1.96753257475766,1.0769554,0.009162978,0.33536503,359.1475,76.08229,-10.015092,WAL
1896797245000,109.279857,-0.946524791870856,-15.9944913854137,1.97328886413952,1.0595458,-0.047036625,0.11759156,359.284,75.96986,-10.149902,WAL
1896802309000,109.284921,-0.0890789400403574,-13.3802129420582,0.757020536206399,0.66706485,-0.05955936,-0.028405234,359.441,75.89483,-10.233362,WAL
1896807252000,109.289864,0.634538244318835,-10.8915257141694,-0.278284321584595,0.11453723,-0.12034045,-0.16768251,359.4758,75.99418,-10.043371,WAL
1896812313000,109.294925,1.01065684993294,-8.54658884527687,-0.849427383981606,-0.3839288,-0.43493605,-0.29749137,359.43597,76.18219,-9.811006,WAL
1896817289000,109.299901,1.27349264186047,-6.39231791302326,-1.35767945395349,-0.84757555,-0.81000733,-0.27580565,359.33997,76.543785,-9.539727,WAL
1896822367000,109.304979,0.965050573890063,-5.00946959904863,-1.58901091099366,-1.1994339,-1.1294898,-0.24312437,359.1694,76.99787,-9.228801,WAL
1896827289000,109.309901,0.639529450188305,-3.85989729086224,-1.81450397613479,-1.42973,-1.3833044,-0.23548855,358.88834,77.50754,-8.918698,WAL
1896832325000,109.314937,0.233241266065411,-3.20983623619425,-2.04871720602577,-1.6001616,-1.6071864,-0.23976462,358.52155,78.06497,-8.60375,WAL
1896837396000,109.320008,-0.178994903573515,-2.59982147918208,-2.35138770768257,-1.7547104,-1.8069394,-0.20616703,358.09512,78.59485,-8.370974,WAL
1896842339000,109.324951,-0.589228190759494,-2.12505706227848,-2.8261520764557,-1.9062049,-1.9636264,-0.11759156,357.61545,79.13686,-8.147746,WAL
1896847296000,109.329908,-1.00068428197497,-1.73743488325613,-3.27568133529122,-2.0442605,-2.1270328,-0.0030543262,357.09674,79.63276,-8.013467,WAL
1896852308000,109.33492,-1.41695587529319,-1.70905274768897,-3.62099756499458,-2.1697934,-2.2956316,0.07819075,356.53195,80.12085,-7.893273,WAL
1896857322000,109.339934,-1.77103558903837,-1.7871627227991,-3.97782078053273,-2.2064452,-2.4217753,0.16187929,355.97412,80.53849,-7.8774414,WAL
1896862315000,109.344927,-1.82284633830248,-2.37866866794582,-4.38798921596388,-2.1856759,-2.470339,0.25259277,355.39383,80.90177,-7.8875475,WAL
1896867748000,109.35036,-1.87791387509665,-3.02053943950816,-4.80810637607388,-2.1331415,-2.4281893,0.3539964,354.8583,81.16353,-7.980178,WAL
1896872370000,109.354982,-1.89692765737758,-3.52915713523411,-4.60846198475086,-2.1056526,-2.3887885,0.464563,354.31644,81.336205,-8.100696,WAL
1896877295000,109.359907,-1.92592563010033,-4.09051995822265,-4.38646583942666,-2.0363193,-2.2666154,0.5140431,353.78616,81.4267,-8.257136,WAL
1896882331000,109.364943,-2.04574874448161,-4.86476138346871,-4.06386511724797,-1.997224,-2.185065,0.6432411,353.26276,81.38949,-8.469249,WAL
1896887538000,109.37015,-2.17258464266368,-5.68528203299053,-3.73543923979228,-1.9007072,-2.1716259,0.77671516,352.73837,81.254555,-8.703555,WAL
1896892408000,109.37502,-2.35304320920477,-6.87250978372875,-3.53598509469504,-1.7760907,-2.1642957,0.929126,352.24463,81.01671,-8.981398,WAL
1896897514000,109.380126,-2.5230322969204,-8.12571273987991,-3.35349440355414,-1.6392568,-2.1325307,1.0983357,351.753,99.318634,-9.309596,WAL
1896902322000,109.384934,-2.45614494305636,-9.4054918946349,-3.49618747169281,-1.5293012,-2.0299053,1.2739595,351.29465,99.728676,-9.680327,WAL
1896907682000,109.390294,-2.38340052213681,-10.8375806570984,-3.64019207626739,-1.4569136,-1.8075503,1.4660766,350.88477,100.19941,-10.094134,WAL
1896912316000,109.394928,-2.35749079420064,-12.1848824515909,-3.45882443162401,-1.387275,-1.5030339,1.6722436,350.54095,100.72589,-10.5526085,WAL
1896917296000,109.399908,-2.3296465030651,-13.6327812294444,-3.26391487825241,-1.3231341,-1.2611313,1.8121318,350.2351,101.239944,-10.987228,WAL
1896922329000,109.404941,-2.0125210530863,-14.4336764473684,-3.12323137846362,-1.31672,-1.0442741,1.8640553,350.02145,101.78337,-11.441814,WAL
1896927281000,109.409893,-1.67298915656927,-15.1586231842105,-2.99017157923762,-1.353372,-0.75991637,1.8521434,349.9079,102.34104,-11.9025,WAL
1896932343000,109.414955,-1.16056100014875,-15.1493831179096,-2.97691480344109,-1.4184291,-0.50243664,1.806634,349.83405,102.82513,-12.291766,WAL
1896937296000,109.419908,-0.629022614359381,-15.0035628488695,-2.98632260551368,-1.4727961,-0.25381452,1.6991217,349.8445,103.28357,-12.645011,WAL
1896942320000,109.424932,-0.13473364511642,-14.3275864495515,-2.75505456261466,-1.50731,0.016798794,1.5192219,349.90613,103.61924,-12.867141,WAL
1896947246000,109.429858,0.340776397036589,-13.5572600491886,-2.4792587907973,-1.5143349,0.23701571,1.2986995,350.02292,103.916176,-13.03896,WAL
1896952306000,109.434918,0.913539513958126,-12.5270794032901,-2.46881581929212,-1.5115861,0.33658674,1.058324,350.13727,104.10519,-13.084199,WAL
1896957263000,109.439875,1.49096843447657,-11.4716154911266,-2.51141295615155,-1.5228871,0.33414328,0.86742866,350.27686,104.25767,-13.080546,WAL
1896962312000,109.444924,1.62545541733557,-10.660258513263,-2.0664304899221,-1.450805,0.30085114,0.7076874,350.39944,104.29747,-12.973681,WAL
1896967269000,109.449881,1.66758639791934,-9.91594450665615,-1.53277172839957,-1.3365731,0.24037547,0.516792,350.4973,104.28448,-12.810588,WAL
1896972346000,109.454958,1.35944084706044,-9.36306803347115,-1.00623036696594,-1.2858714,-0.09743301,0.42241332,350.46436,104.23374,-12.603733,WAL
1896977303000,109.459915,0.976223394808033,-8.87236260868281,-0.496831498854105,-1.2986995,-0.6603453,0.23579398,350.327,104.11533,-12.333111,WAL
1896982325000,109.464937,0.567077148984996,-8.41347399823477,-0.673546193715799,-1.3347405,-1.2880094,0.048563786,350.02704,103.99666,-12.0908985,WAL
1896987382000,109.469994,0.149127516289497,-7.96227850987545,-1.04875096582328,-1.3848315,-1.8304577,-0.11453723,349.58044,103.847694,-11.821501,WAL
1896992319000,109.474931,-0.240865651444787,-7.71774434892042,-1.85237655537734,-1.3949108,-2.2156084,-0.2519819,348.99503,103.71781,-11.606817,WAL
1896997284000,109.479896,-0.627083910685996,-7.53685723911166,-2.80570009994859,-1.4181237,-2.3964243,-0.33933565,348.31616,103.57216,-11.369871,WAL
1897002308000,109.48492,-0.982603333533211,-7.50566310230627,-3.44609118122694,-1.4184291,-2.4382687,-0.39187005,347.5947,103.51489,-11.199862,WAL
1897007347000,109.489959,-1.3298438450738,-7.51456660623616,-4.00256649883764,-1.398576,-2.39337,-0.39858958,346.85587,103.44859,-11.017152,WAL
1897012314000,109.494926,-1.62344055630853,-7.63174734298643,-4.31184172580238,-1.3347405,-2.2809708,-0.38026363,346.16077,103.54155,-10.916318,WAL
1897017294000,109.499906,-1.88943051568978,-7.81241994027149,-4.48247660720825,-1.2779301,-2.1053472,-0.3454443,345.50287,103.63763,-10.811958,WAL
1897022397000,109.505009,-2.05609939631345,-8.00699783810075,-4.28221892695426,-1.2281445,-1.9141463,-0.28527406,344.91443,103.84387,-10.78077,WAL
1897027318000,109.50993,-2.17889824497201,-8.19801812159815,-3.95475544134337,-1.2345587,-1.777007,-0.21105394,344.36612,104.064026,-10.757084,WAL
1897032333000,109.514945,-2.20610584674833,-8.43448847764167,-3.58574301479932,-1.2596041,-1.6554449,-0.106901415,343.88412,104.349014,-10.7916765,WAL
1897037396000,109.520008,-2.18196117072005,-8.69525138213325,-3.194598859755,-1.273654,-1.5054774,0.0030543262,343.45578,104.65015,-10.839337,WAL
1897042391000,109.525003,-2.08569782596439,-8.85546306824926,-2.82927842804154,-1.3029755,-1.323745,0.099571034,343.06372,104.962975,-10.924804,WAL
1897047311000,109.529923,-1.95462056743323,-8.96469400296736,-2.47973920882789,-1.35551,-1.1145236,0.18570304,342.7306,105.29878,-11.025513,WAL
1897052299000,109.534911,-1.78731585925926,-9.04866366666667,-1.98559118518518,-1.4333953,-0.9416488,0.25350907,342.41425,105.61654,-11.134623,WAL
1897057326000,109.539938,-1.5823664709983,-9.10502481130268,-1.3400007432418,-1.5027285,-0.8402451,0.30909783,342.1446,105.94976,-11.251812,WAL
1897062313000,109.544925,-1.39114761543441,-9.07936602336402,-0.819603038788308,-1.5552629,-0.81489426,0.3408628,341.85953,106.24564,-11.356933,WAL
1897067296000,109.549908,-1.20773440780823,-9.00213935126934,-0.375549926241529,-1.5537357,-0.8213083,0.36743546,341.60175,106.54407,-11.465765,WAL
1897072366000,109.554978,-1.05080578413674,-8.87575039965431,-0.169233781772614,-1.4825699,-0.8775079,0.38056904,341.30374,106.78395,-11.564896,WAL
1897077316000,109.559928,-0.914243868446322,-8.72553234943345,-0.105504886516228,-1.4181237,-0.9297369,0.40133846,341.0136,107.02264,-11.667944,WAL
1897082341000,109.564953,-0.798464197717203,-8.56764740690618,-0.199749576387401,-1.2461652,-0.97097033,0.42546764,340.69562,107.21688,-11.777926,WAL
1897087393000,109.570005,-0.700600359266037,-8.40454084728376,-0.423438407132152,-1.0607675,-0.9786061,0.45448375,340.37958,107.39298,-11.891593,WAL
1897092387000,109.574999,-0.644612756107086,-8.26936390867601,-0.677317351500894,-0.8970556,-0.9691377,0.4746423,340.04358,107.54116,-12.004011,WAL
1897097313000,109.579925,-0.631295141049214,-8.16282310873247,-0.961425965935824,-0.7593055,-0.9468411,0.48349985,339.71594,107.65466,-12.116464,WAL
1897102288000,109.5849,-0.625950210595463,-8.05436587192817,-1.24430598752363,-0.6762278,-0.9211848,0.4978552,339.38937,107.77257,-12.226824,WAL
1897107323000,109.589935,-0.636078148523419,-7.94295843310229,-1.52282492829238,-0.6627888,-0.89919364,0.49938235,339.07452,107.87169,-12.33005,WAL
1897112314000,109.594926,-0.657710330645161,-7.89175219354839,-1.75023867419355,-0.70829827,-0.8750645,0.49632803,338.7604,108.00343,-12.439612,WAL
1897117293000,109.599905,-0.69369067355216,-7.91423987851349,-1.91664763686097,-0.8176431,-0.86376345,0.48380527,338.4565,108.13942,-12.540749,WAL
1897122334000,109.604946,-0.743253406711196,-7.93292836784351,-2.05694211673028,-0.97524637,-0.883922,0.48716503,338.1434,108.34,-12.660635,WAL
1897127319000,109.609931,-0.81917640485581,-7.94305137436387,-2.13792669741306,-1.1511755,-0.9016371,0.49296826,337.8416,108.5576,-12.770215,WAL
1897132292000,109.614904,-0.872225138065991,-7.96318701366527,-2.16494945474061,-1.3118331,-0.88606006,0.5021312,337.55527,108.8138,-12.87634,WAL
1897137330000,109.619942,-0.896200480371696,-7.99675240076525,-2.12179389266547,-1.4474452,-0.88178396,0.5207626,337.26773,109.094894,-12.981798,WAL
1897142270000,109.624882,-0.940883318393987,-8.079789079659,-1.98394591113759,-1.5439619,-0.87964594,0.54244834,336.99567,109.40572,-13.092247,WAL
1897147315000,109.629927,-1.01617481700064,-8.23480131771931,-1.70935334545788,-1.5909985,-0.9083566,0.56230146,336.72162,109.72691,-13.202291,WAL
1897152262000,109.634874,-1.10343614065421,-8.42213072897196,-1.4359615703271,-1.598329,-0.97219205,0.5849035,336.40582,110.113686,-13.367225,WAL
1897157327000,109.639939,-1.23737515987681,-8.73122052506372,-1.14232610266568,-1.582141,-1.0592403,0.6026186,336.08237,110.494514,-13.531615,WAL
1897162250000,109.644862,-1.36783407886973,-9.01008193084291,-0.890720104770115,-1.543351,-1.1606439,0.6206391,335.7338,110.861206,-13.728544,WAL
1897167295000,109.649907,-1.5020423383046,-9.25535929626437,-0.696349447155172,-1.5039502,-1.2153164,0.63071835,335.381,111.21431,-13.923603,WAL
1897172309000,109.654921,-1.63994604910968,-9.5057773780072,-0.52960612983709,-1.4724907,-1.2935071,0.634689,335.00485,111.54171,-14.145299,WAL
1897177318000,109.65993,-1.78988143576435,-9.77384332600871,-0.434192726118583,-1.4220943,-1.3613132,0.65026605,334.62357,111.85087,-14.369571,WAL
1897182301000,109.664913,-1.95012384971685,-10.0921185243117,-0.321058668789885,-1.3558154,-1.4022411,0.64568454,334.22775,112.1376,-14.614355,WAL
1897187377000,109.669989,-2.17320121351299,-10.6949017018161,-0.107473992958602,-1.2935071,-1.4046847,0.63285637,333.829,112.40714,-14.856427,WAL
1897192299000,109.674911,-2.36492958797125,-11.2287980640223,0.0760726415752185,-1.2257011,-1.3787229,0.6356053,333.4362,112.64865,-15.11099,WAL
1897197313000,109.679925,-2.35996314279361,-11.3604092761028,0.0711061927674407,-1.1505647,-1.3448198,0.636827,333.04828,112.86547,-15.353621,WAL
1897202288000,109.6849,-2.35503532772405,-11.4909967870921,0.0661783740959818,-1.0638218,-1.3429873,0.62949663,332.65335,113.05246,-15.618535,WAL
1897207325000,109.689937,-2.3500461006878,-11.6232117203289,0.0611891434129389,-0.9633345,-1.3316863,0.6478226,332.2759,113.22093,-15.879542,WAL
1897212326000,109.694938,-2.19613152952363,-11.772074026796,-0.14847637892816,-0.8042041,-1.3121386,0.67103547,331.90414,113.35447,-16.13145,WAL
1897217298000,109.69991,-1.59247256686516,-11.973293426335,-0.9762208029466,-0.59315014,-1.2977833,0.6960809,331.53912,113.45736,-16.380758,WAL
1897222375000,109.704987,-0.963157060598215,-12.155703711778,-1.77444227710111,-0.3387248,-1.2098186,0.72173727,331.1884,113.5277,-16.626139,WAL
1897227317000,109.709929,-0.290150867321761,-12.2253254756301,-2.3314128984211,-0.073303826,-1.0613784,0.7351763,330.86328,113.555695,-16.86132,WAL
1897232318000,109.71493,0.401088102005216,-12.2526329519946,-2.85211328600406,0.18875736,-0.81092364,0.7128797,330.57083,113.541664,-16.967918,WAL
1897237426000,109.720038,1.18071952213851,-11.9691303177823,-3.07419006166329,0.39370266,-0.5222898,0.67256266,330.33707,113.4869,-17.054203,WAL
1897242480000,109.725092,1.93001728876503,-11.6959642440598,-3.25397632907011,0.50915617,-0.25503623,0.6114761,330.1371,113.371315,-17.00336,WAL
1897247311000,109.729923,2.41859454779505,-11.5104858712232,-3.01421153638408,0.4914411,-0.049480084,0.52381694,330.00113,113.23134,-16.917248,WAL
1897252484000,109.735096,2.92015098114319,-11.3263736906305,-2.75142151094088,0.35094208,0.07238753,0.3848451,329.87927,113.02699,-16.682531,WAL
1897257325000,109.739937,2.90193803800825,-11.4811844204479,-2.36894751805146,0.13103059,0.08002335,0.17623462,329.7739,112.81469,-16.402206,WAL
1897262664000,109.745276,2.862146691479,-11.6524006749701,-1.94277309335417,-0.11942416,0.021380283,-0.07238753,329.6392,112.53941,-16.008265,WAL
1897267311000,109.749923,2.39579954590495,-11.8119402709808,-1.47642599049545,-0.31795537,-0.022296581,-0.28863382,329.50095,112.2709,-15.570856,WAL
1897272312000,109.754924,1.89392692377976,-11.983633302969,-0.974553414339553,-0.39187005,-0.1151481,-0.37690386,329.31015,111.97431,-15.121986,WAL
1897277274000,109.759886,1.09843082487699,-11.9602113584553,-0.413780081412852,-0.48197266,-0.22968534,-0.4978552,329.0864,111.68465,-14.618672,WAL
1897282331000,109.764943,0.208563225411398,-11.884798905014,0.174437459653275,-0.51251596,-0.3313944,-0.5564982,328.84387,111.40688,-14.123603,WAL
1897287285000,109.769897,-0.478202364132421,-11.8625790732604,0.434693292968223,-0.4905248,-0.43310347,-0.5543602,328.57324,111.12977,-13.715313,WAL
1897292254000,109.774866,-1.1394727229059,-11.8479924409932,0.64863371235823,-0.4456262,-0.49571714,-0.5128214,328.28986,110.860695,-13.314391,WAL
1897297276000,109.779888,-1.40369627039604,-12.064944069901,0.687508541821782,-0.34483343,-0.5006041,-0.45234573,328.0168,110.613884,-13.070289,WAL
1897302259000,109.784871,-1.62104042277228,-12.3059130693069,0.706408024752475,-0.20861048,-0.43310347,-0.3735441,327.75668,110.36519,-12.845771,WAL
1897307300000,109.789912,-1.53410858223185,-12.8082813870777,0.746384421960997,-0.04520403,-0.32559118,-0.30940324,327.52805,110.14522,-12.742195,WAL
1897312265000,109.794877,-1.4076613823402,-13.3374864235201,0.78853350652221,0.15699236,-0.1826487,-0.2648101,327.3372,109.90148,-12.648313,WAL
1897317291000,109.799903,-1.225795119243,-13.9422715691437,0.896651121030201,0.39614612,-0.07513642,-0.2724459,327.1736,109.63043,-12.581783,WAL
1897322267000,109.804879,-1.03642816466322,-14.5529794205245,1.01500543921816,0.6444628,-0.010079277,-0.3115413,327.04318,109.32194,-12.512133,WAL
1897327318000,109.80993,-0.830972624618059,-14.9831246156802,1.067727641579,0.8866709,-0.020158553,-0.37598756,326.91278,108.922005,-12.394623,WAL
1897332282000,109.814894,-0.626568128817126,-15.3701885534718,1.10686894733327,1.1047498,-0.06963864,-0.45937067,326.79022,108.4738,-12.2612915,WAL
1897337324000,109.819936,-0.395968703442671,-15.5830294030733,0.910965452822104,1.2993103,-0.11789699,-0.56077427,326.6472,107.92194,-12.06497,WAL
1897342320000,109.824932,-0.155608963352049,-15.7008527206462,0.595198740272853,1.4892895,-0.12339478,-0.6630942,326.50342,107.324844,-11.849377,WAL
1897347311000,109.829923,0.104810810923446,-15.61764509994,0.261768611543074,1.6475036,-0.09590584,-0.7806858,326.34637,106.644,-11.55981,WAL
1897352311000,109.834923,0.377586145722566,-15.416653195083,-0.0827897034679193,1.7977765,-0.04184427,-0.8958339,326.19824,105.92614,-11.24709,WAL
1897357322000,109.839934,0.663822325319777,-15.0183265475019,-0.441917223461244,1.9413297,0.04886922,-1.0076222,326.06903,105.1824,-10.869958,WAL
1897362285000,109.844897,0.95480981930141,-14.5090984398163,-0.805651597720564,2.10046,0.0983493,-1.1071932,325.9471,104.40572,-10.472068,WAL
1897367315000,109.849927,0.95127390457888,-13.9414168187077,-1.00504451500147,2.3307564,0.21777347,-1.1383474,325.88022,103.612785,-10.02969,WAL
1897372419000,109.855031,0.869799221492303,-13.3519230848122,-1.16320130574566,2.460565,0.3491095,-1.2024882,325.83264,102.80178,-9.558401,WAL
1897377318000,109.85993,0.431067022458641,-12.8224591837752,-1.05183577605143,2.7711902,0.46883908,-1.2663237,325.82574,101.94339,-9.055393,WAL
1897382345000,109.864957,-0.125494907817421,-12.2898867598166,-0.85991783174407,3.0763173,0.54336464,-1.3588698,325.8465,101.06392,-8.534581,WAL
1897387307000,109.869919,-0.723366064656794,-12.0112166035621,-0.514976148857314,3.375336,0.53786683,-1.4385877,325.8902,100.188705,-8.037636,WAL
1897392346000,109.874958,-1.34626190848009,-11.8084137443466,-0.114198196796678,3.6102135,0.4728097,-1.5274686,325.94135,99.2775,-7.522817,WAL
1897397316000,109.879928,-1.80411721924177,-11.7836622962826,-0.00914924731104142,3.7421606,0.40866885,-1.5864171,326.0055,98.43731,-7.1079946,WAL
1897402298000,109.88491,-2.21341381756296,-11.8144692637211,0.0040538665550226,3.762319,0.41050145,-1.6264287,326.07675,97.61373,-6.68432,WAL
1897407315000,109.889927,-2.62147598614408,-12.0057255125963,-0.174640644410681,3.6890152,0.46089783,-1.6307048,326.16473,96.920425,-6.3704305,WAL
1897412334000,109.894946,-3.0267794636269,-12.3109544876119,-0.489876712815116,3.5317173,0.56230146,-1.6203201,326.27744,96.321655,-6.0595465,WAL
1897417340000,109.899952,-3.47042799687313,-12.6672793718383,-0.919827409400518,3.2852333,0.6713409,-1.5961909,326.42545,95.93012,-5.8479767,WAL
1897422455000,109.905067,-3.94359860531767,-13.0575230045808,-1.41738837732523,2.9846876,0.7165449,-1.561677,326.59164,95.656975,-5.6516623,WAL
1897427350000,109.909962,-4.46215546046908,-13.5250507749825,-1.78092706836724,2.7473664,0.7119634,-1.5115861,326.78427,84.41789,-5.572161,WAL
1897432372000,109.914984,-5.02616109416658,-14.0504923111156,-2.09908403184324,2.5729644,0.60994893,-1.4798211,326.9639,84.435715,-5.5016007,WAL
1897437384000,109.919996,-5.68816111034449,-14.8321200084663,-2.58347976162904,2.4165828,0.48533243,-1.491122,327.1395,84.312744,-5.5811462,WAL
1897442362000,109.924974,-6.39333322562281,-15.7321415364928,-3.14483389150448,2.173764,0.45356745,-1.6120734,327.31168,84.2248,-5.631824,WAL
1897447350000,109.929962,-7.23213071900891,-16.4160101133092,-3.44775463588287,1.8619173,0.40317106,-1.8026633,327.44452,84.06596,-5.7941213,WAL
1897452351000,109.934963,-8.15613846862207,-16.9647864806581,-3.58846639810988,1.6517797,0.28008172,-2.0073032,327.5443,83.96801,-5.8994975,WAL
1897457327000,109.939939,-8.33341721827539,-16.6071602450961,-3.76732026845018,1.6019942,0.3200934,-2.1157317,327.6885,83.81356,-6.0971065,WAL
1897462330000,109.944942,-7.94724887236357,-15.5603186888716,-3.97668843394834,1.6328428,0.41447207,-2.0357084,327.80338,83.68658,-6.2580814,WAL
1897467308000,109.94992,-7.25618739367152,-14.3868098351582,-4.22978544173782,1.6523905,0.63132924,-1.9428569,327.99536,83.518456,-6.449425,WAL
1897472389000,109.955001,-6.24437731642391,-13.0572818420894,-4.53283991310899,1.6972891,0.90316427,-1.7217237,328.21945,83.31368,-6.6682224,WAL
1897477339000,109.959951,-5.21328437835103,-12.1644326921322,-4.51339648992956,1.8579466,1.1856894,-1.5082263,328.48868,83.13792,-6.852695,WAL
1897482376000,109.964988,-4.12206997771604,-11.6283977408473,-4.2023043933922,2.053118,1.3878858,-1.3747523,328.80505,82.937546,-7.0577006,WAL
1897487297000,109.969909,-3.0048731628577,-11.2140811544891,-3.72984915055561,2.2351558,1.491733,-1.3335189,329.13416,82.82634,-7.172026,WAL
1897492304000,109.974916,-1.81658818035205,-10.9028632874422,-3.07912182308978,2.310598,1.5439619,-1.2757921,329.50116,82.678734,-7.3208704,WAL
1897497287000,109.979899,-0.875574269167347,-10.6594468967347,-2.26575135334694,2.3362541,1.5146403,-1.2134838,329.87573,82.72055,-7.2783794,WAL
1897502214000,109.984826,-0.225577793202041,-10.4957443052041,-1.26909009154082,2.293799,1.3759739,-1.1829406,330.2265,82.75179,-7.245979,WAL
1897507232000,109.989844,0.134674619342826,-10.4146368440705,-0.868994343886289,2.225993,1.3154984,-1.1618657,330.5488,82.90021,-7.094215,WAL
1897512232000,109.994844,0.175201782541073,-10.424172839291,-1.11930916515483,2.1673498,1.4886786,-1.1572843,330.8926,83.0379,-6.952364,WAL
1897517223000,109.999835,0.215655996845564,-10.4336916697202,-1.3691734197451,2.1771238,1.824349,-1.1533136,331.31274,83.33484,-6.626691,WAL
1897522238000,110.00485,0.256304741533406,-10.4432562729264,-1.62023918547745,2.2116377,2.1352794,-1.0943651,331.77106,83.58485,-6.330238,WAL
1897527204000,110.009816,0.33628787473904,-10.3574271524008,-1.73034300104384,2.2382102,2.2928827,-1.0036516,332.28528,83.801994,-6.049216,WAL
1897532228000,110.01484,0.462937820967596,-10.160901059272,-1.68230335526005,2.2299635,2.3835962,-0.9275989,332.86157,83.97616,-5.7946777,WAL
1897537199000,110.019811,0.592204249613284,-9.92206370810575,-1.62679433752458,2.1762075,2.4233024,-0.8738427,333.43182,84.13089,-5.586709,WAL
1897542233000,110.024845,0.734400044658073,-9.55340817129124,-1.54779666750055,2.121535,2.4184155,-0.8402451,334.0036,84.25523,-5.4052935,WAL
1897547174000,110.029786,0.77539361058365,-9.14026687851711,-1.64457619068441,2.0540345,2.4284947,-0.7761043,334.60602,84.39071,-5.205369,WAL
1897552287000,110.034899,0.68230195348384,-8.64222617062738,-1.98436080009506,2.0329595,2.4422393,-0.6933321,335.1942,84.49541,-5.03181,WAL
1897557250000,110.039862,0.545210637227402,-8.15348684866032,-2.23263202194524,2.0289888,2.425746,-0.61422503,335.78564,84.602,-4.838974,WAL
1897562312000,110.044924,0.312075693833546,-7.64439640641869,-2.32303132342723,1.9963076,2.3493876,-0.54092115,336.34998,84.67698,-4.6787844,WAL
1897567269000,110.049881,0.00608201575922443,-7.10180727658522,-2.40891134820457,1.9636264,2.2467623,-0.5103779,336.91388,84.754074,-4.5166807,WAL
1897572347000,110.054959,-0.489416610868533,-6.4427457676328,-2.49069256583243,1.8964312,2.1615467,-0.47891834,337.4478,84.8088,-4.3845696,WAL
1897577282000,110.059894,-0.888639082441583,-5.92617804902241,-2.55516869093944,1.8219056,2.084883,-0.4550946,337.9814,84.83331,-4.2740335,WAL
1897582380000,110.064992,-1.08886513533619,-5.71198279542203,-2.58310728683834,1.7608191,2.026851,-0.43157628,338.48492,84.848236,-4.180012,WAL
1897587334000,110.069946,-1.27651345955035,-5.53866529185242,-2.61570127598962,1.704314,1.967597,-0.4016439,339.02704,84.781784,-4.119025,WAL
1897592319000,110.074931,-1.43705469485012,-5.50655706395081,-2.67074390449654,1.6487253,1.9062049,-0.3912592,339.54633,84.71644,-4.065572,WAL
1897597324000,110.079936,-1.59751451878152,-5.47359804813395,-2.7078907767097,1.6032158,1.8512272,-0.3659083,340.0753,84.61431,-4.0417385,WAL
1897602298000,110.08491,-1.75126891632036,-5.43515947383498,-2.60218464721606,1.5674802,1.8127426,-0.376293,340.58777,84.52086,-4.0165205,WAL
1897607317000,110.089929,-1.89336153152641,-5.37806772396925,-2.49260266827393,1.534188,1.7794504,-0.398895,341.10684,84.41173,-4.0066085,WAL
1897612345000,110.094957,-1.94623905545573,-5.19539988665269,-2.36281245527603,1.4761559,1.751656,-0.43035457,341.61374,84.315186,-3.9968426,WAL
1897617346000,110.099958,-1.98771985888997,-5.01125654270691,-2.21042212350536,1.3771957,1.7104226,-0.46822822,342.12936,84.20341,-4.000015,WAL
1897622417000,110.105029,-1.95461881998053,-4.80792144127556,-1.8983263669036,1.2498302,1.7263051,-0.5103779,342.65137,84.114204,-3.999949,WAL
1897627345000,110.109957,-1.92530590742719,-4.61603710689308,-1.5901668089086,1.1172725,1.7082846,-0.5467244,343.16794,84.02159,-3.9987254,WAL
1897632395000,110.115007,-1.93017971978232,-4.48931798565958,-1.2148830031039,0.98746365,1.6884315,-0.5821546,343.6866,83.96098,-3.9923592,WAL
1897637362000,110.119974,-1.9416234847153,-4.36149516650063,-0.849966599086825,0.8344419,1.6514742,-0.61727935,344.21393,83.90524,-3.9731948,WAL
1897642354000,110.124966,-2.01632991776541,-4.2027439597031,-0.523126161700361,0.6988298,1.5989398,-0.6597345,344.7288,83.87849,-3.9477093,WAL
1897647496000,110.130108,-2.09395991345873,-4.04062914423545,-0.195840612947081,0.5421429,1.5415184,-0.6805039,345.25748,83.85398,-3.9195998,WAL
1897652354000,110.134966,-2.17557317719521,-3.90460703800799,-0.000875456722541648,0.40103304,1.496009,-0.691194,345.77075,83.85681,-3.8889992,WAL
1897657599000,110.140211,-2.26481527401386,-3.76199700606005,0.204864040386143,0.2519819,1.4474452,-0.6918049,346.3095,83.85687,-3.8557851,WAL
1897662349000,110.144961,-2.36987259272055,-3.7241763871224,0.288909921679446,0.118507855,1.4202617,-0.6780604,346.83435,83.87623,-3.8333046,WAL
1897667326000,110.149938,-2.47995054539492,-3.68454834071132,0.376972311405081,0.038789943,1.3961325,-0.67103547,347.38232,83.87224,-3.8108299,WAL
1897672422000,110.155034,-2.55239375811656,-3.6734286328292,0.453626638499698,-0.10262536,1.3704761,-0.6478226,347.9143,83.89861,-3.8066013,WAL
1897677253000,110.159865,-2.61303630062513,-3.66876382936076,0.523598748977616,-0.22602014,1.3469579,-0.61911196,348.4331,83.928505,-3.8151186,WAL
1897682403000,110.165015,-2.57001792306677,-3.61388982306677,0.501569467002075,-0.3491095,1.3307699,-0.59650993,348.97192,83.946594,-3.8440495,WAL
1897687315000,110.169927,-2.50791132510373,-3.55178322510373,0.461643824014523,-0.47647488,1.3066407,-0.58123827,349.49606,83.98143,-3.8860986,WAL
1897692336000,110.174948,-2.38556399295803,-3.43291604564165,0.477951467625101,-0.58459806,1.2809844,-0.54153204,350.03333,84.00261,-3.9455416,WAL
1897697291000,110.179903,-2.24194092844027,-3.29408036495157,0.516250973158797,-0.71959925,1.2415836,-0.5103779,350.5557,84.04776,-4.0119185,WAL
1897702359000,110.184971,-2.10098922096233,-3.12288314197397,0.617882540504831,-0.84482664,1.1908818,-0.4792238,351.07916,84.12111,-4.058012,WAL
1897707318000,110.18993,-1.96519251650562,-2.94494271193059,0.739631320134096,-0.9831876,1.1178834,-0.44623706,351.58035,84.207695,-4.1178107,WAL
1897712345000,110.194957,-1.86439066290116,-2.78119194052533,0.903543900266614,-1.112691,1.0225884,-0.41050145,352.05945,84.31972,-4.151568,WAL
1897717332000,110.199944,-1.77950155198973,-2.62556198592871,1.08275413609164,-1.2513574,0.9114109,-0.37690386,352.50928,84.44098,-4.196964,WAL
1897722364000,110.204976,-1.75582496387212,-2.50423506067505,1.24425974632287,-1.382999,0.7699956,-0.3381139,352.90582,84.57268,-4.237376,WAL
1897727370000,110.209982,-1.76057023367317,-2.39983907550233,1.39610852860536,-1.5115861,0.6072,-0.29535335,353.26196,84.70417,-4.2886033,WAL
1897732405000,110.215017,-1.7947615675586,-2.37526014004627,1.58314032878986,-1.6563611,0.43951756,-0.24495697,353.56183,84.8288,-4.348846,WAL
1897737450000,110.220062,-1.84336332437381,-2.38984065186601,1.78726759576501,-1.7831156,0.26053402,-0.19730948,353.81046,84.93933,-4.418715,WAL
1897742350000,110.224962,-1.864542948108,-2.55694188268562,1.98449399025363,-1.89918,0.09101892,-0.12522738,354.00958,85.01,-4.5195775,WAL
1897747346000,110.229958,-1.87432934467171,-2.79670875177951,2.18511527309266,-2.0060816,-0.07086037,-0.070249505,354.15884,85.05675,-4.6271772,WAL
1897752359000,110.234971,-1.88362488416367,-3.24128562955105,2.41181329117257,-2.103209,-0.21930063,0.017104227,354.26184,85.02674,-4.7830815,WAL
1897757350000,110.239962,-1.89267921430195,-3.76190994340784,2.64722601658458,-2.1905627,-0.2770274,0.112704635,354.3435,84.951035,-4.955894,WAL
1897762349000,110.244961,-1.84451206600125,-4.72502798459139,3.02785411129133,-2.244319,-0.3827071,0.16157386,354.3698,84.82692,-5.1394515,WAL
1897767340000,110.249952,-1.76002846767519,-5.96743396137451,3.49996841049075,-2.2434027,-0.43554693,0.267559,354.39328,84.630684,-5.365184,WAL
1897772429000,110.255041,-1.55022073008902,-7.57465732599407,4.12170421163205,-2.1972823,-0.4529566,0.35643986,354.41418,95.57872,-5.577372,WAL
1897777349000,110.259961,-1.29389199062315,-9.27574820195846,4.78349852142433,-2.091908,-0.41263947,0.44776422,354.4352,95.832924,-5.8169317,WAL
1897782420000,110.265032,-0.855652405428786,-11.3715737054795,5.69545865030024,-1.9092593,-0.30848694,0.54458636,354.47028,96.05924,-6.027995,WAL
1897787433000,110.270045,-0.337639511202852,-13.6102902328767,6.70896218399325,-1.6352862,-0.15607607,0.5720753,354.52783,96.28185,-6.238189,WAL
1897792319000,110.274931,0.489960838135752,-15.2911698943801,7.96948496737566,-1.2278391,0.008552114,0.5439755,354.6043,96.37863,-6.3433375,WAL
1897797356000,110.279968,1.62663820820769,-16.5837635634449,9.50852574363466,-0.6719518,0.07727446,0.35338554,354.69177,96.42113,-6.402678,WAL
1897802342000,110.284954,2.85749709035335,-17.4417760275479,10.2742568063857,-0.08307768,0.03756821,0.021685716,354.73782,96.243004,-6.242808,WAL
1897807354000,110.289966,4.16108023564684,-18.0398350132386,10.5686143521853,0.4364632,0.1386664,-0.35308012,354.84515,83.95877,-6.0210767,WAL
1897812349000,110.294961,5.18755857582996,-18.4752263186235,10.1890359299595,0.7812967,0.44929138,-0.61483586,354.90945,84.2956,-5.561366,WAL
1897817322000,110.299934,5.99738409312753,-18.7837320110324,9.28762280253036,0.90408057,0.86376345,-0.7067711,355.05026,84.51564,-5.073843,WAL
1897822378000,110.30499,5.94869369719423,-18.1486528186129,8.41469583901403,0.9095783,1.138042,-0.6795876,355.2025,84.752304,-4.362548,WAL
1897827355000,110.309967,5.28944377810709,-16.8584061339656,7.58592478610947,0.8729264,1.2843442,-0.63621616,355.4599,84.76046,-3.6815312,WAL
1897832428000,110.31504,4.29452219700942,-15.1006824342169,6.80567110830178,0.81122905,1.3277156,-0.5681047,355.78595,84.74088,-2.9219584,WAL
1897837391000,110.320003,3.08078221254491,-13.0516308538693,6.09034898855229,0.7079928,1.2993103,-0.50335294,356.14334,84.55514,-2.2259033,WAL
1897842434000,110.325046,1.84040473299076,-11.0189877793227,5.39682130930579,0.56382865,1.2018774,-0.45265114,356.5265,84.30125,-1.663254,WAL
1897847357000,110.329969,0.62299273975797,-9.08049333558447,4.75065646213129,0.38698313,1.0790935,-0.43218717,356.8936,84.01042,-1.1362549,WAL
1897852337000,110.334949,-0.442853087219658,-7.39270941834719,4.18352482965281,0.15241088,0.9254609,-0.3866777,357.24365,83.74567,-0.8189447,WAL
1897857361000,110.339973,-1.3416061969734,-5.98105548183863,3.70356238216137,-0.10903945,0.8536842,-0.30848694,357.57803,83.52121,-0.5247147,WAL
1897862347000,110.344959,-2.13976845350966,-4.92498655223805,3.16500407194303,-0.37018433,0.75625116,-0.25778514,357.86954,83.375786,-0.4191725,WAL
1897867332000,110.349944,-2.81969253336724,-4.30334158504578,2.5482158538352,-0.50488013,0.7189884,-0.13225232,358.15118,83.26435,-0.35911682,WAL
1897872335000,110.354947,-3.47973897227023,-3.99439072576591,2.09727556901021,-0.7825184,0.70952,0.02687807,358.4139,83.2851,-0.463293,WAL
1897877352000,110.359964,-4.11665204862529,-4.03685157124902,1.83307455561665,-1.0424415,0.69974613,0.204029,358.66052,83.33178,-0.6082887,WAL
1897882419000,110.365031,-4.49576603006472,-4.44768577201412,1.8429183536968,-1.2812898,0.6356053,0.38973203,358.8972,83.489655,-0.8990414,WAL
1897887390000,110.370002,-4.54711619684252,-5.29729830476564,2.18836522267111,-1.4810427,0.4016439,0.50610185,359.07953,83.68608,-1.215551,WAL
1897892284000,110.374896,-4.58507250471313,-6.40882348344437,2.72535718498558,-1.6154331,-0.0009162979,0.605062,359.20975,83.906586,-1.6685357,WAL
1897897350000,110.379962,-4.60436894253754,-7.99595640121309,3.59369734043949,-1.6392568,-0.5299256,0.68661255,359.23602,84.091515,-2.139544,WAL
1897902263000,110.384875,-4.82745645185944,-10.3511764140556,3.66915913033675,-1.5238034,-1.1184943,0.7254025,359.13864,84.186165,-2.6100793,WAL
1897907359000,110.389971,-5.40861966193265,-14.1906644734017,2.43537858286969,-1.3045027,-1.5894713,0.7611381,358.92465,84.1915,-3.0894175,WAL
1897912250000,110.394862,-5.89285677752809,-16.8976847865169,1.4131707752809,-1.0601566,-1.8008307,0.7779369,358.61694,84.04378,-3.5437553,WAL
1897917332000,110.399944,-6.23823337439385,-17.61242155411,0.698432930780603,-0.8060367,-1.7168368,0.77213365,358.26184,83.81385,-3.987472,WAL
1897922310000,110.404922,-6.16391293905325,-18.2053706757202,0.524906388228732,-0.50518554,-1.2724323,0.73853606,358.17245,83.78758,-4.313787,WAL
1897927352000,110.409964,-5.12877243846154,-18.5566634300126,1.57409863322825,-0.06414085,-0.7079928,0.68539083,358.14856,83.661705,-4.6227064,WAL
1897932270000,110.414882,-3.92360299018386,-18.4674892610827,2.23210140367722,0.56779927,-0.23548855,0.61819565,358.3162,83.52473,-4.9011765,WAL
1897937404000,110.420016,-2.00512310526047,-16.9156294698672,1.6846817052094,1.1884383,-0.16737708,0.39645153,358.52902,83.33874,-5.1190786,WAL
1897942283000,110.424895,-0.419159155401986,-15.0154785773798,0.944349259684641,1.4046847,-0.310625,0.08460484,358.73602,83.1571,-5.1712384,WAL
1897947351000,110.429963,0.605967412244501,-11.9259268246058,-0.402015255285186,1.1319333,-0.33444872,-0.18051068,358.9937,82.990715,-5.181704,WAL
1897952308000,110.43492,1.39650741154695,-9.09326026559992,-1.47516171594101,0.5354234,-0.22082779,-0.41233405,359.23874,83.09756,-4.8938046,WAL
1897957356000,110.439968,1.47410567470907,-6.85745999489366,-1.73220594683989,-0.15424347,-0.24678956,-0.602924,359.4264,83.30461,-4.556155,WAL
1897962311000,110.444923,1.43462209568966,-4.90093108706897,-1.87449483793103,-0.4859433,-0.42058071,-0.61117065,359.56058,83.69313,-4.131275,WAL
1897967337000,110.449949,1.01507178708812,-3.69760525237548,-1.65780395095785,-1.0396926,-0.6762278,-0.602924,359.64847,84.2918,-3.667542,WAL
1897972355000,110.454967,0.584202879815838,-2.56168127348066,-1.49909650515654,-1.4049901,-0.95325524,-0.5684101,359.58743,84.85214,-3.2722661,WAL
1897977354000,110.459966,0.0894903422181298,-1.78777454496624,-1.65583714789237,-1.6685784,-1.2394456,-0.5317582,359.4432,85.50284,-2.8786666,WAL
1897982362000,110.464974,-0.414815613333333,-1.10373601146067,-1.8886933988764,-1.8420641,-1.4538593,-0.4905248,359.22684,86.11286,-2.5787039,WAL
1897987584000,110.470196,-0.976726632982456,-0.768560937823773,-2.44567543932584,-1.9611828,-1.6282613,-0.40622538,358.93692,86.73892,-2.300538,WAL
1897992325000,110.474937,-1.45612281677906,-0.568796198294328,-2.94172084311781,-2.0448713,-1.7592919,-0.2593123,358.63452,87.3072,-2.115022,WAL
1897997348000,110.47996,-1.80912948374653,-0.883639900493852,-3.41875675705077,-2.141999,-1.9199494,-0.11759156,358.2739,87.80732,-1.9540838,WAL
1898002314000,110.484926,-2.13171331999408,-1.22986791697275,-3.87146677254147,-2.1951442,-2.1065688,0.0106901415,358.0032,88.13448,-1.8474219,WAL
1898007356000,110.489968,-2.30334687309439,-1.7876771512342,-4.21950152583926,-2.1734586,-2.293188,0.14905111,357.6876,91.848045,-1.7898512,WAL
1898012316000,110.494928,-2.45810100826907,-2.3426729855059,-4.54761641196692,-2.0891593,-2.4071145,0.29260445,357.35712,92.20097,-1.8317674,WAL
1898017329000,110.499941,-2.51162711432686,-2.94930322769674,-4.77510279354269,-2.000889,-2.424524,0.4334089,357.00958,92.7331,-1.9161043,WAL
1898022637000,110.505249,-2.56690813222619,-3.59694461101535,-5.00753555920748,-1.9657644,-2.3441954,0.5830709,356.67416,93.397545,-2.073439,WAL
1898027354000,110.509966,-2.57640460248056,-4.32340981076309,-4.97429855785159,-1.9129245,-2.2262983,0.7443393,356.35812,94.07433,-2.274153,WAL
1898032387000,110.514999,-2.58538501241296,-5.10729106404234,-4.92786591310928,-1.842675,-2.108096,0.9211848,356.02414,94.83194,-2.5704455,WAL
1898037333000,110.519945,-2.5809873383437,-5.97802208054962,-4.7563582315941,-1.756543,-1.9871446,1.1163563,355.74252,95.58431,-2.9136937,WAL
1898042280000,110.524892,-2.57658877513694,-6.84892914457339,-4.58481587404141,-1.6209309,-1.8347337,1.3164146,355.46722,96.3494,-3.3372693,WAL
1898047311000,110.529923,-2.49317875911597,-7.95560129958906,-4.42837699918813,-1.5140295,-1.6618589,1.5250251,355.25278,97.114784,-3.8102808,WAL
1898052272000,110.534884,-2.40270065073669,-9.06991091700912,-4.27599285067656,-1.4077389,-1.543351,1.7263051,355.08713,97.86232,-4.3292794,WAL
1898057305000,110.539917,-2.35055607341583,-10.4533975121245,-4.07836743143399,-1.3335189,-1.2760975,1.8304577,355.01312,98.57513,-4.8585505,WAL
1898062247000,110.544859,-2.30332656153079,-11.8372186645045,-3.88000400427103,-1.3038919,-1.024421,1.9871446,354.9911,99.30211,-5.446561,WAL
1898067301000,110.549913,-2.219813044121,-13.2550657928082,-3.40428150062785,-1.2388347,-0.81092364,2.0693061,355.03055,99.944595,-5.991392,WAL
1898072335000,110.554947,-2.13267623767123,-14.6676013082192,-2.89980454452055,-1.1991285,-0.70066243,2.0506747,355.12476,100.58326,-6.5354695,WAL
1898077319000,110.559931,-1.79877259562924,-15.3063715900528,-2.60881011341372,-1.2211196,-0.6047566,1.9440787,355.28537,101.1176,-7.003021,WAL
1898082245000,110.564857,-1.41216214890731,-15.7640826475132,-2.36884505335343,-1.3115277,-0.47647488,1.749518,355.4876,101.62756,-7.4249334,WAL
1898087342000,110.569954,-0.812487480605775,-15.4077686960138,-2.27154775728186,-1.4535538,-0.31612277,1.5228871,355.7237,101.97475,-7.714122,WAL
1898092277000,110.574889,-0.140006929748901,-14.6808963254865,-2.24682427470182,-1.5650368,-0.12461651,1.2977833,355.9968,102.29579,-7.9404387,WAL
1898097314000,110.579926,0.377797917376418,-13.7263657611948,-2.12867004393821,-1.6352862,0.04153884,1.0720685,356.23788,102.54018,-8.044835,WAL
1898102314000,110.584926,0.841282413856668,-12.7151267604126,-1.98353854217833,-1.6786577,0.13439035,0.84757555,356.4995,102.761765,-8.085873,WAL
1898107326000,110.589938,1.24744620086251,-11.6931024060992,-1.92253879992812,-1.7085901,0.16157386,0.6337727,356.72424,102.93472,-8.011843,WAL
1898112312000,110.594924,1.62987731569976,-10.6732864753055,-1.89312099035835,-1.7073684,0.06719518,0.46609017,356.92566,103.08202,-7.897973,WAL
1898117298000,110.59991,1.62356741586745,-10.0311644426901,-1.62546973235867,-1.6505579,-0.17989981,0.2874121,357.03845,103.18745,-7.707276,WAL
1898122410000,110.605022,1.50427735130604,-9.48243010584795,-1.28191443411306,-1.5803084,-0.5671884,0.10598512,357.0679,103.26584,-7.4896445,WAL
1898127317000,110.609929,1.18324239595159,-9.02887019553868,-1.16396613735169,-1.5164729,-1.0430524,-0.09010262,356.95462,103.32883,-7.228204,WAL
1898132329000,110.614941,0.782301915871856,-8.59148030583768,-1.11840470240152,-1.461495,-1.4804319,-0.2779437,356.72742,103.35647,-6.9429245,WAL
1898137309000,110.619921,0.31901274658932,-8.24096017691762,-1.3933181602594,-1.4223998,-1.8078557,-0.46028697,356.3693,103.367775,-6.665719,WAL
1898142324000,110.624936,-0.187105327009829,-7.93923594649914,-1.86537057215523,-1.3768903,-2.0363193,-0.5864306,355.90854,103.35093,-6.372275,WAL
1898147314000,110.629926,-0.63052862640428,-7.74792028421857,-2.3591019927971,-1.3454307,-2.1856759,-0.64996064,355.38513,103.37828,-6.1372166,WAL
1898152305000,110.634917,-1.04147684824608,-7.61550354256783,-2.86593818583301,-1.3182472,-2.2214115,-0.64660084,354.83032,103.3911,-5.89135,WAL
1898157322000,110.639934,-1.40763181637021,-7.62828596647573,-3.28580332990654,-1.2843442,-2.2177463,-0.6398814,354.27008,103.496185,-5.723004,WAL
1898162314000,110.644926,-1.73432302505276,-7.75800171444076,-3.63171160654206,-1.2867876,-2.1285598,-0.61758476,353.7307,103.60553,-5.554987,WAL
1898167298000,110.64991,-1.96458277569406,-7.92721106357369,-3.60277969281722,-1.3017539,-1.988061,-0.56779927,353.2037,103.85664,-5.4951725,WAL
1898172364000,110.654976,-2.1227776636948,-8.13060412017887,-3.27735035860816,-1.3219124,-1.9449949,-0.5131268,352.68085,104.10862,-5.4420724,WAL
1898177314000,110.659926,-2.24023847215272,-8.35330725248059,-2.94256072642364,-1.3695599,-1.9324722,-0.43279803,352.204,104.44866,-5.463179,WAL
1898182307000,110.664919,-2.30728134421915,-8.61116457700604,-2.58156090289042,-1.3564262,-1.8832976,-0.34422258,351.75772,104.7776,-5.49513,WAL
1898187328000,110.66994,-2.31249591663682,-8.81875721651741,-2.24244123014925,-1.3524556,-1.8060231,-0.25900686,351.33087,105.08122,-5.561832,WAL
1898192323000,110.674935,-2.26965750439801,-8.98535065532338,-1.92353359134328,-1.3396275,-1.7174476,-0.16554448,350.93372,105.37955,-5.647411,WAL
1898197311000,110.679923,-2.16128682192204,-9.13617017329216,-1.57470649135469,-1.317331,-1.6471981,-0.07666359,350.578,105.60672,-5.734363,WAL
1898202304000,110.684916,-1.9998052817252,-9.27458332120803,-1.20099200368584,-1.3148874,-1.5903877,-0.009162978,350.25534,105.834724,-5.8311276,WAL
1898207318000,110.68993,-1.80035475130036,-9.28828693085161,-0.939846608026517,-1.3249667,-1.5424347,0.064751714,349.91833,106.07011,-5.96699,WAL
1898212317000,110.694929,-1.56110454869964,-9.16622006914839,-0.803132191973483,-1.2996159,-1.4645494,0.118507855,349.61652,106.2919,-6.103599,WAL
1898217274000,110.699886,-1.29730870065735,-8.89879396422735,-0.804036119865626,-1.2257011,-1.3451253,0.16829337,349.30502,106.47394,-6.2400875,WAL
1898222338000,110.70495,-1.00229362412203,-8.48489219556927,-0.936132403577265,-1.1172725,-1.2098186,0.21594086,349.031,106.63875,-6.377545,WAL
1898227251000,110.709863,-0.792953527330827,-8.1814520567867,-1.04196565050455,-0.9602802,-1.0995574,0.25289822,348.7519,106.78964,-6.5074205,WAL
1898232311000,110.714923,-0.75460081981203,-8.09515873268698,-1.09949471678868,-0.8026769,-0.9914343,0.29138273,348.5189,106.91158,-6.6357183,WAL
1898237320000,110.719932,-0.725032204795878,-8.03914858422513,-1.17891134750297,-0.66156703,-0.9275989,0.31887165,348.29294,107.01776,-6.728568,WAL
1898242321000,110.724933,-0.715540810265557,-8.0533854778042,-1.31179092048157,-0.5543602,-0.8872818,0.33964106,348.09747,107.09127,-6.819452,WAL
1898247271000,110.729883,-0.720969431742468,-8.07841392016887,-1.44710485543082,-0.48533243,-0.86467975,0.34300083,347.90405,107.16149,-6.9150715,WAL
1898252304000,110.734916,-0.767217814584533,-8.13391213797735,-1.59509973268087,-0.4801401,-0.8549059,0.33964106,347.7238,107.21971,-7.008354,WAL
1898257286000,110.739898,-0.821635689210882,-8.18202976538684,-1.74517946791434,-0.48899764,-0.84574294,0.33200526,347.5618,107.2677,-7.0881824,WAL
1898262296000,110.744908,-0.914207178830793,-8.20054395311596,-1.91180812409801,-0.54733527,-0.8405506,0.32436943,347.40506,107.32528,-7.1630325,WAL
1898267325000,110.749937,-1.01124258941251,-8.2236120704776,-2.06816621874472,-0.65240407,-0.8579602,0.30695978,347.2248,107.44441,-7.262496,WAL
1898272350000,110.754962,-1.13836500118343,-8.27954599112426,-2.14443970828402,-0.786489,-0.8723156,0.28893927,347.0503,107.58137,-7.3548155,WAL
1898277295000,110.759907,-1.25865735255721,-8.3254154158209,-2.1973816839801,-0.9465357,-0.91629785,0.27275133,346.8588,107.783714,-7.469527,WAL
1898282275000,110.764887,-1.36305886539303,-8.33965226955224,-2.17365408995025,-1.0983357,-0.97494096,0.2669481,346.6625,108.01066,-7.5796895,WAL
1898287279000,110.769891,-1.45203877134219,-8.36582820420301,-2.13596878733148,-1.2104294,-1.0390818,0.26633725,346.45203,108.28962,-7.7162714,WAL
1898292277000,110.774889,-1.480507107841,-8.43699916931007,-2.04581879910785,-1.2935071,-1.0769554,0.28008172,346.2374,108.59096,-7.852131,WAL
1898297276000,110.779888,-1.51813871074463,-8.51740939330335,-1.9236143524038,-1.3264939,-1.0922271,0.2941316,346.00732,108.91394,-8.014102,WAL
1898302280000,110.784892,-1.5947761836082,-8.63715528835582,-1.66496301903048,-1.3316863,-1.1071932,0.3191771,345.77374,109.24211,-8.179268,WAL
1898307276000,110.789888,-1.68194249036157,-8.77717059950471,-1.40895838174344,-1.321607,-1.1560625,0.3381139,345.50433,109.56897,-8.3664465,WAL
1898312288000,110.7949,-1.81507481400693,-9.00539707122338,-1.16171267329371,-1.3038919,-1.2348641,0.3744604,345.2319,109.88848,-8.561769,WAL
1898317287000,110.799899,-1.94526677463597,-9.23032548868555,-0.908078981963794,-1.2672399,-1.2999213,0.4007276,344.948015729271,110.166945774226,-8.7753950974026,WAL
1898322298000,110.80491,-2.06330441948052,-9.44279356493507,-0.620067152207792,-1.2281445,-1.3521502,0.42424592,344.66345,110.44608,-8.989534,WAL
1898327302000,110.809914,-2.18015579274924,-9.64048839274924,-0.347369005537764,-1.1911873,-1.3836098,0.45051312,344.3431,110.71247,-9.257415,WAL
1898332308000,110.81492,-2.29091454359339,-9.75124714359339,-0.164191090918784,-1.14018,-1.4110987,0.46914452,344.01486,110.959915,-9.526873,WAL
1898337293000,110.819905,-2.40120866523903,-9.86154126523903,0.0182183985689533,-1.0867293,-1.4477507,0.49205196,343.6725,111.177574,-9.827481,WAL
1898342322000,110.824934,-2.49207000565508,-9.86905763522556,-0.0728192827517807,-1.0464121,-1.4975362,0.52564955,343.32397,111.38402,-10.132529,WAL
1898347478000,110.83009,-2.57223190141129,-9.85518102016129,-0.228327675655242,-0.9798279,-1.5415184,0.56291234,342.97202,111.56899,-10.440073,WAL
1898352305000,110.834917,-2.5209717890121,-9.7386809858871,-0.708308191541331,-0.90224797,-1.5564847,0.58459806,342.61844,111.724556,-10.766569,WAL
1898357391000,110.840003,-2.45531816444692,-9.62339951295626,-1.22573260381722,-0.84757555,-1.5760323,0.6261369,342.25174,111.90869,-11.131634,WAL
1898362317000,110.844929,-2.24500733652828,-9.60587371356924,-1.87419102421287,-0.74372846,-1.5445728,0.6765333,341.89984,112.063255,-11.492792,WAL
1898368113000,110.850725,-1.98590976802666,-9.60053157978186,-2.6362197156938,-0.6270532,-1.3759739,0.752586,341.59375,112.26102,-11.846464,WAL
1898372347000,110.854959,-1.65012385049485,-9.78889904140578,-3.18084813219552,-0.43585235,-1.2895365,0.7742717,341.27875,112.41177,-12.193576,WAL
1898377306000,110.859918,-1.25684034434458,-10.0095212053626,-3.8187348391941,-0.37659842,-1.0641272,0.8081747,341.089,112.62342,-12.47158,WAL
1898382312000,110.864924,-0.643716400299069,-10.223872753466,-4.04410220499109,-0.27458394,-0.8179486,0.84116143,340.93857,112.77775,-12.735016,WAL
1898387293000,110.869905,-0.0154359419219648,-10.436448939493,-4.23305879286988,-0.17928895,-0.5873469,0.8689558,340.85492,112.9201,-12.977985,WAL
1898392322000,110.874934,0.657333269442961,-10.5017182402913,-3.86626391917476,-0.14294247,-0.42394048,0.86742866,340.77713,113.08949,-13.150525,WAL
1898397295000,110.879907,1.32682544037379,-10.5498831132686,-3.44241263462783,-0.17745635,-0.3555236,0.82619524,340.7376,113.2453,-13.3013115,WAL
1898402330000,110.884942,1.74836469805039,-10.6693267687463,-3.05783649115177,-0.30207285,-0.3857614,0.72204274,340.63275,113.36609,-13.339983,WAL
1898407289000,110.889901,2.14246444019196,-10.7927796904619,-2.68272959010198,-0.45112398,-0.48502702,0.54641896,340.5171,113.47815,-13.3462,WAL
1898412314000,110.894926,2.1613184632957,-11.0886176287828,-2.5728694130443,-0.5925393,-0.5891795,0.31856623,340.2981,113.49915,-13.228234,WAL
1898417283000,110.899895,2.14777502741675,-11.3956024582108,-2.48709422486481,-0.6728681,-0.6817256,0.08307768,340.04007,113.51173,-13.070461,WAL
1898422383000,110.904995,1.85342849111088,-11.7831510239765,-2.44580676800335,-0.70646566,-0.72143185,-0.13683382,339.70895,113.446304,-12.808355,WAL
1898427254000,110.909866,1.51153712700241,-12.1689994018427,-2.41650187116532,-0.7113526,-0.7150178,-0.30207285,339.35303,113.369965,-12.506307,WAL
1898432311000,110.914923,0.930476707037421,-12.2595429855783,-2.22099054563107,-0.7199047,-0.68508536,-0.40011674,338.9677,113.26528,-12.170021,WAL
1898437297000,110.919909,0.331858148609671,-12.3135543040814,-2.0094486038835,-0.7440339,-0.6560693,-0.43676865,338.58078,113.158806,-11.812122,WAL
1898442321000,110.924933,-0.322821223453282,-12.2136295033735,-1.80914710716622,-0.7883216,-0.66523224,-0.45998153,338.19333,113.06252,-11.48729,WAL
1898447249000,110.929861,-0.978970539208751,-12.0737150089961,-1.61616200244326,-0.80848014,-0.6600399,-0.44715336,337.82455,112.97498,-11.165565,WAL
1898452303000,110.934915,-1.34052069622037,-12.0295027162991,-1.52581221105518,-0.8063421,-0.65179324,-0.4202753,337.47928,112.91988,-10.952697,WAL
1898457329000,110.939941,-1.6312482334401,-12.0074779168116,-1.4597377665965,-0.75961095,-0.59803706,-0.3378085,337.16006,112.872505,-10.757893,WAL
1898462316000,110.944928,-1.69703763145429,-12.2443720686957,-1.25800505759833,-0.6713409,-0.52320606,-0.2556471,336.87442,112.85487,-10.6837225,WAL
1898467312000,110.949924,-1.64063391048119,-12.6238153506591,-0.981114139175865,-0.5335908,-0.46273044,-0.2049453,336.6085,112.82075,-10.620416,WAL
1898472377000,110.954989,-1.44521202168745,-13.165535409394,-0.656076515082633,-0.39400807,-0.41080686,-0.18417588,336.37817,112.79095,-10.619438,WAL
1898477321000,110.959933,-1.21641271336619,-13.7375333218324,-0.326605483386489,-0.23976462,-0.3662137,-0.20005837,336.16705,112.72534,-10.61628,WAL
1898482311000,110.964923,-1.03130682305268,-14.318208042436,-0.0431525631667472,-0.09468412,-0.310625,-0.24465153,335.96097,112.5775,-10.591116,WAL
1898487358000,110.96997,-0.863106807887869,-14.9069082711455,0.223164127510875,0.043982297,-0.269697,-0.28710666,335.76526,112.39398,-10.55934,WAL
1898492318000,110.97493,-0.756317038324607,-15.3978004973822,0.42193103382199,0.19058995,-0.24984388,-0.33292156,335.56223,112.08569,-10.460216,WAL
1898497312000,110.979924,-0.681196788309948,-15.8435142129843,0.587195624642932,0.33414328,-0.26358834,-0.36651915,335.36298,111.74631,-10.354079,WAL
1898502297000,110.984909,-0.610465270277107,-16.1591627542725,0.534756048023559,0.49296826,-0.25870144,-0.41386122,335.1466,111.30005,-10.199456,WAL
1898507326000,110.989938,-0.540712763504876,-16.4288714669306,0.399901269252679,0.6930266,-0.23335053,-0.4633413,334.93518,110.81357,-10.03765,WAL
1898512314000,110.994926,-0.438786226390686,-16.4322255109961,0.216425927231565,0.9254609,-0.18906279,-0.5183192,334.71945,110.24354,-9.84565,WAL
1898517303000,110.999915,-0.319921953481939,-16.2990978017713,0.00722477533684945,1.1746938,-0.16035213,-0.5720753,334.50974,109.627365,-9.643669,WAL
1898522376000,111.004988,-0.202710813943264,-15.9423972003558,-0.0920431767272907,1.4248432,-0.16523905,-0.6398814,334.30185,108.95901,-9.410039,WAL
1898527320000,111.009932,-0.0903904016281507,-15.4790764246318,-0.129483311233567,1.63437,-0.20097467,-0.73639804,334.09497,108.24491,-9.1588335,WAL
1898532312000,111.014924,-0.124117622813149,-14.9338635315511,-0.0730654448097487,1.8209893,-0.25534168,-0.8491027,333.87238,107.5039,-8.884437,WAL
1898537317000,111.019929,-0.246369824677876,-14.3407133506518,0.0401310336353675,1.9862283,-0.33964106,-0.999681,333.63037,106.716064,-8.583005,WAL
1898542314000,111.024926,-0.466776151085397,-13.6867163792675,0.132943327892321,2.1453588,-0.4447099,-1.1511755,333.3653,105.898926,-8.255274,WAL
1898547314000,111.029926,-0.782736598632495,-12.9723714428612,0.206209516091613,2.3209825,-0.47403142,-1.278541,333.09927,105.037865,-7.8980436,WAL
1898552295000,111.034907,-1.17154328341869,-12.3066814260563,0.253209051885403,2.5118778,-0.5143485,-1.3313808,332.80725,104.157166,-7.56207,WAL
1898557326000,111.039938,-1.67021469359795,-11.7000502957746,0.26349094609475,2.6032023,-0.49113566,-1.4193454,332.52603,103.25322,-7.1831007,WAL
1898562314000,111.044926,-2.17601505988012,-11.2878180861139,0.247424127996004,2.7681358,-0.42241332,-1.4795157,332.26016,102.34167,-6.8643055,WAL
1898567302000,111.049914,-2.69140616441558,-11.0348945948052,0.20924700748052,2.930015,-0.31673363,-1.520749,332.01968,101.42023,-6.527462,WAL
1898572341000,111.054953,-3.42236648461914,-11.0169522460938,-0.193289708549805,3.0564642,-0.18509217,-1.5479325,331.81796,100.550545,-6.2674227,WAL
1898577319000,111.059931,-4.32089728331055,-11.1985209070312,-0.896285313797851,3.1520646,-0.036957346,-1.5467108,331.6635,99.67751,-6.004141,WAL
1898582309000,111.064921,-4.991392181115,-11.3870530738471,-1.38712938091068,3.2033772,0.15974127,-1.5442673,331.57098,98.89656,-5.833934,WAL
1898587328000,111.06994,-5.42631519363689,-11.5834694267367,-1.65837161103327,3.189022,0.3998113,-1.5198327,331.54736,98.155716,-5.6709986,WAL
1898592315000,111.074927,-5.84027720086423,-11.798094456649,-1.8138984813772,3.1126637,0.58368176,-1.4795157,331.55518,97.80469,-5.7679644,WAL
1898597307000,111.079919,-6.23123068399777,-12.0379976091441,-1.82278378675774,2.9950724,0.64965516,-1.4425583,331.61255,97.50943,-5.8655605,WAL
1898602284000,111.084896,-6.65232674200967,-12.2876250523375,-1.78914203085438,2.8716774,0.6093381,-1.3946054,331.69244,97.3614,-6.0518527,WAL
1898607332000,111.089944,-7.16148147610962,-12.5681799264911,-1.64366924968297,2.7507262,0.5002986,-1.3558154,331.78387,97.271126,-6.2379913,WAL
1898612325000,111.094937,-7.62548277605842,-12.7356093933682,-1.46662657218987,2.6325238,0.31673363,-1.3264939,331.8561,97.25618,-6.47227,WAL
1898617317000,111.099929,-8.0359477468272,-12.7544812520478,-1.24488092718839,2.5240953,0.116980694,-1.350623,331.9028,97.279076,-6.6931686,WAL
1898622321000,111.104933,-8.07419214978775,-12.5503652340813,-1.29563916531231,2.4648414,-0.11301007,-1.4223998,331.91357,97.34812,-6.9442434,WAL
1898627318000,111.10993,-7.54698137689509,-12.0086437671316,-1.75997198114008,2.4208589,-0.30970868,-1.4926492,331.88727,97.44326,-7.1769075,WAL
1898632259000,111.114871,-6.87111903462952,-11.4881012840008,-2.0641659022248,2.3554964,-0.34238997,-1.4966198,331.86902,97.58598,-7.436103,WAL
1898637327000,111.119939,-5.95093044186496,-10.9763636852389,-2.14867306190753,2.2180517,-0.12644911,-1.46852,331.87738,97.745926,-7.671024,WAL
1898642251000,111.124863,-5.17706094123825,-10.5170118656716,-2.14613649292427,1.9712621,-0.011301007,-1.4462235,331.83395,97.83805,-7.803906,WAL
1898647310000,111.129922,-4.61909747369633,-10.1197419353234,-1.97651564316381,1.7482964,0.048563786,-1.4010195,331.8458,97.95637,-7.9445176,WAL
1898652260000,111.134872,-4.08153859537146,-9.75144315382149,-1.90245645719936,1.6920967,-0.076358154,-1.3854424,331.81537,97.93509,-7.933446,WAL
1898657330000,111.139942,-3.57289820242651,-9.47636191704971,-2.28653190904329,1.6471981,-0.13836098,-1.3353515,331.82397,82.05479,-7.9451075,WAL
1898662247000,111.144859,-3.12667898827729,-9.39683231241781,-2.49972819888221,1.7143933,0.006414085,-1.2690725,331.84094,82.12127,-7.873031,WAL
1898667324000,111.149936,-2.77957862383994,-9.76676849445801,-2.33531232462897,1.8435913,0.27091873,-1.2311989,331.87848,82.16975,-7.81061,WAL
1898672332000,111.154944,-2.43062837144158,-10.1341421377845,-2.09840483738998,2.01219,0.54428095,-1.2479976,331.94952,82.313995,-7.640743,WAL
1898677319000,111.159931,-2.05377013994942,-10.5110004197269,-1.52828595237228,2.091908,0.7644979,-1.2751812,332.08234,82.43264,-7.4860253,WAL
1898682286000,111.164898,-1.6924184492125,-10.8644393484376,-1.02829081260002,2.1169536,0.8912524,-1.2962561,332.24567,82.58785,-7.273258,WAL
1898687341000,111.169953,-1.38253741227996,-11.1335464650046,-0.799957403520593,2.1285598,0.93370754,-1.2922854,332.44644,82.71536,-7.070325,WAL
1898692286000,111.174898,-1.07939958287712,-11.3967976403605,-0.576592673966142,2.1093178,1.0189233,-1.3008375,332.69022,82.867096,-6.798587,WAL
1898697316000,111.179928,-0.914214545782735,-11.2964269641034,-0.783767348912104,2.1077905,1.0830641,-1.3038919,332.93774,82.97501,-6.5428,WAL
1898702302000,111.184914,-0.7810652662933,-11.1182695979892,-1.08194671538764,2.0931299,1.1563679,-1.271516,333.20914,83.042816,-6.3084006,WAL
1898708136000,111.190748,-0.625270461531694,-10.9098119016574,-1.4308392994266,2.038152,1.2709051,-1.2174544,333.4973,83.115944,-6.016579,WAL
1898712314000,111.194926,-0.513698522160082,-10.7605256049014,-1.68069758124264,2.0024164,1.3179418,-1.1927143,333.78357,83.14544,-5.740481,WAL
1898717276000,111.199888,-0.381190153763255,-10.5832257953028,-1.97744166797581,1.9633209,1.3674219,-1.1453724,334.10434,83.12273,-5.4786325,WAL
1898722346000,111.204958,-0.501904728834432,-10.0082524083608,-2.08093993068369,1.9575176,1.4416419,-1.0705414,334.44034,83.051796,-5.2476053,WAL
1898727252000,111.209864,-0.709926130189456,-9.31162212973641,-2.10996625543657,1.9706513,1.4440855,-0.96944314,334.76367,82.93848,-5.0504847,WAL
1898732311000,111.214923,-0.880674364917685,-8.71375342086262,-2.22963044881101,1.9819523,1.3594806,-0.8781188,335.0497,82.8935,-4.787674,WAL
1898737331000,111.219943,-1.03804123985751,-8.15371266125927,-2.37311197571965,1.9685133,1.3029755,-0.8213083,335.33694,82.81439,-4.55696,WAL
1898742317000,111.224929,-1.20862130236362,-7.69932378818191,-2.37918177105814,1.9260582,1.2858714,-0.7620544,335.6508,82.66149,-4.36021,WAL
1898747301000,111.229913,-1.38474970878628,-7.28518415606862,-2.33157937680263,1.890017,1.207986,-0.74036866,335.92694,82.49082,-4.175264,WAL
1898752304000,111.234916,-1.52812250842908,-6.94426226645747,-2.2717864141064,1.8683313,1.1078042,-0.70157874,336.21335,82.282,-4.024492,WAL
1898757326000,111.239938,-1.65814590450903,-6.6331346985517,-2.20677481304432,1.8277088,1.0112875,-0.66156703,336.47525,82.0746,-3.8854206,WAL
1898762313000,111.244925,-1.76230168012311,-6.37318031151708,-2.20777728355838,1.7837266,0.9410379,-0.6215554,336.74225,81.8179,-3.7795038,WAL
1898767323000,111.249935,-1.85281161787133,-6.13975987505957,-2.24588671008737,1.7311921,0.89888823,-0.58184916,336.98694,81.56516,-3.6889026,WAL
1898772319000,111.254931,-1.93654306946026,-5.93510146537782,-2.13974997326791,1.6630806,0.8949176,-0.54092115,337.2419,81.28068,-3.6316338,WAL
1898777321000,111.259933,-2.01646005782139,-5.74706175552502,-1.9470089724632,1.5888605,0.9007208,-0.49693888,337.4852,81.00699,-3.5909045,WAL
1898782310000,111.264922,-2.06839305446636,-5.51781847737819,-1.66166483842807,1.4999796,0.85154617,-0.47311515,337.7261,80.73472,-3.563964,WAL
1898787349000,111.269961,-2.10105000286156,-5.25656308507347,-1.30710449864656,1.3967434,0.7672467,-0.44593164,337.9562,80.48316,-3.5539937,WAL
1898792316000,111.274928,-2.14222822702703,-4.99269257985258,-1.13027497199017,1.25319,0.65118235,-0.43585235,338.1828,80.21641,-3.5612724,WAL
1898797315000,111.279927,-2.19199373970894,-4.72124432886033,-1.11217842192402,1.0842859,0.59040123,-0.4428773,338.40063,79.986244,-3.5742772,WAL
1898802288000,111.2849,-2.23599083574636,-4.47960366819932,-0.989983982763045,0.91415983,0.6389651,-0.41874814,338.63602,79.71568,-3.6169178,WAL
1898807328000,111.28994,-2.27211882975834,-4.27831893766039,-0.706120533661249,0.7837401,0.6545421,-0.410196,338.846,79.48523,-3.6525462,WAL
1898812313000,111.294925,-2.28125001651514,-4.10646217154561,-0.483327816924768,0.655153,0.66828656,-0.398895,339.08176,79.27319,-3.7075298,WAL
1898817334000,111.299946,-2.26683750414627,-3.95753205770806,-0.310376946124488,0.5158757,0.69027776,-0.3817908,339.32358,79.09984,-3.7711537,WAL
1898822319000,111.304931,-2.27987504604148,-3.85362350809232,-0.0841973725426039,0.4098906,0.75319684,-0.35063666,339.5971,78.87972,-3.8559334,WAL
1898827319000,111.309931,-2.31717887309378,-3.78834188378615,0.190917828548057,0.3200934,0.80909103,-0.30970868,339.87347,78.6917,-3.9522963,WAL
1898832308000,111.31492,-2.32713938837538,-3.73490502131024,0.440805785176958,0.22540927,0.8384125,-0.28008172,340.17188,78.48115,-4.0515833,WAL
1898837350000,111.319962,-2.30668677924511,-3.69399989796687,0.665784096449548,0.1255328,0.8481864,-0.25717425,340.47858,78.29408,-4.1655197,WAL
1898842306000,111.324918,-2.28658302461408,-3.65379248200301,0.886925014868223,0.03848451,0.8335256,-0.21655174,340.80362,78.02658,-4.2935658,WAL
1898847317000,111.329929,-2.26625616536145,-3.61313885783133,1.11052007987952,-0.07941248,0.79779,-0.20341812,341.12555,77.79796,-4.4228253,WAL
1898852268000,111.33488,-2.23629214154107,-3.55979122562089,1.31509713399491,-0.13072516,0.72692966,-0.18051068,341.4428,77.56367,-4.550581,WAL
1898857326000,111.339938,-2.16945782746763,-3.45696909660369,1.46418922643812,-0.23762658,0.6310238,-0.15974127,341.74203,77.37678,-4.6803827,WAL
1898862246000,111.344858,-2.09644590405015,-3.35746797680366,1.57348487406707,-0.36926803,0.50823987,-0.13805555,342.0438,77.03413,-4.772137,WAL
1898867304000,111.349916,-2.00485961235944,-3.25624108375958,1.61204748081401,-0.4981606,0.38973203,-0.1142318,342.31778,76.72985,-4.8690786,WAL
1898872339000,111.354951,-1.90441120314414,-3.17291055876063,1.63175529760534,-0.63132924,0.2782491,-0.100792766,342.57236,76.43966,-4.9404216,WAL
1898877357000,111.359969,-1.78581844851476,-3.12459507529476,1.61418601421259,-0.7703011,0.17989981,-0.065973446,342.7937,76.19243,-5.0208225,WAL
1898882265000,111.364877,-1.66450883619312,-3.08508742193328,1.59254954787381,-0.9089675,0.09407325,-0.03359759,342.9912,75.97433,-5.0704865,WAL
1898887324000,111.369936,-1.50444052339337,-3.0954143489822,1.54091458912928,-1.0384709,0.03604105,0.007941248,343.1651,75.7958,-5.129974,WAL
1898892275000,111.374887,-1.33881224113414,-3.13017047903473,1.48339145073882,-1.1756102,-0.014660766,0.045814894,343.31387,75.66925,-5.1563497,WAL
1898897313000,111.379925,-1.14437604038572,-3.2366474150355,1.40469114246786,-1.2944235,-0.06536258,0.076358154,343.443,75.57524,-5.1899858,WAL
1898902293000,111.384905,-0.95359056572023,-3.33998303150386,1.33991144842481,-1.4236214,-0.07971791,0.1020145,343.55032,75.53284,-5.19742,WAL
1898907331000,111.389943,-0.767175851287894,-3.43558025440856,1.33513158727957,-1.5387696,-0.113926366,0.12186762,343.63516,75.51952,-5.2080793,WAL
1898912298000,111.39491,-0.592326747918579,-3.52765138339653,1.35329018776691,-1.6444492,-0.16432275,0.12095132,343.69482,75.571686,-5.1662517,WAL
1898917305000,111.399917,-0.463143060385153,-3.60898930403113,1.49204299071044,-1.7699821,-0.25289822,0.106901415,343.73233,75.65942,-5.1230245,WAL
1898922441000,111.405053,-0.343151120416667,-3.73861244151017,1.64333654418036,-1.8875736,-0.376293,0.084910266,343.73016,75.82157,-5.0372806,WAL
1898927386000,111.409998,-0.282935443333333,-4.06748260719875,1.82861554687011,-1.9895881,-0.49296826,0.057726767,343.70502,76.01146,-4.942388,WAL
1898932296000,111.414908,-0.223077806793795,-4.39647903438395,2.04818193625136,-2.1132884,-0.5852089,-0.00030543262,343.6565,76.22119,-4.789018,WAL
1898937322000,111.419934,-0.161252951494912,-4.75316086131805,2.56180382861377,-2.2220223,-0.7431176,-0.00061086525,343.5532,76.44767,-4.6351576,WAL
1898942304000,111.424916,-0.0906130592099345,-5.14445590926958,3.07783228942994,-2.332589,-0.8206975,0.015271631,343.44086,76.701614,-4.4573226,WAL
1898947312000,111.429924,0.0782129328190085,-5.93231067911411,3.66872345250807,-2.3793201,-0.94806284,0.003970624,343.271,76.96567,-4.261721,WAL
1898952404000,111.435016,0.255967744267941,-6.74696015259281,4.28406913237782,-2.4669793,-1.0815369,0.03573562,343.07535,77.274605,-4.0929623,WAL
1898957331000,111.439943,0.51896725764905,-7.73790465815666,5.09654942987957,-2.506991,-1.1786644,0.09590584,342.8537,77.57515,-3.9253106,WAL
1898962510000,111.445122,0.808476906864922,-8.81416133059766,5.95900026069325,-2.4471262,-1.3267993,0.20219639,342.56116,77.868904,-3.7537167,WAL
1898967301000,111.449913,1.23376588624119,-10.2273613099836,6.85830940156416,-2.3160956,-1.4767667,0.3100141,342.2394,78.14156,-3.5955863,WAL
1898972622000,111.455234,1.71152370233584,-11.8086533049624,7.85870946085213,-2.094657,-1.645671,0.3726278,341.84616,78.34843,-3.4147668,WAL
1898977338000,111.45995,2.33635195568922,-13.6469160646617,8.80500760100251,-1.7773124,-1.8393153,0.31031954,341.40833,78.49039,-3.2201152,WAL
1898982704000,111.465316,3.0347421183796,-15.6906142704426,9.77003437307764,-1.3912456,-2.103209,0.122478485,340.87354,78.517975,-2.912596,WAL
1898987372000,111.469984,3.39945474433608,-16.5416102809452,8.44952331475056,-1.0216721,-2.3405302,-0.13164146,340.30655,78.469765,-2.5638375,WAL
1898992303000,111.474915,3.78471566091523,-17.4405522963241,7.05461328291448,-0.72112644,-2.3295345,-0.37384954,339.70416,78.315605,-2.0538921,WAL
1898997346000,111.479958,4.07854371460115,-17.8212612043987,6.13620236625065,-0.4605924,-1.9318613,-0.46883908,339.16742,78.07003,-1.5414847,WAL
1899002307000,111.484919,4.34806582145226,-18.090783181358,5.33178236446151,-0.15210545,-1.3066407,-0.505491,338.7248,77.72934,-1.0108145,WAL
1899007296000,111.489908,3.73405446067566,-17.0903105786598,4.73294687773442,0.2452624,-0.73823065,-0.44837508,338.39328,77.448135,-0.3873396,WAL
1899012337000,111.494949,2.35610478261791,-14.9910906975137,4.30772028930762,0.65576386,-0.31031954,-0.364992,338.20273,77.07026,0.17637625,WAL
1899017344000,111.499956,1.21593930980315,-12.7855125778082,4.08013533742043,0.97005403,0.04917465,-0.2843578,338.1177,76.71796,0.7164696,WAL
1899022334000,111.504946,0.153561854225835,-10.5484356157086,3.91633256433258,1.1102476,0.39736784,-0.19883664,338.13977,76.30342,1.1749825,WAL
1899027316000,111.509928,-0.682710882348402,-8.76033781708424,3.86287323732752,1.0748174,0.698219,-0.087659165,338.30676,75.85069,1.4128762,WAL
1899032303000,111.514915,-1.42841170022513,-7.15187866085694,3.85420230384895,0.926988,0.89949906,-0.0070249503,338.5334,75.409325,1.6047783,WAL
1899037375000,111.519987,-2.15310237243745,-5.81651052023646,3.77411923736937,0.6988298,0.9950995,0.05375614,338.88705,75.00785,1.6077114,WAL
1899042367000,111.524979,-2.83440734953024,-4.78698300515148,3.62776484268975,0.44532076,1.0012082,0.12461651,339.2594,74.671425,1.5704018,WAL
1899047353000,111.529965,-3.46698563386466,-4.24153844465163,3.29633985443609,0.17989981,0.92149025,0.17501289,339.64496,74.39766,1.3754326,WAL
1899052358000,111.53497,-4.07244146228571,-3.99166782114286,2.84945582285714,0.049785517,0.68569624,0.27152961,339.97797,74.161125,1.157606,WAL
1899057359000,111.539971,-4.77933884314398,-4.11482560916154,2.24737545575623,-0.22266038,0.35308012,0.39950588,340.2748,74.04458,0.8224813,WAL
1899062352000,111.544964,-5.54645639077792,-4.46219951600242,1.55262744056099,-0.5317582,-0.024740042,0.56382865,340.4823,73.97016,0.47170588,WAL
1899067350000,111.549962,-6.3500812604688,-5.55415860580556,0.844774622074968,-0.8222246,-0.42943826,0.8002335,340.61142,73.99428,0.014935064,WAL
1899072407000,111.555019,-7.18351067109089,-7.0821126753239,0.121511138710316,-1.1343768,-0.7663304,1.0308352,340.64337,74.097,-0.46058512,WAL
1899077351000,111.559963,-7.83193320053476,-8.9112045698158,-0.498244349257279,-1.450805,-1.0680978,1.2110404,340.62952,74.32869,-1.038611,WAL
1899082355000,111.564967,-8.38718319518717,-10.9661037605466,-1.07247723446227,-1.7253889,-1.3888022,1.2907583,340.51376,74.604546,-1.619235,WAL
1899087364000,111.569976,-8.70944421759397,-12.9421220090251,-1.66492166745016,-1.9752327,-1.7253889,1.3420709,340.407,75.013405,-2.2703419,WAL
1899092338000,111.57495,-8.87479407626698,-14.8507360346127,-2.26490668066052,-2.1887302,-2.0344868,1.3439035,340.22855,75.43385,-2.8916464,WAL
1899097346000,111.579958,-8.64656018168647,-16.2007073743842,-2.57511194792814,-2.2794437,-2.2950208,1.278541,339.93707,75.94647,-3.5704596,WAL
1899102356000,111.584968,-8.13214356331498,-17.1368534334975,-2.67243404094465,-2.2131648,-2.4749205,1.1377366,339.59375,76.41254,-4.19403,WAL
1899107341000,111.589953,-7.1727897966743,-17.8378029789903,-2.31194004805337,-1.9480493,-2.5173757,0.929126,339.18958,76.91448,-4.768497,WAL
1899112350000,111.594962,-5.77805636522951,-18.3202270857314,-1.50949086647416,-1.5512923,-2.3359487,0.72295904,338.80893,77.31327,-5.2877364,WAL
1899117348000,111.59996,-4.4633921782364,-18.5978286521181,-0.410687759375926,-1.0057896,-2.0576997,0.50732356,338.40613,77.65491,-5.653833,WAL
1899122386000,111.604998,-3.21514875272045,-18.6740583132221,0.994777433079886,-0.43493605,-1.8713857,0.2666427,338.04315,77.883766,-5.9475,WAL
1899127344000,111.609956,-2.33742599641089,-18.1773366774752,1.91162778806931,0.004276057,-1.8231273,0.04520403,337.64996,78.056145,-6.0020013,WAL
1899132328000,111.61494,-1.83727645614686,-17.0549534477723,2.32513719123762,0.18936823,-1.8301523,-0.15027285,337.30823,78.17521,-6.0002046,WAL
1899137386000,111.619998,-1.34416490489297,-15.8731833367737,2.70249714327217,0.16737708,-1.8127426,-0.31031954,336.97433,78.2215,-5.7706223,WAL
1899142367000,111.624979,-1.08366861476627,-14.0444999828528,2.41595135469637,0.030848695,-1.808772,-0.4251622,336.64734,78.26985,-5.5031724,WAL
1899147348000,111.62996,-0.837333893135073,-12.2581345379413,2.05070453570606,-0.056199603,-1.8035797,-0.46944994,336.3584,78.27208,-5.1376653,WAL
1899152353000,111.634965,-0.639610138971604,-10.6119689597084,1.40695273553338,-0.24037547,-1.8533652,-0.5204572,336.06384,78.34225,-4.744259,WAL
1899157325000,111.639937,-0.468627252494463,-8.99839957882021,0.746715210710691,-0.39400807,-1.9532416,-0.5345071,335.75897,78.41783,-4.3423805,WAL
1899162347000,111.644959,-0.463785835202335,-7.51208221038856,-0.0569614550634185,-0.52839845,-2.1184807,-0.50640726,335.42242,78.52948,-3.9386613,WAL
1899167333000,111.649945,-0.493540399319977,-6.07761589578116,-0.880276588036987,-0.68111473,-2.378404,-0.47311515,334.9642,78.720276,-3.5478644,WAL
1899172399000,111.655011,-0.727195288659218,-4.86261030726257,-1.8663002452514,-0.8866709,-2.6697865,-0.43127087,334.44965,78.951744,-3.1600885,WAL
1899177360000,111.659972,-0.965346828172414,-3.68644404573399,-2.82856690446305,-1.1218541,-3.0030136,-0.37720928,333.79266,79.28873,-2.8164132,WAL
1899182347000,111.664959,-1.31824981958621,-2.67008352086699,-3.75552525923153,-1.352761,-3.3237178,-0.3036,333.0549,79.6734,-2.4781485,WAL
1899187378000,111.66999,-1.67529998510145,-1.66995452428986,-4.68200432753623,-1.5876387,-3.626096,-0.23060162,332.21097,80.193214,-2.1871588,WAL
1899192336000,111.674948,-2.04689676782609,-1.16531692521739,-5.42978569565217,-1.8084666,-3.8967094,-0.15088372,331.2808,80.768456,-1.9096115,WAL
1899197676000,111.680288,-2.44663409604071,-0.640250929685312,-6.22216307983939,-1.9523253,-4.113872,-0.090713486,330.40942,81.38559,-1.5681673,WAL
1899202358000,111.68497,-2.78578127379774,-0.606754933719302,-6.61574111988048,-2.0427334,-4.252844,-0.016798794,329.4738,82.03842,-1.2457443,WAL
1899207336000,111.689948,-3.14636962298067,-0.571141292557662,-7.03420149649827,-2.0720549,-4.3438625,0.03756821,328.38614,82.83281,-1.0791987,WAL
1899212355000,111.694967,-3.45605264156729,-0.888799475638842,-7.30984425689949,-2.0522017,-4.3169847,0.11026118,327.28677,83.63463,-0.94338894,WAL
1899217279000,111.699891,-3.7490363654274,-1.27156850796673,-7.55084699192304,-1.951409,-4.1993933,0.22540927,326.18274,84.41724,-0.8395645,WAL
1899222369000,111.704981,-3.92887744731861,-1.85225871963722,-7.44373164771293,-1.8295414,-4.035987,0.36774087,325.09467,85.22652,-0.8321956,WAL
1899227257000,111.709869,-4.07654747381704,-2.44755394763407,-7.26837353943218,-1.7440202,-3.9107592,0.50243664,324.02716,86.00414,-0.8614661,WAL
1899232357000,111.714969,-4.29455744822388,-3.37167945782531,-6.95680168337888,-1.6740762,-3.8139372,0.63407815,323.05505,86.71686,-0.905328,WAL
1899237359000,111.719971,-4.524752664845,-4.35565147212852,-6.61827906756808,-1.600467,-3.743993,0.74189585,322.1104,87.36782,-0.97963846,WAL
1899242358000,111.72497,-4.74749765126795,-5.64802497066911,-6.22100940632447,-1.5121969,-3.5811975,0.7883216,321.27597,87.902565,-1.0249535,WAL
1899247313000,111.729925,-4.96497284853855,-7.0688625157348,-5.80055759712802,-1.4721853,-3.3389895,0.8753699,320.48322,88.34329,-1.1066601,WAL
1899252346000,111.734958,-4.36032941750702,-9.06478434346269,-6.14295486050518,-1.4193454,-2.9400945,0.97127575,319.74948,88.51421,-1.3357576,WAL
1899257351000,111.739963,-3.43258507360883,-11.2681773479144,-6.78773709983548,-1.4004086,-2.2867742,1.0827587,319.16302,88.41044,-1.5876994,WAL
1899262333000,111.744945,-2.37123189622166,-12.3990841198992,-6.95368792020151,-1.4217888,-1.4288138,1.2330315,318.71826,92.07277,-2.011142,WAL
1899267372000,111.749984,-1.22374802382872,-12.9728259291688,-6.86616802966247,-1.4376713,-0.6429357,1.3698653,318.44717,92.675354,-2.4526002,WAL
1899272396000,111.755008,-0.3271520112935,-13.2176153394616,-6.05334673040053,-1.459357,-0.047647487,1.4666874,318.2748,93.297615,-2.794655,WAL
1899277347000,111.759959,0.439186019324208,-13.3038286060912,-4.90862931873327,-1.5439619,0.34574974,1.5170839,318.2759,93.988304,-3.1501026,WAL
1899282316000,111.764928,1.20831017083691,-13.3903553121875,-3.75975013905753,-1.6627752,0.4175264,1.462106,318.299,94.56993,-3.3223968,WAL
1899287348000,111.76996,1.9871857454821,-13.477979056417,-2.59630477135209,-1.7968601,0.19211712,1.3005321,318.35132,95.17884,-3.474512,WAL
1899292316000,111.774928,2.54295880903315,-13.0389585143935,-1.71227297552114,-1.9425515,-0.1872302,1.0839803,318.3756,95.80748,-3.5969715,WAL
1899297378000,111.77999,3.019363607703,-12.3700665177685,-0.923077177367481,-2.058005,-0.7266242,0.84757555,318.28592,96.4346,-3.6749065,WAL
1899302367000,111.784979,3.24381100632115,-11.6613170014979,-0.913215593818654,-2.1056526,-1.3836098,0.6001751,318.03223,96.57984,-3.3862548,WAL
1899307340000,111.789952,3.36270816602756,-10.9336663900539,-1.23186009704414,-2.0399845,-2.0094411,0.3631594,317.6268,96.72493,-3.0620923,WAL
1899312368000,111.79498,3.16125257102768,-10.5263727718212,-1.66960801482485,-1.8930714,-2.4740043,0.15393804,317.07883,96.70369,-2.5856497,WAL
1899317400000,111.800012,2.81616873336559,-10.2652278459454,-2.15925404478421,-1.7208074,-2.8032606,-0.043982297,316.38855,96.69048,-2.0781288,WAL
1899342357000,111.824969,-0.0309277731385108,-9.59069220425571,-3.19632307471208,-1.0332786,-3.254079,-0.79901177,311.79434,97.316635,0.61884254,WAL
1899347402000,111.830014,-0.624562097998399,-9.46422899630474,-3.38378650647287,-1.0332786,-3.0277536,-0.83260936,310.86554,97.59613,1.0776489,WAL
1899352307000,111.834919,-1.17016954017341,-9.31469085260116,-3.5172621049133,-1.0528263,-2.7785206,-0.79901177,309.98962,97.952805,1.3590567,WAL
1899357306000,111.839918,-1.49938398110425,-8.97116230277058,-3.30255714737891,-1.0781772,-2.5766296,-0.6728681,309.16953,98.31691,1.625998,WAL
1899362293000,111.844905,-1.80677197955931,-8.66045921834175,-3.07924040474656,-1.0552697,-2.4135287,-0.4896085,308.43243,98.68417,1.7734563,WAL
1899367346000,111.849958,-1.95006712931545,-8.60145547552691,-2.78000647120711,-1.024421,-2.3118196,-0.29749137,307.7424,99.047745,1.8854246,WAL
1899372738000,111.85535,-2.10297578704059,-8.53849323898276,-2.46069727476049,-0.9987647,-2.228742,-0.12858713,307.13058,99.36943,1.9010161,WAL
1899377350000,111.859962,-1.9469660443204,-8.69138816513164,-2.14876677921667,-0.9947941,-2.1591032,-0.022296581,306.5519,99.678856,1.883926,WAL
1899382250000,111.864862,-1.74614618386827,-8.8791107253698,-1.8126118271281,-0.98715824,-2.1224513,0.035124753,305.99564,99.971275,1.836199,WAL
1899387402000,111.870014,-1.3112783669985,-9.07286213351621,-1.58339628582544,-0.9975429,-2.1661282,0.07696902,305.4719,100.21602,1.7357104,WAL
1899392297000,111.874909,-0.79222498882394,-9.25523274374065,-1.42440697879302,-1.028697,-2.2464569,0.11484267,304.9543,100.460724,1.622491,WAL
1899397348000,111.87996,-0.290816016610505,-9.48087764667988,-1.47791296432111,-1.0097603,-2.3448062,0.14355333,304.4371,100.6396,1.5400941,WAL
1899402344000,111.884956,0.188115447215064,-9.72271400287413,-1.63913739984143,-0.9285152,-2.3924537,0.16646078,303.91806,100.807175,1.4504105,WAL
1899407358000,111.88997,0.578405839206566,-9.84962107680281,-1.93450560242329,-0.8313876,-2.3646593,0.17073683,303.40512,100.947624,1.462152,WAL
1899412337000,111.894949,0.918532227154583,-9.91485064735196,-2.29792828085792,-0.73945236,-2.2745566,0.1563815,302.9029,101.06714,1.4756361,WAL
1899417361000,111.899973,1.11777815062087,-9.89101616312838,-2.52103538117364,-0.6569856,-2.1346686,0.11362094,302.40213,101.18957,1.5851442,WAL
1899422393000,111.905005,1.2239458424294,-9.80897783346685,-2.6513321327859,-0.6075055,-2.0024164,0.057726767,301.92892,101.30063,1.705682,WAL
1899427355000,111.909967,1.20319459285289,-9.71987821252974,-2.59038007350317,-0.6236934,-1.919644,-0.004581489,301.44775,101.47208,1.9010967,WAL
1899432359000,111.914971,1.10343557703212,-9.62486967327518,-2.40986379931602,-0.6808093,-1.9022343,-0.06872234,300.9852,101.65,2.1114283,WAL
1899437438000,111.92005,0.960387424862045,-9.51013850546805,-2.25169789423096,-0.7535023,-1.9147571,-0.12003502,300.5243,101.87417,2.3335266,WAL
1899442362000,111.924974,0.794794248459918,-9.38712644286144,-2.11449204468747,-0.8014552,-1.933083,-0.13225232,300.06693,102.113205,2.5569923,WAL
1899447352000,111.929964,0.606185676923373,-9.24614817010012,-2.04242455333077,-0.8216137,-1.9483547,-0.15241088,299.6183,102.34861,2.7634063,WAL
1899452349000,111.934961,0.403487057212168,-9.09412401771275,-2.01478385082788,-0.8210029,-1.9456058,-0.14813483,299.17267,102.59309,2.9610164,WAL
1899457355000,111.939967,0.198607678952009,-8.95363208856828,-2.02663406225829,-0.81397796,-1.9150625,-0.12736541,298.74536,102.82258,3.119341,WAL
1899462355000,111.944967,-0.00768562833183049,-8.82409897565374,-2.07460931523895,-0.77763146,-1.8637499,-0.08857546,298.3291,103.042915,3.2691946,WAL
1899467360000,111.949972,-0.15959039377318,-8.72332682071052,-2.1614291433535,-0.74220127,-1.7916678,-0.046120327,297.92645,103.25123,3.35871,WAL
1899472378000,111.95499,-0.262776136045286,-8.64828284130392,-2.28337594659379,-0.72204274,-1.6982054,0.013744468,297.55118,103.44895,3.4361331,WAL
1899477352000,111.959964,-0.318324144556759,-8.58436485419174,-2.41729293694344,-0.7076874,-1.572978,0.0842994,297.19073,103.63157,3.4498284,WAL
1899482352000,111.964964,-0.323125999751304,-8.53154470778179,-2.56615018724428,-0.70432764,-1.4361442,0.16646078,296.86774,103.80531,3.4515247,WAL
1899487445000,111.970057,-0.282063816195038,-8.48243125504236,-2.67706907378983,-0.6817256,-1.2779301,0.2443461,296.57483,103.97753,3.416444,WAL
1899492324000,111.974936,-0.197245909390883,-8.44002243202904,-2.74303855631303,-0.6768387,-1.1276573,0.3051272,296.32486,104.1477,3.374021,WAL
1899497349000,111.979961,-0.032692481286029,-8.3960980722416,-2.68522801878098,-0.675617,-1.0283916,0.3643811,296.08704,104.32617,3.310787,WAL
1899502321000,111.984933,0.207703476823022,-8.3523892905269,-2.50165296117129,-0.68416905,-0.9459248,0.39858958,295.89063,104.502,3.2492623,WAL
1899507343000,111.989955,0.40010360033241,-8.34102726592798,-2.33904894958449,-0.6951646,-0.8762862,0.41783184,295.71024,104.68869,3.1923501,WAL
1899512320000,111.994932,0.483235247811634,-8.39970858264081,-2.22657671523546,-0.7174612,-0.8200866,0.4373795,295.5527,104.8767,3.1332765,WAL
1899517440000,112.000052,0.549690810867599,-8.48689985063734,-2.0916591265111,-0.73639804,-0.7611381,0.42577308,295.42328,105.048065,3.1365068,WAL
1899522509000,112.005121,0.584622327845395,-8.61664551192434,-1.92698191698191,-0.75961095,-0.72326446,0.41355577,295.30554,105.22306,3.1384032,WAL
1899527313000,112.009925,0.585197798324124,-8.75872807026804,-1.79586807641237,-0.77763146,-0.7031059,0.39706242,295.2111,105.38435,3.1720247,WAL
1899532337000,112.014949,0.541548088851134,-8.93332667612371,-1.6926960411134,-0.7974846,-0.69027776,0.37384954,295.12375,105.55084,3.2131608,WAL
1899537685000,112.020297,0.489963335934341,-9.11897118619428,-1.58171928851449,-0.8002335,-0.6942484,0.34880406,295.03757,105.68552,3.2555392,WAL
1899542365000,112.024977,0.377774458837971,-9.27862465302782,-1.46953044746318,-0.77824235,-0.7107417,0.3304781,294.95068,105.81714,3.302011,WAL
1899547305000,112.029917,0.259352866347357,-9.44714775690767,-1.35110889302012,-0.7699956,-0.77213365,0.30634892,294.86096,105.923386,3.330106,WAL
1899552338000,112.03495,0.0771942090057459,-9.5523074436692,-1.29102060877283,-0.7263188,-0.8567385,0.27305678,294.75922,106.01319,3.3626013,WAL
1899557697000,112.040309,-0.123339043696444,-9.65533403575096,-1.23330375867637,-0.6826419,-0.9550878,0.24556783,294.63657,106.10002,3.3941662,WAL
1899562351000,112.044963,-0.306397037356483,-9.69693809362457,-1.18753925157286,-0.63285637,-1.0567969,0.19700404,294.4979,106.14213,3.4028552,WAL
1899567334000,112.049946,-0.502395744362924,-9.74148322047979,-1.13853956551853,-0.57696223,-1.1630874,0.15943582,294.3374,106.151505,3.3645172,WAL
1899572384000,112.054996,-0.711914429774107,-9.83699571907652,-1.16199289708429,-0.5161811,-1.2681563,0.12675454,294.1483,106.14855,3.3324594,WAL
1899577256000,112.059868,-0.916209476445418,-9.93914336361827,-1.199137473062,-0.47067168,-1.3429873,0.07574729,293.9367,106.13842,3.311931,WAL
1899582349000,112.064961,-1.16587452906674,-10.0810096489454,-1.24074580124242,-0.41080686,-1.3869696,0.03848451,293.71628,106.091545,3.2510753,WAL
1899587324000,112.069936,-1.41825374437061,-10.2278480939998,-1.28204424268516,-0.36346483,-1.4040737,0.003970624,293.4821,106.04005,3.202707,WAL
1899592338000,112.07495,-1.68313860357978,-10.4253232526187,-1.43378916007322,-0.31215215,-1.4141531,-0.015882496,293.2413,105.96673,3.118736,WAL
1899597250000,112.079862,-1.94625975203905,-10.6358206609377,-1.62036593265534,-0.2706133,-1.38025,-0.029932396,293.00885,105.886856,3.048115,WAL
1899602354000,112.084966,-2.13618918283347,-10.7539245773974,-1.80245877918311,-0.20525073,-1.3261884,-0.039095376,292.77786,105.777176,2.9305165,WAL
1899607261000,112.089873,-2.2938229753749,-10.837377707577,-1.97400132186267,-0.1133155,-1.2528846,-0.025961773,292.56482,105.65083,2.8187318,WAL
1899612352000,112.094964,-2.43302662509917,-10.8921941214796,-2.12412409086672,-0.050701816,-1.1695015,0.0027488936,292.3678,105.52696,2.6674538,WAL
1899617287000,112.099899,-2.55956978351845,-10.9343750600952,-2.26004081295121,-0.014049901,-1.070236,0.02107485,292.1978,105.38814,2.526563,WAL
1899622372000,112.104984,-2.60238005454727,-10.882701956626,-2.24191070050969,-0.014049901,-0.9257663,0.027183503,292.03653,105.25839,2.3571396,WAL
1899627293000,112.109905,-2.61179988920648,-10.7979236414152,-2.16655207241655,-0.064751714,-0.7892379,0.025350908,291.90277,105.13633,2.1961567,WAL
1899632353000,112.114965,-2.54550563126929,-10.7377846467122,-1.96130427004022,-0.16340645,-0.74067414,0.02687807,291.77115,105.04612,2.0126488,WAL
1899637431000,112.120043,-2.44998123633898,-10.6877479887756,-1.70657243939762,-0.30176744,-0.65668017,0.026572637,291.68774,104.98531,1.8468871,WAL
1899642354000,112.124966,-2.32440228938826,-10.7130395243446,-1.24419575268415,-0.36651915,-0.61758476,0.026267206,291.60864,104.92608,1.6794319,WAL
1899647354000,112.129966,-2.17495149870995,-10.7877648676654,-0.6314475213067,-0.46028697,-0.65240407,-0.0009162979,291.5307,104.91737,1.5238222,WAL
1899652345000,112.134957,-1.9603987901745,-10.8440712006742,0.0118452087051358,-0.5112942,-0.7690793,-0.04886922,291.45016,104.87805,1.3844091,WAL
1899657359000,112.139971,-1.71283360899266,-10.8916798415626,0.673605794293079,-0.505491,-0.95478237,-0.07849618,291.34027,104.850685,1.2431474,WAL
1899662348000,112.14496,-1.53365470843543,-11.0212658961639,1.06070398151838,-0.45356745,-1.1362094,-0.09162979,291.2368,104.72911,1.1316171,WAL
1899667351000,112.149963,-1.38931022035549,-11.1944793220526,1.30608969666399,-0.35827246,-1.2638801,-0.10934488,291.09485,104.5967,1.0236623,WAL
1899672377000,112.154989,-1.28626712002202,-11.3617199607568,1.22838439647412,-0.25320363,-1.303281,-0.116675265,290.98553,104.34122,0.9786532,WAL
1899677355000,112.159967,-1.20513319524477,-11.5239881093203,0.989755183087396,-0.15332718,-1.2583824,-0.1301143,290.86517,104.066536,0.94041073,WAL
1899682347000,112.164959,-1.13272950522727,-11.7109986170455,0.608344896722727,-0.05467244,-1.1539245,-0.12583824,290.74014,103.71778,0.91662997,WAL
1899687394000,112.170006,-1.06407300395833,-11.9123906447917,0.150635194779167,0.039095376,-0.97005403,-0.122478485,290.65195,103.35103,0.90794593,WAL
1899692311000,112.174923,-0.896371296980256,-12.1900739593496,-0.384418150541231,0.13622294,-0.74097955,-0.12064589,290.588,102.99949,0.9145055,WAL
1899697347000,112.179959,-0.641758294044979,-12.5414401086475,-1.00567395001837,0.24098633,-0.473726,-0.12095132,290.5888,102.627686,0.93609506,WAL
1899702348000,112.18496,-0.371376656052023,-12.8664568405697,-1.50641159340322,0.36377025,-0.1881465,-0.118507855,290.5916,102.29819,0.9574474,WAL
1899707357000,112.189969,-0.0914594055858965,-13.1795844858075,-1.94763711886065,0.49968776,0.099265605,-0.118507855,290.6706,101.94251,0.9957874,WAL
1899712351000,112.194963,0.187303202033863,-13.5426295780432,-2.22136539948662,0.6374379,0.40042216,-0.1386664,290.77396,101.64458,1.0845895,WAL
1899717357000,112.199969,0.466555660771942,-13.935475786356,-2.40122283960904,0.81306165,0.66889745,-0.1591304,290.94897,101.304756,1.1853529,WAL
1899722366000,112.204978,0.635833168209295,-14.3848595760579,-2.3396202072639,0.97402465,0.8927795,-0.19242255,291.1565,101.00589,1.350023,WAL
1899727362000,112.209974,0.735403136299673,-14.8684853475374,-2.1262560535824,1.1432343,1.0054842,-0.23976462,291.4056,100.665794,1.5268917,WAL
1899732329000,112.214941,0.714538644900375,-15.2228359220754,-1.72004093868613,1.3390167,1.0115929,-0.2968805,291.64514,100.303345,1.7516428,WAL
1899737332000,112.219944,0.610565369165516,-15.4922211690669,-1.17654441587591,1.4425583,0.9431759,-0.3359759,291.8925,99.93544,1.9781905,WAL
1899742355000,112.224967,0.511283051795482,-15.5994453543401,-0.610660918299643,1.6624697,0.7819075,-0.42455134,292.114,99.45598,2.2297316,WAL
1899747338000,112.22995,0.416710659244947,-15.5805309884067,-0.0337693454667064,1.8952094,0.56199604,-0.54305923,292.29565,98.97357,2.4857507,WAL
1899752303000,112.234915,0.376055113813264,-15.2698486896689,0.49348790055086,2.132225,0.3032946,-0.6579019,292.45352,98.36989,2.723924,WAL
1899757364000,112.239976,0.380874462008551,-14.7011653006861,0.989881137056776,2.359467,0.0143553335,-0.77579886,292.53632,97.75843,2.9784532,WAL
1899762349000,112.244961,0.266608986377642,-14.1582623341892,1.37322673721114,2.6041186,-0.2669481,-0.9007208,292.59235,97.061485,3.2364404,WAL
1899767351000,112.249963,0.0489962502330634,-13.6284227920205,1.66653085769307,2.8750372,-0.49021935,-1.0656544,292.58197,96.40112,3.5251174,WAL
1899772344000,112.254956,-0.356879120328757,-13.1428909361826,1.73457250334558,3.1542027,-0.5873469,-1.2238685,292.53952,95.7587,3.8394911,WAL
1899777357000,112.259969,-0.946425011643783,-12.6972496809128,1.58602546672791,3.4330628,-0.537256,-1.3646729,292.48114,95.26403,4.187261,WAL
1899782348000,112.26496,-1.58928970732265,-12.3446573844394,1.27213738187643,3.6593883,-0.36682457,-1.4984524,292.45465,94.963036,4.54112,WAL
1899787397000,112.270009,-2.31090890232813,-12.1041173178788,0.742950004020495,3.8069122,-0.093462385,-1.5809193,292.4845,94.97461,4.913183,WAL
1899792321000,112.274933,-2.944378162359,-11.9568788875915,0.0968786990579854,3.8368447,0.21471913,-1.6029104,292.58783,84.76703,5.2141104,WAL
1899797347000,112.279959,-3.49686501692064,-11.9235394890164,-0.736614336958243,3.7934732,0.5491679,-1.5430456,292.7908,84.24741,5.5034943,WAL
1899802300000,112.284912,-4.30146397268409,-12.1241957354513,-1.67007796647862,3.6960402,0.8958339,-1.4178182,293.08893,83.66922,5.668827,WAL
1899807360000,112.289972,-5.51484836698337,-12.6805298150238,-2.79233864165677,3.5854735,1.1991285,-1.2644911,293.4802,82.99667,5.7923007,WAL
1899812268000,112.29488,-6.53508385054418,-13.2469707500749,-3.2757756359361,3.500258,1.3081679,-1.0937542,293.8777,82.40986,5.794741,WAL
1899817363000,112.299975,-7.32923211434848,-13.8803410616076,-2.75446363009486,3.4306192,1.1829406,-0.9682214,294.29977,81.80915,5.7559175,WAL
1899822292000,112.304904,-8.09148034312703,-14.3588622412673,-2.19282676885762,3.3221905,0.8304713,-0.90102625,294.66772,81.43478,5.5217752,WAL
1899827359000,112.309971,-8.86498853045361,-14.6262470784217,-1.51958849375184,3.179859,0.32436943,-0.92057395,294.96326,81.051636,5.2858887,WAL
1899832247000,112.314859,-9.25106478082192,-14.5946595342466,-1.22871745753425,2.9654453,0.028405234,-0.9636399,295.296,80.66442,4.916687,WAL
1899837394000,112.320006,-8.92559349778259,-13.9728647025722,-1.6513437296738,2.8469374,-0.64934975,-1.1029172,295.38562,80.230644,4.6223264,WAL
1899842250000,112.324862,-8.32643794001178,-13.3194870247496,-2.12991682863877,2.6166413,-1.235475,-1.2760975,295.54187,79.7838,4.232371,WAL
1899847355000,112.329967,-7.02521209602239,-12.4792121470242,-2.81654143441367,2.3661866,-1.4178182,-1.351234,295.62183,79.334984,3.8817255,WAL
1899852301000,112.334913,-5.81543700938356,-11.6529075681507,-3.22654414924658,2.133447,-1.1511755,-1.3472633,295.60077,78.946434,3.639109,WAL
1899857360000,112.339972,-4.71087430426615,-10.7758940299413,-2.98003229600783,1.951409,-0.89949906,-1.3020593,295.52637,78.600555,3.4229312,WAL
1899862293000,112.344905,-3.63365173113118,-9.97102597385932,-2.73279454662548,1.8640553,-0.82833326,-1.212262,295.30106,78.35264,3.4249318,WAL
1899867350000,112.349962,-2.52878678617871,-9.31271080931559,-2.45657837047529,1.8362609,-0.8671232,-1.1218541,295.1146,78.14678,3.4057772,WAL
1899872353000,112.354965,-1.50565702653448,-8.78616590489239,-2.16194507295735,1.817935,-0.8671232,-0.99296147,294.88443,77.902306,3.5202668,WAL
1899877355000,112.359967,-0.909015107279793,-9.0200495265544,-1.73713601839378,1.8164078,-0.84482664,-0.8927795,294.64703,77.67364,3.614792,WAL
1899882300000,112.364912,-0.351496474332875,-9.22536306877579,-1.41121561458047,1.781283,-0.8573494,-0.9114109,294.3315,77.38781,3.8938518,WAL
1899887389000,112.370001,-0.0115198343328748,-9.24930506877579,-1.75598061458047,1.7180585,-0.7049385,-0.96486163,294.06555,77.12203,4.1400175,WAL
1899892304000,112.374916,0.297049116669544,-9.28618451386091,-1.99282917008153,1.7195857,-0.31031954,-0.99173975,293.84753,76.7845,4.456356,WAL
1899897348000,112.37996,0.408255812780815,-9.46689567203837,-1.23755031101199,1.7763962,0.18661933,-1.0497719,293.70728,76.44555,4.775329,WAL
1899902501000,112.385113,0.520617357014242,-9.64711068987153,-0.463499896130864,1.8316795,0.5015204,-1.0974194,293.52826,76.13077,5.180248,WAL
1899907362000,112.389974,0.599434088351758,-9.72129068270093,0.320030925634897,1.8124372,0.54367006,-1.0793989,293.41202,75.822845,5.562769,WAL
1899912684000,112.395296,0.678424445388341,-9.79065184556054,1.11192482030493,1.6994271,0.43982297,-1.0235047,293.41296,75.40768,5.915783,WAL
1899917353000,112.399965,0.658373259484305,-9.70643732286996,0.999638259641256,1.5577064,0.41813725,-0.95142263,293.44788,75.01449,6.2443137,WAL
1899922311000,112.404923,0.637080952842152,-9.61701012143498,0.880401427820628,1.4724907,0.52381694,-0.88697636,293.5666,74.520386,6.5299916,WAL
1899927357000,112.409969,0.580545749603725,-9.41194829552209,0.458549158105805,1.4712689,0.5891795,-0.8206975,293.66446,74.05781,6.79249,WAL
1899932249000,112.414861,0.515566923592233,-9.17988071359223,-0.0380747790291262,1.4727961,0.7501425,-0.77946407,293.81696,73.62857,7.0235534,WAL
1899937383000,112.419995,0.441164387230969,-8.88348756807958,-0.557560711979239,1.4779885,0.89858276,-0.6914995,293.95694,73.22991,7.221932,WAL
1899942363000,112.424975,0.366902717698097,-8.57818987430796,-1.06088986339792,1.5039502,1.0390818,-0.6010914,294.1366,72.83782,7.3913045,WAL
1899947354000,112.429966,0.271349648513387,-8.25921690437739,-1.54875651640459,1.5378532,1.1716396,-0.52412236,294.29285,72.52203,7.5442843,WAL
1899952345000,112.434957,0.149468189778156,-7.92404251317467,-2.01596873529537,1.5586227,1.2996159,-0.4550946,294.4801,72.2189,7.659794,WAL
1899957360000,112.439972,-0.0175667458202922,-7.61715866091655,-2.38372604138483,1.5735888,1.4245378,-0.4098906,294.63266,71.9843,7.7760386,WAL
1899962353000,112.444965,-0.218518700874525,-7.33486915912547,-2.67080021007605,1.5958854,1.5351044,-0.37598756,294.81137,71.75434,7.864229,WAL
1899967348000,112.44996,-0.39699493281417,-7.07020432586582,-2.8976160838116,1.5974126,1.6310102,-0.34391713,294.96545,71.57725,7.94665,WAL
1899972391000,112.455003,-0.559478441683159,-6.81692122274886,-3.07921538208985,1.6215417,1.7122552,-0.31795537,295.14294,71.39607,8.011186,WAL
1899977355000,112.459967,-0.730012594873424,-6.58777941473245,-3.13457166867865,1.6123788,1.7644843,-0.310625,295.3115,71.24963,8.058958,WAL
1899982347000,112.464959,-0.910364228015487,-6.37420507255038,-3.08711059912638,1.6194037,1.781894,-0.29993483,295.48962,71.10018,8.092982,WAL
1899987369000,112.469981,-1.06390289629593,-6.19483207802318,-2.96899397880559,1.6007724,1.785559,-0.30940324,295.65854,70.963745,8.122108,WAL
1899992338000,112.47495,-1.19115388294543,-6.04872900950777,-2.789900086907,1.5561792,1.7843374,-0.31490102,295.82898,70.8375,8.144542,WAL
1899997349000,112.479961,-1.26388207676361,-5.90602475675209,-2.55852405240426,1.5005904,1.7928895,-0.31795537,296.03586,70.71418,8.124391,WAL
1900002346000,112.484958,-1.28225443285344,-5.76823244578175,-2.27834620954986,1.426065,1.7968601,-0.31856623,296.2406,70.61026,8.1043005,WAL
1900007354000,112.489966,-1.30308444598672,-5.62324446035003,-1.94689786861798,1.328021,1.7806722,-0.33658674,296.46255,70.47669,8.067527,WAL
1900012362000,112.494974,-1.32720465037216,-5.46887495079461,-1.5465021735868,1.2223413,1.7663169,-0.35124752,296.68503,70.36795,8.028241,WAL
1900017306000,112.499918,-1.37142658837675,-5.32081813783567,-1.11301883675752,1.0790935,1.7275269,-0.35827246,296.95465,70.26001,7.957969,WAL
1900022387000,112.504999,-1.44456244128257,-5.17454622837675,-0.615694650068136,0.9416488,1.666135,-0.38240165,297.2158,70.17719,7.898534,WAL
1900027276000,112.509888,-1.52249955013325,-5.0166670512289,-0.13023265433817,0.7687739,1.6249015,-0.39278635,297.54425,70.091286,7.7922053,WAL
1900032356000,112.514968,-1.61373967963676,-4.82938498627974,0.383593144418123,0.6872234,1.5430456,-0.4120286,297.84625,70.01592,7.702971,WAL
1900037292000,112.519904,-1.70055456165711,-4.6529856171841,0.86230084206051,0.50946164,1.4474452,-0.4098906,298.20367,69.928024,7.565879,WAL
1900042365000,112.524977,-1.78701851484081,-4.4800575603421,1.32344195914574,0.32711834,1.3536774,-0.40103304,298.5387,69.86302,7.4384475,WAL
1900047250000,112.529862,-1.868371389085,-4.33051813660009,1.72111626432884,0.15607607,1.2534955,-0.3857614,298.932,69.75685,7.257688,WAL
1900052342000,112.534954,-1.94991079363679,-4.20367899452857,2.05633381111937,-0.0018325958,1.1527027,-0.36102137,299.29578,69.697655,7.080258,WAL
1900057253000,112.539865,-2.01544347034469,-4.09119371862126,2.35115104849394,-0.16646078,1.042747,-0.34147367,299.69034,69.58877,6.8665376,WAL
1900062353000,112.544965,-2.0356656750854,-4.01030489965842,2.55337330705931,-0.3182608,0.92485,-0.31703907,300.04956,69.5203,6.655448,WAL
1900067308000,112.54992,-2.04242225898982,-3.94259538618167,2.7177372104873,-0.4718934,0.7858781,-0.2938262,300.41553,69.41609,6.4160933,WAL
1900072374000,112.554986,-2.01844476131264,-3.89943589036276,2.8088517517347,-0.6093381,0.6209445,-0.269697,300.73615,69.34824,6.1852865,WAL
1900077292000,112.559904,-1.96692685486743,-3.84677058319135,2.80008059832488,-0.7486154,0.44593164,-0.26083946,301.03052,69.27055,5.958987,WAL
1900082353000,112.564965,-1.83702255826553,-3.76326064362975,2.52635364956447,-0.86193085,0.28771752,-0.2501493,301.2781,69.2225,5.7426567,WAL
1900087359000,112.569971,-1.71539497719996,-3.70925233476278,2.25308885225575,-0.9828822,0.13408493,-0.24648413,301.48193,69.186325,5.5496325,WAL
1900092334000,112.574946,-1.62294406034734,-3.77396807309595,1.97111341105074,-1.087951,0.022907447,-0.24495697,301.64987,69.17469,5.368489,WAL
1900097308000,112.57992,-1.52516572419053,-3.85318179139848,1.69330402120854,-1.1859949,-0.06780604,-0.24587326,301.73795,69.24571,5.2425017,WAL
1900102355000,112.584967,-1.38721761942722,-4.03869820643637,1.44119209099498,-1.2644911,-0.099265605,-0.23304509,301.80777,69.338524,5.119232,WAL
1900107287000,112.589899,-1.24806160539033,-4.23838178688124,1.20861797264723,-1.328021,-0.0983493,-0.2275473,301.82043,69.52053,5.038363,WAL
1900112352000,112.594964,-1.05824931821561,-4.6417327298963,1.11845710774799,-1.385137,-0.09193522,-0.22388211,301.82248,69.71999,4.9580784,WAL
1900117459000,112.600071,-0.87757350529542,-5.0336145555331,1.03708925853541,-1.42973,-0.08307768,-0.21838433,301.77435,69.99781,4.918741,WAL
1900122390000,112.605002,-0.832131611922633,-5.23355887118938,1.07344280929561,-1.455081,-0.0870483,-0.22999077,301.7232,70.28118,4.8839774,WAL
1900127668000,112.61028,-0.78513493433429,-5.4482775276111,1.11727581431429,-1.4608842,-0.06352998,-0.23243423,301.63123,70.606125,4.897298,WAL
1900132336000,112.614948,-0.781247260418297,-5.65432513418558,1.26889565318723,-1.4679092,-0.067500606,-0.24007004,301.5299,70.93192,4.917515,WAL
1900137300000,112.619912,-0.777113067333681,-5.8734383130707,1.43012977490217,-1.4697418,-0.07880162,-0.25625798,301.42334,71.255,4.9491353,WAL
1900142362000,112.624974,-0.788712657081708,-6.14856183068307,1.61756562587259,-1.4807373,-0.11178834,-0.25534168,301.30673,71.57756,4.979621,WAL
1900147345000,112.629957,-0.807803023946395,-6.44446302540254,1.81324224006401,-1.5021176,-0.1518,-0.25350907,301.1843,71.896614,5.0148883,WAL
1900152355000,112.634967,-0.817235352758928,-6.87125885507963,2.07587538499357,-1.5289958,-0.12767084,-0.2144137,301.07938,72.19428,5.027526,WAL
1900157386000,112.639998,-0.822001489943615,-7.36217128370759,2.37137608951429,-1.5705346,-0.08582657,-0.12797627,300.9624,72.50051,5.0279675,WAL
1900162355000,112.644967,-0.728963989647059,-7.96902981176471,2.82729862705882,-1.6111571,0.009468411,-0.047036625,300.88113,72.796326,4.990294,WAL
1900167345000,112.649957,-0.584806346771242,-8.64176560563097,3.37029246406234,-1.6426166,0.09865474,0.04428773,300.7998,73.103806,4.924198,WAL
1900172383000,112.654995,-0.375603351139974,-9.3148629524428,4.10900980887202,-1.5968018,0.16065755,0.13561209,300.75195,73.37258,4.8130155,WAL
1900177360000,112.659972,-0.137498798065741,-9.97679351014087,4.93285163928464,-1.5100589,0.17989981,0.23335053,300.70667,73.64143,4.674713,WAL
1900182347000,112.664959,0.273232455856778,-10.9057802636166,5.90423881017334,-1.366811,0.13897185,0.34300083,300.68304,73.797874,4.5245686,WAL
1900187384000,112.669996,0.775858325268542,-11.9795720936819,6.95975296703609,-1.1743884,0.042760566,0.39675698,300.64246,73.91784,4.3710775,WAL
1900192320000,112.674932,1.40294137426938,-13.2803662236341,8.11965967598475,-0.8979719,-0.103847094,0.36010507,300.61923,73.80919,4.2641506,WAL
1900197348000,112.67996,2.15245128951715,-14.8099781651842,9.40453409021601,-0.56046885,-0.32895094,0.24404067,300.5432,73.637,4.183796,WAL
1900202345000,112.684957,2.64752422628363,-16.0103788563122,9.85413038996748,-0.18997909,-0.6087272,0.09315695,300.44843,73.18951,4.2414927,WAL
1900207357000,112.689969,3.01649223562629,-17.0510581483197,9.88251213038336,0.1160644,-0.7333437,-0.10476339,300.33926,72.68689,4.348099,WAL
1900212357000,112.694969,3.4133616972334,-17.7580287402139,9.20950464289218,0.36957347,-0.60994893,-0.24098633,300.2354,71.965614,4.5985427,WAL
1900217352000,112.699964,3.82634911070342,-18.2742622107329,8.13479900569018,0.552833,-0.22327125,-0.35979962,300.1774,71.224365,4.866801,WAL
1900222498000,112.70511,4.01420831136566,-18.004643950627,7.13548635345117,0.7122689,0.25350907,-0.3933972,300.1291,70.541824,5.162762,WAL
1900227403000,112.710015,4.04667789051052,-17.2532054095981,6.24952991896909,0.8374963,0.48075095,-0.43768495,300.12442,69.85595,5.457491,WAL
1900232351000,112.714963,3.62570783558883,-15.8839436323064,5.60076096308667,0.91996306,0.8518516,-0.44440445,300.17828,69.36869,5.7424536,WAL
1900237382000,112.719994,2.85806873904405,-14.0342102179672,5.12445476824071,0.9266826,1.0699304,-0.42638394,300.2502,68.88902,6.0029445,WAL
1900242356000,112.724968,2.03544740312054,-12.0923478941464,4.69860444276973,0.86498517,1.1954633,-0.36926803,300.36905,68.50424,6.2372007,WAL
1900247358000,112.72997,1.14147604770549,-10.0210699895982,4.31756732443402,0.7486154,1.244638,-0.31887165,300.52084,68.145706,6.4396944,WAL
1900252345000,112.734957,0.315450168201285,-8.21291298102005,3.8857290750438,0.6062838,1.2504412,-0.26267207,300.73685,67.81496,6.5195913,WAL
1900257358000,112.73997,-0.455564796788009,-6.6288279137629,3.40442896404516,0.4175264,1.2507466,-0.21410827,300.957,67.54012,6.579216,WAL
1900262331000,112.744943,-1.15089045127427,-5.30857558137136,2.90468683425364,0.21685717,1.2299771,-0.17256944,301.22195,67.2916,6.5203815,WAL
1900267347000,112.749959,-1.77273210807039,-4.26407606535194,2.37514987527306,0.028099801,1.169807,-0.105374254,301.467,67.10051,6.445507,WAL
1900272345000,112.754957,-2.34175937667624,-3.51123459057146,1.9624117402991,-0.16798794,1.0790935,-0.0290161,301.7322,66.98339,6.262837,WAL
1900277343000,112.759955,-2.85847441641081,-3.05614602438348,1.66850033338615,-0.36835176,0.9428705,0.06780604,301.95874,66.92468,6.068494,WAL
1900282320000,112.764932,-3.32784976506606,-2.86188339154013,1.48888176743246,-0.57543504,0.7593055,0.17165314,302.15652,66.96804,5.7834973,WAL
1900287502000,112.770114,-3.76334607717413,-2.96464099023861,1.43505636102347,-0.7672467,0.5332854,0.31123585,302.2912,67.06789,5.482594,WAL
1900292275000,112.774887,-4.22806916598101,-3.40931662183544,1.43016795700158,-0.9837985,0.31887165,0.48502702,302.35922,67.25986,5.0918694,WAL
1900297281000,112.779893,-4.7969949272943,-4.32433936155063,1.48231951647547,-1.205848,0.13225232,0.6478226,302.3592,67.50755,4.688333,WAL
1900302278000,112.78489,-5.23016342851182,-5.50906722317703,1.64504913902245,-1.4153748,-0.08735373,0.77396625,302.27322,67.83528,4.2026606,WAL
1900307339000,112.789951,-5.47091569123783,-7.10766119988079,1.97247210772899,-1.6603317,-0.43951756,0.8445212,302.0886,68.22912,3.722994,WAL
1900312283000,112.794895,-5.61108249680258,-8.79004667527134,2.06248484341449,-1.9016235,-0.8393288,0.8698721,301.8266,68.7431,3.1389573,WAL
1900317294000,112.799906,-5.608736337489,-10.6787457133324,1.80440173317688,-2.1108449,-1.2635747,0.9294315,301.44983,69.30245,2.5674188,WAL
1900322268000,112.80488,-5.60640750164271,-12.5534990590349,1.54822424558522,-2.2317963,-1.466382,0.9636399,301.02405,69.9451,1.9562474,WAL
1900327329000,112.809941,-5.60403793223819,-14.4610436273101,1.28756596960986,-2.2540927,-1.813659,0.97433007,300.43796,70.59417,1.3965394,WAL
1900332249000,112.814861,-5.70417488968113,-16.032226896019,0.948403572908497,-2.1881194,-2.0631974,0.99173975,299.79504,71.33704,0.880685,WAL
1900337443000,112.820055,-6.05884104337493,-17.002633057041,0.381922831490196,-2.012801,-2.2064452,0.981355,299.08704,72.02374,0.39977592,WAL
1900342282000,112.824894,-6.22971367410714,-17.771596669934,0.0294432905767663,-1.736079,-2.0809124,0.93615097,298.34247,72.82645,-0.09141358,WAL
1900347330000,112.829942,-6.00920170982143,-18.2360788073564,0.099819437310462,-1.3875804,-1.7284433,0.8536842,297.62805,73.51681,-0.5617014,WAL
1900352312000,112.834924,-5.50863890297416,-18.6412503334959,0.434847732222331,-0.8933904,-1.2800682,0.6835582,296.9635,74.17229,-1.0343415,WAL
1900357357000,112.839969,-4.04811755241346,-18.8721076640663,1.66922389044271,-0.35643986,-1.039998,0.46120325,296.35522,74.67522,-1.4613407,WAL
1900362307000,112.844919,-2.73178598052722,-18.6903125544485,2.71724800116899,0.036957346,-1.0338894,0.25045475,295.82333,75.063034,-1.8056254,WAL
1900367351000,112.849963,-1.93212788600345,-16.6096855069041,3.02801558444218,0.25595254,-1.044885,0.03604105,295.37534,75.33001,-2.0870297,WAL
1900374463000,112.857075,-0.847924158327332,-13.6968946490817,3.42066153090565,0.32589662,-0.8237518,-0.18509217,295.03424,75.38962,-2.105851,WAL
1900377383000,112.859995,-0.805126837117393,-12.6949335039611,3.15884260148542,0.27672195,-0.7119634,-0.21227567,294.6624,75.41985,-2.1078963,WAL
1900382324000,112.864936,-0.732708493248109,-10.9994917169607,2.71581269386028,0.22082779,-0.52595496,-0.23335053,294.41226,75.30073,-1.9548823,WAL
1900387321000,112.869933,-0.666414414982347,-9.22158854060126,2.28775126260832,0.099571034,-0.40866885,-0.24281894,294.17575,75.216644,-1.8033875,WAL
1900392324000,112.874936,-0.610028372981705,-7.35059714207767,1.88792292488499,-0.05589417,-0.48991394,-0.25625798,293.938,75.1606,-1.6466027,WAL
1900397314000,112.879926,-0.631852770083972,-5.77806214828827,1.23752986689674,-0.22388211,-0.7476991,-0.20616703,293.68134,75.13927,-1.5012237,WAL
1900402296000,112.884908,-0.719906027361816,-4.45726347300914,0.374608059584756,-0.4352415,-1.035722,-0.12095132,293.39243,75.17372,-1.3555536,WAL
1900407298000,112.88991,-0.90674915350371,-3.22694968248145,-0.580024445548228,-0.72692966,-1.273654,-0.025350908,293.04865,75.26533,-1.2161981,WAL
1900412315000,112.894927,-1.2632384373042,-2.15748167597898,-1.68910228745466,-1.0412198,-1.4196508,0.076358154,292.64438,75.420425,-1.089368,WAL
1900417313000,112.899925,-1.61318694448154,-1.27786330642675,-2.58306047927141,-1.3096951,-1.5824465,0.19272798,292.1368,75.72931,-0.9964382,WAL
1900422339000,112.904951,-1.95820970390809,-0.639807607076787,-3.20221092206402,-1.5693128,-1.6756034,0.30115658,291.59998,76.123375,-0.92730176,WAL
1900427246000,112.909858,-2.24050810094462,-0.215059626776375,-3.72263542736402,-1.6887369,-1.9703459,0.35918877,290.91843,76.68203,-0.91525346,WAL
1900432311000,112.914923,-2.44308070350999,-0.0993037783374764,-4.12295777746843,-1.9251418,-2.3854287,0.4841107,290.1618,77.34596,-0.9465485,WAL
1900437319000,112.919931,-2.59441656344048,-0.107316344815244,-4.66499557154305,-2.1126773,-2.8255572,0.56688297,289.3291,78.129555,-1.0625513,WAL
1900442317000,112.924929,-2.66686820514647,-0.311885330349924,-5.44065281871605,-2.230269,-3.133128,0.64904433,288.4065,78.9561,-1.2118018,WAL
1900447309000,112.929921,-2.72034507911575,-0.5833888125385,-6.21595729617486,-2.286163,-3.1969633,0.7244862,287.40384,79.872826,-1.4253955,WAL
1900452304000,112.934916,-2.65380696451068,-1.28203896626428,-6.99540384535519,-2.2519548,-3.0094275,0.7996226,286.37994,80.78168,-1.67776,WAL
1900457307000,112.939919,-2.57673397931082,-2.07878349206065,-7.67979115156444,-2.1407773,-2.701857,0.8729264,285.32507,81.81324,-1.987931,WAL
1900462314000,112.944926,-2.42471818112336,-3.57250406534114,-7.67318184254997,-2.006387,-2.4275784,0.93279123,284.31738,82.77696,-2.3427346,WAL
1900467315000,112.949927,-2.27288454686423,-5.06443467987595,-7.66658045361819,-1.8707749,-2.2214115,0.9816604,283.34845,83.77485,-2.722662,WAL
1900472333000,112.954945,-2.12458626313253,-6.52375418604337,-7.70413546941687,-1.7046194,-2.0616703,1.0250319,282.45905,84.583115,-3.142,WAL
1900477319000,112.959931,-1.99111644963855,-7.84464453711807,-7.89283377519036,-1.5512923,-1.9187278,1.1096367,281.63953,85.13602,-3.606025,WAL
1900482312000,112.964924,-1.87586833924222,-9.18453361299053,-8.03215746312585,-1.3558154,-1.6694947,1.2382239,280.88632,85.442726,-3.9977593,WAL
1900487381000,112.969993,-1.86765710798376,-10.6461341488498,-7.88024994206698,-1.0934488,-1.3387111,1.3613132,280.21457,85.427246,-4.4162993,WAL
1900492252000,112.974864,-1.85976661529093,-12.0506431664411,-7.7342760744249,-0.8344419,-0.9440922,1.4242324,279.6345,85.22074,-4.773685,WAL
1900497315000,112.979927,-1.76736595096183,-13.4428202286232,-6.7755461616477,-0.68508536,-0.48472157,1.4462235,279.18384,95.19129,-5.14831,WAL
1900502270000,112.984882,-1.65266416357136,-14.785786419579,-5.60463210283009,-0.65576386,-0.1301143,1.4370605,278.8313,95.725136,-5.5223265,WAL
1900507323000,112.989935,-1.23049891659664,-15.322367697479,-4.38247552521008,-0.74036866,0.10934488,1.38025,278.5518,96.21236,-5.791144,WAL
1900512250000,112.994862,-0.739579325211084,-15.6291922356943,-3.18349875020008,-0.9272934,0.2565634,1.3600914,278.35242,96.75382,-6.056462,WAL
1900517312000,112.999924,-0.255270978204661,-15.4110436049679,-2.34292478234392,-1.1520919,0.35338554,1.3240504,278.25308,97.202034,-6.269922,WAL
1900522310000,113.004922,0.2175479177213,-15.0529865398485,-1.61762975702503,-1.3741413,0.3894266,1.2852604,278.17767,97.67859,-6.471028,WAL
1900527356000,113.009968,0.506802818726415,-14.5021763679245,-1.0520482995283,-1.4779885,0.46944994,1.1468995,278.16418,97.97976,-6.556167,WAL
1900532287000,113.014899,0.715631981915291,-13.8896110693789,-0.564780302159984,-1.6679676,0.5317582,0.94225967,278.1515,98.3139,-6.612035,WAL
1900537357000,113.019969,0.807150638140287,-13.1170926262492,-0.068195213610926,-1.8075503,0.5131268,0.6765333,278.133,98.49379,-6.538767,WAL
1900542357000,113.024969,0.839052051483773,-12.2876555842772,0.419440795716189,-1.9269744,0.37568212,0.4016439,278.09033,98.672874,-6.412854,WAL
1900547349000,113.029961,0.920640974705882,-11.5679658411765,0.742709542617647,-2.0231857,0.14294247,0.17501289,278.00583,98.78294,-6.2118845,WAL
1900552350000,113.034962,1.03802729041176,-10.9246891723529,0.949309467085294,-2.0271564,-0.16401732,0.003970624,277.85324,98.87513,-5.9644227,WAL
1900557301000,113.039913,1.0092862523797,-10.4807793986049,1.10572429120501,-1.951409,-0.5699373,-0.14752395,277.60815,98.91626,-5.69048,WAL
1900562350000,113.044962,0.852866359165993,-10.1972679934796,1.22303917411039,-1.7950275,-1.0485502,-0.27672195,277.25092,98.93239,-5.39572,WAL
1900567303000,113.049915,0.501205212401902,-10.0879529423306,1.12903832449465,-1.6099354,-1.5262468,-0.43004912,276.76773,98.88755,-5.062137,WAL
1900572371000,113.054983,-0.0181970636107808,-10.1119993267935,0.864527894530321,-1.4083499,-1.9040669,-0.5925393,276.17535,98.7987,-4.7104707,WAL
1900577323000,113.059935,-0.511107987714792,-10.0565206824624,0.451797925686448,-1.212262,-2.1273382,-0.72204274,275.49652,98.67755,-4.3775854,WAL
1900582314000,113.064926,-0.99562505786832,-9.93421564048814,-0.0938717538687137,-1.0436633,-2.172237,-0.816116,274.7621,98.512184,-4.021842,WAL
1900587329000,113.069941,-1.39094406589889,-9.67683761711038,-0.512163879717818,-0.9236283,-2.0726657,-0.8362745,274.0308,98.41657,-3.7588198,WAL
1900592321000,113.074933,-1.69602679350882,-9.29071694466048,-0.802945858826403,-0.8167268,-1.9181169,-0.7858781,273.306,98.29041,-3.493256,WAL
1900597350000,113.079962,-2.00604639179343,-8.9167028684236,-0.941041644322256,-0.7425067,-1.8738291,-0.7058548,272.5718,98.28032,-3.3278503,WAL
1900602354000,113.084966,-2.31713994706908,-8.55917795300843,-0.927112090829377,-0.70707655,-1.8851302,-0.5983425,271.8708,98.268295,-3.18448,WAL
1900607351000,113.089963,-2.56205680326543,-8.22273924116237,-1.02114350223188,-0.7104363,-1.8695531,-0.46486846,271.18637,98.34194,-3.1339278,WAL
1900612334000,113.094946,-2.72408207866986,-7.91298463571001,-1.24988512165968,-0.6954701,-1.8038851,-0.31215215,270.51926,98.41687,-3.1197274,WAL
1900617369000,113.099981,-2.77589422068223,-7.7431480472682,-1.5194903108602,-0.70005155,-1.666135,-0.16523905,269.8789,98.5447,-3.2032337,WAL
1900622374000,113.104986,-2.68646048340829,-7.75461390795139,-1.83594830516697,-0.7113526,-1.5784758,-0.09162979,269.24738,98.67829,-3.3085256,WAL
1900627289000,113.109901,-2.5986349452062,-7.7658735893216,-2.14671574612956,-0.72295904,-1.3561208,0.020158553,268.69025,98.88754,-3.4869895,WAL
1900632349000,113.114961,-2.50821841961056,-7.77746544847383,-2.46665130081332,-0.7657196,-1.1304061,0.11209377,268.16217,99.11334,-3.6760118,WAL
1900637370000,113.119982,-2.33606276963136,-7.83032568519602,-2.69942667612639,-0.79473567,-0.9257663,0.20372356,267.69672,99.35047,-3.8869011,WAL
1900642323000,113.124935,-1.93823581954359,-7.99685787214745,-2.69480078472791,-0.82619524,-0.7867944,0.28680122,267.2807,99.608086,-4.1129603,WAL
1900647315000,113.129927,-1.53561419925112,-8.16272550768333,-2.67130782711535,-0.8378017,-0.70921457,0.33475417,266.88425,99.94815,-4.299951,WAL
1900652306000,113.134918,-1.12652942295273,-8.32078128399144,-2.57368528451663,-0.8356637,-0.6792821,0.3585779,266.51642,100.29625,-4.4977813,WAL
1900657317000,113.139929,-0.7306460496222,-8.48108066672712,-2.48171647996735,-0.82741696,-0.6792821,0.35246924,266.17886,100.601746,-4.6133194,WAL
1900662316000,113.144928,-0.422394782127505,-8.65040156134942,-2.42527619687132,-0.7974846,-0.6731735,0.3368922,265.8518,100.899055,-4.729962,WAL
1900667929000,113.150541,-0.0831183777362226,-8.8374723695963,-2.35481902644374,-0.766025,-0.6844745,0.30757064,265.52432,101.12387,-4.7518754,WAL
1900672349000,113.154961,0.0938171073457266,-8.94456462787372,-2.20582063682763,-0.72143185,-0.7076874,0.28160888,265.19397,101.33402,-4.770834,WAL
1900677305000,113.159917,0.260635172267979,-9.05470691110888,-2.03531090411812,-0.691194,-0.7443393,0.23915374,264.8609,101.48262,-4.703626,WAL
1900682311000,113.164923,0.198035785867818,-9.09322988117718,-1.83788212810366,-0.6771441,-0.79168135,0.19150625,264.51617,101.62083,-4.631381,WAL
1900687378000,113.16999,0.122527223390937,-9.12537666858679,-1.64259891708909,-0.689056,-0.8689558,0.13652839,264.15503,101.70749,-4.5118666,WAL
1900692321000,113.174933,-0.0229049006739631,-9.11628697753456,-1.4789878000576,-0.7122689,-0.9624182,0.09896017,263.77435,101.79297,-4.390491,WAL
1900697446000,113.180058,-0.17746380880134,-9.10021395341279,-1.31461935528415,-0.7641924,-1.0555751,0.060170226,263.3904,101.86501,-4.2760377,WAL
1900702310000,113.184922,-0.370158251854624,-9.00386670314193,-1.22286006474934,-0.8344419,-1.1291844,0.029626964,262.98465,101.94796,-4.160419,WAL
1900707592000,113.190204,-0.577147672238606,-8.89555660911528,-1.13161654479893,-0.9080512,-1.2021828,0.021380283,262.55988,102.03389,-4.084787,WAL
1900712315000,113.194927,-0.734790121778374,-8.7540827106345,-1.15182714393208,-0.9789116,-1.2534955,0.032375857,262.12097,102.138405,-4.0113297,WAL
1900717309000,113.199921,-0.901477903485255,-8.60449121179625,-1.17319740268097,-1.0445796,-1.2617421,0.058337633,261.67734,102.26855,-3.9898756,WAL
1900722339000,113.204951,-1.12691387511211,-8.45099476532138,-1.20600489043348,-1.0714576,-1.2641857,0.06872234,261.22174,102.40658,-3.9711475,WAL
1900727253000,113.209865,-1.36307021659193,-8.30025626756353,-1.24117708415546,-1.1133019,-1.25319,0.112399206,260.77216,102.57113,-3.9702115,WAL
1900732311000,113.214923,-1.49989325688754,-8.13147503916722,-1.26970854610704,-1.1343768,-1.2244794,0.15821409,260.32492,102.76333,-4.015637,WAL
1900737351000,113.219963,-1.62378444882593,-7.96169857372374,-1.29723995935926,-1.1343768,-1.1850786,0.21655174,259.88797,102.963974,-4.075961,WAL
1900742319000,113.224931,-1.77690696525772,-7.93364896200063,-1.33081683025192,-1.1273518,-1.1420126,0.2864958,259.4568,103.1991,-4.1964726,WAL
1900747247000,113.229859,-1.93609580590281,-7.9386235564562,-1.36563935505428,-1.1276573,-1.1123856,0.35735616,259.03696,103.438515,-4.331254,WAL
1900752309000,113.234921,-2.0391363088,-7.98190664364444,-1.3267495456,-1.1093313,-1.1074986,0.40958515,258.62073,103.695786,-4.508399,WAL
1900757257000,113.239869,-2.13273839448889,-8.02870778422716,-1.27994850275556,-1.0955868,-1.1007792,0.4700608,258.21866,103.95861,-4.703947,WAL
1900762317000,113.244929,-2.19909693217645,-8.18891892245867,-1.19287706153987,-1.0732902,-1.1093313,0.537256,257.81247,104.23444,-4.9451036,WAL
1900767303000,113.249915,-2.26015264020459,-8.3633642579231,-1.10129345395927,-1.0509937,-1.1304061,0.5888741,257.40784,104.508224,-5.1963744,WAL
1900772336000,113.254948,-2.28649843631922,-8.59125722540717,-0.989589873550489,-1.0354166,-1.1481212,0.6365216,257.00473,104.7794,-5.4822083,WAL
1900777252000,113.259864,-2.29672195488599,-8.83662273854506,-0.872018689446254,-1.0409144,-1.1688906,0.679893,256.59833,105.05319,-5.7788944,WAL
1900782311000,113.264923,-2.30599568189952,-9.06297377239258,-0.765370641036443,-1.0366384,-1.1749994,0.6966918,256.19385,105.29962,-6.088062,WAL
1900787357000,113.269969,-2.31500389008295,-9.28367524913785,-0.661776166973623,-1.0253373,-1.1902709,0.6899723,255.78241,105.54636,-6.3998423,WAL
1900792322000,113.274934,-2.29967959367492,-9.53678341745509,-0.606998709925587,-0.9941832,-1.2180653,0.6976081,255.367,105.757515,-6.7133293,WAL
1900797279000,113.279891,-2.27444721480812,-9.80424642266397,-0.571673363703625,-0.96883225,-1.2617421,0.6927212,254.9415,105.96411,-7.0183516,WAL
1900802305000,113.284917,-2.22066321262396,-10.0016539181631,-0.65960865471634,-0.9117164,-1.2889256,0.69058317,254.5159,106.12541,-7.3199205,WAL
1900807331000,113.289943,-2.16045938410614,-10.1822657180381,-0.775716196730099,-0.82986045,-1.3100005,0.6872234,254.07932,106.27349,-7.6166744,WAL
1900812316000,113.294928,-2.02738476860377,-10.3168953901887,-0.994990465388679,-0.7257079,-1.3075571,0.68019843,253.64355,106.37905,-7.894894,WAL
1900817330000,113.299942,-1.84100717168733,-10.4204389500809,-1.29008830825229,-0.61819565,-1.3008375,0.67347896,253.20306,106.464516,-8.167456,WAL
1900822336000,113.304948,-1.58819530142132,-10.5407415047716,-1.62548453807107,-0.5503896,-1.2336423,0.6542367,252.78511,106.53534,-8.403122,WAL
1900827320000,113.309932,-1.31198657532995,-10.6667309528934,-1.9743797177665,-0.4184427,-1.1374311,0.63407815,252.37717,106.56503,-8.628566,WAL
1900832311000,113.314923,-0.983031070588235,-10.8195380352941,-2.23714198941176,-0.2950479,-1.0241156,0.61636305,251.99966,106.59599,-8.795256,WAL
1900837380000,113.319992,-0.631935364271938,-10.9833825841851,-2.47588705015429,-0.18142697,-0.9166033,0.59559363,251.64673,106.59572,-8.945456,WAL
1900842317000,113.324929,-0.187620221659557,-11.0790246065407,-2.60062334196628,-0.10629055,-0.782213,0.58062744,251.34143,106.58481,-9.010311,WAL
1900847312000,113.329924,0.307940155991266,-11.1470425452976,-2.67835834653666,-0.057726767,-0.66859204,0.56596667,251.05945,106.551956,-9.062587,WAL
1900852312000,113.334924,0.645673115936288,-11.1728646166205,-2.6091864034349,-0.0580322,-0.60231316,0.5149594,250.80814,106.488396,-9.008858,WAL
1900857331000,113.339943,0.920843183279778,-11.1817412487535,-2.48047783274238,-0.10567969,-0.58276546,0.42058071,250.57095,106.418846,-8.937058,WAL
1900862319000,113.344931,1.03117815685441,-11.2085588169259,-2.30614890741957,-0.20677789,-0.6169739,0.2733622,250.335,106.29564,-8.72965,WAL
1900867308000,113.34992,1.00809886259299,-11.2501013634431,-2.09381969904357,-0.33444872,-0.6704246,0.08399397,250.08858,106.17715,-8.4917345,WAL
1900872294000,113.354906,0.853185473052632,-11.3230542511278,-1.8758300087218,-0.464563,-0.73853606,-0.09865474,249.82324,106.01478,-8.158871,WAL
1900877322000,113.359934,0.549971536105263,-11.4316685022556,-1.64955091744361,-0.5647449,-0.8017606,-0.25320363,249.53322,105.866455,-7.796009,WAL
1900882248000,113.36486,0.181450899816004,-11.5202690827983,-1.42020046919023,-0.64568454,-0.84299403,-0.3567453,249.22354,105.71123,-7.423274,WAL
1900887362000,113.369974,-0.344211627164351,-11.5765902239578,-1.16675606909439,-0.6918049,-0.87964594,-0.40775254,248.8923,105.57423,-7.038425,WAL
1900892252000,113.374864,-0.82779472913518,-11.5909599361881,-0.931643984265323,-0.7058548,-0.90469146,-0.39828414,248.55127,105.45029,-6.726779,WAL
1900897316000,113.379928,-1.27118508592219,-11.4868987282396,-0.709948801147495,-0.7107417,-0.9245446,-0.36102137,248.20279,105.34495,-6.420581,WAL
1900902321000,113.384933,-1.68551314732125,-11.3770542029945,-0.497801767480138,-0.6771441,-0.915687,-0.30695978,247.84396,105.25025,-6.240929,WAL
1900907329000,113.389941,-1.92487677624771,-11.2158499577307,-0.336597726249745,-0.6017023,-0.8885035,-0.22907446,247.49232,105.159294,-6.083423,WAL
1900912304000,113.394916,-2.11651263248816,-11.1253325508498,-0.191574380313922,-0.4822781,-0.8857546,-0.16768251,247.12564,105.064865,-6.0393605,WAL
1900917309000,113.399921,-2.05418818027306,-11.4191479451101,-0.129249979231912,-0.31764993,-0.8741482,-0.14752395,246.77487,104.946495,-6.0037665,WAL
1900922586000,113.405198,-1.97610727633184,-11.7400681046157,-0.0716887687993087,-0.22357668,-0.8524625,-0.10262536,246.42722,104.83087,-6.0405874,WAL
1900927320000,113.409932,-1.70877065339569,-12.2056023297072,-0.150046051347092,0.06078109,-0.84696466,-0.096516706,246.0806,104.62466,-6.0707865,WAL
1900932499000,113.415111,-1.41459456706202,-12.7142427465116,-0.279343945069767,0.1441642,-0.80909103,-0.10903945,245.75398,104.42231,-6.0855546,WAL
1900937314000,113.419926,-1.11969016874806,-13.1789406360465,-0.94511298727907,0.33292156,-0.72356987,-0.13133603,245.4466,104.12584,-6.093675,WAL
1900942671000,113.425283,-0.780944075653638,-13.7102833224238,-1.66863547245184,0.48808134,-0.5861252,-0.17867808,245.18106,103.787254,-6.020353,WAL
1900947313000,113.429925,-0.261312310244997,-14.4751815257154,-1.9305298720778,0.6203337,-0.3827071,-0.23426682,244.96114,103.41229,-5.9297323,WAL
1900952296000,113.434908,0.296491456887975,-15.2962689335141,-2.21166295982794,0.743423,-0.12461651,-0.2932153,244.8039,103.0619,-5.7419934,WAL
1900957307000,113.439919,0.613286649031477,-15.7146125811138,-2.38047412227603,0.84788096,0.14660765,-0.36071593,244.70648,102.6851,-5.5293436,WAL
1900962271000,113.444883,0.877073954588378,-16.04554541364,-2.52435805613398,0.9459248,0.40103304,-0.39187005,244.67828,102.286545,-5.3030095,WAL
1900967293000,113.449905,1.02171803088414,-16.1099834507821,-2.426133296647,1.0680978,0.6075055,-0.42302418,244.73473,101.82167,-4.9292893,WAL
1900972382000,113.454994,1.14496260545097,-16.123677088508,-2.28006574627704,1.2043208,0.7669413,-0.46089783,244.8468,101.34058,-4.5488296,WAL
1900977418000,113.46003,1.23180540749145,-15.8136976549613,-1.93683288719611,1.3683381,0.8142834,-0.5360342,244.98859,100.82077,-4.108698,WAL
1900982272000,113.464884,1.30296143736719,-15.3993183270304,-1.53501058541329,1.5259414,0.7831292,-0.6301075,245.14815,100.28132,-3.6661701,WAL
1900987343000,113.469955,1.23795166299622,-14.7905991455577,-1.0558203662949,1.7168368,0.65484756,-0.7272351,245.28363,99.67069,-3.1984165,WAL
1900992299000,113.474911,1.03358606885633,-14.0179981978576,-0.527460602539382,1.9168952,0.45814893,-0.8588765,245.38472,99.02743,-2.7161849,WAL
1900997294000,113.479906,0.683741704772673,-13.2551578472554,-0.111664654272076,2.1010711,0.25381452,-1.0152581,245.45361,98.296814,-2.2125952,WAL
1901002341000,113.484953,0.227124406017601,-12.4957308989658,0.224790207955449,2.2999077,0.08674286,-1.1753048,245.47652,97.52743,-1.6918992,WAL
1901007344000,113.489956,-0.324935207575257,-11.9058520999511,0.538712010243521,2.4996605,-0.019242255,-1.3106114,245.46994,96.680885,-1.1882375,WAL
1901012313000,113.494925,-0.943917257439609,-11.4357978210269,0.836568031286064,2.7177396,-0.0421497,-1.4040737,245.44586,95.80582,-0.6653146,WAL
1901017325000,113.499937,-1.58161526298039,-11.1191077552941,1.10227168054902,2.9003882,-0.070554934,-1.4388931,245.40552,94.89456,-0.20885055,WAL
1901022508000,113.50512,-2.25316905254902,-10.9341874617647,1.34558827612745,2.9852984,-0.04062254,-1.473407,245.38736,94.00372,0.26666692,WAL
1901027426000,113.510038,-2.85377744669965,-10.9218388530483,1.52699145304827,3.1334333,0.021991149,-1.4627168,245.39694,93.06701,0.6306902,WAL
1901032298000,113.51491,-3.41571454530856,-11.0568779933713,1.6620305933713,3.2794302,0.112399206,-1.4175128,245.44061,92.23059,0.9883071,WAL
1901037319000,113.519931,-3.98963499205607,-11.2294323925234,1.68623398598131,3.395189,0.19028452,-1.3503176,245.51193,91.54629,1.2304626,WAL
1901042304000,113.524916,-4.54982853416407,-11.4624332596054,1.49785037009346,3.4519994,0.22999077,-1.2797627,245.6187,88.54108,1.4525424,WAL
1901047291000,113.529903,-5.00949859535793,-11.680066133447,1.00406013016844,3.4523048,0.25411993,-1.210124,245.77205,88.01137,1.5570257,WAL
1901052233000,113.534845,-5.32742661198115,-11.8746191069781,0.0977278026970123,3.3893857,0.35308012,-1.1420126,245.9779,87.161354,1.6353862,WAL
1901057264000,113.539876,-5.65107008318694,-12.1727002726051,-0.803535369794358,3.234226,0.52015173,-1.087951,246.22302,86.29795,1.6109194,WAL
1901062221000,113.544833,-5.96993923784231,-12.6043998037615,-1.66202881033378,2.97583,0.59131753,-1.0552697,246.48477,85.43934,1.5689485,WAL
1901067244000,113.549856,-6.40463532287816,-13.1173742568634,-2.37207009318141,2.7284296,0.6038403,-1.0824533,246.72708,84.758156,1.4857875,WAL
1901072259000,113.554871,-6.96049115582272,-13.7120108067468,-2.90638122336264,2.499355,0.56016344,-1.1954633,246.98563,84.13534,1.4173985,WAL
1901077199000,113.559811,-7.36781926535519,-14.0887740389071,-3.29135474391257,2.3044891,0.46273044,-1.3784174,247.17143,83.71068,1.3512542,WAL
1901082216000,113.564828,-7.34156418032787,-13.8157214836066,-3.23884462868852,2.19209,0.2910773,-1.5448782,247.33173,83.32323,1.3198084,WAL
1901087259000,113.569871,-6.96899453722541,-13.2651438212943,-3.21625864334059,2.1343632,0.109650314,-1.582141,247.42627,83.08493,1.2385685,WAL
1901092212000,113.574824,-6.13352665331486,-12.3498837249159,-3.23503314030279,2.091908,0.05589417,-1.5234979,247.51105,82.868034,1.1866611,WAL
1901097196000,113.579808,-5.32226018112547,-11.4788391967149,-3.21751196154145,2.0253236,0.13500121,-1.3875804,247.57076,82.66241,1.1392652,WAL
1901102227000,113.584839,-4.54960488294295,-10.6780872622218,-3.1425879077267,1.92392,0.24404067,-1.2675453,247.62222,82.480705,1.0860565,WAL
1901107191000,113.589803,-3.82737950415197,-9.95814642497229,-3.09650321859317,1.8545868,0.29718593,-1.1294898,247.60452,82.30252,1.1336546,WAL
1901112207000,113.594819,-3.17868524096543,-9.37238499153482,-3.10618521573113,1.8133535,0.4266894,-1.071763,247.63776,82.1505,1.1633738,WAL
1901117231000,113.599843,-2.52761229952409,-9.0077639926631,-2.92401776004362,1.8093829,0.61300325,-0.98990715,247.65353,81.99015,1.2687088,WAL
1901122244000,113.604856,-1.87550360517549,-9.05060362145548,-2.39090688035891,1.8249599,0.6960809,-0.9825767,247.67699,81.83929,1.3752863,WAL
1901127204000,113.609816,-1.28020532184211,-9.19884911409168,-1.98186483571307,1.8252654,0.72692966,-1.0173961,247.63461,81.68584,1.6047336,WAL
1901132203000,113.614815,-0.780327685789474,-9.56054925534805,-1.80711087159593,1.7935003,0.806953,-1.0503827,247.63,81.53835,1.8218142,WAL
1901137534000,113.620146,-0.255551473937907,-9.94695128864824,-1.62293203112131,1.7580702,0.9315695,-1.0821478,247.67221,81.287834,2.1192079,WAL
1901142212000,113.624824,0.0264519314136349,-10.3006503618372,-1.50821876693695,1.7965547,1.169807,-1.1142182,247.77261,81.02216,2.411673,WAL
1901147212000,113.629824,0.314786223138026,-10.6567698156705,-1.40305294532049,1.8377881,1.3564262,-1.187522,247.86563,80.71971,2.813498,WAL
1901152241000,113.634853,0.489971566681085,-10.8224853030378,-1.45040034749312,1.9031507,1.4618006,-1.258077,248.00816,80.39119,3.2079167,WAL
1901157236000,113.639848,0.657830972663614,-10.9806840791813,-1.50751262186911,1.9694295,1.6722436,-1.2516629,248.15533,80.01441,3.655245,WAL
1901162200000,113.644812,0.747455215019302,-11.0575050875303,-1.69102901465123,2.01555,1.9013181,-1.2110404,248.34692,79.61554,4.0932593,WAL
1901167237000,113.649849,0.838397460939043,-11.1354558165904,-1.87724417791543,2.031127,2.064419,-1.1246029,248.55136,79.21291,4.536718,WAL
1901172349000,113.654961,0.80178329380805,-10.922214873065,-1.97012409226006,2.0604484,2.1551325,-1.026559,248.80505,78.79821,4.9437685,WAL
1901177412000,113.660024,0.737867169269766,-10.6422742968521,-2.04583741938141,2.0518963,2.2085834,-0.9486737,249.09723,78.39719,5.3132687,WAL
1901182247000,113.664859,0.614989068766471,-10.1592362057101,-2.12634379740117,2.0442605,2.262034,-0.8713993,249.38892,78.03132,5.652804,WAL
1901187231000,113.669843,0.488324238795754,-9.66131234919473,-2.20933113722548,2.0415115,2.250733,-0.78801614,249.68051,77.68498,5.950635,WAL
1901192204000,113.674816,0.299390465537103,-9.02885203306408,-2.21746348364028,2.0292943,2.1978931,-0.7199047,249.97565,77.35351,6.2217565,WAL
1901197491000,113.680103,0.0884173454697243,-8.33645896678669,-2.20754610652895,2.0005836,2.0891593,-0.6545421,250.25049,77.04075,6.466007,WAL
1901202237000,113.684849,-0.0666338107288923,-7.82823549287406,-2.10848562291292,1.933083,1.9792033,-0.5833763,250.45789,76.73629,6.6818223,WAL
1901207210000,113.689822,-0.229101025178054,-7.29570381656401,-2.00468710099498,1.8671097,1.9178114,-0.53969944,250.67915,76.43882,6.8546395,WAL
1901212234000,113.694846,-0.296344795445383,-6.83018489508297,-2.20719313935661,1.8057177,1.8677205,-0.51007247,250.87112,76.1702,7.012518,WAL
1901217197000,113.699809,-0.349569542373002,-6.38019378260206,-2.44912375209203,1.7504344,1.8411479,-0.44593164,251.04956,75.9324,7.146479,WAL
1901222233000,113.704845,-0.560196487360515,-5.80376614328911,-2.24780693155482,1.713477,1.7681495,-0.40683624,251.22968,75.6791,7.255596,WAL
1901227173000,113.709785,-0.781699832854077,-5.22693440899337,-2.00784498598322,1.6749926,1.6966782,-0.38545597,251.4007,75.45151,7.3503094,WAL
1901232213000,113.714825,-0.973145470362991,-4.93874914677451,-1.83410489200039,1.5815301,1.6536123,-0.3726278,251.56888,75.28407,7.4104085,WAL
1901237200000,113.719812,-1.15687226637601,-4.70320218682186,-1.6739328116591,1.4398094,1.6151277,-0.3680463,251.71758,75.14446,7.469199,WAL
1901242218000,113.72483,-1.34761541112021,-4.54075777495392,-1.47480467923408,1.3228287,1.5864171,-0.36193767,251.89926,74.97228,7.493021,WAL
1901247166000,113.729778,-1.53684900104444,-4.39519340096252,-1.27101466711038,1.1924089,1.5693128,-0.3643811,252.073,74.84204,7.518215,WAL
1901252245000,113.734857,-1.72355345523045,-4.30158513212643,-1.03244049365887,1.0995574,1.5604553,-0.3594942,252.25237,74.7027,7.515549,WAL
1901257192000,113.739804,-1.90436197255113,-4.21813516264801,-0.795998582669537,1.001819,1.5711454,-0.36041048,252.43176,74.59923,7.5137877,WAL
1901262223000,113.744835,-2.05264985826572,-4.11364824057093,-0.508484509977515,0.8762862,1.5754215,-0.37568212,252.60196,74.48272,7.499426,WAL
1901267189000,113.749801,-2.19213100570926,-4.00671257444521,-0.215574114910548,0.7461719,1.5460999,-0.398895,252.76498,74.39354,7.4880548,WAL
1901272253000,113.754865,-2.34302162142639,-4.03086856890474,0.104815055850229,0.6133087,1.5271631,-0.41630468,252.99077,74.30879,7.4216237,WAL
1901277202000,113.759814,-2.49271734981151,-4.08881518210902,0.423522215069791,0.44532076,1.5228871,-0.4156938,253.20937,74.26668,7.3579783,WAL
1901282201000,113.764813,-2.58012820690423,-4.11806925835189,0.697677835523385,0.30970868,1.4883732,-0.4288274,253.5191,74.21785,7.2282677,WAL
1901287203000,113.769815,-2.65434641722669,-4.14126241880507,0.962080034216132,0.17592919,1.4385877,-0.43951756,253.81781,74.211876,7.100465,WAL
1901292203000,113.774815,-2.63906355182409,-4.14127943405797,1.19087182628686,0.030848695,1.3710871,-0.45540005,254.17688,74.207565,6.9183946,WAL
1901297212000,113.779824,-2.59591190547726,-4.13408752637681,1.4090272687956,-0.09132435,1.2843442,-0.45937067,254.51045,74.231094,6.742528,WAL
1901302245000,113.784857,-2.55255350338831,-4.12686115956522,1.62822797595202,-0.2134974,1.1985176,-0.46914452,254.8746,74.24857,6.5425463,WAL
1901307286000,113.789898,-2.50912618271864,-4.11962330637681,1.84777710465767,-0.33414328,1.1462886,-0.46303585,255.21661,74.29734,6.344959,WAL
1901312257000,113.794869,-2.39072175305261,-4.03822195122693,1.96150256331959,-0.45081854,1.026559,-0.46578476,255.51077,74.37331,6.1654816,WAL
1901317276000,113.799888,-2.24918472145662,-3.93442821344719,2.04642480198272,-0.5158757,0.9062186,-0.47311515,255.78366,74.466034,5.9914713,WAL
1901322299000,113.804911,-2.06273146129743,-3.82190236726399,2.09350874554009,-0.65484756,0.7883216,-0.47128254,256.0826,74.52066,5.8252554,WAL
1901327259000,113.809871,-1.86300771878066,-3.70777450021023,2.12679611044149,-0.7846564,0.659429,-0.45753807,256.339,74.58877,5.6688337,WAL
1901332255000,113.814867,-1.66577642204249,-3.64658524260378,2.09098223426233,-0.91446525,0.5403103,-0.44440445,256.5731,74.66078,5.5387692,WAL
1901337320000,113.819932,-1.46725033648412,-3.60404398086143,2.02953364636523,-1.0748174,0.4288274,-0.42943826,256.76712,74.775154,5.4144826,WAL
1901342259000,113.824871,-1.25954743360748,-3.60141007700216,1.916792877619,-1.2116512,0.32620203,-0.40653083,256.9226,74.89153,5.336496,WAL
1901347258000,113.82987,-1.04298779336897,-3.61617550001028,1.77898216009047,-1.3454307,0.24801129,-0.38240165,257.04852,75.04907,5.2609324,WAL
1901352288000,113.8349,-0.872919021851495,-3.66130282048216,1.69139148848602,-1.461495,0.1994475,-0.35369098,257.13022,75.234695,5.229496,WAL
1901357331000,113.839943,-0.719229293037609,-3.71718995922854,1.62153251642237,-1.5815301,0.1432479,-0.3231477,257.18283,75.45621,5.196819,WAL
1901362316000,113.844928,-0.68804456108604,-3.84738767636003,1.62984426463179,-1.6801848,0.11453723,-0.2846632,257.19592,75.71599,5.1891727,WAL
1901367305000,113.849917,-0.714107824468138,-4.01324474849492,1.67486263540293,-1.7705929,0.0842994,-0.2312125,257.1869,76.00546,5.172133,WAL
1901372318000,113.85493,-0.740296467349368,-4.17989968988842,1.72009757079593,-1.8325957,0.05467244,-0.1908954,257.1426,76.31474,5.1854873,WAL
1901377320000,113.859932,-0.766427644626829,-4.34618894120506,1.76523324740392,-1.8997909,0.03390302,-0.1432479,257.086,76.64967,5.1820517,WAL
1901382314000,113.864926,-0.893148661918383,-4.76348420709382,1.89284203254195,-1.9489655,0.0290161,-0.08460484,257.01987,76.99562,5.164069,WAL
1901387356000,113.869968,-1.0773067504386,-5.32516646842105,2.06779226951754,-1.9938642,0.01740966,-0.038789943,256.94138,77.35561,5.1370606,WAL
1901392323000,113.874935,-1.28042516971322,-6.00887224761708,2.38846791120281,-2.0421226,0.01160644,0.04428773,256.86465,77.740074,5.0559587,WAL
1901397314000,113.879926,-1.50230498127708,-6.80270912643903,2.83222748284506,-2.0460932,0.044898596,0.15577064,256.78848,78.12729,4.952685,WAL
1901402295000,113.884907,-1.56690727431991,-7.89221646626768,3.43541627062024,-2.003638,0.07941248,0.21746802,256.72693,78.525085,4.7860413,WAL
1901407321000,113.889933,-1.52881602127807,-9.18731822448313,4.14962683012167,-1.8988746,0.08979719,0.29016098,256.6569,78.91576,4.5876403,WAL
1901412315000,113.894927,-1.30834542012771,-10.7288553214881,4.98542449725153,-1.7406605,0.12736541,0.34269542,256.6501,79.245,4.318191,WAL
1901417296000,113.899908,-0.959607338163983,-12.4460594504905,5.90803545400703,-1.6239853,0.19303341,0.41905355,256.64328,79.5609,4.0270762,WAL
1901422329000,113.904941,-0.375827970560209,-14.1260346187435,7.07619225801047,-1.3121386,0.24648413,0.46731192,256.70123,79.66907,3.7341187,WAL
1901427334000,113.909946,0.517562721350785,-15.722091384712,8.55681171246073,-0.8542951,0.23609942,0.49235737,256.7484,79.705986,3.4380662,WAL
1901432313000,113.914925,1.52426454801576,-16.87617425613,9.35265781378631,-0.24129178,0.13622294,0.38789943,256.8379,79.431335,3.2527733,WAL
1901437352000,113.919964,2.65526328479074,-17.6317577920236,9.51422934190054,0.43982297,0.08093964,0.09743301,256.93213,79.01708,3.1220396,WAL
1901442314000,113.924926,3.78916085617216,-18.1958601173657,9.09634763106506,1.0256428,0.2687807,-0.29810223,257.17697,78.21853,3.2221403,WAL
1901447313000,113.929925,4.95299135924081,-18.5726747463385,8.06130111995616,1.3997977,0.643852,-0.5375614,257.45087,77.34587,3.339587,WAL
1901452321000,113.934933,5.39121749948519,-18.4335945959203,7.15867816374939,1.5836681,1.1551461,-0.6291912,257.7782,76.36539,3.6904862,WAL
1901457356000,113.939968,5.02588503994172,-17.7216641806702,6.39991055966974,1.6215417,1.5121969,-0.65087694,258.1707,75.37826,4.0348735,WAL
1901462329000,113.944941,4.38317797031674,-16.4530101360483,5.80487865904475,1.5344934,1.6875153,-0.66767573,258.63556,74.590904,4.490802,WAL
1901467368000,113.94998,3.33990295429864,-14.3810174177979,5.41668347275013,1.3319917,1.7250835,-0.66675943,259.14868,73.85973,4.8934813,WAL
1901472292000,113.954904,2.32933149601292,-12.3218447377719,5.05984037425207,1.0552697,1.6859881,-0.6621779,259.66663,73.284355,5.224289,WAL
1901477353000,113.959965,1.30279406130212,-10.1582905503847,4.72379877055751,0.7483099,1.6303993,-0.6417139,260.18002,72.791725,5.52627,WAL
1901482259000,113.964871,0.370573717473769,-8.20563843341404,4.36764209410815,0.44868052,1.5861117,-0.6010914,260.6886,72.375595,5.707719,WAL
1901487365000,113.969977,-0.458225861236884,-6.49870603329298,3.92857575294592,0.18478674,1.5494597,-0.52870387,261.17523,72.04633,5.8694186,WAL
1901492250000,113.974862,-1.17177717735386,-5.16578383001177,3.52927123072774,-0.036651913,1.5286902,-0.43249258,261.67566,71.79162,5.8919945,WAL
1901497347000,113.979959,-1.75106037555904,-4.3997895133778,3.15584904386034,-0.24587326,1.4993688,-0.31245756,262.1525,71.61528,5.8902783,WAL
1901502270000,113.984882,-2.27770163102219,-3.83858170421949,2.88245001064778,-0.44409904,1.4220943,-0.15332718,262.60248,71.52934,5.7582192,WAL
1901507359000,113.989971,-2.74112181870048,-3.69859014928685,2.81486777812995,-0.6423248,1.3701707,0.002443461,263.0382,71.50804,5.5949354,WAL
1901512259000,113.994871,-3.13598596989332,-3.71436699273015,2.79830042137495,-0.8237518,1.207986,0.08002335,263.40067,71.58479,5.349353,WAL
1901517349000,113.999961,-3.40561992149348,-4.14289210177795,2.91385785075069,-0.9083566,0.9783007,0.23854288,263.70575,71.70413,5.050495,WAL
1901522326000,114.004938,-3.59276065705441,-4.71997314315197,3.0740884799531,-1.0699304,0.6230826,0.35002577,263.9378,71.9212,4.701537,WAL
1901527353000,114.009965,-3.5611472404878,-5.75869753170732,3.37215718268293,-1.2052372,0.12797627,0.40683624,264.0552,72.15473,4.357271,WAL
1901532333000,114.014945,-3.55353144934542,-6.895850918429,3.63945471182276,-1.2687671,-0.43371433,0.45020768,264.03745,72.42684,3.9764965,WAL
1901537354000,114.019966,-3.70848871198389,-8.78439160876133,3.7169332420141,-1.2794572,-0.9462303,0.49510628,263.88873,72.715935,3.61856,WAL
1901542330000,114.024942,-3.87245350356186,-10.6882595449945,3.73661737587062,-1.207986,-1.3374895,0.54061574,263.61035,72.99779,3.2811427,WAL
1901547338000,114.02995,-4.10086023978569,-12.8010214078778,3.40828277950193,-1.106277,-1.5598444,0.59712076,263.23157,73.26753,2.9585013,WAL
1901552312000,114.034924,-4.31890427480555,-14.7891217440189,2.99419989758787,-0.9954049,-1.5519031,0.6835582,262.79617,73.608475,2.5973566,WAL
1901557358000,114.03997,-4.47591018972137,-16.00235064586,1.93321945223983,-0.8151997,-1.3109168,0.7281514,262.36404,73.88913,2.2374604,WAL
1901562300000,114.044912,-4.59345707669789,-17.1375356481265,0.979847137558548,-0.5531385,-0.8542951,0.68416905,261.9355,74.26919,1.8272384,WAL
1901567361000,114.049973,-4.33333293653396,-17.7429148079625,0.904174668501171,-0.17012598,-0.4098906,0.55833083,261.57788,74.54106,1.4246135,WAL
1901572506000,114.055118,-4.00427621549366,-18.2960514128981,0.88404243793551,0.30726522,-0.2489276,0.3811799,261.21222,74.918396,1.0323944,WAL
1901577356000,114.059968,-2.96561775238095,-18.1152137619048,1.50538287619048,0.7266242,-0.36163223,0.13561209,260.9166,75.17074,0.7001716,WAL
1901582496000,114.065108,-1.89099361983471,-17.5904509046408,2.00866900103533,0.8958339,-0.5876524,-0.16340645,260.6533,75.36865,0.48990643,WAL
1901587376000,114.069988,-1.19067167603306,-13.0150144036872,0.586803198474253,0.72082096,-0.7770206,-0.4370741,260.3916,75.52867,0.35943928,WAL
1901592311000,114.074923,-0.482456759504132,-8.38801048315321,-0.851087730959949,0.27366763,-0.7318166,-0.58093286,260.2071,75.60896,0.43480378,WAL
1901597337000,114.079949,-0.431352990177515,-6.03877184852071,-1.0401885739645,-0.2678644,-0.61544675,-0.61819565,260.00357,75.76096,0.56214035,WAL
1901602283000,114.084895,-0.510764941857988,-4.18426944118343,-0.979461790828402,-0.7644979,-0.6065892,-0.66920286,259.79407,76.01861,0.73322374,WAL
1901607355000,114.089967,-0.960015353878158,-3.17323870870728,-1.02915620769688,-1.183246,-0.77213365,-0.6035349,259.56277,76.44659,1.0241013,WAL
1901612255000,114.094867,-1.48064450395245,-2.40624032534918,-1.10353180056464,-1.3640621,-1.0097603,-0.5158757,259.30508,76.93923,1.3174155,WAL
1901617360000,114.099972,-1.98249050875215,-2.07813048412001,-1.41242068874451,-1.6300939,-1.2464706,-0.33322698,259.02112,77.496994,1.562801,WAL
1901622328000,114.10494,-2.45981192346646,-1.88720192772788,-1.77609409558571,-1.8044959,-1.4648548,-0.19914207,258.6635,78.07445,1.8014601,WAL
1901627350000,114.109962,-2.83990463292074,-1.81909811309643,-2.24922267392693,-1.9263636,-1.6600263,-0.09773844,258.2263,78.710686,1.9118822,WAL
1901632279000,114.114891,-3.16973940859453,-1.80496234332202,-2.75811073021561,-1.9938642,-1.7660115,0.022602014,257.7348,79.38673,1.976943,WAL
1901637369000,114.119981,-3.45735631798858,-2.07853841810667,-3.20233541466247,-2.0323486,-1.8435913,0.18906279,257.14008,80.16975,1.923283,WAL
1901642333000,114.124945,-3.71465418399921,-2.4715022771108,-3.59997741135603,-2.0500638,-1.9318613,0.3857614,256.49554,80.97684,1.8206135,WAL
1901647344000,114.129956,-3.77325905366343,-3.06143168801243,-4.0542135629548,-2.0528126,-2.0274618,0.5519168,255.7602,81.90121,1.5895802,WAL
1901652357000,114.134969,-3.72995169792523,-3.74953630692593,-4.5354057401323,-1.9926424,-2.0769417,0.6933321,255.00131,82.82415,1.2972338,WAL
1901657357000,114.139969,-3.56436801491044,-4.50600116829781,-4.98905735087561,-1.9083431,-2.0302107,0.8399397,254.19766,83.84065,0.9016904,WAL
1901662355000,114.144967,-3.33924545111578,-5.29632496031222,-5.42972255333734,-1.8274034,-1.8808541,1.010982,253.4045,84.83247,0.4444773,WAL
1901667362000,114.149974,-3.08584602665755,-6.06568623431306,-5.60840843103213,-1.7357736,-1.6859881,1.1713341,252.60368,85.86358,-0.058092467,WAL
1901672411000,114.155023,-2.81671820496045,-6.83057566675129,-5.66034553822869,-1.6603317,-1.5137241,1.319469,251.84323,86.78901,-0.6172459,WAL
1901677334000,114.159946,-2.52532333598309,-7.58772674463675,-5.61321922527672,-1.5980235,-1.3390167,1.4581354,251.13744,87.579605,-1.1892008,WAL
1901682347000,114.164959,-2.21132118277319,-8.3654865822097,-5.50694140579593,-1.5375478,-1.1530081,1.6181821,250.49646,87.87912,-1.8131969,WAL
1901687374000,114.169986,-1.92919046542251,-9.15836147715736,-5.39804764965661,-1.5121969,-0.9230174,1.781894,249.94481,87.591385,-2.406519,WAL
1901692330000,114.174942,-1.66936697363392,-9.94727952791878,-5.28939434192296,-1.4563028,-0.6600399,1.9758437,249.4707,93.1664,-3.0483427,WAL
1901697346000,114.179958,-1.54631902217726,-10.9997782956293,-4.77164893265884,-1.352761,-0.46395215,2.1297817,249.07907,94.035034,-3.6345212,WAL
1901702362000,114.184974,-1.50743817110482,-12.2050841713881,-4.00861256657224,-1.2324207,-0.39767328,2.172237,248.73837,94.97084,-4.2319713,WAL
1901707355000,114.189967,-1.20605881035037,-13.1392547920596,-3.37611381644665,-1.1808025,-0.39522982,2.1493294,248.47069,95.8607,-4.7703643,WAL
1901712344000,114.194956,-0.765024792738462,-13.9312195461538,-2.81177997415385,-1.2067643,-0.39950588,2.047315,248.22783,96.72959,-5.2838473,WAL
1901717359000,114.199971,-0.25936802645819,-14.3741022189001,-2.55404361461621,-1.3350459,-0.37659842,1.9431623,248.03085,97.45792,-5.726024,WAL
1901722370000,114.204982,0.281635660502892,-14.6140250280365,-2.47406911566513,-1.4731015,-0.35277468,1.7889189,247.8319,98.144424,-6.1142306,WAL
1901727355000,114.209967,0.746567686031707,-14.4825066288812,-2.34593924303434,-1.536937,-0.26419923,1.5900823,247.71254,98.661156,-6.365468,WAL
1901732341000,114.214953,1.16233039916626,-14.1020446032528,-2.18512534352719,-1.5448782,-0.16982053,1.3866642,247.59686,99.152725,-6.5677447,WAL
1901737359000,114.219971,1.54735034208006,-13.6761488441869,-2.02935392707336,-1.5271631,-0.06841691,1.2156218,247.52028,99.51444,-6.597684,WAL
1901742344000,114.224956,1.75766043612335,-13.0315031762115,-1.90591111013216,-1.5060883,0.05681047,1.0198395,247.46646,99.83792,-6.567471,WAL
1901747281000,114.229893,1.95643360525846,-12.3872853481496,-1.7878213913285,-1.4950926,0.1826487,0.81245077,247.48358,100.09367,-6.4559665,WAL
1901752358000,114.23497,2.00467392036908,-11.6299111919833,-1.73475699433476,-1.4914275,0.2660318,0.61178154,247.51337,100.321915,-6.296507,WAL
1901757447000,114.240059,2.02736539968532,-10.8829936365424,-1.62428821612804,-1.4709635,0.2312125,0.41416663,247.56393,100.51741,-6.0858197,WAL
1901762351000,114.244963,1.74102368978267,-10.3103106989871,-0.829920861344675,-1.4343116,-0.095294975,0.20799962,247.54227,100.68618,-5.833534,WAL
1901767624000,114.250236,1.42363699114667,-9.70159032733333,-0.0263371307312381,-1.4489723,-0.66248333,-0.0033597588,247.4487,100.86869,-5.5653396,WAL
1901772402000,114.255014,1.02706783285333,-9.23093662266667,0.12183157385981,-1.4923438,-1.29198,-0.20341812,247.23312,101.036316,-5.2689977,WAL
1901777329000,114.259941,0.618131825546667,-8.74560577233333,0.274620859653048,-1.520749,-1.7760907,-0.36071593,246.87708,101.117584,-4.98381,WAL
1901782347000,114.264959,0.151094825219502,-8.43742648477645,-0.34223960418774,-1.5314392,-2.0857995,-0.47311515,246.3897,101.20031,-4.687071,WAL
1901787822000,114.270434,-0.360643960195394,-8.12560505702323,-1.09761895751171,-1.534799,-2.221717,-0.54336464,245.8159,101.29119,-4.3843794,WAL
1901792320000,114.274932,-0.721368116957432,-8.00965790798525,-1.88348220037883,-1.5045611,-2.154827,-0.5696318,245.18948,101.402504,-4.143633,WAL
1901797265000,114.279877,-1.11794013900907,-7.88218822101485,-2.74744256853753,-1.4517213,-2.1126773,-0.5564982,244.51224,101.66924,-4.0115027,WAL
1901802309000,114.284921,-1.56330407413142,-7.88076190266138,-2.88890904205942,-1.3817772,-2.112372,-0.52931476,243.84631,101.92874,-3.8839283,WAL
1901807262000,114.289874,-2.00399472062325,-7.88994304767251,-2.96694810358076,-1.3762794,-2.1600194,-0.505491,243.18419,102.19796,-3.768483,WAL
1901812315000,114.294927,-2.33319141549139,-8.08686359404035,-2.80965568315751,-1.3848315,-2.2605069,-0.42821655,242.48065,102.63228,-3.7635975,WAL
1901817305000,114.299917,-2.63833587245974,-8.31240512911346,-2.61507080401629,-1.3765849,-2.2660046,-0.32986724,241.79617,103.065,-3.7780519,WAL
1901822337000,114.304949,-2.66937828679569,-8.46029318126232,-2.36154056829552,-1.3295482,-2.143526,-0.2406809,241.1029,103.53384,-3.9026792,WAL
1901827251000,114.309863,-2.58614442885441,-8.57206439456264,-2.09043599036839,-1.2983941,-1.9065105,-0.16615535,240.44891,104.0081,-4.0488453,WAL
1901832309000,114.314921,-2.50047148350093,-8.68711095477285,-1.81138695594522,-1.2907583,-1.6019942,-0.118202426,239.85872,104.4577,-4.262992,WAL
1901837342000,114.319954,-2.41522199082318,-8.80158887836677,-1.53371716744151,-1.3219124,-1.2959507,-0.039095376,239.34518,104.91362,-4.491421,WAL
1901842323000,114.324935,-2.18839735537476,-8.81524576558527,-1.05728508361639,-1.3457361,-0.9831876,0.07574729,238.92645,105.36779,-4.721831,WAL
1901847258000,114.32987,-1.91683453873691,-8.79602006857012,-0.518965893415031,-1.3674219,-0.7357872,0.19792034,238.58228,105.83201,-4.958732,WAL
1901852315000,114.334927,-1.63855831508187,-8.77631908583342,0.0326612889250483,-1.3646729,-0.5821546,0.28893927,238.33966,106.190926,-5.1687484,WAL
1901857289000,114.339901,-1.36484940931557,-8.75694145321875,0.575234673334689,-1.3344351,-0.55924714,0.35185838,238.1364,106.55142,-5.394202,WAL
1901862317000,114.344929,-1.1433395185241,-8.67619419107681,0.800965042545181,-1.2385293,-0.6301075,0.4034765,237.95535,106.89529,-5.6347537,WAL
1901867314000,114.349926,-0.936134661558735,-8.58160089641378,0.949611964250753,-1.0735956,-0.7360926,0.42577308,237.77304,107.21022,-5.8826733,WAL
1901872410000,114.355022,-0.761707058442237,-8.49896854793518,0.801212768577104,-0.8918633,-0.8713993,0.4428773,237.62816,107.28774,-6.0407925,WAL
1901877329000,114.359941,-0.609029835337167,-8.42509252200732,0.530333811418714,-0.6765333,-0.9783007,0.44715336,237.46277,107.31185,-6.2044706,WAL
1901882314000,114.364926,-0.486738639545498,-8.38383333671054,0.0861513561973298,-0.47861293,-1.0531317,0.45142943,237.28741,107.25766,-6.336385,WAL
1901887312000,114.369924,-0.373432895801534,-8.3521075603636,-0.407861697127166,-0.3313944,-1.0668762,0.4560109,237.10141,107.16197,-6.4693937,WAL
1901892320000,114.374932,-0.296088257161152,-8.29578211689376,-0.978641511771335,-0.24220806,-1.026559,0.4633413,236.93423,107.07597,-6.574576,WAL
1901897313000,114.379925,-0.237302886997234,-8.22719882952566,-1.58609027030017,-0.22632557,-0.94806284,0.4541783,236.77579,106.97195,-6.671029,WAL
1901902310000,114.384922,-0.27080065664916,-8.22585219536243,-1.99627379944508,-0.2593123,-0.8961393,0.45937067,236.62437,106.94009,-6.748039,WAL
1901907327000,114.389939,-0.3422174490601,-8.25203838497746,-2.32717165888619,-0.30726522,-0.79045963,0.46211955,236.51138,106.90833,-6.8095503,WAL
1901912314000,114.394926,-0.413207192682456,-8.27806798984294,-2.65609085861368,-0.43951756,-0.6728681,0.44837508,236.41377,107.00515,-6.846815,WAL
1901917303000,114.399915,-0.48422540622405,-8.30410803369172,-2.98514196898875,-0.6227771,-0.59620446,0.43463063,236.33499,107.12729,-6.8796864,WAL
1901922331000,114.404943,-0.571750792426071,-8.41535613213332,-3.0002475341806,-0.8216137,-0.56107974,0.42149702,236.27615,107.284836,-6.903342,WAL
1901927322000,114.409934,-0.666297026681832,-8.56663017802394,-2.86315536221936,-1.0225884,-0.54367006,0.42180246,236.2328,107.48817,-6.923048,WAL
1901932316000,114.414928,-0.771344014143944,-8.70340276674053,-2.535662239657,-1.1679744,-0.52442783,0.42760566,236.16609,107.838974,-6.9599915,WAL
1901937361000,114.419973,-0.883065731144619,-8.83374497649099,-2.10274067438096,-1.2528846,-0.5216789,0.4364632,236.09634,108.220184,-6.9999084,WAL
1901942314000,114.424926,-1.02464407713965,-8.8957204489442,-1.69696172816485,-1.3154984,-0.5891795,0.4538729,236.01114,108.60469,-7.059898,WAL
1901947310000,114.429922,-1.1905886659594,-8.91036240344792,-1.30162314666939,-1.35551,-0.6808093,0.47250426,235.91791,108.998985,-7.1261053,WAL
1901952308000,114.43492,-1.37059996147186,-8.93581851861472,-1.04449932989322,-1.389413,-0.81214535,0.49357912,235.79062,109.32617,-7.2323775,WAL
1901957328000,114.43994,-1.56021977676768,-8.96819281010101,-0.873378984861953,-1.4022411,-0.9447031,0.52290064,235.63968,109.65499,-7.3536267,WAL
1901962314000,114.444926,-1.74591917384752,-9.02354054018913,-0.784751013596336,-1.3918564,-1.0332786,0.5571091,235.46576,109.93273,-7.520935,WAL
1901967299000,114.449911,-1.92931900319149,-9.09878104255319,-0.765940755425532,-1.3778065,-1.105666,0.59742624,235.26361,110.21184,-7.7060905,WAL
1901972348000,114.45496,-2.11587967645539,-9.23144657838267,-0.754127357063382,-1.3307699,-1.1200215,0.63346726,235.04625,110.46348,-7.934347,WAL
1901977386000,114.459998,-2.30281299980131,-9.41838010192728,-0.749334200059607,-1.2809844,-1.131017,0.66248333,234.81366,110.710625,-8.174302,WAL
1901982312000,114.464924,-2.47795259002185,-9.64076387026584,-0.70189429833394,-1.2269229,-1.1221595,0.69974613,234.57608,110.95406,-8.455947,WAL
1901987319000,114.469931,-2.64820845914057,-9.90706160287691,-0.610218015531682,-1.1704178,-1.1016954,0.7153232,234.33984,111.181854,-8.734677,WAL
1901992290000,114.474902,-2.79309602198697,-10.1688143194098,-0.493743212266718,-1.1215485,-1.1166617,0.7275405,234.09068,111.40267,-9.050343,WAL
1901997315000,114.479927,-2.88069388436482,-10.4269976447595,-0.313937235355432,-1.0760391,-1.1307116,0.73639804,233.84885,111.60943,-9.361425,WAL
1902002283000,114.484895,-2.93075810437656,-10.6586035112122,-0.169232787030658,-1.0384709,-1.1652255,0.7415904,233.59685,111.789116,-9.698211,WAL
1902007329000,114.489941,-2.836527566515,-10.7999489080273,-0.153527695564944,-1.0140363,-1.2229522,0.7516697,233.33627,111.96213,-10.035305,WAL
1902012242000,114.494854,-2.6911001912391,-10.9209328998175,-0.287275073433381,-0.93554014,-1.2760975,0.77763146,233.07275,112.07791,-10.377851,WAL
1902017312000,114.499924,-2.44000754157372,-11.0144770216995,-0.7057627029203,-0.8332202,-1.3035865,0.8151997,232.8028,112.18664,-10.721691,WAL
1902022295000,114.504907,-2.10793720574525,-11.0956202229043,-1.26098697795895,-0.6750061,-1.2760975,0.8552113,232.54587,112.24844,-11.0425625,WAL
1902027321000,114.509933,-1.63704058320545,-11.1602534452331,-2.05043149014003,-0.44990227,-1.1417072,0.89980453,232.31537,112.27838,-11.359547,WAL
1902032264000,114.514876,-1.12741648885363,-11.1542682324906,-2.73616231807614,-0.17348573,-0.88453287,0.9370673,232.1507,112.29217,-11.610224,WAL
1902037306000,114.519918,-0.495948366465562,-10.9811991281604,-3.21794908221447,0.11911872,-0.5513059,0.9324858,232.04556,112.25179,-11.835485,WAL
1902042277000,114.524889,0.123066589129509,-10.8136879972464,-3.56330878793942,0.34666604,-0.2012801,0.8881981,232.07016,112.22365,-11.914154,WAL
1902047312000,114.529924,0.738254495278201,-10.6543587843047,-3.4836441352547,0.4166101,0.10720685,0.77854776,232.1683,112.1545,-11.94552,WAL
1902052380000,114.534992,1.34364757326203,-10.5179497674866,-3.3792423246631,0.33414328,0.30634892,0.63041294,232.37573,112.069176,-11.804105,WAL
1902057328000,114.53994,1.76429372299465,-10.6801266855615,-2.97886831614973,0.11759156,0.3539964,0.45570546,232.60754,111.98152,-11.618392,WAL
1902062314000,114.544926,2.09578352197217,-10.8934332213092,-2.5724122331777,-0.16829337,0.2556471,0.25228736,232.86206,111.83806,-11.315067,WAL
1902067309000,114.549921,2.03771362683724,-11.3177899320198,-2.15252257023065,-0.41691554,0.06078109,0.05497787,233.07993,111.72002,-10.9803295,WAL
1902072346000,114.554958,1.95341300354741,-11.7388238838143,-1.72994652415925,-0.63194007,-0.1572978,-0.11728613,233.26932,111.54524,-10.552568,WAL
1902077320000,114.559932,1.43665190550011,-12.0385454253634,-1.3268728925038,-0.7828238,-0.35796702,-0.25686884,233.38881,111.40492,-10.109296,WAL
1902082312000,114.564924,0.877572511770534,-12.2589518984445,-0.947096174606163,-0.8552113,-0.5036584,-0.35063666,233.4674,111.213745,-9.654106,WAL
1902087324000,114.569936,0.159466678658476,-12.1685938760527,-0.661756107153473,-0.8915578,-0.6188065,-0.40378192,233.4881,111.05327,-9.202924,WAL
1902092320000,114.574932,-0.510566526021265,-12.072789530498,-0.425066591281477,-0.8732319,-0.6774496,-0.4184427,233.4704,110.881615,-8.809831,WAL
1902097313000,114.579925,-0.983295635282597,-11.9523772956538,-0.393848634135422,-0.7901542,-0.677755,-0.3811799,233.44028,110.71528,-8.43657,WAL
1902102468000,114.58508,-1.44657862164676,-11.8559307617588,-0.358331092461685,-0.6401868,-0.6420194,-0.31215215,233.35324,110.55496,-8.212465,WAL
1902107398000,114.59001,-1.58131795512102,-12.1104388201036,-0.283475907777191,-0.44837508,-0.5699373,-0.27916542,233.28088,110.36899,-7.992064,WAL
1902112306000,114.594918,-1.6844410010266,-12.4125789930005,-0.203619977701353,-0.36071593,-0.4981606,-0.22510384,233.19489,110.22721,-7.896075,WAL
1902117295000,114.599907,-1.61309629890807,-12.9967138347177,-0.0921438042812879,-0.16065755,-0.40011674,-0.18661933,233.1416,110.012184,-7.797688,WAL
1902122701000,114.605313,-1.53198909506225,-13.6404617204051,0.0328953924395442,0.021991149,-0.28680122,-0.18417588,233.1112,109.769875,-7.713314,WAL
1902127319000,114.609931,-1.42466780799747,-14.298387858831,0.182211940283815,0.1957823,-0.1881465,-0.21105394,233.1088,109.484604,-7.6248484,WAL
1902132300000,114.614912,-1.3068456385289,-14.9826432848803,0.339856451441915,0.38973203,-0.09254608,-0.2602286,233.15921,109.095184,-7.4912276,WAL
1902137293000,114.619905,-1.17192708353765,-15.4618367196925,0.470122645818253,0.5494733,-0.034208454,-0.32559118,233.22778,108.675026,-7.34307,WAL
1902142421000,114.625033,-1.02563138068356,-15.9288133954493,0.584462900887097,0.7290677,0.0076358155,-0.3921755,233.34729,108.14435,-7.138892,WAL
1902147345000,114.629957,-0.794739839516129,-16.0827408689516,0.466753489596774,0.8912524,0.04795292,-0.4382958,233.48532,107.587616,-6.9230933,WAL
1902152628000,114.63524,-0.541729851563654,-16.2224547953706,0.335426415424772,1.0580186,0.089491755,-0.5009095,233.6683,106.94479,-6.650981,WAL
1902157835000,114.640447,-0.144697593185586,-15.6494185258967,0.0652807589624887,1.2443326,0.10629055,-0.56046885,233.8599,106.26991,-6.3738317,WAL
1902162297000,114.644909,0.195528628608717,-15.1583703533612,-0.16621336800788,1.4468343,0.07788532,-0.6236934,234.0726,105.55556,-6.043799,WAL
1902167511000,114.650123,0.433632879861249,-14.488749913776,-0.306438834370664,1.6701056,0.021991149,-0.70738196,234.28406,104.79977,-5.7030005,WAL
1902172369000,114.654981,0.53507301377998,-13.7925022204163,-0.338715241930624,1.9162843,-0.043066,-0.799928,234.48831,103.99883,-5.3551636,WAL
1902177314000,114.659926,0.474414143370334,-13.0919495221022,-0.415325801722986,2.1661282,-0.124311075,-0.91782504,234.72098,103.19722,-4.931794,WAL
1902182342000,114.664954,0.261560663287819,-12.3871676498035,-0.533577733455796,2.4263568,-0.19028452,-1.0577132,234.95242,102.36441,-4.484843,WAL
1902187332000,114.669944,-0.0420599109376872,-11.8331802446076,-0.661764396445476,2.6575692,-0.23060162,-1.1838568,235.1727,101.4831,-4.024747,WAL
1902192359000,114.674971,-0.445892450161774,-11.4293478409227,-0.802384653891552,2.8903089,-0.19883664,-1.2895365,235.40048,100.54277,-3.5442472,WAL
1902197431000,114.680043,-0.853339961390054,-11.021900466447,-0.944263696216297,3.0952542,-0.12492194,-1.3900238,235.58604,99.595894,-3.0869236,WAL
1902202295000,114.684907,-1.55834883720711,-11.0452150749808,-0.997040257627474,3.2577443,-0.07391469,-1.4242324,235.78726,98.616486,-2.6296566,WAL
1902207369000,114.689981,-2.36046687646709,-11.1573754244247,-1.03442712358537,3.3130276,0.04917465,-1.4761559,236.03998,97.62473,-2.1452968,WAL
1902212225000,114.694837,-3.12812261132056,-11.2647169019375,-1.07020769534168,3.3689218,0.1908954,-1.5155567,236.21152,96.64411,-1.7391802,WAL
1902217261000,114.699873,-3.46370108104388,-11.4629607160023,-1.10603783159706,3.3728924,0.32650748,-1.5134187,236.43063,95.68401,-1.3361026,WAL
1902222272000,114.704884,-3.76600040564819,-11.6661872574771,-1.14160245646075,3.302032,0.4266894,-1.4880677,236.69316,94.75232,-0.9359586,WAL
1902227279000,114.709891,-4.0680584216717,-11.8692515746123,-1.17713869208089,3.211624,0.5128214,-1.4422529,236.90115,93.86287,-0.69566494,WAL
1902232247000,114.714859,-4.39852564812781,-12.1058706384423,-1.26062911072391,3.104417,0.5897904,-1.3952162,237.13123,93.01301,-0.46307826,WAL
1902237279000,114.719891,-4.89414423544683,-12.5293118054918,-1.59745727296056,2.9776626,0.65057147,-1.3411547,237.39375,92.21445,-0.25161645,WAL
1902242222000,114.724834,-5.46509881114068,-12.981111494448,-1.87570770579976,2.8542678,0.6954701,-1.294118,237.65372,91.47598,-0.12712187,WAL
1902247233000,114.729845,-6.50882476626595,-13.6372940579976,-1.8668998972653,2.7284296,0.65209866,-1.251052,237.91574,90.790245,-0.02164487,WAL
1902252571000,114.735183,-7.58402423381147,-14.3118142481557,-1.84741899969262,2.6511552,0.50732356,-1.2257011,238.12834,90.19365,0.0145448875,WAL
1902257251000,114.739863,-7.7723026477459,-14.399065080123,-1.62240330502049,2.6395488,0.28619036,-1.2437216,238.31403,89.61975,0.050299227,WAL
1902262465000,114.745077,-7.91092085817692,-14.4456614363787,-1.46379750158664,2.6019804,0.032986723,-1.3014483,238.43512,89.081924,-0.04420499,WAL
1902267253000,114.749865,-7.13583422451519,-13.8465144630302,-2.48615114248678,2.5109615,-0.15027285,-1.4236214,238.5217,88.56562,-0.10819026,WAL
1902272254000,114.754866,-6.30244757275272,-13.198623709729,-3.49199999640036,2.3209825,-0.03970624,-1.4822645,238.63501,88.05358,-0.19064628,WAL
1902277239000,114.759851,-5.25703774478552,-12.3537033442656,-3.93594123747625,2.0494528,0.3475823,-1.4831808,238.78299,87.60139,-0.25154296,WAL
1902282215000,114.764827,-4.22984565454367,-11.5086495812948,-4.29649585138029,1.7015651,0.69913524,-1.4294246,238.86679,87.42045,-0.20210913,WAL
1902287240000,114.769852,-3.35521757393654,-10.638749463405,-3.8379070155418,1.5161675,0.9932669,-1.31672,239.04599,87.27097,-0.1729577,WAL
1902292291000,114.774903,-2.49360877614743,-9.80148614732764,-3.3691512433638,1.5121969,1.1588113,-1.1884383,239.2406,87.27253,-0.017276961,WAL
1902297262000,114.779874,-1.87405520862309,-9.46096770892112,-2.80635063367773,1.6288722,1.1954633,-1.1184943,239.47725,87.282845,0.11819309,WAL
1902302366000,114.784978,-1.24430999328649,-9.1438624630381,-2.2427951645621,1.690875,1.2382239,-1.0125091,239.77988,87.230995,0.32289377,WAL
1902307260000,114.789872,-0.720194771154874,-9.24590321058882,-1.88101649414151,1.7999145,1.2528846,-0.9746355,240.08139,87.120255,0.5222349,WAL
1902312481000,114.795093,-0.174514233222591,-9.3749626179402,-1.50941284916944,1.9092593,1.2629639,-1.001819,240.43823,86.87733,0.78247356,WAL
1902317238000,114.79985,0.163801403515732,-9.73108407660739,-1.34025506333789,1.9792033,1.3148874,-1.0302242,240.80934,86.60926,1.0260293,WAL
1902322572000,114.805184,0.534075437140416,-10.119408907149,-1.13947087217317,2.0323486,1.4495832,-1.0665708,241.24849,86.24026,1.346824,WAL
1902327244000,114.809856,0.682750958872116,-10.246845436153,-0.748666610671224,2.0845776,1.6010778,-1.1071932,241.70792,85.843544,1.6676995,WAL
1902332234000,114.814846,0.84154609017374,-10.3829559412323,-0.331262230342732,2.1209242,1.7186694,-1.1462886,242.13132,85.37097,2.0690422,WAL
1902337305000,114.819917,0.928359777128597,-10.4502480901351,-0.456304202084557,2.1413882,1.7211128,-1.1432343,242.56805,84.88589,2.4576645,WAL
1902342215000,114.824827,1.001990027569,-10.5054704536113,-0.654185515159523,2.1563544,1.7192802,-1.1215485,243.03986,84.39047,2.8382998,WAL
1902347299000,114.829911,0.970787442566053,-10.4024325531425,-1.00000863676942,2.1383338,1.8142698,-1.0940597,243.583,83.82608,3.2156484,WAL
1902352231000,114.834843,0.918789769339472,-10.2700745935749,-1.36399250730584,2.0888536,1.9672915,-1.039998,244.14346,83.27976,3.5657039,WAL
1902357302000,114.839914,0.84074540854902,-9.97097843529412,-1.74376758971342,2.0299053,2.0964894,-0.9776898,244.65237,82.76551,3.9316247,WAL
1902362210000,114.844822,0.760398433176471,-9.64959104705882,-2.11241830235294,1.96271,2.1423044,-0.91354895,245.1817,82.27915,4.267542,WAL
1902367281000,114.849893,0.55169791751982,-9.18544698433983,-2.39712716214153,1.9315559,2.2223277,-0.8393288,245.67815,81.851135,4.565324,WAL
1902372287000,114.854899,0.32177395931291,-8.70213720955271,-2.65989737909367,1.9187278,2.2941043,-0.782213,246.18414,81.4465,4.839395,WAL
1902377300000,114.859912,0.0306842498150726,-8.17336380771525,-2.72567648580235,1.9162843,2.307238,-0.7333437,246.63843,81.10361,5.0752916,WAL
1902382213000,114.864825,-0.268704747930006,-7.64475495073573,-2.74438828472857,1.8799378,2.2773056,-0.68691796,247.09814,80.784096,5.288755,WAL
1902387313000,114.869925,-0.548609806377999,-7.22408684328067,-2.69612420247708,1.8301523,2.2171354,-0.66981375,247.52042,80.512314,5.4643,WAL
1902392254000,114.874866,-0.811646962644822,-6.85029735030232,-2.63151862775502,1.779145,2.1820107,-0.6582073,247.93839,80.25945,5.624626,WAL
1902397392000,114.880004,-1.02832401565098,-6.57206628518048,-2.59650993100851,1.7455474,2.111761,-0.64599,248.32983,80.026955,5.74322,WAL
1902402317000,114.884929,-1.21748539856207,-6.34138165542404,-2.57344134277609,1.6643023,2.047315,-0.64660084,248.7107,79.82086,5.8606405,WAL
1902407337000,114.889949,-1.34405068989861,-6.1449259333083,-2.61134296338716,1.5897768,1.9914207,-0.65087694,249.07503,79.61856,5.948495,WAL
1902412326000,114.894938,-1.44272989693015,-5.96550899739016,-2.67413893311115,1.5176947,1.9688187,-0.65118235,249.42764,79.43884,6.034348,WAL
1902417328000,114.89994,-1.55703435163728,-5.84504110861461,-2.61964984528967,1.4358387,1.930945,-0.65209866,249.76154,79.28151,6.0953646,WAL
1902422403000,114.905015,-1.68435523576826,-5.76668996050378,-2.47763810171285,1.3771957,1.8961257,-0.66431594,250.08713,79.136925,6.15867,WAL
1902427353000,114.909965,-1.81590775785905,-5.65105501012944,-2.27854703913088,1.2843442,1.8597792,-0.68752885,250.40012,79.034134,6.209124,WAL
1902432359000,114.914971,-1.95381220655435,-5.5082254062256,-2.03721427962811,1.1795808,1.8142698,-0.72692966,250.69836,78.945984,6.268062,WAL
1902437367000,114.919979,-2.08602434014963,-5.3461509042394,-1.87858260149626,1.0106765,1.7965547,-0.7663304,250.99988,78.87337,6.3277106,WAL
1902442359000,114.924971,-2.21478248574564,-5.17447321079302,-1.76413090545636,0.8940013,1.817935,-0.7819075,251.29587,78.81223,6.3902416,WAL
1902447351000,114.929963,-2.30320636459016,-4.99092920262295,-1.56996831672131,0.7840455,1.8399261,-0.8136725,251.60826,78.74494,6.4583826,WAL
1902452333000,114.934945,-2.36957135642325,-4.80131527258818,-1.33295069381023,0.64812803,1.8530598,-0.8347474,251.91872,78.71057,6.5257406,WAL
1902457350000,114.939962,-2.42128777575637,-4.70084704567999,-1.00723005107628,0.5207626,1.8390098,-0.8527679,252.23558,78.67715,6.5668077,WAL
1902462350000,114.944962,-2.46403710617994,-4.65334759126079,-0.631985655679,0.36896262,1.7931949,-0.8756753,252.54178,78.67662,6.6150446,WAL
1902467325000,114.949937,-2.52070115597447,-4.61789938889543,-0.307030454127639,0.24862215,1.7583756,-0.87872964,252.88998,78.666046,6.631624,WAL
1902472381000,114.954993,-2.58725832011782,-4.58937491125184,-0.00752322541089837,0.13439035,1.7238617,-0.8732319,253.21948,78.6868,6.6534767,WAL
1902477396000,114.960008,-2.65448993726205,-4.55484396314297,0.286443107922236,0.022907447,1.6881261,-0.86620694,253.61394,78.69057,6.647393,WAL
1902482350000,114.964962,-2.72174475103281,-4.51641259082625,0.574678234763062,-0.09621128,1.6358972,-0.84391034,253.98747,78.72629,6.6368327,WAL
1902487364000,114.969976,-2.75993040603305,-4.46409158511783,0.837559997330596,-0.204029,1.5855007,-0.8173377,254.40118,78.74922,6.5997443,WAL
1902492335000,114.974947,-2.77855024481275,-4.40357715769043,1.07961809589322,-0.29810223,1.5503759,-0.7837401,254.79796,78.80156,6.555158,WAL
1902497344000,114.979956,-2.77337835064974,-4.29307202148685,1.26296928449683,-0.3915646,1.4633276,-0.7699956,255.20844,78.83885,6.4955277,WAL
1902502350000,114.984962,-2.74923134712401,-4.14336039791478,1.39819255466908,-0.44104472,1.368949,-0.74128497,255.59973,78.89554,6.4234223,WAL
1902507352000,114.989964,-2.6897683008143,-3.93212453076465,1.450208120715,-0.550695,1.2730432,-0.7189884,256.0048,78.94819,6.345612,WAL
1902512348000,114.99496,-2.60424457000993,-3.67555373525323,1.44070550049652,-0.6569856,1.1768318,-0.68233645,256.37646,79.018,6.2593455,WAL
1902517338000,114.99995,-2.51894668442948,-3.48582299199683,1.41005579397781,-0.77763146,1.0809261,-0.64934975,256.73892,79.086975,6.1766305,WAL
1902522386000,115.004998,-2.43275558442948,-3.34695919199683,1.36217179397781,-0.8903361,0.9783007,-0.6102544,257.0657,79.18475,6.0862064,WAL
1902527376000,115.009988,-2.33347671385942,-3.27833834562334,1.31255920838859,-1.0067059,0.88056225,-0.5717699,257.36954,79.30141,6.008828,WAL
1902532335000,115.014947,-2.22325134703249,-3.26652849370027,1.26138314228283,-1.1291844,0.79168135,-0.528093,257.6402,79.45139,5.9230347,WAL
1902537297000,115.019909,-2.10799541295389,-3.26655270345103,1.21992208109933,-1.2611313,0.68844515,-0.48930305,257.87482,79.632706,5.8492136,WAL
1902542356000,115.024968,-1.95291183627088,-3.3562104096629,1.25142342707812,-1.3857478,0.57787853,-0.4474588,258.07538,79.84605,5.7664037,WAL
1902547332000,115.029944,-1.80037262346704,-3.44439715528659,1.28240794923477,-1.4963144,0.46700647,-0.3933972,258.23138,80.08996,5.697713,WAL
1902552356000,115.034968,-1.64636197131139,-3.53343457691307,1.31369135745724,-1.6114625,0.3472769,-0.34880406,258.34747,80.365326,5.6247177,WAL
1902557287000,115.039899,-1.51038857317121,-3.68516994710728,1.38854782123946,-1.7153096,0.22357668,-0.2959642,258.43057,80.67369,5.537352,WAL
1902562350000,115.044962,-1.48661560866837,-4.33179507805452,1.80219770147088,-1.8194622,0.09590584,-0.24617869,258.47208,81.01055,5.4428144,WAL
1902567307000,115.049919,-1.47911177033157,-4.97358792960115,2.22076076709274,-1.9092593,-0.03481932,-0.1731803,258.48148,81.331985,5.388384,WAL
1902572425000,115.055037,-1.65340507587698,-5.7367097666987,2.80958939702066,-1.9856175,-0.17287487,-0.10140363,258.44705,81.67416,5.3243213,WAL
1902577393000,115.060005,-1.82233760601404,-6.48844292881856,3.38432872819782,-2.0693061,-0.29352075,-0.0067195175,258.42096,81.97802,5.2414794,WAL
1902582358000,115.06497,-1.97717259873817,-7.84808723659306,4.13431049526814,-2.11451,-0.39003745,0.081855945,258.35742,82.294624,5.144188,WAL
1902587442000,115.070054,-2.1096310882945,-9.26094640157766,4.91062334699429,-2.119397,-0.46273044,0.22296582,258.33044,82.56832,4.979,WAL
1902592335000,115.074947,-1.85045816385892,-10.9264510206728,5.78161439164929,-2.0622811,-0.47891834,0.3286455,258.28696,82.843605,4.803561,WAL
1902597250000,115.079862,-1.59011994117327,-12.5994441134282,6.65652160286517,-2.0069978,-0.45998153,0.36774087,258.30774,83.04321,4.5794587,WAL
1902602357000,115.084969,-0.719799766445657,-14.3681754427193,8.00752066512799,-1.8057177,-0.36102137,0.48258355,258.33453,83.227684,4.311275,WAL
1902607325000,115.089937,0.253514115417541,-16.0951834788082,9.41508218380193,-1.42973,-0.172264,0.52412236,258.3865,83.347275,4.0590286,WAL
1902612345000,115.094957,1.46120062554858,-16.9349106811969,9.93902058625785,-0.86651236,-0.036651913,0.5112942,258.54718,83.19289,3.8675578,WAL
1902617278000,115.09989,2.66538408477281,-17.6897070613225,10.3840452496306,-0.1600467,0.048563786,0.34697145,258.73642,82.89794,3.7133129,WAL
1902622422000,115.105034,3.80842306097323,-18.1938408285128,9.80988859820207,0.5109888,0.23060162,0.0015271631,259.1284,82.1479,3.8237405,WAL
1902627349000,115.109961,4.86886232050029,-18.5903535985929,8.94309478542115,1.006095,0.5216789,-0.28588495,259.55698,81.30694,3.9450996,WAL
1902632344000,115.114956,5.12534478887054,-18.394781339459,7.94699893635144,1.2834278,0.97494096,-0.49235737,260.1298,80.21798,4.3719573,WAL
1902637337000,115.119949,5.06116726388602,-17.9652864280405,6.90535248224241,1.3704761,1.3503176,-0.5757405,260.75272,79.12163,4.7858753,WAL
1902642354000,115.124966,4.42137910833738,-16.4990980149471,6.12581769990294,1.3622295,1.5577064,-0.6221663,261.40424,78.1313,5.335179,WAL
1902647299000,115.129911,3.63078836612637,-14.7662338030671,5.4317525129671,1.2461652,1.6120734,-0.6383542,262.10175,77.20348,5.833315,WAL
1902652357000,115.134969,2.63565235734799,-12.6973723057041,4.75607682740147,1.0720685,1.5754215,-0.63346726,262.76978,76.46526,6.2765603,WAL
1902657334000,115.139946,1.58306570075262,-10.5449972388592,4.10470024674193,0.8567385,1.5161675,-0.6209445,263.43134,75.79987,6.684007,WAL
1902662339000,115.144951,0.60740497204021,-8.55615612914727,3.65194079934634,0.6243043,1.466382,-0.5983425,264.07074,75.26811,7.013274,WAL
1902667358000,115.14997,-0.335158818874913,-6.63770563820937,3.28538817284342,0.3857614,1.4202617,-0.5879578,264.685,74.80699,7.325188,WAL
1902672452000,115.155064,-1.1357117616976,-5.30478520874252,3.02554546655689,0.12522738,1.3503176,-0.5311473,265.23218,74.5024,7.4843698,WAL
1902677374000,115.159986,-1.84135609446607,-4.2839531738523,2.82326074705589,-0.13255776,1.2516629,-0.43066,265.7504,74.267426,7.627232,WAL
1902682348000,115.16496,-2.50133421426972,-3.86602968771501,2.61277124679898,-0.3652974,1.1362094,-0.2782491,266.2183,74.149,7.6280584,WAL
1902687387000,115.169999,-3.14476799647837,-3.73341356779644,2.39665620428499,-0.59040123,1.0393872,-0.081855945,266.65176,74.11171,7.592861,WAL
1902692318000,115.17493,-3.4817608376907,-4.08135834400239,2.3401156546216,-0.77824235,0.9923506,0.020463986,267.05347,74.16427,7.4638777,WAL
1902697341000,115.179953,-3.70719722470835,-4.62816170329046,2.34491217136305,-0.86345804,0.8078693,0.21013765,267.3676,74.28269,7.272579,WAL
1902702352000,115.184964,-3.89632512446516,-5.66980325824338,2.45940301989205,-1.0656544,0.52320606,0.3839288,267.60608,74.553314,6.9852552,WAL
1902707354000,115.189966,-4.07026204138371,-6.91556804793916,2.61923694752699,-1.2318097,0.14019357,0.5311473,267.7516,74.85236,6.6729803,WAL
1902712346000,115.194958,-4.28511248273148,-8.62098020978058,2.87354048605727,-1.3542882,-0.32162055,0.6377433,267.77078,75.242676,6.3092976,WAL
1902717341000,115.199953,-4.52045719369281,-10.5555127951392,3.1747815489816,-1.361924,-0.86406887,0.7119634,267.65033,75.65244,5.9460807,WAL
1902722434000,115.205046,-4.92788275014813,-12.5975314635592,2.95104289547699,-1.2479976,-1.378112,0.7779369,267.3899,76.10976,5.5397067,WAL
1902727372000,115.209984,-5.41358181631444,-14.6150511866482,2.44666320853249,-1.0781772,-1.777007,0.8396343,267.0053,76.550964,5.1433563,WAL
1902732337000,115.214949,-5.76621242752009,-16.009446597463,1.52483314597172,-0.874759,-1.8897116,0.91996306,266.53516,76.99633,4.685301,WAL
1902737359000,115.219971,-6.03632911290791,-17.0153978882541,0.327937240510313,-0.625526,-1.6533068,0.9578367,266.05383,77.36825,4.2331715,WAL
1902742336000,115.224948,-5.90410890394189,-17.7535960302753,0.114463422635375,-0.2874121,-1.119716,0.91874135,265.54254,77.8284,3.692799,WAL
1902747347000,115.229959,-5.43606251478208,-18.2801476135325,0.714147834882658,0.16737708,-0.5858198,0.82344633,265.10846,78.15466,3.1626356,WAL
1902752341000,115.234953,-4.33381091175133,-18.2653146788891,1.47955887581538,0.7788532,-0.3747658,0.64721173,264.63794,78.53171,2.6368732,WAL
1902757314000,115.239926,-2.77108566987547,-17.8558059703499,2.364475423898,1.3115277,-0.5149594,0.38606682,264.24432,78.75142,2.1751451,WAL
1902762343000,115.244955,-1.5806350396166,-16.339890175956,2.18791126452637,1.5066991,-0.799928,0.09010262,263.94196,78.76855,1.8535688,WAL
1902767318000,115.24993,-0.719276971246188,-13.9463465097892,1.14396119793885,1.258077,-0.97402465,-0.19150625,263.6547,78.73547,1.6197952,WAL
1902772412000,115.255024,0.0532956998146024,-11.4642037252007,0.0646297174073012,0.65087694,-0.90285885,-0.3857614,263.47647,78.56733,1.6698879,WAL
1902777344000,115.259956,0.256418458846712,-8.90485699985665,-1.03223311707664,-0.042455133,-0.79779,-0.5720753,263.27707,78.4888,1.8029637,WAL
1902782405000,115.265017,0.430362877171797,-6.35777851201589,-2.08327399976167,-0.6783658,-0.89949906,-0.6258314,263.031,78.638145,2.1188817,WAL
1902787308000,115.26992,0.159916508410129,-4.89830074920556,-2.15321707191658,-1.205848,-0.97005403,-0.54183745,262.82208,78.93935,2.4314985,WAL
1902792500000,115.275112,-0.141340498691515,-3.42680887571372,-2.21418376393735,-1.5735888,-1.1038336,-0.4538729,262.57605,79.440865,2.9097178,WAL
1902797348000,115.27996,-0.596971724321967,-2.92055205446075,-2.11753469335845,-1.8106046,-1.2391402,-0.43249258,262.2884,80.01502,3.3710456,WAL
1902802524000,115.285136,-1.0726473114414,-2.38623368906733,-2.03777154173566,-1.8933768,-1.3976597,-0.39645153,261.92236,80.6015,3.7277925,WAL
1902807347000,115.289959,-1.36291195307731,-1.97617722565586,-2.29578452979551,-2.0042489,-1.5146403,-0.31031954,261.5101,81.227394,4.055902,WAL
1902812594000,115.295206,-1.6859968995405,-1.59431182745292,-2.58558844947293,-2.105958,-1.606881,-0.17715092,261.07294,81.83154,4.341978,WAL
1902817323000,115.299935,-2.06547705758176,-2.02683769702676,-2.95690783369673,-2.1911736,-1.7104226,-0.028405234,260.5771,82.422935,4.588654,WAL
1902822317000,115.304929,-2.46622222765114,-2.48360111268583,-3.34903492289395,-2.2452352,-1.892155,0.07513642,259.93762,83.10121,4.6374416,WAL
1902827330000,115.309942,-2.5647700496606,-2.947226166368,-3.66084590362024,-2.2351558,-2.0751092,0.15974127,259.25626,83.75929,4.638738,WAL
1902832249000,115.314861,-2.5860880313603,-3.4034293809304,-3.94650579882342,-2.1670444,-2.2317963,0.2660318,258.5205,84.379745,4.5938683,WAL
1902837320000,115.319932,-2.569070123432,-3.93039414856137,-4.20719751473815,-2.0619757,-2.2843306,0.38545597,257.69604,85.01343,4.468306,WAL
1902842326000,115.324938,-2.52441330823846,-4.49108443792176,-4.44040499352101,-1.9657644,-2.2241604,0.5458081,256.85138,85.54762,4.2856064,WAL
1902847316000,115.329928,-2.50133094075307,-5.25034279491829,-4.5607730494511,-1.8713857,-2.126422,0.7272351,255.97017,85.92473,4.0720606,WAL
1902852308000,115.33492,-2.48945686951965,-6.11477570146043,-4.62251834385276,-1.7684549,-2.0289888,0.9202685,255.10379,93.88837,3.7952697,WAL
1902857340000,115.339952,-2.47748765348468,-6.98613515372808,-4.68475839221599,-1.6771306,-1.9278907,1.1255192,254.24913,93.9554,3.48747,WAL
1902862351000,115.344963,-2.46556838847052,-7.85385816948984,-4.74673869474939,-1.599856,-1.8069394,1.3283265,253.4314,94.22134,3.116867,WAL
1902867324000,115.349936,-2.34618012257938,-8.87117261875916,-4.89020967728383,-1.5497651,-1.5943583,1.5241088,252.68195,94.66106,2.7011955,WAL
1902872410000,115.355022,-2.16058196959453,-10.0037982334148,-5.08532573141182,-1.4810427,-1.3191634,1.6966782,251.99292,95.21068,2.2352662,WAL
1902877347000,115.359959,-1.97251936447815,-11.1536962314907,-4.96236365341249,-1.4175128,-0.9627236,1.8777997,251.4013,95.83123,1.7014401,WAL
1902882315000,115.364927,-1.77787944973059,-12.345271675913,-4.62530428522251,-1.3585643,-0.6096435,2.0460932,250.90184,96.50657,1.138138,WAL
1902887301000,115.369913,-1.44432868338691,-13.2727149731478,-4.15567994477656,-1.3075571,-0.473726,2.1261165,250.46346,97.22297,0.57401013,WAL
1902892320000,115.374932,-1.00625171183065,-14.0075538263426,-3.58570889651117,-1.3023647,-0.27977628,2.1481075,250.15775,97.963005,0.007905944,WAL
1902897343000,115.379955,-0.556794626073132,-14.4802043592011,-3.19158418531399,-1.3683381,-0.14294247,2.1533,249.94904,98.62777,-0.55395573,WAL
1902902353000,115.384965,-0.0991176651828299,-14.7281122417528,-2.94844336953498,-1.4703526,-0.03145956,2.0998492,249.79648,99.30751,-1.0812334,WAL
1902907356000,115.389968,0.380332205666199,-14.6654084291725,-2.75817419354839,-1.5491543,0.06078109,1.9550742,249.75296,99.85893,-1.4907767,WAL
1902912350000,115.394962,0.878625500845522,-14.3300189537167,-2.61443559677419,-1.5607607,0.17623462,1.7470746,249.74594,100.4073,-1.849024,WAL
1902917316000,115.399928,1.33658954429777,-13.8201086858561,-2.40449988955831,-1.5121969,0.29168814,1.5225816,249.80048,100.87524,-2.0639913,WAL
1902922342000,115.404954,1.76656202346402,-13.1464850054591,-2.13218402599504,-1.430341,0.42271876,1.2925909,249.88031,101.31283,-2.2079883,WAL
1902927318000,115.40993,1.97079039751861,-12.542955130273,-1.79634040086849,-1.3839152,0.5177083,1.0693196,249.98384,101.68573,-2.1796446,WAL
1902932309000,115.414921,1.96683689803143,-11.9973719533499,-1.397036663689,-1.3591752,0.5213735,0.84116143,250.0816,102.02049,-2.087872,WAL
1902937350000,115.419962,1.94043204765074,-11.4347307762334,-0.971558392950274,-1.3356569,0.39675698,0.60994893,250.15634,102.28444,-1.8408836,WAL
1902942349000,115.424961,1.71549329342208,-10.7739731734534,-0.352976936260767,-1.3377949,0.081855945,0.37690386,250.16122,102.53886,-1.5523964,WAL
1902947386000,115.429998,1.47733730381657,-10.1102536561192,0.236856033390128,-1.3435981,-0.44043383,0.17165314,250.09718,102.74407,-1.2417932,WAL
1902952349000,115.434961,1.07936698895921,-9.48553270908383,0.343289972335702,-1.3665055,-1.0439687,-0.0021380284,249.90912,102.95413,-0.911457,WAL
1902957634000,115.440246,0.652704217769458,-8.83158375479803,0.405937734736946,-1.3988814,-1.6044376,-0.14966199,249.6157,103.11442,-0.6267455,WAL
1902962336000,115.444948,0.231239794585222,-8.41455587012808,-0.277278259101478,-1.4379768,-1.9917262,-0.27366763,249.19644,103.28717,-0.335926,WAL
1902967685000,115.450297,-0.242420088112524,-7.94939500518058,-1.06007895764553,-1.4474452,-2.160325,-0.34666604,248.68709,103.484314,-0.14473355,WAL
1902972394000,115.455006,-0.531316735341194,-7.74423662808467,-1.87233913741528,-1.4312572,-2.16399,-0.36560285,248.11589,103.68723,0.045933023,WAL
1902977348000,115.45996,-0.835244106411661,-7.52840426449726,-2.72685961534676,-1.393689,-2.0616703,-0.35246924,247.46275,104.020195,0.1360643,WAL
1902982362000,115.464974,-1.16797751445407,-7.49655844287482,-3.25364753134698,-1.3671165,-1.8771889,-0.31306845,246.83452,104.35012,0.22377121,WAL
1902987275000,115.469887,-1.49941613637887,-7.50551614436935,-3.69705866598763,-1.3225232,-1.7974709,-0.2929099,246.20764,104.662445,0.30737025,WAL
1902992319000,115.474931,-1.72101774472183,-7.54993915178317,-3.73336997874465,-1.3283265,-1.7241671,-0.2489276,245.56279,105.14302,0.33113277,WAL
1902997250000,115.479862,-1.88943159303036,-7.6076811919299,-3.59863892019564,-1.3854424,-1.7146988,-0.16584991,244.92734,105.621284,0.33193707,WAL
1903002348000,115.48496,-2.03076049915271,-7.75146555850246,-3.45919733568473,-1.4388931,-1.6728544,-0.0852157,244.2674,106.17533,0.26915994,WAL
1903007299000,115.489911,-2.156888468,-7.919635956,-3.323726464,-1.4749341,-1.5726726,-0.008552114,243.63263,106.73448,0.18279155,WAL
1903012349000,115.494961,-2.138774672143,-8.13084538357101,-3.07777215148466,-1.4825699,-1.426065,0.050701816,243.04968,107.27701,0.032204345,WAL
1903017311000,115.499923,-2.064509942899,-8.35363957130299,-2.79463809539949,-1.4822645,-1.3081679,0.12339478,242.49463,107.821526,-0.14088644,WAL
1903022445000,115.505057,-1.88973546252747,-8.50765636208791,-2.35036937923077,-1.5176947,-1.2125676,0.20861048,241.98878,108.343475,-0.3573168,WAL
1903027410000,115.510022,-1.67597941562438,-8.62165965654346,-1.85160526979021,-1.5540411,-1.1670581,0.25870144,241.50565,108.86022,-0.5793841,WAL
1903032334000,115.514946,-1.33349075919878,-8.77065862711221,-1.22383299161762,-1.570229,-1.1389582,0.28680122,241.09018,109.31757,-0.80351424,WAL
1903037351000,115.519963,-0.922989950939814,-8.93941990540156,-0.521420486372698,-1.5769486,-1.1585059,0.2996294,240.67813,109.777275,-1.0371215,WAL
1903042349000,115.524961,-0.737262776894847,-8.97981122498598,-0.245281742563841,-1.5427402,-1.1957687,0.29016098,240.33157,110.13602,-1.2299691,WAL
1903047352000,115.529964,-0.720167659263979,-8.92364165477343,-0.289240649622815,-1.4737124,-1.2305881,0.28496864,239.9826,110.481804,-1.4282875,WAL
1903052350000,115.534962,-0.703089626499822,-8.86752822044956,-0.333155624134258,-1.3921618,-1.244027,0.28344148,239.70914,110.66914,-1.530901,WAL
1903057371000,115.539983,-0.685933003348794,-8.81115656103777,-0.377272688364341,-1.2495248,-1.217149,0.29657507,239.43915,110.81632,-1.6344844,WAL
1903062351000,115.544963,-0.7449127667,-8.72345613,-0.44214202116,-1.0998629,-1.1566733,0.30726522,239.1753,110.93547,-1.7338349,WAL
1903067359000,115.549971,-0.84563010702,-8.617942578,-0.518879064296,-0.9462303,-1.0769554,0.33200526,238.92776,111.01163,-1.8343179,WAL
1903072418000,115.55503,-0.966147818622754,-8.47367900359281,-0.583692056377245,-0.8335256,-0.990518,0.36713,238.69711,111.07578,-1.9275937,WAL
1903077445000,115.560057,-1.09587341668663,-8.31032056806387,-0.641347883313373,-0.74189585,-0.9086621,0.38698313,238.48882,111.101814,-2.014016,WAL
1903082334000,115.564946,-1.18352450401837,-8.19376863327593,-0.780750769297742,-0.68539083,-0.870483,0.42363504,238.29425,111.13443,-2.1295369,WAL
1903087353000,115.569965,-1.25250550172216,-8.09719514045159,-0.969298973746651,-0.66431594,-0.81183994,0.4382958,238.1279,111.15095,-2.2317622,WAL
1903092319000,115.574931,-1.28065114010419,-8.02504447220677,-1.09174149598907,-0.6649268,-0.7302894,0.4783075,237.96864,111.18396,-2.3742828,WAL
1903097336000,115.579948,-1.27579083412574,-7.97158097956603,-1.16221635137322,-0.68691796,-0.63041294,0.50762904,237.83118,111.21732,-2.5071325,WAL
1903102346000,115.584958,-1.27093730951899,-7.91819208219109,-1.23259287628345,-0.7348709,-0.54825157,0.54825157,237.70126,111.30259,-2.6644895,WAL
1903107358000,115.58997,-1.26608184737747,-7.86478187188306,-1.30299749561479,-0.79137594,-0.49754974,0.5882632,237.59296,111.396935,-2.8194716,WAL
1903112335000,115.594947,-1.24437969944444,-7.9224400843254,-1.33964425738095,-0.86284715,-0.47983465,0.6401868,237.50336,111.51013,-2.9803662,WAL
1903117346000,115.599958,-1.21105376555556,-8.05574362103174,-1.35392680047619,-0.94714653,-0.5012149,0.68203104,237.4199,111.642845,-3.1449308,WAL
1903122461000,115.605073,-1.17729937847073,-8.25299452388878,-1.37970812152927,-1.0320568,-0.5561928,0.70463306,237.3306,111.827675,-3.3141341,WAL
1903127434000,115.610046,-1.14466001268847,-8.48613299001371,-1.41234748731153,-1.1279627,-0.65576386,0.72051555,237.22705,112.038284,-3.4964263,WAL
1903132337000,115.614949,-1.14013338513394,-8.72634309184575,-1.40428641630851,-1.1884383,-0.7657196,0.73823065,237.11017,112.251495,-3.6767266,WAL
1903137345000,115.619957,-1.15895812837798,-8.98047636394858,-1.36193080543617,-1.2366967,-0.8891144,0.73273283,236.96225,112.48458,-3.8640082,WAL
1903142354000,115.624966,-1.20220675090671,-9.28155797582107,-1.31658424214185,-1.2660183,-1.0317514,0.74067414,236.79012,112.7144,-4.056557,WAL
1903147362000,115.629974,-1.26985223774935,-9.6294489933508,-1.26826602283901,-1.2757921,-1.1673635,0.732122,236.58492,112.94775,-4.2529116,WAL
1903152338000,115.63495,-1.3728249842891,-10.0227719608958,-1.22799682715048,-1.280679,-1.2705997,0.71929383,236.36577,113.16334,-4.456008,WAL
1903157360000,115.639972,-1.51072754515523,-10.4650115947696,-1.19471001409927,-1.2748758,-1.3197744,0.68600166,236.12238,113.374245,-4.6571136,WAL
1903162336000,115.644948,-1.68222334114212,-10.8941362316409,-1.09445163494656,-1.2644911,-1.3038919,0.6533204,235.87236,113.552505,-4.8620615,WAL
1903167353000,115.649965,-1.8914534432304,-11.3173515130641,-0.923263342517815,-1.2406673,-1.2431108,0.6078109,235.61685,113.72098,-5.0518427,WAL
1903172456000,115.655068,-2.05686322962384,-11.5953627740107,-0.697210257567171,-1.1972959,-1.1545353,0.5720753,235.3762,113.85049,-5.245128,WAL
1903177371000,115.659983,-2.16723746616512,-11.705737298681,-0.425873636756229,-1.1664472,-1.0671816,0.5345071,235.14679,113.97347,-5.4159017,WAL
1903182314000,115.664926,-2.21780870563545,-11.7582497071512,-0.231270772635056,-1.0989466,-1.056186,0.52687126,234.91612,114.02772,-5.6138153,WAL
1903187356000,115.669968,-2.18496731628449,-11.7300998468714,-0.142129790097163,-1.056186,-1.0464121,0.535118,234.70657,114.08075,-5.7926593,WAL
1903192266000,115.674878,-2.09238805812667,-11.7038671106784,-0.2061417892314,-0.9245446,-1.0714576,0.5815437,234.5011,114.052475,-5.995889,WAL
1903197352000,115.679964,-1.88274249182209,-11.6789093299857,-0.555550948263988,-0.73884153,-1.1157454,0.66675943,234.29938,114.00513,-6.2080426,WAL
1903202265000,115.684877,-1.60751395079319,-11.6332591135616,-0.94431869188431,-0.46089783,-1.135904,0.7443393,234.10806,113.890045,-6.4181943,WAL
1903207363000,115.689975,-1.2108129673728,-11.552974243374,-1.42602707468563,-0.09987647,-1.0613784,0.7770206,233.93549,113.7107,-6.6277533,WAL
1903212250000,115.694862,-0.757991627351865,-11.4212501740034,-1.87117200929864,0.26267207,-0.87872964,0.75869465,233.80237,113.50311,-6.787649,WAL
1903217353000,115.699965,-0.134360453714512,-11.169863945692,-2.30142926600059,0.5177083,-0.61819565,0.6722572,233.7073,113.231674,-6.9167104,WAL
1903222354000,115.704966,0.466512078052113,-10.9672120864643,-2.64511380205914,0.6243043,-0.33383787,0.5510005,233.69083,112.95748,-6.916521,WAL
1903227426000,115.710038,1.05430574722358,-10.8534457454865,-2.82998431651215,0.5684101,-0.06811147,0.42119157,233.7301,112.65892,-6.865852,WAL
1903232276000,115.714888,1.48375419913078,-10.8503862346898,-2.92346123370209,0.3481932,0.12064589,0.28771752,233.86075,112.41667,-6.6119466,WAL
1903237357000,115.719969,1.55584984513038,-11.1483815647965,-2.78407636494469,0.056505036,0.21227567,0.15210545,234.02054,112.20725,-6.3157525,WAL
1903242287000,115.724899,1.52181123362967,-11.418473766294,-2.5581252855195,-0.24281894,0.18600847,0.01160644,234.24005,112.069725,-5.8080764,WAL
1903247349000,115.729961,1.15165082022362,-11.6344004371421,-2.03373135042269,-0.5119051,0.036651913,-0.122478485,234.43027,112.00656,-5.292626,WAL
1903252393000,115.735005,0.769024660555889,-11.8346656790642,-1.51125698210758,-0.6969972,-0.16829337,-0.23365596,234.60452,111.96409,-4.758277,WAL
1903257363000,115.739975,0.174184511105779,-11.796596134973,-0.997315026278744,-0.80664754,-0.35094208,-0.31642818,234.72784,111.9803,-4.2333927,WAL
1903262405000,115.745017,-0.41900612988953,-11.7545892105778,-0.493532746552156,-0.8020661,-0.48624873,-0.3549127,234.78583,111.926285,-3.8455744,WAL
1903267303000,115.749915,-0.840891196421938,-11.662875130218,-0.268833099795483,-0.6948592,-0.5375614,-0.35033122,234.81387,111.879425,-3.4711897,WAL
1903272652000,115.755264,-1.2789173756213,-11.5837772023669,-0.034635173287574,-0.52778757,-0.5314528,-0.30604348,234.78455,111.76181,-3.2483284,WAL
1903277340000,115.759952,-1.35418691424063,-11.8007303526627,0.0184962705514793,-0.3191771,-0.4804455,-0.2452624,234.75931,111.60771,-3.0374534,WAL
1903282664000,115.765276,-1.43158138552632,-12.0643318289474,0.0782021878473684,-0.093767814,-0.42394048,-0.18020524,234.70908,111.39136,-2.935858,WAL
1903287343000,115.769955,-1.31366069102444,-12.6918389393797,0.116105283111842,0.09193522,-0.37965274,-0.16279559,234.67488,111.13255,-2.8350465,WAL
1903292292000,115.774904,-1.18893542556391,-13.3555561203008,0.156195562757895,0.19181168,-0.26175576,-0.1591304,234.68518,110.822495,-2.746988,WAL
1903297319000,115.779931,-0.987797624338308,-14.0588748245771,0.355416738488557,0.3924809,-0.16584991,-0.19853121,234.70406,110.437904,-2.6503294,WAL
1903302304000,115.784916,-0.774034673691542,-14.7619170628856,0.583430494642786,0.5751296,-0.12767084,-0.27152961,234.74127,110.036934,-2.5402915,WAL
1903307336000,115.789948,-0.537714070179677,-15.2617877951687,0.714354451307646,0.7483099,-0.12186762,-0.35827246,234.83084,109.540985,-2.3711264,WAL
1903312262000,115.794874,-0.302261138897984,-15.7091480562987,0.822662808646436,0.89461213,-0.11148291,-0.4343252,234.93213,109.01226,-2.1844206,WAL
1903317385000,115.799997,-0.0668777890069004,-15.9124339069377,0.699926698820403,1.010982,-0.0852157,-0.51159966,235.08394,108.3789,-1.921735,WAL
1903327324000,115.809936,0.361057287103659,-15.9767706432927,0.360122978993903,1.287093,-0.0061086523,-0.68661255,235.45757,107.00355,-1.291413,WAL
1903332312000,115.814924,0.55220654773247,-15.7992751154726,0.187178397633384,1.4486669,-0.01038471,-0.77549344,235.6767,106.26907,-0.92972845,WAL
1903337351000,115.819963,0.753136455438503,-15.4648222695187,-0.00311886061497325,1.613906,-0.044593163,-0.8585711,235.91693,105.541275,-0.51297957,WAL
1903342333000,115.824945,0.957250471389305,-15.0259768051337,-0.202130019106952,1.8014416,-0.063224554,-0.9615019,236.16,104.79134,-0.07972369,WAL
1903347349000,115.829961,0.972695637081756,-14.4803172997729,-0.271634048363929,2.0540345,-0.08827003,-1.0699304,236.38191,104.03667,0.38890368,WAL
1903352311000,115.834923,0.914239802554883,-13.9002553679031,-0.289620476685276,2.3313673,-0.11301007,-1.1878275,236.60037,103.25945,0.87176895,WAL
1903357289000,115.839901,0.293942549274095,-12.9187791285075,-0.395365560946523,2.601675,-0.10140363,-1.280679,236.82584,102.499886,1.3927684,WAL
1903362320000,115.844932,-0.715133171553477,-11.6549853814559,-0.561912023300122,2.9025261,-0.05375614,-1.3536774,237.06036,101.70426,1.9241987,WAL
1903367302000,115.849914,-1.46402342495172,-11.2623284816531,-0.596258869073001,3.1899383,0.04520403,-1.4019357,237.29776,100.91132,2.4514182,WAL
1903372389000,115.855001,-2.08028026896485,-11.3705264566435,-0.553920631625145,3.4107661,0.15943582,-1.4602734,237.56378,100.123184,2.988752,WAL
1903377293000,115.859905,-2.6567302483335,-11.6505667837031,-0.597377995826286,3.549127,0.22418754,-1.4993688,237.68051,99.33082,3.3686275,WAL
1903382311000,115.864923,-3.2328716362551,-12.0737078488708,-0.707346909158293,3.6010506,0.35185838,-1.5137241,237.86407,98.5744,3.7574356,WAL
1903387298000,115.86991,-3.80545376091931,-12.4942348500647,-0.816636460929261,3.5671475,0.46395215,-1.5238034,238.02353,97.832504,4.058625,WAL
1903392326000,115.874938,-4.38274329827878,-12.9182191616755,-0.926824523151925,3.4825428,0.52687126,-1.5015068,238.22507,97.17472,4.349938,WAL
1903397314000,115.879926,-4.92436072209338,-13.3275413901381,-1.17020912022789,3.3200526,0.52626044,-1.4636332,238.4579,96.6425,4.6332335,WAL
1903402303000,115.884915,-5.4398717729152,-13.7274235495614,-1.52673054599173,3.1264083,0.47158796,-1.4340062,238.70926,96.24317,4.9048123,WAL
1903407320000,115.889932,-5.97680644455348,-14.1130409156035,-1.94031840122669,2.9431489,0.37934732,-1.3979651,238.89853,95.85587,4.9988837,WAL
1903412343000,115.894955,-6.52913236977429,-14.4859791947007,-2.39822981996075,2.7714956,0.29993483,-1.3487904,239.09036,95.57606,5.077873,WAL
1903417340000,115.899952,-7.12285860895345,-14.7987300453602,-2.67657700886451,2.6233609,0.24801129,-1.3261884,239.18687,95.35654,5.0903726,WAL
1903422398000,115.90501,-7.76431437889119,-15.0620139659057,-2.79625161817373,2.4828618,0.19303341,-1.3411547,239.27094,95.21624,5.1008306,WAL
1903427351000,115.909963,-8.1331863469266,-15.2199830906107,-2.69565113893973,2.4284947,0.12370021,-1.3952162,239.27402,95.09552,5.0571938,WAL
1903432362000,115.914974,-8.25251533240501,-15.2820344621046,-2.38062236807241,2.4275784,-0.002443461,-1.4880677,239.25327,95.03836,5.0347266,WAL
1903437334000,115.919946,-7.93663789875254,-14.9486099833672,-2.58878840990233,2.3506095,-0.1337795,-1.6392568,239.18268,85.01581,4.980986,WAL
1903442366000,115.924978,-7.16305512300551,-14.1983276400735,-3.34373079102601,2.1496348,0.03940081,-1.704925,239.17145,85.03602,4.9376,WAL
1903447326000,115.929938,-6.29562981998235,-13.3894480638788,-3.82445767302677,1.8075503,0.46120325,-1.6865989,239.21739,85.021645,4.907749,WAL
1903452343000,115.934955,-5.27335642577704,-12.475526423669,-3.94694202923816,1.434617,0.73884153,-1.5943583,239.27579,84.99981,4.8804665,WAL
1903457247000,115.939859,-4.28470654970402,-11.6251624515902,-3.92263483270794,1.2925909,0.9642508,-1.4483615,239.30014,84.90911,4.9588985,WAL
1903462355000,115.944967,-3.27365264529949,-10.8153379176282,-3.64287714995485,1.3765849,1.1731668,-1.2950343,239.39597,84.854996,5.0078254,WAL
1903467269000,115.949881,-2.38865078561439,-10.2311796581419,-3.16620899430569,1.5503759,1.3674219,-1.1395692,239.48026,84.703804,5.17201,WAL
1903472466000,115.955078,-1.60305985719281,-9.94777027092907,-2.30603670284715,1.7327193,1.5106697,-1.0656544,239.60599,84.569695,5.310916,WAL
1903477301000,115.959913,-0.936404498687831,-9.82485819459142,-1.65769402533804,1.8872682,1.529912,-1.069625,239.72943,84.303825,5.5700927,WAL
1903482345000,115.964957,-0.344774421146385,-9.92425158357829,-1.22698730519302,1.992337,1.500285,-1.0858129,239.8801,84.05392,5.80399,WAL
1903487263000,115.969875,0.151468558980796,-9.98395860219479,-0.92020106659808,2.0314324,1.5018122,-1.1395692,240.12181,83.673096,6.1254263,WAL
1903492341000,115.974953,0.499309505590045,-9.96966397746424,-0.834432099216147,2.0909917,1.5577064,-1.1908818,240.37578,83.28141,6.4416094,WAL
1903497246000,115.979858,0.722107694911496,-9.94457263382611,-0.788365819359074,2.1496348,1.6954565,-1.2043208,240.6721,82.78058,6.837544,WAL
1903502343000,115.984955,0.667512350799455,-9.88997742851585,-0.83346631304221,2.2547035,1.8194622,-1.1707232,240.9899,82.271164,7.22149,WAL
1903507295000,115.989907,0.614470140863645,-9.83693535343318,-0.877283783067497,2.3402247,1.9489655,-1.1270463,241.31126,81.695404,7.658433,WAL
1903512349000,115.994961,0.560335381369383,-9.78280073156973,-0.922003793872787,2.317928,2.0390682,-1.0772609,241.66898,81.136955,8.067499,WAL
1903517353000,115.999965,0.52169900746724,-9.6995601079601,-0.985899781947976,2.2094996,2.1520782,-1.0164797,242.08012,80.59943,8.444014,WAL
1903522437000,116.005049,0.545505242655975,-9.49006535165265,-1.13349835460591,2.108096,2.1749856,-0.9621128,242.49875,80.08145,8.794807,WAL
1903527402000,116.010014,0.547581162385399,-9.27622318272496,-1.29334045025467,2.037541,2.1966715,-0.8970556,242.8566,79.588264,9.118014,WAL
1903532339000,116.014951,0.439212847286927,-9.01533647028862,-1.53415892825127,1.9953914,2.2269092,-0.83077675,243.23016,79.12544,9.412871,WAL
1903537326000,116.019938,0.329747020388795,-8.75180759953311,-1.77741632135823,1.9804251,2.2482896,-0.7663304,243.56891,78.68978,9.691519,WAL
1903542359000,116.024971,0.110062505179186,-8.44543302308159,-2.09873226448674,1.9544634,2.254398,-0.71868294,243.9171,78.280464,9.945607,WAL
1903547250000,116.029862,-0.131772712542013,-8.1372113928933,-2.43066291567119,1.9187278,2.2766948,-0.68325275,244.27982,77.893524,10.174593,WAL
1903552350000,116.034962,-0.397059013794796,-7.75828066273932,-2.64934808247423,1.8777997,2.2592852,-0.6569856,244.59474,77.55825,10.37909,WAL
1903557305000,116.039917,-0.657969401359843,-7.37623337849779,-2.83105355154639,1.8374827,2.218357,-0.63194007,244.91165,77.24191,10.566825,WAL
1903562353000,116.044965,-0.923164848968404,-7.00480938777036,-2.86186544653643,1.8008307,2.1609359,-0.61117065,245.10619,76.96605,10.737504,WAL
1903567276000,116.049888,-1.1816183744543,-6.64767353483504,-2.84776804128376,1.7568485,2.0906863,-0.6001751,245.29013,76.70689,10.899061,WAL
1903572421000,116.055033,-1.39908210793852,-6.34731154636638,-2.80028390988423,1.6985108,2.0073032,-0.5992588,245.41525,76.48881,11.033202,WAL
1903577345000,116.059957,-1.59176231410643,-6.08122929758731,-2.74523240187761,1.6355917,1.988061,-0.6001751,245.54364,76.28599,11.159119,WAL
1903582351000,116.064963,-1.7213013301534,-5.84786120244135,-2.68459101097854,1.5662584,1.9538525,-0.6020077,245.65103,76.10851,11.250577,WAL
1903587274000,116.069886,-1.8229308013836,-5.63278481417686,-2.62314062843393,1.5326608,1.922393,-0.6065892,245.75781,75.93942,11.338923,WAL
1903592321000,116.074933,-1.92712010491779,-5.41229110473732,-2.56014244019451,1.4801265,1.894904,-0.61361414,245.86934,75.79039,11.399415,WAL
1903597292000,116.079904,-2.02974047897534,-5.1951176889212,-2.49809290705835,1.3976597,1.8756617,-0.61391956,245.9767,75.65693,11.456444,WAL
1903602359000,116.084971,-2.13481017761017,-4.96434805649216,-2.3150181470768,1.2815952,1.8359555,-0.6374379,246.07617,75.53836,11.505113,WAL
1903607346000,116.089958,-2.23839979940846,-4.7336259248743,-2.08900433739525,1.1398746,1.8008307,-0.6759224,246.17375,75.43874,11.555645,WAL
1903612352000,116.094964,-2.27961218522425,-4.48554119004436,-1.92822133559389,0.977079,1.8115209,-0.6930266,246.30609,75.35695,11.575847,WAL
1903617333000,116.099945,-2.29371825938886,-4.2316314622967,-1.79656454519468,0.8323039,1.8524488,-0.70463306,246.43849,75.29271,11.602738,WAL
1903622334000,116.104946,-2.31814457759383,-4.07776865721337,-1.57844188738303,0.70066243,1.8768835,-0.73456544,246.59392,75.21455,11.631362,WAL
1903627409000,116.110021,-2.34813070432905,-3.97281786595373,-1.31356566090488,0.5558874,1.8787161,-0.74220127,246.75275,75.169395,11.653603,WAL
1903632314000,116.114926,-2.375628889671,-3.88973051057766,-0.998306107392884,0.410196,1.8506162,-0.7489208,246.93033,75.11516,11.680264,WAL
1903637324000,116.119936,-2.40316127375669,-3.81172199317138,-0.654151066746366,0.26450464,1.8002199,-0.7504479,247.09967,75.088104,11.706122,WAL
1903642319000,116.124931,-2.42657218243883,-3.80339809387117,-0.277073591385457,0.0983493,1.7379116,-0.73975784,247.30017,75.062126,11.720487,WAL
1903647307000,116.129919,-2.44756750435122,-3.83605757012258,0.119505463827709,-0.048563786,1.675298,-0.7272351,247.48233,75.05991,11.73522,WAL
1903652301000,116.134913,-2.4685880812619,-3.86875633203106,0.516561558802559,-0.15057829,1.6190983,-0.70921457,247.70547,75.03975,11.7319145,WAL
1903657327000,116.139939,-2.4897433514968,-3.90166461744396,0.916161865839723,-0.26053402,1.5470163,-0.6908886,247.90054,75.05036,11.72773,WAL
1903662317000,116.144929,-2.48368929950739,-3.82309206598911,1.13040438712989,-0.3494149,1.4688255,-0.6569856,248.0711,75.08317,11.715967,WAL
1903667331000,116.149943,-2.45381030541872,-3.64630770780399,1.1851826426238,-0.44165558,1.3790283,-0.6102544,248.21094,75.14296,11.698268,WAL
1903672332000,116.154944,-2.42400877980296,-3.46998170555354,1.23981887232564,-0.52564955,1.2727377,-0.5726862,248.55229,75.18235,11.622091,WAL
1903677395000,116.160007,-2.39383778916256,-3.29146969807623,1.29513245580503,-0.6188065,1.2104294,-0.5326745,248.87274,75.250656,11.533402,WAL
1903682311000,116.164923,-2.30083714365385,-3.1811020075,1.29029980682692,-0.66339964,1.0995574,-0.50732356,249.14206,75.33012,11.444873,WAL
1903687305000,116.169917,-2.17667199392308,-3.098325209,1.25810881896154,-0.7504479,0.98349303,-0.4810564,249.38446,75.44236,11.3476515,WAL
1903692317000,116.174929,-2.10515939785955,-3.075720322592,1.24359211512975,-0.840856,0.8707884,-0.44623706,249.63695,75.54511,11.249681,WAL
1903697315000,116.179927,-2.07007296402287,-3.09443313452573,1.24125302279724,-0.96761054,0.7528914,-0.40866885,249.8481,75.67572,11.148675,WAL
1903702298000,116.18491,-2.03509183160827,-3.1130897855593,1.23892095054977,-1.0906999,0.6221663,-0.37720928,250.01907,75.81259,11.065734,WAL
1903707323000,116.189935,-1.99981585521185,-3.13190368711333,1.23656922206421,-1.2308935,0.4999932,-0.35521814,250.1525,75.98,10.979359,WAL
1903712316000,116.194928,-1.9752278190779,-3.1890006227345,1.2808256290938,-1.3860532,0.38881573,-0.31978795,250.24454,76.18009,10.885122,WAL
1903717333000,116.199945,-1.96090544062003,-3.28448324548887,1.37153412569555,-1.5436565,0.26633725,-0.2883284,250.29242,76.406784,10.790963,WAL
1903722326000,116.204938,-1.94215770787286,-3.42711823948166,1.50254812577995,-1.6936239,0.14080444,-0.24953845,250.31534,76.67096,10.685649,WAL
1903727324000,116.209936,-1.91875191501223,-3.61904578981907,1.67575104182885,-1.8332067,0.024740042,-0.20555615,250.29906,76.96418,10.573615,WAL
1903732300000,116.214912,-1.95978778189859,-3.92477409052673,1.97110555559159,-1.9572122,-0.09132435,-0.13713925,250.26321,77.284096,10.445551,WAL
1903737304000,116.219916,-2.08223088213443,-4.37687152496069,2.42320313754914,-2.05434,-0.19730948,-0.058337633,250.18976,77.628586,10.30482,WAL
1903742295000,116.224907,-2.22669347861364,-5.05095618661725,2.98844813461885,-2.1282544,-0.26083946,0.026267206,250.1221,77.98212,10.14557,WAL
1903747352000,116.229964,-2.40618921906241,-6.06486518401282,3.73068752399078,-2.1981986,-0.32711834,0.1386664,250.0149,78.367485,9.9590225,WAL
1903752266000,116.234878,-2.4689086870135,-7.45251107942812,4.53167025456712,-2.1994202,-0.35369098,0.28527406,249.95087,78.74657,9.717062,WAL
1903757355000,116.239967,-2.36729390772438,-9.48964505520254,5.48007452442415,-2.1340578,-0.30390546,0.408058,249.88214,79.14175,9.451291,WAL
1903762373000,116.244985,-1.97980400395514,-11.570088811098,6.75930330106257,-2.002111,-0.20738874,0.5158757,249.9036,79.520805,9.11214,WAL
1903767347000,116.249959,-1.1830748109209,-13.735317403778,8.52148129397875,-1.7275269,-0.058643065,0.61391956,249.94392,79.8917,8.745293,WAL
1903772373000,116.254985,-0.151660384867365,-15.496287556594,10.1267733190786,-1.2315043,-0.008857546,0.6151413,250.08421,80.121544,8.38224,WAL
1903777337000,116.259949,1.23955766856415,-16.532969728972,11.4237475386576,-0.49693888,-0.011911872,0.5766568,250.23709,80.26775,8.014592,WAL
1903782255000,116.264867,2.61990125280966,-17.4450403871644,12.1685505051402,-0.076358154,-0.094989546,0.3100141,250.60718,79.9671,7.885765,WAL
1903787299000,116.269911,4.04220851377383,-18.0043202550155,11.1657032205809,0.66553766,-0.09896017,-0.102319926,250.97372,79.42837,7.8127246,WAL
1903792278000,116.27489,5.19011576244303,-18.4843945471285,10.1127832510483,1.1343768,0.22693644,-0.39767328,251.58978,78.465034,8.043949,WAL
1903797312000,116.279924,5.5153222579763,-18.7348918020055,8.8427206532361,1.3854424,0.7452556,-0.5412266,252.23367,77.40733,8.305582,WAL
1903802394000,116.285006,5.76826784068884,-18.8528366207081,7.57823627468179,1.4743233,1.1948525,-0.5534439,252.86522,76.36544,8.721519,WAL
1903807326000,116.289938,4.93971072673013,-17.0441568470425,6.60316578928228,1.450805,1.4566082,-0.57635134,253.5673,75.340164,9.116215,WAL
1903812314000,116.294926,4.05638799673802,-15.1237699408767,5.69086847043833,1.3396275,1.5607607,-0.5867361,254.19594,74.54563,9.4635725,WAL
1903817350000,116.299962,2.95513913100917,-12.7639506495413,5.11074642477064,1.1566733,1.5399913,-0.5842926,254.84158,73.81571,9.773283,WAL
1903822308000,116.30492,1.87866068228972,-10.4579452923092,4.60633169202069,0.91904676,1.459357,-0.57360244,255.44765,73.23911,10.003096,WAL
1903827317000,116.309929,0.819125259851557,-8.1909215288031,4.33906134941797,0.6789767,1.3738359,-0.56046885,256.03525,72.72606,10.217319,WAL
1903832314000,116.314926,-0.178434075193605,-6.08743409397543,4.06389132906999,0.42180246,1.2614367,-0.5329799,256.5722,72.3281,10.355973,WAL
1903837305000,116.319917,-0.947262684301228,-4.59171293926691,3.75635995081887,0.13316862,1.1481212,-0.45753807,257.07623,72.00996,10.4772625,WAL
1903842316000,116.324928,-1.7025023512364,-3.22734603264095,3.44320959829871,-0.13133603,1.0317514,-0.34605515,257.54453,71.77386,10.496375,WAL
1903847311000,116.329923,-2.36492186013848,-2.61224216765579,3.10726823004946,-0.37904188,0.95203346,-0.19181168,257.98132,71.61997,10.486711,WAL
1903852299000,116.334911,-2.99548069403211,-2.08761035880036,2.79795341487428,-0.59559363,0.90285885,-0.023823744,258.38745,71.57082,10.385956,WAL
1903857334000,116.339946,-3.42396610870443,-2.16064770374634,2.66161717661315,-0.8063421,0.8915578,0.14355333,258.76868,71.59999,10.245777,WAL
1903862310000,116.344922,-3.80706079470744,-2.32013281293737,2.55597951952367,-1.0177015,0.7791586,0.30909783,259.0644,71.7705,10.0074215,WAL
1903867357000,116.349969,-3.96812721985691,-2.97387300331275,2.61282655712045,-1.2327261,0.5311473,0.41325033,259.30685,72.00352,9.753228,WAL
1903872435000,116.355047,-4.12949220088971,-3.73088524252053,2.69359677708252,-1.4327844,0.35033122,0.49174652,259.5004,72.3581,9.414198,WAL
1903877457000,116.360069,-4.28466684533633,-5.1133499754693,2.92400759045757,-1.5946637,-0.13591751,0.52198434,259.52917,72.7577,9.104353,WAL
1903882361000,116.364973,-4.43711065890424,-6.53681512890134,3.12635508409508,-1.6417004,-0.7360926,0.5479461,259.4354,73.227875,8.743833,WAL
1903887320000,116.369932,-4.60231416868296,-8.86342914452604,3.05752029234709,-1.616044,-1.3860532,0.57910025,259.18454,73.71956,8.411833,WAL
1903892537000,116.375149,-4.78554117703928,-11.3006640694864,2.94922247907351,-1.4950926,-1.9544634,0.6209445,258.7608,74.25741,8.038474,WAL
1903897317000,116.379929,-5.1635597510574,-13.3013973323263,2.05027570223565,-1.3161092,-2.3365595,0.68844515,258.20233,74.77688,7.6789236,WAL
1903902658000,116.38527,-5.58662348849152,-15.4464313318661,1.05633540845484,-1.1334605,-2.4269676,0.7476991,257.48157,75.4053,7.2526593,WAL
1903907387000,116.389999,-5.96870153654287,-16.3476373605685,0.292179138890417,-0.9059132,-2.1276436,0.7910705,256.76556,75.97308,6.8152056,WAL
1903912319000,116.394931,-6.36718090490601,-17.2875291206786,-0.504779778743696,-0.56688297,-1.5922203,0.73792523,255.94203,76.70577,6.293941,WAL
1903917373000,116.399985,-5.65062175225003,-17.8832774066858,0.0835752255563247,0.010995574,-0.981355,0.6398814,255.24046,77.29086,5.7672067,WAL
1903922298000,116.40491,-4.73165649906043,-18.3917399400653,0.932568459657798,0.691194,-0.59315014,0.44043383,254.65044,77.71289,5.2834525,WAL
1903927330000,116.409942,-3.12150326986553,-18.1092524562958,1.16855483566626,1.1090258,-0.51007247,0.14782938,254.06271,78.18878,4.7925825,WAL
1903932252000,116.414864,-1.387958924511,-17.6434530494091,1.25018988613488,1.0897835,-0.55680364,-0.16065755,253.58052,78.54059,4.3751435,WAL
1903937297000,116.419909,-0.332471053683129,-15.1469321590888,0.162799417001214,0.6658431,-0.48930305,-0.35735616,253.28079,78.68389,4.138546,WAL
1903942310000,116.424922,0.572927480067221,-12.2648961651573,-1.15047670646998,0.083383106,-0.35705075,-0.40958515,253.00438,78.84672,3.9600534,WAL
1903947313000,116.429925,0.86957329334231,-9.62617814597048,-1.74297320881708,-0.45265114,-0.419359,-0.44776422,252.77988,78.9752,4.068137,WAL
1903952312000,116.434924,0.907773536265709,-7.09063683183722,-2.02947504320766,-0.8707884,-0.7788532,-0.4373795,252.51111,79.21773,4.181785,WAL
1903957288000,116.4399,0.656569381026684,-5.45015398336475,-1.96536202963992,-1.151481,-1.2305881,-0.41599923,252.17303,79.59987,4.505955,WAL
1903962332000,116.444944,0.273231115005456,-4.1803459215058,-1.74494248189664,-1.3387111,-1.5564847,-0.3915646,251.7594,80.03658,4.817282,WAL
1903967380000,116.449992,-0.579074224687886,-3.10735208547268,-2.27882868028504,-1.4639386,-1.6924021,-0.31673363,251.26633,80.48446,5.0658126,WAL
1903972490000,116.455102,-1.65779115125321,-2.11232871008076,-3.16691026698337,-1.604743,-1.7253889,-0.1994475,250.70358,80.96243,5.291679,WAL
1903977358000,116.45997,-2.20403069100265,-1.8545855784084,-3.61631500509476,-1.7721201,-1.7318029,-0.11575896,250.13988,81.4204,5.4719696,WAL
1903982353000,116.464965,-2.43555884040656,-2.06174231151926,-3.80641185877318,-1.8429805,-1.7489072,0.022296581,249.55359,81.8879,5.592323,WAL
1903987354000,116.469966,-2.66736510170165,-2.26914788154677,-3.99673705702058,-1.9391917,-1.8680259,0.13408493,248.79004,82.59314,5.4990788,WAL
1903992322000,116.474934,-2.89764174759527,-2.47518484853271,-4.18580636013858,-1.9764545,-2.0567832,0.2302962,247.996,83.29095,5.3567038,WAL
1903997345000,116.479957,-3.00041497867802,-2.64813041967952,-4.39371157579369,-1.9685133,-2.2226331,0.34147367,247.17142,83.9788,5.163035,WAL
1904002334000,116.484946,-3.03391028027041,-2.80125199824737,-4.60903866449675,-1.9214766,-2.2870796,0.45723262,246.32042,84.624344,4.9249406,WAL
1904007319000,116.489931,-3.00776986022044,-3.13316081853707,-4.64540389639279,-1.8726074,-2.2629502,0.59803706,245.38858,85.301994,4.5599484,WAL
1904012354000,116.494966,-2.94979092710421,-3.56317186558116,-4.58742471102204,-1.8264871,-2.1923954,0.7510588,244.45586,85.8575,4.140666,WAL
1904017374000,116.499986,-2.95201081100134,-4.28693634828314,-4.3899287610493,-1.7742581,-2.1276436,0.91354895,243.51205,93.757996,3.6486712,WAL
1904022334000,116.504946,-2.98390281176866,-5.14802222436217,-4.12568021779206,-1.713477,-2.1053472,1.0626001,242.58722,93.63597,3.1012502,WAL
1904027318000,116.50993,-2.97495066338826,-6.25323352926879,-3.92514643841401,-1.6533068,-2.0769417,1.208597,241.70773,93.811966,2.5160482,WAL
1904032312000,116.514924,-2.9355466661689,-7.53878808350154,-3.77245604562307,-1.6126842,-2.0189097,1.3301591,240.85687,94.24625,1.8865079,WAL
1904037308000,116.51992,-2.78942011493397,-8.87655299175851,-3.68890208811439,-1.6044376,-1.8942931,1.462106,240.0658,94.8503,1.2618684,WAL
1904042358000,116.52497,-2.57812367217754,-10.259584572535,-3.6456823919571,-1.6380352,-1.6526959,1.6236799,239.33589,95.57687,0.5984106,WAL
1904047349000,116.529961,-2.26551570532823,-11.6193442438426,-3.60913211883034,-1.6389514,-1.3924674,1.7919732,238.66924,96.33222,-0.05966512,WAL
1904052353000,116.534965,-1.889322291728,-12.9783429474046,-3.57621521662251,-1.6337591,-1.1863003,1.9437732,238.06804,97.14508,-0.744766,WAL
1904057323000,116.539935,-1.46027624726989,-14.1148986396256,-3.51660051544462,-1.6206255,-1.003957,2.0625865,237.58627,97.94,-1.415861,WAL
1904062356000,116.544968,-0.98560707824688,-15.1112338910881,-3.43670566448908,-1.5900823,-0.8503244,2.0760255,237.16562,98.74184,-2.0776591,WAL
1904067372000,116.549984,-0.512417270813097,-15.6077685409037,-3.31262776001194,-1.6007724,-0.65209866,2.0231857,236.86336,99.482475,-2.647116,WAL
1904072406000,116.555018,-0.0374217811415207,-15.674939475418,-3.14949800408041,-1.6154331,-0.54061574,1.9291124,236.58546,100.202866,-3.1894891,WAL
1904077392000,116.560004,0.451741732178956,-15.3493811612814,-2.91697742419221,-1.6340646,-0.3222314,1.8460348,236.43956,100.82502,-3.5891316,WAL
1904082317000,116.564929,0.951057151469208,-14.6894166533186,-2.62607191466446,-1.6453656,-0.095294975,1.6475036,236.31921,101.41247,-3.9149883,WAL
1904087296000,116.569908,1.43486193751959,-13.9233067208233,-2.36949676679553,-1.6673567,0.07849618,1.4068227,236.26144,101.91347,-4.104827,WAL
1904092324000,116.574936,1.88262553672553,-12.9573449701181,-2.18334781935012,-1.676825,0.24648413,1.2098186,236.25534,102.38474,-4.239517,WAL
1904097319000,116.579931,2.14765039564837,-12.0709070381739,-1.76558451228363,-1.6242907,0.36346483,1.0149527,236.29419,102.75114,-4.2199993,WAL
1904102306000,116.584918,2.17548497647402,-11.2822596126275,-1.04188494578339,-1.5164729,0.3640757,0.784351,236.33012,103.07481,-4.1398315,WAL
1904107299000,116.589911,2.10053864741886,-10.4858718367852,-0.468043880006182,-1.4376713,0.11881329,0.52931476,236.38799,103.36732,-3.996493,WAL
1904112319000,116.594931,1.84790038425554,-9.67346669304482,-0.151007649897991,-1.3839152,-0.33292156,0.31215215,236.37204,103.617584,-3.819358,WAL
1904117322000,116.599934,1.52472394973273,-8.97159460354385,-0.161441525569194,-1.344209,-0.8848383,0.13713925,236.2621,103.76095,-3.604321,WAL
1904122360000,116.604972,1.10442897428232,-8.40801735210849,-0.605616890324688,-1.284955,-1.3930782,-0.013133603,236.02759,103.872185,-3.3707998,WAL
1904127246000,116.609858,0.696069305252164,-7.98117910594656,-1.11870222512232,-1.2635747,-1.785559,-0.13469578,235.63219,103.97007,-3.1569977,WAL
1904132310000,116.614922,0.271698186200602,-7.72108066861122,-1.77579300916447,-1.2360858,-2.0207422,-0.23793201,235.14067,104.047104,-2.9391305,WAL
1904137299000,116.619911,-0.1477573025578,-7.5425482318267,-2.38660567556759,-1.1908818,-2.0885482,-0.2883284,234.5275,104.21298,-2.7976434,WAL
1904142319000,116.624931,-0.573337751589252,-7.56257542824412,-2.90731581470527,-1.1600331,-2.0857995,-0.2919936,233.87794,104.37686,-2.6621702,WAL
1904147253000,116.629865,-0.946527431213214,-7.64549725061705,-3.32636110381621,-1.1267409,-1.9865338,-0.28038713,233.18744,104.658165,-2.6171849,WAL
1904152346000,116.634958,-1.24749133791532,-7.84922667851718,-3.58565311175242,-1.1172725,-1.8280143,-0.2510656,232.52493,104.939384,-2.5812275,WAL
1904157290000,116.639902,-1.49544270927484,-8.06063916090745,-3.67544197661258,-1.1200215,-1.6264287,-0.20372356,231.9258,105.33385,-2.641757,WAL
1904162350000,116.644962,-1.61678347570112,-8.31788192833534,-3.28229796839944,-1.1133019,-1.4773777,-0.16707164,231.36232,105.72096,-2.7069328,WAL
1904167358000,116.64997,-1.70587093256248,-8.55217830249907,-2.90039449982283,-1.135904,-1.3924674,-0.12034045,230.8189,106.16228,-2.8384418,WAL
1904172382000,116.654994,-1.71035749011563,-8.73164060462514,-2.53698310377658,-1.1655309,-1.3561208,-0.087964594,230.30853,106.59955,-2.9737618,WAL
1904177379000,116.659991,-1.70221156103692,-8.89931382639434,-2.15080187399843,-1.1685852,-1.271516,-0.02321288,229.86957,106.977646,-3.1381023,WAL
1904182313000,116.664925,-1.60941505565593,-8.99211023487824,-1.60330267635507,-1.1667526,-1.1972959,0.041233405,229.44351,107.35959,-3.3112352,WAL
1904187314000,116.669926,-1.50980892668111,-9.0813936307965,-1.0578388095156,-1.1704178,-1.1753048,0.094989546,229.06467,107.68289,-3.488914,WAL
1904192324000,116.674936,-1.34447542456434,-9.1144600254012,-0.623247698705326,-1.2159272,-1.1664472,0.13622294,228.70932,108.01594,-3.6759365,WAL
1904197446000,116.680058,-1.17468486193857,-9.13959499915469,-0.198508936897718,-1.2678508,-1.1753048,0.16920967,228.39772,108.26013,-3.8450475,WAL
1904202308000,116.68492,-1.00412645905701,-9.0565026108763,-0.0366971519160327,-1.2953397,-1.1896601,0.19211712,228.0915,108.50845,-4.0216923,WAL
1904207328000,116.68994,-0.828025434280079,-8.97070997633136,0.130373016863905,-1.2965615,-1.1969905,0.20708331,227.82222,108.68709,-4.166057,WAL
1904212318000,116.69493,-0.668717032888574,-8.81442772190746,0.106286276141643,-1.2470814,-1.1866057,0.23609942,227.55855,108.85844,-4.3191586,WAL
1904217300000,116.699912,-0.511029812660057,-8.65223516005666,0.0657381309745042,-1.16492,-1.1383474,0.26725355,227.30623,109.019104,-4.472978,WAL
1904222389000,116.705001,-0.470585318179509,-8.45815270279424,-0.0828746578492803,-1.0601566,-1.0980303,0.28771752,227.09277,109.131355,-4.604152,WAL
1904227367000,116.709979,-0.460493582324301,-8.26136363759526,-0.254434114699407,-0.960891,-1.0598512,0.3213151,226.89726,109.22323,-4.741415,WAL
1904232311000,116.714923,-0.549372776853051,-8.13459036011379,-0.532937930979007,-0.86437434,-1.0051788,0.3481932,226.73447,109.29333,-4.8554063,WAL
1904237294000,116.719906,-0.647680205684717,-8.01287665013734,-0.823178861526388,-0.7788532,-0.9086621,0.36835176,226.5974,109.33965,-4.9672446,WAL
1904242323000,116.724935,-0.806644732289849,-7.89368417346813,-1.08925930750282,-0.72295904,-0.8246681,0.42088616,226.47282,109.40855,-5.092325,WAL
1904247248000,116.72986,-0.97123840415683,-7.777500527004,-1.34583184060351,-0.6985244,-0.7675522,0.4636467,226.36937,109.46234,-5.2115126,WAL
1904252302000,116.734914,-1.18169419916161,-7.6861298854004,-1.54354000595548,-0.7113526,-0.7119634,0.5137377,226.27208,109.573204,-5.3642187,WAL
1904257273000,116.739885,-1.39272730479907,-7.59896392494941,-1.73163465556519,-0.766025,-0.68630713,0.5510005,226.18565,109.68988,-5.519555,WAL
1904262296000,116.744908,-1.57692252555009,-7.57358243895646,-1.8071258833256,-0.83108217,-0.6872234,0.6068946,226.09193,109.876396,-5.7238746,WAL
1904267314000,116.749926,-1.75538843397085,-7.56019750281311,-1.86066567448705,-0.9477574,-0.6954701,0.66950834,226.00758,110.093285,-5.93483,WAL
1904272319000,116.754931,-1.90415013623583,-7.61402891948561,-1.93136198305362,-1.0118983,-0.70646566,0.70341134,225.89296,110.36321,-6.1933784,WAL
1904277261000,116.759873,-2.03825461311029,-7.6965549336966,-2.00872997326722,-1.1340714,-0.71837753,0.76174897,225.78429,110.6847,-6.4719286,WAL
1904282273000,116.764885,-2.06304079574215,-7.87042538763244,-2.04487057445292,-1.2745703,-0.7275405,0.81581056,225.65587,111.05195,-6.787478,WAL
1904287260000,116.769872,-2.06776992749777,-8.05959060847609,-2.07324536498663,-1.4019357,-0.7449502,0.870483,225.52798,111.44951,-7.1159196,WAL
1904292273000,116.774885,-2.02911825405405,-8.28976143581081,-1.9952758722973,-1.5027285,-0.7693848,0.90285885,225.38786,111.89138,-7.47095,WAL
1904297265000,116.779877,-1.9816148899841,-8.52727850417329,-1.89551875814785,-1.5781704,-0.818254,0.93859446,225.24248,112.359924,-7.8402677,WAL
1904302283000,116.784895,-1.94937979689088,-8.76659535924265,-1.72077129021425,-1.6233743,-0.874759,0.95233893,225.08946,112.83072,-8.204382,WAL
1904307268000,116.78988,-1.92083549315396,-9.00446455705032,-1.53047578293971,-1.6633861,-0.93309665,0.9618073,224.92622,113.31578,-8.576383,WAL
1904312279000,116.794891,-1.94427863888006,-9.3431103024722,-1.23950992876291,-1.6609426,-1.001819,0.9630291,224.76132,113.75996,-8.929381,WAL
1904317302000,116.799914,-1.98009893256553,-9.70608962758141,-0.924291134872915,-1.6420058,-1.0519099,0.9505063,224.58557,114.202156,-9.279834,WAL
1904322294000,116.804906,-2.0156981573471,-10.0668287856434,-0.611017748629865,-1.6001616,-1.0873401,0.9315695,224.4092,114.58193,-9.612038,WAL
1904327313000,116.809925,-2.05148992601271,-10.42951905694,-0.296049975081414,-1.5128077,-1.110553,0.9049969,224.2206,114.9362,-9.93748,WAL
1904332311000,116.814923,-2.10017227187872,-10.8612197002576,0.0657518320015854,-1.4040737,-1.1517864,0.8854492,224.03493,115.20747,-10.248255,WAL
1904337301000,116.819913,-2.15226021777646,-11.311069782501,0.439837555584621,-1.2699889,-1.219287,0.8668178,223.83302,115.44265,-10.552335,WAL
1904342322000,116.824934,-2.12473604024153,-11.5812472650954,0.404255422738605,-1.1038336,-1.287093,0.86284715,223.63692,115.56631,-10.841948,WAL
1904347337000,116.829949,-2.07328442600312,-11.7964082501948,0.24522333548695,-0.8744536,-1.3402383,0.86498517,223.42482,115.63805,-11.128494,WAL
1904352301000,116.834913,-1.48530751106572,-12.0176480206205,-0.191249141737329,-0.57818395,-1.3515394,0.86467975,223.2217,115.573105,-11.395694,WAL
1904357427000,116.840039,-0.662241072029293,-12.2494313376373,-0.754150913633648,-0.22571471,-1.3069462,0.85154617,223.01747,115.44079,-11.653409,WAL
1904362348000,116.84496,0.0763634577110844,-12.2104270298119,-1.29261596455582,0.13072516,-1.187522,0.8176431,222.84373,115.24055,-11.8746,WAL
1904367394000,116.850006,0.806356445154062,-12.0315540028011,-1.84373646512605,0.41813725,-1.102001,0.74128497,222.66718,114.97267,-12.073555,WAL
1904372409000,116.855021,1.49599497935922,-11.6738698085637,-2.2958107736301,0.6084218,-0.8668178,0.6945538,222.64828,114.62332,-12.0632925,WAL
1904377363000,116.859975,2.15894441163789,-11.228746554746,-2.69358053188941,0.6450737,-0.5910121,0.5864306,222.65106,114.23667,-12.005188,WAL
1904382343000,116.864955,2.49212966962214,-11.07996892651,-2.86227714043439,0.5925393,-0.31978795,0.46761733,222.80421,113.85437,-11.778663,WAL
1904387349000,116.869961,2.64427955023307,-11.0942332710503,-2.9050691810969,0.40317106,-0.07971791,0.32528573,223.00897,113.49262,-11.503923,WAL
1904392321000,116.874933,2.47490393092669,-11.4155765766865,-2.65904959645054,0.14446963,0.057726767,0.16615535,223.25397,113.149536,-11.135258,WAL
1904397349000,116.879961,2.11073999082384,-11.9254057379248,-2.2366195171927,-0.13927728,0.06536258,-0.007941248,223.50485,112.85135,-10.726707,WAL
1904402333000,116.884945,1.56113415929621,-12.2110970613096,-1.7752826150916,-0.3979787,-0.0729984,-0.16157386,223.74376,112.594,-10.282234,WAL
1904407363000,116.889975,0.901432369526573,-12.3771153453655,-1.28596730808997,-0.591623,-0.24037547,-0.30787608,223.95134,112.384026,-9.809341,WAL
1904412336000,116.894948,0.26127455536314,-12.3655927377204,-0.962336394062762,-0.7089091,-0.4083634,-0.39645153,224.11206,112.18188,-9.362967,WAL
1904417354000,116.899966,-0.369188534078505,-12.1285380569899,-0.84128750343094,-0.7583892,-0.49510628,-0.44837508,224.23431,112.01225,-8.912216,WAL
1904422414000,116.905026,-0.774779400819672,-11.9515406229508,-0.855240271557377,-0.70921457,-0.4642576,-0.45540005,224.31789,111.84876,-8.560718,WAL
1904427452000,116.910064,-0.984428810359471,-11.8276573671736,-0.983888795707091,-0.5729916,-0.31948254,-0.40958515,224.41083,111.68409,-8.219964,WAL
1904432354000,116.914966,-1.00535225378975,-11.8909566248334,-1.01127874699867,-0.38637227,-0.13622294,-0.34055737,224.4631,111.5341,-8.003978,WAL
1904437342000,116.919954,-0.855249313054656,-12.1274824362978,-0.947598705490383,-0.18753563,0.02321288,-0.25473082,224.55655,111.35582,-7.7987113,WAL
1904442356000,116.924968,-0.634231112592898,-12.517510684455,-0.879355094715111,0.010079277,0.13713925,-0.18173242,224.6672,111.17553,-7.6391473,WAL
1904447357000,116.929969,-0.312897040297275,-13.125573540256,-0.805201043088357,0.19792034,0.24251351,-0.15760323,224.82376,110.952286,-7.478353,WAL
1904452303000,116.934915,0.0229397987375415,-13.7097876976744,-0.70556563820598,0.34666604,0.38606682,-0.16982053,225.05888,110.6654,-7.2872267,WAL
1904457407000,116.940019,0.39071014958374,-14.2924885458276,-0.571830988293922,0.47647488,0.54000485,-0.21471913,225.32576,110.33845,-7.086889,WAL
1904462294000,116.944906,0.738764680371836,-14.7905616278679,-0.521507891516021,0.61941737,0.6032294,-0.2837469,225.66106,109.91679,-6.8127365,WAL
1904467353000,116.949965,1.0933168106962,-15.2217738378165,-0.579002831162975,0.77640975,0.6985244,-0.3555236,226.04266,109.4618,-6.516405,WAL
1904472373000,116.954985,1.39366625980507,-15.5540374818713,-0.60721436374269,0.8503244,0.77946407,-0.3924809,226.49438,108.935135,-6.145265,WAL
1904477379000,116.959991,1.61795389329435,-15.7456165163743,-0.593196392748538,1.0057896,0.8732319,-0.4605924,226.96593,108.35022,-5.749983,WAL
1904482251000,116.964863,1.66546259711324,-15.8119946448707,-0.450688836305338,1.1737776,0.92485,-0.53969944,227.48083,107.722496,-5.295134,WAL
1904487355000,116.969967,1.36715384624625,-15.6367973603604,-0.0387386280480481,1.3148874,0.88086766,-0.6435465,227.98479,107.07218,-4.8326144,WAL
1904492254000,116.974866,1.0433302606414,-15.384065188241,0.35328644922449,1.4327844,0.7113526,-0.7825184,228.46178,106.364624,-4.32992,WAL
1904497352000,116.979964,0.602076809329446,-14.8858758956268,0.751837997265306,1.5384641,0.4804455,-0.9108001,228.90013,105.639755,-3.8286216,WAL
1904502294000,116.984906,0.176764431346757,-14.3544512902459,1.07970919631691,1.6737708,0.25411993,-1.0207558,229.29857,104.86913,-3.3581252,WAL
1904507375000,116.989987,-0.251587158069412,-13.6306843559648,1.20279874768795,1.8942931,0.07941248,-1.0998629,229.64497,104.063866,-2.8888364,WAL
1904512296000,116.994908,-0.671028487428906,-12.9806200715959,1.27263322390432,2.1734586,-0.027183503,-1.1612549,229.89166,103.18932,-2.4721804,WAL
1904517410000,117.000022,-1.12162539708096,-12.4685784690532,1.18661014913014,2.4776695,-0.04520403,-1.2162327,230.12042,102.2657,-2.0512552,WAL
1904522362000,117.004974,-1.55794841166778,-11.9727571910338,1.10331209158581,2.7809641,-0.04153884,-1.2626585,230.28325,101.29423,-1.6841214,WAL
1904527323000,117.009935,-2.09410541032363,-11.7428088156151,0.891285920115241,3.0622675,-0.004886922,-1.3020593,230.46182,100.26363,-1.310047,WAL
1904532253000,117.014865,-2.6427324093633,-11.5569104606742,0.660046450337079,3.2925637,0.06261369,-1.320996,230.58986,99.21128,-1.005223,WAL
1904537406000,117.020018,-3.23208649204513,-11.6653133802977,0.259543549752536,3.4348953,0.19547687,-1.3249667,230.76158,98.12495,-0.6949614,WAL
1904542321000,117.024933,-3.79887234356689,-11.8572169386555,-0.168893025188205,3.5020905,0.36163223,-1.3185526,230.97772,97.0186,-0.38538605,WAL
1904547336000,117.029948,-4.44324643588546,-12.1496008764216,-0.561923629266856,3.506672,0.5375614,-1.29198,231.17981,95.95328,-0.1539219,WAL
1904552340000,117.034952,-5.11964831492689,-12.4902351684606,-0.931754889372461,3.438255,0.6435465,-1.2507466,231.42471,94.913605,0.06772476,WAL
1904557430000,117.040042,-5.72971090223791,-12.8113193106226,-1.2140426817784,3.2959235,0.6646214,-1.2125676,231.64613,93.98271,0.20107774,WAL
1904562340000,117.044952,-6.28626868113189,-13.110644221106,-1.44789044207281,3.1322114,0.6377433,-1.1551461,231.89769,93.099396,0.31383854,WAL
1904567375000,117.049987,-6.75833542425756,-13.3127533213915,-1.65719743608937,2.9315424,0.51159966,-1.1285735,232.08313,92.33573,0.3404442,WAL
1904572406000,117.055018,-7.18531820137645,-13.4671941597059,-1.85251938261525,2.8414397,0.34300083,-1.047023,232.26044,91.6018,0.3333578,WAL
1904577393000,117.060005,-7.6621253775208,-13.5766621186642,-2.13685652437047,2.6520715,0.18784106,-0.99082345,232.37529,90.99029,0.2583699,WAL
1904582312000,117.064924,-8.1712392726251,-13.6530291550848,-2.48305407511078,2.4959953,0.077579886,-0.9639453,232.46432,90.40974,0.17056882,WAL
1904587295000,117.069907,-8.56877740868803,-13.629660685692,-2.53314435083277,2.3872614,-0.00030543262,-1.003957,232.49696,89.864975,0.037437968,WAL
1904592328000,117.07494,-8.92087661780462,-13.5639355980325,-2.45802975484562,2.3258693,-0.08674286,-1.1172725,232.50371,89.402275,-0.07674744,WAL
1904597336000,117.079948,-8.73838342227979,-13.4629275229175,-2.3255075654444,2.3218987,-0.13958271,-1.321607,232.4762,88.99744,-0.20250355,WAL
1904602353000,117.084965,-8.27878852979275,-13.3432413790355,-2.16273430978477,2.264172,-0.19364429,-1.4483615,232.43124,88.63151,-0.31090316,WAL
1904607421000,117.090033,-7.57801361277783,-12.9507550039868,-2.61167824226054,2.2171354,-0.10567969,-1.4220943,232.40782,88.24918,-0.43740442,WAL
1904612337000,117.094949,-6.78029326871325,-12.4345823537327,-3.35308894956643,2.080607,0.30573806,-1.4199562,232.46877,87.9254,-0.51812303,WAL
1904617368000,117.09998,-5.3491641034615,-11.5659821597469,-3.40742127200115,1.7754798,0.6826419,-1.4459181,232.5596,87.65352,-0.5443708,WAL
1904622450000,117.105062,-3.56647315706204,-10.5019680738326,-3.0760833996644,1.5971072,0.93737274,-1.4193454,232.73596,87.38677,-0.587282,WAL
1904627383000,117.109995,-2.44108463035019,-10.0484728770223,-2.79769553366783,1.5903877,1.0595458,-1.3295482,232.92535,87.313354,-0.5437339,WAL
1904632348000,117.11496,-1.75458161478599,-10.0192599070244,-2.54938594960066,1.6975945,1.106277,-1.2064588,233.16235,87.25401,-0.51956093,WAL
1904637350000,117.119962,-1.09589427183673,-10.1257554282757,-2.29625822315883,1.8390098,1.2281445,-1.1554517,233.49643,87.18693,-0.28930926,WAL
1904642353000,117.124965,-0.458191131088435,-10.3194286955536,-2.04117699053534,1.949271,1.4013249,-1.1905763,233.85472,87.077934,-0.07583732,WAL
1904647344000,117.129956,0.100618974028129,-10.3807486104422,-1.76596397788121,2.0665572,1.6132951,-1.2458596,234.27954,86.88242,0.20735303,WAL
1904652342000,117.134954,0.604306869831023,-10.3468463617323,-1.47537480625316,2.1557434,1.7971655,-1.2797627,234.74306,86.64008,0.48551607,WAL
1904657404000,117.140016,0.955624134128096,-10.3043031117142,-1.22908436249877,2.2540927,1.9550742,-1.2519683,235.28766,86.29657,0.8267514,WAL
1904662327000,117.144939,1.1975687368045,-10.2577748587783,-1.01970924051614,2.3420575,2.0292943,-1.2144,235.8588,85.910866,1.1637924,WAL
1904667396000,117.150008,1.34075859446987,-10.1472973844806,-1.06030850248272,2.3738225,2.127949,-1.1969905,236.43668,85.40057,1.548895,WAL
1904672446000,117.155058,1.40668009773148,-9.99191118060559,-1.28632525718041,2.3671029,2.2134702,-1.1585059,237.03116,84.87811,1.9056066,WAL
1904677369000,117.159981,1.3917531594938,-9.74996183651763,-1.42345641130589,2.310598,2.223855,-1.1139128,237.62642,84.30348,2.2761135,WAL
1904682346000,117.164958,1.30725959021075,-9.42606961670278,-1.48917359373646,2.2186625,2.3212879,-1.0500773,238.26942,83.749825,2.6157403,WAL
1904687334000,117.169946,1.16406970810006,-9.06528896962478,-1.55994712078618,2.1560488,2.3420575,-0.9810496,238.86157,83.234505,2.9381835,WAL
1904692324000,117.174936,0.960089613500099,-8.6668166160413,-1.63584673464364,2.0851886,2.3261747,-0.90102625,239.46756,82.75853,3.22963,WAL
1904697346000,117.179958,0.711284804024293,-8.31981989745121,-1.75784176650737,1.999362,2.282498,-0.84696466,240.02216,82.30395,3.5097256,WAL
1904702355000,117.184967,0.41517229822282,-8.03325911678614,-1.92977803542413,1.9214766,2.2446244,-0.79076505,240.57007,81.88047,3.760348,WAL
1904707436000,117.190048,0.0858591935494538,-7.77201488405652,-2.05571593548452,1.8555032,2.2101104,-0.75441855,241.09016,81.49338,3.9784842,WAL
1904712345000,117.194957,-0.262765747156028,-7.55059089467882,-2.12638320172362,1.8081611,2.140472,-0.72784597,241.58615,81.13162,4.1812663,WAL
1904717409000,117.200021,-0.60309601017887,-7.32428338968059,-2.18034200860934,1.7705929,2.0430388,-0.70463306,242.03705,80.82135,4.339545,WAL
1904722369000,117.204981,-0.915878762729238,-7.10486858869779,-2.21302077971499,1.7119498,1.9532416,-0.6979135,242.46786,80.53347,4.4939356,WAL
1904727304000,117.209916,-1.20134179013986,-6.90424299701049,-2.26552929304196,1.6624697,1.8713857,-0.6918049,242.85376,80.27917,4.605809,WAL
1904732348000,117.21496,-1.45891435559441,-6.72267544291958,-2.34575684667832,1.606881,1.8102992,-0.6795876,243.21713,80.046555,4.7141085,WAL
1904737342000,117.219954,-1.70617411787419,-6.52811903594993,-2.42544854505145,1.5500705,1.7870862,-0.6826419,243.5545,79.841545,4.7925105,WAL
1904742402000,117.225014,-1.91179046793253,-6.24539654120081,-2.50769493478307,1.4862351,1.7537941,-0.6814202,243.86826,79.657906,4.867109,WAL
1904747380000,117.229992,-2.10234282965436,-5.97855641214692,-2.53847848019132,1.412015,1.720502,-0.677755,244.1551,79.51391,4.9103036,WAL
1904752315000,117.234927,-2.26015149042505,-5.74397605712481,-2.43611631026081,1.349096,1.7192802,-0.6737844,244.43843,79.38619,4.9514966,WAL
1904757380000,117.239992,-2.41744719616584,-5.50131758031554,-2.32422491273161,1.294118,1.7104226,-0.68019843,244.70103,79.28884,4.9684563,WAL
1904762285000,117.244897,-2.49069632095946,-5.23417374253348,-2.10016867896716,1.1866057,1.707063,-0.68966687,244.96136,79.22332,4.983925,WAL
1904767418000,117.25003,-2.56735029803706,-4.95461220953953,-1.86569759886259,1.1172725,1.6899587,-0.70371675,245.21483,79.139145,4.9871483,WAL
1904772375000,117.254987,-2.62151663369812,-4.68745462171941,-1.66144807773834,0.9963212,1.7073684,-0.7128797,245.47324,79.09684,4.9894238,WAL
1904777306000,117.259918,-2.67272985482599,-4.4220770787834,-1.46125103341221,0.8677341,1.750129,-0.72021013,245.73038,79.07423,4.993811,WAL
1904782354000,117.264966,-2.69741237433314,-4.15391017211025,-1.14460443236515,0.74372846,1.7724255,-0.72784597,245.99301,79.024765,5.005851,WAL
1904787298000,117.26991,-2.71612308446947,-3.89195871603438,-0.812487300414938,0.6267477,1.7953329,-0.7480045,246.26358,79.00436,5.020685,WAL
1904792319000,117.274931,-2.70861966405392,-3.72090344516129,-0.463425213032643,0.48533243,1.7986927,-0.75686204,246.55219,78.97811,5.0283985,WAL
1904797270000,117.279882,-2.69492262839673,-3.57480103225806,-0.116432203597304,0.32895094,1.7815884,-0.7733554,246.83649,78.98161,5.043515,WAL
1904802350000,117.284962,-2.67628255533696,-3.47464105998326,0.195448643564671,0.17592919,1.7684549,-0.77732605,247.198,78.972115,5.0305495,WAL
1904807424000,117.290036,-2.65594237819171,-3.39328040449979,0.490381431994558,0.03604105,1.7397442,-0.7666359,247.54422,78.9986,5.019507,WAL
1904812349000,117.294961,-2.63509374075728,-3.40183097416503,0.773236958483658,-0.08277224,1.704314,-0.7489208,247.95276,79.00222,4.988318,WAL
1904817461000,117.300073,-2.61323421155563,-3.42806236355599,1.06615487804072,-0.19914207,1.6459764,-0.7247916,248.34048,79.04278,4.9542556,WAL
1904822402000,117.305014,-2.5811356817899,-3.3905619635798,1.29969577143005,-0.31398472,1.566564,-0.70616025,248.75162,79.06577,4.914308,WAL
1904827378000,117.30999,-2.54160091543088,-3.31149243086176,1.50231128776314,-0.42058071,1.5149459,-0.66614854,249.14703,79.12156,4.862289,WAL
1904832351000,117.314963,-2.46795185370282,-3.33008852271381,1.72140926022934,-0.5345071,1.4214834,-0.6606508,249.5503,79.150604,4.8207636,WAL
1904837338000,117.31995,-2.37667712537028,-3.39854466427138,1.94959622402293,-0.66767573,1.2428054,-0.6743952,249.90935,79.21323,4.7793827,WAL
1904842361000,117.324973,-2.25487504112886,-3.40309018917825,1.98450848975929,-0.7425067,1.0800097,-0.6606508,250.26936,79.25144,4.7387166,WAL
1904847358000,117.32997,-2.11088201174518,-3.35840281350903,1.87030723426022,-0.84299403,0.9654725,-0.6383542,250.58878,79.32773,4.705078,WAL
1904852349000,117.334961,-1.99640352059512,-3.2856586321561,1.73972742847805,-0.93645644,0.86009824,-0.5983425,250.89847,79.378044,4.673676,WAL
1904857397000,117.340009,-1.89735786994146,-3.19604584667317,1.59823366293659,-1.0302242,0.7635816,-0.5644395,251.17407,79.45393,4.6420503,WAL
1904862346000,117.344958,-1.81856031909518,-3.17158634330371,1.47723569231998,-1.135904,0.70829827,-0.5476407,251.41714,79.565544,4.6274796,WAL
1904867405000,117.350017,-1.75081968764606,-3.1909407949965,1.36594749403775,-1.1829406,0.6114761,-0.51251596,251.6153,79.68984,4.6040707,WAL
1904872415000,117.355027,-1.71513993974152,-3.239184775,1.34765515054523,-1.2803736,0.52412236,-0.46089783,251.79025,79.87749,4.5829096,WAL
1904877398000,117.36001,-1.70068481219709,-3.3066421375,1.39102048286551,-1.3939945,0.41233405,-0.41416663,251.92603,80.08148,4.558092,WAL
1904882350000,117.364962,-1.70891364182408,-3.43498835835718,1.51281378443999,-1.5021176,0.31581733,-0.364992,252.02524,80.33079,4.530023,WAL
1904887345000,117.369957,-1.73173186162946,-3.60384323257012,1.68623239792024,-1.6169603,0.1994475,-0.30695978,252.08105,80.61337,4.4912257,WAL
1904892316000,117.374928,-1.77515501925216,-3.8009248486712,1.90536423476514,-1.7354681,0.101098195,-0.24251351,252.11876,80.92268,4.4409614,WAL
1904897348000,117.37996,-1.83968699823857,-4.02926864273795,2.17342008766996,-1.840537,0.022907447,-0.17623462,252.12321,81.26032,4.3769255,WAL
1904902272000,117.384884,-1.94615067859142,-4.78798299260497,2.75136063924154,-1.9355265,-0.042760566,-0.09101892,252.12082,81.604774,4.290483,WAL
1904907387000,117.389999,-2.0921116258149,-6.01317019052822,3.60943378005418,-2.0409007,-0.07849618,0.013744468,252.0983,81.98447,4.1812553,WAL
1904912251000,117.394863,-2.11589590166074,-7.29457598620996,4.4643953367932,-2.0977113,-0.094989546,0.14782938,252.0878,82.349724,4.033441,WAL
1904917373000,117.399985,-1.90738918540925,-8.88019635151245,5.44389176126928,-2.112983,-0.07696902,0.29840767,252.06975,82.7433,3.8523133,WAL
1904922357000,117.404969,-1.4603234017237,-10.685834973384,6.54372616223067,-2.01219,-0.01038471,0.45356745,252.13483,82.99054,3.614973,WAL
1904927320000,117.409932,-0.524279963295311,-13.012041992103,7.93388970381203,-1.7803668,0.040927973,0.59437186,252.19173,83.22189,3.3448775,WAL
1904932298000,117.41491,0.531500610048063,-15.0219782524738,9.23384734888323,-1.4092661,0.1001819,0.64965516,252.35275,83.19588,3.1133661,WAL
1904937305000,117.419917,1.914313579689,-16.1562466016398,10.2822544484026,-0.84788096,0.11728613,0.6035349,252.50583,83.06252,2.8797612,WAL
1904942315000,117.424927,3.27024321080759,-17.212150673885,11.0880182219629,-0.109650314,0.1142318,0.419359,252.79208,82.45018,2.8780277,WAL
1904947316000,117.429928,4.46437207524585,-17.8115935741532,10.4933326552101,0.6291912,0.20219639,0.13072516,253.09378,81.72126,2.9100714,WAL
1904952350000,117.434962,5.51743979723458,-18.3713702181396,9.81817975319087,1.1572843,0.514654,-0.18600847,253.60744,80.64868,3.2910953,WAL
1904957440000,117.440052,5.66355508344614,-18.6683147743183,8.66339769217753,1.4251486,1.0155635,-0.36254853,254.18611,79.53649,3.6521142,WAL
1904962374000,117.444986,5.74376930888867,-18.7980297521857,7.58106127915291,1.4877623,1.2748758,-0.40561453,254.76323,78.49581,4.123255,WAL
1904967408000,117.45002,5.09747720900525,-17.0558505718865,6.91603613658442,1.4431691,1.6862935,-0.4877759,255.50674,77.464874,4.568521,WAL
1904972433000,117.455045,4.44409448633678,-15.3078821137371,6.25929214475628,1.2751812,1.8979583,-0.5403103,256.16922,76.68835,4.9589343,WAL
1904977422000,117.460034,3.53986338399188,-13.2965192319055,5.82702550878877,1.0418307,1.9254472,-0.56688297,256.87726,75.974785,5.3161154,WAL
1904982317000,117.464929,2.65266930782866,-11.3230533456425,5.40290340354505,0.7974846,1.858252,-0.5870415,257.60226,75.373245,5.6010365,WAL
1904987344000,117.469956,1.66568299237811,-9.43390274298507,5.10425225507463,0.5644395,1.7644843,-0.6068946,258.3164,74.84578,5.874204,WAL
1904992260000,117.474872,0.686615093377115,-7.61161843802985,4.83723377185075,0.33261612,1.6539177,-0.6218608,258.99615,74.395325,6.1403813,WAL
1904997334000,117.479946,-0.226671297942091,-6.47031854128449,4.65243265006801,0.06719518,1.4984524,-0.6041457,259.63885,74.04712,6.330078,WAL
1905002269000,117.484881,-1.0945717667431,-5.51516890277886,4.49171022026817,-0.21655174,1.3020593,-0.51068336,260.22797,73.775055,6.5053477,WAL
1905007405000,117.490017,-2.02550947405271,-5.24873796026852,4.15570447882645,-0.48747048,1.131017,-0.3594942,260.77164,73.59345,6.574555,WAL
1905012254000,117.494866,-2.91224082344107,-5.2025540684734,3.7908515407459,-0.7464773,0.98929626,-0.1685988,261.2552,73.49608,6.616834,WAL
1905017431000,117.500043,-3.48930436981667,-5.64885815384615,3.5474565995842,-0.98899084,0.8979719,0.03573562,261.67154,73.514244,6.516606,WAL
1905022333000,117.504945,-3.92406702088452,-6.2211478,3.36112964324324,-1.1612549,0.70371675,0.21594086,262.005,73.59619,6.389574,WAL
1905027375000,117.509987,-4.31979711334147,-7.26470819708155,3.3168287192292,-1.2883148,0.3903429,0.36713,262.2055,73.84644,6.109014,WAL
1905032337000,117.514949,-4.68221424671548,-8.53075169915599,3.3506544320419,-1.3322971,-0.032070424,0.46028697,262.31,74.12673,5.8185816,WAL
1905037360000,117.519972,-5.12429096358552,-10.3082498230792,3.23868893061525,-1.318858,-0.5299256,0.4859433,262.25745,74.50982,5.463914,WAL
1905042358000,117.52497,-5.59866580261996,-12.304380695025,3.0602112382985,-1.2092078,-1.0549643,0.47647488,262.07416,74.87593,5.12682,WAL
1905047351000,117.529963,-6.21402154572864,-14.0680474681407,2.68588521290452,-1.0253373,-1.4501941,0.46914452,261.75348,75.2808,4.7464323,WAL
1905052353000,117.534965,-6.90729371859296,-15.7097546422111,2.20444613135678,-0.7831292,-1.6630806,0.47525316,261.33853,75.6294,4.39103,WAL
1905057380000,117.539992,-7.18862888500797,-16.8092982649522,1.27673475047847,-0.52015173,-1.6679676,0.47494772,260.81198,76.044426,3.974448,WAL
1905062427000,117.545039,-7.2560807923445,-17.628358145933,0.115597540669856,-0.2507602,-1.4895949,0.5006041,260.28125,76.37644,3.5595388,WAL
1905067481000,117.550093,-6.9637337960003,-18.1032074102659,0.00325586142952375,-0.1001819,-0.9978484,0.56107974,259.76514,76.81269,3.0289345,WAL
1905072512000,117.555124,-6.49623502413895,-18.40654641471,0.406518090446634,0.23732115,-0.57360244,0.5626069,259.2942,77.08896,2.5197997,WAL
1905077914000,117.560526,-5.88667556410044,-18.5361316520025,0.796122972251504,0.68477994,-0.39767328,0.38606682,258.82037,77.44591,2.0408838,WAL
1905082460000,117.565072,-3.92623828297019,-16.0065349979249,0.540151897079615,1.2284501,-0.453262,0.28924468,258.412,77.646194,1.5507923,WAL
1905087371000,117.569983,-1.8083967766722,-13.2738361047935,0.263628810812755,1.2434162,-0.63163465,0.07086037,258.09647,77.75574,1.2382765,WAL
1905092452000,117.575064,0.243446939118984,-10.4475506277629,-0.107348864749019,0.999681,-0.7510588,-0.09437868,257.79538,77.7688,0.954961,WAL
1905097356000,117.579968,0.646056601874613,-7.73114793740963,-1.42674443549886,0.49021935,-0.7644979,-0.24617869,257.4956,77.839355,0.7468015,WAL
1905102327000,117.584939,0.955586467239363,-5.16581594198075,-2.64263017136817,-0.116980694,-0.8213083,-0.3659083,257.27893,77.928856,0.99038225,WAL
1905107430000,117.590042,0.524777477750292,-3.96130918341279,-2.96793496865161,-0.66798115,-0.93309665,-0.32925636,257.04144,78.145676,1.2294992,WAL
1905112265000,117.594877,0.116593769308267,-2.82006086327247,-3.27615536741027,-1.1010846,-1.0219775,-0.27977628,256.7128,78.57131,1.4839357,WAL
1905117270000,117.599882,-0.286137081511779,-2.15566799393434,-3.33712022418846,-1.434617,-1.1710287,-0.2761111,256.33258,79.11962,1.7451439,WAL
1905122358000,117.60497,-0.69287158443888,-1.55008542832499,-3.36423579102207,-1.7107282,-1.3787229,-0.2932153,255.90494,79.76657,1.9989682,WAL
1905127767000,117.610379,-1.08666675689544,-1.09820244422178,-3.6422789838023,-1.9321668,-1.5696182,-0.27214047,255.39658,80.50674,2.1591566,WAL
1905132229000,117.614841,-1.40168610195411,-0.774309334305887,-3.93511377541273,-2.1267273,-1.7037032,-0.17256944,254.83871,81.314964,2.299695,WAL
1905137264000,117.619876,-1.69762851391748,-0.784799299521167,-4.18134522250067,-2.314874,-1.822211,-0.022296581,254.21777,82.18705,2.3584933,WAL
1905142278000,117.62489,-1.97697854492079,-0.892241582891793,-4.40482521140249,-2.4507914,-2.0042489,0.13072516,253.53305,83.10168,2.382638,WAL
1905147224000,117.629836,-2.21487969379475,-1.25936503747017,-4.47415845160639,-2.4663684,-2.2275202,0.26450464,252.76085,84.1037,2.3066878,WAL
1905152536000,117.635148,-2.43902644319809,-1.87109920453461,-4.42279154813659,-2.4022276,-2.3365595,0.3662137,251.96414,85.12713,2.1803858,WAL
1905157201000,117.639813,-2.59347644810513,-2.44472581149144,-4.35016785534841,-2.3109033,-2.489276,0.4129449,251.05815,86.2101,1.9721009,WAL
1905162221000,117.644833,-2.69142996522005,-3.12060478296659,-4.22772593338427,-2.2580633,-2.5326474,0.5002986,250.15146,87.27996,1.7025486,WAL
1905167254000,117.649866,-2.76496089285714,-3.80404442857143,-4.08245582857143,-2.1777346,-2.497828,0.6075055,249.22531,88.27792,1.3788236,WAL
1905172276000,117.654888,-2.80411006043956,-4.49404821978022,-3.9062848043956,-2.0998492,-2.3835962,0.7275405,248.3129,91.00908,1.0083195,WAL
1905177192000,117.659804,-2.8911936579541,-5.25504100311163,-3.63409839214314,-2.024102,-2.2537873,0.86467975,247.43352,91.23569,0.60572094,WAL
1905182231000,117.664843,-3.04135326103656,-6.14192092760599,-3.23054451091988,-1.9101756,-2.1245892,1.0213667,246.59154,92.07696,0.15111297,WAL
1905187201000,117.669813,-3.10021623268084,-7.50435404049086,-2.85128295062599,-1.7455474,-1.9908098,1.1972959,245.81583,93.02257,-0.2971453,WAL
1905192235000,117.674847,-3.01878092856717,-9.65520131861089,-2.49680026523251,-1.5726726,-1.8506162,1.3677273,245.08264,93.974205,-0.7925834,WAL
1905197178000,117.67979,-2.8284054364499,-11.3119910974044,-2.28093180033492,-1.4199562,-1.7009543,1.5506815,244.42278,94.8346,-1.3810458,WAL
1905202267000,117.684879,-2.44301232754675,-12.2369349564611,-2.28546578733836,-1.3594806,-1.45783,1.7537941,243.8404,95.70354,-2.013833,WAL
1905207265000,117.689877,-2.04770849672692,-13.141719839277,-2.24870430519785,-1.3402383,-1.1695015,1.9339994,243.37132,96.45827,-2.6604981,WAL
1905212291000,117.694903,-1.59624086497313,-14.0399522203224,-2.07940402308745,-1.3811663,-0.9049969,2.0436497,242.97711,97.22972,-3.3234065,WAL
1905217278000,117.69989,-1.09512013992121,-14.7822569429697,-2.00770062590751,-1.4718798,-0.7180721,2.0415115,242.68134,97.94572,-3.891048,WAL
1905222306000,117.704918,-0.367936775718976,-14.9087238061157,-2.33741730287966,-1.6157386,-0.5662721,1.9981402,242.45941,98.68033,-4.4544406,WAL
1905227310000,117.709922,0.341272555136162,-15.00911968403,-2.65664200771585,-1.7379116,-0.3811799,1.9663752,242.34024,99.31333,-4.8934407,WAL
1905232289000,117.714901,0.849608526523116,-14.7625012581803,-2.85293006964323,-1.7327193,-0.16187929,1.8768835,242.27295,99.918594,-5.2860174,WAL
1905237262000,117.719874,1.32943973319708,-14.4460609416058,-2.98768677357664,-1.6108516,0.052534413,1.6865989,242.25833,100.43745,-5.458331,WAL
1905242296000,117.724908,1.67195108449635,-13.7657299270073,-2.8093932719708,-1.4465289,0.2501493,1.4471397,242.2929,100.91044,-5.5843916,WAL
1905247270000,117.729882,1.97686301299446,-13.0877977995414,-2.60933672866425,-1.3292428,0.40011674,1.221425,242.38876,101.32204,-5.593528,WAL
1905252346000,117.734958,2.01402092379132,-12.3492839344544,-2.20988889659851,-1.2547172,0.43249258,0.9950995,242.49057,101.66407,-5.5389094,WAL
1905257401000,117.740013,2.04131375118288,-11.6049965194404,-1.80245019784098,-1.2339478,0.4364632,0.7449502,242.64099,101.93622,-5.404893,WAL
1905262298000,117.74491,1.85800688179387,-10.6932861355688,-1.19946696801275,-1.2370021,0.28008172,0.6450737,242.74629,102.185646,-5.2638125,WAL
1905267298000,117.74991,1.66915860968605,-9.76510996266218,-0.663672601163712,-1.278541,-0.13133603,0.45845437,242.78413,102.37798,-5.06536,WAL
1905272377000,117.754989,1.45719599896009,-8.85463394572645,-1.07314587193028,-1.3628404,-0.7281514,0.29168814,242.71768,102.57616,-4.87105,WAL
1905277380000,117.759992,1.22690633508053,-7.98458591829699,-1.49290404582597,-1.4587462,-1.3390167,0.16035213,242.51093,102.73232,-4.6799273,WAL
1905282323000,117.764935,0.738740310685523,-7.44992793989393,-2.10659841934787,-1.5534303,-1.7373008,0.09987647,242.19347,102.90533,-4.4924893,WAL
1905287497000,117.770109,0.231461924759198,-6.91330572680227,-2.74688198327849,-1.5231925,-1.9666806,0.04062254,241.73361,103.17228,-4.3752246,WAL
1905292304000,117.774916,-0.186251665216871,-6.74805627051551,-3.31148390481603,-1.4654657,-2.0705278,-0.009773844,241.19841,103.45484,-4.2670307,WAL
1905297579000,117.780191,-0.628251136517686,-6.5789465140755,-3.9166181675441,-1.4327844,-2.0405953,-0.03481932,240.58961,103.87886,-4.26333,WAL
1905302351000,117.784963,-0.82874699783932,-6.57476956385157,-4.28837092458642,-1.4205672,-1.9281962,-0.04734206,239.9766,104.28954,-4.257313,WAL
1905307309000,117.789921,-1.03705766012613,-6.57042980710173,-4.67461362563751,-1.4049901,-1.7272215,-0.0143553335,239.36597,104.815216,-4.3434362,WAL
1905312340000,117.794952,-1.11808598025361,-6.82281535045147,-4.42213447952336,-1.3732251,-1.613906,0.024129177,238.76495,105.329895,-4.4323554,WAL
1905317315000,117.799927,-1.17215546932452,-7.12372385726057,-4.04364810512163,-1.3744467,-1.557401,0.06963864,238.20963,105.849396,-4.528402,WAL
1905327265000,117.809877,-1.28029444746632,-7.72554087087877,-3.28667535631815,-1.3420709,-1.3439035,0.18081611,237.18884,107.02256,-4.8495774,WAL
1905332334000,117.814946,-1.17592218062632,-8.17276862017924,-2.72332139221629,-1.3164146,-1.1902709,0.24862215,236.73277,107.55266,-5.0290055,WAL
1905337270000,117.819882,-1.02836351487262,-8.64876408367737,-2.12356697401067,-1.3023647,-1.0454959,0.3023783,236.31604,108.07873,-5.2148523,WAL
1905342364000,117.824976,-0.879185026880195,-9.06856932247111,-1.47414972374823,-1.3182472,-0.9095783,0.33475417,235.97159,108.51354,-5.377497,WAL
1905347247000,117.829859,-0.736988958706669,-9.45249878572877,-0.843747148246503,-1.3536774,-0.82253003,0.35308012,235.65782,108.94689,-5.5437236,WAL
1905352351000,117.834963,-0.572945810978561,-9.60056231281563,-0.40907975147213,-1.4031575,-0.8008443,0.35063666,235.42078,109.26595,-5.6750193,WAL
1905357297000,117.839909,-0.410467689221534,-9.68631450090519,-0.0389906947879942,-1.4126259,-0.7651087,0.35827246,235.21465,109.580795,-5.8044806,WAL
1905362354000,117.844966,-0.263178477040359,-9.60319422321873,0.20598962799701,-1.4077389,-0.7324274,0.36254853,235.06944,109.78371,-5.8886147,WAL
1905367285000,117.849897,-0.126708740179372,-9.45731278714499,0.394223749838565,-1.3613132,-0.72784597,0.36743546,234.92792,109.97468,-5.973487,WAL
1905372412000,117.855024,-0.0572474954229579,-9.30907962376238,0.471817742193688,-1.2910637,-0.7690793,0.35033122,234.815,110.081764,-6.016893,WAL
1905377287000,117.859899,-0.0187269242209158,-9.16944224752475,0.500708155637376,-1.2046263,-0.816116,0.32375857,234.70251,110.16909,-6.0585723,WAL
1905382345000,117.864957,-0.0471858579213574,-8.95951083103413,0.345851835921861,-1.0980303,-0.8854492,0.30451632,234.59454,110.20479,-6.078901,WAL
1905387326000,117.869938,-0.0952193662904038,-8.73375381472158,0.139307768944114,-0.98868537,-0.93523467,0.26816985,234.47711,110.21162,-6.0896616,WAL
1905392323000,117.874935,-0.210751745776317,-8.55440550622448,-0.167749105944029,-0.8863655,-0.9477574,0.23762658,234.36636,110.19813,-6.09773,WAL
1905397331000,117.879943,-0.344493216211533,-8.38722878040036,-0.50210278901464,-0.8136725,-0.9388999,0.21227567,234.24799,110.160675,-6.0995827,WAL
1905402337000,117.884949,-0.549691865831835,-8.20477025604154,-0.818284313720791,-0.7819075,-0.94134337,0.2003638,234.11496,110.155655,-6.1175694,WAL
1905407375000,117.889987,-0.776140205775914,-8.01686603714799,-1.13145759263032,-0.7877107,-0.93676186,0.21502456,233.98944,110.14164,-6.133931,WAL
1905412338000,117.89495,-1.03630374960894,-7.88213242781535,-1.40246485155346,-0.8405506,-0.9324858,0.22021692,233.83696,110.19871,-6.178398,WAL
1905417378000,117.89999,-1.31068303899441,-7.75913479182593,-1.66738277216505,-0.9108001,-0.90224797,0.24801129,233.6987,110.26483,-6.229341,WAL
1905422370000,117.904982,-1.56760927864741,-7.6761081957451,-1.93242612491461,-1.0283916,-0.8677341,0.30115658,233.53369,110.43297,-6.3365617,WAL
1905427374000,117.909986,-1.82015212927686,-7.60595736049575,-2.19899912306041,-1.1340714,-0.8179486,0.35979962,233.38571,110.61757,-6.44724,WAL
1905432349000,117.914961,-2.026321416444,-7.65822845078855,-2.29929755379206,-1.2348641,-0.75991637,0.42852196,233.22873,110.907684,-6.6217566,WAL
1905437351000,117.919963,-2.21398831657459,-7.76409207513812,-2.32816946961326,-1.3158038,-0.7110472,0.5018258,233.08939,111.22222,-6.8072987,WAL
1905442358000,117.92497,-2.35697222468902,-7.93313748094338,-2.2058372779182,-1.3918564,-0.711658,0.57604593,232.92761,111.62915,-7.0593314,WAL
1905447355000,117.929967,-2.48078932181312,-8.12838721270773,-2.02011158250572,-1.4538593,-0.74281216,0.63713247,232.77667,112.05328,-7.3225675,WAL
1905452335000,117.934947,-2.59137358080384,-8.45573990341932,-1.77825851787642,-1.4929546,-0.7733554,0.691194,232.61636,112.501495,-7.6273456,WAL
1905457396000,117.940008,-2.69798241742651,-8.84825405173965,-1.50689080470906,-1.50731,-0.8414669,0.713796,232.44067,112.95544,-7.9427786,WAL
1905462348000,117.94496,-2.80315316947267,-9.24932253323657,-1.25055404486309,-1.5259414,-0.9007208,0.73884153,232.27031,113.389694,-8.281144,WAL
1905467355000,117.949967,-2.90986573507499,-9.66225396545718,-0.995371725455249,-1.5479325,-0.93828905,0.76083267,232.08995,113.82413,-8.624475,WAL
1905472417000,117.955029,-3.0116395,-10.0579606417502,-0.729766658541477,-1.5531249,-0.95630956,0.7825184,231.91621,114.19831,-8.970059,WAL
1905477352000,117.959964,-3.1073785,-10.4313426517776,-0.466484483518687,-1.5531249,-0.97127575,0.80664754,231.7362,114.57406,-9.320115,WAL
1905482341000,117.964953,-3.18886189304198,-10.6823910603795,-0.218570372622197,-1.5149459,-0.97066486,0.8268061,231.56989,114.87789,-9.667301,WAL
1905487353000,117.969965,-3.26246571175005,-10.8664007272379,0.020642362417098,-1.4398094,-0.9810496,0.85154617,231.3997,115.17132,-10.018546,WAL
1905492318000,117.97493,-3.27822716281326,-11.0029698865198,0.259450565197049,-1.3261884,-1.0036516,0.8894198,231.24347,115.3899,-10.368629,WAL
1905497347000,117.979959,-3.24902643896524,-11.1051725216249,0.502790108462005,-1.1749994,-1.0482447,0.9285152,231.0809,115.58093,-10.722184,WAL
1905502332000,117.984944,-3.15966369868579,-11.2169702945858,0.608491962270245,-0.97524637,-1.1016954,0.9764681,230.92406,115.69563,-11.086184,WAL
1905507378000,117.98999,-3.02549095564091,-11.3377259080981,0.617436804023138,-0.7128797,-1.1554517,1.0082331,230.75668,115.76065,-11.453292,WAL
1905512347000,117.994959,-2.76850297921498,-11.410290266461,0.428399355287735,-0.45020768,-1.205848,1.0488557,230.5983,115.746414,-11.819278,WAL
1905517361000,117.999973,-2.33945066309967,-11.4205060047867,-0.031299594455909,-0.1591304,-1.1749994,1.0491611,230.44507,115.66472,-12.171027,WAL
1905522519000,118.005131,-1.80310826886998,-11.5017604478528,-0.578779932479715,0.101098195,-1.0580186,1.0118983,230.31879,115.50932,-12.477062,WAL
1905527359000,118.009971,-1.22978859758559,-11.6301837607362,-1.14751303566594,0.30726522,-0.86742866,0.9407325,230.21686,115.30143,-12.754162,WAL
1905532332000,118.014944,-0.0885925945239696,-11.4736281735998,-1.94742608513786,0.44593164,-0.62858033,0.86376345,230.18755,115.0652,-12.922118,WAL
1905537356000,118.019968,1.57544769353444,-11.0483735301182,-2.955094866846,0.46639562,-0.36987892,0.75686204,230.20595,114.802765,-13.03613,WAL
1905542348000,118.02496,2.66057374709835,-10.8079208533904,-3.39660136707392,0.36560285,-0.12492194,0.6398814,230.33383,114.53646,-12.972932,WAL
1905547334000,118.029946,3.02518857635919,-10.7981975949908,-3.12921719279169,0.17440203,-0.01282817,0.52198434,230.48499,114.27935,-12.871274,WAL
1905552342000,118.034954,3.13302363209028,-11.0362555169774,-2.66891035440628,-0.087659165,0.12064589,0.44012842,230.79007,114.03932,-12.523256,WAL
1905557365000,118.039977,2.95363573949951,-11.5508157776251,-1.99384508274779,-0.22021692,0.11789699,0.24190263,231.05359,113.790276,-12.127426,WAL
1905562319000,118.044931,2.60795657907929,-12.0291318738766,-1.38288168806671,-0.46395215,-0.01038471,0.01740966,231.32518,113.5602,-11.668088,WAL
1905567324000,118.049936,2.03836413844618,-12.474275494308,-0.837221783982425,-0.6267477,-0.20830505,-0.1908954,231.5478,113.33123,-11.180511,WAL
1905572285000,118.054897,1.42428003390849,-12.7595725290048,-0.522724826565866,-0.7150178,-0.42149702,-0.3454443,231.7303,113.03781,-10.665638,WAL
1905577325000,118.059937,0.732637551607866,-12.8358917463188,-0.513184906969068,-0.72021013,-0.58276546,-0.44776422,231.85138,112.76094,-10.14063,WAL
1905582247000,118.064859,0.155149959738872,-12.916008937092,-0.600212851192878,-0.64873886,-0.6591236,-0.5002986,231.93257,112.45419,-9.663998,WAL
1905587316000,118.069928,-0.286603232205737,-13.0072404080119,-0.840296113788328,-0.51251596,-0.64904433,-0.51007247,231.9889,112.14192,-9.197219,WAL
1905592254000,118.074866,-0.607011519213636,-13.2277456019756,-1.02250081421654,-0.33108896,-0.56596667,-0.5119051,232.03033,111.87367,-8.826521,WAL
1905597341000,118.079953,-0.748549042494674,-13.6806659523533,-1.12157711007166,-0.1563815,-0.4156938,-0.4868596,232.09895,111.58619,-8.46752,WAL
1905602262000,118.084874,-0.825045895320815,-14.1710778654483,-1.16833490454865,0.019547688,-0.2312125,-0.46761733,232.15611,111.31285,-8.184729,WAL
1905607370000,118.089982,-0.766102221899789,-14.7998106554875,-1.10447926261673,0.19333886,-0.03970624,-0.46639562,232.26022,111.004326,-7.8977995,WAL
1905612319000,118.094931,-0.655162842149496,-15.3502261938897,-0.994989918093732,0.39095375,0.16829337,-0.48441613,232.42807,110.65325,-7.6153917,WAL
1905617364000,118.099976,-0.430641935930394,-15.7897133330038,-0.784800074115088,0.6218608,0.312763,-0.5342017,232.63022,110.25422,-7.3215656,WAL
1905622351000,118.104963,-0.187772515583714,-16.1236330080127,-0.622271106842449,0.8732319,0.3979787,-0.6035349,232.8967,109.762535,-6.9912195,WAL
1905627321000,118.109933,0.100477500888847,-16.2344983206,-0.560186504010062,1.1154399,0.41172317,-0.68569624,233.1795,109.219666,-6.6483335,WAL
1905632296000,118.114908,0.3747992488,-16.2823049354386,-0.49804769837193,1.3469579,0.40683624,-0.77366084,233.52084,108.56385,-6.252766,WAL
1905637300000,118.119912,0.571773273485714,-15.9796379327318,-0.435592521036592,1.5604553,0.39858958,-0.88453287,233.8595,107.85785,-5.8418055,WAL
1905642318000,118.12493,0.694906778744472,-15.6192216087291,-0.309243753308979,1.7486018,0.42241332,-1.0073168,234.24796,107.087166,-5.371656,WAL
1905647313000,118.129925,0.432778297668718,-14.9662000292251,0.146032037952317,1.915368,0.42332962,-1.1270463,234.62386,106.279236,-4.891975,WAL
1905652341000,118.134953,0.137376715841948,-14.3032558639165,0.615088025685885,2.0744984,0.38973203,-1.1792754,234.99469,105.43132,-4.3959455,WAL
1905657311000,118.139923,-0.487152955539762,-13.5888312088469,1.19230481375746,2.149024,0.2773328,-1.29198,235.33638,104.57239,-3.8736463,WAL
1905662349000,118.144961,-1.11830694430794,-12.889757037674,1.75681165202703,2.3353379,0.12950343,-1.3753631,235.65544,103.637245,-3.3956168,WAL
1905667348000,118.14996,-1.72114867780508,-12.5025658591319,2.06558434459459,2.5696046,-0.01985312,-1.4150693,235.94977,102.68717,-2.9194593,WAL
1905672410000,118.155022,-2.32282487528318,-12.1675285367412,2.33113342706942,2.8316658,-0.13836098,-1.4523321,236.152,101.64274,-2.508579,WAL
1905677340000,118.159952,-2.85305866567916,-12.2040966411076,2.28999453637332,3.0961704,-0.23396139,-1.4871514,236.33408,100.55124,-2.1027837,WAL
1905682445000,118.165057,-3.39914909383322,-12.2688759530484,2.20742376958655,3.3197472,-0.31764993,-1.5091426,236.4537,99.39308,-1.7663786,WAL
1905687362000,118.169974,-3.88941553901291,-12.6554321915107,1.64644570571629,3.4541376,-0.35216382,-1.5262468,236.57909,98.20431,-1.4294047,WAL
1905692418000,118.17503,-4.39049663941032,-13.0547808950369,1.05026182273415,3.4831536,-0.36193767,-1.5317446,236.63489,97.00556,-1.1571571,WAL
1905697346000,118.179958,-4.84040996265356,-13.4675879523342,0.224647882496315,3.4159584,-0.3481932,-1.525636,236.70786,95.81638,-0.8880591,WAL
1905702612000,118.185224,-5.32234766169154,-13.8981495534094,-0.6656623618964,3.2693508,-0.31703907,-1.5118915,236.73077,94.745804,-0.68109,WAL
1905707384000,118.189996,-5.77262107794362,-14.1656389835138,-1.56620917577992,3.061351,-0.26236662,-1.4831808,236.78204,93.73231,-0.4827173,WAL
1905712693000,118.195305,-6.26853581526718,-14.4515834675797,-2.5487834940458,2.8130345,-0.18173242,-1.4465289,236.78247,92.919235,-0.34884208,WAL
1905717354000,118.199966,-6.59725372977099,-14.4555920950157,-3.00177291938931,2.5873199,-0.07941248,-1.4156802,236.81805,92.17562,-0.22224468,WAL
1905722380000,118.204992,-6.9517133389313,-14.4599146355635,-3.49023566381679,2.4107797,-0.008552114,-1.389413,236.78879,91.653984,-0.1584145,WAL
1905727358000,118.20997,-7.21931349536851,-14.2517599110451,-3.57077681568667,2.2595906,0.01160644,-1.3665055,236.78343,91.19915,-0.10104074,WAL
1905732252000,118.214864,-7.45526224285139,-13.9780588219392,-3.51886799269029,2.1704042,-0.051923547,-1.3713925,236.78194,90.784935,-0.04245816,WAL
1905737367000,118.219979,-7.36510169896086,-13.7918925420025,-3.54772277933379,2.1685717,-0.100792766,-1.3762794,236.75366,90.48252,-0.03321521,WAL
1905742389000,118.225001,-7.16425944809168,-13.6424289065747,-3.60377184989803,2.2177463,-0.022907447,-1.4737124,236.74939,90.19366,0.0064750183,WAL
1905747350000,118.229962,-6.67840224489297,-13.2809403045872,-3.59266729577982,2.1157317,0.0125227375,-1.5668694,236.69531,89.93477,0.03354989,WAL
1905752329000,118.234941,-6.07082192974516,-12.8289003966361,-3.5537820670948,1.9419407,0.099571034,-1.5741998,236.68384,89.69884,0.06558007,WAL
1905757375000,118.239987,-5.48488825434231,-12.4859957357533,-3.57122184432084,1.8145752,0.453262,-1.5891659,236.74376,89.47669,0.15691526,WAL
1905762353000,118.244965,-4.91734840764052,-12.1882697552693,-3.60843764045667,1.426065,0.74372846,-1.6108516,236.81299,89.37096,0.25116903,WAL
1905767345000,118.249957,-4.2209996323086,-11.6117042308602,-3.14597115294118,1.2006557,0.8686504,-1.572978,236.92854,89.225525,0.40172768,WAL
1905772343000,118.254955,-3.46640495090157,-10.9089880901567,-2.45740355294118,1.1948525,0.84329945,-1.4639386,237.08206,89.12026,0.53431284,WAL
1905777349000,118.259961,-2.7060356964354,-10.4778559952673,-2.08832442944316,1.3585643,0.88208944,-1.3368785,237.27023,88.99163,0.7215875,WAL
1905782346000,118.264958,-1.94466845310643,-10.188728901017,-1.88593566473668,1.5546521,1.0503827,-1.244638,237.48505,88.86113,0.88272417,WAL
1905787363000,118.269975,-1.28215149516965,-10.1291662618459,-1.71075550610347,1.7272215,1.255328,-1.2302825,237.75641,88.57045,1.1176041,WAL
1905792323000,118.274935,-0.675996185326936,-10.1808539856563,-1.55099360680582,1.8955148,1.4563028,-1.2516629,238.07431,88.26372,1.3298837,WAL
1905797346000,118.279958,-0.14154322356633,-10.2363643644656,-1.49707056962126,2.0485365,1.6685784,-1.2779301,238.45667,87.84557,1.6345918,WAL
1905802339000,118.284951,0.346772339797739,-10.2932556539758,-1.50181149391235,2.176513,1.9052887,-1.3100005,238.90437,87.40162,1.9375832,WAL
1905807410000,118.290022,0.729627118408872,-10.2217212400193,-1.52146179844744,2.2977695,2.1071796,-1.3096951,239.39368,86.86195,2.3257577,WAL
1905812352000,118.294964,1.03997847538091,-10.0802375464802,-1.54884576834137,2.3530529,2.240043,-1.2449434,239.93266,86.32545,2.6913633,WAL
1905817355000,118.299967,1.27123611259671,-9.90539334695497,-1.64897755272763,2.3710735,2.348166,-1.1676689,240.48846,85.73287,3.1205778,WAL
1905822433000,118.305045,1.44006027167229,-9.7028042150367,-1.808154670244,2.3570235,2.4242187,-1.0803152,241.0754,85.16044,3.5123243,WAL
1905827409000,118.310021,1.47297991036426,-9.47858527933186,-1.94665703256188,2.3173172,2.4831672,-1.01312,241.65302,84.56926,3.905449,WAL
1905832361000,118.314973,1.40139964230227,-9.23521226826323,-2.07072964668947,2.262034,2.4764478,-0.9279043,242.23372,84.014,4.25628,WAL
1905837321000,118.319933,1.26919462880281,-8.9286910161967,-2.18005280265392,2.1789563,2.4541512,-0.8390234,242.78055,83.482635,4.593762,WAL
1905842359000,118.324971,1.08559912397307,-8.56620767811494,-2.27891184123329,2.0845776,2.441323,-0.76052725,243.32733,82.98688,4.9005747,WAL
1905847351000,118.329963,0.867497323370977,-8.20018363931641,-2.4168650079952,2.0201313,2.4517076,-0.68936145,243.86229,82.54144,5.165882,WAL
1905852343000,118.334955,0.61426994140016,-7.82750933669798,-2.59364646552069,1.9871446,2.4593434,-0.65576386,244.39136,82.12224,5.413119,WAL
1905857408000,118.34002,0.305256649819964,-7.33537433734747,-2.69388170074015,1.9080375,2.410169,-0.60231316,244.89699,81.76889,5.611577,WAL
1905862356000,118.344968,-0.0454701903080616,-6.74766977279456,-2.7175794434887,1.8304577,2.3338106,-0.5687156,245.39508,81.428925,5.8017993,WAL
1905867368000,118.34998,-0.567778159491953,-6.41930735561373,-2.69629365388792,1.7806722,2.2644775,-0.5317582,245.80994,81.1224,5.959914,WAL
1905872478000,118.35509,-1.26525825552647,-6.34813596527051,-2.6298669733566,1.7427986,2.164601,-0.51893,246.19305,80.835,6.115241,WAL
1905877380000,118.359992,-1.73953941847566,-6.23607953228252,-2.55029301727853,1.681712,2.0711386,-0.52198434,246.56189,80.58771,6.2297854,WAL
1905882357000,118.364969,-1.98679766226057,-6.06965573249202,-2.4504387771249,1.6087136,1.9999728,-0.52687126,246.90672,80.35657,6.3412166,WAL
1905887303000,118.369915,-2.16641122297935,-5.95978338237955,-2.3498057094002,1.520749,1.9501873,-0.52687126,247.17874,80.1593,6.4148192,WAL
1905892325000,118.374937,-2.26099266740413,-5.92195078485742,-2.24576596745329,1.4165965,1.8863518,-0.569021,247.42697,79.975746,6.5019298,WAL
1905897291000,118.379903,-2.34568704655362,-5.88807299790524,-2.17039870986534,1.3206906,1.8234328,-0.6239988,247.6524,79.80039,6.5868917,WAL
1905902321000,118.384933,-2.41776391099252,-5.8592421919202,-2.13676288662344,1.2183707,1.790446,-0.67073005,247.86835,79.64594,6.6792073,WAL
1905907336000,118.389948,-2.48591483023512,-5.79250101880941,-2.00638373897949,1.138042,1.7944167,-0.70463306,248.04913,79.4724,6.788909,WAL
1905912352000,118.394964,-2.54839461804902,-5.66754164392196,-1.72762818336168,1.0451905,1.8176296,-0.75533485,248.2289,79.31569,6.911911,WAL
1905917266000,118.399878,-2.57133233118744,-5.45600164455348,-1.44037241150147,0.9611965,1.8579466,-0.79626286,248.40396,79.1648,7.02244,WAL
1905922366000,118.404978,-2.53298738810599,-5.09172601157998,-1.11923454545633,0.8362745,1.8454239,-0.8573494,248.57344,79.032875,7.149043,WAL
1905927255000,118.409867,-2.50266317885463,-4.7849124438326,-0.865108390556167,0.6783658,1.8545868,-0.89736104,248.8096,78.89601,7.2497067,WAL
1905932314000,118.414926,-2.48360676318439,-4.54861273033354,-0.705034375555381,0.54336464,1.865277,-0.90285885,249.04196,78.778656,7.354227,WAL
1905937279000,118.419891,-2.46490442995595,-4.31670364207048,-0.54793465535793,0.40591997,1.9010127,-0.9086621,249.37206,78.6553,7.4427543,WAL
1905942325000,118.424937,-2.43851721931068,-4.14249716050485,-0.255842983328155,0.2996294,1.9129245,-0.9080512,249.69495,78.55569,7.528761,WAL
1905947250000,118.429862,-2.4110420787767,-3.98680423526214,0.0601218930796117,0.17501289,1.881465,-0.9095783,250.01196,78.488434,7.614837,WAL
1905952301000,118.434913,-2.39857445110886,-3.95605266155481,0.285898935983476,0.122783914,1.8521434,-0.90224797,250.36688,78.39481,7.6848664,WAL
1905957302000,118.439914,-2.39163234691984,-3.969936821607,0.475649916712567,0.015577064,1.8341229,-0.8713993,250.71088,78.34385,7.7473335,WAL
1905962315000,118.444927,-2.38467358501232,-3.98385429698024,0.66585620873315,-0.09285152,1.8026633,-0.84604836,251.11736,78.26884,7.7959237,WAL
1905967279000,118.449891,-2.37778284212205,-3.99763573479248,0.854203312980142,-0.1908954,1.7443258,-0.81092364,251.50537,78.22227,7.8329687,WAL
1905972353000,118.454965,-2.3780905075632,-4.02744349227305,1.01109263362501,-0.2929099,1.6484199,-0.7742717,251.86014,78.200584,7.859972,WAL
1905977376000,118.459988,-2.38301367473135,-4.06682888102548,1.14401827568314,-0.39187005,1.5491543,-0.75594574,252.19214,78.201744,7.883405,WAL
1905982316000,118.464928,-2.36977920336751,-4.06190457504468,1.11923337348321,-0.49296826,1.45783,-0.7257079,252.56718,78.189255,7.882311,WAL
1905987313000,118.469925,-2.34727178656759,-4.03489572188882,1.01569916219547,-0.6056729,1.3808609,-0.6948592,252.91324,78.20325,7.8781238,WAL
1905992323000,118.474935,-2.30527557837893,-3.9829270914233,0.888594028086894,-0.70463306,1.3240504,-0.68233645,253.2554,78.221565,7.8699684,WAL
1905997315000,118.479927,-2.24648988050005,-3.90944509695666,0.741629936848038,-0.80573124,1.2641857,-0.6591236,253.56888,78.271065,7.8525004,WAL
1906002300000,118.484912,-2.21415103819727,-3.86327047639453,0.628832181280015,-0.9077458,1.2208142,-0.62980205,253.8541,78.36148,7.8275995,WAL
1906007344000,118.489956,-2.20076757517547,-3.83650355035094,0.539609024593646,-1.0186177,1.1777482,-0.5983425,254.1167,78.47803,7.7973986,WAL
1906012317000,118.494929,-2.18888301901141,-3.80852861311787,0.482108474125475,-1.1468995,1.119716,-0.5742133,254.33409,78.63124,7.773926,WAL
1906017325000,118.499937,-2.1787519217575,-3.77813521556823,0.466911817665822,-1.2647965,1.0390818,-0.5549711,254.52658,78.807014,7.745174,WAL
1906022375000,118.504987,-2.15931389432739,-3.72956862009725,0.535230185899514,-1.3747523,0.9443977,-0.5036584,254.67245,79.02302,7.7070575,WAL
1906027358000,118.50997,-2.13201604263514,-3.66587363281533,0.676269167071217,-1.4773777,0.84207773,-0.45356745,254.78699,79.25976,7.6667366,WAL
1906032314000,118.514926,-2.10866175509143,-3.60031249376323,0.871803712733397,-1.5601498,0.73975784,-0.4007276,254.88272,79.532875,7.608336,WAL
1906037322000,118.519934,-2.09019751455245,-3.53107185684312,1.14415007977863,-1.6484199,0.6609562,-0.32467487,254.94763,79.835335,7.531603,WAL
1906042315000,118.524927,-2.08696288723721,-3.54049190983224,1.5555691885963,-1.7547104,0.6026186,-0.2687807,255.02612,80.13829,7.45227,WAL
1906047316000,118.529928,-2.11238961097898,-3.69813704478658,2.2319176930877,-1.8310685,0.45112398,-0.226631,255.048,80.457115,7.360674,WAL
1906052298000,118.53491,-2.14918009275806,-4.12346437499282,2.95696676309194,-1.8664987,0.29229903,-0.10476339,255.09464,80.76472,7.240309,WAL
1906057353000,118.539965,-2.20012412451928,-4.87373160487898,3.75354679748398,-1.9385809,0.1160644,-0.018020526,255.08813,81.08611,7.1226544,WAL
1906062268000,118.54488,-2.15812432705338,-5.86113959113301,4.63679692574646,-1.9666806,-0.016187929,0.08674286,255.13986,81.34272,6.976614,WAL
1906067334000,118.549946,-1.95327096328541,-7.33413274581281,5.73910296119433,-1.9178114,-0.13164146,0.18784106,255.13979,81.6128,6.812319,WAL
1906072353000,118.554965,-1.58970341309501,-9.03376999106275,6.91847157983291,-1.7602082,-0.21410827,0.2883284,255.20587,81.782646,6.6287518,WAL
1906077356000,118.559968,-0.975317856897222,-11.1049940086458,8.23102243255294,-1.4547756,-0.24923302,0.3368922,255.24704,81.92546,6.436854,WAL
1906082249000,118.564861,-0.25934677112922,-13.018778596818,9.4348566080714,-0.9410379,-0.32742378,0.34300083,255.3681,81.82539,6.285372,WAL
1906087304000,118.569916,0.736295503317812,-14.7470628925107,10.5009457116802,-0.30024028,-0.29779682,0.22082779,255.50533,81.614105,6.1605725,WAL
1906092275000,118.574887,1.73487356985525,-16.2389519273206,11.2420820033404,0.34422258,-0.15424347,0.07238753,255.8154,81.00893,6.1825786,WAL
1906097312000,118.579924,2.80423330966697,-17.1374096579613,11.0858279307622,0.84788096,0.16432275,-0.08002335,256.17224,80.282326,6.2278423,WAL
1906102288000,118.5849,3.70166702956198,-17.768287600932,10.3848067286114,1.1441506,0.5919284,-0.19425514,256.7087,79.22142,6.4712114,WAL
1906107392000,118.590004,4.20732230739981,-17.7455108225536,8.23918811239515,1.241889,1.0552697,-0.31978795,257.32516,78.1331,6.712861,WAL
1906112308000,118.59492,4.48682707267617,-17.5098411180486,6.32223822603895,1.1969905,1.3967434,-0.38331795,257.97437,77.033875,7.0725904,WAL
1906117313000,118.599925,3.48604034536238,-15.9461112129091,5.29739398803453,1.0607675,1.616044,-0.41813725,258.69824,76.001526,7.395808,WAL
1906122411000,118.605023,2.45951432426826,-14.2282136072712,4.33496709159906,0.8872818,1.7492126,-0.44806966,259.30267,75.319115,7.740546,WAL
1906127394000,118.610006,1.42049809891342,-11.9247344743761,3.80075602254288,0.7153232,1.8487836,-0.4868596,259.94455,74.7023,8.051172,WAL
1906132342000,118.614954,0.491827996697353,-9.73983018811853,3.39006295457422,0.5510005,1.8790215,-0.52290064,260.5311,74.299644,8.220971,WAL
1906137359000,118.619971,-0.0518550945070962,-7.91987413154967,3.43613771045263,0.3857614,1.8203784,-0.5448918,261.1129,73.94675,8.385373,WAL
1906142289000,118.624901,-0.581456552380952,-6.24300767028729,3.47379909673357,0.18692477,1.7666223,-0.54428095,261.68875,73.70537,8.438441,WAL
1906147356000,118.629968,-1.08752920952381,-5.43615606854585,3.44992776379378,0.06963864,1.5968018,-0.5186246,262.21094,73.48707,8.499441,WAL
1906152309000,118.634921,-1.58967395430028,-4.72468955161322,3.42394366809846,-0.16157386,1.3814718,-0.4550946,262.74515,73.30829,8.510326,WAL
1906157401000,118.640013,-2.19224351691674,-4.8872875932333,3.36655617393351,-0.36254853,1.1621711,-0.34300083,263.22357,73.16102,8.510957,WAL
1906162459000,118.645071,-2.7803863845,-5.098739653,3.3306698985,-0.55680364,0.95722586,-0.20708331,263.65683,73.089195,8.450209,WAL
1906167367000,118.649979,-3.21815914955882,-5.94202826735294,3.56568471485294,-0.7076874,0.7141015,-0.051618114,264.00732,73.07237,8.371143,WAL
1906172626000,118.655238,-3.67213830411108,-6.89301943261639,3.81804326120338,-0.85154617,0.3576616,0.092240654,264.23236,73.18288,8.195066,WAL
1906177436000,118.660048,-3.87698052872311,-8.42306607114983,4.05632919450041,-1.0015136,-0.1337795,0.21074851,264.34094,73.34661,8.0113325,WAL
1906182253000,118.664865,-4.08212086052273,-9.95533938878301,4.29496190566295,-1.0961977,-0.75228053,0.29901853,264.28604,73.585014,7.756106,WAL
1906187375000,118.669987,-4.2617053631205,-12.1418398346985,3.88042989719728,-1.0925325,-1.3515394,0.3839288,264.09024,73.84591,7.504754,WAL
1906192263000,118.674875,-4.42339502935952,-14.3685358425935,3.31682637255502,-0.9334021,-1.856114,0.441961,263.74377,74.093834,7.2748256,WAL
1906197353000,118.679965,-4.91685200124568,-15.8007503716263,2.54455424512111,-0.69058317,-2.126422,0.4914411,263.25546,74.384705,6.989154,WAL
1906202269000,118.684881,-5.48934724775087,-16.9224688171033,1.74399183440435,-0.408058,-2.1233675,0.50732356,262.70392,74.62056,6.716508,WAL
1906207393000,118.690005,-5.56420863658075,-17.6600607307195,1.59424236642452,-0.009773844,-1.9190332,0.49388456,262.00885,74.97434,6.3870597,WAL
1906212252000,118.694864,-5.46696413358543,-18.2203727206687,1.67296396879291,0.625526,-1.5980235,0.47158796,261.35596,75.178764,6.0580697,WAL
1906217375000,118.699987,-4.41607866639977,-17.8254480827054,1.3019441578636,1.3530666,-1.4563028,0.36713,260.59546,75.43721,5.67382,WAL
1906222451000,118.705063,-3.03318639454597,-17.0790532665787,0.770766979400904,1.7980819,-1.5500705,0.061391957,259.89014,75.55256,5.366085,WAL
1906227402000,118.710014,-1.90867380721385,-14.4953008291119,-0.819782652478358,1.8490891,-1.6044376,-0.36896262,259.26514,75.54093,5.141911,WAL
1906232359000,118.714971,-0.909205080527947,-10.8627130109009,-3.01658468625842,1.464244,-1.183246,-0.634689,258.77133,75.50163,4.949609,WAL
1906237353000,118.719965,-0.725432962826928,-8.06170178117269,-3.94356824382967,0.7333437,-0.46578476,-0.6649268,258.36783,75.50521,4.988174,WAL
1906242357000,118.724969,-0.811404479888585,-5.53685361450288,-4.45034767055047,-0.05131268,-0.20097467,-0.6536258,257.9767,75.604454,5.0909424,WAL
1906247351000,118.729963,-0.787456292721199,-3.80798668672808,-4.07293014676048,-0.3662137,-0.03573562,-0.6264423,257.68118,75.889114,5.3928905,WAL
1906252337000,118.734949,-0.700444838479449,-2.53665264123304,-3.18831375419113,-0.795652,-0.13897185,-0.58551437,257.36835,76.39629,5.6737547,WAL
1906257394000,118.740006,-0.794825230461723,-1.63462680725565,-2.17421853685789,-1.0433578,-0.32162055,-0.48349985,257.02737,76.92603,5.8050117,WAL
1906262349000,118.744961,-0.97978127708375,-0.946969718458925,-1.12139181374175,-1.2370021,-0.58551437,-0.3747658,256.62686,77.54978,5.926593,WAL
1906267349000,118.749961,-1.23000162764946,-0.601887990380435,-0.973210429415761,-1.4150693,-0.9868528,-0.25717425,256.25275,78.05924,6.0472293,WAL
1906272370000,118.754982,-1.51466713493789,-0.438555289192547,-1.30454248680124,-1.582141,-1.3814718,-0.14294247,255.79517,78.61988,6.1440163,WAL
1906277328000,118.75994,-1.80564540048534,-0.682842753055612,-1.89767765644085,-1.7366899,-1.6765196,-0.040011674,255.37616,79.037674,6.2759957,WAL
1906282328000,118.76494,-2.10582846418605,-1.20574216660465,-2.67718518930233,-1.8286251,-1.9651535,0.06383542,254.83546,79.48601,6.383929,WAL
1906287331000,118.769943,-2.46238283741646,-1.98866370166584,-3.34216601120199,-1.8750509,-2.3115141,0.15760323,254.13701,80.058556,6.369859,WAL
1906292307000,118.774919,-2.85217269732668,-2.92986365330673,-3.93160425846384,-1.8872682,-2.669481,0.25320363,253.34448,80.65289,6.3244476,WAL
1906297321000,118.779933,-3.23932888221258,-3.83722475184382,-4.37518793947939,-1.8832976,-2.9150488,0.3323107,252.36389,81.412125,6.189437,WAL
1906302346000,118.784958,-3.62367117490633,-4.71978846166437,-4.72157072221455,-1.8817704,-3.011871,0.4129449,251.3183,82.171555,6.013568,WAL
1906307338000,118.78995,-3.91267127681332,-5.54660403272889,-4.82634447658541,-1.883603,-2.9138272,0.50488013,250.1506,83.0537,5.7294016,WAL
1906312349000,118.794961,-4.13616545184304,-6.34072106605232,-4.75977181226714,-1.8915442,-2.6774223,0.6377433,248.99597,83.905495,5.3878756,WAL
1906317336000,118.799948,-4.3525552120197,-7.12582557634483,-4.45983503630542,-1.887879,-2.4199426,0.81306165,247.80579,84.77813,4.940031,WAL
1906322383000,118.804995,-4.56684436788177,-7.91631490993104,-3.97411250216749,-1.8985692,-2.237294,1.0345002,246.67024,85.544106,4.421732,WAL
1906327371000,118.809983,-4.68276373909083,-8.72461310348911,-3.71639077104856,-1.9324722,-2.1664336,1.2565498,245.56015,93.906586,3.8631585,WAL
1906332350000,118.814962,-4.71751490931038,-9.55429675384896,-3.64688852132641,-1.9981402,-2.068695,1.4899004,244.52057,93.64744,3.2298336,WAL
1906337329000,118.819941,-4.57492598030822,-10.343804,-3.65283029417808,-2.0378466,-1.990199,1.7201965,243.55042,93.67337,2.4965305,WAL
1906342417000,118.825029,-4.07430813824537,-11.0701908235294,-3.8098868298751,-2.03693,-1.8090774,1.9336939,242.6525,94.05006,1.7077233,WAL
1906347405000,118.830017,-3.51883177392207,-11.6433255093877,-3.89575631070856,-2.019215,-1.6566665,2.0216584,241.7986,94.68019,0.8701466,WAL
1906352374000,118.834986,-2.8543447829984,-11.9755687235588,-3.86432788968771,-1.999362,-1.5329664,2.1618521,241.00964,95.49357,-0.026723111,WAL
1906357340000,118.839952,-2.18408497107495,-12.3277755679578,-3.76345246722439,-1.988061,-1.3610078,2.2724187,240.31168,96.41325,-0.8316405,WAL
1906362352000,118.844964,-1.48733181034456,-12.7494946447399,-3.43341148224463,-1.9517145,-1.1869112,2.3240368,239.66763,97.36786,-1.6394418,WAL
1906367382000,118.849994,-0.788076343769578,-13.1727282752693,-3.10218519444572,-1.9434677,-1.0763446,2.2968533,239.09894,98.27915,-2.299423,WAL
1906372411000,118.855023,-0.385151242170819,-13.3971348434164,-2.97610343985765,-1.897042,-0.9941832,2.195755,238.58197,99.16043,-2.934468,WAL
1906377373000,118.859985,-0.162068990932839,-13.5014799888695,-2.97250530418717,-1.829236,-0.9431759,2.02624,238.09314,100.01187,-3.5266445,WAL
1906382727000,118.865339,0.0868041793758242,-13.5972392298901,-2.97174239851429,-1.7654005,-0.85062987,1.8380935,237.72336,100.66867,-3.8969955,WAL
1906387423000,118.870035,0.446585659797802,-13.3896729336264,-3.02511659782857,-1.7030923,-0.7098254,1.6169603,237.37738,101.27111,-4.202004,WAL
1906392300000,118.874912,0.820234356564835,-13.174106318022,-3.08054802245714,-1.6181821,-0.5751296,1.3854424,237.05466,101.780594,-4.3756056,WAL
1906397353000,118.879965,1.2073671974022,-12.9507603863736,-3.13797984297143,-1.5198327,-0.47128254,1.1759156,236.75613,102.23746,-4.491723,WAL
1906402220000,118.884832,1.58024974961978,-12.7356357773626,-3.19329760874286,-1.4541647,-0.4016439,0.981355,236.47699,102.64861,-4.547429,WAL
1906407371000,118.889983,1.99469586252269,-12.2103419056261,-3.39102389863884,-1.4468343,-0.3631594,0.8353582,236.21165,103.02577,-4.5610538,WAL
1906412271000,118.894883,2.41520184596189,-11.3161007985481,-3.76362426728675,-1.4486669,-0.32284227,0.7315111,235.95972,103.36755,-4.5360556,WAL
1906417278000,118.89989,2.30806800057405,-10.5662854064294,-3.52930071225603,-1.3897184,-0.44715336,0.58551437,235.73444,103.65275,-4.387064,WAL
1906422352000,118.904964,1.90359369249904,-9.89681062265595,-2.95280843485457,-1.4059063,-0.78801614,0.3930918,235.45132,103.944435,-4.217986,WAL
1906427424000,118.910036,1.50598624097734,-9.24774996916926,-2.46782610565082,-1.4892895,-1.2660183,0.22815818,235.17316,104.306786,-4.057466,WAL
1906432414000,118.915026,1.11960400143936,-8.62359385277654,-2.05596813159485,-1.6126842,-1.738828,0.13316862,234.79355,104.67532,-3.892944,WAL
1906437265000,118.919877,0.7455603130106,-8.04474866658289,-1.80200637270244,-1.7302758,-1.9312505,0.10445796,234.31628,105.02753,-3.7461977,WAL
1906442748000,118.92536,0.326676800493935,-7.45945971705824,-1.87660207541252,-1.7794504,-2.3365595,0.06261369,233.64676,105.388176,-3.6285486,WAL
1906447374000,118.929986,0.0362800656466974,-7.14046139400922,-2.11503856798771,-1.8799378,-2.3768766,0.06414085,232.96588,105.77621,-3.5319428,WAL
1906452517000,118.935129,-0.226001853071173,-6.9538376453149,-2.54881251291347,-1.8881844,-2.3521366,0.10262536,232.2041,106.1532,-3.4733925,WAL
1906457226000,118.939838,-0.355355816827335,-7.07782309167198,-2.7159449347426,-1.8408424,-2.219579,0.15302174,231.44298,106.59097,-3.4906454,WAL
1906462258000,118.94487,-0.394874215034169,-7.47300711958998,-2.68959930842825,-1.7809776,-1.9920316,0.22449298,230.731,107.02863,-3.5267282,WAL
1906467492000,118.950104,-0.382816428927282,-7.91067567612171,-2.51584048036101,-1.6985108,-1.7253889,0.28099802,230.07057,107.5383,-3.6167428,WAL
1906472261000,118.954873,-0.283888356874678,-8.35349663331614,-2.11541733509025,-1.6624697,-1.5183055,0.31337386,229.46718,108.0414,-3.715541,WAL
1906477170000,118.959782,-0.174261247456389,-8.73710606664735,-1.684102684816,-1.6844609,-1.3946054,0.3109304,228.9551,108.52342,-3.8195398,WAL
1906482235000,118.964847,-0.0477591533286004,-9.00885092417657,-1.20620586944847,-1.709201,-1.3203852,0.31948254,228.49384,108.99176,-3.9277647,WAL
1906487237000,118.969849,0.0630862930016629,-9.22161060839742,-0.763365636370817,-1.7192802,-1.282817,0.3454443,228.11499,109.37848,-4.0203385,WAL
1906492557000,118.975169,0.147806492955934,-9.3169213774683,-0.360944686173353,-1.704314,-1.348485,0.35308012,227.73018,109.75792,-4.1162405,WAL
1906497200000,118.979812,0.205080268435222,-9.29388198082339,-0.127645539792164,-1.7055358,-1.5085317,0.33108896,227.40282,110.06692,-4.1898193,WAL
1906502232000,118.984844,0.241007577136349,-9.10226936485255,-0.0597828519240391,-1.6884315,-1.6930131,0.30634892,227.05371,110.36131,-4.2751875,WAL
1906507734000,118.990346,0.274856596966433,-8.89609514061456,-0.00994465155986974,-1.6438384,-1.8955148,0.2782491,226.68974,110.588486,-4.352427,WAL
1906512248000,118.99486,0.238759647402305,-8.76614651870408,-0.255403882588427,-1.5628988,-2.0641136,0.2501493,226.28569,110.79528,-4.43904,WAL
1906517248000,118.99986,0.198776318243988,-8.62220697294589,-0.527290492057365,-1.4587462,-2.1542163,0.21777347,225.86263,110.98427,-4.525007,WAL
1906522524000,119.005136,0.11234752992233,-8.44896063848587,-0.900204137122286,-1.3292428,-2.1413882,0.20219639,225.4248,111.14025,-4.6153893,WAL
1906527544000,119.010156,0.00221477341747574,-8.27064960325079,-1.30926869695647,-1.2156218,-2.0430388,0.20463985,224.98878,111.26899,-4.7030907,WAL
1906532270000,119.014882,-0.16708064049206,-8.19731052911194,-1.54008610119584,-1.1334605,-1.9712621,0.2302962,224.54712,111.43537,-4.8137083,WAL
1906537756000,119.020368,-0.383372662702999,-8.14066308900216,-1.76152793732601,-1.0870347,-1.6615535,0.2669481,224.20169,111.579636,-4.8944144,WAL
1906542660000,119.025272,-0.616085833852595,-8.19683548038166,-1.68288112478824,-1.0806206,-1.5357152,0.28008172,223.80945,111.782555,-5.0158873,WAL
1906547488000,119.0301,-0.854675219598871,-8.27786559390517,-1.53882711435109,-1.0946705,-1.2641857,0.32559118,223.54984,111.98046,-5.109492,WAL
1906552240000,119.034852,-1.1026434629692,-8.35100671414822,-1.25440494913378,-1.153619,-1.0088439,0.38728857,223.30492,112.23538,-5.245506,WAL
1906557324000,119.039936,-1.37443672081328,-8.42598470452358,-0.879517688498556,-1.2064588,-0.81061816,0.43554693,223.12248,112.49082,-5.367123,WAL
1906562286000,119.044898,-1.60567582801664,-8.42875947434119,-0.490808017018031,-1.2470814,-0.68600166,0.4981606,222.97963,112.74734,-5.5319123,WAL
1906567228000,119.04984,-1.81198234507628,-8.3818716740638,-0.0875726584993065,-1.2565498,-0.6392705,0.57543504,222.87605,113.00957,-5.6987014,WAL
1906572313000,119.054925,-1.98721211019567,-8.31729429145211,0.189918631897013,-1.2272283,-0.62888575,0.6582073,222.80243,113.2393,-5.9115753,WAL
1906577258000,119.05987,-2.12909337796087,-8.24191926898231,0.353968863838779,-1.1808025,-0.6658431,0.7333437,222.73608,113.467964,-6.1397347,WAL
1906582305000,119.064917,-2.23572396418421,-8.18920728586246,0.424493633784877,-1.1032226,-0.6921103,0.8005389,222.67519,113.64237,-6.413654,WAL
1906587699000,119.070311,-2.29466279955399,-8.16777507364381,0.360196611083912,-1.0045679,-0.7293731,0.8524625,222.60735,113.80084,-6.7043123,WAL
1906592224000,119.074836,-2.29632621985974,-8.20904807388962,0.226521314271776,-0.9202685,-0.77671516,0.89552844,222.52428,113.93808,-7.0373707,WAL
1906597237000,119.079849,-2.25241159598536,-8.31151625988413,0.00206836879357657,-0.8689558,-0.82436264,0.9300423,222.43481,114.06116,-7.380742,WAL
1906602263000,119.084875,-2.13891129216407,-8.51875039614975,-0.309784739346039,-0.8454375,-0.86254174,0.95447695,222.33476,114.18989,-7.739567,WAL
1906607677000,119.090289,-1.9483090050595,-8.84478035532553,-0.731116067286447,-0.84696466,-0.88086766,0.979217,222.23013,114.315765,-8.104619,WAL
1906612230000,119.094842,-1.75477080744603,-9.2287450704453,-1.0202490099927,-0.8753699,-0.86101454,0.98746365,222.12675,114.464325,-8.456577,WAL
1906617585000,119.100197,-1.48736129587027,-9.81169760798832,-1.28231030118052,-0.9221011,-0.84635377,0.97066486,222.01643,114.61851,-8.804524,WAL
1906622321000,119.104933,-1.26548488980786,-10.3511331168078,-1.30868749184819,-0.94959,-0.88117313,0.9682214,221.92334,114.79769,-9.110814,WAL
1906627247000,119.109859,-1.04560547885951,-10.9299990299629,-1.18304216101969,-0.9944886,-0.98807454,0.9431759,221.81042,114.987885,-9.407074,WAL
1906632224000,119.114836,-0.819827680773901,-11.5037756613152,-1.02618979216836,-1.0082331,-1.0482447,0.895223,221.73671,115.147415,-9.619318,WAL
1906637265000,119.119877,-0.586318968503653,-12.0701590138932,-0.827458963280848,-0.99265605,-1.1636983,0.86742866,221.61928,115.30836,-9.84404,WAL
1906642227000,119.124839,-0.341095855705007,-12.5335157047067,-0.681230884141101,-0.95203346,-1.2431108,0.8063421,221.52985,115.37064,-9.969912,WAL
1906647231000,119.129843,-0.0777073579094634,-12.9022595496153,-0.585453264035175,-0.8738427,-1.2770138,0.76052725,221.42058,115.4185,-10.098511,WAL
1906652241000,119.134853,0.145126729400231,-13.1634260299885,-0.511574917243368,-0.73884153,-1.2617421,0.7147123,221.34276,115.35348,-10.143004,WAL
1906657312000,119.139924,0.327171661893503,-13.3127963219915,-0.460228897645137,-0.55741453,-1.2061534,0.67347896,221.26253,115.25672,-10.1771145,WAL
1906662228000,119.14484,0.52914887278481,-13.2888500253165,-0.440048208227848,-0.32589662,-1.0861185,0.5992588,221.24596,115.054955,-10.112481,WAL
1906667272000,119.149884,0.773733236797937,-13.0170893318331,-0.462694916919831,-0.112399206,-0.91324353,0.50854534,221.25275,114.81407,-10.025312,WAL
1906672575000,119.155187,1.01587086959414,-12.6830820167743,-0.563943104058614,0.04062254,-0.6835582,0.410196,221.33795,114.50509,-9.860237,WAL
1906677234000,119.159846,1.20083076665863,-12.3002580098332,-0.79621828341367,0.12308934,-0.3915646,0.28038713,221.47395,114.15809,-9.645221,WAL
1906682220000,119.164832,1.3729270960619,-11.9152058740204,-1.04527980708263,0.11484267,-0.08552113,0.14385876,221.69728,113.80396,-9.34287,WAL
1906687247000,119.169859,1.43978514887412,-11.6286713619681,-1.29838544232715,0.062002823,0.18478674,0.02107485,221.97769,113.439674,-8.994223,WAL
1906692230000,119.174842,1.40261942772983,-11.4502385227017,-1.4342210879925,-0.008552114,0.38515055,-0.07819075,222.339,113.13738,-8.5727,WAL
1906697222000,119.179834,0.900327618949343,-11.7462318105066,-1.05301749774859,-0.06688975,0.4175264,-0.15057829,222.71399,112.84494,-8.131416,WAL
1906702365000,119.184977,0.405360729901217,-12.0402923876209,-0.680567216597692,-0.12370021,0.32284227,-0.19730948,223.10864,112.624825,-7.677099,WAL
1906707311000,119.189923,0.198496925962358,-12.1929777013882,-0.56482199125091,-0.17989981,0.18661933,-0.24190263,223.48581,112.42003,-7.222659,WAL
1906712237000,119.194849,-0.0075303886763024,-12.3450456058802,-0.449544801590933,-0.20463985,0.06566802,-0.2874121,223.76773,112.17092,-6.870143,WAL
1906717254000,119.199866,-0.217363729630862,-12.4999227225746,-0.332138049555995,-0.16187929,-0.008246681,-0.33200526,224.02031,111.92144,-6.5247793,WAL
1906722475000,119.205087,-0.412195930920773,-12.9099732738647,-0.142729590645411,-0.050701816,-0.048258353,-0.3811799,224.25818,111.667404,-6.187742,WAL
1906727590000,119.210202,-0.53051807290628,-14.078995651401,0.250099928456039,0.10751228,-0.0693332,-0.42943826,224.47665,111.39183,-5.8539124,WAL
1906732242000,119.214854,-0.610012264914773,-15.07900425,0.56333701075487,0.31490102,-0.08277224,-0.47433686,224.6457,111.044655,-5.581484,WAL
1906737253000,119.219865,-0.517500271953125,-15.7558024375,0.621765646986607,0.42638394,-0.11056661,-0.4990769,224.8051,110.68627,-5.311447,WAL
1906742240000,119.224852,-0.419660783467504,-16.3934220932534,0.617450264856218,0.63713247,-0.12858713,-0.56138515,224.98749,110.14082,-5.0103283,WAL
1906747221000,119.229833,-0.292564195877819,-16.8473391207536,0.29516960806994,0.8381071,-0.116980694,-0.63438356,225.17119,109.58014,-4.7072473,WAL
1906752289000,119.234901,-0.161444145168495,-17.2748508801595,-0.0270098416155533,1.028697,-0.06291912,-0.70646566,225.38939,108.93575,-4.3648586,WAL
1906757315000,119.239927,-0.00787913985244267,-17.2508563653041,-0.271754065017149,1.2030991,0.03604105,-0.7715228,225.62186,108.25714,-4.010022,WAL
1906762308000,119.24492,0.120340563993308,-17.1851826471167,-0.480007986962212,1.391551,0.15668693,-0.84513205,225.90533,107.56293,-3.6219134,WAL
1906767329000,119.249941,-0.0783975037000591,-16.5558451115922,-0.219755766752608,1.5858061,0.25350907,-0.9166033,226.20834,106.83909,-3.2235022,WAL
1906772583000,119.255195,-0.292839546758827,-15.8640223911825,0.0744049732224921,1.740966,0.2678644,-1.0134255,226.53018,106.12253,-2.7916598,WAL
1906777304000,119.259916,-0.546223280777134,-14.9307257580796,0.543164898795068,1.8677205,0.1881465,-1.1398746,226.8489,105.38049,-2.3461766,WAL
1906782274000,119.264886,-0.812971249019242,-13.9482042019428,1.03664865861199,2.0146337,0.07452556,-1.237613,227.13286,104.60183,-1.9261705,WAL
1906787276000,119.269888,-1.16394180609767,-13.1687018700451,1.38552077913179,2.2036965,-0.06994407,-1.2819008,227.38889,103.797226,-1.5055177,WAL
1906792257000,119.274869,-1.52369254978387,-12.4184894231583,1.71456111303228,2.468812,-0.18875736,-1.2889256,227.62527,102.95363,-1.0856245,WAL
1906797233000,119.279845,-1.91392187291753,-12.0614052576289,1.86928113161856,2.7684412,-0.27458394,-1.2922854,227.81139,102.03415,-0.7046064,WAL
1906802253000,119.284865,-2.32033398281443,-11.863156142165,1.95353727739175,3.0925052,-0.321926,-1.3011429,227.98866,101.05773,-0.33243397,WAL
1906807283000,119.289895,-2.73888873141868,-11.9767610800489,1.68892679308484,3.399465,-0.35155296,-1.3261884,228.11221,99.99525,-0.008978282,WAL
1906812227000,119.294839,-3.15358514742846,-12.1792868362359,1.327272865801,3.6166277,-0.34422258,-1.3338243,228.2515,98.89351,0.30665988,WAL
1906817253000,119.299865,-3.58354789398624,-12.581996327416,0.507473340841727,3.7278051,-0.28496864,-1.3316863,228.37128,97.752144,0.57631373,WAL
1906822273000,119.304885,-4.01506282846315,-13.0326898947841,-0.422681312673781,3.7207801,-0.1572978,-1.3222178,228.53233,96.617424,0.8441412,WAL
1906827241000,119.309853,-4.48679996710729,-13.4454566707654,-1.5359308759545,3.605632,-0.07727446,-1.3121386,228.64485,95.55746,1.0528952,WAL
1906832238000,119.31485,-4.97226729859617,-13.8524645993442,-2.70301387211395,3.4037411,0.1328632,-1.2956452,228.84883,94.57163,1.2598222,WAL
1906837265000,119.319877,-5.38481410094683,-13.9744999528405,-3.38380583557902,3.2782083,0.3662137,-1.2501358,228.99783,93.76363,1.3945361,WAL
1906842315000,119.324927,-5.78548985477058,-14.0449484643117,-3.97821483503277,3.0396655,0.5546656,-1.2027937,229.20662,93.10184,1.5233715,WAL
1906847223000,119.329835,-6.18203860402175,-14.0842068175849,-4.16278558013748,2.8359418,0.67256266,-1.1349876,229.3762,92.6439,1.5714273,WAL
1906852273000,119.334885,-6.59386986030574,-14.1090159075613,-4.14293804910229,2.681393,0.6899723,-1.0977248,229.57863,92.284225,1.6162285,WAL
1906857295000,119.339907,-6.83478998431301,-13.9480539471615,-3.84134468478837,2.5546384,0.61758476,-1.0839803,229.74496,92.04006,1.599085,WAL
1906862239000,119.344851,-7.00359524651248,-13.7143237370875,-3.43015230873937,2.488054,0.46670106,-1.0906999,229.89838,91.84488,1.580689,WAL
1906867234000,119.349846,-6.90694200161014,-13.3895991435041,-2.93413048103049,2.4550674,0.27885997,-1.1160508,229.98203,91.672226,1.5352416,WAL
1906872657000,119.355269,-6.52541264053537,-12.9453524627151,-2.31218550994264,2.468812,0.069027774,-1.1502593,230.01967,91.54715,1.4984154,WAL
1906877305000,119.359917,-5.96358100480923,-12.4875818493107,-2.22820893706316,2.4514022,-0.102319926,-1.2550226,230.03241,91.47336,1.4724724,WAL
1906882257000,119.364869,-5.18305858779523,-11.9402024713049,-2.48669365216416,2.2904391,-0.13103059,-1.2974777,230.03044,88.53886,1.441602,WAL
1906887293000,119.369905,-4.5307784141751,-11.5644171733175,-2.65195414252531,2.0463986,0.04917465,-1.3148874,230.06631,88.4091,1.4794878,WAL
1906892241000,119.374853,-3.96161902144133,-11.2868930184634,-2.764845164324,1.745242,0.1994475,-1.3307699,230.08926,88.24667,1.5279438,WAL
1906897270000,119.379882,-3.34250784533563,-10.9922389166615,-2.63908804055764,1.5919148,0.36285394,-1.3023647,230.15047,88.04146,1.6567258,WAL
1906902264000,119.384876,-2.70513352868636,-10.6926436948965,-2.38061368407542,1.5509869,0.5421429,-1.212873,230.25847,87.87883,1.7680374,WAL
1906907325000,119.389937,-2.05920813490143,-10.3890290738807,-2.11867160995517,1.5946637,0.70829827,-1.1145236,230.39124,87.69642,1.944084,WAL
1906912253000,119.394865,-1.49540588538946,-10.2898057388564,-1.93834397355921,1.7055358,0.90010995,-1.063211,230.58008,87.52406,2.1022844,WAL
1906917257000,119.399869,-1.02610785198109,-10.5001810184602,-1.87361320061909,1.822211,1.1340714,-1.0763446,230.82559,87.355736,2.246157,WAL
1906922422000,119.405034,-0.58432444933241,-10.6735841293641,-1.73278824089605,1.9162843,1.4202617,-1.1233811,231.18109,87.04524,2.5125768,WAL
1906927321000,119.409933,-0.189909850042528,-10.8127891828701,-1.55646169443181,2.0454822,1.5653422,-1.1695015,231.56181,86.71391,2.7757783,WAL
1906932254000,119.414866,0.115679198737712,-10.8490459067524,-1.32968042080478,2.1771238,1.8512272,-1.2040154,232.05249,86.31548,3.103285,WAL
1906937283000,119.419895,0.363456739724391,-10.8136488617363,-1.06420450515388,2.212554,2.012801,-1.2452488,232.54868,85.90489,3.4370043,WAL
1906942345000,119.424957,0.547045829018431,-10.7360415485962,-0.990939878182598,2.2489004,2.05098,-1.2592987,233.0692,85.40977,3.8195136,WAL
1906947260000,119.429872,0.637836686540934,-10.6048994785684,-1.17756548294042,2.2275202,2.0479257,-1.2388347,233.62497,84.92312,4.1923566,WAL
1906952206000,119.434818,0.655802936023458,-10.4015772400681,-1.35107980628074,2.1838431,2.0971005,-1.2293663,234.20258,84.36874,4.6015925,WAL
1906957241000,119.439853,0.61019262746311,-10.132476207151,-1.51527690947787,2.123673,2.1520782,-1.2052372,234.78299,83.83653,4.9891253,WAL
1906962217000,119.444829,0.574246775772037,-9.78026327770657,-1.77388201365608,2.0442605,2.1227567,-1.180497,235.29674,83.31869,5.3791466,WAL
1906967205000,119.449817,0.550696628708342,-9.30926048397752,-2.16481447261881,1.9242256,2.0992384,-1.1068878,235.8288,82.842255,5.736499,WAL
1906972217000,119.454829,0.451729845790263,-8.90295227051884,-2.48834996990903,1.8280143,2.1310034,-1.0167851,236.31339,82.39529,6.077172,WAL
1906977190000,119.459802,0.237479542945116,-8.60300226811956,-2.70260031252624,1.7446312,2.1945333,-0.95172805,236.80124,81.984085,6.3941894,WAL
1906982194000,119.464806,-0.011140359005102,-8.34339046683673,-2.86203619017857,1.6737708,2.240043,-0.9025534,237.21939,81.63281,6.6905117,WAL
1906987226000,119.469838,-0.313749405300236,-8.14953108693093,-2.93296008743132,1.6328428,2.2522602,-0.8897252,237.64664,81.301186,6.970347,WAL
1906992234000,119.474846,-0.614189864508599,-7.94701508372708,-2.97596373972784,1.5986344,2.244319,-0.8720101,238.03127,81.0227,7.2132697,WAL
1906997241000,119.479853,-0.913260988550369,-7.72724308161028,-2.96916667335097,1.5839735,2.2033908,-0.8717047,238.41022,80.74962,7.451826,WAL
1907002219000,119.484831,-1.21059992513514,-7.50874397505198,-2.96240897484407,1.568091,2.144748,-0.86498517,238.75423,80.515495,7.651649,WAL
1907007299000,119.489911,-1.51403138312039,-7.28576778756379,-2.95551281003591,1.5464053,2.1029036,-0.8735373,239.09116,80.28418,7.8511224,WAL
1907012224000,119.494836,-1.80125255066793,-7.0502521354686,-2.9441171265699,1.50731,2.0576997,-0.87964594,239.39493,80.05701,8.05298,WAL
1907017224000,119.499836,-2.04301483109288,-6.6724987432313,-2.89878673843484,1.4401149,2.0097466,-0.88697636,239.68631,79.83887,8.253341,WAL
1907022273000,119.504885,-2.25653312997724,-6.26503618527525,-2.83718556181705,1.3631458,1.9715676,-0.89369583,239.96017,79.675064,8.389498,WAL
1907027275000,119.509887,-2.3655842350476,-5.77430608306084,-2.72317753892798,1.2840388,1.9559906,-0.8888089,240.22481,79.526695,8.521255,WAL
1907032226000,119.514838,-2.44341663153431,-5.31292732769854,-2.61524910998458,1.1921035,1.9080375,-0.8918633,240.4747,79.40138,8.631715,WAL
1907037224000,119.519836,-2.44802966607556,-4.90697995088666,-2.51837528828065,1.1417072,1.9007072,-0.8738427,240.72815,79.29095,8.730722,WAL
1907042226000,119.524838,-2.46497959237325,-4.51981709810418,-2.39503201131403,1.0381655,1.8961257,-0.8512407,240.97453,79.18736,8.831433,WAL
1907047221000,119.529833,-2.52738003928168,-4.20365514362988,-2.17455060888773,0.9660834,1.8994855,-0.83658,241.21774,79.09179,8.925898,WAL
1907052236000,119.534848,-2.59003033782938,-3.88622727542395,-1.95318639804331,0.86009824,1.8799378,-0.82894415,241.46655,79.00106,9.020615,WAL
1907057350000,119.539962,-2.69994907475253,-3.50369605269594,-1.52120894658204,0.7302894,1.8506162,-0.83658,241.70993,78.927666,9.112783,WAL
1907062470000,119.545082,-2.78356722571429,-3.14365526,-1.13635658685714,0.57451874,1.7956384,-0.8512407,241.93622,78.876945,9.203385,WAL
1907067377000,119.549989,-2.77040382022409,-2.88477476875817,-0.969619961536881,0.39675698,1.7599027,-0.8533788,242.19154,78.81941,9.292405,WAL
1907072400000,119.555012,-2.75562102539185,-2.63611741759404,-0.785286882433386,0.20952678,1.7486018,-0.8231409,242.48914,78.75127,9.374231,WAL
1907077211000,119.559823,-2.72853992147335,-2.55938757602861,-0.47385397528703,0.06505715,1.7095064,-0.79290307,242.76375,78.704254,9.456265,WAL
1907082552000,119.565164,-2.70658936754438,-2.48261669355675,-0.128768220504688,-0.061086524,1.6212363,-0.7641924,243.03625,78.652504,9.546879,WAL
1907087603000,119.570215,-2.7837846277678,-2.51156482797726,0.189662044033513,-0.20586158,1.5070046,-0.73548174,243.284,78.63202,9.628778,WAL
1907092872000,119.575484,-2.85980567485052,-2.5366702650299,0.493633296394274,-0.3268129,1.3854424,-0.7089091,243.55554,78.59409,9.706899,WAL
1907097508000,119.58012,-2.90002858189889,-2.52862568362022,0.594190627015764,-0.4560109,1.2751812,-0.68325275,243.79172,78.58422,9.778581,WAL
1907102524000,119.585136,-2.9435484485414,-2.51992171029172,0.702990361786556,-0.5882632,1.1795808,-0.6579019,244.07483,78.604645,9.798472,WAL
1907107272000,119.589884,-2.88745848107066,-2.44820915331906,0.70996744235546,-0.73456544,1.1081096,-0.6270532,244.32727,78.6524,9.8109455,WAL
1907112241000,119.594853,-2.81103366503212,-2.36159453559957,0.699777481070664,-0.86437434,1.0274754,-0.6020077,244.54376,78.719635,9.81981,WAL
1907117222000,119.599834,-2.77121088155738,-2.34284696022639,0.668662587336066,-0.97158116,0.9392053,-0.57787853,244.75491,78.80663,9.812421,WAL
1907122261000,119.604873,-2.73353919364754,-2.32871996048009,0.635699782971311,-1.0732902,0.86651236,-0.5369505,244.94044,78.91814,9.793974,WAL
1907127237000,119.609849,-2.67380447500505,-2.29295755055544,0.53800143598566,-1.174083,0.8378017,-0.5195409,245.11636,79.032074,9.785347,WAL
1907132191000,119.614803,-2.61151750580691,-2.25462713875985,0.432592738508382,-1.2421945,0.79198676,-0.4813618,245.25871,79.165634,9.76051,WAL
1907137236000,119.619848,-2.56500975791855,-2.32306175852187,0.562778237511312,-1.3466524,0.7431176,-0.43493605,245.38339,79.31374,9.735357,WAL
1907142209000,119.624821,-2.52111159426848,-2.40287649166248,0.718416998388637,-1.4721853,0.6914995,-0.38362336,245.48676,79.47585,9.698004,WAL
1907147209000,119.629821,-2.49467283102796,-2.55661762058911,0.919154236166783,-1.5870279,0.63132924,-0.33017266,245.54857,79.64823,9.65829,WAL
1907152219000,119.634831,-2.48512371818091,-2.78102314352672,1.1626579997552,-1.7052304,0.56230146,-0.26542094,245.58469,79.838745,9.600616,WAL
1907157219000,119.639831,-2.51447773271931,-3.10550017340872,1.52188516347802,-1.8325957,0.49327368,-0.1994475,245.65259,80.03823,9.522802,WAL
1907162229000,119.644841,-2.5822952509575,-3.52990661176363,1.99660785967536,-1.9556851,0.4269948,-0.13347405,245.6939,80.24997,9.426641,WAL
1907167237000,119.649849,-2.65008569633412,-3.95414362639066,2.47114104581434,-2.0723603,0.35308012,-0.048258353,245.75082,80.47063,9.302037,WAL
1907172307000,119.654919,-2.71871540041948,-4.38363277658216,2.95154904376254,-2.1749856,0.2452624,0.047647487,245.77219,80.70212,9.156042,WAL
1907177203000,119.659815,-2.77545722775682,-4.95175744355447,3.46319825473708,-2.233018,0.14782938,0.1740966,245.78067,80.95421,8.973728,WAL
1907182235000,119.664847,-2.75941863490126,-6.73203617051254,4.36135688673175,-2.234545,0.09193522,0.33017266,245.76358,81.22026,8.755551,WAL
1907187309000,119.669921,-2.58336636382243,-8.86141170899395,5.43224693689824,-2.1716259,0.08399397,0.52534413,245.87233,81.504814,8.486587,WAL
1907192243000,119.674855,-2.09300295233016,-11.5992740858749,6.80344839589699,-2.0402899,0.16982053,0.68111473,245.98601,81.81128,8.1875515,WAL
1907197195000,119.679807,-1.39120254684621,-14.0503086775337,8.38252950900071,-1.790446,0.27763826,0.8362745,246.2056,82.15554,7.843624,WAL
1907202227000,119.684839,0.0334834593500052,-15.5335432799433,10.6756886855928,-1.3148874,0.25167647,0.87872964,246.40273,82.50201,7.495619,WAL
1907207261000,119.689873,1.59552504989899,-16.8208962444444,12.4164078151515,-0.5739079,0.023518313,0.7528914,246.77072,82.695656,7.270905,WAL
1907212206000,119.694818,3.50416807828283,-17.5479980555556,12.6125340075758,0.33536503,-0.26847526,0.3136793,247.0936,82.740326,7.1326275,WAL
1907217206000,119.699818,5.1404132034632,-18.1794732034632,12.3261798354978,1.0586295,-0.31978795,-0.28344148,247.7358,82.15119,7.4198356,WAL
1907222228000,119.70484,6.00634553640299,-18.5390966273121,10.7551990208579,1.430341,-0.21685717,-0.61575216,248.30469,81.383675,7.7259374,WAL
1907227194000,119.709806,6.41405693238613,-18.5438846524587,9.23316232766022,1.5641204,0.19333886,-0.65209866,249.026,80.18718,8.358595,WAL
1907232191000,119.714803,5.40622134784361,-17.4396045509875,7.80097514860943,1.5561792,0.66950834,-0.67103547,249.76784,78.934265,9.001692,WAL
1907237244000,119.719856,4.34105968690655,-15.9765395347326,6.48264161934033,1.4450017,1.0259482,-0.6817256,250.43173,77.8325,9.634344,WAL
1907242224000,119.724836,3.16364368750625,-13.5740392048976,5.54356891769115,1.287704,1.2483032,-0.70005155,251.16568,76.80243,10.203804,WAL
1907247191000,119.729803,2.03890923129312,-11.1647782695644,4.74899466987976,1.0775663,1.3790283,-0.70402217,251.84473,76.05665,10.603213,WAL
1907252216000,119.734828,1.04760218294895,-8.6888821208358,4.36480375326237,0.82253003,1.4355333,-0.69974613,252.55435,75.376785,10.970971,WAL
1907257200000,119.739812,0.131626075524476,-6.42022045154845,4.0268987966034,0.54153204,1.4004086,-0.68875057,253.18842,74.873604,11.231701,WAL
1907262225000,119.744837,-0.560659389510489,-4.77604245954046,3.83459736778222,0.27030787,1.3038919,-0.6188065,253.81393,74.44109,11.462908,WAL
1907267194000,119.749806,-1.21294177036744,-3.42090076473726,3.63859628305018,0.008857546,1.1969905,-0.48899764,254.40567,74.13353,11.58899,WAL
1907272273000,119.754885,-1.76545750438562,-2.99330169121889,3.41758994930857,-0.1957823,1.0943651,-0.3231477,254.9646,73.89075,11.685674,WAL
1907277215000,119.759827,-2.28715550943789,-2.74394076173292,3.21006258068801,-0.3454443,1.0403035,-0.1328632,255.49211,73.73914,11.697326,WAL
1907282235000,119.764847,-2.75423254344205,-3.14905854402697,3.02895121278874,-0.49602258,1.0036516,0.058337633,255.98523,73.65956,11.66574,WAL
1907287220000,119.769832,-3.20136397912077,-3.66443575228739,2.89144785572095,-0.68416905,0.8885035,0.24129178,256.38943,73.71226,11.530844,WAL
1907292229000,119.774841,-3.57743300852436,-4.67839404723628,2.93905144916146,-0.8848383,0.6053675,0.3894266,256.72412,73.82472,11.36565,WAL
1907297217000,119.779829,-3.94435706660087,-5.82358969431504,3.01851080591196,-1.0781772,0.15363261,0.4868596,256.90024,74.09005,11.091633,WAL
1907302225000,119.784837,-4.27570773884722,-7.63655113639953,3.25518986457758,-1.1869112,-0.41691554,0.5458081,256.95285,74.39614,10.812029,WAL
1907307206000,119.789818,-4.61667167423546,-9.52877277373576,3.38627690235858,-1.1670581,-1.0665708,0.5821546,256.79788,74.808556,10.456424,WAL
1907312194000,119.794806,-5.02723970693584,-11.9635369088547,2.88500199494303,-1.0348058,-1.6077974,0.61758476,256.50687,75.22668,10.110906,WAL
1907317195000,119.799807,-5.41219383043134,-14.2543747458449,2.38050818579343,-0.79229224,-1.9376645,0.636827,256.07614,75.71152,9.694058,WAL
1907322244000,119.804856,-5.63224251729323,-15.6177201315789,1.85908854511278,-0.5296202,-1.9990565,0.6640105,255.56847,76.164795,9.282216,WAL
1907327199000,119.809811,-5.83212748416988,-16.8770336293436,1.42054725289575,-0.3924809,-1.949271,0.6933321,254.86652,76.79491,8.765087,WAL
1907332203000,119.814815,-5.91278070876151,-17.5554702126522,1.52966655458865,0.020463986,-1.7195857,0.7632761,254.20619,77.302605,8.23541,WAL
1907337197000,119.819809,-5.84556915738062,-18.1722323437686,1.56723574615811,0.6282749,-1.4541647,0.7812967,253.49239,77.84284,7.6698246,WAL
1907342209000,119.824821,-4.39047905113929,-18.2245395698435,0.934794614507628,1.2388347,-1.2690725,0.6939429,252.84006,78.249886,7.128491,WAL
1907347190000,119.829802,-2.95116297720553,-18.0309786936759,0.232836598077075,1.5280794,-1.35551,0.30879238,252.21121,78.52165,6.6700997,WAL
1907352230000,119.834842,-1.57755366779842,-14.835429444664,-1.37447710295059,1.432479,-1.3048081,-0.12675454,251.69733,78.68489,6.261656,WAL
1907357295000,119.839907,-0.28602297888848,-11.6742148150048,-2.89102563498548,0.95905846,-0.82436264,-0.3481932,251.30193,78.79947,6.0819793,WAL
1907362190000,119.844802,-0.140804095716651,-9.24179857032914,-3.13154446901258,0.24098633,-0.34513888,-0.47403142,250.9465,78.93637,6.0033245,WAL
1907367502000,119.850114,0.00691465543269781,-6.65281517518589,-3.34955446307912,-0.45478916,-0.38026363,-0.5558874,250.5989,79.16685,6.2499747,WAL
1907372280000,119.854892,-0.0454300367013346,-5.27440494489037,-2.73886634946616,-0.929126,-0.6713409,-0.5235115,250.30678,79.4909,6.477788,WAL
1907377195000,119.859807,-0.0992756126408008,-3.85647144093422,-2.11066792367969,-1.2156218,-1.0097603,-0.43585235,249.99109,79.8415,6.7508764,WAL
1907382221000,119.864833,-0.549176213637601,-3.0779735151052,-1.50636562940647,-1.4321736,-1.3439035,-0.35124752,249.57846,80.24293,7.011254,WAL
1907387528000,119.87014,-1.07136877668239,-2.36733843856744,-0.919181696029652,-1.6163495,-1.7015651,-0.2742785,249.04648,80.65735,7.243811,WAL
1907392203000,119.874815,-1.44205855982478,-2.2078555416771,-1.31142321566959,-1.7333301,-1.9914207,-0.18295415,248.5174,80.956215,7.46557,WAL
1907397195000,119.879807,-1.83788388548185,-2.03755851038799,-1.73026164690864,-1.8301523,-2.175902,-0.08155051,247.94711,81.24557,7.584626,WAL
1907402233000,119.884845,-2.23552095192537,-2.26256330583565,-2.44545406891624,-1.8646661,-2.2397375,0.021380283,247.3198,81.522026,7.66748,WAL
1907407191000,119.889803,-2.62664741579992,-2.5264558081977,-3.18058326347757,-1.9040669,-2.295937,0.1469131,246.63373,81.79366,7.703734,WAL
1907412194000,119.894806,-2.96927444050158,-2.99255532617496,-3.7682464989139,-1.9324722,-2.3588562,0.28588495,245.86447,82.09777,7.6636724,WAL
1907417184000,119.899796,-3.30428307656003,-3.4832721133985,-4.33445827122828,-1.9300288,-2.3835962,0.42363504,245.08115,82.36129,7.569534,WAL
1907422226000,119.904838,-3.4979374112329,-3.91604617605591,-4.74457504987932,-1.9205604,-2.3924537,0.5448918,244.14346,82.71697,7.283006,WAL
1907427176000,119.909788,-3.66478989463998,-4.33079400238335,-5.12118522687047,-1.9184223,-2.2944098,0.600786,243.23012,97.02713,6.957441,WAL
1907432206000,119.914818,-3.57313984327531,-4.67507325939901,-5.15926888738695,-1.9080375,-2.0925188,0.71685034,242.25983,96.817024,6.489443,WAL
1907437186000,119.919798,-3.44327599148109,-5.00437078327336,-5.1453546230672,-1.8979583,-1.8637499,0.8231409,241.33383,96.78155,5.993348,WAL
1907442201000,119.924813,-3.33755823564826,-5.44690390592056,-4.84007929506204,-1.8735237,-1.6649132,0.9737192,240.4109,96.91548,5.4120283,WAL
1907447176000,119.929788,-3.23837304141894,-5.91109091816138,-4.47111044378383,-1.8570304,-1.5121969,1.1258247,239.55646,97.23061,4.7926016,WAL
1907452226000,119.934838,-3.12425845475072,-6.62164361910602,-4.05185214294556,-1.8255708,-1.3952162,1.2727377,238.77362,97.70452,4.162864,WAL
1907457285000,119.939897,-2.99098879737536,-7.67114177955301,-3.56874959147278,-1.813659,-1.280679,1.4239268,238.05276,98.29867,3.4895198,WAL
1907462203000,119.944815,-2.6032507337396,-8.5464334739893,-3.41574196757828,-1.8081611,-1.138042,1.6279559,237.41617,98.95645,2.8869538,WAL
1907467217000,119.949829,-2.08462472238407,-9.36957383516647,-3.4109839339675,-1.7886134,-0.95417154,1.8771889,236.83743,99.65763,2.237594,WAL
1907472218000,119.95483,-1.64395566439869,-10.3828016481647,-3.14751429694619,-1.7580702,-0.8549059,2.0818288,236.36786,100.287926,1.5290407,WAL
1907477200000,119.959812,-1.24529070193972,-11.493368393017,-2.74884938404456,-1.7635679,-0.8491027,2.1945333,235.93967,100.96465,0.7920846,WAL
1907482544000,119.965156,-0.614220099670383,-13.1286324037809,-2.65426099491032,-1.7986927,-0.87017757,2.2278256,235.59158,101.63202,0.12781854,WAL
1907487550000,119.970162,0.0736462410489579,-14.8715371849733,-2.7239771279205,-1.8252654,-0.8677341,2.211332,235.26305,102.3175,-0.53745663,WAL
1907492405000,119.975017,0.534705812270101,-15.3931820146321,-2.94478687167345,-1.8249599,-0.79198676,2.132836,235.04233,102.89251,-1.1101699,WAL
1907497522000,119.980134,0.896705324028791,-15.2400279608864,-3.26965821843925,-1.7666223,-0.57604593,1.9611828,234.8594,103.45873,-1.6284643,WAL
1907502759000,119.985371,1.26844221626714,-14.7356828374856,-3.26558083531875,-1.6701056,-0.24984388,1.7311921,234.7861,103.90928,-1.9255451,WAL
1907507990000,119.990602,1.64076873036742,-13.9490777149587,-2.98764695782477,-1.5745052,0.12797627,1.505172,234.77554,104.328255,-2.1531622,WAL
1907513023000,119.995635,1.84411730140928,-13.1499088179683,-2.43599832225484,-1.5216653,0.4297437,1.2635747,234.7969,104.74406,-2.2104833,WAL
1907517947000,120.000559,1.98256767142298,-12.3515114689763,-1.78528155427677,-1.5106697,0.5717699,1.001819,234.85698,105.12238,-2.1895654,WAL
1907522247000,120.004859,2.02776319706863,-11.5900306132619,-1.15533094230688,-1.5115861,0.5864306,0.86345804,234.96518,105.454094,-2.0608766,WAL
1907527209000,120.009821,2.02295979247953,-10.6629727250581,-0.381982258759729,-1.5180001,0.4392121,0.5849035,235.03279,105.761154,-1.8342718,WAL
1907532222000,120.014834,1.77669099761789,-9.88939582240728,0.0679946776907137,-1.5555683,0.032986723,0.3475823,235.05751,106.0073,-1.5928224,WAL
1907537242000,120.019854,1.32046890601336,-9.25627159465479,0.230931148561247,-1.609019,-0.5687156,0.19761491,234.97116,106.25175,-1.3370711,WAL
1907542263000,120.024875,0.841425724385828,-8.67336602085828,-0.0370704598183633,-1.6526959,-1.2250903,0.055588737,234.79962,106.44108,-1.0826544,WAL
1907547226000,120.029838,0.343360072250299,-8.15158284850299,-0.767566712898204,-1.7073684,-1.7950275,-0.08674286,234.47766,106.646385,-0.83685434,WAL
1907552250000,120.034862,-0.125126772182193,-7.77869698121837,-1.56652323124649,-1.7467692,-2.1526892,-0.20280726,234.03424,106.882996,-0.71181273,WAL
1907557255000,120.039867,-0.551887058336832,-7.58103963379569,-2.42902822042174,-1.7626517,-2.2559254,-0.28160888,233.5006,107.12515,-0.58894855,WAL
1907562457000,120.045069,-0.961810950176449,-7.41013604025817,-3.04493002465639,-1.7189748,-2.2046127,-0.3304781,232.84033,107.49996,-0.57532495,WAL
1907567253000,120.049865,-1.28598514137259,-7.30776535790305,-3.16436258390602,-1.643533,-2.022575,-0.32925636,232.18968,107.86532,-0.5580915,WAL
1907572321000,120.054933,-1.59915933486661,-7.231669850046,-3.23635267884085,-1.5769486,-1.9272798,-0.29810223,231.41827,108.36333,-0.6198894,WAL
1907577364000,120.059976,-1.79169105381785,-7.28597346994787,-3.08825142398037,-1.5531249,-1.9303342,-0.22693644,230.67839,108.84639,-0.69598764,WAL
1907582388000,120.065,-1.96702040715266,-7.38886000823045,-2.92541511606898,-1.5448782,-1.9837849,-0.1563815,229.95317,109.359085,-0.8612082,WAL
1907587639000,120.070251,-2.10005695661376,-7.64507855555556,-2.70861477513227,-1.5140295,-2.043955,-0.067500606,229.23778,109.85358,-1.0588762,WAL
1907592958000,120.07557,-2.17093203644026,-7.87508113262271,-2.52051382469013,-1.496009,-2.0525072,0.01282817,228.54791,110.332375,-1.3264779,WAL
1907597932000,120.080544,-2.10401780332176,-8.02858998487853,-2.41030219980169,-1.4886786,-1.9935588,0.07513642,227.87134,110.80193,-1.6158235,WAL
1907603643000,120.086255,-2.02181297152359,-8.20140874163376,-2.28221803038869,-1.4865406,-1.8945986,0.14508049,227.2372,111.232834,-1.949813,WAL
1907607311000,120.089923,-1.88673443043026,-8.25982150821035,-2.1763456819788,-1.5015068,-1.7718146,0.22327125,226.6363,111.6646,-2.29472,WAL
1907612244000,120.094856,-1.70507073271669,-8.3383793537726,-2.03396065070671,-1.5192219,-1.6392568,0.28771752,226.0938,112.06161,-2.6237555,WAL
1907617736000,120.100348,-1.48591276354737,-8.29437148486753,-1.83323043013022,-1.5283848,-1.5164729,0.33017266,225.5903,112.458176,-2.9547412,WAL
1907623831000,120.106443,-1.23953469075887,-8.22098188271217,-1.60257860682533,-1.5161675,-1.412015,0.36896262,225.12627,112.851555,-3.2880988,WAL
1907627283000,120.109895,-1.11608811361038,-8.16491639809164,-1.49155864860021,-1.502423,-1.3747523,0.3857614,224.713,113.2152,-3.5805259,WAL
1907632294000,120.114906,-0.939434368991572,-8.08123832897414,-1.33350006820692,-1.4801265,-1.2846496,0.42119157,224.34944,113.57063,-3.8688278,WAL
1907637456000,120.120068,-0.839170809167502,-8.00187668856942,-1.15611496460429,-1.4401149,-1.2000448,0.4538729,224.02908,113.87598,-4.1139073,WAL
1907643238000,120.12585,-0.794792464721499,-7.91866738323983,-0.945317772009617,-1.3762794,-1.0876455,0.5006041,223.74657,114.16621,-4.356502,WAL
1907647918000,120.13053,-0.803481356219756,-7.96450672684911,-0.804758096152892,-1.2812898,-1.0537425,0.5112942,223.49252,114.40629,-4.561004,WAL
1907652259000,120.134871,-0.826407063852623,-8.04474667214448,-0.684398085447026,-1.246776,-1.0015136,0.5381723,223.28073,114.64464,-4.7646,WAL
1907657313000,120.139925,-0.853098270113049,-8.1381658574757,-0.544269199451299,-1.1682798,-0.9388999,0.56382865,223.09062,114.81711,-4.9553194,WAL
1907662253000,120.144865,-0.912848751615854,-8.23268648038618,-0.539379572772358,-1.097114,-0.8402451,0.5925393,222.92749,114.98061,-5.140732,WAL
1907667261000,120.149873,-0.990833541371951,-8.3301679129065,-0.602742213813008,-1.0302242,-0.74464476,0.61758476,222.78271,115.121994,-5.3218474,WAL
1907672385000,120.154997,-1.07030517858947,-8.39503025411741,-0.61904470818834,-0.96577793,-0.66553766,0.6356053,222.66852,115.20648,-5.49841,WAL
1907677256000,120.159868,-1.1457197950389,-8.44216432787714,-0.614331305734061,-0.92087936,-0.63621616,0.6612616,222.56992,115.27838,-5.67471,WAL
1907682306000,120.164918,-1.22869319867782,-8.48115952071067,-0.676786741653755,-0.9053023,-0.64965516,0.68569624,222.4918,115.3593,-5.8568125,WAL
1907687368000,120.16998,-1.31382102156802,-8.51621181840719,-0.766922096148125,-0.9114109,-0.6783658,0.713796,222.42047,115.434616,-6.0412693,WAL
1907692260000,120.174872,-1.37810167837125,-8.62081875969144,-0.879149175741627,-0.95356065,-0.7480045,0.74097955,222.33134,115.51726,-6.2497706,WAL
1907697238000,120.17985,-1.43861852586661,-8.74650779123133,-1.00018293392344,-1.0042624,-0.8371908,0.7687739,222.23257,115.605316,-6.467406,WAL
1907702216000,120.184828,-1.46591806065623,-8.88436660656228,-1.14697327417971,-1.0534371,-0.9193522,0.78801614,222.11357,115.724236,-6.708046,WAL
1907707225000,120.189837,-1.48027036678967,-9.02788966789668,-1.30484879151292,-1.106277,-1.0094548,0.8127562,221.97289,115.85968,-6.9643445,WAL
1907712199000,120.194811,-1.46737797039275,-9.19183068429003,-1.39460007697885,-1.1646146,-1.0864239,0.83108217,221.8096,116.02324,-7.237071,WAL
1907717194000,120.199806,-1.44329130574018,-9.36525477039275,-1.45722540507553,-1.2269229,-1.1212431,0.8393288,221.6355,116.20216,-7.5143046,WAL
1907722279000,120.204891,-1.41173042278481,-9.56274461121157,-1.38629038725136,-1.25319,-1.1930199,0.840856,221.43149,116.40094,-7.7971325,WAL
1907727183000,120.209795,-1.37870325879044,-9.76090779224432,-1.26833618086196,-1.2928963,-1.2589933,0.8436049,221.22131,116.61879,-8.08113,WAL
1907732200000,120.214812,-1.34226129702932,-10.0510179223727,-1.16735280704198,-1.3332134,-1.303281,0.82863873,221.00407,116.835495,-8.347588,WAL
1907737251000,120.219863,-1.30456972846986,-10.3761080947696,-1.07312383644687,-1.3671165,-1.3115277,0.79779,220.7778,117.057304,-8.609753,WAL
1907742218000,120.22483,-1.30420028461883,-10.7149840446069,-0.852858771060719,-1.3680327,-1.2782356,0.76144356,220.56395,117.2424,-8.848645,WAL
1907747207000,120.229819,-1.32083217016261,-11.0642537402656,-0.572492487101298,-1.3267993,-1.2040154,0.7281514,220.35559,117.420425,-9.072277,WAL
1907752211000,120.234823,-1.3375140613755,-11.4145735552738,-0.29128324979263,-1.2672399,-1.1273518,0.6948592,220.16467,117.54419,-9.256282,WAL
1907757231000,120.239843,-1.35424929196877,-11.7660134975881,-0.00917486224476599,-1.1673635,-1.0708468,0.67011917,219.98514,117.642914,-9.424252,WAL
1907762187000,120.244799,-1.31670396971525,-11.9681364251533,0.181854220154242,-1.0442741,-1.0372492,0.6569856,219.81845,117.71782,-9.57615,WAL
1907767195000,120.249807,-1.25031588365632,-12.0961706936919,0.328856400102828,-0.8677341,-1.0677924,0.67347896,219.65092,117.75246,-9.727884,WAL
1907772256000,120.254868,-1.08107172043526,-12.2313821042051,0.175867399033567,-0.6365216,-1.1044444,0.6939429,219.51263,117.612045,-9.851307,WAL
1907777195000,120.259807,-0.858617593655478,-12.366599298875,-0.14254728930284,-0.35338554,-1.1328496,0.7141015,219.37132,117.41962,-9.978967,WAL
1907782209000,120.264821,-0.527624475523316,-12.3849427137824,-0.636482499154404,-0.028405234,-1.0711522,0.70554936,219.26158,117.13094,-10.071728,WAL
1907787486000,120.270098,-0.0510597538860103,-12.2592549637306,-1.36442199906736,0.29260445,-0.8921687,0.63224554,219.17134,116.774796,-10.139256,WAL
1907792229000,120.274841,0.489196434030438,-11.9247291104669,-1.97296090373745,0.552833,-0.6423248,0.5308419,219.14693,116.373,-10.116932,WAL
1907797216000,120.279828,1.14682327970804,-11.395661022052,-2.57619754170204,0.66859204,-0.35124752,0.41416663,219.17293,115.92901,-10.04645,WAL
1907802225000,120.284837,1.66181201327692,-11.0925689611905,-3.01315332740006,0.6407976,-0.064446285,0.2947425,219.30981,115.523224,-9.820729,WAL
1907807251000,120.289863,2.08316915048147,-10.9380716473106,-3.34087561040755,0.4605924,0.18417588,0.17348573,219.50163,115.12784,-9.544164,WAL
1907812233000,120.294845,2.20563698149833,-11.0992462138308,-3.3311311585684,0.19272798,0.344528,0.042760566,219.8233,114.850746,-9.070139,WAL
1907817231000,120.299843,2.08949535644525,-11.5154202902639,-3.05045558574462,-0.076358154,0.38026363,-0.02107485,220.16576,114.62773,-8.589102,WAL
1907822245000,120.304857,1.73208493232442,-11.9443604939759,-2.44724242766187,-0.19730948,0.34147367,-0.14721853,220.52817,114.42799,-8.036331,WAL
1907827221000,120.309833,1.19994881642668,-12.3784715301205,-1.61169530884514,-0.40103304,0.20341812,-0.25595254,220.85681,114.33,-7.499451,WAL
1907832216000,120.314828,0.588765121224102,-12.591515816635,-0.768346342258032,-0.54702985,0.004276057,-0.35094208,221.15356,114.212036,-6.9483514,WAL
1907837233000,120.319845,-0.0941145766049445,-12.6059431439295,0.0828488196326695,-0.5720753,-0.21166481,-0.40683624,221.39336,114.121155,-6.420242,WAL
1907842221000,120.324833,-0.604181949722139,-12.5999984781396,0.534529085833084,-0.48380527,-0.37843102,-0.4382958,221.53049,113.91425,-6.0137725,WAL
1907847226000,120.329838,-0.966977068395578,-12.5761303952794,0.639548725186734,-0.30207285,-0.4364632,-0.42332962,221.63968,113.697334,-5.629795,WAL
1907852316000,120.334928,-1.14419741576311,-12.6422470203849,0.655349457982603,-0.076358154,-0.42241332,-0.40194935,221.65974,113.357765,-5.3938766,WAL
1907857320000,120.339932,-1.15261887384237,-12.7854117197962,0.592188478420174,0.15821409,-0.36926803,-0.37232238,221.6827,112.97543,-5.1705465,WAL
1907862303000,120.344915,-1.11580732756588,-13.0168844452469,0.537280745256686,0.3735441,-0.2996294,-0.3491095,221.68102,112.549255,-5.017986,WAL
1907867308000,120.34992,-0.952073466429826,-13.4987297560999,0.504533972052508,0.548557,-0.22510384,-0.3726278,221.699,112.077286,-4.856317,WAL
1907872313000,120.354925,-0.780236738567713,-13.9924426255251,0.498459491758352,0.72173727,-0.17012598,-0.41386122,221.7421,111.55829,-4.6934943,WAL
1907877322000,120.359934,-0.578721502246449,-14.5298164420884,0.589621162507502,0.88514376,-0.15485434,-0.49480084,221.79437,111.0007,-4.5121193,WAL
1907882334000,120.364946,-0.369473391684363,-15.0084254975869,0.617035722612934,1.0546589,-0.13530666,-0.58001655,221.89363,110.37079,-4.281874,WAL
1907887309000,120.369921,-0.134929441756757,-15.2751618513514,0.419282963756757,1.2009611,-0.07574729,-0.6774496,222.00584,109.71209,-4.0256042,WAL
1907892311000,120.374923,0.105878974692908,-15.4425806082668,0.232350689009594,1.3509285,-0.017104227,-0.7849618,222.16013,108.97186,-3.701145,WAL
1907897315000,120.379927,0.376578123388326,-15.0086028419259,0.11633677525473,1.5060883,0.043982297,-0.8927795,222.33047,108.20547,-3.352467,WAL
1907902329000,120.384941,0.647818237608715,-14.5737578138617,9.10191462386908e-05,1.6392568,0.09285152,-0.9984592,222.5275,107.42147,-2.9425163,WAL
1907907333000,120.389945,0.586698256406507,-14.2187110132825,0.123856058594574,1.7647897,0.09010262,-1.1181889,222.72498,106.616516,-2.5099611,WAL
1907912350000,120.394962,0.495175747553542,-13.8699360127677,0.269797346296334,1.9257526,0.043982297,-1.2327261,222.92468,105.78712,-2.0610268,WAL
1907917312000,120.399924,0.404656574954695,-13.5249845372735,0.414138719542525,2.1053472,0.013744468,-1.3096951,223.15938,104.97668,-1.5586294,WAL
1907922522000,120.405134,0.288042220477975,-13.1363987683038,0.56808551744,2.2180517,-0.040927973,-1.3732251,223.37666,104.16749,-1.047369,WAL
1907927320000,120.409932,-0.0935132707341772,-12.4430846101266,0.740250808,2.488054,-0.048258353,-1.3924674,223.60692,103.29498,-0.53954506,WAL
1907932415000,120.415027,-0.536011245478136,-11.7531674565113,0.914223802988948,2.803566,-0.004276057,-1.4104879,223.82187,102.39043,-0.054313667,WAL
1907937288000,120.4199,-1.41509682995099,-11.6589796959154,0.97253047267852,3.1422908,0.051923547,-1.428203,224.0509,101.43813,0.42531124,WAL
1907942658000,120.42527,-2.36881066043025,-11.5820866681593,1.01568031645478,3.465744,0.1133155,-1.4379768,224.2239,100.402855,0.83421576,WAL
1907947312000,120.429924,-2.87208841255719,-12.0940416182225,0.599174534630585,3.7015378,0.15454891,-1.4712689,224.42213,99.33886,1.2486147,WAL
1907952319000,120.434931,-3.41353914416431,-12.6448277022291,0.151077317270515,3.8096611,0.23579398,-1.5121969,224.57445,98.238655,1.5344743,WAL
1907957332000,120.439944,-3.91350668212565,-13.198707357788,-0.536273346507427,3.769955,0.3717115,-1.5317446,224.77405,97.16245,1.821428,WAL
1907962258000,120.44487,-4.40116837206945,-13.7431841098956,-1.23225657509835,3.628845,0.535118,-1.543351,225.02344,96.15041,2.1140215,WAL
1907967349000,120.449961,-4.9359618372582,-14.1494139343987,-1.91453173507149,3.4132094,0.6377433,-1.5381587,225.2482,95.27838,2.3207042,WAL
1907972327000,120.454939,-5.46165608188954,-14.5325468836557,-2.57833205578918,3.1844406,0.6994407,-1.5036448,225.52507,94.53191,2.5196798,WAL
1907977322000,120.459934,-6.02967920726172,-14.8991932889561,-3.11472232284418,2.9507847,0.70829827,-1.4514158,225.73999,93.973785,2.635877,WAL
1907982249000,120.464861,-6.6007525820402,-15.2561143478496,-3.60931262118003,2.7235427,0.70188415,-1.4031575,225.98079,93.552284,2.7422013,WAL
1907987298000,120.46991,-7.11659368658452,-15.4516024532282,-3.31472585102021,2.5216517,0.6215554,-1.3539828,226.13786,93.253174,2.755857,WAL
1907992261000,120.474873,-7.61789259434204,-15.6296335063578,-2.95866305987186,2.4193318,0.4456262,-1.323745,226.27473,93.03168,2.763946,WAL
1907997314000,120.479926,-7.96378918211908,-15.8917867001141,-2.76011050366178,2.3985624,0.16218472,-1.3341297,226.30453,92.84599,2.707682,WAL
1908002292000,120.484904,-8.28572270131254,-16.1593085108427,-2.58327384786951,2.3490822,-0.07086037,-1.5060883,226.30557,92.75226,2.6967037,WAL
1908007334000,120.489946,-7.98702040613027,-15.7415909808429,-2.93938243065134,2.1310034,-0.15424347,-1.7088956,226.27727,92.65734,2.6482744,WAL
1908012251000,120.494863,-7.54328877829554,-15.1662032029616,-3.41724695904525,1.9046779,-0.047036625,-1.7898352,226.24506,87.37672,2.621778,WAL
1908017312000,120.499924,-6.64184095237197,-14.2458253630105,-3.4623619833632,1.4902058,0.30482176,-1.8038851,226.27808,87.380714,2.6006916,WAL
1908022338000,120.50495,-5.674913067811,-13.2788979524663,-3.43512459952844,1.3274102,0.45265114,-1.7605137,226.28798,87.35221,2.592795,WAL
1908027318000,120.50993,-4.56863474369679,-12.4678708857319,-3.5318347632988,1.1887437,0.56077427,-1.6279559,226.31856,87.310905,2.6281438,WAL
1908032294000,120.514906,-3.41504078805006,-11.7053255547236,-3.66870186614012,1.2800682,0.7431176,-1.4511104,226.41151,87.286865,2.6402593,WAL
1908037310000,120.519922,-2.45167328176399,-11.3319946514855,-3.12223525508056,1.4773777,1.0390818,-1.2742649,226.55466,87.18125,2.7387674,WAL
1908042353000,120.524965,-1.53406587282295,-11.0576121465959,-2.39804514337338,1.6658295,1.287093,-1.1856894,226.73395,87.09614,2.809599,WAL
1908047320000,120.529932,-0.725781573475364,-10.9053112172859,-1.69587517549475,1.8414533,1.389413,-1.1685852,226.93132,86.89832,2.9965487,WAL
1908052379000,120.534991,0.0471336622374799,-10.8123653731826,-0.98655418509693,1.9449949,1.4697418,-1.2040154,227.19118,86.704994,3.1686423,WAL
1908057384000,120.539996,0.602314998900656,-10.5778980246092,-0.779408123154816,1.9587394,1.486846,-1.2660183,227.51665,86.35194,3.4579608,WAL
1908062321000,120.544933,1.05533227655068,-10.2822446717095,-0.798482550045386,1.9440787,1.5234979,-1.2797627,227.87175,85.99559,3.736411,WAL
1908067316000,120.549928,1.20327601634427,-10.0631320504626,-0.866202968578637,1.9614882,1.7095064,-1.2421945,228.33612,85.50039,4.1007905,WAL
1908072367000,120.554979,1.21231674465003,-9.87779702579198,-0.95661031771797,2.0409007,1.9712621,-1.1771374,228.83592,85.00124,4.450363,WAL
1908077318000,120.55993,1.27763410815419,-9.64641387175686,-1.0406276017791,2.1325307,2.1230621,-1.1279627,229.36833,84.458694,4.851949,WAL
1908082343000,120.564955,1.38975062250344,-9.37121862660172,-1.122166860754,2.1233675,2.240043,-1.0790935,229.96735,83.93954,5.222383,WAL
1908087308000,120.56992,1.44596521625013,-9.02631267299006,-1.21896034716451,2.0463986,2.320677,-1.0100657,230.52008,83.419464,5.568932,WAL
1908092327000,120.574939,1.47491184410318,-8.640357467028,-1.32509826809194,1.9614882,2.363743,-0.9456194,231.0961,82.91689,5.8926063,WAL
1908097316000,120.579928,1.33921109099872,-8.24233224568668,-1.49247495742877,1.9398025,2.3793201,-0.8729264,231.67676,82.429794,6.1944404,WAL
1908102310000,120.584922,1.12231058799172,-7.83682220289855,-1.69051455569358,1.9168952,2.3710735,-0.78984874,232.2605,81.978004,6.4676175,WAL
1908107313000,120.589925,0.809059934914343,-7.46146287474104,-1.90850876450199,1.8793269,2.3765712,-0.70952,232.80063,81.536415,6.7222714,WAL
1908112321000,120.594933,0.441234216444223,-7.10319095378486,-2.13780273804781,1.822211,2.3823745,-0.6395759,233.33566,81.122475,6.9507394,WAL
1908117314000,120.599926,0.0803538212775622,-6.79446653148481,-2.32199181472509,1.7666223,2.3585508,-0.6072,233.82532,80.75467,7.141224,WAL
1908122331000,120.604943,-0.278849396452162,-6.51256027121226,-2.48113241259582,1.7287487,2.3209825,-0.5696318,234.3088,80.41368,7.306929,WAL
1908127321000,120.609933,-0.57317748580588,-6.24115364368642,-2.60344790173588,1.6557503,2.2809708,-0.5381723,234.76273,80.15166,7.4192977,WAL
1908132315000,120.614927,-0.809743834418105,-5.97780634436771,-2.69271825010733,1.6163495,2.2672265,-0.49968776,235.2096,79.9029,7.5169716,WAL
1908137293000,120.619905,-1.04007520645291,-5.72893627203065,-2.74496115048397,1.5830573,2.2537873,-0.47891834,235.62978,79.72135,7.5641046,WAL
1908142355000,120.624967,-1.26491671139343,-5.49920680842912,-2.73518548835451,1.5488489,2.232407,-0.46761733,236.03984,79.556,7.6025763,WAL
1908147332000,120.629944,-1.49417198404817,-5.3010388702303,-2.69540472047327,1.5112807,2.175902,-0.4569272,236.42354,79.42827,7.594421,WAL
1908152321000,120.634933,-1.73644722651595,-5.14456926272977,-2.60959876927953,1.4584408,2.1224513,-0.4529566,236.79901,79.313385,7.584851,WAL
1908157336000,120.639948,-1.91365911806427,-4.97552298816945,-2.56193747881888,1.3869696,2.0570886,-0.47433686,237.15842,79.22248,7.555131,WAL
1908162314000,120.644926,-2.02406739201969,-4.79610982520506,-2.55273684936794,1.2980887,2.0360138,-0.47647488,237.51132,79.15272,7.51873,WAL
1908167305000,120.649917,-2.15157682923954,-4.67667721978778,-2.4835976915897,1.2281445,2.0323486,-0.4813618,237.85703,79.094826,7.458456,WAL
1908172331000,120.654943,-2.30290881025742,-4.63884405169974,-2.33226575995284,1.1658363,2.021353,-0.50579643,238.19156,79.05125,7.405391,WAL
1908177292000,120.659904,-2.43423327526851,-4.56032474152063,-2.11739734157716,1.074512,2.019826,-0.5531385,238.53223,79.02962,7.344721,WAL
1908182314000,120.664926,-2.53845207713397,-4.41532468787451,-1.79567834095534,0.97249746,2.017077,-0.59803706,238.8662,79.02113,7.290844,WAL
1908187269000,120.669881,-2.63903117602131,-4.2669011357016,-1.45242565133215,0.84482664,1.9990565,-0.6389651,239.19958,79.015945,7.22828,WAL
1908192329000,120.674941,-2.73522943660015,-4.09981984053913,-1.02712776103855,0.68691796,1.9746219,-0.6930266,239.52728,79.02952,7.1829658,WAL
1908197249000,120.679861,-2.81109454096639,-3.93649007184874,-0.660417369810924,0.5155703,1.9807305,-0.72387534,239.85179,79.00622,7.1528773,WAL
1908202321000,120.684933,-2.85482836329532,-3.76641458661465,-0.373718678030212,0.37690386,1.9859229,-0.73426,240.16339,79.00408,7.133951,WAL
1908207296000,120.689908,-2.8692841148023,-3.63000364510232,-0.0915248147526326,0.23640485,1.9743165,-0.7367035,240.5097,78.97367,7.1095877,WAL
1908212321000,120.694933,-2.83103765468905,-3.54873013576396,0.195322707575005,0.1001819,1.9587394,-0.7330383,240.84848,78.971344,7.08767,WAL
1908217243000,120.699855,-2.79931082497147,-3.48214746547461,0.466368798958532,0.031154128,1.924531,-0.7284568,241.2586,78.96212,7.025582,WAL
1908222349000,120.704961,-2.77838193122028,-3.44028972653605,0.726817132040137,-0.0983493,1.8689423,-0.7147123,241.6494,78.997734,6.9628487,WAL
1908227247000,120.709859,-2.75830560501712,-3.40013712071524,0.976655740624881,-0.22449298,1.7895297,-0.6960809,242.08408,79.01131,6.8847947,WAL
1908232315000,120.714927,-2.73753246879874,-3.35859089648088,1.23516575865418,-0.3622431,1.7256943,-0.6585127,242.49875,79.061455,6.7998705,WAL
1908237274000,120.719886,-2.70453974341239,-3.32887946872845,1.48049365109184,-0.5006041,1.5827519,-0.659429,242.87094,79.14009,6.7194276,WAL
1908242332000,120.724944,-2.58307412734302,-3.37442905493679,1.6778753498694,-0.6365216,1.3842206,-0.6401868,243.19891,79.25821,6.628817,WAL
1908247300000,120.729912,-2.46037113750122,-3.38893038431181,1.81386049356257,-0.72418076,1.219287,-0.6215554,243.58572,79.31118,6.5437737,WAL
1908252345000,120.734957,-2.32350152447983,-3.2945374831689,1.74306584234639,-0.8219192,1.0705414,-0.59040123,243.91351,79.401306,6.4575334,WAL
1908257344000,120.739956,-2.17961421775586,-3.21617560068292,1.66349398571564,-0.9184359,0.947452,-0.5589417,244.23792,79.47922,6.378459,WAL
1908262295000,120.744907,-1.99972320406905,-3.20718110400266,1.54206759961112,-1.029308,0.84879726,-0.5317582,244.52083,79.58567,6.2969522,WAL
1908267375000,120.749987,-1.81599719405791,-3.20919182269042,1.41179545232071,-1.1233811,0.77121735,-0.4990769,244.7688,79.71098,6.230721,WAL
1908272340000,120.754952,-1.64655813187528,-3.34474304589755,1.21694045561693,-1.2144,0.7012733,-0.4596761,244.98476,79.86452,6.158616,WAL
1908277289000,120.759901,-1.47766509688196,-3.47985744743875,1.02271339042316,-1.3048081,0.65087694,-0.41416663,245.17311,80.04852,6.102044,WAL
1908282281000,120.764893,-1.52056238645603,-3.64228278611391,1.17061284716241,-1.4052955,0.59589905,-0.38331795,245.33469,80.256355,6.0413656,WAL
1908287307000,120.769919,-1.6125856244516,-3.81179947945261,1.39824942971423,-1.5039502,0.49846604,-0.34422258,245.46301,80.48991,5.9690185,WAL
1908292287000,120.774899,-1.77535817132804,-4.11499604304815,1.7191798226601,-1.5919148,0.38545597,-0.29718593,245.53418,80.76486,5.918951,WAL
1908297283000,120.779895,-1.95333063864482,-4.4468904637177,2.06069456945813,-1.6914859,0.26236662,-0.25167647,245.56871,81.06416,5.8616524,WAL
1908302288000,120.7849,-2.16035398128255,-4.98080389022179,2.48399007391514,-1.7681495,0.12767084,-0.18784106,245.59586,81.36742,5.768554,WAL
1908307259000,120.789871,-2.37152949141755,-5.55005980077146,2.92011335274831,-1.8478674,0.06383542,-0.124005646,245.6022,81.694824,5.6641603,WAL
1908312324000,120.794936,-2.60914125678531,-6.42994643016749,3.57435805635706,-1.9220876,-0.037873644,-0.0720821,245.58783,82.016655,5.5174236,WAL
1908317333000,120.799945,-2.85109240239817,-7.39318561515036,4.28651592047963,-1.9498819,-0.13225232,0.035124753,245.54926,82.36371,5.3393683,WAL
1908327328000,120.80994,-2.6695314010976,-10.3111367056462,6.30751253077227,-1.9437732,-0.17715092,0.30451632,245.48528,83.05515,4.834049,WAL
1908332337000,120.814949,-1.862896603889,-12.2611769163517,7.7578432047046,-1.7773124,-0.06811147,0.44501534,245.53448,83.34631,4.4814625,WAL
1908337389000,120.820001,-0.693527891615278,-14.4411108964591,9.42768231236324,-1.4544702,0.08674286,0.47891834,245.59268,83.58807,4.1296997,WAL
1908342360000,120.824972,0.557108565953964,-15.910471646445,10.7135406024552,-0.91996306,0.1282817,0.40744713,245.75766,83.53944,3.827808,WAL
1908347450000,120.830062,1.89357031306394,-17.0374882510486,11.8305828899233,-0.25534168,0.10781772,0.20799962,245.93912,83.349205,3.5645926,WAL
1908352226000,120.834838,2.86510406311874,-17.7325728407564,11.5769615521339,0.3454443,0.0693332,0.03848451,246.29774,82.62167,3.5795214,WAL
1908357310000,120.839922,3.76571777249147,-18.3011166080397,10.6914424420792,0.7247916,0.20341812,-0.12980886,246.6837,81.80183,3.6397638,WAL
1908362244000,120.844856,4.3979389599042,-18.6436489845325,9.37623858716695,0.8738427,0.5381723,-0.28160888,247.25522,80.68892,3.9848228,WAL
1908367232000,120.849844,4.95089945135216,-18.9153623329009,7.8841984207165,0.91782504,0.98349303,-0.37568212,247.87804,79.590225,4.3111963,WAL
1908372272000,120.854884,4.73727115934066,-18.0606521253746,6.81949952267732,0.9080512,1.3726143,-0.4202753,248.53549,78.64706,4.734578,WAL
1908377233000,120.859845,4.23890872527473,-16.7981341242757,5.93668654949051,0.8741482,1.6264287,-0.46639562,249.26651,77.7548,5.1249146,WAL
1908382228000,120.86484,3.39617343168568,-15.1018595050697,5.27507279188847,0.8136725,1.7330247,-0.4905248,249.96495,77.11522,5.5067387,WAL
1908387254000,120.869866,2.41539919387735,-13.2294721322511,4.69787052685971,0.71868294,1.7327193,-0.49205196,250.68549,76.523224,5.8519955,WAL
1908392276000,120.874888,1.37869405202322,-11.1882298855856,4.4163767023023,0.59742624,1.6740762,-0.48258355,251.37979,76.06662,6.13248,WAL
1908397231000,120.879843,0.328931217051251,-9.09345453198198,4.27862522232232,0.42943826,1.557401,-0.4578435,252.04202,75.66214,6.393278,WAL
1908402269000,120.884881,-0.650054514813641,-7.4587550179635,4.26418163025937,0.22693644,1.3900238,-0.39095375,252.63974,75.37706,6.548319,WAL
1908407337000,120.889949,-1.59185297293545,-6.05538180766571,4.31080518553314,-0.010995574,1.1899655,-0.28924468,253.18259,75.155106,6.6889906,WAL
1908412288000,120.8949,-2.38807216746225,-5.27801936150024,4.2110074084754,-0.27855456,1.099252,-0.22937989,253.67346,75.00162,6.6996217,WAL
1908417317000,120.899929,-3.11530770034096,-4.87921290064296,4.01394997506089,-0.40530908,0.93767816,-0.092240654,254.07365,74.89501,6.677959,WAL
1908422409000,120.905021,-3.65960571282985,-4.85174646459408,3.81572474358508,-0.6383542,0.8213083,0.06963864,254.44075,74.89336,6.5258613,WAL
1908427296000,120.909908,-4.03814677415833,-5.10726166122738,3.62645421292084,-0.8671232,0.689056,0.21380283,254.74854,74.933914,6.353071,WAL
1908432287000,120.914899,-4.39919542060302,-5.69626323153266,3.54605322311558,-1.0305296,0.49877146,0.34330627,254.97635,75.09689,6.061193,WAL
1908437286000,120.919898,-4.7415523317356,-6.53364969252029,3.55067966524932,-1.1682798,0.19517145,0.42088616,255.12653,75.316505,5.7616687,WAL
1908442296000,120.924908,-5.14139625766623,-7.79138407996154,3.61133415832406,-1.2596041,-0.22540927,0.48197266,255.13916,75.63401,5.3927326,WAL
1908447289000,120.929901,-5.59628933124178,-9.46093812427892,3.72747706857606,-1.2800682,-0.7874053,0.5174029,255.02118,75.96557,5.040084,WAL
1908452404000,120.935016,-5.98798879637577,-11.4658397224607,3.38064470748689,-1.1921035,-1.3500122,0.5702427,254.75699,76.351974,4.633335,WAL
1908457343000,120.939955,-6.30377201659514,-13.6492564497854,2.65434282992847,-1.0192287,-1.7913623,0.60139686,254.36789,76.710526,4.2520666,WAL
1908462305000,120.944917,-6.60655481684588,-15.3882633297491,1.76720404657706,-0.8304713,-1.9792033,0.65301496,253.84622,77.10883,3.7882755,WAL
1908467315000,120.949927,-6.89317250740741,-16.5442884074074,0.663725917962963,-0.64568454,-1.892766,0.70463306,253.27956,77.44558,3.3316882,WAL
1908472360000,120.954972,-7.08241533065258,-17.4546360266119,0.26169015685158,-0.3827071,-1.6041322,0.7122689,252.62125,77.91168,2.8187418,WAL
1908477325000,120.959937,-7.13824041885334,-18.0175366473926,0.796678636716564,0.06078109,-1.1936307,0.729984,252.02895,78.24834,2.2922184,WAL
1908482246000,120.964858,-6.6641039395288,-18.212245021815,1.21997319310646,0.6973027,-0.7593055,0.68630713,251.44127,78.63065,1.7426343,WAL
1908487292000,120.969904,-5.25850277251309,-17.7811946058755,1.46829603121001,1.1899655,-0.5045747,0.5271767,250.94183,78.88096,1.2321604,WAL
1908492253000,120.974865,-3.82336513302438,-16.6659947350393,1.17714444845859,1.241889,-0.36743546,0.29871312,250.58383,78.973015,0.75887495,WAL
1908497316000,120.979928,-2.23577732072335,-13.9304582833971,-0.356709560195446,0.8393288,-0.2171626,0.12675454,250.32097,79.02623,0.32477036,WAL
1908502319000,120.984931,-0.928911357297786,-11.3800071221871,-1.55913275164934,0.18570304,-0.09315695,-0.03756821,250.17763,79.06145,0.14330778,WAL
1908507332000,120.989944,-0.14793203249887,-9.13252255744239,-2.13185094431089,-0.45662177,-0.15302174,-0.22632557,250.04018,79.203606,0.026702622,WAL
1908512282000,120.994894,0.543936737416651,-7.02804814713279,-2.62547742179463,-1.0134255,-0.50701815,-0.25717425,249.8811,79.666145,0.14650258,WAL
1908517313000,120.999925,0.612779727995809,-5.80723224305582,-2.55204485378167,-1.2428054,-0.9602802,-0.24770586,249.67776,80.2077,0.308726,WAL
1908522497000,121.005109,0.660353293507638,-4.58533121973169,-2.47832984292989,-1.5491543,-1.4135422,-0.24098633,249.37024,80.93238,0.58530784,WAL
1908527318000,121.00993,0.316747361508813,-4.04731673110067,-2.44216082389346,-1.749518,-1.81091,-0.26939157,248.94238,81.67709,0.8749828,WAL
1908532631000,121.015243,-0.0592954830665345,-3.45823472076351,-2.42903344914229,-1.9129245,-2.0931299,-0.29932398,248.40344,82.414986,1.1234485,WAL
1908537309000,121.019921,-0.330274001286068,-3.02733442295488,-3.02873996836886,-2.062892,-2.2143865,-0.24465153,247.7911,83.19439,1.3532186,WAL
1908542665000,121.025277,-0.653931360594945,-2.56461770930278,-3.71630956414593,-2.2091942,-2.3081543,-0.14355333,247.10007,84.00133,1.5301921,WAL
1908547317000,121.029929,-1.35052472722293,-3.11225399475858,-4.34280536967253,-2.307849,-2.4740043,-0.043982297,246.34787,84.820984,1.681851,WAL
1908552324000,121.034936,-2.10027601413315,-3.70168109735471,-5.01710986199233,-2.3661866,-2.6670377,0.055283304,245.4726,85.7581,1.70848,WAL
1908557335000,121.039947,-2.30168522168254,-4.00056361293973,-5.28858476463265,-2.349693,-2.8200593,0.15668693,244.5582,86.680756,1.6898886,WAL
1908562253000,121.044865,-2.45715585035367,-4.27152690608318,-5.5240118319155,-2.273335,-2.8386908,0.27550024,243.62576,87.55591,1.6199578,WAL
1908567318000,121.04993,-2.56561719215393,-4.53764787387446,-5.51246309009901,-2.1978931,-2.7021625,0.39736784,242.60643,88.46735,1.3810921,WAL
1908572333000,121.054945,-2.65982433721278,-4.7978389181954,-5.43620033267327,-2.1206186,-2.4755313,0.5335908,241.61307,91.18177,1.0834775,WAL
1908577320000,121.059932,-2.75696357412276,-5.20039944125867,-5.11443218683366,-2.0366247,-2.2476788,0.6774496,240.6406,91.77325,0.70529115,WAL
1908582266000,121.064878,-2.85502159501087,-5.67107756267467,-4.67317127202153,-1.9486601,-2.0821342,0.8371908,239.7276,92.75931,0.26858616,WAL
1908587304000,121.069916,-2.91261922778043,-6.29355024030549,-4.19897932156563,-1.8197676,-1.9547688,1.0122037,238.88779,93.81605,-0.2254617,WAL
1908592328000,121.07494,-2.9539579947494,-6.96875219513126,-3.71669230004773,-1.7076738,-1.8503108,1.2043208,238.1047,94.89861,-0.776782,WAL
1908597318000,121.07993,-2.91364136429863,-7.88561921014871,-3.41162670360732,-1.5952746,-1.740966,1.4117095,237.40092,95.911095,-1.3277897,WAL
1908602345000,121.084957,-2.8265667232717,-8.94986511454984,-3.20361513131029,-1.5241088,-1.5653422,1.6288722,236.75845,96.92124,-1.9329565,WAL
1908607340000,121.089952,-2.62287876814455,-10.1386455581537,-3.03064207020954,-1.4648548,-1.4785993,1.7999145,236.16379,97.82246,-2.5303624,WAL
1908612322000,121.094934,-2.35725057087762,-11.394342293552,-2.87609472151027,-1.4330899,-1.3545936,1.8613064,235.63638,98.71601,-3.144131,WAL
1908617314000,121.099926,-2.08680402663551,-12.5427975747664,-2.78917784158878,-1.4437801,-1.244638,1.9669861,235.17072,99.54544,-3.80333,WAL
1908622326000,121.104938,-1.81316517418692,-13.6418387714019,-2.73534722846729,-1.4703526,-1.1218541,1.9990565,234.74927,100.361694,-4.440549,WAL
1908627320000,121.109932,-1.40832379197238,-14.4015248476478,-2.77884873539059,-1.5195273,-1.0143417,1.9303342,234.4053,101.08514,-4.9926963,WAL
1908632312000,121.114924,-0.887332268450583,-14.8657749227449,-2.90780704769098,-1.577254,-0.90285885,1.8393153,234.10211,101.80348,-5.527922,WAL
1908637298000,121.11991,-0.280329472392203,-14.743519257531,-3.07976648298878,-1.6245961,-0.7431176,1.7125608,233.87007,102.41441,-5.9346824,WAL
1908642324000,121.124936,0.373574670435125,-14.3360134733215,-3.27404241124237,-1.6022996,-0.48655418,1.5693128,233.6933,102.99169,-6.291487,WAL
1908647313000,121.129925,0.869715796817776,-13.6661969206428,-3.20758625023311,-1.5512923,-0.18387043,1.4010195,233.58282,103.48226,-6.474001,WAL
1908652321000,121.134933,1.28362079208412,-12.8479023387561,-2.9982548805674,-1.4996742,0.06352998,1.2235631,233.51892,103.93408,-6.6036057,WAL
1908657327000,121.139939,1.51421101799308,-12.0406317270391,-2.56833290621849,-1.4544702,0.21899518,1.0372492,233.50504,104.31424,-6.5506377,WAL
1908662320000,121.144932,1.6371217467128,-11.2417117435492,-2.01050739378151,-1.4608842,0.21502456,0.8014552,233.49727,104.66006,-6.4409633,WAL
1908667312000,121.149924,1.58148789552731,-10.451971502086,-1.53219340914524,-1.5259414,-0.040011674,0.56321776,233.4784,104.96148,-6.26523,WAL
1908672339000,121.154951,1.4086659076938,-9.66259545085864,-1.10247380222955,-1.6438384,-0.5164866,0.3576616,233.37918,105.254776,-6.0610266,WAL
1908677317000,121.159929,1.1272267788273,-8.93736349664228,-1.04576290437807,-1.7693712,-1.1108584,0.1518,233.1676,105.49284,-5.815913,WAL
1908682312000,121.164924,0.753244635377368,-8.25652426967024,-1.29508426659116,-1.8784106,-1.6603317,-0.013133603,232.82655,105.74561,-5.56977,WAL
1908687297000,121.169909,0.32320839690017,-7.82087085859898,-1.74184091475967,-1.920255,-2.0497584,-0.16340645,232.34436,105.9885,-5.3433127,WAL
1908692328000,121.17494,-0.158263732779055,-7.58494953667433,-2.35812534330968,-1.8936822,-2.2736404,-0.2779437,231.75592,106.23646,-5.1241302,WAL
1908697350000,121.179962,-0.522132504999018,-7.43515568491752,-2.96740341374705,-1.8393153,-2.341141,-0.3463606,231.07263,106.57772,-4.9810967,WAL
1908702341000,121.184953,-0.789657745384918,-7.35536751233307,-3.56816181115475,-1.7525724,-2.2834144,-0.34788775,230.36938,106.90288,-4.8473,WAL
1908707341000,121.189953,-1.06710534267564,-7.42009276472347,-3.80036042750374,-1.6374242,-2.2299635,-0.30085114,229.61426,107.34401,-4.8097577,WAL
1908712320000,121.194932,-1.3522049913702,-7.619662595715,-3.6863205382561,-1.5677856,-2.1303926,-0.28588495,228.89308,107.77144,-4.769673,WAL
1908717313000,121.199925,-1.54727518000577,-7.86256668522542,-3.49753497325771,-1.4639386,-2.0995438,-0.2501493,228.14815,108.2698,-4.8333983,WAL
1908722392000,121.205004,-1.65481474180525,-8.15245567555513,-3.23102402966452,-1.4114041,-2.0900755,-0.18661933,227.43442,108.76251,-4.913765,WAL
1908727316000,121.209928,-1.69978110033895,-8.40670540058871,-2.95895157110873,-1.3640621,-2.0457878,-0.10476339,226.74658,109.22875,-5.044764,WAL
1908732316000,121.214928,-1.66561175772902,-8.62880601605566,-2.66424106357149,-1.3319917,-1.9367483,-0.025350908,226.0911,109.68477,-5.1944184,WAL
1908737262000,121.219874,-1.59863913763806,-8.84965674426508,-2.35014185641461,-1.3292428,-1.7660115,0.058337633,225.49586,110.09207,-5.3817687,WAL
1908742326000,121.224938,-1.36686745148683,-9.08142832285472,-1.91750125369584,-1.3420709,-1.5861117,0.1432479,224.94559,110.49642,-5.583088,WAL
1908747248000,121.22986,-1.12832951279701,-9.26642834806789,-1.48790001299262,-1.3784174,-1.4025466,0.21899518,224.47977,110.84553,-5.7785993,WAL
1908752316000,121.234928,-0.849097014382971,-9.35485228900182,-1.0225126047272,-1.4196508,-1.2773192,0.2770274,224.05672,111.20007,-5.981022,WAL
1908757348000,121.23996,-0.576458770384938,-9.41577306925156,-0.573969327906608,-1.4581354,-1.1985176,0.32498032,223.73041,111.491104,-6.136607,WAL
1908762320000,121.244932,-0.323489689684034,-9.38026884630441,-0.178982493461646,-1.4639386,-1.1670581,0.35308012,223.43057,111.782646,-6.2945213,WAL
1908767353000,121.249965,-0.075043494511041,-9.33818087582449,0.204710762294236,-1.4288138,-1.1890492,0.37873647,223.18257,111.97955,-6.401491,WAL
1908772316000,121.254928,0.0748924407781283,-9.22004904578912,0.381907781471179,-1.3359623,-1.2278391,0.3839288,222.94044,112.15897,-6.508702,WAL
1908777726000,121.260338,0.233343167773109,-9.08719736934774,0.558031985016006,-1.2168436,-1.2577715,0.3848451,222.73508,112.24795,-6.562395,WAL
1908782317000,121.264929,0.290523301176471,-8.91125863865546,0.443671727394958,-1.0680978,-1.2501358,0.39187005,222.532,112.30258,-6.618755,WAL
1908787647000,121.270259,0.353974481441341,-8.70864857486033,0.303176374666667,-0.9129381,-1.2119566,0.40286562,222.34624,112.29311,-6.645852,WAL
1908792329000,121.274941,0.34562464449162,-8.5667015821229,0.0109321773333333,-0.7828238,-1.128879,0.41722095,222.17778,112.25109,-6.6695914,WAL
1908797249000,121.279861,0.336850360469274,-8.41753900111732,-0.296167662666667,-0.6704246,-1.0363328,0.41508293,222.0253,112.202644,-6.6747184,WAL
1908802328000,121.28494,0.192220195,-8.26512639285714,-0.933738668571429,-0.59650993,-0.99296147,0.42180246,221.88661,112.13238,-6.6818347,WAL
1908807317000,121.289929,0.020224155331565,-8.11576123417961,-1.63077524391815,-0.57940567,-0.8781188,0.4184427,221.79303,112.047516,-6.668132,WAL
1908812316000,121.294928,-0.148665113149234,-8.1056627599773,-1.94910481345754,-0.57971114,-0.77182823,0.4269948,221.7011,112.01313,-6.6604886,WAL
1908817249000,121.299861,-0.313973255452998,-8.15034060601475,-2.1144129837526,-0.6246097,-0.6872234,0.45845437,221.63818,111.98882,-6.6484275,WAL
1908822363000,121.304975,-0.460914757297297,-8.28001360939041,-2.12152629544289,-0.7079928,-0.6203337,0.48655418,221.56631,112.11202,-6.6700892,WAL
1908827331000,121.309943,-0.587625611351351,-8.46069385953837,-2.02062689169461,-0.8323039,-0.57726765,0.49846604,221.51265,112.25762,-6.6900163,WAL
1908832310000,121.314922,-0.714617024864865,-8.64177416660091,-1.91950407944368,-0.96761054,-0.5742133,0.5366451,221.4474,112.46654,-6.7492037,WAL
1908837328000,121.31994,-0.842603149189189,-8.82427285726968,-1.81758918250148,-1.0922271,-0.6078109,0.5561928,221.38264,112.70135,-6.806083,WAL
1908842322000,121.324934,-0.983362077373823,-8.97571512326738,-1.64422451531055,-1.2137892,-0.6743952,0.57757306,221.31332,112.970276,-6.876865,WAL
1908847388000,121.33,-1.13736517544175,-9.1040509311184,-1.40808652165908,-1.3014483,-0.7696902,0.5766568,221.22615,113.25759,-6.953639,WAL
1908852307000,121.334919,-1.29874288743159,-9.14885597340374,-1.22296332319731,-1.3701707,-0.88789266,0.57543504,221.106,113.52949,-7.085926,WAL
1908857338000,121.33995,-1.4699089074892,-9.15348217474796,-1.05642340787326,-1.4208726,-0.97341377,0.5766568,220.96922,113.81482,-7.224093,WAL
1908862319000,121.344931,-1.66386499294618,-9.18460071436854,-0.898890067668374,-1.430341,-1.0415252,0.5702427,220.8009,114.07068,-7.395131,WAL
1908867311000,121.349923,-1.87636288994106,-9.23541550227075,-0.746445896907914,-1.4269812,-1.0638218,0.56688297,220.62273,114.332214,-7.569617,WAL
1908872363000,121.354975,-2.0982343631822,-9.34056967432829,-0.598301170673804,-1.4004086,-1.0366384,0.5684101,220.42871,114.57372,-7.778249,WAL
1908877318000,121.35993,-2.32235159261125,-9.49496150419815,-0.458850465163728,-1.3848315,-0.98654735,0.5864306,220.23656,114.81432,-7.9874926,WAL
1908882321000,121.364933,-2.50964310717441,-9.75022835689589,-0.316942450207453,-1.3454307,-0.8903361,0.6178902,220.05046,115.03014,-8.23119,WAL
1908887301000,121.369913,-2.66996165673262,-10.0708653603534,-0.174945967303112,-1.2901474,-0.79229224,0.65118235,219.88017,115.236084,-8.470637,WAL
1908892322000,121.374934,-2.77947706744914,-10.3749635665102,-0.0176998628482003,-1.1969905,-0.7275405,0.6969972,219.71315,115.41072,-8.741869,WAL
1908897309000,121.379921,-2.83926997476265,-10.6589801103808,0.151713199375065,-1.0693196,-0.6960809,0.7415904,219.5662,115.56251,-9.009759,WAL
1908902326000,121.384938,-2.79527853012167,-10.8875525670195,0.166285344175784,-0.90408057,-0.70524395,0.80664754,219.4266,115.653725,-9.306657,WAL
1908907343000,121.389955,-2.68120949895143,-11.0776675362548,0.0759806727452765,-0.70402217,-0.79320854,0.8371908,219.27432,115.70376,-9.6062,WAL
1908912318000,121.39493,-2.44331113652557,-11.3393613062632,-0.220726968052097,-0.5751296,-0.9129381,0.8912524,219.12294,115.70294,-9.92635,WAL
1908917338000,121.39995,-2.11181893158399,-11.6570414441678,-0.671924629107451,-0.34147367,-1.0125091,0.91782504,218.95222,115.62764,-10.248276,WAL
1908922309000,121.404921,-1.61481939005291,-11.8864770224868,-1.17263946632275,-0.063224554,-1.0415252,0.91965765,218.78775,115.50534,-10.543709,WAL
1908927319000,121.409931,-0.936228368319088,-12.0280533625356,-1.7340636652849,0.18967366,-0.9795224,0.8756753,218.61772,115.335106,-10.8278265,WAL
1908932315000,121.414927,-0.210984708066699,-11.9974751365375,-2.224575242923,0.410196,-0.85918194,0.8072584,218.49052,115.112366,-11.008104,WAL
1908937297000,121.419909,0.5565200458205,-11.810278990976,-2.65044676727808,0.53878313,-0.66706485,0.71593404,218.39209,114.85062,-11.151349,WAL
1908942527000,121.425139,1.26210169401761,-11.5564504423769,-2.94851829969988,0.5494733,-0.43096542,0.6078109,218.40025,114.565475,-11.095055,WAL
1908947316000,121.429928,1.81727006429572,-11.271983554922,-3.0861633870048,0.42363504,-0.19486602,0.4709771,218.44774,114.27802,-10.990002,WAL
1908952406000,121.435018,2.1188583856335,-11.180655925191,-3.00300312372259,0.19425514,0.047647487,0.3313944,218.63011,114.02472,-10.64402,WAL
1908957380000,121.439992,2.12358454926084,-11.3035367717035,-2.69107607756722,-0.0571159,0.17745635,0.16279559,218.8259,113.80001,-10.257726,WAL
1908962295000,121.444907,1.89904660329358,-11.5127005584895,-2.22560421902328,-0.29260445,0.17531833,0.009468411,219.08347,113.60446,-9.77422,WAL
1908967329000,121.449941,1.4062733649063,-11.8275275664395,-1.56857326626917,-0.45998153,0.0580322,-0.116980694,219.32294,113.45174,-9.271048,WAL
1908972329000,121.454941,0.830409455439435,-12.0266910965095,-0.966096438483274,-0.5540548,-0.11911872,-0.21288654,219.53537,113.298004,-8.738829,WAL
1908977361000,121.459973,0.0944856657199253,-12.0216847113027,-0.450449175387492,-0.589485,-0.30207285,-0.27885997,219.7008,113.175095,-8.215488,WAL
1908982293000,121.464905,-0.528705972603078,-11.9415570199506,-0.118338074170625,-0.55741453,-0.43157628,-0.2959642,219.79298,112.98371,-7.809609,WAL
1908987363000,121.469975,-1.03611479975489,-11.7570448557857,-0.0122435027094813,-0.45814893,-0.48533243,-0.29779682,219.85324,112.789055,-7.4147124,WAL
1908992250000,121.474862,-1.39412925619185,-11.6743291502998,0.043597536241472,-0.32467487,-0.46486846,-0.27458394,219.84651,112.560326,-7.179933,WAL
1908997333000,121.479945,-1.47464010903453,-11.8001273578664,-0.00168985000826959,-0.18997909,-0.39950588,-0.23915374,219.84198,112.31197,-6.954163,WAL
1909002320000,121.484932,-1.40251083766657,-12.0389926269686,-0.0182781266741217,-0.05131268,-0.3567453,-0.19700404,219.78746,112.06236,-6.84336,WAL
1909007370000,121.489982,-1.09153907548225,-12.4626354375175,0.00876289857981549,0.016187929,-0.26633725,-0.18661933,219.76724,111.80091,-6.7236586,WAL
1909012319000,121.494931,-0.787344459276097,-12.897016286064,0.0961481959748208,0.14660765,-0.14508049,-0.16920967,219.76938,111.4984,-6.622117,WAL
1909017310000,121.499922,-0.482287418003147,-13.3943010596258,0.37195321227837,0.28680122,-0.042455133,-0.2012801,219.79036,111.17722,-6.504383,WAL
1909022823000,121.505435,-0.146786972093226,-13.9363786396648,0.667015929972067,0.43493605,0.0018325958,-0.2593123,219.87553,110.77673,-6.3071604,WAL
1909027430000,121.510042,0.111249292265189,-14.2791433002793,0.767149396689944,0.61911196,0.0027488936,-0.3371976,219.97528,110.33328,-6.0941973,WAL
1909032394000,121.515006,0.389280986703038,-14.6484690600559,0.875042283337989,0.8081747,0.01985312,-0.41141775,220.14297,109.762955,-5.784458,WAL
1909037304000,121.519916,0.690675036563964,-14.9033893774055,0.758034493978462,1.003957,0.070249505,-0.46028697,220.3201,109.15231,-5.4655347,WAL
1909042325000,121.524937,1.01191392549108,-15.1095572747034,0.527893196607837,1.2269229,0.14844026,-0.5290093,220.50659,108.49171,-5.125561,WAL
1909047318000,121.52993,1.27861260266506,-15.1096627125539,0.314121380847811,1.4471397,0.24770586,-0.6084218,220.76042,107.74318,-4.7057924,WAL
1909052354000,121.534966,1.52021562348462,-15.0033577527302,0.106342760237852,1.6468927,0.29932398,-0.7125743,221.02124,106.955284,-4.2705264,WAL
1909057392000,121.540004,1.56979755364941,-14.761845352406,0.0973654933209664,1.8005253,0.31337386,-0.8347474,221.3264,106.14748,-3.7624812,WAL
1909062331000,121.544943,1.52676289627982,-14.4606033000404,0.183434769614638,1.9294178,0.26939157,-0.9779953,221.62634,105.31212,-3.2369912,WAL
1909067312000,121.549924,1.08384823817841,-13.6814174942841,0.394669975931409,2.0809124,0.20738874,-1.1071932,221.94873,104.48341,-2.6600728,WAL
1909072406000,121.555018,0.443874927578711,-12.6620308632871,0.668944272359445,2.2773056,0.14935656,-1.1942415,222.25974,103.63465,-2.0770783,WAL
1909077317000,121.559929,-0.128134490373444,-12.0711277987552,0.757978440487552,2.5314255,0.1160644,-1.2635747,222.54152,102.749794,-1.4937181,WAL
1909082317000,121.564929,-0.674529054688797,-11.7830292510373,0.708306205010373,2.7980683,0.1133155,-1.3359623,222.82057,101.841774,-0.9043752,WAL
1909087291000,121.569903,-1.21485749478019,-11.8099072954698,0.553750585953453,3.0702088,0.12767084,-1.4132367,223.00737,100.87075,-0.4206922,WAL
1909092327000,121.574939,-1.75992006303994,-12.0316273123264,0.332030212173164,3.3050864,0.17012598,-1.4804319,223.21344,99.87082,0.07182117,WAL
1909097312000,121.579924,-2.32328856277204,-12.3871235031592,-0.171869634708655,3.4712417,0.1994475,-1.5467108,223.3601,98.85337,0.49486187,WAL
1909102306000,121.584918,-2.90846981610671,-12.8619837354328,-0.924930706621201,3.5619552,0.2950479,-1.5812247,223.55327,97.83629,0.92438835,WAL
1909107332000,121.589944,-3.50575046230967,-13.323394849911,-1.71042868576231,3.551876,0.4538729,-1.6239853,223.71779,96.86869,1.2871686,WAL
1909112321000,121.594933,-4.10570035370773,-13.7674523523828,-2.51351128125371,3.4489453,0.6930266,-1.6398678,223.9496,95.96397,1.6495683,WAL
1909117312000,121.599924,-4.72910361523882,-14.1783649192113,-2.95851282053221,3.242778,0.947452,-1.6123788,224.15666,95.239975,1.923676,WAL
1909122330000,121.604942,-5.37770650933282,-14.5601666565521,-3.06891333562745,3.0020971,1.0882565,-1.5457945,224.41331,94.62247,2.187421,WAL
1909127321000,121.609933,-5.96919924264218,-14.8171039211936,-3.04969077070475,2.7995954,1.0754282,-1.4941764,224.62865,94.18714,2.3603544,WAL
1909132321000,121.614933,-6.49025305544504,-14.9107305470543,-2.85836632115957,2.6557367,0.9221011,-1.4370605,224.85333,93.84237,2.5114446,WAL
1909137374000,121.619986,-7.03269587745793,-14.9959080267936,-2.64997314860496,2.5357015,0.698219,-1.3759739,225.00781,93.53055,2.5627265,WAL
1909142338000,121.62495,-7.73273133662533,-14.9801179780779,-2.28679664205049,2.40742,0.40286562,-1.3127494,225.10579,93.280334,2.59763,WAL
1909147309000,121.629921,-8.34249153652662,-14.9480370990099,-2.01842710782267,2.3051,0.055283304,-1.2690725,225.11632,92.99645,2.5495517,WAL
1909152305000,121.634917,-8.70525033449291,-14.8712174158416,-2.00989161717956,2.25562,-0.2959642,-1.2831224,225.04869,92.767654,2.5043175,WAL
1909157478000,121.64009,-9.02265793097201,-14.773396122341,-2.04823088486514,2.2473733,-0.5384777,-1.3704761,224.93379,92.51438,2.3978603,WAL
1909162322000,121.644934,-8.40884567627481,-14.3956656861069,-2.82257887077863,2.2046127,-0.5308419,-1.6288722,224.79726,92.38103,2.352423,WAL
1909167371000,121.649983,-7.76736322090077,-13.9845304834624,-3.55728843877551,1.9428569,-0.2489276,-1.8164078,224.63612,92.283226,2.282696,WAL
1909172310000,121.654922,-7.11828012764778,-13.3604121496305,-3.35340979464286,1.5625933,0.17165314,-1.8509218,224.52425,87.74013,2.2494876,WAL
1909177253000,121.659865,-6.46867135462702,-12.7357883545039,-3.14936603316327,1.2177598,0.3622431,-1.8274034,224.34642,87.644424,2.3398259,WAL
1909182313000,121.664925,-5.60607925960866,-12.0067659308176,-3.08031870614955,1.0732902,0.44532076,-1.745242,224.2586,87.56088,2.423218,WAL
1909187274000,121.669886,-4.70491091045223,-11.2668593018868,-3.05186068268943,1.1432343,0.6444628,-1.63437,224.2564,87.49593,2.4914086,WAL
1909192325000,121.674937,-3.83542912730635,-10.9001942129435,-2.97396845834083,1.3350459,0.98624194,-1.5286902,224.31685,87.35967,2.627417,WAL
1909197251000,121.679863,-3.00084277126437,-10.6502899367816,-2.88438015057471,1.5625933,1.1640037,-1.4746287,224.38539,87.24057,2.7429826,WAL
1909202309000,121.684921,-2.33017389936431,-10.5499635301954,-2.20220097523605,1.6792686,1.4492778,-1.4761559,224.55428,87.01616,2.9618404,WAL
1909207317000,121.689929,-1.72040966026923,-10.4961608872114,-1.35480800225297,1.8695531,1.5561792,-1.5027285,224.723,86.793144,3.1664798,WAL
1909212318000,121.69493,-1.14830340083097,-10.5294415457979,-0.925323944910293,1.9984456,1.6297885,-1.5552629,224.9327,86.44254,3.4934442,WAL
1909217293000,121.699905,-0.599423085344665,-10.6104236468366,-0.727367064763928,2.0360138,1.7281377,-1.6056592,225.18362,86.08465,3.8182642,WAL
1909222321000,121.704933,-0.0980412490477717,-10.5901224619002,-0.669797154111361,2.0552561,1.8484782,-1.5925257,225.56853,85.618324,4.1874413,WAL
1909227320000,121.709932,0.352204785046489,-10.4775613513947,-0.741427193090734,2.112372,1.9608774,-1.5146403,225.98283,85.13886,4.5420537,WAL
1909232317000,121.714929,0.571125076982809,-10.2873999544138,-0.732854159493915,2.1676552,2.0320432,-1.421178,226.41777,84.570755,4.95735,WAL
1909237304000,121.719916,0.66799105452965,-10.0567663763763,-0.682114878288584,2.129171,2.0274618,-1.3350459,226.86682,84.0235,5.341492,WAL
1909242325000,121.724937,0.794552146292135,-9.84825015730337,-0.809638326292135,2.005165,2.0525072,-1.273654,227.29642,83.44339,5.7648506,WAL
1909247315000,121.729927,0.940992182860061,-9.65787834422881,-1.0634676992237,1.8997909,2.083356,-1.2278391,227.73245,82.89018,6.156216,WAL
1909252311000,121.734923,1.07977038553483,-9.39281728495507,-1.35813814183013,1.8289305,2.1273382,-1.1746938,228.16208,82.34202,6.536528,WAL
1909257357000,121.739969,1.21518563922118,-9.079960896705,-1.68033306754276,1.8139644,2.1749856,-1.0815369,228.60577,81.828514,6.8811054,WAL
1909262294000,121.744906,1.22545380365705,-8.730241585128,-2.0126392853718,1.8316795,2.2226331,-0.9954049,229.0254,81.33493,7.2115088,WAL
1909267321000,121.749933,1.13742385368753,-8.33899759000406,-2.3647590852499,1.808772,2.2522602,-0.9138544,229.45459,80.87696,7.507756,WAL
1909272338000,121.75495,0.946838125818615,-7.93421058364755,-2.66923595806708,1.8032742,2.2773056,-0.84635377,229.87813,80.4496,7.774014,WAL
1909277284000,121.759896,0.688336549871006,-7.52530820500099,-2.93713758418337,1.7999145,2.284636,-0.77091193,230.3028,80.05072,8.009041,WAL
1909282280000,121.764892,0.377207369379692,-7.11866645436586,-3.07900957222442,1.7626517,2.2565362,-0.7247916,230.69978,79.709305,8.209345,WAL
1909287295000,121.769907,0.0261555365566969,-6.71543103012643,-3.12170513435401,1.7214183,2.2226331,-0.7067711,231.09514,79.38364,8.39273,WAL
1909292280000,121.774892,-0.272597896085445,-6.3235982130154,-3.18223637364133,1.6447546,2.2305744,-0.7049385,231.47514,79.129105,8.528997,WAL
1909297275000,121.779887,-0.529244916651764,-5.93862788067561,-3.2582798268455,1.5598444,2.248595,-0.68691796,231.84662,78.89452,8.653933,WAL
1909302286000,121.784898,-0.79263957020336,-5.6365732872679,-3.23983961909814,1.5323554,2.2482896,-0.65668017,232.21814,78.70057,8.728937,WAL
1909307306000,121.789918,-1.06185143384419,-5.40986857816092,-3.1359334605364,1.484708,2.2339342,-0.6462954,232.58983,78.52827,8.8025,WAL
1909312288000,121.7949,-1.31918012212257,-5.17624270478326,-2.90296080597907,1.426065,2.2134702,-0.6554584,232.96135,78.3956,8.840683,WAL
1909317292000,121.799904,-1.5675071251719,-4.93269111841555,-2.53524574301943,1.3371841,2.1838431,-0.6747007,233.3251,78.28079,8.878032,WAL
1909322296000,121.804908,-1.77788331608764,-4.62588211409396,-2.21063657950059,1.2272283,2.180789,-0.6805039,233.703704245988,78.2060417213197,8.87291278780026,WAL
1909327325000,121.809937,-1.94900680454007,-4.25036094630873,-1.93018411016581,1.0699304,2.2088888,-0.6780604,234.0842,78.13092,8.867768,WAL
1909332326000,121.814938,-2.13807637560618,-3.8611036615174,-1.44734972926476,0.9098838,2.2134702,-0.6881397,234.48444,78.05346,8.839518,WAL
1909337328000,121.81994,-2.34883541086234,-3.45363628138444,-0.730768980050841,0.7480045,2.17804,-0.6985244,234.8779,78.0096,8.809666,WAL
1909342338000,121.82495,-2.50938923130199,-3.14878145128796,-0.14956117446527,0.6044512,2.1429152,-0.7012733,235.29227,77.9552,8.765622,WAL
1909347337000,121.829949,-2.60056042911697,-2.9856331212589,0.243914359448732,0.47708577,2.0916026,-0.7049385,235.68745,77.92868,8.725868,WAL
1909352321000,121.834933,-2.66673725741359,-2.85629392204438,0.582952364813433,0.33536503,2.0271564,-0.70249504,236.02481,77.77083,8.703342,WAL
1909357367000,121.839979,-2.6999532064513,-2.77088120560683,0.853425684440299,0.16737708,1.9437732,-0.689056,236.33727,77.64607,8.6825075,WAL
1909362279000,121.844891,-2.72162421906188,-2.72886890618762,1.09483353118762,0.010079277,1.8573358,-0.6658431,236.76657,77.55081,8.603152,WAL
1909367347000,121.849959,-2.72646815479042,-2.75308807904192,1.30796240404192,-0.12858713,1.7510452,-0.65393126,237.15894,77.485565,8.528606,WAL
1909372304000,121.854916,-2.70826877442445,-2.77649750299865,1.46644272857419,-0.27763826,1.625207,-0.6273586,237.59155,77.44793,8.422779,WAL
1909377353000,121.859965,-2.65214189656607,-2.79988368175663,1.54595578519056,-0.4098906,1.4895949,-0.6035349,237.98357,77.43647,8.320141,WAL
1909382250000,121.864862,-2.59103271901489,-2.83074520962199,1.57451258591065,-0.5479461,1.3588698,-0.5687156,238.37619,77.44391,8.197588,WAL
1909387346000,121.869958,-2.51183661775487,-2.88198978006873,1.49065799347079,-0.6713409,1.2431108,-0.5332854,238.7266,77.47992,8.074139,WAL
1909392275000,121.874887,-2.4276676849428,-2.92927202973307,1.3873006778316,-0.7825184,1.1991285,-0.48991394,239.068,77.53565,7.948906,WAL
1909397339000,121.879951,-2.31271050097908,-2.9692571712357,1.19737134702669,-0.88117313,1.1145236,-0.4550946,239.35733,77.6192,7.824014,WAL
1909402338000,121.88495,-2.20107969191101,-3.02911997330355,1.00997206743926,-0.93126404,1.0494665,-0.43004912,239.63202,77.73373,7.690917,WAL
1909407384000,121.889996,-2.09312197093922,-3.14157588176487,0.82104607922368,-1.0219775,1.0076222,-0.38056904,239.87987,77.8883,7.544798,WAL
1909412322000,121.894934,-1.9906046030046,-3.25756859513541,0.655647700543689,-1.0919216,0.9767735,-0.32589662,240.08643,78.07339,7.403407,WAL
1909417362000,121.899974,-1.90674760474195,-3.41541706851303,0.616185577048544,-1.1578951,0.94042706,-0.2828306,240.27118,78.282745,7.2545304,WAL
1909422352000,121.904964,-1.84377448079066,-3.56646147169711,0.622311052319171,-1.221425,0.89858276,-0.24129178,240.41125,78.539276,7.1025796,WAL
1909427320000,121.909932,-1.87143452660239,-3.69323664355894,0.83206635198876,-1.2730432,0.829555,-0.19425514,240.52414,78.81388,6.94121,WAL
1909432308000,121.91492,-1.89920592525556,-3.82052218245725,1.04266607718037,-1.3390167,0.7510588,-0.14844026,240.61084,79.114914,6.7733445,WAL
1909437306000,121.919918,-1.92703300032944,-3.94806290487379,1.25368801513299,-1.4056009,0.65576386,-0.10445796,240.66443,79.432396,6.5980325,WAL
1909442467000,121.925079,-1.96060148422798,-4.09094135926508,1.47710351428821,-1.491733,0.5366451,-0.050701816,240.6902,79.782585,6.404727,WAL
1909447312000,121.929924,-2.0496991608449,-4.35823447369294,1.75249632523348,-1.5940529,0.40775254,0.0021380284,240.67786,80.155266,6.2049737,WAL
1909452331000,121.934943,-2.14199663018242,-4.63512696932007,2.03777940431177,-1.6954565,0.27885997,0.057421334,240.7052,80.51805,5.978614,WAL
1909457338000,121.93995,-2.3259173398427,-5.1042310390355,2.50515911789299,-1.8038851,0.14966199,0.13561209,240.6872,80.91475,5.7374635,WAL
1909462247000,121.944859,-2.53512146426576,-5.62480872036635,3.02087153977026,-1.9123137,0.023518313,0.25809056,240.62442,81.34771,5.474153,WAL
1909467310000,121.949922,-2.5654133390511,-6.55450291843066,3.60210261313869,-1.9700404,-0.09101892,0.36682457,240.56168,81.77556,5.174282,WAL
1909472301000,121.954913,-2.55232990614964,-7.56192083093978,4.18649224562044,-1.9853121,-0.14813483,0.5213735,240.46846,82.24289,4.831721,WAL
1909477318000,121.95993,-2.13432044621127,-9.32339980628899,4.94484038419061,-1.8915442,-0.116980694,0.62888575,240.41145,82.66001,4.4366446,WAL
1909482340000,121.964952,-1.47528655481133,-11.5316553741998,5.80551895071071,-1.6869044,-0.003970624,0.7257079,240.35071,83.06867,4.006291,WAL
1909487327000,121.969939,-0.468345048013146,-13.4666783122199,7.31523511383328,-1.3136657,0.10170906,0.7678576,240.34338,83.310524,3.5698736,WAL
1909492326000,121.974938,0.709325605178767,-15.2832470042824,9.14133979294891,-0.7113526,0.14569137,0.6765333,240.34328,83.41575,3.1544938,WAL
1909497314000,121.979926,2.09997509194877,-16.488371762335,10.4476068397697,0.15118915,0.14782938,0.5494733,240.43198,83.142044,2.8789442,WAL
1909502315000,121.984927,3.60244503840961,-17.3917560166782,11.4983853044773,0.59559363,0.10262536,0.19242255,240.51987,82.77838,2.7070816,WAL
1909507332000,121.989944,4.75485300753819,-18.0025090425511,11.3191492597699,1.280679,0.22449298,-0.09865474,240.82889,81.730934,2.8058393,WAL
1909512319000,121.994931,5.71174909016068,-18.4525336076175,10.4854175346161,1.602605,0.5717699,-0.24587326,241.18231,80.7136,2.9414787,WAL
1909517309000,121.999921,6.04794591103835,-18.3650392716558,9.4204939356782,1.5873333,0.9297369,-0.34391713,241.68921,79.43593,3.3809123,WAL
1909522328000,122.00494,6.02546417146866,-17.9648648707203,8.21547222523854,1.3888022,1.1792754,-0.41905355,242.25577,78.2173,3.7940736,WAL
1909527316000,122.009928,5.56851275826523,-16.9110445868314,7.19431831233284,1.1215485,1.3451253,-0.4718934,242.88399,77.21417,4.27262,WAL
1909532318000,122.01493,4.66988311209138,-15.1894122084881,6.34907247399703,0.84238315,1.426065,-0.505491,243.54153,76.32521,4.709926,WAL
1909537293000,122.019905,3.66703795163621,-13.2768291084959,5.52664391514401,0.5705481,1.4480561,-0.5299256,244.15207,75.68959,5.101073,WAL
1909542713000,122.025325,2.34352671368845,-10.7691237404769,4.66930868442242,0.35369098,1.4526376,-0.5311473,244.76505,75.13899,5.4620714,WAL
1909547288000,122.0299,1.33700028166825,-8.93475971840758,4.09481927793365,0.1554652,1.3970488,-0.49205196,245.3425,74.76691,5.705341,WAL
1909552311000,122.034923,0.388593225421801,-7.32064385482465,3.67533159828436,-0.033292156,1.2983941,-0.41630468,245.89734,74.46069,5.929709,WAL
1909557405000,122.040017,-0.535641973422562,-5.98315143580306,3.30323852198853,-0.21319197,1.1743884,-0.3005457,246.39052,74.29775,6.0093675,WAL
1909562332000,122.044944,-1.34761967518164,-5.3425911766348,3.0596451926195,-0.410196,1.0519099,-0.14752395,246.8414,74.20013,6.062902,WAL
1909567246000,122.049858,-2.13637737847851,-4.82859635986055,2.84555152147986,-0.59498274,0.93828905,0.011301007,247.2133,74.20745,5.9817715,WAL
1909572417000,122.055029,-2.87335299107087,-4.83890370355916,2.74763170252888,-0.7761043,0.7837401,0.16340645,247.52487,74.27834,5.8738217,WAL
1909577276000,122.059888,-3.5111430130126,-4.95847372107422,2.70900364662933,-0.91813046,0.5390886,0.29229903,247.72275,74.45654,5.6347313,WAL
1909582346000,122.064958,-4.03077911833367,-5.37612534129826,2.81098833456691,-1.0384709,0.15790866,0.3885103,247.82803,74.68465,5.384716,WAL
1909587298000,122.06991,-4.63720923574683,-6.45968608471455,2.87099814350102,-1.1227703,-0.3417791,0.43799037,247.79166,75,5.0434756,WAL
1909592345000,122.074957,-5.51328620247165,-9.32684681767956,2.82883389997092,-1.1481212,-0.6102544,0.45998153,247.70638,75.331055,4.6939015,WAL
1909597310000,122.079922,-6.23956348314283,-11.9480508756123,2.63159531500336,-1.1026118,-1.1478158,0.45845437,247.3843,75.694786,4.311384,WAL
1909602368000,122.08498,-6.48615767148209,-13.8928885559504,1.86389624344443,-1.0595458,-1.5534303,0.47983465,247.02014,76.0593,3.9249237,WAL
1909607401000,122.090013,-6.69494280831361,-15.6913327061426,1.21399012234798,-0.958753,-1.72264,0.47769663,246.48045,76.55112,3.406807,WAL
1909612356000,122.094968,-6.69982541300545,-16.7117761838667,1.19934261416812,-0.8335256,-1.6267341,0.48563787,245.9053,77.00385,2.8984313,WAL
1909617357000,122.099969,-6.51178996981932,-17.6359682640557,1.32035527666297,-0.6374379,-1.3912456,0.5589417,245.26474,77.59678,2.338394,WAL
1909622422000,122.105034,-5.54234477753104,-18.1451712674876,1.99113285372969,-0.2751948,-1.0064005,0.605062,244.70676,78.068985,1.7883501,WAL
1909627371000,122.109983,-4.42681266107749,-18.1408834705824,2.33395963165989,0.25473082,-0.69974613,0.6337727,244.19557,78.43478,1.2387307,WAL
1909632349000,122.114961,-2.7192943555313,-16.3907956836988,1.59135473923008,0.7440339,-0.65576386,0.5332854,243.73651,78.66583,0.7307817,WAL
1909637321000,122.119933,-1.19497386759382,-14.4946562957719,0.722487042766611,0.8979719,-0.80573124,0.2724459,243.39865,78.71942,0.40741742,WAL
1909642357000,122.124969,-0.397448408269135,-11.9635878283989,-0.68153978396871,0.7131852,-0.96852684,0.0125227375,243.08388,78.7175,0.12926143,WAL
1909647332000,122.129944,0.258835438907104,-9.59388453187614,-1.87616449471767,0.28252518,-0.95264435,-0.19639318,242.88675,78.8026,0.13544619,WAL
1909652352000,122.134964,0.314142397377049,-7.80562635720449,-2.19417949749784,-0.27672195,-0.9120218,-0.37751472,242.66687,78.976036,0.21207784,WAL
1909657364000,122.139976,0.328842607938249,-6.10634164147877,-2.47318559719683,-0.8194757,-1.0555751,-0.46792278,242.34903,79.357574,0.39232567,WAL
1909662351000,122.144963,-0.0252551079159049,-5.19926935009141,-2.40042584460695,-1.244638,-1.2690725,-0.43218717,242.02255,79.85891,0.5791723,WAL
1909667332000,122.149944,-0.39658511785567,-4.35378079353952,-2.33847864618557,-1.536326,-1.4905112,-0.33933565,241.61575,80.44449,0.7663563,WAL
1909672339000,122.154951,-0.895634090945508,-3.93476799524791,-2.35260266315169,-1.7140878,-1.724778,-0.23182335,241.13959,81.11509,0.9397003,WAL
1909677311000,122.159923,-1.37784121494745,-3.54649945301674,-2.40444590982873,-1.8258762,-1.9740111,-0.14385876,240.59685,81.82674,1.0500963,WAL
1909682337000,122.164949,-1.71509090159595,-3.46687110097314,-2.88221636446088,-1.9013181,-2.1560488,-0.054061573,239.99904,82.579475,1.1233169,WAL
1909687550000,122.170162,-2.06284567935854,-3.40096422966016,-3.37858028002212,-1.9373591,-2.2403483,0.029321533,239.35553,83.375824,1.0979533,WAL
1909692326000,122.174938,-2.35716353409411,-3.53892570756083,-3.84305050572089,-1.9107865,-2.271808,0.14508049,238.66791,84.18124,1.0264138,WAL
1909697496000,122.180108,-2.66601058064098,-3.69072888064098,-4.33305527314746,-1.8955148,-2.300213,0.28863382,237.88559,85.08738,0.85162437,WAL
1909702336000,122.184948,-2.83774728386439,-3.86246558386439,-4.63788798637458,-1.829236,-2.2953262,0.364992,237.10284,85.97427,0.6463647,WAL
1909707359000,122.189971,-3.01597733764357,-4.04069563764357,-4.95424639929604,-1.8029687,-2.2617285,0.49846604,236.27051,86.96683,0.31453347,WAL
1909712355000,122.194967,-3.00463988835135,-4.18093899443803,-5.12326405090776,-1.7654005,-2.1545217,0.63285637,235.46445,87.911575,-0.05631491,WAL
1909717656000,122.200268,-2.96396476162678,-4.3299933380035,-5.26577354841409,-1.7302758,-1.9660698,0.7761043,234.69598,88.73286,-0.48304185,WAL
1909722379000,122.204991,-2.85394523837322,-4.5764371619965,-5.01492885158591,-1.6966782,-1.7605137,0.91904676,233.93881,88.97819,-0.9995328,WAL
1909727302000,122.209914,-2.7392668320685,-4.83331688791594,-4.75346189361743,-1.672549,-1.6007724,1.0595458,233.22598,91.73415,-1.5611063,WAL
1909732340000,122.214952,-2.66003565974102,-5.34959071394938,-4.32782054349617,-1.6261233,-1.5250251,1.1942415,232.56151,92.75376,-2.1695316,WAL
1909737273000,122.219885,-2.58588634017069,-5.87790465823033,-3.89682756602904,-1.5964963,-1.5118915,1.3295482,231.93993,93.854416,-2.8236792,WAL
1909742347000,122.224959,-2.49431454227799,-6.74843182239382,-3.68522181698842,-1.5858061,-1.529912,1.464244,231.3739,94.93123,-3.4862833,WAL
1909747245000,122.229857,-2.40376011722211,-7.63491209347694,-3.5136449068482,-1.593442,-1.4923438,1.602605,230.84187,96.02844,-4.1880784,WAL
1909752343000,122.234955,-2.18141633226819,-8.55459130699001,-3.47467309671897,-1.6099354,-1.4175128,1.7342464,230.36772,97.062805,-4.8893356,WAL
1909757294000,122.239906,-1.95144452464099,-9.44742305287684,-3.452126859534,-1.6569719,-1.3112222,1.8698585,229.92313,98.117386,-5.622751,WAL
1909762355000,122.244967,-1.67240888658562,-10.6507390764476,-3.37522342258397,-1.7052304,-1.2009611,2.0228803,229.5292,99.12233,-6.335547,WAL
1909767243000,122.249855,-1.39267850719143,-11.8805877762209,-3.28841050801566,-1.749518,-1.1313224,2.1197023,229.15826,100.12852,-7.0554986,WAL
1909772382000,122.254994,-1.00143186296148,-12.9453263539214,-3.38456113496308,-1.7880026,-1.0800097,2.1386392,228.84212,101.06323,-7.7106667,WAL
1909777249000,122.259861,-0.615415436599481,-13.9173437607264,-3.50548194907204,-1.774869,-0.9999864,2.126422,228.55806,101.98331,-8.365059,WAL
1909782338000,122.26495,-0.26379783755369,-14.380239861187,-3.50401085896134,-1.6853772,-0.8924741,2.0564778,228.32541,102.76182,-8.904303,WAL
1909787302000,122.269914,0.0703321328094495,-14.7375732364311,-3.4808074056228,-1.5748106,-0.74464476,1.9278907,228.12491,103.49558,-9.404891,WAL
1909792322000,122.274934,0.423697616255816,-14.6165232990793,-3.39914815544996,-1.4758505,-0.63438356,1.8319849,227.98634,104.109024,-9.788536,WAL
1909797322000,122.279934,0.779236919295119,-14.3842378817939,-3.30433764163944,-1.4416419,-0.37323865,1.5919148,227.91872,104.64293,-10.074211,WAL
1909802356000,122.284968,1.16311745619754,-13.6924504015225,-3.13132600802264,-1.4178182,-0.09865474,1.3542882,227.9105,105.0704,-10.262729,WAL
1909807396000,122.290008,1.5541158454226,-12.8821885002928,-2.93818229769666,-1.4376713,0.17959438,1.1191051,227.96155,105.446045,-10.370376,WAL
1909812340000,122.294952,1.72681738192552,-12.1139296648501,-2.55205811743869,-1.5015068,0.40317106,0.9275989,228.08847,105.75016,-10.371361,WAL
1909817322000,122.299934,1.83274699980826,-11.3483472482592,-2.09944982782319,-1.5473217,0.42546764,0.7141015,228.21617,106.0054,-10.301043,WAL
1909822350000,122.304962,1.6687834084415,-10.6748516265758,-1.53809471563171,-1.591304,0.14355333,0.4908302,228.33041,106.21966,-10.15555,WAL
1909827367000,122.309979,1.42202126322719,-10.0332701333458,-0.945865482790177,-1.6740762,-0.3680463,0.29138273,228.36801,106.422714,-9.977118,WAL
1909832349000,122.314961,1.06978693930958,-9.45361975389755,-0.648812655512249,-1.7391334,-0.97402465,0.106595986,228.2815,106.57376,-9.773778,WAL
1909837374000,122.319986,0.650813722413444,-8.90310856995343,-0.52214635932375,-1.7675385,-1.5109752,-0.06352998,228.05629,106.7106,-9.556319,WAL
1909842352000,122.324964,0.251895923621292,-8.4748091463098,-0.828054737396385,-1.7498235,-1.8854356,-0.20525073,227.66052,106.80497,-9.382317,WAL
1909847341000,122.329953,-0.139380658867472,-8.10739094537102,-1.36248129528613,-1.6954565,-2.0735822,-0.28710666,227.16676,106.88661,-9.211516,WAL
1909852347000,122.334959,-0.525294507864049,-7.90011533938005,-1.97849591744244,-1.5833627,-2.0680842,-0.32711834,226.5851,106.983055,-9.11108,WAL
1909857372000,122.339984,-0.909015888806937,-7.78020250174424,-2.64041523195455,-1.4700472,-1.9355265,-0.33933565,225.99681,107.064476,-9.009338,WAL
1909862353000,122.344965,-1.233326595921,-7.7136142580389,-2.77220321868797,-1.3723087,-1.8041905,-0.32498032,225.40813,107.25672,-9.001334,WAL
1909867353000,122.349965,-1.52796826920405,-7.67559599682414,-2.61537774230846,-1.3154984,-1.817935,-0.28130344,224.82768,107.43723,-9.006839,WAL
1909872345000,122.354957,-1.72483337298371,-7.72829845948042,-2.42039490462389,-1.294118,-1.9352211,-0.21777347,224.23862,107.73731,-9.097753,WAL
1909877355000,122.359967,-1.86436366990112,-7.83527157541683,-2.20179761914502,-1.2831224,-2.0271564,-0.13133603,223.66489,108.03584,-9.212536,WAL
1909882333000,122.364945,-1.93804550976563,-7.95773434189453,-2.10165467609375,-1.2712106,-2.0454822,-0.05681047,223.08777,108.3532,-9.405237,WAL
1909887339000,122.369951,-1.96145442617187,-8.09350595927734,-2.09229110953125,-1.2709051,-2.0237966,0.01038471,222.51006,108.68093,-9.62639,WAL
1909892322000,122.374934,-1.88014201871477,-8.18949751634724,-1.99756866020293,-1.260215,-1.9236146,0.040011674,221.95552,108.986824,-9.869357,WAL
1909897348000,122.37996,-1.69761435760992,-8.24869583263298,-1.81997412343958,-1.2528846,-1.8057177,0.12156218,221.42877,109.30954,-10.141811,WAL
1909902350000,122.384962,-1.43662235515877,-8.33319746948264,-1.60391096146998,-1.2754866,-1.6652187,0.20372356,220.95744,109.63897,-10.419035,WAL
1909907387000,122.389999,-1.11213830692452,-8.43817773756059,-1.35577610398655,-1.3182472,-1.5335772,0.267559,220.52702,109.97816,-10.702849,WAL
1909912354000,122.394966,-0.796909037066931,-8.53925279811601,-1.12883821362221,-1.3723087,-1.4373659,0.31031954,220.14854,110.28793,-10.959331,WAL
1909917339000,122.399951,-0.484478173298959,-8.6386626449182,-0.915817157112543,-1.4001031,-1.3435981,0.3436117,219.81396,110.6062,-11.217536,WAL
1909922356000,122.404968,-0.245277719528405,-8.68866156482581,-0.779063366997229,-1.4089607,-1.2608259,0.36896262,219.5457,110.87148,-11.412096,WAL
1909927358000,122.40997,-0.0746012780107878,-8.69340267270388,-0.712689213145289,-1.3787229,-1.1774428,0.38698313,219.30792,111.13392,-11.603883,WAL
1909932334000,122.414946,0.0234512420964296,-8.6425555603888,-0.723889002405928,-1.2938126,-1.0473285,0.3998113,219.13576,111.3181,-11.736065,WAL
1909937350000,122.419962,0.0511890525562506,-8.53622707689347,-0.811725384736792,-1.1902709,-0.91904676,0.41691554,218.98969,111.49075,-11.865508,WAL
1909942340000,122.424952,0.0507239550959399,-8.38982708030075,-0.914932111578947,-1.0705414,-0.8026769,0.44043383,218.89084,111.61192,-11.958954,WAL
1909947348000,122.42996,0.0122592733259148,-8.18788745042606,-1.03994233473684,-0.9596693,-0.6979135,0.46181414,218.82643,111.71044,-12.044444,WAL
1909952360000,122.434972,-0.15174755068653,-8.01069291571455,-1.21516813319036,-0.8784242,-0.59986967,0.4905248,218.7975,111.80883,-12.120104,WAL
1909957365000,122.439977,-0.479808672010221,-7.86634612140902,-1.45574626072276,-0.8185594,-0.54153204,0.52198434,218.7886,111.88749,-12.194592,WAL
1909962250000,122.444862,-0.761660352669702,-7.76921532028146,-1.6681837676221,-0.7993172,-0.50946164,0.5491679,218.79205,111.99114,-12.274525,WAL
1909967352000,122.449964,-0.918395334250828,-7.8248309214404,-1.80975091077194,-0.8344419,-0.47494772,0.5708536,218.81386,112.094765,-12.353725,WAL
1909972321000,122.454933,-1.05949854045943,-7.87994849229344,-1.92852550818822,-0.90377516,-0.43188173,0.6020077,218.82106,112.290695,-12.496325,WAL
1909977353000,122.459965,-1.17555568236384,-7.93797697002594,-2.00440896309744,-0.9801333,-0.41141775,0.63346726,218.83177,112.49537,-12.640445,WAL
1909982321000,122.464933,-1.29054989522023,-8.01533885737705,-2.06926358352755,-1.0757337,-0.42088616,0.6737844,218.83745,112.75189,-12.815098,WAL
1909987352000,122.469964,-1.40950333419909,-8.21518089918033,-2.07402171909935,-1.1878275,-0.4437936,0.7079928,218.84482,113.02806,-12.992196,WAL
1909992283000,122.474895,-1.52265915847182,-8.41534801547278,-2.06663824718243,-1.3008375,-0.47433686,0.72295904,218.84612,113.3499,-13.181547,WAL
1909997349000,122.479961,-1.6107017869723,-8.65630671690544,-1.96006039723018,-1.3469579,-0.5320636,0.74464476,218.83429,113.68101,-13.382848,WAL
1910002515000,122.485127,-1.70117249535972,-8.90435244550595,-1.83793092737376,-1.4236214,-0.59773165,0.7687739,218.80406,114.039246,-13.594335,WAL
1910007387000,122.489999,-1.79669033985182,-9.17271235036069,-1.52408654726067,-1.4932601,-0.6731735,0.7797695,218.75327,114.39958,-13.810832,WAL
1910012663000,122.495275,-1.90338497162244,-9.46472372554183,-1.1811945151509,-1.539075,-0.7348709,0.78984874,218.68924,114.74855,-14.027453,WAL
1910017348000,122.49996,-2.07151255937816,-9.75553867135913,-0.808587450060766,-1.5540411,-0.79504114,0.7791586,218.6017,115.09677,-14.245105,WAL
1910022649000,122.505261,-2.2582854257975,-10.0820770485437,-0.387213797581137,-1.57084,-0.8481864,0.7715228,218.50522,115.40606,-14.458066,WAL
1910027362000,122.509974,-2.37514102510402,-10.3366553106796,-0.0157798141192787,-1.577254,-0.8732319,0.75808376,218.39705,115.70711,-14.666237,WAL
1910032323000,122.514935,-2.49814561414702,-10.6046295857605,0.375199178444753,-1.5491543,-0.8735373,0.7449502,218.27281,115.94661,-14.879412,WAL
1910037355000,122.519967,-2.6274221990096,-10.8910133841537,0.666030693397359,-1.4856243,-0.8720101,0.7583892,218.14314,116.17714,-15.094779,WAL
1910042259000,122.524871,-2.75427758172269,-11.172913907563,0.929138044817927,-1.3775011,-0.8686504,0.7852673,218.01366,116.386856,-15.306457,WAL
1910047349000,122.529961,-2.8052074832077,-11.4873899488197,1.06861569125174,-1.2177598,-0.8604037,0.84299403,217.8905,116.52092,-15.520738,WAL
1910052281000,122.534893,-2.83800156537393,-11.7965914207499,1.17636761261654,-1.0005972,-0.89552844,0.9108001,217.75995,116.622185,-15.745057,WAL
1910057371000,122.539983,-2.7060631776494,-11.9943353573705,1.09045206405876,-0.73792523,-0.9611965,0.96944314,217.62341,116.64748,-15.983407,WAL
1910062254000,122.544866,-2.54304276358566,-12.1573555768924,0.964693487410359,-0.47983465,-1.0299188,1.0005972,217.48007,116.634834,-16.230944,WAL
1910067348000,122.54996,-2.08757842320871,-12.1050499696791,0.36177699258169,-0.23365596,-1.1068878,1.0137309,217.3321,116.5501,-16.473135,WAL
1910072301000,122.554913,-1.57558436368266,-12.0003239826317,-0.338723996725052,-0.030848695,-1.1151345,0.97219205,217.18172,116.42184,-16.702288,WAL
1910077348000,122.55996,-1.05387347766853,-11.8936104642331,-1.05251937185752,0.14446963,-1.0598512,0.91629785,217.04825,116.236694,-16.886488,WAL
1910082265000,122.564877,-0.545600755946423,-11.7896456594054,-1.74792889425228,0.2602286,-1.0173961,0.8491027,216.9053,116.02265,-17.052536,WAL
1910087342000,122.569954,0.153011781217184,-11.5459548054893,-2.53798526420048,0.30390546,-0.8762862,0.77121735,216.81317,115.79181,-17.183746,WAL
1910092296000,122.574908,0.89844467381066,-11.258160708035,-3.33531540556882,0.29871312,-0.689056,0.7263188,216.74585,115.55247,-17.292328,WAL
1910097348000,122.57996,1.42444848066992,-11.0626105529193,-3.63555108129022,0.21838433,-0.47739118,0.6151413,216.84561,115.34633,-17.171755,WAL
1910102382000,122.584994,1.85806241618981,-10.9056127511049,-3.73647846821742,0.07696902,-0.2932153,0.49510628,216.98476,115.15107,-17.026875,WAL
1910107532000,122.590144,2.16244855844815,-10.907670791153,-3.59296242168238,-0.12889257,-0.16462818,0.34025195,217.18507,114.96353,-16.758335,WAL
1910112825000,122.595437,1.82345308300701,-11.6714317982435,-2.29007603545242,-0.31673363,-0.116980694,0.15118915,217.39261,114.78044,-16.448233,WAL
1910117312000,122.599924,1.53607868317621,-12.3188898822818,-1.18558874752236,-0.46792278,-0.1563815,-0.02443461,217.61176,114.569595,-16.0465,WAL
1910122370000,122.604982,0.97812037657043,-12.756180916367,-0.531832040639063,-0.5122105,-0.26633725,-0.15607607,217.80127,114.36032,-15.618666,WAL
1910127295000,122.609907,0.319069147324566,-13.0372464614199,-0.187768575417651,-0.44806966,-0.40958515,-0.24678956,217.94878,114.147545,-15.172916,WAL
1910132341000,122.614953,-0.133836527899269,-13.1822255743466,-0.31008160189246,-0.30970868,-0.48441613,-0.28955013,218.11438,113.78341,-14.725934,WAL
1910137334000,122.619946,-0.492930833125063,-13.2684084439772,-0.621296656755782,-0.14538592,-0.4560109,-0.28008172,218.26599,113.40676,-14.289114,WAL
1910142357000,122.624969,-0.573141058667988,-13.5400597472745,-0.963009174707631,-0.004886922,-0.33108896,-0.26358834,218.39061,113.03151,-13.943092,WAL
1910147312000,122.629924,-0.544923173415263,-13.8786743310208,-1.31102981187314,0.1328632,-0.15332718,-0.23793201,218.54448,112.63552,-13.605792,WAL
1910152354000,122.634966,-0.334276657891793,-14.4057378726975,-1.51186281434082,0.2669481,0.04734206,-0.2510656,218.71918,112.28074,-13.311658,WAL
1910157404000,122.640016,-0.0450975372437072,-15.0120812278908,-1.64712396440351,0.40469822,0.26236662,-0.2846632,218.95078,111.90433,-13.010352,WAL
1910162350000,122.644962,0.310098312703171,-15.4828411064546,-1.66120439931681,0.5571091,0.48472157,-0.3491095,219.24506,111.5103,-12.673829,WAL
1910167358000,122.64997,0.71111525828082,-15.8887480088712,-1.60740943049862,0.7440339,0.636827,-0.4269948,219.57533,111.07892,-12.32248,WAL
1910172383000,122.654995,1.03846082511211,-16.1766644013453,-1.52030729775785,0.95356065,0.7031059,-0.51893,219.97156,110.558304,-11.897357,WAL
1910177380000,122.659992,1.32770129245467,-16.4052574224995,-1.41767355525444,1.1676689,0.7162395,-0.6218608,220.38547,109.99322,-11.454865,WAL
1910182344000,122.664956,1.37959064784417,-16.4612969861012,-1.24722139962463,1.3607023,0.72173727,-0.7305948,220.84006,109.32345,-10.936683,WAL
1910187344000,122.669956,1.2872911145176,-16.4127188183017,-1.03347512793954,1.5372424,0.72418076,-0.7870999,221.29161,108.61987,-10.42352,WAL
1910192320000,122.674932,0.833174459636768,-16.0236809951515,-0.582769990008081,1.6038266,0.6737844,-0.90377516,221.7379,107.844505,-9.841923,WAL
1910197346000,122.679958,0.171953020340606,-15.4402507309091,0.00552261955151509,1.7195857,0.5510005,-1.0390818,222.15894,107.02863,-9.26613,WAL
1910202353000,122.684965,-0.478023742506433,-14.7524125923008,0.497431404960606,1.8161024,0.33505958,-1.1902709,222.52397,106.1895,-8.698666,WAL
1910207382000,122.689994,-1.12645677731964,-14.007914958512,0.944129714399122,1.9413297,0.1432479,-1.2990049,222.85922,105.32579,-8.130809,WAL
1910212349000,122.694961,-1.7433937727092,-13.4032689745577,1.24274631440072,2.1410828,-0.02321288,-1.3759739,223.11642,104.43801,-7.645634,WAL
1910217350000,122.699962,-2.35265443967402,-12.8606460610217,1.47121910178891,2.4061983,-0.13316862,-1.4315627,223.34317,103.511696,-7.1562843,WAL
1910222380000,122.704992,-2.89605307371084,-12.4626715185834,1.56669588310955,2.7128525,-0.22968534,-1.4950926,223.50879,102.560326,-6.7459006,WAL
1910227352000,122.709964,-3.39639523452034,-12.1476412835182,1.58985984964001,3.0060678,-0.3323107,-1.5534303,223.65887,101.561714,-6.3336115,WAL
1910232348000,122.71496,-3.91719245383721,-12.0243932069767,1.42054109209302,3.2604933,-0.419359,-1.5803084,223.70702,100.52366,-5.989453,WAL
1910237362000,122.719974,-4.45227803141473,-12.033699229845,1.11810147062016,3.4535267,-0.45875978,-1.572978,223.76129,99.45571,-5.6446023,WAL
1910242346000,122.724958,-5.03305615208208,-12.2263726071213,0.661260115721183,3.5735617,-0.42760566,-1.5726726,223.7715,98.40758,-5.3519874,WAL
1910247332000,122.729944,-5.65742687368739,-12.5817838346409,0.0657064129149065,3.614795,-0.35827246,-1.5683966,223.80518,97.38239,-5.06566,WAL
1910252243000,122.734855,-6.19344420220346,-12.8988239024461,-0.695941607430596,3.535688,-0.24190263,-1.5735888,223.83281,96.48883,-4.842429,WAL
1910257293000,122.739905,-6.67228454534071,-13.1945783142108,-1.63953878880315,3.3701437,-0.116675265,-1.5745052,223.90428,95.68158,-4.622809,WAL
1910262258000,122.74487,-7.04440018636601,-13.3431247392487,-2.47590170764884,3.1425962,0.07696902,-1.568091,223.98239,95.088974,-4.4738984,WAL
1910267264000,122.749876,-7.30525154790206,-13.3280758347808,-3.21330871219002,2.9046643,0.29779682,-1.5415184,224.12085,94.62373,-4.331208,WAL
1910272260000,122.754872,-7.40500813206985,-13.2140012968347,-3.55912635589403,2.7162123,0.4972443,-1.5042557,224.2955,94.3824,-4.260149,WAL
1910277233000,122.759845,-7.37429129569359,-13.0202479763842,-3.58748049914666,2.5531113,0.6105598,-1.4370605,224.51787,94.23517,-4.2041397,WAL
1910282218000,122.76483,-7.34350033865846,-12.8260271232884,-3.6159030618079,2.441323,0.63285637,-1.4001031,224.7486,94.18099,-4.178025,WAL
1910287244000,122.769856,-7.3124561360389,-12.6302088669875,-3.6445593907819,2.4034493,0.65576386,-1.3432927,225.01408,85.8235,-4.173285,WAL
1910292221000,122.774833,-7.10568725356577,-12.5530385419968,-3.617058222187,2.3875668,0.68508536,-1.2947289,225.28651,85.803696,-4.171745,WAL
1910297268000,122.77988,-6.72747819096672,-12.5865509019414,-3.53567144795959,2.4401011,0.75502944,-1.260215,225.57701,85.75487,-4.1790404,WAL
1910302231000,122.784843,-6.24070188074117,-12.5621339650538,-3.33858185433948,2.5158484,0.9651671,-1.3200798,225.90689,85.706696,-4.1682777,WAL
1910307292000,122.789904,-5.6264733922331,-12.4783757755376,-3.01750795232335,2.4507914,1.1527027,-1.4544702,226.24911,85.6637,-4.143201,WAL
1910312223000,122.794835,-5.05997625788505,-12.3323126675189,-2.53958558958887,2.1685717,1.3078625,-1.5070046,226.64558,85.65832,-4.0775476,WAL
1910317260000,122.799872,-4.52717359694211,-12.0905776208325,-1.81438189191041,1.8432859,1.2867876,-1.5332718,227.042,85.684296,-3.9803379,WAL
1910322226000,122.804838,-4.02740669449052,-11.7957899135565,-1.31508248485881,1.6065756,1.044885,-1.5079209,227.43956,85.76558,-3.8142905,WAL
1910327263000,122.809875,-3.55111925402844,-11.4290485197472,-1.06741305063191,1.5442673,0.7892379,-1.4337007,227.82079,85.84792,-3.6565332,WAL
1910332198000,122.81481,-3.02333361752577,-11.1857962306701,-1.11603119993557,1.6096299,0.6808093,-1.346347,228.19485,85.911736,-3.4544954,WAL
1910337257000,122.819869,-2.39899003076923,-11.0945461730769,-1.56267703557692,1.7107282,0.79779,-1.2812898,228.55823,85.94432,-3.2718928,WAL
1910342184000,122.824796,-1.79809276719976,-11.0554895730605,-1.88675082469455,1.8512272,1.0821478,-1.2596041,228.91074,85.94843,-3.0386233,WAL
1910347261000,122.829873,-1.18953985419688,-11.0892982475415,-2.05579333975365,1.9495764,1.3790283,-1.2910637,229.30057,85.90418,-2.8160887,WAL
1910352235000,122.834847,-0.59797272634824,-10.9942262246432,-2.35717111716461,2.032654,1.6804903,-1.3408492,229.74661,85.903,-2.530183,WAL
1910357336000,122.839948,0.00162923521979075,-10.7013972770695,-2.87310761244529,2.083356,2.0097466,-1.3396275,230.28323,85.846245,-2.2613573,WAL
1910362273000,122.844885,0.478181888839951,-10.5085190924267,-3.05898991564652,2.149024,2.3258693,-1.3063353,230.87119,85.770836,-1.9313234,WAL
1910367314000,122.849926,0.728603236493445,-10.5176255070263,-2.53538172583231,2.2583687,2.4156666,-1.3298537,231.4863,85.630554,-1.5951899,WAL
1910372314000,122.854926,0.954830797764286,-10.4713649941216,-2.1084424944589,2.3038783,2.3832908,-1.3261884,232.07661,85.48938,-1.2275506,WAL
1910377323000,122.859935,1.0888904293582,-10.1940000060711,-2.06683772211622,2.2941043,2.3448062,-1.2822062,232.68884,85.29141,-0.8736508,WAL
1910382274000,122.864886,1.19486197484639,-9.89790185370136,-2.03850263815469,2.26631,2.3448062,-1.2464706,233.31784,84.96267,-0.48580644,WAL
1910387308000,122.86992,1.08671586498586,-9.41829760557886,-2.11373474446503,2.2379048,2.3451116,-1.1636983,233.93262,84.60227,-0.13186033,WAL
1910392358000,122.87497,0.955211620330541,-8.9180022582484,-2.18634831102954,2.1697934,2.3533583,-1.0693196,234.53287,84.22119,0.22340581,WAL
1910397314000,122.879926,0.549372719433322,-8.1965108773536,-2.22324268757126,2.108096,2.352442,-0.96852684,235.12683,83.83162,0.5457643,WAL
1910402310000,122.884922,0.1402582826128,-7.46919632147176,-2.26043483954914,2.0463986,2.3484714,-0.8940013,235.70381,83.45126,0.82964605,WAL
1910407323000,122.889935,-0.262525308650462,-7.12122356930494,-2.2479562219767,1.9642372,2.295937,-0.8213083,236.26173,83.093765,1.0815821,WAL
1910412255000,122.894867,-0.656290188116513,-6.90299247689835,-2.2194913593411,1.8894062,2.2128594,-0.7611381,236.8057,82.75274,1.3123202,WAL
1910417323000,122.899935,-1.02149357391147,-6.74806968922351,-2.1956845436865,1.8118263,2.1093178,-0.7257079,237.31891,82.43871,1.4760818,WAL
1910422370000,122.904982,-1.37224931515784,-6.61653614318759,-2.17376232416546,1.7324139,1.9886718,-0.70432764,237.79926,82.15145,1.627489,WAL
1910427318000,122.90993,-1.69250788207687,-6.43842569202591,-2.18982772571671,1.6548339,1.8625281,-0.69974613,238.24045,81.8886,1.729311,WAL
1910432312000,122.914924,-1.99720052896581,-6.22006280340837,-2.23553157502654,1.5519031,1.7635679,-0.7122689,238.65161,81.65875,1.8316102,WAL
1910437307000,122.919919,-2.22524276072444,-6.00515914280296,-2.26273260904608,1.4810427,1.6811012,-0.71685034,239.02371,81.45292,1.8933913,WAL
1910442324000,122.924936,-2.41659174013844,-5.79103038592831,-2.28095626926797,1.3982705,1.6282613,-0.72051555,239.3723,81.28117,1.960052,WAL
1910447315000,122.929927,-2.53700251269841,-5.59118306031746,-2.27280418698413,1.3179418,1.5760323,-0.71929383,239.68024,81.12805,1.9845034,WAL
1910452305000,122.934917,-2.60337520565476,-5.40154721904762,-2.24435886029762,1.2363913,1.572978,-0.70402217,239.98224,81.00202,2.0054095,WAL
1910457386000,122.939998,-2.63888316787357,-5.17570615862609,-2.16300040561699,1.1722504,1.5589281,-0.7162395,240.26111,80.895195,2.0077658,WAL
1910462400000,122.945012,-2.6482809219591,-4.92666408073197,-2.04082886652314,1.0778717,1.557401,-0.7449502,240.53778,80.82201,2.009922,WAL
1910467315000,122.949927,-2.65040321325657,-4.65573059887806,-1.89462431617951,0.956615,1.5714508,-0.7699956,240.81375,80.7679,2.0070262,WAL
1910472351000,122.954963,-2.64565675475839,-4.35195715587049,-1.71900520306072,0.8240572,1.6111571,-0.795652,241.09248,80.74314,2.011086,WAL
1910477315000,122.959927,-2.63061364755043,-4.08557082420749,-1.4770361092219,0.6930266,1.6780468,-0.799928,241.38666,80.71556,2.0068264,WAL
1910482313000,122.964925,-2.60391581557126,-3.85418893226736,-1.15666135883611,0.5696318,1.7183639,-0.80848014,241.67972,80.7217,2.0100808,WAL
1910487314000,122.969926,-2.5679804778481,-3.66113238940928,-0.841667956411392,0.4978552,1.7754798,-0.8347474,241.99731,80.70328,2.0269246,WAL
1910492327000,122.974939,-2.5122743085443,-3.54972015656118,-0.537816494484177,0.33017266,1.754405,-0.86009824,242.29704,80.74465,2.0476058,WAL
1910497289000,122.979901,-2.4823946010685,-3.44192187487517,-0.257832620387458,0.21624629,1.7440202,-0.86834496,242.646,80.710175,2.0560548,WAL
1910502301000,122.984913,-2.48718773272419,-3.33647177725185,-0.00379380981026561,0.11453723,1.738217,-0.8491027,242.98254,80.71808,2.064723,WAL
1910507299000,122.989911,-2.51703090875362,-3.25400545341063,0.209372124771015,0.020463986,1.7104226,-0.8063421,243.36209,80.71355,2.0633593,WAL
1910512318000,122.99493,-2.58204776214493,-3.20292085909179,0.36727006844058,-0.07422013,1.6902641,-0.7715228,243.73463,80.73681,2.058567,WAL
1910517249000,122.999861,-2.62875267136205,-3.17149220683935,0.508493310844005,-0.15943582,1.6618589,-0.74189585,244.1364,80.74914,2.0397253,WAL
1910522372000,123.004984,-2.64303146833527,-3.17625185552969,0.62748337507955,-0.27916542,1.6392568,-0.69913524,244.526,80.7991,2.0076463,WAL
1910527251000,123.009863,-2.63342694209194,-3.17176047414297,0.715133210323335,-0.36957347,1.6053538,-0.65301496,244.92865,80.84481,1.9502349,WAL
1910532313000,123.014925,-2.56260814228672,-3.14343294436112,0.738739444059213,-0.47036624,1.5656476,-0.6087272,245.31555,80.92751,1.8824587,WAL
1910537323000,123.019935,-2.48322614844155,-3.10202757140934,0.742441982085534,-0.5757405,1.5149459,-0.5589417,245.70415,81.02219,1.7957506,WAL
1910542293000,123.024905,-2.37479409852956,-3.01823919727659,0.683297232266749,-0.6759224,1.4544702,-0.5183192,246.07138,81.143196,1.701546,WAL
1910547275000,123.029887,-2.27327363937302,-2.94731545090502,0.632376572569509,-0.79320854,1.3921618,-0.4783075,246.42575,81.29156,1.601893,WAL
1910552339000,123.034951,-2.18730229374883,-2.90659211229707,0.600702901511476,-0.90469146,1.3249667,-0.43799037,246.75397,81.46553,1.4941022,WAL
1910557356000,123.039968,-2.11185587579188,-2.86765373247408,0.595391702672881,-1.0186177,1.2412782,-0.38515055,247.04858,81.67548,1.3923088,WAL
1910562338000,123.04495,-2.08462571294588,-2.83588527233901,0.717927103757253,-1.1487321,1.1438452,-0.3371976,247.31268,81.919334,1.2846816,WAL
1910567398000,123.05001,-2.06007728188119,-2.80724549305941,0.854105152316832,-1.2797627,1.0195341,-0.2883284,247.55392,82.20529,1.1714267,WAL
1910572374000,123.054986,-2.07423203118812,-2.82375933440594,1.13248111683168,-1.4046847,0.8784242,-0.24007004,247.75473,82.52379,1.0501713,WAL
1910577442000,123.060054,-2.08864848405941,-2.8405784959703,1.41600390384158,-1.5555683,0.7058548,-0.18051068,247.9284,82.861755,0.921335,WAL
1910582351000,123.064963,-2.10261264490099,-2.8568699845495,1.69063163893069,-1.7037032,0.6062838,-0.15302174,248.07648,83.22968,0.7910872,WAL
1910587529000,123.070141,-2.11989468571429,-2.89014344047619,1.98405215297619,-1.7675385,0.39400807,-0.058643065,248.14262,83.62163,0.6344418,WAL
1910592343000,123.074955,-2.17387912974239,-3.16006584851678,2.31245775568891,-1.9156734,0.18875736,-0.020463986,248.17795,84.071976,0.4889193,WAL
1910597669000,123.080281,-2.235848833061,-3.47333982054285,2.68444520084423,-2.025629,-0.0015271631,0.063224554,248.21352,84.41002,0.31702995,WAL
1910602365000,123.084977,-2.34199352369281,-4.08571301277233,3.21108612655229,-2.1224513,-0.20158553,0.16371189,248.18199,84.77787,0.13589528,WAL
1910607332000,123.089944,-2.45426368518519,-4.73342545864198,3.76811880925926,-2.1777346,-0.38056904,0.27091873,248.12823,85.087074,-0.064500906,WAL
1910612347000,123.094959,-2.47659745136079,-6.20121387840197,4.50883766716648,-2.1801782,-0.5332854,0.42180246,248.01749,85.39271,-0.30050063,WAL
1910617251000,123.099863,-2.47177408506727,-7.87490546266817,5.28539193464106,-2.117259,-0.5726862,0.54305923,247.88275,85.67346,-0.5558409,WAL
1910622368000,123.10498,-2.1160724780507,-10.2734124325015,6.4531793218707,-1.964848,-0.49418998,0.63499445,247.78114,85.77733,-0.84573275,WAL
1910627259000,123.109871,-1.69728149206131,-12.7125250113971,7.64972513342503,-1.5845845,-0.4269948,0.7058548,247.65913,85.76913,-1.157876,WAL
1910632350000,123.114962,-0.613957395722266,-14.4906640784986,9.47803342012936,-0.904386,-0.40286562,0.63591075,247.60362,85.49471,-1.4116508,WAL
1910637276000,123.119888,0.615819445643865,-15.9978342190318,11.4105398127205,-0.045814894,-0.49846604,0.37232238,247.53186,85.08732,-1.6187359,WAL
1910642357000,123.124969,1.96797529399762,-16.9863255853441,11.9041732966935,0.7131852,-0.44226643,-0.05375614,247.62096,84.39338,-1.610528,WAL
1910647273000,123.129885,3.30495876564889,-17.7483129073578,11.8667753795055,1.1560625,-0.046120327,-0.3726278,247.78256,83.60401,-1.5646696,WAL
1910652365000,123.134977,4.00417292482087,-17.8480196987676,9.8792572318716,1.3472633,0.5849035,-0.5299256,248.22714,82.45623,-1.162508,WAL
1910657363000,123.139975,4.43402847661221,-17.687966711092,7.19951891315563,1.3652838,1.14018,-0.56688297,248.76492,81.29195,-0.761503,WAL
1910662350000,123.144962,3.8679564619625,-16.3454827469941,5.79996751166701,1.3078625,1.5012014,-0.59712076,249.475,80.20946,-0.1830067,WAL
1910667334000,123.149946,2.74934184455879,-14.3465671235989,5.10934452450581,1.2147056,1.6960673,-0.61269784,250.275,79.17467,0.32409754,WAL
1910672367000,123.154979,1.66636445333333,-12.0508153333333,4.70859666666667,1.0531317,1.750129,-0.60048056,250.95901,78.59797,0.77110887,WAL
1910677367000,123.159979,0.612578440031299,-9.63881611580595,4.45100448161189,0.8573494,1.7446312,-0.59712076,251.66339,78.066246,1.1830522,WAL
1910682346000,123.164958,-0.292738954283697,-7.42728980251211,4.28410206552663,0.6267477,1.690875,-0.5839872,252.34732,77.66784,1.4464172,WAL
1910687345000,123.169957,-1.11866022810734,-5.31660200635593,4.16818321398305,0.50946164,1.5738943,-0.54702985,252.99963,77.29612,1.6908777,WAL
1910692325000,123.174937,-1.74883887365942,-3.82430672471685,3.92297453407838,0.26206118,1.4376713,-0.48899764,253.61044,77.01679,1.7969432,WAL
1910697349000,123.179961,-2.27931163813772,-2.65244429777488,3.60469096603187,0.005497787,1.2932017,-0.40042216,254.17682,76.775444,1.887828,WAL
1910702356000,123.184968,-2.71057557769404,-2.10587299124988,3.2646674964471,-0.22968534,1.1548407,-0.27183503,254.67114,76.55888,1.8527467,WAL
1910707401000,123.190013,-3.093615017696,-1.88361553353235,2.9100013793873,-0.41447207,1.0671816,-0.1282817,255.13092,76.40172,1.794584,WAL
1910712351000,123.194963,-3.39509875522996,-2.02422005661376,2.70566423229548,-0.5888741,0.9850202,0.037873644,255.53377,76.33767,1.6443924,WAL
1910717351000,123.199963,-3.65332565795686,-2.3896354005291,2.58873123473748,-0.77763146,0.8350528,0.1777618,255.88287,76.32843,1.4736717,WAL
1910722353000,123.204965,-3.89754099628715,-3.10013631664856,2.52600921531549,-0.9896017,0.5476407,0.3005457,256.1178,76.430214,1.2191594,WAL
1910727360000,123.209972,-4.13428977521477,-3.99978129092525,2.49286447723906,-1.2299771,0.13072516,0.36377025,256.26593,76.58784,0.9637834,WAL
1910732336000,123.214948,-4.36771767668126,-5.41646754038997,2.48628462574612,-1.4645494,-0.3998113,0.40286562,256.2627,76.83318,0.6618482,WAL
1910737339000,123.219951,-4.60127570398926,-7.16100318844011,2.49581755058695,-1.640784,-0.9990701,0.41783184,256.11844,77.12097,0.38174888,WAL
1910742325000,123.224937,-4.92447163338925,-9.34604692076961,2.14749896513074,-1.6777414,-1.6032158,0.45051312,255.81104,77.48099,0.080389634,WAL
1910747349000,123.229961,-5.30900274403552,-11.8383787167242,1.56358123149482,-1.5781704,-2.0723603,0.4914411,255.37102,77.84015,-0.20031619,WAL
1910752356000,123.234968,-5.73256979971207,-13.8390826788125,0.737549182813741,-1.4340062,-2.3350325,0.5510005,254.78271,78.25073,-0.5121787,WAL
1910757383000,123.239995,-6.18665518602065,-15.5024691644162,-0.266218489594917,-1.2889256,-2.339614,0.63346726,254.13377,78.6156,-0.8301342,WAL
1910762351000,123.244963,-6.46215068303199,-16.6754257732962,-0.459214838295251,-1.0986412,-2.0934353,0.6649268,253.41641,79.10749,-1.2001792,WAL
1910767347000,123.249959,-6.60950002489569,-17.5024826522949,-0.0551927008384661,-0.8426886,-1.6914859,0.64996064,252.7472,79.50815,-1.5804739,WAL
1910772370000,123.254982,-5.92211688926636,-18.0961967630662,0.724236321059814,-0.37598756,-1.2131784,0.6469063,252.09943,79.97669,-2.031476,WAL
1910777361000,123.259973,-4.58052038974061,-18.4986765679443,1.79288734384437,0.3051272,-0.9932669,0.50426924,251.51175,80.27357,-2.4275005,WAL
1910782348000,123.26496,-3.18109678468983,-17.9936448167038,1.90356770800155,0.6169739,-0.8362745,0.38087448,251.06824,80.460266,-2.8310459,WAL
1910787358000,123.26997,-1.71379612563631,-16.5402735382754,1.01668655029324,0.93523467,-0.88086766,0.10262536,250.65384,80.45931,-3.1297216,WAL
1910792318000,123.27493,-0.630193124766393,-14.6692069504098,0.0433821301885245,0.8200866,-0.795652,-0.10476339,250.44373,80.40586,-3.203824,WAL
1910797347000,123.279959,-0.0479095507981558,-12.1673613777664,-1.07677358897746,0.4541783,-0.5198463,-0.20189096,250.28778,80.3537,-3.2333837,WAL
1910802370000,123.284982,0.308108585555116,-9.8733352214526,-1.7339118746883,-0.02321288,-0.344528,-0.2593123,250.17035,80.55358,-3.0052936,WAL
1910807373000,123.289985,0.412411061237879,-7.81573191628735,-1.87614252109638,-0.42852196,-0.5128214,-0.31948254,250.03589,80.83027,-2.7590008,WAL
1910812301000,123.294913,0.284035335582543,-6.219670828594,-2.02442992419036,-0.820392,-0.9053023,-0.25045475,249.84329,81.319336,-2.5010192,WAL
1910817352000,123.299964,-0.141038521524487,-5.13071751974724,-2.18681767906793,-1.0986412,-1.3084733,-0.17440203,249.59412,81.879555,-2.2353399,WAL
1910822321000,123.304933,-0.549456244270427,-4.26410701507151,-2.46370561915192,-1.2745703,-1.5891659,-0.10751228,249.25345,82.45719,-2.0197415,WAL
1910827353000,123.309965,-0.949477366510651,-3.67130475412541,-2.9071025210021,-1.4159856,-1.790446,-0.053145275,248.81462,83.09199,-1.8211291,WAL
1910832269000,123.314881,-1.32895043580553,-3.18731846932316,-3.35422684179218,-1.5473217,-1.8713857,0.01740966,248.3135,83.75742,-1.7113568,WAL
1910837353000,123.319965,-1.70490535374643,-2.82528779862726,-3.83693432194471,-1.6804903,-1.8570304,0.12980886,247.77583,84.44926,-1.6375762,WAL
1910842249000,123.324861,-1.99667662353179,-2.58128885086425,-4.22307058663702,-1.8246545,-1.8362609,0.25503623,247.15414,85.18404,-1.6775051,WAL
1910847350000,123.329962,-2.1398776209441,-2.56647481056302,-4.44527902556353,-1.9520199,-1.8802432,0.35277468,246.51451,85.91315,-1.7524984,WAL
1910852283000,123.334895,-2.19517919196069,-2.58692553844717,-4.62980571051597,-2.0161607,-1.9770653,0.4334089,245.79868,86.60522,-1.9490371,WAL
1910857370000,123.339982,-2.08505671587224,-2.67789629695332,-4.7590800041769,-2.0463986,-2.0317378,0.54641896,245.08246,87.13378,-2.1966352,WAL
1910862334000,123.344946,-1.98307842883292,-2.79731270643673,-4.86718300856214,-2.038152,-2.0140228,0.6575964,244.34195,87.352425,-2.504241,WAL
1910867352000,123.349964,-1.89220704515543,-2.98632514045836,-4.93624516451101,-2.0357084,-1.9398025,0.75716746,243.6068,92.857155,-2.8541932,WAL
1910874404000,123.357016,-1.77247335122294,-3.28013495858059,-5.01827156357257,-2.005776,-1.8460348,0.8527679,242.88803,93.42281,-3.2317371,WAL
1910877334000,123.359946,-1.77809888660786,-3.59797634210104,-4.94795276776263,-1.9462167,-1.8084666,0.9034697,242.18286,94.20472,-3.6362615,WAL
1910882312000,123.364924,-1.78765653682839,-4.13798125922213,-4.82848281365277,-1.8897116,-1.7669277,0.9944886,241.51672,95.11172,-4.0689015,WAL
1910887334000,123.369946,-1.7397916453515,-4.89369119817043,-4.69264485587153,-1.790446,-1.749518,1.0757337,240.86551,96.063866,-4.521336,WAL
1910892325000,123.374937,-1.66374849739485,-5.74917599234364,-4.55006389141891,-1.7269161,-1.6649132,1.1960741,240.25919,97.06538,-5.015731,WAL
1910897352000,123.379964,-1.66272274437086,-6.88971304724721,-4.23139414405456,-1.6759088,-1.5222762,1.3301591,239.7012,98.04435,-5.5105023,WAL
1910902360000,123.384972,-1.70064756556291,-8.16967508184244,-3.82370265037066,-1.6340646,-1.4202617,1.4422529,239.16832,99.031075,-6.0337353,WAL
1910907369000,123.389981,-1.58777046934821,-9.57728763711098,-3.49379965963006,-1.6514742,-1.3756685,1.5519031,238.69443,99.971306,-6.524502,WAL
1910912405000,123.395017,-1.38953117312586,-11.0640826052065,-3.20588067708945,-1.7336355,-1.3267993,1.6911805,238.26218,100.931305,-7.0488815,WAL
1910917350000,123.399962,-1.16845675063063,-12.4515744414414,-3.15680898108108,-1.7867808,-1.244638,1.7953329,237.8775,101.76321,-7.50657,WAL
1910922370000,123.404982,-0.926285862245471,-13.8114570879589,-3.26392303048532,-1.8005253,-1.0732902,1.8655825,237.53845,102.60493,-7.9817495,WAL
1910927352000,123.409964,-0.65325601682602,-14.7999091588427,-3.4183210020023,-1.781894,-0.82436264,1.8942931,237.29086,103.31069,-8.377619,WAL
1910932336000,123.414948,-0.351451739922399,-15.4721093274574,-3.61495097517724,-1.7033978,-0.55680364,1.8524488,237.09818,103.98705,-8.756547,WAL
1910937324000,123.419936,0.0918194266152788,-15.3988065278869,-3.60186861218578,-1.6197093,-0.2507602,1.7143933,237.01125,104.542046,-9.000773,WAL
1910942377000,123.424989,0.723799352232914,-14.3581782914376,-3.31676494565986,-1.561677,0.12644911,1.5311338,237.01309,105.05567,-9.199803,WAL
1910947343000,123.429955,1.14081314565702,-13.2224776547884,-2.77597295389755,-1.5057828,0.5177083,1.3026701,237.11256,105.464386,-9.263575,WAL
1910952349000,123.434961,1.2621471729095,-11.9120697347641,-1.84898110123507,-1.4773777,0.77946407,0.9761627,237.2575,105.81171,-9.240079,WAL
1910957401000,123.440013,1.32904091753161,-10.6434115722812,-0.992765652378351,-1.5641204,0.73884153,0.66248333,237.44629,106.09716,-9.109893,WAL
1910962441000,123.445053,1.32415805744057,-9.44711034011128,-0.2408046324087,-1.7055358,0.32620203,0.42424592,237.57849,106.349625,-8.927616,WAL
1910967333000,123.449945,1.1444604865708,-8.50509654811771,0.0296436309143894,-1.8206838,-0.37201694,0.26297748,237.60397,106.51723,-8.709649,WAL
1910972369000,123.454981,0.748160367499522,-7.80005106269826,-0.246844803326008,-1.8741345,-0.7703011,0.14263703,237.58107,106.67921,-8.45627,WAL
1910977298000,123.45991,0.295573059631465,-7.21311993973366,-0.72933608872716,-1.8558086,-1.525636,0.081855945,237.24927,106.79796,-8.272925,WAL
1910982350000,123.464962,-0.288787133592443,-6.80356827135336,-1.61836276658408,-1.8161024,-2.082745,-0.012217305,236.85643,106.90858,-8.072436,WAL
1910987280000,123.469892,-0.822990455857271,-6.54633032256237,-2.47448952402346,-1.700038,-2.3881776,-0.09193522,236.30502,107.10998,-7.9837155,WAL
1910992312000,123.474924,-1.31634305542391,-6.48885238883809,-3.33186930225624,-1.5522085,-2.4565945,-0.15057829,235.66893,107.28826,-7.907469,WAL
1910997245000,123.479857,-1.72512286312512,-6.48612845453647,-3.94913990426962,-1.4416419,-2.3631322,-0.19486602,234.94861,107.63089,-7.94596,WAL
1911002350000,123.484962,-2.02953530476379,-6.56827142627001,-4.23422443648943,-1.3613132,-2.1774292,-0.19639318,234.24312,107.94502,-7.9869814,WAL
1911007294000,123.489906,-2.27486636251208,-6.72716534792271,-4.28008303864734,-1.3231341,-1.9532416,-0.15882497,233.53072,108.4077,-8.119493,WAL
1911012356000,123.494968,-2.44348471263768,-7.02224776631884,-3.94284624057971,-1.3240504,-1.7654005,-0.06261369,232.87125,108.86732,-8.263815,WAL
1911017245000,123.499857,-2.61986395042348,-7.39691105992712,-3.60545268764034,-1.3069462,-1.5861117,0.07941248,232.2752,109.390656,-8.467556,WAL
1911022349000,123.504961,-2.83648808530628,-8.00345842648217,-3.22515708582825,-1.3093897,-1.4367551,0.23090707,231.73618,109.92865,-8.692417,WAL
1911027273000,123.509885,-2.96592996812825,-8.53257421444267,-2.77518681148622,-1.3347405,-1.244027,0.35063666,231.2826,110.43048,-8.94375,WAL
1911032349000,123.514961,-2.88338884415701,-8.92585825319616,-2.08572557481023,-1.3735305,-1.0522153,0.4098906,230.88043,110.94169,-9.20702,WAL
1911037289000,123.519901,-2.67889455323344,-9.23538642774054,-1.39661070404574,-1.4239268,-0.88025683,0.441961,230.5535,111.40195,-9.49448,WAL
1911042346000,123.524958,-2.13463094006309,-9.35474289432177,-0.642280467444795,-1.4953982,-0.7593055,0.5149594,230.27538,111.88293,-9.792739,WAL
1911047299000,123.529911,-1.61235082493121,-9.4415791083923,0.0452357300746856,-1.5641204,-0.729984,0.58093286,230.06302,112.25374,-10.056407,WAL
1911052326000,123.534938,-1.11559632936321,-9.43684801768868,0.58456918240566,-1.5671748,-0.784351,0.64721173,229.86766,112.62909,-10.33277,WAL
1911057349000,123.539961,-0.650640018712063,-9.42376616968976,1.02538563176727,-1.527774,-0.88453287,0.6606508,229.72787,112.84924,-10.50518,WAL
1911062358000,123.54497,-0.298791809457032,-9.38097394855783,1.11572507418971,-1.4144585,-1.0005972,0.63285637,229.57088,113.050186,-10.688111,WAL
1911067350000,123.549962,0.0139344511094582,-9.32458085224646,1.1213479665293,-1.2620476,-1.0919216,0.5839872,229.43817,113.10761,-10.780613,WAL
1911072381000,123.554993,0.178589303301035,-9.21319646416725,0.792038245964419,-1.0830641,-1.1252137,0.52381694,229.28754,113.1238,-10.865851,WAL
1911077359000,123.559971,0.301300557575422,-9.10606797184232,0.440376147982703,-0.9242391,-1.1542299,0.48716503,229.14922,113.06703,-10.892764,WAL
1911082351000,123.564963,0.277262225153862,-9.00991474255833,-0.00673669951528558,-0.86315256,-1.1600331,0.41630468,229.00319,112.97968,-10.894239,WAL
1911087318000,123.56993,0.232191666071026,-8.90291616629087,-0.417854335558061,-0.7635816,-1.1438452,0.33658674,228.85716,112.87465,-10.86737,WAL
1911092317000,123.574929,0.110751392092259,-8.75448898055242,-0.710210565129651,-0.7104363,-1.1554517,0.26083946,228.70023,112.76016,-10.826303,WAL
1911097293000,123.579905,-0.0253569740461073,-8.61210408987008,-0.999070412562274,-0.72326446,-1.1991285,0.20341812,228.54259,112.70999,-10.793632,WAL
1911102333000,123.584945,-0.33182975388395,-8.52723496024226,-1.26782342770343,-0.7806858,-1.2119566,0.15882497,228.38821,112.65198,-10.743825,WAL
1911107450000,123.590062,-0.647691412485669,-8.44291626220597,-1.54025579782566,-0.86070913,-1.235475,0.15790866,228.21556,112.676346,-10.725696,WAL
1911112359000,123.594971,-1.01475908317454,-8.38715850306385,-1.79580927475786,-0.97158116,-1.2391402,0.19058995,228.0472,112.72286,-10.706562,WAL
1911117604000,123.600216,-1.39959369548909,-8.32764470099377,-2.05361292807872,-1.0903945,-1.1994339,0.23243423,227.85822,112.8665,-10.748143,WAL
1911122360000,123.604972,-1.66141080043843,-8.27439408953624,-2.10686391022993,-1.207986,-1.1297953,0.30298916,227.68486,113.04482,-10.805177,WAL
1911127709000,123.610321,-1.95311761896552,-8.2209328332084,-2.16474247706147,-1.289842,-1.0699304,0.39645153,227.4981,113.32992,-10.941306,WAL
1911132335000,123.614947,-2.14822714482759,-8.30810987256372,-2.17304500269865,-1.3600914,-1.0177015,0.4914411,227.33594,113.64646,-11.090551,WAL
1911137266000,123.619878,-2.35620057155172,-8.40103464149175,-2.18189492788606,-1.409877,-0.9468411,0.57635134,227.16763,114.01632,-11.299889,WAL
1911142339000,123.624951,-2.45863136424108,-8.47841675589599,-2.05867951167103,-1.4440855,-0.8863655,0.66248333,227.02042,114.406,-11.528174,WAL
1911147271000,123.629883,-2.5347978577303,-8.54982289014312,-1.91110668510381,-1.4456125,-0.8533788,0.73884153,226.89204,114.80255,-11.768955,WAL
1911152354000,123.634966,-2.55881966339809,-8.67935288539827,-1.73477632620132,-1.4373659,-0.82863873,0.8032878,226.76698,115.221176,-12.05505,WAL
1911157345000,123.639957,-2.57214752143322,-8.81707275527465,-1.55707265027419,-1.4074335,-0.8136725,0.86742866,226.65564,115.63709,-12.3538685,WAL
1911162425000,123.645037,-2.57266295982845,-9.03694599857041,-1.31116680779128,-1.3500122,-0.77213365,0.92485,226.55804,116.02435,-12.6615715,WAL
1911167247000,123.649859,-2.56794726737466,-9.27743937097927,-1.05181169959155,-1.2873985,-0.7620544,0.9443977,226.45802,116.39917,-12.972109,WAL
1911172383000,123.654995,-2.52744969369602,-9.58888524729475,-0.756258746174923,-1.1997393,-0.7122689,0.96944314,226.39098,116.71942,-13.27823,WAL
1911177305000,123.659917,-2.47597479908667,-9.90709379330885,-0.466127031603296,-1.1545353,-0.6957755,0.97433007,226.31653,117.028725,-13.580357,WAL
1911182350000,123.664962,-2.3648768550504,-10.2769491144495,-0.204113378220992,-1.0555751,-0.7131852,0.9691377,226.25229,117.243195,-13.861603,WAL
1911187356000,123.669968,-2.23220622814786,-10.6607467357185,0.0422750052184226,-0.9251554,-0.77671516,0.9627236,226.17915,117.43584,-14.140957,WAL
1911192319000,123.674931,-1.99019496124502,-11.013389186255,0.138204576967131,-0.8045095,-0.88056225,0.94897914,226.10345,117.53168,-14.388663,WAL
1911197323000,123.679935,-1.69903328383466,-11.3570553336653,0.171616569058765,-0.68386364,-1.0118983,0.94225967,226.00218,117.596,-14.640853,WAL
1911202356000,123.684968,-1.34228712463079,-11.5662299198999,-0.0364733656195244,-0.5299256,-1.14018,0.91721416,225.90196,117.5466,-14.8427,WAL
1911207404000,123.690016,-0.955984178917878,-11.7151660885723,-0.352962529651487,-0.35063666,-1.2040154,0.8765916,225.78108,117.463165,-15.040367,WAL
1911212376000,123.694988,-0.491118461469538,-11.8094980273497,-0.767803023690173,-0.15607607,-1.2168436,0.8350528,225.6717,117.27798,-15.157837,WAL
1911217373000,123.699985,0.0265529412756404,-11.8729857818145,-1.24640485235228,0.03176499,-1.1239921,0.7883216,225.571,117.05409,-15.254492,WAL
1911222418000,123.70503,0.551286065647059,-11.9354051058824,-1.67909584117647,0.20219639,-0.94989544,0.72051555,225.5458,116.78232,-15.234985,WAL
1911227355000,123.709967,1.06581128032549,-11.9956645790196,-2.07773705230392,0.28527406,-0.7266242,0.6264423,225.55579,116.48654,-15.181305,WAL
1911232343000,123.714955,1.50845522433441,-11.9026927185357,-2.26714970643405,0.29932398,-0.5323691,0.49205196,225.64407,116.15848,-15.008068,WAL
1911237352000,123.719964,1.90514322180315,-11.7140242579669,-2.32520167256958,0.23487769,-0.37568212,0.33536503,225.77145,115.82184,-14.791525,WAL
1911242353000,123.724965,2.0432474056109,-11.6144510280545,-2.22253378296402,0.07819075,-0.2669481,0.13194689,225.94516,115.46629,-14.452369,WAL
1911247350000,123.729962,2.03351874742834,-11.5658077371417,-2.02796041614149,-0.10995574,-0.23732115,-0.054367006,226.12144,115.124016,-14.081317,WAL
1911252354000,123.734966,1.24067876473011,-11.8524096435726,-1.62484356805787,-0.30665436,-0.28191432,-0.19914207,226.29778,114.78294,-13.6508,WAL
1911257404000,123.740016,0.0475305336969023,-12.3099327584864,-1.11349430076053,-0.44135013,-0.30634892,-0.29779682,226.46725,114.46367,-13.191814,WAL
1911262343000,123.744955,-0.740566055417732,-12.4727930264598,-0.84278200105839,-0.51923543,-0.37201694,-0.3368922,226.6009,114.16106,-12.737201,WAL
1911267362000,123.749974,-1.1804787776153,-12.3671154640045,-0.78625691856018,-0.5705481,-0.4034765,-0.3115413,226.7297,113.89295,-12.286487,WAL
1911272339000,123.754951,-1.61671022180284,-12.2623222326158,-0.730204849304632,-0.5476407,-0.4129449,-0.2837469,226.81493,113.67431,-11.993178,WAL
1911277340000,123.759952,-2.05504525342469,-12.1570236691891,-0.673882486767563,-0.5207626,-0.39553526,-0.20952678,226.90802,113.48551,-11.72987,WAL
1911282327000,123.764939,-2.08730227032923,-12.3491654665807,-0.591890186220746,-0.4098906,-0.3173445,-0.1328632,227.02206,113.282715,-11.479513,WAL
1911287340000,123.769952,-1.8444982814756,-12.7443170309401,-0.491912070531535,-0.25870144,-0.20463985,-0.07391469,227.15704,113.07735,-11.2473955,WAL
1911292287000,123.774899,-1.48889240758341,-13.3203985061875,-0.250084464333234,-0.06566802,-0.09896017,-0.06780604,227.22052,112.90017,-11.1635475,WAL
1911297324000,123.779936,-1.03998565254925,-14.046290993268,0.103310228954559,0.12950343,0.005192355,-0.08552113,227.32005,112.69299,-11.079155,WAL
1911302231000,123.784843,-0.599749662790006,-14.6875179440809,0.40949535471743,0.31764993,0.059253927,-0.12797627,227.4816,112.391685,-10.938356,WAL
1911307249000,123.789861,-0.147106435574063,-15.2878654739243,0.690610615338092,0.48930305,0.049785517,-0.2003638,227.65192,112.04577,-10.783259,WAL
1911312248000,123.79486,0.26960703379743,-15.7488155168299,0.795399499381885,0.66767573,0.014660766,-0.28191432,227.90393,111.540016,-10.518991,WAL
1911317262000,123.799874,0.656533849172787,-16.0867639242146,0.741523619328845,0.8304713,-0.026267206,-0.37965274,228.14716,110.99683,-10.239206,WAL
1911322251000,123.804863,0.954852316458354,-16.1576889213628,0.645940768745172,1.0167851,-0.05009095,-0.47158796,228.43947,110.30914,-9.871528,WAL
1911327254000,123.809866,1.18736949888086,-16.0248222827573,0.517819091879766,1.1997393,-0.058337633,-0.5821546,228.71883,109.58698,-9.486539,WAL
1911332237000,123.814849,1.31063871263312,-15.695452462042,0.424147280877381,1.3875804,-0.06566802,-0.7049385,229.01566,108.78595,-9.030213,WAL
1911337242000,123.819854,1.34342065576942,-15.1990395934538,0.35858335059404,1.570229,-0.098043874,-0.84238315,229.29736,107.94947,-8.558521,WAL
1911342253000,123.824865,1.28531248212775,-14.6028933235946,0.337642746254282,1.7498235,-0.1160644,-0.97402465,229.58548,107.079926,-8.045361,WAL
1911347248000,123.82986,1.13591488037477,-13.9089174319968,0.361739127465243,1.9312505,-0.13255776,-1.1050552,229.86053,106.17253,-7.514529,WAL
1911352234000,123.834846,0.869764587192479,-13.2659490848095,0.383158508370114,2.1276436,-0.1255328,-1.2147056,230.10478,105.24123,-6.981021,WAL
1911357286000,123.839898,0.486730206375062,-12.6626702917368,0.40231022291143,2.3866506,-0.0720821,-1.3026701,230.35838,104.25869,-6.4312034,WAL
1911362239000,123.844851,0.0430390549478701,-12.3566715046669,0.410638268164035,2.6584857,-0.003970624,-1.3662001,230.61281,103.268265,-5.905321,WAL
1911367253000,123.849865,-0.476668422704796,-12.3423675897627,0.408254290644425,2.9385672,0.03940081,-1.4080443,230.88377,102.22388,-5.37323,WAL
1911372233000,123.854845,-0.992851757110515,-12.3281606698938,0.405886478907755,3.0744848,0.115453534,-1.4285084,231.18698,101.21174,-4.892458,WAL
1911377256000,123.859868,-1.5134920962109,-12.3138310798332,0.403498222210307,3.33227,0.19333886,-1.4575244,231.51668,100.11138,-4.4073477,WAL
1911382272000,123.864884,-1.98679265970668,-12.521087623296,0.298994079661559,3.5195,0.24923302,-1.4660766,231.8772,99.01598,-3.9321482,WAL
1911387322000,123.869934,-2.40963252574034,-12.9848473017768,0.076207502008085,3.5995235,0.28619036,-1.4899004,232.26834,97.899216,-3.4547398,WAL
1911392228000,123.87484,-2.85244692446456,-13.4284106129713,-0.298686589170437,3.5778377,0.3109304,-1.5076154,232.57355,96.818474,-3.0978193,WAL
1911397319000,123.879931,-3.37701609049774,-13.8745393710407,-1.00955141696833,3.4406984,0.34666604,-1.5021176,232.9099,95.771324,-2.7485228,WAL
1911402313000,123.884925,-3.861572890828,-14.2163255223483,-1.76971288198565,3.236975,0.41874814,-1.4877623,233.15689,94.78334,-2.4339733,WAL
1911407424000,123.890036,-4.30292206193523,-14.3919164199147,-2.66190279817724,2.9852984,0.537256,-1.46852,233.44153,93.871445,-2.1296084,WAL
1911412258000,123.89487,-4.71510372402369,-14.5308599656159,-3.37160120672623,2.7397306,0.6722572,-1.4364496,233.70848,93.155174,-1.9010059,WAL
1911417325000,123.899937,-5.13405860558177,-14.608804831543,-3.780812859231,2.552806,0.73884153,-1.3878858,233.99936,92.52106,-1.6884859,WAL
1911422289000,123.904901,-5.57308221200924,-14.6833236558891,-4.14947772748268,2.4104743,0.72326446,-1.3411547,234.22394,92.08938,-1.5306143,WAL
1911427317000,123.909929,-6.0846296314642,-14.7544955184296,-4.44750983800462,2.3087652,0.6585127,-1.317331,234.4588,91.71902,-1.3828938,WAL
1911432304000,123.914916,-6.59141847561121,-14.8383054621348,-4.74686978986285,2.2504275,0.66798115,-1.3487904,234.66798,91.46011,-1.2770644,WAL
1911437351000,123.919963,-7.10060354417611,-15.0064324583582,-5.07351667585967,2.204002,0.8038987,-1.5134187,234.8988,91.216736,-1.1404779,WAL
1911442342000,123.924954,-7.52547549604316,-15.0765805359712,-5.26293761834532,2.123673,0.98746365,-1.7379116,235.12125,91.060135,-1.0382932,WAL
1911447359000,123.929971,-7.43906027779776,-14.5196825073941,-4.58121785293765,1.9840903,1.0827587,-1.9193386,235.36052,90.90145,-0.9007633,WAL
1911452341000,123.934953,-7.28437703385126,-13.9275554130587,-3.94849166364351,1.8429805,1.0152581,-1.947133,235.58401,89.19966,-0.7967705,WAL
1911457338000,123.93995,-6.67448925813548,-13.0753837129888,-3.60595198088338,1.7568485,0.8863655,-1.8521434,235.81787,89.30479,-0.67535055,WAL
1911462254000,123.944866,-6.07448759605447,-12.2370254825419,-3.26896477246858,1.7672331,0.84849185,-1.6884315,236.03723,89.35286,-0.5414918,WAL
1911467315000,123.949927,-5.15191375063951,-11.5896915963998,-3.49612425807674,1.8240436,0.9294315,-1.5100589,236.25507,89.3093,-0.44176394,WAL
1911472280000,123.954892,-4.18336789265751,-10.9995541894837,-3.8384939591189,1.8573358,1.2293663,-1.4196508,236.52637,89.2088,-0.36582398,WAL
1911477363000,123.959975,-3.10977825685137,-10.6802888105621,-3.82012291978396,1.956296,1.6001616,-1.2928963,236.85046,88.99936,-0.27648538,WAL
1911482301000,123.964913,-2.03607431430286,-10.4769003052611,-3.6640338164833,2.1013765,1.9165897,-1.2345587,237.2456,88.74463,-0.19877087,WAL
1911487338000,123.96995,-1.18020453608325,-10.3390370917753,-2.93378800912738,2.2406538,2.1111503,-1.2226468,237.66959,88.53903,-0.014273388,WAL
1911492271000,123.974883,-0.431528791364092,-10.23005242668,-2.00505096112337,2.3212879,2.1184807,-1.2641857,238.12888,88.28863,0.16352178,WAL
1911497355000,123.979967,0.159074272753346,-10.1542286766518,-1.67912935827491,2.372906,2.2174408,-1.310306,238.6869,87.97394,0.46705517,WAL
1911502352000,123.984964,0.67249954125239,-10.0932274833227,-1.59271124876779,2.4569001,2.3142629,-1.3423764,239.24478,87.60184,0.77024305,WAL
1911507384000,123.989996,0.898287772636405,-10.0162936186153,-1.3229684402155,2.5213463,2.350915,-1.349096,239.88481,87.041336,1.1523561,WAL
1911512315000,123.994927,1.07150460081614,-9.93834628784961,-1.02849985944062,2.5512786,2.264172,-1.3038919,240.51721,86.466606,1.5182639,WAL
1911517349000,123.999961,1.1715627,-9.84814966666667,-1.0279106,2.4981334,2.175902,-1.2342533,241.07166,85.82617,1.9494764,WAL
1911522423000,124.005035,1.2341015960499,-9.75193605771706,-1.17704181945352,2.38268,2.2208006,-1.1917981,241.64154,85.19983,2.363138,WAL
1911527363000,124.009975,1.21970532231413,-9.59370865600726,-1.47299463622516,2.2672265,2.2971587,-1.1371256,242.22337,84.54824,2.7649431,WAL
1911532337000,124.014949,1.16684690078685,-9.40149639654998,-1.84780879304953,2.1960607,2.393981,-1.0760391,242.82486,83.92877,3.140108,WAL
1911537339000,124.019951,1.01907344555617,-9.17470761391353,-2.07338747863082,2.1533,2.4181101,-1.026559,243.3695,83.33936,3.5185099,WAL
1911542366000,124.024978,0.823371787527716,-8.93008025110865,-2.22461142588692,2.0949624,2.400395,-0.9941832,243.92969,82.78374,3.873779,WAL
1911547350000,124.029962,0.568720907668679,-8.53862442664972,-2.59870156959009,2.014939,2.4379632,-0.95203346,244.46838,82.30306,4.1985655,WAL
1911552349000,124.034961,0.254324526141299,-8.00110828863468,-3.19199804385129,1.9532416,2.5286767,-0.87995136,245.0152,81.8467,4.4969125,WAL
1911557459000,124.040071,-0.118782497382199,-7.47482329319372,-3.45592355183246,1.9538525,2.5806003,-0.8194757,245.54227,81.430466,4.758592,WAL
1911562369000,124.044981,-0.507003818566251,-6.98244501288764,-3.51273638469593,1.9248364,2.5668557,-0.77518797,246.07347,81.04918,4.998052,WAL
1911567349000,124.049961,-0.885816123789657,-6.62945286222955,-3.45173397473562,1.8817704,2.54517,-0.7690793,246.57701,80.76405,5.181165,WAL
1911572427000,124.055039,-1.2632763235374,-6.35579413612108,-3.31962290975066,1.8493946,2.4981334,-0.7648033,247.0665,80.49401,5.3504057,WAL
1911577364000,124.059976,-1.56427831200606,-6.04450105002527,-3.07165787991915,1.7629571,2.4352143,-0.7831292,247.54489,80.268166,5.4811373,WAL
1911582353000,124.064965,-1.82019243250126,-5.69684413542193,-2.73365814664982,1.6771306,2.3646593,-0.8014552,248.0058,80.05463,5.610128,WAL
1911587349000,124.069961,-2.1352615066019,-5.47041873592387,-2.53922849466693,1.5903877,2.2809708,-0.8246681,248.45383,79.85574,5.70388,WAL
1911592328000,124.07494,-2.48976378946273,-5.32861792149088,-2.4446945690226,1.5005904,2.1905627,-0.8304713,248.87749,79.681564,5.798579,WAL
1911597353000,124.079965,-2.70288478488797,-5.15872380702793,-2.24371138264732,1.4034629,2.119397,-0.8530733,249.29689,79.47298,5.8907924,WAL
1911602355000,124.084967,-2.80690910426414,-4.96958861356233,-1.96473708954694,1.3139712,2.072971,-0.8949176,249.696,79.2834,5.9900756,WAL
1911607367000,124.089979,-2.87474479570849,-4.71210720332246,-1.77096397297538,1.2024882,2.0522017,-0.9279043,250.08118,79.122215,6.058092,WAL
1911612405000,124.095017,-2.91291189261347,-4.39722891539602,-1.64692097030555,1.0803152,2.0182989,-0.9776898,250.44868,78.97821,6.142834,WAL
1911617348000,124.09996,-2.8774509786723,-4.16529006555865,-1.42335967205783,0.9071349,2.02624,-1.0057896,250.81049,78.80801,6.237843,WAL
1911622431000,124.105043,-2.77456527687578,-3.99693176873859,-1.10067309112307,0.75777835,2.0250182,-1.0216721,251.1588,78.65742,6.341959,WAL
1911627355000,124.109967,-2.68311763704418,-3.89222735394617,-0.792961543104114,0.602924,1.9654589,-1.0415252,251.50084,78.51311,6.4510856,WAL
1911632355000,124.114967,-2.60043317792788,-3.85818083286948,-0.486542645186389,0.45631635,1.9086485,-1.0522153,251.84,78.401985,6.5587893,WAL
1911637330000,124.119942,-2.53037967735253,-3.85139444276978,-0.212443960335372,0.34147367,1.8591684,-1.0436633,252.23904,78.28007,6.6365466,WAL
1911642365000,124.124977,-2.47330429206944,-3.8751758533044,0.030126605910436,0.2321288,1.7965547,-1.0192287,252.61401,78.19283,6.7135005,WAL
1911647328000,124.12994,-2.40197512284203,-3.90507225478495,0.257804473705219,0.116980694,1.7308867,-0.9944886,253.03055,78.098076,6.768141,WAL
1911652354000,124.134966,-2.31071402696338,-3.94349795824768,0.473949216178026,-0.008552114,1.6713274,-0.9611965,253.42578,78.03747,6.813778,WAL
1911657302000,124.139914,-2.23265832623898,-3.97068401580593,0.627116141859187,-0.11301007,1.6151277,-0.91232723,253.84402,77.97544,6.8401594,WAL
1911662355000,124.144967,-2.16846027965507,-3.98444074007391,0.705070941440349,-0.22632557,1.5824465,-0.8527679,254.24635,77.952385,6.8538184,WAL
1911667274000,124.149886,-2.10221603287341,-3.96128083128067,0.742547030678766,-0.3378085,1.500285,-0.8258898,254.64374,77.91796,6.8680077,WAL
1911672444000,124.155056,-2.02427307648856,-3.85582862996574,0.696698289128623,-0.3912592,1.4413365,-0.7724391,255.03064,77.91041,6.8567276,WAL
1911677304000,124.159916,-1.94532570465885,-3.75534210465885,0.642880004658852,-0.5021312,1.3836098,-0.72173727,255.40118,77.92844,6.8473716,WAL
1911682352000,124.164964,-1.83392346071536,-3.64393986071536,0.531477760715359,-0.60994893,1.3368785,-0.66920286,255.7518,77.9666,6.8236003,WAL
1911687331000,124.169943,-1.73000432095135,-3.53110076395934,0.422693191096418,-0.7189884,1.3045027,-0.63163465,256.0791,78.03075,6.808508,WAL
1911692328000,124.17494,-1.65444083399783,-3.40358736431462,0.318793395302477,-0.82772243,1.2757921,-0.5766568,256.38678,78.12997,6.7752404,WAL
1911697334000,124.179946,-1.58908138811967,-3.27837710091092,0.230511873276441,-0.9456194,1.2421945,-0.5296202,256.6584,78.25916,6.752687,WAL
1911702322000,124.184934,-1.58450097979672,-3.16844720550388,0.235092291165021,-1.0595458,1.2067643,-0.47555858,256.9139,78.42037,6.713968,WAL
1911707445000,124.190057,-1.5817663189085,-3.06059495272875,0.258140515483871,-1.1921035,1.1554517,-0.42455134,257.1335,78.619644,6.6837306,WAL
1911712331000,124.194943,-1.6007528252181,-3.01312868695476,0.481232123225807,-1.3115277,1.0726794,-0.35827246,257.32605,78.84975,6.6371274,WAL
1911717290000,124.199902,-1.62761513129442,-2.98593780967064,0.712747791901091,-1.416902,0.9443977,-0.30115658,257.49124,79.107185,6.581965,WAL
1911722311000,124.204923,-1.74314658703574,-3.20255930175193,1.0063901874562,-1.5021176,0.79412484,-0.23762658,257.61823,79.394745,6.511147,WAL
1911727296000,124.209908,-1.86256061529325,-3.43043053111132,1.30620467138385,-1.6022996,0.6209445,-0.18448131,257.7485,79.69094,6.416261,WAL
1911732338000,124.21495,-2.03594836144922,-3.80388113271338,1.70188440693306,-1.7110336,0.45448375,-0.11178834,257.82977,80.01812,6.304125,WAL
1911737370000,124.219982,-2.20899222076236,-4.17659105482,2.09677937505755,-1.8145752,0.28313604,-0.048563786,257.89566,80.345985,6.1543574,WAL
1911742362000,124.224974,-2.36370497332407,-4.66298224073559,2.65102872427029,-1.9193386,0.16768251,0.04153884,257.92175,80.711876,5.981292,WAL
1911747452000,124.230064,-2.50745090678897,-5.2104326431865,3.24158988873737,-1.990199,0.08979719,0.16371189,257.90198,81.10601,5.786756,WAL
1911752328000,124.23494,-2.48454475707839,-6.26869781222408,3.96084356369077,-1.9871446,0.09407325,0.23854288,257.91815,81.47501,5.535429,WAL
1911757597000,124.240209,-2.43687875299381,-7.45445344735031,4.7674571880936,-1.930945,0.14844026,0.35643986,257.97086,81.80379,5.2114124,WAL
1911762328000,124.24494,-2.06269125985645,-9.12938792272146,5.91674746851834,-1.7767016,0.20769419,0.43279803,258.01886,82.1085,4.882899,WAL
1911767656000,124.250268,-1.62281535390988,-11.0247413816587,7.23419801428305,-1.6649132,0.37232238,0.5002986,258.1692,82.29605,4.5195804,WAL
1911772306000,124.254918,-0.816841148200392,-12.8859603852971,8.91261822559007,-1.0873401,0.3933972,0.5155703,258.28525,82.326096,4.16195,WAL
1911777319000,124.259931,0.0520510438902883,-14.8924745498647,10.722063498554,-0.8136725,0.32345316,0.44043383,258.51086,82.114395,3.909087,WAL
1911782348000,124.26496,1.13072641626269,-16.1265865318408,11.7674321432836,-0.16401732,0.11484267,0.25167647,258.6909,81.649445,3.6998699,WAL
1911787276000,124.269888,2.22958350693731,-17.1784840681592,12.6361870567164,0.4098906,-0.0033597588,-0.044898596,258.87112,81.11149,3.551819,WAL
1911792316000,124.274928,3.24564606875623,-17.8187916142117,12.0201342237393,0.752586,0.089491755,-0.24190263,259.18256,80.08444,3.6412697,WAL
1911797253000,124.279865,4.2163281192944,-18.3465403821009,11.0730120548136,0.8750645,0.45448375,-0.40378192,259.52963,79.017815,3.7823558,WAL
1911802330000,124.284942,4.60612786320755,-18.6269792169811,9.62319984528302,0.90194255,0.86315256,-0.49418998,259.94733,77.7817,4.144305,WAL
1911807285000,124.289897,4.83909919888333,-18.8371107119754,8.09289779792068,0.82802784,1.2217305,-0.5152648,260.4414,76.6366,4.4732566,WAL
1911812324000,124.294936,4.22130669975519,-17.7686763525264,6.70655198232472,0.7538077,1.491733,-0.50488013,260.9353,75.68063,4.919487,WAL
1911817294000,124.299906,3.29845590960635,-16.2445741668625,5.40151033357814,0.6450737,1.6484199,-0.4822781,261.48618,74.820145,5.3044605,WAL
1911822371000,124.304983,2.15711225461044,-14.3130185064257,4.46669570855422,0.514654,1.6942347,-0.46853364,261.97467,74.26239,5.6432066,WAL
1911827323000,124.309935,0.95721915746988,-12.2655817891566,3.72866618493976,0.37415496,1.6355917,-0.46639562,262.46393,73.76458,5.945701,WAL
1911832352000,124.314964,-0.0296792758841615,-10.1404232229495,3.31740843943271,0.20799962,1.534799,-0.43982297,262.892,73.47497,6.1226597,WAL
1911837344000,124.319956,-0.911577561204007,-8.01153994297332,3.05189067781414,0.02076942,1.3976597,-0.3903429,263.28427,73.23854,6.2886477,WAL
1911842358000,124.32497,-1.64043390228333,-6.40020771831629,2.93927249061849,-0.16340645,1.2528846,-0.32803464,263.64243,73.145706,6.2986045,WAL
1911847362000,124.329974,-2.29696943259208,-5.03004629840167,2.89645508130646,-0.35460728,1.1212431,-0.22510384,263.9555,73.11414,6.292825,WAL
1911852321000,124.334933,-2.84800348325152,-4.22684509693907,2.88569969413803,-0.5540548,1.0274754,-0.092240654,264.25714,73.14895,6.168555,WAL
1911857476000,124.340088,-3.37072261690249,-3.67086214607758,2.89045163258254,-0.74097955,0.93034774,0.058337633,264.50998,73.24158,6.022383,WAL
1911862393000,124.345005,-3.72617630745456,-3.60661124407023,3.05877448914673,-0.91354895,0.83016586,0.12217305,264.7526,73.37391,5.7974796,WAL
1911867315000,124.349927,-3.99237776758394,-3.8340926507855,3.32981607598316,-0.9914343,0.5112942,0.25411993,264.88855,73.54801,5.537271,WAL
1911872310000,124.354922,-4.19143121515488,-4.65661826505903,3.67609661781859,-1.1355985,0.038179077,0.36468655,264.9474,73.78698,5.2215066,WAL
1911877328000,124.35994,-4.35144151932197,-5.81548058228231,4.06400042231864,-1.2186762,-0.59803706,0.42821655,264.8638,74.0308,4.9193716,WAL
1911882352000,124.364964,-4.49730002580453,-7.5789624155741,4.08998724727851,-1.2284501,-1.3332134,0.46273044,264.61737,74.27591,4.599759,WAL
1911887357000,124.369969,-4.63536390527414,-9.64039703913389,3.93288015808502,-1.1273518,-2.0045543,0.48380527,264.2075,74.508705,4.308994,WAL
1911892319000,124.374931,-5.0301161027279,-11.8236831848031,2.97871470346196,-0.9828822,-2.393981,0.50915617,263.67758,74.73239,4.0041976,WAL
1911897353000,124.379965,-5.57050798807658,-14.1143699049697,1.57752175141355,-0.8081747,-2.4043655,0.5299256,263.0676,74.91302,3.7169197,WAL
1911902356000,124.384968,-6.36056804181286,-16.0114121374269,1.22738822330409,-0.5384777,-2.137723,0.55680364,262.3766,75.14791,3.3854864,WAL
1911907359000,124.389971,-7.29453988226121,-17.6925615477583,1.47022092132554,-0.017715093,-1.6539177,0.6215554,261.74368,75.256905,3.028314,WAL
1911912396000,124.395008,-6.46340010714143,-17.9836314381876,0.939245458241648,0.73884153,-1.0338894,0.7086037,261.0795,75.54853,2.5438054,WAL
1911917357000,124.399969,-4.42954234106821,-17.3088476109222,-0.115699481456291,1.4147639,-0.6337727,0.57757306,260.51242,75.681435,2.1019053,WAL
1911922348000,124.40496,-2.68921112076855,-15.2039681053434,-1.26616090709506,1.6475036,-0.36193767,0.24862215,260.07703,75.74523,1.5572596,WAL
1911927357000,124.409969,-1.15975302009447,-12.0789640590435,-2.48406268281834,1.368949,0.038179077,0.009162978,259.81055,75.73111,1.0229468,WAL
1911932337000,124.414949,-0.174237599823997,-9.56201059634919,-2.74550663116766,0.7296785,0.4550946,-0.04520403,259.6399,75.84258,0.8184552,WAL
1911937358000,124.41997,0.381911639679171,-7.50667629008348,-2.23288212432867,-0.021991149,0.52687126,-0.12186762,259.50912,76.0529,0.6922293,WAL
1911942346000,124.424958,0.627842737818669,-5.90063039862117,-1.59915477335582,-0.5934556,0.14905111,-0.22021692,259.37646,76.451324,0.85577255,WAL
1911947356000,124.429968,0.637361573817082,-4.62510343274477,-0.866202756492412,-0.9443977,-0.42271876,-0.2657264,259.1997,76.989784,1.027874,WAL
1911952326000,124.434938,0.385261351464143,-3.81532237584661,-0.65542942375498,-1.2232577,-1.0369438,-0.21838433,258.96548,77.49951,1.2431988,WAL
1911957442000,124.440054,-0.0978560930697211,-3.37124486234064,-0.879908242440239,-1.4740179,-1.541213,-0.10567969,258.59464,78.09435,1.4738185,WAL
1911962283000,124.444895,-0.489991761332284,-2.99844614020466,-1.51999557938601,-1.6673567,-1.7547104,-0.065973446,258.19196,78.581406,1.7469376,WAL
1911967305000,124.449917,-0.840184562764932,-2.65298566083834,-2.55637701748499,-1.7568485,-2.053118,-0.0290161,257.61462,79.10496,2.012579,WAL
1911972360000,124.454972,-1.09291303935821,-2.46860944461628,-3.4795096497197,-1.9361374,-2.2354615,0.019242255,256.97522,79.73505,2.235369,WAL
1911977382000,124.459994,-1.24631785894065,-2.44536631219795,-4.27907408447709,-2.0934353,-2.3463335,0.07849618,256.2651,80.37807,2.439261,WAL
1911982349000,124.464961,-1.37698014996524,-2.52828084794915,-4.9337296533916,-2.2256875,-2.4523184,0.14294247,255.43091,81.25602,2.461406,WAL
1911987347000,124.469959,-1.48156130205581,-2.74695042129308,-5.41860564226835,-2.3215933,-2.6083946,0.204029,254.54552,82.17,2.4577982,WAL
1911992313000,124.474925,-1.58441635627483,-2.94847221742417,-5.72721160655102,-2.3435845,-2.7119362,0.26542094,253.57326,83.25458,2.371936,WAL
1911997350000,124.479962,-1.68725999569726,-3.13078603948057,-5.79733226979358,-2.3047945,-2.7226264,0.3191771,252.58215,84.34898,2.251678,WAL
1912002288000,124.4849,-1.76596564224927,-3.34208389632834,-5.81503198551454,-2.2568417,-2.6355782,0.38606682,251.54602,85.53931,2.0620656,WAL
1912007390000,124.490002,-1.8052863523388,-3.62224379533246,-5.7363907706267,-2.2226331,-2.4938574,0.47311515,250.52765,86.70722,1.8286444,WAL
1912012286000,124.494898,-1.85702567241275,-4.06400729010622,-5.52845381772382,-2.1801782,-2.3051,0.61086524,249.54279,87.84458,1.5214788,WAL
1912017291000,124.499903,-1.93460894449165,-4.82044435743045,-5.0823498893475,-2.1209242,-2.1148155,0.77671516,248.60909,88.79022,1.1616708,WAL
1912022276000,124.504888,-1.96278603995693,-5.70183546407596,-4.67204927437353,-2.0460932,-2.0018053,0.9618073,247.71902,91.09736,0.73912215,WAL
1912027304000,124.509916,-1.91093853044244,-6.80005948267424,-4.31383011325372,-1.9572122,-1.8936822,1.1756102,246.897,91.94285,0.24813473,WAL
1912032273000,124.514885,-1.81594853700787,-7.98000186526684,-4.00294588923885,-1.8729129,-1.7626517,1.4382823,246.1344,92.93267,-0.3000464,WAL
1912037304000,124.519916,-1.63328538346457,-9.36168505074366,-3.77344616509186,-1.7999145,-1.6129897,1.7308867,245.42476,93.97741,-0.9197109,WAL
1912042307000,124.524919,-1.49405396307753,-10.8616338134047,-3.54935492010708,-1.7599027,-1.4532484,2.005165,244.7471,94.93251,-1.5258464,WAL
1912047318000,124.52993,-1.46074785425342,-12.6791964476502,-3.33524407147531,-1.7626517,-1.3494014,2.1801782,244.11037,95.900536,-2.1777186,WAL
1912052316000,124.534928,-1.38838623591898,-14.2763468289404,-3.2024212111003,-1.7864754,-1.2815952,2.252871,243.5123,96.76039,-2.7717705,WAL
1912057418000,124.54003,-1.20687583950999,-15.3135492230674,-3.2888547138599,-1.8274034,-1.1887437,2.2510383,242.96173,97.62387,-3.3770537,WAL
1912062637000,124.545249,-1.00528238653625,-16.3178189576879,-3.39287352458175,-1.8316795,-0.9807441,2.1716259,242.49683,98.37626,-3.9261274,WAL
1912067311000,124.549923,-0.636789389988493,-16.5476318876693,-3.6702338232097,-1.813048,-0.8228355,2.0943515,242.05045,99.1161,-4.4593,WAL
1912072649000,124.555261,-0.215947366973533,-16.8100926108701,-3.98699661184385,-1.7971655,-0.43371433,1.8854356,241.74442,99.76596,-4.851362,WAL
1912077322000,124.559934,0.301174866798575,-16.3462981096161,-4.12681926204986,-1.7498235,0.02443461,1.6096299,241.49945,100.36552,-5.184933,WAL
1912082292000,124.564904,0.889777109873368,-15.6729373547685,-4.23983100443213,-1.6957619,0.4886922,1.323745,241.35733,100.91221,-5.434008,WAL
1912087303000,124.569915,1.38623856069102,-14.5593748675222,-3.83554145841066,-1.6465873,0.9114109,1.0534371,241.34277,101.39656,-5.5275745,WAL
1912092312000,124.574924,1.8455782992695,-13.2808001743337,-3.23413772768016,-1.6108516,1.1710287,0.8051204,241.39514,101.82414,-5.5370884,WAL
1912097322000,124.579934,2.04018289583611,-12.0941952073368,-2.07588575278704,-1.6331482,1.1215485,0.5717699,241.54218,102.236694,-5.4397454,WAL
1912102295000,124.584907,2.12186547514054,-10.9551777710338,-0.69182048380181,-1.6749926,0.6230826,0.36254853,241.61565,102.61338,-5.2978578,WAL
1912107323000,124.589935,1.91242373079864,-9.91871103657403,0.398513492065296,-1.7305813,-0.16523905,0.18509217,241.6402,102.92955,-5.0848317,WAL
1912112320000,124.594932,1.51194017511107,-8.96447247597892,1.27858829165203,-1.7562376,-1.0476339,0.014049901,241.48155,103.22972,-4.8593383,WAL
1912117314000,124.599926,0.991808883888112,-8.28145751020979,1.25483760125874,-1.738217,-1.7843374,-0.14385876,241.14105,103.35908,-4.615805,WAL
1912122300000,124.604912,0.413021544699301,-7.73383525118881,0.782903287132867,-1.6924021,-2.218357,-0.25992316,240.63654,103.481804,-4.3809304,WAL
1912127320000,124.609932,-0.167709442058486,-7.32859717736047,0.0620606907587921,-1.609019,-2.3808472,-0.35246924,239.95862,103.506905,-4.1825404,WAL
1912132316000,124.614928,-0.743833466255734,-7.05882497028861,-0.879856378316131,-1.5131133,-2.3790147,-0.39767328,239.22176,103.51954,-3.9908152,WAL
1912137316000,124.619928,-1.28200080349149,-6.82993504783121,-1.58488622739638,-1.4422529,-2.2855523,-0.41325033,238.45639,103.65699,-3.9121304,WAL
1912142359000,124.624971,-1.7733903562172,-6.65406915909821,-1.97799788037914,-1.3973542,-2.32984,-0.38606682,237.6669,103.7791,-3.848,WAL
1912147316000,124.629928,-2.09219708575975,-6.57391002923628,-2.23090080759745,-1.4321736,-2.447737,-0.3100141,236.85844,104.10508,-3.9176805,WAL
1912152300000,124.634912,-2.28680365027844,-6.5644170853222,-2.38278875278441,-1.4492778,-2.5610526,-0.20311269,236.05212,104.41935,-4.0135465,WAL
1912157398000,124.64001,-2.4455344591874,-6.70369564580732,-2.5795819902507,-1.4340062,-2.5897632,-0.11056661,235.21832,104.82884,-4.2121983,WAL
1912162361000,124.644973,-2.56879848467967,-6.95478907520891,-2.80328333983287,-1.389413,-2.5237896,-0.0711658,234.39093,105.238434,-4.432947,WAL
1912167312000,124.649924,-2.53736422837627,-7.34717045433255,-2.93842741925254,-1.3741413,-2.2925773,0.0021380284,233.60468,105.697716,-4.7163205,WAL
1912172327000,124.654939,-2.33115631522248,-7.90486899063232,-2.97591978044496,-1.3429873,-1.9324722,0.058948494,232.88184,106.14149,-4.995099,WAL
1912177318000,124.65993,-2.0325949164086,-8.26198877325158,-2.76358100423984,-1.3500122,-1.5485435,0.1282817,232.2273,106.62584,-5.298471,WAL
1912182315000,124.664927,-1.60491579515744,-8.34653014101632,-2.20660358627247,-1.3842206,-1.2211196,0.23365596,231.66936,107.114685,-5.605378,WAL
1912187290000,124.669902,-1.18256114435556,-8.48884757244445,-1.60077392878222,-1.450805,-0.9645562,0.35216382,231.25455,107.595055,-5.8641214,WAL
1912192331000,124.674943,-0.758203142597531,-8.69387412869136,-0.933244479759012,-1.543351,-0.8246681,0.44073927,230.90538,108.09206,-6.1262236,WAL
1912197307000,124.679919,-0.406790573023803,-8.84937715398178,-0.369065892953277,-1.6099354,-0.799928,0.47555858,230.64728,108.48922,-6.316524,WAL
1912202295000,124.684907,-0.13072262116172,-8.95231786511901,0.0894876553668332,-1.6337591,-0.8570439,0.47067168,230.40866,108.897125,-6.5145407,WAL
1912207401000,124.690013,0.0606419537959265,-8.9990103509385,0.356469294105431,-1.6087136,-0.97219205,0.44532076,230.21074,109.163704,-6.6318235,WAL
1912212353000,124.694965,0.131664837102636,-8.97060111851038,0.361204149696486,-1.5338826,-1.0961977,0.4361578,229.99622,109.418915,-6.757548,WAL
1912217263000,124.699875,0.123012224820105,-8.9296289489708,0.278470070434658,-1.4071281,-1.1582005,0.398895,229.79454,109.54724,-6.8137426,WAL
1912222328000,124.70494,0.00226835949602681,-8.86925725246529,0.0694902992379129,-1.2406673,-1.1707232,0.3662137,229.57495,109.64224,-6.8750315,WAL
1912227248000,124.70986,-0.174102587586022,-8.79141157999042,-0.132029739468645,-1.0839803,-1.1304061,0.3475823,229.35715,109.69699,-6.9183617,WAL
1912232315000,124.714927,-0.480727275904069,-8.67062002431786,-0.336446199640977,-0.9575313,-1.0616838,0.3408628,229.14636,109.71355,-6.954318,WAL
1912237277000,124.719889,-0.795991340830028,-8.55288060258366,-0.53381711569525,-0.8344419,-0.9868528,0.36468655,228.96849,109.754074,-7.0124435,WAL
1912242329000,124.724941,-1.16509443829722,-8.43476781283694,-0.725750694517343,-0.79351395,-0.94959,0.40683624,228.80371,109.784256,-7.070183,WAL
1912247252000,124.729864,-1.49814912965169,-8.31602080005048,-0.913697941716305,-0.7644979,-0.93126404,0.473726,228.63231,109.85465,-7.1942525,WAL
1912252300000,124.734912,-1.76658974211005,-8.18424047940434,-1.1089275197476,-0.7812967,-0.93492925,0.5476407,228.47163,109.93112,-7.3278866,WAL
1912257319000,124.739931,-1.99713932295386,-8.09941290220466,-1.28284648654765,-0.8197812,-0.9465357,0.5919284,228.28473,110.071976,-7.538107,WAL
1912262329000,124.744941,-2.14223480729685,-8.12281538391376,-1.40921993665008,-0.8546005,-0.95478237,0.66431594,228.10825,110.22631,-7.771815,WAL
1912267294000,124.749906,-2.25868441302625,-8.1728249341258,-1.52447674611194,-0.915687,-0.9831876,0.7318166,227.89511,110.45668,-8.064304,WAL
1912272332000,124.754944,-2.29214007672115,-8.30664833749381,-1.61050582375433,-1.0152581,-1.0332786,0.79259765,227.68077,110.711914,-8.3721895,WAL
1912277298000,124.75991,-2.30585569571835,-8.45322961023274,-1.66740925037808,-1.1230757,-1.0870347,0.82833326,227.44757,111.01841,-8.712153,WAL
1912282275000,124.764887,-2.25436786581558,-8.64981939958755,-1.62996347148188,-1.212873,-1.1215485,0.8720101,227.21318,111.35112,-9.067735,WAL
1912287292000,124.769904,-2.20218574417618,-8.86917352843722,-1.57829912782099,-1.312444,-1.1472049,0.8921687,226.96413,111.7178,-9.421558,WAL
1912292284000,124.774896,-2.1490610607132,-9.17826299929286,-1.46722014335792,-1.3863586,-1.1554517,0.89858276,226.71402,112.09973,-9.779173,WAL
1912297275000,124.779887,-2.10196241953125,-9.51241087740384,-1.35438429041466,-1.432479,-1.1417072,0.90377516,226.47403,112.47254,-10.118455,WAL
1912302290000,124.784902,-2.077910009375,-9.94535245192308,-1.23412269170673,-1.4443909,-1.1053606,0.89736104,226.23802,112.848946,-10.449328,WAL
1912307318000,124.78993,-2.04556213294935,-10.3786142645482,-1.09928616643496,-1.4144585,-1.0558805,0.88208944,226.02235,113.17854,-10.742763,WAL
1912312286000,124.794898,-1.9841412738431,-10.8038360901688,-0.915023441112214,-1.3158038,-0.9975429,0.87995136,225.81999,113.48918,-11.028431,WAL
1912317291000,124.799903,-1.87722946836038,-11.1830890512072,-0.797604582426281,-1.1976013,-0.97494096,0.88086766,225.63216,113.729805,-11.284288,WAL
1912322292000,124.804904,-1.58814274411241,-11.3631757737977,-0.956365301108252,-1.0366384,-0.9691377,0.88789266,225.45619,113.9322,-11.532176,WAL
1912327272000,124.809884,-1.30026994132199,-11.542506283396,-1.1144593581041,-0.86193085,-0.9804387,0.906524,225.29927,114.03829,-11.746296,WAL
1912332314000,124.814926,-1.00881317994261,-11.7240694218286,-1.27452165436374,-0.6536258,-0.9660834,0.929126,225.1524,114.098366,-11.955594,WAL
1912337289000,124.819901,-0.700800160037494,-11.9068109628022,-1.46726120601875,-0.39828414,-0.88606006,0.95264435,225.02422,114.10924,-12.157827,WAL
1912342350000,124.824962,-0.275178918660089,-12.1124488556487,-1.85462445333004,-0.14019357,-0.7770206,0.93523467,224.90656,114.06889,-12.345705,WAL
1912347401000,124.830013,0.17367867321513,-12.2770859564618,-2.21836470675729,0.09743301,-0.62125,0.8921687,224.8722,113.927376,-12.375505,WAL
1912352329000,124.834941,0.745479697517731,-12.2120020856974,-2.44615534190307,0.24495697,-0.5320636,0.81000733,224.84532,113.74422,-12.386182,WAL
1912357363000,124.839975,1.28693335238983,-12.1402443135735,-2.64217324101482,0.3051272,-0.3475823,0.7483099,224.93015,113.52268,-12.278689,WAL
1912362357000,124.844969,1.48877287869271,-12.0275898880165,-2.54829437333399,0.30024028,-0.19333886,0.6301075,225.01785,113.27059,-12.135028,WAL
1912367489000,124.850101,1.6961898688782,-11.9118224647169,-2.45182133590146,0.17867808,-0.09315695,0.46670106,225.17014,112.99754,-11.881548,WAL
1912372360000,124.854972,1.89305817737266,-11.8019426675827,-2.36025466299931,-0.035430185,-0.03848451,0.28496864,225.33553,112.739136,-11.5922365,WAL
1912377559000,124.860171,2.05384009723966,-11.7253621099153,-2.23434097362232,-0.267559,-0.06566802,0.09560041,225.4859,112.50067,-11.267517,WAL
1912382351000,124.864963,1.62853250030892,-12.1278036772297,-1.79074068670653,-0.4447099,-0.11636983,-0.087659165,225.62442,112.286606,-10.905932,WAL
1912387599000,124.870211,1.1434170490429,-12.5357002396865,-1.30473725158416,-0.5644395,-0.21502456,-0.21868975,225.75154,112.05826,-10.485441,WAL
1912392304000,124.874916,0.49074904192886,-12.5315695619729,-0.866871369680968,-0.63041294,-0.29565877,-0.301462,225.85332,111.854485,-10.045795,WAL
1912397293000,124.879905,-0.201314866145948,-12.5271895511093,-0.402575326149615,-0.6084218,-0.37751472,-0.31764993,225.92801,111.63131,-9.660365,WAL
1912402351000,124.884963,-0.849441664573845,-12.2539197341213,-0.177659111751994,-0.5180137,-0.42577308,-0.29749137,225.9871,111.412895,-9.282421,WAL
1912407391000,124.890003,-1.484840271204,-11.9292634873643,-0.00141715137148073,-0.36010507,-0.42149702,-0.25992316,226.04039,111.18259,-8.92224,WAL
1912412410000,124.895022,-1.60227134517583,-12.0126432518078,0.0898787353020802,-0.18936823,-0.35521814,-0.2125811,226.06076,110.93732,-8.690694,WAL
1912417252000,124.899864,-1.57011717961862,-12.2078648256563,0.154187064737741,-0.011911872,-0.2929099,-0.1469131,226.09181,110.66387,-8.480698,WAL
1912422352000,124.904964,-1.53624971899455,-12.4134885403665,0.221921984217682,0.17531833,-0.2443461,-0.111177474,226.07936,110.390945,-8.3873625,WAL
1912427258000,124.90987,-1.50367055000991,-12.6112904902427,0.287080320486033,0.33353242,-0.24190263,-0.1142318,226.07819,110.08817,-8.30057,WAL
1912432355000,124.914967,-1.22950494421053,-13.2272794868421,0.479249409477733,0.473726,-0.25411993,-0.16615535,226.0938,109.7474,-8.210474,WAL
1912437277000,124.919889,-0.871683315789474,-13.9810902631579,0.713026265829959,0.59895337,-0.26297748,-0.2751948,226.11049,109.36925,-8.1036,WAL
1912442382000,124.924994,-0.527495224910679,-14.5429981723898,0.880048336184994,0.74220127,-0.321926,-0.410196,226.12535,108.906586,-7.957606,WAL
1912447298000,124.92991,-0.205096314279476,-15.0102430906114,1.01554931855895,0.870483,-0.38087448,-0.55833083,226.134,108.411,-7.7803574,WAL
1912452352000,124.934964,0.120308510149176,-15.3357310948258,0.899078980878364,1.0158689,-0.3839288,-0.68752885,226.1955,107.78474,-7.494767,WAL
1912457420000,124.940032,0.444349446185062,-15.6040776239307,0.686427107187565,1.1728612,-0.37934732,-0.7632761,226.24501,107.12836,-7.193661,WAL
1912462378000,124.94499,0.671801269593138,-15.5634475653886,0.518093869858442,1.237613,-0.355829,-0.88789266,226.3424,106.399086,-6.789606,WAL
1912467304000,124.949916,0.879661152165557,-15.461729151964,0.358882021721196,1.3909402,-0.3109304,-0.999681,226.45488,105.62204,-6.376567,WAL
1912472390000,124.955002,0.935058617384978,-15.1379792261109,0.309719129005112,1.5650368,-0.23609942,-1.1111639,226.61986,104.83383,-5.889992,WAL
1912477355000,124.959967,0.916360701699764,-14.7219501030279,0.314393609146677,1.7284433,-0.1908954,-1.215011,226.7938,104.0228,-5.388578,WAL
1912482359000,124.964971,0.660417313630221,-14.1474791142506,0.408752588531941,1.9544634,-0.16584991,-1.2986995,226.98843,103.173195,-4.8489428,WAL
1912487392000,124.970004,0.275527325810811,-13.4862579189189,0.551852722117117,2.200642,-0.12736541,-1.3600914,227.20575,102.29432,-4.2999444,WAL
1912492317000,124.974929,-0.159232323739173,-12.8014186104331,0.531956749511811,2.4819455,-0.029321533,-1.3863586,227.45006,101.38208,-3.7569132,WAL
1912497359000,124.979971,-0.629738210882874,-12.083778244685,0.441657626173228,2.780353,0.12095132,-1.3912456,227.73091,100.42294,-3.2140546,WAL
1912502360000,124.984972,-1.17993746980071,-11.5987130135096,0.420980338357766,3.0921998,0.2415972,-1.3628404,228.00392,99.41833,-2.739608,WAL
1912507403000,124.990015,-1.77686788038708,-11.2238959160678,0.434862441266648,3.388164,0.28160888,-1.3570372,228.3118,98.35969,-2.2660737,WAL
1912512434000,124.995046,-2.45410142167971,-11.237022036724,0.609735347052687,3.62182,0.24770586,-1.368949,228.55896,97.28509,-1.8647692,WAL
1912517355000,124.999967,-3.17195328498696,-11.5123628966093,0.889992586280647,3.7186422,0.1872302,-1.3906348,228.82726,96.18992,-1.470093,WAL
1912522361000,125.004973,-3.77238307319457,-12.0256647089807,0.388004335795954,3.6813793,0.12980886,-1.4104879,229.0221,95.0955,-1.1583662,WAL
1912527358000,125.00997,-4.30551165054236,-12.6570012078569,-0.514572965963061,3.5036175,0.09468412,-1.4095715,229.22366,94.034515,-0.853976,WAL
1912532339000,125.014951,-4.9599588181681,-13.2446545573663,-1.16094345451436,3.2339206,0.06811147,-1.4135422,229.35933,92.98598,-0.6275721,WAL
1912537349000,125.019961,-5.69603040712238,-13.809378148735,-1.65085338947739,2.957504,0.013439035,-1.4022411,229.49373,92.009,-0.41158047,WAL
1912542334000,125.024946,-6.42842898415573,-14.3712837581108,-2.13831866408631,2.7003298,-0.1133155,-1.3888022,229.54242,91.273415,-0.27058747,WAL
1912547356000,125.029968,-7.16626361883205,-14.937359980836,-2.62940203601931,2.5054638,-0.30909783,-1.3362677,229.56726,90.61556,-0.14631134,WAL
1912552364000,125.034976,-7.69572439136746,-15.0667392996226,-3.42921510996806,2.3561072,-0.41783184,-1.2858714,229.5734,90.03102,-0.024889208,WAL
1912557415000,125.040027,-8.1123646783122,-14.949705483693,-4.41229999477402,2.2968533,-0.5699373,-1.2678508,229.52014,89.473404,0.08899911,WAL
1912562433000,125.045045,-8.22157509369333,-15.0772591053798,-4.84548040177312,2.2492058,-0.54519725,-1.2421945,229.38606,89.14787,0.020394946,WAL
1912567358000,125.04997,-8.11703718063671,-15.3718674848882,-4.89299777030022,2.264172,-0.25595254,-1.2333369,229.29276,88.8188,-0.04204153,WAL
1912572348000,125.05496,-7.70222532569343,-15.2142787240389,-4.7028376907056,2.2794437,0.09010262,-1.3451253,229.18633,88.673965,-0.12122058,WAL
1912577360000,125.059972,-7.06691079080292,-14.7331211145012,-4.34313754783455,2.1945333,0.37904188,-1.5738943,229.15216,88.55372,-0.16060355,WAL
1912582349000,125.064961,-6.26778989468687,-14.1085053714646,-3.76743181186869,2.019826,0.73792523,-1.6978999,229.2409,88.4637,-0.17784986,WAL
1912587362000,125.069974,-5.31731790432323,-13.352006960101,-2.99638557323232,1.8072448,0.8698721,-1.7241671,229.3494,88.4101,-0.15153474,WAL
1912592329000,125.074941,-4.29012509223993,-12.6962291882609,-2.37557512514105,1.6212363,0.7699956,-1.6792686,229.45969,88.34506,-0.014823216,WAL
1912597357000,125.079969,-3.17961741254083,-12.1099956421855,-1.8655994629417,1.5916094,0.61850107,-1.5793921,229.58939,88.28312,0.112537675,WAL
1912602370000,125.084982,-2.28743906389927,-11.6356371810938,-1.5701845750541,1.649947,0.5109888,-1.457219,229.72212,88.094444,0.32279474,WAL
1912607452000,125.090064,-1.57410732827071,-11.2526400445603,-1.4600729420421,1.7400496,0.5183192,-1.3454307,229.84381,87.89782,0.5021704,WAL
1912612387000,125.094999,-1.04941365192519,-10.9620901531153,-1.30875451860186,1.8454239,0.6640105,-1.3112222,229.99048,87.55873,0.79409295,WAL
1912617359000,125.099971,-0.682734668646865,-10.7477976492649,-1.11350991134113,1.969735,0.89827734,-1.3500122,230.16873,87.18746,1.0659399,WAL
1912622338000,125.10495,-0.369214812597095,-10.6023695778733,-0.893386676693349,2.0680842,1.0995574,-1.3808609,230.35426,86.73557,1.4071823,WAL
1912627358000,125.10997,-0.107908721343018,-10.5263534626445,-0.646333639911058,2.1557434,1.3161092,-1.412015,230.61784,86.25063,1.7467895,WAL
1912632299000,125.114911,0.109207419576053,-10.4251872093956,-0.646334311904898,2.1786509,1.4688255,-1.4074335,230.90872,85.69762,2.1234758,WAL
1912637345000,125.119957,0.284547203626468,-10.2913749790891,-0.927800827894586,2.1633792,1.5717562,-1.3548992,231.25299,85.14174,2.4822352,WAL
1912642290000,125.124902,0.438977613152075,-10.1696748779548,-1.05678611776403,2.1542163,1.7275269,-1.2947289,231.6466,84.52211,2.8632472,WAL
1912647356000,125.129968,0.56694945009232,-10.0613908625342,-0.933736231064218,2.1621575,1.8988746,-1.244638,232.07857,83.91808,3.218797,WAL
1912652300000,125.134912,0.656309168127528,-9.88271377827008,-1.04703498995377,2.0980167,1.9431623,-1.2250903,232.45474,83.35309,3.58443,WAL
1912657447000,125.140059,0.694291717877095,-9.5836017877095,-1.52656440167598,2.033876,1.9572122,-1.205848,232.87402,82.8024,3.9227645,WAL
1912662304000,125.144916,0.701699691036639,-9.25935039208598,-1.92552390560821,1.9113973,2.044566,-1.1459832,233.30637,82.257835,4.2576723,WAL
1912667357000,125.149969,0.649691134360528,-8.83382558612604,-2.22811916958476,1.8298469,2.1621575,-1.063211,233.75388,81.733795,4.569276,WAL
1912672266000,125.154878,0.524207002360129,-8.42237060948553,-2.53979376197749,1.7880026,2.266921,-0.960891,234.17712,81.29593,4.842025,WAL
1912677358000,125.15997,0.186104919379421,-8.00096800731511,-2.91219604610129,1.7479908,2.34389,-0.86559606,234.6236,80.89438,5.0840206,WAL
1912682279000,125.164891,-0.139919175435326,-7.62766456149598,-3.20881108908052,1.7058412,2.3994787,-0.7703011,235.07233,80.55604,5.272915,WAL
1912687358000,125.16997,-0.474526543730259,-7.33075924255402,-3.35019448524368,1.6881261,2.4349089,-0.6927212,235.53297,80.238266,5.4339957,WAL
1912692309000,125.174921,-0.790051397014195,-7.05103462964268,-3.47796523594714,1.6673567,2.4288,-0.6386596,235.96465,80.00906,5.532493,WAL
1912697355000,125.179967,-1.07389618321096,-6.80030513848262,-3.57258018114537,1.6520851,2.4223862,-0.61117065,236.4029,79.79456,5.6133466,WAL
1912702372000,125.184984,-1.34300738393844,-6.5569567761839,-3.64515792754538,1.6368134,2.4043655,-0.5897904,236.8187,79.62815,5.638232,WAL
1912707439000,125.190051,-1.55844296655485,-6.33673388836819,-3.62600810686661,1.6120734,2.3619106,-0.55863625,237.22281,79.47683,5.652738,WAL
1912712333000,125.194945,-1.74959330084746,-6.11471017627119,-3.60660113220339,1.59558,2.3032675,-0.55924714,237.60938,79.35304,5.633347,WAL
1912717365000,125.199977,-1.8541820375155,-5.83580673980984,-3.5816990768086,1.5464053,2.2623394,-0.5488624,237.986,79.252655,5.6023455,WAL
1912722288000,125.2049,-1.95046661684542,-5.57672154659057,-3.58251169503099,1.4905112,2.2296581,-0.5488624,238.35095,79.162094,5.545981,WAL
1912727336000,125.209948,-2.02657603256912,-5.36266414393388,-3.67764834050969,1.4340062,2.2024746,-0.56413406,238.70499,79.08591,5.4918017,WAL
1912732305000,125.214917,-2.1006189461581,-5.14717653150912,-3.73801451730238,1.3570372,2.198504,-0.5656612,239.06601,79.029,5.415672,WAL
1912737301000,125.219913,-2.17114880471715,-4.90913812078496,-3.64985219410356,1.3087788,2.2009475,-0.56107974,239.4204,78.98055,5.342078,WAL
1912742553000,125.225165,-2.24872178980074,-4.65715375446218,-3.54513696500142,1.2751812,2.1972823,-0.56321776,239.77658,78.967155,5.255362,WAL
1912747360000,125.229972,-2.37045183546133,-4.40065089073567,-3.27124423742563,1.2260065,2.1917844,-0.60048056,240.13347,78.96845,5.17649,WAL
1912753279000,125.235891,-2.51553558481013,-4.07839243744568,-2.90953811992254,1.1246029,2.1728477,-0.62980205,240.4993,78.97628,5.082122,WAL
1912757400000,125.240012,-2.5751857556962,-3.79878247065936,-2.44724954859248,0.98440933,2.1716259,-0.65240407,240.8688,79.00544,4.99475,WAL
1912762310000,125.244922,-2.64625645189873,-3.46563883151332,-1.89645195450595,0.8918633,2.121535,-0.6792821,241.238,78.98854,4.901569,WAL
1912767314000,125.249926,-2.66593899222479,-3.20368149195535,-1.3986929839107,0.6844745,2.0384574,-0.69913524,241.59561,79.03746,4.813468,WAL
1912772277000,125.254889,-2.67051266989992,-2.96585010957467,-0.923030219149346,0.5015204,1.9511036,-0.70952,241.93593,79.10427,4.731756,WAL
1912777323000,125.259935,-2.69254780314961,-2.79941166141732,-0.521424306355456,0.34300083,1.8768835,-0.70188415,242.24301,79.06953,4.666845,WAL
1912782247000,125.264859,-2.72148097337151,-2.66921257165354,-0.164582217696083,0.20250183,1.8106046,-0.6826419,242.5231,79.078766,4.604424,WAL
1912787308000,125.26992,-2.75050648041349,-2.60194711400732,0.154685945583144,0.053145275,1.7403551,-0.659429,242.64511,78.92123,4.597033,WAL
1912792297000,125.274909,-2.77886452100109,-2.55940983104165,0.452446112033831,-0.082161374,1.6508633,-0.6398814,242.74405,78.80285,4.587514,WAL
1912797309000,125.279921,-2.77463400804325,-2.5160162143384,0.593894126903451,-0.19853121,1.5231925,-0.6221663,242.80298,78.62606,4.570495,WAL
1912802331000,125.284943,-2.75762479623099,-2.47227833172334,0.67408034229273,-0.3222314,1.3976597,-0.59559363,242.83987,78.49593,4.5489817,WAL
1912807407000,125.290019,-2.74043268966806,-2.42807014929521,0.755128775051786,-0.44684792,1.2913691,-0.56138515,242.94376,78.3955,4.48817,WAL
1912812391000,125.295003,-2.72355218156924,-2.38466321840044,0.834708244884555,-0.5674938,1.2021828,-0.53023106,243.01468,78.331825,4.4270377,WAL
1912817312000,125.299924,-2.63262035235187,-2.2669291712432,0.796532469086919,-0.68936145,1.0998629,-0.5012149,243.04895,78.30727,4.363691,WAL
1912822312000,125.304924,-2.51840415160767,-2.1253008914989,0.723434052905257,-0.8213083,1.0057896,-0.47067168,243.05716,78.32296,4.2957454,WAL
1912827323000,125.309935,-2.43006292107191,-1.99428350008374,0.655487463226212,-0.95722586,0.883922,-0.42760566,243.09686,78.38313,4.2141953,WAL
1912832332000,125.314944,-2.35474073244007,-1.86874646659688,0.590208180644824,-1.0952814,0.77671516,-0.3680463,243.10794,78.48363,4.123825,WAL
1912837293000,125.319905,-2.35107383308151,-1.84949652481113,0.631939769741551,-1.2260065,0.66859204,-0.30176744,243.06213,78.61072,4.052312,WAL
1912842358000,125.32497,-2.37036070862823,-1.86396168147117,0.709087322276342,-1.3756685,0.50732356,-0.28252518,242.9676,78.78056,3.9849985,WAL
1912847314000,125.329926,-2.40229030266323,-2.02411966588393,0.864048097775869,-1.5222762,0.4129449,-0.22999077,242.91313,79.031075,3.8306398,WAL
1912852348000,125.33496,-2.43910553616838,-2.23580763094693,1.04812464972318,-1.6022996,0.22815818,-0.2012801,242.78302,79.30159,3.6903408,WAL
1912857436000,125.340048,-2.48152687816836,-2.47392365064241,1.27350465175249,-1.7400496,0.06780604,-0.15974127,242.66771,79.64689,3.51811,WAL
1912862328000,125.34494,-2.52486610629047,-2.71469734134032,1.5094628223764,-1.8823812,-0.08979719,-0.09773844,242.49347,80.017334,3.3398457,WAL
1912867313000,125.349925,-2.54772597084269,-3.81028053192071,2.21529184819842,-2.0088303,-0.23243423,-0.01863139,242.30968,80.420265,3.1450078,WAL
1912872307000,125.354919,-2.56173623528952,-5.26268422064252,3.11662263208671,-2.1212296,-0.36163223,0.08032878,242.07663,80.862076,2.9315584,WAL
1912877318000,125.35993,-2.46307832011173,-7.02612615921788,3.92720631243017,-2.187203,-0.44532076,0.21777347,241.85632,81.324646,2.671136,WAL
1912882315000,125.364927,-2.30553403671189,-8.94530317158819,4.68628381276935,-2.2110267,-0.4877759,0.35338554,241.6027,81.808815,2.3850787,WAL
1912887298000,125.36991,-1.88939768043414,-11.2005097428712,6.02242220157869,-2.1978931,-0.44104472,0.49327368,241.40388,82.1646,2.0611398,WAL
1912892329000,125.374941,-1.32843586896892,-13.6630370606808,7.68629179625062,-2.0485365,-0.2779437,0.61575216,241.21744,82.48504,1.7047321,WAL
1912897316000,125.379928,-0.165196592538202,-15.3442852893431,9.61438954911689,-1.6749926,-0.07788532,0.7134906,241.07803,82.602486,1.3481631,WAL
1912902349000,125.384961,1.37483338854932,-16.5830050719389,11.7283439365946,-0.95569867,0.062308256,0.62796944,240.9646,82.564644,1.0164981,WAL
1912907427000,125.390039,3.00699222450757,-17.4420901973671,12.2130467578937,0.03145956,-0.03970624,0.26633725,240.9514,82.03715,0.88679874,WAL
1912912357000,125.394969,4.63795002001386,-18.0449365311294,11.7083378249035,0.8735373,-0.15668693,-0.27580565,240.97397,81.3786,0.83662534,WAL
1912917311000,125.399923,5.45150364381428,-18.4511671621648,10.7395477722772,1.3396275,0.13347405,-0.6814202,241.24863,80.18984,1.13595,WAL
1912922315000,125.404927,5.70025944410266,-18.72295656253,9.44048955445545,1.5213599,0.69058317,-0.76174897,241.568,78.94338,1.4512818,WAL
1912927316000,125.409928,5.46039786108787,-18.066451082113,8.31166116841004,1.5082263,1.2330315,-0.754724,242.0411,77.780266,2.0256326,WAL
1912932314000,125.414926,4.74693092133891,-16.5101748702929,7.34785489958159,1.38025,1.5787812,-0.7644979,242.60153,76.66299,2.5496323,WAL
1912937302000,125.419914,3.92129733065954,-14.7491918293226,6.41262374108734,1.219287,1.72264,-0.7528914,243.19727,75.818565,3.0057974,WAL
1912942323000,125.424935,2.66238338792335,-12.1938647485517,5.57156205002228,1.0042624,1.6975945,-0.7290677,243.82188,75.06088,3.4130893,WAL
1912947252000,125.429864,1.51973234483373,-9.83503383521378,4.94894346377672,0.77763146,1.6481144,-0.7119634,244.42545,74.465805,3.6984973,WAL
1912952326000,125.434938,0.480933138361045,-7.62758546496437,4.60748646437055,0.6774496,1.4874569,-0.68569624,244.97949,73.91278,3.9691947,WAL
1912957360000,125.439972,-0.398269474626286,-5.69606197291788,4.30720176159969,0.47219884,1.3197744,-0.66523224,245.47018,73.50983,4.1127405,WAL
1912962356000,125.444968,-1.04847346301689,-4.15879393680839,4.06569748817705,0.2660318,1.1743884,-0.59986967,245.9154,73.14578,4.2430058,WAL
1912967245000,125.449857,-1.64541106611292,-2.94162008888035,3.81982079808911,0.03970624,1.0213667,-0.5186246,246.31235,72.86105,4.2698236,WAL
1912972313000,125.454925,-2.18137756670828,-2.28447860372575,3.54484675910313,-0.17348573,0.9120218,-0.40408736,246.67328,72.63688,4.2770624,WAL
1912977252000,125.459864,-2.68636333803555,-1.8706666255753,3.30881283496726,-0.3857614,0.8390234,-0.27366763,246.99936,72.483734,4.2086353,WAL
1912982315000,125.464927,-3.14901170550982,-2.16549160417212,3.16820389992516,-0.5705481,0.81153446,-0.14294247,247.29805,72.38696,4.11326,WAL
1912987307000,125.469919,-3.58219356054806,-2.52925820788837,3.06470644402579,-0.7693848,0.7675522,0.0030543262,247.54239,72.39678,3.9182198,WAL
1912992329000,125.474941,-3.83899595401975,-3.46440656833568,3.23429299901269,-0.98807454,0.70402217,0.16218472,247.75983,72.46785,3.6875312,WAL
1912997343000,125.479955,-4.06301044031109,-4.45520123416417,3.44050204496814,-1.2137892,0.5128214,0.3023783,247.8855,72.65812,3.3642645,WAL
1913002328000,125.48494,-4.08090403054723,-5.80170195708396,3.87889762157046,-1.4294246,0.16890424,0.4092797,247.93802,72.906136,3.0247164,WAL
1913007432000,125.490044,-4.10040952728947,-7.19776192295099,4.33018375266551,-1.5809193,-0.31673363,0.45845437,247.87645,73.22817,2.6450522,WAL
1913012342000,125.494954,-4.17739268026195,-9.39658632794434,4.88349829947815,-1.5845845,-0.93431836,0.49021935,247.67383,73.562096,2.2799327,WAL
1913017470000,125.500082,-4.27751841759755,-11.654009717164,5.37555124662076,-1.4315627,-1.5879441,0.5305365,247.32515,73.883934,1.9302844,WAL
1913022310000,125.504922,-4.61639865223157,-13.3011259460172,4.77659986823089,-1.2018774,-2.1181753,0.5897904,246.83606,74.17413,1.6066164,WAL
1913027292000,125.509904,-4.96522124085692,-14.9965666592706,4.16007594940066,-0.9584476,-2.2922719,0.6407976,246.26233,74.4287,1.2813205,WAL
1913032313000,125.514925,-5.23622473912779,-16.2325002227181,2.96156436855984,-0.6737844,-2.0186043,0.7275405,245.66327,74.59712,0.9424567,WAL
1913037278000,125.51989,-5.46769978669371,-17.2403811233266,1.51484494361055,-0.27214047,-1.5464053,0.7076874,245.08066,74.65236,0.6238698,WAL
1913042326000,125.524938,-5.07484344175649,-17.8925750411178,1.39077029053892,0.36713,-1.3130548,0.61300325,244.43555,74.76265,0.23367848,WAL
1913047294000,125.529906,-4.43857670834331,-18.3863937453094,1.80386901005988,1.1252137,-1.0375546,0.5326745,243.94257,74.70499,-0.17593396,WAL
1913052304000,125.534916,-3.28986287425024,-18.0239944106972,1.91518574565425,1.426065,-1.0839803,0.23701571,243.371,74.83683,-0.5160943,WAL
1913057362000,125.539974,-1.92041787671442,-17.3022608061127,1.90130619751671,1.7351627,-1.3747523,-0.23976462,242.84334,74.73654,-0.7615099,WAL
1913062315000,125.544927,-0.968698151646168,-14.855485333964,0.732471683301797,1.5460999,-1.4150693,-0.6960809,242.45587,74.65341,-0.8419484,WAL
1913067317000,125.549929,-0.243578901091769,-11.3295930433302,-1.14830620216651,0.90469146,-0.9599747,-0.86132,242.14978,74.615654,-0.87720454,WAL
1913072295000,125.554907,-0.00965495922212802,-8.17282041108521,-2.31206601245231,0.105374254,-0.42119157,-0.79351395,241.95001,74.661026,-0.68425786,WAL
1913077330000,125.559942,-0.26005151749894,-5.33158581220856,-2.78219835883849,-0.5833763,-0.20647246,-0.7119634,241.80017,74.85526,-0.4677161,WAL
1913082319000,125.564931,-0.432569148891823,-3.45834493314373,-2.51093073830371,-1.0546589,-0.35002577,-0.5656612,241.61044,75.302666,-0.24604124,WAL
1913087306000,125.569918,-0.558698954809548,-2.16308887384459,-1.78810989278822,-1.3515394,-0.6780604,-0.4034765,241.41829,75.89172,-0.060571827,WAL
1913092317000,125.574929,-0.906982731294727,-1.43201180592046,-1.28131807008871,-1.559539,-1.0115929,-0.23884831,241.15869,76.54611,0.056270514,WAL
1913097319000,125.579931,-1.37488992299412,-1.01185028713246,-0.894578516356025,-1.7104226,-1.3026701,-0.10415252,240.80756,77.270996,0.14866266,WAL
1913102312000,125.584924,-1.71707730761062,-0.886079675280236,-1.1341782887119,-1.8301523,-1.452943,0.012217305,240.45123,77.9036,0.20224063,WAL
1913107396000,125.590008,-1.99475009061947,-0.924379366902655,-1.73261102967552,-1.8817704,-1.5241088,0.11362094,240.02594,78.562096,0.22792909,WAL
1913112321000,125.594933,-2.33219561645477,-1.4162838438489,-2.37537568531967,-1.8988746,-1.6111571,0.23060162,239.59637,79.19991,0.15427539,WAL
1913117312000,125.599924,-2.71692164498308,-2.19885166731455,-3.0661338286838,-1.8997909,-1.8020525,0.364992,239.10672,79.8468,0.046515305,WAL
1913122294000,125.604906,-2.95857268273877,-2.77092504995888,-3.57057013562763,-1.8723019,-2.0598376,0.5018258,238.48163,80.57339,-0.14212441,WAL
1913127325000,125.609937,-3.00315255631747,-3.05574075951475,-3.82071265040609,-1.840537,-2.2883012,0.61269784,237.80463,81.29347,-0.36688778,WAL
1913132314000,125.614926,-3.04736026637195,-3.33817875891333,-4.06876691521024,-1.7944167,-2.362216,0.7079928,237.0271,82.13931,-0.7179844,WAL
1913137328000,125.61994,-3.09178950233371,-3.62203206197697,-4.31806418595148,-1.7852536,-2.3115141,0.78984874,236.21967,82.95391,-1.1074678,WAL
1913142326000,125.624938,-3.00885731143564,-4.39848034425743,-4.35825293638614,-1.7794504,-2.2632558,0.86345804,235.39346,83.7069,-1.5322039,WAL
1913147320000,125.629932,-2.81470972686139,-5.60598296655446,-4.21619366183168,-1.7660115,-2.1526892,0.90377516,234.60307,84.37915,-1.988293,WAL
1913152325000,125.634937,-2.69848361828009,-6.7436499455651,-4.13253740393784,-1.7568485,-2.0744984,0.9923506,233.79065,84.998825,-2.515632,WAL
1913157354000,125.639966,-2.65664841521089,-7.81742371711225,-4.10464725237911,-1.7537941,-2.003638,1.1151345,233.0164,85.4156,-3.0785766,WAL
1913162371000,125.644983,-2.49694248647471,-8.84295538795226,-4.21781589280167,-1.7681495,-1.8729129,1.2583824,232.31854,85.58899,-3.6413536,WAL
1913167315000,125.649927,-2.19647849587043,-9.79816166186778,-4.50034184514112,-1.7568485,-1.6722436,1.4104879,231.67134,85.460304,-4.247446,WAL
1913172293000,125.654905,-1.91632585958693,-10.849570461088,-4.57916054644948,-1.749518,-1.4373659,1.6044376,231.09885,85.06349,-4.8839407,WAL
1913177326000,125.659938,-1.68027740943256,-12.1016531205153,-4.22508773726179,-1.7238617,-1.1792754,1.865277,230.60411,95.58112,-5.579327,WAL
1913182298000,125.66491,-1.40780877875249,-13.1633404439381,-3.91450084921675,-1.613906,-1.0476339,2.0665572,230.16347,96.31477,-6.235748,WAL
1913187304000,125.669916,-1.08464859458844,-14.0144806867939,-3.65051084363429,-1.5286902,-1.044885,2.1826215,229.77856,97.16784,-6.931005,WAL
1913192271000,125.674883,-0.738926834308195,-14.6342906799287,-3.4527089459323,-1.4492778,-1.0393872,2.2201898,229.47928,97.986305,-7.571917,WAL
1913197320000,125.679932,-0.33693981077791,-14.8113564714964,-3.38092564792162,-1.4016303,-0.999681,2.2015584,229.20511,98.81968,-8.213954,WAL
1913202293000,125.684905,0.0447809722802826,-14.9050434225016,-3.38155109662373,-1.3848315,-0.8872818,2.1539109,228.99077,99.54195,-8.758773,WAL
1913207378000,125.68999,0.40397092445668,-14.8240991606067,-3.5383804521712,-1.3729197,-0.6377433,2.0497584,228.83536,100.23006,-9.265998,WAL
1913212315000,125.694927,0.768293619736892,-14.6216348995234,-3.55192078749285,-1.3698653,-0.26297748,1.8628336,228.7705,100.80319,-9.651296,WAL
1913217309000,125.699921,1.16038944126597,-14.2295387733079,-3.35587281959962,-1.3778065,0.11789699,1.5818355,228.77988,101.31985,-9.965537,WAL
1913222274000,125.704886,1.54556858221595,-13.7492924295796,-3.07241025290856,-1.3973542,0.48655418,1.25319,228.90372,101.74278,-10.147806,WAL
1913227327000,125.709939,1.92610548341567,-13.037005879625,-2.56502781986087,-1.4648548,0.7501425,0.9663888,229.10124,102.11802,-10.250476,WAL
1913232250000,125.714862,2.20435823083599,-12.3147672388391,-1.96332574898274,-1.5424347,0.8237518,0.7110472,229.35553,102.37796,-10.21134,WAL
1913237321000,125.719933,2.27459825513451,-11.5046648429274,-1.09234881203355,-1.611768,0.6291912,0.5235115,229.59811,102.60834,-10.112134,WAL
1913242337000,125.724949,2.21851427445299,-10.7114818059247,-0.342397861818363,-1.6554449,0.4196644,0.3811799,229.85898,102.74793,-9.913486,WAL
1913247313000,125.729925,1.7757288245579,-9.94970065136377,0.0575373922289939,-1.668273,-0.15027285,0.3118467,229.95253,102.88455,-9.708755,WAL
1913252310000,125.734922,1.29614014545966,-9.2353079807422,0.27883935347765,-1.7198911,-0.82558435,0.16920967,229.9405,102.93623,-9.46383,WAL
1913257390000,125.740002,0.694338676206541,-8.6745380585231,-0.0858888128797676,-1.7828102,-1.4431691,0.013744468,229.77768,102.98802,-9.223011,WAL
1913262317000,125.744929,0.11264542590579,-8.14752871349362,-0.475183479472031,-1.8182404,-1.8829921,-0.12003502,229.44965,103.06606,-9.060173,WAL
1913267321000,125.749933,-0.461105857870461,-7.75718995019627,-1.17591251547596,-1.8240436,-2.1190915,-0.23090707,229.00085,103.132256,-8.88397,WAL
1913272360000,125.754972,-1.01669564473684,-7.37401537083333,-1.88129649166667,-1.7886134,-2.154827,-0.31764993,228.46487,103.32376,-8.813208,WAL
1913277293000,125.759905,-1.2898274757177,-7.11972015511364,-2.56883523522727,-1.7140878,-2.0668626,-0.32711834,227.90005,103.50783,-8.744513,WAL
1913282387000,125.764999,-1.5670714837543,-6.88309341039803,-3.22807850850123,-1.6172657,-1.8716911,-0.269697,227.33553,103.84723,-8.783135,WAL
1913287301000,125.769913,-1.77520114057985,-6.97559527082064,-3.2373286607371,-1.4694363,-1.6630806,-0.160963,226.8052,104.17004,-8.834432,WAL
1913292501000,125.775113,-1.98829183284387,-7.08447758683448,-3.23445710220757,-1.3497068,-1.50731,-0.0421497,226.30708,104.61869,-8.956259,WAL
1913297276000,125.779888,-2.07964987449805,-7.34484821064829,-3.04717326467885,-1.2809844,-1.4758505,0.06078109,225.83972,105.06229,-9.104112,WAL
1913302568000,125.78518,-2.17194474213932,-7.63479315744195,-2.84758537651313,-1.2950343,-1.488984,0.16371189,225.42389,105.5482,-9.322078,WAL
1913307280000,125.789892,-2.14617815576703,-7.90963683509707,-2.76599109665017,-1.3045027,-1.425454,0.22266038,225.04367,106.02398,-9.551686,WAL
1913312308000,125.79492,-2.11868358949372,-8.20291230437762,-2.67892487441949,-1.2950343,-1.2907583,0.2764165,224.6897,106.4849,-9.816317,WAL
1913317298000,125.79991,-1.83296969718457,-8.36386776687025,-2.33172350216495,-1.2840388,-1.1194105,0.34208453,224.37001,106.95407,-10.093402,WAL
1913322305000,125.804917,-1.52343894118874,-8.51387116192462,-1.96028664469437,-1.3069462,-0.9682214,0.40439278,224.08713,107.43138,-10.375569,WAL
1913327329000,125.809941,-1.21285725192909,-8.66438385550424,-1.58758866747604,-1.3448198,-0.8582657,0.45265114,223.86118,107.88782,-10.649599,WAL
1913332251000,125.814863,-0.908581162252346,-8.81184075793237,-1.22245740874423,-1.3677273,-0.8338311,0.47036624,223.65591,108.344086,-10.925154,WAL
1913337353000,125.819965,-0.638610146921214,-8.84186130266344,-0.848704183363755,-1.3952162,-0.86742866,0.48075095,223.48727,108.73108,-11.146371,WAL
1913342319000,125.824931,-0.381729122756565,-8.85514805811138,-0.485527524719687,-1.3878858,-0.9101892,0.48349985,223.3235,109.11036,-11.366954,WAL
1913347356000,125.829968,-0.145711760267202,-8.80781164289302,-0.309299594161728,-1.3784174,-1.0180069,0.47219884,223.14603,109.386826,-11.530995,WAL
1913352260000,125.834872,0.0760199371391261,-8.74176404871924,-0.200792591626318,-1.3222178,-1.1120802,0.46700647,222.96161,109.64751,-11.697965,WAL
1913357461000,125.840073,0.176873187563225,-8.68880611542118,-0.300776186413767,-1.237613,-1.1575897,0.4633413,222.7844,109.81796,-11.812195,WAL
1913362395000,125.845007,0.230783010702605,-8.64388129016923,-0.462505660522913,-1.1392636,-1.16492,0.44776422,222.59164,109.966484,-11.924668,WAL
1913367346000,125.849958,0.216077324640784,-8.58979811542487,-0.660796918612618,-1.031446,-1.1468995,0.42180246,222.39903,110.05049,-11.9933405,WAL
1913372362000,125.854974,0.165795673872871,-8.53037457674374,-0.880207784361976,-0.9334021,-1.0852021,0.3912592,222.21696,110.10932,-12.052554,WAL
1913377295000,125.859907,0.0103936813213821,-8.49666204958797,-0.981862916105248,-0.86651236,-0.98929626,0.3753767,222.06451,110.17336,-12.091643,WAL
1913382314000,125.864926,-0.235136422697701,-8.48276408038167,-0.991128196660402,-0.8405506,-0.8848383,0.3662137,221.93164,110.2194,-12.118169,WAL
1913387304000,125.869916,-0.479247843111175,-8.4689464142451,-1.00033994202207,-0.8698721,-0.7965683,0.38056904,221.82521,110.30588,-12.153299,WAL
1913392454000,125.875066,-0.731186483417667,-8.45468569668932,-1.00984705396848,-0.91965765,-0.71776664,0.40011674,221.7463,110.38926,-12.179534,WAL
1913397271000,125.879883,-0.998734826739927,-8.43724807855108,-0.99235128059015,-0.9795224,-0.63529986,0.44104472,221.69917,110.487915,-12.205347,WAL
1913402239000,125.884851,-1.32308335421245,-8.41304297964998,-0.934259023007733,-1.0430524,-0.5534439,0.50732356,221.6784,110.604805,-12.237008,WAL
1913407239000,125.889851,-1.62427956734127,-8.37107381309524,-0.864494942555555,-1.0882565,-0.48349985,0.56779927,221.67496,110.80939,-12.370213,WAL
1913412234000,125.894846,-1.89003596555556,-8.30463436666667,-0.779073227555556,-1.14018,-0.4541783,0.6441574,221.68933,111.03961,-12.519895,WAL
1913417202000,125.899814,-2.16267633512573,-8.30861885183753,-0.786283603829787,-1.1753048,-0.47342056,0.72509706,221.689,111.309166,-12.7336855,WAL
1913422288000,125.9049,-2.45473378586074,-8.42167364719536,-0.937022904680851,-1.2131784,-0.5161811,0.799928,221.6954,111.597786,-12.962041,WAL
1913427225000,125.909837,-2.64018489433352,-8.54134201930025,-1.08100913503518,-1.2241739,-0.5656612,0.87109387,221.68138,111.91926,-13.248317,WAL
1913432232000,125.914844,-2.6310669940483,-8.68266956892945,-1.22233673226849,-1.2296717,-0.6230826,0.9272934,221.65767,112.252686,-13.54998,WAL
1913437229000,125.919841,-2.59966159784968,-8.85357609006999,-1.3522346691348,-1.2269229,-0.6588182,0.9718866,221.61325,112.636314,-13.910189,WAL
1913442239000,125.924851,-2.49259643941576,-9.12610555654732,-1.44469998934983,-1.2315043,-0.7272351,0.98990715,221.54573,113.021576,-14.279652,WAL
1913447227000,125.929839,-2.37245538551001,-9.42713848808389,-1.50612397731173,-1.2342533,-0.79901177,1.0064005,221.48187,113.41802,-14.647311,WAL
1913452259000,125.934871,-2.21166720354623,-9.81762360686368,-1.47856032186845,-1.2287555,-0.8512407,1.0054842,221.40417,113.806694,-15.012493,WAL
1913457296000,125.939908,-2.04631067905839,-10.2248321237134,-1.42549492660756,-1.2223413,-0.90133166,1.0125091,221.32408,114.17375,-15.353344,WAL
1913462260000,125.944872,-1.86221897107918,-10.7044396092938,-1.25109225056558,-1.1957687,-0.94042706,1.0009027,221.23055,114.52477,-15.685916,WAL
1913467259000,125.949871,-1.67170994931466,-11.1547164686343,-1.07417183428714,-1.1337659,-0.947452,0.98837996,221.1601,114.81228,-15.964166,WAL
1913472292000,125.954904,-1.45952360412206,-11.4778184514257,-0.890919926623312,-1.0494665,-0.9669997,0.9627236,221.07285,115.0792,-16.234781,WAL
1913477265000,125.959877,-1.23544032530795,-11.7726084479283,-0.749725606047033,-0.9578367,-0.9807441,0.9251554,221.00627,115.24667,-16.439339,WAL
1913482255000,125.964867,-0.954490240294886,-11.9732869137738,-0.763104217002613,-0.83016586,-0.98899084,0.8900307,220.93376,115.38201,-16.634758,WAL
1913487319000,125.969931,-0.662605684250027,-12.1676378350844,-0.785181326796137,-0.64996064,-0.97158116,0.8552113,220.87991,115.40971,-16.762758,WAL
1913492264000,125.974876,-0.290702790720365,-12.2379982107609,-0.915849868714847,-0.398895,-0.9275989,0.818254,220.82831,115.390465,-16.876732,WAL
1913497262000,125.979874,0.0863654808970966,-12.2610826999265,-1.06334580674384,-0.122783914,-0.8518516,0.7809912,220.82378,115.28103,-16.91599,WAL
1913502314000,125.984926,0.473101644409776,-12.056601561007,-1.28560795260933,0.11759156,-0.7348709,0.700357,220.83627,115.11712,-16.925982,WAL
1913507395000,125.990007,0.859756784413423,-11.8484411350652,-1.51379056627531,0.28130344,-0.59803706,0.57971114,220.88608,114.86759,-16.848154,WAL
1913512313000,125.994925,1.14713002335213,-11.5523595307387,-1.91001741778682,0.3323107,-0.42363504,0.43066,220.9693,114.579704,-16.730377,WAL
1913517309000,125.999921,1.43906103224554,-11.2515820408616,-2.31252846905796,0.25778514,-0.19364429,0.28252518,221.10994,114.25797,-16.516832,WAL
1913522331000,126.004943,1.3947234477302,-11.2086004175703,-2.56562153271457,0.11148291,0.007941248,0.14477506,221.27745,113.9231,-16.259708,WAL
1913527311000,126.009923,1.28953877267047,-11.2129827443485,-2.7891390072597,-0.07360926,0.13103059,0.035430185,221.47517,113.597694,-15.964602,WAL
1913532313000,126.014925,0.929650185593816,-11.3978062417428,-2.66401461018974,-0.2593123,0.12889257,-0.058337633,221.68837,113.31482,-15.605968,WAL
1913537317000,126.019929,0.443739480845297,-11.6720335799619,-2.36573270588294,-0.45234573,0.090713486,-0.13652839,221.9134,113.06335,-15.223019,WAL
1913542331000,126.024943,-0.100825795996797,-11.8059812523018,-1.95658987543034,-0.52687126,-0.06811147,-0.16157386,222.09763,112.868805,-14.868389,WAL
1913547335000,126.029947,-0.67155823795036,-11.8731260981785,-1.49616713792034,-0.66950834,-0.22357668,-0.21410827,222.25793,112.719505,-14.496845,WAL
1913552345000,126.034957,-1.11193783418518,-11.7724124633356,-1.12513283304091,-0.729984,-0.32253686,-0.24251351,222.38782,112.59125,-14.213237,WAL
1913557432000,126.040044,-1.49751317663774,-11.5912387182226,-0.790657805034805,-0.6743952,-0.36468655,-0.25167647,222.48468,112.4689,-13.93694,WAL
1913562325000,126.044937,-1.67740384587958,-11.5483472883803,-0.636096211796484,-0.5320636,-0.3555236,-0.22876903,222.58472,112.37347,-13.768206,WAL
1913567312000,126.049924,-1.72900536010215,-11.595257711325,-0.593876782162852,-0.3387248,-0.2996294,-0.18784106,222.68645,112.25829,-13.606264,WAL
1913572303000,126.054915,-1.61019460304752,-11.8073769581612,-0.528945432045455,-0.14355333,-0.21563543,-0.13103059,222.80911,112.147835,-13.531282,WAL
1913577325000,126.059937,-1.34686608492769,-12.1601376984504,-0.444481555409091,0.030543262,-0.15882497,-0.076052725,222.9439,112.00685,-13.4652815,WAL
1913582313000,126.064925,-1.00351939180551,-12.7206569282036,-0.349963957203878,0.1777618,-0.12370021,-0.06383542,223.10611,111.83471,-13.410135,WAL
1913587300000,126.069912,-0.608055191685348,-13.4151305442795,-0.248686548145007,0.27397305,-0.056505036,-0.0983493,223.29474,111.63878,-13.349088,WAL
1913592341000,126.074953,-0.200721386113344,-14.0388266712423,-0.169017165597608,0.3643811,0.028710667,-0.16249016,223.5143,111.35631,-13.228263,WAL
1913597318000,126.07993,0.205862373042455,-14.6089784008236,-0.103589893493284,0.48502702,0.081855945,-0.22968534,223.74165,111.04426,-13.095784,WAL
1913602327000,126.084939,0.601440208323562,-15.0382252558879,-0.189179764556693,0.6203337,0.14844026,-0.29810223,223.98903,110.59956,-12.85042,WAL
1913607363000,126.089975,0.989647767524595,-15.3689207542482,-0.380887205870019,0.77182823,0.22296582,-0.36896262,224.24954,110.12311,-12.587746,WAL
1913612299000,126.094911,1.25446462519858,-15.5950624066466,-0.53736963514197,0.94714653,0.30482176,-0.4437936,224.52959,109.52119,-12.223359,WAL
1913617316000,126.099928,1.43870340364284,-15.7529813334246,-0.673355376627408,1.1148291,0.3735441,-0.54367006,224.82063,108.88708,-11.839573,WAL
1913622295000,126.104907,1.45559430609206,-15.7422648260459,-0.61854600916955,1.2568552,0.3930918,-0.65209866,225.11671,108.181786,-11.376552,WAL
1913627325000,126.109937,1.20304458301353,-15.459409207927,-0.254874398442907,1.357648,0.30848694,-0.7846564,225.39351,107.44686,-10.89702,WAL
1913632315000,126.114927,0.902931677721014,-15.060983098851,0.0787051428591777,1.4489723,0.16920967,-0.9239337,225.6532,106.66878,-10.370745,WAL
1913637305000,126.119917,0.548978122465103,-14.5345904580762,0.382742156390656,1.5989398,0.101098195,-0.98471475,225.90536,105.8679,-9.847221,WAL
1913642401000,126.125013,0.176662600180786,-13.920185183519,0.641243412888375,1.6933185,-0.004886922,-1.0989466,226.13297,105.062,-9.348071,WAL
1913647318000,126.12993,-0.199496334277906,-13.2074630876603,0.809525055606475,1.9346102,-0.07422013,-1.1731668,226.35457,104.20648,-8.858366,WAL
1913652338000,126.13495,-0.58812372442089,-12.5302815563692,0.919903155317017,2.1933117,-0.0983493,-1.2382239,226.57457,103.35823,-8.421227,WAL
1913657366000,126.139978,-0.982509531065716,-11.9085440177298,0.961661640065523,2.4990497,-0.110872045,-1.2956452,226.7833,102.4538,-7.978614,WAL
1913662294000,126.144906,-1.38861331363939,-11.4387689879036,0.956203882024955,2.7962356,-0.100792766,-1.3637567,227.04301,101.56384,-7.6007457,WAL
1913667304000,126.149916,-1.83189753146966,-11.1782823910849,0.878514887130203,3.0616567,-0.069027774,-1.4257594,227.31506,100.62916,-7.215688,WAL
1913672283000,126.154895,-2.32814115432519,-11.0322247636557,0.744576862388948,3.2748485,-0.024129177,-1.4691309,227.6785,99.75185,-6.913745,WAL
1913677326000,126.159938,-2.96969055269926,-11.1656670453773,0.467427548444208,3.4232888,0.08093964,-1.496009,228.07942,98.86109,-6.6016693,WAL
1913682246000,126.164858,-3.56241761712811,-11.3917018423275,0.138242170890662,3.4871242,0.2312125,-1.4944818,228.49834,98.04718,-6.349195,WAL
1913687308000,126.16992,-4.12203917639606,-11.769332743313,-0.289436189627405,3.457192,0.4175264,-1.4816537,228.97046,97.28005,-6.094901,WAL
1913692297000,126.174909,-4.82733080327665,-12.215694491689,-0.74095649545663,3.34632,0.57360244,-1.4248432,229.39848,96.652115,-5.9050364,WAL
1913697320000,126.179932,-5.93940961564769,-12.8590458786779,-1.27401904034391,3.1581733,0.643852,-1.3698653,229.86702,96.1282,-5.7227263,WAL
1913702310000,126.184922,-6.89102436929548,-13.3938157969155,-1.72156545079565,2.9391782,0.6261369,-1.3368785,230.30695,95.79255,-5.6126266,WAL
1913707394000,126.190006,-7.18114167991588,-13.4757314573431,-1.81372031929898,2.6951375,0.50946164,-1.314582,230.74629,95.568474,-5.5184627,WAL
1913712354000,126.194966,-7.46418295856993,-13.5556491748335,-1.90362750808272,2.4956899,0.32559118,-1.2855659,231.09071,95.556305,-5.553129,WAL
1913717314000,126.199926,-7.76328546658098,-13.5777891018638,-2.01124022140103,2.3426683,0.0693332,-1.244638,231.38551,84.39651,-5.5948644,WAL
1913722299000,126.204911,-8.09566792373608,-13.4857444087404,-2.15442046358183,2.2464569,-0.17165314,-1.1945469,231.63571,84.303986,-5.644104,WAL
1913727316000,126.209928,-8.29545165921357,-13.4861105944487,-2.21222270984323,2.2321017,-0.36835176,-1.1618657,231.80783,84.14113,-5.7372475,WAL
1913732312000,126.214924,-8.34053892212799,-13.5926803718838,-2.17123436682944,2.2867742,-0.45356745,-1.1866057,231.94675,83.962135,-5.82223,WAL
1913737330000,126.219942,-8.28120255932203,-13.6886536679222,-2.14174200225989,2.3270912,-0.57451874,-1.2550226,232.00739,83.74698,-5.9294667,WAL
1913742358000,126.22497,-7.55070801694915,-13.7138431167608,-2.18708301016949,2.3194554,-0.56413406,-1.5079209,232.08817,83.57695,-5.970971,WAL
1913747321000,126.229933,-6.83368724396652,-13.7155390667575,-2.41544011969638,2.1523838,-0.49418998,-1.6679676,232.15472,83.40165,-6.0135517,WAL
1913752351000,126.234963,-6.12114878055664,-13.6358471457766,-3.29204968411833,1.9211712,-0.01038471,-1.7403551,232.35,83.27037,-6.0111866,WAL
1913757472000,126.240084,-5.37155811463564,-13.4652873066952,-3.92112664696877,1.484708,0.50793445,-1.8176296,232.60529,83.29462,-5.8912024,WAL
1913762349000,126.244961,-4.56118528205756,-12.9456954200347,-3.46827121417636,1.1636983,0.8060367,-1.8267925,232.936,83.33018,-5.77499,WAL
1913767314000,126.249926,-3.77018736176838,-12.4361253137541,-3.00515597681292,1.0629056,0.8588765,-1.7635679,233.40044,83.52863,-5.6081023,WAL
1913772323000,126.254935,-3.1032130513779,-11.9968010662726,-2.52988686842061,1.1487321,0.8503244,-1.672549,233.91681,83.735535,-5.4504724,WAL
1913777317000,126.259929,-2.43823606872867,-11.5587924234452,-2.05604100551161,1.3191634,0.90102625,-1.5943583,234.52374,83.95864,-5.242092,WAL
1913782305000,126.264917,-1.71528502808426,-11.3648821655021,-1.66287783247471,1.5460999,1.0659598,-1.5522085,235.1444,84.14156,-5.052623,WAL
1913787288000,126.2699,-0.978738885950568,-11.2305116133069,-1.28962805966211,1.6936239,1.2647965,-1.5748106,235.77475,84.302284,-4.8694015,WAL
1913792411000,126.275023,-0.32681888582746,-11.2058322733049,-1.15029685030279,1.8115209,1.4993688,-1.6071864,236.5614,84.431885,-4.643213,WAL
1913797388000,126.28,0.293051428918892,-11.1963689077733,-1.04619646962176,1.883603,1.7180585,-1.6539177,237.38312,84.539955,-4.4112883,WAL
1913802363000,126.284975,0.821833766236559,-10.9810331865791,-1.05950146453604,1.9123137,1.8558086,-1.6526959,238.18344,84.67818,-4.0674343,WAL
1913807316000,126.289928,1.33659852365591,-10.7401800004978,-1.08783717119673,1.9486601,1.951409,-1.5705346,239.02104,84.75685,-3.7438498,WAL
1913812293000,126.294905,1.54438878120846,-10.4088374964753,-1.20765754835851,1.9898936,2.0341814,-1.4926492,239.77728,84.82384,-3.3223796,WAL
1913817264000,126.299876,1.70259708873112,-10.0636558620342,-1.34189487289023,1.9850066,2.0916026,-1.393689,240.54704,84.81788,-2.94221,WAL
1913822313000,126.304925,1.59652425759788,-9.65134932846715,-1.48720758394161,1.9672915,2.1697934,-1.2892311,241.26651,84.76476,-2.5166616,WAL
1913827312000,126.309924,1.45129892417291,-9.23382596767466,-1.63243296475495,1.9168952,2.243097,-1.171945,241.99626,84.6514,-2.134169,WAL
1913832312000,126.314924,1.20868784325618,-8.79945686751796,-1.9409428735834,1.8463402,2.293188,-1.056186,242.70207,84.51708,-1.7598255,WAL
1913837300000,126.319912,0.93705576396648,-8.36103336312849,-2.29835347541899,1.8264871,2.3903158,-0.9923506,243.43813,84.33964,-1.4151574,WAL
1913842349000,126.324961,0.641984286624456,-7.98927260377918,-2.51941366605659,1.8173242,2.4685066,-0.88147855,244.16547,84.16069,-1.1358324,WAL
1913847380000,126.329992,0.341687739058172,-7.64131006869806,-2.69577823795014,1.7611245,2.4785857,-0.7858781,244.89578,83.97955,-0.8769587,WAL
1913852400000,126.335012,-0.10478377573508,-7.21946933129549,-2.68946217161572,1.7186694,2.4489589,-0.7119634,245.60167,83.8322,-0.67254156,WAL
1913857460000,126.340072,-0.602948490946143,-6.76979847394469,-2.62333415851528,1.6487253,2.3967297,-0.66920286,246.29697,83.69851,-0.4894026,WAL
1913862428000,126.34504,-0.954992282429529,-6.43542545035634,-2.50901030412722,1.5864171,2.3154848,-0.63285637,246.96353,83.599434,-0.3538402,WAL
1913867358000,126.34997,-1.20107980069354,-6.18431570894586,-2.35834434391022,1.527774,2.2220223,-0.59773165,247.6038,83.514435,-0.22977158,WAL
1913872349000,126.354961,-1.39347283900521,-5.86117599367935,-2.41189512956847,1.4721853,2.119397,-0.57757306,248.2762,83.4669,-0.16600798,WAL
1913877356000,126.359968,-1.5584475581736,-5.50294534788165,-2.56744277958321,1.4159856,2.0405953,-0.5693264,248.91382,83.43056,-0.10537963,WAL
1913882346000,126.364958,-1.65844091276596,-5.1604900049848,-2.56256725148936,1.3414601,2.0323486,-0.5357288,249.53711,83.38753,-0.07024509,WAL
1913887348000,126.36996,-1.7215352893617,-4.82560453394124,-2.4654990070922,1.3093897,2.0066924,-0.50335294,250.12048,83.344246,-0.03289419,WAL
1913892354000,126.374966,-1.84211716228581,-4.60714298606593,-2.29206303468731,1.2666291,1.9633209,-0.47891834,250.66513,83.34737,-0.0029045378,WAL
1913897353000,126.379965,-1.99202420193094,-4.44890783069496,-2.07969480099156,1.1908818,1.9285016,-0.48441613,251.19307,83.36507,0.028510915,WAL
1913902399000,126.385011,-2.15404494285714,-4.26073188461539,-1.80580691868132,1.1337659,1.9049833,-0.49021935,251.71133,83.362335,0.04781304,WAL
1913907415000,126.390027,-2.33342225104022,-4.02497876079164,-1.43167694851168,1.0198395,1.9046779,-0.52381694,252.21628,83.39392,0.078516446,WAL
1913912393000,126.395005,-2.47013433986857,-3.79405184403067,-1.09157766478642,0.8885035,1.8863518,-0.548557,252.7101,83.405975,0.12035656,WAL
1913917353000,126.399965,-2.56472953572638,-3.56702341348203,-0.784143367146271,0.7415904,1.8912388,-0.57757306,253.2019,83.4504,0.17293555,WAL
1913922346000,126.404958,-2.6388896753402,-3.36550567269635,-0.484844452370723,0.59223384,1.8887954,-0.59895337,253.70071,83.44388,0.19557428,WAL
1913927357000,126.409969,-2.69020016248056,-3.19291563977449,-0.195639414257387,0.45234573,1.8967366,-0.6169739,254.19849,83.474434,0.22521406,WAL
1913932326000,126.414938,-2.72180373548839,-3.0395599435048,0.104646167932346,0.31337386,1.892155,-0.6160576,254.71477,83.474106,0.23226805,WAL
1913937352000,126.419964,-2.72662098949159,-2.90949675133106,0.427395677295837,0.24037547,1.8628336,-0.61361414,255.2222,83.49308,0.24408948,WAL
1913942350000,126.424962,-2.72739258178402,-2.86269822933149,0.73675307913568,0.10781772,1.8530598,-0.6041457,255.76129,83.50509,0.2412088,WAL
1913947355000,126.429967,-2.72265238350475,-2.92905952037184,1.0306394626701,-0.023518313,1.815186,-0.61453044,256.28104,83.535545,0.24430294,WAL
1913952272000,126.434884,-2.7162337258253,-3.01176157040608,1.25857746518648,-0.15943582,1.736079,-0.62125,256.8168,83.53588,0.2396106,WAL
1913957371000,126.439983,-2.70672318959977,-3.12588874992696,1.39648101009835,-0.26267207,1.6673567,-0.6123924,257.34134,83.561775,0.23341891,WAL
1913962246000,126.444858,-2.67624868030214,-3.23221834920541,1.53017525905435,-0.3585779,1.604743,-0.6010914,257.87326,83.56465,0.23268637,WAL
1913967352000,126.449964,-2.59949889866588,-3.33774921130077,1.67408101196782,-0.45723262,1.5473217,-0.573297,258.3833,83.59448,0.22598591,WAL
1913972287000,126.454899,-2.51672060557868,-3.4163227247721,1.78427235916568,-0.54092115,1.4584408,-0.54336464,258.87793,83.61959,0.22161628,WAL
1913977371000,126.459983,-2.41058253403686,-3.44044502520809,1.82769255032699,-0.63285637,1.328021,-0.50976706,259.34042,83.6715,0.21099356,WAL
1913982286000,126.464898,-2.29393088791146,-3.45093160301498,1.8264224887797,-0.73731434,1.1798862,-0.4877759,259.78354,83.719666,0.21465285,WAL
1913987301000,126.469913,-2.13813066140635,-3.42801983314569,1.71186354373628,-0.838718,1.042747,-0.45478916,260.18863,83.789246,0.20912886,WAL
1913992302000,126.474914,-1.99132016886328,-3.42226225791962,1.5874745430063,-0.93431836,0.9053023,-0.4202753,260.5547,83.87509,0.22247344,WAL
1913997330000,126.479942,-1.88222836803586,-3.49340905224586,1.41672213756895,-1.0317514,0.78038037,-0.38545597,260.8818,83.98595,0.23008066,WAL
1914002337000,126.484949,-1.77952905609079,-3.57339612219249,1.25331439358708,-1.1316279,0.6768387,-0.3494149,261.16617,84.1487,0.2595344,WAL
1914007367000,126.489979,-1.70790941430271,-3.70231149735355,1.12439911813857,-1.2370021,0.57787853,-0.30787608,261.41278,84.336075,0.2810122,WAL
1914012291000,126.494903,-1.64909303328377,-3.83352966543761,1.01890616001586,-1.3344351,0.48563787,-0.27091873,261.6151,84.588005,0.3159337,WAL
1914017314000,126.499926,-1.66339705761721,-4.00040926890673,1.04751415889583,-1.434617,0.3943135,-0.23182335,261.78583,84.86563,0.34106582,WAL
1914022292000,126.504904,-1.68953320543012,-4.18125980442984,1.09299040814518,-1.5244142,0.29749137,-0.21135938,261.91556,85.19704,0.37411425,WAL
1914027332000,126.509944,-1.80908592334953,-4.4847399690483,1.27231948502429,-1.6233743,0.17806722,-0.17440203,262.0088,85.554245,0.39393592,WAL
1914032363000,126.514975,-1.92928799637197,-4.78921007935812,1.4569022329712,-1.7116444,0.119729586,-0.11789699,262.08966,85.924934,0.40207088,WAL
1914037297000,126.519909,-2.0752872841224,-5.1377243225755,1.81954562671185,-1.7528778,0.00061086525,-0.084910266,262.11633,86.30373,0.40989846,WAL
1914042521000,126.525133,-2.23063001114206,-5.54192974245921,2.2143498511739,-1.8420641,-0.095294975,-0.0070249503,262.1565,86.689476,0.37773606,WAL
1914047341000,126.529953,-2.38676276740947,-6.50627959044966,2.76081471388778,-1.9040669,-0.17379116,0.0870483,262.16498,87.073975,0.33338854,WAL
1914052598000,126.53521,-2.54406810363511,-7.58213927016057,3.37218701891439,-1.928807,-0.22479841,0.19822577,262.19574,87.39425,0.2520006,WAL
1914057329000,126.539941,-2.49050750699438,-8.91222997564772,4.15328019899517,-1.8738291,-0.20830505,0.34300083,262.22012,87.70426,0.1357672,WAL
1914062668000,126.54528,-2.40504813717044,-10.4441292020052,5.05343862807278,-1.7663169,-0.15943582,0.46975538,262.2984,87.875824,-0.009265153,WAL
1914067313000,126.549925,-1.81451245271073,-12.4139576201263,6.22212123176755,-1.534188,-0.053450707,0.5748242,262.3944,87.98028,-0.18589585,WAL
1914072277000,126.554889,-1.18342114212774,-14.5190659662087,7.47106427692165,-1.1102476,0.022907447,0.59406644,262.58875,87.81566,-0.31200284,WAL
1914077319000,126.559931,0.0259160735441573,-15.8318976499229,9.0705066524489,-0.43218717,-0.01985312,0.4642576,262.77557,87.52196,-0.41961297,WAL
1914082251000,126.564863,1.33743263860393,-16.9293822480717,10.7099023112225,0.3622431,-0.16035213,0.15485434,262.9547,87.09563,-0.47560513,WAL
1914087334000,126.569946,2.79815745268998,-17.6542946870108,11.220823025265,1.010982,-0.14844026,-0.23457226,263.3125,86.32125,-0.26650468,WAL
1914092305000,126.574917,4.26507142982265,-18.2203060548895,11.3057250259586,1.3888022,0.13927728,-0.45631635,263.70456,85.43449,-0.03664055,WAL
1914097353000,126.579965,5.33495829103829,-18.5856858586656,10.2834681969996,1.5454891,0.7021896,-0.5513059,264.38312,84.188736,0.5965253,WAL
1914102297000,126.584909,6.22751800252665,-18.8660714583498,8.87219529688117,1.5540411,1.2538009,-0.539394,265.13354,82.9307,1.186159,WAL
1914107471000,126.590083,6.16505202374101,-18.0637179064748,7.57249829496403,1.4636332,1.6157386,-0.56016344,265.93744,81.70128,1.8428636,WAL
1914112299000,126.594911,5.71849552045925,-16.8880892008475,6.42876664896028,1.3139712,1.8081611,-0.5751296,266.82227,80.55297,2.4193435,WAL
1914117350000,126.599962,4.92254183504484,-15.2751252529812,5.56736269859072,1.1273518,1.8567249,-0.57604593,267.66776,79.6901,3.0337753,WAL
1914122339000,126.604951,3.97610291891199,-13.4952548837095,4.87989959133734,0.91874135,1.7901406,-0.58123827,268.51382,78.90346,3.6004393,WAL
1914127350000,126.609962,2.93369513333333,-11.5336673333333,4.36063926666667,0.6908886,1.7486018,-0.57360244,269.33807,78.314156,4.1003404,WAL
1914132305000,126.614917,1.8531046488408,-9.49961507109737,3.9401381568779,0.47067168,1.6316211,-0.56138515,270.1075,77.789345,4.5774345,WAL
1914137344000,126.619956,0.838774650947368,-7.16453594908018,3.64888503138219,0.35094208,1.5039502,-0.5006041,270.857,77.37791,4.9566054,WAL
1914142407000,126.625019,-0.143851856105263,-4.70319951610428,3.41515349173635,0.11301007,1.3466524,-0.4089743,271.55222,77.061295,5.3150406,WAL
1914147352000,126.629964,-1.36010228665531,-3.96117081961853,3.2575823010218,-0.12064589,1.1878275,-0.2779437,272.22595,76.82416,5.5733423,WAL
1914152356000,126.634968,-2.71252335962923,-3.99847896068509,3.13166727622616,-0.3408628,1.063211,-0.12858713,272.84982,76.65528,5.7984934,WAL
1914157449000,126.640061,-3.44249817096125,-4.47671425203825,3.15748544140916,-0.5513059,0.9624182,0.02443461,273.4411,76.56119,5.902912,WAL
1914162365000,126.644977,-3.77421139431303,-5.19226712249623,3.27121565407146,-0.7415904,0.82253003,0.17501289,273.97153,76.53141,5.973071,WAL
1914167348000,126.64996,-4.05482816211216,-6.33719605241858,3.5520854513201,-0.9120218,0.6044512,0.31948254,274.3192,76.66881,5.7564507,WAL
1914172357000,126.654969,-4.30443235640779,-7.73313069917132,3.93111379775487,-1.0326678,0.26145032,0.41263947,274.58514,76.84847,5.529001,WAL
1914177358000,126.65997,-4.62422298890701,-9.60142884502447,4.18857950897227,-1.0714576,-0.21960606,0.4596761,274.72885,77.086205,5.2349076,WAL
1914182348000,126.66496,-4.99939604732871,-11.8427218395188,4.34936811521207,-1.0351112,-0.7635816,0.5027421,274.7524,77.33747,4.9417543,WAL
1914187353000,126.669965,-5.3441888848572,-13.7551419384173,3.86188059764974,-0.9138544,-1.2721269,0.5479461,274.64447,77.58054,4.6091814,WAL
1914192419000,126.675031,-5.67135015004958,-15.4583051151329,2.91888604352439,-0.7654142,-1.570229,0.61636305,274.43994,77.80254,4.2811217,WAL
1914197353000,126.679965,-5.73519666668644,-16.6304015055869,2.31640532730149,-0.57635134,-1.5888605,0.6844745,274.13385,78.04452,3.880962,WAL
1914202360000,126.684972,-5.61665835532483,-17.469651545931,1.93234159259369,-0.34880406,-1.3460416,0.7516697,273.81686,78.22573,3.473588,WAL
1914207404000,126.690016,-5.00221771096825,-18.0770563064979,1.93605600745722,0.013439035,-1.0146471,0.74281216,273.42987,78.502785,3.0210142,WAL
1914212438000,126.69505,-4.0009294704777,-18.4966447620413,2.24597864106419,0.54092115,-0.8142834,0.65301496,273.0818,78.64431,2.581185,WAL
1914217350000,126.699962,-2.98624812098197,-17.5679568055236,2.02063652301496,1.0647382,-0.7974846,0.46914452,272.75574,78.7312,2.1930428,WAL
1914222358000,126.70497,-1.91922956018412,-15.4661139010357,1.33535295431531,1.3420709,-0.893085,0.16310102,272.47406,78.70755,1.8757051,WAL
1914227352000,126.709964,-1.13187465613811,-13.0491174311462,0.329447597934386,1.2577715,-0.9221011,-0.15607607,272.26425,78.56987,1.7525376,WAL
1914232350000,126.714962,-0.685988749145403,-10.2332510125557,-1.07606226962333,0.80848014,-0.84971356,-0.27030787,272.0663,78.45424,1.6634921,WAL
1914237331000,126.719943,-0.401508415267989,-7.80915037148356,-1.89249558939887,0.49327368,-0.591623,-0.4392121,271.91907,78.323654,1.8111571,WAL
1914242404000,126.725016,-0.296007566215576,-5.7806566656796,-2.05074690053302,-0.21288654,-0.49663344,-0.56107974,271.7506,78.42881,1.9796956,WAL
1914247309000,126.729921,-0.320183950756436,-4.21840714594059,-1.98652564966337,-0.86254174,-0.6264423,-0.59589905,271.54935,78.70317,2.250142,WAL
1914252366000,126.734978,-0.50719053899604,-3.12034268326733,-1.64128270751485,-1.3390167,-0.88178396,-0.5500842,271.33612,79.1163,2.528932,WAL
1914257368000,126.73998,-0.756660342622077,-2.33150695075466,-1.4521715936865,-1.6578883,-1.1866057,-0.528093,271.10886,79.60377,2.9002302,WAL
1914262368000,126.74498,-1.09204228994377,-1.93944080692513,-1.46634260088784,-1.9034561,-1.5210545,-0.51251596,270.7879,80.179985,3.2684295,WAL
1914267252000,126.749864,-1.388114446794,-1.73112867162347,-1.63709827366985,-2.0977113,-1.7956384,-0.473726,270.42233,80.731094,3.6095464,WAL
1914272350000,126.754962,-1.64502518105632,-1.80249277275385,-2.07479818666927,-2.2317963,-1.9975294,-0.4071417,269.97006,81.30135,3.9419909,WAL
1914277263000,126.759875,-1.91015293026316,-1.97662353190789,-2.47637124572368,-2.286163,-2.1453588,-0.30848694,269.46524,81.84583,4.2941937,WAL
1914282330000,126.764942,-2.21972662894737,-2.37326492805024,-2.84882711142345,-2.2901337,-2.2962425,-0.19730948,268.88464,82.36547,4.6191955,WAL
1914287263000,126.769875,-2.53506826252462,-2.81394901443482,-3.19635270146711,-2.2525656,-2.4553728,-0.06169739,268.17444,82.95501,4.810993,WAL
1914292309000,126.774921,-2.88717720844821,-3.38017808402915,-3.51991214851319,-2.1844542,-2.579684,0.07360926,267.41617,83.49018,4.960155,WAL
1914297283000,126.779895,-3.19981348463218,-3.88291283485524,-3.8314499206075,-2.1169536,-2.6294694,0.21960606,266.57898,84.02943,5.028009,WAL
1914302350000,126.784962,-3.4347265786711,-4.26061629754153,-4.13084906671096,-2.0625865,-2.579684,0.36743546,265.7221,84.48386,5.0418544,WAL
1914307309000,126.789921,-3.62884999837305,-4.63791304059719,-4.37319588965451,-2.0097466,-2.417194,0.5271767,264.8437,84.85567,5.000766,WAL
1914312342000,126.794954,-3.67497884744952,-5.05307297128912,-4.40548603584075,-1.9538525,-2.221106,0.70616025,263.97864,85.098854,4.8971286,WAL
1914317333000,126.799945,-3.71950347775378,-5.49558006661524,-4.40021025825363,-1.8826867,-2.0409007,0.9108001,263.10736,94.77985,4.7058077,WAL
1914322349000,126.804961,-3.75408751576674,-6.19714254807158,-4.08401318451095,-1.8185458,-1.8869628,1.1255192,262.28064,94.81846,4.450367,WAL
1914327328000,126.80994,-3.77199668676182,-6.91554190139006,-3.79946214333427,-1.7733418,-1.8347337,1.2336423,261.46844,94.9776,4.094193,WAL
1914332338000,126.81495,-3.7048545541002,-7.75258100270548,-3.66517769105327,-1.7531832,-1.733941,1.4306464,260.72064,95.25838,3.6497993,WAL
1914337541000,126.820153,-3.62027021518905,-8.6314591678618,-3.54109287985658,-1.7174476,-1.6307048,1.6245961,260.0251,95.562744,3.066157,WAL
1914342285000,126.824897,-3.32410081075619,-9.57426525478053,-3.65462446942634,-1.7012597,-1.4853189,1.7935003,259.3834,95.997665,2.4390612,WAL
1914347245000,126.829857,-2.97524804402139,-10.501795395962,-3.75836201976583,-1.6792686,-1.3048081,1.9443841,258.8207,96.48434,1.745648,WAL
1914352245000,126.834857,-2.4190216680649,-11.1330680980916,-3.78484906687563,-1.6615535,-1.1621711,2.0494528,258.30414,97.06385,1.0290779,WAL
1914357588000,126.8402,-1.8202307240428,-11.8036301040644,-3.80735243112115,-1.6572775,-0.990518,2.1609359,257.87936,97.71398,0.3278662,WAL
1914362349000,126.844961,-1.2204119838013,-12.340780838013,-3.74020849589633,-1.6465873,-0.86376345,2.2275202,257.4972,98.40757,-0.3735388,WAL
1914367673000,126.850285,-0.558493857024595,-12.930676569886,-3.66545242063587,-1.6325374,-0.766025,2.2434027,257.19745,99.10145,-0.96814513,WAL
1914372364000,126.854976,-0.176709407036593,-13.204663425115,-3.6070618054989,-1.5916094,-0.67073005,2.2146919,256.94446,99.79498,-1.5503567,WAL
1914377687000,126.860299,0.249362335694431,-13.5085504484656,-3.53929147200821,-1.5800029,-0.539394,2.149024,256.7727,100.43627,-1.9882263,WAL
1914382351000,126.864963,0.4701728793079,-13.6252048277213,-3.44763436651432,-1.5732834,-0.37293324,2.0308216,256.64066,101.05452,-2.386967,WAL
1914387319000,126.869931,0.705375876879022,-13.7494627514224,-3.35000304145136,-1.5396858,-0.23457226,1.840537,256.5592,101.60247,-2.6518385,WAL
1914392341000,126.874953,0.959637863737486,-13.5908988334513,-2.9796546391445,-1.5280794,-0.17623462,1.6352862,256.4981,102.13272,-2.8700519,WAL
1914397267000,126.879879,1.21247371779755,-13.3762270510668,-2.55985164397816,-1.5039502,-0.13591751,1.4132367,256.46075,102.623184,-3.0204072,WAL
1914402359000,126.884971,1.50780557583149,-12.8529026385809,-2.23672582416851,-1.5161675,-0.13561209,1.178359,256.42984,103.060036,-3.0612376,WAL
1914407369000,126.889981,1.80479804257206,-12.2810808453437,-1.93973335742794,-1.5399913,-0.23273966,0.95264435,256.369,103.46984,-3.0487003,WAL
1914412366000,126.894978,1.96631624207446,-11.5909545281001,-1.7081067552921,-1.5503759,-0.4529566,0.7122689,256.2914,103.797714,-2.9411995,WAL
1914417316000,126.899928,2.06676118658057,-10.8543594670568,-1.50721706605792,-1.5738943,-0.7415904,0.5180137,256.1546,104.121666,-2.8009157,WAL
1914422358000,126.90497,1.92142357318949,-10.0450594793727,-1.45624577142144,-1.5696182,-1.0928379,0.34513888,255.93593,104.3906,-2.5670052,WAL
1914427340000,126.909952,1.67359552342423,-9.22055465308161,-1.47054347940266,-1.5906931,-1.269378,0.26939157,255.67856,104.67089,-2.3224308,WAL
1914432353000,126.914965,1.18649287160772,-8.67292476496522,-1.62014571151171,-1.6221527,-1.6288722,0.102319926,255.25186,104.93948,-2.0270526,WAL
1914437346000,126.919958,0.600902159913785,-8.24661443186049,-1.82627364758499,-1.6771306,-1.9428569,-0.058948494,254.78445,105.224304,-1.7303718,WAL
1914442421000,126.925033,0.113820418269616,-7.88162342289832,-2.2915499722478,-1.7437148,-2.1438315,-0.15790866,254.23946,105.57164,-1.4770707,WAL
1914447357000,126.929969,-0.307229377382906,-7.55992268566854,-2.86871928778022,-1.738217,-2.1621575,-0.1600467,253.65451,105.91622,-1.2229306,WAL
1914452346000,126.934958,-0.623815230246791,-7.46338876982784,-3.42777996714101,-1.6551393,-2.0570886,-0.12095132,253.01955,106.32438,-1.0925634,WAL
1914457426000,126.940038,-0.890086481077719,-7.48275403920788,-3.98452890892626,-1.577254,-1.858252,-0.06658431,252.40668,106.731186,-0.96547586,WAL
1914462420000,126.945032,-1.10115457642322,-7.74362350124965,-4.03271043915579,-1.5164729,-1.591304,-0.009468411,251.80502,107.23207,-0.90867674,WAL
1914467352000,126.949964,-1.2847866828381,-8.11963200444321,-3.83596180588725,-1.4352279,-1.349096,0.040317107,251.25345,107.70177,-0.8551901,WAL
1914472353000,126.954965,-1.44749387770393,-8.43179347861507,-3.52965329335406,-1.3933836,-1.2205088,0.0983493,250.70392,108.249176,-0.8318865,WAL
1914477354000,126.959966,-1.58610761699003,-8.67308408961303,-3.1138121291028,-1.4196508,-1.1688906,0.15088372,250.20023,108.78793,-0.8117713,WAL
1914482347000,126.964959,-1.53401226980097,-8.84201810946385,-2.55998509043461,-1.464244,-1.106277,0.2003638,249.76904,109.27116,-0.86211497,WAL
1914487331000,126.969943,-1.3692227979082,-8.96803365048741,-1.92506068824127,-1.4807373,-1.031446,0.24617869,249.35779,109.74813,-0.9222776,WAL
1914492395000,126.975007,-1.18274230510567,-9.02438763460399,-1.30106490559945,-1.4798211,-1.0192287,0.29077184,248.96606,110.156715,-1.0372909,WAL
1914497350000,126.979962,-0.990605574091448,-9.04313256695635,-0.701223522649615,-1.5076154,-1.0693196,0.29749137,248.57741,110.57244,-1.1542828,WAL
1914502346000,126.984958,-0.811638521785371,-9.04134686333012,-0.34781137901232,-1.5482379,-1.178359,0.3032946,248.21704,110.87848,-1.2664387,WAL
1914507452000,126.990064,-0.637502863835419,-9.02722796246391,-0.136024761138595,-1.5619824,-1.3090842,0.2968805,247.83652,111.18009,-1.3845848,WAL
1914512419000,126.995031,-0.493882452889604,-8.98030444480193,-0.132715705510557,-1.5338826,-1.3942999,0.3023783,247.48157,111.379715,-1.4700778,WAL
1914517353000,126.999965,-0.370360323458677,-8.90904172933843,-0.279992087319525,-1.4388931,-1.4074335,0.31520647,247.1114,111.56086,-1.5614345,WAL
1914522352000,127.004964,-0.305441157108504,-8.86710659794722,-0.410974203812317,-1.3115277,-1.3842206,0.32711834,246.75244,111.68762,-1.6174431,WAL
1914527356000,127.009968,-0.286703197296188,-8.8483687457478,-0.528086489325513,-1.1731668,-1.2889256,0.32742378,246.4102,111.78208,-1.6668985,WAL
1914532334000,127.014946,-0.312955771951542,-8.79913197495673,-0.594250480495775,-1.097114,-1.1490375,0.33353242,246.0954,111.8833,-1.690418,WAL
1914537360000,127.019972,-0.381556235891276,-8.72073138918864,-0.61385059623842,-0.956615,-1.0201449,0.34391713,245.80446,111.92561,-1.7056371,WAL
1914542371000,127.024983,-0.48174498396787,-8.65507844982096,-0.632854262928482,-0.86590147,-0.89552844,0.35796702,245.5556,111.9834,-1.698623,WAL
1914547360000,127.029972,-0.606590119744508,-8.59959157688958,-0.651349856660215,-0.79626286,-0.81581056,0.36377025,245.33022,112.00673,-1.6831341,WAL
1914552373000,127.034985,-0.750224320283861,-8.55571618291193,-0.654145702624307,-0.7699956,-0.77396625,0.37507126,245.12744,112.02731,-1.6809593,WAL
1914557412000,127.040024,-0.913517001456904,-8.52396513083936,-0.640537953932701,-0.77091193,-0.74036866,0.376293,244.94406,112.03566,-1.6697036,WAL
1914562471000,127.045083,-1.04788033443508,-8.48844179371873,-0.65510766768699,-0.79198676,-0.7476991,0.3885103,244.75537,112.05372,-1.6913337,WAL
1914567619000,127.050231,-1.13552439042665,-8.44624263306558,-0.71678311085528,-0.8222246,-0.75777835,0.41172317,244.57684,112.074745,-1.7122502,WAL
1914572360000,127.054972,-1.21623932233342,-8.40737973084014,-0.773582504029497,-0.8790351,-0.8045095,0.43127087,244.37837,112.115005,-1.7746866,WAL
1914577318000,127.05993,-1.31429928121547,-8.41141221463251,-0.906610764995815,-0.9398162,-0.8445212,0.4578435,244.18272,112.16525,-1.8441978,WAL
1914582282000,127.064894,-1.44164370773481,-8.51089998292315,-1.19711523124058,-1.0036516,-0.8848383,0.5036584,243.97919,112.23289,-1.9276688,WAL
1914587281000,127.069893,-1.56988600994475,-8.61108921613929,-1.48966797635694,-1.0522153,-0.91232723,0.54519725,243.76,112.33679,-2.0484583,WAL
1914592350000,127.074962,-1.60687034771574,-8.7681855962974,-1.54873174577486,-1.1007792,-0.9398162,0.591623,243.53566,112.45893,-2.1850426,WAL
1914597324000,127.079936,-1.63531767208122,-8.92701645147805,-1.58666152809794,-1.1490375,-0.95722586,0.63194007,243.31058,112.59433,-2.3307257,WAL
1914602359000,127.084971,-1.6641138679357,-9.08779517199164,-1.62505647260874,-1.1716396,-0.9691377,0.6737844,243.06699,112.792854,-2.5159574,WAL
1914607331000,127.089943,-1.69254975389171,-9.24656216273515,-1.66297100371255,-1.183246,-0.9966267,0.70738196,242.81793,113.00065,-2.7106905,WAL
1914612318000,127.09493,-1.74219080586834,-9.56689621026418,-1.42617487334344,-1.1936307,-1.0488557,0.7293731,242.56226,113.213104,-2.9147096,WAL
1914617432000,127.100044,-1.79870050346843,-9.91383166212003,-1.15169132162899,-1.1893547,-1.0977248,0.72418076,242.30058,113.42247,-3.1201987,WAL
1914622318000,127.10493,-1.88987795715121,-10.2694238314497,-0.846246773246298,-1.1933253,-1.1145236,0.7189884,242.04234,113.630585,-3.3355877,WAL
1914627568000,127.11018,-1.98708405899281,-10.6476182446043,-0.520041297266187,-1.1994339,-1.1508701,0.70249504,241.7698,113.77439,-3.5551143,WAL
1914632316000,127.114928,-2.06326440179363,-10.9299330986498,-0.255650824046516,-1.2125676,-1.1523973,0.69058317,241.50188,113.920685,-3.7688167,WAL
1914637638000,127.12025,-2.14674266723929,-11.2422445232938,0.0337284921407898,-1.2024882,-1.1530081,0.6750061,241.22504,113.985756,-3.9873505,WAL
1914642352000,127.124964,-2.18046130056951,-11.4319122758846,0.143314129683503,-1.1664472,-1.1695015,0.6722572,240.94377,114.04892,-4.2040834,WAL
1914647253000,127.129865,-2.21551752075436,-11.6291039719914,0.257246927646345,-1.0931433,-1.1942415,0.6740898,240.66287,114.03809,-4.420985,WAL
1914652359000,127.134971,-2.18583166961162,-11.6285635531179,0.141774410554403,-0.96577793,-1.2272283,0.698219,240.37805,114.007126,-4.641355,WAL
1914657372000,127.139984,-2.14313214538986,-11.5858641279771,-0.019535018106137,-0.782213,-1.2819008,0.7293731,240.08237,113.94486,-4.8647738,WAL
1914662411000,127.145023,-1.90037083376866,-11.4999406716418,-0.584435389477612,-0.54183745,-1.3432927,0.75411314,239.77794,113.80446,-5.092689,WAL
1914667244000,127.149856,-1.62692256912313,-11.4087909328358,-1.20808924005224,-0.29626966,-1.3151928,0.7669413,239.48552,113.62041,-5.31611,WAL
1914672301000,127.154913,-1.10262925033916,-11.3400386357122,-1.94907285974969,-0.023823744,-1.1936307,0.7504479,239.20804,113.39746,-5.5234604,WAL
1914677258000,127.15987,-0.553843554800803,-11.2765424350817,-2.68834616265406,0.22540927,-0.9755518,0.7104363,238.96341,113.12137,-5.7085066,WAL
1914682346000,127.164958,0.247889631144683,-11.0446508140616,-3.29661397327135,0.4196644,-0.70554936,0.6462954,238.78381,112.876884,-5.80858,WAL
1914687290000,127.169902,1.09158351841952,-10.7741188303312,-3.84684895061011,0.535118,-0.36377025,0.5919284,238.67902,112.59117,-5.867099,WAL
1914692386000,127.174998,1.70272796557246,-10.5522112930344,-3.92525612057646,0.52839845,-0.024740042,0.52290064,238.69412,112.37823,-5.7534847,WAL
1914697277000,127.179889,2.19494348166533,-10.3600133979183,-3.82212533258607,0.41905355,0.22357668,0.43463063,238.76617,112.16309,-5.598824,WAL
1914702317000,127.184929,2.29087043514967,-10.586924577169,-3.31959615950279,0.17867808,0.3631594,0.28405234,238.96231,112.04706,-5.1731586,WAL
1914707397000,127.190009,2.22669459669203,-10.9818516639269,-2.65809196183663,-0.10995574,0.34880406,0.109650314,239.16208,111.97786,-4.723203,WAL
1914712355000,127.194967,1.77790009201435,-11.5201076963608,-1.73779131748847,-0.37507126,0.21380283,-0.06383542,239.38449,111.94908,-4.1212077,WAL
1914717294000,127.199906,1.21544160770887,-12.1019613881087,-0.738942690948232,-0.56291234,0.11148291,-0.20769419,239.58554,111.98708,-3.4992125,WAL
1914722310000,127.204922,0.50120837885516,-12.3348440043365,-0.0250840976409367,-0.6591236,-0.1328632,-0.26267207,239.70781,111.9586,-2.936831,WAL
1914727324000,127.209936,-0.248423870178279,-12.4782926260962,0.613491525485208,-0.66767573,-0.40286562,-0.3381139,239.77504,111.966484,-2.3624017,WAL
1914732316000,127.214928,-0.791543503953144,-12.3961778731712,0.709424026849545,-0.62858033,-0.6059783,-0.37598756,239.77768,111.82121,-1.9463171,WAL
1914737289000,127.219901,-1.25762891797153,-12.2313998090154,0.605849469098458,-0.5207626,-0.7079928,-0.38362336,239.7349,111.669464,-1.5471505,WAL
1914742377000,127.224989,-1.37785334135888,-12.2224189298835,0.255628666055698,-0.39187005,-0.67164636,-0.3549127,239.62526,111.41204,-1.319195,WAL
1914747351000,127.229963,-1.34962802812562,-12.2788698510764,-0.186568991870433,-0.26542094,-0.52687126,-0.32345316,239.52411,111.134346,-1.0935729,WAL
1914752358000,127.23497,-1.10710944776105,-12.6503303922842,-0.390512413555752,-0.108123146,-0.312763,-0.2764165,239.41075,110.852135,-0.9720338,WAL
1914757407000,127.240019,-0.764482002145458,-13.1690302966243,-0.485686684680642,0.055283304,-0.11575896,-0.26725355,239.33731,110.53959,-0.8371957,WAL
1914762347000,127.244959,-0.441061416081159,-13.614869527022,-0.318661711669773,0.23915374,0.06078109,-0.2864958,239.30328,110.24282,-0.6992153,WAL
1914767312000,127.249924,-0.12206056996161,-14.0313429057026,-0.0173831614834141,0.41783184,0.1301143,-0.3399465,239.29575,109.90818,-0.5477638,WAL
1914772297000,127.254909,0.19904340970962,-14.4366089665999,0.154167320445685,0.6047566,0.12858713,-0.41447207,239.35297,109.50849,-0.31076145,WAL
1914777329000,127.259941,0.524003020555263,-14.8326529746075,0.194787266963439,0.78954333,0.11789699,-0.4978552,239.42532,109.07078,-0.056950126,WAL
1914782311000,127.264923,0.871504817845659,-15.0920463721865,0.0541736245136656,0.960891,0.14782938,-0.57818395,239.56274,108.527275,0.28820956,WAL
1914787297000,127.269909,1.23615476551447,-15.264775801045,-0.204919802337219,1.1325442,0.20066923,-0.6747007,239.70096,107.95246,0.6515731,WAL
1914792332000,127.274944,1.50257688609813,-15.2865079503505,-0.372524927961449,1.3185526,0.26236662,-0.7663304,239.88704,107.32882,1.0881948,WAL
1914797317000,127.279929,1.70242472079439,-15.2121454552181,-0.479420264926012,1.4877623,0.27122417,-0.8872818,240.06882,106.693115,1.5452409,WAL
1914802350000,127.284962,1.77511171564045,-15.0427281375933,-0.524099190728207,1.6380352,0.22418754,-1.0311406,240.24536,106.07261,2.074433,WAL
1914807387000,127.289999,1.74704708330263,-14.7995020403374,-0.519421730840687,1.7828102,0.15088372,-1.1826351,240.41121,105.4506,2.6202722,WAL
1914812384000,127.294996,1.62223768259576,-14.4430356638155,-0.433207138609148,1.953547,0.08002335,-1.3078625,240.57072,104.855064,3.2140064,WAL
1914817314000,127.299926,1.40715130708442,-13.9821361240238,-0.270794980502045,2.1704042,0.032375857,-1.4178182,240.71057,104.26588,3.8227534,WAL
1914822285000,127.304897,1.09224517500107,-13.4864237035768,-0.131552387572178,2.454762,-0.040317107,-1.4587462,240.79102,103.669556,4.414709,WAL
1914827323000,127.309935,0.580728003503962,-12.9232381032341,-0.0385492636670593,2.591596,-0.06994407,-1.5512923,240.8649,103.133026,5.034489,WAL
1914832311000,127.314923,0.0684950131452942,-12.5323499582243,-0.00810459477541921,2.8851166,-0.087964594,-1.6426166,240.90582,102.53227,5.614572,WAL
1914837295000,127.319907,-0.449664331904623,-12.3241605923234,-0.0451159792561791,3.147483,-0.06627888,-1.7076738,240.95517,101.99431,6.2003007,WAL
1914842322000,127.324934,-1.01109848271873,-12.3034845166822,-0.231251051637228,3.3585372,-0.012217305,-1.7681495,240.97264,101.46252,6.7309093,WAL
1914847317000,127.329929,-1.6238123428055,-12.5505468857556,-0.626550300397686,3.4645221,0.10934488,-1.8154916,241.02724,101.00339,7.2694654,WAL
1914852313000,127.334925,-2.22857242780967,-12.8863849604943,-1.19545054153936,3.465744,0.33536503,-1.8298469,241.09628,100.58319,7.728159,WAL
1914857406000,127.340018,-2.83606082924978,-13.3277632614576,-1.96904914257079,3.3298264,0.6105598,-1.8167132,241.23065,100.283066,8.187933,WAL
1914862296000,127.344908,-3.41004129755424,-13.7227911472212,-2.61526304432813,3.069598,0.79168135,-1.7742581,241.33977,100.06384,8.546751,WAL
1914867313000,127.349925,-3.98616444381424,-14.0885838256566,-3.14566202223068,2.8295279,0.8979719,-1.6991217,241.52342,99.93944,8.889263,WAL
1914872292000,127.354904,-4.56917446865344,-14.4406592224426,-3.5840348943215,2.6340508,0.94897914,-1.6227635,241.6582,99.87217,9.121785,WAL
1914877324000,127.359936,-5.1828737744572,-14.77266039238,-3.83555106267223,2.4920247,0.9673051,-1.5286902,241.82657,99.847015,9.324561,WAL
1914882250000,127.364862,-5.81987702876464,-15.039953310982,-3.97145587819792,2.3893993,0.9398162,-1.430341,241.93695,99.79582,9.4169655,WAL
1914887293000,127.369905,-6.52828331545862,-15.2239553244119,-3.93925560990571,2.296548,0.88361657,-1.3741413,242.0534,99.76424,9.4952545,WAL
1914892334000,127.374946,-7.46412634750462,-15.498719900801,-3.86990326863832,2.214081,0.7706065,-1.412015,242.12804,99.68743,9.494203,WAL
1914897320000,127.379932,-8.90084240110906,-15.9743555255699,-3.71789580653112,2.0769417,0.6533204,-1.6676621,242.19177,99.681694,9.544603,WAL
1914902262000,127.384874,-9.88132263083284,-16.1662678663123,-3.69514652195314,1.8500054,0.7687739,-2.0485365,242.20837,99.6767,9.581387,WAL
1914907332000,127.389944,-10.0438396391022,-15.8316738202402,-3.91502270919472,1.5668694,0.97066486,-2.251344,242.223,99.71484,9.646902,WAL
1914912251000,127.394863,-9.91447715799367,-15.2088814518203,-3.82658986362287,1.3200798,0.9605856,-2.2208006,242.26057,99.63227,9.584249,WAL
1914917315000,127.399927,-9.1468167408983,-13.9086563667392,-3.0685251453799,1.2486086,0.90316427,-2.079996,242.34578,99.595474,9.562061,WAL
1914922285000,127.404897,-8.32755955255583,-12.7360518551861,-2.45260064936973,1.2495248,0.79137594,-1.9764545,242.29678,99.607185,9.57807,WAL
1914927354000,127.409966,-7.33498042421836,-11.7868377073945,-2.12977156082382,1.3118331,0.73456544,-1.7641789,242.2496,99.55882,9.533228,WAL
1914932285000,127.414897,-6.36366925587013,-11.0091760996232,-1.98691121383709,1.4046847,0.8753699,-1.6389514,242.30164,99.6066,9.592353,WAL
1914937355000,127.419967,-5.35026179283023,-10.5822315416948,-2.27779659725577,1.5228871,1.1936307,-1.568091,242.38959,99.61263,9.60725,WAL
1914942359000,127.424971,-4.35386999254602,-10.2337172772357,-2.54343741414345,1.6313156,1.6325374,-1.5155567,242.5871,99.70832,9.708238,WAL
1914947357000,127.429969,-3.37163131804647,-10.132604434061,-2.73603336575797,1.8017471,2.0341814,-1.4929546,242.86827,80.20266,9.792796,WAL
1914952329000,127.434941,-2.30512011359825,-9.96785925670574,-2.58925244928273,2.0442605,2.2617285,-1.4767667,243.04651,79.94115,10.040464,WAL
1914957380000,127.439992,-0.925933378739321,-9.58822236340155,-1.32059281942579,2.262034,2.2763894,-1.425454,243.2823,79.69056,10.26433,WAL
1914962345000,127.444957,0.158739927736358,-9.29961403328003,-0.410519222548471,2.4278839,2.2278256,-1.3045027,243.49178,79.330185,10.588167,WAL
1914967354000,127.449966,0.312152594660704,-9.30201115465721,-0.662211896077354,2.5314255,2.1563544,-1.187522,243.7015,78.976265,10.890296,WAL
1914972309000,127.454921,0.46391138176594,-9.30438243363982,-0.911191172846292,2.5592198,2.13925,-1.0564915,244.10162,78.4771,11.272349,WAL
1914977358000,127.45997,0.618549144852588,-9.30679869753148,-1.16489376990106,2.4966063,2.1578815,-0.94806284,244.49252,77.98537,11.61755,WAL
1914982338000,127.46495,0.772995278566599,-9.21309522718053,-1.41073684144692,2.4007003,2.207056,-0.8481864,244.85564,77.500755,11.93084,WAL
1914987333000,127.469945,0.934713192069931,-8.77876760185453,-1.64176237013426,2.2797492,2.3457224,-0.78801614,245.2503,77.03066,12.213692,WAL
1914992363000,127.474975,1.07561063499694,-8.33999955958444,-1.85980456853738,2.2036965,2.473088,-0.6740898,245.4299,76.5319,12.571616,WAL
1914997354000,127.479966,1.09508417698106,-7.89697586942351,-1.99611951493176,2.1810944,2.4959953,-0.5702427,245.62411,76.05639,12.905194,WAL
1915002345000,127.484957,1.06585533264108,-7.45743948347474,-2.13516694125888,2.13925,2.4871378,-0.4810564,245.65787,75.531685,13.333477,WAL
1915007412000,127.490024,0.821694934023283,-7.02656826825178,-2.2883656066693,2.1084013,2.4199426,-0.40744713,245.69275,75.04128,13.72496,WAL
1915012315000,127.494927,0.569958444848202,-6.6175973165779,-2.42456262782956,2.0564778,2.3487768,-0.35613444,245.57079,74.50783,14.192739,WAL
1915017331000,127.499943,0.22729203454727,-6.24294853628495,-2.49766464966711,1.999362,2.316401,-0.3005457,245.46053,74.01272,14.6220875,WAL
1915022362000,127.504974,-0.118487589714061,-5.8772402636685,-2.5643120519835,1.96271,2.2510383,-0.27458394,245.42387,73.61516,14.942723,WAL
1915027307000,127.509919,-0.490501015727416,-5.67263292539277,-2.52711078396504,1.9013181,2.1633792,-0.23823744,245.37982,73.25181,15.237701,WAL
1915032565000,127.515177,-0.877151764704822,-5.46032141305994,-2.48276573380802,1.8442022,2.0665572,-0.20861048,245.40254,72.98362,15.410285,WAL
1915037307000,127.519919,-1.10227363084272,-5.34162092561514,-2.37634452607481,1.7779233,1.9706513,-0.20341812,245.40402,72.73068,15.578455,WAL
1915042337000,127.524949,-1.34106801858495,-5.2157112984858,-2.26345994680487,1.715615,1.8729129,-0.21227567,245.42085,72.53676,15.674648,WAL
1915047317000,127.529929,-1.5283598250941,-5.05826042697616,-2.13434220476788,1.6203201,1.7773124,-0.22937989,245.41321,72.357414,15.772341,WAL
1915052287000,127.534899,-1.70292554674259,-4.89288227390213,-2.00112097341955,1.5351044,1.670411,-0.22449298,245.37589,72.19162,15.867479,WAL
1915057344000,127.539956,-1.87030467456769,-4.69131858679882,-1.94116746292704,1.4434745,1.599856,-0.22357668,245.3511,72.051216,15.926929,WAL
1915062265000,127.544877,-2.02931762625474,-4.4826140163644,-1.91135255394348,1.3445144,1.5598444,-0.21838433,245.30583,71.92867,15.984021,WAL
1915067315000,127.549927,-2.13892085436184,-4.33709517320381,-1.92481016545157,1.2513574,1.541213,-0.22632557,245.2723,71.81649,16.019968,WAL
1915072318000,127.55493,-2.23569572586323,-4.20806218764067,-1.94785177860921,1.1450669,1.5534303,-0.24312437,245.23816,71.72168,16.054607,WAL
1915077326000,127.559938,-2.26752584625542,-4.12739136754694,-1.80197983586755,1.0393872,1.5705346,-0.2519819,245.24533,71.6661,16.047806,WAL
1915082270000,127.564882,-2.27729430080462,-4.06389610697339,-1.60172636460697,0.93615097,1.5809193,-0.2843578,245.25647,71.61725,16.050194,WAL
1915087307000,127.569919,-2.30946173592575,-4.02835283593552,-1.33088420675134,0.82619524,1.5943583,-0.30818152,245.32132,71.62509,15.987545,WAL
1915092362000,127.574974,-2.3473011890767,-3.99997341893503,-1.04235893210552,0.6951646,1.5858061,-0.33658674,245.38364,71.64315,15.934545,WAL
1915097320000,127.579932,-2.40880696093609,-4.00812488379838,-0.756062036258626,0.56779927,1.5781704,-0.35705075,245.4443,71.63164,15.903191,WAL
1915102309000,127.584921,-2.47809298946895,-4.02723823226823,-0.466972056257126,0.42241332,1.5836681,-0.38789943,245.50742,71.63378,15.880885,WAL
1915107333000,127.589945,-2.54786508955896,-4.04648566917192,-0.175853984593959,0.2779437,1.5882497,-0.4025602,245.51892,71.573235,15.909896,WAL
1915112336000,127.594948,-2.61734554671467,-4.0656526530153,0.114047232072207,0.13469578,1.5851953,-0.42852196,245.53352,71.526054,15.947341,WAL
1915117307000,127.599919,-2.64415838475722,-4.09472768333816,0.38215147287383,0.008552114,1.5778649,-0.43951756,245.56564,71.513855,15.95455,WAL
1915122299000,127.604911,-2.65800351050294,-4.12703308918815,0.645209955955208,-0.05681047,1.5711454,-0.44776422,245.5982,71.51003,15.9654875,WAL
1915127327000,127.609939,-2.63326602749439,-4.12425303402906,0.876500605569102,-0.18051068,1.5509869,-0.4633413,245.64502,71.444214,15.988547,WAL
1915132310000,127.614922,-2.59137675122403,-4.1056355293085,1.09060154535258,-0.2938262,1.5125023,-0.4728097,245.68655,71.38907,16.010088,WAL
1915137303000,127.619915,-2.51436085607704,-3.99690265076533,1.26107084975165,-0.41416663,1.4520267,-0.47342056,245.8688,71.396484,15.940498,WAL
1915142329000,127.624941,-2.41677743604663,-3.83589009177902,1.40744595432337,-0.5363397,1.3652838,-0.47158796,246.02853,71.419106,15.87617,WAL
1915147315000,127.629927,-2.2677163643119,-3.64065254897454,1.47463273573764,-0.65148777,1.2730432,-0.46181414,246.2572,71.46522,15.771858,WAL
1915152340000,127.634952,-2.0913001798276,-3.4260925170217,1.50324073335975,-0.7788532,1.169807,-0.441961,246.45117,71.53354,15.669918,WAL
1915157323000,127.639935,-1.96311647318008,-3.25723867506631,1.49176427439827,-0.91629785,1.0662653,-0.419359,246.67609,71.60766,15.560816,WAL
1915162320000,127.644932,-1.85968623141762,-3.11149593448276,1.45885471673052,-1.0442741,0.9642508,-0.39278635,246.86443,71.70445,15.4509945,WAL
1915167315000,127.649927,-1.8166766727318,-3.00833526370879,1.4402646454636,-1.187522,0.8472701,-0.355829,247.0458,71.806694,15.355752,WAL
1915172310000,127.654922,-1.81191259385519,-2.9321100016831,1.43073648771039,-1.321607,0.7476991,-0.30390546,247.19522,71.93587,15.25362,WAL
1915177330000,127.659942,-1.876588273126,-2.90756131698565,1.48772719569378,-1.4731015,0.6356053,-0.26328292,247.31165,72.08329,15.163417,WAL
1915182311000,127.664923,-1.98595304949163,-2.91707124357057,1.58758194617225,-1.6184875,0.5045747,-0.21319197,247.38531,72.26288,15.062132,WAL
1915187313000,127.669925,-2.09493470400472,-3.05022943736102,1.76860430176129,-1.7437148,0.36682457,-0.15882497,247.4176,72.469986,14.949486,WAL
1915192374000,127.674986,-2.20462369963593,-3.26960747842173,2.00705867256716,-1.8820758,0.20372356,-0.10720685,247.3966,72.709045,14.830969,WAL
1915197318000,127.67993,-2.31177085762495,-3.59037371386265,2.31984111928375,-2.0005836,0.03145956,-0.034208454,247.3396,72.98506,14.675735,WAL
1915202359000,127.684971,-2.42101558671783,-3.99885426617473,2.69982281157025,-2.1105394,-0.16401732,0.027183503,247.22043,73.28579,14.517318,WAL
1915207366000,127.689978,-2.55070205048988,-4.59901941097322,3.13690775048988,-2.1923954,-0.36468655,0.13775012,247.09613,73.64905,14.279378,WAL
1915212364000,127.694976,-2.69808853278903,-5.3627492544742,3.62372983278903,-2.2247713,-0.4538729,0.23365596,246.93845,74.02843,14.032187,WAL
1915217249000,127.699861,-2.76899324475183,-6.37952739034445,4.14094429224302,-2.1728477,-0.59864795,0.30543262,246.75507,74.42903,13.726351,WAL
1915222316000,127.704928,-2.72073525768918,-7.8843015133713,4.74636375400054,-2.1065688,-0.63499445,0.42302418,246.56352,74.86412,13.381856,WAL
1915227255000,127.709867,-2.56112816691505,-9.56230379199489,5.49180847977432,-1.8606955,-0.50732356,0.49021935,246.44563,75.29803,12.95273,WAL
1915232318000,127.71493,-1.81786844873323,-12.3701743893975,7.05575053172238,-1.4178182,-0.37720928,0.5467244,246.30261,75.71622,12.502226,WAL
1915237320000,127.719932,-0.930498421816814,-14.6825604475268,8.608912450489,-0.6979135,-0.4089743,0.47036624,246.20296,76.032845,12.022888,WAL
1915242422000,127.725034,0.342255115064886,-15.9323398233026,10.2124903856968,0.20250183,-0.5149594,0.18661933,246.10968,76.19743,11.602183,WAL
1915247368000,127.72998,1.64131065246982,-17.0417750265747,11.4614936309971,0.9596693,-0.51251596,-0.23060162,246.18375,75.99719,11.3236,WAL
1915252370000,127.734982,3.24958272324779,-17.7025752994218,11.3448814301653,1.3939945,-0.2003638,-0.54000485,246.29895,75.63268,11.105494,WAL
1915257368000,127.73998,4.48540485005641,-18.0410054230914,10.7799476406544,1.5995506,0.3381139,-0.6462954,246.68008,74.743996,11.177406,WAL
1915262352000,127.744964,4.3193611749906,-17.1659104294848,8.52713980989094,1.5848899,0.9960158,-0.6282749,247.15726,73.80337,11.265564,WAL
1915267349000,127.749961,4.07412927516643,-16.2076153132943,6.37833786022796,1.4559973,1.4355333,-0.61117065,247.669,72.72533,11.603119,WAL
1915272351000,127.754963,2.89998429558201,-14.2941944107323,5.52309641485778,1.2718215,1.6505579,-0.5897904,248.2714,71.732544,11.872849,WAL
1915277324000,127.759936,1.74985628235561,-12.3694680206338,4.71889909399743,1.0531317,1.7076738,-0.5684101,248.67406,71.06775,12.105775,WAL
1915282327000,127.764939,0.765963007853688,-10.2077405742423,4.37359019658407,0.8539896,1.6869044,-0.55863625,249.10544,70.46937,12.308873,WAL
1915287374000,127.769986,-0.202104235715844,-8.0525227652786,4.04957233224271,0.7113526,1.6169603,-0.54702985,249.51404,70.05242,12.36385,WAL
1915292306000,127.774918,-0.848359212741424,-6.25893108794368,4.0308404143367,0.5555819,1.5247196,-0.5030475,249.90332,69.69826,12.407376,WAL
1915297447000,127.780059,-1.5097301791747,-4.45476995298882,4.00902560509063,0.3643811,1.3955216,-0.4373795,250.31296,69.42555,12.349959,WAL
1915302346000,127.784958,-1.98468794577709,-3.56365890407829,3.9592681643656,0.12767084,1.2592987,-0.34513888,250.68718,69.21173,12.280892,WAL
1915307606000,127.790218,-2.48996214897041,-2.63559211445422,3.90381913028789,-0.11362094,1.1023064,-0.21930063,251.08127,69.0225,12.144595,WAL
1915312346000,127.794958,-2.79851838107757,-2.6991182539984,3.79037933140744,-0.33964106,1.0512991,-0.0852157,251.45724,68.898285,11.982861,WAL
1915317682000,127.800294,-3.14276977759843,-2.79470112826087,3.66850404586677,-0.58123827,0.9266826,0.03176499,251.76775,68.83723,11.777094,WAL
1915322352000,127.804964,-3.38061730446912,-3.37054258478261,3.68102232987498,-0.7788532,0.86101454,0.09254608,252.07156,68.826645,11.550781,WAL
1915327310000,127.809922,-3.63313294434596,-3.98189631956522,3.69431261940661,-0.88789266,0.7107417,0.20891592,252.26819,68.92529,11.246411,WAL
1915332336000,127.814948,-3.82449766768423,-5.24598488030333,3.88620495507486,-1.110553,0.44043383,0.3115413,252.4049,69.10004,10.948377,WAL
1915337271000,127.819883,-3.99909792930196,-6.61981355510402,4.11134732193272,-1.314582,0.032375857,0.37384954,252.45062,69.302666,10.658083,WAL
1915342414000,127.825026,-4.29979374054081,-8.9020203829614,4.51928515768999,-1.4672983,-0.52473325,0.40378192,252.34818,69.62876,10.310486,WAL
1915347271000,127.829883,-4.61774615275432,-11.3006901126659,4.95413181109771,-1.4877623,-1.2476922,0.4382958,252.07574,69.976135,9.996699,WAL
1915352366000,127.834978,-4.83993643205839,-13.3386744741606,4.29427093927007,-1.3820826,-1.9822577,0.43127087,251.60379,70.4014,9.655829,WAL
1915357334000,127.839946,-5.02515309378102,-15.1908425418978,3.33577378773723,-1.2061534,-2.5247061,0.46883908,250.97505,70.819046,9.338946,WAL
1915362357000,127.844969,-5.21228581695253,-16.3967881194655,2.0235521645373,-0.9807441,-2.6038132,0.55863625,250.20563,71.31626,8.915597,WAL
1915367290000,127.849902,-5.3960167498205,-17.3389980063821,0.610237796569605,-0.7101309,-2.1197023,0.6542367,249.44174,71.75228,8.487141,WAL
1915372353000,127.854965,-4.90226042618577,-17.9557364550395,0.70677684173913,-0.21899518,-1.4556919,0.6301075,248.51321,72.33259,8.005444,WAL
1915377312000,127.859924,-4.15610135505929,-18.425018091502,1.39662203808696,0.5326745,-1.0519099,0.49754974,247.66164,72.748116,7.529797,WAL
1915382349000,127.864961,-3.00044374974242,-17.5767583595205,1.30910410049534,1.2556335,-1.058324,0.21594086,246.70982,73.255844,7.0941687,WAL
1915387337000,127.869949,-1.6848291992768,-16.1664959901922,0.88318572831385,1.5488489,-1.3084733,-0.22449298,245.84964,73.609856,6.7562556,WAL
1915392325000,127.874937,-0.848520055133489,-13.2152324102122,-0.61531399611207,1.3121386,-1.3292428,-0.6072,245.18121,73.73849,6.581512,WAL
1915397374000,127.879986,-0.230053350703482,-9.49461554583291,-2.64251040650695,0.6606508,-0.93279123,-0.73823065,244.5887,73.86883,6.461996,WAL
1915402378000,127.88499,-0.0641227249003483,-6.78751866099071,-3.14161139534636,-0.16798794,-0.54458636,-0.7770206,244.01942,73.98192,6.6538663,WAL
1915407422000,127.890034,-0.0734697478314628,-4.44608917616099,-3.04814108795472,-0.8949176,-0.67073005,-0.75900006,243.42932,74.22396,6.865555,WAL
1915412342000,127.894954,-0.343616220644919,-2.98601044181344,-2.74647539585201,-1.4239268,-0.8445212,-0.6453791,242.89987,74.71543,7.094012,WAL
1915417364000,127.899976,-0.759651862001042,-1.93840260885878,-2.32542735674831,-1.5968018,-1.1829406,-0.57451874,242.28925,75.27994,7.3359313,WAL
1915422346000,127.904958,-1.24052161851852,-1.37162634660494,-2.23237137978395,-1.8060231,-1.4498887,-0.44409904,241.75345,75.88443,7.527199,WAL
1915427363000,127.909975,-1.75027785208333,-0.977723811284722,-2.26017619574653,-1.9602666,-1.6588045,-0.3359759,241.13135,76.50662,7.7105737,WAL
1915432354000,127.914966,-2.09748945246296,-0.84903358742491,-2.56460893828594,-2.0451767,-1.7907515,-0.21777347,240.50755,77.10649,7.8153114,WAL
1915437335000,127.919947,-2.36016603819583,-0.858585457829395,-3.01354719638566,-2.076331,-1.8319849,-0.09560041,239.83957,77.73286,7.8820744,WAL
1915442360000,127.924972,-2.62815854361308,-1.1140497816545,-3.33066048004401,-2.0726657,-1.8887954,0.054367006,239.10513,78.431,7.8260517,WAL
1915447357000,127.929969,-2.89622867429229,-1.49700707549265,-3.57479579547864,-2.042428,-2.046704,0.21624629,238.32,79.14371,7.7218113,WAL
1915452382000,127.934994,-3.18284165235622,-2.05079232400604,-3.86221248085749,-1.9996674,-2.264783,0.36682457,237.43056,79.96708,7.5106916,WAL
1915457389000,127.940001,-3.47718672247615,-2.68929466687128,-4.17014264986306,-1.9581286,-2.4669793,0.47891834,236.49548,80.794,7.2486033,WAL
1915462354000,127.944966,-3.65078638688866,-3.25532104649324,-4.48432728355879,-1.9022343,-2.5906794,0.56413406,235.46231,81.69873,6.875283,WAL
1915467356000,127.949968,-3.72555717814776,-3.76874751082206,-4.80833430593132,-1.8579466,-2.5757134,0.67103547,234.4126,82.60007,6.442967,WAL
1915472347000,127.954959,-3.69597378802088,-4.25837699295636,-4.90880170485666,-1.815797,-2.5051584,0.7834347,233.27438,83.570206,5.8950334,WAL
1915477359000,127.959971,-3.6014039493843,-4.73595502369225,-4.87097372002758,-1.7715092,-2.4028385,0.92271197,232.16092,84.49814,5.287166,WAL
1915482345000,127.964957,-3.57374942786248,-5.46856284588939,-4.64586777333333,-1.724778,-2.3133466,1.0888673,231.03526,85.38423,4.59462,WAL
1915487327000,127.969939,-3.59276751160937,-6.38143156078725,-4.28927835555556,-1.7195857,-2.2510383,1.2547172,229.95222,93.89549,3.8462443,WAL
1915492326000,127.974938,-3.54931137755645,-7.47646982501726,-4.08561236257765,-1.7223345,-2.1810944,1.4095715,228.91069,93.47593,3.0696695,WAL
1915497348000,127.97996,-3.45920191036387,-8.70954613198896,-3.9955030439503,-1.7577647,-2.046704,1.5735888,227.93042,93.44982,2.2362885,WAL
1915502385000,127.984997,-3.21093988877005,-9.94190707126884,-4.0826090164317,-1.8127426,-1.8017471,1.7644843,226.98116,93.7771,1.392625,WAL
1915507396000,127.990008,-2.83766326363636,-11.1643883900826,-4.31124094628099,-1.8219056,-1.5012014,1.9495764,226.10902,94.39505,0.5104797,WAL
1915512348000,127.99496,-2.3916703655529,-12.259173868934,-4.31863127309069,-1.8197676,-1.387275,2.0201313,225.20796,95.15261,-0.31250143,WAL
1915517375000,127.999987,-1.86026327613365,-13.2549632807279,-4.10319597872912,-1.8374827,-1.2342533,2.090381,224.42574,96.01462,-1.1668955,WAL
1915522365000,128.004977,-1.23703958076653,-14.0491780288954,-3.92345350181599,-1.8915442,-1.0876455,2.1725423,223.6768,96.91553,-1.8917594,WAL
1915527348000,128.00996,-0.514063225052674,-14.6380924365406,-3.77981581458814,-1.9346102,-0.9428705,2.218968,222.98973,97.82301,-2.6078537,WAL
1915532309000,128.014921,0.120378749515608,-14.9443314388883,-3.64303732801644,-1.9242256,-0.8368854,2.1847596,222.3318,98.58498,-3.127837,WAL
1915537419000,128.020031,0.680676773196986,-14.9539093760642,-3.50894890781877,-1.883603,-0.7076874,2.087632,221.7347,99.330315,-3.6329215,WAL
1915542362000,128.024974,1.17407112981812,-14.7715969426787,-3.35720649709719,-1.8060231,-0.54458636,1.9278907,221.23888,99.93208,-3.9361334,WAL
1915547367000,128.029979,1.61437903938086,-14.3533042745728,-3.17668024819952,-1.7208074,-0.38973203,1.733941,220.78156,100.49031,-4.203662,WAL
1915552190000,128.034802,2.03671092238363,-13.882054611494,-3.03821067461563,-1.6392568,-0.1966986,1.5085317,220.42784,100.93277,-4.309828,WAL
1915557303000,128.039915,2.47803503652847,-13.1603598932245,-3.00705840334005,-1.5592335,0.044593163,1.2620476,220.12817,101.32061,-4.358345,WAL
1915562198000,128.04481,2.92003240462566,-12.3733399984049,-2.98460115731233,-1.491733,0.25717425,1.0192287,219.8976,101.612816,-4.2638516,WAL
1915567253000,128.049865,3.41229612574021,-11.3839866462965,-2.97494888400957,-1.4239268,0.36041048,0.8567385,219.70163,101.86533,-4.1324396,WAL
1915572257000,128.054869,3.59256457330845,-10.5432366383386,-2.6638314876926,-1.3200798,0.15577064,0.6365216,219.56744,102.081085,-3.9123569,WAL
1915577288000,128.0599,3.21906913256771,-9.94841056426452,-1.80617531361853,-1.251052,-0.39400807,0.36560285,219.35405,102.270966,-3.6596167,WAL
1915582228000,128.06484,2.81027878700565,-9.35756828813559,-1.15890188644068,-1.2739595,-1.072374,0.13744467,219.14865,102.49076,-3.33826,WAL
1915587245000,128.069857,2.27690122324314,-8.73846929467737,-1.04936897612251,-1.348485,-1.6584991,-0.038789943,218.80318,102.69912,-2.995054,WAL
1915592234000,128.074846,1.72260781120201,-8.16471592691729,-1.32566721833584,-1.4355333,-2.0696115,-0.17501289,218.1599,102.78664,-2.6446183,WAL
1915597253000,128.079865,1.09136520250727,-7.71658187007519,-2.79053560296742,-1.505172,-2.2214115,-0.26297748,217.43994,102.89839,-2.2971096,WAL
1915602244000,128.084856,0.404418781659275,-7.42570008590436,-3.85644957649441,-1.5354098,-2.165212,-0.310625,216.66576,103.08102,-2.0416746,WAL
1915607289000,128.089901,-0.466667169155418,-7.59339574971076,-3.76794348576938,-1.5311338,-2.1050417,-0.29840767,215.8703,103.28027,-1.8046753,WAL
1915612247000,128.094859,-1.20186269054972,-7.77783991723286,-3.64200223440395,-1.5308284,-1.9062049,-0.27397305,215.18411,103.76825,-1.7450533,WAL
1915617253000,128.099865,-1.38940397230801,-8.054216570105,-3.33601375680461,-1.5225816,-1.7562376,-0.22418754,214.50896,104.24932,-1.7040025,WAL
1915622263000,128.104875,-1.54245816196113,-8.29642142685213,-3.04300045740357,-1.5494597,-1.6670512,-0.16737708,213.76878,104.7305,-1.8005819,WAL
1915627283000,128.109895,-1.58514143373779,-8.42921397099734,-2.79164350603729,-1.5409076,-1.5851953,-0.099265605,213.0808,105.193275,-1.9141817,WAL
1915632245000,128.114857,-1.60662835927284,-8.55268821735685,-2.50840047143848,-1.5293012,-1.5155567,-0.022296581,212.39737,105.60733,-2.0590363,WAL
1915637246000,128.119858,-1.54969122615415,-8.64758335664751,-2.09086151174955,-1.5121969,-1.4052955,0.062002823,211.76282,106.01311,-2.2241151,WAL
1915642251000,128.124863,-1.47620040582534,-8.73450235341726,-1.66956904942046,-1.496009,-1.2803736,0.1423316,211.18106,106.3868,-2.4110885,WAL
1915647253000,128.129865,-1.33260577071343,-8.78715380125899,-1.23399850797362,-1.4761559,-1.1749994,0.23182335,210.63887,106.75251,-2.621715,WAL
1915652245000,128.134857,-1.18865884508513,-8.82625529192239,-0.808961436638289,-1.491733,-1.0965031,0.32436943,210.16197,107.07288,-2.8309317,WAL
1915657290000,128.139902,-1.04039465014849,-8.80712454405068,-0.421561509950505,-1.4966198,-1.0516045,0.40530908,209.71628,107.384,-3.0579278,WAL
1915662247000,128.144859,-0.897857693156799,-8.78274330972925,-0.0774540803014976,-1.50731,-1.0305296,0.4550946,209.32439,107.64072,-3.2664626,WAL
1915667251000,128.149863,-0.769532487860756,-8.73046260160666,0.0888934306535753,-1.4746287,-1.0418307,0.49357912,208.94504,107.88698,-3.493148,WAL
1915672260000,128.154872,-0.656420373801784,-8.68251456531219,0.22692380996333,-1.416902,-1.0338894,0.5195409,208.6331,108.10142,-3.692433,WAL
1915677248000,128.15986,-0.628014549254708,-8.65884306957384,0.207986598542121,-1.3182472,-1.0317514,0.54305923,208.32109,108.293945,-3.9020665,WAL
1915682241000,128.164853,-0.610196958721641,-8.6370330439929,0.157868996817913,-1.1801916,-0.9944886,0.5742133,208.04181,108.433975,-4.0907903,WAL
1915687241000,128.169853,-0.662152403582561,-8.62758640757546,-0.0971850424403235,-1.0238101,-0.93279123,0.59040123,207.77191,108.54001,-4.277857,WAL
1915692221000,128.174833,-0.717030152064043,-8.61356173090278,-0.339985886082176,-0.8793405,-0.8371908,0.600786,207.53535,108.62107,-4.4592266,WAL
1915697335000,128.179947,-0.802057554166667,-8.556877125,-0.48642197625,-0.763887,-0.7104363,0.5919284,207.32503,108.66642,-4.629011,WAL
1915702482000,128.185094,-0.894032547909118,-8.49790704975027,-0.630642705110175,-0.6597345,-0.6059783,0.5925393,207.13315,108.71857,-4.8088055,WAL
1915707380000,128.189992,-1.05481526198218,-8.41981246665361,-0.731706116476349,-0.6056729,-0.5708536,0.5870415,206.95662,108.75246,-4.9764333,WAL
1915712738000,128.19535,-1.2296474175445,-8.32991932328369,-0.847723085216128,-0.6038403,-0.5510005,0.5849035,206.79562,108.803024,-5.153435,WAL
1915717357000,128.199969,-1.37024261331275,-8.20940880793679,-1.00036933251907,-0.6441574,-0.5555819,0.5925393,206.63869,108.85197,-5.3273554,WAL
1915722320000,128.204932,-1.52130863552488,-8.0799232726117,-1.16438390826371,-0.68416905,-0.5833763,0.59528816,206.46184,108.9304,-5.532181,WAL
1915727340000,128.209952,-1.64578741555686,-7.98616601916495,-1.35182618307422,-0.77732605,-0.6087272,0.6017023,206.28598,109.03604,-5.736683,WAL
1915732252000,128.214864,-1.76078027977902,-7.90337141820671,-1.5404144189205,-0.8897252,-0.6582073,0.63194007,206.09894,109.16054,-5.9495873,WAL
1915737302000,128.219914,-1.82974752470588,-7.88524696588235,-1.69933391617647,-0.9944886,-0.68203104,0.6768387,205.89984,109.36228,-6.2002435,WAL
1915742452000,128.225064,-1.88293632078431,-7.89008231098039,-1.84922971519608,-1.1099422,-0.6780604,0.70371675,205.69624,109.59648,-6.452728,WAL
1915747349000,128.229961,-1.8580005087559,-7.95380958586203,-1.85884385182247,-1.2030991,-0.6630942,0.72601336,205.47087,109.89016,-6.738401,WAL
1915752272000,128.234884,-1.80592575723466,-8.03902271675871,-1.82097130526157,-1.2748758,-0.6423248,0.75777835,205.25153,110.20825,-7.0295625,WAL
1915757382000,128.239994,-1.74262458318204,-8.17737573499268,-1.57571609888726,-1.3246613,-0.63591075,0.77549344,205.03342,110.57738,-7.3226986,WAL
1915762290000,128.244902,-1.67839407343094,-8.32877639677892,-1.26373933039531,-1.361924,-0.64996064,0.79045963,204.81755,110.95806,-7.620451,WAL
1915767353000,128.249965,-1.62818848343869,-8.53858979655742,-0.869624891179617,-1.3826935,-0.70249504,0.8026769,204.60278,111.32807,-7.9095063,WAL
1915772349000,128.254961,-1.58631240303413,-8.77123441777691,-0.446211389049888,-1.4019357,-0.7693848,0.8063421,204.38045,111.700745,-8.199963,WAL
1915777338000,128.25995,-1.58593375895906,-9.11621556675581,-0.0817821026085168,-1.3912456,-0.84207773,0.79198676,204.16621,112.014656,-8.47706,WAL
1915782351000,128.264963,-1.61062440820819,-9.53101888664884,0.249072834521703,-1.3610078,-0.89980453,0.7861836,203.93886,112.324,-8.759224,WAL
1915787343000,128.269955,-1.63841846928498,-10.0052695185904,0.487262840518897,-1.2953397,-0.95539325,0.7690793,203.7169,112.555756,-9.020111,WAL
1915792421000,128.275033,-1.66822300965271,-10.5169135490296,0.685959554994893,-1.1878275,-1.0354166,0.752586,203.47173,112.76412,-9.284529,WAL
1915797354000,128.279966,-1.68599697896875,-10.9142114595144,0.680431317509916,-1.0647382,-1.1340714,0.7431176,203.22078,112.89324,-9.541972,WAL
1915802376000,128.284988,-1.6999550005224,-11.2817730824224,0.601335813456515,-0.90469146,-1.2473868,0.7452556,202.94322,112.98339,-9.803916,WAL
1915807360000,128.289972,-1.66305392792637,-11.5852530487135,0.289687442550595,-0.70157874,-1.3041973,0.7315111,202.66098,112.98155,-10.043899,WAL
1915812433000,128.295045,-1.59882318547747,-11.8619392048205,-0.150046058252822,-0.59437186,-1.3854424,0.7296785,202.34262,112.968185,-10.297186,WAL
1915817352000,128.299964,-1.41204466075242,-12.1362725737239,-0.720681209640443,-0.3707952,-1.4016303,0.711658,202.02856,112.8613,-10.523136,WAL
1915822313000,128.304925,-1.17000020715195,-12.4155549533653,-1.35837530413442,-0.11728613,-1.3509285,0.66706485,201.70834,112.722786,-10.7382,WAL
1915827301000,128.309913,-0.744990976040161,-12.4984948646586,-2.03422527710843,0.13164146,-1.1960741,0.6188065,201.4382,112.56713,-10.910846,WAL
1915832321000,128.314933,-0.214035868048193,-12.4695335975904,-2.73412063253012,0.31703907,-0.95722586,0.5546656,201.20102,112.36489,-11.050302,WAL
1915837305000,128.319917,0.343269697962762,-12.1758521475717,-3.21012467495813,0.3857614,-0.6649268,0.46883908,201.06316,112.16482,-11.08091,WAL
1915842405000,128.325017,0.930274834599547,-11.7283810314255,-3.57580000054182,0.34422258,-0.36835176,0.3643811,200.98685,111.94476,-11.0669365,WAL
1915847318000,128.32993,1.21426883229901,-11.4314656318759,-3.72114996022567,0.14752395,-0.090713486,0.23640485,201.0541,111.77982,-10.883774,WAL
1915852312000,128.334924,1.33472661785211,-11.2098227952851,-3.74524150727383,-0.11484267,0.13041973,0.09010262,201.17523,111.6329,-10.655134,WAL
1915857319000,128.339931,1.12337777283503,-11.2650096040361,-3.39139609539577,-0.36651915,0.19792034,-0.059253927,201.38588,111.533554,-10.300095,WAL
1915862321000,128.344933,0.719804721248041,-11.4808747164969,-2.8188855408895,-0.5723807,0.09896017,-0.1826487,201.59317,111.479126,-9.923064,WAL
1915867312000,128.349924,0.189027056991463,-11.5965426577372,-2.10271956405652,-0.72234815,-0.08399397,-0.24098633,201.79366,111.465164,-9.538557,WAL
1915872296000,128.354908,-0.42921122031204,-11.6433788575213,-1.28776902758316,-0.7733554,-0.28160888,-0.24098633,201.94994,111.476265,-9.162556,WAL
1915877322000,128.359934,-0.989294640233471,-11.5710140850357,-0.660142388043575,-0.7476991,-0.43066,-0.22113322,202.036,111.4779,-8.8686495,WAL
1915882357000,128.364969,-1.49880639071148,-11.4011769531046,-0.189450575223307,-0.63132924,-0.52320606,-0.18020524,202.0843,111.47436,-8.605338,WAL
1915887346000,128.369958,-1.77365029550473,-11.3104620201104,-0.0471249871462934,-0.48197266,-0.52534413,-0.12492194,202.0384,111.403854,-8.475585,WAL
1915892386000,128.374998,-1.87833055891167,-11.2771539996057,-0.147047029977524,-0.321926,-0.46609017,-0.082161374,201.98901,111.30548,-8.359982,WAL
1915897350000,128.379962,-1.80064206678352,-11.4272067500243,-0.331052176976337,-0.17592919,-0.38087448,-0.043676864,201.90256,111.17469,-8.357205,WAL
1915902378000,128.38499,-1.57087700876424,-11.731997362937,-0.588951693225241,-0.044593163,-0.32650748,-0.014966198,201.82959,111.01195,-8.3602,WAL
1915907354000,128.389966,-1.25251540451689,-12.1849385804203,-0.752889909416732,0.08552113,-0.20586158,-0.0033597588,201.79356,110.840324,-8.375274,WAL
1915912354000,128.394966,-0.838749222270228,-12.7961841617243,-0.823418238167714,0.14508049,-0.076052725,-0.004581489,201.77888,110.658165,-8.387521,WAL
1915917333000,128.399945,-0.446136882501935,-13.4112411689241,-0.728489596178406,0.2773328,0.029932396,-0.058948494,201.82834,110.418976,-8.332259,WAL
1915922333000,128.404945,-0.0755174213951238,-14.0366615443111,-0.431994032130418,0.41905355,0.06719518,-0.13439035,201.89441,110.163925,-8.265311,WAL
1915927300000,128.409912,0.351284331803609,-14.6192145824591,-0.227830740835921,0.56382865,0.06780604,-0.2144137,202.04453,109.82092,-8.0865,WAL
1915932340000,128.414952,0.881959146205623,-15.1458385354595,-0.17111739953504,0.72143185,0.06872234,-0.28955013,202.20044,109.43831,-7.889152,WAL
1915937707000,128.420319,1.41737972128113,-15.663357402018,-0.124180234692215,0.883922,0.080634214,-0.35430184,202.41829,108.924576,-7.595297,WAL
1915942446000,128.425058,1.53921167745071,-15.6087433113024,-0.241811040821994,1.0604621,0.12156218,-0.4120286,202.64133,108.37357,-7.2886496,WAL
1915947310000,128.429922,1.66425717962603,-15.5526886716653,-0.362544579757475,1.2330315,0.17592919,-0.4978552,202.96819,107.717094,-6.8512006,WAL
1915952335000,128.434947,1.50854594700478,-15.231533028134,-0.244572393154641,1.4242324,0.2321288,-0.6078109,203.3022,107.02383,-6.4026756,WAL
1915957338000,128.43995,1.29763809061244,-14.8601514811483,-0.079514071614067,1.5900823,0.23579398,-0.7360926,203.63115,106.30435,-5.939969,WAL
1915962437000,128.445049,0.900570067345722,-14.2105101428997,0.280459687285004,1.7803668,0.18112154,-0.8866709,203.97598,105.55344,-5.4372478,WAL
1915967297000,128.449909,0.465802252618504,-13.5074816583524,0.682851168694127,1.9862283,0.087659165,-1.0363328,204.3055,104.76739,-4.91735,WAL
1915972349000,128.454961,-0.060967028370853,-12.8080942828791,1.01872711706457,2.2058344,-0.025045475,-1.1441506,204.56857,103.9296,-4.4279366,WAL
1915977294000,128.459906,-0.603369050023697,-12.1347672049763,1.31798336665482,2.4556782,-0.10903945,-1.2131784,204.81444,103.04374,-3.924746,WAL
1915982352000,128.464964,-1.09700816693628,-11.8077833896232,1.43817595139081,2.7620273,-0.183565,-1.2589933,204.96289,102.077965,-3.4840667,WAL
1915987333000,128.469945,-1.55812510174591,-11.633688644999,1.48052344254291,3.0537155,-0.21777347,-1.3161092,205.10745,101.064514,-3.0315337,WAL
1915992400000,128.475012,-2.00112139323151,-11.8248464785864,1.43735659181392,3.3356297,-0.23243423,-1.3927728,205.17113,99.97985,-2.650506,WAL
1915997348000,128.47996,-2.42214136364181,-12.1749082168314,1.35693709408006,3.4968982,-0.23335053,-1.4834863,205.24245,98.86417,-2.255087,WAL
1916002337000,128.484949,-2.82234105892974,-12.6194733090093,0.916401624724483,3.5585954,-0.2284636,-1.5693128,205.27039,97.718,-1.9132684,WAL
1916007397000,128.490009,-3.21675610598746,-13.1136249845636,0.299844823639255,3.493233,-0.1518,-1.6056592,205.33589,96.58145,-1.561039,WAL
1916012349000,128.494961,-3.60023744030027,-13.4877506919035,-0.612615768969437,3.4348953,-0.005192355,-1.666135,205.39728,95.45823,-1.2371142,WAL
1916017340000,128.499952,-3.9846704329437,-13.7747939402681,-1.78641805321823,3.238502,0.16584991,-1.6759088,205.50641,94.41535,-0.91957915,WAL
1916022348000,128.50496,-4.33960747169049,-13.8190582422868,-2.76793603229177,3.0057623,0.37782016,-1.6459764,205.64607,93.52479,-0.66071165,WAL
1916027359000,128.509971,-4.68019262036471,-13.7481030750123,-3.65724138819123,2.7666087,0.57940567,-1.5909985,205.84544,92.71383,-0.40837273,WAL
1916032347000,128.514959,-5.06775115780364,-13.7824794028648,-4.09503232109818,2.552195,0.75594574,-1.5100589,206.08455,92.15656,-0.24167582,WAL
1916037347000,128.519959,-5.4821457166418,-13.8729792536556,-4.2950850416791,2.3900104,0.84635377,-1.4456125,206.36205,91.67005,-0.086279824,WAL
1916042358000,128.52497,-5.90445978634166,-13.9298162986282,-4.18786219887496,2.237294,0.8249735,-1.4123205,206.66687,91.425514,-0.0052191187,WAL
1916047358000,128.52997,-6.3297597962104,-13.9676209961512,-3.90905454072831,2.1386392,0.6786713,-1.3716979,206.95615,91.21752,0.058509972,WAL
1916052350000,128.534962,-6.48448186437543,-14.2685748571707,-3.75043370589037,2.0928242,0.5329799,-1.3570372,207.20926,91.066795,0.07028777,WAL
1916057393000,128.540005,-6.47037535950735,-14.7387900494596,-3.66579487307954,2.0796907,0.4877759,-1.4364496,207.4411,90.93662,0.10294723,WAL
1916062350000,128.544962,-6.26048574614094,-14.75978698712,-3.56606939697987,1.9657644,0.5934556,-1.6029104,207.6323,90.78461,0.1161389,WAL
1916067333000,128.549945,-5.89781949463087,-14.439510465456,-3.45303054362416,1.7180585,0.86620694,-1.7397442,207.85526,90.68231,0.14932859,WAL
1916072344000,128.554956,-5.53311538338926,-14.1174342764015,-3.33935651308725,1.4175128,1.0002918,-1.7977765,208.06076,90.611145,0.2142601,WAL
1916077359000,128.559971,-5.16812014932886,-13.7951009920055,-3.22559174295302,1.2040154,1.026559,-1.7788396,208.30846,90.604385,0.30034265,WAL
1916082336000,128.564948,-4.63827035449832,-13.2099826477585,-3.18711684617261,1.1884383,1.0079277,-1.704314,208.56377,90.63083,0.3912892,WAL
1916087343000,128.569955,-3.94120794897835,-12.361808452882,-3.22123875968283,1.3118331,1.1294898,-1.557401,208.85971,90.66574,0.45899445,WAL
1916092341000,128.574953,-3.28671089663338,-11.760230914408,-3.17568818068474,1.5021176,1.4227052,-1.432479,209.22165,90.72314,0.59455466,WAL
1916097339000,128.579951,-2.66763104801712,-11.3687541868759,-3.06188678650499,1.6814066,1.7715092,-1.398576,209.6279,90.77741,0.7139056,WAL
1916102331000,128.584943,-2.0813067501981,-11.0343994160063,-2.64209262708003,1.8206838,1.9275852,-1.4071281,210.05347,90.89809,0.88576806,WAL
1916107388000,128.59,-1.52965867589144,-10.7705678720285,-1.81222194686014,1.8698585,2.0967948,-1.455081,210.57503,88.94128,1.0581434,WAL
1916112303000,128.594915,-1.10079422508756,-10.5541424540178,-1.25073311889523,1.9285016,2.1389446,-1.4746287,211.07883,88.660675,1.3033108,WAL
1916117346000,128.599958,-0.815649187681377,-10.3898212976083,-1.0284166348544,1.9428569,2.1594086,-1.4618006,211.62044,88.34689,1.5481097,WAL
1916122304000,128.604916,-0.636039245224285,-10.2438221527456,-0.871750512745553,1.9663752,2.237294,-1.4138476,212.26953,87.9045,1.8532491,WAL
1916127354000,128.609966,-0.598635607849961,-10.1175848460944,-0.801618706094354,2.033876,2.346639,-1.3509285,212.92772,87.44607,2.1439996,WAL
1916132246000,128.614858,-0.619268550459828,-9.98545296604346,-0.77411276267812,2.096184,2.4034493,-1.2589933,213.59427,86.93563,2.4419734,WAL
1916137348000,128.61996,-0.757530739565437,-9.82743946286003,-0.828430062304194,2.1395555,2.474615,-1.1673635,214.28975,86.42714,2.714961,WAL
1916142366000,128.624978,-0.872846328672916,-9.6220754298964,-0.909698364913666,2.1303926,2.5286767,-1.0809261,214.98587,85.914024,2.962297,WAL
1916147339000,128.629951,-0.952731158085841,-9.33542945278737,-1.03657429065614,2.076331,2.536618,-0.99082345,215.68053,85.42173,3.1772661,WAL
1916152248000,128.63486,-1.02076598571429,-8.99687746031746,-1.21929471746032,2.0277672,2.475226,-0.8668178,216.33766,84.95782,3.338846,WAL
1916157328000,128.63994,-1.06843421499118,-8.52972900254752,-1.52913808332354,1.9969184,2.4129176,-0.7504479,216.9868,84.51849,3.473968,WAL
1916162280000,128.644892,-1.11785629390474,-8.05723471325445,-1.79117231070896,1.9663752,2.3732114,-0.6542367,217.58995,84.112595,3.5661843,WAL
1916167314000,128.649926,-1.17537999260217,-7.53472818802824,-1.95894971935965,1.9550742,2.2748623,-0.56230146,218.14862,83.73062,3.627361,WAL
1916172294000,128.654906,-1.2390321085421,-7.02425512554153,-2.22495606659446,1.9220876,2.1951442,-0.48258355,218.67471,83.40465,3.6511912,WAL
1916177358000,128.65997,-1.32124580038614,-6.52183783897156,-2.75477775813713,1.8777997,2.201253,-0.37720928,219.18875,83.10466,3.64066,WAL
1916182302000,128.664914,-1.41396162143978,-6.07127072649078,-3.19801478841703,1.8759671,2.1801782,-0.30085114,219.65587,82.81013,3.6001787,WAL
1916187337000,128.669949,-1.57475540321695,-5.82535082785406,-3.25476545068654,1.8664987,2.1407773,-0.26328292,220.11343,82.53882,3.540414,WAL
1916192344000,128.674956,-1.73055557259404,-5.5900566610741,-3.28079185109152,1.8017471,2.0735822,-0.25686884,220.52534,82.353035,3.4439545,WAL
1916197366000,128.679978,-1.85871616847392,-5.41753297205084,-3.09840955966998,1.7101172,1.960572,-0.2706133,220.91145,82.180756,3.344674,WAL
1916202341000,128.684953,-1.95584675227539,-5.26531166286133,-2.89951014229492,1.6282613,1.9068159,-0.28710666,221.29161,82.03415,3.2195258,WAL
1916207385000,128.689997,-1.91339080333008,-5.19926890594727,-2.61175334108398,1.57084,1.7980819,-0.31031954,221.62437,81.90483,3.1054265,WAL
1916212300000,128.694912,-1.87761043635127,-5.13718163648727,-2.35601367040995,1.464244,1.6872098,-0.34483343,221.95284,81.78462,2.9854534,WAL
1916217351000,128.699963,-1.88230952483,-5.09019075170002,-2.27612906813678,1.3921618,1.5787812,-0.39645153,222.25177,81.669075,2.8801308,WAL
1916222377000,128.704989,-1.88591306391895,-5.03405595428881,-2.19082129341924,1.3115277,1.5271631,-0.4529566,222.55338,81.534584,2.798965,WAL
1916227344000,128.709956,-1.87655481768641,-4.86560757096203,-2.03641008400551,1.2067643,1.5103643,-0.52564955,222.83492,81.42327,2.7392128,WAL
1916232519000,128.715131,-1.87226749238745,-4.69486733011396,-1.86651208930506,1.0995574,1.4853189,-0.58001655,223.10718,81.31693,2.6874592,WAL
1916237343000,128.719955,-1.93699547019428,-4.59561765299832,-1.59465454646927,0.9761627,1.4920384,-0.63255095,223.38443,81.24095,2.6543465,WAL
1916242378000,128.72499,-2.00455462613488,-4.49202683121614,-1.31090605389501,0.8588765,1.5176947,-0.68233645,223.67444,81.159225,2.6362205,WAL
1916247348000,128.72996,-2.11965579460371,-4.34176583726813,-1.05719542799325,0.743423,1.5311338,-0.7461719,223.96277,81.10819,2.6362102,WAL
1916252636000,128.735248,-2.24828134692468,-4.18311604024712,-0.795925121751613,0.63499445,1.5500705,-0.80664754,224.25873,81.08601,2.6470714,WAL
1916257336000,128.739948,-2.37096052744617,-4.15040135868084,-0.652799408296539,0.5119051,1.5968018,-0.82558435,224.5698,81.04049,2.6568727,WAL
1916262253000,128.744865,-2.49930383183429,-4.11617623330608,-0.503065550198964,0.37782016,1.6685784,-0.8393288,224.89644,80.973816,2.6619837,WAL
1916267325000,128.749937,-2.54045908996147,-4.15311790346747,-0.359624256650257,0.2415972,1.7263051,-0.86529064,225.22746,80.939995,2.674497,WAL
1916272306000,128.754918,-2.5557743322881,-4.20927409407106,-0.221786505326413,0.11728613,1.785559,-0.88239485,225.57274,80.93951,2.6853764,WAL
1916277304000,128.759916,-2.51297394372875,-4.24021510572114,-0.082992924854971,0.017715093,1.847562,-0.8732319,225.92285,80.93127,2.668509,WAL
1916282304000,128.764916,-2.465080365013,-4.26895135297059,0.0558985534406881,-0.10598512,1.8891008,-0.84482664,226.27441,80.96314,2.651073,WAL
1916287284000,128.769896,-2.31264709921268,-4.14888571606538,0.220000267617102,-0.21410827,1.9007072,-0.8200866,226.64192,80.98534,2.610652,WAL
1916292286000,128.774898,-2.15032821117202,-4.01521107962926,0.387093303939605,-0.30115658,1.8658879,-0.78801614,226.9953,81.03745,2.5634341,WAL
1916297278000,128.77989,-1.95413770276986,-3.80833512334012,0.552729977289206,-0.4016439,1.8228219,-0.75777835,227.38591,81.112785,2.5040066,WAL
1916302199000,128.784811,-1.75737327169043,-3.59717350997963,0.715900425132383,-0.45906523,1.7366899,-0.73426,227.74281,81.20016,2.443363,WAL
1916307207000,128.789819,-1.59719392941643,-3.38292817371973,0.860369050853513,-0.54519725,1.6282613,-0.6942484,228.11148,81.2958,2.4028268,WAL
1916312215000,128.794827,-1.44011763167924,-3.16873314092894,1.00316573938071,-0.6630942,1.488984,-0.657291,228.43796,81.414986,2.36273,WAL
1916317247000,128.799859,-1.35810617921294,-3.01309334827586,1.12270101318917,-0.77854776,1.3396275,-0.6178902,228.77698,81.51797,2.3308523,WAL
1916322212000,128.804824,-1.28399922567699,-2.86487953793103,1.23849307368011,-0.9282097,1.1905763,-0.57879484,229.06828,81.6628,2.2949917,WAL
1916327254000,128.809866,-1.28207128878533,-2.74404027083584,1.38407893722189,-1.0668762,1.039998,-0.52656585,229.35257,81.80615,2.273798,WAL
1916332185000,128.814797,-1.29153680238525,-2.63045460182401,1.53079373086791,-1.2147056,0.8918633,-0.47647488,229.5884,81.99242,2.2480178,WAL
1916337218000,128.81983,-1.3308245491414,-2.61067274508586,1.72224279003471,-1.3732251,0.7076874,-0.42302418,229.78787,82.19583,2.2334294,WAL
1916342310000,128.824922,-1.37536699123128,-2.60621850087687,1.9226839189715,-1.5424347,0.52870387,-0.3753767,229.94066,82.441795,2.211232,WAL
1916347241000,128.829853,-1.45305199583451,-2.74292362935547,2.12656595187166,-1.7119498,0.32742378,-0.3213151,230.06216,82.7143,2.1735113,WAL
1916352257000,128.834869,-1.54769336054039,-2.94572654700253,2.33838242245989,-1.8750509,0.1328632,-0.24831672,230.12846,83.03205,2.121959,WAL
1916357328000,128.83994,-1.66477531365819,-3.30206688203806,2.63822380640228,-2.0271564,-0.02076942,-0.15821409,230.16695,83.365074,2.0531075,WAL
1916362287000,128.844899,-1.79568700483728,-3.76659218947181,2.99717515226747,-2.1676552,-0.15149458,-0.05497787,230.15047,83.74172,1.9638537,WAL
1916367232000,128.849844,-1.91909945837264,-4.43374515023585,3.45828877087264,-2.250122,-0.23151793,0.09712757,230.10724,84.12157,1.8230339,WAL
1916372272000,128.854884,-2.02819381450472,-5.5910932870283,4.16977337700472,-2.259896,-0.27885997,0.25595254,230.02977,84.52377,1.6523973,WAL
1916377300000,128.859912,-2.01684784442272,-6.96752056143454,5.0029722079904,-2.1878138,-0.27000242,0.37507126,229.97177,84.88384,1.426822,WAL
1916382269000,128.864881,-1.69539868101502,-8.90044464625367,6.14496230943027,-1.9730947,-0.20280726,0.45998153,229.90982,85.20666,1.1665471,WAL
1916387530000,128.870142,-1.30967992727927,-10.9540129153041,7.41120835670373,-1.5216653,-0.20525073,0.48563787,229.8685,85.31702,0.884823,WAL
1916392420000,128.875032,-0.395208108938615,-12.9492240631131,9.28828239519761,-0.81031275,-0.32528573,0.3753767,229.80898,85.27354,0.6247647,WAL
1916397284000,128.879896,0.514401487055031,-14.9338267262917,11.1553760809306,-0.064446285,-0.39675698,0.2764165,229.87029,84.842705,0.47137535,WAL
1916402264000,128.884876,2.11153895999752,-16.3622938051534,10.7809309384564,0.22907446,-0.50793445,0.02687807,229.88782,84.35049,0.4032833,WAL
1916407398000,128.89001,3.84819613514683,-17.7532466117545,10.0854546413268,0.60994893,-0.45081854,-0.17256944,229.9321,83.645966,0.35223165,WAL
1916412336000,128.894948,4.74455313528779,-18.5616521651426,8.9553218296127,0.75869465,-0.08124508,-0.2932153,230.23885,82.61011,0.5878847,WAL
1916417319000,128.899931,4.81300751102743,-18.805520739107,7.31669587487897,0.73792523,0.48563787,-0.36010507,230.61388,81.58572,0.8333841,WAL
1916422221000,128.904833,4.67357649474985,-18.7465551896232,5.86705098857319,0.6630942,1.0803152,-0.4428773,231.1551,80.72346,1.350819,WAL
1916427713000,128.910325,3.73146471443278,-17.5445512159769,4.8599662588635,0.6218608,1.5253305,-0.5323691,231.79596,79.90529,1.8198581,WAL
1916432646000,128.915258,2.79577805239633,-16.1191647821421,4.19014643640342,0.61269784,1.7568485,-0.61269784,232.41278,79.398125,2.2179885,WAL
1916437324000,128.919936,1.76422285595958,-14.2100870190665,3.93342444444676,0.5684101,1.7837266,-0.66798115,233.08057,78.92574,2.591822,WAL
1916442323000,128.924935,0.723085032855304,-12.2363667363486,3.83919550557088,0.49388456,1.67316,-0.70463306,233.7208,78.61068,2.846959,WAL
1916447340000,128.929952,-0.222127683075933,-10.3636089111969,4.03795532007722,0.37873647,1.4752395,-0.6963864,234.33258,78.322975,3.095433,WAL
1916452274000,128.934886,-1.18545337459504,-8.67388718836375,4.20425374599139,0.2180789,1.2076806,-0.6432411,234.87173,78.114174,3.2237804,WAL
1916457326000,128.939938,-2.31142432296494,-7.57271729215706,4.25385595390609,0.032986723,0.9193522,-0.52412236,235.33737,77.949875,3.3408697,WAL
1916462318000,128.94493,-3.34934471266857,-6.7911325661384,4.26409148434885,-0.1337795,0.66798115,-0.33933565,235.69284,77.79049,3.3348165,WAL
1916467322000,128.949934,-4.17014272007087,-6.90906318722315,4.16031224816419,-0.2846632,0.49541172,-0.10354166,235.97845,77.690796,3.2929616,WAL
1916472294000,128.954906,-4.93088204615385,-7.2051332694436,4.06074644052904,-0.39614612,0.3622431,0.1423316,236.14424,77.65656,3.0779085,WAL
1916477280000,128.959892,-5.49708709230769,-8.14396892307692,3.97363808461538,-0.47250426,0.22968534,0.38331795,236.24753,77.664696,2.809087,WAL
1916482287000,128.964899,-6.02119910161476,-9.26463796395617,3.83984114250288,-0.53023106,0.056505036,0.5757405,236.2396,77.76562,2.3779995,WAL
1916487300000,128.969912,-6.40650399616494,-10.9442906168541,3.56066809280565,-0.5580254,-0.23365596,0.70066243,236.15059,77.871605,1.9166626,WAL
1916492341000,128.974953,-6.7939610026336,-12.6333249322857,3.27993572824875,-0.48838675,-0.5833763,0.7840455,235.94269,78.01942,1.34364,WAL
1916497262000,128.979874,-7.17219467230873,-14.282152122573,3.00588614166186,-0.3491095,-0.77213365,0.8060367,235.69595,78.12699,0.7685218,WAL
1916502243000,128.984855,-7.53238217196262,-15.8995577056075,2.7077301953271,-0.26083946,-1.1129965,0.83016586,235.3096,78.202576,0.20649414,WAL
1916507243000,128.989855,-7.60199567144341,-16.8592272279335,2.14087874153686,-0.053450707,-1.210735,0.8035932,234.94254,78.17482,-0.3421911,WAL
1916512198000,128.99481,-7.51323687475273,-17.7443519448204,1.77562774721499,0.23243423,-1.0589349,0.8197812,234.46295,78.28281,-1.0033822,WAL
1916517199000,128.999811,-6.43120499889641,-18.2230385010932,2.64324756651744,0.6908886,-0.9095783,0.84391034,233.969,78.24032,-1.6273186,WAL
1916522717000,129.005329,-4.95092360961882,-17.932361954735,3.16658348808815,1.357648,-0.8735373,0.8136725,233.47952,78.12995,-2.2218897,WAL
1916527205000,129.009817,-3.17606025500298,-16.0636360941036,2.72713415634306,1.9049833,-1.0830641,0.6808093,232.9825,77.89868,-2.758905,WAL
1916532202000,129.014814,-1.37075784811153,-13.7933633589084,1.82604739212972,1.9886718,-1.416902,0.3924809,232.56763,77.53951,-3.065437,WAL
1916537239000,129.019851,-0.230855563990508,-10.7504436290291,-0.720847363159976,1.6410894,-1.4865406,0.06872234,232.18869,77.16899,-3.3083994,WAL
1916542261000,129.024873,0.735652247740007,-7.91855808820508,-2.88489233283526,0.93676186,-1.1795808,-0.16371189,231.94826,76.96402,-3.259105,WAL
1916547213000,129.029825,0.974811279790811,-5.97428408275121,-3.44293001262607,0.07544186,-0.84116143,-0.3811799,231.7233,76.929184,-3.1240091,WAL
1916552376000,129.034988,1.1923209149208,-3.99884857806191,-3.95667371007351,-0.7165449,-0.84849185,-0.5476407,231.37074,77.26629,-2.8823256,WAL
1916557266000,129.039878,0.998385337469717,-2.77705476514132,-3.58819613620458,-1.3164146,-1.0027353,-0.56321776,231.07477,77.7947,-2.639755,WAL
1916562224000,129.044836,0.776005176118953,-1.60741785575932,-3.22316023254362,-1.7925841,-1.2211196,-0.5338962,230.71977,78.499855,-2.3672364,WAL
1916567234000,129.049846,0.343197696547185,-0.984365306492863,-2.92352433970063,-2.1725423,-1.4669929,-0.5222898,230.31285,79.35128,-2.0808628,WAL
1916572245000,129.054857,-0.0633939159830725,-0.418642461661254,-2.66782920514713,-2.463314,-1.7742581,-0.49510628,229.83661,80.22048,-1.8241596,WAL
1916577261000,129.059873,-0.224132713625824,-0.390276791605157,-2.8238403312174,-2.6349673,-2.0906863,-0.44073927,229.2828,81.165016,-1.5747753,WAL
1916582287000,129.064899,-0.387836816657224,-0.406259802385465,-2.98929764931132,-2.734233,-2.3469443,-0.35430184,228.65366,82.10773,-1.3999369,WAL
1916587242000,129.069854,-0.58252564470255,-0.981055310659373,-3.26742450503077,-2.7458394,-2.617863,-0.25259277,227.92397,83.07446,-1.2448504,WAL
1916592393000,129.075005,-0.79646488433444,-1.59789006607305,-3.55333919951705,-2.6535985,-2.8887818,-0.15882497,227.09871,84.061035,-1.1473932,WAL
1916597210000,129.079822,-1.22347926056947,-2.5540309309186,-3.75756352119932,-2.4810293,-3.016758,-0.10323623,226.23225,85.0249,-1.0816094,WAL
1916602475000,129.085087,-1.68933294205025,-3.58450832626582,-3.97795463479095,-2.3857343,-3.211013,0.0070249503,225.23953,86.020454,-1.1081988,WAL
1916607236000,129.089848,-2.1003365852896,-4.3453025664557,-4.1441051341005,-2.2540927,-3.30753,0.10751228,224.2379,86.92379,-1.1680994,WAL
1916612208000,129.09482,-2.52955526081703,-5.1398140056962,-4.31761916110472,-2.1374176,-3.265991,0.21380283,223.19566,87.715416,-1.3660338,WAL
1916617236000,129.099848,-2.79910705817513,-5.84967848538913,-4.23456675099891,-2.0039434,-3.0946434,0.3463606,222.16718,88.16231,-1.621389,WAL
1916622259000,129.104871,-3.05729539900606,-6.55252414432959,-4.1341600214591,-1.8741345,-2.8405235,0.5323691,221.18066,91.943016,-1.941998,WAL
1916627274000,129.109886,-3.19276293396947,-7.38913893870621,-3.81131590543159,-1.7479908,-2.5848763,0.72692966,220.234,92.60899,-2.4128573,WAL
1916632233000,129.114845,-3.31825402519084,-8.22574587379135,-3.47667323816794,-1.6792686,-2.3591616,0.93218035,219.36435,93.50392,-2.9516327,WAL
1916637244000,129.119856,-3.11206728246508,-9.05243410730464,-3.42603752548131,-1.6450601,-2.126422,1.1368202,218.5973,94.522675,-3.604939,WAL
1916642258000,129.12487,-2.86282255385051,-9.87720729586636,-3.41244237395243,-1.6249015,-1.8307631,1.3600914,217.9288,95.58652,-4.3196073,WAL
1916647244000,129.129856,-2.39465027472058,-10.6697354821654,-3.30561047438041,-1.5891659,-1.5421293,1.5720617,217.3674,96.638275,-5.089079,WAL
1916652188000,129.1348,-1.86544540847507,-11.4474364365828,-3.17215884922733,-1.539075,-1.325883,1.7330247,216.88112,97.69711,-5.891115,WAL
1916657305000,129.139917,-1.2720473909328,-12.157206040736,-2.9578848975401,-1.5357152,-1.1774428,1.8411479,216.49068,98.693146,-6.640679,WAL
1916662208000,129.14482,-0.685282108206238,-12.7994136495129,-2.72225471633376,-1.5943583,-1.0629056,1.9324722,216.16264,99.69321,-7.4079504,WAL
1916667227000,129.149839,-0.223786971407654,-13.0196915547724,-2.57102683539485,-1.6154331,-0.98624194,2.0027218,215.9158,100.53946,-8.041561,WAL
1916672231000,129.154843,0.168687662165583,-13.0268276010324,-2.46398830235271,-1.582141,-0.9456194,2.0265455,215.69759,101.36974,-8.668929,WAL
1916677209000,129.159821,0.559123059033603,-13.0339265695141,-2.35750592475803,-1.5018122,-0.9486737,1.994475,215.5329,102.020615,-9.144289,WAL
1916682218000,129.16483,0.951989853511689,-13.041069746116,-2.25036043874522,-1.4388931,-0.9560041,1.9190332,215.38023,102.64589,-9.602145,WAL
1916687209000,129.169821,1.11290876877089,-13.0103708716814,-2.35124640372665,-1.3548992,-0.9550878,1.8176296,215.21928,103.21761,-10.026536,WAL
1916692214000,129.174826,1.14590023268437,-12.9585270442478,-2.568047599941,-1.29198,-0.8762862,1.756543,215.07864,103.75944,-10.429579,WAL
1916697223000,129.179835,1.22914771070784,-12.7741064899739,-2.73485525501303,-1.2666291,-0.70096785,1.598329,215.00671,104.10446,-10.627155,WAL
1916702233000,129.184845,1.34459942857429,-12.5047192822338,-2.8695488588831,-1.215011,-0.44409904,1.389413,214.97523,104.40382,-10.784299,WAL
1916707268000,129.18988,1.37392230238048,-12.0252682492622,-2.62663186323038,-1.1814134,-0.18325958,1.174083,214.98564,104.68213,-10.88033,WAL
1916712245000,129.194857,1.35047958469408,-11.4251338931733,-2.15777721575841,-1.1114693,0.010995574,0.97433007,215.0393,104.9003,-10.913598,WAL
1916717251000,129.199863,1.26277110396519,-10.5996240057352,-1.79892638193414,-1.035722,0.06505715,0.7800749,215.1225,105.07928,-10.876948,WAL
1916722259000,129.204871,1.12998180259072,-9.61793170948284,-1.51912031512904,-1.0024298,-0.07086037,0.6010914,215.19385,105.21587,-10.791546,WAL
1916727284000,129.209896,0.861779640292765,-8.79779876835882,-1.53961923575115,-1.0192287,-0.35643986,0.46700647,215.20952,105.29485,-10.684236,WAL
1916732242000,129.214854,0.496432124519095,-8.11165865005161,-1.78466944415877,-1.0320568,-0.7266242,0.3680463,215.15276,105.340164,-10.553181,WAL
1916737215000,129.219827,0.103983724707081,-7.51267085985736,-2.07492768176261,-1.044885,-1.0629056,0.27855456,214.99576,105.394806,-10.455267,WAL
1916742238000,129.22485,-0.327313112480897,-7.02746190522669,-2.42780691684157,-1.0564915,-1.3710871,0.16676621,214.73662,105.430305,-10.346112,WAL
1916747202000,129.229814,-0.668679112086637,-6.66398708388126,-2.83450798359118,-1.1319333,-1.6533068,0.06078109,214.36212,105.57998,-10.324038,WAL
1916752349000,129.234961,-0.921286625875072,-6.425678047573,-3.325424434152,-1.2229522,-1.883603,0.014660766,213.91576,105.727325,-10.3059635,WAL
1916757300000,129.239912,-1.14427671713244,-6.38429286751098,-3.77076811523507,-1.3264939,-2.019826,0.016187929,213.3941,105.9997,-10.377642,WAL
1916762345000,129.244957,-1.34297370498177,-6.6100850277596,-4.18622549204599,-1.3939945,-2.0503693,0.023518313,212.83922,106.27748,-10.450078,WAL
1916767289000,129.249901,-1.48190670434783,-6.85824291304348,-4.4844437826087,-1.4052955,-1.9593502,0.003970624,212.27701,106.66773,-10.579447,WAL
1916772309000,129.254921,-1.47263734427842,-7.18267075744722,-4.49371309428324,-1.3658947,-1.7788396,-0.008246681,211.73645,107.063965,-10.713197,WAL
1916777318000,129.25993,-1.45647563830715,-7.51401778539642,-4.43879107365362,-1.3133603,-1.5803084,0.014966198,211.22763,107.53002,-10.88048,WAL
1916782400000,129.265012,-1.41227502292253,-7.88088270847334,-4.12496661211516,-1.2718215,-1.4043792,0.08002335,210.7694,107.99293,-11.048479,WAL
1916787293000,129.269905,-1.36971823207701,-8.23410389474162,-3.82281330823722,-1.2614367,-1.2208142,0.160963,210.37848,108.43526,-11.2025795,WAL
1916792337000,129.274949,-1.27569281302462,-8.66853243737122,-3.39908822258974,-1.2767084,-1.1160508,0.2434298,210.02281,108.881744,-11.369917,WAL
1916797309000,129.279921,-1.17836303047998,-9.05716203454601,-2.97422061617242,-1.303281,-0.9086621,0.27855456,209.75684,109.25563,-11.509201,WAL
1916802309000,129.284921,-1.05637169245898,-9.2279500198716,-2.51065366416998,-1.395827,-0.6731735,0.32620203,209.53731,109.65892,-11.664683,WAL
1916807331000,129.289943,-0.946572815067274,-9.37167140863672,-2.0208465304165,-1.4712689,-0.4792238,0.38056904,209.37543,109.98034,-11.796186,WAL
1916812320000,129.294932,-0.88985097481203,-9.40003215601504,-1.43472088890977,-1.5677856,-0.39003745,0.42485678,209.25331,110.328094,-11.927452,WAL
1916817293000,129.299905,-0.837425515500239,-9.40148207199617,-0.88257813873528,-1.6560557,-0.38759398,0.441961,209.16307,110.60045,-12.040014,WAL
1916822301000,129.304913,-0.805283409152705,-9.26832153355672,-0.487689135108664,-1.6893479,-0.4578435,0.44348818,209.07861,110.88119,-12.158156,WAL
1916827287000,129.309899,-0.77471284665127,-9.1340835852194,-0.113404434055427,-1.6740762,-0.56382865,0.44165558,208.97723,111.07015,-12.296399,WAL
1916832317000,129.314929,-0.761362785219399,-8.97833341062356,0.0334458327898383,-1.6065756,-0.7122689,0.42943826,208.84404,111.250336,-12.438262,WAL
1916837327000,129.319939,-0.748065805542725,-8.82320252101617,0.179712201953811,-1.4822645,-0.8338311,0.42332962,208.69301,111.38384,-12.554963,WAL
1916842329000,129.324941,-0.828041157604505,-8.64856174366472,0.143859521877626,-1.3530666,-0.9431759,0.42730024,208.50592,111.49879,-12.680661,WAL
1916847342000,129.329954,-0.921422628558849,-8.47166350914783,0.0781529615810586,-1.2082914,-1.0241156,0.441961,208.2962,111.58199,-12.813237,WAL
1916852317000,129.334929,-1.07525027105958,-8.29452849055865,-0.154919204733392,-1.099252,-1.0528263,0.464563,208.07394,111.64072,-12.948786,WAL
1916857502000,129.340114,-1.23854713675433,-8.11422122386145,-0.400487428569596,-1.0146471,-1.0363328,0.48288897,207.8443,111.706505,-13.106633,WAL
1916862321000,129.344933,-1.43307925522771,-8.00849731842756,-0.666911864559699,-0.97341377,-0.9981538,0.5155703,207.61919,111.764755,-13.2717285,WAL
1916867310000,129.349922,-1.63447388877486,-7.89904378777605,-0.942734962952442,-0.9764681,-0.9272934,0.54000485,207.40392,111.87786,-13.473204,WAL
1916872305000,129.354917,-1.89049634584181,-7.82567905854651,-1.11571797798352,-0.9972375,-0.8344419,0.58459806,207.21257,111.99515,-13.679671,WAL
1916877655000,129.360267,-2.17588632793764,-7.75799515796362,-1.2744968559234,-1.0607675,-0.78038037,0.6356053,207.03497,112.12788,-13.887555,WAL
1916882315000,129.364927,-2.42928323449139,-7.77517468678664,-1.29167633989991,-1.1456778,-0.75594574,0.68691796,206.8656,112.34535,-14.1526785,WAL
1916887323000,129.369935,-2.70160334350881,-7.79363715038014,-1.31013875529785,-1.2235631,-0.7696902,0.74036866,206.68964,112.638985,-14.466667,WAL
1916892329000,129.374941,-2.89207045276163,-7.92900202858527,-1.36207812727713,-1.2986995,-0.786489,0.77121735,206.52173,112.951164,-14.781047,WAL
1916897253000,129.379865,-3.07027702659884,-8.07522240339147,-1.41691092289729,-1.325883,-0.7858781,0.8231409,206.3608,113.27851,-15.109754,WAL
1916902311000,129.384923,-3.14718526590319,-8.28656090402448,-1.33834461400223,-1.3811663,-0.79290307,0.87109387,206.17413,113.66743,-15.4890175,WAL
1916907336000,129.389948,-3.20073501900964,-8.50968553542285,-1.23124492140208,-1.4138476,-0.79626286,0.9083566,205.99142,114.0587,-15.87274,WAL
1916912322000,129.394934,-3.16756220744186,-8.74160219627907,-1.01286985404651,-1.4382823,-0.8176431,0.9502009,205.79623,114.48673,-16.282343,WAL
1916917268000,129.39988,-3.09412522635659,-8.97660033126615,-0.743600718914729,-1.4404203,-0.84696466,0.977079,205.59894,114.913635,-16.69223,WAL
1916922303000,129.404915,-2.94302289771646,-9.259058679353,-0.482084261370124,-1.4376713,-0.890947,1.0064005,205.39386,115.32458,-17.103401,WAL
1916927330000,129.409942,-2.76437761907707,-9.55680104957184,-0.225567978553758,-1.4223998,-0.94806284,1.0137309,205.17644,115.72709,-17.51282,WAL
1916932317000,129.414929,-2.53976606316002,-9.92290288448311,-0.0103111051406029,-1.3713925,-1.0354166,1.0170907,204.95154,116.07169,-17.893108,WAL
1916937357000,129.419969,-2.28588286914829,-10.3330220509812,0.184983679484119,-1.2910637,-1.1224649,1.0170907,204.71025,116.40222,-18.2735,WAL
1916942352000,129.424964,-2.01922469187776,-10.7410023670084,0.284397851309811,-1.1652255,-1.2049317,1.0311406,204.46231,116.634705,-18.603277,WAL
1916947309000,129.429921,-1.74721853526337,-11.1466257840772,0.336890273880177,-1.0033462,-1.2709051,1.0186177,204.1914,116.835785,-18.926775,WAL
1916952303000,129.434915,-1.42568587233748,-11.4460990926694,0.208716112171508,-0.8078693,-1.3078625,1.010982,203.93036,116.92073,-19.181128,WAL
1916957327000,129.439939,-1.07868794054535,-11.6932752270302,-0.00994012126852399,-0.60139686,-1.2925909,1.0033462,203.66481,116.9711,-19.42837,WAL
1916962313000,129.444925,-0.690604663437151,-11.9114390167394,-0.394114202818302,-0.35796702,-1.2260065,0.9837985,203.43135,116.89794,-19.587015,WAL
1916967314000,129.449926,-0.277603037323729,-12.1155104609922,-0.870280757250685,-0.119729586,-1.0650436,0.93187493,203.22766,116.785255,-19.721426,WAL
1916972315000,129.454927,0.199307798543978,-12.2393923499406,-1.41575672308835,0.0983493,-0.84665924,0.8588765,203.11577,116.589096,-19.748384,WAL
1916977326000,129.459938,0.707911542729794,-12.3249520976624,-1.99566010814184,0.25045475,-0.6041457,0.7452556,203.0523,116.35199,-19.7339,WAL
1916982317000,129.464929,1.3175749814668,-12.1638879648167,-2.50176286456888,0.32589662,-0.35063666,0.63071835,203.11407,116.05486,-19.59574,WAL
1916987333000,129.469945,1.98409797928642,-11.8734744900892,-2.97308983804757,0.28191432,-0.23671028,0.49021935,203.1969,115.73558,-19.416817,WAL
1916992326000,129.474938,2.35324136665044,-11.6504213881047,-2.91120391615886,0.118202426,-0.06963864,0.40622538,203.42067,115.39157,-19.11142,WAL
1916997319000,129.479931,2.55804501149616,-11.4642363889808,-2.55279754982965,-0.0009162979,0.008246681,0.19700404,203.6238,115.00357,-18.744173,WAL
1917002314000,129.484926,2.28811588885681,-11.5885751567552,-2.03793571218245,-0.27275133,-0.004886922,-0.025350908,203.88574,114.63078,-18.261345,WAL
1917007317000,129.489929,1.67952414368745,-11.9343651660893,-1.41090180750577,-0.52656585,-0.062002823,-0.2180789,204.13168,114.255226,-17.741943,WAL
1917012318000,129.49493,0.954537047704331,-12.1256246150659,-0.77495215165725,-0.700357,-0.1554652,-0.3494149,204.34865,113.85658,-17.177008,WAL
1917017311000,129.499923,0.117064270101695,-12.166147840678,-0.131088628474576,-0.7791586,-0.24587326,-0.4016439,204.53268,113.48248,-16.600616,WAL
1917022304000,129.504916,-0.639867179240268,-12.1399444351193,0.347998081404353,-0.77518797,-0.3652974,-0.4025602,204.63475,113.13548,-16.12313,WAL
1917027329000,129.509941,-1.26935981428631,-12.0039739087484,0.559507619652574,-0.66920286,-0.4605924,-0.3744604,204.71698,112.79345,-15.6598625,WAL
1917032315000,129.514927,-1.62227591764646,-11.9763044200713,0.569399968715232,-0.5036584,-0.49632803,-0.32406402,204.7205,112.504555,-15.363274,WAL
1917037329000,129.519941,-1.67119912227203,-12.0692583096281,0.354137924556291,-0.33658674,-0.45753807,-0.2602286,204.72836,112.210724,-15.087647,WAL
1917042323000,129.524935,-1.56736144377534,-12.3532563294769,0.179105127070108,-0.16920967,-0.3726278,-0.19700404,204.67795,111.95082,-14.921248,WAL
1917047317000,129.529929,-1.31671296401661,-12.8214488911302,0.0419578329279146,-0.00030543262,-0.29565877,-0.15057829,204.64603,111.67157,-14.768233,WAL
1917052315000,129.534927,-1.04778653104911,-13.375510142939,0.03337516517103,0.17134771,-0.21288654,-0.12095132,204.654,111.39472,-14.629152,WAL
1917057337000,129.539949,-0.758280726069176,-14.0234520281865,0.162044409696159,0.33505958,-0.1142318,-0.14080444,204.69308,111.09084,-14.484008,WAL
1917062320000,129.544932,-0.476284873519384,-14.6213232187091,0.277279952788239,0.4896085,-0.054061573,-0.1957823,204.80447,110.72859,-14.285491,WAL
1917067309000,129.549921,-0.202054140777767,-15.1505402730339,0.373501250007049,0.64721173,-0.038179077,-0.2733622,204.93265,110.3334,-14.074631,WAL
1917072283000,129.554895,0.0975557461718519,-15.5684401125926,0.3818946748,0.8173377,-0.074830994,-0.36041048,205.11336,109.82573,-13.784104,WAL
1917077328000,129.55994,0.441129029205432,-15.8261197782716,0.257826554933333,1.0042624,-0.098043874,-0.45112398,205.30203,109.28183,-13.475918,WAL
1917082280000,129.564892,0.758674210376603,-15.9353370561899,0.0852531487910657,1.1872166,-0.09865474,-0.550695,205.52708,108.642784,-13.092107,WAL
1917087367000,129.569979,1.05144593822115,-15.8035901760817,-0.178241411364183,1.3607023,-0.10170906,-0.65087694,205.74576,107.970856,-12.695434,WAL
1917092287000,129.574899,1.25059696819781,-15.5659090670446,-0.351109025906959,1.520749,-0.07666359,-0.70371675,206.01869,107.24332,-12.241138,WAL
1917097352000,129.579964,1.31696633826231,-15.1392486541243,-0.393775047398358,1.5980235,-0.046120327,-0.8341365,206.28784,106.486,-11.751672,WAL
1917102246000,129.584858,1.31078464692704,-14.6467605034695,-0.389143215290444,1.7504344,-0.043066,-0.9801333,206.57545,105.6854,-11.227386,WAL
1917107342000,129.589954,1.1559760675456,-13.9646355447066,-0.287550075599722,1.9058995,-0.07086037,-1.1239921,206.861,104.866745,-10.683238,WAL
1917112254000,129.594866,0.953315784820739,-13.2814864179996,-0.209441360659128,2.1053472,-0.10567969,-1.2498302,207.1304,104.0124,-10.119305,WAL
1917117307000,129.599919,0.624121168229454,-12.5207795182938,-0.173852758356316,2.3499987,-0.115453534,-1.3347405,207.40126,103.12086,-9.542229,WAL
1917122305000,129.604917,0.269085305689212,-11.8126587125428,-0.129825995315711,2.613587,-0.08124508,-1.4062119,207.65865,102.21162,-8.988315,WAL
1917127329000,129.609941,-0.266428757940925,-11.3698299967894,-0.0319916996342038,2.9113839,-0.025350908,-1.4645494,207.92842,101.25848,-8.4263315,WAL
1917132281000,129.614893,-0.821926718445421,-11.1033270424656,0.0479243438203162,3.193298,0.03481932,-1.5253305,208.19513,100.32866,-7.9158635,WAL
1917137346000,129.619958,-1.46620007196708,-11.2984240581798,0.0842214352472173,3.40985,0.07513642,-1.593442,208.4847,99.37218,-7.394786,WAL
1917142364000,129.624976,-2.10417437491911,-11.5261572528679,0.0708114660162761,3.5515707,0.13500121,-1.6627752,208.7579,98.449615,-6.926308,WAL
1917147319000,129.629931,-2.7322913377586,-11.9495549340131,-0.226962526203549,3.5839465,0.22174409,-1.7253889,209.06584,97.542145,-6.4467406,WAL
1917152293000,129.634905,-3.35000420368888,-12.373201863929,-0.547479394579781,3.4736853,0.35430184,-1.7553213,209.31883,96.72916,-6.030362,WAL
1917157356000,129.639968,-3.85200505859579,-12.790832409344,-1.08744664869062,3.2910366,0.50854534,-1.7482964,209.61871,95.99107,-5.6137185,WAL
1917162288000,129.6449,-4.34101714953019,-13.1976571871411,-1.61344279668088,3.0347786,0.6374379,-1.7235563,209.92471,95.4447,-5.2882113,WAL
1917167345000,129.649957,-4.86078576989878,-13.5442354748988,-2.1292769137247,2.8115072,0.6994407,-1.675298,210.26726,95.00907,-4.9774127,WAL
1917172282000,129.654894,-5.37283377061741,-13.8648636431174,-2.62696838827935,2.6450465,0.68783426,-1.6050484,210.63402,85.31296,-4.686022,WAL
1917177367000,129.659979,-5.85023942449217,-14.0635438624492,-2.78153147127104,2.5350907,0.5708536,-1.5201381,210.97968,85.46438,-4.4953566,WAL
1917182250000,129.664862,-6.29806215071581,-14.2263889367382,-2.85390690239892,2.415972,0.48197266,-1.4309518,211.33078,85.54746,-4.3275104,WAL
1917187315000,129.669927,-6.78692397405083,-14.4924768870411,-3.04693308609978,2.271197,0.31887165,-1.3967434,211.61407,85.54175,-4.239413,WAL
1917192426000,129.675038,-7.28863007258655,-14.794524103964,-3.28242787705261,2.207056,0.22052236,-1.3836098,211.8869,85.501236,-4.1671343,WAL
1917197367000,129.679979,-7.63240561228135,-15.1916975113509,-4.03182229167287,2.0836613,0.3555236,-1.4953982,212.14287,85.44634,-4.1174135,WAL
1917202266000,129.684878,-7.95106231618906,-15.6020229467808,-4.85683800379605,1.8402315,0.7507534,-1.7024814,212.44398,85.43001,-4.041198,WAL
1917207302000,129.689914,-8.21696342770963,-15.5153188099739,-5.00725632752865,1.4947872,1.187522,-1.8628336,212.75124,85.42205,-3.9939075,WAL
1917212321000,129.694933,-8.45376576191434,-15.1963605021114,-4.83811214191635,1.2925909,1.3716979,-1.9486601,213.09502,85.46235,-3.905404,WAL
1917217316000,129.699928,-8.07927740228077,-14.4928417900118,-4.09908423928431,1.3377949,1.2880094,-1.9068159,213.406,85.542366,-3.841023,WAL
1917222325000,129.704937,-7.44734566535588,-13.6251147758553,-3.11817509811247,1.4801265,1.1087204,-1.7583756,213.7335,85.6317,-3.777333,WAL
1917227331000,129.709943,-6.4608430995382,-13.0171632338119,-2.90312612788877,1.63437,1.0928379,-1.5980235,214.05988,85.6607,-3.7500498,WAL
1917232395000,129.715007,-5.28749050722819,-12.5302952968577,-3.0637927504367,1.7919732,1.284955,-1.4844025,214.38919,85.645905,-3.7462988,WAL
1917237381000,129.719993,-4.02174111874873,-12.2656756942701,-3.21286458317473,1.9456058,1.6108516,-1.4175128,214.79736,85.56032,-3.7096784,WAL
1917242371000,129.724983,-2.70584634399676,-12.0963506173314,-3.35799998092731,2.1050417,1.9358319,-1.3881912,215.2541,85.42536,-3.6953537,WAL
1917247317000,129.729929,-1.71357900687947,-11.9027059113924,-2.96193185899835,2.2516494,2.172237,-1.4071281,215.77272,85.341034,-3.5733933,WAL
1917252312000,129.734924,-0.840400362823335,-11.6964777468354,-2.33885962757292,2.307849,2.225993,-1.38025,216.32474,85.212,-3.4758613,WAL
1917257363000,129.739975,-0.0427300435644649,-11.377562132216,-1.77536202626794,2.332589,2.20278,-1.3384057,216.88423,85.12535,-3.2373874,WAL
1917262317000,129.744929,0.66406325228393,-10.9669982290503,-1.28164613664147,2.3356433,2.218357,-1.2745703,217.46756,84.98922,-3.0200481,WAL
1917267359000,129.749971,0.991570112433735,-10.6166869951807,-0.977307830563855,2.3038783,2.2162192,-1.2186762,218.07803,84.78894,-2.710526,WAL
1917272345000,129.754957,1.14805193787952,-10.2991208457831,-0.760994774043373,2.2623394,2.2296581,-1.1563679,218.69351,84.53654,-2.4287214,WAL
1917277331000,129.759943,1.23728501199262,-9.9965013198032,-1.01663360407954,2.2156084,2.3512204,-1.0812315,219.364,84.212234,-2.1018457,WAL
1917282329000,129.764941,1.28634702140221,-9.70212957072571,-1.55631550266503,2.2284365,2.4449883,-0.97585726,220.02518,83.83788,-1.8086387,WAL
1917287330000,129.769942,1.24658939282562,-9.33104271854331,-1.74776507993951,2.2229385,2.5925121,-0.9334021,220.74254,83.41919,-1.5118959,WAL
1917292315000,129.774927,1.16374375469285,-8.92391567508553,-1.7690682496802,2.2156084,2.649017,-0.83077675,221.45169,82.96889,-1.2688966,WAL
1917297313000,129.779925,1.08068206976052,-8.51572691616838,-1.79042697432694,2.1820107,2.5900686,-0.73914695,222.12875,82.57326,-1.0387665,WAL
1917302342000,129.784954,0.997105196306213,-8.10500637423273,-1.81191817605732,2.1365013,2.4953845,-0.6753115,222.80516,82.17505,-0.8348579,WAL
1917307325000,129.789937,0.484134690176098,-7.47520352170558,-2.07625232917491,2.0534234,2.5118778,-0.602924,223.48463,81.786446,-0.66646045,WAL
1917312345000,129.794957,-0.276855741363277,-6.71421313982984,-2.48052855335378,2.0259347,2.5060747,-0.5296202,224.12451,81.394325,-0.5156384,WAL
1917317345000,129.799957,-0.775150141664242,-6.27636383514693,-2.54151518766366,1.998751,2.3976462,-0.4804455,224.73657,81.01373,-0.40061438,WAL
1917322356000,129.804968,-1.11490619596547,-6.03434585115896,-2.39258093899719,1.9486601,2.268448,-0.4447099,225.33485,80.65109,-0.3031474,WAL
1917327348000,129.80996,-1.39447275625387,-5.84115386702786,-2.28371927671827,1.8661933,2.1242838,-0.43982297,225.87442,80.35146,-0.30796444,WAL
1917332353000,129.814965,-1.62819649417957,-5.68533799009288,-2.20581141572755,1.7699821,1.9746219,-0.4428773,226.37207,80.07656,-0.31547093,WAL
1917337730000,129.820342,-1.87728674290433,-5.51445910166205,-2.12914891625826,1.6762142,1.8457294,-0.44684792,226.8357,79.79773,-0.3651939,WAL
1917342328000,129.82494,-2.0555627052525,-5.30803437534626,-2.18544654216919,1.5705346,1.7299703,-0.46089783,227.2586,79.55612,-0.40521112,WAL
1917347221000,129.829833,-2.2330777886785,-5.08829280761307,-2.25106353909546,1.4743233,1.6453656,-0.47678033,227.65031,79.32295,-0.47639063,WAL
1917352237000,129.834849,-2.25664162111253,-4.86207972098499,-2.39244663212008,1.3771957,1.5928311,-0.47861293,228.01521,79.12565,-0.5435273,WAL
1917357416000,129.840028,-2.28863167088608,-4.63782383905968,-2.51650081916817,1.2922854,1.5964963,-0.48349985,228.37779,78.955246,-0.6406747,WAL
1917362255000,129.844867,-2.41433371371308,-4.54471125075347,-2.35820932182037,1.2266175,1.6209309,-0.49663344,228.7288,78.81174,-0.7336029,WAL
1917367391000,129.850003,-2.53930091064948,-4.43150694603867,-2.17335971846306,1.1636983,1.6417004,-0.5326745,229.08458,78.712616,-0.8309285,WAL
1917372262000,129.854874,-2.55780317593456,-4.15397431914725,-1.7986905610709,1.0852021,1.6884315,-0.5534439,229.45164,78.64048,-0.93203235,WAL
1917377478000,129.86009,-2.57580233344092,-3.8617452849374,-1.39286251605243,0.97433007,1.7424932,-0.58368176,229.83089,78.56219,-1.0449742,WAL
1917382252000,129.864864,-2.57133039727113,-3.65157068204225,-0.968041532852113,0.8378017,1.7675385,-0.5934556,230.211,78.51654,-1.1586583,WAL
1917387530000,129.870142,-2.56566407803879,-3.42389717866703,-0.50426859700173,0.7583892,1.8069394,-0.62980205,230.6064,78.4079,-1.2513765,WAL
1917392260000,129.874872,-2.54504213075662,-3.32078718385687,-0.215560538320131,0.5320636,1.8185458,-0.63621616,230.99298,78.38159,-1.3478265,WAL
1917397244000,129.879856,-2.52331278926523,-3.21214020412456,0.088651082075025,0.4605924,1.8625281,-0.6469063,231.37616,78.21137,-1.4362831,WAL
1917402349000,129.884961,-2.48192148014804,-3.12287506905485,0.388612226827671,0.310625,1.8777997,-0.65668017,231.74484,78.1315,-1.517012,WAL
1917407369000,129.889981,-2.43630036039097,-3.04075691058076,0.680587579057696,0.18020524,1.8805487,-0.655153,232.11243,78.06893,-1.5951712,WAL
1917412341000,129.894953,-2.38319469537778,-3.01007114533333,0.9284054248,0.047647487,1.8762726,-0.64934975,232.50607,78.0007,-1.6647323,WAL
1917417352000,129.899964,-2.32631833589136,-3.00059181807407,1.16065035315556,-0.077579886,1.8677205,-0.6188065,232.8885,77.96718,-1.7377214,WAL
1917422347000,129.904959,-2.22474873031442,-3.01034996711489,1.38591943891635,-0.22724187,1.8594738,-0.59681535,233.35333,77.93937,-1.8434137,WAL
1917427383000,129.909995,-2.10076728000791,-3.02942402873245,1.61003981229978,-0.3979787,1.7669277,-0.6059783,233.78375,77.9521,-1.940698,WAL
1917432352000,129.914964,-1.95549245866693,-3.04212169247398,1.66983298605885,-0.5635232,1.6438384,-0.59559363,234.23398,77.97493,-2.0437083,WAL
1917437365000,129.919977,-1.79693746969576,-3.05173107966373,1.64580946791433,-0.700357,1.5375478,-0.57543504,234.65558,78.0353,-2.1404269,WAL
1917442359000,129.924971,-1.66090339789474,-3.03921758150376,1.53661806866165,-0.840856,1.4679092,-0.54061574,235.0719,78.10765,-2.2187366,WAL
1917447360000,129.929972,-1.53606790947368,-3.01521077609023,1.3829744638797,-0.9841039,1.3976597,-0.49205196,235.45004,78.213875,-2.2987804,WAL
1917452347000,129.934959,-1.43478139400749,-3.03204388433866,1.21589110125172,-1.128879,1.3347405,-0.44868052,235.81204,78.357445,-2.3648813,WAL
1917457372000,129.939984,-1.34466262996255,-3.06998877567514,1.04039651742559,-1.2660183,1.2516629,-0.39003745,236.13866,78.53061,-2.4419389,WAL
1917462283000,129.944895,-1.2717518049072,-3.10099086927412,0.948069437780585,-1.3836098,1.1646146,-0.33414328,236.43777,78.75199,-2.5181673,WAL
1917467319000,129.949931,-1.206140765086,-3.12910981643183,0.901204395355165,-1.5054774,1.0531317,-0.26939157,236.69597,79.00213,-2.6054022,WAL
1917472295000,129.954907,-1.22531998505795,-3.19692529461921,0.947945301903974,-1.5992452,0.9098838,-0.1957823,236.90373,79.28559,-2.7073262,WAL
1917477324000,129.959936,-1.31004161847061,-3.29659784737169,1.06755234439156,-1.6862935,0.75411314,-0.119729586,237.0653,79.58731,-2.8195727,WAL
1917482316000,129.964928,-1.43692694051297,-3.39584299648445,1.30325754379085,-1.7715092,0.64965516,-0.040317107,237.19382,79.90577,-2.9445639,WAL
1917487337000,129.969949,-1.58930603654189,-3.49584169590018,1.60801583529412,-1.8029687,0.45112398,-0.007941248,237.24318,80.22015,-3.063703,WAL
1917492332000,129.974944,-1.7407479293158,-3.64784010872059,1.99859075579395,-1.8805487,0.22571471,0.047036625,237.27872,80.55419,-3.2168097,WAL
1917497354000,129.979966,-1.89291636651177,-3.83329540862171,2.44558545005932,-1.9642372,-0.035430185,0.12095132,237.23979,80.878914,-3.372808,WAL
1917502344000,129.984956,-2.06060861993503,-4.31258380321914,2.94205106707029,-2.0497584,-0.27916542,0.22693644,237.17442,81.17309,-3.5572,WAL
1917507342000,129.989954,-2.23966597994684,-4.99111731172475,3.47451130942115,-2.112372,-0.52412236,0.31856623,237.02838,81.4581,-3.7474997,WAL
1917512327000,129.994939,-2.38213436703978,-6.10668539276434,3.95365531543074,-2.112983,-0.68569624,0.42424592,236.86404,81.64941,-3.9790146,WAL
1917517311000,129.999923,-2.49661962644413,-7.5616017121727,4.39251534365381,-2.033876,-0.7254025,0.5384777,236.65869,81.80179,-4.23344,WAL
1917522290000,130.004902,-2.51349757320725,-9.49677525384161,4.97882434324271,-1.8716911,-0.6059783,0.6609562,236.47388,81.818695,-4.5323114,WAL
1917527362000,130.009974,-2.45129742695035,-11.8603827101064,5.69651883812057,-1.5219707,-0.3643811,0.7867944,236.30692,81.73791,-4.8626914,WAL
1917532332000,130.014944,-1.94606410453942,-13.8062160839861,6.98763988105107,-0.88147855,-0.08857546,0.77213365,236.20326,81.50565,-5.184362,WAL
1917537349000,130.019961,-1.04563251506792,-15.445096615171,8.80756008847794,-0.016798794,0.029321533,0.5183192,236.12524,81.16991,-5.464473,WAL
1917542391000,130.025003,0.178756351684616,-16.6608869941705,9.95102169123605,0.86834496,0.13408493,0.07666359,236.17822,80.70689,-5.6235466,WAL
1917547438000,130.03005,1.69740650068966,-17.4822953448276,10.4667895862069,1.4605788,0.37598756,-0.31245756,236.31294,80.174034,-5.7221136,WAL
1917552350000,130.034962,3.08842021680992,-18.0785193794686,10.2268231743505,1.7336355,0.82833326,-0.5360342,236.71085,79.45644,-5.527987,WAL
1917557338000,130.03995,4.41352558313147,-18.4797844425669,9.23766009523344,1.7849482,1.3142766,-0.6243043,237.2013,78.68845,-5.2946005,WAL
1917562310000,130.044922,4.99086784498851,-18.2946267849505,8.26051139962027,1.6807957,1.6578883,-0.6630942,237.90327,77.96512,-4.807626,WAL
1917567310000,130.049922,4.62241860945338,-17.3615409450385,7.2891453558509,1.5366315,1.8322903,-0.68966687,238.68507,77.22899,-4.362192,WAL
1917572302000,130.054914,3.55313174713352,-15.1876765449137,6.25224162371989,1.344209,1.8643607,-0.6948592,239.49405,76.69726,-3.8039596,WAL
1917577361000,130.059973,1.54958116659514,-11.3554132396372,5.11343102004291,1.1291844,1.8084666,-0.6768387,240.3017,76.19256,-3.2957168,WAL
1917582291000,130.064903,0.0699833313235147,-8.41979785424306,4.39370098261697,0.8949176,1.7525724,-0.6649268,241.07306,75.81083,-2.8797562,WAL
1917587350000,130.069962,-0.682406729646328,-6.70143614954413,4.28691026219818,0.7858781,1.5650368,-0.6582073,241.77544,75.44433,-2.4794014,WAL
1917592311000,130.074923,-1.36801152692716,-5.3455584148191,4.15306906554752,0.5833763,1.348485,-0.6062838,242.41861,75.181114,-2.382737,WAL
1917597353000,130.079965,-1.98294513244573,-4.48371965024602,3.97138408578871,0.37507126,1.1108584,-0.5305365,242.99417,74.94618,-2.2816775,WAL
1917602248000,130.08486,-2.58025598352752,-3.91905714085978,3.75611678133789,0.16340645,0.9117164,-0.44012842,243.48254,74.713524,-2.2824364,WAL
1917607384000,130.089996,-3.20768493073523,-3.95858019815187,3.43993201347931,-0.05467244,0.77640975,-0.3277292,243.91293,74.535835,-2.2968838,WAL
1917612251000,130.094863,-3.67682218666013,-4.20812117410495,3.2310614193232,-0.2773328,0.72387534,-0.19364429,244.24829,74.394135,-2.4079642,WAL
1917617347000,130.099959,-3.8922368796665,-4.93574419935262,3.21191350548308,-0.49480084,0.70707655,-0.07422013,244.54779,74.30565,-2.5385034,WAL
1917622295000,130.104907,-4.07982700809046,-5.81449927068915,3.2913783516912,-0.6872234,0.6197228,0.016798794,244.7597,74.30421,-2.769894,WAL
1917627361000,130.109973,-4.21697176114631,-7.15284175787114,3.62241718091432,-0.838718,0.4474588,0.07513642,244.93471,74.342224,-3.016861,WAL
1917632296000,130.114908,-4.34682219560471,-8.61726583596668,3.98827650677966,-0.95569867,0.18173242,0.12797627,245.03748,74.44352,-3.3010406,WAL
1917637344000,130.119956,-4.4671837144786,-10.6495264423059,4.50675744237288,-0.98899084,-0.18325958,0.15974127,245.05981,74.552536,-3.573234,WAL
1917642375000,130.124987,-4.54753043673633,-12.640279149585,4.87828707311269,-0.8885035,-0.6805039,0.13591751,244.97354,74.65625,-3.8197997,WAL
1917647356000,130.129968,-4.4187477550345,-14.4289278109189,4.4823992749625,-0.6924158,-1.2186762,0.0983493,244.77223,74.733284,-4.037742,WAL
1917652317000,130.134929,-4.32910240254739,-16.0758783489336,4.08116042962085,-0.44593164,-1.5176947,0.13041973,244.51006,74.773186,-4.2377186,WAL
1917657382000,130.139994,-4.46320412870261,-16.9714866718997,3.63096174537915,-0.16707164,-1.5879441,0.17379116,244.16795,74.75021,-4.402185,WAL
1917662329000,130.144941,-4.53612518784782,-17.7470950948093,3.14166250425984,0.1554652,-1.568091,0.25320363,243.77594,74.785286,-4.54686,WAL
1917667357000,130.149969,-4.19994185424466,-17.8347948515633,2.29389566216736,0.5665775,-1.4382823,0.3222314,243.39987,74.71487,-4.696022,WAL
1917672322000,130.154934,-3.79336750384158,-17.5921269271287,1.46912007051723,0.904386,-1.244638,0.27885997,243.0393,74.67537,-4.848907,WAL
1917677347000,130.159959,-2.945251188,-15.41942489,0.70676833124,1.0525209,-1.1557571,0.06383542,242.70258,74.58466,-4.9635863,WAL
1917682299000,130.164911,-2.16799984353309,-13.2424147223592,-0.0771012026944813,0.98349303,-0.9896017,-0.08827003,242.46133,74.58393,-5.0729337,WAL
1917687343000,130.169955,-1.80156395713067,-10.764392127252,-1.11228268676503,0.84482664,-0.7367035,-0.3109304,242.29607,74.58628,-5.108992,WAL
1917692521000,130.175133,-1.41998853946229,-8.26216192281744,-2.10767966618669,0.35124752,-0.33169982,-0.36163223,242.2275,74.7347,-5.106455,WAL
1917697352000,130.179964,-0.977411975400262,-6.59434685661061,-1.95860121337227,-0.36102137,-0.067500606,-0.41783184,242.20547,74.99876,-5.0512958,WAL
1917702532000,130.185144,-0.525450767213115,-4.86254491628674,-1.76152863105054,-0.99296147,-0.1133155,-0.4437936,242.13136,75.39695,-4.9962435,WAL
1917707461000,130.190073,-0.378925333770492,-3.92386637622466,-1.10674313501795,-1.3808609,-0.34483343,-0.40378192,242.07217,75.915016,-4.9539695,WAL
1917712681000,130.195293,-0.242655888668656,-2.95874301496364,-0.437604522291628,-1.616044,-0.6747007,-0.2919936,241.96199,76.47663,-4.8709445,WAL
1917717346000,130.199958,-0.53421904105538,-2.72965772133134,-0.370961522245012,-1.7782288,-1.0784826,-0.16401732,241.75784,77.111496,-4.790791,WAL
1917722309000,130.204921,-0.844407235116539,-2.48593846896327,-0.300061370212568,-1.9358319,-1.536937,-0.01985312,241.5151,77.68275,-4.7167697,WAL
1917727352000,130.209964,-1.27229240036642,-2.65812783207167,-1.18747968067244,-2.0702224,-1.9181169,0.12003502,241.16867,78.26843,-4.667852,WAL
1917732252000,130.214864,-1.71160696610026,-2.91321372295148,-2.25033747712905,-2.1514673,-2.1132884,0.22510384,240.73657,78.85839,-4.6449466,WAL
1917737322000,130.219934,-2.020464960042,-3.37634354591447,-3.26865299627721,-2.2030854,-2.2128594,0.31673363,240.26175,79.417496,-4.7261276,WAL
1917742319000,130.224931,-2.2945503623425,-3.87426516532073,-4.25536030146048,-2.2046127,-2.296548,0.40225476,239.72676,79.94808,-4.839004,WAL
1917747318000,130.22993,-2.60729952618529,-4.4834027402858,-4.87005944922873,-2.1777346,-2.4184155,0.47678033,238.99164,80.56534,-5.020061,WAL
1917752250000,130.234862,-2.92912799848585,-5.12259012698022,-5.34833229639444,-2.1578815,-2.5329528,0.5366451,238.233,81.12466,-5.2336864,WAL
1917757332000,130.239944,-3.19299309586676,-5.70683538589418,-5.54152709251549,-2.1453588,-2.5262332,0.58276546,237.38507,81.71018,-5.529181,WAL
1917762315000,130.244927,-3.41107527753631,-6.23507887911039,-5.55121982959277,-2.1456642,-2.4254405,0.63163465,236.53674,82.172134,-5.857678,WAL
1917767312000,130.249924,-3.51047845084251,-6.6616686243596,-5.29401447988702,-2.1233675,-2.2375994,0.68539083,235.68605,82.49198,-6.276249,WAL
1917772322000,130.254934,-3.54786416682575,-7.03552519862667,-4.89679204051817,-2.0717494,-2.0433443,0.7770206,234.87744,82.600395,-6.7347302,WAL
1917777310000,130.259922,-3.51773939898624,-7.39780247646633,-4.32805796162201,-2.0222695,-1.9617938,0.89827734,234.1052,82.46563,-7.259969,WAL
1917782310000,130.264922,-3.44343909899659,-7.75444347160443,-3.6444955844626,-1.9898936,-1.8564194,0.97341377,233.40973,82.130104,-7.8081527,WAL
1917787320000,130.269932,-3.27391812080537,-8.20533070469799,-3.17210834899329,-1.9578232,-1.824349,1.128879,232.7557,81.58267,-8.417165,WAL
1917792340000,130.274952,-3.0572784084372,-8.70314095397891,-2.8033599894535,-1.9120082,-1.8041905,1.2702943,232.14063,99.08489,-9.045043,WAL
1917797317000,130.279929,-2.71617341253671,-9.27544985772152,-2.64709830562025,-1.8848248,-1.78617,1.4150693,231.59637,99.84052,-9.706837,WAL
1917802313000,130.284925,-2.28495633328608,-9.90531771189873,-2.63740808931646,-1.8542814,-1.7324139,1.539075,231.07532,100.65836,-10.395379,WAL
1917807328000,130.28994,-1.8510236901253,-10.5568838893198,-2.57819817855012,-1.8457294,-1.6432275,1.6627752,230.59529,101.45412,-11.056759,WAL
1917812324000,130.294936,-1.41805217640215,-11.2182363447693,-2.48779745639419,-1.8576412,-1.6065756,1.738217,230.12129,102.27069,-11.727981,WAL
1917817314000,130.299926,-1.05624567079694,-11.7795786344534,-2.40725324300378,-1.930945,-1.6129897,1.7629571,229.68332,103.00756,-12.308514,WAL
1917822308000,130.30492,-0.7413229475627,-12.2751186452987,-2.33315373433717,-1.9990565,-1.625207,1.7571539,229.26161,103.753204,-12.891436,WAL
1917827322000,130.309934,-0.482524881727169,-12.6132500690868,-2.30373050345434,-2.053118,-1.6181821,1.72264,228.8684,104.38886,-13.362078,WAL
1917832316000,130.314928,-0.274776800794291,-12.8111052317716,-2.31362326158858,-2.0821342,-1.6016886,1.6658295,228.4801,105.01734,-13.81801,WAL
1917837324000,130.319936,-0.11733059097225,-12.8532790770069,-2.32044118704658,-2.0803015,-1.5925257,1.6050484,228.11626,105.55442,-14.183599,WAL
1917842335000,130.324947,0.00632885567492567,-12.7914490979187,-2.32519736602577,-2.0234911,-1.5787812,1.5128077,227.76093,106.06274,-14.519897,WAL
1917847314000,130.329926,0.182279067539826,-12.6702778346847,-2.41214667728704,-1.9398025,-1.5100589,1.4065173,227.43425,106.5058,-14.789217,WAL
1917852313000,130.334925,0.39692176429648,-12.5058711537728,-2.55828647906134,-1.8497,-1.3662001,1.3121386,227.13458,106.91926,-15.031078,WAL
1917857320000,130.339932,0.641908649679414,-12.2579943850119,-2.77995429048552,-1.751656,-1.1716396,1.1994339,226.86736,107.27041,-15.212151,WAL
1917862318000,130.34493,0.918213535513865,-11.9224812880115,-3.08092910029894,-1.6362026,-0.92149025,1.0833695,226.6569,107.58258,-15.357273,WAL
1917867311000,130.349923,1.19286248026254,-11.5183216315049,-3.32771805560244,-1.4773777,-0.6243043,0.9786061,226.52295,107.840225,-15.437496,WAL
1917872303000,130.354915,1.46630383227379,-11.0566086728551,-3.52943716941397,-1.321607,-0.43066,0.8362745,226.42528,108.04534,-15.468557,WAL
1917877323000,130.359935,1.56981804865578,-10.4782310672618,-3.41781533220047,-1.2281445,-0.41813725,0.75961095,226.37149,108.23442,-15.459213,WAL
1917882315000,130.364927,1.42916524540935,-9.74101643725271,-2.86005396091103,-1.2351695,-0.55955255,0.57635134,226.31569,108.35891,-15.379764,WAL
1917887309000,130.369921,1.13407122113022,-8.85701693595414,-2.61632706740377,-1.289842,-0.8536842,0.39278635,226.22429,108.46918,-15.264656,WAL
1917892332000,130.374944,0.639414189407589,-7.78015283727364,-2.77391698455728,-1.3860532,-1.1505647,0.2406809,226.0815,108.55849,-15.117207,WAL
1917897278000,130.37989,0.19520327481392,-6.92369577876825,-3.01212604941267,-1.4611896,-1.4263704,0.13316862,225.82774,108.63163,-14.995961,WAL
1917902312000,130.384924,-0.117055938610166,-6.71728713380173,-3.52550137164343,-1.4895949,-1.6276505,0.058643065,225.50356,108.69121,-14.856691,WAL
1917907297000,130.389909,-0.403594816462558,-6.70118112797507,-3.93774068879217,-1.488984,-1.7162259,0.027183503,225.10538,108.90066,-14.84495,WAL
1917912326000,130.394938,-0.660864079362944,-6.94892188602236,-4.21883114417845,-1.4355333,-1.7110336,0.027183503,224.67598,109.100334,-14.830158,WAL
1917917246000,130.399858,-0.838598399061846,-7.22979274675547,-4.3142229646432,-1.3723087,-1.6459764,0.02443461,224.23677,109.39103,-14.865441,WAL
1917922306000,130.404918,-0.903148443533777,-7.58020732753568,-4.12518353115128,-1.3234396,-1.491733,0.025350908,223.82771,109.679634,-14.898732,WAL
1917927253000,130.409865,-0.955231359549338,-7.96204954689679,-3.88780370499477,-1.3038919,-1.3271047,0.046731193,223.4412,110.019005,-14.969541,WAL
1917932314000,130.414926,-0.980580850645049,-8.45213981101813,-3.51178636035565,-1.3029755,-1.221425,0.09682214,223.08653,110.361435,-15.044897,WAL
1917937549000,130.420161,-0.995919557218145,-8.95179887971458,-3.12166128704383,-1.3765849,-1.1664472,0.12522738,222.76193,110.681145,-15.117934,WAL
1917942336000,130.424948,-0.808991223223242,-9.27425041896025,-2.74313143351682,-1.466382,-1.1023064,0.14202617,222.47469,111.01213,-15.1956835,WAL
1917947466000,130.430078,-0.606532338264025,-9.60161350784622,-2.31459860231856,-1.5375478,-1.0433578,0.1600467,222.20064,111.282166,-15.277662,WAL
1917952310000,130.434922,-0.388140574509612,-9.67896025362887,-1.61847478319733,-1.6154331,-1.02717,0.1908954,221.93648,111.575584,-15.368021,WAL
1917957621000,130.440233,-0.150964582892379,-9.7547226938048,-0.864407640057809,-1.6667458,-1.0903945,0.22907446,221.67723,111.795135,-15.42891,WAL
1917962320000,130.444932,0.0268037981578187,-9.6940214292321,-0.326766676772329,-1.7253889,-1.2815952,0.23335053,221.38734,112.02956,-15.499771,WAL
1917967298000,130.44991,0.215127058610656,-9.62971606744388,0.242796361158108,-1.772731,-1.5149459,0.23854288,221.06833,112.16251,-15.565888,WAL
1917972301000,130.454913,0.30055731725145,-9.4523254724945,0.256366840818164,-1.7876972,-1.6221527,0.22327125,220.73361,112.29724,-15.633716,WAL
1917977291000,130.459903,0.377033833654731,-9.26591368613723,0.222908361772354,-1.7314975,-1.8121318,0.22449298,220.31519,112.431114,-15.733111,WAL
1917982313000,130.464925,0.330216649347766,-9.13328650022934,-0.0684063955866434,-1.6789632,-1.9016235,0.21074851,219.89586,112.47753,-15.806171,WAL
1917987353000,130.469965,0.272655655897624,-9.00488139244106,-0.382777969864233,-1.5439619,-1.8686367,0.2012801,219.4657,112.49928,-15.885276,WAL
1917992337000,130.474949,0.0818611555095712,-8.81980496160838,-0.574934076986419,-1.3836098,-1.7333301,0.18600847,219.04314,112.506805,-15.944032,WAL
1917997251000,130.479863,-0.149641320525078,-8.61849859779703,-0.725913939180836,-1.2388347,-1.5717562,0.18234327,218.64531,112.49313,-15.998042,WAL
1918002311000,130.484923,-0.508649612339688,-8.5419973067591,-0.759090573310225,-1.1441506,-1.3924674,0.18875736,218.29387,112.50931,-16.045923,WAL
1918007295000,130.489907,-0.880900267845176,-8.48684891007125,-0.772877672482188,-1.0922271,-1.210735,0.20280726,217.99527,112.50748,-16.08168,WAL
1918012319000,130.494931,-1.27990339384615,-8.38000033846154,-0.644445460153846,-1.065349,-1.02717,0.22815818,217.74486,112.55366,-16.163727,WAL
1918017246000,130.499858,-1.6771984920894,-8.26228293846154,-0.482584460248441,-1.071763,-0.8875872,0.28985557,217.54211,112.60684,-16.247433,WAL
1918022303000,130.504915,-2.03444955753086,-8.09716849046914,-0.377207961920988,-1.0916162,-0.829555,0.36132678,217.37672,112.73513,-16.440977,WAL
1918027259000,130.509871,-2.37664948760494,-7.92841270119506,-0.283454573251358,-1.0958922,-0.80756384,0.44837508,217.2489,112.87587,-16.641787,WAL
1918032311000,130.514923,-2.58580826353438,-7.81413050782825,-0.2943728412827,-1.1071932,-0.76174897,0.5656612,217.13336,113.084526,-16.946032,WAL
1918037332000,130.519944,-2.76721660720774,-7.7114915972003,-0.325403214481013,-1.0931433,-0.7290677,0.67347896,217.02654,113.3025,-17.25992,WAL
1918042330000,130.524942,-2.94779396265078,-7.60932285087118,-0.356291444962025,-1.0812315,-0.75900006,0.7742717,216.88948,113.58238,-17.652163,WAL
1918047284000,130.529896,-3.12678160147928,-7.50805354928766,-0.386907750244726,-1.0616838,-0.8191703,0.86101454,216.75905,113.87439,-18.056936,WAL
1918052312000,130.534924,-3.16398843149935,-7.5619063906105,-0.516482927706439,-1.0451905,-0.90194255,0.9095783,216.61668,114.17401,-18.469702,WAL
1918057376000,130.539988,-3.1684880055205,-7.65189881072555,-0.669470145268139,-1.0326678,-0.990518,0.9407325,216.45915,114.48152,-18.893187,WAL
1918062319000,130.544931,-3.10639377733949,-7.89124827234578,-0.858693546076374,-1.0128145,-1.0839803,0.95447695,216.24277,114.846344,-19.367556,WAL
1918067317000,130.549929,-3.01098540749056,-8.20760195719681,-1.0695962997692,-1.0097603,-1.1472049,0.9578367,216.01028,115.2118,-19.839546,WAL
1918072303000,130.554915,-2.82600865050797,-8.65508445083419,-1.17447141649734,-1.0076222,-1.1695015,0.9492846,215.76208,115.57722,-20.305168,WAL
1918077325000,130.559937,-2.61083979903999,-9.14818034979961,-1.24619436698667,-1.0015136,-1.1985176,0.93554014,215.49374,115.93588,-20.762863,WAL
1918082314000,130.564926,-2.27415707630256,-9.80797941489248,-1.19214593934952,-1.0045679,-1.2177598,0.90408057,215.22354,116.25987,-21.166454,WAL
1918087320000,130.569932,-1.85870170790628,-10.5773411487108,-1.05878989120573,-1.001819,-1.2321151,0.8594874,214.94577,116.57065,-21.55379,WAL
1918092343000,130.574955,-1.42360547747854,-11.244341950873,-0.876160180509026,-0.9972375,-1.2400564,0.7959574,214.67923,116.7928,-21.84458,WAL
1918097319000,130.579931,-0.986411083870968,-11.8695768172043,-0.678717551612903,-0.9914343,-1.2696834,0.74220127,214.40237,117.003235,-22.121109,WAL
1918102313000,130.584925,-0.599462972986784,-12.191970467918,-0.57656375,-0.9639453,-1.3017539,0.67347896,214.1493,117.06435,-22.261003,WAL
1918107317000,130.589929,-0.232312306625551,-12.3939035765179,-0.51231239,-0.895223,-1.3487904,0.605062,213.88347,117.10748,-22.38677,WAL
1918112316000,130.594928,0.0928882292522383,-12.4040557329423,-0.701815246295153,-0.7797695,-1.3414601,0.54550266,213.65118,116.99434,-22.372406,WAL
1918117312000,130.599924,0.39324732456396,-12.3006533918905,-1.04156568896264,-0.63071835,-1.2614367,0.49174652,213.42694,116.85888,-22.341618,WAL
1918122307000,130.604919,0.671494038350077,-12.1668818467929,-1.4585536244204,-0.44501534,-1.1117748,0.42730024,213.23036,116.60627,-22.20179,WAL
1918127329000,130.609941,0.940958321261592,-12.0182115814335,-1.91385536306028,-0.25809056,-0.9059132,0.3753767,213.0757,116.33286,-22.046741,WAL
1918132306000,130.614918,1.13692882054795,-11.9410753641553,-2.25931749200913,-0.129198,-0.6826419,0.32589662,212.98523,116.025955,-21.824905,WAL
1918137311000,130.619923,1.28918425920191,-11.9077695583681,-2.54003842287076,-0.047036625,-0.5158757,0.26633725,212.9354,115.69414,-21.582695,WAL
1918142360000,130.624972,1.33049840953957,-11.9000600650735,-2.60178061851455,-0.036957346,-0.42821655,0.20280726,212.93748,115.355225,-21.285818,WAL
1918147357000,130.629969,1.29788983496544,-11.9093767242286,-2.51793019969824,-0.101098195,-0.41783184,0.124311075,212.9582,115.00738,-20.97013,WAL
1918152309000,130.634921,1.14481133499359,-11.9622722304961,-2.36242795038958,-0.19730948,-0.45753807,0.044898596,212.99435,114.659706,-20.62,WAL
1918157328000,130.63994,0.888813376368478,-12.0523456825624,-2.14435554376171,-0.33475417,-0.49541172,-0.028405234,213.02528,114.32126,-20.25772,WAL
1918162314000,130.644926,0.541888457157865,-12.2135365416388,-1.91002734117085,-0.4251622,-0.49754974,-0.0842994,213.04262,113.98266,-19.892649,WAL
1918167309000,130.649921,0.107886545497087,-12.4419586882819,-1.6587630514182,-0.4456262,-0.46975538,-0.12522738,213.05093,113.65091,-19.520874,WAL
1918172300000,130.654912,-0.341700081089414,-12.6713083953751,-1.35428444994861,-0.39920044,-0.44226643,-0.1386664,213.04321,113.3391,-19.188334,WAL
1918177330000,130.659942,-0.81697744028777,-12.9039960402878,-0.973072484892086,-0.36346483,-0.42271876,-0.15332718,213.03795,113.03186,-18.851603,WAL
1918182313000,130.664925,-1.15274982976273,-13.1276400644875,-0.699455801188343,-0.24404067,-0.42332962,-0.13713925,213.0189,112.74422,-18.596733,WAL
1918187308000,130.66992,-1.34113676867185,-13.3442854647041,-0.539326895738899,-0.122783914,-0.42455134,-0.124005646,213.00642,112.45509,-18.343374,WAL
1918192303000,130.674915,-1.26588873219713,-13.7135551724846,-0.667603725838467,0.013439035,-0.4129449,-0.10873401,212.9981,112.18737,-18.182058,WAL
1918197318000,130.67993,-0.85732228711059,-14.2770946503373,-1.1607010975066,0.15271631,-0.40439278,-0.109650314,212.9939,111.90795,-18.023977,WAL
1918202279000,130.684891,-0.423104694468886,-14.7481913728696,-1.53197116015656,0.27672195,-0.33567044,-0.14049901,213.02325,111.626144,-17.900114,WAL
1918207331000,130.689943,0.0658932131411019,-15.0933668199564,-1.72852915195204,0.3885103,-0.18600847,-0.19456059,213.08391,111.32854,-17.764975,WAL
1918212271000,130.694883,0.496707669277084,-15.4131989770439,-1.86806261048127,0.5177083,0.028710667,-0.27122417,213.18051,110.93571,-17.493364,WAL
1918217310000,130.699922,0.856258350495369,-15.7095847176802,-1.92150934337495,0.6731735,0.21410827,-0.36285394,213.3109,110.51802,-17.203964,WAL
1918222261000,130.704873,1.18076154698254,-15.9520841717706,-1.89683920957606,0.7877107,0.3549127,-0.45020768,213.4997,110.01004,-16.800354,WAL
1918227327000,130.709939,1.46629267705736,-16.121466955611,-1.74681435710723,0.89369583,0.46486846,-0.53023106,213.7283,109.47542,-16.377968,WAL
1918232249000,130.714861,1.59031879143413,-16.1460039933884,-1.45701270529898,0.9963212,0.54733527,-0.6026186,213.98997,108.86261,-15.877103,WAL
1918237305000,130.719917,1.46320657628585,-15.9388584198347,-0.920316707632474,1.108415,0.57635134,-0.68019843,214.26163,108.23046,-15.365882,WAL
1918242286000,130.724898,1.28451644441434,-15.583670658741,-0.418641399879166,1.2006557,0.48716503,-0.7892379,214.52211,107.528175,-14.798842,WAL
1918247421000,130.730033,0.987404038396999,-14.898395351296,0.0414036904638472,1.3130548,0.25778514,-0.9245446,214.74394,106.801445,-14.225144,WAL
1918252273000,130.734885,0.697070487781876,-14.2116788181637,0.439974608196591,1.4504995,0.014966198,-1.0650436,214.92172,106.039986,-13.670283,WAL
1918257403000,130.740015,0.364025594640614,-13.3790666748081,0.763224055031403,1.6502525,-0.17745635,-1.1795808,215.04831,105.24867,-13.106992,WAL
1918262288000,130.7449,0.0233854499060244,-12.6426091951726,1.02712461861707,1.9068159,-0.3118467,-1.2666291,215.12491,104.46532,-12.604761,WAL
1918267361000,130.749973,-0.394730417202493,-12.0322558847562,1.18091440264121,2.1835377,-0.3839288,-1.3439035,215.17383,103.653275,-12.0879,WAL
1918272314000,130.754926,-0.790549229644032,-11.5169478336823,1.29647856266826,2.4923303,-0.41233405,-1.3796391,215.23251,102.892204,-11.657007,WAL
1918277325000,130.759937,-1.1542139231728,-11.2346290230332,1.31083373610529,2.6374106,-0.43463063,-1.4498887,215.28947,102.12921,-11.201778,WAL
1918282302000,130.764914,-1.51344494705592,-11.060964450899,1.29391918812488,2.8997774,-0.44043383,-1.5140295,215.35582,101.43282,-10.826297,WAL
1918287323000,130.769935,-1.86973678369887,-11.2177335435685,1.1799057805572,3.1398473,-0.41996986,-1.5622878,215.44574,100.77772,-10.437224,WAL
1918292297000,130.774909,-2.244006660831,-11.4236272160416,0.997995060877278,3.2971451,-0.37995818,-1.5827519,215.53651,100.22301,-10.084566,WAL
1918297324000,130.779936,-2.69883903665285,-11.8134831089367,0.566368466582474,3.3771684,-0.26725355,-1.5769486,215.67831,99.748436,-9.726657,WAL
1918302300000,130.784912,-3.1521242105638,-12.1837424445104,0.0841622273709199,3.3728924,-0.10354166,-1.5836681,215.84615,80.5924,-9.400928,WAL
1918307326000,130.789938,-3.62821735501484,-12.4646376801187,-0.729957276332344,3.2769866,0.0842994,-1.557401,216.07448,80.8151,-9.089076,WAL
1918312310000,130.794922,-4.10145816649051,-12.7194993846154,-1.54786800919945,3.1367931,0.26542094,-1.5091426,216.33904,80.89226,-8.839479,WAL
1918317351000,130.799963,-4.58809917754942,-12.8092679615385,-2.45028002427089,2.9654453,0.46883908,-1.427592,216.67612,80.88178,-8.611441,WAL
1918322315000,130.804927,-5.07006256676143,-12.8871180593108,-3.29468242600853,2.8362474,0.68294734,-1.3362677,217.066691814975,80.7331441291181,-8.5195440620965,WAL
1918332376000,130.814988,-6.10910475939415,-12.806828310475,-4.00784315234547,2.7275133,1.044885,-1.1074986,217.8583,80.43189,-8.333288,WAL
1918337353000,130.819965,-6.62310068353022,-12.767110381844,-4.36063123851772,2.7192667,1.1505647,-0.9950995,218.30891,80.20896,-8.343435,WAL
1918342595000,130.825207,-7.17893798820327,-12.7342502068966,-4.72068795317604,2.7259862,1.2296717,-0.9120218,218.78894,79.961685,-8.379101,WAL
1918347438000,130.83005,-7.92248458878806,-12.8464834846743,-4.87033250259125,2.73576,1.3161092,-0.8933904,219.29445,79.70321,-8.42592,WAL
1918352592000,130.835204,-8.6454332873866,-12.9392472908985,-5.04944722415374,2.7348437,1.4831808,-1.0180069,219.75214,79.419044,-8.560578,WAL
1918357421000,130.840033,-8.48753403204566,-12.7001432493415,-5.4599849111794,2.6603181,1.7528778,-1.2366967,220.26416,79.17136,-8.670624,WAL
1918362686000,130.845298,-8.28805936536845,-12.4175416954329,-5.82643623564024,2.4602597,2.1856759,-1.3439035,220.8402,78.90714,-8.85622,WAL
1918367356000,130.849968,-7.52783596665733,-11.6990887795835,-4.4187700472588,2.1923954,2.3441954,-1.3051136,221.41171,78.69387,-9.010191,WAL
1918372307000,130.854919,-6.72186893303446,-10.9374056133371,-2.92640274561502,1.9935588,2.339003,-1.2370021,222.01807,78.56552,-9.121485,WAL
1918377359000,130.859971,-5.76284253797658,-10.4904760450315,-1.82191635740018,1.9391917,2.035403,-1.0797043,222.57594,78.434006,-9.256506,WAL
1918382250000,130.864862,-4.80663392860002,-10.1248668204743,-0.837583935164615,1.8558086,1.6841555,-0.9242391,223.11174,78.33069,-9.400002,WAL
1918387330000,130.869942,-3.79035713136189,-10.1525949512607,-0.520716562468835,1.8503108,1.5008959,-0.8151997,223.6377,78.1289,-9.486707,WAL
1918392378000,130.87499,-2.77536113211173,-10.2704074832693,-0.36212340121286,1.8603901,1.4978416,-0.7861836,224.10223,77.92777,-9.583811,WAL
1918397432000,130.880044,-1.76363356335674,-10.6018373510433,-0.0782802791531807,1.8643607,1.5192219,-0.81336707,224.54205,77.72354,-9.577626,WAL
1918402249000,130.884861,-0.801093779049364,-11.0009384257506,0.241001198365394,1.887879,1.4801265,-0.8720101,224.95773,77.51519,-9.566377,WAL
1918407387000,130.889999,0.0904824720892604,-11.3876750043563,0.221257614137713,1.93797,1.4752395,-0.9783007,225.38197,77.35945,-9.425077,WAL
1918412297000,130.894909,0.89313605276138,-11.7430166108642,0.0707600696169097,2.0015,1.5066991,-1.0916162,225.80565,77.20148,-9.26684,WAL
1918417357000,130.899969,1.61512796210918,-11.8880847336886,-0.124640020167488,2.072971,1.5775595,-1.1814134,226.26038,77.09315,-8.968808,WAL
1918422347000,130.904959,2.21566405268925,-11.7968034016286,-0.36005020208867,2.1300871,1.6001616,-1.2012665,226.71219,76.96048,-8.664095,WAL
1918427363000,130.909975,2.51126910608822,-11.6268918428246,-0.751310294885069,2.179567,1.6462818,-1.2205088,227.20393,76.89998,-8.233659,WAL
1918432356000,130.914968,2.49641604259681,-11.3793402676538,-1.29592295894077,2.137723,1.7088956,-1.2250903,227.70633,76.81798,-7.811807,WAL
1918437364000,130.919976,2.34986268178847,-10.9027730041592,-1.71281156428996,2.108096,1.7617353,-1.1722504,228.21779,76.745636,-7.343552,WAL
1918442387000,130.924999,2.10214795018816,-10.2501401554763,-2.03198257464845,2.1090124,1.7794504,-1.1123856,228.73506,76.645546,-6.88506,WAL
1918447354000,130.929966,1.73693961049213,-9.58891728937008,-2.24349053419291,2.112372,1.7718146,-1.029308,229.24313,76.56486,-6.466117,WAL
1918452357000,130.934969,1.27007314283465,-8.90983882677165,-2.37081777055118,2.0937407,1.7379116,-0.9502009,229.74341,76.46178,-6.0677443,WAL
1918457447000,130.940059,0.754113753975908,-8.35460418904928,-2.51638634962668,2.060143,1.6975945,-0.9092729,230.23042,76.34706,-5.7271423,WAL
1918462356000,130.944968,0.22057165730214,-7.93806686460926,-2.67083267720259,1.9752327,1.6584991,-0.8539896,230.70078,76.22874,-5.4139304,WAL
1918467346000,130.949958,-0.303375155639485,-7.62260382403434,-2.72092288197425,1.9077321,1.6404786,-0.80481493,231.16052,76.0762,-5.182714,WAL
1918472350000,130.954962,-0.810707529723605,-7.41235803175966,-2.66607622618026,1.8420641,1.5662584,-0.7910705,231.59087,75.940094,-4.953143,WAL
1918477331000,130.959943,-1.26276773864818,-7.21497917320828,-2.60403920399633,1.7944167,1.4999796,-0.77213365,232.01022,75.79342,-4.818751,WAL
1918482353000,130.964965,-1.64030812097054,-7.03356358303599,-2.53049227254562,1.6737708,1.4498887,-0.7849618,232.41336,75.68708,-4.6771584,WAL
1918487380000,130.969992,-1.95595456528029,-6.69290635262206,-2.49779741229656,1.5519031,1.3912456,-0.8054258,232.79578,75.551636,-4.6162424,WAL
1918492344000,130.974956,-2.19236147468354,-6.16421476962025,-2.51499067063291,1.434617,1.349096,-0.8145888,233.16763,75.45082,-4.554306,WAL
1918497274000,130.979886,-2.39220079461782,-5.69241077376445,-2.53256512626624,1.3271047,1.3411547,-0.829555,233.53403,75.346054,-4.545099,WAL
1918502351000,130.984963,-2.47180200382687,-5.39888115895836,-2.55246532467001,1.2574661,1.3594806,-0.84879726,233.8951,75.2672,-4.53263,WAL
1918507340000,130.989952,-2.52578743183394,-5.10847408846406,-2.48069432070097,1.1972959,1.3906348,-0.88086766,234.26445,75.1871,-4.5648174,WAL
1918512354000,130.994966,-2.5167876518883,-4.81148257192391,-2.17020343965889,1.1242975,1.4584408,-0.9233228,234.64888,75.135254,-4.594219,WAL
1918517304000,130.999916,-2.50594101696638,-4.51655383737295,-1.88223568561376,1.0479393,1.4993688,-0.96577793,235.0364,75.095985,-4.6310143,WAL
1918522348000,131.00496,-2.4823359645817,-4.20496694870993,-1.70755815007819,0.93676186,1.5195273,-1.0103711,235.43729,75.09264,-4.660214,WAL
1918527311000,131.009923,-2.45930541268418,-3.91682133515001,-1.52514175980827,0.8020661,1.6102408,-1.0442741,235.87375,75.039345,-4.704588,WAL
1918532341000,131.014953,-2.43792639466536,-3.80992593252263,-1.23438631109533,0.6942484,1.6951511,-1.058324,236.31168,75.01295,-4.7446237,WAL
1918537323000,131.019935,-2.41675139113261,-3.70405060530801,-0.946405467061956,0.57635134,1.7391334,-1.0925325,236.76563,74.97662,-4.785279,WAL
1918542375000,131.024987,-2.4557296071057,-3.64045892351228,-0.747672440089472,0.45448375,1.7809776,-1.1001683,237.23611,74.97053,-4.836171,WAL
1918547252000,131.029864,-2.50432095628381,-3.58700838360383,-0.572743268468581,0.34697145,1.8579466,-1.099252,237.72435,74.995316,-4.886242,WAL
1918552348000,131.03496,-2.54786534769605,-3.58603046197759,-0.43061951275207,0.23243423,1.949271,-1.0778717,238.20012,74.94202,-4.969653,WAL
1918557328000,131.03994,-2.58968056172431,-3.59067658608865,-0.295881816502679,0.1160644,2.033876,-1.0684034,238.68744,74.91985,-5.053658,WAL
1918562319000,131.044931,-2.52713576499124,-3.5870414221238,-0.171197876119065,-0.00580322,2.1108449,-1.0403035,239.15298,74.83307,-5.190542,WAL
1918567252000,131.049864,-2.44928236536204,-3.58217559099804,-0.0495520100763209,-0.15302174,2.151162,-1.0262536,239.62076,74.786964,-5.3246813,WAL
1918572308000,131.05492,-2.27665176186382,-3.48594824490562,0.179368976597193,-0.22724187,2.2256875,-1.0012082,240.07553,74.66126,-5.5199594,WAL
1918577261000,131.059873,-2.09852256717067,-3.38282080351813,0.41374946277478,-0.38453966,2.2809708,-0.95569867,240.5203,74.59826,-5.7168045,WAL
1918582317000,131.064929,-1.8376579638731,-3.402578147075,0.657385525820649,-0.5366451,2.2580633,-0.93523467,240.96466,74.542336,-5.8977785,WAL
1918587301000,131.069913,-1.57068757722355,-3.43759063282597,0.898096548156978,-0.70402217,2.1664336,-0.91874135,241.38837,74.53029,-6.0799685,WAL
1918592329000,131.074941,-1.33082158078449,-3.45903366557955,1.13800656293521,-0.84574294,2.072971,-0.8875872,241.8104,74.518425,-6.234382,WAL
1918597275000,131.079887,-1.10640822031732,-3.47469040405465,1.37285774905245,-0.96944314,1.9709567,-0.84391034,242.19016,74.542534,-6.3827033,WAL
1918602311000,131.084923,-0.957325543105091,-3.42402289746847,1.69222399091079,-1.0778717,1.8466456,-0.79534656,242.56302,74.58619,-6.4760923,WAL
1918607351000,131.089963,-0.817551569148996,-3.3654080976553,2.02136922995796,-1.1707232,1.6572775,-0.73273283,242.87515,74.64886,-6.569218,WAL
1918612321000,131.094933,-0.773986048861309,-3.29155125550729,2.38389399478747,-1.2434162,1.4618006,-0.6609562,243.175,74.725746,-6.620998,WAL
1918617265000,131.099877,-0.759295445522805,-3.21320145966491,2.75605524381012,-1.3170254,1.2434162,-0.59589905,243.40405,74.81648,-6.670759,WAL
1918622318000,131.10493,-0.820289344455822,-3.26430606122001,3.03563248410376,-1.38025,1.0091494,-0.5177083,243.6013,74.87048,-6.703185,WAL
1918627283000,131.109895,-0.896801548741954,-3.34313676653013,3.28835456719329,-1.4480561,0.7724391,-0.44715336,243.72832,74.93438,-6.734597,WAL
1918632315000,131.114927,-0.974346244002341,-3.42303124973669,3.54448699863468,-1.5308284,0.53023106,-0.3680463,243.83302,74.98428,-6.750692,WAL
1918637309000,131.119921,-1.05130534736688,-3.50232239622586,3.79868520265262,-1.6303993,0.30085114,-0.2660318,243.86642,75.0407,-6.7767377,WAL
1918642338000,131.12495,-1.11236568403022,-4.01588353290209,4.05338694462844,-1.7241671,0.11636983,-0.15974127,243.84933,75.10586,-6.820493,WAL
1918647307000,131.129919,-1.16654274965846,-4.68570900144898,4.30457138604844,-1.785559,-0.0070249503,-0.06169739,243.77824,75.17298,-6.878259,WAL
1918652311000,131.134923,-1.09886619725936,-5.81522418398293,4.6414199313229,-1.7935003,-0.07788532,0.07147124,243.70691,75.17866,-6.9641595,WAL
1918657376000,131.139988,-0.997667161033665,-7.08021175254623,5.00481631766714,-1.738828,-0.10934488,0.19700404,243.60605,75.16981,-7.0681114,WAL
1918662318000,131.14493,-0.7565325375,-8.69457854705882,5.52208524889706,-1.6065756,-0.086132,0.29168814,243.50424,75.11245,-7.198553,WAL
1918667312000,131.149924,-0.448824799861111,-10.4968666343137,6.11796385140931,-1.385137,0.02107485,0.3381139,243.41272,75.00999,-7.3498497,WAL
1918672312000,131.154924,0.320253246002408,-12.4267593534587,6.85413451852023,-1.2217305,0.20341812,0.39920044,243.34543,74.8523,-7.510906,WAL
1918677327000,131.159939,1.2675536625132,-14.4103086487638,7.64577513996666,-0.81214535,0.41538838,0.36713,243.3222,74.59684,-7.6605406,WAL
1918682319000,131.164931,2.29690762803583,-15.8948642053739,8.35399125207248,-0.26358834,0.6072,0.26267207,243.40186,74.31556,-7.707781,WAL
1918687305000,131.169917,3.39094953976255,-17.0038249643824,9.00047028975214,0.36743546,0.8350528,0.0888809,243.55704,73.9411,-7.742301,WAL
1918692317000,131.174929,4.31910886347765,-17.747139203956,9.06367726783732,0.9098838,1.1664472,-0.12034045,243.91357,73.59045,-7.5060306,WAL
1918697323000,131.179935,5.1512753045716,-18.2841765588859,8.80241600211929,1.2318097,1.5372424,-0.29352075,244.34464,73.159325,-7.2753468,WAL
1918702317000,131.184929,5.28558888044529,-18.1902100475604,8.31160839469446,1.2822062,1.7782288,-0.36163223,244.88521,72.71922,-6.8690777,WAL
1918707363000,131.189975,5.06582771623875,-17.7735796833728,7.69810849587873,1.1472049,1.9184223,-0.39370266,245.49419,72.258095,-6.4864564,WAL
1918712310000,131.194922,4.39106555317378,-16.650893144641,6.98134268886576,0.9486737,1.9532416,-0.376293,246.1485,71.90662,-6.033766,WAL
1918717312000,131.199924,3.33928902742976,-14.941133551717,6.1638482880333,0.75900006,1.9230038,-0.35277468,246.80814,71.585106,-5.618214,WAL
1918722307000,131.204919,2.22962551483983,-13.0912457558858,5.45163347394828,0.6035349,1.9004018,-0.33169982,247.46327,71.35507,-5.277668,WAL
1918727328000,131.20994,1.07899675083944,-11.1472394510807,4.79744523292165,0.46700647,1.8606955,-0.33017266,248.09308,71.167,-4.9563293,WAL
1918732313000,131.214925,0.0777384431403647,-9.30397017525773,4.34152879238699,0.32070425,1.813659,-0.3213151,248.68973,71.01462,-4.8003793,WAL
1918737305000,131.219917,-0.813200789849326,-7.52683104123711,4.03823035114988,0.12950343,1.7278323,-0.29871312,249.25664,70.91029,-4.6483736,WAL
1918742317000,131.224929,-1.5440684843292,-6.15231574689966,3.81759378782413,-0.1142318,1.604743,-0.24220806,249.76923,70.81941,-4.6988482,WAL
1918747318000,131.22993,-2.13351446908117,-5.13090918587937,3.6691074072717,-0.36041048,1.4538593,-0.16523905,250.24054,70.77802,-4.7488976,WAL
1918752316000,131.234928,-2.65248836102436,-4.39461171939413,3.5940183196752,-0.57726765,1.258077,-0.07544186,250.6575,70.72503,-4.9732685,WAL
1918757343000,131.239955,-3.07347297409952,-4.06383810231106,3.62408863422861,-0.7687739,1.0128145,0.021380283,251.00308,70.72246,-5.1937323,WAL
1918762316000,131.244928,-3.42101805281595,-4.03620333689762,3.67549948283337,-0.926988,0.88697636,0.1423316,251.30334,70.7366,-5.481239,WAL
1918767313000,131.249925,-3.69886972440488,-4.31868571977937,3.74959318455583,-1.0797043,0.5919284,0.18845193,251.48419,70.793144,-5.7331653,WAL
1918772296000,131.254908,-3.97519188950511,-4.869771789748,3.83302549401882,-1.1523973,0.24648413,0.27885997,251.59676,70.82848,-6.057555,WAL
1918777326000,131.259938,-4.25307523471309,-5.80092512503795,3.93052848825018,-1.2928963,-0.22876903,0.3381139,251.58856,70.912636,-6.345539,WAL
1918782299000,131.264911,-4.56993488749627,-7.16367886053076,3.95229704438923,-1.3478742,-0.82741696,0.38148534,251.44629,70.97742,-6.6436887,WAL
1918787306000,131.269918,-4.94168575113806,-9.08915641794056,3.88080657982308,-1.3307699,-1.4376713,0.39522982,251.16641,71.04773,-6.905595,WAL
1918792295000,131.274907,-5.37489318541114,-11.1329048772262,3.50058605426298,-1.2238685,-1.9486601,0.41050145,250.75304,71.11933,-7.1689243,WAL
1918797320000,131.279932,-5.89460447685676,-13.3576346091322,2.70734229621069,-1.0803152,-2.2369885,0.43035457,250.23402,71.16726,-7.40261,WAL
1918802244000,131.284856,-6.42137250706284,-15.3811863273259,2.12780977812957,-0.89675015,-2.134974,0.44898596,249.69286,71.25962,-7.6680813,WAL
1918807315000,131.289927,-7.0032886528982,-17.1127418929372,1.97641688861179,-0.5992588,-1.8206838,0.45875978,249.13696,71.27887,-7.924564,WAL
1918812251000,131.294863,-6.97204075744438,-18.4114707387336,1.92724085439247,-0.05009095,-1.3707817,0.5030475,248.66264,71.37579,-8.276656,WAL
1918817311000,131.299923,-5.20287194055904,-18.6187960363187,2.16220867508081,0.782213,-0.8894198,0.52778757,248.29073,71.3127,-8.636914,WAL
1918822306000,131.304918,-3.46485691286149,-18.1616695002621,2.00340544039006,1.5448782,-0.8176431,0.2968805,247.97281,71.23114,-8.967162,WAL
1918827332000,131.309944,-1.7589783056307,-14.3310127190941,-0.146607321988047,1.8579466,-0.9285152,-0.16829337,247.76105,71.07937,-9.232782,WAL
1918832280000,131.314892,-0.453370149482429,-10.8393553528457,-1.87374172337662,1.5922203,-0.7626653,-0.4914411,247.69855,70.96755,-9.263458,WAL
1918837307000,131.319919,-0.237298485301757,-8.12236890221543,-2.47138673766234,0.91324353,-0.23854288,-0.552833,247.7283,70.91201,-9.2565975,WAL
1918842344000,131.324956,-0.0606893808627606,-5.61482971960281,-2.87841085348286,0.14477506,0.089186326,-0.53023106,247.68741,71.1046,-9.062722,WAL
1918847312000,131.329924,-0.079492887317854,-4.18106212169746,-2.35191265899615,-0.52687126,-0.021380283,-0.4972443,247.67319,71.448906,-8.866052,WAL
1918852317000,131.334929,-0.172899371207012,-2.85829391641718,-1.84966295290526,-0.9651671,-0.35094208,-0.37812558,247.6372,71.867035,-8.724636,WAL
1918857341000,131.339953,-0.722555665402797,-2.27546870121135,-1.5179738615521,-1.2617421,-0.7809912,-0.24984388,247.53658,72.412094,-8.581238,WAL
1918862332000,131.344944,-1.25819902683168,-1.74764202665347,-1.30042987584158,-1.5008959,-1.0064005,-0.10903945,247.4011,72.90886,-8.484164,WAL
1918867312000,131.349924,-1.71151388128713,-1.62014722229703,-1.95679190356436,-1.6096299,-1.41904,-0.036957346,247.08682,73.436966,-8.361922,WAL
1918872300000,131.354912,-2.14375566219067,-1.52421381322515,-2.6126499162069,-1.7669277,-1.7681495,0.09132435,246.78247,73.9019,-8.414691,WAL
1918877330000,131.359942,-2.34894793135903,-1.76360487894523,-3.25754014551724,-1.9046779,-1.9856175,0.18417588,246.39235,74.370804,-8.466659,WAL
1918882290000,131.364902,-2.54314643496215,-2.01789514986235,-3.86389560368204,-1.9999728,-2.1615467,0.2510656,245.83984,74.89093,-8.574945,WAL
1918887314000,131.369926,-2.67560040880936,-2.41939603657949,-4.24470058399862,-2.0561724,-2.4040601,0.31887165,245.19957,75.39699,-8.704155,WAL
1918892349000,131.374961,-2.80834438936683,-2.8217760056521,-4.62633933318135,-2.037541,-2.6713138,0.39187005,244.46399,75.93623,-8.879785,WAL
1918897321000,131.379933,-2.86696025760286,-3.14167230876565,-5.00656277352415,-2.0002782,-2.878397,0.45570546,243.67383,76.43293,-9.078012,WAL
1918902250000,131.384862,-2.90695982817061,-3.43944771984747,-5.38433751137369,-1.969735,-2.9471195,0.50488013,242.84552,76.86954,-9.30206,WAL
1918907323000,131.389935,-2.89819820592697,-3.75446261863053,-5.41883565686255,-1.930945,-2.8347201,0.5479461,241.99976,77.274796,-9.579139,WAL
1918912288000,131.3949,-2.86453367801153,-4.06706242337413,-5.27455894365328,-1.9019289,-2.6829202,0.605062,241.14752,77.59209,-9.888303,WAL
1918917312000,131.399924,-2.8376592755078,-4.58137741673045,-4.86215731781965,-1.9022343,-2.5314255,0.6963864,240.31958,77.85004,-10.24171,WAL
1918922308000,131.40492,-2.81418469370032,-5.18232464220391,-4.33163334753214,-1.8860464,-2.4098635,0.8246681,239.53136,77.98083,-10.640144,WAL
1918927326000,131.409938,-2.77736417729669,-6.11729146501724,-3.93672961072805,-1.8842138,-2.3154848,0.95478237,238.7898,77.99295,-11.066151,WAL
1918932327000,131.414939,-2.73365674560941,-7.22454592780369,-3.61620871547354,-1.9251418,-2.1945333,1.10139,238.09659,77.8678,-11.547457,WAL
1918937319000,131.419931,-2.56020860619975,-8.24613370029009,-3.62018928510568,-1.9727893,-2.0405953,1.2739595,237.47136,77.59006,-12.072529,WAL
1918942341000,131.424953,-2.32501692026523,-9.23473635723166,-3.77565508727725,-1.9941696,-1.8356501,1.5103643,236.90137,77.17524,-12.663982,WAL
1918947279000,131.429891,-2.05444995743997,-10.3128336729202,-3.90423662146226,-1.9950858,-1.6007724,1.7629571,236.42017,76.66407,-13.280069,WAL
1918952315000,131.434927,-1.66667547399228,-11.713992157054,-3.96628037900943,-1.9679024,-1.402852,1.9602666,235.99408,76.05009,-13.943525,WAL
1918957299000,131.439911,-1.27622830567068,-12.964695455979,-3.98572391792176,-1.9437732,-1.3164146,2.1169536,235.59492,104.55501,-14.550138,WAL
1918962323000,131.444935,-0.872563896492469,-14.0200589461235,-3.94195321297887,-1.9074267,-1.1618657,2.1688771,235.2838,105.21808,-15.173701,WAL
1918967260000,131.449872,-0.460510738401299,-14.7766170136568,-3.88295112121096,-1.8820758,-0.9932669,2.204002,235.01865,105.818596,-15.702303,WAL
1918972303000,131.454915,-0.0177258987298252,-15.1502170562506,-3.79992892163117,-1.8570304,-0.75594574,2.1444426,234.82855,106.42221,-16.206665,WAL
1918977249000,131.459861,0.397596996144355,-15.3668141190623,-3.72118019580506,-1.8756617,-0.47433686,2.0253236,234.71764,106.914116,-16.577875,WAL
1918982318000,131.46493,0.781922728500925,-15.2619974558914,-3.64631159740901,-1.8674151,-0.18509217,1.8414533,234.68292,107.38024,-16.903372,WAL
1918987307000,131.469919,1.20962593069325,-14.9869958758423,-3.5230856383181,-1.8497,0.084910266,1.5980235,234.72725,107.71396,-17.078543,WAL
1918992330000,131.474942,1.72028735012462,-14.4319291055109,-3.3188210983661,-1.8041905,0.31581733,1.3359623,234.84204,108.00359,-17.189713,WAL
1918997341000,131.479953,2.20017016031778,-13.8243645686197,-2.99825194339623,-1.743104,0.42210788,1.0772609,234.99869,108.18775,-17.178232,WAL
1919002313000,131.484925,2.57372071714002,-13.034707282423,-2.27479310943396,-1.6850718,0.34269542,0.7965683,235.1571,108.309044,-17.088882,WAL
1919007308000,131.48992,2.89141942203663,-12.2025698365759,-1.57196598408276,-1.6465873,0.02321288,0.54000485,235.26526,108.32042,-16.885874,WAL
1919012321000,131.494933,2.98254307848534,-11.2138774980545,-0.961437048184493,-1.6132951,-0.4981606,0.32436943,235.27759,108.282486,-16.63282,WAL
1919017311000,131.499923,3.03206771130987,-10.2390076030006,-0.409166710473168,-1.5748106,-1.1166617,0.16310102,235.13644,108.14079,-16.31964,WAL
1919022309000,131.504921,2.69142531534911,-9.3505748897865,-0.381547054927871,-1.5693128,-1.6890424,0.013133603,234.84625,107.96223,-15.976045,WAL
1919027613000,131.510225,2.26629331189086,-8.42602735912688,-0.451575847416098,-1.566564,-2.0934353,-0.11911872,234.39864,107.74344,-15.640798,WAL
1919032315000,131.514927,1.16050523659118,-7.81579611139609,-1.65156064749613,-1.5460999,-2.2644775,-0.24709499,233.84874,107.49483,-15.28386,WAL
1919037311000,131.519923,-0.0144239901628012,-7.16740918803092,-2.92657639849568,-1.4944818,-2.240043,-0.35124752,233.22751,107.310684,-14.999227,WAL
1919042338000,131.52495,-0.614659405610641,-6.97315335452439,-3.28332870426239,-1.4315627,-2.1273382,-0.41233405,232.5835,107.10833,-14.697639,WAL
1919047253000,131.529865,-1.07473502326481,-6.88303556164853,-3.43036312823458,-1.3900238,-1.9843957,-0.43218717,231.95808,106.89441,-14.37995,WAL
1919052315000,131.534927,-1.30171785037313,-7.02711561753731,-3.31626079422624,-1.3707817,-1.844813,-0.38789943,231.3901,107.020935,-14.303404,WAL
1919057351000,131.539963,-1.47457244328358,-7.22128113432836,-3.14577404603299,-1.3878858,-1.7773124,-0.3042109,230.84627,107.162186,-14.235028,WAL
1919062317000,131.544929,-1.64502437108209,-7.41274776585821,-2.97765705009819,-1.4095715,-1.6462818,-0.24556783,230.35895,107.40111,-14.257409,WAL
1919067249000,131.549861,-1.81430929011194,-7.60290351026119,-2.81069107668892,-1.4187346,-1.5632042,-0.13225232,229.88647,107.68015,-14.322811,WAL
1919072304000,131.554916,-1.90783899739225,-7.9300977871482,-2.62144865243062,-1.4535538,-1.4926492,0.0021380284,229.45409,107.990135,-14.407098,WAL
1919077275000,131.559887,-1.97342533042708,-8.29550737787837,-2.42937453465853,-1.4709635,-1.4068227,0.12095132,229.05743,108.32541,-14.517413,WAL
1919082315000,131.564927,-1.9781187061517,-8.56860932729445,-2.13947738753733,-1.4825699,-1.2904528,0.226631,228.66966,108.69154,-14.735277,WAL
1919087317000,131.569929,-1.95904518291857,-8.80225988731834,-1.81522719382839,-1.509448,-1.1432343,0.29718593,228.32277,109.0798,-14.969896,WAL
1919092376000,131.574988,-1.75734402017544,-8.77857144736842,-1.40350622631579,-1.5308284,-1.0228939,0.35796702,227.9938,109.455215,-15.235689,WAL
1919097380000,131.579992,-1.48811732863197,-8.65576630366647,-0.964241730751035,-1.5558738,-0.96852684,0.4260785,227.69475,109.848404,-15.51567,WAL
1919102349000,131.584961,-1.27566643264033,-8.50587679002079,-0.660162549189189,-1.5937474,-0.96883225,0.5009095,227.40578,110.21153,-15.816322,WAL
1919107378000,131.58999,-1.08451225118125,-8.34203033519184,-0.409841541154791,-1.5916094,-1.039998,0.550695,227.11601,110.5755,-16.124731,WAL
1919112320000,131.594932,-0.930424990183274,-8.19344119643986,-0.335357703284179,-1.577254,-1.1273518,0.57940567,226.81721,110.87335,-16.403784,WAL
1919117313000,131.599925,-0.799474703581209,-8.0524176085949,-0.385723189231093,-1.5015068,-1.1899655,0.6056729,226.51036,111.165886,-16.69341,WAL
1919122304000,131.604916,-0.779022906599441,-7.94846822583866,-0.511294002414137,-1.3732251,-1.2144,0.61208695,226.18845,111.40033,-16.957487,WAL
1919127331000,131.609943,-0.812668904684505,-7.86195022324281,-0.674717385834664,-1.2260065,-1.185384,0.6020077,225.8682,111.617355,-17.219152,WAL
1919132314000,131.614926,-0.917266598173854,-7.7838753161686,-0.762179757909082,-1.0934488,-1.1218541,0.5867361,225.55661,111.80301,-17.44814,WAL
1919137312000,131.619924,-1.05704529879879,-7.709326640806,-0.813431953976443,-0.96944314,-1.0320568,0.5842926,225.26512,111.96358,-17.669409,WAL
1919142343000,131.624955,-1.27622638474679,-7.73470270696452,-0.800118830496311,-0.8854492,-0.926988,0.5925393,225.00356,112.12916,-17.881266,WAL
1919147311000,131.629923,-1.54073324034166,-7.82126863810775,-0.747217439290407,-0.8604037,-0.8197812,0.6072,224.77243,112.28283,-18.083685,WAL
1919152314000,131.634926,-1.8174657965087,-7.83529329344294,-0.618758956023211,-0.88606006,-0.7101309,0.6206391,224.57271,112.46387,-18.311958,WAL
1919157368000,131.63998,-2.10300472360735,-7.80720761912959,-0.445563244286267,-0.93615097,-0.6814202,0.64721173,224.38492,112.64863,-18.54078,WAL
1919162316000,131.644928,-2.34926649199715,-7.72902657453732,-0.343018937049014,-0.9636399,-0.6646214,0.66920286,224.21509,112.86836,-18.826286,WAL
1919167317000,131.649929,-2.57329598488916,-7.61214129448851,-0.289446672979459,-1.0274754,-0.6988298,0.71837753,224.04428,113.11053,-19.119307,WAL
1919172304000,131.654916,-2.74153543797755,-7.61375254096101,-0.350161674497834,-1.0980303,-0.75411314,0.77763146,223.8603,113.3952,-19.4796,WAL
1919177328000,131.65994,-2.87418501623671,-7.69428989267428,-0.487548682926349,-1.1578951,-0.8142834,0.8362745,223.66972,113.694145,-19.843529,WAL
1919182316000,131.664928,-2.93863556062859,-7.90740029625223,-0.65702345288023,-1.2165382,-0.84207773,0.8866709,223.4447,114.029854,-20.241566,WAL
1919187308000,131.66992,-2.952855435465,-8.22023922546103,-0.85136254246976,-1.2428054,-0.8512407,0.9120218,223.21167,114.37169,-20.63929,WAL
1919192337000,131.674949,-2.87194993690358,-8.59595338111265,-1.02316547818254,-1.2696834,-0.85918194,0.93431836,222.97124,114.744446,-21.04278,WAL
1919197322000,131.679934,-2.71599740463275,-9.01655226994654,-1.17439220380618,-1.2855659,-0.86559606,0.94959,222.73131,115.116745,-21.440725,WAL
1919202313000,131.684925,-2.49354995193079,-9.46230236308534,-1.24747904363085,-1.282817,-0.88178396,0.95814216,222.49706,115.482,-21.817173,WAL
1919207393000,131.690005,-2.20818372062763,-9.93791233473458,-1.25223514334735,-1.2492194,-0.91721416,0.9828822,222.25877,115.845436,-22.194153,WAL
1919212288000,131.6949,-1.93523941946375,-10.3810123242755,-1.1524650034847,-1.1969905,-0.9660834,0.98624194,222.00623,116.139206,-22.498522,WAL
1919217315000,131.699927,-1.65708407765641,-10.8199764811772,-0.939502309135145,-1.1145236,-1.071763,0.9773844,221.72958,116.42172,-22.805065,WAL
1919222329000,131.704941,-1.38876439740344,-11.2203960714054,-0.735471420918533,-1.0115929,-1.2104294,0.960891,221.45372,116.60634,-23.021198,WAL
1919227304000,131.709916,-1.14649492293628,-11.5193670359191,-0.555057973552959,-0.89919364,-1.3347405,0.9193522,221.15123,116.76781,-23.229866,WAL
1919232283000,131.714895,-0.883257467071725,-11.7425983977475,-0.544799401650859,-0.79534656,-1.3961325,0.88239485,220.82454,116.80354,-23.350067,WAL
1919237337000,131.719949,-0.586787080875321,-11.8621428237502,-0.774324864347955,-0.657291,-1.3839152,0.8368854,220.48466,116.81044,-23.457888,WAL
1919242293000,131.724905,-0.264554946213934,-11.9747717151869,-1.09385633455423,-0.47036624,-1.2608259,0.80664754,220.1718,116.7289,-23.498638,WAL
1919247300000,131.729912,0.109124426855924,-12.0815370831246,-1.56095556947212,-0.26328292,-1.0280862,0.77640975,219.89928,116.62259,-23.519178,WAL
1919252279000,131.734891,0.49918315456665,-12.139633459706,-2.01273126801825,-0.03604105,-0.89766645,0.72021013,219.65881,116.44769,-23.466677,WAL
1919257363000,131.739975,0.958182506343639,-12.0409239793208,-2.43224686886974,0.16279559,-0.61117065,0.68752885,219.53929,116.25649,-23.390652,WAL
1919262271000,131.744883,1.38052611091208,-11.8897890944983,-2.7591321813471,0.22327125,-0.35033122,0.59223384,219.48375,116.00044,-23.205786,WAL
1919267324000,131.749936,1.75644345019192,-11.5757882303052,-2.87411859477244,0.27305678,-0.14202617,0.4831944,219.49539,115.71753,-22.99938,WAL
1919272316000,131.754928,2.09934726985962,-11.2934877299752,-2.9743339645128,0.172264,-0.006414085,0.34422258,219.58537,115.39481,-22.692257,WAL
1919277288000,131.7599,2.12392192386457,-11.3229769042114,-2.92518470782411,-0.01740966,0.04520403,0.17501289,219.7003,115.049965,-22.34627,WAL
1919282286000,131.764898,2.08874764925211,-11.4154768538881,-2.84782563758296,-0.24312437,0.018936822,-0.009162978,219.83636,114.66783,-21.9195,WAL
1919287290000,131.769902,1.68049391754334,-11.8996851094601,-2.59622739259039,-0.43004912,-0.0421497,-0.1704314,219.96329,114.27685,-21.458292,WAL
1919292305000,131.774917,1.23001135966591,-12.3618702304215,-2.31012503222954,-0.5708536,-0.12858713,-0.2910773,220.0601,113.874245,-20.961855,WAL
1919297278000,131.77989,0.490616352228555,-12.6566918747175,-1.7859969261865,-0.6407976,-0.23884831,-0.3576616,220.12009,113.472,-20.44945,WAL
1919302303000,131.784915,-0.250718030647157,-12.9126605884317,-1.27244386132574,-0.62858033,-0.35033122,-0.39278635,220.12263,113.075,-19.969196,WAL
1919307298000,131.78991,-0.927179343536286,-12.7294525431602,-0.929515523389964,-0.5516113,-0.3912592,-0.3894266,220.10956,112.685135,-19.495104,WAL
1919312350000,131.794962,-1.58544338437995,-12.5500546396593,-0.600198109820721,-0.43799037,-0.34605515,-0.35246924,220.04892,112.34915,-19.150951,WAL
1919317300000,131.799912,-1.82960639993067,-12.4655369197702,-0.548548228134905,-0.31031954,-0.2171626,-0.2947425,220.00633,112.01739,-18.821642,WAL
1919322448000,131.80506,-2.05354911629785,-12.4039273427034,-0.49076265867823,-0.14905111,-0.064751714,-0.23396139,219.990538746998,111.773818294636,-18.6597674883907,WAL
1919327292000,131.809904,-1.81309033922448,-12.7414940755582,-0.375157460121611,0.0033597588,0.062002823,-0.18478674,219.97568,111.54463,-18.507452,WAL
1919332531000,131.815143,-1.52122032699974,-13.1562758611183,-0.209785604470741,0.17928895,0.15515977,-0.1695151,220.01196,111.3361,-18.416391,WAL
1919337303000,131.819915,-0.855621052544257,-14.1586366330299,0.447889892437798,0.3652974,0.14355333,-0.20066923,220.06044,111.11136,-18.324697,WAL
1919342309000,131.824921,-0.157383423054703,-15.2101492114434,1.13781519367924,0.5479461,0.05589417,-0.2602286,220.1249,110.80268,-18.169193,WAL
1919347316000,131.829928,0.308326460970732,-15.7208654341463,1.19775490926829,0.7113526,-0.05131268,-0.34269542,220.18356,110.467896,-18.001926,WAL
1919352282000,131.834894,0.680389589688449,-16.0185160018408,1.01391192098481,0.8961393,-0.096516706,-0.4361578,220.23857,110.09987,-17.818121,WAL
1919357379000,131.839991,1.06831095503293,-16.1336338623393,0.712975089109439,1.0919216,-0.16982053,-0.48288897,220.25691,109.485275,-17.449928,WAL
1919362320000,131.844932,1.44915793612418,-16.0940650617748,0.332128097688931,1.1826351,-0.1777618,-0.58001655,220.28627,108.852066,-17.05144,WAL
1919367316000,131.849928,1.61089794419692,-15.843808842367,0.116007462286027,1.3646729,-0.1469131,-0.68569624,220.32187,108.13393,-16.567894,WAL
1919372309000,131.854921,1.64418677921432,-15.4728768612631,-0.00288113730283442,1.5137241,-0.09712757,-0.81000733,220.36545,107.41087,-16.066378,WAL
1919377322000,131.859934,1.43011622031442,-14.8975038909259,0.0838304095317493,1.6566665,-0.055588737,-0.93523467,220.4278,106.63738,-15.491384,WAL
1919382314000,131.864926,1.06779040302642,-14.2022298491397,0.29437107303687,1.7901406,-0.04795292,-1.0629056,220.49716,105.84757,-14.896685,WAL
1919387306000,131.869918,0.512202024578313,-13.4300358808894,0.501901978829464,1.9764545,-0.080634214,-1.1688906,220.57288,105.05865,-14.296486,WAL
1919392354000,131.874966,-0.146018859277108,-12.6108115909492,0.710259679532765,2.2208006,-0.11942416,-1.2473868,220.65358,104.259926,-13.682863,WAL
1919397313000,131.879925,-0.718708948498262,-11.9993948072069,0.870582907079751,2.50638,-0.15027285,-1.3136657,220.72755,103.52256,-13.130343,WAL
1919402314000,131.884926,-1.25309897689043,-11.4956659491494,1.006370544818,2.8237245,-0.16798794,-1.3787229,220.80489,102.792564,-12.5676365,WAL
1919407362000,131.889974,-1.85545482105429,-11.2212463778221,1.05495423358185,3.1505375,-0.19028452,-1.4306464,220.91515,102.23091,-12.143234,WAL
1919412322000,131.894934,-2.52385026450698,-11.2362107545941,0.995097924435577,3.4324517,-0.19211712,-1.484708,221.04465,101.71591,-11.706107,WAL
1919417315000,131.899927,-3.15374439925197,-11.435589325,0.729266307372047,3.6215146,-0.14019357,-1.5442673,221.25197,78.59193,-11.39436,WAL
1919422301000,131.904913,-3.74591895795276,-11.7927739,0.287485188070866,3.7204747,-0.022907447,-1.5848899,221.50055,78.807465,-11.074388,WAL
1919427325000,131.909937,-4.3619970073631,-12.2515196229762,-0.311151882226462,3.6935966,0.16890424,-1.5726726,221.79591,78.845215,-10.834538,WAL
1919432313000,131.914925,-4.99254748903785,-12.8032514744766,-1.05500416406621,3.556763,0.3924809,-1.5427402,222.15364,78.797554,-10.591612,WAL
1919437313000,131.919925,-5.57070719365156,-13.2790564753116,-1.72438040362354,3.3643403,0.5910121,-1.4914275,222.54124,78.6247,-10.431622,WAL
1919442340000,131.924952,-6.11032851465842,-13.6977280014494,-2.33843246103971,3.1187725,0.7199047,-1.4416419,222.98195,78.41279,-10.2826185,WAL
1919447318000,131.92993,-6.58597011608246,-14.0410558343308,-2.79906125899117,2.908024,0.754724,-1.3897184,223.42819,78.158516,-10.21814,WAL
1919452314000,131.934926,-7.00411462399544,-14.3137590322029,-3.11266953314335,2.7061331,0.71929383,-1.3264939,223.88832,77.907455,-10.168464,WAL
1919457312000,131.939924,-7.41020708351064,-14.5278121968085,-3.29803817021277,2.5708263,0.61086524,-1.287093,224.30777,77.66284,-10.178287,WAL
1919462325000,131.944937,-7.79836106035106,-14.6503869796809,-3.28271630902128,2.521041,0.50762904,-1.2229522,224.7097,77.416435,-10.204408,WAL
1919467313000,131.949925,-8.09931615838599,-14.5860219441892,-3.09752388344821,2.4526238,0.37934732,-1.1597277,225.04419,77.179924,-10.271109,WAL
1919472306000,131.954918,-8.31903841464676,-14.3434121411066,-2.74963075316868,2.4065037,0.2678644,-1.14018,225.34793,76.948975,-10.330748,WAL
1919477299000,131.959911,-8.30100978745388,-14.2537190175277,-2.38117043047355,2.3930645,0.108123146,-1.1475104,225.57497,76.689926,-10.418064,WAL
1919482313000,131.964925,-7.9515543394834,-14.3767670796433,-1.98249611741492,2.42147,-0.13255776,-1.2119566,225.74506,76.44698,-10.476252,WAL
1919487302000,131.969914,-7.33221282005267,-14.393781186482,-1.97043566552229,2.4208589,-0.2864958,-1.3878858,225.88266,76.190155,-10.511186,WAL
1919492334000,131.974946,-6.3968858815176,-14.2903780771482,-2.39814805838291,2.2510383,0.029626964,-1.5961909,226.09187,75.98738,-10.521153,WAL
1919497247000,131.979859,-5.4641746673209,-14.0193643640824,-2.61267319754661,1.7785342,0.3286455,-1.6820174,226.25719,75.852425,-10.463082,WAL
1919502343000,131.984955,-4.46799118390579,-13.4877470435721,-2.53604366035329,1.475545,0.4437936,-1.6481144,226.46529,75.73824,-10.38411,WAL
1919507308000,131.98992,-3.50664892179448,-12.9528878333839,-2.39983431417601,1.4330899,0.5036584,-1.5558738,226.69102,75.7707,-10.198016,WAL
1919512352000,131.994964,-2.54512858593513,-12.3818328284329,-2.16067445826008,1.4996742,0.61850107,-1.4541647,226.96133,75.82623,-10.036176,WAL
1919517246000,131.999858,-1.72037879988654,-12.0019013496596,-1.96267488445537,1.6493362,0.8063421,-1.3848315,227.23796,75.911934,-9.79056,WAL
1919522349000,132.004961,-1.03186742955749,-11.8817584136725,-1.81018579937595,1.831374,1.0299188,-1.3842206,227.55597,75.962746,-9.567244,WAL
1919527251000,132.009863,-0.385428587827338,-11.7721774702158,-1.66814746299281,1.9715676,1.2284501,-1.4486669,227.90529,76.01861,-9.251585,WAL
1919532340000,132.014952,0.245689861294964,-11.674003459952,-1.53257391577938,2.0583105,1.4083499,-1.5134187,228.31349,76.03526,-8.952557,WAL
1919537320000,132.019932,0.811075679716563,-11.5429842951481,-1.4460771648755,2.107485,1.5961909,-1.525636,228.76782,76.05198,-8.578569,WAL
1919542383000,132.024995,1.17851270248007,-11.2709854452318,-1.54151528789489,2.1502457,1.7681495,-1.4844025,229.26909,76.035034,-8.217305,WAL
1919547322000,132.029934,1.47740854019515,-11.0430338660162,-1.57633471653552,2.1847596,1.9630154,-1.4532484,229.82289,76.02084,-7.7872796,WAL
1919552352000,132.034964,1.49257105325779,-10.9924921558074,-1.32868017818697,2.218357,2.022575,-1.4587462,230.38594,75.97361,-7.3677216,WAL
1919557368000,132.03998,1.48888024024595,-10.8311008271381,-1.22260864986026,2.1838431,2.0631974,-1.4501941,230.98618,75.93333,-6.9329157,WAL
1919562352000,132.044964,1.43551995941867,-10.3775380222191,-1.48941023972424,2.1542163,2.1111503,-1.3671165,231.59964,75.853195,-6.527976,WAL
1919567298000,132.04991,1.36215971563897,-9.9189070285961,-1.75967986316538,2.1068742,2.1804836,-1.2672399,232.23001,75.732315,-6.138484,WAL
1919572351000,132.054963,1.12619901391711,-9.3830798557497,-2.07921004477855,2.053729,2.2559254,-1.1691961,232.86871,75.5934,-5.781661,WAL
1919577350000,132.059962,0.878235283793821,-8.86607103168945,-2.40144274107744,1.9804251,2.3484714,-1.0708468,233.51974,75.46826,-5.4759035,WAL
1919582350000,132.064962,0.551041953431373,-8.4203293006536,-2.75708752222222,1.9242256,2.438574,-0.97219205,234.18268,75.33312,-5.2067223,WAL
1919587348000,132.06996,0.214275840333366,-7.98607784223277,-3.07084252199826,1.8784106,2.4798074,-0.86315256,234.84398,75.21427,-5.007651,WAL
1919592340000,132.074952,-0.184157937823433,-7.62470764434538,-3.11717214246536,1.8509218,2.4492643,-0.7648033,235.50223,75.09503,-4.8363585,WAL
1919597374000,132.079986,-0.582384533272574,-7.25050484099832,-3.16547577478968,1.7941113,2.3863451,-0.7012733,236.1548,75.01105,-4.7377744,WAL
1919602322000,132.084934,-0.931202125504767,-6.76548220555244,-3.23191724405496,1.7253889,2.3099868,-0.66523224,236.78851,74.93375,-4.656395,WAL
1919607349000,132.089961,-1.28558895576977,-6.27271567596747,-3.29941952093382,1.6603317,2.2492058,-0.636827,237.41019,74.8433,-4.6521444,WAL
1919612315000,132.094927,-1.58187757807309,-5.84320646184148,-3.32781546428571,1.6169603,2.218357,-0.5867361,238.01312,74.76466,-4.660813,WAL
1919617342000,132.099954,-1.68088943687708,-5.62233395162158,-3.2135709047619,1.5735888,2.1777346,-0.5479461,238.5935,74.70613,-4.669087,WAL
1919622352000,132.104964,-1.77956646345515,-5.40220837449771,-3.09971269047619,1.5378532,2.1163425,-0.5149594,239.16405,74.620476,-4.770818,WAL
1919627346000,132.109958,-1.86373619976614,-5.13619006627351,-2.96721107265887,1.4856243,2.055867,-0.49388456,239.71985,74.55333,-4.876964,WAL
1919632294000,132.114906,-1.94082583852567,-4.85192210824606,-2.82748614328419,1.3939945,2.024102,-0.48655418,240.26349,74.50921,-4.9856663,WAL
1919637349000,132.119961,-2.03667006430224,-4.62240063654588,-2.70675107255204,1.3066407,1.9807305,-0.47525316,240.78732,74.436516,-5.119992,WAL
1919642394000,132.125006,-2.1391112787394,-4.41751815904973,-2.59499702927911,1.2305881,1.9666806,-0.46792278,241.3079,74.38898,-5.2544804,WAL
1919647344000,132.129956,-2.25285555327084,-4.1521478225698,-2.38022575745873,1.1456778,1.9572122,-0.48288897,241.82092,74.33013,-5.401562,WAL
1919652327000,132.134939,-2.37441973266762,-3.85066865563481,-2.10792207075606,1.0506883,1.9566014,-0.50701815,242.32965,74.29776,-5.546943,WAL
1919657362000,132.139974,-2.50173096691513,-3.55444482265951,-1.6933892070165,0.9981538,1.951409,-0.5155703,242.83368,74.23922,-5.715879,WAL
1919662343000,132.144955,-2.62973291480819,-3.26525515050686,-1.21930780484993,0.8381071,1.9321668,-0.5476407,243.33313,74.24182,-5.869235,WAL
1919667342000,132.149954,-2.71006212473065,-2.95383569395078,-0.843760535253534,0.6435465,1.9159788,-0.5815437,243.82053,74.19042,-6.047089,WAL
1919672339000,132.154951,-2.76682433044381,-2.632182947949,-0.517377595563902,0.44409904,1.892766,-0.59131753,244.29526,74.18471,-6.2189555,WAL
1919677320000,132.159932,-2.83971207265664,-2.36944454550499,-0.209437448138432,0.27305678,1.8567249,-0.59040123,244.67407,74.05331,-6.4101257,WAL
1919682347000,132.164959,-2.92228948730703,-2.13628492075472,0.0917270785763293,0.124311075,1.8298469,-0.55741453,245.03775,73.96838,-6.6009254,WAL
1919687318000,132.16993,-2.968652993348,-2.04318298887666,0.409995958883665,-0.015271631,1.7513506,-0.5714644,245.33241,73.811066,-6.798394,WAL
1919692409000,132.175021,-2.99791506524958,-2.01879792895869,0.74651002510053,-0.16371189,1.6514742,-0.56688297,245.60056,73.694725,-6.997363,WAL
1919697439000,132.180051,-3.01689270599325,-2.00787093133558,0.930539115995237,-0.29260445,1.5628988,-0.54519725,245.95004,73.61483,-7.2075977,WAL
1919702341000,132.184953,-3.03086734588212,-2.00321271803929,1.04233633238738,-0.4120286,1.4926492,-0.5155703,246.26682,73.568886,-7.41063,WAL
1919707360000,132.189972,-2.97759226923679,-1.97395792227006,1.08524527530333,-0.5195409,1.4373659,-0.49174652,246.60825,73.5292,-7.6083026,WAL
1919712343000,132.194955,-2.88887380606654,-1.93193338708415,1.08991466810176,-0.625526,1.3451253,-0.4541783,246.90927,73.51133,-7.807547,WAL
1919717336000,132.199948,-2.74554278900333,-1.85972441492477,1.0244059783096,-0.7296785,1.2678508,-0.42424592,247.22244,73.50153,-8.02323,WAL
1919722339000,132.204951,-2.56652905316571,-1.76779844519842,0.913127194122993,-0.820392,1.1737776,-0.39187005,247.49518,73.50561,-8.239567,WAL
1919727348000,132.20996,-2.38962176731614,-1.69218020730882,0.833015724908525,-0.91507614,1.0705414,-0.35338554,247.7486,73.533394,-8.449826,WAL
1919732332000,132.214944,-2.21497565074094,-1.62668788509879,0.771889554473106,-1.0183123,0.9810496,-0.31581733,247.97064,73.57612,-8.660684,WAL
1919737336000,132.219948,-2.05388211845663,-1.5919853361256,0.712824286278872,-1.106277,0.8888089,-0.28710666,248.16547,73.65775,-8.848387,WAL
1919742387000,132.224999,-1.90971722375732,-1.59713407660458,0.656188103376264,-1.217149,0.8014552,-0.2489276,248.327,73.756355,-9.041274,WAL
1919747346000,132.229958,-1.84562427675166,-1.64521692340895,0.702254282375025,-1.3359623,0.7476991,-0.19639318,248.47363,73.88913,-9.213718,WAL
1919752344000,132.234956,-1.84081953408954,-1.72689759883558,0.827177676880145,-1.4679092,0.63194007,-0.18051068,248.5722,74.043335,-9.375132,WAL
1919757329000,132.239941,-1.88132051599882,-1.85792308461992,1.02209132209782,-1.5384641,0.49510628,-0.12736541,248.64856,74.20796,-9.539104,WAL
1919762346000,132.244958,-1.95682134012964,-2.02780002514241,1.2721878359065,-1.6814066,0.32406402,-0.08552113,248.67657,74.40849,-9.693966,WAL
1919767340000,132.249952,-2.05737585332572,-2.24254212600628,1.58725938230088,-1.8267925,0.13041973,-0.02107485,248.67114,74.59553,-9.857009,WAL
1919772346000,132.254958,-2.18054841425445,-2.49801108657341,1.96133900825959,-1.9749273,-0.07238753,0.04520403,248.60712,74.79433,-10.0212965,WAL
1919777343000,132.259955,-2.31041058298755,-2.91043533244813,2.43475815809129,-2.1044307,-0.29077184,0.14263703,248.4891,74.958725,-10.204033,WAL
1919782345000,132.264957,-2.44954842541494,-3.53158665006224,3.04100185529046,-2.2009475,-0.4538729,0.28344148,248.31924,75.11105,-10.409541,WAL
1919787348000,132.26996,-2.55460245204051,-4.59424846800715,3.74680524474233,-2.2730296,-0.5833763,0.40958515,248.10085,75.201706,-10.632859,WAL
1919792329000,132.274941,-2.62565116698441,-6.08627044319333,4.54728686268494,-2.2870796,-0.7199047,0.5708536,247.82196,75.2491,-10.895899,WAL
1919797294000,132.279906,-2.0620242231409,-9.01463027727493,6.54910777158882,-2.2162192,-0.77732605,0.74036866,247.5297,75.18271,-11.189325,WAL
1919802343000,132.284955,-0.794860151208781,-13.5689392566483,9.90171505618412,-1.9556851,-0.6618725,0.8518516,247.24219,75.05472,-11.508678,WAL
1919807315000,132.289927,0.692690767941206,-16.5356010353571,11.9015247669462,-1.3420709,-0.5714644,0.8594874,246.93326,74.7968,-11.772127,WAL
1919812345000,132.294957,2.53701216863825,-17.3872005130821,12.0815773237701,-0.3475823,-0.657291,0.5815437,246.61943,74.47583,-11.971589,WAL
1919817274000,132.299886,4.08124591143607,-18.0272558380202,11.5845533385827,0.60994893,-0.6743952,-0.0033597588,246.47403,74.15626,-11.587579,WAL
1919822337000,132.304949,5.31297433592051,-18.4226824026997,10.1664748110236,1.1499538,-0.31520647,-0.514654,246.44542,73.75415,-11.201643,WAL
1919827251000,132.309863,5.89919479314014,-18.4813808650319,8.82737005120073,1.3991868,0.33628133,-0.675617,246.5905,73.46511,-10.496532,WAL
1919832345000,132.314957,4.98470617291519,-17.7300171554362,7.53225696640997,1.4731015,1.0177015,-0.6789767,246.8679,73.0938,-9.790039,WAL
1919837266000,132.319878,4.02365547708333,-16.5667457986111,6.40468919305556,1.3918564,1.4782939,-0.71685034,247.29547,72.97016,-8.949169,WAL
1919842367000,132.324979,2.85842243429952,-14.4083600177134,5.50495216247987,1.2342533,1.7250835,-0.7486154,247.8411,72.78401,-8.203731,WAL
1919847243000,132.329855,1.73288769535385,-12.3386876251715,4.82966385863556,1.0134255,1.7892243,-0.7489208,248.44962,72.65322,-7.665029,WAL
1919852339000,132.334951,0.532176487198589,-10.1620997098608,4.50915537927857,0.8900307,1.7873917,-0.73364913,249.0994,72.5121,-7.1665726,WAL
1919857276000,132.339888,-0.574639784651301,-8.24350147522352,4.30706669543016,0.6627888,1.6441438,-0.7101309,249.71437,72.402245,-6.871387,WAL
1919862345000,132.344957,-1.572929077727,-6.73883353479038,4.36493839984105,0.4392121,1.4077389,-0.67347896,250.29425,72.31032,-6.587111,WAL
1919867276000,132.349888,-2.53416509968088,-5.58154855092351,4.35372868159752,0.2180789,1.1371256,-0.5815437,250.84009,72.168274,-6.5486245,WAL
1919872345000,132.354957,-3.49651820548303,-5.19191293716275,4.16595254952132,0.019547688,0.8915578,-0.42424592,251.31012,72.064384,-6.5213995,WAL
1919877292000,132.359904,-4.4105733616304,-4.97211197355195,3.9397156995403,-0.16401732,0.7449502,-0.22204952,251.69427,71.89844,-6.649011,WAL
1919882338000,132.36495,-5.24979857585044,-5.34235831881704,3.54972273613239,-0.36377025,0.6899723,0.013744468,252.01666,71.76808,-6.8124485,WAL
1919887337000,132.369949,-5.8328497434789,-5.95551472571429,3.36767916100666,-0.59040123,0.7284568,0.25045475,252.24924,71.63519,-7.134293,WAL
1919892322000,132.374934,-5.72683846042931,-7.24885161142857,3.75167537144338,-0.8167268,0.7583892,0.44226643,252.44662,71.528275,-7.4991975,WAL
1919897335000,132.379947,-5.62023172784604,-8.54945297714286,4.13782843120651,-1.0042624,0.59589905,0.5522222,252.56258,71.472435,-7.996639,WAL
1919902337000,132.384949,-5.51385892186529,-9.84720044,4.5231341573057,-1.0989466,0.19914207,0.57971114,252.60968,71.42254,-8.499807,WAL
1919907307000,132.389919,-5.45579737696714,-11.2341085881821,4.78115661872174,-1.0885619,-0.3200934,0.59742624,252.5662,71.36437,-8.999779,WAL
1919912346000,132.394958,-5.58188489488494,-13.0187303684052,4.55807885821525,-0.958753,-0.84757555,0.5882632,252.40771,71.28526,-9.460489,WAL
1919917334000,132.399946,-5.61239251280386,-14.6272300876882,4.05915607228619,-0.7535023,-1.2739595,0.57360244,252.18991,71.24428,-9.776854,WAL
1919922347000,132.404959,-5.31000614256471,-15.6855813968113,2.57557379434111,-0.4822781,-1.4819591,0.5458081,251.88991,71.15714,-10.051735,WAL
1919927332000,132.409944,-4.93678931123535,-16.6538439053201,1.44413749471596,-0.20158553,-1.3454307,0.5891795,251.58723,71.12939,-10.300686,WAL
1919932331000,132.414943,-4.25040172892696,-17.262527374211,1.78948982612263,0.064751714,-1.0500773,0.59650993,251.28131,71.05079,-10.518315,WAL
1919937733000,132.420345,-3.47022431020889,-17.8287394703803,2.15143408550616,0.3857614,-0.9621128,0.52748215,251.00572,71.15345,-10.672549,WAL
1919942391000,132.425003,-2.12264300488484,-16.7105335535083,2.26612187952866,0.76174897,-1.1517864,0.3924809,250.73697,71.179085,-10.80404,WAL
1919947295000,132.429907,-0.763149489609074,-15.4012935414219,2.22700243779623,0.98624194,-1.3197744,0.29168814,250.51642,71.19133,-10.825942,WAL
1919952335000,132.434947,0.072750369495645,-12.805604726352,0.672521934656674,0.97585726,-1.6807957,0.04337143,250.21246,71.21337,-10.741547,WAL
1919957308000,132.43992,0.793131082872132,-10.2847778272799,-0.838370666003138,0.7079928,-1.885741,-0.19792034,249.93341,71.27517,-10.499727,WAL
1919962344000,132.444956,0.778943335576584,-8.01947134938223,-2.20512126372818,0.19700404,-1.754405,-0.38789943,249.66916,71.42469,-10.213406,WAL
1919967284000,132.449896,0.743285354726532,-5.8608942746218,-3.42664403082816,-0.42577308,-1.4446963,-0.48197266,249.31906,71.7465,-9.869807,WAL
1919972337000,132.454949,0.45233507496121,-4.3967572909038,-3.28116893504655,-1.028697,-1.2321151,-0.52534413,248.99011,72.20624,-9.49851,WAL
1919977576000,132.460188,0.126297716685281,-2.95808058898085,-3.13075161206621,-1.5308284,-1.2751812,-0.50518554,248.61221,72.838196,-9.184968,WAL
1919982345000,132.464957,-0.456668933203031,-2.58006319786598,-2.9986732344635,-1.8909334,-1.4569136,-0.3930918,248.24835,73.57387,-8.897131,WAL
1919987627000,132.470239,-1.07662962028624,-2.18499390805878,-2.87818327521852,-2.1209242,-1.6694947,-0.29749137,247.85168,74.302605,-8.669697,WAL
1919992363000,132.474975,-1.35109053247527,-2.08915038747479,-3.05244410180578,-2.2403483,-1.8383989,-0.2443461,247.40799,75.075966,-8.460459,WAL
1919997849000,132.480461,-1.66154220159804,-1.99289874683333,-3.24871659765686,-2.2852468,-1.9126191,-0.20555615,246.93175,75.79489,-8.366558,WAL
1920002339000,132.484951,-1.76271832091176,-2.2163293785,-3.29508909755882,-2.300824,-1.9462167,-0.122783914,246.40973,76.50149,-8.30391,WAL
1920007344000,132.489956,-1.8754992735098,-2.46538735433333,-3.34678049221569,-2.2559254,-1.9947804,-0.017104227,245.8472,77.167336,-8.3106785,WAL
1920012345000,132.494957,-2.09212585752634,-2.98840413503849,-3.25132115820502,-2.187203,-2.0967948,0.10903945,245.25174,77.77913,-8.356096,WAL
1920017245000,132.499857,-2.31553950116491,-3.5303009026641,-3.141991099453,-2.1270328,-2.2250767,0.22266038,244.62865,78.32443,-8.438448,WAL
1920022345000,132.504957,-2.63211405161953,-4.14640972323124,-3.1837404867991,-2.0680842,-2.300824,0.34055737,243.99017,78.77971,-8.587205,WAL
1920027249000,132.509861,-2.94462957376456,-4.74386602517859,-3.23889021142969,-2.0069978,-2.2879958,0.45753807,243.33633,79.138565,-8.77959,WAL
1920032345000,132.514957,-3.1531967764977,-5.32240970829493,-3.28890494285714,-1.9419407,-2.2046127,0.573297,242.70688,79.35851,-9.060068,WAL
1920037266000,132.519878,-3.33732539276698,-5.8747953106091,-3.33611750590062,-1.8628336,-2.0922134,0.70005155,242.08641,79.4586,-9.388335,WAL
1920042423000,132.525035,-3.39530340824359,-6.43370695606031,-3.1519321659487,-1.7794504,-1.9926424,0.84482664,241.5097,79.393524,-9.825883,WAL
1920047312000,132.529924,-3.43197535975132,-6.96086723424711,-2.94565197801057,-1.704314,-1.9654589,0.91965765,240.94243,79.22299,-10.283982,WAL
1920052341000,132.534953,-3.34986428766634,-7.66198581831182,-2.80710189662363,-1.6685784,-1.9306396,1.0885619,240.41331,78.89456,-10.832628,WAL
1920057273000,132.539885,-3.24667445644489,-8.37962482891758,-2.68515023783515,-1.6163495,-1.8875736,1.2596041,239.89282,78.47238,-11.400291,WAL
1920062354000,132.544966,-2.88338210737069,-9.21742161291589,-2.83044410776327,-1.5787812,-1.7583756,1.4523321,239.40494,77.96312,-11.993491,WAL
1920067315000,132.549927,-2.47304479233487,-10.056747441162,-3.03094986835803,-1.561677,-1.536326,1.6563611,238.95718,77.365074,-12.630118,WAL
1920072345000,132.554957,-2.00351682626345,-10.9189812075299,-2.98946432598945,-1.5488489,-1.3408492,1.8093829,238.55042,103.25503,-13.25206,WAL
1920077295000,132.559907,-1.52725187801908,-11.770485190684,-2.88362770989446,-1.5479325,-1.1914927,1.9129245,238.19688,103.93316,-13.903818,WAL
1920082344000,132.564956,-1.03165748971389,-12.4154228635779,-2.60263974940105,-1.5790867,-1.0726794,1.9941696,237.89456,104.56178,-14.480205,WAL
1920087308000,132.56992,-0.542192690624691,-12.9990154916345,-2.28731144127314,-1.6035212,-1.0445796,1.9990565,237.61429,105.205666,-15.051616,WAL
1920092355000,132.574967,-0.0518530590266876,-13.3353197849294,-2.10861142260597,-1.6282613,-1.0299188,1.9419407,237.35736,105.737495,-15.500251,WAL
1920097371000,132.579983,0.433609860675039,-13.6039740282575,-1.96721445761381,-1.6594155,-0.999681,1.8735237,237.11835,106.272064,-15.937747,WAL
1920102341000,132.584953,0.793597573582268,-13.5058140632987,-2.16037694289137,-1.6151277,-0.8897252,1.8219056,236.9187,106.67236,-16.246511,WAL
1920107365000,132.589977,1.12024931575479,-13.2944514339057,-2.45820644448882,-1.5234979,-0.6908886,1.7437148,236.75613,107.04735,-16.522043,WAL
1920112347000,132.594959,1.2005843727673,-13.1506700897865,-2.5805291278836,-1.4563028,-0.4529566,1.5787812,236.65514,107.293724,-16.665962,WAL
1920117371000,132.599983,1.20518989044702,-13.0263209200727,-2.64961194116971,-1.4294246,-0.26725355,1.3607023,236.59532,107.50482,-16.768675,WAL
1920122336000,132.604948,1.30194214113503,-12.6971808979065,-2.52268142802857,-1.378112,-0.16432275,1.135904,236.58704,107.65297,-16.791393,WAL
1920127355000,132.609967,1.44500983415021,-12.2632084492509,-2.29854197092966,-1.3616186,-0.18387043,0.9071349,236.59044,107.74926,-16.750805,WAL
1920132331000,132.614943,1.69110158158845,-11.6046519873646,-2.11856601841155,-1.3613132,-0.35521814,0.6973027,236.57233,107.806274,-16.661976,WAL
1920137349000,132.619961,1.99470718748496,-10.8191332005616,-1.9595345680706,-1.3826935,-0.5919284,0.54458636,236.52136,107.82858,-16.531487,WAL
1920142438000,132.62505,2.08109964478834,-10.0670080374401,-1.87334239120407,-1.3567317,-0.8753699,0.39706242,236.39261,107.78879,-16.351448,WAL
1920147372000,132.629984,2.05751132182508,-9.35936081160144,-1.8261658930611,-1.3674219,-1.0387764,0.31429017,236.2252,107.74333,-16.156338,WAL
1920152343000,132.634955,1.83688241365844,-8.70398656653015,-2.01358952882179,-1.412015,-1.4077389,0.16646078,235.90974,107.64173,-15.913418,WAL
1920157431000,132.640043,1.50736513757501,-8.06351645394799,-2.32918354790932,-1.5085317,-1.7253889,0.046120327,235.5597,107.54484,-15.664588,WAL
1920162339000,132.644951,1.13305827775086,-7.62357543869372,-2.90453639720371,-1.6206255,-1.8942931,-0.07360926,235.13759,107.46333,-15.4192505,WAL
1920167342000,132.649954,0.70742499721381,-7.31402392980012,-3.70259878558449,-1.6756034,-1.9095647,-0.14538592,234.66653,107.380295,-15.164633,WAL
1920172353000,132.654965,0.181851441877075,-7.49132195917916,-4.46694115658384,-1.6780468,-1.8139644,-0.16920967,234.17496,107.404335,-14.974601,WAL
1920177373000,132.659985,-0.417823739895383,-8.02812751133689,-5.20686299865205,-1.6368134,-1.6557503,-0.14263703,233.6987,107.43832,-14.781384,WAL
1920182310000,132.664922,-0.751487466911315,-8.46101366095821,-5.29411453705403,-1.5522085,-1.4187346,-0.096516706,233.28093,107.62384,-14.66418,WAL
1920187363000,132.669975,-0.90933978733945,-8.83591329541284,-4.92414814495413,-1.4749341,-1.0919216,-0.045814894,232.93797,107.82724,-14.548152,WAL
1920192283000,132.674895,-1.09040065533015,-9.09088371900907,-4.13259444306057,-1.4150693,-0.75991637,0.009468411,232.66736,108.16946,-14.515703,WAL
1920197342000,132.679954,-1.2935908780357,-9.28462348498001,-3.05048810938262,-1.3982705,-0.4908302,0.065973446,232.47548,108.52982,-14.486949,WAL
1920202340000,132.684952,-1.4253456376424,-9.3211931867261,-2.2018877053789,-1.3988814,-0.35613444,0.12522738,232.32602,108.86598,-14.481273,WAL
1920207361000,132.689973,-1.50632113746904,-9.24259911810302,-1.51359608865676,-1.4498887,-0.36651915,0.17806722,232.21317,109.22414,-14.485222,WAL
1920212338000,132.69495,-1.58658703323427,-9.16469378459633,-0.831336105301634,-1.5060883,-0.3921755,0.22418754,232.08273,109.48975,-14.552163,WAL
1920217347000,132.699959,-1.66736900468053,-9.08628755282318,-0.144689479497771,-1.5384641,-0.39064834,0.24373524,231.95753,109.76406,-14.6263685,WAL
1920222339000,132.704951,-1.69708548314607,-8.93376162078652,0.442954227078652,-1.5543466,-0.44837508,0.26633725,231.80989,110.05365,-14.720527,WAL
1920227352000,132.709964,-1.6828901849793,-8.71610053045535,0.949253580413956,-1.5564847,-0.5897904,0.30085114,231.63963,110.3503,-14.829703,WAL
1920232343000,132.714955,-1.65909714818263,-8.52171971329603,1.10325539683619,-1.5344934,-0.784351,0.33658674,231.38826,110.52344,-15.01968,WAL
1920237351000,132.719963,-1.62584724219075,-8.34834502988512,0.918005779238883,-1.457219,-0.956615,0.37110063,231.11082,110.69183,-15.221313,WAL
1920242328000,132.72494,-1.59280315630385,-8.17604355238189,0.733902874530058,-1.3078625,-1.033584,0.398895,230.81062,110.80437,-15.432906,WAL
1920247334000,132.729946,-1.55956652902842,-8.0027381080618,0.548727238409429,-1.2238685,-1.1484267,0.4156938,230.46043,110.92043,-15.657888,WAL
1920252331000,132.734943,-1.5292144848399,-7.86405371657693,0.241360506718617,-1.0308352,-1.1704178,0.45265114,230.12746,110.99989,-15.886727,WAL
1920257440000,132.740052,-1.50148535959195,-7.7623807077359,-0.216168795531312,-0.8405506,-1.1334605,0.4896085,229.78929,111.07053,-16.115686,WAL
1920262296000,132.744908,-1.50825828833021,-7.67589958713304,-0.641113688876744,-0.69027776,-1.0571023,0.5225952,229.48091,111.178825,-16.350412,WAL
1920267352000,132.749964,-1.57882717410993,-7.60533033291693,-1.06452702987196,-0.58276546,-0.94714653,0.5635232,229.20409,111.27166,-16.584534,WAL
1920272272000,132.754884,-1.69338248565489,-7.56764814968815,-1.39705905031185,-0.54733527,-0.82558435,0.5897904,228.96841,111.40894,-16.81591,WAL
1920277320000,132.759932,-1.87525176568657,-7.57243427937828,-1.62678857776458,-0.55771995,-0.7174612,0.6258314,228.7695,111.54599,-17.047295,WAL
1920282254000,132.764866,-2.04649350497561,-7.58624166439024,-1.78777021346341,-0.61850107,-0.63407815,0.66553766,228.59966,111.73935,-17.283777,WAL
1920287324000,132.769936,-2.21228898468293,-7.61466383707317,-1.85408843502439,-0.71837753,-0.57726765,0.6951646,228.45769,111.9439,-17.51544,WAL
1920292258000,132.77487,-2.34650593883723,-7.64074800146814,-1.88014169706372,-0.8481864,-0.53023106,0.7290677,228.33455,112.21129,-17.767027,WAL
1920297312000,132.779924,-2.43177770749731,-7.66443457639229,-1.83276854721543,-0.9779953,-0.5161811,0.7703011,228.22096,112.49873,-18.021132,WAL
1920302254000,132.784866,-2.5055697877802,-7.71889006666336,-1.77065774116247,-1.1172725,-0.52320606,0.8188649,228.11177,112.83998,-18.303123,WAL
1920307329000,132.789941,-2.55859754764928,-7.8490489168419,-1.66942301838921,-1.2336423,-0.5342017,0.86132,228.00668,113.2003,-18.587898,WAL
1920312305000,132.794917,-2.57885872297747,-7.97208463972576,-1.5814993927522,-1.3451253,-0.56505036,0.895223,227.89107,113.58962,-18.890219,WAL
1920317333000,132.799945,-2.52226456944172,-8.08527289755142,-1.52018906385896,-1.4159856,-0.6020077,0.94042706,227.77258,113.99617,-19.202301,WAL
1920322294000,132.804906,-2.46143793730064,-8.22943527008573,-1.44758032056419,-1.4556919,-0.66889745,0.9755518,227.631173140628,114.403098034607,-19.5206073541708,WAL
1920327331000,132.809943,-2.38450268281499,-8.47466642513955,-1.33698598638357,-1.4731015,-0.7339546,1.0134255,227.4876,114.81626,-19.84379,WAL
1920332326000,132.814938,-2.30621750451385,-8.75634756721825,-1.2243056266621,-1.4798211,-0.80970186,1.0464121,227.32852,115.21537,-20.160522,WAL
1920337313000,132.819925,-2.22204331193577,-9.15383705409772,-1.10272058416724,-1.4871514,-0.8765916,1.0714576,227.15463,115.61653,-20.483435,WAL
1920342377000,132.824989,-2.13472235365132,-9.57080301053799,-0.976908642336846,-1.484708,-0.91446525,1.0803152,226.974,115.97136,-20.775278,WAL
1920347362000,132.829974,-2.04204826370863,-10.0297603205768,-0.844517124773526,-1.46852,-0.97402465,1.0812315,226.76921,116.32231,-21.072807,WAL
1920352496000,132.835108,-1.94749925755884,-10.5008370243319,-0.700115374192262,-1.4547756,-1.0180069,1.0693196,226.56555,116.60993,-21.326065,WAL
1920357431000,132.840043,-1.86737898138213,-10.9344290376945,-0.464467490347028,-1.4132367,-1.0577132,1.0586295,226.34747,116.885895,-21.579268,WAL
1920362525000,132.845137,-1.78319512725908,-11.3660423431402,-0.222989242933053,-1.3326025,-1.0858129,1.0525209,226.13023,117.08011,-21.780893,WAL
1920367345000,132.849957,-1.68619075820074,-11.5877666841789,-0.0151227949994996,-1.2403619,-1.1484267,1.0317514,225.8918,117.25781,-21.977983,WAL
1920372518000,132.85513,-1.57441756135928,-11.8178690260345,0.181536778770074,-1.1044444,-1.2137892,1.0134255,225.66666,117.350044,-22.12993,WAL
1920377339000,132.859951,-1.38040915036996,-11.9401785050699,0.0550095549394355,-0.93584555,-1.2819008,0.98899084,225.42384,117.41728,-22.277258,WAL
1920382286000,132.864898,-1.18133020219238,-12.0656846226363,-0.0748245409514936,-0.7079928,-1.2974777,0.9776898,225.18526,117.40434,-22.390821,WAL
1920387326000,132.869938,-0.829518355373092,-12.2785196958377,-0.519464806022566,-0.4111123,-1.2400564,0.9605856,224.95143,117.351974,-22.493483,WAL
1920392338000,132.87495,-0.451788839939319,-12.5060679173225,-1.02007019758718,-0.09193522,-1.102001,0.91415983,224.73996,117.25726,-22.577213,WAL
1920397342000,132.879954,0.0947070929424846,-12.5683632765086,-1.5803037477105,0.20555615,-0.88422745,0.8268061,224.59833,117.09397,-22.59913,WAL
1920402245000,132.884857,0.687993812499747,-12.5731094181745,-2.14985893623774,0.4089743,-0.6133087,0.7165449,224.51427,116.88909,-22.586359,WAL
1920407342000,132.889954,1.32391309747231,-12.2005010341286,-2.51651059003124,0.50732356,-0.3023783,0.6032294,224.52794,116.61659,-22.469912,WAL
1920412294000,132.894906,1.94797676711162,-11.7156168803844,-2.79935966018177,0.4538729,-0.019242255,0.46975538,224.60551,116.31592,-22.304264,WAL
1920417329000,132.899941,2.3578171637623,-11.3592865804055,-2.908005751054,0.26389378,0.16890424,0.28313604,224.76106,115.958984,-22.01156,WAL
1920422348000,132.90496,2.64248822363983,-11.0794403000402,-2.91765556198555,0.0061086523,0.26083946,0.10567969,224.95844,115.59997,-21.679434,WAL
1920427351000,132.909963,2.62117385862277,-11.2138159028491,-2.65350435666969,-0.24465153,0.23487769,-0.05955936,225.17879,115.21014,-21.244003,WAL
1920432352000,132.914964,2.44277228390214,-11.5609763308165,-2.24848447832478,-0.46181414,0.09865474,-0.19150625,225.37592,114.82853,-20.77749,WAL
1920437334000,132.919946,1.98866267349516,-11.9655561855141,-1.71417666780343,-0.59712076,0.009773844,-0.27550024,225.5718,114.43948,-20.261139,WAL
1920442358000,132.92497,1.39519169248076,-12.4023506974541,-1.11121013840142,-0.64934975,-0.16737708,-0.3051272,225.68874,114.06376,-19.746073,WAL
1920447379000,132.929991,0.69315568974607,-12.5174077760983,-0.689247349755139,-0.6386596,-0.30879238,-0.32895094,225.77078,113.66194,-19.230732,WAL
1920452313000,132.934925,-0.0543814650785973,-12.460271021967,-0.370234672602781,-0.5561928,-0.37048978,-0.3539964,225.81773,113.261925,-18.723112,WAL
1920457343000,132.939955,-0.596866790969756,-12.326087451122,-0.326467257243902,-0.40133846,-0.32589662,-0.3481932,225.83249,112.86254,-18.302263,WAL
1920462345000,132.944957,-1.02215365720976,-12.153168555122,-0.429283855243902,-0.20189096,-0.22418754,-0.30726522,225.84773,112.455864,-17.895615,WAL
1920467331000,132.949943,-1.19925307656061,-12.2354746654752,-0.557230899317358,-0.024740042,-0.1282817,-0.25442538,225.87341,112.13017,-17.63906,WAL
1920472354000,132.954966,-1.21862652255336,-12.4824864559001,-0.702531835296013,0.13958271,-0.044593163,-0.21013765,225.93227,111.789375,-17.392563,WAL
1920477346000,132.959958,-1.06525391182785,-13.0025536304045,-0.70304192671305,0.2782491,0.06658431,-0.20372356,226.04233,111.52178,-17.231478,WAL
1920482331000,132.964943,-0.809018867001292,-13.6858467034092,-0.617630281439221,0.42394048,0.18051068,-0.2510656,226.18077,111.22927,-17.064709,WAL
1920487346000,132.969958,-0.4487350662436,-14.5772836413942,-0.246252001941709,0.5839872,0.23548855,-0.34880406,226.33775,110.908035,-16.877329,WAL
1920492358000,132.97497,-0.0233800050659708,-15.5981356579362,0.306709600783773,0.7339546,0.22357668,-0.45234573,226.50766,110.55919,-16.67547,WAL
1920497380000,132.979992,0.284140035803995,-15.9718609772547,0.466667621145174,0.904386,0.15332718,-0.5537493,226.66676,110.08208,-16.380901,WAL
1920502343000,132.984955,0.505055342626582,-15.8872553734177,0.349159477025316,1.0806206,0.10995574,-0.66828656,226.82765,109.56629,-16.060814,WAL
1920507339000,132.989951,0.569528028571985,-15.5791284868498,0.333292658480421,1.2461652,0.087964594,-0.77640975,226.98123,108.86778,-15.619238,WAL
1920512351000,132.994963,0.508746182489772,-15.092873679135,0.398750022922268,1.4086553,0.06352998,-0.90285885,227.12209,108.13656,-15.157312,WAL
1920517362000,132.999974,0.354314036178622,-14.4629564970948,0.518857239641354,1.5760323,0.027183503,-1.0390818,227.2476,107.35693,-14.648443,WAL
1920522333000,133.004945,0.111084053465037,-13.6998825992787,0.690549016048888,1.7232509,-0.043982297,-1.1667526,227.35803,106.55451,-14.124009,WAL
1920527330000,133.009942,-0.154612835375656,-13.0213327238525,0.82539125845082,1.8765781,-0.1255328,-1.2702943,227.45702,105.7508,-13.609469,WAL
1920532332000,133.014944,-0.441246661505656,-12.4284321338525,0.92355349945082,2.0830505,-0.17165314,-1.3475688,227.55252,104.92224,-13.080578,WAL
1920537366000,133.019978,-0.739289035211691,-11.8449864683215,1.02077007001301,2.3448062,-0.18173242,-1.3839152,227.64676,104.135796,-12.613101,WAL
1920542366000,133.024978,-1.15625545498949,-11.432813012211,1.09745358517666,2.6484063,-0.18173242,-1.4062119,227.74387,103.33791,-12.138528,WAL
1920547354000,133.029966,-1.5737387341314,-11.059192434631,1.16212738362711,2.8075366,-0.1777618,-1.4566082,227.88364,102.63683,-11.745,WAL
1920552345000,133.034957,-2.01076295404845,-11.1628164902441,1.07652465336035,3.0876184,-0.18234327,-1.4944818,228.04099,101.94118,-11.354103,WAL
1920557805000,133.040417,-2.489178183414,-11.2926501697692,0.970068846202532,3.2968397,-0.17592919,-1.5570955,228.2087,101.33871,-11.005236,WAL
1920562371000,133.044983,-2.89617465364855,-11.7525565249442,0.607841997468354,3.424816,-0.124311075,-1.5763378,228.40968,100.80046,-10.6612425,WAL
1920567244000,133.049856,-3.33053597634959,-12.2433851865227,0.221260430696203,3.4336736,-0.019547688,-1.6148223,228.62146,100.36315,-10.336196,WAL
1920572330000,133.054942,-3.76984949036251,-12.8042163943413,-0.623652502829355,3.34632,0.12034045,-1.6352862,228.87927,79.98281,-10.014849,WAL
1920577260000,133.059872,-4.19193847041949,-13.3608172205521,-1.56059708972394,3.1810808,0.31306845,-1.6154331,229.20126,80.234665,-9.699578,WAL
1920582342000,133.064954,-4.69374829954156,-13.7475758453259,-2.52598253336655,2.960253,0.51343226,-1.5635096,229.55356,80.371704,-9.435804,WAL
1920587263000,133.069875,-5.20100021253737,-14.0622594256528,-3.46064124619294,2.7293458,0.7165449,-1.5085317,229.97229,80.4468,-9.185492,WAL
1920592327000,133.074939,-5.67862309381682,-14.2597238793701,-3.94969812675527,2.5286767,0.8729264,-1.4382823,230.39528,80.47033,-9.00203,WAL
1920597290000,133.079902,-6.13181000084754,-14.4107865959742,-4.27013331595878,2.3689353,0.9425651,-1.352761,230.85046,80.4664,-8.842677,WAL
1920602347000,133.084959,-6.54492968627641,-14.464141585094,-4.20262547084706,2.252871,0.91996306,-1.2819008,231.28983,80.444214,-8.76173,WAL
1920607340000,133.089952,-6.92957878271952,-14.4687757646346,-3.94773746639853,2.187203,0.8038987,-1.2205088,231.71439,80.409805,-8.699347,WAL
1920612337000,133.094949,-7.21355178683643,-14.4372395138105,-3.74690035235651,2.1945333,0.6585127,-1.1847731,232.06808,80.35006,-8.681593,WAL
1920617347000,133.099959,-7.43524719334634,-14.383047765171,-3.57939710602731,2.2375994,0.591623,-1.2241739,232.40569,80.297806,-8.653849,WAL
1920622341000,133.104953,-7.34323770038625,-14.3810741581163,-3.37514949040309,2.2449298,0.58001655,-1.3866642,232.70334,80.21851,-8.632949,WAL
1920627338000,133.10995,-7.09678073118748,-14.4047716771318,-3.1523903866495,2.1288655,0.62888575,-1.5286902,232.99695,80.156235,-8.600785,WAL
1920632343000,133.114955,-6.66119560971867,-14.0763142890026,-2.8843333887468,1.8997909,0.874759,-1.627345,233.3305,80.11428,-8.54979,WAL
1920637324000,133.119936,-6.12627178129058,-13.5601597563939,-2.59340986700767,1.6245961,0.92149025,-1.6756034,233.61995,80.11755,-8.466472,WAL
1920642366000,133.124978,-5.41790737429823,-12.9923714454509,-2.33822229647621,1.575116,0.9663888,-1.6847663,233.96417,80.145706,-8.334419,WAL
1920647351000,133.129963,-4.61478933756719,-12.4031008775632,-2.11011770778419,1.5445728,0.9825767,-1.6597209,234.30801,80.21114,-8.199126,WAL
1920652343000,133.134955,-3.77089490807587,-11.9217984732108,-2.03208450207274,1.6084082,1.0403035,-1.6136005,234.66093,80.28262,-8.01116,WAL
1920657358000,133.13997,-2.89749338338874,-11.5085767905749,-2.05086731474384,1.715615,1.1606439,-1.5464053,235.03085,80.33217,-7.8422728,WAL
1920662342000,133.144954,-2.1084884556882,-11.1998223917536,-2.03742332680578,1.8545868,1.3231341,-1.4892895,235.41815,80.39181,-7.6033683,WAL
1920667347000,133.149959,-1.37758447570225,-10.9690104500401,-1.99895472006421,2.01555,1.5577064,-1.4929546,235.858,80.41222,-7.377959,WAL
1920672328000,133.15494,-0.814201804451033,-10.8188409860164,-1.96367034151596,2.119397,1.7626517,-1.4975362,236.3147,80.45672,-7.079389,WAL
1920677331000,133.159943,-0.37385321968574,-10.7288772170175,-1.9305258496887,2.2208006,1.9868392,-1.5222762,236.84288,80.453094,-6.789862,WAL
1920682344000,133.164956,-0.0784705527495622,-10.6420296027437,-1.96612464273205,2.2498167,2.1661282,-1.5042557,237.39352,80.45727,-6.437301,WAL
1920687340000,133.169952,0.0937703387273789,-10.5582367471298,-2.05922785884413,2.2375994,2.302351,-1.4520267,237.99399,80.41784,-6.1025205,WAL
1920692325000,133.174937,0.245176670565125,-10.4193371896343,-1.98982840553037,2.2186625,2.4028385,-1.3720033,238.62247,80.36048,-5.740444,WAL
1920697430000,133.180042,0.378149280200463,-10.2174155922232,-1.74358273689937,2.2339342,2.3835962,-1.2803736,239.25095,80.25795,-5.4053507,WAL
1920702341000,133.184953,0.417613625163131,-10.0378825201655,-1.58680204720822,2.230269,2.3173172,-1.1951579,239.87561,80.14833,-5.0755544,WAL
1920707352000,133.189964,0.371965974762675,-9.86898636716446,-1.50463628030058,2.175902,2.2699752,-1.1414018,240.4953,80.01628,-4.7696176,WAL
1920712347000,133.194959,0.299743623889511,-9.637193664971,-1.57899412886357,2.0879374,2.2821925,-1.0751228,241.1109,79.83396,-4.4787536,WAL
1920717346000,133.199958,0.187716715409503,-9.31085442862956,-1.88585043786753,2.0357084,2.3261747,-0.98624194,241.71634,79.62944,-4.2155547,WAL
1920722304000,133.204916,0.0361694376533173,-8.97263480788919,-2.10215085668975,1.9886718,2.3448062,-0.8921687,242.30821,79.40572,-3.9801157,WAL
1920727341000,133.209953,-0.172025900049182,-8.60950366064438,-2.20382767903242,1.9364429,2.3341162,-0.8038987,242.89734,79.17796,-3.7740035,WAL
1920732271000,133.214883,-0.432350765543329,-8.24525947966202,-2.3850276238259,1.8701639,2.3472497,-0.7287622,243.47852,78.97996,-3.613795,WAL
1920737339000,133.219951,-0.775693126203576,-7.85899900648458,-2.6806835800845,1.840537,2.35794,-0.68630713,244.05003,78.77722,-3.471814,WAL
1920742312000,133.224924,-1.21532490841487,-7.4843625860274,-2.88393453866928,1.8203784,2.3237314,-0.63255095,244.60287,78.57809,-3.3829947,WAL
1920747356000,133.229968,-1.81559767729941,-7.1109645939726,-2.95955939847358,1.7577647,2.2644775,-0.6407976,245.14912,78.400085,-3.2896092,WAL
1920752240000,133.234852,-2.23425564623853,-6.80331359554804,-2.98653390168035,1.6820174,2.2067506,-0.6621779,245.67348,78.251114,-3.255525,WAL
1920757331000,133.239943,-2.35667411247706,-6.58672691951714,-2.92532474230806,1.5974126,2.140472,-0.68416905,246.17572,78.124344,-3.2159393,WAL
1920762245000,133.244857,-2.45509288149182,-6.38488595143598,-2.85400315997208,1.498147,2.0708332,-0.71929383,246.6401,78.00505,-3.2330637,WAL
1920767346000,133.249958,-2.50380773669725,-6.19489786353211,-2.74683032591743,1.409877,2.0002782,-0.7367035,247.08107,77.90853,-3.24507,WAL
1920772280000,133.254892,-2.53270419520817,-6.01577299720149,-2.65905533802042,1.3213016,1.9303342,-0.7706065,247.49838,77.82224,-3.2531977,WAL
1920777332000,133.259944,-2.5137010555381,-5.84474488899254,-2.61154748884525,1.2486086,1.8704693,-0.8029824,247.8944,77.758514,-3.2533975,WAL
1920782289000,133.264901,-2.50064779049408,-5.63365581895406,-2.5937817594048,1.180497,1.8380935,-0.82924956,248.26749,77.69888,-3.236189,WAL
1920787336000,133.269948,-2.50530291036309,-5.27986627143408,-2.66826372591736,1.1187997,1.8335121,-0.86162543,248.62854,77.6607,-3.2070324,WAL
1920792327000,133.274939,-2.51033677741903,-4.9239884729118,-2.65496333005821,1.02717,1.8472565,-0.9056077,248.98613,77.63941,-3.165425,WAL
1920797347000,133.279959,-2.5175118735834,-4.53653300532312,-2.21489044064972,0.95294976,1.9214766,-0.9111055,249.35371,77.62947,-3.130031,WAL
1920802403000,133.285015,-2.52473842462067,-4.14629897262823,-1.77166165004229,0.86376345,1.9278907,-0.93218035,249.73087,77.65901,-3.0963476,WAL
1920807355000,133.289967,-2.53181632824735,-3.76409190579573,-1.33754990734292,0.71685034,1.9278907,-0.95447695,250.12155,77.7251,-3.0654776,WAL
1920812310000,133.294922,-2.53855257599082,-3.40662415852051,-0.936506934511331,0.55833083,1.9526308,-0.95142263,250.51457,77.81784,-3.0383425,WAL
1920817344000,133.299956,-2.54336535538584,-3.19004893498053,-0.724744490366377,0.41996986,1.9547688,-0.9242391,250.89456,77.94383,-3.0110486,WAL
1920822351000,133.304963,-2.56028597091071,-2.99497602896088,-0.500883845100751,0.27580565,1.9850066,-0.8762862,251.25977,77.90486,-2.962213,WAL
1920827350000,133.309962,-2.645404512742,-2.91458634164362,-0.202968904251284,0.17104226,1.9837849,-0.82924956,251.60927,77.88879,-2.9205608,WAL
1920832278000,133.31489,-2.7218080973866,-2.8458080139257,0.0749179090610416,0.052534413,1.9825631,-0.7834347,251.97894,77.86586,-2.9052224,WAL
1920837317000,133.319929,-2.73982475640284,-2.85932042588202,0.232563376800448,-0.0018325958,1.954158,-0.75777835,252.3324,77.849945,-2.895821,WAL
1920842721000,133.325333,-2.75345570908456,-2.86920056932215,0.395941734129979,-0.116675265,1.8817704,-0.679893,252.75623,77.860275,-2.947647,WAL
1920847352000,133.329964,-2.67818839016672,-2.80721567221723,0.449071634046122,-0.2929099,1.8579466,-0.66156703,253.18073,77.90243,-2.9903817,WAL
1920852686000,133.335298,-2.59027803686125,-2.73330045424282,0.506311574544013,-0.3567453,1.7800614,-0.6044512,253.58527,77.915634,-3.0658987,WAL
1920857343000,133.339955,-2.49046637627751,-2.62101234151436,0.481358665911973,-0.48838675,1.6777414,-0.54458636,253.96822,77.991554,-3.1432636,WAL
1920862323000,133.344935,-2.38373198295412,-2.50093615483029,0.454675074546811,-0.61544675,1.5699236,-0.4914411,254.3393,78.07407,-3.2225523,WAL
1920867350000,133.349962,-2.26203234776119,-2.28147173930348,0.398390408034826,-0.74220127,1.4636332,-0.4297437,254.67169,78.18359,-3.3139498,WAL
1920872256000,133.354868,-2.14048217044776,-2.04772139080597,0.337615324259701,-0.86315256,1.3542882,-0.364992,254.96323,78.3175,-3.4134114,WAL
1920877330000,133.359942,-2.06129297659916,-1.97396192945659,0.396558923812914,-0.99265605,1.2565498,-0.28893927,255.22783,78.48669,-3.5113652,WAL
1920882249000,133.364861,-1.99516936595147,-1.94090017345097,0.481574922077401,-1.1450669,1.1071932,-0.25320363,255.43947,78.687515,-3.6058404,WAL
1920887311000,133.369923,-1.97863779640879,-1.91570894276982,0.61835254739446,-1.2782356,0.9419542,-0.20250183,255.61282,78.91261,-3.7030747,WAL
1920892305000,133.374917,-1.97406983659981,-1.89286909602674,0.764527361447946,-1.4147639,0.77518797,-0.15943582,255.73587,79.17025,-3.7991133,WAL
1920897341000,133.379953,-2.01185611580222,-1.89727655045409,1.01026711544702,-1.5372424,0.6035349,-0.10751228,255.82932,79.44405,-3.8946424,WAL
1920902246000,133.384858,-2.06399700823411,-1.91149684334006,1.28519203877699,-1.6676621,0.42241332,-0.062308256,255.86552,79.744026,-3.9911354,WAL
1920907338000,133.38995,-2.06395912976813,-2.03257640359151,1.60144054229896,-1.8029687,0.2312125,-0.012217305,255.86684,80.04305,-4.0917397,WAL
1920912304000,133.394916,-2.04518916872225,-2.18742868021707,1.92053007607301,-1.9318613,0.03726278,0.043066,255.80893,80.357834,-4.198322,WAL
1920917326000,133.399938,-2.09069967325103,-2.67200790452675,2.3771762255144,-2.0534234,-0.15210545,0.11789699,255.72255,80.64089,-4.323339,WAL
1920922340000,133.404952,-2.16127307427004,-3.28364358816382,2.88530434930433,-2.1633792,-0.3210097,0.21074851,255.5799,80.930046,-4.462299,WAL
1920927345000,133.409957,-2.16373874168592,-4.34640475081885,3.54634735366221,-2.2339342,-0.46120325,0.3118467,255.40634,81.16524,-4.601601,WAL
1920932316000,133.414928,-2.13504009436351,-5.60914608206571,4.2733802019994,-2.238821,-0.5122105,0.42180246,255.20346,81.38059,-4.766779,WAL
1920937283000,133.419895,-1.97887290331633,-7.35425459651361,5.18700527678571,-2.214081,-0.5357288,0.48075095,254.98349,81.50621,-4.92832,WAL
1920942382000,133.424994,-1.75879603094388,-9.37231752182823,6.21264636339286,-2.0781636,-0.44684792,0.6102544,254.7734,81.56508,-5.141072,WAL
1920947261000,133.429873,-1.31096170762534,-11.3603706976292,7.65733266653712,-1.7235563,-0.2770274,0.6945538,254.58823,81.47333,-5.297929,WAL
1920952337000,133.434949,-0.352138381523514,-13.5472433789351,10.1228785862806,-1.0592403,-0.25809056,0.6805039,254.38606,81.281204,-5.456233,WAL
1920957207000,133.439819,0.722804231421532,-15.3981753599357,12.1589552494912,-0.06261369,-0.48808134,0.46822822,254.2232,80.89973,-5.406526,WAL
1920962262000,133.444874,2.28895833488163,-16.6013140958757,13.3154195756829,0.8399397,-0.59712076,0.046731193,254.11987,80.43527,-5.2992654,WAL
1920967175000,133.449787,3.78417658588235,-17.5234347191176,13.429527572549,1.3148874,-0.3753767,-0.29749137,254.25247,79.65179,-4.902659,WAL
1920972238000,133.45485,5.28158087482353,-18.0748594511765,11.9178626988235,1.4688255,0.18997909,-0.4578435,254.4725,78.7467,-4.494107,WAL
1920977191000,133.459803,6.13149458280216,-18.4988778752255,10.2929683021948,1.4135422,0.8567385,-0.46883908,254.8982,77.779015,-3.8629303,WAL
1920982249000,133.464861,5.83050759182201,-18.7124823147925,8.35597141398076,1.2534955,1.3955216,-0.48533243,255.44731,76.81212,-3.2817614,WAL
1920987197000,133.469809,5.23930100066413,-18.2943565046391,6.74809007642348,1.1081096,1.6884315,-0.5332854,256.07,76.13377,-2.6460354,WAL
1920992261000,133.474873,4.083596592343,-16.7028944759254,5.63501417182342,0.958753,1.779145,-0.56596667,256.76242,75.4968,-2.0860183,WAL
1920997207000,133.479819,2.91270948590909,-14.3278282755682,4.71766564232955,0.80939645,1.7446312,-0.6001751,257.4155,75.14885,-1.6203536,WAL
1921002250000,133.484862,1.62299119495455,-10.0379138877841,4.16884927616477,0.66614854,1.6227635,-0.62888575,258.05457,74.83423,-1.179599,WAL
1921007290000,133.489902,0.418266656300979,-6.65658578058728,3.76785631935155,0.5128214,1.4559973,-0.6264423,258.63647,74.639244,-0.8782396,WAL
1921012325000,133.494937,-0.466670138499184,-6.7057489004894,3.92517840570962,0.33169982,1.2516629,-0.56199604,259.16052,74.48553,-0.5897323,WAL
1921017307000,133.499919,-1.40872070535812,-6.48133371146152,3.97599081303836,0.13805555,1.0167851,-0.4382958,259.63327,74.29899,-0.4542464,WAL
1921022298000,133.50491,-2.54863942013023,-5.45015716780419,3.71725932292304,-0.05009095,0.80664754,-0.27000242,260.04312,74.156784,-0.3396587,WAL
1921027255000,133.509867,-3.68079270987683,-4.42600526900447,3.46029037952459,-0.21197024,0.72295904,-0.07086037,260.40002,74.05018,-0.3644067,WAL
1921032311000,133.514923,-4.24157178280057,-4.63914605968883,3.32341211080622,-0.38515055,0.6389651,0.027183503,260.69128,73.9974,-0.39103642,WAL
1921037301000,133.519913,-4.53898114687412,-5.39168181923621,3.24230044894861,-0.48349985,0.61544675,0.22266038,260.95026,73.96426,-0.49589837,WAL
1921042310000,133.524922,-4.76079016005107,-6.55124820071502,3.4020007093667,-0.65270954,0.4896085,0.3726278,261.09872,73.98472,-0.7920283,WAL
1921047328000,133.52994,-4.92768673853933,-8.00423085955056,3.73579402011236,-0.8167268,0.2275473,0.4810564,261.1901,74.02114,-1.1161096,WAL
1921052313000,133.534925,-4.99242052625146,-9.69259857508731,4.0308044290454,-0.9410379,-0.19333886,0.5384777,261.17676,74.12842,-1.4828135,WAL
1921057318000,133.53993,-4.99707044704113,-11.5339879891347,4.30515276601669,-0.9596693,-0.74464476,0.52381694,261.05167,74.23933,-1.8257009,WAL
1921062313000,133.544925,-4.9962335869252,-13.4100789010384,3.72963961945327,-0.8402451,-1.3530666,0.48991394,260.78772,74.34536,-2.1504467,WAL
1921067307000,133.549919,-4.9911661955499,-15.315438588684,2.49824986350922,-0.63224554,-1.806634,0.43951756,260.41824,74.42267,-2.431671,WAL
1921072293000,133.554905,-4.99248335504841,-16.4936186694329,1.92819674135546,-0.37720928,-1.8619173,0.37140608,260.011,74.49921,-2.6611118,WAL
1921077323000,133.559935,-4.99692510710005,-17.328677516828,1.67501399880129,-0.086437434,-1.6563611,0.3652974,259.55533,74.50307,-2.8731706,WAL
1921082311000,133.564923,-4.45723793588418,-17.9720536311272,1.65680342437435,0.3032946,-1.4844025,0.33017266,259.03833,74.657425,-3.0302231,WAL
1921087287000,133.569899,-3.39278045501551,-18.4352904145812,1.86378130218201,0.81214535,-1.4947872,0.28955013,258.5346,74.68935,-3.1788998,WAL
1921092312000,133.574924,-2.1524435282205,-17.1244930915401,1.25838143923951,1.2177598,-1.7562376,0.06291912,258.0215,74.72632,-3.2411335,WAL
1921097317000,133.579929,-0.79274113427623,-14.4822342186903,0.0433282829524192,1.2663237,-2.0796907,-0.3371976,257.51166,74.73084,-3.2308943,WAL
1921102308000,133.58492,-0.0541806151856149,-11.5587809170824,-1.42448058966067,0.9621128,-1.964848,-0.6291912,257.12442,74.76361,-3.0556784,WAL
1921107318000,133.58993,0.247316593283063,-8.41857147363689,-3.08039605279872,0.35277468,-1.4401149,-0.7641924,256.78616,74.88111,-2.8290431,WAL
1921112311000,133.594923,0.209395639410269,-5.92585246191154,-3.81835908416879,-0.37323865,-0.9297369,-0.7620544,256.4956,75.20961,-2.448511,WAL
1921117305000,133.599917,-0.145595703609558,-4.02932335445857,-3.70164958344687,-1.078788,-0.7312057,-0.6786713,256.26212,75.69622,-2.086961,WAL
1921122301000,133.604913,-0.51240580240779,-2.72456050262614,-3.23171878253172,-1.5870279,-0.80481493,-0.5335908,255.9299,76.37484,-1.7993246,WAL
1921127321000,133.609933,-0.890692985608341,-1.90651449574112,-2.46568732271073,-1.8973475,-0.92087936,-0.38056904,255.62875,77.192726,-1.5565301,WAL
1921132311000,133.614923,-1.31240060987899,-1.47643161583019,-1.98476242634398,-2.10046,-1.2070698,-0.321926,255.25429,78.03178,-1.3696877,WAL
1921137287000,133.619899,-1.7756133010117,-1.40553175945249,-1.76733600269788,-2.16399,-1.4853189,-0.19181168,254.83054,78.91456,-1.2483875,WAL
1921142411000,133.625023,-2.15812490569405,-1.47310316950238,-1.89535404840431,-2.2269092,-1.7217237,-0.053145275,254.38702,79.72293,-1.1771618,WAL
1921147343000,133.629955,-2.43760903602677,-1.67011654775439,-2.34894299348142,-2.2146919,-1.9138408,0.11453723,253.86401,80.523315,-1.1493863,WAL
1921152288000,133.6349,-2.69404730770912,-2.00960532781641,-2.83732456320286,-2.164601,-2.0457878,0.30604348,253.30405,81.30531,-1.2063293,WAL
1921157288000,133.6399,-2.9223835882575,-2.53763314422809,-3.37486633749255,-2.1013765,-2.1487186,0.47555858,252.684,82.06677,-1.3102435,WAL
1921162268000,133.64488,-3.1504616265374,-3.12518535639889,-3.83026109939058,-2.0308216,-2.2516494,0.61422503,251.96594,82.85399,-1.5210123,WAL
1921167306000,133.649918,-3.38212305481071,-3.80680456686981,-4.17775326506002,-1.9779817,-2.3405302,0.7257079,251.21492,83.59182,-1.7821022,WAL
1921172289000,133.654901,-3.56469484686094,-4.47595767291622,-4.46136061266338,-1.9443841,-2.3640485,0.81489426,250.4029,84.34428,-2.1174664,WAL
1921177318000,133.65993,-3.61113330310692,-5.13641450803514,-4.56971675913863,-1.9031507,-2.3286183,0.8848383,249.58113,84.98302,-2.4907827,WAL
1921182241000,133.664853,-3.61784818461387,-5.77011642070528,-4.53203873085106,-1.8619173,-2.2702806,0.9605856,248.72513,85.51445,-2.9228055,WAL
1921187277000,133.669889,-3.5608400891844,-6.39720507358156,-4.25649988404255,-1.8075503,-2.1988094,1.0790935,247.88483,85.79668,-3.3977358,WAL
1921192285000,133.674897,-3.46672719821291,-7.08557730110124,-4.07478768986669,-1.7574593,-2.1267273,1.2024882,247.06049,85.826744,-3.8806474,WAL
1921197328000,133.67994,-3.30343956410356,-7.89735074536321,-4.0607915624034,-1.7229455,-1.9761491,1.3405437,246.28241,85.54902,-4.4078474,WAL
1921202260000,133.684872,-3.05806702831737,-8.71481619425445,-4.07719099726402,-1.7244726,-1.7376062,1.4920384,245.56155,94.93058,-4.92472,WAL
1921207291000,133.689903,-2.58727441529216,-9.60932150517882,-4.17134974600352,-1.7571539,-1.452943,1.6691893,244.90147,95.59365,-5.48705,WAL
1921212274000,133.694886,-2.01868924305141,-10.618137185738,-4.16943690878939,-1.8102992,-1.1597277,1.8851302,244.32883,96.35854,-6.061914,WAL
1921217303000,133.699915,-1.11216188653068,-12.0358343866501,-3.85794281718076,-1.8374827,-1.0021244,2.0711386,243.80531,97.21079,-6.6705904,WAL
1921222309000,133.704921,-0.209780509170813,-13.4470477864842,-3.54787333565506,-1.865277,-0.93523467,2.1978931,243.34886,98.04301,-7.219006,WAL
1921227319000,133.709931,0.124010496518047,-14.173213004954,-3.2172784601557,-1.8695531,-0.93523467,2.271197,242.92627,98.91826,-7.794409,WAL
1921232245000,133.714857,0.33863902081286,-14.7503249570316,-2.88818151905773,-1.7928895,-0.95233893,2.2837198,242.5246,99.79917,-8.376823,WAL
1921237285000,133.719897,0.52886013027421,-14.8514484658832,-2.80144248291883,-1.7305813,-0.98807454,2.228131,242.19568,100.461426,-8.773025,WAL
1921242348000,133.72496,0.714381669330418,-14.8602830019131,-2.76168776264007,-1.6203201,-1.0259482,2.0732768,241.86417,101.07565,-9.139538,WAL
1921247314000,133.729926,1.0130856580695,-14.5284593949807,-2.85201001138996,-1.534799,-0.98837996,1.840537,241.5623,101.56172,-9.407056,WAL
1921252258000,133.73487,1.36956466532819,-14.0257323818533,-3.00739835656371,-1.4547756,-0.8011498,1.5931365,241.29022,101.987144,-9.621991,WAL
1921257291000,133.739903,1.7018419357624,-13.3633526503368,-3.04856503350684,-1.3771957,-0.52564955,1.3402383,241.05782,102.32278,-9.752835,WAL
1921262315000,133.744927,2.01120865713411,-12.5923916999388,-3.00436978027148,-1.3286319,-0.18570304,1.0659598,240.88937,102.58987,-9.800935,WAL
1921267310000,133.749922,2.19017946650367,-11.7779017229014,-2.68564450613284,-1.2986995,0.10995574,0.8170323,240.81729,102.818504,-9.776623,WAL
1921272302000,133.754914,2.2924568806846,-10.9353298304808,-2.20347919757539,-1.2843442,0.25381452,0.57848936,240.78685,102.98841,-9.673479,WAL
1921277279000,133.759891,2.27640724988397,-10.0847396249622,-1.71628531926143,-1.271516,0.16249016,0.39187005,240.79039,103.124886,-9.513466,WAL
1921282283000,133.764895,2.19904301668853,-9.22406172283322,-1.22308802970437,-1.287093,-0.15943582,0.24098633,240.75699,103.23099,-9.304589,WAL
1921287291000,133.769903,1.79825641494105,-8.62685507747944,-1.05660374501139,-1.2812898,-0.6435465,0.13194689,240.65488,103.28422,-9.072509,WAL
1921292286000,133.774898,1.24373054869712,-8.15764106950362,-1.04712467714257,-1.2812898,-1.149343,0.032986723,240.44666,103.324295,-8.822461,WAL
1921297269000,133.779881,0.631435198837348,-7.82286322584994,-1.2486726952919,-1.2990049,-1.568702,-0.07971791,240.12433,103.34155,-8.589481,WAL
1921302285000,133.784897,-0.0161084608236693,-7.55622765070869,-1.56292178907721,-1.3377949,-1.8698585,-0.1908954,239.68938,103.35449,-8.353219,WAL
1921307270000,133.789882,-0.51236461932833,-7.35035465890177,-2.0463924032396,-1.3787229,-2.0522017,-0.26847526,239.1182,103.42017,-8.189841,WAL
1921312284000,133.794896,-0.927493633390652,-7.17700401637849,-2.63031014390082,-1.4056009,-2.0824397,-0.3023783,238.50922,103.48951,-8.022859,WAL
1921317284000,133.799896,-1.24728199447525,-7.15608211810135,-2.96889956339364,-1.4077389,-1.9419407,-0.26206118,237.84546,103.66416,-7.9487076,WAL
1921322289000,133.804901,-1.48505342585352,-7.26797456212431,-3.09477852640794,-1.3585643,-1.6756034,-0.16157386,237.22244,103.848015,-7.887662,WAL
1921327320000,133.809932,-1.72406003349869,-7.38044826559673,-3.22131140611322,-1.260215,-1.5100589,-0.055588737,236.60985,104.1714,-7.92712,WAL
1921332333000,133.814945,-1.96221151911293,-7.49251955868106,-3.3473915742632,-1.2012665,-1.221425,0.0009162979,236.11581,104.50475,-7.966489,WAL
1921337357000,133.819969,-2.13469220233758,-7.70338769156576,-3.30900404190797,-1.1206323,-0.9963212,0.11209377,235.65334,104.93534,-8.102409,WAL
1921342391000,133.825003,-2.22098928461619,-8.04349972172265,-3.05518893501106,-1.1053606,-0.82619524,0.22479841,235.2626,105.37499,-8.244303,WAL
1921347340000,133.829952,-2.18717154742356,-8.33149672387846,-2.79417002024002,-1.1291844,-0.6453791,0.33078352,234.93188,105.78629,-8.428526,WAL
1921352343000,133.834955,-2.05026489797124,-8.5824925496714,-2.52035676898752,-1.169807,-0.46853364,0.39553526,234.65363,106.204605,-8.622017,WAL
1921357290000,133.839902,-1.81396746969285,-8.77318632824906,-2.05623416365441,-1.2284501,-0.3390302,0.46792278,234.4277,106.6077,-8.842557,WAL
1921362329000,133.844941,-1.4358526912244,-8.88914123568742,-1.32017066155453,-1.2751812,-0.33444872,0.5290093,234.21933,107.01954,-9.072111,WAL
1921367308000,133.84992,-1.08601403794585,-8.96640759996076,-0.762592473889543,-1.323745,-0.46883908,0.57360244,234.0378,107.3905,-9.2902775,WAL
1921372293000,133.854905,-0.758191136915833,-9.0085566209535,-0.364521792984108,-1.3933836,-0.675617,0.5748242,233.83699,107.7735,-9.515296,WAL
1921377254000,133.859866,-0.475580325732398,-9.03305832859476,-0.123415797883969,-1.4413365,-0.86467975,0.54336464,233.64409,108.031906,-9.683653,WAL
1921382323000,133.864935,-0.237775440020747,-9.03772077639035,-0.0581360288489098,-1.4538593,-1.0574077,0.5018258,233.39264,108.292816,-9.862652,WAL
1921387326000,133.869938,-0.0765072299578626,-9.01161376824428,-0.103901284670331,-1.4373659,-1.2147056,0.46700647,233.12985,108.466644,-9.985978,WAL
1921392319000,133.874931,-0.0278385334131298,-8.93861077221374,-0.318043551703206,-1.3750577,-1.3249667,0.43004912,232.827,108.62399,-10.107183,WAL
1921397283000,133.879895,-0.0445734748392052,-8.86972137861189,-0.550997804233465,-1.3072516,-1.389413,0.3753767,232.5106,108.73587,-10.18452,WAL
1921402307000,133.884919,-0.150805513545167,-8.80505853902275,-0.814268522482481,-1.2333369,-1.3979651,0.34269542,232.1838,108.82931,-10.26179,WAL
1921407273000,133.889885,-0.310230850067267,-8.72612600693367,-1.05138532493015,-1.1658363,-1.4062119,0.31215215,231.83781,108.92699,-10.329561,WAL
1921412317000,133.894929,-0.580177268591535,-8.6161482240505,-1.24634665184725,-1.1258247,-1.395827,0.29535335,231.49956,109.01155,-10.3918705,WAL
1921417289000,133.899901,-0.869340017298467,-8.50628123835951,-1.38189423375035,-1.0998629,-1.3558154,0.2919936,231.16005,109.13183,-10.465368,WAL
1921422297000,133.904909,-1.19416056490452,-8.3934959530618,-1.43603094457718,-1.0952814,-1.344209,0.30818152,230.82172,109.24883,-10.541887,WAL
1921427260000,133.909872,-1.50791578465651,-8.28744741430445,-1.48544741950973,-1.119716,-1.2901474,0.31215215,230.49255,109.42129,-10.645503,WAL
1921432349000,133.914961,-1.80781672018562,-8.19403579814385,-1.52477872088167,-1.1297953,-1.1823297,0.35185838,230.19078,109.59691,-10.7582855,WAL
1921437310000,133.919922,-2.08485616399259,-8.09585633978694,-1.54071879916628,-1.1505647,-1.0690142,0.41508293,229.89604,109.83726,-10.93048,WAL
1921442426000,133.925038,-2.33448298370542,-7.9778509065308,-1.50440941685966,-1.1820242,-0.9392053,0.5027421,229.64462,110.09033,-11.108763,WAL
1921447360000,133.929972,-2.55938599876518,-7.86908962251012,-1.4614633297166,-1.2244794,-0.81336707,0.58368176,229.41257,110.39761,-11.337787,WAL
1921452350000,133.934962,-2.69965515129555,-7.78686290753036,-1.3743997491498,-1.244027,-0.70707655,0.68203104,229.22131,110.719246,-11.583085,WAL
1921457303000,133.939915,-2.81794504469479,-7.71654237999007,-1.26856148521489,-1.2614367,-0.63285637,0.79381937,229.0491,111.09089,-11.874143,WAL
1921462346000,133.944958,-2.83232607894789,-7.70216149590074,-1.06243530974888,-1.2657127,-0.61361414,0.883922,228.89749,111.47053,-12.177373,WAL
1921467285000,133.949897,-2.83403287254521,-7.72169770795256,-0.867344398269493,-1.2837334,-0.6395759,0.9599747,228.7555,111.87725,-12.523276,WAL
1921472345000,133.954957,-2.76336593379351,-7.93840945012639,-0.707166098872254,-1.2983941,-0.7104363,1.0027353,228.6104,112.28706,-12.881262,WAL
1921477326000,133.959938,-2.69051605028249,-8.1688676941962,-0.555371174243451,-1.3133603,-0.79717916,1.0372492,228.46313,112.68354,-13.255691,WAL
1921482342000,133.964954,-2.58689172485876,-8.55869256199281,-0.456681366514638,-1.2873985,-0.8866709,1.044885,228.29572,113.0707,-13.634939,WAL
1921487388000,133.97,-2.47262085276441,-8.95189859835019,-0.3688796329235,-1.2651019,-0.9819659,1.0534371,228.11299,113.41589,-13.9968815,WAL
1921492431000,133.975043,-2.30662325006383,-9.35029312216439,-0.340422889712266,-1.210735,-1.0836749,1.0546589,227.90279,113.743004,-14.361541,WAL
1921497338000,133.97995,-2.14020761465661,-9.75649698814539,-0.30999692538356,-1.103528,-1.1881329,1.0497719,227.67879,113.99689,-14.692258,WAL
1921502342000,133.984954,-1.93362551233467,-10.3105123944352,-0.25835141451063,-0.9773844,-1.2748758,1.035722,227.43057,114.22987,-15.022205,WAL
1921507314000,133.989926,-1.72617738596491,-10.8496823508772,-0.214050033157895,-0.8362745,-1.3683381,1.0128145,227.17516,114.380325,-15.303949,WAL
1921512348000,133.99496,-1.48725558299138,-11.2462925947071,-0.261834398742195,-0.7079928,-1.4395039,0.958753,226.89865,114.497444,-15.573028,WAL
1921517435000,134.000047,-1.21297612878584,-11.6402548366136,-0.362603540021569,-0.5852089,-1.461495,0.9086621,226.63303,114.50666,-15.765241,WAL
1921522346000,134.004958,-0.562047618338276,-11.940358115395,-1.0769341903478,-0.45540005,-1.4483615,0.84757555,226.35477,114.47948,-15.938331,WAL
1921527320000,134.009932,0.0972312273074503,-12.2443112224319,-1.80042852036668,-0.3042109,-1.3677273,0.820392,226.11813,114.372734,-16.03866,WAL
1921532335000,134.014947,0.609898259521683,-12.0555139748933,-2.20952246971321,-0.23273966,-1.20371,0.7443393,225.90479,114.24372,-16.098644,WAL
1921537374000,134.019986,1.09357502785055,-11.763392488836,-2.55432173277761,-0.09773844,-0.9819659,0.67103547,225.73463,114.07401,-16.137907,WAL
1921542453000,134.025065,1.45255932409639,-11.3207086746988,-2.66292925783133,0.022907447,-0.71776664,0.6035349,225.6718,113.865814,-16.030155,WAL
1921547289000,134.029901,1.7687554546988,-10.8696637915663,-2.71872858927711,0.09437868,-0.4352415,0.51251596,225.66937,113.63159,-15.881772,WAL
1921552333000,134.034945,1.82149897800136,-10.6569106472247,-2.62966533391659,0.07696902,-0.20555615,0.40378192,225.73608,113.38624,-15.6665535,WAL
1921557297000,134.039909,1.81225639314669,-10.5044081901429,-2.50951163429571,-0.009468411,-0.052534413,0.28710666,225.84854,113.13029,-15.41392,WAL
1921562319000,134.044931,1.58592547539283,-10.7493706255559,-2.28521692683071,-0.13469578,0.0033597588,0.17379116,225.99876,112.878456,-15.118029,WAL
1921567252000,134.049864,1.29646723386698,-11.1135273277992,-2.03310811066311,-0.25411993,-0.0076358155,0.07788532,226.15955,112.6325,-14.794524,WAL
1921572365000,134.054977,0.88520182062314,-11.4529406610439,-1.70338685193491,-0.32803464,-0.051923547,0.019547688,226.31062,112.394264,-14.466005,WAL
1921577285000,134.059897,0.450396913379639,-11.766187658464,-1.36208838517563,-0.37507126,-0.116675265,-0.019547688,226.44203,112.168884,-14.126228,WAL
1921582358000,134.06497,0.0455630666929671,-11.8834086300409,-1.08654683489188,-0.408058,-0.18509217,-0.047036625,226.55353,111.94006,-13.8105,WAL
1921587364000,134.069976,-0.337371147121566,-11.9207678433665,-0.843710485388662,-0.41386122,-0.23090707,-0.06505715,226.64851,111.71806,-13.498961,WAL
1921592359000,134.074971,-0.505498154968307,-11.9523345200724,-0.710516366248114,-0.3830125,-0.28771752,-0.08735373,226.71468,111.491745,-13.23986,WAL
1921597350000,134.079962,-0.572825841074555,-11.9811893194486,-0.628761355778247,-0.3173445,-0.3051272,-0.10934488,226.7788,111.263466,-12.985488,WAL
1921602342000,134.084954,-0.502390356296863,-12.2138649762816,-0.496213423626626,-0.22602014,-0.27397305,-0.10415252,226.83156,111.044464,-12.802414,WAL
1921607329000,134.089941,-0.369927976463275,-12.5381692619549,-0.340912710994644,-0.10598512,-0.22937989,-0.10995574,226.88382,110.804985,-12.616459,WAL
1921612345000,134.094957,-0.184968597932019,-12.987111926585,-0.0765562886925946,0.026572637,-0.1881465,-0.121256754,226.94974,110.5472,-12.447667,WAL
1921617357000,134.099969,0.0349520256383591,-13.5190130300479,0.260996309189132,0.15974127,-0.13500121,-0.14049901,227.03381,110.26645,-12.274783,WAL
1921622335000,134.104947,0.229100975948837,-14.0527685736434,0.554341214348837,0.29229903,-0.11728613,-0.19883664,227.13075,109.90229,-12.066117,WAL
1921627350000,134.109962,0.415254804852907,-14.5926148575581,0.833571938752907,0.35369098,-0.110872045,-0.23487769,227.2437,109.534424,-11.859891,WAL
1921632342000,134.114954,0.593370463576159,-14.9819616723294,0.913880492830406,0.50915617,-0.14752395,-0.3115413,227.36961,109.02825,-11.594936,WAL
1921637410000,134.120022,0.770387424724062,-15.2987289402054,0.890588779095883,0.6826419,-0.19058995,-0.3933972,227.49728,108.511215,-11.325314,WAL
1921642312000,134.124924,0.957867792631132,-15.4339915553196,0.788979177914632,0.88208944,-0.2134974,-0.5027421,227.6356,107.87249,-10.992907,WAL
1921647322000,134.129934,1.16164696262476,-15.4441807186239,0.625955863198131,1.0751228,-0.22907446,-0.6062838,227.76524,107.20347,-10.651408,WAL
1921652307000,134.134919,1.22259790810623,-15.2986535677336,0.490540156741651,1.2666291,-0.22052236,-0.7254025,227.898,106.45713,-10.24987,WAL
1921657348000,134.13996,1.21781377880289,-15.0785830203151,0.366152714926172,1.4486669,-0.15851954,-0.8536842,228.04143,105.673996,-9.826877,WAL
1921662308000,134.14492,0.974261231061627,-14.6904033798223,0.440403113954488,1.6084082,-0.08399397,-0.9804387,228.18303,104.84797,-9.356893,WAL
1921667331000,134.149943,0.607805943187811,-14.2111927946088,0.614234461037211,1.7629571,-0.042455133,-1.1007792,228.33261,103.985664,-8.865329,WAL
1921672309000,134.154921,0.123841393560803,-13.6955654818706,0.806059790786538,1.9346102,-0.021380283,-1.1969905,228.48613,103.10732,-8.365186,WAL
1921677374000,134.159986,-0.444383052822611,-13.1453796214206,1.01350681119375,2.1389446,-0.01740966,-1.2577715,228.65028,102.19637,-7.853991,WAL
1921682311000,134.164923,-1.00872342983193,-12.6441357715336,1.25380219306723,2.3979516,-0.013133603,-1.325883,228.8414,101.28525,-7.388125,WAL
1921687351000,134.169963,-1.59685204159664,-12.1726188891807,1.54279642836134,2.7009406,-0.04734206,-1.3909402,229.03368,100.334526,-6.9185224,WAL
1921692358000,134.17497,-2.20532120854615,-11.9380545823447,1.66087210637442,3.0121765,-0.099571034,-1.4410311,229.22337,99.39665,-6.5235934,WAL
1921697420000,134.180032,-2.83895423388297,-11.8795657323547,1.65112386291977,3.259577,-0.16065755,-1.4700472,229.4175,98.435165,-6.1246285,WAL
1921702340000,134.184952,-3.38875832625349,-12.1195962245212,1.30917367688384,3.438866,-0.17623462,-1.5118915,229.56412,97.47182,-5.766721,WAL
1921707345000,134.189957,-3.90078234959099,-12.5762664699259,0.723344279135791,3.5121698,-0.09468412,-1.5528195,229.74242,96.54209,-5.4055467,WAL
1921712346000,134.194958,-4.40832284803021,-13.0635192223923,-0.0999328611553378,3.4498615,0.095294975,-1.5671748,229.89119,95.734695,-5.099822,WAL
1921717344000,134.199956,-4.91149514625434,-13.5813468114921,-1.16001437432129,3.2925637,0.37384954,-1.5424347,230.10872,95.05529,-4.7982097,WAL
1921722329000,134.204941,-5.44775045971564,-14.0252108246445,-2.01067546208531,3.0714304,0.5021312,-1.4865406,230.31,94.62323,-4.5695686,WAL
1921727380000,134.209992,-6.020883858906,-14.4120761309242,-2.69365928399487,2.9367347,0.6750061,-1.4587462,230.6176,85.65379,-4.343893,WAL
1921732325000,134.214937,-6.52040124167789,-14.7316463055609,-3.14151129505484,2.7183504,0.72295904,-1.4144585,230.88622,85.72783,-4.208661,WAL
1921737398000,134.22001,-6.97379414974986,-15.0027467617856,-3.38924139592072,2.5314255,0.6606508,-1.3771957,231.17924,85.721985,-4.080864,WAL
1921742309000,134.224921,-7.27685661170502,-15.0742206473645,-3.46628638013363,2.4022276,0.5561928,-1.3600914,231.4326,85.64349,-4.0212393,WAL
1921747324000,134.229936,-7.40759273481812,-14.895944285078,-3.33079627033408,2.322204,0.4196644,-1.3503176,231.6609,85.54594,-3.9666104,WAL
1921752303000,134.234915,-7.53739037329869,-14.7189476733482,-3.1962787714922,2.264172,0.21563543,-1.3518448,231.81528,85.41732,-3.95696,WAL
1921757309000,134.239921,-7.66789187525365,-14.5409912487008,-3.06103181443207,2.240043,-0.004886922,-1.3329079,231.92747,85.28025,-3.9489036,WAL
1921762275000,134.244887,-7.59510860423626,-14.4800279636748,-2.89752848812638,2.2876904,-0.1957823,-1.3228287,231.98085,85.14132,-3.924991,WAL
1921767311000,134.249923,-7.19231206461059,-14.6062051514389,-2.68399783149527,2.3417518,-0.38026363,-1.4117095,231.97736,85.01597,-3.8714135,WAL
1921772292000,134.254904,-6.69667073173231,-14.5570216179662,-2.89336575496383,2.3197608,-0.29901853,-1.5745052,231.99,84.85322,-3.8221147,WAL
1921777352000,134.259964,-6.04419323956994,-14.2405209567926,-3.7503515465635,2.0693061,0.19822577,-1.6643023,232.07556,84.72154,-3.770757,WAL
1921782243000,134.264855,-5.35084609987107,-13.7853765715561,-4.13506073567391,1.6297885,0.6731735,-1.743104,232.17514,84.66746,-3.627202,WAL
1921787390000,134.270002,-4.52467118099772,-13.076528546266,-3.85641002701577,1.3955216,0.9443977,-1.7171422,232.36096,84.61139,-3.495294,WAL
1921792268000,134.27488,-3.76801411145291,-12.4657442927591,-3.51673124385234,1.3991868,1.0177015,-1.6255124,232.58252,84.72686,-3.303482,WAL
1921797325000,134.279937,-3.02540694415523,-11.9294170138192,-3.04457971212494,1.536937,1.044885,-1.5259414,232.86159,84.84741,-3.1294596,WAL
1921802243000,134.284855,-2.33586565366024,-11.4613947445321,-2.58491814033756,1.7037032,1.1230757,-1.4443909,233.17154,84.94322,-2.9008322,WAL
1921807290000,134.289902,-1.7179918829222,-11.1283219791271,-2.11185849051233,1.8713857,1.2000448,-1.4107933,233.4842,84.983154,-2.6931067,WAL
1921812256000,134.294868,-1.15699061350178,-10.8609166740983,-1.67274696919342,1.9981402,1.2834278,-1.4104879,233.82367,84.93992,-2.4187505,WAL
1921817341000,134.299953,-0.713052669714625,-10.754757977606,-1.29636481238605,2.060143,1.3377949,-1.4367551,234.17586,84.84483,-2.1544316,WAL
1921822293000,134.304905,-0.329089153874247,-10.673517427052,-1.02356266581325,2.071444,1.4208726,-1.4425583,234.56616,84.65597,-1.8314016,WAL
1921827334000,134.309946,-0.0791627984920934,-10.6553408356081,-1.01901855353916,2.0867157,1.5528195,-1.4364496,234.98746,84.41838,-1.5156369,WAL
1921832315000,134.314927,0.141822572291068,-10.6224011547041,-1.01643271126202,2.0803015,1.7058412,-1.3988814,235.44391,84.1028,-1.1633312,WAL
1921837360000,134.319972,0.199300496862298,-10.4930759532071,-1.02601235952216,2.08977,1.81091,-1.3264939,235.92456,83.748344,-0.8347793,WAL
1921842373000,134.324985,0.247346903531539,-10.3081060122629,-1.10689802001764,2.0766363,1.9425515,-1.2596041,236.4262,83.36864,-0.49250194,WAL
1921847396000,134.330008,0.234615284681959,-9.74367059382444,-1.66708921394795,2.042428,2.1099286,-1.1838568,236.9657,82.974144,-0.18697162,WAL
1921852270000,134.334882,0.222261330815174,-9.19597833233348,-2.21066314968681,2.0002782,2.2333233,-1.1026118,237.5017,82.56002,0.098397456,WAL
1921857352000,134.339964,0.199804714476172,-8.71876794129937,-2.35163432449508,1.9440787,2.3881776,-1.0268645,238.09027,82.15412,0.34914947,WAL
1921862245000,134.344857,0.176493943529002,-8.27586308397174,-2.41224238834942,1.8945986,2.452013,-0.9615019,238.68295,81.75654,0.5718448,WAL
1921867345000,134.349957,-0.0230935875806918,-7.83807021743906,-2.59495111582041,1.8768835,2.4459045,-0.87964594,239.24576,81.43972,0.75349575,WAL
1921872264000,134.354876,-0.250034105208594,-7.42049996149918,-2.79465881910589,1.8387043,2.4318545,-0.806953,239.81927,81.14506,0.9131018,WAL
1921877359000,134.359971,-0.546073158399443,-7.05126040071578,-2.95858978251317,1.7919732,2.4153612,-0.7510588,240.37917,80.85772,1.0503557,WAL
1921882246000,134.364858,-0.848500885351427,-6.71626361959439,-3.10282454213142,1.7476854,2.3994787,-0.70341134,240.92966,80.58537,1.1670936,WAL
1921887368000,134.36998,-1.06226179203399,-6.47674776849085,-3.18562980334329,1.6749926,2.3863451,-0.66798115,241.45857,80.363434,1.241455,WAL
1921892414000,134.375026,-1.23826651236459,-6.27817838513261,-3.24429794135226,1.6120734,2.3811526,-0.66553766,241.98193,80.155495,1.3101856,WAL
1921897358000,134.37997,-1.37394082306807,-6.07832328526613,-3.1631111518352,1.5344934,2.389705,-0.68019843,242.49554,79.99792,1.3347856,WAL
1921902365000,134.384977,-1.4892680075081,-5.87273993872216,-2.99764166093276,1.4514158,2.3652701,-0.698219,242.99557,79.86331,1.360399,WAL
1921907336000,134.389948,-1.5720641566338,-5.71770807517329,-2.77527969191643,1.3784174,2.2928827,-0.72173727,243.47311,79.75259,1.3697608,WAL
1921912355000,134.394967,-1.64245275292395,-5.58162325314849,-2.52657346862247,1.2962561,2.2146919,-0.73548174,243.93958,79.67073,1.3821204,WAL
1921917342000,134.399954,-1.65692183030242,-5.44411620969357,-2.25008731962748,1.2318097,2.1783454,-0.7556403,244.40245,79.57351,1.3935181,WAL
1921922344000,134.404956,-1.64253068660124,-5.30500240496695,-1.95746821584218,1.1621711,2.1007655,-0.77091193,244.82848,79.503006,1.4124624,WAL
1921927416000,134.410028,-1.74004991775089,-5.28647147679492,-1.68187304155097,1.1184943,2.0100522,-0.7877107,245.23459,79.38552,1.4377401,WAL
1921932330000,134.414942,-1.88938888250694,-5.32847301951606,-1.425196800952,1.0433578,1.9321668,-0.8060367,245.61923,79.29771,1.4697908,WAL
1921937345000,134.419957,-1.98979156479319,-5.13059286425886,-1.06916437000792,0.96577793,1.8768835,-0.84696466,245.97595,79.151794,1.5313467,WAL
1921942361000,134.424973,-2.06109172659806,-4.79785913981793,-0.660377017211558,0.8671232,1.8347337,-0.84421575,246.3093,79.03528,1.5871668,WAL
1921947342000,134.429954,-2.15027213275275,-4.51567254476476,-0.317008586274274,0.7626653,1.7754798,-0.8512407,246.57065,78.85575,1.6573529,WAL
1921952346000,134.434958,-2.25100966536537,-4.26142962332332,-0.00999860004004002,0.6160576,1.7305813,-0.8555168,246.82199,78.718445,1.7248476,WAL
1921957340000,134.439952,-2.37034601086172,-4.03785613376598,0.259592498487362,0.46120325,1.6994271,-0.8524625,247.08807,78.52416,1.7776076,WAL
1921962351000,134.444963,-2.50147733286816,-3.83179273254611,0.507805348917732,0.2996294,1.6612481,-0.8371908,247.33762,78.37625,1.8290718,WAL
1921967342000,134.449954,-2.6341248178729,-3.661905522915,0.62668662718324,0.1554652,1.6313156,-0.8185594,247.65126,78.23741,1.8477241,WAL
1921972331000,134.454943,-2.76822704745389,-3.5182246233761,0.650633457109062,0.008552114,1.632232,-0.7834347,247.95697,78.14701,1.856965,WAL
1921977368000,134.45998,-2.83206175363035,-3.4337544088215,0.659418949273931,-0.124311075,1.6392568,-0.7489208,248.32219,78.07727,1.8271736,WAL
1921982347000,134.464959,-2.84383763212486,-3.39371637275511,0.657063773575027,-0.23304509,1.642922,-0.7171558,248.67972,78.04286,1.7880155,WAL
1921987349000,134.469961,-2.85566790813,-3.35349338492542,0.654697718374,-0.34605515,1.6606371,-0.6805039,249.04672,78.04528,1.7067221,WAL
1921992417000,134.475029,-2.86765428133952,-3.31273966594883,0.652300443732095,-0.4633413,1.6484199,-0.6426302,249.39832,78.079414,1.6181538,WAL
1921997441000,134.480053,-2.80233463292173,-3.26037712531368,0.659079271081458,-0.56382865,1.6239853,-0.6047566,249.74734,78.1418,1.5138108,WAL
1922002348000,134.48496,-2.67598319437363,-3.19954127102171,0.673118314379606,-0.6637051,1.5861117,-0.58184916,250.08102,78.23563,1.4057239,WAL
1922007339000,134.489951,-2.51247124398207,-3.1602090272683,0.713952308529383,-0.7470882,1.5183055,-0.5421429,250.39746,78.3546,1.2764186,WAL
1922012349000,134.494961,-2.31608183174155,-3.14150533649742,0.77941542641263,-0.82436264,1.4315627,-0.51159966,250.68996,78.497284,1.1481378,WAL
1922017337000,134.499949,-2.11127006846639,-3.14059118868076,0.843198345446259,-0.88117313,1.382999,-0.4886922,250.9813,78.65313,1.0305724,WAL
1922022327000,134.504939,-1.89585667199239,-3.15973898283081,0.905428883871582,-0.91232723,1.2913691,-0.47433686,251.22815,78.82051,0.9156223,WAL
1922027256000,134.509868,-1.73294474219564,-3.19514455508393,1.00158099257669,-0.98807454,1.1771374,-0.45051312,251.47408,79.00519,0.8269016,WAL
1922032347000,134.514959,-1.6247663454563,-3.25158540648273,1.14268324385491,-1.0516045,1.0451905,-0.42149702,251.68231,79.19169,0.73961055,WAL
1922037306000,134.519918,-1.56678382339205,-3.33480210952479,1.27578878946129,-1.1432343,0.88453287,-0.40439278,251.8537,79.383736,0.6933033,WAL
1922042449000,134.525061,-1.58191701134781,-3.46595651048751,1.40694313775092,-1.2412782,0.70402217,-0.37934732,251.97543,79.59232,0.6449986,WAL
1922047329000,134.529941,-1.61505229533452,-3.55070989291245,1.546518323784,-1.3225232,0.52595496,-0.35613444,252.06375,79.787994,0.6213544,WAL
1922052350000,134.534962,-1.67233062129244,-3.58889551000596,1.70880692230494,-1.428203,0.37659842,-0.32436943,252.10376,80.01496,0.59569377,WAL
1922057263000,134.539875,-1.70661843920955,-3.70974499968695,1.88026016857758,-1.5497651,0.20830505,-0.2828306,252.11984,80.26469,0.55428874,WAL
1922062356000,134.544968,-1.71138997534729,-3.9530933427118,2.07589329969673,-1.6841555,0.057421334,-0.2321288,252.09329,80.544334,0.507336,WAL
1922067242000,134.549854,-1.73932465604072,-4.26771981278539,2.31011133400875,-1.8280143,-0.063224554,-0.16920967,252.04918,80.83755,0.44202176,WAL
1922072335000,134.554947,-1.8089232238965,-4.73635023105023,2.63490466681887,-1.9703459,-0.1695151,-0.0693332,251.9595,81.164665,0.35770443,WAL
1922077264000,134.559876,-1.85661087284742,-5.31631846959351,2.98469031967361,-2.094657,-0.26908615,0.022907447,251.85355,81.49397,0.2668974,WAL
1922082348000,134.56496,-1.85173617809371,-6.26201001532839,3.44291188102723,-2.159714,-0.3268129,0.16462818,251.7203,81.84155,0.13655439,WAL
1922087309000,134.569921,-1.78952442863671,-7.361190983492,3.92218734653465,-2.1325307,-0.31887165,0.33841935,251.59589,82.13817,-0.030930512,WAL
1922092408000,134.57502,-1.5756745822163,-8.9511176783035,4.49865201485149,-2.0179935,-0.22876903,0.48288897,251.4719,82.41864,-0.22906297,WAL
1922097415000,134.580027,-1.28780235148079,-10.6594110782156,5.15244899606957,-1.7901406,-0.034513887,0.57604593,251.40018,82.57281,-0.45097807,WAL
1922102351000,134.584963,-0.697900457964037,-12.9214760364547,6.14181216399725,-1.4214834,0.21777347,0.6020077,251.36552,82.64397,-0.6935389,WAL
1922107332000,134.589944,0.0109799797598079,-15.0371967245797,7.23066551801441,-0.87689704,0.44868052,0.4746423,251.41574,82.50921,-0.8510796,WAL
1922112354000,134.594966,1.37796372063851,-16.2116476154924,8.84794201461169,-0.18967366,0.54458636,0.23487769,251.5,82.24155,-0.97996646,WAL
1922117307000,134.599919,2.75059932397293,-17.2809101120008,10.2248036130016,0.5296202,0.5882632,0.058337633,251.71097,81.69376,-0.95522046,WAL
1922122331000,134.604943,4.28697808001144,-17.8404269245067,10.3348728395768,0.8142834,0.68875057,-0.26083946,251.97682,81.12736,-0.83660835,WAL
1922127306000,134.609918,5.7535739456351,-18.3807085821973,10.3993043879209,1.1108584,0.90316427,-0.5543602,252.48045,80.17619,-0.45382476,WAL
1922132333000,134.614945,6.11865277502934,-18.6458257639253,9.55614574144624,1.131017,1.2180653,-0.6963864,253.03351,79.27797,-0.07817325,WAL
1922137341000,134.619953,6.48235175605308,-18.9099409113478,8.71617388913966,1.0100657,1.4181237,-0.7431176,253.68234,78.400024,0.49506164,WAL
1922142323000,134.624935,5.88477571645152,-17.940217874312,6.79231943980787,0.85918194,1.4844025,-0.7339546,254.35709,77.558846,1.0284069,WAL
1922147303000,134.629915,5.10207086565596,-16.7327520142099,4.658971461423,0.70707655,1.473407,-0.6924158,255.04123,76.78548,1.5124991,WAL
1922152228000,134.63484,3.84416415454639,-14.9504857035634,4.33204892755478,0.59773165,1.3836098,-0.63255095,255.6546,76.20078,1.98001,WAL
1922157211000,134.639823,2.47106717583453,-13.025218494573,4.37114057786197,0.49571714,1.2788464,-0.58032197,256.23862,75.67533,2.4074023,WAL
1922162232000,134.644844,1.08639295237333,-10.9802304106667,3.86851912213333,0.38606682,1.178359,-0.5323691,256.70972,75.436905,2.7175932,WAL
1922167506000,134.650118,-0.378562117941512,-8.82740044132169,3.26182462886441,0.24556783,1.0699304,-0.46853364,257.13483,75.239586,3.0034246,WAL
1922172226000,134.654838,-1.89790268170908,-7.16213474060008,2.97855780850741,0.06414085,0.9621128,-0.36560285,257.53015,75.06536,3.131329,WAL
1922177221000,134.659833,-3.50576414696734,-5.39984614417964,2.67878709501519,-0.13225232,0.90010995,-0.2275473,257.87515,74.99179,3.0994802,WAL
1922182228000,134.66484,-3.96841128331492,-5.3562354639779,2.6262134683777,-0.34483343,0.85154617,-0.04734206,258.17926,74.98014,3.034928,WAL
1922187205000,134.669817,-4.27483829900553,-5.54296425480663,2.60706179239578,-0.5213735,0.7870999,0.12522738,258.44766,75.01783,2.9417436,WAL
1922192257000,134.674869,-4.51713672532448,-6.51117929846061,2.78219391593722,-0.6759224,0.65087694,0.27916542,258.62506,75.13755,2.6412456,WAL
1922197193000,134.679805,-4.74543082251736,-7.55277065131301,2.97719496875943,-0.7846564,0.42180246,0.41691554,258.74603,75.29427,2.309306,WAL
1922202306000,134.684918,-4.93429251778042,-9.29576932915257,3.37190533899808,-0.8542951,0.10598512,0.537256,258.78574,75.50029,1.9196135,WAL
1922207240000,134.689852,-5.11139555882622,-11.0495216735716,3.77362698223786,-0.8735373,-0.30848694,0.6169739,258.7264,75.71406,1.5278825,WAL
1922212314000,134.694926,-5.59139121758051,-13.0421148176722,3.68059570916225,-0.8045095,-0.52381694,0.6731735,258.62125,75.92988,1.0903517,WAL
1922217258000,134.69987,-6.17045026413575,-15.0543454919486,3.40071718930901,-0.6786713,-0.9468411,0.7012733,258.34036,76.120316,0.68566144,WAL
1922222310000,134.704922,-6.32935519396637,-16.301921177547,2.54478215119684,-0.59742624,-1.217149,0.7623598,258.03854,76.30251,0.24109273,WAL
1922227257000,134.709869,-6.35278567349159,-17.2766294193867,1.53258465279921,-0.4071417,-1.1890492,0.8020661,257.70544,76.400116,-0.18744461,WAL
1922232308000,134.71492,-5.82888205106593,-17.9026809069285,1.87200675712594,-0.106901415,-0.77854776,0.86193085,257.3599,76.54512,-0.70386004,WAL
1922237331000,134.719943,-5.11671811669957,-18.3964474585472,2.68862142830636,0.36193767,-0.321926,0.8717047,257.04333,76.56342,-1.2048745,WAL
1922242348000,134.72496,-3.51000531180445,-17.8023251758744,2.80376533666534,0.9975429,-0.0729984,0.8005389,256.74506,76.60648,-1.6935651,WAL
1922247320000,134.729932,-1.58436295202703,-16.8087502195946,2.65709479493243,1.5528195,-0.15943582,0.61727935,256.4967,76.51866,-2.1394444,WAL
1922252387000,134.734999,-0.135651131872432,-14.371977108785,1.23336012091567,1.7275269,-0.50854534,0.23640485,256.32962,76.283745,-2.3967361,WAL
1922257352000,134.739964,1.08307291278615,-11.4275033360399,-0.659848633682254,1.4465289,-0.79259765,-0.16310102,256.1775,76.03501,-2.5805833,WAL
1922262347000,134.744959,1.49090627245176,-8.72203203343772,-1.79364226083443,0.81183994,-0.77549344,-0.42210788,256.11435,75.904594,-2.436265,WAL
1922267355000,134.749967,1.50059626424891,-6.13480240232347,-2.55430717341146,0.03726278,-0.6759224,-0.65118235,256.02432,75.91354,-2.1847675,WAL
1922272350000,134.754962,1.21880276017567,-4.33727933695978,-2.50540597258209,-0.68203104,-0.729984,-0.74220127,255.81525,76.21232,-1.8273408,WAL
1922277314000,134.759926,0.810740407725322,-2.89482625493562,-2.10208852832618,-1.1911873,-0.90010995,-0.6976081,255.60306,76.66742,-1.4526926,WAL
1922282317000,134.764929,0.253800764004815,-1.96701930104334,-1.84169833487159,-1.5332718,-1.1414018,-0.6414085,255.30453,77.26468,-1.0957911,WAL
1922287370000,134.769982,-0.377309659319823,-1.27765252237159,-1.64751050061196,-1.8344283,-1.3909402,-0.58551437,254.94841,77.990746,-0.7460126,WAL
1922292283000,134.774895,-0.840084828795085,-0.959345156341657,-1.8615672780222,-2.087021,-1.6276505,-0.5363397,254.54837,78.69106,-0.45200437,WAL
1922297309000,134.779921,-1.24548586337693,-0.792415271700357,-2.26219899120095,-2.2660046,-1.8096883,-0.46486846,254.08452,79.45351,-0.1760296,WAL
1922302319000,134.784931,-1.60479140438484,-0.959966059378403,-2.60085713394041,-2.3426683,-1.9566014,-0.37843102,253.5678,80.216606,0.010030133,WAL
1922307317000,134.789929,-1.94116739106206,-1.29160431011581,-2.90880685339008,-2.3484714,-2.1471913,-0.2751948,252.97726,81.010925,0.17074642,WAL
1922312322000,134.794934,-2.3271280364913,-1.79301267701741,-3.18619174501582,-2.3240368,-2.2675319,-0.13836098,252.31723,81.88338,0.22909196,WAL
1922317317000,134.799929,-2.7386930669996,-2.38434174100079,-3.44637651340981,-2.2812762,-2.518292,-0.06291912,251.55933,82.756615,0.273615,WAL
1922322331000,134.804943,-3.17330538824423,-3.0815557068145,-3.79702833876063,-2.1762075,-2.6942213,0.10262536,250.75003,83.679016,0.1857746,WAL
1922327228000,134.80984,-3.61018071142163,-3.82234422498987,-4.19116603159174,-2.0958786,-2.724459,0.25961772,249.90562,84.59847,0.0641372,WAL
1922332239000,134.814851,-3.91606064048639,-4.52423099850493,-4.41728856622147,-2.0274618,-2.6306913,0.40500367,249.01855,85.55376,-0.18354627,WAL
1922337242000,134.819854,-4.14051009036181,-5.1928034353633,-4.54145187630818,-1.9685133,-2.4495697,0.56077427,248.14328,86.45791,-0.49692804,WAL
1922342273000,134.824885,-4.31372916475701,-5.95466221651521,-4.4547663325563,-1.8909334,-2.2492058,0.75961095,247.26929,87.32012,-0.9474125,WAL
1922347249000,134.829861,-4.45494061319637,-6.75956806242592,-4.24765601157645,-1.8051068,-2.0839667,0.99265605,246.43665,87.87745,-1.4648321,WAL
1922352248000,134.83486,-4.45301762269391,-7.67402462656219,-4.14861321691133,-1.7171422,-1.9782871,1.2330315,245.64053,87.84511,-2.0797539,WAL
1922357261000,134.839873,-4.35778156159492,-8.6597185550486,-4.12004244830391,-1.63437,-1.8304577,1.462106,244.90613,92.782295,-2.7577307,WAL
1922362250000,134.844862,-4.03111911030732,-9.65829063689882,-4.20163325069846,-1.566564,-1.5845845,1.6820174,244.2375,93.70261,-3.4918993,WAL
1922367251000,134.849863,-3.54367665028936,-10.6714063107164,-4.35933525974855,-1.5018122,-1.25319,1.8799378,243.64206,94.73929,-4.270184,WAL
1922372236000,134.854848,-3.00450127354398,-11.643719610836,-4.15867138319136,-1.4385877,-0.8588765,2.0323486,243.14667,95.78244,-5.0409317,WAL
1922377252000,134.859864,-2.42401925809231,-12.5953292360341,-3.70189865379358,-1.3833044,-0.5357288,2.1114557,242.73303,96.834435,-5.8221183,WAL
1922382249000,134.864861,-1.76993144756049,-13.2665589535898,-3.15766798583895,-1.3652838,-0.36560285,2.1126773,242.4083,97.801155,-6.506946,WAL
1922387261000,134.869873,-1.05594456207854,-13.7282708151527,-2.54363928718762,-1.4074335,-0.33750305,2.0787745,242.14014,98.754036,-7.1789637,WAL
1922392251000,134.874863,-0.439152024276049,-13.9087615321864,-2.10145270595399,-1.4401149,-0.44012842,2.0027218,241.93658,99.51837,-7.7077446,WAL
1922397334000,134.879946,0.111344029066306,-13.8617106193698,-1.79091648484438,-1.4526376,-0.58459806,1.8891008,241.7281,100.24801,-8.201334,WAL
1922402339000,134.884951,0.572367947419139,-13.7267332619025,-1.81552625622555,-1.4199562,-0.66675943,1.8002199,241.55824,100.77567,-8.544551,WAL
1922407358000,134.88997,0.953006991953058,-13.502018921954,-2.17323528503005,-1.3579534,-0.59956425,1.6930131,241.38654,101.259735,-8.844315,WAL
1922412329000,134.894941,1.21725032737693,-13.2572091431788,-2.36497343501177,-1.2586879,-0.52015173,1.5085317,241.22458,101.59338,-9.020245,WAL
1922417357000,134.899969,1.31581173468427,-12.9763085585918,-2.31569260271211,-1.2043208,-0.35643986,1.3866642,241.10521,101.91029,-9.177735,WAL
1922422312000,134.904924,1.41357628956685,-12.5692850521163,-2.07469123325752,-1.1200215,-0.20463985,1.1273518,241.03256,102.16372,-9.241159,WAL
1922427344000,134.909956,1.51365541464597,-11.9926388519581,-1.58859261862144,-1.0864239,-0.14721853,0.8741482,240.97418,102.389565,-9.269008,WAL
1922432264000,134.914876,1.62520334724285,-11.4441726015246,-1.3159231004653,-1.1087204,-0.20433442,0.63529986,240.92172,102.55642,-9.226337,WAL
1922437384000,134.919996,1.76112365929116,-10.8956371614692,-1.32563168694189,-1.1340714,-0.2950479,0.46822822,240.86655,102.68229,-9.1347685,WAL
1922442314000,134.924926,1.7089298270779,-10.3320102643112,-1.24401328272999,-1.1139128,-0.5109888,0.30298916,240.7609,102.717865,-8.979344,WAL
1922447421000,134.930033,1.37843342059079,-9.6946237318274,-1.02210848786562,-1.1429288,-0.9056077,0.13439035,240.56993,102.74061,-8.793773,WAL
1922452241000,134.934853,1.01374379389215,-9.13045741910903,-0.988568570125049,-1.2327261,-1.3530666,-0.007330383,240.31213,102.77081,-8.597745,WAL
1922457354000,134.939966,0.51145259419109,-8.6138151433177,-1.33778052593787,-1.3518448,-1.7510452,-0.13316862,239.95013,102.79354,-8.380982,WAL
1922462246000,134.944858,0.0499728349077342,-8.19943911797923,-1.75655555877786,-1.4605788,-2.0500638,-0.23304509,239.45831,102.84193,-8.19917,WAL
1922467345000,134.949957,-0.378422460018151,-7.98770387566804,-2.42623102959564,-1.5421293,-2.2262983,-0.2855795,238.89105,102.90729,-8.017084,WAL
1922472292000,134.954904,-0.762640157243333,-7.84615910811761,-3.00930935381459,-1.568091,-2.2525656,-0.29626966,238.26111,103.099266,-7.924923,WAL
1922477378000,134.95999,-1.08142613600664,-7.85567500070333,-3.44704518227997,-1.5583172,-2.1749856,-0.25870144,237.61873,103.31103,-7.8454466,WAL
1922482295000,134.964907,-1.34762990034877,-7.89357119953497,-3.79469782352257,-1.5305228,-2.0146337,-0.21135938,236.96942,103.66514,-7.8489976,WAL
1922487398000,134.97001,-1.49440215695602,-8.02140505739198,-3.92253178025576,-1.4712689,-1.806634,-0.15760323,236.36389,104.02301,-7.8672547,WAL
1922492378000,134.97499,-1.61251479497027,-8.16266200528451,-3.99156277389827,-1.432479,-1.5836681,-0.10598512,235.79051,104.476494,-7.9486046,WAL
1922497421000,134.980033,-1.6307447854959,-8.37230746739643,-3.83660775925262,-1.4056009,-1.3716979,-0.04428773,235.28043,104.929855,-8.043003,WAL
1922502346000,134.984958,-1.63504507534081,-8.56989566979703,-3.67696770415026,-1.389413,-1.1670581,0.040317107,234.83795,105.41687,-8.179296,WAL
1922507356000,134.989968,-1.47031594144199,-8.681329847319,-3.41049398467131,-1.3573426,-0.9569204,0.12644911,234.46298,105.899895,-8.323292,WAL
1922512288000,134.9949,-1.31461668400515,-8.79395778280677,-3.11522508504506,-1.3286319,-0.8866709,0.16707164,234.12323,106.35552,-8.482864,WAL
1922517344000,134.999956,-1.22829733909082,-8.94261880449638,-2.43905721704467,-1.3225232,-0.8304713,0.2406809,233.84702,106.82031,-8.663599,WAL
1922522358000,135.00497,-1.14161185574144,-9.08569365115819,-1.79025994654524,-1.3072516,-0.88697636,0.2773328,233.57465,107.21461,-8.82009,WAL
1922527326000,135.009938,-1.04270776391804,-9.17517814056622,-1.40877277386656,-1.319469,-0.9810496,0.2874121,233.31088,107.6146,-8.98874,WAL
1922532483000,135.015095,-0.933281621926053,-9.25595475580396,-1.02942032545142,-1.3158038,-1.0708468,0.28985557,233.06717,107.90566,-9.15202,WAL
1922537409000,135.020021,-0.75299941083405,-9.19736279306391,-0.85364514316423,-1.2794572,-1.1664472,0.27550024,232.79648,108.186,-9.319509,WAL
1922542643000,135.025255,-0.56512111134001,-9.13484082603719,-0.674941581144492,-1.2443326,-1.2638801,0.25350907,232.51836,108.395805,-9.466454,WAL
1922547388000,135.03,-0.569455104282308,-9.06549730100143,-0.895975356967096,-1.2027937,-1.3087788,0.23487769,232.23068,108.590996,-9.611937,WAL
1922552240000,135.034852,-0.573886828993801,-8.9945900758226,-1.12199345608011,-1.1459832,-1.3081679,0.22266038,231.94467,108.730675,-9.72666,WAL
1922557357000,135.039969,-0.630927575138336,-8.85833826405203,-1.33177392063877,-1.0687088,-1.2449434,0.22082779,231.6677,108.85322,-9.836423,WAL
1922562250000,135.044862,-0.69461366803223,-8.71731906853704,-1.52738120256286,-0.990518,-1.1407908,0.23151793,231.40714,108.961334,-9.94163,WAL
1922567341000,135.049953,-0.806949418925303,-8.5841187544533,-1.58571409076863,-0.9407325,-0.98990715,0.25167647,231.1787,109.09761,-10.056136,WAL
1922572265000,135.054877,-0.927612860318866,-8.45881431827576,-1.60427768222616,-0.9016371,-0.82711154,0.29871312,230.98935,109.22227,-10.169915,WAL
1922577383000,135.059995,-1.08972922880205,-8.39090950201791,-1.55388328924107,-0.88086766,-0.7125743,0.3359759,230.82062,109.38129,-10.295073,WAL
1922582289000,135.064901,-1.25622372438232,-8.34466058834531,-1.48451059482232,-0.88117313,-0.643852,0.376293,230.69012,109.54124,-10.422341,WAL
1922587408000,135.07002,-1.42536112826912,-8.24646333616436,-1.4037937536914,-0.9221011,-0.59712076,0.40408736,230.57918,109.72931,-10.567045,WAL
1922592380000,135.074992,-1.58802682221484,-8.13350131737521,-1.32246093030936,-0.9502009,-0.58459806,0.43890667,230.48198,109.918304,-10.718819,WAL
1922597364000,135.079976,-1.75130868143789,-8.07288324949181,-1.27335061361934,-0.9941832,-0.5849035,0.46883908,230.38785,110.131325,-10.895237,WAL
1922602347000,135.084959,-1.91468513545523,-8.0422503542848,-1.24271750516743,-1.0461067,-0.6236934,0.51159966,230.29008,110.356346,-11.08293,WAL
1922607299000,135.089911,-2.02549228914798,-8.07085280707524,-1.26413758315894,-1.0910053,-0.6441574,0.54275376,230.17665,110.594696,-11.28707,WAL
1922612319000,135.094931,-2.12130810618834,-8.1187606655705,-1.30246391998007,-1.1157454,-0.6600399,0.56505036,230.05627,110.84164,-11.498927,WAL
1922617309000,135.099921,-2.15582842599664,-8.19445060807201,-1.30494018266891,-1.1585059,-0.6789767,0.6044512,229.92151,111.11818,-11.731391,WAL
1922622300000,135.104912,-2.17001315508952,-8.27955878514195,-1.29548369660698,-1.1994339,-0.6872234,0.6411031,229.7868,111.398636,-11.965373,WAL
1922627309000,135.109921,-2.16366099605834,-8.43665593732755,-1.26547108706149,-1.2370021,-0.7171558,0.6771441,229.63715,111.700584,-12.214676,WAL
1922632312000,135.114924,-2.14949680693733,-8.62079079030351,-1.22769986677178,-1.271516,-0.7629707,0.70921457,229.4834,112.01152,-12.470654,WAL
1922637371000,135.119983,-2.108334570325,-8.83412327679542,-1.14921777604465,-1.2962561,-0.8216137,0.7333437,229.32129,112.3227,-12.731903,WAL
1922642415000,135.125027,-2.05584418407587,-9.05840015519115,-1.05378079167243,-1.3185526,-0.8885035,0.74464476,229.14572,112.63907,-12.998589,WAL
1922647338000,135.12995,-1.97657761937012,-9.25326142419175,-0.922261424136009,-1.3249667,-0.95447695,0.7644979,228.96082,112.93644,-13.256136,WAL
1922652307000,135.134919,-1.88373759706429,-9.43894156112969,-0.771948989483463,-1.328021,-1.0167851,0.7629707,228.7577,113.23144,-13.512295,WAL
1922657295000,135.139907,-1.82834128029059,-9.68500729564119,-0.563833745988629,-1.3326025,-1.0525209,0.7648033,228.55632,113.493256,-13.753754,WAL
1922662323000,135.144935,-1.80806242141503,-9.98919017877448,-0.300208390031586,-1.3176364,-1.0690142,0.75441855,228.34258,113.744896,-13.991104,WAL
1922667308000,135.14992,-1.83881082701653,-10.2629188769169,-0.0417251986934873,-1.2944235,-1.0778717,0.7367035,228.13501,113.94465,-14.197408,WAL
1922672318000,135.15493,-1.90092370144394,-10.5209263933479,0.216282098219478,-1.2632693,-1.0968086,0.72143185,227.92067,114.13516,-14.400164,WAL
1922677366000,135.159978,-1.92203690242477,-10.696112797546,0.333442417569384,-1.2269229,-1.142318,0.7131852,227.70499,114.25867,-14.571063,WAL
1922682287000,135.164899,-1.9174476110819,-10.8154344683027,0.360978184795014,-1.1520919,-1.1896601,0.71929383,227.48517,114.36572,-14.740495,WAL
1922687398000,135.17001,-1.83247414189723,-10.8489540434783,0.21808189500847,-1.0283916,-1.2257011,0.75594574,227.26755,114.41557,-14.909754,WAL
1922692349000,135.174961,-1.6896854102108,-10.813256615942,-0.0496469011895351,-0.82863873,-1.2437216,0.7968737,227.04463,114.43537,-15.08106,WAL
1922697287000,135.179899,-1.49023920247391,-10.8049274627947,-0.493818201724005,-0.58276546,-1.2134838,0.83169305,226.84119,114.41657,-15.251286,WAL
1922702286000,135.184898,-1.21265248121376,-10.8326862122149,-1.17853210128334,-0.29901853,-1.0989466,0.8622363,226.66212,114.356316,-15.4204855,WAL
1922707284000,135.189896,-0.837069257865144,-10.8261036573688,-1.92277160926861,0.0030543262,-1.0094548,0.8741482,226.50043,114.26752,-15.569126,WAL
1922712306000,135.194918,-0.282495809264221,-10.7574424498133,-2.77839924372941,0.14782938,-0.7626653,0.8695667,226.41989,114.16014,-15.691437,WAL
1922717321000,135.199933,0.289489245359554,-10.644559721945,-3.24884146952353,0.38087448,-0.4370741,0.8454375,226.4065,114.020996,-15.756475,WAL
1922722296000,135.204908,0.872169714687408,-10.4953934417376,-3.39334621221016,0.52473325,-0.13775012,0.7892379,226.4538,113.86902,-15.789394,WAL
1922727361000,135.209973,1.35821566056649,-10.4307333555269,-3.35289690366011,0.49235737,0.04184427,0.6948592,226.56912,113.72941,-15.742647,WAL
1922732312000,135.214924,1.72884791212985,-10.4525352392864,-3.13051755272209,0.3036,0.09437868,0.5555819,226.72073,113.57752,-15.654533,WAL
1922737327000,135.219939,1.97591691689014,-10.5679223558882,-2.90222237269515,0.016187929,0.051618114,0.35979962,226.90375,113.386925,-15.46014,WAL
1922742331000,135.224943,1.95599287273672,-10.876745248311,-2.66811469785885,-0.30298916,-0.046731193,0.13836098,227.06589,113.21693,-15.22491,WAL
1922747244000,135.229856,1.80041419094713,-11.1418116093572,-2.41088187862305,-0.5589417,-0.15424347,-0.08552113,227.21954,112.99072,-14.886361,WAL
1922752305000,135.234917,1.42247636380753,-11.3538254466527,-2.10207901516736,-0.7309003,-0.23609942,-0.2666427,227.33142,112.789986,-14.512097,WAL
1922757259000,135.239871,0.964566640884658,-11.4726109473684,-1.727087331356,-0.82619524,-0.30268374,-0.40042216,227.40921,112.56577,-14.094032,WAL
1922762320000,135.244932,0.273784743426652,-11.3689936315789,-1.15965936163901,-0.8512407,-0.39736784,-0.48563787,227.44025,112.352,-13.659706,WAL
1922767239000,135.249851,-0.375894560663171,-11.2271717417225,-0.667761671458394,-0.83291477,-0.5155703,-0.51159966,227.43015,112.14337,-13.271228,WAL
1922772289000,135.254901,-0.995750835884066,-10.9923778782406,-0.292091217258957,-0.7675522,-0.6239988,-0.50823987,227.39095,111.93176,-12.887198,WAL
1922777345000,135.259957,-1.53045132314943,-10.8178378526493,-0.0151995463350863,-0.66431594,-0.679893,-0.45356745,227.32423,111.741234,-12.626075,WAL
1922782311000,135.264923,-1.83246941929946,-10.8036804656678,-0.00104244465955547,-0.5323691,-0.6936375,-0.37690386,227.24695,111.54156,-12.387336,WAL
1922787363000,135.269975,-2.05653370954146,-10.9257246207805,-0.0214193453520976,-0.38637227,-0.66675943,-0.3118467,227.14241,111.3609,-12.2730875,WAL
1922792325000,135.274937,-2.04726149849756,-11.4217885893659,-0.137322064245171,-0.25686884,-0.6123924,-0.25137106,227.0551,111.170715,-12.179369,WAL
1922797297000,135.279909,-1.99228881849995,-11.9614636991377,-0.24343507044821,-0.11362094,-0.51893,-0.23090707,226.97151,110.979164,-12.133872,WAL
1922802307000,135.284919,-1.75655131373709,-12.6734867779505,-0.310788650414118,0.013744468,-0.462425,-0.26236662,226.89944,110.767456,-12.088274,WAL
1922807291000,135.289903,-1.52194644745054,-13.361819779465,-0.359329050147673,0.13469578,-0.33444872,-0.28527406,226.89604,110.52111,-12.021263,WAL
1922812318000,135.29493,-1.2849669815919,-13.9788610351537,-0.336972491303056,0.18203785,-0.21930063,-0.36010507,226.90369,110.25512,-11.92742,WAL
1922817407000,135.300019,-1.04481570145807,-14.5913810181035,-0.316391677287406,0.30634892,-0.1020145,-0.43493605,226.9787,109.89273,-11.761992,WAL
1922822300000,135.304912,-0.810954720970741,-15.03617549863,-0.320977192529602,0.42852196,-0.0106901415,-0.49327368,227.07877,109.52006,-11.576841,WAL
1922827629000,135.310241,-0.563732263659889,-15.5077891375231,-0.332409024325323,0.5653558,0.08246681,-0.55863625,227.23674,109.04946,-11.308151,WAL
1922832312000,135.314924,-0.43109438219963,-15.7772096584103,-0.415307689417745,0.70952,0.1572978,-0.61361414,227.4156,108.555534,-11.028478,WAL
1922838461000,135.321073,-0.274044167074393,-16.0627514938841,-0.511824318337678,0.90377516,0.21471913,-0.70829827,227.63148,107.969666,-10.681798,WAL
1922842426000,135.325038,-0.333054251544014,-15.6078027268398,-0.458524889319731,1.2363913,0.20097467,-0.73914695,227.8524,107.33894,-10.348219,WAL
1922847369000,135.329981,-0.406619660757971,-15.0406370886304,-0.392078715893323,1.3518448,0.16462818,-0.8142834,228.08734,106.69122,-9.959155,WAL
1922852293000,135.334905,-0.479902297814317,-14.4756515327852,-0.325887949566874,1.5754215,0.08552113,-0.9239337,228.30647,105.953735,-9.56812,WAL
1922857297000,135.339909,-0.554375554481652,-13.9014866827752,-0.258621784924804,1.7782288,-0.03359759,-1.0461067,228.50354,105.20166,-9.169513,WAL
1922862316000,135.344928,-0.865858152529303,-13.014303347008,-0.278655926194736,1.9886718,-0.14966199,-1.185384,228.66743,104.39307,-8.752369,WAL
1922867244000,135.349856,-1.21037901027144,-12.0923462933374,-0.312622771681061,2.2079725,-0.22815818,-1.2928963,228.8121,103.54539,-8.326428,WAL
1922872295000,135.354907,-1.69020865996567,-11.7313564495518,-0.261942011029945,2.422997,-0.24862215,-1.3784174,228.92068,102.688644,-7.9173336,WAL
1922877297000,135.359909,-2.17901665982262,-11.4367011560175,-0.202554120321381,2.6642888,-0.22266038,-1.4541647,229.02989,101.78291,-7.4914417,WAL
1922882309000,135.364921,-2.66880188478924,-11.1414567875262,-0.143047501322716,2.9055805,-0.15241088,-1.5149459,229.12212,100.89681,-7.1040473,WAL
1922887268000,135.36988,-3.15340781667461,-10.8493345163075,-0.0841701422615869,3.1172454,-0.059253927,-1.5558738,229.24355,99.9798,-6.7060704,WAL
1922892394000,135.375006,-3.71008370861026,-10.9328426199172,-0.0595482376320204,3.2769866,0.022907447,-1.5790867,229.38881,99.03946,-6.297306,WAL
1922897297000,135.379909,-4.26343486232084,-11.1571739998938,-0.0495779447077184,3.3841934,0.12156218,-1.5812247,229.58255,98.096565,-5.8875885,WAL
1922902305000,135.384917,-4.77180044503632,-11.4547419200969,-0.198910044484262,3.4132094,0.15760323,-1.5632042,229.70178,97.24889,-5.588869,WAL
1922907280000,135.389892,-5.26555095738499,-11.7639127530266,-0.378875173133172,3.376863,0.20280726,-1.5564847,229.86864,96.44602,-5.2894316,WAL
1922912318000,135.39493,-5.7342456217027,-12.089512539671,-0.869133648081101,3.3399057,0.23579398,-1.5375478,229.99904,95.748505,-5.0463934,WAL
1922917243000,135.399855,-6.18311828333506,-12.4115302028551,-1.4399825166546,3.211624,0.22999077,-1.4804319,230.14676,95.17352,-4.8213506,WAL
1922922288000,135.4049,-6.66038933930608,-12.8044660532522,-1.95444695950517,3.0500503,0.26419923,-1.4077389,230.29982,94.78505,-4.664609,WAL
1922927345000,135.409957,-7.14248863749879,-13.2116760053156,-2.45526834985986,2.8484647,0.39095375,-1.3316863,230.49013,94.54022,-4.5286827,WAL
1922932308000,135.41492,-7.73371404958446,-13.5253381224204,-2.45329087630965,2.6105325,0.47433686,-1.2831224,230.63353,85.53647,-4.455534,WAL
1922937321000,135.419933,-8.36581828807545,-13.816733434401,-2.30535171791951,2.425746,0.40469822,-1.2623531,230.77696,85.53104,-4.396156,WAL
1922942429000,135.425041,-8.89998112762313,-13.9513442498929,-2.1372131266167,2.322204,0.23609942,-1.2953397,230.89488,85.449585,-4.389321,WAL
1922947367000,135.429979,-9.3556686496788,-13.9918495959315,-1.96506440143469,2.2653937,0.022602014,-1.4172074,230.98434,85.372986,-4.358499,WAL
1922952300000,135.434912,-8.81156888351416,-13.5526771684109,-2.27617851349016,2.2134702,-0.12064589,-1.5668694,231.01053,85.239716,-4.362601,WAL
1922957300000,135.439912,-7.95181727525684,-12.9595864338934,-2.74053641075372,2.1212296,-0.067500606,-1.6508633,231.0377,85.11862,-4.3462615,WAL
1922962317000,135.444929,-6.94129042171291,-12.2511615645356,-2.81401012846803,1.890628,0.09773844,-1.6331482,231.03993,84.98405,-4.346268,WAL
1922967312000,135.449924,-5.86415944312425,-11.4913998712304,-2.69860323431846,1.6187929,0.08002335,-1.5479325,231.00996,84.867645,-4.3370404,WAL
1922972289000,135.454901,-4.88857496820826,-10.8343564330934,-2.82649053267922,1.4596626,0.034513887,-1.426065,231.01173,84.86977,-4.255746,WAL
1922977346000,135.459958,-3.94299545601026,-10.2135212940538,-3.07004893721526,1.434617,0.10415252,-1.2867876,231.03973,84.86668,-4.2061615,WAL
1922982309000,135.464921,-3.18025730734954,-9.99258218325617,-3.02628667588735,1.5448782,0.32895094,-1.1820242,231.10484,84.9217,-4.0719895,WAL
1922987326000,135.469938,-2.49440350277778,-9.96941146296296,-2.83628657592593,1.7037032,0.59650993,-1.1533136,231.20064,84.951454,-3.9617047,WAL
1922992406000,135.475018,-1.79806404741051,-10.0505749246389,-2.56765876355453,1.8469511,0.7892379,-1.1777482,231.31088,85.03009,-3.7762504,WAL
1922997335000,135.479947,-1.12117906733305,-10.1987978067825,-2.25639055628009,1.9593502,0.91690874,-1.1939361,231.4785,85.06623,-3.6094716,WAL
1923002306000,135.484918,-0.680547707074765,-10.479059053634,-1.99002744787264,2.0350976,0.98563105,-1.1838568,231.68076,85.08952,-3.369883,WAL
1923007298000,135.48991,-0.354371803623614,-10.8233556805648,-1.74539546470198,2.0726657,1.1542299,-1.1905763,231.94992,85.08061,-3.1311507,WAL
1923012315000,135.494927,-0.0879157359902666,-10.9578889928058,-1.33212648816335,2.1197023,1.3368785,-1.2189816,232.24722,85.02821,-2.8156135,WAL
1923017307000,135.499919,0.129574639430808,-10.927541942446,-0.790929540012696,2.1450534,1.3924674,-1.1954633,232.55768,84.92674,-2.52163,WAL
1923022288000,135.5049,0.198207791586263,-10.8478364198692,-0.659397984284546,2.16399,1.3924674,-1.1630874,232.92854,84.76594,-2.1912127,WAL
1923027325000,135.509937,0.19382527210139,-10.7426559247751,-0.72951825028073,2.1432207,1.4749341,-1.1456778,233.34006,84.570175,-1.8747362,WAL
1923032312000,135.514924,0.140510706828344,-10.5419295491062,-0.948378156902864,2.0925188,1.5635096,-1.0980303,233.74408,84.255844,-1.5425401,WAL
1923037298000,135.51991,0.0325256644115873,-10.2334007981908,-1.33403902842989,2.0320432,1.6762142,-1.0115929,234.17914,83.91675,-1.238232,WAL
1923042354000,135.524966,-0.0598348546992362,-9.86773061243924,-1.63813551562345,1.9938642,1.7733418,-0.9379836,234.61292,83.56346,-0.9526418,WAL
1923047345000,135.529957,-0.14043829816546,-9.47419637679794,-1.88468725195913,1.9553796,1.8164078,-0.88331115,235.06158,83.21071,-0.6951919,WAL
1923052294000,135.534906,-0.323980493377405,-9.00100032136162,-2.06942746087815,1.9156734,1.8698585,-0.78038037,235.48798,82.89169,-0.49519143,WAL
1923057311000,135.539923,-0.579977475011347,-8.46530228796251,-2.21638868209176,1.8872682,1.8869628,-0.68875057,235.91354,82.5761,-0.3126996,WAL
1923062311000,135.544923,-0.822599254706292,-8.02966021401451,-2.25755443761058,1.8811595,1.8255708,-0.61361414,236.30174,82.28625,-0.16973898,WAL
1923067313000,135.549925,-1.05590171241427,-7.66780367160322,-2.21946426478481,1.8655825,1.7318029,-0.5564982,236.68098,82.00794,-0.049530827,WAL
1923072292000,135.554904,-1.27085678641223,-7.4086047740904,-2.18523356091523,1.8487836,1.6334536,-0.5213735,237.02127,81.740906,0.024310349,WAL
1923077329000,135.559941,-1.47441332083646,-7.22766580557014,-2.15356923315829,1.8099937,1.5250251,-0.50976706,237.32898,81.488655,0.09148529,WAL
1923082277000,135.564889,-1.67463385122655,-7.05183560464647,-2.13176964132756,1.756543,1.4080443,-0.4990769,237.59335,81.23217,0.13063774,WAL
1923087312000,135.569924,-1.87873637960558,-6.87556517097643,-2.12249226027898,1.7214183,1.289842,-0.49541172,237.82492,80.986496,0.17223373,WAL
1923092449000,135.575061,-2.07563644550504,-6.71514921693067,-2.13674801867928,1.6511687,1.2119566,-0.49113566,238.02039,80.758156,0.1943517,WAL
1923097354000,135.579966,-2.24474764710965,-6.59435544383872,-2.1898971900432,1.5928311,1.1575897,-0.48349985,238.18777,80.54174,0.21779816,WAL
1923102238000,135.58485,-2.38497313001988,-6.43219508250497,-2.17613556978131,1.5366315,1.1337659,-0.48563787,238.3269,80.33439,0.21921031,WAL
1923107308000,135.58992,-2.48609930298211,-6.19776587574553,-2.05662266719682,1.4953982,1.0885619,-0.4896085,238.44348,80.14471,0.2218741,WAL
1923112245000,135.594857,-2.54567045424003,-5.92127917877606,-1.92999407655849,1.4147639,1.0574077,-0.5021312,238.55133,79.994514,0.2071276,WAL
1923117305000,135.599917,-2.50416217671076,-5.51080838616161,-1.77318488363948,1.3066407,1.0751228,-0.49388456,238.65826,79.86873,0.18699896,WAL
1923122257000,135.604869,-2.46185931728174,-5.115668043062,-1.58093039658899,1.1636983,1.0876455,-0.4859433,238.7453,79.74007,0.16317172,WAL
1923127341000,135.609953,-2.41052190652678,-4.7409041243779,-1.20103291909005,1.0345002,1.0781772,-0.47494772,238.8291,79.642784,0.13601652,WAL
1923132262000,135.614874,-2.36162504155656,-4.41605014434389,-0.816498599781719,0.89858276,1.0485502,-0.47342056,238.92139,79.550354,0.12218536,WAL
1923137332000,135.619944,-2.31329023096833,-4.17877070316742,-0.377092177475837,0.7486154,0.99265605,-0.4868596,239.00165,79.50204,0.11079939,WAL
1923142426000,135.625038,-2.26923024364359,-3.95250359648127,0.0579282670658343,0.58459806,0.90377516,-0.4981606,239.08594,79.40831,0.0993998,WAL
1923147414000,135.630026,-2.26471183846008,-3.83502374063564,0.428441618583806,0.4156938,0.8155051,-0.49938235,239.1528,79.36186,0.09126161,WAL
1923152726000,135.635338,-2.26186619030416,-3.71132724831309,0.822346757404754,0.25595254,0.74128497,-0.4978552,239.24368,79.26379,0.091157444,WAL
1923157307000,135.639919,-2.29374610783764,-3.62935022240216,1.15025468984948,0.10293079,0.64751714,-0.48441613,239.302,79.21434,0.09305111,WAL
1923162492000,135.645104,-2.33167900099422,-3.53091532673989,1.50405372445791,-0.04795292,0.5555819,-0.462425,239.41264,79.15679,0.082544565,WAL
1923167309000,135.649921,-2.38846427459521,-3.37366388054162,1.63072855504214,-0.21074851,0.46486846,-0.44104472,239.49432,79.14682,0.07239148,WAL
1923172297000,135.654909,-2.44726538414923,-3.21083012226115,1.76190025007102,-0.3494149,0.40011674,-0.4196644,239.60059,79.11422,0.047674723,WAL
1923177325000,135.659937,-2.41925756100727,-3.16161918042575,1.59579626661475,-0.4914411,0.35124752,-0.38515055,239.68176,79.12842,0.016126078,WAL
1923182524000,135.665136,-2.38026160177515,-3.12065064526627,1.39767535399408,-0.6270532,0.30695978,-0.36377025,239.74321,79.179276,-0.015663333,WAL
1923187297000,135.669909,-2.28728615656435,-3.0910675330159,1.18214146164479,-0.73914695,0.2855795,-0.32895094,239.80965,79.23464,-0.06835483,WAL
1923192371000,135.674983,-2.18844739498891,-3.05961881909209,0.953015341850037,-0.8356637,0.26145032,-0.30207285,239.84064,79.34429,-0.12853232,WAL
1923197358000,135.67997,-2.04054771674533,-3.07167480613585,0.773480941604761,-0.9505063,0.24923302,-0.26328292,239.86331,79.48866,-0.20246258,WAL
1923202241000,135.684853,-1.88700432194747,-3.09086781190232,0.605542912728299,-1.0494665,0.25381452,-0.25259277,239.88074,79.65327,-0.27673984,WAL
1923207307000,135.689919,-1.73150001434611,-3.14529995737505,0.532193894927659,-1.0925325,0.25870144,-0.20830505,239.8614,79.86602,-0.36118445,WAL
1923212339000,135.694951,-1.57756577330891,-3.20415710183202,0.473336651192221,-1.1948525,0.25778514,-0.17806722,239.83812,80.12014,-0.445787,WAL
1923217307000,135.699919,-1.46257645399855,-3.22913406673582,0.565406086557411,-1.2883148,0.24190263,-0.13530666,239.78487,80.397705,-0.52942055,WAL
1923222264000,135.704876,-1.35917253936314,-3.24390603985064,0.703277923035992,-1.3912456,0.1908954,-0.10048734,239.71632,80.70188,-0.6188117,WAL
1923227325000,135.709937,-1.32510502565506,-3.35216130852562,0.899965140340242,-1.4957036,0.1255328,-0.05589417,239.62953,81.02652,-0.7096696,WAL
1923232309000,135.714921,-1.30643831810716,-3.47816168193195,1.10529906955417,-1.5937474,0.03848451,-0.02565634,239.51727,81.37172,-0.80436486,WAL
1923237304000,135.719916,-1.309837460387,-3.58641954143994,1.31183344428838,-1.7116444,-0.10262536,0.010995574,239.39148,81.723076,-0.8925163,WAL
1923242400000,135.725012,-1.31942460758275,-3.69187826070131,1.5227508327571,-1.8142698,-0.24923302,0.047036625,239.23486,82.08935,-0.98696667,WAL
1923247334000,135.729946,-1.22152853169433,-3.93447451936079,1.70402413730793,-1.9089539,-0.3915646,0.07147124,239.06346,82.4483,-1.0748327,WAL
1923252272000,135.734884,-1.09073182769924,-4.22028972280271,1.87841975949601,-2.0216584,-0.52656585,0.08582657,238.84909,82.83146,-1.1669261,WAL
1923257306000,135.739918,-0.924471281223649,-4.58415443818021,2.14753342247279,-2.118786,-0.63804877,0.12156218,238.62872,83.19524,-1.2690419,WAL
1923262339000,135.744951,-0.749610727963526,-4.96695704559271,2.44054289817629,-2.2149973,-0.75594574,0.18387043,238.36517,83.576836,-1.3804976,WAL
1923267311000,135.749923,-0.560306149250996,-5.84186941197211,2.85654392340637,-2.2999077,-0.85062987,0.2574797,238.09338,83.93697,-1.4778802,WAL
1923272296000,135.754908,-0.365350405844622,-6.8737084548506,3.31302568610558,-2.3530529,-0.9049969,0.33658674,237.7972,84.29641,-1.5947613,WAL
1923277300000,135.759912,-0.0127034321145331,-8.35862731329332,3.90465634104103,-2.3252585,-0.92179567,0.4343252,237.5082,84.57542,-1.698845,WAL
1923282269000,135.764881,0.389982293934862,-9.98341731597953,4.53677944000787,-2.2134702,-0.8680395,0.48380527,237.2244,84.829895,-1.8134979,WAL
1923287296000,135.769908,0.991020969501939,-12.0716433405905,5.41590010438413,-2.0317378,-0.79473567,0.52106804,236.96814,84.95271,-1.902183,WAL
1923292277000,135.774889,1.66441738816781,-14.3194593547072,6.38331463848295,-1.736079,-0.6985244,0.46181414,236.73816,85.01886,-1.9782927,WAL
1923297269000,135.779881,2.53942997202129,-15.7779301244703,7.29757885646004,-1.38025,-0.66614854,0.32711834,236.60376,84.974525,-1.9308211,WAL
1923302274000,135.784886,3.50307556613777,-16.8974598889327,8.19036811264413,-1.1914927,-0.72082096,0.20280726,236.47406,84.91143,-1.8729339,WAL
1923307275000,135.789887,4.43511516048403,-17.6423626506646,8.3959776317199,-0.8173377,-0.8393288,-0.13958271,236.45985,84.6622,-1.5585442,WAL
1923312264000,135.794876,5.34974404721285,-18.201565122198,8.26328517595715,-0.49632803,-0.947452,-0.46181414,236.42912,84.383766,-1.2349578,WAL
1923317307000,135.799919,5.55438429036518,-18.0230167816683,7.86732737291686,-0.18203785,-0.8368854,-0.75411314,236.54605,83.91909,-0.6710079,WAL
1923322281000,135.804893,5.38086615768145,-17.459083360031,7.34026637045806,0.15699236,-0.52106804,-0.945314,236.68593,83.349144,-0.09343019,WAL
1923327275000,135.809887,5.206650324424,-16.892882413578,6.81108610381568,0.49693888,-0.13775012,-0.91904676,236.90613,82.71902,0.5785217,WAL
1923332315000,135.814927,5.03082977984701,-16.3214661600492,6.27703152955104,0.8216137,0.14752395,-0.79443026,237.17253,81.9955,1.218099,WAL
1923337312000,135.819924,4.52238542824156,-15.193705865897,5.83551988530195,1.0552697,0.3295618,-0.6945538,237.48538,81.32379,1.8719668,WAL
1923342326000,135.824938,3.0991134365897,-12.5284019520426,5.63295684573712,1.1557571,0.47433686,-0.5726862,237.841,80.623,2.43364,WAL
1923347309000,135.829921,1.84795623547635,-10.089162101782,5.45587201672378,1.1087204,0.5742133,-0.44135013,238.18524,79.965,2.8132422,WAL
1923352299000,135.834911,0.781107583836287,-7.88527776368354,5.30613908555762,0.91782504,0.63346726,-0.29932398,238.54541,79.35195,3.1319513,WAL
1923357310000,135.839922,-0.237692665344385,-5.99923897652457,5.08319045463785,0.6658431,0.65270954,-0.16371189,238.9126,78.830154,3.2717285,WAL
1923362347000,135.844959,-1.18970322078547,-4.55218298513913,4.75950664152358,0.36957347,0.6389651,-0.036957346,239.28119,78.395096,3.3693304,WAL
1923367288000,135.8499,-2.05458872443038,-3.47332596911392,4.35030679506329,0.092240654,0.5852089,0.08582657,239.6171,78.05358,3.3254676,WAL
1923372330000,135.854942,-2.83036611280428,-2.8997209489776,3.79080685584226,-0.16401732,0.5112942,0.2284636,239.93604,77.79967,3.24591,WAL
1923377281000,135.859893,-3.57248744076805,-2.56465414635945,3.20196635797235,-0.40958515,0.32834008,0.37965274,240.13846,77.66338,3.0573764,WAL
1923382347000,135.864959,-4.29290070739375,-2.67395819348694,2.52130015434716,-0.6603453,0.115453534,0.5687156,240.30042,77.6058,2.826857,WAL
1923387281000,135.869893,-4.94293103535354,-3.09454281114025,1.87704119135587,-0.9260717,-0.109650314,0.8014552,240.32516,77.716545,2.458923,WAL
1923392368000,135.87498,-5.52965739393939,-4.03614389254079,1.24299812400932,-1.1829406,-0.29749137,1.0552697,240.28613,77.89361,2.043768,WAL
1923397321000,135.879933,-6.03045583080833,-5.24634604642752,0.725643204085622,-1.4150693,-0.38637227,1.1731668,240.13974,78.25548,1.5080918,WAL
1923402348000,135.88496,-6.39748972358518,-7.06269337278858,0.400959400805395,-1.5305228,-0.5726862,1.3481796,239.8922,78.64197,0.9029986,WAL
1923407281000,135.889893,-6.71976329087828,-8.96292038291297,0.0885370095743196,-1.7150042,-0.78893244,1.461495,239.53616,79.221886,0.19285585,WAL
1923412347000,135.894959,-6.95192088455787,-11.2216200427674,-0.216169845387299,-1.8435913,-1.0198395,1.534188,239.11465,79.765785,-0.5414286,WAL
1923417285000,135.899897,-7.13056081196793,-13.2523158120825,-0.560896708093148,-1.8936822,-1.2760975,1.5809193,238.5726,80.37232,-1.3434335,WAL
1923422333000,135.904945,-7.18592674409238,-14.8717703866196,-1.04073517192212,-1.8484782,-1.4807373,1.5711454,237.98209,80.89323,-2.1335645,WAL
1923427322000,135.909934,-7.10204441993064,-16.3335208074255,-1.45498507044064,-1.7079792,-1.5931365,1.4569136,237.33339,81.406654,-2.8987458,WAL
1923432352000,135.914964,-6.40433627009384,-17.1933727311302,-1.60730156646267,-1.4422529,-1.5302174,1.2925909,236.68651,81.758934,-3.6284385,WAL
1923437370000,135.919982,-5.50626902525773,-17.9489107835052,-1.49501850502577,-1.0558805,-1.319469,1.0827587,236.0455,82.055885,-4.2708874,WAL
1923442406000,135.925018,-3.93816375824742,-18.3696224567803,-0.510171910247819,-0.58368176,-1.1117748,0.8188649,235.43747,82.198105,-4.832176,WAL
1923447433000,135.930045,-2.45937067030128,-18.5701689966421,0.488332272289898,-0.14844026,-1.026559,0.50518554,234.89853,82.32385,-5.1962895,WAL
1923452325000,135.934937,-1.30571603197276,-18.0414100058763,1.51088973849268,0.08399397,-1.0467176,0.1994475,234.40129,82.398315,-5.478207,WAL
1923457386000,135.939998,-0.165437245720593,-17.41899722464,2.50401226638285,0.059864793,-1.0946705,-0.07819075,234.03662,82.52312,-5.4708815,WAL
1923462354000,135.944966,0.304687022661621,-15.8885926305056,2.68906125786818,-0.1001819,-1.10139,-0.32620203,233.6896,82.679756,-5.390031,WAL
1923467321000,135.949933,0.713490113518797,-14.3457322227444,2.80979199386278,-0.30451632,-1.0961977,-0.5183192,233.43265,82.88112,-5.108979,WAL
1923472344000,135.954956,0.80391174243609,-12.7181433176692,2.59278012411654,-0.49449542,-1.181108,-0.63529986,233.15848,83.13317,-4.7911916,WAL
1923477439000,135.960051,0.883713134783699,-11.066336569279,2.33999627669801,-0.6704246,-1.3109168,-0.68569624,232.90134,83.42352,-4.413097,WAL
1923482347000,135.964959,0.760925867774295,-9.46027895924765,1.54924619017764,-0.8350528,-1.4162911,-0.68477994,232.63562,83.7462,-4.030385,WAL
1923487299000,135.969911,0.612429238770405,-7.88560055314152,0.740194942660012,-1.0134255,-1.4569136,-0.6407976,232.35559,84.098366,-3.662582,WAL
1923492316000,135.974928,0.269170335086318,-6.64892822000391,-0.167325120258368,-1.1728612,-1.536326,-0.55771995,232.04062,84.46101,-3.3164277,WAL
1923497321000,135.979933,-0.113732131056388,-5.38967853837737,-1.10994094541601,-1.3542882,-1.5986344,-0.5161811,231.68802,84.89822,-3.0227277,WAL
1923502346000,135.984958,-1.00561002258833,-3.8051719490142,-2.52366232874606,-1.428203,-1.7363845,-0.43951756,231.29282,85.31589,-2.7722943,WAL
1923507473000,135.990085,-1.87090037433517,-2.29590397129721,-3.88530185072568,-1.5628988,-1.9272798,-0.33964106,230.79507,85.81046,-2.6180925,WAL
1923512297000,135.994909,-2.15826152735058,-2.14181180860002,-4.2143094789597,-1.6762142,-2.1529946,-0.22968534,230.24785,86.28011,-2.4981852,WAL
1923517305000,135.999917,-2.45658338769494,-1.98184216706031,-4.55586632021094,-1.7608191,-2.378404,-0.12156218,229.50659,86.732666,-2.5610926,WAL
1923522320000,136.004932,-2.65343083744975,-2.06467432670842,-4.85653324953725,-1.7831156,-2.595872,-0.02443461,228.70274,87.04073,-2.6645887,WAL
1923527384000,136.009996,-2.83024510545013,-2.20068521469571,-5.15122368042442,-1.7831156,-2.7989845,0.06047566,227.8395,87.14093,-2.809619,WAL
1923532294000,136.014906,-2.97805468557078,-2.54517413534247,-5.38763186575343,-1.7638733,-2.9196305,0.15210545,226.90508,93.068146,-3.0545638,WAL
1923537345000,136.019957,-3.1194170456347,-2.99576678778082,-5.60851071191781,-1.7244726,-2.9077187,0.2312125,225.95535,93.51385,-3.337617,WAL
1923542342000,136.024954,-3.29972687129096,-3.56736091142289,-5.60167422653125,-1.6566665,-2.7919595,0.31398472,224.98581,94.17779,-3.6984532,WAL
1923547296000,136.029908,-3.51829184281227,-4.25782744937703,-5.37317438691236,-1.5522085,-2.6804767,0.40439278,224.02768,94.94416,-4.100664,WAL
1923552221000,136.034833,-3.72922304341085,-5.07533622898032,-5.10676817036375,-1.4446963,-2.5955665,0.47525316,223.09378,95.80588,-4.560685,WAL
1923557277000,136.039889,-3.94095970077519,-6.01371490518784,-4.80359976774001,-1.3536774,-2.5002716,0.56138515,222.20836,96.7028,-5.062085,WAL
1923562238000,136.04485,-4.07065742841581,-7.06256773430854,-4.61524906916693,-1.2962561,-2.3958135,0.6282749,221.3735,97.60358,-5.614309,WAL
1923567211000,136.049823,-4.13983010943044,-8.21380072471211,-4.51148971229381,-1.2443326,-2.1951442,0.72418076,220.60825,98.5132,-6.2017775,WAL
1923572222000,136.054834,-4.1273994878477,-9.32624760643125,-4.09910560400473,-1.1728612,-1.8646661,0.8323039,219.94902,99.39971,-6.8416,WAL
1923577209000,136.059821,-4.06615732745117,-10.4050530765437,-3.50552682220359,-1.1120802,-1.5176947,0.9285152,219.36429,100.28508,-7.496506,WAL
1923582207000,136.064819,-3.60308529513958,-11.2283694333795,-3.34770058564641,-1.0720685,-1.1994339,1.0418307,218.89096,101.13407,-8.160574,WAL
1923587227000,136.069839,-2.86543793798258,-11.8803542324292,-3.48571202377747,-1.0882565,-0.8353582,1.1820242,218.54076,101.98932,-8.832953,WAL
1923592259000,136.074871,-2.10513231034757,-12.2756987782026,-3.58246935811321,-1.074512,-0.6441574,1.2773192,218.27463,102.71238,-9.461188,WAL
1923597231000,136.079843,-1.33911715571003,-12.4837527847567,-3.64866825471698,-1.0488557,-0.31429017,1.2944235,218.15268,103.426674,-10.065013,WAL
1923602227000,136.084839,-0.708220040011857,-12.563632300662,-3.56498497616836,-1.0091494,-0.035430185,1.287093,218.09785,104.007576,-10.510643,WAL
1923607250000,136.089862,-0.180645957666239,-12.544620486365,-3.36536229086059,-1.0161743,0.17959438,1.2257011,218.11525,104.565414,-10.919349,WAL
1923612229000,136.094841,0.280488072782826,-12.4141529985022,-3.18190762650025,-1.0818423,0.31215215,1.0943651,218.21455,104.98689,-11.148333,WAL
1923617230000,136.099842,0.691756211111333,-12.1893901318023,-3.00974898797803,-1.1704178,0.38087448,0.91629785,218.34938,105.379875,-11.332551,WAL
1923622211000,136.104823,1.02588769236482,-11.8623459872252,-2.65610439545455,-1.2977833,0.38026363,0.74281216,218.52107,105.67301,-11.389201,WAL
1923627232000,136.109844,1.29731311721133,-11.4433033115468,-2.14182466666667,-1.4049901,0.23640485,0.569021,218.65811,105.93822,-11.398685,WAL
1923632227000,136.114839,1.48130703136612,-11.0578435067064,-1.69358284498758,-1.4950926,-0.09682214,0.39278635,218.74796,106.1327,-11.312435,WAL
1923637242000,136.119854,1.58628550568306,-10.6999623442623,-1.3022991915847,-1.5323554,-0.5665775,0.23365596,218.74532,106.30852,-11.201961,WAL
1923642254000,136.124866,1.5188324515829,-10.4206565602493,-1.16424905371983,-1.5274686,-1.074512,0.070249505,218.62177,106.38738,-11.018008,WAL
1923647250000,136.129862,1.28689339871389,-10.2171179979224,-1.26838500947764,-1.452943,-1.5259414,-0.07880162,218.37213,106.43748,-10.825619,WAL
1923652229000,136.134841,0.939538282970551,-10.0764948261598,-1.53898997929676,-1.3732251,-1.8854356,-0.22052236,217.99698,106.42239,-10.613712,WAL
1923657263000,136.139875,0.464706716389245,-10.0005217358416,-1.99007991176992,-1.2776246,-2.0803015,-0.35002577,217.53754,106.370575,-10.389746,WAL
1923662255000,136.144867,-0.0238628085506027,-9.91461441631623,-2.42685648157182,-1.1749994,-2.094657,-0.45356745,217.00435,106.32865,-10.1899,WAL
1923667352000,136.149964,-0.543877767633866,-9.81426053069807,-2.86020231653117,-1.105666,-1.9932534,-0.537256,216.45149,106.26293,-9.973807,WAL
1923672279000,136.154891,-1.01077635075356,-9.62896989470468,-3.1759929907943,-1.0497719,-1.808772,-0.55924714,215.89178,106.282455,-9.827827,WAL
1923677452000,136.160064,-1.42445736792261,-9.24555840784114,-3.28698060132383,-1.0488557,-1.6325374,-0.528093,215.36555,106.301636,-9.676609,WAL
1923682238000,136.16485,-1.77425898073819,-8.87859903090551,-3.33362337390748,-1.0396926,-1.4840971,-0.46883908,214.85953,106.42985,-9.613949,WAL
1923687373000,136.169985,-2.08887492173228,-8.46233753385827,-3.28038055023622,-1.039998,-1.3671165,-0.37598756,214.40498,106.57468,-9.567464,WAL
1923692291000,136.174903,-2.33961622215964,-8.16236826024471,-3.18654891761507,-1.0497719,-1.312444,-0.24617869,213.96028,106.806725,-9.6192255,WAL
1923697422000,136.180034,-2.49708122107205,-8.05262026587687,-3.00045405478734,-1.0424415,-1.1905763,-0.18387043,213.57375,107.03846,-9.67047,WAL
1923702271000,136.184883,-2.58979607921542,-8.02150823399862,-2.79630701221119,-1.0329732,-1.1102476,-0.06719518,213.18799,107.344025,-9.840192,WAL
1923707354000,136.189966,-2.53236342663455,-8.1890198458362,-2.50435795313145,-1.0247264,-1.0558805,0.036651913,212.8358,107.6529,-10.019047,WAL
1923712286000,136.194898,-2.4275896959326,-8.39693572419136,-2.17066300447414,-1.033584,-1.0604621,0.1282817,212.4917,107.97166,-10.262842,WAL
1923717345000,136.199957,-2.16014864459617,-8.75821573833043,-1.66393257594422,-1.0601566,-1.1255192,0.18661933,212.15257,108.30003,-10.525512,WAL
1923722339000,136.204951,-1.86853041102532,-9.08998530143681,-1.23248758417554,-1.0900891,-1.1985176,0.21502456,211.82263,108.58715,-10.786712,WAL
1923727434000,136.210046,-1.44407034837259,-9.31413890763366,-1.10848800300068,-1.1044444,-1.2559389,0.2275473,211.48364,108.8805,-11.060538,WAL
1923732305000,136.214917,-1.06459206396225,-9.5094534261472,-1.00309525302741,-1.1059716,-1.3038919,0.21533,211.14598,109.06849,-11.2566185,WAL
1923737350000,136.219962,-0.851130915503565,-9.58222422040366,-0.983689707892359,-1.0567969,-1.3570372,0.1863139,210.79378,109.246284,-11.454362,WAL
1923742346000,136.224958,-0.653092336241611,-9.63254379731544,-0.992518970642378,-0.9837985,-1.4086553,0.13927728,210.45828,109.33866,-11.569961,WAL
1923747427000,136.230039,-0.531792838926175,-9.55323245637584,-1.1698028550815,-0.91751957,-1.426065,0.09560041,210.12079,109.418015,-11.679499,WAL
1923752422000,136.235034,-0.420677415652863,-9.47156085654844,-1.33644182710521,-0.84757555,-1.4382823,0.071776666,209.7876,109.44734,-11.748691,WAL
1923757345000,136.239957,-0.411335898785417,-9.34545031543491,-1.40650313045373,-0.7834347,-1.4590516,0.054061573,209.45067,109.45932,-11.810078,WAL
1923762526000,136.245138,-0.408944814680789,-9.21539244339714,-1.47023103820814,-0.74036866,-1.5155567,0.025350908,209.10477,109.46784,-11.8445015,WAL
1923767344000,136.249956,-0.494133833870372,-9.12571987046934,-1.41194386580507,-0.7309003,-1.6007724,0.004276057,208.75084,109.470955,-11.881472,WAL
1923772658000,136.25527,-0.598414678259768,-9.02412360830167,-1.34888623049791,-0.7742717,-1.6911805,-0.021991149,208.38217,109.4921,-11.912395,WAL
1923777426000,136.260038,-0.90540997971938,-8.87729959193218,-1.31774170838936,-0.8362745,-1.7959439,-0.04062254,207.99146,109.51619,-11.949358,WAL
1923782243000,136.264855,-1.21556022450356,-8.72896668781058,-1.28627711883465,-0.89736104,-1.8719965,-0.051923547,207.58228,109.55855,-12.005141,WAL
1923787371000,136.269983,-1.34988834727158,-8.54543448471182,-1.41240400964192,-0.97433007,-1.8952094,-0.053450707,207.16527,109.61964,-12.06472,WAL
1923792302000,136.274914,-1.46063099306395,-8.36654241237485,-1.54870272930459,-1.0259482,-1.8976529,-0.03268129,206.74109,109.69321,-12.133993,WAL
1923797427000,136.280039,-1.57857532639029,-8.28799476238625,-1.76951109757331,-1.0320568,-1.8613064,-0.014966198,206.29318,109.81395,-12.251854,WAL
1923802279000,136.284891,-1.69133570827098,-8.25510615005056,-2.0091268477452,-1.0390818,-1.790446,0.04153884,205.86575,109.95794,-12.38555,WAL
1923807351000,136.289963,-1.77936614106156,-8.29769996073402,-2.15106451006314,-1.0296134,-1.6920967,0.106901415,205.44441,110.14543,-12.546023,WAL
1923812298000,136.29491,-1.85415139839187,-8.36781158178769,-2.24922019386346,-0.99204516,-1.5784758,0.1872302,205.05843,110.3403,-12.72071,WAL
1923817344000,136.299956,-1.88710536280591,-8.46969275260081,-2.2759295557416,-0.9315695,-1.462106,0.26542094,204.68877,110.5738,-12.920655,WAL
1923822347000,136.304959,-1.90134678671356,-8.583623648172,-2.27118238139304,-0.88300574,-1.3509285,0.33658674,204.35939,110.81236,-13.132103,WAL
1923827418000,136.31003,-1.86135428478813,-8.75925233756732,-2.22185514235342,-0.81581056,-1.2733486,0.40042216,204.05495,111.06208,-13.358358,WAL
1923832368000,136.31498,-1.79873183026115,-8.95675386688345,-2.1544156804085,-0.7861836,-1.2208142,0.4428773,203.7812,111.31478,-13.589688,WAL
1923837347000,136.319959,-1.65958387912254,-9.08131908472012,-2.15649122541604,-0.7742717,-1.180497,0.4801401,203.53372,111.55782,-13.826291,WAL
1923842481000,136.325093,-1.4860229896823,-9.18049667665154,-2.18624450299546,-0.75686204,-1.1221595,0.50640726,203.31033,111.795265,-14.062721,WAL
1923847377000,136.329989,-1.28808101885681,-9.18957048585498,-2.27553235117312,-0.7672467,-1.0464121,0.5296202,203.09929,112.004,-14.26791,WAL
1923852334000,136.334946,-1.07723588296804,-9.1712362385826,-2.38553845700492,-0.78801614,-0.9236283,0.5552765,202.922,112.21347,-14.469378,WAL
1923857340000,136.339952,-0.886645679759913,-9.19316894253665,-2.40728490607104,-0.8020661,-0.7987063,0.5839872,202.77827,112.40007,-14.630388,WAL
1923862350000,136.344962,-0.707246615802421,-9.23565806090721,-2.38367983483223,-0.8151997,-0.6960809,0.6075055,202.66553,112.5913,-14.786333,WAL
1923867326000,136.349938,-0.562330263781155,-9.33356142917933,-2.21641664474164,-0.8179486,-0.62980205,0.61636305,202.58696,112.761536,-14.8988,WAL
1923872330000,136.354942,-0.436091095829787,-9.4646560893617,-1.96393817702128,-0.79290307,-0.61819565,0.6209445,202.52345,112.92831,-15.010799,WAL
1923877391000,136.360003,-0.341337145680473,-9.66370490341992,-1.63011540980844,-0.7629707,-0.68752885,0.591623,202.46475,113.05924,-15.077821,WAL
1923882332000,136.364944,-0.265406547455621,-9.89149684675559,-1.26469939656002,-0.7110472,-0.788627,0.56077427,202.40024,113.17742,-15.146602,WAL
1923887357000,136.369969,-0.221159339860833,-10.1124992504051,-1.01790107633209,-0.66675943,-0.9379836,0.50762904,202.30153,113.226685,-15.176859,WAL
1923892361000,136.374973,-0.193751648182251,-10.3271928391955,-0.835183147707559,-0.6310238,-1.0115929,0.47067168,202.19554,113.2636,-15.205567,WAL
1923897406000,136.380018,-0.164850635541028,-10.5250696614846,-0.822151042654175,-0.59986967,-1.1572843,0.40103304,202.02988,113.21743,-15.202479,WAL
1923902343000,136.384955,-0.135643988050036,-10.7051773989499,-0.934109881756409,-0.56107974,-1.246776,0.3203988,201.85808,113.155945,-15.1888895,WAL
1923907352000,136.389964,-0.152669057562546,-10.8020785164726,-1.16216698825861,-0.5363397,-1.3020593,0.2406809,201.65465,113.0455,-15.145294,WAL
1923912348000,136.39496,-0.197705907336141,-10.8471152845677,-1.45846206363141,-0.4831944,-1.2968669,0.16890424,201.44174,112.91289,-15.086851,WAL
1923917347000,136.399959,-0.242769800854595,-10.8921790963587,-1.75493505838494,-0.4166101,-1.221425,0.099265605,201.23853,112.75949,-14.996943,WAL
1923922360000,136.404972,-0.28795989851573,-10.9373691120634,-2.05223834358187,-0.344528,-1.1246029,0.03634648,201.043,112.58855,-14.8910055,WAL
1923927383000,136.409995,-0.423820067191535,-10.902288563576,-2.18924330946915,-0.26145032,-1.0290025,-0.0106901415,200.86966,112.39838,-14.76834,WAL
1923932333000,136.414945,-0.61935797483142,-10.8130212258788,-2.21474823773314,-0.19517145,-0.9654725,-0.06780604,200.7141,112.19025,-14.624709,WAL
1923937365000,136.419977,-0.852717870566234,-10.7027865894026,-2.17584455262338,-0.183565,-0.9502009,-0.12583824,200.56326,112.03099,-14.481654,WAL
1923942423000,136.425035,-1.14964569795325,-10.5568392474805,-2.01983165932468,-0.20861048,-0.96974856,-0.19700404,200.41878,111.85932,-14.3225155,WAL
1923947364000,136.429976,-1.43377350623478,-10.4486185124208,-1.83711424111057,-0.2761111,-1.0192287,-0.26389378,200.24654,111.72424,-14.193229,WAL
1923952333000,136.434945,-1.71192534673161,-10.3837165470044,-1.61459269126157,-0.36468655,-1.0656544,-0.33200526,200.0682,111.59177,-14.050592,WAL
1923957261000,136.439873,-1.976943559444,-10.3012691308711,-1.36020063633079,-0.4474588,-1.1163563,-0.37965274,199.85002,111.49757,-13.95457,WAL
1923962318000,136.44493,-2.22968905961461,-10.1846170726616,-1.03940838980329,-0.5381723,-1.1609493,-0.41538838,199.62112,111.41868,-13.851041,WAL
1923967244000,136.449856,-2.45865530167495,-10.101842457206,-0.712401261632616,-0.6047566,-1.1884383,-0.4382958,199.34947,111.3595,-13.787476,WAL
1923972290000,136.454902,-2.66323191846126,-10.0707110612921,-0.352168431511136,-0.6264423,-1.2250903,-0.4269948,199.0679,111.31362,-13.731668,WAL
1923977293000,136.459905,-2.85165012340155,-10.0858082789582,-0.0225687476999902,-0.61453044,-1.2513574,-0.40561453,198.74835,111.27402,-13.711985,WAL
1923982309000,136.464921,-2.98334932159992,-10.2833575428376,0.198497668491139,-0.5479461,-1.2421945,-0.3662137,198.4357,111.235146,-13.703012,WAL
1923987292000,136.469904,-3.1062280781419,-10.4991670509068,0.374997638332803,-0.4428773,-1.2348641,-0.31856623,198.0906,111.177864,-13.733423,WAL
1923992315000,136.474927,-3.18785579689257,-10.820576190158,0.323980248855658,-0.3924809,-1.1902709,-0.29871312,197.76381,111.12236,-13.764331,WAL
1923997269000,136.479881,-3.23391062897114,-11.1690641722953,0.224170235422148,-0.258396,-1.0977248,-0.25259277,197.45094,111.02265,-13.82018,WAL
1924002308000,136.48492,-3.18653438234832,-11.6096640227764,-0.012711408291773,-0.106595986,-0.98990715,-0.2284636,197.15875,110.911224,-13.870613,WAL
1924007283000,136.489895,-3.09568654505814,-12.0367059562951,-0.28933648295409,0.027794369,-0.8393288,-0.20799962,196.91339,110.783905,-13.92138,WAL
1924012322000,136.494934,-2.85865579360465,-12.443044531676,-0.710187019705293,0.1414153,-0.6582073,-0.21380283,196.71106,110.63322,-13.959984,WAL
1924017305000,136.499917,-2.60700445425666,-12.8426789872155,-1.11050793623245,0.2489276,-0.44532076,-0.22418754,196.58142,110.45466,-13.963922,WAL
1924022292000,136.504904,-2.30171340362228,-13.23585696523,-1.46205511445036,0.36468655,-0.21991149,-0.24312437,196.50952,110.25421,-13.949043,WAL
1924027389000,136.510001,-1.97834973529291,-13.6299245991778,-1.7765714391778,0.50946164,-0.01863139,-0.2452624,196.53793,110.0319,-13.872289,WAL
1924032313000,136.514925,-1.61971067605344,-13.9788707163412,-1.89773331634121,0.66737026,0.1423316,-0.25259277,196.61967,109.7851,-13.77693,WAL
1924037332000,136.519944,-1.27605513627841,-14.2792914914773,-1.95516495170455,0.8723156,0.2443461,-0.2593123,196.80269,109.4928,-13.615932,WAL
1924042305000,136.524917,-1.00545591316027,-14.4005945950235,-1.80120334651254,1.0882565,0.29535335,-0.2828306,197.01541,109.169334,-13.4438925,WAL
1924047313000,136.529925,-0.754735363357401,-14.5037805270758,-1.60672543140794,1.3136657,0.29840767,-0.3286455,197.28487,108.758835,-13.200266,WAL
1924052310000,136.534922,-0.59598032718997,-14.527126838716,-1.24719196399161,1.5326608,0.26511553,-0.3903429,197.55492,108.310425,-12.95063,WAL
1924057300000,136.539912,-0.44731335414999,-14.5263306178356,-0.886428626549446,1.7547104,0.16982053,-0.48899764,197.82675,107.761665,-12.640863,WAL
1924062315000,136.544927,-0.358666954310278,-14.3770313299009,-0.513180635685836,1.960572,0.044593163,-0.61117065,198.07591,107.172424,-12.319085,WAL
1924067283000,136.549895,-0.287682599790036,-14.2168906319908,-0.151049950082077,2.164601,-0.13897185,-0.7486154,198.26999,106.47548,-11.949181,WAL
1924072335000,136.554947,-0.416972238194312,-13.9075190351212,0.12599926129414,2.3405302,-0.3173445,-0.9221011,198.426,105.73445,-11.5508585,WAL
1924077596000,136.560208,-0.560633027861616,-13.5788053483215,0.405309020507135,2.4914138,-0.50823987,-1.1071932,198.5078,104.90501,-11.113274,WAL
1924082347000,136.564959,-0.873584533980084,-13.1490805441946,0.470701880102659,2.6245825,-0.6426302,-1.2742649,198.5573,104.04098,-10.647636,WAL
1924087563000,136.570175,-1.23959052156863,-12.6736145525847,0.544836676827094,2.7171285,-0.7483099,-1.4138476,198.52849,103.14059,-10.17503,WAL
1924092314000,136.574926,-1.78929623017429,-12.2050134199842,0.63495234439493,2.8011227,-0.7828238,-1.4645494,198.49265,102.23316,-9.691904,WAL
1924097586000,136.580198,-2.4349535716183,-11.679868999909,0.677853740007277,2.85213,-0.8350528,-1.5338826,198.37877,101.34449,-9.226124,WAL
1924102308000,136.58492,-3.43046414223597,-11.1492043427636,0.0484607525789139,2.958726,-0.79504114,-1.5326608,198.29826,100.47441,-8.770895,WAL
1924107284000,136.589896,-4.47952398962976,-10.5899948268898,-0.614787766151187,3.0473013,-0.64934975,-1.4819591,198.1766,99.69652,-8.396915,WAL
1924112287000,136.594899,-5.05872434001301,-10.5883659156055,-1.19534374486476,3.1343496,-0.36071593,-1.3860532,198.12425,98.96557,-8.037446,WAL
1924117313000,136.599925,-5.53294133754066,-10.7136305219816,-1.75903573484525,3.1835241,-0.01863139,-1.2883148,198.1446,98.300514,-7.6953564,WAL
1924122287000,136.604899,-6.04488400497177,-11.0826399177974,-1.82744007418045,3.1835241,0.26725355,-1.1908818,198.16724,97.92254,-7.553736,WAL
1924127357000,136.609969,-6.58827788800634,-11.5827547202139,-1.64951460790334,3.1444287,0.39706242,-1.1117748,198.25417,97.623566,-7.433751,WAL
1924132310000,136.614922,-7.43237069874851,-12.2360982524831,-1.28678876074692,3.0030136,0.27580565,-1.0616838,198.35777,97.49672,-7.40479,WAL
1924137335000,136.619947,-8.45525691373659,-12.9865336890147,-0.818364230055622,2.7666087,-0.07727446,-1.0824533,198.43358,97.40766,-7.374459,WAL
1924142404000,136.625016,-9.11485596410056,-13.2757835871075,-0.896736908568913,2.5583036,-0.6310238,-1.1927143,198.37521,97.3843,-7.3808694,WAL
1924147350000,136.629962,-9.55965923163455,-13.3082173098895,-1.26740610465617,2.3741279,-1.2565498,-1.3994923,198.19759,82.64857,-7.3489213,WAL
1924152330000,136.634942,-9.19905166171215,-12.817188435107,-1.80108191463774,2.2085834,-1.6572775,-1.5494597,197.86754,82.57877,-7.3938384,WAL
1924157338000,136.63995,-8.29031343339878,-11.9696603958374,-2.44614461638523,2.1108449,-1.6850718,-1.5262468,197.47418,82.503006,-7.423808,WAL
1924162348000,136.64496,-7.27670467365575,-11.2524833673776,-3.31432315680384,2.0702224,-1.509448,-1.3515394,197.0131,82.37977,-7.5050597,WAL
1924167352000,136.649964,-6.18265310189246,-10.6382790693902,-4.35559157254431,1.9804251,-1.0769554,-1.1725558,196.62546,82.253944,-7.5921664,WAL
1924172329000,136.654941,-5.15830765652174,-10.1832167663043,-4.79428480434783,1.9385809,-0.5494733,-0.9966267,196.31032,82.17045,-7.6446166,WAL
1924177442000,136.660054,-4.15672592632411,-9.83967924762846,-4.7700920284585,1.9788979,-0.0729984,-0.8491027,196.10927,82.04481,-7.74285,WAL
1924182347000,136.664959,-3.3454818472263,-9.57522734634576,-4.18729647276196,2.1029036,0.20677789,-0.7519751,195.95691,81.99246,-7.7709384,WAL
1924187378000,136.66999,-2.638394707602,-9.35838686557088,-3.12195192650426,2.2024746,0.2764165,-0.68936145,195.88641,81.908134,-7.8332386,WAL
1924192350000,136.674962,-2.11101568777174,-9.23502754755435,-2.135699528125,2.2418754,0.226631,-0.6637051,195.86261,81.89999,-7.797069,WAL
1924197428000,136.68004,-1.74760455694876,-9.20198999281832,-1.19649395758929,2.2437081,0.05222898,-0.6423248,195.82742,81.86864,-7.7775116,WAL
1924202336000,136.684948,-1.4849139475034,-9.29503839450165,-0.300437671604818,2.2030854,-0.096516706,-0.6188065,195.86867,81.89449,-7.6732235,WAL
1924207352000,136.689964,-1.33091845949097,-9.55169786603847,0.600202670264232,2.1820107,-0.12003502,-0.57604593,195.89828,81.89984,-7.582046,WAL
1924212308000,136.69492,-1.14629824594483,-9.82908903839028,1.1806164217888,2.1896465,-0.18600847,-0.5739079,195.9037,81.90234,-7.427571,WAL
1924217347000,136.699959,-0.90292450362289,-10.1519320012351,1.24021815566077,2.0958786,-0.21991149,-0.59223384,195.91528,81.89773,-7.2817035,WAL
1924222308000,136.70492,-0.68155111727156,-10.4824203528598,1.11459915251013,1.9773707,-0.15668693,-0.5714644,195.95512,81.82941,-7.1136837,WAL
1924227371000,136.709983,-0.480378596485232,-10.8368668636768,0.736203166253087,1.9373591,-0.07147124,-0.53969944,195.99603,81.741615,-6.946143,WAL
1924232241000,136.714853,-0.319771431169886,-11.0310211620604,0.487716059235265,1.9312505,0.00030543262,-0.5311473,196.04608,81.67065,-6.7415905,WAL
1924237365000,136.719977,-0.203107996138683,-11.0018552220901,0.409940449416543,1.9226984,-0.087659165,-0.48838675,196.07768,81.57277,-6.55681,WAL
1924242291000,136.724903,-0.154972155124808,-10.9044924920315,0.118380587281106,1.9049833,-0.17623462,-0.42821655,196.10231,81.49378,-6.3527775,WAL
1924247349000,136.729961,-0.210778012158218,-10.6905703160522,-0.537338299631336,1.8799378,-0.13988814,-0.3921755,196.1423,81.399994,-6.158849,WAL
1924252242000,136.734854,-0.29876630481003,-10.440596708106,-1.14619686366159,1.8994855,-0.029932396,-0.3484986,196.1547,81.27356,-5.9678164,WAL
1924257339000,136.739951,-0.476285058852522,-10.0715446890133,-1.71612551123553,1.958434,0.11056661,-0.29016098,196.1902,81.12305,-5.7972307,WAL
1924262272000,136.744884,-0.672102735685542,-9.73031614644264,-2.23704161669778,2.0030272,0.2501493,-0.2574797,196.21709,80.98504,-5.6532927,WAL
1924267353000,136.749965,-0.969854847743207,-9.44265682275462,-2.65086651258038,2.0005836,0.40408736,-0.2321288,196.29012,80.831795,-5.531328,WAL
1924272298000,136.75491,-1.23852167384099,-9.13758817182876,-2.97826788861708,1.9798143,0.57604593,-0.21655174,196.36816,80.63998,-5.4609194,WAL
1924277359000,136.759971,-1.45844054472283,-8.75990168662458,-3.11691238115013,1.9553796,0.73914695,-0.20738874,196.4881,80.44825,-5.4016685,WAL
1924282305000,136.764917,-1.66056209154076,-8.38645941212724,-3.16730884512922,1.9000963,0.8127562,-0.20097467,196.60376,80.25598,-5.394859,WAL
1924287367000,136.769979,-1.82922244686879,-7.99131244632207,-2.96491639860835,1.8170186,0.89949906,-0.19853121,196.77046,80.08061,-5.3957977,WAL
1924292299000,136.774911,-1.97017543338773,-7.60401339622732,-2.73854919512336,1.7754798,0.9440922,-0.19914207,196.93077,79.892624,-5.4331737,WAL
1924297327000,136.779939,-2.03951240771815,-7.20185907060574,-2.41497700220793,1.67316,0.9456194,-0.19883664,197.1046,79.74477,-5.472366,WAL
1924302319000,136.784931,-2.10874101266024,-6.7995718554606,-2.08277425642453,1.5589281,0.93187493,-0.18753563,197.2823,79.56366,-5.5400896,WAL
1924307324000,136.789936,-2.18018871811587,-6.38041158556097,-1.69219316818046,1.4355333,0.88147855,-0.18417588,197.45093,79.41656,-5.603438,WAL
1924312321000,136.794933,-2.25083364002787,-5.96182895471736,-1.3021502932922,1.3249667,0.8249735,-0.17073683,197.61284,79.24216,-5.681289,WAL
1924317338000,136.79995,-2.31777793558917,-5.54103676759554,-0.910048276035032,1.1847731,0.7415904,-0.1563815,197.75226,79.10932,-5.7563667,WAL
1924322330000,136.804942,-2.38366314760775,-5.1194225922499,-0.514966365599051,1.0598512,0.64904433,-0.14446963,197.8676,78.95411,-5.835777,WAL
1924332305000,136.814917,-2.50202677761305,-4.24675667257228,0.324508390094514,0.76052725,0.42180246,-0.12797627,197.9924,78.68321,-5.9958415,WAL
1924337378000,136.81999,-2.52453562972572,-3.85060049933284,0.662141406819867,0.6047566,0.30176744,-0.11026118,197.99399,78.56317,-6.076544,WAL
1924342724000,136.825336,-2.54725062674947,-3.43613850820963,1.01653697579521,0.45356745,0.17806722,-0.08674286,197.89708,78.425865,-6.1332994,WAL
1924347348000,136.82996,-2.54277893905887,-3.14995040262547,1.28931011169343,0.30848694,0.07360926,-0.049785517,197.77147,78.32292,-6.195464,WAL
1924352652000,136.835264,-2.53691050321135,-2.82681213909634,1.5954090846714,0.15118915,-0.03970624,-0.035124753,197.61186,78.17719,-6.2657022,WAL
1924357345000,136.839957,-2.51593219738611,-2.65059419492158,1.72127900724421,0.009468411,-0.13194689,-0.004581489,197.42784,78.05791,-6.3484664,WAL
1924362293000,136.844905,-2.49381400918596,-2.46480122927558,1.85398822882748,-0.14446963,-0.21166481,0.04153884,197.25497,77.9287,-6.455045,WAL
1924367347000,136.849959,-2.45377047374324,-2.40435401357901,1.95749696034448,-0.269697,-0.3005457,0.0852157,197.05176,77.82324,-6.565976,WAL
1924372270000,136.854882,-2.41127910730022,-2.37130513466854,2.05192237795914,-0.40194935,-0.3885103,0.112399206,196.82462,77.75143,-6.683127,WAL
1924377422000,136.860034,-2.13368811600983,-2.57912495084029,1.98393501074201,-0.52015173,-0.4868596,0.15393804,196.57603,77.64362,-6.823335,WAL
1924382307000,136.864919,-1.82563487895823,-2.82280872292875,1.88738105334644,-0.6218608,-0.53969944,0.1957823,196.31358,77.556946,-6.971173,WAL
1924387409000,136.870021,-1.61475537364713,-2.99831248971251,1.79747322883315,-0.73945236,-0.64599,0.20769419,196.01968,77.48949,-7.1131043,WAL
1924392308000,136.87492,-1.43844278461105,-3.14817821110485,1.71372476860203,-0.77946407,-0.7431176,0.22815818,195.71019,77.41561,-7.2692814,WAL
1924397384000,136.879996,-1.26880203513238,-3.29888810759674,1.60867142448065,-0.8915578,-0.84116143,0.24404067,195.38356,77.40838,-7.3701243,WAL
1924402287000,136.884899,-1.11101006430754,-3.44233535834012,1.49869513733198,-1.0005972,-0.9166033,0.26083946,195.03604,77.40178,-7.475714,WAL
1924407300000,136.889912,-0.968599882415291,-3.59015147697654,1.42943477816392,-1.0861185,-0.9669997,0.27030787,194.67122,77.43626,-7.544426,WAL
1924412319000,136.894931,-0.834039213318853,-3.73863218922676,1.37839456663771,-1.1823297,-0.99387777,0.28344148,194.29381,77.48886,-7.6197104,WAL
1924417312000,136.899924,-0.723721903014378,-3.90325263749494,1.38453709007695,-1.2819008,-0.9923506,0.29077184,193.90897,77.57149,-7.6654625,WAL
1924422290000,136.904902,-0.627178074020859,-4.07703146214054,1.42315459546375,-1.3820826,-0.9944886,0.2932153,193.52051,77.667336,-7.716433,WAL
1924427369000,136.909981,-0.513396554494899,-4.37506222678536,1.50402799063813,-1.4746287,-0.9935723,0.29016098,193.13121,77.786934,-7.738495,WAL
1924432310000,136.914922,-0.395075379321864,-4.72529303734747,1.6034177524805,-1.5851953,-0.9828822,0.2996294,192.75085,77.921135,-7.770558,WAL
1924437338000,136.91995,-0.281790731727704,-5.11490802617647,1.74948356805503,-1.6685784,-0.95905846,0.28130344,192.3869,78.073105,-7.7754126,WAL
1924442363000,136.924975,-0.17221170570778,-5.52126351882353,1.91841791791271,-1.7366899,-0.9425651,0.24831672,192.03178,78.23666,-7.7844987,WAL
1924447295000,136.929907,-0.070504739418533,-5.95467026874872,2.10266302054654,-1.8106046,-0.9059132,0.226631,191.70836,78.41719,-7.766182,WAL
1924452333000,136.934945,0.0286281014814054,-6.42555117762482,2.30588540287652,-1.8713857,-0.8546005,0.21533,191.40282,78.603455,-7.748396,WAL
1924457313000,136.939925,0.162963380871606,-6.89354290987768,2.42477990456189,-1.920255,-0.7993172,0.19975294,191.12383,78.82245,-7.684576,WAL
1924462352000,136.944964,0.322596722305562,-7.36873061112393,2.49160307632126,-1.9755383,-0.7049385,0.15118915,190.88004,79.053604,-7.617564,WAL
1924467653000,136.950265,0.482548798063839,-7.87307572418015,2.57493147096633,-2.014939,-0.5864306,0.099265605,190.67813,79.30221,-7.514909,WAL
1924472314000,136.954926,0.529391823607346,-8.36883085264539,2.8013394950153,-2.0754147,-0.50671273,0.073303826,190.49944,79.560616,-7.413535,WAL
1924477344000,136.959956,0.579943297214692,-8.90383370529077,3.04567169003061,-2.1096232,-0.3943135,0.079107046,190.39148,79.867966,-7.251877,WAL
1924482351000,136.964963,0.655917613783381,-9.60602949607863,3.53719223086469,-2.0857995,-0.31856623,0.06261369,190.3029,80.174446,-7.0845337,WAL
1924487264000,136.969876,0.739995348914921,-10.358058694381,4.11172365992257,-2.0662518,-0.23823744,0.06291912,190.25104,80.47286,-6.933342,WAL
1924492347000,136.974959,0.94212548111332,-11.404168290507,5.23799930258449,-2.010663,-0.20708331,0.036957346,190.21574,80.77742,-6.7340245,WAL
1924497310000,136.979922,1.18780582127237,-12.538077382008,6.56089316866799,-1.8542814,-0.31581733,0.01863139,190.166,81.0474,-6.541854,WAL
1924502338000,136.98495,1.67322519628468,-14.0260063883933,7.90790561905695,-1.6307048,-0.57940567,-0.008552114,190.09991,81.31304,-6.2847443,WAL
1924507343000,136.989955,2.2605685453681,-15.6564711227331,9.25174728497206,-1.3231341,-1.0714576,-0.15515977,189.94394,81.550285,-5.987967,WAL
1924512342000,136.994954,2.82645341260171,-16.7677616139138,9.91911831783971,-1.0558805,-1.6578883,-0.3830125,189.7407,81.748375,-5.5568547,WAL
1924517333000,136.999945,3.38065944361269,-17.6087938462164,10.2351132896664,-0.86070913,-2.058005,-0.6047566,189.45895,81.89889,-5.0944448,WAL
1924522328000,137.00494,3.9104888778701,-18.160994068396,9.68520870726517,-0.61483586,-2.1661282,-0.72143185,189.17784,81.95221,-4.4483504,WAL
1924527421000,137.010033,4.43930540455973,-18.590967329314,8.72641959053602,-0.22724187,-1.9553796,-0.8026769,188.88643,81.886536,-3.7844656,WAL
1924532332000,137.014944,4.6407937336014,-18.3416236324968,7.87787242554016,0.29352075,-1.484708,-0.7770206,188.69101,81.69899,-3.050985,WAL
1924537455000,137.020067,4.73111235762039,-17.8234799081484,7.02222321761457,0.8509353,-0.958753,-0.6267477,188.57253,81.3242,-2.385111,WAL
1924542394000,137.025006,4.04974479670051,-16.1461939454822,6.47735841614213,1.2434162,-0.4633413,-0.5039638,188.61543,80.93946,-1.7049588,WAL
1924547346000,137.029958,2.99052079467005,-13.8881206565482,6.06811256761421,1.3967434,0.03604105,-0.40744713,188.79942,80.42596,-1.124721,WAL
1924552343000,137.034955,2.04140034145226,-11.5242584772251,5.744225885992,1.3368785,0.50762904,-0.29229903,189.10391,79.943825,-0.6243932,WAL
1924557340000,137.039952,1.14759060849057,-9.12100480188679,5.46149025471698,1.0958922,0.883922,-0.17867808,189.5114,79.46726,-0.19963229,WAL
1924562348000,137.04496,0.30396487424005,-6.97543763274835,5.04498142450642,0.7635816,1.1505647,-0.07880162,189.90535,79.03251,0.024348347,WAL
1924567345000,137.049957,-0.500872052773425,-5.02083375662802,4.53508478840489,0.4111123,1.3225232,0.017715093,190.36919,78.680824,0.19549572,WAL
1924572346000,137.054958,-1.07335208294222,-3.76851970631039,3.99330750980083,0.11301007,1.3982705,0.11575896,190.78058,78.38275,0.19280164,WAL
1924577427000,137.060039,-1.53874317683889,-2.84733320394399,3.42716156862552,-0.122783914,1.382388,0.19242255,191.20752,78.17097,0.16568567,WAL
1924582348000,137.06496,-2.05660826937457,-2.36914745204072,2.96883819436234,-0.32711834,1.3277156,0.28619036,191.5598,78.04717,-0.010973552,WAL
1924587407000,137.070019,-2.62564891703044,-2.10359520921993,2.54679984647157,-0.42058071,1.1340714,0.32498032,191.86386,77.95597,-0.18266049,WAL
1924592441000,137.075053,-3.22955845567666,-2.09114485643355,2.2173860236149,-0.5839872,0.82863873,0.40775254,192.06288,77.99553,-0.45308656,WAL
1924597345000,137.079957,-3.84096625174084,-2.2333326964174,1.9519685672419,-0.7657196,0.44776422,0.5225952,192.17767,78.05856,-0.7259891,WAL
1924602337000,137.084949,-4.68121819650622,-3.89471805214089,1.7727866656698,-0.95111716,0.054061573,0.66737026,192.13252,78.26372,-1.0868852,WAL
1924607339000,137.089951,-5.65902010743378,-6.50522129666762,1.64999295565366,-1.176221,-0.30451632,0.816116,191.976,78.511154,-1.4608009,WAL
1924612341000,137.094953,-6.3147555364798,-8.92002954946414,1.4112131259357,-1.4156802,-0.66248333,0.92057395,191.62312,78.8368,-1.9347932,WAL
1924617342000,137.099954,-6.66023697468054,-11.1459172389736,1.06079616867683,-1.6749926,-1.0635164,0.9990701,191.14426,79.18739,-2.4258485,WAL
1924622343000,137.104955,-6.68238862791554,-13.1294119899264,0.424032520019372,-1.9123137,-1.459968,1.0079277,190.4647,79.61512,-3.0633779,WAL
1924627379000,137.109991,-6.458155557284,-14.9419632173576,-0.435527637725688,-2.1154263,-1.8765781,0.95386606,189.66467,80.01901,-3.6863143,WAL
1924632340000,137.114952,-6.01096665082116,-16.207123351077,-1.05540963029628,-2.2305744,-2.237294,0.8445212,188.75635,80.45249,-4.303631,WAL
1924637357000,137.119969,-5.33687554171825,-16.9763801225551,-1.45986433716266,-2.252871,-2.5103507,0.74464476,187.76598,80.80782,-4.892951,WAL
1924642369000,137.124981,-4.62255279163604,-17.7185562774411,-1.78119854557465,-2.1594086,-2.6325238,0.6533204,186.80064,81.206825,-5.3747597,WAL
1924647328000,137.12994,-3.48562773298897,-18.1761566598788,-1.22924741240687,-1.9425515,-2.5906794,0.49754974,185.82616,81.50303,-5.802767,WAL
1924652379000,137.134991,-2.36197019416246,-18.5850546586524,-0.627176141179381,-1.6517797,-2.4697282,0.30482176,184.93913,81.85152,-6.0365624,WAL
1924657300000,137.139912,-1.68585629596319,-18.2866323063224,0.445280267794598,-1.3768903,-2.3716843,0.086437434,184.07439,82.12327,-6.222647,WAL
1924662482000,137.145094,-1.01038629192026,-17.8958608917565,1.53185924944145,-1.1520919,-2.2928827,-0.14110987,183.3104,82.483055,-6.1590686,WAL
1924667312000,137.149924,-0.823295483744222,-16.6040433436055,2.02631352187981,-0.9798279,-2.1438315,-0.3191771,182.60808,82.80282,-6.067396,WAL
1924672717000,137.155329,-0.628719186030082,-15.1378435268461,2.53544715894954,-0.87689704,-1.930945,-0.43401974,181.98174,83.136,-5.844183,WAL
1924677330000,137.159942,-0.758692152395557,-13.4741896415122,2.08541579847102,-0.79351395,-1.8167132,-0.5009095,181.38315,83.45639,-5.603669,WAL
1924682360000,137.164972,-0.900414246654898,-11.6601469267432,1.59470308587467,-0.7330383,-1.6136005,-0.51007247,180.88234,83.73473,-5.3583717,WAL
1924687295000,137.169907,-1.0394596810823,-9.88036545609003,1.11325830721403,-0.7058548,-1.4996742,-0.48380527,180.39702,84.002,-5.116668,WAL
1924692284000,137.174896,-1.18002658530891,-8.08110917299206,0.626545439789938,-0.6585127,-1.4770721,-0.42638394,179.95058,84.241516,-4.894116,WAL
1924697313000,137.179925,-1.3217205042016,-6.26742710289791,0.13593028439291,-0.6236934,-1.4651603,-0.344528,179.53963,84.45697,-4.6977153,WAL
1924702305000,137.184917,-1.62687375414449,-4.91059883619772,-0.572241506615209,-0.5992588,-1.4853189,-0.2501493,179.12276,84.649055,-4.526324,WAL
1924707299000,137.189911,-2.08149903125475,-3.95588579224335,-1.48149193551103,-0.66675943,-1.5586227,-0.12889257,178.69879,84.81562,-4.3937716,WAL
1924712311000,137.194923,-2.50270057260586,-3.17040493340926,-2.35725676825758,-0.8005389,-1.6728544,0.006414085,178.20624,84.92473,-4.4093404,WAL
1924717307000,137.199919,-2.87421190495911,-2.62552148733823,-3.17953557558754,-0.98837996,-1.8188512,0.14935656,177.6893,84.99837,-4.4680014,WAL
1924722273000,137.204885,-3.15905463766743,-2.25604012010934,-3.89690609864237,-1.1676689,-2.007914,0.2941316,177.08156,84.98208,-4.6491923,WAL
1924727350000,137.209962,-3.358413693959,-2.06554145809567,-4.52156426531207,-1.3271047,-2.234545,0.43676865,176.42241,84.90204,-4.8765445,WAL
1924732267000,137.214879,-3.51604380637211,-1.98647210474902,-5.17271043748121,-1.4425583,-2.457511,0.5748242,175.68442,84.695915,-5.2153645,WAL
1924737304000,137.219916,-3.5885391606853,-2.17012679711452,-5.95565972912534,-1.5283848,-2.6297748,0.6805039,174.9003,84.38908,-5.59555,WAL
1924742307000,137.224919,-3.65860944232722,-2.43994288121827,-6.71907780222569,-1.5992452,-2.7214046,0.7296785,174.06847,96.05412,-6.049354,WAL
1924747318000,137.22993,-3.72419425560328,-2.91777543464467,-7.44988049646622,-1.6548339,-2.679255,0.7693848,173.23438,96.60596,-6.542668,WAL
1924752296000,137.234908,-3.78473121315533,-3.465659828435,-7.99433963413565,-1.690875,-2.5540276,0.79504114,172.41411,97.266464,-7.0658965,WAL
1924757336000,137.239948,-3.83176607263691,-4.24643755285519,-7.98493273099786,-1.6777414,-2.4446826,0.84299403,171.6152,98.01066,-7.6175537,WAL
1924762285000,137.244897,-3.83889362170601,-5.0372257873413,-8.02397614295119,-1.6129897,-2.366492,0.89644474,170.87067,98.845535,-8.184613,WAL
1924767301000,137.249913,-3.68077220588733,-5.9407762698768,-8.26793498504655,-1.5164729,-2.2036965,0.93737274,170.20023,99.72947,-8.765847,WAL
1924772427000,137.255039,-3.51435374233109,-6.88827551469741,-8.48084386935639,-1.4462235,-1.847562,0.9850202,169.62877,100.63732,-9.34744,WAL
1924777329000,137.259941,-3.3089140040666,-8.02571044899135,-8.33553245341018,-1.3616186,-1.6099354,1.0186177,169.08827,101.553734,-9.935774,WAL
1924782315000,137.264927,-3.08716577410359,-9.11547911553785,-8.01910653386454,-1.2718215,-1.1615603,1.0137309,168.75165,102.42577,-10.439278,WAL
1924787307000,137.269919,-2.81307795492178,-9.93309726265669,-7.01566651054319,-1.2437216,-0.8210029,1.0076222,168.46873,103.30723,-10.941657,WAL
1924792345000,137.274957,-2.49044955059975,-10.7042822851934,-6.01010842164859,-1.2156218,-0.643852,1.0057896,168.28976,104.08568,-11.345609,WAL
1924797359000,137.279971,-1.89604054825832,-11.1512410997985,-5.05168143153248,-1.2452488,-0.57879484,1.029308,168.18716,104.87081,-11.738737,WAL
1924802423000,137.285035,-1.30078963157895,-11.598305481203,-4.10052930451128,-1.3304645,-0.6035349,1.0726794,168.08575,105.48102,-12.038278,WAL
1924807342000,137.289954,-0.783474344044321,-11.9804662313019,-3.37815220685596,-1.4062119,-0.67256266,1.1068878,167.99501,106.08929,-12.335142,WAL
1924812535000,137.295147,-0.250036511488363,-12.3673870168199,-2.63704577169959,-1.4883732,-0.7788532,1.104139,167.84573,106.471214,-12.476349,WAL
1924817343000,137.299955,0.0966764884177586,-12.533989435752,-2.2002774319382,-1.5909985,-0.89949906,1.0412198,167.67319,106.85905,-12.614756,WAL
1924822599000,137.305211,0.467962368845227,-12.7096052168675,-1.73943209796108,-1.6865989,-1.0088439,0.9654725,167.40767,107.03134,-12.594432,WAL
1924827429000,137.310041,0.6480134302076,-12.7353264216867,-1.66226736441149,-1.779756,-1.0793989,0.8491027,167.1216,107.205696,-12.561785,WAL
1924832355000,137.314967,0.831643146205746,-12.7615588554217,-1.5835689218721,-1.8365663,-1.1071932,0.6942484,166.80391,107.289696,-12.438437,WAL
1924837343000,137.319955,0.927072328119609,-12.5014110046003,-1.44794268941921,-1.8579466,-1.1160508,0.5152648,166.4744,107.366646,-12.29503,WAL
1924842295000,137.324907,1.00434028157945,-12.1877938299789,-1.30249712438183,-1.8646661,-1.1801916,0.3323107,166.12285,107.430626,-12.128406,WAL
1924847344000,137.329956,0.887874084629295,-11.8710078731163,-0.950837216636528,-1.8527542,-1.3213016,0.09621128,165.7374,107.43905,-11.875478,WAL
1924852240000,137.334852,0.70887614755877,-11.5648278514165,-0.541026080289331,-1.8484782,-1.5937474,-0.13255776,165.29814,107.43212,-11.605215,WAL
1924857307000,137.339919,0.505785972871249,-11.2276804509635,-0.492961792290289,-1.8619173,-1.9181169,-0.32253686,164.7895,107.4114,-11.302504,WAL
1924862309000,137.344921,0.299128546672419,-10.8878436790337,-0.575624764687949,-1.8118263,-2.1560488,-0.45142943,164.2336,107.363144,-10.986006,WAL
1924867311000,137.349923,-0.0046547017009308,-10.6924851197709,-0.964856686680986,-1.6826283,-2.214081,-0.5332854,163.6154,107.31735,-10.710747,WAL
1924872283000,137.354895,-0.35530864539327,-10.5707303647336,-1.50544818553749,-1.4813483,-2.154827,-0.5821546,162.97162,107.23991,-10.432978,WAL
1924877392000,137.360004,-0.802667101364377,-10.4645599481652,-1.75627187534732,-1.2678508,-2.1071796,-0.60994893,162.29204,107.177734,-10.191273,WAL
1924882315000,137.364927,-1.26794468974322,-10.3696975069464,-1.87823784424643,-1.1899655,-1.9798143,-0.61727935,161.6646,107.10691,-9.946856,WAL
1924887310000,137.369922,-1.6520167218744,-10.0759763606683,-1.94781805250624,-1.0534371,-1.8396207,-0.58551437,161.05482,107.06355,-9.755217,WAL
1924892361000,137.374973,-1.98645272486076,-9.65793117505281,-1.98497758144805,-0.9602802,-1.7024814,-0.49602258,160.49782,107.02866,-9.582891,WAL
1924897312000,137.379924,-2.26024957427653,-9.22498798842444,-1.96278141464094,-0.90041536,-1.5906931,-0.37782016,159.95001,107.06204,-9.511372,WAL
1924902311000,137.384923,-2.49115515241158,-8.76830763858521,-1.89094407008574,-0.872621,-1.5121969,-0.23273966,159.45003,107.1022,-9.473906,WAL
1924907298000,137.38991,-2.54441224425599,-8.47659290651809,-1.84530551118233,-0.8344419,-1.4764613,-0.08093964,158.95638,107.21237,-9.540941,WAL
1924912321000,137.394933,-2.51120749497091,-8.26313323789567,-1.81210071236564,-0.8206975,-1.4666874,0.031154128,158.4921,107.33585,-9.637441,WAL
1924917310000,137.399922,-2.29569384016353,-8.23076564693134,-1.82478030092602,-0.829555,-1.4715744,0.11636983,158.01987,107.51515,-9.815626,WAL
1924922298000,137.40491,-1.98040172628312,-8.29664768751847,-1.86242709702492,-0.8436049,-1.4877623,0.18112154,157.55878,107.70192,-10.019739,WAL
1924927378000,137.40999,-1.61492483675904,-8.42440526463571,-1.91570932046247,-0.8546005,-1.5265522,0.22724187,157.0909,107.91509,-10.244622,WAL
1924932314000,137.414926,-1.23321641099284,-8.5848963741971,-1.97643566298403,-0.8405506,-1.5741998,0.25870144,156.6239,108.127495,-10.4845295,WAL
1924937302000,137.419914,-0.72290020610938,-8.85951662974106,-2.05128471071237,-0.80909103,-1.6368134,0.25350907,156.16508,108.32356,-10.674376,WAL
1924942363000,137.424975,-0.0406893258601053,-9.28654931245299,-2.14502365329322,-0.77091193,-1.6899587,0.23151793,155.7014,108.51091,-10.87097,WAL
1924947312000,137.429924,0.319432830656708,-9.51255986274129,-2.21284992159278,-0.7535023,-1.7345519,0.19914207,155.2483,108.6699,-10.9879055,WAL
1924952305000,137.434917,0.458584054874382,-9.60068929139587,-2.26387194963624,-0.7281514,-1.7510452,0.16126843,154.7921,108.80899,-11.100997,WAL
1924957292000,137.439904,0.536334278851278,-9.6318326514359,-2.26002708853252,-0.71959925,-1.7605137,0.11759156,154.36792,108.88919,-11.085328,WAL
1924962312000,137.444924,0.555312088384486,-9.60811038951939,-2.203093709474,-0.70341134,-1.7595973,0.07574729,153.94667,108.955055,-11.06587,WAL
1924967307000,137.449919,0.4991223517826,-9.51357424923951,-2.13156494828635,-0.70432764,-1.7647897,0.025045475,153.5209,109.0232,-11.007755,WAL
1924972301000,137.454913,0.363334073895762,-9.34383850943014,-2.04427244124924,-0.73823065,-1.7693712,-0.0143553335,153.10101,109.090706,-10.9483795,WAL
1924977317000,137.459929,0.191677939605163,-9.18362298519362,-1.97817415504935,-0.79045963,-1.7886134,-0.037873644,152.66687,109.17044,-10.887282,WAL
1924982346000,137.464958,-0.0140243509491268,-9.03277446440774,-1.93246256886864,-0.81122905,-1.8277088,-0.082161374,152.22897,109.24132,-10.819037,WAL
1924987337000,137.469949,-0.209076978468324,-8.86578812510024,-1.92946932429832,-0.8885035,-1.8829921,-0.12095132,151.76067,109.35044,-10.780646,WAL
1924992355000,137.474967,-0.392130685936247,-8.67310064735365,-1.98727571852446,-0.960891,-1.9074267,-0.13836098,151.29588,109.45867,-10.743187,WAL
1924997297000,137.479909,-0.56416232913683,-8.49549747280821,-2.03583042914651,-1.0137309,-1.8634444,-0.15790866,150.80342,109.59553,-10.733886,WAL
1925002349000,137.484961,-0.728026373940391,-8.33163306135088,-2.07328513779756,-1.061073,-1.7693712,-0.14538592,150.32768,109.74759,-10.732736,WAL
1925007312000,137.489924,-0.897570235209857,-8.15713602574376,-2.08576394797155,-1.1071932,-1.6545285,-0.118507855,149.85121,109.945175,-10.760456,WAL
1925012343000,137.494955,-1.08579580472804,-7.95443152749674,-2.05197979773615,-1.131017,-1.5479325,-0.08155051,149.40865,110.14693,-10.79233,WAL
1925017275000,137.499887,-1.27004451382406,-7.80150398473968,-2.02215905385996,-1.1346822,-1.4401149,-0.025350908,148.98474,110.38656,-10.858345,WAL
1925022347000,137.504959,-1.45899012212248,-7.7336774936166,-1.99793527089567,-1.1365148,-1.3570372,0.048563786,148.59549,110.63239,-10.935585,WAL
1925027369000,137.509981,-1.62339876169127,-7.69326354496082,-1.97931145503918,-1.1242975,-1.2834278,0.12186762,148.21362,110.903854,-11.056028,WAL
1925032335000,137.514947,-1.74474338348824,-7.70193101148168,-1.97064398851832,-1.1111639,-1.2052372,0.20861048,147.86984,111.179535,-11.193461,WAL
1925037328000,137.51994,-1.85901441810863,-7.71868398619413,-1.94720931934857,-1.0897835,-1.1301007,0.2947425,147.53021,111.47225,-11.376795,WAL
1925042367000,137.524979,-1.93046074244471,-7.78119957244379,-1.84003980953086,-1.0543534,-1.0552697,0.3811799,147.2248,111.761246,-11.575162,WAL
1925047759000,137.530371,-2.00395713696446,-7.8530231290269,-1.72107874178014,-1.0247264,-0.990518,0.4636467,146.92331,112.06623,-11.8074665,WAL
1925052323000,137.534935,-2.03298969438725,-7.96915313135171,-1.5722868091996,-0.9841039,-0.9599747,0.54275376,146.64438,112.36205,-12.054854,WAL
1925057302000,137.539914,-2.06466215350382,-8.09584271977748,-1.40996537354699,-0.93951076,-0.94714653,0.59620446,146.36139,112.65339,-12.325992,WAL
1925062439000,137.545051,-2.06658646832498,-8.25119180330993,-1.26113677822668,-0.93279123,-0.9483683,0.6401868,146.09192,112.94454,-12.609137,WAL
1925067291000,137.549903,-2.04794388714142,-8.41431463199599,-1.13296892552457,-0.91507614,-0.95233893,0.675617,145.83144,113.21968,-12.897767,WAL
1925072381000,137.554993,-2.0283868512337,-8.58543895145436,-0.998514191342026,-0.89736104,-0.9560041,0.6948592,145.54247,113.47235,-13.193582,WAL
1925077373000,137.559985,-2.00920635550652,-8.75326853941825,-0.86664817306319,-0.88208944,-0.97127575,0.6899723,145.25142,113.71445,-13.488061,WAL
1925082305000,137.564917,-1.95942000083799,-8.96910758938548,-0.797175514469274,-0.8744536,-0.9801333,0.677755,144.95126,113.957756,-13.776402,WAL
1925087291000,137.569903,-1.88796655205507,-9.22157656444533,-0.768594125007981,-0.83291477,-0.9859365,0.68203104,144.65016,114.18317,-14.063511,WAL
1925092336000,137.574948,-1.80668969077621,-9.50135770110887,-0.787863206078629,-0.79534656,-1.0012082,0.6743952,144.32559,114.35828,-14.342183,WAL
1925097304000,137.579916,-1.72035942263105,-9.79392131804435,-0.840620611643145,-0.7480045,-1.02717,0.66339964,143.9967,114.51637,-14.617746,WAL
1925102349000,137.584961,-1.58679867657325,-10.0484599845417,-0.975149492390545,-0.6951646,-1.0393872,0.6435465,143.65753,114.65607,-14.867894,WAL
1925107349000,137.589961,-1.42443136830557,-10.2729089722749,-1.16139438119078,-0.63529986,-1.0146471,0.6261369,143.32074,114.77754,-15.110323,WAL
1925112325000,137.594937,-1.22187976265893,-10.4860473175556,-1.28892873044676,-0.56169057,-0.9789116,0.6105598,142.98761,114.87139,-15.318758,WAL
1925117345000,137.599957,-0.990064866890376,-10.6942073825034,-1.37881617268254,-0.49174652,-0.9431759,0.5983425,142.66016,114.947136,-15.517599,WAL
1925122344000,137.604956,-0.759757570038417,-10.985047877257,-1.38333727228198,-0.42241332,-0.93492925,0.5864306,142.36368,115.00022,-15.665092,WAL
1925127431000,137.610043,-0.525810104320015,-11.3453273725509,-1.32251093060891,-0.3494149,-0.93737274,0.56596667,142.07224,115.0314,-15.802567,WAL
1925132419000,137.615031,-0.306203525961545,-11.6660975544772,-1.27746911084966,-0.28496864,-0.95417154,0.5369505,141.80975,115.02321,-15.882738,WAL
1925137345000,137.619957,-0.0988773271598608,-11.9511705235305,-1.24723401561069,-0.2284636,-0.9746355,0.49754974,141.54245,114.99493,-15.954731,WAL
1925142310000,137.624922,0.11309127301607,-12.1681314636812,-1.27435759961431,-0.1572978,-0.99082345,0.4297437,141.27466,114.90961,-15.9665785,WAL
1925147323000,137.629935,0.334257645961646,-12.219565466681,-1.43894646292051,-0.11484267,-0.98440933,0.31764993,140.9989,114.804214,-15.956878,WAL
1925152307000,137.634919,0.469512268183822,-12.191746931474,-1.61875380003834,-0.07880162,-0.95356065,0.19272798,140.73512,114.63553,-15.88015,WAL
1925157291000,137.639903,0.492384982947096,-12.0590853090857,-1.82003383898792,-0.08735373,-0.88606006,0.031154128,140.46898,114.4436,-15.762961,WAL
1925162316000,137.644928,0.435845618969555,-11.9097792786885,-1.96941312833724,-0.14966199,-0.7852673,-0.13103059,140.24081,114.24855,-15.574634,WAL
1925167311000,137.649923,0.227065327858207,-11.731552318927,-2.01524291799021,-0.2660318,-0.68233645,-0.26511553,140.01929,114.04818,-15.350715,WAL
1925172294000,137.654906,-0.073934042282448,-11.5815511520647,-1.93783429788115,-0.41172317,-0.636827,-0.34116822,139.82254,113.88759,-15.096083,WAL
1925177426000,137.660038,-0.49532863652311,-11.460460835715,-1.71018435141421,-0.47952923,-0.5870415,-0.35643986,139.64859,113.729164,-14.821097,WAL
1925182313000,137.664925,-0.898744876651548,-11.3000049181621,-1.42362223775587,-0.5873469,-0.5540548,-0.3436117,139.46387,113.643845,-14.578701,WAL
1925187311000,137.669923,-1.31405837320055,-11.0781897160323,-1.04134504811674,-0.6582073,-0.54367006,-0.28069258,139.29012,113.57729,-14.351726,WAL
1925192287000,137.674899,-1.53674955894942,-11.1031111875486,-0.550793069821012,-0.65179324,-0.5537493,-0.1957823,139.05467,113.54865,-14.223353,WAL
1925197316000,137.679928,-1.47584460209144,-11.4966509840467,0.109791401291829,-0.5412266,-0.5494733,-0.12034045,138.83206,113.5233,-14.112459,WAL
1925202243000,137.684855,-1.34897013854825,-11.9023925684579,0.523793930580119,-0.37720928,-0.54275376,-0.074830994,138.53319,113.502106,-14.115694,WAL
1925207351000,137.689963,-1.08277382884851,-12.3634825111262,0.485765875701098,-0.16982053,-0.56199604,-0.06811147,138.23303,113.451996,-14.132108,WAL
1925212249000,137.694861,-0.839346622424058,-12.8041440519441,0.374464203891252,0.03390302,-0.5897904,-0.08032878,137.86064,113.292595,-14.168524,WAL
1925217347000,137.699959,-0.616886575712839,-13.258951622418,0.0630201622407858,0.20341812,-0.59773165,-0.11636983,137.48785,113.09499,-14.1998625,WAL
1925222260000,137.704872,-0.417355382241685,-13.6487142765204,-0.251794056799843,0.34697145,-0.54641896,-0.160963,137.14699,112.81788,-14.1614275,WAL
1925227406000,137.710018,-0.242767619559142,-13.9445429385948,-0.615518572938398,0.50243664,-0.4465425,-0.21838433,136.81459,112.49895,-14.10721,WAL
1925232275000,137.714887,-0.0915448579229697,-14.2200774204817,-0.967364216590366,0.64904433,-0.27305678,-0.28160888,136.55954,112.14155,-13.969942,WAL
1925237345000,137.719957,0.0292612987151672,-14.4955159684514,-1.35394389563097,0.77671516,-0.052534413,-0.33933565,136.34279,111.75426,-13.8103075,WAL
1925242290000,137.724902,0.125910272029465,-14.7457649219001,-1.6695695681273,0.9108001,0.17837265,-0.39278635,136.22511,111.34266,-13.576952,WAL
1925247348000,137.72996,0.167080863499858,-14.9516177359524,-1.82510294871093,1.0512991,0.3915646,-0.45356745,136.15968,110.90096,-13.31693,WAL
1925252288000,137.7349,0.210933742229299,-15.1119571464968,-1.95857899745223,1.2144,0.5626069,-0.5006041,136.18929,110.443924,-12.998986,WAL
1925257341000,137.739953,0.276315183157692,-15.0465753642154,-1.99126969353407,1.4013249,0.68936145,-0.54611355,136.26056,109.952866,-12.662631,WAL
1925262314000,137.744926,0.35104028128155,-14.9512423132459,-2.00921346959499,1.5806139,0.7687739,-0.591623,136.38005,109.43642,-12.299038,WAL
1925267357000,137.749969,0.540028092588535,-14.5165704449227,-1.87219730072393,1.7996091,0.77488256,-0.63499445,136.50949,108.876915,-11.932155,WAL
1925272487000,137.755099,0.714689487220339,-14.0737826915254,-1.72298113186441,2.0518963,0.745561,-0.68416905,136.65186,108.27693,-11.550111,WAL
1925277406000,137.760018,0.667722075821535,-13.641682626321,-1.45996367315055,2.3047945,0.7174612,-0.7293731,136.79167,107.63773,-11.169606,WAL
1925282507000,137.765119,0.598112736059252,-13.2076238276833,-1.20363023684313,2.4352143,0.61300325,-0.8213083,136.90062,106.95535,-10.766132,WAL
1925287321000,137.769933,0.275684585974745,-12.9702807685284,-1.16332669937834,2.6890287,0.47678033,-0.95417154,136.98613,106.19289,-10.354593,WAL
1925292638000,137.77525,-0.0871543736732038,-12.7080296534065,-1.11674789363324,2.9089403,0.3747658,-1.1407908,137.01756,105.38816,-9.935287,WAL
1925297321000,137.779933,-0.558187458481272,-12.4745974029185,-1.02921076705549,3.119078,0.3323107,-1.3301591,137.02075,104.52611,-9.493694,WAL
1925302310000,137.784922,-1.05999913050934,-12.2259120521424,-0.935953725736593,3.2592716,0.31887165,-1.4828753,136.96773,103.66176,-9.079472,WAL
1925307330000,137.789942,-1.64958795956657,-12.0307927031203,-1.07822145065717,3.304781,0.30757064,-1.5690074,136.90047,102.77462,-8.643942,WAL
1925312258000,137.79487,-2.24620762430019,-11.8508601352463,-1.26762453491522,3.2632422,0.35063666,-1.5995506,136.84413,101.88393,-8.190967,WAL
1925317317000,137.799929,-2.84882063040378,-11.9762204324497,-1.43741362269218,3.155119,0.49510628,-1.570229,136.76819,101.080376,-7.8239403,WAL
1925322267000,137.804879,-3.43634383062017,-12.1650670832145,-1.59828304776472,3.0176742,0.66950834,-1.4975362,136.71843,100.32232,-7.468759,WAL
1925327329000,137.809941,-4.03716048506369,-12.3581866278955,-1.76279234669749,2.8677068,0.8228355,-1.3933836,136.66565,99.75593,-7.2425265,WAL
1925332255000,137.814867,-4.6218350879457,-12.5461176585354,-1.92288179879998,2.7510316,0.95111716,-1.2910637,136.66032,99.24887,-7.0388412,WAL
1925337284000,137.819896,-5.25050875979681,-13.007082936865,-1.880529012627,2.6673431,0.9978484,-1.2269229,136.60434,98.9711,-6.986088,WAL
1925342208000,137.82482,-5.87625952114866,-13.544837744661,-1.7729780510678,2.6126707,0.86009824,-1.1997393,136.53423,98.735405,-6.952683,WAL
1925347250000,137.829862,-6.76352008419537,-14.1120575088946,-1.56246809885861,2.629164,0.5564982,-1.212262,136.41028,98.56066,-6.980278,WAL
1925352175000,137.834787,-7.68501082918252,-14.6698014780463,-1.33452046235476,2.6392434,0.16554448,-1.3093897,136.22075,98.39084,-6.992138,WAL
1925357264000,137.839876,-8.240344988977,-14.7941876919112,-1.49441477977795,2.6450465,-0.22204952,-1.5161675,135.92844,98.21951,-7.023945,WAL
1925362256000,137.844868,-8.72372705908009,-14.8463171764473,-1.71241049111816,2.5525005,-0.46883908,-1.7250835,135.56616,98.04753,-7.027096,WAL
1925367238000,137.84985,-8.33442598174478,-14.2777750414253,-2.30083579826224,2.3506095,-0.4981606,-1.8362609,135.13374,97.91889,-7.0807667,WAL
1925372226000,137.854838,-7.80198084044234,-13.6069787851501,-2.95067015308057,2.2296581,-0.40958515,-1.8567249,134.67091,97.77539,-7.0974126,WAL
1925377315000,137.859927,-7.00414206301397,-12.5504783649064,-3.3399182673338,2.0088303,-0.2284636,-1.8032742,134.26083,97.66469,-7.1102014,WAL
1925382307000,137.864919,-6.04259373605469,-11.2526246413356,-3.52938591041316,1.8301523,-0.038789943,-1.636508,133.88951,97.59627,-7.143702,WAL
1925387347000,137.869959,-5.06575691616099,-10.1892892972136,-3.73673956198142,1.6707164,0.17562376,-1.4379768,133.68044,97.50664,-7.1103168,WAL
1925392328000,137.87494,-4.09596259019608,-9.31795099019608,-3.95334335882353,1.6132951,0.39095375,-1.2174544,133.53305,97.47951,-7.1286716,WAL
1925397345000,137.879957,-3.25064554860143,-8.90590595052004,-3.22111726422296,1.6698002,0.47036624,-1.0519099,133.47685,97.39247,-7.079206,WAL
1925402342000,137.884954,-2.48229324491568,-8.75610166308189,-1.95985962914268,1.7831156,0.25686884,-0.9505063,133.40152,97.354126,-7.0778155,WAL
1925407343000,137.889955,-1.77786943433366,-8.70219119343534,-1.34470463197433,1.7880026,-0.010079277,-0.9068295,133.37282,97.25112,-7.0000353,WAL
1925412357000,137.894969,-1.10476265324778,-8.69745115681145,-1.06029337667325,1.7198911,-0.09590584,-0.8933904,133.33788,97.17103,-6.9464726,WAL
1925417342000,137.899954,-0.695622682767396,-8.89226547117296,-1.14513478667992,1.709201,0.09437868,-0.9263771,133.19618,97.02917,-6.848973,WAL
1925422319000,137.904931,-0.435035491940358,-9.20023218812127,-1.43888761709742,1.7259997,0.3930918,-0.98837996,133.06836,96.896164,-6.7527504,WAL
1925427312000,137.909924,-0.352273137604779,-9.54318443573562,-1.47171314414684,1.8344283,0.6973027,-1.0418307,133.01308,96.668884,-6.568565,WAL
1925432324000,137.914936,-0.380020871498218,-9.9085292477599,-1.34222366458233,1.9388863,0.97097033,-1.0864239,133.0397,96.44056,-6.374823,WAL
1925437306000,137.919918,-0.33338030349472,-10.2861066614365,-1.08487048037458,1.9547688,1.1139128,-1.1386528,133.15651,96.15859,-6.1188083,WAL
1925442325000,137.924937,-0.22324702349472,-10.6787559114365,-0.716163480374577,1.8796324,1.1618657,-1.1578951,133.32619,95.88682,-5.866307,WAL
1925447294000,137.929906,-0.0091552712413452,-10.9680799200791,-0.540855626745796,1.7623463,1.2061534,-1.1582005,133.53485,95.59596,-5.58996,WAL
1925452346000,137.934958,0.301906237898121,-11.17385872364,-0.531284510306627,1.6520851,1.2571607,-1.135293,133.75932,95.32343,-5.3231244,WAL
1925457315000,137.939927,0.596098292151924,-11.1891743655296,-0.687311596588655,1.5922203,1.3359623,-1.0916162,134.00377,84.96678,-5.029259,WAL
1925462336000,137.944948,0.882205851232646,-11.0270469526973,-1.00202990809203,1.5766432,1.4498887,-1.0268645,134.27225,85.223854,-4.757002,WAL
1925467342000,137.949954,1.00782911283315,-10.7629213798652,-1.47727564188877,1.5986344,1.5409076,-0.9633345,134.568,85.50438,-4.445314,WAL
1925472349000,137.954961,0.974070965070904,-10.3964037427336,-2.11385831004727,1.6120734,1.7140878,-0.93828905,134.91849,85.754326,-4.1503677,WAL
1925477348000,137.95996,0.82633513212343,-9.93143768054594,-2.69292018070418,1.6362026,1.8716911,-0.8567385,135.30527,85.99182,-3.8588214,WAL
1925482360000,137.964972,0.569986227840965,-9.37126798852735,-3.2198595344773,1.6792686,1.9963076,-0.7877107,135.72981,86.20137,-3.579289,WAL
1925487342000,137.969954,0.318012324982443,-8.8277539818734,-3.51937238050679,1.717753,2.0793853,-0.7275405,136.22076,86.40205,-3.312266,WAL
1925492323000,137.974935,0.0690217169194267,-8.2980832249217,-3.58727895810952,1.7663169,2.1001546,-0.6780604,136.72423,86.56606,-3.0668342,WAL
1925497334000,137.979946,-0.273207138275923,-7.72123554038156,-3.62154877685921,1.7931949,2.1035144,-0.6206391,137.27505,86.7013,-2.8568425,WAL
1925502388000,137.985,-0.769103386338103,-7.06716558187599,-3.60017395474298,1.8319849,2.0867157,-0.58123827,137.81886,86.81047,-2.6577175,WAL
1925507323000,137.989935,-1.21200288971323,-6.47105947633065,-3.58053364132088,1.8417587,2.0347922,-0.5561928,138.40125,86.85387,-2.4824045,WAL
1925512320000,137.994932,-1.34195968307625,-6.1955510266348,-3.57013710219422,1.8347337,2.006387,-0.5305365,138.9774,86.87061,-2.320409,WAL
1925517319000,137.999931,-1.46613685878238,-5.95312526233693,-3.50704247444697,1.8252654,1.9883664,-0.52015173,139.58269,86.78229,-2.2238157,WAL
1925522290000,138.004902,-1.57414891601437,-5.80010840839478,-3.3045199023823,1.7968601,1.990199,-0.49266282,140.1796,86.680855,-2.1420605,WAL
1925527356000,138.009968,-1.67152790329835,-5.62742425326087,-3.04309863127811,1.7867808,1.996613,-0.47739118,140.78044,86.546555,-2.0745595,WAL
1925532313000,138.014925,-1.70266596394303,-5.37387100923913,-2.50930288790292,1.7693712,1.9688187,-0.48716503,141.36751,86.41537,-2.0099578,WAL
1925537621000,138.020233,-1.74109268791658,-5.0971012700817,-1.94437283820684,1.6884315,1.9211712,-0.5036584,141.94498,86.25492,-1.9666129,WAL
1925542312000,138.024924,-1.82802525904107,-4.79766705454741,-1.51453976598581,1.5176947,1.890017,-0.5018258,142.51505,86.11962,-1.9281404,WAL
1925547322000,138.029934,-1.91563220446993,-4.49043905839083,-1.0709775304674,1.3494014,1.8936822,-0.49938235,143.04343,85.92966,-1.8928615,WAL
1925552343000,138.034955,-1.97637522909338,-4.24746681352638,-0.706519119259547,1.1688906,1.9275852,-0.49754974,143.56723,85.78725,-1.8601205,WAL
1925557286000,138.039898,-2.03794759767872,-4.01890159829499,-0.341875073237469,1.0057896,1.949271,-0.47708577,144.05392,85.6224,-1.8496205,WAL
1925562305000,138.044917,-2.11693859511093,-3.88560436101068,0.082701272473295,0.8472701,1.9449949,-0.45478916,144.53804,85.506226,-1.8416181,WAL
1925567310000,138.049922,-2.19281366610431,-3.75608946461005,0.495627672929721,0.6743952,1.9376645,-0.43371433,145.01825,85.35911,-1.8498647,WAL
1925572325000,138.054937,-2.25300444741155,-3.64496783624795,0.852142877113661,0.589485,1.9095647,-0.4269948,145.48592,85.23275,-1.8610127,WAL
1925577352000,138.059964,-2.30925799471831,-3.53551642030516,1.20248505293427,0.4129449,1.8374827,-0.41080686,145.90784,85.1063,-1.8907207,WAL
1925582312000,138.064924,-2.32319620598592,-3.44724205254304,1.47660049111894,0.24281894,1.7540996,-0.40683624,146.31248,85.00424,-1.9186187,WAL
1925587493000,138.070105,-2.33580845345262,-3.35648576385542,1.75354755700414,0.070249505,1.6484199,-0.4089743,146.66241,84.87871,-1.9522513,WAL
1925592295000,138.074907,-2.32340377611041,-3.29032808915663,1.89413251859378,-0.09621128,1.5140295,-0.3915646,146.97346,84.796036,-1.9902937,WAL
1925597251000,138.079863,-2.31060128112749,-3.22204873975904,2.03922603580291,-0.26175576,1.3429873,-0.38087448,147.22124,84.70619,-2.0210192,WAL
1925602311000,138.084923,-2.22985086062161,-3.13788668622008,2.07249817400925,-0.41141775,1.178359,-0.3735441,147.42642,84.65553,-2.0530453,WAL
1925607306000,138.089918,-2.13362054272782,-3.05127925441561,2.07730969241601,-0.55863625,1.0057896,-0.36132678,147.57544,84.646,-2.0855038,WAL
1925612314000,138.094926,-2.06581380367589,-3.00077503581028,2.01581559699605,-0.68752885,0.8472701,-0.3417791,147.67474,84.63096,-2.116647,WAL
1925617245000,138.099857,-2.00515149175889,-2.95877811810277,1.94115440996047,-0.816116,0.68111473,-0.32345316,147.71922,84.651505,-2.1475158,WAL
1925622333000,138.104945,-1.94039751230607,-2.9828139459299,1.7665191377897,-0.9300423,0.5381723,-0.31245756,147.73006,84.68955,-2.1613452,WAL
1925627292000,138.109904,-1.87672394280789,-3.02374692436315,1.57095027308945,-1.0332786,0.4111123,-0.2883284,147.69626,84.75129,-2.1822624,WAL
1925632346000,138.114958,-1.81130400867881,-3.08577254440139,1.34006274277412,-1.1258247,0.301462,-0.26297748,147.64835,84.83376,-2.197366,WAL
1925637288000,138.1199,-1.7471234456606,-3.1545374777993,1.10167782861294,-1.2040154,0.21960606,-0.23518312,147.57176,84.93069,-2.2197838,WAL
1925642359000,138.124971,-1.71120377486427,-3.27416062146592,0.907859320450432,-1.2672399,0.160963,-0.21074851,147.49857,85.06423,-2.236367,WAL
1925647326000,138.129938,-1.69207328397346,-3.41763935308667,0.745250047999196,-1.3365731,0.1160644,-0.18173242,147.40614,85.207504,-2.262446,WAL
1925652339000,138.134951,-1.72611027311669,-3.57921341183653,0.714509940315116,-1.3814718,0.06658431,-0.15149458,147.33813,85.385025,-2.2944689,WAL
1925657328000,138.13994,-1.78727452880355,-3.74859141112752,0.752149452043328,-1.4242324,0.034513887,-0.10903945,147.26186,85.56235,-2.3386428,WAL
1925662343000,138.144955,-1.85893580935543,-4.02253367969287,0.891500244190746,-1.4575244,0.017715093,-0.087659165,147.20287,85.75632,-2.3874798,WAL
1925667350000,138.149962,-1.93644814541321,-4.35680556254799,1.0901256274702,-1.4975362,0.0106901415,-0.070249505,147.13684,85.940445,-2.4472392,WAL
1925672315000,138.154927,-2.02227943337377,-4.72728834371859,1.37882950181944,-1.5234979,0.0021380284,-0.014049901,147.06844,86.08112,-2.5367434,WAL
1925677493000,138.160105,-2.11679960183677,-5.13544354321608,1.73113188265465,-1.5735888,-0.00580322,0.050701816,146.9976,86.21059,-2.6336582,WAL
1925682394000,138.165006,-2.15710090896278,-5.59932742391067,2.19155555480893,-1.6053538,0.0018325958,0.12217305,146.92319,86.25503,-2.7546158,WAL
1925687338000,138.16995,-2.11010557588089,-6.20556629811414,2.88238604818859,-1.6398678,0.004581489,0.2452624,146.84254,86.26635,-2.9078884,WAL
1925692360000,138.174972,-1.92737930272488,-7.02485561169059,3.69542971693525,-1.6258179,0.004276057,0.35216382,146.75124,86.16244,-3.0948827,WAL
1925697321000,138.179933,-1.47728437722434,-8.24057615819904,4.72090368998926,-1.5421293,-0.03481932,0.4071417,146.6449,86.02886,-3.2993088,WAL
1925702256000,138.184868,-0.975293401625688,-9.59504785208497,5.80999179144375,-1.3976597,-0.11911872,0.47891834,146.49013,85.778336,-3.5433896,WAL
1925707318000,138.18993,-0.307817857599331,-11.392464086546,7.12110425474036,-1.1368202,-0.20769419,0.5320636,146.31796,85.492355,-3.79403,WAL
1925712295000,138.194907,0.418880127556735,-13.1073690999268,8.34496504520498,-0.7635816,-0.34269542,0.49205196,146.08244,85.15784,-3.9832578,WAL
1925717327000,138.199939,1.38022046008236,-14.6728543224744,9.37245312207174,-0.35308012,-0.50701815,0.36987892,145.81235,84.786156,-4.15853,WAL
1925722344000,138.204956,2.38057144576645,-16.2163984695024,10.2541943625602,0.058948494,-0.54611355,0.21563543,145.52173,84.35768,-4.2156296,WAL
1925727362000,138.209974,4.01491380864767,-17.4988035433387,8.9766109584671,0.46761733,-0.32436943,0.044593163,145.26736,83.867966,-4.2339754,WAL
1925732368000,138.21498,5.49818005835584,-18.6363346030977,7.77570028029388,0.8378017,0.1459968,-0.16035213,145.11186,83.36589,-4.039343,WAL
1925737329000,138.219941,5.12458645645751,-17.9872628182685,7.50776951609214,1.0913107,0.7641924,-0.34300083,145.07617,82.78695,-3.825344,WAL
1925742407000,138.225019,4.74218203992057,-17.3228833537728,7.23351988484511,1.2049317,1.1716396,-0.40530908,145.33565,82.51668,-3.302433,WAL
1925747316000,138.229928,3.97094313249674,-15.7555500581269,6.80934695005432,1.14018,1.321607,-0.42363504,145.69986,82.18651,-2.7894702,WAL
1925752203000,138.234815,2.88276449543677,-13.4571537109952,6.26017234272056,0.95356065,1.3326025,-0.410196,146.13759,81.8202,-2.3109212,WAL
1925757232000,138.239844,1.82290229863214,-11.2796637298012,5.62803127458508,0.68691796,1.2696834,-0.38240165,146.5648,81.4683,-1.9267151,WAL
1925762212000,138.244824,0.800858070289987,-9.20948009128215,4.97131355198796,0.4156938,1.235475,-0.36468655,146.99962,81.15782,-1.5644972,WAL
1925767221000,138.249833,-0.179854760932297,-7.37633040344062,4.36062503529412,0.2883284,1.1795808,-0.33353242,147.33583,80.836075,-1.3707873,WAL
1925772230000,138.254842,-1.1115738845542,-5.80128171760081,3.80159362598039,0.049785517,1.1267409,-0.30543262,147.66074,80.62421,-1.1848524,WAL
1925777275000,138.259887,-2.01253674023333,-4.47445068709194,3.28020647494381,-0.18509217,1.0500773,-0.24037547,147.88518,80.44358,-1.1825178,WAL
1925782261000,138.264873,-2.83026048571123,-3.66694832166328,2.8457907518356,-0.41996986,0.95081174,-0.10323623,148.08041,80.33083,-1.2050016,WAL
1925787225000,138.269837,-3.51327149538401,-3.25867823943233,2.53194146064624,-0.6435465,0.8414669,0.07788532,148.15112,80.33209,-1.4230669,WAL
1925792246000,138.274858,-4.05164380691416,-3.30590399412689,2.35248400703202,-0.83077675,0.7602218,0.28985557,148.18706,80.374176,-1.6821432,WAL
1925797206000,138.279818,-4.40526674697987,-3.50607544899329,2.2485571114094,-1.02717,0.64721173,0.4990769,148.14868,80.41034,-2.0864367,WAL
1925802210000,138.284822,-4.5187819338334,-3.91756792108172,2.243827314015,-1.2415836,0.42088616,0.65301496,148.04314,80.46879,-2.5247486,WAL
1925807228000,138.28984,-4.62928956369351,-4.49999537698294,2.18179209182879,-1.4294246,0.051923547,0.72784597,147.83643,80.49809,-3.0650918,WAL
1925812224000,138.294836,-4.73430874357977,-5.33537427898833,2.03381070142672,-1.6019942,-0.3915646,0.7370089,147.53831,80.52919,-3.6177926,WAL
1925817199000,138.299811,-4.95486513991778,-6.45662189663273,1.87659480142913,-1.7327193,-0.8735373,0.7107417,147.11562,80.55193,-4.177945,WAL
1925822253000,138.304865,-5.36231425653876,-8.05325450587314,1.70129684111198,-1.7837266,-1.3793337,0.65484756,146.56058,80.54977,-4.7135115,WAL
1925827283000,138.309895,-5.82404907316762,-9.84903732240736,1.44739267006282,-1.749518,-1.8530598,0.61300325,145.89082,80.55763,-5.2325006,WAL
1925832213000,138.314825,-6.37429488833652,-11.9683430111991,1.06050119068561,-1.642922,-2.2162192,0.6038403,145.1124,80.51236,-5.7301874,WAL
1925837213000,138.319825,-6.89947946972195,-14.0308904054292,0.618105554430157,-1.534188,-2.404671,0.6044512,144.26216,80.44475,-6.2362013,WAL
1925842262000,138.324874,-7.2448978792175,-15.6251297733817,-0.109930691801297,-1.4223998,-2.3741279,0.64965516,143.37889,80.30229,-6.7422023,WAL
1925847210000,138.329822,-7.32166659426703,-16.8928838944786,-0.660598875748365,-1.2654073,-2.032654,0.7156286,142.57529,80.14733,-7.281093,WAL
1925852249000,138.334861,-6.87139927510581,-17.5891737481724,-0.892695506571758,-1.0454959,-1.4165965,0.7675522,141.87407,79.91851,-7.82186,WAL
1925857251000,138.339863,-6.14057162234461,-18.192277852085,-0.757208231785995,-0.732122,-1.0363328,0.7761043,141.27165,79.70259,-8.335377,WAL
1925862257000,138.344869,-4.60350167407553,-18.5458989744296,0.416811511526357,-0.3378085,-0.40958515,0.745561,140.9305,79.41449,-8.856258,WAL
1925867257000,138.349869,-3.0592526278927,-18.5934980657725,1.49219690831595,-0.16493362,-0.15882497,0.6585127,140.65703,79.231125,-9.243394,WAL
1925872232000,138.354844,-1.49240045956185,-17.6136237463487,2.23538657895678,0.03726278,-0.17531833,0.53023106,140.49449,78.998566,-9.602413,WAL
1925877298000,138.35991,-0.0944582349352976,-16.4512787515429,2.73563210786383,0.115453534,-0.2782491,0.38912117,140.40121,78.907005,-9.723689,WAL
1925882251000,138.364863,0.590184300642047,-14.7467545345411,2.33901158572566,0.11178834,-0.44043383,0.24862215,140.28929,78.832695,-9.802965,WAL
1925887255000,138.369867,1.15590907231037,-12.9901491070348,1.84716951016876,0.037873644,-0.64965516,0.13836098,140.1611,78.88585,-9.688293,WAL
1925892290000,138.374902,1.23551527161332,-11.0884462779969,0.998037116290929,-0.0983493,-0.84849185,0.015577064,139.99495,78.98037,-9.53339,WAL
1925897485000,138.380097,1.28665648110195,-9.15005234908506,0.0921495667303439,-0.32925636,-1.2189816,-0.1151481,139.76196,79.18265,-9.295359,WAL
1925902304000,138.384916,0.943287585119646,-7.65129392841343,-1.12356180741705,-0.63591075,-1.6056592,-0.12675454,139.4713,79.41014,-9.057917,WAL
1925907448000,138.39006,0.560601264053295,-6.0845789914801,-2.38673758360373,-0.95539325,-1.7776178,-0.09621128,139.17723,79.71326,-8.8217535,WAL
1925912319000,138.394931,0.00249206181093092,-5.00218522070153,-3.16470789388199,-1.2403619,-1.7559321,-0.028099801,138.83955,80.03978,-8.596377,WAL
1925917240000,138.399852,-0.56134603801142,-3.90868085896855,-3.95066393922777,-1.4590516,-1.6560557,0.07880162,138.49542,80.39726,-8.444095,WAL
1925922325000,138.404937,-1.11561644355568,-3.03163222475695,-4.24867657494465,-1.6511687,-1.6209309,0.20280726,138.14317,80.747795,-8.319877,WAL
1925927324000,138.409936,-1.65477435226682,-2.22059126970835,-4.43761230993358,-1.8576412,-1.6349808,0.31031954,137.81024,81.0749,-8.227077,WAL
1925932313000,138.414925,-1.97734341049551,-1.55261594444011,-4.51759227019118,-2.0094411,-1.6621643,0.40744713,137.45851,81.30082,-8.256488,WAL
1925937245000,138.419857,-2.23073823632462,-0.935253806593835,-4.56366403921186,-2.0796907,-1.7125608,0.50854534,137.09625,81.443695,-8.322882,WAL
1925942316000,138.424928,-2.20358664759527,-0.910588043876095,-4.47328992028734,-2.1105394,-1.7644843,0.61361414,136.68982,81.396736,-8.52079,WAL
1925947251000,138.429863,-2.05911489973507,-1.13692723788465,-4.32881827299776,-2.067168,-1.8176296,0.72051555,136.2712,81.23532,-8.755839,WAL
1925952309000,138.434921,-1.92599639917028,-1.55226263545163,-4.17202229598341,-1.9850066,-1.8777997,0.8362745,135.81665,99.09648,-9.087775,WAL
1925957305000,138.439917,-1.79968295417688,-2.02593803062417,-4.01413041908354,-1.8887954,-1.9233092,0.9764681,135.35684,99.53908,-9.46666,WAL
1925962321000,138.444933,-1.6628908694049,-2.73137832846461,-4.08198858330431,-1.813659,-1.9501873,1.0464121,134.894,100.02539,-9.84109,WAL
1925967307000,138.449919,-1.52105446498003,-3.56772403408788,-4.28251592250333,-1.7837266,-1.9776763,1.2211196,134.42712,100.62586,-10.293345,WAL
1925972319000,138.454931,-1.48105165003837,-4.73958868291443,-4.58436149893515,-1.6997325,-1.967597,1.4147639,133.97691,101.23766,-10.742585,WAL
1925977322000,138.459934,-1.49024442256332,-6.06794512868381,-4.933686998868,-1.5796975,-1.8866574,1.6297885,133.55127,101.92194,-11.251343,WAL
1925982312000,138.464924,-1.50503893145201,-7.80493187447515,-5.05635747768773,-1.3982705,-1.724778,1.8310685,133.19994,102.61115,-11.752554,WAL
1925987309000,138.469921,-1.5237305707841,-9.82830334479055,-5.02364720644468,-1.1939361,-1.5308284,2.0039434,132.89629,103.34438,-12.303276,WAL
1925992304000,138.474916,-1.45707571603979,-11.9850287009636,-4.99255281763548,-1.0369438,-1.3292428,2.130698,132.70065,104.06037,-12.824129,WAL
1925997345000,138.479957,-1.31701285514454,-14.2760574292819,-4.96253925417055,-0.9691377,-1.0775663,2.1972823,132.58955,104.78941,-13.362742,WAL
1926002308000,138.48492,-0.99287332244489,-15.7813406135127,-4.87010921757801,-0.99204516,-0.816116,2.196366,132.57953,105.40795,-13.81499,WAL
1926007294000,138.489906,-0.550870650781563,-16.8248315720011,-4.73796427798454,-1.0647382,-0.5271767,2.1013765,132.65451,106.00496,-14.239194,WAL
1926012317000,138.494929,0.0359428927514546,-17.0943311627182,-4.43637035266002,-1.1899655,-0.18448131,1.9404135,132.84915,106.426346,-14.489917,WAL
1926017311000,138.499923,0.751552497755611,-16.6321666633416,-3.97917515311721,-1.3793337,0.1591304,1.7605137,133.1202,106.83301,-14.69561,WAL
1926022307000,138.504919,1.4370531356186,-15.5566282466509,-3.56096837434988,-1.6016886,0.40042216,1.5283848,133.47281,107.05952,-14.70068,WAL
1926027332000,138.509944,2.10543446392829,-14.0492153624902,-3.16752409021868,-1.7647897,0.52778757,1.3029755,133.87572,107.27519,-14.659977,WAL
1926032310000,138.514922,2.47233228725053,-12.8145786118,-2.5521967335497,-1.883603,0.57848936,1.0870347,134.31609,107.3725,-14.474116,WAL
1926037309000,138.519921,2.611475253323,-11.7756443166053,-1.75908184630885,-1.9428569,0.47158796,0.81306165,134.72739,107.4412,-14.2270155,WAL
1926042322000,138.524934,2.64007445369955,-10.7750672174888,-1.01139456705269,-1.9740111,0.095294975,0.47647488,135.05827,107.45582,-13.890182,WAL
1926047311000,138.529923,2.55729432374643,-9.82066216184264,-0.315068362657766,-2.0094411,-0.55863625,0.16340645,135.26364,107.449,-13.517074,WAL
1926052306000,138.534918,2.29033114247155,-9.14972887444747,-0.117829038051538,-1.9847012,-1.2800682,-0.08368854,135.23656,107.46728,-13.182351,WAL
1926057295000,138.539907,1.86345488578012,-8.72734595523371,-0.355981065388413,-1.8918496,-1.602605,-0.29749137,135.12547,107.43713,-12.792981,WAL
1926062293000,138.544905,1.32410904036395,-8.46958178690187,-0.751362815080089,-1.7159204,-2.0720549,-0.38362336,134.69493,107.40527,-12.507154,WAL
1926067309000,138.549921,0.617965189877332,-8.45497212753447,-1.37958734658861,-1.6032158,-2.2721133,-0.539394,134.23985,107.32053,-12.15247,WAL
1926072308000,138.55492,-0.0682711902445652,-8.48823303740942,-1.71642918422101,-1.382388,-2.2525656,-0.6844745,133.71461,107.25261,-11.876573,WAL
1926077347000,138.559959,-0.737057608410326,-8.5843982901721,-1.67708878923007,-1.2034045,-2.1181753,-0.77854776,133.16722,107.156876,-11.583696,WAL
1926082246000,138.564858,-1.37797693774618,-8.68662684302264,-1.64180452327541,-1.0592403,-2.0030272,-0.8341365,132.65698,107.111946,-11.369876,WAL
1926087303000,138.569915,-2.00534702625592,-8.82434208151659,-1.61630169146919,-0.990518,-1.9327776,-0.82863873,132.18028,107.045944,-11.15063,WAL
1926092304000,138.574916,-2.54254638637686,-8.92597490923972,-1.62068639293379,-0.9773844,-1.8270979,-0.7828238,131.71498,107.02282,-11.054955,WAL
1926097314000,138.579926,-2.90907089692615,-8.95651877791924,-1.68613719513459,-0.9663888,-1.6841555,-0.70341134,131.29121,106.99516,-10.969785,WAL
1926102301000,138.584913,-3.25355296181037,-8.97412373527976,-1.7441683019627,-0.9761627,-1.462106,-0.5864306,130.88368,107.046074,-11.004808,WAL
1926107297000,138.589909,-3.45911999452202,-8.90404411493018,-1.75351225134264,-0.98471475,-1.1838568,-0.43310347,130.5459,107.11353,-11.060711,WAL
1926112289000,138.594901,-3.65454018538077,-8.82715981536039,-1.74718073146192,-1.0439687,-0.8857546,-0.2666427,130.23369,107.27536,-11.19527,WAL
1926117309000,138.599921,-3.7302567979433,-8.66681885742079,-1.55120847020567,-1.108415,-0.6068946,-0.08552113,130.00955,107.46613,-11.357614,WAL
1926122318000,138.60493,-3.80580749760978,-8.50682924420975,-1.35566563023902,-1.1988231,-0.3359759,0.093767814,129.85379,107.72204,-11.570514,WAL
1926127323000,138.609935,-3.63471682825607,-8.31777553106276,-1.05685847231157,-1.2550226,-0.070249505,0.23182335,129.7868,108.00345,-11.799315,WAL
1926132595000,138.615207,-3.41339965205479,-8.12602203656253,-0.722316955442988,-1.2819008,0.11911872,0.35002577,129.78667,108.31966,-12.053181,WAL
1926137312000,138.619924,-2.99046567808219,-8.06814662678624,-0.299383023308367,-1.2623531,0.16493362,0.45631635,129.79546,108.674736,-12.366717,WAL
1926142672000,138.625284,-2.50663617037313,-8.00899727761194,0.16800149269403,-1.1866057,0.07574729,0.5170974,129.82945,108.9932,-12.684401,WAL
1926147314000,138.629926,-2.04217536098881,-8.05046696567164,0.387791008289179,-1.0839803,-0.11148291,0.56077427,129.8515,109.3089,-13.020078,WAL
1926152295000,138.634907,-1.54379550499067,-8.0949651380597,0.623631503157649,-0.9379836,-0.35735616,0.57910025,129.79279,109.5601,-13.322595,WAL
1926157302000,138.639914,-1.11904849291119,-8.17443927299881,0.499775083253684,-0.7834347,-0.46975538,0.58246,129.71834,109.787346,-13.629547,WAL
1926162297000,138.644909,-0.709459785921944,-8.26016737783752,0.309268697500996,-0.70402217,-0.6774496,0.57879484,129.54495,109.99696,-13.95649,WAL
1926167308000,138.64992,-0.378215628099213,-8.33423191861739,-0.189262847793605,-0.57360244,-0.816116,0.5699373,129.34479,110.10627,-14.196262,WAL
1926172330000,138.654942,-0.0620236281743202,-8.40609419234984,-0.749785081163462,-0.48808134,-0.8741482,0.54825157,129.10576,110.202896,-14.436013,WAL
1926177330000,138.659942,0.130376041221343,-8.4060177998998,-1.33859191663327,-0.44959682,-0.86529064,0.5213735,128.88184,110.25871,-14.593546,WAL
1926182246000,138.664858,0.295484800966032,-8.39186533537074,-1.92354862845691,-0.46486846,-0.7996226,0.49357912,128.65553,110.30156,-14.741695,WAL
1926187307000,138.669919,0.259926881533675,-8.37833573426061,-2.29302118814056,-0.5335908,-0.75136423,0.45906523,128.5011,110.35627,-14.804118,WAL
1926192298000,138.67491,0.181196902834004,-8.36521426372621,-2.60794104813324,-0.66859204,-0.7171558,0.42180246,128.36,110.418365,-14.853141,WAL
1926197310000,138.679922,-0.00785998630764437,-8.3927707557125,-2.73270013592646,-0.8231409,-0.6805039,0.38759398,128.30275,110.535385,-14.845643,WAL
1926202306000,138.684918,-0.256331775734317,-8.44246507727462,-2.75257791644163,-0.9636399,-0.66523224,0.3631594,128.24873,110.66889,-14.829943,WAL
1926207313000,138.689925,-0.525320415518826,-8.47663044293399,-2.6396488912176,-1.1078042,-0.65179324,0.35979962,128.2355,110.878204,-14.818235,WAL
1926212288000,138.6949,-0.8002380008,-8.50458824,-2.476562212,-1.2186762,-0.62858033,0.37293324,128.2311,111.10525,-14.802998,WAL
1926217310000,138.699922,-1.25161225124675,-8.55288684489796,-2.05293866593692,-1.3219124,-0.6444628,0.39645153,128.20103,111.39018,-14.835789,WAL
1926222285000,138.704897,-1.78197897494805,-8.61034301836735,-1.50931275499072,-1.4178182,-0.65087694,0.42088616,128.18387,111.69458,-14.869384,WAL
1926227321000,138.709933,-2.18376179722309,-8.65136199478025,-1.14817807305773,-1.4819591,-0.66339964,0.46303585,128.11462,112.032234,-14.968205,WAL
1926232326000,138.714938,-2.45897367956989,-8.67638124731183,-0.963035478924731,-1.5164729,-0.6973027,0.5045747,128.04199,112.380875,-15.0738,WAL
1926237311000,138.719923,-2.69169773748802,-8.70006551025887,-0.84059757661745,-1.5210545,-0.72234815,0.54733527,127.854126,112.73477,-15.311157,WAL
1926242310000,138.724922,-2.89825109736337,-8.7230158569511,-0.757976251838926,-1.5015068,-0.7626653,0.59131753,127.657616,113.088646,-15.55933,WAL
1926247312000,138.729924,-3.08335061755119,-8.79645522492687,-0.697458046437526,-1.4575244,-0.8350528,0.65026605,127.405914,113.45641,-15.883428,WAL
1926252308000,138.73492,-3.2483015014626,-8.91641924791057,-0.657469951786461,-1.4156802,-0.88086766,0.6933321,127.153946,113.81471,-16.209265,WAL
1926257298000,138.73991,-3.35915062804541,-9.09776873247779,-0.587525241805528,-1.3548992,-0.8970556,0.745561,126.86594,114.17825,-16.59333,WAL
1926262346000,138.744958,-3.43550783215202,-9.32206836525173,-0.496850967870681,-1.3179418,-0.92057395,0.7696902,126.56491,114.52955,-16.976625,WAL
1926267314000,138.749926,-3.49157777441999,-9.66173874419988,-0.368849491018243,-1.239751,-0.9211848,0.8127562,126.25519,114.867386,-17.394306,WAL
1926272301000,138.754913,-3.53419481927424,-10.0879091927424,-0.212586879496332,-1.1704178,-0.8961393,0.84940815,125.94812,115.19263,-17.805504,WAL
1926277309000,138.759921,-3.49362035403667,-10.5314833208217,-0.0455544164826726,-1.0888673,-0.88514376,0.8772025,125.602165,115.506775,-18.23298,WAL
1926282274000,138.764886,-3.3886359843045,-10.9833731509072,0.127898218369012,-1.0183123,-0.9053023,0.88514376,125.256226,115.80372,-18.653866,WAL
1926287283000,138.769895,-3.14862681825848,-11.3344782634627,0.158132127869844,-0.90316427,-0.9673051,0.8897252,124.86772,116.052185,-19.076971,WAL
1926292330000,138.774942,-2.75574596982321,-11.570206803292,0.0255349065206259,-0.7984009,-1.02717,0.89766645,124.4751,116.28555,-19.492933,WAL
1926297305000,138.779917,-2.24344378628673,-11.6957614631444,-0.231226771522113,-0.65026605,-1.0503827,0.8857546,124.04677,116.44133,-19.873283,WAL
1926302315000,138.784927,-1.60732100801425,-11.7194973729099,-0.611001591976254,-0.4700608,-1.0445796,0.89552844,123.61228,116.576355,-20.253181,WAL
1926307304000,138.789916,-0.934712361657765,-11.7292797198813,-1.01913989931553,-0.24617869,-0.99387777,0.895223,123.22812,116.6324,-20.537329,WAL
1926312307000,138.794919,-0.219101392997033,-11.7245409732938,-1.45988046599407,-0.004886922,-0.9086621,0.8765916,122.85488,116.65225,-20.807472,WAL
1926317285000,138.799897,0.329461848318002,-11.6506831267002,-1.74575826437856,0.20769419,-0.7846564,0.8194757,122.604805,116.611786,-20.942266,WAL
1926322337000,138.804949,0.694256805104201,-11.4945507749193,-1.85665593424013,0.37323865,-0.61117065,0.75747293,122.39141,116.53434,-21.055752,WAL
1926347265000,138.829877,2.49425852378321,-10.7241494951896,-2.40385647151431,-0.11728613,0.15882497,0.07727446,122.843185,115.54519,-20.05607,WAL
1926352344000,138.834956,2.26034524918081,-11.1165756272932,-2.00364963791818,-0.3408628,0.07086037,-0.10170906,123.089,115.32049,-19.629911,WAL
1926357269000,138.839881,1.91329997595409,-11.6070665867752,-1.51315887170607,-0.50885075,0.00061086525,-0.17898351,123.33266,115.12299,-19.186502,WAL
1926362313000,138.844925,1.33970277213659,-11.9768537959024,-1.16944110462634,-0.5626069,-0.13622294,-0.2959642,123.471115,114.88534,-18.713573,WAL
1926367244000,138.849856,0.722345372614634,-12.303960941561,-0.874583887218537,-0.59742624,-0.25809056,-0.3735441,123.58659,114.679054,-18.244335,WAL
1926372330000,138.854942,0.161544383684361,-12.4232158566187,-0.839403969851329,-0.5448918,-0.32070425,-0.40011674,123.559784,114.42532,-17.83359,WAL
1926377350000,138.859962,-0.365348845706662,-12.4644510924902,-0.898965808181645,-0.40958515,-0.28985557,-0.38728857,123.520676,114.163536,-17.424284,WAL
1926382311000,138.864923,-0.65422991699783,-12.6337862167186,-1.04529596276064,-0.25320363,-0.2049453,-0.37293324,123.37854,113.89883,-17.117998,WAL
1926387281000,138.869893,-0.820385124489103,-12.8717921969997,-1.23839528038494,-0.05589417,-0.08155051,-0.3494149,123.25953,113.610985,-16.819435,WAL
1926392337000,138.874949,-0.870936658653886,-13.2763198787247,-1.34448670689727,0.14782938,0.07422013,-0.3417791,123.138725,113.35683,-16.604818,WAL
1926397313000,138.879925,-0.816321512515107,-13.8175062792248,-1.36931170027089,0.36041048,0.23732115,-0.33964106,123.05853,113.07154,-16.389687,WAL
1926402310000,138.884922,-0.724058914662714,-14.409596023717,-1.23176272075233,0.58062744,0.36896262,-0.37904188,123.02171,112.770546,-16.174757,WAL
1926407301000,138.889913,-0.607909413450622,-15.0321572962675,-0.990171784234059,0.79290307,0.45356745,-0.43799037,123.01824,112.43281,-15.951113,WAL
1926412312000,138.894924,-0.427217427938411,-15.6079870717164,-0.73645810553064,0.98563105,0.4538729,-0.5161811,123.02347,112.02286,-15.687379,WAL
1926417309000,138.899921,-0.194790098162654,-16.1420753340911,-0.474359212508009,1.1539245,0.43279803,-0.6123924,123.04301,111.57105,-15.404733,WAL
1926422333000,138.904945,0.0446433900673401,-16.4799518061992,-0.376436404424639,1.2986995,0.3885103,-0.7119634,123.01546,111.02278,-15.083349,WAL
1926427340000,138.909952,0.286820516228956,-16.6936378528421,-0.381184972220242,1.416902,0.3454443,-0.83016586,122.9782,110.43884,-14.740566,WAL
1926432311000,138.914923,0.496865126822625,-16.5916202107811,-0.429131281632343,1.5485435,0.2828306,-0.9645562,122.895226,109.75235,-14.340276,WAL
1926437307000,138.919919,0.687576016673626,-16.278308851191,-0.506323791553573,1.7101172,0.24465153,-1.0855075,122.80641,109.03554,-13.923074,WAL
1926442294000,138.924906,0.698561897076811,-15.7635920622992,-0.478416456908884,1.8903224,0.22143865,-1.210124,122.71558,108.25205,-13.442546,WAL
1926447308000,138.92992,0.519371261544522,-15.0318973323313,-0.339045967803462,2.0873265,0.18325958,-1.3420709,122.60842,107.42983,-12.942617,WAL
1926452307000,138.934919,0.133715368991887,-14.2310399658678,-0.17296036551618,2.3313673,0.17287487,-1.4352279,122.53372,106.568344,-12.410184,WAL
1926457291000,138.939903,-0.413788953007554,-13.3763990027045,0.0139923376228667,2.620612,0.18478674,-1.4651603,122.45683,105.670166,-11.873243,WAL
1926462316000,138.944928,-1.05315583985171,-12.6251956589435,0.212660145245598,2.7766879,0.21563543,-1.466382,122.36743,104.789635,-11.371618,WAL
1926467308000,138.94992,-1.81130050812481,-12.0344340203892,0.424349891751622,3.0964758,0.2565634,-1.4526376,122.29114,103.85093,-10.876021,WAL
1926472326000,138.954938,-2.7952612545404,-11.8698790000928,0.660932045450329,3.3652565,0.29046643,-1.4450017,122.19447,102.993355,-10.488414,WAL
1926477323000,138.959935,-4.02038539925795,-12.1805986802708,0.922824532714962,3.5521815,0.32620203,-1.4034629,122.12129,102.146835,-10.120303,WAL
1926482309000,138.964921,-5.02845393780722,-12.5605501115623,1.00269925535371,3.615406,0.35155296,-1.3674219,122.01342,101.42717,-9.883867,WAL
1926487304000,138.969916,-5.57541572536867,-13.0921765338748,0.69087991642445,3.5628715,0.3555236,-1.3384057,121.92119,100.769165,-9.661697,WAL
1926492288000,138.9749,-6.04321874851731,-13.5347111756422,0.418893858765248,3.476434,0.35918877,-1.3139712,121.760445,100.3895,-9.669615,WAL
1926497311000,138.979923,-6.41534374061291,-13.8686691889319,0.194664762517108,3.3286047,0.28924468,-1.2779301,121.59026,100.11217,-9.687583,WAL
1926502278000,138.98489,-6.82027081867813,-14.2265132762586,-0.0226950580761426,3.1865785,0.12980886,-1.2443326,121.41877,99.998795,-9.776866,WAL
1926507296000,138.989908,-7.27998512566432,-14.6258615135762,-0.236299768287757,3.0387492,-0.13133603,-1.2293663,121.20356,99.95676,-9.865096,WAL
1926512254000,138.994866,-7.61953544680197,-14.95559274836,-0.891247690207052,2.8765645,-0.47983465,-1.2556335,120.927185,100.01954,-9.99527,WAL
1926517305000,138.999917,-7.7484493302583,-15.1687966180812,-2.39854827509225,2.7015514,-0.80573124,-1.3515394,120.58493,100.09944,-10.098991,WAL
1926522304000,139.004916,-7.82780049913234,-15.2657653775687,-3.948587576628,2.528066,-0.8597928,-1.4816537,120.22587,79.74875,-10.243456,WAL
1926527320000,139.009932,-7.83657540679514,-15.1955670325144,-5.58946227882912,2.3652701,-0.4605924,-1.6303993,119.90766,79.62414,-10.342363,WAL
1926532298000,139.01491,-7.71971550596353,-14.9432307314933,-6.77836566954165,2.1771238,0.23365596,-1.7415768,119.78727,79.55307,-10.394855,WAL
1926537310000,139.019922,-7.14249786712666,-14.0206294784623,-6.36674312740266,1.981036,0.8454375,-1.7693712,119.76109,79.51174,-10.42093,WAL
1926542296000,139.024908,-6.49257585255963,-13.1018768872443,-5.89947342443669,1.8338175,1.1291844,-1.7107282,120.018295,79.577354,-10.358145,WAL
1926547311000,139.029923,-5.50548834779862,-12.1736522535118,-5.17500568285095,1.8121318,1.2379184,-1.5735888,120.39253,79.63479,-10.307427,WAL
1926552362000,139.034974,-4.50950074429955,-11.2685751132187,-4.44156990991899,1.8637499,1.2647965,-1.3900238,120.81209,79.71435,-10.23077,WAL
1926557295000,139.039907,-3.51536634463545,-10.7365026689389,-3.68080047631891,1.9376645,1.2779301,-1.2956452,121.25145,79.78133,-10.167075,WAL
1926562321000,139.044933,-2.5171294252777,-10.2210435709885,-2.93270378297396,1.9816469,1.2614367,-1.1441506,121.62796,79.842834,-10.101902,WAL
1926567306000,139.049918,-1.83977131993839,-10.2789762229067,-2.76782061537384,2.0390682,1.2250903,-1.0290025,121.99934,79.88441,-10.05439,WAL
1926572328000,139.05494,-1.15738568202184,-10.337338866424,-2.60171364091291,2.0949624,1.2831224,-0.97494096,122.33209,79.967064,-9.956462,WAL
1926577327000,139.059939,-0.553523212013303,-10.3383119686729,-2.35838101924686,2.1450534,1.357648,-0.9984592,122.65781,80.034,-9.87135,WAL
1926582510000,139.065122,0.0468960540577717,-10.3408441210454,-2.10615989862448,2.2262983,1.4480561,-1.07665,123.00361,80.094986,-9.788033,WAL
1926587305000,139.069917,0.398814043679505,-10.4355913046768,-1.97531853858322,2.3060162,1.6190983,-1.1844677,123.42063,80.27907,-9.561229,WAL
1926592618000,139.07523,0.768559393150187,-10.5398544229965,-1.84277172004912,2.4010057,1.8628336,-1.2458596,123.88809,80.527985,-9.242629,WAL
1926597312000,139.079924,0.805362992004003,-10.6216401033385,-1.90411102300555,2.4764478,2.07572,-1.2599095,124.393936,80.76868,-8.916397,WAL
1926602242000,139.084854,0.844016963531338,-10.7075377181843,-1.96853427898663,2.4776695,2.3341162,-1.2574661,124.988464,81.04068,-8.531761,WAL
1926607296000,139.089908,0.863620522329333,-10.6357462999213,-1.76798911863073,2.430022,2.5289822,-1.2403619,125.62223,81.28239,-8.158847,WAL
1926612253000,139.094865,0.877629630415109,-10.5236735327562,-1.50181586995869,2.378404,2.5460863,-1.187522,126.27412,81.48743,-7.8068304,WAL
1926617309000,139.099921,0.869906505887113,-10.20602833158,-1.31748418511026,2.323426,2.5082128,-1.131017,126.96693,81.67987,-7.459835,WAL
1926622311000,139.104923,0.855369841836941,-9.82807425672668,-1.16242633404815,2.2293527,2.4339926,-1.0619892,127.64771,81.8455,-7.138743,WAL
1926627313000,139.109925,0.689811919567336,-9.32071717949717,-1.3332180601832,2.125811,2.3512204,-0.9969321,128.30743,81.9699,-6.8263683,WAL
1926632263000,139.114875,0.486554413720522,-8.78485676729682,-1.58728995455077,2.05434,2.346028,-0.91507614,128.9615,82.06264,-6.54545,WAL
1926637305000,139.119917,0.237012818071995,-8.26116756152125,-1.77171706577181,2.0124955,2.3768766,-0.8405506,129.5992,82.115074,-6.283627,WAL
1926642343000,139.124955,-0.0279240750823673,-7.74601233780761,-1.92871669932886,1.9801197,2.3527474,-0.7678576,130.21294,82.14458,-6.048603,WAL
1926647313000,139.129925,-0.2982445610301,-7.27222451667463,-2.17176446729097,1.9150625,2.295937,-0.7098254,130.82123,82.16512,-5.877047,WAL
1926652323000,139.134935,-0.573331831397993,-6.80457632365026,-2.4422669341806,1.8616118,2.2837198,-0.6789767,131.42854,82.17756,-5.720864,WAL
1926657299000,139.139911,-0.851931086034816,-6.48041594670213,-2.4969440073501,1.8390098,2.2363777,-0.6200282,131.99492,82.170135,-5.628918,WAL
1926662320000,139.144932,-1.13560554340426,-6.21999323531915,-2.45044002978723,1.8106046,2.1514673,-0.5934556,132.54114,82.1788,-5.5337324,WAL
1926667311000,139.149923,-1.3851461810352,-6.00684105052072,-2.38680417012081,1.7647897,2.0864103,-0.57757306,133.17827,82.132454,-5.4517255,WAL
1926672314000,139.154926,-1.61468035092689,-5.82221602199542,-2.31195596590294,1.704925,2.0069978,-0.573297,133.77995,82.09516,-5.371133,WAL
1926677413000,139.160025,-1.80760416970343,-5.66624906289979,-2.26575936403373,1.6536123,1.9364429,-0.5748242,134.3781,82.02088,-5.325306,WAL
1926682320000,139.164932,-1.97612086020547,-5.52961370021322,-2.23387789354526,1.5916094,1.887879,-0.57818395,134.95421,81.96533,-5.2785788,WAL
1926687310000,139.169922,-2.11952652982698,-5.36285921757766,-2.26902915733386,1.5317446,1.8322903,-0.58001655,135.54184,81.86637,-5.2505264,WAL
1926692321000,139.174933,-2.24690686906213,-5.17886536686984,-2.34451387213921,1.4514158,1.8411479,-0.59773165,136.12964,81.79252,-5.218278,WAL
1926697315000,139.179927,-2.34236424390847,-4.94921607081014,-2.30475904644403,1.3518448,1.8658879,-0.61086524,136.70836,81.71234,-5.210756,WAL
1926702308000,139.18492,-2.41629286013193,-4.68800168171511,-2.18647332224284,1.260215,1.8658879,-0.6267477,137.27878,81.656136,-5.1976,WAL
1926707284000,139.189896,-2.49554612658228,-4.46321599556962,-2.08877435316456,1.1527027,1.8692477,-0.6560693,137.88754,81.60629,-5.1947174,WAL
1926712319000,139.194931,-2.57877842337936,-4.25513535014384,-2.00091804524358,1.024421,1.9080375,-0.6899723,138.50305,81.589195,-5.187943,WAL
1926717310000,139.199922,-2.64477777784212,-4.08600384769887,-1.86405056476684,0.8918633,1.9404135,-0.72692966,139.11887,81.57112,-5.184924,WAL
1926722299000,139.204911,-2.69817254654069,-3.94523573818958,-1.68930373108808,0.79473567,1.9572122,-0.754724,139.7382,81.58152,-5.1763787,WAL
1926727325000,139.209937,-2.73309985904304,-3.83503610833179,-1.4802968827083,0.689056,1.9828686,-0.7623598,140.3709,81.59796,-5.182169,WAL
1926732315000,139.214927,-2.75517090652134,-3.74675182623314,-1.25075785065583,0.5726862,1.9843957,-0.77579886,140.99858,81.64705,-5.1787453,WAL
1926737304000,139.219916,-2.80468759728412,-3.67404207433347,-1.01978988492837,0.44776422,1.9740111,-0.78893244,141.62286,81.68911,-5.1847973,WAL
1926742385000,139.224997,-2.89182214749304,-3.62079327520891,-0.78259053718663,0.3213151,1.9449949,-0.7831292,142.23788,81.75819,-5.192186,WAL
1926747310000,139.229922,-2.99138095580714,-3.59919509455397,-0.524942889683486,0.19914207,1.9184223,-0.79290307,142.83711,81.81866,-5.197295,WAL
1926752306000,139.234918,-3.11279311782159,-3.61787387370681,-0.226082192600917,0.08460484,1.8399261,-0.8008443,143.40839,81.90469,-5.202075,WAL
1926757285000,139.239897,-3.17269152756483,-3.5995703599752,0.0408876920246926,0.021380283,1.7574593,-0.7984009,143.95847,81.958206,-5.221228,WAL
1926762317000,139.244929,-3.12788164294865,-3.51741902182044,0.257468579270483,-0.0852157,1.6572775,-0.7852673,144.47606,82.04509,-5.238259,WAL
1926767306000,139.249918,-3.08345467268829,-3.43596969231842,0.472198715691239,-0.20952678,1.5598444,-0.75136423,144.94926,82.08472,-5.2791247,WAL
1926772313000,139.254925,-3.03886741269759,-3.35422649872921,0.687703585015497,-0.33383787,1.4431691,-0.72265357,145.38297,82.14393,-5.3190355,WAL
1926777309000,139.259921,-2.94255721110146,-3.24638876021817,0.88291243373009,-0.46700647,1.29198,-0.7031059,145.78088,82.21834,-5.364739,WAL
1926782314000,139.264926,-2.79449071930688,-3.11220335255334,1.05874144648711,-0.59223384,1.119716,-0.6722572,146.13307,82.30536,-5.4179215,WAL
1926787295000,139.269907,-2.58931839540768,-2.95003499614283,1.18609766990643,-0.7058548,0.9728029,-0.64934975,146.41739,82.35698,-5.454718,WAL
1926792345000,139.274957,-2.30303831186748,-2.74686849146458,1.25074162350582,-0.8353582,0.82833326,-0.627664,146.64726,82.42716,-5.495671,WAL
1926797295000,139.279907,-2.07693326963722,-2.59165610513066,1.2822233080023,-0.98349303,0.70402217,-0.605062,146.826,82.49995,-5.51005,WAL
1926802308000,139.28492,-1.95745184317029,-2.52272450001914,1.25005522241792,-1.1551461,0.58368176,-0.5757405,146.95958,82.59206,-5.5296183,WAL
1926807273000,139.289885,-1.85055793552492,-2.46235643669141,1.25241886553553,-1.3158038,0.4700608,-0.54733527,147.05132,82.72099,-5.4911733,WAL
1926812319000,139.294931,-1.77881414296925,-2.42648462067868,1.36515908040297,-1.4935656,0.37110063,-0.505491,147.10936,82.870895,-5.4635878,WAL
1926817242000,139.299854,-1.73994225365854,-2.43811494878049,1.49701839756098,-1.6502525,0.27305678,-0.45875978,147.14452,83.04342,-5.4195786,WAL
1926822314000,139.304926,-1.75912800643823,-2.53884020095784,1.67448676102498,-1.7999145,0.17745635,-0.39584067,147.14958,83.22523,-5.391439,WAL
1926827294000,139.309906,-1.80675001741579,-2.75938958601307,1.90713465939668,-1.9727893,0.09712757,-0.32711834,147.12688,83.40282,-5.3555326,WAL
1926832313000,139.314925,-1.91308004317748,-3.22820814326797,2.25995688455505,-2.1142046,0.03940081,-0.22571471,147.08163,83.56662,-5.3475337,WAL
1926837238000,139.31985,-2.01611997592951,-3.84959251278079,2.77659799540085,-2.2446244,0.0027488936,-0.1160644,147.01572,83.689224,-5.351678,WAL
1926842332000,139.324944,-2.12003688541828,-4.82263253075136,3.65989172605538,-2.3441954,-0.030848695,0.016798794,146.93246,83.785645,-5.3928685,WAL
1926847240000,139.329852,-2.11945808261845,-5.97576277824502,4.61335871402673,-2.4058928,-0.06414085,0.0888809,146.81392,83.81827,-5.4339414,WAL
1926852307000,139.334919,-1.83830748354359,-7.76696361424166,5.88307069064573,-2.4055874,-0.12522738,0.25992316,146.67386,83.79,-5.5437756,WAL
1926857273000,139.339885,-1.50260462264261,-9.64885145269263,7.25653474040017,-2.329229,-0.15577064,0.40591997,146.48897,83.645226,-5.705909,WAL
1926862321000,139.344933,-0.761704703826096,-12.4015009780226,9.51010549357173,-2.143526,-0.19333886,0.5305365,146.27989,83.448814,-5.9109726,WAL
1926867274000,139.349886,0.0512774201412753,-14.7216146870943,11.4239020267278,-1.756543,-0.2611449,0.59956425,145.9983,83.16789,-6.118107,WAL
1926872323000,139.354935,1.13594949707427,-15.9539868584861,12.4901119262123,-1.0555751,-0.38545597,0.61850107,145.68921,82.81025,-6.341373,WAL
1926877336000,139.359948,2.18454128518173,-17.0830560592316,13.1896764534535,-0.24190263,-0.4437936,0.44959682,145.32748,82.395325,-6.408586,WAL
1926882313000,139.364925,3.08776891500466,-17.7444352978151,12.1383786156156,0.34788775,-0.4428773,0.22113322,144.9591,81.90235,-6.460009,WAL
1926887313000,139.369925,3.90797695718521,-18.3275901723661,10.8919324704487,0.6872234,-0.18784106,0.01740966,144.69069,81.416084,-6.280466,WAL
1926892306000,139.374918,4.44200757036964,-18.644228190848,9.02518833878237,0.82527894,0.22479841,-0.10170906,144.48816,80.839096,-6.080472,WAL
1926897331000,139.379943,4.7563765215446,-18.7734413325552,7.32027027347534,0.8194757,0.7330383,-0.31490102,144.54338,80.49699,-5.650329,WAL
1926902308000,139.38492,4.25104134558895,-18.2078370635152,6.26787512757514,0.7663304,1.1490375,-0.4560109,144.69893,80.095375,-5.248699,WAL
1926907296000,139.389908,3.67140527672724,-17.4034672536701,5.31402662519249,0.71837753,1.4266758,-0.5519168,145.11917,79.98209,-4.710145,WAL
1926912320000,139.394932,2.67366337523868,-15.2499253470896,4.92382057554666,0.66431594,1.5726726,-0.6160576,145.61867,79.854,-4.187443,WAL
1926917307000,139.399919,1.68893812284446,-13.0950376301091,4.6259960640836,0.55771995,1.5968018,-0.6444628,146.17638,79.80324,-3.7428865,WAL
1926922295000,139.404907,0.725958071621972,-10.873115640836,4.67458699772517,0.40286562,1.5228871,-0.6392705,146.74045,79.75906,-3.3135738,WAL
1926927395000,139.410007,-0.254745723641245,-8.6369981974744,4.71654187869146,0.21899518,1.3878858,-0.6081163,147.20549,79.66723,-3.0464566,WAL
1926932302000,139.414914,-1.13788689588148,-7.03893316058467,4.63710576036591,0.021685716,1.2345587,-0.50976706,147.63658,79.61018,-2.8020234,WAL
1926937534000,139.420146,-2.04888964007615,-5.42136617667777,4.54158520647311,-0.16065755,1.1081096,-0.37690386,147.91609,79.458244,-2.7520502,WAL
1926942304000,139.424916,-2.52288002208472,-4.95172423655402,4.32850687720133,-0.32528573,1.0079277,-0.19211712,148.14938,79.346825,-2.7390335,WAL
1926947246000,139.429858,-3.01396188118039,-4.46514761850547,4.10774522033317,-0.45265114,0.9462303,-0.09468412,148.25296,79.19971,-2.887914,WAL
1926952307000,139.434919,-3.49484334099034,-4.84950066855779,3.96080327661819,-0.5143485,0.7797695,0.09315695,148.27814,79.05742,-3.1028237,WAL
1926957301000,139.439913,-3.94832099365709,-5.41021736090188,3.81317796333003,-0.6206391,0.48930305,0.26145032,148.24078,78.9522,-3.3284798,WAL
1926962321000,139.444933,-4.27231885847374,-6.69191475574827,3.59876754430129,-0.7290677,0.06047566,0.38637227,148.04796,78.85022,-3.6634812,WAL
1926967283000,139.449895,-4.61725138368125,-8.02389789972357,3.34439783181775,-0.82436264,-0.5180137,0.4465425,147.71948,78.725395,-4.055693,WAL
1926972314000,139.454926,-5.17754806546564,-9.92982494433324,2.72439755226385,-0.8707884,-1.1636983,0.49266282,147.24222,78.58678,-4.449984,WAL
1926977645000,139.460257,-5.77268820180587,-11.9566266094808,2.03786518273548,-0.8527679,-1.7131716,0.5180137,146.64159,78.472664,-4.8505754,WAL
1926982312000,139.464924,-6.30924781896162,-13.8093623995485,1.11608323054073,-0.76144356,-2.069917,0.5558874,145.91472,78.32528,-5.240236,WAL
1926987374000,139.469986,-6.89098025072288,-15.7364042356123,0.203447960134316,-0.6044512,-2.111761,0.62796944,145.17462,78.22169,-5.663705,WAL
1926992319000,139.474931,-7.45638779619438,-16.6286877660666,0.358051634712247,-0.40042216,-1.8658879,0.70707655,144.42497,78.060486,-6.087712,WAL
1926997245000,139.479857,-8.01962289609178,-17.5175429068184,0.512061281015763,-0.042760566,-1.4272866,0.77824235,143.78603,77.943825,-6.540289,WAL
1927002310000,139.484922,-7.37473482740266,-18.0056589332676,1.03433948475111,0.47250426,-0.92087936,0.82802784,143.24744,77.71723,-7.009227,WAL
1927007268000,139.48988,-6.62120386357812,-18.4409283264662,1.58193643649088,0.93828905,-0.5681047,0.7693848,142.80469,77.41835,-7.4648633,WAL
1927012321000,139.494933,-4.60683710394579,-16.6789724313471,0.846736254023515,1.1136073,-0.4746423,0.5552765,142.42853,77.0511,-7.9378114,WAL
1927017243000,139.499855,-2.48388551757672,-14.6781379896373,-0.0362613307134316,0.91813046,-0.39645153,0.33322698,142.16544,76.685295,-8.38446,WAL
1927022320000,139.504932,-1.10367168540509,-12.363842573267,-1.12827616731208,0.43799037,-0.2593123,0.1441642,141.97298,76.42969,-8.662589,WAL
1927027311000,139.509923,0.135894106175295,-10.0524716430243,-2.22804133369504,-0.13775012,-0.28130344,-0.106901415,141.77707,76.2994,-8.844186,WAL
1927032311000,139.514923,0.834263612301803,-8.11024425286592,-2.51767474190591,-0.70432764,-0.5546656,-0.3118467,141.64284,76.50873,-8.755432,WAL
1927037238000,139.51985,1.41415288033041,-6.27075934973305,-2.64125766991034,-1.1575897,-0.9786061,-0.3747658,141.46675,76.83044,-8.630824,WAL
1927042343000,139.524955,1.39856214078947,-5.17846545921053,-2.44900894280186,-1.4972308,-1.3967434,-0.4098906,141.3128,77.41263,-8.336035,WAL
1927047271000,139.529883,1.26614726710526,-4.27895713289474,-2.20244326168731,-1.784032,-1.6013832,-0.41508293,141.1022,78.076004,-8.028208,WAL
1927052308000,139.53492,0.810838596660905,-3.72138927468226,-2.35748955562786,-1.9104811,-1.9871446,-0.4184427,140.7346,78.78714,-7.6530976,WAL
1927057304000,139.539916,0.265976218371124,-3.27382387193696,-2.62992074985257,-2.1239784,-2.2812762,-0.42913285,140.33783,79.569565,-7.276821,WAL
1927062316000,139.544928,-0.232419689073709,-3.02791677528577,-3.18033416286953,-2.2766948,-2.4834726,-0.41050145,139.8278,80.286026,-6.9442315,WAL
1927067314000,139.549926,-0.718237838249902,-2.82981611032716,-3.79350267197477,-2.3185391,-2.6099217,-0.35521814,139.25906,81.0042,-6.6190753,WAL
1927072353000,139.554965,-1.16016826745044,-2.80904172187286,-4.27784769371155,-2.3289237,-2.7107146,-0.24862215,138.61072,81.668526,-6.3978834,WAL
1927077393000,139.560005,-1.58906259198906,-2.83732054620643,-4.72559453171565,-2.3432791,-2.8032606,-0.09682214,137.92693,82.28694,-6.212354,WAL
1927082346000,139.564958,-2.05046240309309,-3.14282045394394,-5.02463230329329,-2.3200662,-2.857933,0.06078109,137.2103,82.815506,-6.1385636,WAL
1927087315000,139.569927,-2.52681029081081,-3.54295263585586,-5.27709664846847,-2.2849414,-2.805704,0.19486602,136.49551,83.23643,-6.1141305,WAL
1927092305000,139.574917,-2.83289404205457,-3.94896094550562,-5.31913610429374,-2.2180517,-2.6349673,0.33658674,135.78853,83.4717,-6.213066,WAL
1927097359000,139.579971,-3.08053253812199,-4.36169173848315,-5.28514658533307,-2.1520782,-2.4010057,0.4804455,135.11578,83.53726,-6.364512,WAL
1927102341000,139.584953,-3.21827885373791,-4.84822262233949,-4.92993308135444,-2.083356,-2.2122486,0.64812803,134.46732,83.3506,-6.6455226,WAL
1927107297000,139.589909,-3.32031917903841,-5.3584240551158,-4.47075171436529,-1.9990565,-2.0723603,0.8402451,133.8778,97.015915,-6.985936,WAL
1927112325000,139.594937,-3.36850158942403,-5.97492877308838,-4.02957228798411,-1.8979583,-1.9587394,1.0616838,133.33072,97.57393,-7.426123,WAL
1927117318000,139.59993,-3.39224382504469,-6.63021634053625,-3.60221075765641,-1.7852536,-1.844813,1.3271047,132.8353,98.2661,-7.939248,WAL
1927122322000,139.604934,-3.25058240512617,-7.42160373795151,-3.41167075431964,-1.6566665,-1.6896533,1.6230689,132.37907,99.048775,-8.5394,WAL
1927127328000,139.60994,-3.03234304851064,-8.27558423829787,-3.33101703489362,-1.5140295,-1.5100589,1.920255,131.9784,99.90814,-9.213092,WAL
1927132310000,139.614922,-2.7802552573462,-9.21277581086088,-3.21450919478405,-1.3750577,-1.3368785,2.1911736,131.62741,100.78534,-9.946499,WAL
1927137302000,139.619914,-2.50991989004582,-10.196237286146,-3.07934153546846,-1.2834278,-1.1368202,2.3909266,131.35222,101.7022,-10.731191,WAL
1927142348000,139.62496,-2.27767177931525,-11.3570276019506,-2.97522771381693,-1.2742649,-1.0442741,2.4862216,131.13084,102.551285,-11.466509,WAL
1927147319000,139.629931,-2.07453600302753,-12.6048607183785,-2.89300617184801,-1.3387111,-0.86437434,2.5011878,131.0052,103.411285,-12.21292,WAL
1927152308000,139.63492,-1.7791210888976,-13.6693826823126,-3.04982682530132,-1.3732251,-0.627664,2.4425447,130.95177,104.12348,-12.8296995,WAL
1927157302000,139.639914,-1.43231404348849,-14.630132366193,-3.34039487317981,-1.4511104,-0.3286455,2.3051,130.97252,104.81201,-13.403506,WAL
1927162289000,139.644901,-0.543222862154061,-14.7342467859926,-3.69665790358677,-1.5045611,-0.006414085,2.130698,131.08362,105.323906,-13.804719,WAL
1927167310000,139.649922,0.720279406434209,-14.258631821061,-4.10020995552003,-1.5121969,0.35460728,1.9110919,131.28781,105.78023,-14.131596,WAL
1927172311000,139.654923,1.43307670223918,-13.5544742697909,-3.77621376381651,-1.4706581,0.7165449,1.6841555,131.60843,106.07803,-14.253792,WAL
1927177329000,139.659941,1.78065605666303,-12.6926684421877,-2.96202106489646,-1.4248432,0.9850202,1.4462235,131.99437,106.32108,-14.30276,WAL
1927182310000,139.664922,2.00204577284682,-11.8260179440637,-2.11256484710132,-1.4181237,1.0775663,1.1991285,132.49098,106.36591,-14.059353,WAL
1927187302000,139.669914,2.13486875547324,-10.9493861292832,-1.23150569511021,-1.4569136,0.88697636,0.9117164,132.96352,106.36912,-13.754253,WAL
1927192360000,139.674972,2.06526401570424,-10.065789603665,-0.610768853984658,-1.5580118,0.41508293,0.655153,133.30453,106.22047,-13.342271,WAL
1927197313000,139.679925,1.72666683551033,-9.20666204410825,-0.363138099233965,-1.6481144,-0.25992316,0.44104472,133.52034,106.05484,-12.904473,WAL
1927202304000,139.684916,1.32302227337618,-8.57534417149338,-0.501473467168242,-1.7256943,-0.9254609,0.25381452,133.52185,105.98633,-12.575865,WAL
1927207298000,139.68991,0.866454810688091,-8.14137916574669,-0.967081896584121,-1.7327193,-1.4404203,0.07696902,133.36723,105.89241,-12.225763,WAL
1927212307000,139.694919,0.434812112883182,-7.76386620223565,-1.54574391318228,-1.7046194,-1.781283,-0.09315695,133.02914,105.8585,-11.957896,WAL
1927217308000,139.69992,0.0393160254541793,-7.46483269148036,-2.27403551417925,-1.6484199,-1.9730947,-0.21838433,132.58728,105.80283,-11.6796465,WAL
1927222304000,139.704916,-0.321440178106393,-7.28573985319645,-2.84849008055996,-1.5577064,-2.0118847,-0.27947086,132.09503,105.791595,-11.430819,WAL
1927227327000,139.709939,-0.640190087132058,-7.25880316602893,-3.23009200806346,-1.4532484,-1.9501873,-0.29077184,131.58623,105.76284,-11.177858,WAL
1927232285000,139.714897,-0.934912484220593,-7.28178018399745,-3.43743246974817,-1.3585643,-1.8503108,-0.30848694,131.10364,105.85907,-10.981182,WAL
1927237299000,139.719911,-1.18492711501435,-7.4246455655297,-3.2384412960578,-1.325883,-1.7947221,-0.2959642,130.63725,105.958664,-10.797927,WAL
1927242297000,139.724909,-1.37242549797378,-7.60642907575487,-3.01596931510727,-1.3344351,-1.7965547,-0.2706133,130.18416,106.17452,-10.691293,WAL
1927247314000,139.729926,-1.47264231537545,-7.84504069525229,-2.75826877800954,-1.3353515,-1.8106046,-0.2501493,129.74911,106.387825,-10.590372,WAL
1927252236000,139.734848,-1.53053557794591,-8.07823477497636,-2.51546692031398,-1.3582588,-1.7782288,-0.19914207,129.30309,106.625885,-10.553889,WAL
1927257300000,139.739912,-1.52594914753168,-8.31672949175336,-2.28155882551542,-1.361924,-1.7067575,-0.13072516,128.87268,106.865944,-10.531089,WAL
1927262246000,139.744858,-1.49603327695431,-8.53840884609137,-2.01109257039594,-1.3716979,-1.5858061,-0.05100725,128.44484,107.09953,-10.545951,WAL
1927267315000,139.749927,-1.39746515675127,-8.73554508649746,-1.62174818682234,-1.3918564,-1.4272866,0.013133603,128.0584,107.34094,-10.57151,WAL
1927272293000,139.754905,-1.28709496162582,-8.9093602161446,-1.20348934478849,-1.4462235,-1.282817,0.08582657,127.69404,107.56977,-10.620841,WAL
1927277314000,139.759926,-1.14602937980505,-9.04132456430396,-0.702934189647014,-1.5012014,-1.1624765,0.15027285,127.378456,107.8065,-10.678295,WAL
1927282272000,139.764884,-1.00448793146936,-9.15982210113028,-0.226351052385485,-1.5656476,-1.099252,0.20952678,127.0592,108.04079,-10.760865,WAL
1927287265000,139.769877,-0.852778255145747,-9.23093596549673,0.181368713872695,-1.6044376,-1.105666,0.24220806,126.76216,108.280785,-10.850637,WAL
1927292272000,139.774884,-0.719332395986307,-9.26909026304822,0.527353425349276,-1.6197093,-1.1621711,0.26236662,126.42919,108.48131,-10.953369,WAL
1927297269000,139.779881,-0.671847473800357,-9.15512663226831,0.58433533494741,-1.5827519,-1.2229522,0.27397305,126.09822,108.67612,-11.063099,WAL
1927302270000,139.784882,-0.642116388436479,-9.03801901089217,0.601927750655511,-1.4926492,-1.258077,0.2828306,125.714325,108.84204,-11.186429,WAL
1927307285000,139.789897,-0.703940314275671,-8.90486005951084,0.416455948308743,-1.3707817,-1.2623531,0.29901853,125.32559,108.98905,-11.316205,WAL
1927312282000,139.794894,-0.784138301522491,-8.75428865951557,0.222731990899654,-1.2220359,-1.219287,0.31673363,124.93317,109.11497,-11.449753,WAL
1927317288000,139.7999,-0.973724058695007,-8.4983476918438,-0.0237294736282748,-1.070236,-1.1435398,0.35705075,124.553246,109.21372,-11.590271,WAL
1927322334000,139.804946,-1.16527053756228,-8.24689973706401,-0.280306976023381,-0.9407325,-1.0821478,0.3924809,124.18561,109.32209,-11.737204,WAL
1927327283000,139.809895,-1.35601569605213,-8.04253012763511,-0.584590815902645,-0.82894415,-1.0177015,0.44104472,123.84539,109.40505,-11.890704,WAL
1927332481000,139.815093,-1.5551045249226,-7.83330189164087,-0.900575612616099,-0.7644979,-0.9459248,0.49846604,123.53402,109.53317,-12.079011,WAL
1927337313000,139.819925,-1.72523365371517,-7.70346620123839,-1.15129231942724,-0.7098254,-0.88117313,0.5647449,123.24417,109.644394,-12.275256,WAL
1927342345000,139.824957,-1.90240455108359,-7.56825651702786,-1.41238637337461,-0.70157874,-0.8512407,0.63346726,122.979515,109.82253,-12.504856,WAL
1927347317000,139.829929,-1.96970234298005,-7.50175935236605,-1.59998971814627,-0.7107417,-0.79351395,0.6704246,122.74503,109.99277,-12.73149,WAL
1927352241000,139.834853,-2.03424930082128,-7.43721249080954,-1.78440969397732,-0.7623598,-0.7672467,0.73761976,122.51894,110.18281,-12.979727,WAL
1927357300000,139.839912,-2.0132869055722,-7.50689186754544,-1.90230250821849,-0.82894415,-0.7089091,0.8008443,122.32541,110.44136,-13.250996,WAL
1927362255000,139.844867,-1.9848548840024,-7.58744926199321,-2.0112919737168,-0.9272934,-0.6630942,0.8555168,122.14287,110.71905,-13.528811,WAL
1927367304000,139.849916,-1.89616670088659,-7.81861159570343,-2.04657587622759,-1.028697,-0.6206391,0.90408057,121.98241,111.05662,-13.815743,WAL
1927372304000,139.854916,-1.80286189769096,-8.06120410349766,-2.0745673025721,-1.1307116,-0.59986967,0.9410379,121.83604,111.41069,-14.103033,WAL
1927377339000,139.859951,-1.66075894957094,-8.34841254729595,-1.99842590584714,-1.2388347,-0.59681535,0.9673051,121.69738,111.80433,-14.377766,WAL
1927382245000,139.864857,-1.51542880822191,-8.63438481460786,-1.90935263446418,-1.3264939,-0.6469063,0.9767735,121.556,112.20454,-14.651335,WAL
1927387310000,139.869922,-1.40985859082675,-8.98103340181152,-1.69992012827134,-1.4074335,-0.7122689,0.9728029,121.41317,112.6125,-14.902524,WAL
1927392308000,139.87492,-1.31300353451532,-9.33155704066294,-1.47392490055887,-1.46852,-0.7849618,0.9550878,121.25805,113.0205,-15.150025,WAL
1927397312000,139.879924,-1.31264402968441,-9.82761080043745,-1.20546378582439,-1.4993688,-0.8713993,0.91996306,121.07152,113.412964,-15.384689,WAL
1927402242000,139.884854,-1.33723189761483,-10.3537913795438,-0.930079439068847,-1.5030339,-0.95447695,0.8695667,120.86558,113.794464,-15.610981,WAL
1927407303000,139.889915,-1.44792650261909,-10.9320340209528,-0.663929800264874,-1.4749341,-1.0354166,0.8151997,120.60046,114.122734,-15.82511,WAL
1927412253000,139.894865,-1.56974253889109,-11.5036323111287,-0.406241939027476,-1.3982705,-1.1044444,0.7492262,120.31152,114.41953,-16.024769,WAL
1927417311000,139.899923,-1.70087750985955,-11.8849121841832,-0.22213515863465,-1.3100005,-1.1633929,0.6933321,119.9482,114.64726,-16.222797,WAL
1927422297000,139.904909,-1.8314033668112,-12.222479282496,-0.0556021697518145,-1.1960741,-1.2092078,0.65576386,119.565926,114.8364,-16.40954,WAL
1927427322000,139.909934,-1.88213697713536,-12.3597530696747,-0.0608855786233998,-1.0134255,-1.2195925,0.64812803,119.11087,114.94441,-16.608036,WAL
1927432273000,139.914885,-1.90203828272823,-12.419457038405,-0.130540014682476,-0.782213,-1.1927143,0.6795876,118.65498,115.01419,-16.803572,WAL
1927437307000,139.919919,-1.81658709509934,-12.4641449576159,-0.299747714172185,-0.48441613,-1.1707232,0.7174612,118.15395,115.00224,-17.013968,WAL
1927442325000,139.924937,-1.70747127852412,-12.5050632582781,-0.490700369441816,-0.1386664,-1.1206323,0.7318166,117.670715,114.93495,-17.215405,WAL
1927447313000,139.929925,-1.39468457969666,-12.4404962211519,-0.719493185632302,0.03604105,-1.0586295,0.7425067,117.19176,114.874725,-17.419863,WAL
1927452326000,139.934938,-0.996171454320558,-12.3322579581882,-0.965488924912892,0.3472769,-0.95172805,0.71929383,116.73842,114.71768,-17.603477,WAL
1927457294000,139.939906,-0.499459127720909,-12.0290041511358,-1.21173997948076,0.57757306,-0.7828238,0.6398814,116.3461,114.557655,-17.737452,WAL
1927462320000,139.944932,0.0360961608817803,-11.6585783977747,-1.46166578673157,0.6612616,-0.5766568,0.5143485,115.98914,114.357124,-17.834953,WAL
1927467311000,139.949923,0.647352896012094,-11.2498058466476,-1.88639425816889,0.5882632,-0.33628133,0.3726278,115.74331,114.134155,-17.831789,WAL
1927472298000,139.95491,1.31110197821133,-10.8140620922979,-2.42854057256525,0.42546764,-0.0290161,0.24862215,115.56603,113.89524,-17.776556,WAL
1927477332000,139.959944,1.6733964168446,-10.7590482170819,-2.76576604187426,0.21166481,0.22266038,0.16310102,115.52154,113.66038,-17.604889,WAL
1927482312000,139.964924,1.90912449039146,-10.8580537775801,-3.01563773879004,0.0015271631,0.36774087,0.07574729,115.5217,113.432755,-17.387163,WAL
1927487307000,139.969919,1.42772274520979,-11.2479258159965,-2.24686627928322,-0.2012801,0.37323865,-0.014049901,115.66167,113.25655,-17.054153,WAL
1927492333000,139.974945,0.61896067483683,-11.7715175181138,-1.01268594666861,-0.3567453,0.23151793,-0.09254608,115.78914,113.10188,-16.7072,WAL
1927497311000,139.979923,0.147533870785994,-12.0422398769997,-0.493201992670001,-0.46486846,0.0067195175,-0.17654006,115.92794,112.97094,-16.305307,WAL
1927502306000,139.984918,-0.134398762565499,-12.1701758019167,-0.3794812672775,-0.47586402,-0.23243423,-0.24281894,116.01063,112.84865,-15.908047,WAL
1927507298000,139.98991,-0.416162067008073,-12.2980348884404,-0.26582884262097,-0.3827071,-0.39920044,-0.28802297,115.798256,112.63118,-15.665896,WAL
1927512311000,139.994923,-0.699110673813085,-12.4264318437175,-0.151698312812639,-0.23732115,-0.464563,-0.29168814,115.5446,112.40471,-15.434112,WAL
1927517309000,139.999921,-0.763384130053561,-12.7711915784567,-0.133480665927395,-0.08246681,-0.44623706,-0.28252518,115.26501,112.15531,-15.205909,WAL
1927522308000,140.00492,-0.677910968236461,-13.265036203779,-0.180965741501686,0.087659165,-0.38912117,-0.25320363,114.979866,111.88095,-14.989755,WAL
1927527317000,140.009929,-0.554702990853242,-13.8297912593857,-0.111685830648464,0.2144137,-0.28893927,-0.24251351,114.63288,111.59949,-14.854712,WAL
1927532310000,140.014922,-0.404389124970361,-14.4439307078319,0.0429227417172624,0.3436117,-0.13958271,-0.28038713,114.31695,111.285164,-14.709052,WAL
1927537295000,140.019907,-0.227695405225298,-15.008278089513,0.220738723406749,0.47708577,-0.08124508,-0.35246924,114.00685,110.92019,-14.531711,WAL
1927542319000,140.024931,0.00077016742372199,-15.4846533329966,0.44434334003233,0.55741453,-0.013439035,-0.39584067,113.743835,110.54711,-14.344143,WAL
1927547278000,140.02989,0.226413820153875,-15.7988052773011,0.56308911086916,0.7333437,-0.009162978,-0.49510628,113.43054,110.06359,-14.096901,WAL
1927552305000,140.034917,0.455386394294507,-15.8437018301315,0.504723540621095,0.9233228,-0.021685716,-0.5766568,113.13343,109.56852,-13.844709,WAL
1927557255000,140.039867,0.651776925306362,-15.779807040617,0.443263650387489,1.1136073,-0.056199603,-0.6808093,112.80306,108.96641,-13.528504,WAL
1927562322000,140.044934,0.745015853520495,-15.3136124806789,0.365564542640905,1.3213016,-0.05497787,-0.7819075,112.47937,108.32437,-13.196449,WAL
1927567239000,140.049851,0.776505447477417,-14.7649163121276,0.320692338483567,1.5088371,-0.06963864,-0.90224797,112.16137,107.622925,-12.804505,WAL
1927572306000,140.054918,0.692567115792812,-14.0094717019027,0.33468205961945,1.6884315,-0.07696902,-1.042747,111.84346,106.87631,-12.38705,WAL
1927577295000,140.059907,0.552312709043603,-13.2466411379557,0.349994974967834,1.8365663,-0.10048734,-1.1768318,111.53381,106.10721,-11.942863,WAL
1927582310000,140.064922,0.253151188777086,-12.4276250136832,0.369612120714796,2.0167716,-0.09743301,-1.2657127,111.22888,105.2969,-11.479917,WAL
1927587243000,140.069855,-0.0850975637871062,-11.7229856961706,0.396924513056714,2.2314909,-0.03634648,-1.3078625,110.939095,104.48259,-11.025609,WAL
1927592346000,140.074958,-0.539926708091129,-11.2349914706738,0.444302560877363,2.4932466,0.06169739,-1.3151928,110.66232,103.63558,-10.56264,WAL
1927597264000,140.079876,-0.988393744671936,-10.8781595280449,0.507247010898962,2.795014,0.17592919,-1.3310753,110.3985,102.80404,-10.1424265,WAL
1927602306000,140.084918,-1.4804068547186,-10.873561661937,0.626801588739168,3.107166,0.25442538,-1.3405437,110.15684,101.95325,-9.72637,WAL
1927607283000,140.089895,-1.97018357219917,-10.9415179099585,0.702230270058091,3.3707545,0.3213151,-1.3674219,109.91499,101.152214,-9.376807,WAL
1927612298000,140.09491,-2.48832463236515,-11.4447122932573,0.522873768439834,3.563788,0.3827071,-1.4016303,109.6987,100.35728,-9.026101,WAL
1927617290000,140.099902,-2.99440419801952,-11.9728801704937,0.243155772238806,3.6630535,0.47250426,-1.4202617,109.4559,99.6632,-8.752877,WAL
1927622302000,140.104914,-3.46741342431114,-12.6020281100268,-0.404361713134328,3.645033,0.60231316,-1.4196508,109.248116,99.03293,-8.478813,WAL
1927627390000,140.110002,-3.96503452538188,-13.2361152396945,-1.0749259454593,3.5253034,0.7086037,-1.393689,109.03884,98.556786,-8.269064,WAL
1927632312000,140.114924,-4.54697332747437,-13.8229862380205,-1.79988365893492,3.3487632,0.77396625,-1.3607023,108.86157,98.174484,-8.0648365,WAL
1927637327000,140.119939,-5.14988294276868,-14.3639803218138,-2.48971734202956,3.120605,0.7910705,-1.3271047,108.74251,97.94863,-7.9218907,WAL
1927642335000,140.124947,-5.7869950305034,-14.7040926494207,-3.00707145309628,3.0024028,0.7651087,-1.3048081,108.63505,97.786705,-7.7867036,WAL
1927647315000,140.129927,-6.40261561490601,-14.9929861434211,-3.41325312661654,2.7791314,0.70188415,-1.2449434,108.66099,82.28523,-7.7004986,WAL
1927652306000,140.134918,-6.9551658006297,-15.1052934940789,-3.43122222766917,2.5961773,0.59712076,-1.1826351,108.66912,82.324265,-7.6212792,WAL
1927657301000,140.139913,-7.49432228194649,-15.1835669597641,-3.42194010246471,2.431549,0.4654793,-1.1349876,108.777145,82.30845,-7.5858374,WAL
1927662320000,140.144932,-7.88921861872762,-14.9000510825785,-3.12323643734991,2.3157902,0.30115658,-1.1120802,108.84341,82.27636,-7.55837,WAL
1927667307000,140.149919,-8.15701096073351,-14.6914628902472,-2.83560606030472,2.2721133,0.0888809,-1.1059716,108.916985,82.18368,-7.5785203,WAL
1927672293000,140.154905,-7.89127385503148,-14.7960151389472,-2.58729407161755,2.3335052,-0.05100725,-1.1612549,108.96154,82.09473,-7.583338,WAL
1927677507000,140.160119,-7.59770878341094,-14.8901246151597,-2.36084219313481,2.3570235,-0.05955936,-1.3341297,109.013794,81.98716,-7.583192,WAL
1927682310000,140.164922,-6.93028556768814,-14.591278678614,-2.99339973754196,2.240043,-0.005192355,-1.4162911,109.04266,81.86817,-7.590362,WAL
1927687290000,140.169902,-6.23124114229672,-14.2613656173324,-3.5417602266316,2.0949624,0.3454443,-1.4764613,109.14049,81.803925,-7.5175285,WAL
1927692325000,140.174937,-5.48318989942939,-13.8099556012839,-3.46437569734308,1.813659,0.7131852,-1.5506815,109.25896,81.78277,-7.419912,WAL
1927697249000,140.179861,-4.75162995506419,-13.3684972261056,-3.38869716264265,1.6270396,0.9486737,-1.565953,109.45336,81.8515,-7.2590294,WAL
1927702308000,140.18492,-3.80083844678483,-12.7911842458662,-2.82230872045823,1.6236799,1.0259482,-1.5473217,109.70314,81.93656,-7.093211,WAL
1927707390000,140.190002,-2.83550053975368,-12.2090615832829,-2.22312432166364,1.7232509,1.0326678,-1.500285,109.993484,82.02431,-6.936558,WAL
1927712321000,140.194933,-2.0632247519786,-11.7990882080557,-1.98000043581668,1.8442022,1.0613784,-1.4437801,110.272835,82.16881,-6.7018433,WAL
1927717299000,140.199911,-1.30751137262487,-11.3990945253439,-1.74739185256209,1.9770653,1.1905763,-1.4263704,110.50262,82.33553,-6.375144,WAL
1927722301000,140.204913,-0.851964468158065,-11.173532080879,-1.67662729178285,2.0659463,1.3457361,-1.4559973,110.74751,82.46703,-6.061144,WAL
1927727343000,140.209955,-0.39277464562275,-10.9461658583695,-1.60529684087342,2.1099286,1.4871514,-1.4941764,110.94727,82.62173,-5.6664424,WAL
1927732309000,140.214921,-0.0656418887426143,-10.6519694097647,-1.45948770242562,2.117259,1.5622878,-1.4963144,111.174644,82.73337,-5.2882104,WAL
1927737635000,140.220247,0.264059637254305,-10.336043858434,-1.30976028698506,2.0900755,1.7052304,-1.4306464,111.46232,82.806786,-4.935786,WAL
1927742314000,140.224926,0.379164448388355,-10.1910967984017,-1.46323331211112,2.104736,1.8038851,-1.4129313,111.791336,82.85579,-4.5180964,WAL
1927747250000,140.229862,0.50059153703073,-10.0381883375511,-1.62513603748454,2.1352794,1.997224,-1.3759739,112.21401,82.837715,-4.098546,WAL
1927752306000,140.234918,0.562660270691966,-9.87666449354362,-1.74651120489897,2.1923954,2.083356,-1.3610078,112.63231,82.77003,-3.6902122,WAL
1927757273000,140.239885,0.614237211907343,-9.71724509117792,-1.85904271478561,2.1523838,2.1801782,-1.3387111,113.10452,82.678535,-3.3120942,WAL
1927762321000,140.244933,0.606260440454319,-9.49288673717246,-1.99473618204643,2.0842721,2.2870796,-1.2794572,113.62211,82.5565,-2.943022,WAL
1927767241000,140.249853,0.587482780316828,-9.26285994829132,-2.13087440063764,2.0066924,2.3270912,-1.1960741,114.14257,82.41921,-2.5993156,WAL
1927772308000,140.25492,0.48151336802904,-8.96183652879427,-2.37986987761209,1.919644,2.3695462,-1.1047498,114.703316,82.28124,-2.2730823,WAL
1927777319000,140.259931,0.35910348212695,-8.65110389276955,-2.64822994402041,1.8493946,2.4718661,-1.0198395,115.28514,82.14138,-1.9818928,WAL
1927782307000,140.264919,0.121811103187641,-8.2974544123587,-2.88148760508666,1.7828102,2.5518897,-0.95539325,115.914276,81.99378,-1.7116182,WAL
1927787268000,140.26988,-0.142235785244913,-7.93494924491334,-3.10525618311982,1.7440202,2.584571,-0.893085,116.549736,81.84928,-1.473197,WAL
1927792301000,140.274913,-0.41400682524866,-7.64415264258227,-3.27158160769635,1.7165314,2.5631905,-0.8527679,117.26401,81.702644,-1.2661026,WAL
1927797299000,140.279911,-0.685766199123121,-7.39252354793397,-3.40746125784881,1.6569719,2.5922067,-0.84238315,117.99336,81.57621,-1.0745507,WAL
1927802307000,140.284919,-0.870416121871227,-7.06654270623742,-3.53157754531187,1.6099354,2.6395488,-0.81153446,118.77859,81.44325,-0.9383152,WAL
1927807314000,140.289926,-1.02960985858149,-6.71921104527163,-3.65217884726358,1.5796975,2.6303856,-0.8005389,119.54967,81.32725,-0.7998889,WAL
1927812318000,140.29493,-1.17644693884218,-6.48897765634483,-3.62627121797623,1.5293012,2.5928175,-0.7996226,120.360374,81.22395,-0.70156324,WAL
1927817308000,140.29992,-1.31962237036822,-6.29037951446796,-3.56161129278052,1.4669929,2.5515842,-0.8045095,121.161125,81.13834,-0.60512674,WAL
1927822306000,140.304918,-1.44836116742117,-6.09841736267668,-3.42774701800929,1.3973542,2.5164595,-0.8173377,121.96571,81.07883,-0.5309506,WAL
1927827345000,140.309957,-1.57237968863299,-5.90761951513294,-3.26556891732727,1.3200798,2.4733934,-0.8335256,122.75138,81.04547,-0.45270962,WAL
1927832310000,140.314922,-1.70621452722222,-5.52810539444445,-2.95412564222222,1.2409728,2.4507914,-0.8491027,123.557724,81.0026,-0.39218906,WAL
1927837302000,140.319914,-1.84576541716573,-5.06443649500942,-2.57598794097928,1.1520919,2.400395,-0.86162543,124.33964,80.99023,-0.325281,WAL
1927842310000,140.324922,-1.96056004648569,-4.73528667145412,-2.17695615375631,1.1050552,2.3698518,-0.8762862,125.12464,80.95714,-0.27290633,WAL
1927847315000,140.329927,-2.05638357310606,-4.50833619981061,-1.76340207215909,0.9960158,2.3261747,-0.88361657,125.88728,80.972244,-0.21652776,WAL
1927852305000,140.334917,-2.1546086866098,-4.1761545571712,-1.29054924700258,0.9202685,2.269059,-0.89369583,126.63333,80.915474,-0.17982037,WAL
1927857303000,140.339915,-2.25430728555842,-3.79160237928982,-0.787308122515374,0.83260936,2.2201898,-0.91446525,127.36635,80.89807,-0.1376609,WAL
1927862324000,140.344936,-2.3575753386553,-3.47404938251686,-0.39426547709639,0.6966918,2.1523838,-0.92087936,128.06828,80.84697,-0.109295055,WAL
1927867309000,140.349921,-2.46172931059104,-3.19472748371678,-0.0628665527806426,0.5348125,2.0824397,-0.9239337,128.75307,80.832275,-0.07544116,WAL
1927872306000,140.354918,-2.57043011084769,-3.03423903971357,0.202181467609832,0.3631594,2.0259347,-0.92149025,129.4107,80.76263,-0.058720846,WAL
1927877323000,140.359935,-2.68201563818463,-2.94125112454035,0.430001796671182,0.20555615,1.9883664,-0.9016371,130.04999,80.73779,-0.04588009,WAL
1927882308000,140.36492,-2.77260806355184,-2.89668805160391,0.613160527103673,0.06994407,1.9453003,-0.88086766,130.6667,80.68676,-0.052846886,WAL
1927887300000,140.369912,-2.84817533964668,-2.88779783570432,0.764295079293352,-0.044593163,1.9022343,-0.8472701,131.26797,80.676094,-0.06937766,WAL
1927892323000,140.374935,-2.90732422368758,-2.90423115412932,0.897721416197183,-0.17195857,1.8536706,-0.8155051,131.85341,80.65801,-0.111948594,WAL
1927897316000,140.379928,-2.94303898433632,-2.95525218749466,1.00486580469484,-0.30604348,1.8487836,-0.7648033,132.43297,80.6748,-0.17120238,WAL
1927902307000,140.384919,-2.93696061212925,-2.98333638045106,1.01632766043969,-0.4456262,1.8008307,-0.75900006,132.98637,80.69186,-0.23827009,WAL
1927907300000,140.389912,-2.89618043958116,-2.99239863050317,0.948360718809817,-0.5888741,1.6878207,-0.7626653,133.5139,80.74733,-0.3148545,WAL
1927912319000,140.394931,-2.81494538100117,-2.94391280323407,0.858403480347956,-0.70738196,1.598329,-0.75411314,134.03271,80.808846,-0.40152785,WAL
1927917308000,140.39992,-2.68235433242609,-2.82152095549151,0.741111360821859,-0.8219192,1.525636,-0.73426,134.51945,80.90809,-0.48639044,WAL
1927922306000,140.404918,-2.54693376727399,-2.75706101346668,0.649644914496485,-0.93431836,1.4590516,-0.70616025,134.9872,81.04549,-0.5659877,WAL
1927927327000,140.409939,-2.40885388081988,-2.73801561818002,0.578224259570254,-1.0586295,1.3698653,-0.68294734,135.42285,81.215904,-0.6454323,WAL
1927932299000,140.414911,-2.26816811342155,-2.75381174517958,0.548320174517958,-1.1496484,1.3261884,-0.6646214,135.85587,81.421486,-0.7102058,WAL
1927937306000,140.419918,-2.12313643043478,-2.79913408695652,0.552852408695652,-1.187522,1.2162327,-0.64660084,136.23969,81.64338,-0.7742236,WAL
1927942335000,140.424947,-2.01410109798127,-2.85306328293444,0.658489675317378,-1.280679,1.0958922,-0.59773165,136.61057,81.91168,-0.8240379,WAL
1927947314000,140.429926,-1.95455951146722,-2.91756672013528,0.896656176805411,-1.3741413,0.95356065,-0.5696318,136.94035,82.18702,-0.86708456,WAL
1927952305000,140.434917,-1.92950801592484,-3.01134906270286,1.16366061299231,-1.4636332,0.7910705,-0.54305923,137.23335,82.46995,-0.88408524,WAL
1927957301000,140.439913,-1.93858947987093,-3.13394892080288,1.45880838089589,-1.5735888,0.59223384,-0.52595496,137.47144,82.78018,-0.8988999,WAL
1927962268000,140.44488,-1.95910664351955,-3.30019627535105,1.77839819518133,-1.6691893,0.36743546,-0.5140431,137.65585,83.029434,-0.89078814,WAL
1927967307000,140.449919,-1.99810653862006,-3.5390707855541,2.14402256807758,-1.7809776,0.14935656,-0.4642576,137.7808,83.30742,-0.89152414,WAL
1927972301000,140.454913,-2.04869853207082,-3.94167123525059,2.54659222293667,-1.8936822,-0.044593163,-0.39828414,137.85913,83.490776,-0.8835662,WAL
1927977321000,140.459933,-2.11645239272439,-4.58109781430459,3.00816506148155,-1.9688187,-0.17928895,-0.3387248,137.8886,83.688835,-0.88362586,WAL
1927982250000,140.464862,-2.17463507521815,-5.30415933782723,3.49424963483857,-2.038152,-0.26206118,-0.2556471,137.89468,83.76498,-0.8973442,WAL
1927987300000,140.469912,-2.17991025410122,-6.66515648115183,4.2063993899651,-2.0567832,-0.27947086,-0.11026118,137.87457,83.8412,-0.9452418,WAL
1927992328000,140.47494,-2.08547175797999,-8.26915497798952,4.97954727093854,-2.042428,-0.19181168,0.07849618,137.88374,83.72751,-1.0251175,WAL
1927997311000,140.479923,-1.77627269090043,-10.3971715504717,5.8844088877656,-1.9532416,0.025350908,0.2846632,137.91292,83.59847,-1.1565593,WAL
1928002262000,140.484874,-1.35103549749061,-12.4513935238095,7.04384051621221,-1.7421877,0.3286455,0.4334089,137.99371,83.242355,-1.298074,WAL
1928007303000,140.489915,-0.454373175459395,-14.3067215714286,9.24734035382336,-1.3371841,0.58001655,0.5363397,138.10196,82.82715,-1.4908792,WAL
1928012276000,140.494888,0.62795046901292,-15.977573114522,11.2248969462532,-0.6044512,0.66156703,0.44990227,138.31909,82.050446,-1.5973303,WAL
1928017308000,140.49992,2.61534118347287,-16.9488546955039,12.3406252728682,0.30695978,0.6582073,0.119729586,138.5625,81.20435,-1.6704209,WAL
1928022285000,140.504897,4.470098381829,-17.7839224998016,12.8878292702837,1.0522153,0.69974613,-0.2724459,138.72758,80.205734,-1.6548076,WAL
1928027325000,140.509937,6.01165861670304,-18.2483048604444,11.7532028945646,1.4364496,0.9315695,-0.5119051,138.95227,79.14874,-1.6051538,WAL
1928032382000,140.514994,7.07366475919028,-18.5153549650034,10.4595496427801,1.5265522,1.0882565,-0.5534439,139.2031,78.062935,-1.2341024,WAL
1928037310000,140.519922,6.6850421284678,-18.1915030947946,8.7431336678757,1.4865406,1.4095715,-0.6026186,139.58354,76.97277,-0.8533697,WAL
1928042352000,140.524964,6.12762231703593,-17.5314369763473,7.1034733107485,1.2950343,1.6383406,-0.6243043,140.11237,76.174614,-0.27551892,WAL
1928047314000,140.529926,4.96570331230539,-15.6201988739521,5.93681168386228,1.0595458,1.7336355,-0.63438356,140.69077,75.42236,0.2534862,WAL
1928052307000,140.534919,3.77430157170418,-13.602099525818,4.88125329266124,0.8567385,1.6985108,-0.6533204,141.36462,74.91699,0.7214169,WAL
1928057300000,140.539912,2.49001688199357,-11.1872823426329,4.32050931377908,0.70646566,1.6053538,-0.64934975,142.0368,74.475235,1.1539683,WAL
1928062298000,140.54491,1.22323764229216,-8.80834964584321,3.78193093872405,0.54825157,1.4761559,-0.63713247,142.67584,74.16079,1.4331058,WAL
1928067313000,140.549925,0.180642075612854,-6.88706031225709,3.51786734738838,0.3866777,1.357648,-0.58276546,143.27931,73.90069,1.696146,WAL
1928072829000,140.555441,-0.961100263758489,-4.84023146845289,3.23915968307513,0.1966986,1.2464706,-0.5030475,143.76735,73.67704,1.7813048,WAL
1928077367000,140.559979,-1.84191235922963,-3.93174972696307,3.14692805936969,-0.014660766,1.1545353,-0.36926803,144.21178,73.51647,1.8434324,WAL
1928082288000,140.5649,-2.78616225306164,-3.02119713764079,3.05968477702232,-0.2171626,1.10139,-0.2134974,144.58437,73.37879,1.7157538,WAL
1928087301000,140.569913,-3.62186276963957,-2.95729067857874,3.11867540594921,-0.44990227,1.0635164,-0.027488936,144.91093,73.3175,1.5512656,WAL
1928092337000,140.574949,-4.38597766919866,-2.96709943035615,3.21710356677796,-0.6737844,1.0082331,0.16432275,145.12442,73.28778,1.2267616,WAL
1928097314000,140.579926,-4.66448042470785,-3.44453281124096,3.56191660767947,-0.8885035,0.8197812,0.3323107,145.2688,73.317314,0.8729796,WAL
1928102651000,140.585263,-4.95359154825774,-3.98808660761145,3.93081220438972,-1.0888673,0.43401974,0.453262,145.2578,73.37471,0.39170924,WAL
1928107296000,140.589908,-5.00554899735254,-5.1224917266498,4.23389745974304,-1.2733486,-0.14294247,0.56169057,145.12553,73.47071,-0.10226165,WAL
1928112250000,140.594862,-5.06096281927195,-6.33236103982869,4.55714489892934,-1.4062119,-0.8045095,0.6411031,144.83081,73.55214,-0.63854533,WAL
1928117301000,140.599913,-5.21707269808388,-8.50674159716197,4.49990286558207,-1.4309518,-1.4871514,0.6924158,144.36235,73.62789,-1.1483291,WAL
1928122336000,140.604948,-5.38268469718004,-10.7686520911063,4.40402233991323,-1.3402383,-2.0393736,0.77457714,143.73769,73.67869,-1.6467444,WAL
1928127357000,140.609969,-5.87471116602917,-12.9866925030794,3.27606259111831,-1.1890492,-2.2941043,0.84971356,143.02213,73.691475,-2.1397774,WAL
1928132281000,140.614893,-6.48613661588331,-15.1470627876823,1.76278427552674,-0.97433007,-2.282498,0.883922,142.22806,73.63257,-2.618766,WAL
1928137306000,140.619918,-6.54260161894488,-16.5360554880729,1.37896500952536,-0.82253003,-2.02624,0.88208944,141.48132,73.642426,-3.0943074,WAL
1928142315000,140.624927,-6.49964211375071,-17.7779775605308,1.19931591752829,-0.3594942,-1.5888605,0.83108217,140.79808,73.48512,-3.5688972,WAL
1928147282000,140.629894,-5.59319408584071,-18.1289800353982,0.837504485663717,0.41691554,-0.9831876,0.79351395,140.29941,73.45607,-4.078155,WAL
1928152208000,140.63482,-3.38869090649687,-17.1463732825383,0.201100542767106,1.2012665,-0.7275405,0.5653558,139.85454,73.29618,-4.5108867,WAL
1928157224000,140.639836,-1.64440260231363,-14.8418144553241,-0.879141135184519,1.5238034,-0.7583892,0.1704314,139.5724,73.16042,-4.841091,WAL
1928162233000,140.644845,-0.35092611176483,-11.3722530365338,-2.34508116628106,1.294118,-0.63316184,-0.21533,139.42935,72.98026,-5.1250505,WAL
1928167227000,140.649839,0.284930712276657,-8.61385460086455,-2.75464285014409,0.6588182,-0.27214047,-0.4175264,139.45682,72.98225,-5.111954,WAL
1928172205000,140.654817,0.550230073616218,-6.25932317832654,-2.56988079121534,-0.13408493,-0.08735373,-0.5366451,139.49252,73.11432,-5.01563,WAL
1928177252000,140.659864,0.358501999623986,-4.71185726831585,-2.14708668491985,-0.83108217,-0.33200526,-0.56779927,139.53452,73.516,-4.7564206,WAL
1928182227000,140.664839,-0.103517822511379,-3.68409876890956,-1.590777173491,-1.294118,-0.73945236,-0.48075095,139.57773,74.0665,-4.503625,WAL
1928187227000,140.669839,-0.621657134838009,-2.91233767925721,-1.4637880746938,-1.5717562,-1.181108,-0.38973203,139.50883,74.660774,-4.2223506,WAL
1928192257000,140.674869,-1.17835864501185,-2.30805482346898,-1.62080645063216,-1.7708983,-1.5711454,-0.3387248,139.33575,75.35504,-3.9314072,WAL
1928197250000,140.679862,-1.73570310498857,-1.9006149343337,-2.0328830919209,-1.9193386,-1.8680259,-0.27672195,139.01143,75.965164,-3.7361825,WAL
1928202251000,140.684863,-2.29730959045016,-1.62933043885521,-2.6278052921594,-2.000889,-2.0900755,-0.18845193,138.59448,76.60297,-3.5472395,WAL
1928207242000,140.689854,-2.80162638500543,-1.68001204080103,-3.16792410492256,-2.0497584,-2.28036,-0.04886922,138.05272,77.246796,-3.4666612,WAL
1928212252000,140.694864,-3.26547375316169,-1.97346657587057,-3.66963648669232,-2.0995438,-2.5002716,0.08399397,137.43445,77.90373,-3.403613,WAL
1928217248000,140.69986,-3.61456475367676,-2.33976310505309,-4.16901038710185,-2.1062634,-2.7320948,0.20372356,136.73563,78.59377,-3.4612818,WAL
1928222232000,140.704844,-3.86795284239088,-2.766768872965,-4.66640182776248,-2.0665572,-2.8790078,0.2959642,135.99188,79.26418,-3.5555766,WAL
1928227376000,140.709988,-3.96650758511271,-3.08401379878177,-5.07257045160671,-1.9914207,-2.899472,0.3912592,135.20966,79.94506,-3.7636373,WAL
1928232347000,140.714959,-3.91627554666667,-3.28037554666667,-5.36939613333333,-1.9413297,-2.8496864,0.44226643,134.40419,80.58442,-3.9977067,WAL
1928237317000,140.719929,-3.86139260717304,-3.51384022356294,-5.47356879581409,-1.9190332,-2.6786442,0.559858,133.6307,81.20669,-4.3299727,WAL
1928242362000,140.724974,-3.79967545703056,-3.79868834953326,-5.33114498069176,-1.8823812,-2.4761422,0.6963864,132.88144,81.73221,-4.700107,WAL
1928247296000,140.729908,-3.79799273695674,-4.24688370894195,-5.07083368559297,-1.8362609,-2.3243423,0.8503244,132.18025,82.19316,-5.1083097,WAL
1928252332000,140.734944,-3.88472655388151,-4.96002810162853,-4.62270903190129,-1.8063285,-2.2308798,1.0140363,131.52243,82.50241,-5.5754814,WAL
1928257256000,140.739868,-3.88584679898041,-5.79509193868453,-4.36488713233707,-1.7660115,-2.1878138,1.1881329,130.8986,82.62555,-6.088016,WAL
1928262328000,140.74494,-3.75475060609756,-6.87299384512195,-4.38430882621951,-1.7434094,-2.160325,1.4010195,130.30226,82.55045,-6.6692395,WAL
1928267328000,140.74994,-3.59414520039515,-8.03186282606078,-4.3812589234547,-1.700038,-2.0418172,1.640784,129.74425,82.232994,-7.32571,WAL
1928272306000,140.754918,-3.38782529545583,-9.3280895336344,-4.34537728027096,-1.6212363,-1.8622227,1.8674151,129.22066,81.743576,-8.042568,WAL
1928277308000,140.75992,-3.10901672475733,-10.6357551534689,-4.30714529866149,-1.5366315,-1.6505579,2.064419,128.77522,81.162384,-8.759382,WAL
1928282287000,140.764899,-2.64129825571677,-11.9512133635435,-4.26329682732196,-1.5121969,-1.400714,2.207667,128.40459,80.46635,-9.521037,WAL
1928287282000,140.769894,-2.13501790215862,-13.1586883172495,-4.26047922963469,-1.564426,-1.1313224,2.3246477,128.14713,100.22545,-10.224178,WAL
1928292289000,140.774901,-1.54487976555968,-14.1188341193592,-4.3494681642899,-1.6505579,-0.8381071,2.3426683,127.98048,100.95658,-10.926509,WAL
1928297272000,140.779884,-0.936951611903076,-14.8980098040267,-4.40986572993727,-1.7559321,-0.537256,2.2892175,127.94674,101.56647,-11.476077,WAL
1928302273000,140.784885,-0.268262988941724,-15.1790529500202,-4.39048341434642,-1.8799378,-0.267559,2.1661282,127.99592,102.17871,-11.996268,WAL
1928307284000,140.789896,0.399442931922382,-15.2710052951584,-4.3010994381052,-1.9520199,-0.043982297,2.008525,128.1653,102.61947,-12.3141575,WAL
1928312283000,140.794895,1.05974884964805,-14.8884831275564,-4.03697710905545,-1.9788979,0.14905111,1.817935,128.40399,103.04051,-12.580554,WAL
1928317294000,140.799906,1.66022577274642,-14.4435460141006,-3.71680558502037,-1.9822577,0.26267207,1.5964963,128.71161,103.29542,-12.652078,WAL
1928322339000,140.804951,1.99201391746097,-13.7224597734286,-3.14834187705901,-2.0112739,0.28008172,1.3515394,129.0406,103.52373,-12.666273,WAL
1928332307000,140.814919,2.64756678693861,-12.2977248582612,-2.02516125447054,-2.0766363,-0.005192355,0.9080512,129.69695,103.634224,-12.31021,WAL
1928337279000,140.819891,2.97455403282974,-11.5870725711212,-1.46492308678295,-2.115121,-0.47067168,0.625526,129.9266,103.49406,-11.953041,WAL
1928342349000,140.824961,2.87621499470292,-10.6876238312185,-1.01270539722054,-2.1255057,-1.1239921,0.4092797,130.02785,103.36334,-11.6004305,WAL
1928347295000,140.829907,2.68541186265861,-9.77176857824774,-0.597708502839879,-2.1126773,-1.8521434,0.22571471,129.96631,103.205,-11.212504,WAL
1928352353000,140.834965,2.18271559286984,-9.07733361011258,-0.984833557851076,-2.058616,-2.439185,0.060170226,129.82875,102.83612,-10.7514,WAL
1928357264000,140.839876,1.63464716838831,-8.45030618970966,-1.5189679534367,-1.9770653,-2.7766879,-0.07696902,129.55856,102.461464,-10.288361,WAL
1928362348000,140.84496,1.07613795343578,-8.06430988120567,-2.20552378566785,-1.861001,-2.8774807,-0.17684549,129.16905,102.097946,-9.886401,WAL
1928367245000,140.849857,0.540270743089046,-7.75480037943262,-2.89845550821513,-1.724778,-2.8108964,-0.23793201,128.74301,101.72194,-9.48113,WAL
1928372352000,140.854964,0.0553801451080099,-7.6553974998853,-3.51100635645192,-1.6377298,-2.649017,-0.2706133,128.26393,101.56519,-9.205076,WAL
1928377286000,140.859898,-0.391756592028293,-7.62378188799465,-4.07105657530109,-1.5790867,-2.4346035,-0.29657507,127.83107,101.39278,-8.920714,WAL
1928382323000,140.864935,-0.778459391586998,-7.70976136073261,-4.06965437009158,-1.5418239,-2.330451,-0.28985557,127.296425,101.48995,-8.755245,WAL
1928387300000,140.869912,-1.1286108499044,-7.84886252551072,-3.80584151568884,-1.5711454,-2.3044891,-0.2507602,126.80824,101.60358,-8.593665,WAL
1928392299000,140.874911,-1.37889064323584,-7.99890056271153,-3.6079830414262,-1.6016886,-2.2385156,-0.17531833,126.32996,101.88045,-8.516971,WAL
1928397318000,140.87993,-1.58576765688154,-8.1540581142913,-3.4387201016727,-1.5949692,-2.123673,-0.081855945,125.87899,102.17969,-8.459816,WAL
1928402336000,140.884948,-1.74627070988455,-8.35113536732834,-3.21443000547904,-1.5958854,-1.9727893,0.0076358155,125.44176,102.51212,-8.488543,WAL
1928407348000,140.88996,-1.88238280297752,-8.56988728995341,-2.9616504402775,-1.5607607,-1.7540996,0.06627888,125.06399,102.848915,-8.530184,WAL
1928412348000,140.89496,-1.89561556270934,-8.74253794083837,-2.56332815889406,-1.577254,-1.4987578,0.11728613,124.73723,103.21005,-8.6321,WAL
1928417358000,140.89997,-1.85282313252403,-8.89468832930334,-2.09736628474879,-1.6404786,-1.289842,0.18600847,124.46766,103.583496,-8.747679,WAL
1928422352000,140.904964,-1.67613466330633,-8.96975444803357,-1.57195990053284,-1.6951511,-1.1316279,0.27183503,124.263306,103.9363,-8.903627,WAL
1928427430000,140.910042,-1.429348967571,-9.00772175261052,-1.0072002515507,-1.740966,-1.0665708,0.35338554,124.09878,104.30477,-9.069464,WAL
1928432329000,140.914941,-1.1936568180373,-9.04236553429125,-0.411194676698257,-1.7357736,-0.9990701,0.38515055,124.01533,104.56762,-9.235866,WAL
1928437344000,140.919956,-0.953836482360134,-9.07662524640783,0.229957557618465,-1.6960673,-1.0085385,0.4251622,123.934074,104.84064,-9.422631,WAL
1928442347000,140.924959,-0.670722894266195,-9.05132463344146,0.638521563025656,-1.5800029,-1.0729848,0.44898596,123.96857,104.88992,-9.574255,WAL
1928447340000,140.929952,-0.365198004559127,-8.99492037186671,0.925244904597464,-1.4101825,-1.1490375,0.4560109,123.9883,104.926056,-9.726461,WAL
1928452342000,140.934954,-0.227970203910846,-8.94042589598706,0.842050370716668,-1.1908818,-1.2104294,0.46639562,123.84657,104.99514,-9.907369,WAL
1928457362000,140.939974,-0.193953328059234,-8.88697073577277,0.531038916961488,-0.9789116,-1.2421945,0.44409904,123.687004,105.02418,-10.077871,WAL
1928462338000,140.94495,-0.206734990141214,-8.80308686140811,0.173622853314505,-0.79351395,-1.2492194,0.41172317,123.44201,105.02371,-10.209948,WAL
1928467344000,140.949956,-0.245420877435949,-8.70153635928989,-0.213236090324793,-0.63499445,-1.2308935,0.37782016,123.1933,104.980286,-10.332329,WAL
1928472352000,140.954964,-0.398158528203194,-8.61738016086999,-0.568100631100225,-0.54519725,-1.2043208,0.36651915,122.979774,104.92801,-10.4345455,WAL
1928477367000,140.959979,-0.609900077625159,-8.54209472734398,-0.906887076764965,-0.50671273,-1.1749994,0.35796702,122.76993,104.85073,-10.524545,WAL
1928482337000,140.964949,-0.818580187189672,-8.46978768341609,-1.16334518718967,-0.54000485,-1.1276573,0.36193767,122.57438,104.84773,-10.623637,WAL
1928487347000,140.969959,-1.02822381132075,-8.39831831698113,-1.37298881132075,-0.600786,-1.0980303,0.38026363,122.38264,104.84476,-10.721668,WAL
1928492335000,140.974947,-1.18989153878349,-8.36448831723059,-1.51209027897516,-0.70341134,-1.0781772,0.4196644,122.22754,104.91768,-10.859607,WAL
1928497334000,140.979946,-1.32097743253472,-8.35512484705652,-1.60572307419323,-0.8188649,-1.0567969,0.4636467,122.08242,105.00831,-10.998627,WAL
1928502341000,140.984953,-1.41917980223067,-8.39377037511253,-1.64988537288186,-0.9416488,-1.0442741,0.50701815,121.94088,105.17102,-11.173782,WAL
1928507350000,140.989962,-1.49115673219966,-8.47054581384415,-1.65468388164449,-1.0482447,-1.0152581,0.5534439,121.81321,105.35684,-11.354158,WAL
1928512337000,140.994949,-1.53607665231,-8.5523168162,-1.62471298144,-1.1371256,-0.9978484,0.59315014,121.66813,105.59749,-11.555432,WAL
1928517344000,140.999956,-1.56005222118,-8.6386284836,-1.56717173632,-1.2092078,-0.9605856,0.6426302,121.54213,105.85778,-11.762804,WAL
1928522352000,141.004964,-1.5999127523852,-8.76720134751562,-1.44858638383418,-1.2495248,-0.9434814,0.6780604,121.40348,106.14249,-11.985066,WAL
1928527372000,141.009984,-1.65236057525538,-8.92931254656352,-1.28170695648121,-1.2592987,-0.9410379,0.6957755,121.27548,106.430664,-12.207024,WAL
1928532318000,141.01493,-1.74227954667591,-9.12977190755969,-1.11482459845437,-1.2565498,-0.9425651,0.7244862,121.13104,106.73941,-12.445799,WAL
1928537346000,141.019958,-1.86632164674527,-9.36831471425741,-0.943073986862182,-1.2464706,-0.95814216,0.7492262,120.98681,107.039825,-12.680929,WAL
1928542362000,141.024974,-1.97986818933439,-9.67579049121075,-0.8219635286984,-1.2119566,-0.98532563,0.7507534,120.79756,107.33384,-12.926043,WAL
1928547347000,141.029959,-2.08359015783133,-10.0435314698795,-0.746529392168675,-1.1527027,-1.0140363,0.75716746,120.60782,107.616394,-13.172688,WAL
1928552342000,141.034954,-2.15157380585598,-10.3738194152599,-0.676792064501669,-1.0821478,-1.0079277,0.7611381,120.39377,107.87119,-13.431046,WAL
1928557350000,141.039962,-2.18359329091083,-10.6665693750119,-0.612753046628517,-1.0024298,-0.9941832,0.7535023,120.17523,108.10268,-13.681329,WAL
1928562299000,141.044911,-2.1645252,-10.9095976881394,-0.586050514026132,-0.91507614,-0.9633345,0.75900006,119.94757,108.30672,-13.936501,WAL
1928567343000,141.049955,-2.0666716,-11.0857340863972,-0.615406578699483,-0.8210029,-0.9627236,0.76174897,119.71588,108.48575,-14.182036,WAL
1928572306000,141.054918,-1.88699799233449,-11.2798096515679,-0.754198554738676,-0.70249504,-0.97341377,0.77366084,119.441086,108.68067,-14.445507,WAL
1928577465000,141.060077,-1.58204850083624,-11.5109811289199,-1.05422959584669,-0.5564982,-0.9850202,0.79137594,119.16838,108.84953,-14.703779,WAL
1928582305000,141.064917,-1.20161479111975,-11.7103528174295,-1.35355165082261,-0.3717115,-0.97066486,0.8072584,118.899826,108.98936,-14.943282,WAL
1928587343000,141.069955,-0.672421924839964,-11.893165054143,-1.69031067995812,-0.11759156,-0.9034697,0.8078693,118.64464,109.088554,-15.1741085,WAL
1928592280000,141.074892,-0.0961139877017186,-11.9737024916011,-1.97217961346733,0.12064589,-0.768163,0.7858781,118.454,109.15381,-15.338357,WAL
1928597348000,141.07996,0.582503051902126,-11.9077259793184,-2.18896005339353,0.32559118,-0.58368176,0.72173727,118.29529,109.171005,-15.4796915,WAL
1928602244000,141.084856,1.20520861113825,-11.7846517860283,-2.36299631289692,0.4120286,-0.36468655,0.6224717,118.247154,109.13224,-15.505628,WAL
1928607351000,141.089963,1.78819523971666,-11.5361656738642,-2.47290359335613,0.35888332,-0.14630222,0.47555858,118.245026,109.058105,-15.48975,WAL
1928612254000,141.094866,2.22487551769646,-11.3911093761248,-2.51847606208758,0.20555615,0.058337633,0.31215215,118.35648,108.92806,-15.338383,WAL
1928617345000,141.099957,2.37111278755249,-11.4739773371326,-2.41611005971806,-0.0036651916,0.19792034,0.12858713,118.49998,108.781296,-15.136108,WAL
1928622303000,141.104915,2.35543834338504,-11.6120845463887,-2.18169341253829,-0.20372356,0.22296582,-0.0711658,118.70274,108.596375,-14.814493,WAL
1928627363000,141.109975,1.96282808886474,-11.8897841057208,-1.62150551707341,-0.28863382,0.17654006,-0.16493362,118.916534,108.41824,-14.474606,WAL
1928632288000,141.1149,1.50057923803434,-12.0946183141788,-1.08929932553914,-0.41355577,0.004886922,-0.31703907,119.07589,108.214874,-14.059962,WAL
1928637344000,141.119956,0.808462005985226,-12.1271335743477,-0.578340285661934,-0.5012149,-0.22266038,-0.4184427,119.19925,108.023605,-13.648344,WAL
1928642352000,141.124964,0.124289729496176,-12.1212107555449,-0.132460237534417,-0.5497787,-0.43799037,-0.4700608,119.175896,107.821335,-13.297774,WAL
1928647343000,141.129955,-0.552008601638623,-11.9612759260038,0.06860142925239,-0.5476407,-0.5815437,-0.48197266,119.10315,107.62212,-12.947731,WAL
1928652280000,141.134892,-1.19472855764799,-11.8212435896779,0.252460580925835,-0.46028697,-0.62125,-0.45937067,118.896484,107.432175,-12.724759,WAL
1928657350000,141.139962,-1.59165717480548,-11.8595015410224,0.290718766969369,-0.33505958,-0.5681047,-0.40591997,118.67832,107.24306,-12.515877,WAL
1928662357000,141.144969,-1.94637071255472,-11.9235855574015,0.333639113903701,-0.17348573,-0.45570546,-0.32620203,118.40644,107.10326,-12.447849,WAL
1928667344000,141.149956,-1.85134573947473,-12.3036855489455,0.438166554524473,-0.014966198,-0.32803464,-0.24190263,118.16021,106.95487,-12.394157,WAL
1928672395000,141.155007,-1.73712143273371,-12.7036134295193,0.559922673518136,0.16310102,-0.19333886,-0.18600847,117.92394,106.826164,-12.415615,WAL
1928677365000,141.159977,-1.40025284922835,-13.2837758000098,0.878076395429077,0.3454443,-0.056505036,-0.17623462,117.72935,106.678665,-12.439332,WAL
1928682563000,141.165175,-1.04879922354478,-13.8808349815438,1.21477700873825,0.559858,0.01160644,-0.21655174,117.542274,106.470215,-12.43991,WAL
1928687341000,141.169953,-0.73634983589906,-14.311018818951,1.57250887124196,0.7651087,-0.028710667,-0.28313604,117.36443,106.2341,-12.433137,WAL
1928692548000,141.17516,-0.394616081710706,-14.7644365868519,1.93730203085444,0.9798279,-0.12736541,-0.36071593,117.166664,105.87657,-12.353525,WAL
1928697344000,141.179956,-0.0568008136965405,-14.8937239087442,1.80384410945247,1.1823297,-0.21563543,-0.45051312,116.959274,105.48204,-12.253972,WAL
1928702245000,141.184857,0.28841032653228,-15.0258417495687,1.66746436116408,1.4107933,-0.2134974,-0.5363397,116.72523,104.976326,-12.091261,WAL
1928707358000,141.18997,0.630237102198191,-14.9406035996854,1.23054714334841,1.6029104,-0.15607607,-0.6246097,116.482285,104.4452,-11.906834,WAL
1928712254000,141.194866,0.952903544416044,-14.8023180723555,0.7373284448663,1.7999145,-0.06963864,-0.73364913,116.24913,103.8782,-11.694197,WAL
1928717347000,141.199959,1.21370433426816,-14.4452316374988,0.298034102528986,1.9608774,0.035430185,-0.83199847,116.0775,103.259796,-11.400096,WAL
1928722275000,141.204887,1.4428719616589,-14.0336652563671,-0.104178498989198,2.087632,0.09101892,-0.8979719,115.91847,102.63003,-11.089804,WAL
1928727370000,141.209982,1.54617216452402,-13.566012699051,-0.388246244129733,2.1627684,0.19272798,-1.0186177,115.87095,101.97368,-10.68941,WAL
1928732356000,141.214968,1.60223317579493,-13.0941656793856,-0.62183375857059,2.3273966,0.27550024,-1.1285735,115.83496,101.30643,-10.282714,WAL
1928737343000,141.219955,1.46236113513514,-12.6086422972973,-0.692851782882883,2.5399778,0.35185838,-1.2098186,115.879906,100.63413,-9.829351,WAL
1928742346000,141.224958,1.24184612050529,-12.1160025898942,-0.697543589620055,2.7834074,0.4034765,-1.2892311,115.93951,99.94663,-9.356441,WAL
1928747340000,141.229952,0.837468561767525,-11.7354960104853,-0.68637991234272,3.0225613,0.4456262,-1.3765849,116.04868,99.26702,-8.868819,WAL
1928752341000,141.234953,0.340071329095267,-11.4102746980228,-0.667249264529658,3.2446108,0.51159966,-1.4566082,116.17835,98.59751,-8.372928,WAL
1928757346000,141.239958,-0.200604880293857,-11.3915282855734,-0.685874465171088,3.4293976,0.59620446,-1.5222762,116.31642,97.99457,-7.9069886,WAL
1928762349000,141.244961,-0.762839277302041,-11.5285436868159,-0.723671708362094,3.5210273,0.6921103,-1.5674802,116.47662,97.4472,-7.4369483,WAL
1928767346000,141.249958,-1.70811961028661,-12.3729941323125,-1.30202267078916,3.5509596,0.8359691,-1.6084082,116.65422,82.948784,-7.0394344,WAL
1928772297000,141.254909,-2.86230724654495,-13.6109530967805,-2.18162526171967,3.460246,1.0122037,-1.6178766,116.86956,83.245834,-6.651278,WAL
1928777323000,141.259935,-3.76167464680723,-14.4396032746988,-2.70433728629518,3.249803,1.1655309,-1.59558,117.121895,83.36002,-6.3709493,WAL
1928782314000,141.264926,-4.46712473562249,-14.9674907212851,-2.96828126014056,3.0115657,1.2140946,-1.5192219,117.39344,83.389244,-6.1149774,WAL
1928787304000,141.269916,-5.16388180929165,-15.4057018335125,-3.07135909614069,2.7925704,1.1365148,-1.4498887,117.69327,83.249016,-6.126126,WAL
1928792318000,141.27493,-5.85823272749389,-15.7857184537372,-3.06666744220811,2.6331346,1.0088439,-1.3607023,117.98577,83.106705,-6.1548285,WAL
1928797308000,141.27992,-6.62909639027331,-16.0345517532154,-2.98763927752211,2.5094345,0.8564331,-1.2681563,118.26804,82.93699,-6.243293,WAL
1928802309000,141.284921,-7.46646439308682,-16.178925477492,-2.84807796047026,2.4281893,0.6963864,-1.1869112,118.50303,82.77337,-6.337767,WAL
1928807282000,141.289894,-8.25765051374876,-16.5002431604352,-2.91057527092977,2.3423629,0.53878313,-1.146594,118.716965,82.56877,-6.475908,WAL
1928812315000,141.294927,-9.025228315727,-16.967464864095,-3.13465075329377,2.2797492,0.45142943,-1.2360858,118.89689,82.39665,-6.582605,WAL
1928817306000,141.299918,-9.2427145411998,-16.6897909418939,-3.20883037916708,2.237294,0.473726,-1.5393804,119.10417,82.225525,-6.6367006,WAL
1928822297000,141.304909,-8.99626059434804,-15.7798071762023,-3.15669598177491,2.0659463,0.61636305,-1.7180585,119.31234,82.08099,-6.6920705,WAL
1928827388000,141.31,-8.37801901672439,-14.7811784027709,-3.18770254641267,1.9312505,0.80573124,-1.8912388,119.59122,81.975815,-6.6817675,WAL
1928832340000,141.314952,-7.45816019546759,-13.7486834624443,-3.2909520159426,1.6972891,0.84574294,-1.8826867,119.85817,81.91547,-6.66663,WAL
1928837338000,141.31995,-6.43578119464655,-12.7612350854777,-3.37102757740314,1.6270396,0.8848383,-1.749518,120.195244,81.86318,-6.612806,WAL
1928842384000,141.324996,-5.3114002126294,-11.8178989917184,-3.42819940910973,1.6368134,1.0503827,-1.570229,120.569275,81.82286,-6.578396,WAL
1928847342000,141.329954,-4.26341489552766,-11.1814053499412,-3.25018185127501,1.7366899,1.2657127,-1.3481796,120.96612,81.80302,-6.511935,WAL
1928852338000,141.33495,-3.2685840925461,-10.8529232499019,-2.81846291879168,1.9071213,1.4712689,-1.149343,121.396675,81.73273,-6.496327,WAL
1928857331000,141.339943,-2.39800308601559,-10.5763597992803,-2.28069209438225,2.084883,1.6337591,-1.0482447,121.86122,81.69494,-6.4222565,WAL
1928862356000,141.344968,-1.68125027638944,-10.3647010127949,-1.60242267764894,2.221106,1.6893479,-1.0430524,122.34535,81.61149,-6.3824077,WAL
1928867287000,141.349899,-1.09425001608803,-10.1475803348865,-1.14452290361852,2.2397375,1.6328428,-1.0735956,122.77431,81.55299,-6.3006854,WAL
1928872348000,141.35496,-0.647383374061664,-9.91213470754436,-0.952322159066125,2.2058344,1.597718,-1.0968086,123.217415,81.478165,-6.225551,WAL
1928877314000,141.359926,-0.3681704956387,-9.78921784023054,-0.931258519085412,2.126422,1.627345,-1.087951,123.653244,81.39161,-6.0824766,WAL
1928882419000,141.365031,-0.308120916991686,-9.8169331090325,-1.14836089531368,2.1056526,1.8371773,-1.0833695,124.12412,81.30113,-5.94078,WAL
1928887238000,141.36985,-0.234220603412785,-9.84759576124464,-1.24400979204647,2.1584923,2.0650299,-1.1044444,124.62579,81.20344,-5.7439513,WAL
1928892389000,141.375001,-0.11122735047771,-9.89187319627007,-1.06689946117483,2.2482896,2.1902573,-1.0763446,125.14813,81.085464,-5.571311,WAL
1928897245000,141.379857,0.0140588371078334,-9.90151455012956,-0.985544457997807,2.3057108,2.2336287,-1.033584,125.74526,80.96662,-5.383959,WAL
1928902344000,141.384956,0.169792186139127,-9.8285145951764,-1.12181116762009,2.2461514,2.2745566,-0.9993755,126.36573,80.848694,-5.2108765,WAL
1928907268000,141.38988,0.293666447615246,-9.69556811714229,-1.30126275024945,2.1456642,2.3157902,-0.9618073,127.00391,80.69045,-5.028791,WAL
1928912364000,141.394976,0.35210197757733,-9.3936507106366,-1.61291889648773,2.071444,2.3564126,-0.91354895,127.64017,80.53296,-4.8655314,WAL
1928917337000,141.399949,0.352591049953803,-9.07044401915493,-1.96355832650704,2.024102,2.3652701,-0.85062987,128.3028,80.38294,-4.690616,WAL
1928922297000,141.404909,0.21432533733784,-8.67794827455399,-2.42741747993427,1.9953914,2.3872614,-0.8246681,128.96872,80.24742,-4.5241055,WAL
1928927322000,141.409934,0.0559750219933362,-8.28581503957283,-2.85610813624947,1.9504927,2.424524,-0.7699956,129.66498,80.12866,-4.373576,WAL
1928932318000,141.41493,-0.201545752443571,-7.92610329566852,-3.05640202316959,1.9022343,2.4911084,-0.7058548,130.36287,80.01928,-4.2365804,WAL
1928937248000,141.41986,-0.455664531061256,-7.57114354838103,-3.25404991398548,1.8719965,2.479502,-0.66339964,131.09541,79.9255,-4.1133833,WAL
1928942308000,141.42492,-0.699645594441527,-7.23208686340133,-3.3061811578065,1.8270979,2.4572055,-0.64873886,131.83284,79.851,-4.002258,WAL
1928947250000,141.429862,-0.933850857370228,-6.90706746437083,-3.32052034435468,1.7754798,2.4199426,-0.6386596,132.5521,79.7895,-3.8994753,WAL
1928952312000,141.434924,-1.13779099006511,-6.60794487036306,-3.25248810028611,1.7015651,2.3649647,-0.6420194,133.32973,79.689766,-3.8144088,WAL
1928957273000,141.439885,-1.32997056633781,-6.32201918200474,-3.1681165945146,1.6264287,2.284636,-0.6542367,134.0829,79.610146,-3.7269833,WAL
1928962319000,141.444931,-1.48378050565217,-6.03082768782609,-3.0936209073913,1.5378532,2.219579,-0.6722572,134.8412,79.52567,-3.6660674,WAL
1928967244000,141.449856,-1.62359999033597,-5.74652807221344,-3.0237111163834,1.4544702,2.158187,-0.6948592,135.57338,79.46767,-3.5972292,WAL
1928972340000,141.454952,-1.77049021674312,-5.43203731743119,-2.90125623738532,1.3753631,2.1138992,-0.7134906,136.29639,79.399765,-3.5498536,WAL
1928977327000,141.459939,-1.91488414332777,-5.11835376964137,-2.76682050546289,1.2968669,2.0677788,-0.71837753,136.99762,79.36063,-3.4976387,WAL
1928982274000,141.464886,-2.08592051093913,-4.85054016855949,-2.83783394615896,1.2278391,2.1035144,-0.7351763,137.71323,79.31596,-3.4624567,WAL
1928987244000,141.469856,-2.26218787785585,-4.58839888482575,-2.94178651524072,1.1942415,2.1499403,-0.73853606,138.41469,79.2874,-3.428878,WAL
1928992371000,141.474983,-2.42304078155036,-4.23267668380151,-2.57698770842713,1.1487321,2.105958,-0.7666359,139.10092,79.24928,-3.4050393,WAL
1928997295000,141.479907,-2.57073572057355,-3.86343957721445,-2.07390218986004,1.0106765,2.0329595,-0.7800749,139.78828,79.24954,-3.3863091,WAL
1929002341000,141.484953,-2.65208541620223,-3.57628152085987,-1.77104970843949,0.8689558,2.0366247,-0.7825184,140.49571,79.26181,-3.3967762,WAL
1929007330000,141.489942,-2.70439082108877,-3.32901917352707,-1.55707265035828,0.69974613,2.0821342,-0.80970186,141.19345,79.32719,-3.395907,WAL
1929012317000,141.494929,-2.75282479294118,-3.06794687682353,-1.15726128449412,0.5320636,2.0540345,-0.8072584,141.84654,79.33267,-3.4304094,WAL
1929017342000,141.499954,-2.80000461647059,-2.79902173491176,-0.676026759347059,0.35613444,2.02624,-0.79168135,142.51065,79.39086,-3.464609,WAL
1929022338000,141.50495,-2.83107352560597,-2.63897106399069,-0.23828363855924,0.2782491,1.9315559,-0.7874053,143.14073,79.42358,-3.5069094,WAL
1929027388000,141.51,-2.85451891197402,-2.53112286445608,0.18373095606942,0.12614368,1.8063285,-0.7675522,143.75005,79.522934,-3.5560708,WAL
1929032421000,141.515033,-2.92869027839131,-2.46625156825476,0.537475254368584,-0.03023783,1.6911805,-0.743423,144.31122,79.55183,-3.6176531,WAL
1929037339000,141.519951,-3.0319666607894,-2.42869658695306,0.842610101202033,-0.19425514,1.5781704,-0.72418076,144.83409,79.622314,-3.6790633,WAL
1929042350000,141.524962,-3.1107981166649,-2.3919802672119,1.06802601502921,-0.33200526,1.466382,-0.700357,145.30028,79.64298,-3.7489953,WAL
1929047293000,141.529905,-3.17113353494424,-2.35678463717472,1.23394832342007,-0.47983465,1.3439035,-0.67103547,145.72691,79.70611,-3.8213623,WAL
1929052314000,141.534926,-3.16207613088527,-2.31256701812227,1.27316682182414,-0.6017023,1.2046263,-0.63346726,146.10098,79.724915,-3.916868,WAL
1929057306000,141.539918,-3.12411869888845,-2.2651201290393,1.2589328343688,-0.7199047,1.067487,-0.59650993,146.43568,79.77558,-4.016106,WAL
1929062299000,141.544911,-3.05344351947358,-2.20136733995646,1.18570650170196,-0.82802784,0.929126,-0.5662721,146.7224,79.8088,-4.1307197,WAL
1929067312000,141.549924,-2.96793451751435,-2.13010992099743,1.08594606555512,-0.93370754,0.7779369,-0.52442783,146.9603,79.8618,-4.2533975,WAL
1929072291000,141.554903,-2.85563820085887,-2.11940744688659,0.975262178582862,-1.0140363,0.6404922,-0.4804455,147.16559,79.923805,-4.3777294,WAL
1929077410000,141.560022,-2.72645229706227,-2.13854609189928,0.855645527347258,-1.110553,0.50701815,-0.44318274,147.32375,80.00631,-4.506657,WAL
1929082409000,141.565021,-2.61931612880638,-2.19184709787105,0.795371608382605,-1.1976013,0.37965274,-0.4016439,147.45158,80.11189,-4.634292,WAL
1929087313000,141.569925,-2.52454324865301,-2.26292659717486,0.766939759180708,-1.2953397,0.2443461,-0.36468655,147.53455,80.23173,-4.7665176,WAL
1929092295000,141.574907,-2.49293160647036,-2.42214258395002,0.919472648653623,-1.3848315,0.10598512,-0.33505958,147.58902,80.38682,-4.8814435,WAL
1929097316000,141.579928,-2.49758921135219,-2.63173494953506,1.17564106305695,-1.4929546,-0.056505036,-0.29993483,147.59352,80.55398,-5.0033793,WAL
1929102308000,141.58492,-2.52120662136551,-2.83352845340396,1.44032761132038,-1.6279559,-0.1994475,-0.25686884,147.57077,80.73935,-5.1137958,WAL
1929107301000,141.589913,-2.5587322931136,-3.03053791171277,1.71238826618599,-1.7510452,-0.34972036,-0.21166481,147.49594,80.928795,-5.229981,WAL
1929112320000,141.594932,-2.60522621649295,-3.37834034886573,2.13204029055794,-1.8765781,-0.46609017,-0.14996742,147.3752,81.06484,-5.34638,WAL
1929117311000,141.599923,-2.65895362257306,-3.8521181385653,2.67419855436338,-1.9908098,-0.52564955,-0.12736541,147.22592,81.21176,-5.4628253,WAL
1929122285000,141.604897,-2.64687156601604,-4.78363936251812,3.26143721532515,-2.0500638,-0.6178902,-0.042760566,147.03513,81.252396,-5.6122746,WAL
1929127338000,141.60995,-2.5860838637163,-6.06953108943859,3.89269313979128,-2.1413882,-0.6808093,0.07513642,146.83214,81.301704,-5.7780104,WAL
1929132321000,141.614933,-2.38964423897362,-7.85379577311271,4.68730188377938,-2.1612413,-0.713796,0.20158553,146.60132,81.17037,-5.940719,WAL
1929137313000,141.619925,-2.06404938291607,-10.1283744519041,5.64574309057074,-2.1410828,-0.6209445,0.35277468,146.38138,81.02136,-6.1468663,WAL
1929142287000,141.624899,-1.40542975013206,-12.3293137879677,7.10348948862803,-2.0366247,-0.41691554,0.5021312,146.21455,80.68473,-6.336768,WAL
1929147317000,141.629929,-0.279530139388953,-14.4649887350383,9.26945831055445,-1.7724255,-0.17959438,0.65301496,146.07207,80.3023,-6.573669,WAL
1929152307000,141.634919,0.950129818681835,-15.9770044197067,10.858820958443,-1.2861768,-0.03940081,0.70554936,145.92169,79.91581,-6.7456913,WAL
1929157306000,141.639918,2.28697772562712,-16.9267514386988,11.9300992323242,-0.5320636,-0.19547687,0.5702427,145.75491,79.452,-6.898402,WAL
1929162281000,141.644893,3.79361086816754,-17.7109193648168,12.0591270108901,0.34025195,-0.3286455,0.19883664,145.58188,78.92691,-6.8076835,WAL
1929167310000,141.649922,5.59904635492147,-18.2454894264921,10.6873993298953,0.97402465,-0.11636983,-0.29626966,145.4857,78.34737,-6.6588106,WAL
1929172287000,141.654899,6.24591444863014,-18.0543139623288,9.41590313356164,1.2971723,0.4456262,-0.52381694,145.4902,77.72665,-6.260099,WAL
1929177343000,141.659955,5.63947581849315,-17.0617446049902,8.21960814334638,1.455081,1.0250319,-0.5534439,145.59094,77.01882,-5.8272643,WAL
1929182265000,141.664877,5.04910973116438,-16.0954814766634,7.05501875611546,1.4437801,1.4101825,-0.5540548,145.9861,76.61353,-5.095574,WAL
1929187306000,141.669918,4.44447026626712,-15.105856846453,5.86227290056262,1.3402383,1.5867225,-0.55741453,146.48666,76.14917,-4.432401,WAL
1929192288000,141.6749,3.59247707263435,-13.5174463146443,4.9169956405627,1.1756102,1.6074919,-0.559858,147.04623,75.69298,-3.8414605,WAL
1929197315000,141.679927,2.33056688079142,-10.9497754420099,4.33232689770266,0.95814216,1.5265522,-0.5513059,147.62279,75.26266,-3.2976851,WAL
1929202247000,141.684859,1.20326054527702,-8.60751367943816,4.00673059609832,0.7370089,1.3949108,-0.5479461,148.23282,75.03064,-2.9272826,WAL
1929207304000,141.689916,0.211231548529068,-6.46756530495513,4.03979820663285,0.48716503,1.2205088,-0.52320606,148.79979,74.86284,-2.5695884,WAL
1929212245000,141.694857,-0.687242810440758,-4.74029825123196,4.02074335859429,0.2275473,1.1224649,-0.46761733,149.25757,74.68637,-2.4131072,WAL
1929217311000,141.699923,-1.47782621033474,-3.640149190802,3.90644222467851,0.096516706,0.9193522,-0.4120286,149.63287,74.545876,-2.2446198,WAL
1929222293000,141.704905,-2.2432262913609,-2.90017366065309,3.75249313494214,-0.14294247,0.7644979,-0.27855456,149.87599,74.3797,-2.2751472,WAL
1929227331000,141.709943,-2.99202829448282,-2.86554704870369,3.51010626374809,-0.364992,0.68233645,-0.12370021,150.0744,74.244354,-2.317612,WAL
1929232320000,141.714932,-3.70983487454062,-2.93236031779942,3.30461305999557,-0.59620446,0.6588182,0.051618114,150.19688,74.14151,-2.5531855,WAL
1929237309000,141.719921,-4.21755608261014,-3.89491508163604,3.40509960489263,-0.80939645,0.65240407,0.22479841,150.27942,74.085625,-2.8242123,WAL
1929242317000,141.724929,-4.60054519584726,-5.06389345952267,3.63888845169451,-1.0030408,0.58062744,0.364992,150.26314,74.05659,-3.2342408,WAL
1929247316000,141.729928,-4.67824134801909,-6.71836154505967,4.19190121603819,-1.1285735,0.30787608,0.4728097,150.17162,74.043816,-3.666476,WAL
1929252287000,141.734899,-4.74141208775984,-8.54436706492314,4.73514423162525,-1.2156218,-0.12034045,0.5699373,149.98247,74.04296,-4.175742,WAL
1929257310000,141.739922,-4.7460629885043,-11.1488736672145,5.25604564921203,-1.1969905,-0.6609562,0.66431594,149.67322,74.01486,-4.681951,WAL
1929262316000,141.744928,-4.76514656384947,-13.6169250436245,5.57167015673289,-1.0635164,-1.2357804,0.73975784,149.22908,73.95982,-5.1730514,WAL
1929267318000,141.74993,-4.88096413273415,-15.2283004408704,4.52427564900662,-0.8558222,-1.672549,0.8323039,148.66255,73.84523,-5.6557164,WAL
1929272291000,141.754903,-4.94170387867039,-16.6419370974783,3.48759180027908,-0.54550266,-1.7556267,0.86345804,148.07552,73.708374,-6.0625243,WAL
1929277315000,141.759927,-4.81222373626034,-17.4092270342869,2.45654591952557,-0.16707164,-1.4611896,0.8002335,147.48102,73.48976,-6.451506,WAL
1929282280000,141.764892,-4.48296262477876,-18.0857566371681,1.6852637699115,0.31612277,-1.0283916,0.61208695,147.01823,73.358444,-6.76099,WAL
1929287263000,141.769875,-3.41532046398528,-18.4653634302476,1.81812589975142,0.9007208,-0.89949906,0.44318274,146.56435,73.103676,-7.0442467,WAL
1929292284000,141.774896,-2.29668952715731,-18.2460498610395,1.66365626977782,1.3600914,-1.1410962,0.1685988,146.23302,72.96507,-7.1817536,WAL
1929297266000,141.779878,-1.01895243917477,-15.6716460814323,0.381186736411426,1.4239268,-1.5741998,-0.3277292,145.91762,72.8268,-7.1989484,WAL
1929302299000,141.784911,0.0925201982721425,-12.8662589845621,-1.01807571242949,1.104139,-1.7311921,-0.74006325,145.6957,72.76619,-7.024033,WAL
1929307328000,141.78994,0.430915551574468,-9.18203896595745,-2.86256868638298,0.4633413,-1.3316863,-0.89888823,145.5288,72.79824,-6.802132,WAL
1929312313000,141.794925,0.637308617185493,-5.82777722292717,-4.33523559922917,-0.31978795,-1.0589349,-0.9334021,145.35608,73.08968,-6.3628016,WAL
1929317323000,141.799935,0.220051715317719,-3.89796394038937,-4.09341628200415,-0.70829827,-0.7706065,-0.8921687,145.30215,73.44351,-5.9456487,WAL
1929322294000,141.804906,-0.224004607371129,-2.16542810655486,-3.75260834251509,-1.3494014,-0.7669413,-0.7315111,145.22661,74.15186,-5.5385537,WAL
1929332309000,141.814921,-1.47185796285322,-0.920702094529042,-1.93939074950942,-2.0033326,-1.1496484,-0.3921755,145.0244,75.63851,-4.909758,WAL
1929337342000,141.819954,-2.06300880007849,-0.854493216562009,-1.59415865266876,-2.1664336,-1.3817772,-0.25289822,144.8189,76.45996,-4.6987433,WAL
1929342320000,141.824932,-2.63809502973027,-0.813935513750496,-1.32014239174931,-2.2586741,-1.629483,-0.11148291,144.45598,77.12903,-4.630557,WAL
1929347317000,141.829929,-3.11740737874851,-1.02749052971737,-1.73301550289568,-2.2638667,-1.8613064,0.04337143,144.021,77.7983,-4.6004663,WAL
1929352323000,141.834935,-3.58860727857741,-1.25544620247649,-2.15259806702355,-2.2088888,-2.0677788,0.1994475,143.47357,78.35863,-4.7063556,WAL
1929357302000,141.839914,-3.9437542819663,-1.65942592694349,-2.64536447280514,-2.1621575,-2.2687535,0.33964106,142.85373,78.88795,-4.851214,WAL
1929362314000,141.844926,-4.30125514177451,-2.06608316314123,-3.14139685396146,-2.1077905,-2.48164,0.464563,142.15547,79.376755,-5.1103797,WAL
1929367311000,141.849923,-4.54225174420324,-2.47833399465352,-3.71961765118021,-2.0360138,-2.6035078,0.5656612,141.4209,79.79342,-5.4117446,WAL
1929372290000,141.854902,-4.77277873622144,-2.88966632253294,-4.30271528412172,-1.9694295,-2.6364944,0.6612616,140.647,80.1322,-5.7555757,WAL
1929377404000,141.860016,-4.75453384145958,-3.29433108587606,-4.7153889353046,-1.9303342,-2.5714374,0.77213365,139.86732,80.41693,-6.1984053,WAL
1929382402000,141.865014,-4.67925097514942,-3.6858023051274,-5.07674690321904,-1.8979583,-2.4431555,0.89949906,139.09627,80.58766,-6.687871,WAL
1929387303000,141.869915,-4.57620279120235,-4.17258948146628,-4.91833910680352,-1.8851302,-2.3530529,1.0387764,138.35088,80.686485,-7.2524033,WAL
1929392327000,141.874939,-4.46802865552297,-4.68053665519062,-4.71139779661779,-1.894904,-2.3115141,1.1835514,137.63242,80.63849,-7.869336,WAL
1929397314000,141.879926,-4.27658889438202,-5.55332413864147,-4.62838863755873,-1.9382755,-2.2366831,1.3368785,136.97949,80.495316,-8.512523,WAL
1929402243000,141.884855,-4.07407899101124,-6.47426156982635,-4.56570691209397,-1.9877555,-2.083356,1.4987578,136.3693,80.187706,-9.210377,WAL
1929407299000,141.889911,-3.72434855379478,-7.77259308257438,-4.74147880631451,-2.0402899,-1.8570304,1.668273,135.81577,79.74865,-9.926636,WAL
1929412274000,141.894886,-3.36274725876341,-9.09364386935843,-4.94397570471564,-2.0735822,-1.6972891,1.7577647,135.2992,79.189606,-10.670638,WAL
1929417317000,141.899929,-2.76962232770319,-10.3456127226052,-5.15787322260522,-2.083356,-1.3191634,1.9847012,134.94731,78.536224,-11.4289255,WAL
1929422297000,141.904909,-2.16394830393687,-11.5742655473512,-5.36985904735123,-2.10046,-1.0073168,2.1835377,134.6371,77.79933,-12.200573,WAL
1929427341000,141.909953,-1.52845837511811,-12.8355604188976,-5.22931348692913,-2.1050417,-0.80573124,2.346028,134.47066,102.90335,-12.876472,WAL
1929432295000,141.914907,-0.895878396367454,-14.0807973387927,-4.95536149977953,-2.0977113,-0.7339546,2.463925,134.37111,103.69288,-13.585916,WAL
1929437302000,141.919914,-0.340541548529946,-14.8678107350272,-4.63552205989111,-2.0635028,-0.72387534,2.4694228,134.3881,104.31738,-14.079425,WAL
1929442266000,141.924878,0.190750331130003,-15.5398720386856,-4.30857326631006,-2.012801,-0.6872234,2.4174993,134.44176,104.987114,-14.580884,WAL
1929447313000,141.929925,0.738948685978663,-15.6580471526355,-4.07145092022816,-1.956296,-0.5723807,2.302962,134.54962,105.45525,-14.869321,WAL
1929452248000,141.93486,1.27811062968839,-15.5532100706665,-3.87675357164889,-1.8732183,-0.38698313,2.1407773,134.68713,105.909386,-15.127769,WAL
1929457309000,141.939921,1.74387100009901,-15.1060068946535,-3.67162354221782,-1.7837266,-0.14294247,1.9165897,134.88245,106.14921,-15.185287,WAL
1929462283000,141.944895,2.1824906319802,-14.5919257730693,-3.46882085635644,-1.715615,0.08857546,1.6358972,135.1184,106.34512,-15.187263,WAL
1929467306000,141.949918,2.74096998880206,-13.2747241754503,-2.65532462843801,-1.6441438,0.2507602,1.3478742,135.40459,106.38036,-15.033445,WAL
1929472307000,141.954919,3.32520541540074,-11.7684923689126,-1.69681346582484,-1.5668694,0.31429017,1.0705414,135.71542,106.36188,-14.816212,WAL
1929477294000,141.959906,3.31288833129287,-10.6690270241114,-1.07666226354708,-1.4923438,0.18967366,0.79473567,136.00888,106.20495,-14.4688835,WAL
1929482297000,141.964909,3.05395427582623,-9.73288055560175,-0.593650561089171,-1.4242324,-0.15210545,0.5390886,136.24403,106.00206,-14.074879,WAL
1929487307000,141.969919,2.52074867647059,-9.04496096791444,-0.69634142540107,-1.3875804,-0.70005155,0.3231477,136.37265,105.5312,-13.544861,WAL
1929492345000,141.974957,1.90797387878151,-8.42297098892284,-0.963566552817036,-1.3970488,-1.3011429,0.111177474,136.38388,105.029884,-12.984409,WAL
1929497313000,141.979925,1.25945375272763,-7.92211202517054,-1.54094562560554,-1.3927728,-1.8182404,-0.08827003,136.21791,104.57558,-12.505646,WAL
1929502305000,141.984917,0.588306600213544,-7.46837915130005,-2.25935660968858,-1.4019357,-2.1762075,-0.25228736,135.93271,104.10815,-12.012771,WAL
1929507294000,141.989906,0.03789279855127,-7.26583242935089,-3.01999138654751,-1.4077389,-2.2886066,-0.3726278,135.57573,103.74424,-11.620021,WAL
1929512320000,141.994932,-0.455663219412982,-7.18885595330198,-3.80786969973659,-1.402852,-2.3848178,-0.41172317,135.13437,103.37976,-11.231018,WAL
1929517309000,141.999921,-0.885088603210273,-7.15110284537186,-4.17699923167469,-1.3961325,-2.3096814,-0.44806966,134.64249,103.30677,-10.98114,WAL
1929522294000,142.004906,-1.2631290788122,-7.14599408721241,-4.19743410428036,-1.3799446,-2.1789563,-0.47067168,134.14551,103.23697,-10.731693,WAL
1929527376000,142.009988,-1.54369077174213,-7.19921284165354,-4.18806684106299,-1.3738359,-2.0864103,-0.45448375,133.6479,103.37635,-10.579194,WAL
1929532355000,142.014967,-1.76896440159449,-7.27899720015748,-4.16460065724409,-1.427592,-2.0433443,-0.37965274,133.17738,103.54849,-10.441121,WAL
1929537307000,142.019919,-2.00098501511691,-7.43755962501359,-3.96481350690593,-1.4666874,-1.9425515,-0.2733622,132.73718,103.7941,-10.382157,WAL
1929542305000,142.024917,-2.23957202354541,-7.64144305622621,-3.66549536291463,-1.4865406,-1.7739527,-0.16218472,132.33469,104.073166,-10.3465185,WAL
1929547305000,142.029917,-2.50301002332536,-7.9594759842504,-3.37170033293461,-1.4630222,-1.5974126,-0.047647487,131.95854,104.40275,-10.380025,WAL
1929552309000,142.034921,-2.7991806819378,-8.42761704381978,-3.08508346355662,-1.4825699,-1.3301591,0.0421497,131.66338,104.76584,-10.428569,WAL
1929557280000,142.039892,-2.95091905679913,-8.79712308066266,-2.65454892964205,-1.5103643,-0.95814216,0.116675265,131.43611,105.12967,-10.545459,WAL
1929562318000,142.04493,-2.90809978276304,-9.03976579913224,-2.01701558975446,-1.5943583,-0.56169057,0.19547687,131.30006,105.52344,-10.672467,WAL
1929567258000,142.04987,-2.79316890382766,-9.23074573567134,-1.23883571980361,-1.72264,-0.23884831,0.31398472,131.24376,105.91473,-10.859098,WAL
1929572291000,142.054903,-2.56134483892786,-9.35148780911824,-0.205287192034068,-1.8432859,-0.064446285,0.42210788,131.26337,106.32681,-11.046568,WAL
1929577344000,142.059956,-2.31306427786363,-9.38569237357543,0.731934773428627,-1.9049833,-0.032375857,0.50518554,131.366,106.63777,-11.260041,WAL
1929582471000,142.065083,-2.03801919774,-9.29084881562681,1.5333592084914,-1.8707749,-0.15515977,0.56199604,131.47469,106.95861,-11.485145,WAL
1929587241000,142.069853,-1.80972325777043,-9.17428703508601,2.06286220806687,-1.7168368,-0.35643986,0.6068946,131.55441,107.11943,-11.720339,WAL
1929592320000,142.074932,-1.62535318832734,-8.98991721245991,2.16686585217222,-1.4929546,-0.5665775,0.61850107,131.58762,107.26056,-11.959314,WAL
1929597244000,142.079856,-1.45909978220694,-8.80622307087321,2.11888570520335,-1.207986,-0.7431176,0.61666846,131.48296,107.3321,-12.20783,WAL
1929602346000,142.084958,-1.32272579386962,-8.60166246979665,1.64157661887959,-0.9272934,-0.86620694,0.6062838,131.32672,107.36284,-12.459461,WAL
1929607294000,142.089906,-1.21958740762862,-8.41635990626848,1.14135325294205,-0.6963864,-0.9071349,0.5934556,131.11406,107.36857,-12.697425,WAL
1929612353000,142.094965,-1.19571148056377,-8.26355327498522,0.525353860979697,-0.59620446,-0.9837985,0.5858198,130.85019,107.35023,-12.937579,WAL
1929617294000,142.099906,-1.18336960786993,-8.13576404483356,-0.0674356814267847,-0.44501534,-1.0250319,0.56382865,130.61826,107.315704,-13.134401,WAL
1929622343000,142.104955,-1.20662978835867,-8.07528776986723,-0.644288570444487,-0.37110063,-1.0558805,0.548557,130.36343,107.282906,-13.330255,WAL
1929627398000,142.11001,-1.24832231753857,-8.036997280745,-1.19183723715877,-0.36102137,-1.0488557,0.55771995,130.16977,107.280525,-13.504185,WAL
1929632387000,142.114999,-1.37482478258925,-8.10242956669406,-1.59315553094129,-0.4334089,-1.0366384,0.5674938,129.9644,107.28179,-13.671846,WAL
1929637672000,142.120284,-1.51093776651982,-8.17340361714057,-2.0121227547457,-0.56107974,-0.9999864,0.6038403,129.80948,107.35899,-13.833304,WAL
1929642350000,142.124962,-1.67689805969163,-8.27208281417701,-2.2498496004205,-0.7174612,-0.9428705,0.65240407,129.66422,107.458145,-13.995553,WAL
1929647658000,142.13027,-1.86249872690658,-8.38540779806079,-2.51004294422898,-0.89461213,-0.88514376,0.70280045,129.54987,107.64269,-14.169414,WAL
1929652345000,142.134957,-1.96711954977624,-8.51513754325937,-2.53096708258437,-1.0549643,-0.82711154,0.7489208,129.45544,107.85475,-14.347524,WAL
1929657313000,142.139925,-2.07801271129032,-8.65264498387097,-2.55314568709677,-1.1948525,-0.7901542,0.7910705,129.37222,108.13128,-14.5401535,WAL
1929662348000,142.14496,-2.12941664569017,-8.90928171368294,-2.34838417733574,-1.3151928,-0.7816021,0.8231409,129.30156,108.43001,-14.734838,WAL
1929667247000,142.149859,-2.16712349174201,-9.18265615069319,-2.10328953034961,-1.4245378,-0.81092364,0.8414669,129.23422,108.74667,-14.930872,WAL
1929672337000,142.154949,-2.20051384491797,-9.45226469224967,-1.73627251347351,-1.5042557,-0.8698721,0.85062987,129.14014,109.09416,-15.13947,WAL
1929677331000,142.159943,-2.23207954116538,-9.71380978597021,-1.35297453789365,-1.5726726,-0.9239337,0.83169305,129.0412,109.44439,-15.339906,WAL
1929682335000,142.164947,-2.29847034173785,-9.94646038468336,-1.01499485312518,-1.5812247,-0.9755518,0.8042041,128.89156,109.775536,-15.548468,WAL
1929687313000,142.169925,-2.37804297525773,-10.1664547491409,-0.696704485223368,-1.563815,-0.9941832,0.7825184,128.7381,110.09943,-15.74859,WAL
1929692384000,142.174996,-2.41508806627143,-10.5288256938497,-0.432601604472575,-1.4810427,-0.98837996,0.75594574,128.52808,110.37374,-15.956672,WAL
1929697610000,142.180222,-2.43216500089568,-10.9685581758082,-0.189254468943445,-1.3536774,-0.97310835,0.73914695,128.31726,110.62454,-16.156693,WAL
1929702327000,142.184939,-2.36847674858152,-11.2591487296062,-0.0579216175230178,-1.176221,-0.97402465,0.7644979,128.05269,110.83666,-16.376495,WAL
1929707293000,142.189905,-2.15102163094669,-11.3629346720357,-0.087574591768887,-0.97249746,-0.99021256,0.79443026,127.78921,111.012276,-16.588001,WAL
1929712318000,142.19493,-1.83393400949805,-11.521466025248,-0.239034445993387,-0.86376345,-1.0201449,0.81092364,127.48127,111.16024,-16.809849,WAL
1929717521000,142.200133,-1.35966572878469,-11.7660883465585,-0.578510684091774,-0.6221663,-1.071763,0.852157,127.166626,111.2601,-17.043598,WAL
1929722302000,142.204914,-0.795104406708075,-11.9699548589175,-0.967750322892635,-0.3472769,-1.1032226,0.8622363,126.857666,111.334015,-17.24643,WAL
1929727400000,142.210012,-0.0105162608005521,-12.15767866923,-1.49241358386079,-0.06658431,-1.0769554,0.84940815,126.55208,111.37076,-17.448702,WAL
1929732325000,142.214937,0.757688120491599,-12.1955185749844,-1.92051031406347,0.2049453,-0.96974856,0.8167268,126.32296,111.35764,-17.570217,WAL
1929737327000,142.219939,1.55401633417637,-12.008147007734,-2.23137636558805,0.4334089,-0.79717916,0.77518797,126.11931,111.304016,-17.67755,WAL
1929742296000,142.224908,2.31522605000482,-11.7873488763373,-2.5067907272,0.57360244,-0.59315014,0.68019843,126.06411,111.16345,-17.618889,WAL
1929747350000,142.229962,2.88904244988916,-11.330161844241,-2.5627728744,0.59131753,-0.37904188,0.56138515,126.05693,110.9963,-17.534737,WAL
1929752396000,142.235008,3.41025248467857,-10.9260114388194,-2.60718758655077,0.46486846,-0.19272798,0.41813725,126.1955,110.75787,-17.284739,WAL
1929757345000,142.239957,3.2970716579616,-11.1614276491546,-2.51211568454485,0.23304509,-0.04337143,0.22540927,126.37204,110.50213,-16.986528,WAL
1929762702000,142.245314,3.1496943163298,-11.428952146688,-2.3934850080048,-0.029626964,0.025961773,-0.013744468,126.612,110.209404,-16.57378,WAL
1929767343000,142.249955,2.50928823386032,-11.9225987012207,-1.96654755777466,-0.25473082,0.00030543262,-0.23732115,126.8532,109.91997,-16.119267,WAL
1929772687000,142.255299,1.7609544224442,-12.4713840076068,-1.47870357772996,-0.41599923,-0.10903945,-0.39400807,127.053276,109.64061,-15.646631,WAL
1929777489000,142.260101,0.844972283202883,-12.5266187831048,-1.12427834419978,-0.51923543,-0.24587326,-0.4822781,127.225586,109.37156,-15.146567,WAL
1929782670000,142.265282,-0.133590277752319,-12.5700612380433,-0.75830054705401,-0.5503896,-0.3481932,-0.5018258,127.26224,109.12576,-14.739099,WAL
1929787342000,142.269954,-0.796718409907256,-12.2445998116021,-0.798983267839607,-0.50823987,-0.36102137,-0.47708577,127.2824,108.88839,-14.333761,WAL
1929792296000,142.274908,-1.49987268360065,-11.8994936672122,-0.842121580932897,-0.38087448,-0.2770274,-0.41355577,127.19605,108.713295,-14.096872,WAL
1929797349000,142.279961,-1.83568275720654,-11.7331206676573,-0.966441622684497,-0.21135938,-0.11484267,-0.32467487,127.133736,108.53927,-13.87707,WAL
1929802245000,142.284857,-2.04933808630015,-11.6262928091134,-1.11042670203071,-0.015882496,-0.021685716,-0.2275473,127.08214,108.35739,-13.682807,WAL
1929807354000,142.289966,-1.90312748289176,-11.9442797088545,-1.01337009383433,0.16920967,0.1432479,-0.15363261,127.06649,108.259766,-13.63006,WAL
1929812292000,142.294904,-1.6376349134246,-12.3960828772777,-0.836375097779967,0.26450464,0.269697,-0.12583824,127.07095,108.1563,-13.589545,WAL
1929817345000,142.299957,-1.20658858738074,-13.0754835986099,-0.437816867537754,0.44806966,0.37140608,-0.13530666,127.12317,108.06568,-13.595936,WAL
1929822308000,142.30492,-0.721737259009901,-13.8265273553355,0.0375275933553356,0.600786,0.43401974,-0.18936823,127.19931,107.962234,-13.591311,WAL
1929827371000,142.309983,-0.263929878086432,-14.4654698911816,0.431312389349815,0.75747293,0.38026363,-0.29016098,127.25388,107.75659,-13.518731,WAL
1929832335000,142.314947,0.171021590186879,-15.0438633433911,0.782975281676075,0.89552844,0.269697,-0.4071417,127.306435,107.51778,-13.427485,WAL
1929837339000,142.319951,0.442721894761,-15.2799982163,0.856921667143,1.0253373,0.16493362,-0.539394,127.31427,107.11947,-13.227305,WAL
1929842345000,142.324957,0.632090810095,-15.3447192885,0.792200629985,1.1652255,0.09254608,-0.67256266,127.29593,106.680954,-13.003272,WAL
1929847348000,142.32996,0.821346240262,-15.4094015746,0.727518378906,1.2883148,0.04184427,-0.80909103,127.23565,106.12344,-12.68735,WAL
1929852346000,142.334958,1.010412528484,-15.4740192172,0.662900771292,1.4135422,-0.00061086525,-0.9639453,127.15431,105.52437,-12.339971,WAL
1929857338000,142.33995,0.913448471152586,-15.1387690020848,0.638462933787352,1.5399913,-0.06536258,-1.1026118,127.051796,104.89515,-11.970622,WAL
1929862376000,142.344988,0.673956985628909,-14.6023077776233,0.633673122682418,1.6960673,-0.1133155,-1.2290609,126.941536,104.22701,-11.571295,WAL
1929867333000,142.349945,0.241930380325008,-13.9671746623533,0.679189562621126,1.8796324,-0.16493362,-1.3243558,126.84891,103.49719,-11.098305,WAL
1929872341000,142.354953,-0.296899268498345,-13.2695827177249,0.751354279980941,2.1056526,-0.18875736,-1.382388,126.75285,102.73743,-10.613165,WAL
1929877390000,142.360002,-0.914743563564483,-12.670781253315,0.750451633670563,2.3710735,-0.16218472,-1.4107933,126.65291,101.98579,-10.16113,WAL
1929882496000,142.365108,-1.57755529925842,-12.1184380357529,0.712027742402515,2.6661212,-0.08093964,-1.426065,126.56711,101.2148,-9.706806,WAL
1929887348000,142.36996,-2.14068018417351,-11.8183099463658,0.634578532839977,2.978579,0.02107485,-1.4300356,126.473495,100.50706,-9.343188,WAL
1929892336000,142.374948,-2.68202612837046,-11.6363059350332,0.531909475297968,3.2336152,0.1133155,-1.4193454,126.40781,99.81764,-8.986849,WAL
1929897358000,142.37997,-3.29127519490454,-11.821700152368,0.327812105723407,3.421151,0.18936823,-1.4352279,126.34869,99.26544,-8.741441,WAL
1929902338000,142.38495,-3.9416811614307,-12.2710713723035,0.0528677535414084,3.4767396,0.21991149,-1.4456125,126.3092,98.78269,-8.507131,WAL
1929907369000,142.389981,-4.5987479119514,-12.7250445866601,-0.224892293813538,3.428481,0.27580565,-1.4495832,126.28827,98.49612,-8.388605,WAL
1929912273000,142.394885,-5.14890330028182,-13.1138238525129,-0.537956549065289,3.3762522,0.30879238,-1.450805,126.27113,98.2891,-8.2725315,WAL
1929917339000,142.399951,-5.54010089899796,-13.4100706355096,-0.94434636554564,3.2192597,0.30573806,-1.4419475,126.26057,81.8343,-8.162456,WAL
1929922282000,142.404894,-5.92180041152341,-13.6991246916393,-1.34086923622514,3.004846,0.28038713,-1.4193454,126.26065,81.763466,-8.19249,WAL
1929927429000,142.410041,-6.28797244586691,-13.8899448675022,-1.69473480808714,2.7962356,0.20341812,-1.3778065,126.24329,81.6541,-8.225759,WAL
1929932248000,142.41486,-6.62309609837859,-14.041439213966,-2.01149535263106,2.6215281,0.092240654,-1.3048081,126.20645,81.51351,-8.269627,WAL
1929937347000,142.419959,-6.93429664665826,-14.2572086380832,-2.24509098297604,2.461787,-0.058643065,-1.2400564,126.17235,81.345726,-8.344249,WAL
1929942272000,142.424884,-7.22253436176157,-14.4813938354836,-2.44182464409739,2.3170118,-0.21380283,-1.2345587,126.102844,81.18269,-8.414156,WAL
1929947354000,142.429966,-7.53269196775608,-14.724169700279,-3.31513534242726,2.2220223,-0.21227567,-1.2922854,126.05987,81.02007,-8.491609,WAL
1929952314000,142.434926,-7.84034066285373,-14.9655550490235,-4.42740387650458,2.172237,0.08552113,-1.4556919,126.0582,80.89608,-8.535187,WAL
1929957348000,142.43996,-7.9738135765659,-15.0083752382928,-4.89635501433511,2.062892,0.32345316,-1.6716328,126.0742,80.829025,-8.515235,WAL
1929962322000,142.444934,-8.03499249891326,-14.9707267462952,-5.09871686276428,1.9193386,0.57543504,-1.7959439,126.17943,80.79015,-8.476818,WAL
1929967342000,142.449954,-7.74486391251362,-14.6102654132072,-4.9513590443872,1.7708983,0.8680395,-1.8206838,126.45929,80.84963,-8.369383,WAL
1929972341000,142.454953,-7.29899105201625,-14.1074721546616,-4.64778556930546,1.6077974,0.9859365,-1.7696766,126.75457,80.93771,-8.250907,WAL
1929977402000,142.460014,-6.59863120236369,-13.3232640009435,-4.08192520226438,1.5705346,0.96791595,-1.6594155,127.10817,81.03192,-8.125074,WAL
1929982417000,142.465029,-5.78775535928096,-12.4169911434105,-3.39983584418512,1.6563611,0.9468411,-1.5042557,127.48361,81.104004,-8.030068,WAL
1929987339000,142.469951,-4.8759712415295,-11.6974724896227,-2.96288444632451,1.8081611,0.9960158,-1.3472633,127.86475,81.16117,-7.925305,WAL
1929992324000,142.474936,-3.89490428211839,-11.0531899080871,-2.63586202458849,1.9382755,1.1087204,-1.2373075,128.24966,81.17997,-7.854663,WAL
1929997346000,142.479958,-3.05014903864886,-10.7705223040063,-2.30230039190888,2.0323486,1.2547172,-1.1859949,128.63391,81.178314,-7.7470555,WAL
1930002349000,142.484961,-2.26916717985075,-10.6434950335821,-1.9682660380597,2.1410828,1.3106114,-1.2483032,129.0203,81.1514,-7.64283,WAL
1930007343000,142.489955,-1.65501646634701,-10.4965987419259,-1.52404462573785,2.2159138,1.3594806,-1.2983941,129.42485,81.15141,-7.474061,WAL
1930012351000,142.494963,-1.12122012640863,-10.3393192745702,-1.02361055860081,2.2482896,1.3414601,-1.3692545,129.82285,81.14993,-7.2867885,WAL
1930017313000,142.499925,-0.804556743766641,-10.3007142051684,-0.864514928864526,2.2928827,1.4343116,-1.4349225,130.23714,81.17959,-7.018593,WAL
1930022342000,142.504954,-0.597125502988449,-10.3242864120008,-0.883372330052858,2.3408356,1.575116,-1.5274686,130.6572,81.20597,-6.731678,WAL
1930027433000,142.510045,-0.33686029992833,-10.2011641937089,-0.983791481071073,2.3512204,1.7058412,-1.5125023,131.09274,81.194565,-6.3982315,WAL
1930032449000,142.515061,-0.0499564940274736,-9.99076780907824,-1.13202513592276,2.3597724,1.8551978,-1.4291192,131.56862,81.151855,-6.0740647,WAL
1930037343000,142.519955,0.0768718953379416,-9.77889083563748,-1.45927887473118,2.3099868,2.0042489,-1.3338243,132.10373,81.08959,-5.734702,WAL
1930042343000,142.524955,0.109052026866359,-9.55822743317972,-1.90980071612903,2.2003367,2.0995438,-1.2608259,132.65585,81.00592,-5.426141,WAL
1930047350000,142.529962,0.178102565314385,-9.2889441076577,-2.09542026935896,2.0506747,2.1621575,-1.1985176,133.26662,80.919235,-5.11329,WAL
1930052347000,142.534959,0.280848850065433,-8.97581239801656,-2.03670804825682,1.9055941,2.2452352,-1.1368202,133.8979,80.833855,-4.832789,WAL
1930057342000,142.539954,0.250950004292066,-8.62340795939136,-2.09379024143859,1.8387043,2.2592852,-1.0592403,134.57216,80.75302,-4.5544934,WAL
1930062350000,142.544962,0.11826566432566,-8.23957081128347,-2.24069070060271,1.7959439,2.2382102,-0.9761627,135.24832,80.68644,-4.301288,WAL
1930067343000,142.549955,-0.106607658533585,-7.94574690487151,-2.42849812418891,1.7785342,2.2177463,-0.8915578,135.93848,80.58196,-4.0538335,WAL
1930072341000,142.554953,-0.410541815565036,-7.72729448550451,-2.65169980887985,1.7540996,2.1365013,-0.82863873,136.59428,80.47923,-3.823553,WAL
1930077411000,142.560023,-0.730888926459836,-7.48838467300662,-2.83948101928663,1.7201965,2.0781636,-0.8020661,137.27533,80.34844,-3.620666,WAL
1930082444000,142.565056,-1.05949330251951,-7.23597845493528,-2.99187718607845,1.6954565,2.0299053,-0.7812967,137.92691,80.21489,-3.433201,WAL
1930087340000,142.569952,-1.30395631657491,-7.00478644659519,-3.07611777866319,1.6847663,1.9850066,-0.77396625,138.58446,80.071236,-3.2823508,WAL
1930092314000,142.574926,-1.47879753326572,-6.78393436064909,-3.09912333340095,1.6636915,1.9416351,-0.7684685,139.22284,79.93695,-3.136878,WAL
1930097346000,142.579958,-1.63351895637343,-6.56560338372232,-3.15760108671454,1.6071864,1.9040669,-0.77457714,139.86491,79.80487,-3.0344079,WAL
1930102347000,142.584959,-1.75771943482944,-6.35541792794734,-3.26269376472172,1.5464053,1.9123137,-0.7791586,140.50351,79.6829,-2.9365163,WAL
1930107302000,142.589914,-1.87916155576768,-6.11852118754019,-3.31115401386656,1.5247196,1.9517145,-0.77304995,141.146,79.55136,-2.8686802,WAL
1930112333000,142.594945,-2.00019476749397,-5.83772405140675,-3.28210595407958,1.5106697,1.9199494,-0.75961095,141.76726,79.438705,-2.800888,WAL
1930117283000,142.599895,-2.15388989520252,-5.54812144789619,-3.21213075757963,1.4804319,1.8790215,-0.7556403,142.40456,79.33937,-2.755539,WAL
1930122350000,142.604962,-2.35902210003932,-5.2332672733779,-3.08332689030672,1.4135422,1.8829921,-0.7623598,143.04268,79.25906,-2.7139225,WAL
1930127377000,142.609989,-2.54249659346178,-4.90502592923021,-2.92194658342617,1.3570372,1.8973475,-0.7788532,143.67383,79.16952,-2.692536,WAL
1930132430000,142.615042,-2.69715872148662,-4.55151249374486,-2.70983833756735,1.269378,1.9226984,-0.7867944,144.30676,79.11242,-2.674662,WAL
1930137318000,142.61993,-2.83732698334041,-4.20213322090408,-2.49668989022708,1.1533136,1.9544634,-0.8038987,144.94748,79.045555,-2.6896725,WAL
1930142348000,142.62496,-2.94466976665959,-3.81365442909593,-2.24622348477292,1.0201449,1.9822577,-0.806953,145.59206,79.01259,-2.7100132,WAL
1930147245000,142.629857,-3.03964141100069,-3.46407405350782,-1.96343003485191,0.86162543,2.0189097,-0.79809546,146.24281,78.968864,-2.7657542,WAL
1930152342000,142.634954,-3.11648960671062,-3.16628753335629,-1.57918935721736,0.7131852,2.0552561,-0.7687739,146.89876,78.96241,-2.8303697,WAL
1930157289000,142.639901,-3.18437340617912,-2.91850940060618,-1.1937919120835,0.5647449,2.0604484,-0.7538077,147.55098,78.949684,-2.9191716,WAL
1930162351000,142.644963,-3.23651022448181,-2.77157826822448,-0.767217612558663,0.40775254,1.9999728,-0.73364913,148.19148,78.98082,-3.0183544,WAL
1930167291000,142.649903,-3.26874974279106,-2.63193468834811,-0.396879090438705,0.24312437,1.917506,-0.71593404,148.81499,78.97832,-3.1411316,WAL
1930172336000,142.654948,-3.24081125628373,-2.50155503602544,-0.168714616703161,0.10567969,1.8170186,-0.6805039,149.4125,79.00941,-3.2727501,WAL
1930177370000,142.659982,-3.20550730830977,-2.38267083803703,0.0452904428680106,-0.020463986,1.7067575,-0.6337727,149.96844,78.99544,-3.4223511,WAL
1930182437000,142.665049,-3.13468624263432,-2.31627608318891,0.19578511545234,-0.12797627,1.5861117,-0.58246,150.48857,79.009094,-3.5796416,WAL
1930187687000,142.670299,-3.05830194174757,-2.24385513349515,0.348949082330097,-0.24037547,1.4419475,-0.53786683,150.96127,79.0034,-3.7412703,WAL
1930192320000,142.674932,-2.93404135250187,-2.11131041846527,0.431789544361464,-0.3304781,1.3130548,-0.48563787,151.39835,79.01212,-3.9160357,WAL
1930197318000,142.67993,-2.79999118521285,-1.96832348004108,0.521156397206871,-0.43554693,1.2528846,-0.4456262,151.80676,79.01508,-4.0852895,WAL
1930202340000,142.684952,-2.66749471263973,-1.82255045929594,0.567666691959208,-0.5516113,1.1059716,-0.42424592,152.14943,79.03736,-4.254601,WAL
1930207268000,142.68988,-2.53791571189449,-1.67908800971759,0.6046892415101,-0.61208695,0.9642508,-0.37384954,152.4699,79.060135,-4.442039,WAL
1930212347000,142.694959,-2.37479180514033,-1.60499228285887,0.620591719122825,-0.7452556,0.82863873,-0.33964106,152.74681,79.10745,-4.601055,WAL
1930217242000,142.699854,-2.2097434448647,-1.55312000577407,0.630023046257922,-0.8921687,0.6960809,-0.29749137,152.97855,79.16114,-4.771025,WAL
1930222344000,142.704956,-2.08059309366243,-1.57058658754756,0.71464109070335,-1.0442741,0.5662721,-0.24953845,153.17055,79.23101,-4.9249287,WAL
1930227328000,142.70994,-1.96544035653707,-1.60601812426464,0.816506970343324,-1.1972959,0.4334089,-0.21960606,153.32008,79.32811,-5.0803466,WAL
1930232416000,142.715028,-1.88927428349406,-1.69629247531215,1.00147580832403,-1.3573426,0.30298916,-0.17073683,153.43164,79.45096,-5.216367,WAL
1930237333000,142.719945,-1.83669273103238,-1.81101585342605,1.22136229136128,-1.5344934,0.16920967,-0.12705997,153.50082,79.60362,-5.354136,WAL
1930242344000,142.724956,-1.78458435884874,-1.96608103542417,1.50292258044219,-1.6966782,0.06627888,-0.09254608,153.53777,79.74557,-5.466057,WAL
1930247347000,142.729959,-1.73325090850297,-2.13874807795851,1.81092318505893,-1.8655825,-0.042760566,-0.047647487,153.53027,79.91351,-5.587963,WAL
1930252337000,142.734949,-1.71730588279581,-2.42280452092787,2.31018131960525,-2.0186043,-0.13958271,0.010079277,153.49368,80.01202,-5.6916285,WAL
1930257370000,142.739982,-1.72220974223217,-2.775882656374,2.92806806943738,-2.1670444,-0.24281894,0.089186326,153.41942,80.12861,-5.810047,WAL
1930262321000,142.744933,-1.71743808052658,-3.52771455446076,3.59468232859747,-2.2766948,-0.30085114,0.19761491,153.31514,80.10246,-5.8911824,WAL
1930267356000,142.749968,-1.70767216903291,-4.4994234619038,4.30271131978734,-2.3365595,-0.30848694,0.30451632,153.19171,80.08353,-5.994078,WAL
1930272354000,142.754966,-1.53997807351222,-6.18520646729277,5.068175559885,-2.3600779,-0.23945917,0.43982297,153.09918,79.8354,-6.1389194,WAL
1930277349000,142.759961,-1.30159958472448,-8.1930867065357,5.86124269553426,-2.2806654,-0.13133603,0.5384777,153.0069,79.576935,-6.3065057,WAL
1930282320000,142.764932,-0.777498735402985,-10.6093914158518,7.34111499246526,-2.022575,-0.04795292,0.63255095,152.87978,79.26744,-6.5192423,WAL
1930287323000,142.769935,-0.0574509956716417,-13.3219006011323,9.29412109089037,-1.4676038,-0.07544186,0.61636305,152.74713,78.88533,-6.726261,WAL
1930292285000,142.774897,1.21446804865796,-15.1149002846811,11.1385208847815,-0.56138515,-0.2950479,0.36193767,152.60516,78.40041,-6.8156743,WAL
1930297319000,142.779931,2.80773515216173,-16.4466585115018,12.959397317328,0.4071417,-0.38423425,-0.12522738,152.50433,77.83575,-6.8345976,WAL
1930302314000,142.784926,4.33942627437062,-17.3248438088656,12.9045462889723,1.0390818,-0.33567044,-0.3594942,152.35541,77.124176,-6.6647377,WAL
1930307320000,142.789932,5.84928277627604,-17.9780099247705,11.8963979866719,1.2260065,0.11301007,-0.5497787,152.33504,76.376175,-6.4020114,WAL
1930312323000,142.794935,6.40638062567407,-18.4237806853688,10.2843592665345,1.4205672,0.7690793,-0.5534439,152.41454,75.48864,-5.8702207,WAL
1930317342000,142.799954,6.420674576477,-18.7525435936757,8.32131473255353,1.3674219,1.258077,-0.5540548,152.60474,74.64213,-5.3515177,WAL
1930322334000,142.804946,5.76052548566907,-17.9011769103946,6.84275582490357,1.2605205,1.5503759,-0.5861252,153.07832,74.04777,-4.621165,WAL
1930327323000,142.809935,4.69258131014736,-16.3370634858075,5.65195104820492,1.131017,1.6520851,-0.6096435,153.63538,73.45766,-3.9752963,WAL
1930332322000,142.814934,3.40274325143761,-14.1717455199091,4.91436030534532,0.9584476,1.6316211,-0.6078109,154.36816,73.1393,-3.3753414,WAL
1930337345000,142.819957,1.95785568779765,-11.5909101540362,4.4818445202648,0.76174897,1.5354098,-0.6356053,155.09981,72.857025,-2.8067312,WAL
1930342345000,142.824957,0.377199206998158,-8.29945827292818,4.1713079587477,0.53023106,1.4132367,-0.62796944,155.80429,72.66184,-2.4318352,WAL
1930347354000,142.829966,-1.31061628481148,-4.47281342393138,3.94812571766987,0.28680122,1.2794572,-0.5555819,156.46579,72.524796,-2.07339,WAL
1930352337000,142.834949,-2.46470934333133,-2.39581891870626,3.68569473527295,0.060170226,1.1377366,-0.44990227,156.96625,72.363045,-1.9434025,WAL
1930357342000,142.839954,-3.12603747730454,-1.95014118270346,3.38378394793041,-0.1423316,1.0225884,-0.2968805,157.42221,72.264244,-1.8374741,WAL
1930362345000,142.844957,-3.70870132796797,-1.84668826534535,3.20248222843844,-0.32803464,0.9618073,-0.11759156,157.68506,72.049576,-2.0536892,WAL
1930367344000,142.849956,-4.21667859107107,-2.06713125501502,3.13539099471471,-0.52595496,0.9306532,0.058948494,157.90402,71.889534,-2.3038714,WAL
1930372371000,142.854983,-4.45043437963146,-2.5248918249257,3.23387635332871,-0.74372846,0.8536842,0.24251351,158.03477,71.78029,-2.6983685,WAL
1930377448000,142.86006,-4.42635006538538,-3.20888675189221,3.48917023522885,-0.97127575,0.65087694,0.3820962,158.10262,71.713165,-3.1157436,WAL
1930382416000,142.865028,-4.44888199623277,-4.16478861627838,3.60802948236344,-1.1866057,0.24740042,0.46181414,158.0427,71.68883,-3.615604,WAL
1930387346000,142.869958,-4.51441087003073,-5.38175606160405,3.60334884153861,-1.3655893,-0.28893927,0.46609017,157.87921,71.69446,-4.104728,WAL
1930392293000,142.874905,-4.65689249227602,-6.95315399694178,3.48416102495589,-1.4840971,-0.88453287,0.44959682,157.59555,71.71857,-4.567711,WAL
1930397348000,142.87996,-4.88940846987845,-8.95563794111939,3.23266427054499,-1.5103643,-1.1652255,0.42913285,157.24608,71.74515,-5.012105,WAL
1930402303000,142.884915,-5.21390943455285,-11.0515237549361,2.73193160714286,-1.4514158,-1.6835446,0.4370741,156.70232,71.819,-5.3850155,WAL
1930407344000,142.889956,-5.67181836903794,-13.3597582324816,1.88620183690476,-1.3903292,-2.0570886,0.47250426,156.11955,71.87775,-5.749066,WAL
1930412249000,142.894861,-6.06776886809694,-15.211556792213,1.24050280238379,-1.2458596,-2.1670444,0.52442783,155.5053,72.01228,-6.0870247,WAL
1930417346000,142.899958,-6.38775860909813,-16.4090946134287,0.896271379052443,-1.0699304,-2.1245892,0.5873469,154.8311,72.09841,-6.417339,WAL
1930422285000,142.904897,-6.38191605227522,-17.3669093260978,0.75113616241163,-0.82619524,-1.9801197,0.6065892,154.21686,72.32926,-6.7383747,WAL
1930427431000,142.910043,-5.76852545723389,-17.9753921856019,0.96214250456039,-0.40561453,-1.600467,0.65209866,153.67801,72.43463,-7.098572,WAL
1930432298000,142.91491,-4.79605042671756,-18.0652641623142,1.00642276418642,0.16187929,-1.1267409,0.63224554,153.24214,72.50864,-7.4599533,WAL
1930437344000,142.919956,-3.03411626564885,-17.2255552274006,0.75402445942949,0.6221663,-0.88606006,0.40775254,152.8653,72.505295,-7.7755194,WAL
1930442261000,142.924873,-1.5689109501535,-15.9256927752249,0.301845462671099,0.7312057,-0.7556403,0.07574729,152.64093,72.50295,-7.9691525,WAL
1930447347000,142.929959,-0.54027873303774,-13.6493671504693,-0.564872407903793,0.53969944,-0.5885687,-0.13500121,152.50475,72.47055,-8.146544,WAL
1930452273000,142.934885,0.223539553689778,-11.5604466744879,-1.21539152736802,0.14355333,-0.38789943,-0.2284636,152.48523,72.59969,-8.060689,WAL
1930457347000,142.939959,0.461853652608905,-9.68197078026733,-1.43968716308299,-0.3051272,-0.36254853,-0.3277292,152.47816,72.81359,-7.9197984,WAL
1930462324000,142.944936,0.558700453300441,-7.99548028892805,-1.57981870496329,-0.72021013,-0.5897904,-0.3640757,152.46997,73.2037,-7.6719804,WAL
1930467346000,142.949958,0.196165609501322,-6.81841916011747,-1.4526961282232,-1.0360274,-0.91751957,-0.29626966,152.43745,73.67514,-7.425786,WAL
1930472328000,142.95494,-0.214094793243142,-5.74780747622066,-1.40815864730118,-1.255328,-1.2840388,-0.17073683,152.3082,74.19396,-7.170269,WAL
1930477408000,142.96002,-0.854926120061008,-5.08288463101911,-1.72134686082995,-1.4370605,-1.6676621,-0.058643065,152.07777,74.77214,-6.910557,WAL
1930482394000,142.965006,-1.4556043899068,-4.49817162980369,-2.09166916355344,-1.5503759,-1.9526308,0.032375857,151.7324,75.286415,-6.7445235,WAL
1930487343000,142.969955,-1.92551925104105,-4.22092193729923,-2.74015165817965,-1.6340646,-2.104736,0.11728613,151.31085,75.82016,-6.5973444,WAL
1930492309000,142.974921,-2.37463116564513,-3.9406120252196,-3.37422126976381,-1.6762142,-2.151162,0.19456059,150.79826,76.329506,-6.572403,WAL
1930497356000,142.979968,-2.70012951484482,-3.64341795739801,-3.92143586582081,-1.7128662,-2.1630738,0.31306845,150.2456,76.83057,-6.5837007,WAL
1930502269000,142.984881,-2.99732789178082,-3.38387000297591,-4.43301643693906,-1.7293595,-2.1716259,0.3817908,149.66626,77.35878,-6.6854835,WAL
1930507287000,142.989899,-3.10174903479452,-3.4201903201606,-4.74173982040624,-1.7889189,-2.230269,0.4877759,149.06166,77.85875,-6.8380184,WAL
1930512658000,142.99527,-3.19879151544715,-3.46127239405026,-5.06127339227642,-1.8368717,-2.2724187,0.5497787,148.45583,78.35169,-7.0668073,WAL
1930517312000,142.999924,-3.02584622682927,-3.53539181574279,-5.14774603658537,-1.824349,-2.2660046,0.605062,147.8448,78.78154,-7.3345075,WAL
1930522318000,143.00493,-2.83982041788618,-3.61511717564671,-5.24075894105691,-1.8231273,-2.1960607,0.6640105,147.24446,79.18276,-7.6486077,WAL
1930527388000,143.01,-2.63364305641413,-3.8059794017708,-5.0933225146393,-1.7837266,-2.107485,0.7528914,146.6525,79.485176,-7.9986115,WAL
1930532299000,143.014911,-2.43016563640205,-4.0141888042459,-4.89930910896468,-1.7577647,-2.0231857,0.84879726,146.08247,79.69498,-8.380032,WAL
1930537347000,143.019959,-2.30486487932644,-4.51797755690809,-4.62949336011361,-1.7275269,-1.9404135,0.9624182,145.55127,79.83179,-8.762063,WAL
1930542280000,143.024892,-2.19943448945019,-5.06909108590992,-4.3515404776831,-1.6945401,-1.8726074,1.0861185,145.04443,79.84636,-9.184331,WAL
1930547342000,143.029954,-2.13513390047782,-5.94652851471477,-4.17249187237445,-1.6884315,-1.8466456,1.2046263,144.55801,79.77023,-9.601343,WAL
1930552239000,143.034851,-2.08025607945393,-6.84743836726475,-4.01700488789859,-1.7232509,-1.7898352,1.3500122,144.1059,79.56803,-10.068833,WAL
1930557352000,143.039964,-2.04232977602694,-8.00308664886965,-3.84889791265031,-1.7290541,-1.6951511,1.5137241,143.68184,79.270836,-10.5435095,WAL
1930562270000,143.044882,-2.01061347811448,-9.16752900769601,-3.68578542876383,-1.7079792,-1.5980235,1.6581937,143.28316,78.87302,-11.056769,WAL
1930567345000,143.049957,-1.81251415510453,-10.3312483734524,-3.55358427830323,-1.7165314,-1.498147,1.7864754,142.93272,78.420815,-11.56668,WAL
1930572282000,143.054894,-1.55821366397402,-11.4492103295109,-3.43842932947027,-1.7318029,-1.4391985,1.9159788,142.60774,102.11683,-12.11578,WAL
1930577438000,143.06005,-1.24904095878906,-12.4883455870117,-3.40203153765625,-1.7308867,-1.3573426,2.017077,142.34177,102.655525,-12.6303425,WAL
1930582311000,143.064923,-0.943695162109375,-13.4317274548828,-3.3929167434375,-1.7125608,-1.2342533,2.0631974,142.11353,103.235825,-13.158744,WAL
1930587344000,143.069956,-0.571758719941463,-14.0747289146341,-3.65072538073171,-1.6872098,-1.0009027,2.0522017,141.96797,103.73431,-13.586735,WAL
1930592335000,143.074947,-0.180049571249951,-14.5783548995122,-4.01445519377561,-1.65911,-0.63346726,1.9770653,141.90324,104.23583,-13.999348,WAL
1930597351000,143.079963,0.292837900528131,-14.715520298152,-4.37961716735113,-1.6096299,-0.42638394,1.9120082,141.88457,104.62696,-14.291833,WAL
1930602317000,143.084929,0.800648559872279,-14.6666923835729,-4.74094414312115,-1.5830573,0.0571159,1.7559321,142.055,104.98073,-14.524477,WAL
1930607342000,143.089954,1.18088309222085,-14.1750617297598,-4.4346776054766,-1.5357152,0.5983425,1.566564,142.3266,105.225395,-14.611909,WAL
1930612335000,143.094947,1.50526678086408,-13.5097200648675,-3.86167867559792,-1.4590516,1.07665,1.3151928,142.7149,105.42445,-14.631319,WAL
1930617342000,143.099954,1.83056001720228,-12.8425128315177,-3.28707309941074,-1.4807373,1.2498302,0.9798279,143.1865,105.514984,-14.478975,WAL
1930622403000,143.105015,2.15936150893538,-12.1681098341174,-2.70627045889081,-1.6368134,1.0320568,0.6789767,143.66992,105.58684,-14.271792,WAL
1930627457000,143.110069,2.27664735948981,-11.2543325086181,-1.63944689115572,-1.8478674,0.42943826,0.45875978,144.07446,105.63665,-14.010496,WAL
1930632422000,143.115034,2.3000634496602,-10.2521211206047,-0.379657713190584,-2.039679,-0.35430184,0.26358834,144.34511,105.67018,-13.698627,WAL
1930637342000,143.119954,2.03053158514642,-9.42562803461809,0.213124188433531,-2.1407773,-1.1068878,0.09010262,144.40352,105.55444,-13.309106,WAL
1930642347000,143.124959,1.60123298612257,-8.67314993207205,0.46877395132374,-2.1111503,-1.6814066,-0.0580322,144.28326,105.432945,-12.9083185,WAL
1930647350000,143.129962,1.1195713951653,-8.11071931125265,0.120121114407037,-2.003638,-2.0131063,-0.16218472,143.97078,105.19204,-12.538327,WAL
1930652348000,143.13496,0.611451668074007,-7.64615220467091,-0.538014929329694,-1.8329011,-2.1038198,-0.25503623,143.57309,104.921425,-12.156382,WAL
1930657341000,143.139953,0.125754417267894,-7.38302788122477,-1.23512992020282,-1.6426166,-2.0234911,-0.31215215,143.08939,104.744514,-11.887881,WAL
1930662365000,143.144977,-0.352684248605888,-7.21249550449936,-1.95515647261002,-1.4819591,-1.8750509,-0.34055737,142.61028,104.53792,-11.609532,WAL
1930667346000,143.149958,-0.75228185422244,-7.19662659725625,-2.18739714963253,-1.3643675,-1.8084666,-0.3594942,142.19879,104.40475,-11.412781,WAL
1930672408000,143.15502,-1.11806240080941,-7.26313200146987,-2.16364518412543,-1.3454307,-1.9260582,-0.35430184,141.78772,104.2665,-11.222287,WAL
1930677427000,143.160039,-1.33161927336365,-7.52505013051216,-2.26444044130908,-1.3949108,-2.0286834,-0.3203988,141.34659,104.3569,-11.124211,WAL
1930682428000,143.16504,-1.45473905751434,-7.90388008344868,-2.43964934398853,-1.4227052,-2.081218,-0.25381452,140.89323,104.45317,-11.044363,WAL
1930687317000,143.169929,-1.47965181975756,-8.22144196096211,-2.52240485998855,-1.4450017,-2.0415115,-0.18875736,140.4254,104.62168,-11.048459,WAL
1930692343000,143.174955,-1.43830444277942,-8.51087446330056,-2.54537565162737,-1.4587462,-1.9758437,-0.10262536,139.95905,104.81287,-11.081826,WAL
1930697330000,143.179942,-1.34748490803709,-8.72490629969088,-2.38109603718702,-1.5030339,-1.7821994,-0.071776666,139.5457,105.03539,-11.118603,WAL
1930702332000,143.184944,-1.20434292400824,-8.86311225548686,-2.02077329493045,-1.5198327,-1.5531249,0.0070249503,139.17229,105.28188,-11.189926,WAL
1930707356000,143.189968,-1.08267955193249,-9.00325728297456,-1.59381114863992,-1.5760323,-1.3267993,0.112704635,138.86598,105.54855,-11.259114,WAL
1930712428000,143.19504,-0.978118063478474,-9.14584102935421,-1.10902606355186,-1.6459764,-1.1267409,0.21868975,138.62589,105.83434,-11.340703,WAL
1930717341000,143.199953,-0.883010647802856,-9.24915632957156,-0.607846499019275,-1.7137824,-0.947452,0.3005457,138.4728,106.06273,-11.417939,WAL
1930722374000,143.204986,-0.79154940656147,-9.32136301577949,-0.0638928775651653,-1.7696766,-0.84238315,0.3399465,138.36162,106.3102,-11.504487,WAL
1930727426000,143.210038,-0.782072064386675,-9.3124065819661,0.30409310615916,-1.7681495,-0.7984009,0.364992,138.26282,106.520325,-11.601239,WAL
1930732368000,143.21498,-0.848753262232423,-9.22851723814934,0.499834637373994,-1.7058412,-0.8185594,0.3735441,138.17804,106.72778,-11.699311,WAL
1930737556000,143.220168,-0.918753677939372,-9.14045209939554,0.705319676617734,-1.5879441,-0.8900307,0.3811799,138.01146,106.89372,-11.791116,WAL
1930742346000,143.224958,-0.983383976944053,-9.05914292155615,0.895040828887879,-1.4193454,-0.97585726,0.3924809,137.83713,107.034325,-11.886923,WAL
1930747301000,143.229913,-1.06756687580645,-8.95661609274194,1.04936319641936,-1.2140946,-1.0375546,0.39736784,137.63731,107.155594,-11.987181,WAL
1930752343000,143.234955,-1.32068035846774,-8.67429713004032,0.801117297153226,-1.001819,-1.061073,0.41996986,137.42699,107.2433,-12.09676,WAL
1930757290000,143.239902,-1.56569275164384,-8.39920067033268,0.558837624074364,-0.8014552,-1.0372492,0.44073927,137.1569,107.29085,-12.252282,WAL
1930762419000,143.245031,-1.79158445068493,-8.13005303287671,0.318527232054795,-0.64599,-0.98715824,0.4813618,136.89008,107.31291,-12.416627,WAL
1930767329000,143.249941,-2.00924283250516,-7.87774602635765,0.0945106646214279,-0.5320636,-0.9407325,0.5335908,136.64102,107.384605,-12.644002,WAL
1930772370000,143.254982,-2.25102925155652,-7.68810957654915,-0.0571984457213002,-0.45448375,-0.9117164,0.6123924,136.40396,107.44801,-12.883727,WAL
1930777518000,143.26013,-2.4870473868705,-7.51241918297362,-0.2161728708753,-0.43493605,-0.91232723,0.69913524,136.18237,107.58383,-13.185854,WAL
1930782324000,143.264936,-2.57442712266187,-7.56760654628297,-0.413927045155875,-0.46822822,-0.93462384,0.77824235,135.96422,107.73058,-13.500857,WAL
1930787538000,143.27015,-2.65904934220803,-7.64328637251825,-0.627448617726277,-0.54275376,-0.9279043,0.8426886,135.7558,107.96047,-13.883951,WAL
1930792298000,143.27491,-2.61745654038321,-7.8970015820073,-0.810456485390511,-0.63071835,-0.91599244,0.8888089,135.54166,108.20918,-14.275195,WAL
1930797293000,143.279905,-2.57381031241788,-8.16324264742701,-1.00249940534489,-0.6814202,-0.89888823,0.9092729,135.33658,108.51157,-14.684104,WAL
1930802308000,143.28492,-2.37431728241286,-8.51174580475382,-1.21454527321482,-0.78801614,-0.8723156,0.9425651,135.13739,108.843475,-15.09627,WAL
1930807298000,143.28991,-2.14523158022571,-8.87446543123939,-1.42931326852092,-0.8897252,-0.8249735,0.977079,134.94696,109.17875,-15.500642,WAL
1930812291000,143.294903,-1.90096107229801,-9.16198952990556,-1.56374280178384,-0.9807441,-0.7812967,0.98563105,134.78465,109.515045,-15.865425,WAL
1930817316000,143.299928,-1.65208395548643,-9.43611491777844,-1.68277101101034,-1.0586295,-0.7470882,0.9957104,134.63365,109.86264,-16.227005,WAL
1930822300000,143.304912,-1.39496774166136,-9.73675952928071,-1.76871310350095,-1.105666,-0.745561,0.9825767,134.49156,110.19993,-16.512665,WAL
1930827432000,143.310044,-1.07690716882028,-10.1956009453639,-1.69050144527902,-1.1187997,-0.8002335,0.95447695,134.34363,110.53174,-16.790232,WAL
1930832301000,143.314913,-0.80871817169847,-10.5982139998111,-1.608503637389,-1.1059716,-0.88697636,0.91324353,134.21286,110.81205,-16.975676,WAL
1930837346000,143.319958,-0.617028249711884,-10.9313894027017,-1.50353065533724,-1.0354166,-0.9773844,0.8518516,134.0638,111.06564,-17.146988,WAL
1930842325000,143.324937,-0.425963417098212,-11.2597623766246,-1.44638522154793,-0.9410379,-1.0396926,0.79504114,133.89655,111.24676,-17.242748,WAL
1930847344000,143.329956,-0.223985723238933,-11.5885630356689,-1.62017990466139,-0.8017606,-1.0638218,0.75411314,133.7128,111.39429,-17.328537,WAL
1930852281000,143.334893,-0.0277857485020673,-11.8921648806852,-1.80026991544595,-0.6377433,-1.0439687,0.7107417,133.52138,111.45633,-17.352928,WAL
1930857331000,143.339943,0.153134628796613,-12.0445189759795,-2.05736726482575,-0.44348818,-0.97097033,0.67256266,133.33743,111.481544,-17.36724,WAL
1930862304000,143.344916,0.33027661154997,-12.1792565092759,-2.30269178294435,-0.23579398,-0.852157,0.64568454,133.19614,111.45627,-17.320084,WAL
1930867341000,143.349953,0.498673117271095,-12.1503884605027,-2.46627702423698,-0.018936822,-0.70280045,0.6230826,133.08333,111.392075,-17.261366,WAL
1930872304000,143.354916,0.661107654267567,-12.0865988896387,-2.60876555287813,0.16065755,-0.50610185,0.54641896,133.05544,111.27365,-17.127577,WAL
1930877398000,143.36001,0.786989999865026,-11.6072775541882,-2.53614106828106,0.2919936,-0.3277292,0.43951756,133.0615,111.1206,-16.977556,WAL
1930882394000,143.365006,0.892769442134309,-11.1639770575611,-2.47316886556226,0.30818152,-0.17623462,0.29871312,133.139,110.93234,-16.761215,WAL
1930887351000,143.369963,0.803562385708634,-11.0184287322718,-2.50133953921472,0.19333886,-0.06383542,0.1414153,133.24709,110.72438,-16.510773,WAL
1930892472000,143.375084,0.68837326448495,-10.9004971585907,-2.51711429783875,0.002443461,0.03268129,-0.011301007,133.37831,110.53131,-16.23541,WAL
1930897350000,143.379962,0.305722516867068,-11.1725021024376,-2.37419655205763,-0.19486602,0.069027774,-0.077579886,133.51857,110.351974,-15.94563,WAL
1930902603000,143.385215,-0.115756655629867,-11.445942566624,-2.19656607664961,-0.26847526,0.112399206,-0.20158553,133.67209,110.16646,-15.619637,WAL
1930907328000,143.38994,-0.603743206292451,-11.4666199473588,-1.76234077894352,-0.4083634,0.122783914,-0.22021692,133.82794,110.0459,-15.3126335,WAL
1930912306000,143.394918,-1.11785898390057,-11.488404497898,-1.3048648991592,-0.49235737,0.13133603,-0.23701571,133.93533,109.93614,-15.040012,WAL
1930917348000,143.39996,-1.5917758547476,-11.359790358774,-0.74445861871274,-0.550695,0.09743301,-0.22388211,134.03343,109.85738,-14.780178,WAL
1930922258000,143.40487,-2.04391166053686,-11.2043684987981,-0.179288875737981,-0.5381723,0.004276057,-0.18753563,134.11673,109.78937,-14.53285,WAL
1930927470000,143.410082,-2.15971758266707,-11.2140075926152,0.243216424779371,-0.4605924,-0.10934488,-0.160963,134.09161,109.7354,-14.402352,WAL
1930932299000,143.414911,-2.19735067569932,-11.2563447240362,0.60073108071122,-0.3313944,-0.20555615,-0.1386664,134.04773,109.67791,-14.289562,WAL
1930937347000,143.419959,-2.00298471563029,-11.6159256927669,0.81762357905681,-0.18325958,-0.3032946,-0.11209377,133.87616,109.62678,-14.301714,WAL
1930942269000,143.424881,-1.77787493256392,-12.0145577431101,1.00521499965178,-0.03481932,-0.40011674,-0.1020145,133.67905,109.553345,-14.322024,WAL
1930947318000,143.42993,-1.53986028002771,-12.6775841211401,1.18866516330166,0.10598512,-0.4538729,-0.09437868,133.42596,109.4363,-14.371693,WAL
1930952242000,143.434854,-1.30650619875297,-13.3683125486936,1.36601425142518,0.2144137,-0.4654793,-0.1328632,133.1566,109.29411,-14.413766,WAL
1930957295000,143.439907,-1.10103472279894,-13.9626444179975,1.4960759748362,0.32284227,-0.49693888,-0.21227567,132.85983,109.061516,-14.402274,WAL
1930962333000,143.444945,-0.903459144645782,-14.5306742761057,1.61462133204341,0.42455134,-0.54611355,-0.30604348,132.55417,108.80669,-14.377313,WAL
1930967312000,143.449924,-0.730451618746684,-14.8267683774586,1.51219977013082,0.5403103,-0.58246,-0.40469822,132.2347,108.446075,-14.270147,WAL
1930972292000,143.454904,-0.560292677131095,-15.088550954533,1.38130832213887,0.66523224,-0.5934556,-0.50243664,131.90779,108.05787,-14.140194,WAL
1930977313000,143.459925,-0.358331424888194,-15.2113099792123,1.13598276921955,0.81153446,-0.5458081,-0.59803706,131.58076,107.58766,-13.938865,WAL
1930982315000,143.464927,-0.143697999301865,-15.2712081083151,0.841485732312181,0.9575313,-0.49357912,-0.6936375,131.25308,107.09087,-13.714956,WAL
1930987303000,143.469915,0.0890835946257333,-15.0417396838092,0.572747013744623,1.1053606,-0.46670106,-0.77946407,130.9562,106.54758,-13.429631,WAL
1930992300000,143.474912,0.327705071802894,-14.7282565921001,0.310731253445444,1.2831224,-0.3979787,-0.8200866,130.69049,105.98296,-13.132778,WAL
1930997303000,143.479915,0.543774174602929,-14.2471340904497,0.117080815734323,1.3900238,-0.33444872,-0.9068295,130.4734,105.3882,-12.766837,WAL
1931002297000,143.484909,0.750943738821163,-13.7045470126856,-0.0506278818069307,1.5848899,-0.2687807,-0.9966267,130.28033,104.7612,-12.394883,WAL
1931007296000,143.489908,0.839776939317731,-13.1554366963507,-0.247089970690202,1.8246545,-0.19822577,-1.0735956,130.1529,104.11193,-11.976423,WAL
1931012327000,143.494939,0.897112423489687,-12.601193767503,-0.452542106091829,2.0995438,-0.07727446,-1.1349876,130.05997,103.431465,-11.54362,WAL
1931017310000,143.499922,0.778358002585161,-12.0669691532898,-0.591384562459169,2.4217753,0.096516706,-1.183246,130.03162,102.71889,-11.08173,WAL
1931022320000,143.504932,0.608200980970602,-11.5341092470835,-0.712285587890807,2.7782152,0.29779682,-1.2177598,130.04749,101.977974,-10.613704,WAL
1931027409000,143.510021,0.215306987724621,-11.2364626447438,-0.664007830508115,3.1370986,0.47525316,-1.25319,130.12944,101.23425,-10.142912,WAL
1931032319000,143.514931,-0.283495615309218,-11.0818333225841,-0.524343122700753,3.4394767,0.61819565,-1.3060299,130.26009,100.47855,-9.665601,WAL
1931037304000,143.519916,-0.82870179360498,-11.2740423048481,-0.380830279028485,3.659083,0.6924158,-1.3842206,130.42084,99.766205,-9.216445,WAL
1931042305000,143.524917,-1.38886097338427,-11.5857439460479,-0.236273067387285,3.7788124,0.7330383,-1.4422529,130.61426,99.08544,-8.76832,WAL
1931047315000,143.529927,-1.97606030184943,-12.1097303327973,-0.317583433589305,3.758043,0.74372846,-1.4886786,130.7856,98.52044,-8.385565,WAL
1931052306000,143.534918,-2.5765960434114,-12.7583090019097,-0.533776311588099,3.6123517,0.7556403,-1.5238034,130.97163,98.02826,-8.000718,WAL
1931057286000,143.539898,-3.07669860413463,-13.4288732572192,-0.907341828128633,3.4153476,0.7635816,-1.4926492,131.12631,82.28236,-7.716117,WAL
1931062315000,143.544927,-3.523727904069,-14.1197367293268,-1.37694832990437,3.1600058,0.77274454,-1.4779885,131.28792,82.52017,-7.4264936,WAL
1931067310000,143.549922,-3.98239614387364,-14.6783817720166,-1.85699900650925,2.8884764,0.7675522,-1.4737124,131.44804,82.60606,-7.2423773,WAL
1931072326000,143.554938,-4.4575572570836,-15.1126688339183,-2.35259719872368,2.6331346,0.68783426,-1.430341,131.58951,82.64331,-7.0781527,WAL
1931077370000,143.559982,-5.05175185584376,-15.4281604073476,-2.68794416713767,2.4263568,0.5537493,-1.3545936,131.7247,82.62024,-6.9991117,WAL
1931082365000,143.564977,-5.70836431764231,-15.6695618809043,-2.92451781287848,2.3096814,0.41263947,-1.287704,131.83138,82.59212,-6.9277086,WAL
1931087304000,143.569916,-6.29790794788148,-15.8955994148248,-2.89489647894026,2.2913556,0.34391713,-1.2290609,131.91138,82.51682,-6.9554977,WAL
1931092307000,143.574919,-6.86207715077695,-16.1175672806679,-2.71917166899913,2.2992969,0.1863139,-1.2266175,131.92099,82.45246,-6.974852,WAL
1931097312000,143.579924,-7.31119467182883,-16.1663917050433,-3.22830795161488,2.2595906,0.095294975,-1.2858714,131.902,82.339615,-7.079482,WAL
1931102305000,143.584917,-7.67171012898625,-16.0835709852267,-4.25626379021905,2.1310034,0.46670106,-1.4230106,131.96852,82.26606,-7.151655,WAL
1931107295000,143.589907,-7.62269539722505,-15.5467831142355,-4.48259140921284,1.8521434,0.94959,-1.5699236,132.07603,82.19312,-7.1956286,WAL
1931112348000,143.59496,-7.30041303808158,-14.7007919156415,-4.17821347756914,1.6175711,1.1682798,-1.6157386,132.20837,82.14709,-7.2210364,WAL
1931117294000,143.599906,-6.70761354919171,-13.8691093960131,-3.73711159208569,1.5592335,1.1704178,-1.6032158,132.50864,82.17105,-7.1892095,WAL
1931122290000,143.604902,-5.75857595581672,-13.0244658066052,-3.11074682505207,1.6197093,1.0708468,-1.5479325,132.83243,82.21294,-7.1521363,WAL
1931127356000,143.609968,-4.79422348372349,-12.3415229265479,-2.72025010749788,1.7449366,0.9615019,-1.4483615,133.14594,82.24926,-7.0931244,WAL
1931132340000,143.614952,-3.84284607025445,-11.8961976651399,-2.65547552402036,1.8985692,0.95814216,-1.3481796,133.45381,82.26138,-7.049242,WAL
1931137320000,143.619932,-2.89901522274472,-11.4582179731286,-2.57846797629559,2.0384574,1.0906999,-1.2883148,133.7242,82.29668,-6.939698,WAL
1931142308000,143.62492,-2.04326659211986,-11.1118429132011,-2.33906211351034,2.1386392,1.2208142,-1.2696834,133.98863,82.298004,-6.849749,WAL
1931147294000,143.629906,-1.28310934774089,-10.7899308606965,-2.0577261245101,2.1951442,1.2840388,-1.2702943,134.22395,82.3775,-6.6663585,WAL
1931152307000,143.634919,-0.927273944177074,-10.5705809353234,-1.59465262901817,2.2201898,1.321607,-1.2928963,134.48782,82.44024,-6.488458,WAL
1931157338000,143.63995,-0.606286291502641,-10.3822242312659,-1.26857558070828,2.166739,1.4181237,-1.2812898,134.71516,82.565605,-6.2444143,WAL
1931162328000,143.64494,-0.409934560853062,-10.3027479125416,-1.41350178800626,2.107485,1.6041322,-1.2712106,134.98267,82.68189,-6.0036445,WAL
1931167319000,143.649931,-0.243792162838042,-10.2055097658591,-1.4915180208304,2.062892,1.7712038,-1.2608259,135.31569,82.76597,-5.704912,WAL
1931172308000,143.65492,-0.214972203980095,-10.0277871108877,-1.26576173328642,2.0790799,1.8545868,-1.2498302,135.67616,82.82676,-5.4193654,WAL
1931177322000,143.659934,-0.1749345331587,-9.87404189685016,-1.13844016773674,2.094657,1.9645426,-1.2284501,136.09207,82.901276,-5.12013,WAL
1931182317000,143.664929,-0.0882835653193117,-9.8259025026668,-1.43209067332193,2.0412061,2.140472,-1.185384,136.54778,82.963326,-4.8411255,WAL
1931187296000,143.669908,-0.00698412800963713,-9.66861043593274,-1.71036177830662,1.9938642,2.2107213,-1.1551461,137.00847,82.971016,-4.5547733,WAL
1931192294000,143.674906,0.0542061043644409,-9.07082869829875,-1.93158803260891,1.956296,2.3258693,-1.0885619,137.5255,82.95905,-4.3030276,WAL
1931197285000,143.679897,0.081318120988268,-8.4743598948101,-2.1939800679658,1.8979583,2.3484714,-1.0097603,138.01825,82.985374,-4.047863,WAL
1931202308000,143.68492,-0.0669452825939551,-7.87652351352158,-2.67224907311593,1.8503108,2.346639,-0.9401216,138.5313,83.001114,-3.8159916,WAL
1931207273000,143.689885,-0.225379877196588,-7.31750454090733,-3.09280360232648,1.7965547,2.4410176,-0.86742866,139.15205,82.97308,-3.5882938,WAL
1931212295000,143.694907,-0.453825170773556,-6.9352084420318,-3.21868166803024,1.779756,2.5347853,-0.7779369,139.76292,82.93034,-3.388155,WAL
1931217296000,143.699908,-0.673341968091182,-6.56626690739522,-3.33481927692382,1.772731,2.5320365,-0.71929383,140.4623,82.86115,-3.2091875,WAL
1931222337000,143.704949,-0.813531709660246,-6.31392526034266,-3.35818422165328,1.7574593,2.5265386,-0.6835582,141.17888,82.789314,-3.0532675,WAL
1931227535000,143.710147,-0.957700460374238,-6.05570096855164,-3.37563687348289,1.72264,2.5066855,-0.6792821,141.92099,82.69171,-2.9355586,WAL
1931232317000,143.714929,-1.08553051833971,-5.84265112736483,-3.30935453697922,1.6804903,2.4996605,-0.6719518,142.65854,82.59845,-2.8305397,WAL
1931237277000,143.719889,-1.21466069814977,-5.62517254527218,-3.242545905093,1.6203201,2.4636195,-0.6600399,143.39708,82.495605,-2.7472613,WAL
1931242304000,143.724916,-1.30842362267991,-5.44233474453209,-3.19566449178109,1.5726726,2.4162774,-0.65576386,144.12584,82.40482,-2.6646862,WAL
1931247348000,143.72996,-1.4039776074433,-5.26190704148091,-3.14714037284357,1.5244142,2.3652701,-0.655153,144.851,82.30398,-2.6052742,WAL
1931252309000,143.734921,-1.52830258494863,-5.14679116664082,-3.06886167796084,1.4501941,2.3295345,-0.64751714,145.56274,82.22682,-2.549258,WAL
1931257645000,143.740257,-1.66192874876194,-5.01569028969485,-2.97541929581835,1.3878858,2.3026567,-0.636827,146.2692,82.13922,-2.5103168,WAL
1931262381000,143.744993,-1.77842865563547,-4.74075052699065,-2.6911594957978,1.3445144,2.2602015,-0.6441574,146.95804,82.07269,-2.467812,WAL
1931267537000,143.750149,-1.9034694667135,-4.43671567234242,-2.37044050907558,1.2861768,2.238821,-0.65148777,147.64986,82.0034,-2.4514182,WAL
1931272332000,143.754944,-1.99808949766788,-4.09694395734757,-1.93604880803597,1.2119566,2.1810944,-0.66737026,148.31688,81.95686,-2.4288075,WAL
1931277288000,143.7599,-2.09588655155943,-3.74576384900253,-1.48707169221691,1.0595458,2.119397,-0.6936375,148.97348,81.89393,-2.425193,WAL
1931282281000,143.764893,-2.19750455088379,-3.41714446645672,-1.06114890739537,0.8717047,2.0909917,-0.70921457,149.62059,81.86622,-2.420682,WAL
1931287247000,143.769859,-2.29895981990045,-3.09345338262901,-0.640833729971556,0.68539083,2.0402899,-0.7107417,150.2414,81.88524,-2.410384,WAL
1931292284000,143.774896,-2.42036588569885,-2.92197290295649,-0.274914844909145,0.5919284,1.9996674,-0.7086037,150.84589,81.83899,-2.4196332,WAL
1931297249000,143.779861,-2.54179502871034,-2.76785137339161,0.0800318541823004,0.4016439,1.9590448,-0.7174612,151.43343,81.87434,-2.4241648,WAL
1931302266000,143.784878,-2.59457286951607,-2.51062864770924,0.312326036851448,0.23243423,1.9049833,-0.7247916,151.9938,81.84652,-2.4505234,WAL
1931307247000,143.789859,-2.63714718163427,-2.24099181511305,0.525197256616422,0.051618114,1.8658879,-0.7144069,152.54333,81.87483,-2.479529,WAL
1931312273000,143.794885,-2.60725023431856,-2.35045343546798,0.83505353727422,-0.11453723,1.8206838,-0.68416905,153.06313,81.86828,-2.5343482,WAL
1931317247000,143.799859,-2.56584039914035,-2.52069352199362,1.15712952597315,-0.29016098,1.7052304,-0.6954701,153.54921,81.91639,-2.5770674,WAL
1931322295000,143.804907,-2.51059396742301,-2.68851194423622,1.29545129886548,-0.4718934,1.5610662,-0.70188415,154.0117,81.95376,-2.6428638,WAL
1931327265000,143.809877,-2.45273736774716,-2.85243922837318,1.38223619837925,-0.58551437,1.434617,-0.70096785,154.44252,82.01904,-2.704797,WAL
1931332284000,143.814896,-2.33800699611612,-2.8517807566889,1.35966608705375,-0.70280045,1.3515394,-0.68386364,154.8137,82.07349,-2.7440846,WAL
1931337257000,143.819869,-2.21189018461161,-2.81441268066889,1.31295622370537,-0.8240572,1.284955,-0.65118235,155.14821,82.155556,-2.7843041,WAL
1931342300000,143.824912,-2.03864155809561,-2.75167792683115,1.26984993828065,-0.93737274,1.1939361,-0.61941737,155.4391,82.244225,-2.8048265,WAL
1931347331000,143.829943,-1.8529017025347,-2.68202553554356,1.2280584550212,-1.0522153,1.0873401,-0.589485,155.70058,82.35947,-2.8310533,WAL
1931352304000,143.834916,-1.73392913372764,-2.6191204076156,1.20627792547659,-1.1621711,0.96974856,-0.5537493,155.93687,82.50162,-2.8403652,WAL
1931357291000,143.839903,-1.64054844847981,-2.55842292807704,1.19227083731548,-1.2556335,0.8533788,-0.5155703,156.13779,82.66222,-2.855037,WAL
1931362406000,143.845018,-1.60231439995982,-2.52138094989956,1.21388050016071,-1.3738359,0.7367035,-0.4633413,156.30298,82.85669,-2.8374114,WAL
1931367313000,143.849925,-1.5928741915227,-2.49778042880675,1.2516413339092,-1.4840971,0.6160576,-0.4025602,156.42937,83.06335,-2.829125,WAL
1931372353000,143.854965,-1.66697930540132,-2.53321819541077,1.34136787314448,-1.6010778,0.4801401,-0.33964106,156.52061,83.284744,-2.811307,WAL
1931377418000,143.86003,-1.78148953325779,-2.59734396509915,1.4558780531728,-1.7150042,0.35521814,-0.26542094,156.57645,83.51881,-2.8109007,WAL
1931382336000,143.864948,-1.90927310533002,-2.66409653296278,1.66376455489826,-1.8435913,0.27672195,-0.19211712,156.61319,83.74904,-2.8271506,WAL
1931387309000,143.869921,-2.05108593747891,-2.73500282563772,1.94739012047643,-1.9636264,0.11728613,-0.14844026,156.58855,83.99109,-2.8506882,WAL
1931392300000,143.874912,-2.26899262154527,-2.98013314609466,2.30966794156214,-2.02624,-0.07513642,-0.06719518,156.53058,84.1812,-2.9337475,WAL
1931397320000,143.879932,-2.55277374539897,-3.37539980784231,2.74040727686308,-2.1465805,-0.26206118,0.01985312,156.42592,84.392525,-3.0278265,WAL
1931402308000,143.88492,-2.87847256478789,-4.16086168562832,3.34358979729215,-2.2531765,-0.4465425,0.124005646,156.25671,84.49183,-3.176269,WAL
1931407291000,143.889903,-3.22785077971116,-5.16113614213218,4.04234617716378,-2.3038783,-0.5864306,0.2678644,156.04247,84.565445,-3.358851,WAL
1931412368000,143.89498,-3.38862006494008,-6.66429127058369,4.82310507483572,-2.2794437,-0.6737844,0.3979787,155.76875,84.4935,-3.621447,WAL
1931417314000,143.899926,-3.44354872158871,-8.38081443161964,5.61957176725937,-2.1810944,-0.66828656,0.5338962,155.47534,84.36801,-3.9257417,WAL
1931422368000,143.90498,-3.02631611801731,-10.6241599000787,6.63702075043273,-1.9511036,-0.52198434,0.6817256,155.16084,83.99216,-4.328099,WAL
1931427390000,143.910002,-2.27897485338316,-13.1972849244689,7.79114243457907,-1.5351044,-0.2687807,0.7693848,154.86989,83.54735,-4.7492895,WAL
1931432347000,143.914959,-1.11215647517254,-14.9905365654729,9.03849975349748,-0.8671232,-0.10720685,0.7556403,154.5749,82.94644,-5.1972847,WAL
1931437311000,143.919923,0.395337638015296,-16.196531615277,10.3730754591494,0.051618114,-0.09621128,0.5375614,154.30467,82.26607,-5.5990415,WAL
1931442292000,143.924904,1.93844407076793,-17.1976820782775,11.0039679775138,0.874759,0.07666359,0.13133603,154.14156,81.617966,-5.74707,WAL
1931447322000,143.929934,3.54279276784048,-17.892558865507,10.569670052185,1.3573426,0.40286562,-0.1881465,154.03401,80.8957,-5.8556833,WAL
1931452310000,143.934922,4.62221264588389,-18.3933948576156,9.73432428575153,1.5754215,0.90285885,-0.41263947,154.09427,80.19416,-5.584254,WAL
1931457299000,143.939911,5.22585393199639,-18.7191701043818,8.52225076276948,1.5958854,1.350623,-0.5027421,154.25015,79.428604,-5.297248,WAL
1931462314000,143.944926,5.13254012593631,-18.1235329598438,7.53540955104146,1.4874569,1.5757269,-0.56107974,154.61049,78.87726,-4.7215605,WAL
1931467314000,143.949926,4.3988872118566,-16.6849975102143,6.76339588190467,1.3332134,1.6132951,-0.59742624,155.04964,78.29757,-4.184944,WAL
1931472369000,143.954981,3.4632829716445,-14.8520221899933,6.08747035884435,1.1242975,1.520749,-0.59406644,155.60373,77.95402,-3.5793817,WAL
1931477402000,143.960014,2.36122468523869,-12.6940169106477,5.50646893748206,0.8906415,1.3716979,-0.5879578,156.14752,77.62879,-3.0061183,WAL
1931482393000,143.965005,1.29383354618767,-10.5454561265114,5.00503637493754,0.68477994,1.2907583,-0.5681047,156.65724,77.346596,-2.5760224,WAL
1931487309000,143.969921,0.27292127774358,-8.41894740541621,4.6004351320076,0.45662177,1.1511755,-0.53969944,157.10416,77.12357,-2.1569629,WAL
1931492283000,143.974895,-0.661042673408663,-6.66858158291208,4.25337428589553,0.3472769,1.0259482,-0.4538729,157.4626,76.87737,-1.9495294,WAL
1931497314000,143.979926,-1.4728927747646,-5.43647975954009,3.98594130569928,0.106595986,0.9440922,-0.33169982,157.78883,76.73076,-1.7583281,WAL
1931502303000,143.984915,-2.17548685140334,-4.61441871996075,3.75294293782139,-0.11911872,0.91782504,-0.17898351,158.0156,76.555626,-1.7685144,WAL
1931507294000,143.989906,-2.73367568734053,-4.35643231364082,3.56531640706575,-0.3585779,0.9272934,-0.028099801,158.21974,76.45024,-1.8093352,WAL
1931512301000,143.994913,-3.20149658243423,-4.41361016429522,3.52861360085986,-0.5681047,0.89736104,0.11209377,158.33173,76.3759,-2.0213597,WAL
1931517311000,143.999923,-3.51582825957621,-4.99807074347426,3.74471676351725,-0.7486154,0.7861836,0.23854288,158.409,76.35121,-2.2655826,WAL
1931522303000,144.004915,-3.74873262553782,-5.90321216097948,4.06935777604838,-0.9114109,0.5155703,0.34513888,158.37337,76.408,-2.6293285,WAL
1931527401000,144.010013,-3.87457645482304,-7.27781359200952,4.55337246907901,-1.0381655,0.0421497,0.441961,158.23236,76.48193,-3.0009847,WAL
1931532282000,144.014894,-4.12092160666603,-9.04550571450338,4.68612374363394,-1.0714576,-0.6114761,0.48472157,157.93872,76.52974,-3.4056618,WAL
1931537306000,144.019918,-4.56077809332445,-11.5334440030473,4.33332211087515,-0.97035944,-1.3952162,0.44135013,157.4692,76.55208,-3.7714677,WAL
1931542266000,144.024878,-4.80513773834586,-13.9557553022556,3.74569778902256,-0.7870999,-2.0482311,0.41599923,156.84486,76.49814,-4.1250467,WAL
1931547318000,144.02993,-4.60142387849624,-16.3421170093233,2.57676871329323,-0.52870387,-2.1875083,0.45631635,156.14664,76.37879,-4.466308,WAL
1931552241000,144.034853,-4.1172519325617,-18.0776424215611,1.76632176323895,-0.21135938,-1.8350391,0.5137377,155.4348,76.335335,-4.8176413,WAL
1931557292000,144.039904,-2.94195032944328,-18.4570708938206,1.71542286426248,0.24648413,-1.4172074,0.46822822,154.7178,76.17776,-5.1394353,WAL
1931562314000,144.044926,-1.73517889739759,-18.1898418385542,1.36491420626506,0.8741482,-1.2660183,0.34300083,154.16791,76.12901,-5.3419414,WAL
1931567312000,144.049924,-0.399191302463855,-15.6476201783133,-0.0431590860240962,1.385137,-1.5271631,0.05681047,153.63908,76.00504,-5.4771643,WAL
1931572312000,144.054924,0.646268799539089,-12.928622638876,-1.53373675209125,1.5112807,-1.9715676,-0.4083634,153.20848,75.9618,-5.3447385,WAL
1931577387000,144.059999,0.709371089741259,-9.56617134053603,-3.32764505057034,1.1859949,-1.9828686,-0.7666359,152.84186,75.919395,-5.177822,WAL
1931582365000,144.064977,0.70881462517094,-6.34578450247863,-4.90833040602564,0.47800204,-1.7595973,-0.95172805,152.52275,76.10812,-4.7657194,WAL
1931587305000,144.069917,0.021412727948718,-4.00558543025641,-4.50903099769231,0.07574729,-1.1734722,-1.0097603,152.31613,76.31204,-4.3265886,WAL
1931592307000,144.074919,-0.659226163611834,-1.92801424686518,-4.02361126684013,-0.7089091,-0.8155051,-0.96669424,152.12262,76.89883,-3.8715272,WAL
1931597326000,144.079938,-1.27991066297581,-1.0247792877267,-3.20838361419485,-1.3200798,-0.8072584,-0.78893244,151.98007,77.54015,-3.4589639,WAL
1931602283000,144.084895,-1.88926059739317,-0.216197744706604,-2.4531016330505,-1.674687,-0.95417154,-0.59620446,151.81462,78.17249,-3.1985288,WAL
1931607299000,144.089911,-2.47855429675935,-0.0197664876548763,-2.06023914971376,-1.917506,-1.0998629,-0.4279111,151.6369,78.9348,-2.9866788,WAL
1931612317000,144.094929,-3.01357681951991,0.105280542319471,-1.81893859621654,-2.080607,-1.269378,-0.25259277,151.33148,79.5881,-2.9425144,WAL
1931617361000,144.099973,-3.28080029603872,-0.123768140450459,-2.32952627824756,-2.175902,-1.4627168,-0.056199603,150.96576,80.271774,-2.951582,WAL
1931622315000,144.104927,-3.54275004043279,-0.407443226062969,-2.81861129756311,-2.2192733,-1.6288722,0.16279559,150.50485,80.86477,-3.120321,WAL
1931627350000,144.109962,-3.80596054262599,-1.0466686865172,-3.24162820413296,-2.1930063,-1.7742581,0.38698313,149.98492,81.42114,-3.3506727,WAL
1931632260000,144.114872,-4.05968464981398,-1.67634244296064,-3.65200944313687,-2.1062634,-1.9798143,0.58001655,149.3935,81.96804,-3.6785555,WAL
1931637285000,144.119897,-4.28583749541805,-2.39249335029371,-4.04777699673977,-2.006387,-2.1817052,0.743423,148.75583,82.41629,-4.0713744,WAL
1931642428000,144.12504,-4.49562328707564,-3.10666708814771,-4.43269827832043,-1.9230038,-2.298075,0.86254174,148.08455,82.77862,-4.5535474,WAL
1931647284000,144.129896,-4.4217620038515,-3.54521903271789,-4.54349032366488,-1.8784106,-2.2953262,0.97097033,147.39061,82.97946,-5.090414,WAL
1931652495000,144.135107,-4.34066355872093,-4.0235886223062,-4.6261562329845,-1.8277088,-2.1945333,1.0821478,146.70256,83.02299,-5.700216,WAL
1931657294000,144.139906,-4.2426886255814,-4.56245001054264,-4.24316385364341,-1.8063285,-2.0674734,1.2055426,146.03029,82.87453,-6.355354,WAL
1931662708000,144.14532,-4.13412314469954,-5.19142440477141,-3.8231974787782,-1.8228219,-2.0277672,1.3338243,145.38507,82.574326,-7.0252037,WAL
1931667313000,144.149925,-4.07689468877021,-6.10267911604113,-3.68232713639449,-1.863139,-2.0189097,1.4718798,144.77818,82.09618,-7.741285,WAL
1931672682000,144.155294,-4.00340331342048,-7.17590435676667,-3.52590221773723,-1.922393,-1.9874501,1.6038266,144.19666,81.49091,-8.466304,WAL
1931677318000,144.15993,-3.79045286301138,-8.3408681982037,-3.56348176540957,-1.9837849,-1.93797,1.7449366,143.63467,80.764366,-9.234994,WAL
1931682293000,144.164905,-3.5619307554218,-9.59101813589768,-3.60380925671024,-2.0015,-1.7993035,1.8118263,143.13028,99.988945,-9.971095,WAL
1931687307000,144.169919,-2.95807392117345,-10.7955585812935,-3.91650535068102,-2.019826,-1.6084082,1.9544634,142.6687,100.84235,-10.763029,WAL
1931692274000,144.174886,-2.28752788036956,-11.9780759590437,-4.27896270200019,-2.058616,-1.3356569,2.1343632,142.2854,101.7525,-11.576098,WAL
1931697316000,144.179928,-1.63969203042187,-13.1994155294118,-4.29580570526837,-2.060143,-1.087951,2.2968533,141.99797,102.592285,-12.293193,WAL
1931702291000,144.184903,-1.01216835098039,-14.4119986176471,-4.18728651013072,-2.0470095,-0.93554014,2.3805418,141.77519,103.46616,-13.023145,WAL
1931707285000,144.189897,-0.47769870800764,-15.3145595828191,-4.04566469056715,-2.0066924,-0.9233228,2.395508,141.66843,104.16518,-13.538962,WAL
1931712335000,144.194947,0.0244527981633852,-16.1009478186894,-3.88933461710256,-1.9401081,-0.91599244,2.3099868,141.61102,104.86115,-14.037551,WAL
1931717311000,144.199923,0.628900963254117,-16.1546114832187,-3.77258115196998,-1.8671097,-0.82650065,2.196977,141.61716,105.34456,-14.323243,WAL
1931722316000,144.204928,1.2883770465197,-15.8698377298311,-3.67266050562852,-1.7907515,-0.6630942,2.058005,141.64426,105.79858,-14.576403,WAL
1931727404000,144.210016,1.85267499447447,-15.2235712438438,-3.52567128393393,-1.7107282,-0.40408736,1.8936822,141.7281,106.05313,-14.639578,WAL
1931732344000,144.214956,2.36886385253253,-14.4895416382382,-3.36939396361361,-1.6563611,-0.118507855,1.672549,141.85754,106.267334,-14.654622,WAL
1931737304000,144.219916,2.65723297668482,-13.8279269033356,-3.04466433199455,-1.6157386,0.18692477,1.3921618,142.06544,106.324486,-14.496412,WAL
1931742300000,144.224912,2.87708231378489,-13.1846638454731,-2.66603487086453,-1.5888605,0.37507126,1.0668762,142.3076,106.33279,-14.275057,WAL
1931747276000,144.229888,3.05550894137414,-12.438349980198,-2.2465834090209,-1.5858061,0.4071417,0.7199047,142.5728,106.211655,-13.901905,WAL
1931752306000,144.234918,3.17594929570957,-11.5278203762376,-1.76000422860286,-1.566564,0.20861048,0.4269948,142.81154,106.04842,-13.474726,WAL
1931757284000,144.239896,3.19825379151599,-10.5943856063978,-1.27396834151599,-1.509448,-0.29138273,0.23090707,142.94156,105.76789,-12.976092,WAL
1931762346000,144.244958,3.07785397568051,-9.59747484363203,-0.773104989966223,-1.4327844,-0.9437868,0.09101892,142.96439,105.45824,-12.449178,WAL
1931767245000,144.249857,2.76438002059546,-8.78896395794438,-0.58934016391864,-1.3814718,-1.5442673,-0.043676864,142.81615,105.13256,-11.9302225,WAL
1931772301000,144.254913,2.12683213245554,-8.20375220281026,-0.879567207644689,-1.3497068,-1.9837849,-0.17501289,142.53593,104.79704,-11.416683,WAL
1931777287000,144.259899,1.47623199123646,-7.75687337230409,-1.33403979273934,-1.3365731,-2.1157317,-0.28496864,142.12862,104.55159,-10.997674,WAL
1931782313000,144.264925,0.781034523501513,-7.54079853498585,-2.09499919648678,-1.3313808,-2.2186625,-0.3203988,141.61603,104.30722,-10.593593,WAL
1931787243000,144.269855,0.13953184973062,-7.39051284437985,-2.76191957020349,-1.3136657,-2.1484132,-0.36926803,141.11952,104.1462,-10.271274,WAL
1931792302000,144.274914,-0.423829380151163,-7.38112330116279,-3.25955531133721,-1.2843442,-1.9737056,-0.38728857,140.6404,103.99512,-9.958939,WAL
1931797263000,144.279875,-0.936009152827124,-7.37880352894122,-3.59580662948939,-1.2791518,-1.7284433,-0.38026363,140.2083,104.05199,-9.762993,WAL
1931802342000,144.284954,-1.33101960004061,-7.39855414152878,-3.45261538426556,-1.2638801,-1.5225816,-0.35369098,139.82303,104.1092,-9.567023,WAL
1931807293000,144.289905,-1.67168113635855,-7.49245910821752,-3.22140353469826,-1.2843442,-1.3588698,-0.2846632,139.48141,104.338745,-9.476156,WAL
1931812444000,144.295056,-1.90634558112116,-7.79154122579983,-2.73366975366104,-1.2770138,-1.1753048,-0.20158553,139.20857,104.57221,-9.389127,WAL
1931817317000,144.299929,-2.10255341522415,-8.07156932022866,-2.26283024849062,-1.2403619,-0.98624194,-0.09468412,138.96101,104.86267,-9.402813,WAL
1931822342000,144.304954,-2.1411641222746,-8.34184437037408,-1.71745355783773,-1.1979067,-0.8359691,0.028099801,138.76282,105.16623,-9.438162,WAL
1931827412000,144.310024,-2.14306028915201,-8.60480165523246,-1.16932011452507,-1.1695015,-0.745561,0.13103059,138.58226,105.42083,-9.54622,WAL
1931832425000,144.315037,-1.95079205551106,-8.81378867595333,-0.638492700878113,-1.1646146,-0.6740898,0.20250183,138.44644,105.680374,-9.670373,WAL
1931837308000,144.31992,-1.7635098323176,-9.01735612502177,-0.121431009109089,-1.1777482,-0.6282749,0.27091873,138.3377,105.84064,-9.829842,WAL
1931842358000,144.32497,-1.46091168933586,-9.11108725540177,0.205713975942846,-1.2018774,-0.63591075,0.3359759,138.23698,106.00917,-10.002566,WAL
1931847286000,144.329898,-1.1460623925122,-9.18157586000199,0.487668603868366,-1.2082914,-0.6713409,0.37048978,138.14207,106.17798,-10.179671,WAL
1931852347000,144.334959,-0.866791010961049,-9.12663947514191,0.583662256831082,-1.1924089,-0.6945538,0.3848451,137.9978,106.31315,-10.358687,WAL
1931857261000,144.339873,-0.604269530045018,-9.04834394079076,0.638929944617342,-1.1316279,-0.70432764,0.3943135,137.84778,106.441315,-10.54266,WAL
1931862406000,144.345018,-0.483496448323119,-8.92176112579122,0.46797708889581,-1.0613784,-0.70554936,0.40133846,137.66214,106.547554,-10.688287,WAL
1931867247000,144.349859,-0.408968044653873,-8.79133622967949,0.249049899469507,-0.97035944,-0.68111473,0.40011674,137.48128,106.63318,-10.830561,WAL
1931872341000,144.354953,-0.446605565296089,-8.6188941594041,-0.029101362707635,-0.8897252,-0.65179324,0.40591997,137.30875,106.68453,-10.929641,WAL
1931877338000,144.35995,-0.513442589843575,-8.44066224283054,-0.314272624638734,-0.8151997,-0.6258314,0.40133846,137.14195,106.7137,-11.022539,WAL
1931882389000,144.365001,-0.686302383922568,-8.25253089740194,-0.571586549978604,-0.7724391,-0.5925393,0.40317106,137.013,106.75004,-11.097575,WAL
1931887326000,144.369938,-0.907893001823739,-8.06466031645441,-0.807628730135507,-0.70921457,-0.5891795,0.4196644,136.88399,106.76695,-11.174394,WAL
1931892291000,144.374903,-1.16913256733225,-7.92424699187866,-1.04499257833349,-0.69027776,-0.62888575,0.43951756,136.76488,106.86067,-11.276991,WAL
1931897349000,144.379961,-1.45278512964385,-7.80334617674954,-1.28679474269943,-0.68569624,-0.6792821,0.46731192,136.6456,106.94621,-11.384881,WAL
1931902345000,144.384957,-1.70214200264853,-7.74520318224767,-1.50216697602004,-0.72173727,-0.74128497,0.5143485,136.52576,107.104645,-11.553694,WAL
1931907330000,144.389942,-1.93159264703957,-7.72567548084671,-1.70232606830964,-0.77304995,-0.7809912,0.5525276,136.39917,107.26423,-11.725466,WAL
1931912440000,144.395052,-2.13811865497135,-7.80682194390268,-1.88567392994873,-0.86651236,-0.80573124,0.6203337,136.27316,107.51981,-11.978132,WAL
1931917345000,144.399957,-2.32229437810395,-7.93432807720921,-2.05095985555444,-0.9615019,-0.79137594,0.6774496,136.14862,107.7828,-12.23109,WAL
1931922351000,144.404963,-2.46218204737797,-8.19722507442517,-2.16183378424768,-1.0677924,-0.77488256,0.7556403,136.01456,108.12514,-12.536064,WAL
1931927414000,144.410026,-2.57953749593586,-8.52973234035901,-2.2449604730839,-1.1969905,-0.73456544,0.8185594,135.89476,108.48714,-12.840871,WAL
1931932421000,144.415033,-2.65466677591445,-8.85649402538477,-2.1759067028383,-1.314582,-0.70157874,0.88117313,135.77756,108.90495,-13.179997,WAL
1931937345000,144.419957,-2.71122028888667,-9.17696345652609,-2.04394857151709,-1.4556919,-0.6908886,0.9257663,135.66963,109.346596,-13.519287,WAL
1931942340000,144.424952,-2.77061170940047,-9.4479831331005,-1.85569118456539,-1.5763378,-0.70341134,0.9819659,135.56038,109.81815,-13.874297,WAL
1931947348000,144.42996,-2.83109759298603,-9.69458000698487,-1.64166423803842,-1.6514742,-0.7113526,1.0186177,135.45883,110.2958,-14.223363,WAL
1931952340000,144.434952,-2.8359319375,-9.89523575,-1.34554134375,-1.7174476,-0.7583892,1.0461067,135.32129,110.78666,-14.592338,WAL
1931957333000,144.439945,-2.80705685970209,-10.0684852117552,-0.999041364955717,-1.740966,-0.8210029,1.0503827,135.17955,111.26774,-14.954654,WAL
1931962405000,144.445017,-2.76631435347594,-10.2677704737968,-0.615527478459893,-1.7125608,-0.8848383,1.0549643,134.98822,111.73687,-15.337289,WAL
1931967342000,144.449954,-2.72034385119106,-10.4746382140982,-0.224777940227516,-1.6438384,-0.94714653,1.0519099,134.78079,112.18375,-15.71192,WAL
1931972328000,144.45494,-2.63557270796687,-10.7232228345494,0.197462388207454,-1.5439619,-0.9822713,1.0442741,134.5285,112.565475,-16.085093,WAL
1931977416000,144.460028,-2.52026574492211,-11.0066854383751,0.649081254892526,-1.3704761,-1.0812315,1.0390818,134.24077,112.9051,-16.457388,WAL
1931982441000,144.465053,-2.32253063933434,-11.2435824706001,0.853743101825517,-1.280679,-1.2168436,1.0473285,133.87355,113.22491,-16.846724,WAL
1931987346000,144.469958,-2.0666951892587,-11.4425661755925,0.87269386491175,-1.0091494,-1.3261884,1.0616838,133.4854,113.46707,-17.23231,WAL
1931992292000,144.474904,-1.69538107425272,-11.6312080074728,0.553041055516304,-0.677755,-1.402852,1.0824533,133.02254,113.631645,-17.619589,WAL
1931997340000,144.479952,-1.22620675616266,-11.814185759802,-0.0428103044526398,-0.30207285,-1.3979651,1.1139128,132.55254,113.74127,-18.005856,WAL
1932002340000,144.484952,-0.629855716648146,-11.901530069502,-0.684234256494595,0.09621128,-1.2840388,1.1096367,132.09874,113.772224,-18.336235,WAL
1932007356000,144.489968,0.0980551163652895,-11.8966772326498,-1.37817592067886,0.45356745,-1.0476339,1.0586295,131.67882,113.745094,-18.643198,WAL
1932012355000,144.494967,0.898823005144378,-11.6826838855819,-1.93879797391347,0.70249504,-0.713796,0.94806284,131.42938,113.65392,-18.800928,WAL
1932017346000,144.499958,1.76556226871982,-11.2822878336454,-2.38158870229625,0.7840455,-0.3640757,0.7892379,131.24478,113.51446,-18.908787,WAL
1932022333000,144.504945,2.51603406210793,-10.9582436382233,-2.73392558961621,0.66675943,-0.033292156,0.6197228,131.2893,113.32075,-18.816082,WAL
1932027395000,144.510007,3.15824910469511,-10.7079690093513,-2.99836711254627,0.39492437,0.21288654,0.43218717,131.39558,113.105225,-18.660576,WAL
1932032297000,144.514909,3.48864609103886,-10.7827252252181,-3.04034382164948,0.06352998,0.3359759,0.22907446,131.67885,112.85334,-18.312094,WAL
1932037347000,144.519959,3.45029332339413,-11.2717232129262,-2.80543291958763,-0.25228736,0.2932153,0.0070249503,131.96518,112.60766,-17.910711,WAL
1932042257000,144.524869,3.17062378536585,-11.8131080243902,-2.43087386097561,-0.50243664,0.07727446,-0.20525073,132.30501,112.3477,-17.368904,WAL
1932047348000,144.52996,2.52707892384505,-12.4706431779053,-1.82929924241033,-0.7244862,-0.22571471,-0.37201694,132.58809,112.12052,-16.80154,WAL
1932052241000,144.534853,1.83034525526303,-12.8251954792281,-1.38280742455437,-0.8686504,-0.48166725,-0.50335294,132.76428,111.88859,-16.221525,WAL
1932057333000,144.539945,0.93282802173808,-12.5825595023187,-1.20848650284044,-0.9025534,-0.6221663,-0.5830709,132.87355,111.67636,-15.639273,WAL
1932062278000,144.54489,0.0612210461330369,-12.3469281382542,-1.03919801936138,-0.7987063,-0.61208695,-0.57696223,132.81073,111.453476,-15.177686,WAL
1932067345000,144.549957,-0.83188968094295,-12.1054834220328,-0.865732954490121,-0.59712076,-0.44929138,-0.5006041,132.75075,111.230125,-14.726419,WAL
1932072283000,144.554895,-1.56014898181818,-11.9057119090909,-0.753955863636364,-0.34208453,-0.31642818,-0.38148534,132.68799,111.0052,-14.308087,WAL
1932077407000,144.560019,-1.66309623328671,-11.8615915048951,-0.901023468111888,-0.21930063,-0.015882496,-0.3136793,132.72154,110.78333,-13.883766,WAL
1932082283000,144.564895,-1.67504480492611,-11.9131227192118,-0.972682754187192,0.0106901415,0.21868975,-0.17928895,132.60625,110.68111,-13.840036,WAL
1932087345000,144.569957,-1.29295382374384,-12.395512866601,-0.733875897182266,0.22693644,0.36071593,-0.10323623,132.5523,110.560455,-13.785016,WAL
1932092325000,144.574937,-0.900529657964296,-12.9090710060164,-0.478698675206628,0.40744713,0.47800204,-0.087964594,132.57399,110.44978,-13.753825,WAL
1932097346000,144.579958,-0.416785203846533,-13.6346879595621,-0.113519032545616,0.59589905,0.5552765,-0.13927728,132.62604,110.2974,-13.717645,WAL
1932102309000,144.584921,0.0522893644,-14.3627017026667,0.20750386272,0.7867944,0.5626069,-0.22907446,132.68802,110.02706,-13.60393,WAL
1932107334000,144.589946,0.464776108685714,-15.1739252598095,0.257918912434286,0.977079,0.5357288,-0.34238997,132.75778,109.71089,-13.4689045,WAL
1932112339000,144.594951,0.866381380358067,-15.9456914222291,0.316057421392942,1.1533136,0.5137377,-0.4728097,132.81488,109.23625,-13.22162,WAL
1932117349000,144.599961,1.00044479110007,-15.6676340891028,0.604045463181207,1.3264939,0.4792238,-0.59773165,132.85626,108.71569,-12.953862,WAL
1932122325000,144.604937,1.07565819118574,-15.3599663714792,0.899346462221784,1.4810427,0.43188173,-0.7467828,132.90076,108.07389,-12.569452,WAL
1932127365000,144.609977,0.614568043381919,-14.7562707638369,1.28438047364585,1.599856,0.31215215,-0.9025534,132.9106,107.397316,-12.166892,WAL
1932132359000,144.614971,0.153318481789634,-14.1550547005822,1.65183868982533,1.7131716,0.15027285,-1.069625,132.8742,106.65219,-11.732294,WAL
1932137350000,144.619962,-0.362206605285864,-13.5163510427603,1.8434497871719,1.8597792,-0.005192355,-1.1856894,132.8055,105.87641,-11.286362,WAL
1932142665000,144.625277,-0.911784600364765,-12.8433761136599,2.03914313808405,2.0842721,-0.08827003,-1.2351695,132.64182,105.092476,-10.918162,WAL
1932147351000,144.629963,-1.40962006845163,-12.4130438654696,2.02226737055561,2.364354,-0.14660765,-1.2660183,132.44432,104.27356,-10.537464,WAL
1932152301000,144.634913,-1.93550260516311,-11.9584675469587,2.00444085556078,2.7162123,-0.17989981,-1.3072516,132.18546,103.46908,-10.246291,WAL
1932157334000,144.639946,-2.51352682951646,-11.7966705391081,1.83327238810442,3.0708196,-0.20219639,-1.3515394,131.92206,102.64171,-9.951893,WAL
1932162306000,144.644918,-3.09265804434886,-11.6930864683081,1.63552026956393,3.3472362,-0.20586158,-1.4141531,131.66295,101.79792,-9.645406,WAL
1932167346000,144.649958,-3.72573965792235,-11.9438963064008,1.13449485330535,3.5243871,-0.18112154,-1.4746287,131.38177,101.05517,-9.433641,WAL
1932172264000,144.654876,-4.35339334428122,-12.2651361443861,0.5809735404617,3.6312885,-0.14385876,-1.5082263,131.11345,100.344925,-9.214169,WAL
1932177438000,144.66005,-4.85931877788547,-12.6921452517061,-0.344320828602512,3.637397,-0.03634648,-1.5931365,130.86725,99.78618,-9.061111,WAL
1932182245000,144.664857,-5.31462197679755,-13.0973647497775,-1.23671520496489,3.5708127,0.16340645,-1.6019942,130.67007,99.32461,-8.920411,WAL
1932187344000,144.669956,-5.83354232603298,-13.4135770283075,-2.07163697693683,3.407101,0.40194935,-1.611768,130.53455,99.07732,-8.87218,WAL
1932192261000,144.674873,-6.33867035609853,-13.7035584219309,-2.86206875518474,3.1835241,0.6301075,-1.5873333,130.45938,98.90928,-8.829188,WAL
1932197348000,144.67996,-6.75476945617455,-13.8349283153572,-3.23286782673659,2.9428434,0.7669413,-1.5515977,130.47675,98.8973,-8.868394,WAL
1932202246000,144.684858,-7.14001576721749,-13.9370413889768,-3.52528366109242,2.6978865,0.8145888,-1.5265522,130.53377,98.90945,-8.903492,WAL
1932207331000,144.689943,-7.40655598683569,-13.9855322559727,-3.47978957045344,2.4889705,0.7281514,-1.4920384,130.64685,98.97774,-8.977362,WAL
1932212307000,144.694919,-7.6435489650902,-14.0227079010239,-3.37291037942467,2.3047945,0.5360342,-1.4523321,130.74028,80.95069,-9.04877,WAL
1932217346000,144.699958,-7.77984626812393,-13.9169595694375,-3.30119922355359,2.1572707,0.2864958,-1.4199562,130.7993,80.85954,-9.13768,WAL
1932222301000,144.704913,-7.88928375052642,-13.7789732779505,-3.23934315587085,2.107485,0.029932396,-1.393689,130.7982,80.76874,-9.225071,WAL
1932227377000,144.709989,-7.62951720575722,-14.0370684829235,-3.33128773456284,2.1368067,-0.13622294,-1.398576,130.76836,80.71443,-9.27011,WAL
1932232303000,144.714915,-7.29347118661202,-14.3777178702186,-3.4555787226776,2.1978931,-0.160963,-1.5161675,130.70526,80.686584,-9.284701,WAL
1932237340000,144.719952,-6.7538350885804,-14.3568317070625,-3.59754306951059,2.1725423,-0.020158553,-1.7708983,130.66765,80.716995,-9.232227,WAL
1932242344000,144.724956,-6.15656583224238,-14.2208675662174,-3.74321843852467,1.8600847,0.3051272,-1.9639318,130.67809,80.76721,-9.163377,WAL
1932247343000,144.729955,-5.50872093572777,-13.7776230043716,-3.43732378523597,1.4004086,0.4578435,-2.05098,130.69888,80.90759,-9.010211,WAL
1932252316000,144.734928,-4.85100243040239,-13.2571265409836,-3.01619453204173,1.135904,0.44043383,-2.0561724,130.76228,81.08105,-8.828557,WAL
1932257333000,144.739945,-4.23332422157248,-12.8023654605405,-2.92825240790172,1.0571023,0.40225476,-2.0054705,130.86842,81.33648,-8.578027,WAL
1932262369000,144.744981,-3.62661292584767,-12.3662914151351,-2.93773231288452,1.1032226,0.48380527,-1.924531,131.00035,81.58459,-8.340355,WAL
1932267360000,144.749972,-2.94846361480302,-12.0763950179069,-2.77599729840828,1.2565498,0.75808376,-1.851838,131.15611,81.86625,-8.062304,WAL
1932272381000,144.754993,-2.24048493241146,-11.8324299625945,-2.55594982554716,1.4489723,0.9062186,-1.7806722,131.29842,82.11498,-7.8136973,WAL
1932277347000,144.759959,-1.66460022041979,-11.6889002685657,-2.15795651641179,1.5714508,1.2428054,-1.7702875,131.5711,82.42287,-7.5032067,WAL
1932282298000,144.76491,-1.13382021169415,-11.5799005767116,-1.69826311909045,1.7760907,1.57084,-1.7876972,131.88362,82.69946,-7.213382,WAL
1932287292000,144.769904,-0.689543290055134,-11.379015080634,-1.60130677698139,1.894904,1.8270979,-1.8304577,132.28732,83.04155,-6.84838,WAL
1932292307000,144.774919,-0.278161121811559,-11.1425882208329,-1.64386357224574,1.9654589,2.0992384,-1.8286251,132.78645,83.35614,-6.501724,WAL
1932297301000,144.779913,-0.00187877392061762,-10.8964065816094,-1.51201790342473,2.0451767,2.250733,-1.7589865,133.32819,83.696884,-6.092165,WAL
1932302293000,144.784905,0.215793331901415,-10.6456108338117,-1.303809800485,2.0803015,2.225382,-1.6664404,133.89078,84.00277,-5.7009673,WAL
1932307293000,144.789905,0.220026275029869,-10.3005137706093,-1.34753796379928,2.07572,2.221106,-1.5833627,134.51147,84.31207,-5.2753544,WAL
1932312303000,144.794915,0.119710083333333,-9.908803,-1.5147316,2.0448713,2.2284365,-1.5118915,135.12038,84.56577,-4.8832626,WAL
1932317289000,144.799901,0.0110086576989698,-9.53213058911478,-1.70505749135746,2.0124955,2.2391264,-1.4123205,135.72592,84.76885,-4.48551,WAL
1932322296000,144.804908,-0.102650548134743,-9.16055221341964,-1.90833260763971,1.9709567,2.2983804,-1.2605205,136.33899,84.906654,-4.133684,WAL
1932337268000,144.81988,-0.452344525155969,-8.07000690603963,-2.46246783990708,1.8988746,2.3881776,-0.8750645,138.21739,85.02749,-3.3302753,WAL
1932342279000,144.824891,-0.602496177836352,-7.7742538566417,-2.4670178868209,1.8445076,2.2864685,-0.8054258,138.85507,85.000206,-3.126244,WAL
1932347282000,144.829894,-0.76018195651341,-7.47471592279693,-2.4805947256705,1.7944167,2.155438,-0.75441855,139.49239,84.915085,-2.9431536,WAL
1932352305000,144.834917,-0.958312700009579,-7.15217759378353,-2.54049477047893,1.7403551,2.0314324,-0.7101309,140.09369,84.82418,-2.779004,WAL
1932357327000,144.839939,-1.15084810016719,-6.82657168755901,-2.60452134609559,1.68385,1.9556851,-0.6774496,140.68694,84.69656,-2.6360302,WAL
1932362338000,144.84495,-1.28299819413847,-6.46787826557829,-2.71307311923682,1.6328428,1.8924606,-0.6407976,141.24144,84.57005,-2.5070918,WAL
1932367298000,144.84991,-1.41777607512195,-6.1169514195122,-2.81358389146341,1.5830573,1.8585575,-0.6188065,141.8024,84.42199,-2.4068553,WAL
1932372348000,144.85496,-1.63894780479675,-5.84663066747968,-2.76934968922764,1.5195273,1.7901406,-0.6068946,142.33043,84.28768,-2.3142772,WAL
1932377311000,144.859923,-1.84916049183489,-5.57967637563523,-2.72206191327709,1.4871514,1.7253889,-0.59437186,142.86752,84.14271,-2.2482677,WAL
1932382357000,144.864969,-1.98020035317867,-5.29333004011248,-2.62984863246962,1.4034629,1.6939293,-0.6047566,143.3916,84.032234,-2.1804152,WAL
1932387317000,144.869929,-2.10882205630127,-5.01013797058417,-2.52698383349807,1.303281,1.65911,-0.61208695,143.89665,83.91175,-2.148897,WAL
1932392297000,144.874909,-2.23610262603539,-4.70843596504893,-2.30070739087674,1.1951579,1.6169603,-0.63407815,144.38872,83.82283,-2.111385,WAL
1932397368000,144.87998,-2.36096649817752,-4.39622694159196,-2.07144144285292,1.0687088,1.6618589,-0.6389651,144.90579,83.73034,-2.0998974,WAL
1932402347000,144.884959,-2.42672946959905,-4.02983272515023,-1.86006010942764,0.9621128,1.7027869,-0.61391956,145.40733,83.66521,-2.0918293,WAL
1932407504000,144.890116,-2.50409351437006,-3.6505301598692,-1.60574928237805,0.84971356,1.7082846,-0.6203337,145.90936,83.59318,-2.0977666,WAL
1932412298000,144.89491,-2.68758827342175,-3.3002220547552,-0.942666098964483,0.7153232,1.6957619,-0.6273586,146.41516,83.557655,-2.1135876,WAL
1932417304000,144.899916,-2.87919752745027,-2.9344226442002,-0.250260088082478,0.5687156,1.6734654,-0.6356053,146.91823,83.512085,-2.1438544,WAL
1932422353000,144.904965,-2.96260260258216,-2.78236303887911,0.145846789172535,0.41508293,1.6542231,-0.6398814,147.41675,83.50794,-2.175264,WAL
1932427350000,144.909962,-3.02345143912363,-2.67470735612285,0.478175294659624,0.2574797,1.6554449,-0.6215554,147.91216,83.545525,-2.2125099,WAL
1932432358000,144.91497,-3.08897715148476,-2.63759566804052,0.800140383454166,0.109650314,1.6215417,-0.602924,148.36897,83.48343,-2.2890663,WAL
1932437245000,144.919857,-3.15405074281458,-2.61900322724203,1.11156400950442,-0.04795292,1.5861117,-0.5513059,148.82144,83.46106,-2.3826535,WAL
1932442341000,144.924953,-3.15883693265135,-2.63848815439091,1.22078237921917,-0.1957823,1.4987578,-0.54458636,149.24007,83.41239,-2.4806447,WAL
1932447254000,144.929866,-3.14488563939214,-2.66871600905856,1.26263635611564,-0.33200526,1.3735305,-0.5296202,149.63245,83.39427,-2.5954325,WAL
1932452344000,144.934956,-3.13043172473931,-2.70003287864097,1.30599820069187,-0.42913285,1.2476922,-0.505491,149.9853,83.33795,-2.7239473,WAL
1932457299000,144.939911,-3.11636116538671,-2.73051914362738,1.34820997669879,-0.5479461,1.1407908,-0.4700608,150.30287,83.31615,-2.8583663,WAL
1932462379000,144.944991,-2.99338937889908,-2.67242595857749,1.19180373473612,-0.6582073,1.0549643,-0.42210788,150.59009,83.302635,-3.0021706,WAL
1932467318000,144.94993,-2.83474326146789,-2.58377078677123,0.967832854903818,-0.77304995,1.0189233,-0.37201694,150.8558,83.309975,-3.1563072,WAL
1932472370000,144.954982,-2.6431491402126,-2.52108191857882,0.730390654600651,-0.8713993,0.9578367,-0.35155296,151.08467,83.31485,-3.3056757,WAL
1932477355000,144.959967,-2.44198309821873,-2.47079042001532,0.492648843616165,-0.91690874,0.90316427,-0.2941316,151.29803,83.31515,-3.479763,WAL
1932482350000,144.964962,-2.23094421545277,-2.44860506688987,0.325790001166169,-0.9966267,0.86467975,-0.2275473,151.5138,83.381,-3.637116,WAL
1932487330000,144.969942,-2.01476306700319,-2.44369186363449,0.202959837696508,-1.0687088,0.8268061,-0.15424347,151.7085,83.434715,-3.8117208,WAL
1932492298000,144.97491,-1.8546814971149,-2.47721114993511,0.284148276773485,-1.1334605,0.79443026,-0.09162979,151.9055,83.5452,-3.9638062,WAL
1932497337000,144.979949,-1.71978972578616,-2.53020430628931,0.467215685031447,-1.2073752,0.7510588,-0.03268129,152.08363,83.64667,-4.1343427,WAL
1932502309000,144.984921,-1.67889131098586,-2.60348270114571,0.724381990076688,-1.2809844,0.6627888,0.030848695,152.24507,83.77611,-4.2789917,WAL
1932507306000,144.989918,-1.68331293803936,-2.68749375367273,1.02063123351197,-1.3799446,0.53023106,0.10323623,152.37732,83.89324,-4.4403543,WAL
1932512320000,144.994932,-1.70688969746709,-2.857620268488,1.3954449250636,-1.4688255,0.37690386,0.15760323,152.46223,83.98257,-4.570041,WAL
1932517318000,144.99993,-1.74924328348634,-3.11174195044796,1.84545205292556,-1.5861117,0.19853121,0.22632557,152.49782,84.0578,-4.720352,WAL
1932522335000,145.004947,-1.82811688513993,-3.53219604339771,2.37830580748916,-1.6988163,0.016493361,0.29901853,152.45944,84.06676,-4.859697,WAL
1932527369000,145.009981,-1.92313001391407,-4.02626434278676,2.94838443131652,-1.8216002,-0.15118915,0.37934732,152.37076,84.063774,-5.0174375,WAL
1932532395000,145.015007,-1.9118706600926,-5.03388452453945,3.58496269113388,-1.9181169,-0.3200934,0.4642576,152.18027,83.99267,-5.153439,WAL
1932537306000,145.019918,-1.85163894563097,-6.25705139220766,4.23824499490691,-1.9963076,-0.43463063,0.5687156,151.95595,83.90489,-5.317473,WAL
1932542319000,145.024931,-1.55222626569431,-7.97632733824176,5.02974659045954,-2.0140228,-0.45845437,0.6618725,151.67128,83.717094,-5.478768,WAL
1932547356000,145.029968,-1.11369558559441,-9.97622003230769,5.89717007132867,-1.9620992,-0.38728857,0.7684685,151.38066,83.500565,-5.677001,WAL
1932552340000,145.034952,-0.354899855410226,-12.0871372812128,7.32954825326992,-1.7910569,-0.22449298,0.82924956,151.11302,83.2225,-5.919948,WAL
1932557329000,145.039941,0.587228475936385,-14.2743898744055,9.08597830231867,-1.4257594,-0.14813483,0.8368854,150.83836,82.90128,-6.175802,WAL
1932562437000,145.045049,2.02646688468331,-15.8099654900355,10.6709947501973,-0.86529064,-0.25411993,0.6918049,150.55742,82.60068,-6.2958784,WAL
1932567340000,145.049952,3.68027168889108,-16.8800747470403,12.0700118168903,-0.15424347,-0.3979787,0.30940324,150.2939,82.277214,-6.3487587,WAL
1932572356000,145.054968,5.1513153300663,-17.6398057142308,12.1875168784472,0.18570304,-0.63499445,0.03940081,149.96672,81.94671,-6.1949005,WAL
1932577372000,145.059984,6.47145134067455,-18.1706293244931,11.4074360966657,0.732122,-0.69913524,-0.4166101,149.67714,81.52604,-5.8928933,WAL
1932582347000,145.064959,7.16082840223328,-18.5504078469191,10.0653393150543,1.073901,-0.3839288,-0.627664,149.48393,81.10199,-5.3095365,WAL
1932587346000,145.069958,7.26774539644706,-18.7934010617196,8.17971478968633,1.2244794,0.14110987,-0.6612616,149.36418,80.542404,-4.7000184,WAL
1932592287000,145.074899,6.74545142957967,-17.965814698045,6.64114013761486,1.2385293,0.59773165,-0.66859204,149.46225,80.14259,-3.8480046,WAL
1932597355000,145.079967,5.65423830402737,-16.1724298257087,5.35066216936461,1.1661417,0.9279043,-0.6835582,149.68346,79.634125,-3.062864,WAL
1932602343000,145.084955,4.42227730929368,-14.1253275836431,4.32059958698885,1.0198395,1.1157454,-0.68325275,150.09633,79.34677,-2.2989533,WAL
1932607336000,145.089948,3.02903636839144,-11.7904476776851,3.53269771560334,0.8231409,1.178359,-0.6768387,150.56047,79.03902,-1.5921665,WAL
1932612340000,145.094952,1.68902288062847,-9.63468926797061,2.99005843699365,0.59956425,1.1414018,-0.6731735,151.0308,78.81983,-1.0629649,WAL
1932617351000,145.099963,0.4025720299861,-7.65736667811755,2.68988650202542,0.3811799,1.0543534,-0.659429,151.4986,78.63378,-0.559205,WAL
1932622362000,145.104974,-0.77149388501269,-6.07096194142913,2.55172533734869,0.17654006,0.94042706,-0.6035349,151.8725,78.5114,-0.28028905,WAL
1932627380000,145.109992,-1.83169991798223,-4.88409423584537,2.5798724769426,-0.017715093,0.8362745,-0.4859433,152.2184,78.44437,-0.022605361,WAL
1932632336000,145.114948,-2.82616865772187,-4.07709082962963,2.62480136126585,-0.20952678,0.77457714,-0.31520647,152.44847,78.39863,0.00684641,WAL
1932637347000,145.119959,-3.76516422487771,-3.72257185925926,2.69187247320555,-0.4269948,0.7425067,-0.116675265,152.64696,78.41701,-0.0005532453,WAL
1932642306000,145.124918,-4.53667461433218,-3.69115518138985,2.90035083288319,-0.625526,0.659429,0.087659165,152.71005,78.44991,-0.23257369,WAL
1932647357000,145.129969,-5.11361551757516,-4.0821400220207,3.30087178227698,-0.7666359,0.49357912,0.2706133,152.72395,78.5196,-0.5061185,WAL
1932652272000,145.134884,-5.43054579306267,-4.7834564068782,3.78944554933977,-0.85918194,0.21930063,0.4025602,152.61613,78.53001,-0.9556782,WAL
1932657336000,145.139948,-5.38275616436736,-5.99731387396531,4.44416401138155,-0.91874135,-0.20738874,0.5018258,152.40703,78.54414,-1.4303542,WAL
1932662285000,145.144897,-5.15692733852524,-7.55592676044953,4.96411668696766,-0.91874135,-0.48197266,0.54550266,152.10219,78.468925,-2.0218728,WAL
1932667348000,145.14996,-4.61679797367902,-9.79292277139196,5.28915025657532,-0.88147855,-1.0827587,0.5555819,151.5805,78.36189,-2.5880735,WAL
1932672296000,145.154908,-4.15175519938826,-11.9248730942279,5.23547719206709,-0.82741696,-1.5928311,0.56505036,150.98161,78.186874,-3.1501071,WAL
1932677407000,145.160019,-3.79437158796251,-14.0208798219043,4.45309701164282,-0.68569624,-1.8677205,0.55955255,150.28033,77.95062,-3.6833618,WAL
1932682243000,145.164855,-3.50625350707842,-15.6937149430951,3.7088171153564,-0.47433686,-1.9058995,0.514654,149.55656,77.75909,-4.0687284,WAL
1932687345000,145.169957,-3.31733965350451,-16.7448508639833,2.91441027363934,-0.16982053,-1.8002199,0.40408736,148.80736,77.502686,-4.4180155,WAL
1932692279000,145.174891,-2.95088336044668,-17.6055181472493,2.15999363826743,0.24007004,-1.6679676,0.2657264,148.17273,77.39905,-4.63103,WAL
1932697355000,145.179967,-2.12838717570337,-18.1131152026491,1.41739706999903,0.6478226,-1.5943583,0.06047566,147.57132,77.22902,-4.789636,WAL
1932702290000,145.184902,-1.3173556561329,-18.1044113138884,0.595610037724551,0.8338311,-1.6041322,-0.25167647,147.08147,77.18571,-4.8086762,WAL
1932707333000,145.189945,-0.449765806992467,-16.383225283079,-0.584498768562874,0.70371675,-1.5421293,-0.5671884,146.65166,77.13994,-4.77535,WAL
1932712328000,145.19494,0.285450267815403,-14.4714359256818,-1.73165713422236,0.30451632,-1.3585643,-0.766025,146.36368,77.29757,-4.5641713,WAL
1932717347000,145.199959,0.391079261447408,-11.494618946359,-2.77354312712017,-0.2452624,-1.1542299,-0.86467975,146.11243,77.54005,-4.3093376,WAL
1932722345000,145.204957,0.383574179855264,-8.70479826336203,-3.63168531633715,-0.8063421,-1.1242975,-0.83108217,145.9272,78.01891,-3.9310176,WAL
1932727390000,145.210002,-0.196882134613565,-6.77603787527197,-3.58598003121748,-1.2308935,-1.1948525,-0.71776664,145.76671,78.59318,-3.5678759,WAL
1932732475000,145.215087,-0.791470246672744,-4.89547677939836,-3.50587942351869,-1.4990633,-1.2278391,-0.56199604,145.61075,79.30385,-3.228398,WAL
1932737348000,145.21996,-1.47213071885952,-3.8319448995746,-3.03319871965968,-1.6508633,-1.2666291,-0.39553526,145.41998,80.08045,-2.928027,WAL
1932742348000,145.22496,-2.17858783092027,-2.80641371410155,-2.59933679392106,-1.7281377,-1.3347405,-0.23273966,145.14258,80.80455,-2.7742774,WAL
1932747351000,145.229963,-2.98156843788179,-2.56409417314558,-2.77513722282824,-1.7443258,-1.3875804,-0.044898596,144.84683,81.534,-2.680488,WAL
1932752424000,145.235036,-3.7511379878723,-2.34936403537542,-2.96953346498127,-1.7189748,-1.4217888,0.15332718,144.46481,82.12267,-2.7569048,WAL
1932757351000,145.239963,-3.96152203021223,-2.51346349525593,-3.35243240973783,-1.677436,-1.4950926,0.3472769,144.04942,82.676414,-2.8903031,WAL
1932762364000,145.244976,-4.17557829249153,-2.68042728506331,-3.74201479456929,-1.6423112,-1.5778649,0.5332854,143.57385,83.1267,-3.215305,WAL
1932767350000,145.249962,-4.38781707917424,-2.92380896622249,-4.15170330701595,-1.6123788,-1.7562376,0.6252206,143.04883,83.49474,-3.57423,WAL
1932772340000,145.254952,-4.60008062722592,-3.18431436941248,-4.56658211268928,-1.5882497,-1.9150625,0.79198676,142.50137,83.73481,-4.0164237,WAL
1932777373000,145.259985,-4.60285744210104,-3.44148348957498,-4.60285744210104,-1.5485435,-2.0039434,0.9419542,141.92807,83.87443,-4.5208726,WAL
1932782251000,145.264863,-4.56539507688452,-3.68967212977145,-4.56539507688452,-1.5012014,-2.0427334,1.0619892,141.32689,83.85254,-5.072082,WAL
1932787344000,145.269956,-4.44688999320769,-4.15853115474027,-4.37372651095379,-1.4874569,-2.055867,1.1884383,140.71812,83.66499,-5.7041492,WAL
1932792270000,145.274882,-4.31601051344112,-4.65497134238018,-4.15709796776045,-1.5305228,-2.0506747,1.3051136,140.11183,83.30517,-6.375908,WAL
1932797347000,145.279959,-4.18012543440408,-5.52212889582708,-4.06290609276494,-1.6337591,-2.0647244,1.4092661,139.50809,82.801605,-7.0753503,WAL
1932802245000,145.284857,-4.04869307195036,-6.47970603112179,-4.01596606834784,-1.7580702,-2.0576997,1.5091426,138.92264,82.163956,-7.8132653,WAL
1932807335000,145.289947,-3.83529947426357,-7.75419579341085,-4.03092972344961,-1.8848248,-2.0201313,1.5943583,138.356,98.545105,-8.544324,WAL
1932812364000,145.294976,-3.59729074375969,-9.11224556850775,-4.0682644444283,-1.9755383,-1.9816469,1.6639969,137.80351,99.34028,-9.302066,WAL
1932817351000,145.299963,-3.24050830668016,-10.4502968777328,-4.09641104817814,-2.055867,-1.9016235,1.7305813,137.30292,100.14826,-10.023799,WAL
1932822327000,145.304939,-2.83052796093117,-11.7815269635628,-4.1205275242915,-2.126422,-1.7944167,1.7763962,136.83372,101.00713,-10.75615,WAL
1932827365000,145.309977,-2.25990494195652,-12.6969435956522,-4.01925320998024,-2.1884248,-1.6465873,1.831374,136.44357,101.80476,-11.392857,WAL
1932832338000,145.31495,-1.63399721597826,-13.4263853978261,-3.86865902544466,-2.2186625,-1.4834863,1.8942931,136.10039,102.634026,-12.03514,WAL
1932837344000,145.319956,-0.955528533009281,-13.8060242831754,-3.59364955149092,-2.2156084,-1.3857478,1.9398025,135.82552,103.33401,-12.52748,WAL
1932842335000,145.324947,-0.257060856910742,-14.023115042654,-3.26329320161927,-2.2122486,-1.3377949,1.9975294,135.59248,104.06142,-13.031553,WAL
1932847360000,145.329972,0.378161507659288,-14.1162839773596,-3.04823657737975,-2.1792617,-1.2724323,2.0393736,135.424,104.61399,-13.361881,WAL
1932852350000,145.334962,0.974432923322399,-14.1451358982693,-2.89436010102636,-2.134974,-1.1242975,2.0595322,135.29909,105.17653,-13.696346,WAL
1932857344000,145.339956,1.40067233816763,-14.0400050767204,-2.7788745326543,-2.0821342,-0.979217,2.0237966,135.20938,105.5382,-13.85631,WAL
1932862430000,145.345042,1.75115799492247,-13.8672305588325,-2.68014613362724,-2.017077,-0.840856,1.9260582,135.16182,105.88687,-14.00346,WAL
1932867349000,145.349961,2.00758913190481,-13.480469175658,-2.66632999882021,-1.9263636,-0.76144356,1.8438967,135.15627,106.07733,-14.010228,WAL
1932872373000,145.354985,2.23561692611677,-12.9953033650297,-2.68573661098114,-1.8881844,-0.6038403,1.6325374,135.20615,106.221794,-13.955248,WAL
1932877376000,145.359988,2.50631058249976,-12.341958818903,-2.84196118018768,-1.7944167,-0.4343252,1.3909402,135.28003,106.245804,-13.796903,WAL
1932882360000,145.364972,2.79259391468511,-11.6262512116668,-3.04974740435329,-1.6777414,-0.20433442,1.176221,135.4107,106.23384,-13.592629,WAL
1932887343000,145.369955,2.88287144971531,-10.8426561959844,-2.83920321330536,-1.4853189,-0.023518313,0.9459248,135.57753,106.144,-13.303683,WAL
1932892315000,145.374927,2.86860239080012,-10.0245627895315,-2.40637479488563,-1.3029755,-0.05375614,0.7425067,135.74142,106.01209,-12.976152,WAL
1932897366000,145.379978,2.67662455232444,-9.3287877965869,-2.14334592010592,-1.2162327,-0.32742378,0.55680364,135.8922,105.87564,-12.587416,WAL
1932902347000,145.384959,2.39123548020792,-8.71590300627697,-1.97959813428796,-1.2394456,-0.74036866,0.40439278,135.98723,105.71219,-12.1747875,WAL
1932907334000,145.389946,2.03404191064206,-8.24734559187119,-2.06079330335755,-1.3234396,-1.1759156,0.24678956,135.95944,105.50515,-11.763275,WAL
1932912411000,145.395023,1.62353291635578,-7.86547683879835,-2.30423470571372,-1.4031575,-1.5302174,0.12767084,135.83936,105.29988,-11.351754,WAL
1932917341000,145.399953,1.18254373409613,-7.72298613402618,-2.6414024061357,-1.4727961,-1.7632625,0.030848695,135.59885,105.171745,-11.015743,WAL
1932922365000,145.404977,0.701741537074048,-7.74702622756071,-3.05970023445588,-1.4914275,-1.8295414,-0.038179077,135.31339,105.04715,-10.676085,WAL
1932927379000,145.409991,0.25753866817799,-7.83477973807786,-3.27574376353172,-1.4700472,-1.7562376,-0.0870483,134.99922,105.035614,-10.416009,WAL
1932932332000,145.414944,-0.155277626749017,-7.96794614428224,-3.34232712886019,-1.4288138,-1.6178766,-0.12064589,134.69339,105.02353,-10.148915,WAL
1932937336000,145.419948,-0.492637431566102,-8.14650569661017,-3.2786247660339,-1.4086553,-1.4489723,-0.10842858,134.39433,105.19319,-9.98657,WAL
1932942347000,145.424959,-0.725031508420339,-8.38354783631961,-3.04158277192252,-1.389413,-1.3267993,-0.06963864,134.12793,105.35893,-9.822845,WAL
1932947342000,145.429954,-0.91124454699236,-8.61812451597977,-2.77482335937803,-1.3716979,-1.2189816,0.00030543262,133.88428,105.60198,-9.750453,WAL
1932952344000,145.434956,-1.01949454440977,-8.85008856547939,-2.45522812378134,-1.3374895,-1.1117748,0.08827003,133.68324,105.8473,-9.690227,WAL
1932957312000,145.439924,-1.02969662991931,-8.96627470159893,-2.01954605545567,-1.3014483,-1.0534371,0.16035213,133.48254,106.07828,-9.691229,WAL
1932962356000,145.444968,-0.943612022008812,-8.97105727553091,-1.45999622638582,-1.2605205,-1.0396926,0.2434298,133.31033,106.312546,-9.717175,WAL
1932967341000,145.449953,-0.858534351423197,-8.97578390738082,-0.906991488496609,-1.255328,-1.0415252,0.29229903,133.14618,106.50329,-9.777399,WAL
1932972375000,145.454987,-0.772620410855898,-8.98055699960398,-0.348550996915004,-1.2837334,-1.0323622,0.37507126,133.00008,106.706184,-9.867472,WAL
1932977325000,145.459937,-0.60238406828179,-8.92802169005039,0.0481839886453908,-1.3142766,-1.0180069,0.41630468,132.8413,106.94544,-9.977119,WAL
1932982346000,145.464958,-0.331575522943385,-8.80924609277739,0.276233294160656,-1.3081679,-1.0161743,0.46517387,132.69086,107.189354,-10.109124,WAL
1932987285000,145.469897,-0.101823087711161,-8.69867043222097,0.406134966283937,-1.2571607,-0.99204516,0.47555858,132.45021,107.32444,-10.249897,WAL
1932992318000,145.47493,0.0844705415912519,-8.5941640397813,0.415222463404977,-1.1502593,-0.97219205,0.4709771,132.2128,107.4456,-10.397525,WAL
1932997269000,145.479881,0.212232489786745,-8.50947337413757,0.407494832253816,-1.0290025,-0.9660834,0.42730024,131.94914,107.550705,-10.515631,WAL
1933002339000,145.484951,0.217308213809325,-8.46379196393477,0.36181328425047,-0.88514376,-0.9618073,0.37995818,131.69113,107.62022,-10.628087,WAL
1933007256000,145.489868,0.145471063642309,-8.43004366249645,0.29957134049474,-0.75655663,-0.9569204,0.33261612,131.43825,107.65946,-10.703253,WAL
1933012424000,145.495036,-0.0515437546535873,-8.41128045749218,0.205754757088428,-0.6591236,-0.979217,0.28955013,131.17697,107.66289,-10.766792,WAL
1933017245000,145.499857,-0.276540309340925,-8.40561577950217,0.0990639242466996,-0.5928447,-1.0118983,0.25809056,130.91399,107.6519,-10.824038,WAL
1933022380000,145.504992,-0.623449829994961,-8.43039501360476,-0.064479134677013,-0.56321776,-1.044885,0.23854288,130.64351,107.62046,-10.87336,WAL
1933027315000,145.509927,-0.955711672137259,-8.45524067052189,-0.237523481254062,-0.5852089,-1.047023,0.25289822,130.37323,107.6113,-10.956725,WAL
1933032420000,145.515032,-1.29684536784554,-8.48327913400879,-0.452484442599885,-0.63255095,-1.0054842,0.28802297,130.10722,107.60086,-11.038673,WAL
1933037309000,145.519921,-1.60347686774289,-8.51746856062401,-0.664949814135071,-0.68966687,-0.91965765,0.3494149,129.83522,107.67433,-11.192991,WAL
1933042344000,145.524956,-1.84628690906398,-8.57936107938389,-0.90775988528436,-0.77366084,-0.82527894,0.42332962,129.58176,107.77041,-11.354684,WAL
1933047312000,145.529924,-2.05958870353357,-8.64215451236749,-1.11926816855124,-0.85154617,-0.74372846,0.49846604,129.35423,107.957375,-11.596973,WAL
1933052342000,145.534954,-2.16361007122104,-8.71307810482921,-1.21383305724382,-0.9224065,-0.6973027,0.5815437,129.1498,108.169914,-11.851795,WAL
1933057335000,145.539947,-2.24442913611097,-8.78038811684301,-1.31467316458766,-0.9987647,-0.6939429,0.66950834,128.96466,108.469536,-12.163213,WAL
1933062401000,145.545013,-2.2051309484534,-8.83196703943705,-1.45467303505797,-1.0629056,-0.7464773,0.74006325,128.78209,108.78229,-12.483038,WAL
1933067329000,145.549941,-2.16690326018326,-8.88214093018782,-1.59085924936465,-1.0821478,-0.84116143,0.768163,128.57683,109.12678,-12.819426,WAL
1933072389000,145.555001,-2.12765161597732,-8.93365876444084,-1.73069330869741,-1.1163563,-0.96486163,0.80909103,128.35583,109.489586,-13.173131,WAL
1933077477000,145.560089,-2.07328974827653,-8.98220650619675,-1.8726088225213,-1.1233811,-1.0848967,0.8509353,128.09846,109.86301,-13.537857,WAL
1933082343000,145.564955,-1.97402396076685,-9.01830291634392,-2.01248328346243,-1.1456778,-1.2104294,0.88789266,127.80936,110.2386,-13.910472,WAL
1933087316000,145.569928,-1.86644826467686,-9.10151518717316,-2.13302379074494,-1.1612549,-1.3005321,0.89858276,127.53499,110.61594,-14.253953,WAL
1933092306000,145.574918,-1.7202779449926,-9.47401388672916,-2.11416311703996,-1.1691961,-1.3393221,0.89949906,127.24502,110.9862,-14.599831,WAL
1933097319000,145.579931,-1.58305759499131,-9.83702278749276,-2.07930304871646,-1.1765264,-1.3622295,0.89827734,126.95014,111.371666,-14.928441,WAL
1933102345000,145.584957,-1.52267065607991,-10.1110867550666,-1.91672276514186,-1.1682798,-1.31672,0.88422745,126.66725,111.73767,-15.242113,WAL
1933107516000,145.590128,-1.4521356309443,-10.3881703777201,-1.76288187598323,-1.1701124,-1.2250903,0.8671232,126.38559,112.07596,-15.512798,WAL
1933112358000,145.59497,-1.29012911623078,-10.5918354923138,-1.77213943391895,-1.1468995,-1.1120802,0.8338311,126.1246,112.38864,-15.763005,WAL
1933117517000,145.600129,-1.10997601112665,-10.8106372709748,-1.80029718419896,-1.0870347,-1.006095,0.80756384,125.86482,112.658554,-15.991878,WAL
1933122398000,145.60501,-0.848521160751099,-11.0394100139832,-2.04774545613264,-0.94806284,-0.91507614,0.79717916,125.63424,112.89497,-16.202997,WAL
1933127533000,145.610145,-0.568042614385556,-11.2651426239565,-2.3025972195496,-0.729984,-0.79504114,0.79412484,125.444725,113.08682,-16.36881,WAL
1933132330000,145.614942,-0.242512047967385,-11.3008179250631,-2.47651086672491,-0.43982297,-0.6575964,0.7858781,125.286354,113.226875,-16.51804,WAL
1933137689000,145.620301,0.125395363272764,-11.3244590825679,-2.65945611651358,-0.09162979,-0.50640726,0.77121735,125.215996,113.29382,-16.588156,WAL
1933142336000,145.624948,0.525286332236422,-11.0356486821086,-2.60169403642172,0.18234327,-0.3381139,0.7153232,125.1855,113.30562,-16.631231,WAL
1933147691000,145.630303,0.976647876386996,-10.7172635498345,-2.53989509163909,0.33628133,-0.19425514,0.6264423,125.22775,113.26752,-16.596512,WAL
1933152343000,145.634955,1.17611833735643,-10.7346087088768,-2.58325835147946,0.3390302,-0.09560041,0.5174029,125.29679,113.19149,-16.5331,WAL
1933157310000,145.639922,1.38909550408799,-10.753128357407,-2.62955785956784,0.17898351,-0.06169739,0.38331795,125.400444,113.081474,-16.38575,WAL
1933162385000,145.644997,1.39434278275653,-11.1357731232973,-2.57534841819191,0.0720821,0.013439035,0.31245756,125.53775,112.95511,-16.218996,WAL
1933167257000,145.649869,1.38021963586924,-11.5359294433458,-2.51414796754112,-0.17134771,0.062002823,0.19028452,125.65928,112.854576,-16.006014,WAL
1933172392000,145.655004,1.01673400980447,-12.13997942978,-2.30025296041549,-0.36254853,0.0729984,0.10293079,125.80705,112.758255,-15.755852,WAL
1933177332000,145.659944,0.638721151184433,-12.7359055888325,-2.08233965998308,-0.5170974,0.0027488936,0.028710667,125.93404,112.68791,-15.48519,WAL
1933182441000,145.665053,0.110993296947125,-13.0770115933697,-1.82741988218632,-0.6209445,-0.10629055,-0.055283304,126.022705,112.61837,-15.196864,WAL
1933187245000,145.669857,-0.415104148268989,-13.3376472408728,-1.58126422247167,-0.6627888,-0.19853121,-0.14935656,126.0872,112.55845,-14.898117,WAL
1933192316000,145.674928,-0.842359651955415,-13.3650920157586,-1.46469379944268,-0.6200282,-0.25473082,-0.21135938,126.05088,112.47963,-14.659442,WAL
1933197292000,145.679904,-1.24531622280196,-13.360512871721,-1.3685337350245,-0.5271767,-0.25411993,-0.26145032,125.99713,112.38863,-14.409599,WAL
1933202342000,145.684954,-1.38049973097115,-13.4499596768141,-1.1736286635792,-0.39645153,-0.17989981,-0.27580565,125.87244,112.288345,-14.250157,WAL
1933207301000,145.689913,-1.45160166409821,-13.5589824429584,-0.960322690962172,-0.22357668,-0.089491755,-0.24770586,125.753334,112.161285,-14.093197,WAL
1933212382000,145.694994,-1.26010156331438,-13.8481849489175,-0.599813093405168,-0.040011674,-0.021991149,-0.19639318,125.602234,112.044495,-14.018623,WAL
1933217296000,145.699908,-1.01594891195251,-14.1674615948319,-0.219498345934351,0.13958271,0.028099801,-0.14813483,125.47572,111.89941,-13.947796,WAL
1933222413000,145.705025,-0.69524586428912,-14.665598108706,0.215252118003242,0.31306845,0.0852157,-0.12767084,125.34005,111.703064,-13.895688,WAL
1933227428000,145.71004,-0.365504903909602,-15.1922677945075,0.650326967721942,0.4868596,0.13194689,-0.15118915,125.218,111.47494,-13.84289,WAL
1933232423000,145.715035,-0.0589045665950261,-15.6660827497697,0.967031078446423,0.6737844,0.1518,-0.21746802,125.06346,111.14445,-13.753939,WAL
1933237336000,145.719948,0.234832204038481,-16.1139104179715,1.23669112213694,0.8246681,0.14019357,-0.30940324,124.91168,110.78588,-13.652449,WAL
1933242339000,145.724951,0.458788811679108,-16.4080840514581,1.39674590993331,0.9669997,0.11453723,-0.42149702,124.71989,110.28942,-13.479052,WAL
1933247346000,145.729958,0.65924118364686,-16.6514914300786,1.52083543698617,1.0980303,0.09315695,-0.52595496,124.52382,109.764084,-13.287573,WAL
1933252328000,145.73494,0.640401126429644,-16.5426186681022,1.57659942380571,1.2476922,0.035430185,-0.64751714,124.28887,109.1329,-13.026467,WAL
1933257357000,145.739969,0.548756327260891,-16.3159172912369,1.61036327862794,1.3988814,-0.014966198,-0.7657196,124.04875,108.475555,-12.745218,WAL
1933262378000,145.74499,0.345098581691932,-15.7913268569896,1.54013189324944,1.4740179,-0.13103059,-0.82986045,123.76936,107.7866,-12.439293,WAL
1933267358000,145.74997,0.107822460187689,-15.1772006995415,1.4377774689006,1.6358972,-0.27030787,-0.9669997,123.4632,107.03433,-12.092466,WAL
1933272420000,145.755032,-0.106828748864326,-14.3796075077766,1.28965661324464,1.7953329,-0.4083634,-1.0891727,123.12792,106.29024,-11.763329,WAL
1933277364000,145.759976,-0.305982860624866,-13.5320449605791,1.12755449386677,1.9657644,-0.49205196,-1.1921035,122.768974,105.51223,-11.412547,WAL
1933282321000,145.764933,-0.590085641250887,-12.7000633660416,0.980233043909782,2.1783454,-0.5161811,-1.2681563,122.390114,104.75073,-11.08972,WAL
1933287307000,145.769919,-0.919228781670552,-11.8723651274202,0.839863153795236,2.4379632,-0.5137377,-1.3542882,121.99666,103.9511,-10.743295,WAL
1933292288000,145.7749,-1.27130047854107,-11.3220793557379,0.830101001715924,2.715296,-0.48655418,-1.4480561,121.621506,103.177475,-10.42122,WAL
1933297320000,145.779932,-1.6380759802906,-10.8981439250766,0.882497511202926,3.0170634,-0.4642576,-1.5406022,121.249374,102.36864,-10.079867,WAL
1933302297000,145.784909,-2.02691185813291,-10.8532766219692,0.906377512620987,3.2809572,-0.43157628,-1.6355917,120.88792,101.61345,-9.780886,WAL
1933307307000,145.789919,-2.43196379255914,-11.0039936711495,0.915797310981643,3.4782667,-0.3747658,-1.7263051,120.54447,100.849014,-9.459924,WAL
1933312322000,145.794934,-2.82475813331684,-11.3503968511333,0.692156766286252,3.5824192,-0.25595254,-1.7996091,120.20258,100.16946,-9.192877,WAL
1933317303000,145.799915,-3.20720570288033,-11.8131111921212,0.328595474420469,3.5790594,-0.06047566,-1.8674151,119.90508,99.52778,-8.904341,WAL
1933322342000,145.804954,-3.60438213655571,-12.3005007739685,-0.248939714937213,3.467882,0.14660765,-1.8997909,119.62876,99.03023,-8.683586,WAL
1933327340000,145.809952,-4.00508455804265,-12.7966088090492,-0.959709822724736,3.3029485,0.3744604,-1.8854356,119.421326,98.61332,-8.460209,WAL
1933332359000,145.814971,-4.39151390277992,-13.1154917141892,-1.66555369067568,3.0967813,0.5900958,-1.847562,119.28025,98.35746,-8.307883,WAL
1933337353000,145.819965,-4.76544765474904,-13.3139998398649,-2.36263983094595,2.8814514,0.7583892,-1.7876972,119.194954,98.17399,-8.169229,WAL
1933342336000,145.824948,-5.11750159366584,-13.5256134583541,-3.010159940399,2.669481,0.93187493,-1.7003434,119.20173,81.88199,-8.116798,WAL
1933347354000,145.829966,-5.4530575311621,-13.7509149009476,-3.61895446219451,2.5170703,1.0164797,-1.6081028,119.23203,81.90347,-8.081035,WAL
1933352342000,145.834954,-5.75558556206306,-13.9508380492596,-3.8796294058225,2.4248295,0.9789116,-1.5176947,119.36019,81.87681,-8.090134,WAL
1933357324000,145.839936,-6.02954206340284,-14.1286694025385,-3.82676068479903,2.3597724,0.9245446,-1.4749341,119.50648,81.84227,-8.105646,WAL
1933362365000,145.844977,-6.25237451564358,-14.5004169648955,-3.87161477311529,2.345417,0.8008443,-1.4199562,119.67445,81.77723,-8.156794,WAL
1933367352000,145.849964,-6.42644516230577,-15.0317912378669,-3.99987734227892,2.286163,0.7724391,-1.5018122,119.852715,81.750565,-8.172298,WAL
1933372346000,145.854958,-6.62404830053097,-15.2717693551622,-4.02328137758112,2.0735822,0.91232723,-1.6618589,120.05262,81.7346,-8.179209,WAL
1933377331000,145.859943,-6.8493716239823,-15.1591073748279,-3.92000830408063,1.7379116,1.0390818,-1.7886134,120.23751,81.74695,-8.164629,WAL
1933382294000,145.864906,-6.96250592419825,-14.8424307201166,-3.72085474752187,1.4850134,1.07665,-1.8796324,120.46114,81.81012,-8.103642,WAL
1933387293000,145.869905,-6.91598073158406,-14.2282979832847,-3.38122059853256,1.3961325,1.0833695,-1.9285016,120.705345,81.90942,-8.012927,WAL
1933392314000,145.874926,-6.64990753782243,-13.5521520325572,-3.24058940646314,1.4269812,1.1123856,-1.8784106,120.98569,82.023384,-7.903484,WAL
1933397320000,145.879932,-5.98295996174283,-12.7694145302869,-3.46753685897981,1.5506815,1.3304645,-1.7592919,121.31385,82.13294,-7.7987833,WAL
1933402194000,145.884806,-5.25629373238994,-12.1387074050314,-3.54224100713836,1.7721201,1.7073684,-1.6362026,121.714905,82.24554,-7.6742063,WAL
1933407241000,145.889853,-4.28353103752621,-11.8600516368973,-3.20278735234801,2.0329595,1.9850066,-1.5464053,122.14201,82.32437,-7.5764227,WAL
1933412233000,145.894845,-3.30144181390494,-11.6714882783014,-2.83264804290058,2.2983804,2.1358902,-1.4950926,122.6612,82.44831,-7.421039,WAL
1933417253000,145.899865,-2.27824635550826,-11.6373820920239,-2.3990081103983,2.4669793,2.2617285,-1.484708,123.244804,82.54217,-7.285013,WAL
1933422192000,145.904804,-1.34083797248225,-11.5506208195266,-2.0053210739645,2.5512786,2.298075,-1.4724907,123.77428,82.66817,-7.1004305,WAL
1933427284000,145.909896,-0.489612838450296,-11.3726805280079,-1.65425077376726,2.604424,2.34389,-1.4544702,124.33305,82.76764,-6.9263687,WAL
1933432198000,145.91481,0.223721084721534,-11.2311482751488,-1.30689538957947,2.6685648,2.34389,-1.3903292,124.85699,82.9226,-6.6511626,WAL
1933437251000,145.919863,0.757261075078544,-11.1414381739682,-0.933889575539077,2.692694,2.235767,-1.3289373,125.35437,83.04495,-6.3885746,WAL
1933442237000,145.924849,1.18621349637136,-10.7631603246478,-0.889994259486586,2.6090055,2.0677788,-1.260215,125.821205,83.19585,-6.0401273,WAL
1933447258000,145.92987,1.39967775955414,-9.73296325159236,-1.57215186464968,2.5176811,1.9278907,-1.1456778,126.25689,83.27884,-5.732589,WAL
1933452220000,145.934832,1.51139941183639,-8.84346063031362,-2.14158707157567,2.4211645,1.9333885,-1.0338894,126.72406,83.33078,-5.3676753,WAL
1933457234000,145.939846,1.29820736209144,-8.36718059980162,-2.37292311346118,2.384207,2.0723603,-0.9636399,127.18307,83.32242,-5.034991,WAL
1933462289000,145.944901,1.08433505658059,-7.87939643565181,-2.58264269100375,2.3835962,2.225993,-0.8378017,127.62517,83.32987,-4.741453,WAL
1933467347000,145.949959,0.87754422486464,-7.33972289800083,-2.63307944069138,2.402533,2.275473,-0.7498371,128.07329,83.31147,-4.466521,WAL
1933472360000,145.954972,0.662509772774984,-6.83795996982719,-2.71203048258206,2.4019222,2.250122,-0.68019843,128.5786,83.246284,-4.2473,WAL
1933477316000,145.959928,0.415150234612782,-6.45607141804883,-2.88995568587364,2.3521366,2.200642,-0.6160576,129.08263,83.16493,-4.056802,WAL
1933482559000,145.965171,0.146850143140388,-6.0502684212642,-3.05801254007637,2.2589796,2.1655173,-0.559858,129.60901,83.04115,-3.8928576,WAL
1933487310000,145.969922,-0.173214032215858,-5.66161933795598,-2.97571042900211,2.172237,2.1502457,-0.50426924,130.11752,82.91636,-3.7492726,WAL
1933492503000,145.975115,-0.520395729181581,-5.24415291960917,-2.89322962392377,2.115121,2.0986276,-0.48716503,130.71997,82.73123,-3.623613,WAL
1933497316000,145.979928,-0.810233802302409,-4.94539654885363,-2.90660670952888,2.0250182,2.0454822,-0.47158796,131.30853,82.56941,-3.5143569,WAL
1933502685000,145.985297,-1.12934769798851,-4.61288346637931,-2.91572480488506,1.9046779,1.9553796,-0.47342056,131.91881,82.3594,-3.4424129,WAL
1933507324000,145.989936,-1.31878346466444,-4.34108437897664,-2.80453427890248,1.7684549,1.9483547,-0.4578435,132.53104,82.176056,-3.382751,WAL
1933512366000,145.994978,-1.52467592760475,-4.04567351484983,-2.68368439056359,1.6502525,1.93797,-0.44348818,133.13626,81.98974,-3.363679,WAL
1933517349000,145.999961,-1.7462974579616,-3.83913012185131,-2.56971334117184,1.5430456,1.9294178,-0.4266894,133.73567,81.83968,-3.351314,WAL
1933522241000,146.004853,-1.96774377370753,-3.65459154948301,-2.45899020738552,1.4382823,1.9123137,-0.44226643,134.32669,81.72829,-3.334295,WAL
1933527397000,146.010009,-2.22630663237582,-3.5076560036904,-2.28401972595252,1.3029755,1.9028453,-0.4718934,134.93715,81.600655,-3.3502913,WAL
1933532244000,146.014856,-2.47631799608019,-3.38265034601037,-2.10345587464592,1.1716396,1.9077321,-0.50335294,135.54489,81.507164,-3.3629417,WAL
1933537348000,146.01996,-2.65390595030485,-3.28075370394803,-1.8980378518041,1.0140363,1.9361374,-0.550695,136.16624,81.42388,-3.4005857,WAL
1933542259000,146.024871,-2.79963149396302,-3.19143805132434,-1.69590261345327,0.86284715,1.9749273,-0.59620446,136.79091,81.38171,-3.4322176,WAL
1933547347000,146.029959,-2.92567314804007,-3.10080996950686,-1.40349631132186,0.70371675,2.000889,-0.6239988,137.4202,81.33971,-3.498073,WAL
1933552294000,146.034906,-3.04087699396946,-3.01325499848264,-1.09474981175956,0.52626044,2.005165,-0.66248333,138.05429,81.35215,-3.5503855,WAL
1933557321000,146.039933,-3.12823225180971,-2.94740575231976,-0.768976715391859,0.4361578,1.9889772,-0.6762278,138.68549,81.339584,-3.628993,WAL
1933562404000,146.045016,-3.20462876958313,-2.89010835152526,-0.434741938915155,0.29077184,1.9495764,-0.6969972,139.31036,81.395,-3.6951847,WAL
1933567342000,146.049954,-3.24345156695414,-2.82805240501764,-0.152016323324187,0.13041973,1.890017,-0.7131852,139.91092,81.416565,-3.7794595,WAL
1933572309000,146.054921,-3.26676000788906,-2.76278858542728,0.113700648091925,-0.018936822,1.8335121,-0.72784597,140.49884,81.475426,-3.8583338,WAL
1933577377000,146.059989,-3.22912283458995,-2.71435603464917,0.392193551514852,-0.14569137,1.8188512,-0.70402217,141.06264,81.50273,-3.9567475,WAL
1933582341000,146.064953,-3.15874999025955,-2.67682382487911,0.668993819017073,-0.29046643,1.7993035,-0.6762278,141.6058,81.57225,-4.0510044,WAL
1933587345000,146.069957,-3.05264057618859,-2.65650228280123,0.875171753464466,-0.43890667,1.6713274,-0.677755,142.09996,81.62065,-4.1454353,WAL
1933592341000,146.074953,-2.92495102351488,-2.64704380839182,1.03596591718889,-0.539394,1.5372424,-0.659429,142.58089,81.68327,-4.253457,WAL
1933597352000,146.079964,-2.76375418567584,-2.56640189167874,1.1308700529497,-0.66248333,1.4379768,-0.6243043,143.01443,81.736465,-4.3473845,WAL
1933602346000,146.084958,-2.58060541227489,-2.43770281088801,1.18036973121507,-0.79381937,1.3454307,-0.5907067,143.40666,81.8093,-4.4423027,WAL
1933607326000,146.089938,-2.35339314072022,-2.29439381844084,1.19086290522359,-0.9251554,1.25319,-0.5467244,143.75491,81.87811,-4.517906,WAL
1933612401000,146.095013,-2.09855328095568,-2.14052823326078,1.1812463124258,-1.0775663,1.1414018,-0.50793445,144.0656,81.97363,-4.5980024,WAL
1933617342000,146.099954,-1.84130540622205,-2.03411534746257,1.21667909078359,-1.2116512,1.0250319,-0.46517387,144.34293,82.08088,-4.654472,WAL
1933622373000,146.104985,-1.57431024600428,-1.94980105030138,1.27757272810616,-1.3735305,0.8888089,-0.4196644,144.57698,82.216545,-4.7184,WAL
1933627375000,146.109987,-1.34871029787491,-1.88409426128512,1.43035675995569,-1.5357152,0.7315111,-0.3753767,144.76904,82.386215,-4.738159,WAL
1933632352000,146.114964,-1.15189147694632,-1.83128918853862,1.64637740729177,-1.7098118,0.5503896,-0.32925636,144.91046,82.578735,-4.7662926,WAL
1933637343000,146.119955,-1.13091693868712,-1.91276119930084,1.94166825101962,-1.8851302,0.35002577,-0.26419923,144.98323,82.7876,-4.7207785,WAL
1933642309000,146.124921,-1.22789952379103,-2.08363533752185,2.28803469528064,-2.0476203,0.11911872,-0.21319197,144.99406,83.01834,-4.6792207,WAL
1933647349000,146.129961,-1.41088008435149,-2.32481527216371,2.72340402891965,-2.211332,-0.11148291,-0.1518,144.88896,83.216675,-4.51529,WAL
1933652346000,146.134958,-1.66530192080449,-2.62244073252081,3.22744724347477,-2.3689353,-0.22082779,-0.083383106,144.7617,83.43242,-4.373977,WAL
1933657324000,146.139936,-1.87074171635106,-3.12300506966497,3.7703218695193,-2.438574,-0.47678033,-0.056505036,144.5823,83.52944,-4.286415,WAL
1933662445000,146.145057,-2.04040920203023,-3.81506984946285,4.36415809270757,-2.5692992,-0.7125743,0.040011674,144.37962,83.644485,-4.243673,WAL
1933667328000,146.14994,-2.15213604174206,-4.73291126084578,5.02205501601094,-2.6331346,-0.86742866,0.10995574,144.11794,83.63518,-4.2740664,WAL
1933672348000,146.15496,-2.17236559612876,-6.16415313145382,5.87169677553124,-2.6352727,-0.9428705,0.2275473,143.81184,83.61022,-4.3481436,WAL
1933677381000,146.159993,-2.00135793463626,-8.11211867997236,6.9548837041753,-2.5320365,-0.95478237,0.3173445,143.45485,83.450554,-4.4842134,WAL
1933682428000,146.16504,-1.59583011465798,-10.6931838224163,8.32413614924489,-2.2757785,-0.9098838,0.34972036,143.09265,83.24988,-4.6407027,WAL
1933687246000,146.169858,-1.04706089288593,-12.8369500881654,9.72776936692015,-1.7605137,-0.9828822,0.3640757,142.64618,82.89874,-4.8327956,WAL
1933692294000,146.174906,-0.233673178787072,-14.6107786604087,11.340758918251,-1.0445796,-1.0943651,0.23732115,142.20665,82.483284,-4.992109,WAL
1933697245000,146.179857,0.755334476382073,-16.1078412181099,12.2558268827824,-0.28985557,-0.9990701,-0.049785517,141.77557,81.95763,-5.0506315,WAL
1933702346000,146.184958,2.23642718488542,-17.0638641519469,11.5871060585074,0.2733622,-0.6123924,-0.3717115,141.41302,81.362755,-5.064379,WAL
1933707267000,146.189879,3.66025559436893,-17.8266954854369,10.533316023301,0.6609562,0.1142318,-0.56199604,141.17046,80.62112,-4.9053416,WAL
1933712423000,146.195035,5.14159606959223,-18.2917116213592,8.57257732582524,0.8698721,0.9459248,-0.59773165,141.09442,79.825066,-4.729096,WAL
1933717261000,146.199873,6.0009205315008,-18.5692854745185,6.89017625491573,0.956615,1.6200147,-0.6291912,141.32967,79.2694,-4.2719483,WAL
1933722356000,146.204968,5.43798999026886,-18.4224336511838,5.55382824051966,1.0045679,2.0479257,-0.66614854,141.7395,78.66075,-3.8631475,WAL
1933727348000,146.20996,4.60162111136512,-17.2195375257185,4.50176131612508,0.9795224,2.2479842,-0.68416905,142.47003,78.422676,-3.2359235,WAL
1933732333000,146.214945,3.07367953886349,-13.4425595599282,4.07690007963749,0.9104946,2.2653937,-0.68233645,143.25854,78.14929,-2.6608894,WAL
1933737247000,146.219859,1.56750002286088,-9.71937606466362,3.65809002625735,0.82253003,2.1978931,-0.6621779,144.11282,77.99874,-2.1942258,WAL
1933742353000,146.224965,0.861505689931007,-7.13363767773223,3.64219724485551,0.7150178,2.1184807,-0.61483586,144.95123,77.85532,-1.7629707,WAL
1933747288000,146.2299,0.355857724327567,-4.89839059094091,3.71308241833817,0.5497787,2.0720549,-0.55863625,145.76378,77.739075,-1.3613217,WAL
1933752334000,146.234946,-0.135555837394163,-3.27557414453631,3.64143881504134,0.4437936,2.0033326,-0.52870387,146.39789,77.50228,-1.244116,WAL
1933757270000,146.239882,-0.611139363641797,-1.82057109953183,3.54255508478932,0.23090707,1.9349157,-0.45723262,147.0064,77.34464,-1.1524092,WAL
1933762416000,146.245028,-1.04161786822571,-1.0702962983102,3.68328782100181,-0.007941248,1.8597792,-0.38515055,147.51811,77.13355,-1.1534345,WAL
1933767244000,146.249856,-1.43227294845102,-0.521518876302555,3.86466347547777,-0.22449298,1.7146988,-0.30085114,147.98055,76.976715,-1.169173,WAL
1933772342000,146.254954,-1.93299358074067,-0.602778751308094,4.09766978025483,-0.42088616,1.4920384,-0.2144137,148.34973,76.85472,-1.2900121,WAL
1933777315000,146.259927,-2.43941524524704,-0.816698238326153,4.3334177878449,-0.63407815,1.1600331,-0.112704635,148.63144,76.79683,-1.4203075,WAL
1933782434000,146.265046,-2.69831962674083,-1.61511842217553,4.29416201524516,-0.8735373,0.7425067,-0.007941248,148.77687,76.735794,-1.6265119,WAL
1933787315000,146.269927,-2.81869560492377,-2.65516672887515,4.12082050007211,-1.1771374,0.21471913,0.061086524,148.78711,76.745636,-1.8217568,WAL
1933792292000,146.274904,-3.02102567563139,-4.25372697505302,3.87678798388278,-1.5176947,-0.43951756,0.094989546,148.59299,76.757835,-2.0876803,WAL
1933797342000,146.279954,-3.25878419307885,-6.09518980857914,3.60173409194139,-1.8387043,-1.1887437,0.12675454,148.21646,76.834145,-2.3337123,WAL
1933802327000,146.284939,-3.7926555037572,-8.81678695576204,2.83735120542369,-2.0830505,-1.9746219,0.17165314,147.64938,77.04987,-2.5640798,WAL
1933807383000,146.289995,-4.50177061051409,-12.0836068923341,1.78590476114534,-2.1407773,-2.6597073,0.21655174,146.90154,77.27903,-2.7682471,WAL
1933812369000,146.294981,-5.55785200476095,-14.2140392040694,0.641711384414152,-2.0476203,-3.1844406,0.28771752,146.00923,77.63007,-2.9909894,WAL
1933817336000,146.299948,-6.78316779138017,-15.8064727463165,-0.550230090202466,-1.8683313,-3.4675765,0.34666604,145.00208,77.93504,-3.2063093,WAL
1933822342000,146.304954,-8.02499101721534,-16.8770984246451,-0.815758232422229,-1.5170839,-3.3554828,0.4569272,144.02153,78.330284,-3.481593,WAL
1933827382000,146.309994,-9.27868201087285,-17.6885962681969,-0.616528270477197,-0.71776664,-2.2849414,0.6414085,143.23586,78.5048,-3.8324363,WAL
1933832339000,146.314951,-8.30893683175991,-18.2068727545464,0.334264124773924,0.5552765,-0.99173975,0.59742624,142.56026,78.5645,-4.2855334,WAL
1933837346000,146.319958,-6.32189572115671,-18.6023755004472,1.63989796309252,1.636508,-0.27977628,0.2837469,142.04178,78.4462,-4.7212043,WAL
1933842346000,146.324958,-4.23537036981656,-16.9061480474963,1.32923224926525,1.9349157,0.18692477,-0.15790866,141.78445,78.12013,-5.2908483,WAL
1933847354000,146.329966,-2.09533135075855,-14.1811648954883,0.225923364497769,1.5228871,0.47555858,-0.37873647,141.70644,77.7209,-5.825011,WAL
1933852344000,146.334956,-0.921570615278128,-11.4538084146015,-0.497635760136014,0.8179486,1.063211,-0.37140608,141.92708,77.37758,-6.0661216,WAL
1933857356000,146.339968,-0.249518013434744,-8.70799351279128,-1.02567709781778,0.4456262,1.2971723,-0.24556783,142.1347,77.0844,-6.26391,WAL
1933862359000,146.344971,0.0183096897838642,-6.49928190282822,-0.888239592735933,-0.17501289,1.0797043,-0.2134974,142.45996,77.242325,-6.211738,WAL
1933867338000,146.34995,0.075091969704674,-4.57814801929146,-0.4055901753637,-0.573297,0.50488013,-0.19914207,142.73878,77.42314,-6.1799326,WAL
1933872343000,146.354955,-0.274948494658973,-3.35541811438631,-0.331491449631296,-0.85918194,-0.19303341,-0.03848451,142.91728,77.730156,-6.1243267,WAL
1933877410000,146.360022,-0.863426189748264,-2.52490524784352,-0.492848238529095,-1.1160508,-0.80909103,0.1386664,142.9556,78.12001,-6.050323,WAL
1933882332000,146.364944,-1.38266998942432,-2.03602550170608,-0.984764798762846,-1.3350459,-1.2275337,0.24007004,142.82112,78.441345,-6.0097404,WAL
1933887349000,146.369961,-1.87641677052779,-1.75319959739599,-1.71340088259004,-1.5170839,-1.5060883,0.28680122,142.55316,78.788284,-5.9813495,WAL
1933892291000,146.374903,-2.31079392704366,-1.51591055490771,-2.47097327365954,-1.6694947,-1.7968601,0.3313944,142.1151,79.10539,-6.0482507,WAL
1933897338000,146.37995,-2.71676491625159,-1.30348395647036,-3.27347397572029,-1.8102992,-2.1154263,0.41233405,141.58876,79.43509,-6.1302185,WAL
1933902342000,146.384954,-2.99856409074654,-1.3296292273866,-3.9112495094656,-2.0018053,-2.439185,0.4728097,140.97336,79.82112,-6.280919,WAL
1933907342000,146.389954,-3.17754262393171,-1.55698042447722,-4.41432441602182,-2.122146,-2.8096747,0.49968776,140.25285,80.18364,-6.440646,WAL
1933912417000,146.395029,-3.24007865581395,-1.8465420372093,-4.95054091395349,-2.1481075,-3.1569517,0.5161811,139.45439,80.55631,-6.674796,WAL
1933917351000,146.399963,-3.21260665060078,-2.17162828484496,-5.49082524494186,-2.1450534,-3.3200526,0.54458636,138.60303,80.87731,-6.9293485,WAL
1933922342000,146.404954,-3.18206267876705,-2.54768156513296,-5.85056214923812,-2.1358902,-3.2898147,0.5815437,137.72429,81.15473,-7.219678,WAL
1933927388000,146.41,-3.1483736309033,-2.97601399638482,-6.02381995891843,-2.121535,-3.1383202,0.63621616,136.83571,81.325615,-7.538244,WAL
1933932320000,146.414932,-3.17001447055215,-3.50304186428085,-5.99254790599864,-2.0815234,-2.9965994,0.7144069,135.98547,81.433525,-7.8683205,WAL
1933937348000,146.41996,-3.24972876152498,-4.15482421192911,-5.74871566048301,-2.060143,-2.8820622,0.83291477,135.17494,81.39147,-8.2437725,WAL
1933942332000,146.424944,-3.34408317255489,-4.96720858817365,-5.56648534810379,-2.051591,-2.7382035,0.9944886,134.43277,81.21458,-8.649055,WAL
1933947339000,146.429951,-3.45893605716567,-6.00088439976048,-5.46120362882236,-2.053729,-2.6597073,1.1814134,133.71194,80.87096,-9.108605,WAL
1933952329000,146.434941,-3.5283438426725,-7.1517511443627,-5.37684476526148,-2.0427334,-2.4355197,1.2953397,133.076,99.6086,-9.604614,WAL
1933957342000,146.439954,-3.53789017363293,-8.46914541499304,-5.31956682933983,-1.9511036,-2.1252003,1.561677,132.4992,100.26722,-10.203725,WAL
1933962322000,146.444934,-3.45007063695457,-9.88746194048927,-5.10764633818273,-1.8185458,-1.8194622,1.8060231,132.0022,100.99392,-10.818056,WAL
1933967349000,146.449961,-3.22413938763854,-11.4737888869695,-4.67501172554169,-1.7348573,-1.5668694,2.0289888,131.59557,101.82626,-11.498543,WAL
1933972243000,146.454855,-2.88580993406831,-12.9475873991535,-4.37214265471011,-1.736079,-1.3435981,2.2088888,131.30052,102.66842,-12.16951,WAL
1933977389000,146.460001,-2.34733860301211,-14.3883620376021,-4.23631201171375,-1.74738,-1.1212431,2.3127358,131.09402,103.55126,-12.866982,WAL
1933982242000,146.464854,-1.81000145482593,-15.4939632777675,-4.20939453215141,-1.7434094,-0.81397796,2.3677137,131.00638,104.297676,-13.453878,WAL
1933987352000,146.469964,-1.19253645436544,-16.215090732179,-4.35812701667895,-1.7376062,-0.4343252,2.3182335,131.01239,105.03208,-14.017414,WAL
1933992257000,146.474869,-0.584617210404324,-16.7007049527076,-4.44993226158403,-1.7357736,0.011301007,2.175902,131.16875,105.52504,-14.347752,WAL
1933997349000,146.479961,0.109782412678516,-16.345901421266,-4.33335435912067,-1.7519615,0.44990227,1.9511036,131.42996,105.98015,-14.623048,WAL
1934002273000,146.484885,0.757547676235546,-15.8529336645613,-4.09471461698572,-1.8121318,0.79504114,1.6881261,131.82635,106.22936,-14.657773,WAL
1934007327000,146.489939,1.35956411662423,-14.949909441065,-3.5162143585463,-1.8619173,0.99387777,1.395827,132.29208,106.430016,-14.620303,WAL
1934012406000,146.495018,1.90669203523316,-13.9765045996413,-2.83260113903946,-1.9110919,0.915687,1.0586295,132.77486,106.45971,-14.385695,WAL
1934017349000,146.499961,2.26045460569948,-12.8255962989239,-1.85149946711837,-1.9712621,0.514654,0.72082096,133.20088,106.45463,-14.092321,WAL
1934022326000,146.504938,2.61751352379317,-11.6313828737245,-0.914583199733124,-2.0033326,-0.1386664,0.4538729,133.49619,106.316505,-13.685512,WAL
1934027344000,146.509956,2.98057709853807,-10.301721682398,-0.150735125855573,-1.9917262,-0.9779953,0.3005457,133.61198,106.16299,-13.265944,WAL
1934032352000,146.514964,3.1763802485309,-9.08547395339412,0.46019126710233,-1.92392,-1.8228219,0.1563815,133.47028,105.946495,-12.8455515,WAL
1934037345000,146.519957,2.6483101474772,-8.35392711306991,0.411744466334346,-1.8209893,-2.488054,-0.0033597588,133.1436,105.710915,-12.429242,WAL
1934042308000,146.52492,2.08929474014434,-7.73383330080079,0.233327557265447,-1.7168368,-2.713158,-0.16432275,132.63385,105.535805,-12.076671,WAL
1934047356000,146.529968,1.386721616,-7.52353936,-0.459686716,-1.6053538,-2.992018,-0.30085114,131.92435,105.32322,-11.729808,WAL
1934052329000,146.534941,0.714374838802941,-7.35846904847059,-1.10522404279412,-1.5677856,-3.0219505,-0.3576616,131.20518,105.20298,-11.477989,WAL
1934057337000,146.539949,0.124270793328431,-7.37727713254902,-1.5918835620098,-1.4950926,-2.8399124,-0.4550946,130.47174,105.024864,-11.186543,WAL
1934062383000,146.544995,-0.470310878689216,-7.39622792972549,-2.0822357852451,-1.4480561,-2.6077838,-0.50610185,129.80614,104.92971,-10.976122,WAL
1934067349000,146.549961,-1.05546596851078,-7.41487827827451,-2.5648138947549,-1.4285084,-2.502104,-0.48166725,129.17235,104.831055,-10.768707,WAL
1934072270000,146.554882,-1.5960259263706,-7.45846371939477,-3.00898975812537,-1.45783,-2.5179865,-0.39187005,128.58636,104.74581,-10.571482,WAL
1934077390000,146.560002,-1.76945855674985,-7.75233552132049,-3.13424659915504,-1.4703526,-2.535396,-0.2742785,128.04684,104.67303,-10.3943615,WAL
1934082343000,146.564955,-1.93080580379269,-8.03373499295075,-3.24032465067514,-1.4633276,-2.4553728,-0.15241088,127.460785,104.91558,-10.429634,WAL
1934087349000,146.569961,-2.01172377785941,-8.28124918774821,-3.15464690103257,-1.4379768,-2.2678373,-0.038179077,126.91391,105.17649,-10.495181,WAL
1934092426000,146.575038,-2.07570053169373,-8.50621177865309,-3.03836870813719,-1.4266758,-2.0039434,0.06719518,126.41158,105.48716,-10.607524,WAL
1934097351000,146.579963,-1.91710673113652,-8.40652370342973,-2.56711874176194,-1.4807373,-1.707063,0.17287487,125.98535,105.822655,-10.741085,WAL
1934102676000,146.585288,-1.73705724388654,-8.30006692849275,-2.04263418248577,-1.5485435,-1.4220943,0.2660318,125.63811,106.16677,-10.907552,WAL
1934107321000,146.589933,-1.4022206664586,-8.23473291848724,-1.27496005525978,-1.6691893,-1.2403619,0.37995818,125.359215,106.548546,-11.096152,WAL
1934112354000,146.594966,-1.03941496264916,-8.16394151431981,-0.443161587589499,-1.781283,-1.2156218,0.49754974,125.14458,106.882034,-11.313764,WAL
1934117345000,146.599957,-0.724534978160919,-8.20765303448276,0.0304916718390805,-1.8759671,-1.3374895,0.5705481,124.94716,107.23804,-11.542108,WAL
1934122242000,146.604854,-0.426637186319823,-8.27858102843315,0.408774577802984,-1.9016235,-1.5131133,0.59589905,124.74843,107.60276,-11.784444,WAL
1934127367000,146.609979,-0.290503710062087,-8.3051060680004,0.349315138104859,-1.8145752,-1.6536123,0.6026186,124.45921,107.871666,-12.012902,WAL
1934132250000,146.614862,-0.202940153504484,-8.31893217157781,0.183405239696462,-1.6227635,-1.6988163,0.5946773,124.150116,108.11529,-12.244396,WAL
1934137345000,146.619957,-0.274946087099743,-8.21066097071047,-0.034882471145854,-1.3924674,-1.6331482,0.569021,123.75522,108.33326,-12.45466,WAL
1934142255000,146.624867,-0.391268374325153,-8.07107432515337,-0.258221259509202,-1.1578951,-1.5818355,0.54825157,123.3452,108.501434,-12.664357,WAL
1934147349000,146.629961,-0.624657027766,-7.96841377611549,-0.508224286123562,-1.0461067,-1.4547756,0.5479461,122.985374,108.66628,-12.84782,WAL
1934152245000,146.634857,-0.884988384277206,-7.8832143808399,-0.754355754954573,-0.8720101,-1.303281,0.54183745,122.646866,108.759026,-13.015268,WAL
1934157317000,146.639929,-1.18039500053789,-7.77321571437902,-0.906945042604937,-0.76144356,-1.1557571,0.55680364,122.35957,108.88808,-13.2008505,WAL
1934162302000,146.644914,-1.47845713321007,-7.65857651545481,-1.02616992440304,-0.7113526,-1.0351112,0.58001655,122.1091,108.990204,-13.374887,WAL
1934167349000,146.649961,-1.70900648948321,-7.52523851417655,-1.10353590365976,-0.71959925,-0.93034774,0.62980205,121.908035,109.146385,-13.595335,WAL
1934172256000,146.654868,-1.90272548543133,-7.38821776696159,-1.16023415239292,-0.7672467,-0.8426886,0.6927212,121.7396,109.30335,-13.81356,WAL
1934177368000,146.65998,-1.94291399088482,-7.36235384092931,-1.19827870911518,-0.8622363,-0.766025,0.7535023,121.62046,109.509476,-14.091889,WAL
1934182287000,146.664899,-1.9149703749481,-7.38564018754325,-1.2262223250519,-0.9728029,-0.70157874,0.80848014,121.52552,109.7332,-14.3715515,WAL
1934187346000,146.669958,-1.76462084762474,-7.52132718472264,-1.22884235045314,-1.0885619,-0.6423248,0.8570439,121.41818,110.05512,-14.709372,WAL
1934192308000,146.67492,-1.56111865724529,-7.7058988583408,-1.21937714148989,-1.1499538,-0.5900958,0.8793405,121.32939,110.38171,-15.03885,WAL
1934197348000,146.67996,-1.34485877214762,-8.00020058917736,-1.12548391789018,-1.1917981,-0.57543504,0.9095783,121.23806,110.739075,-15.364037,WAL
1934202348000,146.68496,-1.12575352993136,-8.34314826648762,-0.992115445792301,-1.2067643,-0.61666846,0.926988,121.14739,111.0914,-15.680445,WAL
1934207335000,146.689947,-0.91280318565379,-8.69073015599022,-0.866841960303179,-1.2137892,-0.7144069,0.93187493,121.03548,111.43195,-15.955303,WAL
1934212422000,146.695034,-0.698399757371149,-9.04806889633252,-0.742964455691931,-1.1914927,-0.8378017,0.9138544,120.90557,111.757324,-16.225386,WAL
1934217348000,146.69996,-0.544368380677711,-9.46303889407631,-0.66004487063253,-1.1676689,-0.95081174,0.89644474,120.73165,112.04441,-16.457983,WAL
1934222336000,146.704948,-0.419669898111446,-9.92346384628514,-0.597695621837349,-1.1270463,-1.0592403,0.86009824,120.5221,112.30735,-16.683537,WAL
1934227371000,146.709983,-0.382691502064257,-10.4801878819277,-0.562347019116466,-1.0977248,-1.1502593,0.8136725,120.267555,112.52599,-16.870615,WAL
1934232351000,146.714963,-0.397056712064257,-11.0835268819277,-0.543193419116466,-1.0665708,-1.2308935,0.7483099,119.98144,112.717766,-17.045826,WAL
1934237330000,146.719942,-0.456793131811681,-11.5674052353,-0.618152074552046,-1.0421361,-1.2638801,0.6789767,119.667885,112.86196,-17.179926,WAL
1934242354000,146.724966,-0.542813173575685,-11.9879476683552,-0.747182132207986,-1.0015136,-1.2592987,0.6200282,119.338455,112.98027,-17.29965,WAL
1934247353000,146.729965,-0.610960356246854,-12.2494176049532,-0.891813508393235,-0.93615097,-1.2223413,0.59650993,118.98981,113.05931,-17.396332,WAL
1934252334000,146.734946,-0.668588966706936,-12.4175011565992,-1.0454897845666,-0.8979719,-1.1279627,0.5555819,118.654,113.11622,-17.466255,WAL
1934257353000,146.739965,-0.674319243050881,-12.5090011503663,-1.13175448213225,-0.79259765,-0.98990715,0.5375614,118.34407,113.15369,-17.528702,WAL
1934262429000,146.745041,-0.650258691516531,-12.55712215294,-1.17987553495347,-0.63194007,-0.8695667,0.5320636,118.05498,113.16616,-17.577429,WAL
1934267359000,146.749971,-0.556265276178155,-12.5507941780071,-1.23537502902429,-0.4428773,-0.7828238,0.52626044,117.80991,113.15817,-17.60888,WAL
1934272347000,146.754959,-0.419458642569623,-12.5130543867766,-1.29670215898677,-0.20311269,-0.72265357,0.52870387,117.592766,113.11227,-17.634554,WAL
1934277356000,146.759968,-0.15133292386828,-12.4183675383852,-1.40379918805793,0.038179077,-0.6569856,0.4990769,117.39582,113.04093,-17.64565,WAL
1934282327000,146.764939,0.20281040532434,-12.2861538287046,-1.54073455884745,0.25228736,-0.5928447,0.42424592,117.21254,112.92345,-17.640905,WAL
1934287316000,146.769928,0.547361714481254,-12.1371500735965,-1.57757796968855,0.3659083,-0.49113566,0.30970868,117.07103,112.769485,-17.593603,WAL
1934292309000,146.774921,0.884101104217417,-11.9758947945844,-1.5396354782682,0.3640757,-0.39767328,0.15393804,116.93671,112.57614,-17.511654,WAL
1934297313000,146.779925,1.01588677257985,-12.0170508903392,-1.53586103275981,0.25442538,-0.321926,-0.024740042,116.85934,112.3438,-17.3353,WAL
1934302306000,146.784918,0.982788904805696,-12.2203666600415,-1.5595024162563,0.09040806,-0.2443461,-0.18906279,116.79814,112.09562,-17.118195,WAL
1934307208000,146.78982,0.761152903006827,-12.4661088569308,-1.48088019569605,-0.06505715,-0.19058995,-0.31642818,116.759285,111.81631,-16.823479,WAL
1934312243000,146.794855,0.355628617793608,-12.7619025281488,-1.30435788808746,-0.17104226,-0.17867808,-0.3753767,116.72239,111.543655,-16.507748,WAL
1934317239000,146.799851,-0.0986335994744883,-12.8610999365516,-1.04430989831958,-0.21899518,-0.19181168,-0.376293,116.68349,111.28247,-16.181597,WAL
1934322259000,146.804871,-0.607836095472044,-12.7631764494348,-0.696681263428048,-0.19883664,-0.18325958,-0.35979962,116.64988,111.027336,-15.850946,WAL
1934327280000,146.809892,-0.935150890946502,-12.6398214078647,-0.334934271513489,-0.12767084,-0.18478674,-0.34513888,116.55212,110.79224,-15.592861,WAL
1934332243000,146.814855,-1.10466695555556,-12.4963850345679,0.034523793580247,0.015882496,-0.18203785,-0.3399465,116.45855,110.547745,-15.343192,WAL
1934337248000,146.81986,-1.16594187669222,-12.5600903526935,0.381946383309943,0.1863139,-0.15882497,-0.3454443,116.28838,110.3205,-15.195143,WAL
1934342258000,146.82487,-1.02090951606391,-13.0159062427939,0.682370495152758,0.39706242,-0.0888809,-0.35979962,116.133835,110.06341,-15.046488,WAL
1934347295000,146.829907,-0.844382059997004,-13.541416533107,1.00685589020274,0.5186246,-0.043066,-0.4007276,115.912155,109.78613,-14.943944,WAL
1934352247000,146.834859,-0.640722145605713,-14.1239785568761,1.34786783068012,0.7693848,-0.060170226,-0.45906523,115.69308,109.44718,-14.833684,WAL
1934357217000,146.839829,-0.437202765233617,-14.6646556084934,1.57110912169867,0.9963212,-0.11636983,-0.54000485,115.43819,109.03435,-14.684069,WAL
1934362243000,146.844855,-0.232320522067907,-15.1649495789943,1.67116791579885,1.2275337,-0.1685988,-0.63621616,115.17891,108.572754,-14.516847,WAL
1934367207000,146.849819,-0.00552376630654763,-15.538397702381,1.62247634178571,1.4459181,-0.18936823,-0.74281216,114.87411,107.998344,-14.29099,WAL
1934372244000,146.854856,0.25289610572619,-15.7776751904762,1.40234085285714,1.6554449,-0.19120082,-0.86651236,114.559845,107.38178,-14.038794,WAL
1934377223000,146.859835,0.55531242555005,-15.86212953667,1.12276898691774,1.8564194,-0.13041973,-0.99112886,114.25522,106.68267,-13.71718,WAL
1934382251000,146.864863,0.91800479868781,-15.7619118791873,0.764848938235877,2.0167716,-0.043066,-1.103528,113.960625,105.95922,-13.369497,WAL
1934387172000,146.869784,1.19056651634615,-15.5969494066346,0.498844817126923,2.175902,0.04734206,-1.2082914,113.72199,105.184456,-12.943397,WAL
1934392261000,146.874873,1.35926931298077,-15.3345226437981,0.339514382859615,2.3796256,0.11575896,-1.3096951,113.50509,104.385475,-12.494055,WAL
1934397292000,146.879904,1.39592037394737,-15.0128414861842,0.277387177434211,2.6148088,0.17470746,-1.3817772,113.37957,103.552795,-11.973296,WAL
1934402315000,146.884927,1.20603501742481,-14.583339343656,0.381372034638158,2.8985555,0.18997909,-1.4361442,113.26279,102.70214,-11.441527,WAL
1934407338000,146.88995,0.847965626622541,-14.2085571527854,0.49680368032175,3.2131512,0.16829337,-1.5210545,113.18411,101.82721,-10.872467,WAL
1934412406000,146.895018,-0.0310052968266225,-13.9988529288472,0.648504248249678,3.5146132,0.13561209,-1.6108516,113.10879,100.95682,-10.30026,WAL
1934417349000,146.899961,-0.86320162611441,-13.8281390196952,0.7297926886154,3.7418551,0.10903945,-1.6933185,113.01558,100.133896,-9.753167,WAL
1934422344000,146.904956,-1.39345189217736,-14.074327165479,-0.0135045755027711,3.8673878,0.12583824,-1.7574593,112.92946,99.35994,-9.198102,WAL
1934427389000,146.910001,-1.93489048602941,-14.3319267114651,-0.767419875490196,3.8789942,0.22785273,-1.781283,112.82014,98.80535,-8.778203,WAL
1934432348000,146.91496,-2.55569286764706,-14.7199277216776,-1.55635626078431,3.7745364,0.4642576,-1.7629571,112.76276,81.63156,-8.362251,WAL
1934437246000,146.919858,-3.16885884166667,-15.1031559830247,-2.33558804444444,3.5488217,0.5867361,-1.6945401,112.76668,81.87805,-8.038467,WAL
1934442347000,146.924959,-3.89684054479905,-15.4904731892731,-3.01619599270095,3.4104607,0.78038037,-1.6514742,112.86369,82.031044,-7.723621,WAL
1934447250000,146.929862,-4.61374742970843,-15.860489588357,-3.64522389529157,3.140458,0.90224797,-1.5653422,112.97674,82.09548,-7.4506655,WAL
1934452347000,146.934959,-5.48454178713341,-16.1993947308186,-4.00971634081169,2.903137,0.956615,-1.4627168,113.16941,82.04605,-7.321137,WAL
1934457268000,146.93988,-6.3547733805668,-16.5158426801619,-4.29358869878542,2.71102,0.9611965,-1.3701707,113.38001,81.97951,-7.216073,WAL
1934462416000,146.945028,-7.30348154338892,-16.6907516101846,-4.44196130193568,2.5732698,0.91690874,-1.2687671,113.57373,81.83138,-7.291621,WAL
1934467247000,146.949859,-8.20362541109788,-16.8147515928132,-4.5429978257296,2.5143213,0.7959574,-1.2021828,113.7445,81.69155,-7.3702044,WAL
1934472344000,146.954956,-8.79641382545795,-16.6592504654455,-4.92531334847003,2.461787,0.7593055,-1.237613,113.95142,81.506836,-7.54005,WAL
1934477393000,146.960005,-9.27451177019151,-16.4176846128227,-5.38831332231474,2.39337,0.9419542,-1.4434745,114.18564,81.37392,-7.6613703,WAL
1934482348000,146.96496,-8.87860104156112,-15.5647287433155,-4.86319120634206,2.2498167,1.1792754,-1.6303993,114.54503,81.2334,-7.758177,WAL
1934487302000,146.969914,-8.3489283223567,-14.6166603048128,-4.18663505957407,2.1539109,1.1856894,-1.68385,114.8806,81.123116,-7.8221354,WAL
1934492308000,146.97492,-7.34197711221239,-13.5883795219272,-3.72969441061947,2.0888536,1.1090258,-1.6539177,115.334816,81.05036,-7.857289,WAL
1934497322000,146.979934,-6.14742666584071,-12.5307528863324,-3.3614138920354,2.098933,1.073901,-1.5457945,115.78781,80.97937,-7.8935637,WAL
1934502344000,146.984956,-4.94394399291948,-11.7345127465292,-3.05606116511305,2.1786509,1.0903945,-1.3735305,116.204704,80.884636,-7.9017653,WAL
1934507344000,146.989956,-3.74256948875446,-11.0602237738992,-2.78064729165014,2.3057108,1.1453724,-1.1893547,116.61066,80.75281,-7.9435434,WAL
1934512376000,146.994988,-2.72171627297353,-10.6108842006542,-2.37766670911786,2.4526238,1.3054191,-1.0592403,116.99049,80.64411,-7.9246197,WAL
1934517372000,146.999984,-1.79737379786364,-10.273425670551,-1.91794084580395,2.5335636,1.4291192,-1.0137309,117.368,80.50093,-7.9365344,WAL
1934522342000,147.004954,-1.0827761804174,-10.0908777381505,-1.78448662420926,2.5619688,1.5662584,-0.9969321,117.69336,80.39673,-7.900879,WAL
1934527376000,147.009988,-0.438848024446712,-9.96566977042946,-1.77554313790928,2.5809057,1.7311921,-0.977079,118.05702,80.26978,-7.884859,WAL
1934532334000,147.014946,0.0327798060042283,-9.97719001057082,-1.72352146638478,2.579684,1.9740111,-0.99173975,118.433235,80.18492,-7.7840433,WAL
1934537349000,147.019961,0.383087453472516,-10.0939589312896,-1.63721379349894,2.5579982,2.097406,-1.0070114,118.81782,80.092445,-7.6940727,WAL
1934542331000,147.024943,0.567819324491012,-10.0973484370345,-1.22169007018572,2.5109615,2.2727242,-1.0219775,119.34836,80.0365,-7.5016646,WAL
1934547347000,147.029959,0.672777094478101,-10.0448697388519,-0.639651543380673,2.4678955,2.3576343,-1.0622946,119.88354,79.98339,-7.3050294,WAL
1934552341000,147.034953,0.774542669318681,-9.94851319120879,-0.522072776923077,2.3881776,2.278833,-1.0858129,120.442856,79.94519,-7.0592523,WAL
1934557344000,147.039956,0.875058966909091,-9.82885127727273,-0.646521527272727,2.2489004,2.2275202,-1.0815369,121.028175,79.92109,-6.820019,WAL
1934562353000,147.044965,0.844639557194785,-9.6664907890162,-0.909823148597392,2.107485,2.238821,-1.0595458,121.615616,79.84036,-6.5524325,WAL
1934567351000,147.049963,0.745354435298301,-9.48210388581588,-1.24550139764915,1.9770653,2.2296581,-1.0571023,122.17729,79.77721,-6.2851486,WAL
1934572334000,147.054946,0.609610655646945,-9.18380194592629,-1.61133818903977,1.9230038,2.2904391,-1.0454959,122.77312,79.722206,-6.0254955,WAL
1934577438000,147.06005,0.448415622692532,-8.80926067337536,-2.00484371765276,1.9291124,2.370768,-1.0122037,123.365654,79.671455,-5.77938,WAL
1934582342000,147.064954,0.227881318032491,-8.37427809521661,-2.3059360881769,1.919644,2.435825,-0.95722586,123.96864,79.66323,-5.5747123,WAL
1934587351000,147.069963,-0.0463167166466105,-7.87398694087445,-2.55608164023265,1.8915442,2.4596488,-0.8707884,124.57412,79.64867,-5.393711,WAL
1934592290000,147.074902,-0.339809352820412,-7.41575396564279,-2.8736999142787,1.8408424,2.485,-0.818254,125.23711,79.650566,-5.2389517,WAL
1934597347000,147.079959,-0.658239580914622,-6.97375375399411,-3.25391509941119,1.8133535,2.5082128,-0.7684685,125.894684,79.647125,-5.108607,WAL
1934602341000,147.084953,-0.979826425236847,-6.57221637381576,-3.41818065019149,1.7852536,2.500577,-0.72784597,126.65146,79.5889,-4.9976363,WAL
1934607346000,147.089958,-1.30832575140093,-6.20023899299536,-3.39885717347309,1.74738,2.439185,-0.6988298,127.38846,79.54157,-4.8952584,WAL
1934612383000,147.094995,-1.61349221764877,-5.87557043638123,-3.34362044477987,1.7067575,2.3753495,-0.6939429,128.17871,79.49089,-4.8277006,WAL
1934617349000,147.099961,-1.89419504330914,-5.59486770682148,-3.26079006339623,1.6493362,2.2983804,-0.698219,128.94022,79.458664,-4.76177,WAL
1934622339000,147.104951,-2.15347254767945,-5.2787839140708,-3.25189087412979,1.5824465,2.2272146,-0.6948592,129.72226,79.38298,-4.7336345,WAL
1934627391000,147.110003,-2.3913389385939,-4.92198440221239,-3.32325089572271,1.491733,2.2104158,-0.6948592,130.49304,79.335526,-4.7028337,WAL
1934632344000,147.114956,-2.59148996443914,-4.59606734980111,-3.35289577470167,1.4052955,2.1594086,-0.70341134,131.23491,79.27138,-4.7066503,WAL
1934637346000,147.119958,-2.75345388878282,-4.29595769602228,-3.33384116903341,1.3393221,2.1340578,-0.7110472,131.97504,79.23163,-4.711846,WAL
1934642321000,147.124933,-2.90411419316986,-4.03480653972004,-3.27572243199643,1.2980887,2.1252003,-0.71959925,132.72858,79.183945,-4.7495637,WAL
1934647349000,147.129961,-3.04274348577385,-3.81969214770178,-3.16577505167279,1.2208142,2.134974,-0.72265357,133.47704,79.16846,-4.7875376,WAL
1934652332000,147.134944,-3.15431462547236,-3.55947588642407,-2.89309378698391,1.1548407,2.1190915,-0.7519751,134.22325,79.14207,-4.84246,WAL
1934657344000,147.139956,-3.23108986745976,-3.23318085745276,-2.394054363331,1.0806206,2.0900755,-0.78801614,134.96622,79.14393,-4.8958826,WAL
1934662325000,147.144937,-3.27926910496115,-2.89737615376569,-1.8908269649731,0.9398162,2.0412061,-0.81061816,135.69814,79.151245,-4.968776,WAL
1934667346000,147.149958,-3.28884972117952,-2.54289320362622,-1.37347328902172,0.73548174,1.9953914,-0.8332202,136.42174,79.202225,-5.031817,WAL
1934672239000,147.154851,-3.3112536111749,-2.26567183317826,-0.932334356308027,0.5348125,1.9679024,-0.8454375,137.1116,79.20259,-5.1085033,WAL
1934677427000,147.160039,-3.35551388059982,-2.07879558509354,-0.563499784248243,0.34422258,1.9327776,-0.8561276,137.78471,79.256966,-5.178568,WAL
1934682245000,147.164857,-3.37718098466094,-1.95909452072588,-0.191325763136581,0.17012598,1.8716911,-0.86498517,138.41422,79.26972,-5.253378,WAL
1934687347000,147.169959,-3.36784749209169,-1.9217605017192,0.252015455518625,0.010995574,1.777007,-0.86926126,139.0217,79.327446,-5.3253164,WAL
1934692264000,147.174876,-3.34157735288462,-1.90946231756993,0.636307938111888,-0.14110987,1.677436,-0.8588765,139.59036,79.35827,-5.408566,WAL
1934697351000,147.179963,-3.27060228974359,-1.95677897692308,0.924939456410256,-0.28588495,1.5741998,-0.8396343,140.1277,79.424255,-5.4906774,WAL
1934702272000,147.184884,-3.18700409855526,-2.0117776808042,1.17264313084462,-0.42119157,1.4618006,-0.8176431,140.6044,79.44699,-5.570291,WAL
1934707351000,147.189963,-3.0494069688826,-2.10023304809052,1.32006872588402,-0.5369505,1.3384057,-0.7892379,141.04358,79.493484,-5.653878,WAL
1934712376000,147.194988,-2.85067429931488,-2.18246487599249,1.43177268435476,-0.6780604,1.221425,-0.7458665,141.42986,79.52693,-5.727432,WAL
1934717347000,147.199959,-2.48430012239324,-2.24948445317691,1.4496445373909,-0.81092364,1.0784826,-0.7162395,141.7685,79.58031,-5.7998695,WAL
1934722314000,147.204926,-2.15714347690192,-2.31522522309808,1.4580364876644,-0.93584555,0.9465357,-0.66828656,142.06155,79.63591,-5.853718,WAL
1934727425000,147.210037,-2.09823697218258,-2.37413172781742,1.39913007081578,-1.0778717,0.8029824,-0.6252206,142.30476,79.71889,-5.908578,WAL
1934732298000,147.21491,-2.04207352129287,-2.43029517870713,1.34296670370498,-1.2299771,0.7275405,-0.5580254,142.51208,79.84193,-5.8849864,WAL
1934737346000,147.219958,-2.09192685057471,-2.54610964252874,1.31191244137931,-1.3863586,0.5864306,-0.49571714,142.65466,79.989235,-5.86387,WAL
1934742264000,147.224876,-2.1672472125937,-2.67321268584708,1.28837476065967,-1.461495,0.45753807,-0.4569272,142.77399,80.14127,-5.8529363,WAL
1934747354000,147.229966,-2.27577001845541,-2.79291755859492,1.40245862389636,-1.6145169,0.3173445,-0.38789943,142.85657,80.33408,-5.84667,WAL
1934752244000,147.234856,-2.38777143609367,-2.90491902496263,1.54712714198306,-1.7690657,0.17592919,-0.30757064,142.89777,80.529,-5.850097,WAL
1934757349000,147.239961,-2.4935913170741,-3.09462195763942,1.74429205763942,-1.9159788,0.035124753,-0.204029,142.90695,80.72272,-5.8939967,WAL
1934762302000,147.244914,-2.59324239462376,-3.29845375232047,1.94812385232047,-2.0482311,-0.10048734,-0.12705997,142.87318,80.92611,-5.948639,WAL
1934767349000,147.249961,-2.67859682260024,-3.60012303742406,2.27025009125152,-2.1838431,-0.2434298,-0.021380283,142.79033,81.075134,-6.057244,WAL
1934772242000,147.254854,-2.7545130850243,-3.93225661740583,2.63085235015188,-2.2971587,-0.38545597,0.093767814,142.66405,81.21392,-6.186414,WAL
1934777381000,147.259993,-2.78432762070003,-4.91001658814562,3.22214249837529,-2.4071145,-0.5009095,0.22968534,142.4954,81.27478,-6.3574467,WAL
1934782290000,147.264902,-2.79375742026878,-6.08403360089259,3.86808748590914,-2.4761422,-0.571159,0.42913285,142.29161,81.29362,-6.5764747,WAL
1934787313000,147.269925,-2.61170023431798,-7.66588844439618,4.7092898625543,-2.463925,-0.6230826,0.6075055,142.04854,81.18754,-6.805078,WAL
1934792316000,147.274928,-2.35731253538952,-9.3864741878077,5.61583520121633,-2.377182,-0.61666846,0.7855727,141.79294,81.02716,-7.089125,WAL
1934797316000,147.279928,-1.71206130017971,-11.5600738367491,7.22392687977789,-2.151162,-0.47983465,0.9682214,141.53297,80.71503,-7.3641763,WAL
1934802348000,147.28496,-0.855773983519435,-13.9878431399293,9.21382180508834,-1.670411,-0.40439278,1.0283916,141.2512,80.340576,-7.651806,WAL
1934807352000,147.289964,0.312368530658295,-15.5551517899539,10.7447127994702,-0.82833326,-0.42424592,0.95203346,140.96465,79.83813,-7.887267,WAL
1934812419000,147.295031,1.64536088861768,-16.7405633412146,12.0824659203375,0.16890424,-0.46089783,0.6637051,140.69693,79.272934,-8.076679,WAL
1934817348000,147.29996,2.88032825594642,-17.5355604564884,11.8788170250537,0.9275989,-0.37751472,0.25350907,140.40442,78.65416,-8.068531,WAL
1934822335000,147.304947,4.09641613598527,-18.1460454460579,10.8580848618468,1.2962561,-0.038179077,-0.043066,140.19397,77.957634,-8.025894,WAL
1934827357000,147.309969,4.63174997915659,-18.5371990424606,9.5017932784602,1.3930782,0.52931476,-0.27550024,140.09688,77.2971,-7.7025547,WAL
1934832378000,147.31499,4.85034000817294,-18.8255527559725,7.99491731308637,1.3451253,0.8173377,-0.47891834,140.04825,76.611,-7.3361135,WAL
1934837341000,147.319953,4.51668548537917,-18.204208576542,6.86084177553084,1.2678508,1.3298537,-0.5510005,140.38213,76.189644,-6.8015485,WAL
1934842311000,147.324923,3.8477324806269,-17.0299302438827,5.94163298887765,1.217149,1.632232,-0.6597345,140.7563,75.77253,-6.249392,WAL
1934847350000,147.329962,2.93098416631814,-15.1571093934626,5.30331602938788,1.1203269,1.7290541,-0.72692966,141.33171,75.593475,-5.6818113,WAL
1934852339000,147.334951,1.88820497104862,-12.9163469656888,4.83770305672521,0.98654735,1.6756034,-0.7495316,141.94525,75.41816,-5.144269,WAL
1934857301000,147.339913,0.911988428309433,-10.5171487787533,4.63674407879231,0.82436264,1.5222762,-0.7480045,142.55652,75.28701,-4.7171755,WAL
1934862448000,147.34506,-0.0689434511130622,-7.93979869622476,4.56461658851819,0.6227771,1.3255776,-0.7153232,143.1317,75.1918,-4.30528,WAL
1934867343000,147.349955,-0.902030143123299,-5.84327627057163,4.46766571558625,0.38606682,1.1090258,-0.6178902,143.57355,75.054306,-4.070993,WAL
1934872351000,147.354963,-1.69500790001008,-3.90918419661256,4.35162022245186,0.11911872,0.90408057,-0.4841107,143.95442,74.977005,-3.8486533,WAL
1934877359000,147.359971,-2.35663549151204,-2.72534448315239,4.08924637816818,-0.1459968,0.75625116,-0.32406402,144.16318,74.82623,-3.8197913,WAL
1934882336000,147.364948,-2.93996622068693,-1.9726596380379,3.74583396762732,-0.3652974,0.6985244,-0.14019357,144.32549,74.728134,-3.8273299,WAL
1934887341000,147.369953,-3.28489908887606,-1.7853086463241,3.51230586308699,-0.55833083,0.73853606,0.03390302,144.37173,74.6028,-4.016595,WAL
1934892317000,147.374929,-3.4729112539261,-1.96414939982679,3.35180764538106,-0.71593404,0.79901177,0.1957823,144.38785,74.51215,-4.25008,WAL
1934897339000,147.379951,-3.56768896950383,-2.29760010793667,3.34690262648245,-0.8854492,0.7706065,0.31703907,144.3563,74.41528,-4.598574,WAL
1934902315000,147.384927,-3.57730053803953,-2.76376153318879,3.4814646863453,-1.0845913,0.5687156,0.41599923,144.27713,74.34482,-4.9778466,WAL
1934907359000,147.389971,-3.57253936513937,-3.50890117506969,3.75700206326655,-1.312444,0.20769419,0.4636467,144.14116,74.31871,-5.3845043,WAL
1934912571000,147.395183,-3.55514753858885,-4.51327473179443,4.16136023723868,-1.4932601,-0.31887165,0.48441613,143.89278,74.30756,-5.7849197,WAL
1934917295000,147.399907,-3.58618941525424,-5.7592320911017,4.53469916440678,-1.5519031,-0.9966267,0.4709771,143.4883,74.31982,-6.1506634,WAL
1934922328000,147.40494,-3.76424278148631,-8.12629316720991,4.95364818422425,-1.4724907,-1.7095064,0.44898596,142.9237,74.320694,-6.4804034,WAL
1934927263000,147.409875,-3.92259123089795,-10.4229767525604,4.84082730877835,-1.3106114,-2.2278256,0.45723262,142.19969,74.309845,-6.763924,WAL
1934932311000,147.414923,-4.05962979834492,-12.7349524438552,3.92134167893197,-1.1071932,-2.3423629,0.51159966,141.39488,74.24446,-7.035326,WAL
1934937239000,147.419851,-4.12792128966406,-14.7889435670857,3.01828306041838,-0.9990701,-2.3225098,0.537256,140.51834,74.18955,-7.2591753,WAL
1934942328000,147.42494,-3.93707419272465,-16.0997632994641,2.0640466317601,-0.7134906,-2.0916026,0.5503896,139.67813,74.021484,-7.500847,WAL
1934947246000,147.429858,-3.62542135325888,-17.195177444264,1.25940747005076,-0.28496864,-1.7189748,0.49021935,139.03984,74.036476,-7.665186,WAL
1934952349000,147.434961,-2.94073894328934,-17.8451291988832,0.758299345939086,0.31031954,-1.4379768,0.28160888,138.46156,73.94597,-7.7975006,WAL
1934957270000,147.439882,-2.08574228382062,-18.07916095081,0.138076678091663,0.7492262,-1.4089607,-0.062002823,138.04218,74.01318,-7.8011656,WAL
1934962349000,147.444961,-0.740486587528645,-17.3873157650138,-0.827624685983801,0.77579886,-1.4071281,-0.47586402,137.71666,74.066505,-7.744338,WAL
1934967276000,147.449888,0.333715763975463,-16.0775473829029,-1.76876423166123,0.5271767,-1.1933253,-0.75502944,137.55867,74.24114,-7.538185,WAL
1934972339000,147.454951,0.823051112217275,-13.0311948352627,-2.74743486803206,0.065973446,-0.8503244,-0.88300574,137.45291,74.48392,-7.2820525,WAL
1934977302000,147.459914,1.1146251041958,-10.1970942277159,-3.41704197991727,-0.4615087,-0.7593055,-0.9486737,137.44708,74.99773,-6.8163905,WAL
1934982315000,147.464927,0.868742712587413,-7.77137003526051,-3.26100130735743,-0.91507614,-0.89827734,-0.84299403,137.46036,75.57909,-6.390527,WAL
1934987306000,147.469918,0.517526863964204,-5.6631679343869,-2.99854896340442,-1.2189816,-1.0980303,-0.64904433,137.47116,76.28275,-5.943824,WAL
1934992292000,147.474904,-0.191630938202589,-4.59033937121097,-2.37576291203351,-1.4062119,-1.2983941,-0.46639562,137.42838,77.049126,-5.5251336,WAL
1934997311000,147.479923,-0.894236827495722,-3.58143529059707,-1.84556303592888,-1.5338826,-1.4584408,-0.31703907,137.25589,77.74627,-5.213158,WAL
1935002310000,147.484922,-1.51781556654877,-3.05799327052672,-1.97300982707739,-1.6129897,-1.5201381,-0.116675265,137.03954,78.44758,-4.966207,WAL
1935007515000,147.490127,-2.1682640792283,-2.54135185297964,-2.14561232977492,-1.6606371,-1.426065,0.15607607,136.72476,78.975365,-4.9134083,WAL
1935012344000,147.494956,-2.78785676553055,-2.45213061753483,-2.85442630327974,-1.7256943,-1.2538009,0.4343252,136.40623,79.49254,-4.924614,WAL
1935017313000,147.499925,-3.35526822662331,-2.42030287673329,-3.55585354854165,-1.8121318,-1.1572843,0.6569856,136.03432,79.93567,-5.099067,WAL
1935022305000,147.504917,-3.55642782926269,-2.70375500503012,-4.11361433438845,-1.8658879,-1.1615603,0.8436049,135.67384,80.322586,-5.352036,WAL
1935027355000,147.509967,-3.72322353743724,-2.98130081691103,-4.63774595254067,-1.8674151,-1.2675453,1.0064005,135.30142,80.6636,-5.7510734,WAL
1935032316000,147.514928,-3.44650022284595,-3.14351794438642,-4.67114377519582,-1.8142698,-1.3445144,1.1456778,134.93459,80.905876,-6.205862,WAL
1935037302000,147.519914,-3.16709661132578,-3.34041048514324,-4.70390307415057,-1.7989981,-1.500285,1.2021828,134.53886,81.104004,-6.704159,WAL
1935042297000,147.524909,-2.8711652287713,-3.95958967730085,-4.72666700105644,-1.7702875,-1.5806139,1.303281,134.1447,81.14363,-7.2626123,WAL
1935047644000,147.530256,-2.55783534900222,-4.63550691140059,-4.74061858904287,-1.784032,-1.5919148,1.3814718,133.75214,81.12206,-7.782826,WAL
1935052311000,147.534923,-2.35963168780488,-5.51090723424797,-4.52589782672764,-1.7913623,-1.5244142,1.4257594,133.36653,80.97194,-8.327639,WAL
1935057291000,147.539903,-2.14813517339246,-6.44501771373799,-4.29677646475425,-1.7968601,-1.4544702,1.4440855,133.01529,80.78353,-8.817035,WAL
1935062324000,147.544936,-1.9042020290302,-7.72336072086346,-4.03699686614207,-1.8261817,-1.3854424,1.4559973,132.69211,80.49284,-9.3205805,WAL
1935067284000,147.549896,-1.65669586654615,-9.06191382167163,-3.77433722854105,-1.8564194,-1.3029755,1.5161675,132.40215,80.09711,-9.845577,WAL
1935072305000,147.554917,-1.44353624836893,-10.4244823662621,-3.46080508298058,-1.8506162,-1.1902709,1.572978,132.16743,79.69742,-10.298176,WAL
1935077345000,147.559957,-1.2326605932233,-11.7928313565534,-3.14214853851456,-1.8689423,-1.1181889,1.616044,131.95363,100.77139,-10.761211,WAL
1935082315000,147.564927,-0.97431124557289,-13.045808302304,-2.8834282830561,-1.9382755,-1.0922271,1.6383406,131.79266,101.19532,-11.133533,WAL
1935087265000,147.569877,-0.709833446213452,-14.2800380496952,-2.63364368340738,-1.9874501,-1.1630874,1.6569719,131.63148,101.66089,-11.511349,WAL
1935092299000,147.574911,-0.468949778422251,-14.970353893596,-2.68064234810452,-2.0005836,-1.2541064,1.6691893,131.50362,102.022514,-11.774998,WAL
1935097258000,147.57987,-0.233913720256359,-15.6049512776403,-2.75115311401564,-1.9712621,-1.3115277,1.6679676,131.36967,102.397964,-12.036637,WAL
1935102311000,147.584923,0.158883331816915,-15.6026760811338,-2.99367245288104,-1.9092593,-1.2186762,1.6267341,131.28452,102.626945,-12.164033,WAL
1935107302000,147.589914,0.563121607369888,-15.5316011797398,-3.25131891245353,-1.829236,-0.93859446,1.5384641,131.23958,102.849266,-12.279694,WAL
1935112315000,147.594927,0.954698363672041,-14.9769014549215,-3.2517018588672,-1.7666223,-0.5571091,1.3857478,131.27199,102.97185,-12.286098,WAL
1935117245000,147.599857,1.33529211515698,-14.2808150516546,-3.1715768090157,-1.7391334,-0.1518,1.180497,131.39023,103.06941,-12.257273,WAL
1935122307000,147.604919,1.48352225352286,-13.321375741122,-2.78871226308085,-1.7644843,0.25289822,0.9224065,131.64923,103.0842,-12.100506,WAL
1935127309000,147.609921,1.59210519521156,-12.335080833113,-2.36342892913676,-1.8365663,0.42180246,0.6792821,131.94821,103.07716,-11.8996725,WAL
1935132316000,147.614928,1.51043249846107,-11.3279946454294,-1.41064683713635,-1.9013181,0.5476407,0.550695,132.3217,103.067924,-11.639411,WAL
1935137290000,147.619902,1.36870523979686,-10.3212418891967,-0.296376967493998,-1.9318613,0.26389378,0.3277292,132.61243,103.00984,-11.303923,WAL
1935142294000,147.624906,1.13187332332305,-9.42041660109366,0.0530349956393718,-1.9608774,-0.35979962,0.12583824,132.79257,102.97497,-10.982496,WAL
1935147321000,147.629933,0.870864589876612,-8.54288721312395,0.215040410339129,-1.9327776,-1.0968086,-0.015271631,132.85446,102.92555,-10.64076,WAL
1935152308000,147.63492,0.381548696581439,-8.00622826761364,-0.1019530871875,-1.7886134,-1.7455474,-0.1151481,132.67648,102.834984,-10.365303,WAL
1935157322000,147.639934,-0.224740569582281,-7.63235005132576,-0.657718252673611,-1.5711454,-2.1612413,-0.21135938,132.3585,102.70962,-10.080025,WAL
1935162322000,147.644934,-0.746871947294765,-7.41887264014056,-1.37474579497148,-1.3588698,-2.3451116,-0.3118467,131.86264,102.66258,-9.892882,WAL
1935167300000,147.649912,-1.2421542190935,-7.25377872531065,-2.137091930879,-1.1951579,-2.3625214,-0.39370266,131.30328,102.57425,-9.700821,WAL
1935172307000,147.654919,-1.66166581609895,-7.08877182894866,-2.41344644740355,-1.1023064,-2.254398,-0.42332962,130.76434,102.52796,-9.574659,WAL
1935177331000,147.659943,-2.06312647050162,-6.92346437592029,-2.5693077250319,-1.0671816,-2.1276436,-0.39858958,130.23672,102.46112,-9.448605,WAL
1935182310000,147.664922,-2.33045921388252,-6.83448480582427,-2.82448852690735,-1.0827587,-2.065641,-0.33964106,129.69984,102.57292,-9.413604,WAL
1935187317000,147.669929,-2.56000457210532,-6.76753421990625,-3.11142023716964,-1.1221595,-1.9700404,-0.22571471,129.22011,102.70108,-9.399831,WAL
1935192291000,147.674903,-2.74008921914472,-6.92033999782221,-3.09694898457731,-1.0986412,-1.7962493,-0.0842994,128.74675,102.92659,-9.479985,WAL
1935197373000,147.679985,-2.90871191092853,-7.14677625004949,-2.98613975262324,-1.0601566,-1.5848899,0.05222898,128.32166,103.17744,-9.587838,WAL
1935202345000,147.684957,-2.92144678752955,-7.43801518085106,-2.85697318894799,-1.0152581,-1.3521502,0.18875736,127.9541,103.50571,-9.755862,WAL
1935207337000,147.689949,-2.88377346365248,-7.75352905319149,-2.72040751897163,-1.0183123,-1.0558805,0.29626966,127.67411,103.85463,-9.942056,WAL
1935212362000,147.694974,-2.51057783007069,-8.00939308060082,-2.4003421490968,-1.03786,-0.7351763,0.41996986,127.45723,104.24204,-10.197431,WAL
1935217347000,147.699959,-2.00908355110937,-8.23904908442961,-2.01133249138033,-1.0601566,-0.44532076,0.5684101,127.32657,104.65056,-10.473691,WAL
1935222337000,147.704949,-1.42951386114773,-8.40713664676231,-1.48671475761923,-1.0861185,-0.21746802,0.68752885,127.277664,105.05206,-10.758305,WAL
1935227367000,147.709979,-0.808460356010081,-8.54722429216751,-0.893678732803412,-1.0989466,-0.1414153,0.75625116,127.27559,105.4648,-11.055729,WAL
1935232346000,147.714958,-0.236153143826034,-8.64789574153487,-0.343901946411192,-1.0955868,-0.092240654,0.7690793,127.36336,105.78431,-11.290447,WAL
1935237361000,147.719973,0.314042353649635,-8.7257993229927,0.186817627737226,-1.0910053,-0.16126843,0.7611381,127.44032,106.10325,-11.529346,WAL
1935242347000,147.724959,0.695682363797721,-8.7408662246652,0.438255193427943,-1.0619892,-0.30848694,0.7162395,127.46708,106.311066,-11.670301,WAL
1935247315000,147.729927,0.985731571441135,-8.72184647051769,0.538108190221867,-1.006095,-0.5018258,0.6392705,127.45803,106.49736,-11.801166,WAL
1935252324000,147.734936,1.10028245851845,-8.65805094321033,0.426816349662794,-0.9419542,-0.6792821,0.5662721,127.369606,106.60221,-11.8645935,WAL
1935257330000,147.739942,1.11365027917093,-8.56893213886049,0.195107297364625,-0.88117313,-0.8173377,0.4831944,127.23257,106.67493,-11.9108925,WAL
1935262358000,147.74497,0.989554908608946,-8.4942622851867,-0.110084164390644,-0.8396343,-0.9092729,0.39187005,127.051506,106.70275,-11.904679,WAL
1935267300000,147.749912,0.727373615880181,-8.43600012043496,-0.48393528760238,-0.8335256,-0.9599747,0.3109304,126.83959,106.7086,-11.883848,WAL
1935272293000,147.754905,0.388002622859697,-8.35579894551614,-0.818712939060883,-0.8622363,-0.98929626,0.25259277,126.6302,106.72094,-11.839436,WAL
1935277402000,147.760014,-0.0263675215357109,-8.254507864402,-1.12258440360403,-0.9254609,-0.9923506,0.22327125,126.412796,106.727844,-11.783517,WAL
1935282283000,147.764895,-0.475498230068367,-8.188871845,-1.36189040689796,-1.010982,-1.0100657,0.2321288,126.190926,106.82105,-11.768778,WAL
1935287282000,147.769894,-1.01286462049541,-8.1668887425,-1.53287059177551,-1.1068878,-1.0201449,0.2556471,125.972275,106.925,-11.751676,WAL
1935292268000,147.77488,-1.54883357882092,-8.1449628075,-1.7034061392449,-1.2241739,-0.9932669,0.30818152,125.77733,107.13054,-11.818848,WAL
1935297281000,147.779893,-2.08770489612653,-8.12291814,-1.87486516440816,-1.3359623,-0.93034774,0.37507126,125.59615,107.35694,-11.89472,WAL
1935302298000,147.78491,-2.55662793174854,-8.16682933547494,-1.93791139370367,-1.4291192,-0.8750645,0.45875978,125.40875,107.63148,-11.99168,WAL
1935307325000,147.789937,-2.95159048213897,-8.2810356998122,-1.88556694255214,-1.5140295,-0.7861836,0.5748242,125.25961,107.93981,-12.108844,WAL
1935312321000,147.794933,-3.28871390629384,-8.47197972413793,-1.79150345190199,-1.5949692,-0.698219,0.6933321,125.10955,108.39606,-12.418373,WAL
1935317315000,147.799927,-3.56279164286138,-8.75078268965517,-1.64973908328228,-1.6468927,-0.59681535,0.79534656,124.99943,108.86464,-12.73682,WAL
1935322294000,147.804906,-3.73861290897411,-9.01426821357976,-1.41920835594979,-1.6588045,-0.5039638,0.8790351,124.85734,109.39259,-13.133003,WAL
1935327345000,147.809957,-3.79120211583317,-9.26287196382684,-1.07020766886737,-1.6404786,-0.47708577,0.9618073,124.73661,109.922646,-13.538825,WAL
1935332275000,147.814887,-3.75226673525922,-9.47713072629122,-0.668678327049898,-1.600467,-0.46028697,0.99112886,124.59289,110.44484,-13.976452,WAL
1935337330000,147.819942,-3.58275131010602,-9.65606327079078,-0.169549810125474,-1.4813483,-0.5015204,1.0595458,124.45243,110.94945,-14.432228,WAL
1935342257000,147.824869,-3.36774792531353,-9.86076205170751,0.274984433518233,-1.3475688,-0.6102544,1.1178834,124.25628,111.38984,-14.898561,WAL
1935347293000,147.829905,-3.05602418917615,-10.125959968744,0.651844622462859,-1.1456778,-0.7461719,1.144456,124.044304,111.783134,-15.362715,WAL
1935352176000,147.834788,-2.72191899801242,-10.4296303354037,0.899922427080745,-0.9138544,-0.87598073,1.1679744,123.742836,112.11353,-15.845219,WAL
1935357214000,147.839826,-2.28738763867495,-10.8741503902692,0.82500327305383,-0.6753115,-0.9737192,1.174083,123.41128,112.39475,-16.321184,WAL
1935362201000,147.844813,-1.84183785368732,-11.2920463158377,0.630674315904588,-0.4550946,-1.0250319,1.144456,123.01585,112.58415,-16.761333,WAL
1935367226000,147.849838,-1.36212081828909,-11.6689673182789,0.195012870848133,-0.27458394,-1.026559,1.0946705,122.60287,112.73101,-17.186737,WAL
1935372185000,147.854797,-0.878695410944932,-11.9504840822579,-0.33502123632647,-0.15974127,-0.9633345,1.0170907,122.21666,112.805115,-17.513153,WAL
1935377259000,147.859871,-0.366487645739336,-12.0797323732637,-1.05306943650419,-0.06536258,-0.84299403,0.9294315,121.840256,112.83876,-17.808867,WAL
1935382208000,147.86482,0.281836502844239,-12.1750987452229,-1.82543247110596,-0.011301007,-0.6988298,0.8368854,121.5638,112.828316,-17.973644,WAL
1935387224000,147.869836,1.22756144330284,-12.2121862611465,-2.74797788257093,0.026267206,-0.5448918,0.73456544,121.3172,112.78375,-18.097805,WAL
1935392216000,147.874828,1.98741599611078,-12.2239895668827,-3.36582711608721,0.027183503,-0.41080686,0.63407815,121.22596,112.72321,-18.077477,WAL
1935397275000,147.879887,2.2586393604891,-12.1668897438617,-3.16597823237085,0.006414085,-0.2910773,0.5164866,121.165016,112.63419,-18.016285,WAL
1935402297000,147.884909,2.41772311957672,-12.1448499936508,-2.8930163968254,-0.080634214,-0.22724187,0.39950588,121.310585,112.52714,-17.751442,WAL
1935407306000,147.889918,2.24236306507937,-12.2279155489178,-2.39462451082251,-0.21471913,-0.20830505,0.24831672,121.46065,112.40579,-17.449488,WAL
1935412341000,147.894953,1.99582213643347,-12.3149947614463,-1.90015009478644,-0.39187005,-0.25717425,0.083383106,121.58428,112.25692,-17.097094,WAL
1935417325000,147.899937,1.42870404314248,-12.4176627110519,-1.44058894727031,-0.54825157,-0.3417791,-0.070554934,121.68708,112.108536,-16.718014,WAL
1935422315000,147.904927,0.828235187020032,-12.4401191885165,-1.02980306780246,-0.66248333,-0.441961,-0.19853121,121.6738,111.93862,-16.363821,WAL
1935427327000,147.909939,0.1094884274048,-12.1783237006148,-0.791807442621975,-0.72173727,-0.48563787,-0.24617869,121.64427,111.781654,-16.001347,WAL
1935432317000,147.914929,-0.529850452787648,-11.9129415113574,-0.615436033218192,-0.7302894,-0.54153204,-0.2932153,121.47216,111.62614,-15.721771,WAL
1935437305000,147.919917,-0.872628757650319,-11.6292631123868,-0.674535739165636,-0.68966687,-0.56016344,-0.2837469,121.29887,111.48075,-15.453139,WAL
1935442277000,147.924889,-1.21430753306676,-11.3464946681843,-0.73344587107636,-0.56779927,-0.52503866,-0.23609942,121.04454,111.37999,-15.316169,WAL
1935447317000,147.929929,-1.56065930862968,-11.0598589162172,-0.793161692643144,-0.42943826,-0.42638394,-0.17165314,120.80646,111.27582,-15.187793,WAL
1935452313000,147.934925,-1.82421708854883,-10.8648917193709,-0.844950508051606,-0.2883284,-0.31856623,-0.095294975,120.58466,111.169,-15.08223,WAL
1935457339000,147.939951,-1.67463705255674,-11.1323228175911,-0.858548680233544,-0.15241088,-0.19058995,-0.036651913,120.40145,111.04767,-14.984144,WAL
1935462433000,147.945045,-1.51163528892515,-11.4260052902815,-0.860251349983683,-0.046731193,-0.046731193,0.0070249503,120.22906,111.036705,-15.028655,WAL
1935467314000,147.949926,-1.18748492314909,-12.0409373734448,-0.683875394582908,0.03756821,0.09407325,0.038179077,120.09673,111.01266,-15.075789,WAL
1935472320000,147.954932,-0.856043867323773,-12.6673475052515,-0.478855788006463,0.0852157,0.19975294,0.049785517,120.00523,110.95717,-15.089413,WAL
1935477367000,147.959979,-0.53388133411735,-13.2482160728641,0.0141505189103211,0.13622294,0.29718593,0.017715093,119.95093,110.8834,-15.089584,WAL
1935482306000,147.964918,-0.224684649672099,-13.7992399617778,0.483877044204444,0.22082779,0.32375857,-0.022296581,119.89845,110.72098,-15.026225,WAL
1935487306000,147.969918,0.030696866377284,-14.1917710728889,0.838573621982222,0.3286455,0.28038713,-0.057421334,119.851906,110.54266,-14.955093,WAL
1935492341000,147.974953,0.289478117891177,-14.5703519728937,1.16726734939819,0.50243664,0.17165314,-0.10934488,119.73953,110.235344,-14.828971,WAL
1935497316000,147.979928,0.564359987084452,-14.7457074849299,1.15304928140853,0.6988298,0.071776666,-0.16493362,119.615685,109.903404,-14.697625,WAL
1935502386000,147.984998,0.841254834901619,-14.9032087765976,1.12104501960648,0.96669424,-0.015271631,-0.24007004,119.42472,109.45717,-14.525898,WAL
1935507310000,147.989922,1.07116492594811,-14.8005704273028,0.878818343792443,1.2455542,-0.070249505,-0.3222314,119.21262,108.97289,-14.345283,WAL
1935512329000,147.994941,1.30551073158628,-14.6959518499042,0.631918326345116,1.5406022,-0.07727446,-0.41386122,119.00533,108.40206,-14.102993,WAL
1935517313000,147.999925,1.43139302638682,-14.3652973980826,0.431635518790022,1.813659,-0.032070424,-0.5164866,118.79452,107.783554,-13.840774,WAL
1935522242000,148.004854,1.52365712580045,-13.9698795670141,0.247107283261355,2.0653355,-0.007330383,-0.6432411,118.57242,107.11296,-13.553754,WAL
1935527375000,148.009987,1.43407959574447,-13.4470698297787,0.238874845390342,2.1713204,0.07391469,-0.6918049,118.43494,106.43499,-13.217453,WAL
1935532339000,148.014951,1.23320943803823,-12.8731555215292,0.344092538484909,2.3829854,0.160963,-0.8045095,118.29873,105.678,-12.834939,WAL
1935537309000,148.019921,0.786785071747856,-12.3815323967342,0.56634116633461,2.5744915,0.23304509,-0.91904676,118.21486,104.939316,-12.4363365,WAL
1935542294000,148.024906,0.194494265827404,-11.9373139625981,0.858131488301405,2.7491992,0.27550024,-1.0577132,118.14302,104.16417,-12.006257,WAL
1935547275000,148.029887,-0.420149655995192,-11.5649124118001,1.00833326035761,2.9071076,0.2565634,-1.1960741,118.055046,103.3968,-11.595779,WAL
1935552309000,148.034921,-1.0720881557047,-11.2848202080537,0.969699869463087,3.0427198,0.2657264,-1.3060299,117.98617,102.61508,-11.1605015,WAL
1935557282000,148.039894,-1.66447142481543,-11.179130970568,0.799529014492568,3.1789427,0.3213151,-1.4172074,117.856316,101.89781,-10.8039255,WAL
1935562368000,148.04498,-2.20145885446402,-11.2989946585294,0.449528267206418,3.2708778,0.42088616,-1.498147,117.745155,101.20192,-10.431457,WAL
1935567276000,148.049888,-2.72730167143687,-11.5174364285438,-0.00985870604376449,3.3044755,0.58276546,-1.5503759,117.6383,100.647316,-10.151636,WAL
1935572297000,148.054909,-3.27668662779822,-11.8945564073393,-0.661671318589272,3.261104,0.763887,-1.6001616,117.570076,100.13487,-9.855622,WAL
1935577336000,148.059948,-3.81402768616352,-12.285153922813,-1.3185768245283,3.1624494,0.9098838,-1.6062702,117.5467,99.7932,-9.656722,WAL
1935582289000,148.064901,-4.31575879842767,-12.6919625883362,-1.96947111415094,2.997821,1.0152581,-1.6096299,117.56682,99.4978,-9.449714,WAL
1935587247000,148.069859,-4.81596684549835,-13.0983749470005,-2.55044429372697,2.8334985,1.0345002,-1.5650368,117.62168,99.385086,-9.3725815,WAL
1935592334000,148.074946,-5.32223926277752,-13.5125980392064,-2.90483503868682,2.6713138,0.9850202,-1.5259414,117.68721,99.29311,-9.292803,WAL
1935597306000,148.079918,-5.82690757345133,-13.9038197980089,-3.17947021004425,2.5292876,0.8530733,-1.4905112,117.75029,80.68285,-9.316097,WAL
1935602204000,148.084816,-6.39249220353982,-14.1943958152655,-2.95116077632743,2.3964243,0.64965516,-1.4737124,117.77871,80.6584,-9.336256,WAL
1935607230000,148.089842,-6.87641093893427,-14.3615844328082,-2.73932612674057,2.300213,0.42363504,-1.4465289,117.81005,80.59018,-9.399734,WAL
1935612261000,148.094873,-7.13408776157137,-14.221032949436,-2.58003490217814,2.228131,0.2180789,-1.4043792,117.78764,80.523865,-9.460936,WAL
1935617214000,148.099826,-7.3367163181166,-14.0058092213802,-2.46821216256441,2.2088888,0.12614368,-1.352761,117.710335,80.41887,-9.557131,WAL
1935622220000,148.104832,-7.38031277647772,-13.5456249451349,-2.49727640069718,2.2565362,0.01038471,-1.3310753,117.56658,80.31929,-9.644881,WAL
1935627250000,148.109862,-7.26810040139359,-13.2613449289269,-2.48804211114872,2.2950208,0.0018325958,-1.3090842,117.43007,80.19942,-9.746933,WAL
1935632210000,148.114822,-6.73379736177583,-13.4646639494326,-2.37456179420665,2.348166,0.050701816,-1.3628404,117.27792,80.09862,-9.823892,WAL
1935637208000,148.11982,-6.17641476005638,-13.6660071353164,-2.39841978350345,2.2794437,0.32467487,-1.6065756,117.263466,80.08201,-9.80734,WAL
1935642246000,148.124858,-5.55730998989987,-13.8583047596967,-2.83929743101973,1.8719965,0.7602218,-1.7742581,117.31007,80.071106,-9.795874,WAL
1935647207000,148.129819,-4.95742939938569,-13.9428116924337,-3.16639122466469,1.491122,0.9627236,-1.8194622,117.31157,80.14111,-9.707349,WAL
1935652193000,148.134805,-4.3952051397768,-13.5908109149176,-3.0490574279615,1.4019357,1.1053606,-1.7644843,117.4206,80.23505,-9.60289,WAL
1935657218000,148.13983,-3.84320246881507,-13.2169503118493,-2.89728840155677,1.4526376,1.2406673,-1.6664404,117.63354,80.428505,-9.41675,WAL
1935662263000,148.144875,-3.33538007243431,-12.7809892756569,-2.63858640433317,1.6383406,1.3787229,-1.5848899,117.88557,80.605675,-9.245204,WAL
1935667201000,148.149813,-2.74044817008898,-12.3317809315537,-2.30744668672142,1.88849,1.4850134,-1.534188,118.17334,80.8149,-9.028847,WAL
1935672219000,148.154831,-1.79125522298817,-11.7960977783319,-1.69657998813924,2.1126773,1.599856,-1.5262468,118.50044,81.00038,-8.828895,WAL
1935677252000,148.159864,-0.95436505833417,-11.3232358720522,-1.13543068213748,2.2275202,1.7058412,-1.5512923,118.846115,81.21953,-8.575129,WAL
1935682205000,148.164817,-0.630681493204215,-11.137593555143,-0.806987037972905,2.2977695,1.7540996,-1.5922203,119.20461,81.41916,-8.326838,WAL
1935687195000,148.169807,-0.30109061864089,-10.9268632003515,-0.486208570537005,2.3331997,1.6835446,-1.5836681,119.530495,81.673355,-7.9803257,WAL
1935692249000,148.174861,0.04861524152314,-10.6055122934974,-0.207389022843195,2.3506095,1.5653422,-1.5448782,119.85302,81.900055,-7.642365,WAL
1935697252000,148.179864,0.355832031453554,-10.2819460169237,-0.00316855752538548,2.3212879,1.4431691,-1.4773777,120.17198,82.11695,-7.2608266,WAL
1935702208000,148.18482,0.431693732205717,-9.92941207484017,-0.22182876861226,2.2479842,1.3182472,-1.4214834,120.452484,82.29215,-6.8976927,WAL
1935707526000,148.190138,0.50131564658791,-9.53559698275862,-0.513754500244785,2.112983,1.2238685,-1.368949,120.71277,82.44436,-6.49944,WAL
1935712275000,148.194887,0.419029113031077,-8.99347406896552,-1.47699114778629,1.958434,1.2342533,-1.2889256,120.96383,82.54786,-6.136371,WAL
1935717206000,148.199818,0.317929556821682,-8.44016573430095,-2.40120855459123,1.8402315,1.3063353,-1.1777482,121.21464,82.63228,-5.797852,WAL
1935722206000,148.204818,0.109902555439376,-7.94373731802923,-2.82671828010466,1.7968601,1.5577064,-1.1236867,121.51821,82.697556,-5.4804697,WAL
1935727244000,148.209856,-0.10629014275673,-7.44299769042871,-3.23313668030907,1.7547104,1.8304577,-1.003957,121.86807,82.80305,-5.240886,WAL
1935732211000,148.214823,-0.371874189702094,-6.94502766368893,-3.45603756498504,1.7608191,2.0271564,-0.88361657,122.26656,82.88968,-5.0275726,WAL
1935737207000,148.219819,-0.636430594033149,-6.45203911081294,-3.65188510970797,1.7782288,2.1542163,-0.7690793,122.7596,82.968124,-4.860532,WAL
1935742265000,148.224877,-0.880157310220995,-6.02671221018153,-3.58497968614838,1.7999145,2.2583687,-0.6728681,123.29575,83.02673,-4.728296,WAL
1935747251000,148.229863,-1.11714770642202,-5.61894995412844,-3.50669267889908,1.8127426,2.3261747,-0.60139686,123.96783,83.02133,-4.6145906,WAL
1935752215000,148.234827,-1.31539314955055,-5.34581154678899,-3.28641992853304,1.7962493,2.3167064,-0.5656612,124.63843,83.01008,-4.5194135,WAL
1935757209000,148.239821,-1.51483669165045,-5.07102242385321,-3.06481595687147,1.767844,2.2675319,-0.54611355,125.349754,82.939316,-4.4555564,WAL
1935762247000,148.244859,-1.76271395449306,-4.86828029794023,-2.82910728196371,1.6960673,2.1630738,-0.54153204,126.03568,82.882286,-4.396954,WAL
1935767377000,148.249989,-2.01129858572637,-4.68078462388649,-2.59709471074046,1.6157386,2.0372355,-0.54061574,126.69491,82.83582,-4.3416452,WAL
1935772228000,148.25484,-2.14226195624883,-4.65022633239992,-2.49232400520579,1.5283848,1.9178114,-0.5531385,127.33078,82.75191,-4.303896,WAL
1935777289000,148.259901,-2.27889473675061,-4.61834517115204,-2.38301777129299,1.4330899,1.8185458,-0.5842926,127.94122,82.637695,-4.2893124,WAL
1935782202000,148.264814,-2.448338677813,-4.59877942456418,-2.23711781648178,1.3353515,1.7357736,-0.62125,128.5191,82.55102,-4.2686563,WAL
1935787200000,148.269812,-2.62375481450079,-4.57981553930269,-2.08540653637084,1.25319,1.6533068,-0.66675943,129.06624,82.49326,-4.235539,WAL
1935792247000,148.274859,-2.7616501766925,-4.47681042246126,-1.79659053992659,1.1621711,1.6041322,-0.7089091,129.60214,82.43594,-4.2097483,WAL
1935797204000,148.279816,-2.89233434539152,-4.36548690691272,-1.49650099730832,1.0641272,1.5470163,-0.77457714,130.11105,82.41395,-4.16345,WAL
1935802212000,148.284824,-2.9461360385535,-4.2243562453676,-1.23526495283921,0.90102625,1.5091426,-0.83077675,130.60977,82.39797,-4.132981,WAL
1935807182000,148.289794,-2.99355255180315,-4.08210655708308,-0.979215632755529,0.7284568,1.4899004,-0.872621,131.09589,82.418495,-4.0888085,WAL
1935812231000,148.294843,-3.02870711605261,-3.89649981933541,-0.628204306703142,0.5656612,1.4920384,-0.90377516,131.55919,82.43262,-4.053532,WAL
1935817164000,148.299776,-3.06190619119566,-3.71153321810059,-0.277241869187833,0.41691554,1.4801265,-0.91874135,132.0104,82.49081,-4.0118194,WAL
1935822211000,148.304823,-3.1480456146789,-3.57364253761468,0.0760872960550459,0.34238997,1.4471397,-0.9236283,132.43805,82.53205,-3.9745672,WAL
1935827196000,148.309808,-3.23752648761961,-3.4417760346059,0.424591611385025,0.20341812,1.4285084,-0.9104946,132.86269,82.625565,-3.9398527,WAL
1935832216000,148.314828,-3.25955424187726,-3.34171776353791,0.798124877057762,0.05955936,1.387275,-0.91415983,133.24622,82.68512,-3.906791,WAL
1935837161000,148.319773,-3.27380131648616,-3.24673716696751,1.16854909954573,-0.06688975,1.3179418,-0.895223,133.61188,82.768814,-3.8842585,WAL
1935842254000,148.324866,-3.23655148423322,-3.09930242867222,1.46048508814307,-0.18478674,1.2534955,-0.8381071,133.97041,82.790634,-3.8855042,WAL
1935847191000,148.329803,-3.19485374188143,-2.95104361718765,1.73383741695247,-0.31215215,1.2012665,-0.77946407,134.30875,82.84069,-3.8931015,WAL
1935852213000,148.334825,-3.06385559886466,-2.80528185527982,1.94284476009243,-0.44959682,1.1316279,-0.7107417,134.59909,82.8444,-3.9203498,WAL
1935857199000,148.339811,-2.91992927100372,-2.66135547732342,2.13954413828996,-0.57543504,1.044885,-0.636827,134.86432,82.86352,-3.9657257,WAL
1935862217000,148.344829,-2.72202088496271,-2.45926686255594,2.18943999634013,-0.7296785,0.9224065,-0.5739079,135.07774,82.86364,-4.017794,WAL
1935867184000,148.349796,-2.51859726411735,-2.25111251382397,2.21782466004973,-0.8857546,0.7996226,-0.5143485,135.2606,82.87912,-4.0890117,WAL
1935872211000,148.354823,-2.33014295900732,-2.13575858461538,2.08658113901523,-1.0516045,0.6908886,-0.45234573,135.39366,82.89404,-4.1463957,WAL
1935877237000,148.359849,-2.14454009388966,-2.03581850769231,1.9295325035001,-1.1866057,0.59498274,-0.3866777,135.4902,82.92281,-4.2199655,WAL
1935882212000,148.364824,-2.00334706534881,-2.04898808639776,1.74417413398058,-1.3338243,0.50823987,-0.3277292,135.55219,82.98484,-4.2666993,WAL
1935887200000,148.369812,-1.86947300953858,-2.08245666275648,1.55292549708738,-1.4456125,0.4456262,-0.2666427,135.58911,83.05151,-4.331919,WAL
1935892245000,148.374857,-1.78638907910179,-2.21935506435625,1.45303579696164,-1.5552629,0.38728857,-0.20677789,135.61143,83.17311,-4.376028,WAL
1935897215000,148.379827,-1.71408110027535,-2.37300951346373,1.37168937387011,-1.6490307,0.32436943,-0.14202617,135.61092,83.294815,-4.437965,WAL
1935902307000,148.384919,-1.65025639586305,-2.63064910215882,1.42276104605801,-1.7397442,0.25961772,-0.08124508,135.6063,83.46088,-4.4819365,WAL
1935907306000,148.389918,-1.59106780798859,-2.91748596962435,1.51837335106039,-1.8078557,0.18600847,-0.024129177,135.57864,83.61739,-4.5419426,WAL
1935912313000,148.394925,-1.48213038423913,-3.30420838293076,1.75681009281401,-1.8707749,0.10476339,0.03268129,135.5316,83.79132,-4.5853105,WAL
1935917314000,148.399926,-1.34716453777174,-3.74284762302738,2.07012379978865,-1.9278907,0.06780604,0.09437868,135.47508,83.948364,-4.645945,WAL
1935922308000,148.40492,-1.20387819044722,-4.334475729695,2.42309213917923,-1.9669861,-0.004581489,0.13164146,135.37128,84.09563,-4.6524997,WAL
1935927310000,148.409922,-1.05613015838759,-5.00344583240233,2.796566220622,-1.9807305,-0.06658431,0.17715092,135.26112,84.22037,-4.680026,WAL
1935932301000,148.414913,-0.881555281714795,-5.97499936949493,3.28619327426692,-1.9917262,-0.10140363,0.25595254,135.10246,84.33078,-4.593686,WAL
1935937315000,148.419927,-0.651342466707548,-7.56507355323893,4.01430825265916,-1.9624046,-0.095294975,0.34147367,134.92776,84.40356,-4.4957876,WAL
1935942295000,148.424907,-0.366422256639829,-9.58459863682219,4.89869969941799,-1.8576412,0.004886922,0.40500367,134.77856,84.4462,-4.42796,WAL
1935947316000,148.429928,-0.0305865177611795,-12.0007506910467,5.92952877674847,-1.6349808,0.17623462,0.42332962,134.65814,84.44916,-4.3836813,WAL
1935952310000,148.434922,0.557604168753812,-14.0170889333198,7.63875910027445,-1.2226468,0.4098906,0.3885103,134.57774,84.35107,-4.3109713,WAL
1935957327000,148.439939,1.42692084055702,-15.6189755224639,10.1050789201057,-0.56169057,0.37751472,0.16707164,134.47737,84.191795,-4.200249,WAL
1935962321000,148.444933,2.60995614315368,-16.7786456865359,11.887042378785,0.18448131,0.109650314,-0.25961772,134.35512,83.90984,-3.978408,WAL
1935967347000,148.449959,4.10408754802895,-17.5302949459151,13.0374321382594,0.73792523,-0.12217305,-0.64751714,134.24649,83.52995,-3.7222905,WAL
1935972344000,148.454956,5.55854908069965,-18.1295860336832,13.3674498882559,0.97341377,-0.056199603,-0.86009824,134.07108,82.83789,-3.3678088,WAL
1935977374000,148.459986,6.97889353337331,-18.5243940266867,12.5537607898051,1.1090258,0.25778514,-0.9288206,133.93204,82.03126,-2.97246,WAL
1935982335000,148.464947,7.42973482386765,-18.6634401158075,11.3723472823565,1.1542299,0.75686204,-0.8524625,133.91014,81.151054,-2.395779,WAL
1935987349000,148.469961,6.5432911858166,-18.4503054104711,9.6430559598507,1.0974194,1.1795808,-0.799928,133.98096,80.25215,-1.8452554,WAL
1935992288000,148.4749,5.40128119197073,-17.4919299374218,8.07199411635698,0.9633345,1.4184291,-0.7464773,134.26823,79.56245,-1.1485577,WAL
1935997355000,148.479967,3.85959705006258,-15.4783967259074,6.64243248410513,0.79259765,1.5402967,-0.68569624,134.64204,78.88135,-0.53154147,WAL
1936002274000,148.484886,2.40572824018692,-13.2685622872816,5.39420948663145,0.61483586,1.6163495,-0.61300325,135.1107,78.423904,-0.05453052,WAL
1936007357000,148.489969,0.986503572663551,-10.4894537241975,4.37553249971556,0.42424592,1.6924021,-0.51923543,135.60295,78.018684,0.3648472,WAL
1936012286000,148.494898,-0.159369084149995,-7.96768750924906,3.55532213837827,0.2443461,1.7595973,-0.3930918,136.05334,77.76327,0.5572753,WAL
1936017316000,148.499928,-0.946162928645984,-5.68179518596695,2.99665199234561,0.05131268,1.7959439,-0.26236662,136.5034,77.573586,0.71208936,WAL
1936022243000,148.504855,-1.56083278056688,-3.66936738771755,2.48142734809548,-0.053145275,1.858252,-0.20066923,136.87787,77.45773,0.674782,WAL
1936027438000,148.51005,-1.82802142124316,-2.10087133973148,2.01632119389359,-0.22418754,1.9159788,-0.093767814,137.24155,77.42288,0.58889896,WAL
1936032275000,148.514887,-2.1315558939736,-0.87310176643964,1.87507720473503,-0.3820962,1.9385809,-0.0067195175,137.55113,77.41114,0.38673845,WAL
1936037344000,148.519956,-2.5819910936675,-0.148690617623876,2.43231658354697,-0.49938235,1.8765781,0.07147124,137.8374,77.43499,0.16411257,WAL
1936042289000,148.524901,-2.94497002067336,0.297030904105139,2.98209494001772,-0.6441574,1.6859881,0.1600467,138.17389,77.46431,-0.11884708,WAL
1936047351000,148.529963,-3.01655561075015,-0.270881832531994,3.56909712747588,-0.8023715,1.3897184,0.23945917,138.45573,77.523674,-0.4114865,WAL
1936052298000,148.53491,-3.07334518014706,-0.914901914705882,4.0883809875,-0.9932669,0.90224797,0.31429017,138.55542,77.49175,-0.7957613,WAL
1936057354000,148.539966,-3.06866045568885,-1.99705144783282,4.36008942960526,-1.2886202,0.2837469,0.36713,138.52888,77.517075,-1.1729532,WAL
1936062340000,148.544952,-3.10445796480938,-3.19733350058651,4.58619491788856,-1.5900823,-0.42363504,0.38881573,138.27939,77.514404,-1.5453724,WAL
1936067349000,148.549961,-3.44886959193043,-5.41903054737587,4.4940286087572,-1.887879,-1.2095132,0.39278635,137.83006,77.573784,-1.8866768,WAL
1936072332000,148.554944,-3.82687932627348,-7.72976183807864,4.24767836032346,-2.11451,-2.0518963,0.4120286,137.11703,77.694496,-2.1713572,WAL
1936077383000,148.559995,-4.43586816318032,-10.7138071340306,3.01096253308154,-2.235767,-2.8099802,0.42821655,136.21085,77.84848,-2.4172773,WAL
1936082353000,148.564965,-5.06270569579939,-13.5400199690843,1.76050354094612,-2.2605069,-3.2943962,0.4654793,135.14566,78.10524,-2.6538506,WAL
1936087349000,148.569961,-6.0300449058887,-15.037986893807,0.093486911757778,-2.255009,-3.5515707,0.5149594,133.94641,78.357925,-2.8735962,WAL
1936092558000,148.57517,-7.02060282307468,-16.5399484001165,-1.48601863257648,-2.1633792,-3.5579846,0.5757405,132.83316,78.8346,-3.130809,WAL
1936097350000,148.579962,-7.72924017173934,-17.2485854695542,-1.15621266939497,-1.8145752,-3.0091221,0.6783658,131.81322,79.19264,-3.4314578,WAL
1936102675000,148.585287,-8.38583045802334,-18.0193445087527,-0.754561207935813,-0.98990715,-1.7330247,0.65209866,131.09508,79.59607,-3.839699,WAL
1936107391000,148.590003,-6.19926935539752,-18.34877052407,0.34489600484318,0.20586158,-0.7812967,0.27275133,130.4606,79.78862,-4.178182,WAL
1936112299000,148.594911,-3.92368795342815,-18.691608285558,1.48911483442743,1.0259482,-0.6221663,-0.1133155,129.93016,79.75252,-4.608566,WAL
1936117347000,148.599959,-2.15373504990352,-16.7357384283538,0.887573603270031,1.2415836,-0.38759398,-0.41080686,129.71815,79.594864,-4.97884,WAL
1936122242000,148.604854,-0.596990930780948,-14.1935323325886,-0.193101964364781,1.2067643,-0.019547688,-0.49388456,129.6098,79.32431,-5.2936573,WAL
1936127399000,148.610011,-0.15462220491451,-11.3178419855281,-0.936041530007667,0.906524,0.26053402,-0.49174652,129.59827,79.15497,-5.182352,WAL
1936132248000,148.61486,-0.0211031198382212,-8.56734874391413,-1.54132801642707,0.4089743,0.2706133,-0.39522982,129.61241,79.04653,-5.0844893,WAL
1936137350000,148.619962,-0.206740552378007,-6.43403448522337,-1.7785874185567,-0.01282817,-0.01985312,-0.27763826,129.67088,79.159004,-4.821109,WAL
1936142340000,148.624952,-0.516414148594011,-4.64637313392244,-1.8536598005891,-0.24129178,-0.5323691,-0.20586158,129.66547,79.335686,-4.5702357,WAL
1936147349000,148.629961,-1.0095142286088,-3.53209169456996,-2.07043689294491,-0.38789943,-1.0393872,-0.17073683,129.58195,79.60382,-4.371591,WAL
1936152361000,148.634973,-1.58500702713436,-2.72354812699168,-2.35104909857313,-0.5342017,-1.4062119,-0.03268129,129.38766,79.90729,-4.207669,WAL
1936157377000,148.639989,-2.15689164656032,-2.28645066340977,-2.86611004327019,-0.64660084,-1.7171422,0.15210545,129.04543,80.174614,-4.132636,WAL
1936162432000,148.645044,-2.73125662218345,-2.02581451061815,-3.49839413035892,-0.83169305,-1.9242256,0.30695978,128.62631,80.4846,-4.0797205,WAL
1936167348000,148.64996,-3.11506328228896,-1.74037778447416,-4.16136996052684,-1.0161743,-2.0402899,0.44806966,128.1216,80.7771,-4.1656456,WAL
1936172348000,148.65496,-3.42084830523848,-1.4345927116344,-4.858942101816,-1.2186762,-2.119397,0.59437186,127.56355,81.0907,-4.295905,WAL
1936177387000,148.659999,-3.47409267066993,-1.25591794051834,-5.29868560283619,-1.4129313,-2.2834144,0.713796,126.94773,81.44177,-4.5371804,WAL
1936182363000,148.664975,-3.39952381895355,-1.14406456561369,-5.60162204958435,-1.5760323,-2.5314255,0.7901542,126.28412,81.78154,-4.812354,WAL
1936187347000,148.669959,-3.28935744292008,-1.16788573579918,-5.85045980842213,-1.7357736,-2.7293458,0.8371908,125.60256,82.14524,-5.162339,WAL
1936192303000,148.674915,-3.15805710919057,-1.27487125309426,-6.06443074145492,-1.863139,-2.7953193,0.8335256,124.89131,82.44839,-5.5295763,WAL
1936197351000,148.679963,-3.03647217189705,-1.50516419074829,-5.93925906989963,-1.9544634,-2.7608054,0.8151997,124.17047,82.70816,-5.901739,WAL
1936202350000,148.684962,-2.92229283604293,-1.79537002547948,-5.63953794691444,-1.990199,-2.6929994,0.8002335,123.44578,82.85114,-6.2874846,WAL
1936207377000,148.689989,-2.87648429663162,-2.24895155825545,-5.08449536828271,-2.038152,-2.7006352,0.8191703,122.7302,82.899025,-6.663577,WAL
1936212318000,148.69493,-2.86727105367017,-2.77871064750779,-4.40732511317173,-2.129171,-2.7375927,0.87689704,122.03201,82.78424,-7.061924,WAL
1936217359000,148.699971,-2.92366666699262,-3.58235445928956,-3.96993314478148,-2.2602015,-2.8399124,0.9254609,121.31116,82.52525,-7.4555254,WAL
1936222353000,148.704965,-3.02388187591299,-4.55587476352026,-3.70746456012772,-2.3124304,-2.9202414,1.071763,120.59323,97.91797,-7.907336,WAL
1936227413000,148.710025,-3.14374387427459,-5.904025775852,-3.64611695809153,-2.3405302,-2.8701503,1.258077,119.86092,98.48656,-8.393124,WAL
1936232357000,148.714969,-3.27283229195716,-7.45769534703018,-3.71988163065239,-2.3228152,-2.6563475,1.4883732,119.16343,99.18549,-8.942322,WAL
1936237343000,148.719955,-3.26093038967575,-9.28890457111597,-3.75667242773026,-2.3014348,-2.3118196,1.7168368,118.522736,99.9605,-9.533905,WAL
1936242342000,148.724954,-3.12760172953054,-11.3507350109409,-3.76143415671375,-2.3591616,-1.951409,1.9446895,117.96349,100.83564,-10.1900215,WAL
1936247349000,148.729961,-2.80651260779011,-13.2784044119072,-3.96553817848638,-2.457511,-1.5815301,2.1609359,117.53925,101.73003,-10.844369,WAL
1936252341000,148.734953,-2.31927265396569,-15.077815392331,-4.34664675148335,-2.5363126,-1.1771374,2.331978,117.24663,102.68203,-11.533899,WAL
1936257339000,148.739951,-1.77223028830383,-16.2071093087726,-4.59507516883592,-2.5680776,-0.75136423,2.4196372,117.11334,103.50338,-12.083464,WAL
1936262392000,148.745004,-1.16918977596875,-16.7814341583424,-4.73387029916922,-2.5167649,-0.37965274,2.4190264,117.09371,104.336655,-12.632566,WAL
1936267332000,148.749944,-0.486151024633426,-16.6874326073982,-4.97167388949376,-2.3985624,-0.04428773,2.3710735,117.24953,104.97749,-12.945113,WAL
1936272347000,148.754959,0.292255559159119,-15.9960238472686,-5.30593073957479,-2.2421808,0.37140608,2.2675319,117.536575,105.59372,-13.223544,WAL
1936277338000,148.75995,0.939931916651574,-15.0564791517255,-5.2884322843445,-2.022575,0.745561,2.012801,117.93063,105.98389,-13.253567,WAL
1936282375000,148.764987,1.42042284574907,-13.7654629582453,-4.79338103481236,-1.8445076,0.9233228,1.6881261,118.37455,106.330894,-13.237773,WAL
1936287289000,148.769901,1.88976256277544,-12.4865087388111,-3.94756699918715,-1.7229455,0.77091193,1.3674219,118.853676,106.55253,-13.022203,WAL
1936292321000,148.774933,2.37114834258153,-11.1508998346881,-2.5977991085594,-1.7211128,0.1853976,1.0580186,119.2335,106.72363,-12.754111,WAL
1936297252000,148.779864,2.76574202056609,-9.96022851219512,-1.6071560393255,-1.7583756,-0.6560693,0.8054258,119.47868,106.74242,-12.37426,WAL
1936302330000,148.784942,3.04396830622303,-8.93030277235772,-1.13856438691157,-1.7782288,-1.5079209,0.6001751,119.535965,106.73491,-11.978782,WAL
1936307257000,148.789869,3.10507433214083,-8.17887571720613,-1.05423729574106,-1.7757853,-2.1917844,0.39370266,119.30613,106.56751,-11.53436,WAL
1936312333000,148.794945,2.83362814611016,-7.80161160136286,-1.56032343134583,-1.765706,-2.4550674,0.16371189,118.95345,106.38702,-11.075011,WAL
1936317183000,148.799795,2.47601042184954,-7.5434777605756,-2.11128518562057,-1.7589865,-2.7354546,0.055588737,118.353836,106.33837,-10.764135,WAL
1936322246000,148.804858,1.81931976841604,-7.56912961534229,-2.88084463216591,-1.7690657,-2.7574458,-0.15149458,117.746704,106.24465,-10.372252,WAL
1936327199000,148.809811,1.04386446907704,-7.71244450118328,-3.26161923678675,-1.7568485,-2.645352,-0.32253686,117.13782,106.21346,-9.989917,WAL
1936332221000,148.814833,0.0321426668682619,-8.05811656555351,-3.0171197179858,-1.7809776,-2.5320365,-0.47708577,116.528,106.18003,-9.570688,WAL
1936337191000,148.819803,-0.92013279027897,-8.37147710407725,-2.76319845606223,-1.8585575,-2.4034493,-0.5839872,115.9946,106.24251,-9.160024,WAL
1936342232000,148.824844,-1.3707842355794,-8.38701658154507,-2.37988584624464,-1.8777997,-2.2278256,-0.5882632,115.52078,106.313675,-8.745072,WAL
1936347241000,148.829853,-1.80390237013305,-8.4229134774506,-1.98278324139112,-1.829236,-2.0173824,-0.50915617,114.97836,106.533615,-8.587261,WAL
1936352264000,148.834876,-2.18979088082567,-8.52644442623753,-1.5310112701037,-1.736079,-1.788308,-0.38698313,114.50314,106.75526,-8.435594,WAL
1936357253000,148.839865,-2.5320202188196,-8.61511638585746,-1.0570321157216,-1.674687,-1.5622878,-0.26175576,114.037094,106.994415,-8.391762,WAL
1936362309000,148.844921,-2.7035846099919,-8.6445272269184,-0.468811769941486,-1.6392568,-1.3136657,-0.122783914,113.65841,107.23188,-8.371138,WAL
1936367272000,148.849884,-2.75050415379747,-8.65349152650316,0.126430524585047,-1.6331482,-1.0961977,0.027794369,113.28421,107.45977,-8.467682,WAL
1936372265000,148.854877,-2.36747627120253,-8.59201817662183,0.788453843305578,-1.672549,-0.91507614,0.18295415,112.984566,107.70305,-8.587251,WAL
1936377319000,148.859931,-1.9515992743362,-8.54739445701313,1.36651802491363,-1.6893479,-0.8604037,0.33292156,112.6789,107.88537,-8.780701,WAL
1936382272000,148.864884,-1.43657297771197,-8.57080472766756,1.58189261271345,-1.6667458,-0.94806284,0.45478916,112.39582,108.07902,-9.002324,WAL
1936387283000,148.869895,-0.939794709747406,-8.57902837223419,1.70367019322499,-1.5351044,-1.146594,0.52839845,112.07938,108.14718,-9.204707,WAL
1936392276000,148.874888,-0.560591983037008,-8.5134873036029,1.36660114192285,-1.3249667,-1.3720033,0.5561928,111.73561,108.19744,-9.43135,WAL
1936397273000,148.879885,-0.210307473137921,-8.43739554632112,0.996900835174263,-1.0806206,-1.5628988,0.54825157,111.33836,108.179825,-9.621047,WAL
1936402296000,148.884908,-0.0574589377668553,-8.28932303256876,0.404612735299375,-0.8393288,-1.6994271,0.5039638,110.890816,108.10924,-9.816316,WAL
1936407266000,148.889878,0.0723157520445682,-8.142781552885,-0.177790197795464,-0.6407976,-1.7348573,0.46211955,110.42891,108.0627,-9.976478,WAL
1936412330000,148.894942,0.033718896189415,-7.99321894261839,-0.742269229916435,-0.50579643,-1.7806722,0.4016439,109.9209,107.961945,-10.125591,WAL
1936417271000,148.899883,-0.0182029747697368,-7.85776814690402,-1.28426871659249,-0.46211955,-1.8121318,0.37690386,109.46364,107.90626,-10.231658,WAL
1936422295000,148.904907,-0.195092230559211,-7.81121837600619,-1.75907671999807,-0.4251622,-1.8029687,0.3381139,109.00065,107.80674,-10.3145275,WAL
1936427389000,148.910001,-0.378625278817724,-7.75929289520644,-2.22377700399799,-0.464563,-1.7198911,0.3109304,108.58024,107.81647,-10.397206,WAL
1936432298000,148.91491,-0.620079431915408,-7.63619841015106,-2.41315282682779,-0.5561928,-1.5858061,0.31856623,108.179344,107.82618,-10.472776,WAL
1936437381000,148.919993,-0.868751561677713,-7.52394892669898,-2.58915878758532,-0.679893,-1.3927728,0.36132678,107.86139,107.92326,-10.552685,WAL
1936442284000,148.924896,-1.09170579853596,-7.60755698377683,-2.50555092451281,-0.82833326,-1.2061534,0.42638394,107.58587,108.0482,-10.631099,WAL
1936447491000,148.930103,-1.31811314372631,-7.71453821507166,-2.39792879849283,-0.9673051,-0.9923506,0.5039638,107.39112,108.247215,-10.741003,WAL
1936452298000,148.93491,-1.39898950751734,-8.0380442036061,-2.06590981963939,-1.0751228,-0.8017606,0.5705481,107.2514,108.475624,-10.851617,WAL
1936457262000,148.939874,-1.48250735021729,-8.37211612519649,-1.72304686748035,-1.1545353,-0.6817256,0.6337727,107.1161,108.76078,-11.015157,WAL
1936462327000,148.944939,-1.4877715448735,-8.6519337394585,-1.54759584092321,-1.1963795,-0.65148777,0.67256266,107.01662,109.0603,-11.178263,WAL
1936467271000,148.949883,-1.48076641109632,-8.915793924693,-1.40282297866548,-1.2189816,-0.70707655,0.7162395,106.93592,109.37603,-11.352773,WAL
1936472292000,148.954904,-1.47365217632786,-9.18376358287715,-1.25579536106919,-1.2177598,-0.8219192,0.7348709,106.80482,109.62626,-11.54551,WAL
1936477278000,148.95989,-1.46658753291907,-9.44986529881146,-1.10979263226316,-1.2046263,-0.95447695,0.7535023,106.65916,109.87776,-11.750052,WAL
1936482258000,148.96487,-1.49356659592305,-9.70028695132074,-1.21620444624774,-1.1575897,-1.0543534,0.76083267,106.46425,110.145805,-11.968797,WAL
1936487204000,148.969816,-1.52825744532494,-9.94543549807138,-1.38040778237391,-1.0891727,-1.1096367,0.7602218,106.24914,110.39802,-12.191036,WAL
1936492269000,148.974881,-1.56378295123285,-10.1964822811874,-1.54856182553586,-1.028697,-1.1340714,0.7360926,105.9663,110.57564,-12.413543,WAL
1936497287000,148.979899,-1.59897880289048,-10.4451995087642,-1.71515550541477,-0.9819659,-1.1264355,0.7049385,105.67876,110.73267,-12.62933,WAL
1936502352000,148.984964,-1.63709046955952,-10.6985492101603,-1.78679600296341,-0.9306532,-1.074512,0.6759224,105.3973,110.86502,-12.831241,WAL
1936507271000,148.989883,-1.67507723757686,-10.9454630783187,-1.82003443117629,-0.8924741,-1.035722,0.64660084,105.11391,110.9788,-13.019185,WAL
1936512360000,148.994972,-1.61423318978189,-11.1915398394582,-1.72224295910766,-0.82527894,-0.956615,0.6377433,104.88412,111.08575,-13.176103,WAL
1936517291000,148.999903,-1.5201723390499,-11.4266917207449,-1.58115178122697,-0.7819075,-0.88117313,0.64873886,104.66592,111.18379,-13.323403,WAL
1936522344000,149.004956,-1.33824617908988,-11.6744117307258,-1.44246022489658,-0.68875057,-0.8396343,0.6588182,104.416016,111.294876,-13.485136,WAL
1936527351000,149.009963,-1.12635263183528,-11.9223721545694,-1.30720894339037,-0.5317582,-0.8185594,0.67011917,104.184875,111.38025,-13.641332,WAL
1936532331000,149.014943,-0.831426007469333,-12.0847204084115,-1.22763194768581,-0.3182608,-0.79290307,0.68936145,103.94069,111.4152,-13.79424,WAL
1936537348000,149.01996,-0.479779176546748,-12.1936815186063,-1.18305703268735,-0.08827003,-0.7476991,0.66553766,103.70679,111.40501,-13.930599,WAL
1936542347000,149.024959,-0.0679810553565045,-12.0450190323734,-1.30201970822244,0.113926366,-0.6630942,0.5833763,103.46845,111.31708,-14.027346,WAL
1936547349000,149.029961,0.37442178338431,-11.7691122887785,-1.50181448991063,0.22815818,-0.5177083,0.47800204,103.257126,111.192085,-14.098804,WAL
1936552341000,149.034953,0.658714217310587,-11.5861346462619,-1.80000716161566,0.23823744,-0.35796702,0.3200934,103.0644,111.003746,-14.087848,WAL
1936557329000,149.039941,0.860049143532363,-11.4519111452082,-2.14994642086302,0.15577064,-0.20311269,0.16249016,102.90356,110.7947,-14.036133,WAL
1936562470000,149.045082,0.792030784407216,-11.5168164304124,-2.39358270969469,0.007330383,-0.081855945,0.007941248,102.811066,110.589325,-13.887197,WAL
1936567385000,149.049997,0.596061310502577,-11.675458189433,-2.57088855758327,-0.14508049,-0.06383542,-0.11759156,102.72244,110.38061,-13.701804,WAL
1936572340000,149.054952,0.219847462881704,-11.8970607345902,-2.54637267711244,-0.29168814,-0.1151481,-0.18906279,102.69305,110.22275,-13.459863,WAL
1936577356000,149.059968,-0.258788953966982,-12.1551488057048,-2.41028977798183,-0.41447207,-0.1908954,-0.22693644,102.65287,110.079094,-13.198812,WAL
1936582353000,149.064965,-0.737943206287293,-12.2208938165746,-2.10547955823204,-0.52320606,-0.28802297,-0.23457226,102.592735,109.993904,-12.960858,WAL
1936587350000,149.069962,-1.21865941003315,-12.1584009480663,-1.68725630832747,-0.5726862,-0.37232238,-0.23518312,102.51061,109.921036,-12.725603,WAL
1936592287000,149.074899,-1.4752472560407,-12.0804108399684,-1.27818152538773,-0.53969944,-0.39858958,-0.22876903,102.37062,109.86477,-12.567093,WAL
1936597358000,149.07997,-1.59038465418354,-11.9892605792749,-0.860808569831078,-0.43799037,-0.3717115,-0.2171626,102.22218,109.806854,-12.417025,WAL
1936602346000,149.084958,-1.48936012719203,-12.2017236776802,-0.480848463784496,-0.28038713,-0.30482176,-0.2180789,102.00582,109.72055,-12.350395,WAL
1936607368000,149.08998,-1.23320915125752,-12.6333853561495,-0.120339630941612,-0.08827003,-0.2574797,-0.2134974,101.79477,109.60845,-12.289626,WAL
1936612414000,149.095026,-0.946178679996051,-13.2577725493681,0.311836255261058,0.118507855,-0.17715092,-0.22357668,101.55546,109.42865,-12.253761,WAL
1936617368000,149.09998,-0.641693332711295,-14.0166438588073,0.789644014783373,0.21563543,-0.15790866,-0.25045475,101.31364,109.232506,-12.215609,WAL
1936622327000,149.104939,-0.347007909628242,-14.6643833343852,1.14385089866877,0.4120286,-0.15943582,-0.29352075,101.04463,108.89353,-12.133346,WAL
1936627373000,149.109985,-0.056326658305887,-15.2219198102751,1.39164472762055,0.6209445,-0.18661933,-0.36193767,100.77291,108.52991,-12.037842,WAL
1936632344000,149.114956,0.225772186501781,-15.6135625816185,1.44216207810645,0.82802784,-0.20677789,-0.4343252,100.43896,108.02168,-11.88787,WAL
1936637329000,149.119941,0.504430944455877,-15.8497133943411,1.30047124525129,1.0546589,-0.18936823,-0.5002986,100.10922,107.469475,-11.721709,WAL
1936642326000,149.124938,0.771457942125907,-15.9295816536085,1.04102559054717,1.2748758,-0.12980886,-0.56413406,99.75902,106.815216,-11.498745,WAL
1936647362000,149.129974,1.02683696875858,-15.8349971489998,0.648498575446166,1.4721853,-0.037873644,-0.6417139,99.4255,106.1262,-11.25399,WAL
1936652322000,149.134934,1.23691838305,-15.62055504365,0.291783271755,1.6636915,0.03359759,-0.7272351,99.1328,105.384796,-10.946978,WAL
1936657352000,149.139964,1.39588373655,-15.24481831915,-0.030964691395,1.8387043,0.076052725,-0.8393288,98.85937,104.61144,-10.61328,WAL
1936662274000,149.144886,1.42180133115797,-14.7772217199256,-0.202740077848442,2.0091357,0.09560041,-0.9682214,98.65576,103.82355,-10.218395,WAL
1936667350000,149.149962,1.27197755791791,-14.158901547527,-0.183714836999168,2.182316,0.1151481,-1.0870347,98.464455,103.00437,-9.801241,WAL
1936672267000,149.154879,1.12684684613277,-13.5599495601976,-0.165285540455457,2.4248295,0.12034045,-1.1814134,98.32129,102.16596,-9.345398,WAL
1936677365000,149.159977,0.97637371847757,-12.9389495131354,-0.146177841903527,2.7116308,0.15302174,-1.258077,98.19063,101.29137,-8.869189,WAL
1936682243000,149.164855,0.559502999393049,-12.4544042963289,-0.0243109346842878,3.0494392,0.17623462,-1.3454307,98.05843,100.37181,-8.373922,WAL
1936687335000,149.169947,-0.433462323524229,-12.1727456625551,0.314633970220264,3.360675,0.19364429,-1.4263704,97.93552,99.429924,-7.868533,WAL
1936692263000,149.174875,-1.26371813317656,-12.1129280629042,0.479024267305115,3.6318994,0.20952678,-1.4957036,97.83034,98.52163,-7.4049015,WAL
1936697355000,149.179967,-1.7988632851264,-12.5764018430335,0.244898265322751,3.7953057,0.2321288,-1.5830573,97.73369,97.6254,-6.9215283,WAL
1936702244000,149.184856,-2.32106062508563,-13.0340402775539,-0.11073628879327,3.8347065,0.23579398,-1.6615535,97.567894,96.92015,-6.583143,WAL
1936707372000,149.189984,-2.89498198345759,-13.5535382948821,-0.892456881994157,3.7549887,0.2593123,-1.7033978,97.41948,96.32969,-6.2367516,WAL
1936712352000,149.194964,-3.47464685566836,-13.9823483976311,-1.68937461556684,3.5640934,0.31673363,-1.7116444,97.28216,95.96518,-5.963894,WAL
1936717333000,149.199945,-4.11086442808799,-14.2197433434856,-2.5819783428088,3.4373388,0.4269948,-1.7033978,97.17197,84.25345,-5.69039,WAL
1936722303000,149.204915,-4.7278957194172,-14.4762988505482,-3.33385229898057,3.1926873,0.57940567,-1.6426166,97.162476,84.27711,-5.523816,WAL
1936727392000,149.210004,-5.30909519821119,-14.7950206006924,-3.70881948994037,2.9428434,0.763887,-1.5503759,97.19513,84.21946,-5.3735385,WAL
1936732318000,149.21493,-5.87463278170237,-15.1002911327929,-3.98243197718587,2.6951375,0.89888823,-1.4410311,97.33948,84.091354,-5.329041,WAL
1936737352000,149.219964,-6.46550545454546,-15.398054030303,-3.87077103636364,2.506991,0.9602802,-1.3365731,97.51293,83.94785,-5.308527,WAL
1936742303000,149.224915,-7.04229621819527,-15.6848118831361,-3.74495638402367,2.3759604,0.9392053,-1.2415836,97.81164,83.788826,-5.330403,WAL
1936747351000,149.229963,-7.59534071089744,-15.9279607012821,-3.48750460051282,2.3270912,0.8671232,-1.1896601,98.1059,83.629005,-5.3658657,WAL
1936752287000,149.234899,-8.1084567730615,-16.1432119846257,-3.23750472112299,2.3246477,0.8051204,-1.2009611,98.45369,83.427,-5.433881,WAL
1936757362000,149.239974,-8.31266857954546,-16.1014416136364,-3.00080520909091,2.3075435,0.752586,-1.357648,98.776825,83.259,-5.4686885,WAL
1936762688000,149.2453,-8.46526684184514,-16.0027337388797,-2.74796752306425,2.238821,0.86437434,-1.5897768,99.16037,83.0624,-5.512726,WAL
1936767334000,149.249946,-7.77806737602965,-15.1872578877677,-2.46850670037068,2.0421226,0.84635377,-1.7595973,99.48454,82.9135,-5.5216784,WAL
1936772451000,149.255063,-6.99042208868018,-14.2896084530895,-2.19212402655462,1.8777997,0.7162395,-1.7968601,99.82547,82.75555,-5.5125866,WAL
1936777351000,149.259963,-5.86771558348987,-13.4359800101829,-2.30346685008403,1.7931949,0.655153,-1.7580702,100.173,82.63804,-5.4758587,WAL
1936782561000,149.265173,-4.67740952526431,-12.5546543576376,-2.43587992154575,1.7910569,0.71868294,-1.6533068,100.4919,82.544014,-5.3813925,WAL
1936787348000,149.26996,-3.62448103981043,-12.0574381090047,-2.7241817521327,1.9080375,0.8765916,-1.5393804,100.812546,82.426956,-5.30455,WAL
1936792309000,149.274921,-2.53328024258112,-11.5421488235509,-3.02296290557783,2.0958786,1.1756102,-1.4450017,101.145096,82.350716,-5.159928,WAL
1936797356000,149.279968,-1.73202742289482,-11.2089479598442,-2.64455324944561,2.2782218,1.5079209,-1.398576,101.52609,82.23065,-5.0447464,WAL
1936802242000,149.284854,-1.01689213994606,-10.9238287999201,-2.14442597920288,2.382069,1.6447546,-1.4285084,101.93097,82.07853,-4.942107,WAL
1936807345000,149.289957,-0.428207474298161,-10.6684054336883,-1.94106018785092,2.4190264,1.74738,-1.434617,102.35294,81.99169,-4.766114,WAL
1936812288000,149.2949,0.107955563101646,-10.430110724879,-1.81274770755082,2.4178047,1.7941113,-1.4187346,102.7932,81.8851,-4.5968146,WAL
1936817344000,149.299956,0.403977256992153,-10.2692907767955,-1.73374738598391,2.4123068,1.9187278,-1.387275,103.25545,81.74286,-4.363135,WAL
1936822241000,149.304853,0.613612014024039,-10.1388511774113,-1.67318623027714,2.4065037,2.02624,-1.3127494,103.717995,81.58152,-4.1565104,WAL
1936827362000,149.309974,0.706478572116817,-10.0602083626701,-1.85173894022052,2.4168882,2.1340578,-1.2360858,104.253944,81.38251,-3.882441,WAL
1936832248000,149.31486,0.752959395400814,-10.00443118059,-2.10273558009337,2.4492643,2.283109,-1.1817188,104.823204,81.16053,-3.6385128,WAL
1936837342000,149.319954,0.752024907793241,-9.82623398449304,-2.21982383781312,2.4327707,2.413834,-1.1316279,105.434784,80.91254,-3.3926206,WAL
1936842299000,149.324911,0.73314928250497,-9.60916468787276,-2.28116957072565,2.3554964,2.496301,-1.0812315,106.064285,80.66121,-3.175117,WAL
1936847347000,149.329959,0.696573590447821,-9.26670350521299,-2.53464813797041,2.2583687,2.5207355,-1.0225884,106.71889,80.43934,-2.9799528,WAL
1936852317000,149.334929,0.654038513394896,-8.88388766368782,-2.85602419893754,2.1762075,2.5714374,-0.9755518,107.393265,80.233864,-2.807224,WAL
1936857355000,149.339967,0.474212805766047,-8.49106711843771,-3.170668361985,2.1361957,2.6401596,-0.9114109,108.0883,80.03528,-2.6690075,WAL
1936862383000,149.344995,0.239713056292978,-8.09710737790981,-3.48020809514951,2.1041253,2.6648996,-0.8445212,108.77268,79.86118,-2.5492938,WAL
1936867349000,149.349961,-0.0312790531109776,-7.75472794170673,-3.65172353669872,2.055867,2.6716192,-0.7819075,109.51736,79.70535,-2.441134,WAL
1936872336000,149.354948,-0.323079102403846,-7.43422627884615,-3.75696282307692,2.0421226,2.6612344,-0.74189585,110.25136,79.556114,-2.3476517,WAL
1936877338000,149.35995,-0.567401481230469,-7.10567068496094,-3.74581267109375,1.9990565,2.6126707,-0.73456544,111.07268,79.400635,-2.269574,WAL
1936882376000,149.364988,-0.788852035546875,-6.77113912109375,-3.675137009375,1.9327776,2.5592198,-0.7333437,111.87881,79.26379,-2.200929,WAL
1936887346000,149.369958,-1.02586840450082,-6.44954638512684,-3.53676291104746,1.8585575,2.482251,-0.72173727,112.70996,79.118645,-2.1598282,WAL
1936892320000,149.374932,-1.27437363698854,-6.13282393322422,-3.35647474533552,1.7901406,2.3948972,-0.7305948,113.516914,79.00108,-2.1104763,WAL
1936897348000,149.37996,-1.46377920715631,-5.80662322597879,-3.24405898854198,1.7037032,2.3362541,-0.7305948,114.329315,78.87676,-2.0897667,WAL
1936902348000,149.38496,-1.62040255932203,-5.47913819277431,-3.1681204911686,1.6447546,2.3185391,-0.7128797,115.122314,78.77235,-2.0697343,WAL
1936907339000,149.389951,-1.72429289643067,-5.10916550696215,-3.15025860560894,1.564426,2.2629502,-0.71837753,115.88704,78.667046,-2.0701377,WAL
1936912372000,149.394984,-1.79991567086684,-4.71214580545205,-3.16443781720926,1.5125023,2.233018,-0.69913524,116.646774,78.57682,-2.083491,WAL
1936917344000,149.399956,-1.93881691947211,-4.29887019770916,-3.18146479108566,1.4266758,2.225382,-0.6792821,117.42017,78.48226,-2.1148438,WAL
1936922344000,149.404956,-2.12005133182271,-3.86963085507968,-3.20054213172311,1.3500122,2.2351558,-0.66981375,118.185616,78.40698,-2.1489673,WAL
1936927366000,149.409978,-2.28057874121709,-3.49515531182103,-2.95371396643344,1.2712106,2.2568417,-0.6942484,118.96155,78.34433,-2.1933591,WAL
1936932337000,149.414949,-2.42521209598601,-3.16206014376726,-2.53296215593813,1.1435398,2.2174408,-0.7263188,119.71979,78.32407,-2.2360356,WAL
1936937345000,149.419957,-2.55026026281001,-2.83240859644492,-2.12214383826503,0.97524637,2.20278,-0.7501425,120.502396,78.32357,-2.3082752,WAL
1936942345000,149.424957,-2.64709868750399,-2.51131301368813,-1.72969359877594,0.81306165,2.1875083,-0.7538077,121.27189,78.36408,-2.3757186,WAL
1936947339000,149.429951,-2.73659785754872,-2.26179800025211,-1.39466834472026,0.6386596,2.187203,-0.75900006,122.02726,78.370346,-2.4625068,WAL
1936952350000,149.434962,-2.82035711369146,-2.07101305492097,-1.1061643805973,0.45204028,2.1642957,-0.7651087,122.77002,78.43021,-2.5470529,WAL
1936957334000,149.439946,-2.91493393671915,-1.95878530573895,-0.803274750756729,0.28038713,2.1361957,-0.766025,123.497505,78.46236,-2.6491518,WAL
1936962415000,149.445027,-3.02367079458608,-1.92912981312341,-0.47706409457999,0.1151481,2.085494,-0.78801614,124.21152,78.54923,-2.742242,WAL
1936967338000,149.44995,-3.10569478401344,-1.96145802104535,-0.19460004098014,-0.046120327,2.024102,-0.79229224,124.90275,78.620926,-2.8550954,WAL
1936972335000,149.454947,-3.16716292001778,-2.05129609256002,0.0607291169380496,-0.18325958,1.9437732,-0.79351395,125.57296,78.73394,-2.959922,WAL
1936977426000,149.460038,-3.18460061713209,-2.14884801272587,0.285222081818533,-0.32436943,1.8649716,-0.7791586,126.21328,78.82857,-3.0824738,WAL
1936982344000,149.464956,-3.15729438325442,-2.24897082275582,0.467263769311045,-0.44104472,1.7592919,-0.75991637,126.82022,78.952835,-3.2013185,WAL
1936987316000,149.469928,-3.08799922239873,-2.31589087386815,0.600220085067514,-0.55955255,1.6594155,-0.7296785,127.39506,79.0615,-3.332017,WAL
1936992308000,149.47492,-2.95984196362192,-2.33487727577442,0.661925457585385,-0.6765333,1.5372424,-0.70829827,127.92964,79.19782,-3.4595366,WAL
1936997303000,149.479915,-2.80974720172327,-2.33481168232389,0.720201350954348,-0.7959574,1.4199562,-0.68203104,128.42627,79.324425,-3.5834503,WAL
1937002341000,149.484953,-2.62498216915247,-2.30563814389801,0.773685922624206,-0.91874135,1.3558154,-0.6435465,128.89761,79.47603,-3.7132797,WAL
1937007276000,149.489888,-2.42463697882197,-2.25381361720715,0.865316141363335,-1.0589349,1.2195925,-0.6227771,129.3107,79.64836,-3.809935,WAL
1937012369000,149.494981,-2.18945608723646,-2.16619730858466,1.01749203448237,-1.1261301,1.0793989,-0.5830709,129.69746,79.8228,-3.919064,WAL
1937017245000,149.499857,-2.03465769249246,-2.11689686729382,1.17235763824094,-1.2705997,0.9098838,-0.5360342,130.03288,80.0383,-3.9914703,WAL
1937022345000,149.504957,-2.05027066080007,-2.15258354552927,1.35748242132615,-1.4300356,0.72509706,-0.4859433,130.31831,80.26441,-4.0682044,WAL
1937027299000,149.509911,-2.0654366696228,-2.18724860513289,1.53730755375833,-1.6038266,0.54061574,-0.41905355,130.54643,80.48476,-4.0984054,WAL
1937032353000,149.514965,-2.080908815079,-2.22261340352544,1.72076258389807,-1.7986927,0.33933565,-0.3472769,130.71164,80.738686,-4.1347814,WAL
1937037911000,149.520523,-2.10107684399834,-2.26998602366653,1.92584702773123,-1.9865338,0.116980694,-0.2678644,130.82146,81.00883,-4.185133,WAL
1937042754000,149.525366,-2.19341451447532,-2.51237260953961,2.18362314500207,-2.200642,-0.112704635,-0.17623462,130.8659,81.3132,-4.250686,WAL
1937047811000,149.530423,-2.28983235457487,-2.76546964954791,2.45278974112816,-2.362216,-0.3191771,-0.07086037,130.84938,81.51116,-4.324106,WAL
1937052528000,149.53514,-2.45190499146996,-3.26887361848712,2.89153998719957,-2.5173757,-0.47494772,0.063224554,130.77516,81.730156,-4.42526,WAL
1937057349000,149.539961,-2.66987393669528,-3.97727285858369,3.47609311695279,-2.6236663,-0.5867361,0.22724187,130.64825,81.93909,-4.559443,WAL
1937062355000,149.544967,-2.84256509490982,-5.40821877274549,4.21045753941884,-2.6572638,-0.6640105,0.4269948,130.49278,82.017044,-4.7439747,WAL
1937067333000,149.549945,-2.98587173895792,-7.1995515739479,5.00819795106212,-2.6196957,-0.72326446,0.57940567,130.30383,82.06586,-4.9579644,WAL
1937072306000,149.554918,-2.83804583732208,-9.68358894767841,6.30279500461372,-2.4578164,-0.61086524,0.7883216,130.12672,81.88388,-5.247811,WAL
1937077352000,149.559964,-2.52970224786493,-12.582019372141,7.88720705536468,-2.0625865,-0.3295618,0.945314,129.97093,81.61977,-5.566737,WAL
1937082344000,149.564956,-1.51148246012358,-14.577552650588,9.71112672015148,-1.3112222,-0.116980694,1.0173961,129.8323,81.056145,-5.8464365,WAL
1937087348000,149.56996,-0.0500277350129559,-16.0390069069165,11.6979411319514,-0.19730948,-0.118202426,0.81336707,129.70216,80.37763,-6.089251,WAL
1937092290000,149.574902,1.64817699400593,-17.0409748783383,12.1706157596439,0.8940013,-0.028405234,0.26175576,129.65201,79.45902,-6.159977,WAL
1937097355000,149.579967,3.55773172218595,-17.7750501879327,11.6668386355094,1.559539,0.37110063,-0.2501493,129.69185,78.46564,-6.2029696,WAL
1937102347000,149.584959,4.70814602147094,-18.2834685524911,10.6013522298339,1.7886134,0.6450737,-0.5354234,129.64188,77.412865,-5.989702,WAL
1937107350000,149.589962,5.35228731601423,-18.643430841637,9.1378248772242,1.7895297,1.2006557,-0.58551437,129.81355,76.327896,-5.7639923,WAL
1937112416000,149.595028,5.09321793240439,-18.069205236387,7.91136836594525,1.6639969,1.6212363,-0.6270532,130.14644,75.56557,-5.2103424,WAL
1937117366000,149.599978,4.17500305840498,-16.823055088151,6.89945755954146,1.4752395,1.8545868,-0.66859204,130.59079,74.82191,-4.715105,WAL
1937122329000,149.604941,3.17444516481341,-15.0040912277228,6.11139581911653,1.2892311,1.921782,-0.6743952,131.2272,74.36371,-4.1560054,WAL
1937127363000,149.609975,2.09128862467631,-12.6725517623762,5.50556273724296,1.0720685,1.8680259,-0.6899723,131.88995,73.9609,-3.6349049,WAL
1937132330000,149.614942,1.08840336103293,-10.1894017184496,5.14787078713438,0.874759,1.7281377,-0.70829827,132.54694,73.627396,-3.2592626,WAL
1937137326000,149.619938,0.163588262411536,-7.45899472683575,5.09404529946819,0.65484756,1.5195273,-0.6930266,133.15894,73.36326,-2.8996115,WAL
1937142336000,149.624948,-0.596973317403272,-5.14217740748797,4.9747141453898,0.37568212,1.3005321,-0.6273586,133.6688,73.11347,-2.7273405,WAL
1937147354000,149.629966,-1.17975561734937,-3.27357379474495,4.78507885426372,0.07696902,1.0842859,-0.5290093,134.11143,72.93661,-2.5569139,WAL
1937152337000,149.634949,-1.66635463016194,-1.85123169688259,4.49048543097166,-0.16340645,0.92271197,-0.38331795,134.40163,72.68608,-2.5593321,WAL
1937157354000,149.639966,-2.0213566361336,-1.05369303917814,4.03822248180162,-0.36713,0.86284715,-0.21319197,134.64415,72.50888,-2.5872614,WAL
1937162341000,149.644953,-2.33917829583791,-0.667165740596866,3.71489384219982,-0.5626069,0.8671232,-0.047647487,134.80223,72.31184,-2.7606008,WAL
1937167416000,149.650028,-2.61568591486176,-0.81754713360016,3.55481044116179,-0.77457714,0.7779369,0.09101892,134.89345,72.17108,-2.9590397,WAL
1937172264000,149.654876,-2.91624347579476,-1.18779059731955,3.43823739298483,-1.0125091,0.55833083,0.19394971,134.90804,72.09142,-3.2193084,WAL
1937177372000,149.659984,-3.28493900463813,-1.90154731560344,3.36733446361967,-1.2626585,0.20341812,0.269697,134.84639,72.05998,-3.4912984,WAL
1937182242000,149.664854,-3.62169255624686,-2.84080876832915,3.37341173376819,-1.4795157,-0.32711834,0.2929099,134.6661,72.091446,-3.7798028,WAL
1937187333000,149.669945,-3.94460909202208,-4.33307522936277,3.52508470627195,-1.597718,-1.0354166,0.2932153,134.33215,72.148964,-4.038761,WAL
1937192266000,149.674878,-4.25877520671835,-6.08017535055986,3.59602910094746,-1.5717562,-1.8365663,0.24220806,133.83119,72.24098,-4.2820444,WAL
1937197357000,149.679969,-4.58539874074074,-8.45052672839506,3.52603835061728,-1.4465289,-2.5118778,0.24037547,133.16585,72.319824,-4.493468,WAL
1937202244000,149.684856,-4.88497654520659,-10.7379102145671,3.17047250623295,-1.2837334,-2.7134633,0.26816985,132.42932,72.40495,-4.708669,WAL
1937207337000,149.689949,-5.15597425715729,-13.1571819398929,1.94851882767956,-1.2027937,-2.8292224,0.37873647,131.52997,72.45733,-4.9007173,WAL
1937212395000,149.695007,-5.473475362515,-15.1652677942942,0.99331851294248,-0.9957104,-2.5806003,0.54153204,130.73045,72.53017,-5.137798,WAL
1937217409000,149.700021,-5.89908142201089,-16.2514499060105,0.638646846075155,-0.625526,-2.0937407,0.6478226,129.97012,72.51664,-5.3981667,WAL
1937222311000,149.704923,-6.16768506805613,-17.2551732373091,0.393846675732563,0.028405234,-1.3784174,0.7257079,129.45078,72.63359,-5.684748,WAL
1937227379000,149.709991,-5.37645820940982,-17.8711276665291,0.879599865753198,0.8762862,-0.8597928,0.6065892,129.02429,72.589096,-5.9621663,WAL
1937232295000,149.714907,-4.37905127281038,-18.2983155570628,1.08797722053475,1.3878858,-0.729984,0.20341812,128.73929,72.55442,-6.2258797,WAL
1937237340000,149.719952,-2.30834091642583,-17.9611128749631,0.104864770421704,1.3182472,-0.4456262,-0.19394971,128.65381,72.45602,-6.4970913,WAL
1937242328000,149.72494,-0.361918436197113,-16.8396794266799,-0.87049405998009,0.8549059,0.047036625,-0.39675698,128.7174,72.35859,-6.626176,WAL
1937247354000,149.729966,1.03726972882031,-11.3195948566451,-1.87196771503235,0.19058995,0.31764993,-0.46578476,128.8179,72.36216,-6.6842313,WAL
1937252335000,149.734947,2.11768722521764,-6.4556123221567,-2.65342887295703,-0.42577308,0.073303826,-0.5311473,129.026,72.71069,-6.428343,WAL
1937257356000,149.739968,1.39751278254236,-5.13679288076383,-2.19431771333895,-0.8579602,-0.43982297,-0.48991394,129.22285,73.16536,-6.1919813,WAL
1937262587000,149.745199,0.637975071148945,-3.78672844809868,-1.76602015258436,-1.0913107,-1.0186177,-0.3915646,129.29439,73.722115,-5.83034,WAL
1937267340000,149.749952,-0.192672563186869,-2.9235973125497,-2.13725930117239,-1.284955,-1.5039502,-0.30115658,129.2469,74.376755,-5.448532,WAL
1937272480000,149.755092,-1.07626928312077,-2.05129828924638,-2.55506328882126,-1.4425583,-1.8173242,-0.24220806,129.0124,74.91855,-5.1842604,WAL
1937277394000,149.760006,-1.74466382416425,-1.95126648385507,-3.15070736551691,-1.5946637,-1.9422461,-0.11789699,128.68683,75.4933,-4.946064,WAL
1937282672000,149.765284,-2.4501248391097,-1.85920989793323,-3.77852981160572,-1.7672331,-1.9507982,0.06169739,128.24226,76.08981,-4.8512387,WAL
1937287351000,149.769963,-2.82308642822407,-2.08969188946975,-4.09282335686898,-1.9587394,-1.9376645,0.23762658,127.760345,76.71852,-4.7905498,WAL
1937292298000,149.77491,-3.21741021137193,-2.33337524320584,-4.42511875512017,-2.1380284,-1.9706513,0.37598756,127.24887,77.40632,-4.873557,WAL
1937297331000,149.779943,-3.34911083489933,-2.45939756515076,-4.65466094862266,-2.2296581,-2.007914,0.5158757,126.72913,78.08562,-5.018234,WAL
1937302299000,149.784911,-3.42536463355705,-2.55948059502154,-4.85959296408895,-2.2293527,-2.0702224,0.5842926,126.19,78.75569,-5.190271,WAL
1937307329000,149.789941,-3.41405829649891,-2.64020206258206,-4.81769966477024,-2.200642,-2.0616703,0.7174612,125.65303,79.39674,-5.4933887,WAL
1937312256000,149.794868,-3.38589946728665,-2.71529245350109,-4.72852983474239,-2.1358902,-2.0097466,0.850019,125.110825,79.96053,-5.827105,WAL
1937317317000,149.799929,-3.43556628555148,-3.11013898693886,-4.32711468633436,-2.0787745,-1.9608774,0.9660834,124.57615,80.448006,-6.2141705,WAL
1937322260000,149.804872,-3.50124195885443,-3.56517821383411,-3.8673842384501,-2.017077,-1.9734001,1.0671816,124.03986,80.80426,-6.645799,WAL
1937327325000,149.809937,-3.57582573744832,-4.38052925977555,-3.48285772666864,-1.9538525,-2.0433443,1.1691961,123.50141,81.01214,-7.116168,WAL
1937332259000,149.814871,-3.65025297568419,-5.25970044678086,-3.12932856362473,-1.9004018,-2.1526892,1.2623531,122.952934,81.0744,-7.621588,WAL
1937337300000,149.819912,-3.61899238769293,-6.43179420032494,-3.09058568663688,-1.881465,-2.2247713,1.3860532,122.3834,80.93784,-8.18194,WAL
1937342231000,149.824843,-3.55665459356214,-7.65936805231519,-3.14812827353777,-1.8564194,-2.1618521,1.564426,121.82694,80.654396,-8.791491,WAL
1937347316000,149.829928,-3.43897777612964,-9.16928945870988,-3.19248180881895,-1.7681495,-2.0497584,1.7467692,121.27029,80.22953,-9.431869,WAL
1937352177000,149.834789,-3.31325071505142,-10.6731784383505,-3.23116697681521,-1.7082846,-1.9303342,1.9355265,120.74094,79.68995,-10.1263275,WAL
1937357236000,149.839848,-3.12384281572839,-12.2213384882106,-3.47956143438128,-1.6563611,-1.8048013,2.119397,120.28904,79.10992,-10.805508,WAL
1937362222000,149.844834,-2.92746673141108,-13.7443450424054,-3.75885207400841,-1.6145169,-1.6459764,2.25562,119.89067,78.45425,-11.518483,WAL
1937367293000,149.849905,-2.5411277205305,-15.0117936853395,-4.30494120836924,-1.5430456,-1.3753631,2.3041837,119.61308,77.84878,-12.148211,WAL
1937372276000,149.854888,-2.07501972328833,-16.1267965982955,-4.96297601397108,-1.4645494,-0.93951076,2.2574525,119.43875,102.778145,-12.775879,WAL
1937377293000,149.859905,-1.51601088789456,-16.5918915297071,-5.35167453697908,-1.4056009,-0.33078352,2.1294763,119.45666,103.26511,-13.241759,WAL
1937382274000,149.864886,-0.901272865817573,-16.6158420117155,-5.55525667683682,-1.4059063,0.2883284,1.9544634,119.60878,103.73312,-13.667787,WAL
1937387252000,149.869864,-0.253302137981651,-16.4280882844037,-5.63713722660551,-1.4633276,0.8042041,1.7482964,119.97558,104.02531,-13.878954,WAL
1937392256000,149.874868,0.530429791128839,-15.4054144970084,-5.24049223246909,-1.5525141,1.1951579,1.5164729,120.48011,104.29049,-14.02914,WAL
1937397267000,149.879879,1.22474813095214,-14.3235705703367,-4.74468824001399,-1.6859881,1.318858,1.4034629,121.08697,104.44662,-14.020599,WAL
1937402283000,149.884895,1.55590721729444,-13.0085328814567,-3.85199860308722,-1.7763962,1.3634512,1.1459832,121.76842,104.54316,-13.908244,WAL
1937407278000,149.88989,1.84510407012616,-11.6949855942736,-2.9229338105411,-1.9785925,1.0384709,0.86742866,122.37114,104.54762,-13.669142,WAL
1937412307000,149.894919,1.97326956759314,-10.3563677522176,-1.82640638287995,-2.1853704,0.34391713,0.623388,122.864624,104.54552,-13.385651,WAL
1937417300000,149.899912,2.01891431278816,-9.09636665550477,-0.897237545702504,-2.363743,-0.5308419,0.45051312,123.19661,104.43419,-13.03032,WAL
1937422284000,149.904896,1.6821806832969,-8.16204939556836,-0.71701392173589,-2.4410176,-1.3588698,0.29138273,123.33323,104.31105,-12.642371,WAL
1937427293000,149.909905,1.31141127432481,-7.32567633556368,-0.667747814000562,-2.3893993,-1.933083,0.15118915,123.27382,104.063034,-12.234137,WAL
1937432289000,149.914901,0.773365469519258,-7.02526757188642,-1.30443541343829,-2.2241604,-2.2409592,0.019242255,123.059654,103.801346,-11.821205,WAL
1937437528000,149.92014,0.210822805994764,-6.72785730604108,-1.9734586298228,-2.0118847,-2.3286183,-0.09285152,122.73415,103.58021,-11.487021,WAL
1937442273000,149.924885,-0.278735054018325,-6.66837816729762,-2.59570035822594,-1.8298469,-2.2559254,-0.17806722,122.3773,103.332436,-11.142609,WAL
1937447336000,149.929948,-0.794816566491847,-6.61181554033565,-3.22581135784304,-1.7079792,-2.1658227,-0.20433442,121.93226,103.33244,-10.951169,WAL
1937452347000,149.934959,-1.18378355547821,-6.68960908148183,-3.1937788019548,-1.6453656,-2.129171,-0.20372356,121.50076,103.30863,-10.748002,WAL
1937458019000,149.940631,-1.61241212529918,-6.79435343947092,-3.15234786317447,-1.6129897,-2.1704042,-0.16676621,121.02041,103.49738,-10.667766,WAL
1937462311000,149.944923,-1.83247156191476,-7.0230426526139,-3.07467978431661,-1.6044376,-2.160325,-0.10293079,120.571,103.695915,-10.596312,WAL
1937467483000,149.950095,-2.07883103101907,-7.31887871081106,-2.96870699112307,-1.5662584,-2.019826,-0.027183503,120.12217,103.968155,-10.62093,WAL
1937472310000,149.954922,-2.08726597241128,-7.83340529156099,-2.72409611283642,-1.5296066,-1.7684549,0.063224554,119.716576,104.25867,-10.665315,WAL
1937477361000,149.959973,-2.09609234261472,-8.37180880499954,-2.46813391142232,-1.5030339,-1.5066991,0.16157386,119.34404,104.574814,-10.765409,WAL
1937482323000,149.964935,-1.8260846446222,-8.6236369841943,-2.0472750616037,-1.5015068,-1.2382239,0.25625798,119.05425,104.90458,-10.878234,WAL
1937487285000,149.969897,-1.51007764697379,-8.82972831727063,-1.5984535536623,-1.5164729,-0.9950995,0.34025195,118.84062,105.247185,-11.003611,WAL
1937492296000,149.974908,-1.17326355796875,-8.996706553125,-1.00713586990625,-1.5537357,-0.82802784,0.4288274,118.70179,105.535,-11.13651,WAL
1937497287000,149.979899,-0.832517216376953,-9.15074226542969,-0.376988557380859,-1.5876387,-0.77396625,0.46578476,118.60455,105.82512,-11.268711,WAL
1937502354000,149.984966,-0.518575232056365,-9.23818600806608,0.106629240695821,-1.5943583,-0.7180721,0.52656585,118.62369,105.97108,-11.357012,WAL
1937507341000,149.989953,-0.221528570533528,-9.29852410393586,0.524351139206997,-1.5986344,-0.7296785,0.54702985,118.63665,106.120056,-11.441913,WAL
1937512363000,149.994975,-0.0287916985923218,-9.26872985054845,0.680601090859232,-1.5509869,-0.79504114,0.53969944,118.588295,106.21778,-11.522824,WAL
1937517334000,149.999946,0.111425943638026,-9.1962032836685,0.709611616636197,-1.4575244,-0.8915578,0.516792,118.52634,106.3065,-11.605032,WAL
1937522340000,150.004952,0.130931535899009,-9.12998601897121,0.543066853951864,-1.3350459,-0.9584476,0.48472157,118.3687,106.3787,-11.670821,WAL
1937527389000,150.010001,0.098985042756017,-9.06609269910335,0.292058704435111,-1.1945469,-0.9923506,0.44776422,118.19206,106.42039,-11.731021,WAL
1937532335000,150.014947,-0.0334903734744084,-8.9792049387053,0.00179695921713749,-1.0592403,-0.98899084,0.4025602,117.987915,106.44869,-11.777809,WAL
1937537352000,150.019964,-0.238840152934431,-8.87402627676431,-0.32375756192432,-0.9275989,-0.99204516,0.35827246,117.77119,106.440605,-11.815813,WAL
1937542346000,150.024958,-0.490599261797441,-8.74097257524055,-0.608748047882155,-0.8402451,-1.0027353,0.3323107,117.56665,106.45107,-11.853649,WAL
1937547357000,150.029969,-0.766701226144232,-8.59340083721853,-0.87532927129253,-0.79351395,-1.0396926,0.33261612,117.35386,106.439095,-11.887666,WAL
1937552343000,150.034955,-1.02971128090828,-8.50211617448461,-1.15059308679414,-0.79504114,-1.0833695,0.33658674,117.15804,106.4688,-11.94829,WAL
1937557357000,150.039969,-1.28795025760382,-8.43994776775222,-1.43274306597948,-0.8176431,-1.1102476,0.37140608,116.95939,106.49905,-12.017799,WAL
1937562375000,150.044987,-1.44621049829311,-8.40275256032961,-1.64827603711006,-0.8762862,-1.1123856,0.40958515,116.77134,106.59759,-12.137601,WAL
1937567347000,150.049959,-1.54897189574259,-8.37939771944281,-1.82577297417108,-0.9560041,-1.0827587,0.45662177,116.58847,106.71065,-12.266386,WAL
1937572345000,150.054957,-1.58687419819337,-8.40176247965059,-1.93071615170737,-1.0338894,-1.0250319,0.5039638,116.44304,106.89959,-12.4548025,WAL
1937577410000,150.060022,-1.58205918012706,-8.45472727615644,-1.98849641878102,-1.110553,-0.9575313,0.55741453,116.31314,107.10754,-12.648918,WAL
1937582362000,150.064974,-1.56319003375822,-8.55472834853615,-1.91489213300139,-1.1722504,-0.8881981,0.59773165,116.200714,107.37588,-12.866507,WAL
1937587350000,150.069962,-1.53464841165107,-8.68792265126469,-1.75315645652261,-1.2144,-0.84604836,0.6444628,116.10547,107.657036,-13.089686,WAL
1937592290000,150.074902,-1.54162723665843,-8.87332780217499,-1.52879353146812,-1.2415836,-0.8338311,0.6658431,116.01805,107.95916,-13.311557,WAL
1937597364000,150.079976,-1.57525544128522,-9.10392066070193,-1.2501600509738,-1.2651019,-0.8481864,0.6826419,115.940056,108.26581,-13.535266,WAL
1937602348000,150.08496,-1.62642914629304,-9.41552667248631,-0.983346225770735,-1.2632693,-0.8897252,0.6957755,115.8134,108.569275,-13.758629,WAL
1937607369000,150.089981,-1.69227344219484,-9.79648301555164,-0.719969061807512,-1.2599095,-0.95203346,0.7089091,115.680534,108.86978,-13.981706,WAL
1937612348000,150.09496,-1.76030174725155,-10.219777620448,-0.518377172294483,-1.2403619,-1.006095,0.69913524,115.48146,109.1482,-14.214033,WAL
1937617374000,150.099986,-1.83155364250469,-10.6900399505576,-0.371123248824632,-1.1997393,-1.0442741,0.68416905,115.272,109.41394,-14.444984,WAL
1937622329000,150.104941,-1.90383950024505,-11.1134924868653,-0.274154640693982,-1.1316279,-1.0751228,0.6630942,114.995544,109.64598,-14.687433,WAL
1937627382000,150.109994,-1.97973301442854,-11.5024471866301,-0.226721185661635,-1.0525209,-1.104139,0.6435465,114.709755,109.85728,-14.922093,WAL
1937632330000,150.114942,-2.00377568357555,-11.7992037198885,-0.256137160366315,-0.9584476,-1.135904,0.61544675,114.375946,110.027985,-15.153755,WAL
1937637327000,150.119939,-1.96566676890305,-11.9945115096556,-0.379991227560223,-0.840856,-1.1615603,0.5992588,114.03694,110.17212,-15.378294,WAL
1937642312000,150.124924,-1.8629617529666,-12.1801285312377,-0.610341768125737,-0.6908886,-1.2000448,0.59498274,113.66174,110.28787,-15.607347,WAL
1937647351000,150.129963,-1.6733447274558,-12.3555248354617,-0.984835382372299,-0.4868596,-1.2009611,0.6133087,113.29245,110.37074,-15.830583,WAL
1937652281000,150.134893,-1.40413002331294,-12.4370131563221,-1.30753520401083,-0.22235495,-1.1404854,0.636827,112.939644,110.421265,-16.033718,WAL
1937657361000,150.139973,-0.994362135616164,-12.3784747265617,-1.57095737386945,0.06414085,-1.024421,0.63255095,112.60398,110.42968,-16.224236,WAL
1937662363000,150.144975,-0.540050687278169,-12.1811666754852,-1.72002665849184,0.31337386,-0.8765916,0.6084218,112.34313,110.41491,-16.362217,WAL
1937667347000,150.149959,-0.0146754236921889,-11.7848311227189,-1.71080955485179,0.4792238,-0.6783658,0.5384777,112.12879,110.356224,-16.4716,WAL
1937672242000,150.154854,0.474639663474032,-11.406402032873,-1.75017679898852,0.5143485,-0.46883908,0.42363504,112.00659,110.25639,-16.489895,WAL
1937677400000,150.160012,0.931042228371912,-11.0316714767555,-1.89910815456137,0.37934732,-0.24740042,0.29871312,111.94072,110.141945,-16.472942,WAL
1937682255000,150.164867,1.28750829126699,-10.8301889244604,-2.06908974853118,0.17745635,-0.018020526,0.1908954,111.96031,109.98715,-16.361975,WAL
1937687328000,150.16994,1.45255891398881,-11.0486381438849,-2.33122896390887,0.008246681,0.19792034,0.1001819,112.03286,109.827156,-16.211803,WAL
1937692282000,150.174894,1.51218842684937,-11.2949094504599,-2.45907539695286,-0.10323623,0.27550024,0.03390302,112.1673,109.66409,-15.985142,WAL
1937697351000,150.179963,1.2889082541491,-11.6391329711096,-2.23114355702376,-0.15302174,0.3200934,0.0067195175,112.34957,109.51114,-15.738247,WAL
1937702287000,150.184899,1.03149206262557,-11.9193993055691,-1.99677024512826,-0.2302962,0.2434298,-0.035124753,112.547874,109.36951,-15.443433,WAL
1937707296000,150.189908,0.587020057364674,-11.9521498017653,-1.70201519311421,-0.2919936,0.0888809,-0.09254608,112.73043,109.231544,-15.14517,WAL
1937712307000,150.194919,0.163224177150975,-11.9681624633095,-1.43491760400705,-0.32498032,-0.06719518,-0.14844026,112.83626,109.09071,-14.87815,WAL
1937717326000,150.199938,-0.124032168376604,-11.8739801194278,-1.3501533961693,-0.3359759,-0.16187929,-0.21624629,112.90865,108.94767,-14.603821,WAL
1937722289000,150.204901,-0.387552621745012,-11.7967877915328,-1.25905229981995,-0.2996294,-0.17715092,-0.25503623,112.893616,108.815865,-14.405447,WAL
1937727340000,150.209952,-0.439338221685645,-11.8862354712409,-1.08957217645742,-0.20586158,-0.1600467,-0.2751948,112.85723,108.668816,-14.202326,WAL
1937732495000,150.215107,-0.480012702082671,-12.0077774674086,-0.908639502511924,-0.07819075,-0.105374254,-0.28771752,112.79616,108.539406,-14.050035,WAL
1937737313000,150.219925,-0.369978381251987,-12.4891777227742,-0.642723248714229,0.06872234,-0.03726278,-0.28099802,112.74417,108.39214,-13.899744,WAL
1937742571000,150.225183,-0.249284206752667,-13.0167171644635,-0.344631458523111,0.22082779,0.022907447,-0.29352075,112.678734,108.20285,-13.751689,WAL
1937747285000,150.229897,-0.134044730047589,-13.5147160888869,0.013434075587565,0.3857614,0.07360926,-0.33841935,112.62932,107.98272,-13.59663,WAL
1937752301000,150.234913,-0.0114224951827878,-14.0446190598049,0.394438895082505,0.54428095,0.082161374,-0.4092797,112.53956,107.68309,-13.412983,WAL
1937757284000,150.239896,0.0978546752771623,-14.4884777889213,0.713005842680272,0.73823065,0.042760566,-0.473726,112.449646,107.34579,-13.222876,WAL
1937762328000,150.24494,0.205825957427988,-14.9203633037901,1.02283649359184,0.93187493,-0.00030543262,-0.54550266,112.35807,106.9712,-13.015366,WAL
1937767316000,150.249928,0.383262756506785,-15.1621815604475,1.13778182535999,1.1319333,-0.035124753,-0.6249151,112.203514,106.48897,-12.773583,WAL
1937772243000,150.254855,0.578787165867606,-15.3479299198177,1.19643915633482,1.3420709,-0.035124753,-0.7107417,112.045944,105.96786,-12.515971,WAL
1937777374000,150.259986,0.7571079207736,-14.8997110083235,0.854207678472385,1.5467108,-0.024740042,-0.80664754,111.84365,105.36171,-12.223973,WAL
1937782254000,150.264866,0.921860515054837,-14.3505356303369,0.451479112549941,1.7513506,-0.005497787,-0.915687,111.64473,104.71914,-11.910363,WAL
1937787350000,150.269962,0.697204458842189,-13.8212677156027,0.402223989346749,1.9226984,0.021685716,-1.0290025,111.453514,104.019905,-11.545765,WAL
1937792260000,150.274872,0.380243283108644,-13.3225196694092,0.448835926668319,2.0967948,0.014660766,-1.0910053,111.26162,103.30187,-11.174046,WAL
1937797349000,150.279961,-0.158799746480843,-12.7448805224072,0.508073524096326,2.1746802,0.010079277,-1.1927143,111.13749,102.586334,-10.746187,WAL
1937802244000,150.284856,-0.735950224920713,-12.1723472829705,0.568097182763715,2.3741279,-0.00030543262,-1.2754866,111.01217,101.84439,-10.316201,WAL
1937807359000,150.289971,-1.29052843440795,-11.7534512390913,0.611763544910554,2.62275,0.018325957,-1.3371841,110.87465,101.14582,-9.927809,WAL
1937812355000,150.294967,-1.8158577351027,-11.4047417882631,0.647993156094652,2.8545732,0.051923547,-1.396438,110.7405,100.441925,-9.525314,WAL
1937817372000,150.299984,-2.43786456784984,-11.4661947277005,0.635321630292553,3.098614,0.09132435,-1.4465289,110.588776,99.83498,-9.216263,WAL
1937822335000,150.304947,-3.10394155844926,-11.7481830871522,0.596426625691489,3.3221905,0.13316862,-1.4648548,110.45211,99.26351,-8.90576,WAL
1937827376000,150.309988,-3.67682698122974,-12.2230924319811,0.292929333177487,3.4849863,0.18387043,-1.5228871,110.30297,98.83764,-8.682555,WAL
1937832349000,150.314961,-4.19607119242707,-12.7750817551321,-0.123401688561045,3.556152,0.23793201,-1.5775595,110.171844,98.491806,-8.459967,WAL
1937837343000,150.319955,-4.7096724022897,-13.3218574574415,-0.67281713777999,3.4935384,0.32620203,-1.6114625,110.04042,81.64047,-8.3586235,WAL
1937842329000,150.324941,-5.21830808609258,-13.8637683998009,-1.29078570052763,3.3652565,0.4279111,-1.6175711,109.93199,81.69388,-8.251174,WAL
1937847316000,150.329928,-5.74534904961326,-14.184691874435,-1.70358067419387,3.1963525,0.4831944,-1.5900823,109.850395,81.59486,-8.244693,WAL
1937852347000,150.334959,-6.28741456154696,-14.3831270477147,-2.00365276140633,3.0051515,0.46181414,-1.5497651,109.777306,81.462585,-8.235161,WAL
1937857344000,150.339956,-6.78254416520125,-14.6194637999218,-2.33912864224306,2.8347201,0.32711834,-1.4789047,109.74333,81.27188,-8.293783,WAL
1937862379000,150.344991,-7.25832987441383,-14.8785547866354,-2.69714557356389,2.6380215,0.15241088,-1.4239268,109.69167,81.08955,-8.347453,WAL
1937867339000,150.349951,-7.58726542430791,-15.2852056825152,-3.08516888803129,2.4678955,0.03726278,-1.3900238,109.697945,80.900345,-8.40974,WAL
1937872348000,150.35496,-7.82916522574869,-15.7936890311825,-3.49985429138623,2.3380868,-0.019547688,-1.412015,109.66999,80.72964,-8.461113,WAL
1937877359000,150.359971,-8.00137862479339,-15.7544427567887,-4.00606762510822,2.2770002,-0.013439035,-1.5625933,109.7087,80.60224,-8.469861,WAL
1937882351000,150.364963,-8.13778296198347,-15.4393013919717,-4.55638916277056,2.166739,-0.02076942,-1.7076738,109.72467,80.50246,-8.46644,WAL
1937887346000,150.369958,-7.80098086767241,-14.9236025087209,-4.82319616188853,2.048842,0.27000242,-1.8093829,109.88335,80.460266,-8.424366,WAL
1937892322000,150.374934,-7.18953985387931,-14.293053625,-4.92351074568966,1.8032742,0.5143485,-1.8619173,110.021965,80.47411,-8.350935,WAL
1937897340000,150.379952,-6.32975738341401,-13.6240398936086,-4.60402227778327,1.6667458,0.8738427,-1.9278907,110.34535,80.54407,-8.234227,WAL
1937902350000,150.384962,-5.32968452349106,-12.9367859797491,-4.04000011044157,1.5033394,1.0983357,-1.9162843,110.68827,80.64459,-8.126565,WAL
1937907341000,150.389953,-4.24986490042298,-12.3658522981507,-3.60586567897895,1.498147,1.1517864,-1.8417587,111.09044,80.78963,-7.965981,WAL
1937912386000,150.394998,-3.10448697759197,-11.8620763444816,-3.24942025083612,1.5818355,1.0729848,-1.7327193,111.50668,80.9313,-7.8224263,WAL
1937917348000,150.39996,-2.15261643518241,-11.513989373913,-2.9370214972014,1.7406605,1.0622946,-1.6203201,111.88674,81.07805,-7.6381993,WAL
1937922347000,150.404959,-1.32001712128936,-11.2699512347826,-2.64991825967016,1.9220876,1.1695015,-1.536326,112.27093,81.18558,-7.4818726,WAL
1937927380000,150.409992,-0.740257678423819,-11.0954754907598,-2.33337816065708,2.1068742,1.2907583,-1.4850134,112.57455,81.30786,-7.276091,WAL
1937932340000,150.414952,-0.354007553203285,-10.9745288952772,-2.00174926078029,2.245846,1.4165965,-1.4703526,112.9086,81.391365,-7.09187,WAL
1937937292000,150.419904,0.00411233653454179,-10.849554084995,-1.72053649679758,2.2904391,1.5690074,-1.4721853,113.279884,81.492165,-6.825703,WAL
1937942349000,150.424961,0.184566189070091,-10.6934857963746,-1.76930782425982,2.24157,1.7702875,-1.4828753,113.69843,81.571175,-6.5742636,WAL
1937947311000,150.429923,0.352216227378524,-10.5341284529094,-1.74970904223155,2.2220223,1.9969184,-1.4465289,114.180466,81.615585,-6.26258,WAL
1937952345000,150.434957,0.46789623880024,-10.3365079670066,-1.340008985003,2.2678373,2.1627684,-1.3759739,114.69653,81.63041,-5.971921,WAL
1937957316000,150.439928,0.568639268431392,-10.1546943173671,-1.01114010982278,2.3261747,2.1844542,-1.2913691,115.25142,81.625305,-5.6823134,WAL
1937962307000,150.444919,0.592840710825316,-10.048208363038,-1.11278618405063,2.2678373,2.1890357,-1.2302825,115.83944,81.61172,-5.4189787,WAL
1937967339000,150.449951,0.621039758832145,-9.89407357689016,-1.23609667141227,2.1371121,2.277611,-1.1899655,116.45998,81.53162,-5.1445074,WAL
1937972308000,150.45492,0.666296201070851,-9.52749605734665,-1.45332759982882,2.0344868,2.366492,-1.1322387,117.0706,81.431,-4.9013734,WAL
1937977344000,150.459956,0.702151598521972,-9.14968203997619,-1.66803733137586,1.9776763,2.4394903,-1.0616838,117.698044,81.34128,-4.6791387,WAL
1937982310000,150.464922,0.617234279307608,-8.7015075596667,-1.81428383926198,1.9575176,2.4620924,-0.9816604,118.32452,81.25324,-4.4833283,WAL
1937987414000,150.470026,0.515873589374108,-8.23667559377478,-1.97057421090404,1.9080375,2.5149322,-0.8940013,119.009285,81.17804,-4.3100905,WAL
1937992300000,150.474912,0.246845811697264,-7.74036590424267,-2.1932179167724,1.8600847,2.5491407,-0.8304713,119.682686,81.10263,-4.156168,WAL
1937997498000,150.48011,-0.0445202480779872,-7.22779951022454,-2.41476465277666,1.8423696,2.558609,-0.7360926,120.38155,81.00726,-4.0367427,WAL
1938002309000,150.484921,-0.377051246849639,-6.94145338131516,-2.43323853590617,1.7880026,2.5146267,-0.70188415,121.063614,80.940254,-3.9180007,WAL
1938007490000,150.490102,-0.73009742479715,-6.63192664663566,-2.44694422120522,1.7223345,2.4401011,-0.6985244,121.77771,80.85314,-3.8251712,WAL
1938012324000,150.494936,-1.00036882341183,-6.32958893341579,-2.38739289041164,1.6563611,2.3295345,-0.7089091,122.45692,80.78683,-3.7337968,WAL
1938017673000,150.500285,-1.28830248751183,-6.00172213046358,-2.32883111485336,1.5726726,2.2146919,-0.6976081,123.17056,80.6797,-3.6646938,WAL
1938022304000,150.504916,-1.43515741222327,-5.77934181715232,-2.34561461243141,1.502423,2.1331415,-0.7079928,123.85492,80.59727,-3.5834794,WAL
1938027304000,150.509916,-1.59371379822138,-5.53924214827815,-2.36373542605487,1.4477507,2.0653355,-0.70829827,124.53852,80.48125,-3.531911,WAL
1938032313000,150.514925,-1.75390878623519,-5.31411202752963,-2.3391066898815,1.3817772,1.9975294,-0.6933321,125.19232,80.39264,-3.4790943,WAL
1938037276000,150.519888,-1.91277440115466,-5.09266299769067,-2.31022190923731,1.3106114,1.9544634,-0.68569624,125.82806,80.327095,-3.4228277,WAL
1938042303000,150.524915,-2.033940420966,-4.92746454884883,-2.33417094776134,1.2272283,1.9349157,-0.6808093,126.460205,80.266426,-3.390423,WAL
1938047253000,150.529865,-2.15004995265994,-4.76955576615068,-2.36203735757813,1.1691961,1.9043725,-0.6948592,127.072586,80.22527,-3.353006,WAL
1938052315000,150.534927,-2.29933561412742,-4.53497621495845,-2.39077957534626,1.0638218,1.9260582,-0.7199047,127.71971,80.18346,-3.334449,WAL
1938057279000,150.539891,-2.44983581424614,-4.29511635373961,-2.41899830455085,0.9868528,1.9724839,-0.7247916,128.3608,80.15427,-3.3184683,WAL
1938062316000,150.544928,-2.57960358421317,-4.06502469321267,-2.1049378246355,0.89675015,1.9874501,-0.73426,129.01285,80.14791,-3.312143,WAL
1938067252000,150.549864,-2.70318816927099,-3.8416217799095,-1.74369047292107,0.75991637,2.0228803,-0.75900006,129.68094,80.181656,-3.30388,WAL
1938072338000,150.55495,-2.76104424291695,-3.64252093182747,-1.4188453002434,0.6133087,2.0460932,-0.77640975,130.35922,80.22841,-3.3201056,WAL
1938077275000,150.559887,-2.80707740580275,-3.45378477172622,-1.11042291663908,0.48808134,2.0567832,-0.7910705,131.04146,80.31243,-3.3316987,WAL
1938082354000,150.564966,-2.74860395206832,-3.24162758198243,-0.505812189732451,0.35094208,2.0347922,-0.7831292,131.70187,80.370285,-3.3659732,WAL
1938087304000,150.569916,-2.66904158411492,-3.03102103790108,0.144728060045414,0.21991149,2.0167716,-0.77488256,132.36363,80.46417,-3.3975222,WAL
1938092300000,150.574912,-2.69310739344609,-2.98063059017874,0.519718936790313,0.15302174,1.981036,-0.77366084,132.99715,80.517204,-3.4388924,WAL
1938097294000,150.579906,-2.74366398879493,-2.97143843394196,0.823058729644436,0.018020526,1.9495764,-0.7458665,133.62172,80.62113,-3.4900112,WAL
1938102351000,150.584963,-2.70716603277294,-2.98239784006451,1.06945348457824,-0.10354166,1.887879,-0.74036866,134.18492,80.63089,-3.5207922,WAL
1938107331000,150.589943,-2.63724256879093,-3.00104414580197,1.28854717055224,-0.21013765,1.8023579,-0.7147123,134.72629,80.66752,-3.563597,WAL
1938112378000,150.59499,-2.508796346875,-2.9789381787049,1.4162649161512,-0.3203988,1.6856827,-0.66431594,135.22069,80.67223,-3.6184535,WAL
1938117369000,150.599981,-2.3548084,-2.93787482268041,1.49839173539519,-0.4364632,1.5677856,-0.61819565,135.68497,80.70331,-3.6762497,WAL
1938122328000,150.60494,-2.19498080030395,-2.8644113275076,1.481828906231,-0.5479461,1.4349225,-0.57726765,136.0937,80.7161,-3.7250488,WAL
1938127342000,150.609954,-2.03185833826211,-2.78285000683891,1.44319470496156,-0.6621779,1.303281,-0.539394,136.46246,80.75364,-3.7810793,WAL
1938132338000,150.61495,-1.88537522670944,-2.76873209690711,1.3880092058259,-0.7874053,1.1765264,-0.49388456,136.78598,80.803444,-3.817104,WAL
1938137330000,150.619942,-1.75072752838366,-2.80364081729515,1.32068534364471,-0.89858276,1.0512991,-0.44135013,137.06583,80.87191,-3.8599896,WAL
1938142343000,150.624955,-1.61551340344234,-2.83869638927137,1.25307826810098,-1.0002918,0.9388999,-0.39278635,137.31259,80.97091,-3.8722408,WAL
1938147350000,150.629962,-1.48046111467689,-2.87371000365097,1.18555211066083,-1.1142182,0.84665924,-0.34788775,137.52356,81.09293,-3.893434,WAL
1938152343000,150.634955,-1.46291855024086,-2.94653753414565,1.21883259123453,-1.2425,0.7476991,-0.2947425,137.70474,81.223755,-3.9268258,WAL
1938157330000,150.639942,-1.48547423261547,-3.03224921195806,1.28649982677812,-1.353372,0.65087694,-0.24617869,137.85533,81.369514,-3.9674964,WAL
1938162360000,150.644972,-1.56147540937945,-3.16275055768057,1.42860242415056,-1.4877623,0.5354234,-0.1853976,137.98119,81.568184,-3.9557981,WAL
1938167368000,150.64998,-1.6688136106409,-3.31887890600203,1.61400469768057,-1.6111571,0.41996986,-0.12889257,138.0761,81.78104,-3.952402,WAL
1938172343000,150.654955,-1.79664236765875,-3.60096285512361,1.88440825628696,-1.7244726,0.301462,-0.06994407,138.14212,81.982155,-3.965881,WAL
1938177387000,150.659999,-1.93713314660204,-3.9521897046825,2.20285399581192,-1.8099937,0.16310102,-0.002443461,138.16614,82.19042,-3.9925025,WAL
1938182350000,150.664962,-2.0912608832264,-4.44263464769325,2.65422088823709,-1.9040669,0.040011674,0.06627888,138.15813,82.35523,-4.0515823,WAL
1938187332000,150.669944,-2.25647073113352,-5.03058777000713,3.19844180246461,-1.9792033,-0.013133603,0.1563815,138.12662,82.51282,-4.133297,WAL
1938192299000,150.674911,-2.35893881780037,-5.90380975767598,3.8723570948761,-2.0039434,-0.119729586,0.19730948,138.02226,82.589584,-4.225271,WAL
1938197355000,150.679967,-2.4258640051239,-6.96505097983019,4.63721578671142,-2.0463986,-0.23243423,0.29565877,137.8952,82.6546,-4.3572745,WAL
1938202327000,150.684939,-2.31656696508141,-8.55838294152105,5.46668895736696,-2.0378466,-0.2950479,0.41416663,137.7327,82.55849,-4.5107355,WAL
1938207349000,150.689961,-2.09213766426728,-10.5257210263106,6.35485608369738,-1.9398025,-0.27122417,0.5290093,137.55782,82.43472,-4.690951,WAL
1938212381000,150.694993,-1.49622432434766,-12.5308800013734,7.74375964894055,-1.7314975,-0.11942416,0.63804877,137.3547,82.15712,-4.911377,WAL
1938217341000,150.699953,-0.662138385167746,-14.5298903996469,9.444549341701,-1.3414601,0.008552114,0.70463306,137.14699,81.81505,-5.150934,WAL
1938222339000,150.704951,0.417446639844811,-15.9786619023278,10.8184598013094,-0.6957755,0.09162979,0.61117065,136.96469,81.33881,-5.34531,WAL
1938227405000,150.710017,1.70681744325897,-16.9856888511154,11.9337185725024,0.10751228,0.087964594,0.3576616,136.79604,80.78339,-5.5089602,WAL
1938232348000,150.71496,2.99910504316723,-17.7353925104453,11.8475271410884,0.80756384,0.10873401,0.031154128,136.61472,80.1181,-5.5248885,WAL
1938237341000,150.719953,4.3391308403852,-18.2567837242433,10.5708478752675,1.1725558,0.3811799,-0.24251351,136.52235,79.4024,-5.4961057,WAL
1938242334000,150.724946,5.2125739491164,-18.6347325463521,9.2328341935038,1.2760975,0.91813046,-0.39706242,136.54715,78.65862,-5.247543,WAL
1938247345000,150.729957,5.67214251001086,-18.8858376201007,7.83517729371113,1.2455542,1.4220943,-0.52320606,136.66495,77.89649,-4.964893,WAL
1938252351000,150.734963,5.53499817404255,-18.1758727727857,6.68890446129639,1.1713341,1.7993035,-0.5830709,137.06918,77.4341,-4.4806833,WAL
1938257345000,150.739957,4.81558803531915,-16.5288021517071,5.78964177553686,1.061073,1.9822577,-0.6218608,137.56569,76.98276,-4.0194626,WAL
1938262358000,150.74497,3.93856820838323,-14.5756773849023,5.07331228169235,0.93034774,1.9862283,-0.6423248,138.23186,76.76756,-3.4956186,WAL
1938267344000,150.749956,2.90266550299401,-12.3163782088937,4.55770467203298,0.7623598,1.8576412,-0.6588182,138.90358,76.57414,-2.9974277,WAL
1938272328000,150.75494,1.94106901018209,-10.2085855189681,4.1890320491654,0.6001751,1.6584991,-0.66737026,139.5369,76.430214,-2.6094623,WAL
1938277346000,150.759958,1.06599012178722,-8.27611953802057,4.00267261588265,0.41416663,1.4150693,-0.66553766,140.11455,76.331184,-2.2227407,WAL
1938282343000,150.764955,0.200375624516046,-6.40337785691362,3.82502297925913,0.21288654,1.2883148,-0.61941737,140.59836,76.223694,-2.0010254,WAL
1938287362000,150.769974,-0.595527623941618,-5.17670221345169,3.74707365964493,0.00580322,1.0128145,-0.569021,140.9688,76.16936,-1.7585014,WAL
1938292312000,150.774924,-1.38048898673609,-3.96689061051553,3.6701959684534,-0.09560041,0.7687739,-0.45020768,141.21738,76.05175,-1.699197,WAL
1938297292000,150.779904,-2.21215048669862,-3.32664068076693,3.4490792657879,-0.30390546,0.61727935,-0.29077184,141.40625,76.02153,-1.6535366,WAL
1938302290000,150.784902,-3.06295417723188,-2.90601855356501,3.17185112612343,-0.52412236,0.5653558,-0.095294975,141.54247,76.0191,-1.6418552,WAL
1938307295000,150.789907,-3.58115735835739,-3.05032299516177,3.03171770843206,-0.74372846,0.58276546,0.07452556,141.55017,76.03215,-1.8181924,WAL
1938312294000,150.794906,-3.96720322980587,-3.41730488524639,2.94592964299652,-0.9789116,0.5119051,0.22602014,141.50185,76.099014,-2.0325885,WAL
1938317285000,150.799897,-4.23403056440678,-4.12809068135593,3.16245635254237,-1.1624765,0.28191432,0.32803464,141.3898,76.143394,-2.3796816,WAL
1938322318000,150.80493,-4.45379502030925,-4.98803851974428,3.50643548789771,-1.2788464,-0.12461651,0.39645153,141.19699,76.21312,-2.7436476,WAL
1938327297000,150.809909,-4.63811797315071,-6.35471343487935,3.95095558929984,-1.2901474,-0.70554936,0.42852196,140.87479,76.27994,-3.1476946,WAL
1938332314000,150.814926,-4.80917093103244,-7.96070946255934,4.44510815977057,-1.2134838,-1.3185526,0.48441613,140.42216,76.325836,-3.5503156,WAL
1938337266000,150.819878,-4.8048974476851,-9.57231602780453,4.32724008521158,-1.071763,-1.8316795,0.54336464,139.80612,76.31332,-3.968503,WAL
1938342296000,150.824908,-4.71364627745457,-11.222570430296,3.90346347344763,-0.8940013,-2.057394,0.6081163,139.09683,76.240974,-4.382695,WAL
1938367195000,150.849807,-3.56395545289655,-17.6133083759606,1.45214016736158,1.112691,-0.31031954,0.6649268,136.3137,75.34662,-6.80811,WAL
1938372231000,150.854843,-1.79635800434483,-14.9951728496552,0.178709799613793,1.1743884,-0.22204952,0.35460728,136.10089,75.05803,-7.2386055,WAL
1938377202000,150.859814,-0.43280816701314,-12.4669909794077,-0.864936481168857,0.852157,-0.15699236,0.13988814,136.00902,74.90396,-7.4469986,WAL
1938382230000,150.864842,0.350998706609139,-9.99752758148657,-1.58736086223181,0.267559,0.05467244,0.0720821,135.99312,74.8258,-7.617019,WAL
1938387186000,150.869798,0.901782813649852,-7.85761438575668,-2.00493430148368,-0.063224554,0.1414153,-0.06811147,136.05742,74.98079,-7.5271845,WAL
1938392225000,150.874837,1.04498022846686,-6.23470998565776,-1.87605666802176,-0.71685034,-0.07391469,-0.16982053,136.098,75.35771,-7.424474,WAL
1938397198000,150.87981,1.00943402590583,-4.88579955023943,-1.76419419253791,-1.2226468,-0.5271767,-0.18845193,136.13771,75.82717,-7.2345896,WAL
1938402241000,150.884853,0.609538333240223,-4.03782785405028,-1.68228780293296,-1.5650368,-1.0140363,-0.14782938,136.11137,76.418015,-7.0194187,WAL
1938407230000,150.889842,0.136641626601307,-3.34493444379085,-1.82366182222222,-1.8264871,-1.4379768,-0.074830994,135.95412,77.04182,-6.8022327,WAL
1938412289000,150.894901,-0.501477372419291,-2.94191194920776,-2.42339775538721,-2.0018053,-1.7996091,-0.01863139,135.68079,77.71767,-6.571334,WAL
1938417228000,150.89984,-1.06138359828355,-2.69208198595811,-3.02092899738169,-2.1285598,-2.0735822,0.037873644,135.27669,78.352325,-6.415813,WAL
1938422243000,150.904855,-1.48986956063324,-2.75728632342901,-3.65434290181342,-2.212554,-2.230269,0.10629055,134.80426,78.99701,-6.2733026,WAL
1938427247000,150.909859,-1.88453718362975,-2.84622182787658,-4.23879308576201,-2.2504275,-2.3176227,0.17806722,134.25775,79.63951,-6.231444,WAL
1938432247000,150.914859,-2.18095995065343,-3.00619608355114,-4.68107465203891,-2.2602015,-2.4113905,0.25137106,133.66193,80.258934,-6.212189,WAL
1938437244000,150.919856,-2.45706833122413,-3.18651121416322,-5.07458609036073,-2.2516494,-2.482251,0.35613444,133.05147,80.86037,-6.2871633,WAL
1938442230000,150.924842,-2.6594385030751,-3.44065052374335,-5.29107520283856,-2.2229385,-2.4898868,0.47403142,132.42984,81.38611,-6.397987,WAL
1938447249000,150.929861,-2.83682739675546,-3.69364566853595,-5.45668721261767,-2.1755965,-2.4236078,0.56291234,131.81554,81.8292,-6.580707,WAL
1938452304000,150.934916,-2.89984961961746,-3.93603868931504,-5.39366504037653,-2.1282544,-2.2925773,0.65393126,131.21684,82.13808,-6.8112774,WAL
1938457285000,150.939897,-2.96614395222621,-4.20454497560384,-5.28157227680667,-2.0781636,-2.1487186,0.7669413,130.64384,82.285515,-7.112108,WAL
1938462384000,150.944996,-3.05140715598021,-4.60244009132797,-4.95946687887283,-2.0030272,-2.0115793,0.9059132,130.10982,82.25913,-7.458868,WAL
1938467373000,150.949985,-3.13367258793172,-5.04984564613934,-4.64828239286423,-1.9385809,-1.892766,1.0543534,129.61261,82.054306,-7.8587174,WAL
1938472312000,150.954924,-3.20878146478761,-5.81032346546248,-4.36192945672886,-1.8661933,-1.7681495,1.207986,129.16339,81.686806,-8.30785,WAL
1938477296000,150.959908,-3.26615093964612,-6.60144752362434,-4.08052960326658,-1.7736472,-1.6371188,1.393689,128.7406,98.8401,-8.82632,WAL
1938482313000,150.964925,-3.19141354030721,-7.56836379817227,-3.8516462202411,-1.676825,-1.5720617,1.6105462,128.34523,99.483696,-9.399948,WAL
1938487328000,150.96994,-3.10758963269369,-8.54921242001435,-3.62381493326758,-1.6184875,-1.4547756,1.7272215,128.0048,100.1798,-9.992567,WAL
1938492328000,150.97494,-2.9057828267396,-9.71282163809182,-3.40912685041248,-1.5012014,-1.3344351,1.9569068,127.69805,100.9805,-10.67379,WAL
1938497283000,150.979895,-2.7057922820391,-10.8659583732066,-3.19637096030309,-1.427592,-1.2049317,2.1395555,127.44612,101.73939,-11.312017,WAL
1938502310000,150.984922,-2.428900670597,-12.2245611880401,-3.00496738147412,-1.4071281,-1.0644327,2.2568417,127.244934,102.53379,-11.982759,WAL
1938507266000,150.989878,-2.1413054231946,-13.601246616867,-2.82109490768849,-1.4587462,-0.9465357,2.2660046,127.08587,103.339134,-12.658933,WAL
1938512468000,150.99508,-1.69212210178308,-14.6488830493547,-2.63344633694217,-1.5512923,-0.8542951,2.1804836,126.98909,103.994385,-13.202539,WAL
1938517295000,150.999907,-1.2458339730864,-15.5414595920599,-2.46039589046399,-1.6490307,-0.7840455,2.05434,126.92479,104.63003,-13.718489,WAL
1938522346000,151.004958,-0.647958512531463,-15.8673796166779,-2.49664657950812,-1.6936239,-0.65668017,1.8784106,126.93278,105.020805,-14.00899,WAL
1938527271000,151.009883,-0.0317086209232395,-16.0305040954943,-2.58727159487943,-1.6740762,-0.47616947,1.6539177,126.97295,105.36256,-14.241078,WAL
1938532329000,151.014941,0.666822134518496,-15.6217663277285,-2.52362870945684,-1.6566665,-0.2284636,1.3903292,127.07957,105.49005,-14.256535,WAL
1938537244000,151.019856,1.37193685477224,-14.993399129624,-2.39891457886477,-1.6175711,-0.040927973,1.1233811,127.21322,105.56822,-14.216917,WAL
1938542336000,151.024948,1.92038451329002,-14.0492378292971,-1.8958062024808,-1.565953,-0.027488936,0.8368854,127.3804,105.524055,-14.013637,WAL
1938547304000,151.029916,2.39344370407561,-13.0281793343178,-1.27755058476078,-1.5088371,-0.21227567,0.56688297,127.534035,105.43752,-13.762728,WAL
1938552346000,151.034958,2.38861197410241,-12.110363294487,-0.535859647292525,-1.4239268,-0.63255095,0.28160888,127.6198,105.255104,-13.394536,WAL
1938557285000,151.039897,2.19837326397881,-11.2566086459682,0.234375295129488,-1.3570372,-1.2241739,0.027794369,127.59487,105.040215,-12.997658,WAL
1938562387000,151.044999,1.79131896417234,-10.3552639546485,0.609745085034014,-1.3365731,-1.8420641,-0.15271631,127.40603,104.7601,-12.568075,WAL
1938567335000,151.049947,1.30078020538302,-9.4722945010352,0.78260158447205,-1.3292428,-2.406809,-0.2846632,127.06278,104.45077,-12.12396,WAL
1938572329000,151.054941,0.754376073470171,-8.73521804412047,0.406961928831767,-1.3469579,-2.8283062,-0.38423425,126.457794,104.2231,-11.7950945,WAL
1938577345000,151.059957,0.178444952848648,-8.07635302129292,-0.261118177824669,-1.3698653,-3.0955596,-0.45142943,125.741516,103.9855,-11.46674,WAL
1938582357000,151.064969,-0.341812300283733,-7.52074624401009,-1.08964260542245,-1.3625349,-3.1688635,-0.48349985,124.914635,103.82812,-11.250154,WAL
1938587353000,151.069965,-0.819465102238335,-7.04309325830181,-2.03489242055485,-1.3558154,-3.2107077,-0.48655418,124.03004,103.67242,-11.040798,WAL
1938592302000,151.074914,-1.18712966991467,-6.71309348175233,-2.86734812242508,-1.3432927,-3.1413746,-0.45814893,123.23189,103.6156,-10.915615,WAL
1938597358000,151.07997,-1.50903502573923,-6.44884283075015,-3.66490468015479,-1.3182472,-2.9681942,-0.38423425,122.46938,103.57036,-10.810146,WAL
1938602351000,151.084963,-1.69414993363259,-6.43466927042186,-4.16610328371464,-1.280679,-2.7327056,-0.28710666,121.771965,103.69627,-10.7917795,WAL
1938607326000,151.089938,-1.80913357056666,-6.54965281130418,-4.51565353615214,-1.2687671,-2.456289,-0.18448131,121.153984,103.840004,-10.793523,WAL
1938612455000,151.095067,-1.8258468562689,-6.7761717990123,-4.73092622188067,-1.2605205,-2.104736,-0.07849618,120.61498,104.13664,-10.842331,WAL
1938617357000,151.099969,-1.77380082726265,-7.06479080840556,-4.83974968317879,-1.2525792,-1.7033978,0.009468411,120.179886,104.45266,-10.904482,WAL
1938622327000,151.104939,-1.59408180660018,-7.30493602546201,-4.68399409967732,-1.2272283,-1.3084733,0.1001819,119.864525,104.83807,-10.992547,WAL
1938627350000,151.109962,-1.32597339829862,-7.5118970338809,-4.34533088586096,-1.2311989,-0.9669997,0.19028452,119.65748,105.24778,-11.090136,WAL
1938632348000,151.11496,-1.02690660671396,-7.7414567413328,-3.57866121228894,-1.2776246,-0.7467828,0.28008172,119.543724,105.68609,-11.189747,WAL
1938637331000,151.119943,-0.702694026965731,-7.98938351913278,-2.46775630024978,-1.3530666,-0.5644395,0.3408628,119.52377,106.14216,-11.289467,WAL
1938642286000,151.124898,-0.240461858392769,-8.14039174629979,-1.80959030783749,-1.3927728,-0.46517387,0.36468655,119.55404,106.55255,-11.379915,WAL
1938647359000,151.129971,0.353133681270488,-8.21278139525181,-1.52003151045992,-1.4272866,-0.4288274,0.37568212,119.62591,106.979164,-11.472138,WAL
1938652344000,151.134956,0.680114817608229,-8.28571542219189,-1.2784028737812,-1.4495832,-0.4392121,0.38087448,119.66355,107.2612,-11.557312,WAL
1938657328000,151.13994,0.787155436258775,-8.36017898693448,-1.07362952861739,-1.4300356,-0.47708577,0.38606682,119.70679,107.53575,-11.64023,WAL
1938662360000,151.144972,0.815255697384405,-8.43782307386364,-1.01997216534091,-1.3854424,-0.54305923,0.38759398,119.67692,107.7852,-11.643073,WAL
1938667426000,151.150038,0.758222651518417,-8.51862001704546,-1.12928550738636,-1.3417655,-0.60994893,0.39370266,119.639915,108.028564,-11.65083,WAL
1938672325000,151.154937,0.649349386350177,-8.6099661814882,-1.27607455181011,-1.3051136,-0.65301496,0.40103304,119.56246,108.24119,-11.649749,WAL
1938677353000,151.159965,0.469968827335944,-8.7203540508167,-1.47845258440157,-1.2797627,-0.6762278,0.40378192,119.4744,108.4432,-11.652343,WAL
1938682297000,151.164909,0.278027146186753,-8.83221011562858,-1.67673880486638,-1.2556335,-0.70952,0.41080686,119.36889,108.6648,-11.674279,WAL
1938687356000,151.169968,0.0513236011596132,-8.95311847967142,-1.87825307810128,-1.2486086,-0.7315111,0.41172317,119.26241,108.87951,-11.696057,WAL
1938692283000,151.174895,-0.19206119133478,-9.04287599566118,-2.01936996515137,-1.2574661,-0.7486154,0.42546764,119.14928,109.135185,-11.751077,WAL
1938697343000,151.179955,-0.47399193019288,-9.09543942135884,-2.0862688433685,-1.2916746,-0.75533485,0.41416663,119.03405,109.38496,-11.79964,WAL
1938702241000,151.184853,-0.757498795235785,-9.12845219736076,-2.09269962745973,-1.3536774,-0.7632761,0.39767328,118.907104,109.68446,-11.881597,WAL
1938707328000,151.18994,-1.06948565037842,-9.13317887230739,-2.00288520209587,-1.4110987,-0.7635816,0.3811799,118.78309,109.98118,-11.958894,WAL
1938712282000,151.194894,-1.37208275401059,-9.13017272857423,-1.82284818482055,-1.4633276,-0.7626653,0.35796702,118.63105,110.317505,-12.074236,WAL
1938717345000,151.199957,-1.67875419468523,-9.11115445626593,-1.4448577761669,-1.5097535,-0.7528914,0.34788775,118.485306,110.65512,-12.185299,WAL
1938722240000,151.204852,-1.97524969184154,-9.09276724651892,-1.07940981046284,-1.5723672,-0.77579886,0.36896262,118.29355,111.02371,-12.359491,WAL
1938727349000,151.209961,-2.28470740276525,-9.07357618327123,-0.697985161477741,-1.6184875,-0.79259765,0.3811799,118.10931,111.383575,-12.522618,WAL
1938732316000,151.214928,-2.57730746574871,-9.04001268406961,-0.320836766096768,-1.6551393,-0.7800749,0.40775254,117.91539,111.76543,-12.691927,WAL
1938737361000,151.219973,-2.84988204277108,-8.9614741231593,0.0810951614323962,-1.6740762,-0.75777835,0.45478916,117.72732,112.14653,-12.866274,WAL
1938742337000,151.224949,-3.10694816071429,-8.88693882528957,0.469000066969112,-1.676825,-0.7357872,0.50823987,117.40714,112.50628,-13.191218,WAL
1938747300000,151.229912,-3.30422386571429,-8.82729755366795,0.813085680942085,-1.6487253,-0.7257079,0.5842926,117.10031,112.858986,-13.522631,WAL
1938752342000,151.234954,-3.49888923047355,-8.78305702199326,1.14834584612641,-1.5949692,-0.7180721,0.66859204,116.72676,113.19503,-13.927493,WAL
1938757388000,151.24,-3.63772541636616,-8.8979557517337,1.34463144687933,-1.50731,-0.6933321,0.7623598,116.3714,113.51731,-14.3386965,WAL
1938762348000,151.24496,-3.76075363974359,-9.02564892966524,1.52206078660969,-1.3710871,-0.68203104,0.8582657,115.948875,113.819305,-14.816702,WAL
1938767324000,151.249936,-3.72256921923077,-9.33112491399573,1.51357535982906,-1.2076806,-0.68600166,0.95722586,115.53932,114.10141,-15.30278,WAL
1938772316000,151.254928,-3.68426201923077,-9.63758313621795,1.50506264871795,-1.0152581,-0.70432764,1.0247264,115.09916,114.33246,-15.815345,WAL
1938777345000,151.259957,-3.56056359034465,-10.1456933475927,1.38318926758746,-0.8200866,-0.7272351,1.07665,114.66356,114.53752,-16.332798,WAL
1938782293000,151.264905,-3.42104811472982,-10.6873416697264,1.23957039689124,-0.6218608,-0.77518797,1.0873401,114.21639,114.70249,-16.842566,WAL
1938787354000,151.269966,-3.21114153370552,-11.247774128874,0.980715837451738,-0.5299256,-0.8524625,1.1029172,113.71874,114.87976,-17.35184,WAL
1938792302000,151.274914,-2.94412224642596,-11.8015917951581,0.624690043629344,-0.35521814,-0.94989544,1.0974194,113.19932,114.99573,-17.84403,WAL
1938797286000,151.279898,-2.61288141253471,-12.1379917758826,0.183971749667791,-0.21074851,-1.0735956,1.0830641,112.6578,115.09202,-18.290462,WAL
1938802316000,151.284928,-2.23549773145577,-12.324295314161,-0.317613999290956,-0.07452556,-1.1838568,1.039998,112.08842,115.14907,-18.71634,WAL
1938807302000,151.289914,-1.75453967641257,-12.3663112805313,-0.946342886776368,0.020463986,-1.217149,0.9954049,111.5577,115.18623,-19.078655,WAL
1938812357000,151.294969,-1.18827587553529,-12.3039265273592,-1.68056630340999,0.09743301,-1.1688906,0.9550878,111.01545,115.19554,-19.418636,WAL
1938817340000,151.299952,-0.559464603836609,-12.2558754947389,-2.42379716896962,0.18051068,-1.0458013,0.9077458,110.57474,115.18879,-19.663086,WAL
1938822349000,151.304961,0.12623246697439,-12.2177804437165,-3.1856827755807,0.22479841,-0.8145888,0.8573494,110.17622,115.1669,-19.874733,WAL
1938827341000,151.309953,0.816436098535013,-11.9990564556109,-3.72347250360387,0.23548855,-0.52870387,0.7974846,109.97215,115.1465,-19.960794,WAL
1938832336000,151.314948,1.51255742669206,-11.6346443987694,-4.08321309633753,0.20861048,-0.24098633,0.7147123,109.828865,115.10768,-20.006342,WAL
1938837341000,151.319953,2.10751732490646,-11.292344328648,-4.0585594606128,0.113926366,-0.024740042,0.5839872,109.89372,115.06674,-19.897968,WAL
1938842348000,151.32496,2.60210831909192,-10.9723150554151,-3.65609822843564,-0.043066,0.07971791,0.4288274,109.99617,115.01752,-19.749647,WAL
1938847322000,151.329934,2.82975887402043,-10.9586326066858,-3.10106611869854,-0.22357668,0.09254608,0.22113322,110.21544,114.94848,-19.460985,WAL
1938852351000,151.334963,2.82020372413451,-11.2213937410971,-2.39877676968555,-0.3820962,0.03573562,-0.0018325958,110.42245,114.87102,-19.128805,WAL
1938857346000,151.339958,2.56988268524688,-11.5893490803093,-1.73060470261749,-0.47861293,-0.0580322,-0.19120082,110.57586,114.732506,-18.726894,WAL
1938862398000,151.34501,2.08539092641285,-12.0642470981559,-1.08301659208804,-0.50671273,-0.1685988,-0.33200526,110.686386,114.58167,-18.290071,WAL
1938867416000,151.350028,1.39616812269338,-12.330471397858,-0.587216634236414,-0.4654793,-0.28038713,-0.40194935,110.64026,114.34523,-17.85834,WAL
1938872349000,151.354961,0.520094492350258,-12.3960601431971,-0.240535109565649,-0.40103304,-0.34422258,-0.42638394,110.56453,114.09821,-17.413773,WAL
1938877334000,151.359946,-0.303688721972247,-12.3409692270446,-0.102324139813011,-0.31948254,-0.36346483,-0.39828414,110.32634,113.801285,-17.05641,WAL
1938882355000,151.364967,-1.06559290292294,-12.1516758963685,-0.196970622317685,-0.2782491,-0.34513888,-0.37048978,110.07822,113.50133,-16.702114,WAL
1938887297000,151.369909,-1.57277119771264,-12.1159060739068,-0.345396436108602,-0.16035213,-0.24465153,-0.2938262,109.74518,113.231384,-16.506197,WAL
1938892300000,151.374912,-1.7753816867852,-12.2724689605959,-0.566426009408938,-0.031154128,-0.12858713,-0.21502456,109.425644,112.962135,-16.320488,WAL
1938897252000,151.379864,-1.82504457724369,-12.7887096751851,-0.636354094304837,0.11453723,-0.032070424,-0.15882497,109.09879,112.778984,-16.263653,WAL
1938902354000,151.384966,-1.58720647325829,-14.0125848442349,-0.423290786997262,0.27916542,0.064751714,-0.14294247,108.80981,112.57821,-16.20916,WAL
1938907272000,151.389884,-1.19874018229429,-14.9018568198198,-0.244251719720721,0.47158796,0.16432275,-0.17256944,108.56686,112.3835,-16.167713,WAL
1938912436000,151.395048,-0.523248244572314,-15.3473940136588,-0.100530034558268,0.6771441,0.21991149,-0.23609942,108.33896,112.15508,-16.117496,WAL
1938917321000,151.399933,0.0027511015366546,-15.6535998059607,-0.0671726239620241,0.8729264,0.22571471,-0.33017266,108.07092,111.79189,-15.989445,WAL
1938922350000,151.404962,0.309153626882255,-15.7290217621611,-0.246300245175394,1.0613784,0.21960606,-0.41386122,107.81452,111.39098,-15.846052,WAL
1938927257000,151.409869,0.562391933826988,-15.719044758472,-0.372380850295322,1.2492194,0.22999077,-0.5164866,107.570404,110.84548,-15.574497,WAL
1938932334000,151.414946,0.697933901820716,-15.4776108297761,-0.368145166559805,1.4172074,0.25320363,-0.6105598,107.32646,110.268486,-15.288445,WAL
1938937771000,151.420383,0.822310724908669,-15.1988145188688,-0.340199080296708,1.5897768,0.26053402,-0.7318166,107.117004,109.62574,-14.924581,WAL
1938942353000,151.424965,0.688043612055633,-14.7309135093185,-0.0472526808344923,1.7556267,0.22724187,-0.8677341,106.898254,108.94715,-14.540348,WAL
1938947325000,151.429937,0.542348263931386,-14.2231867918405,0.270628047695874,1.8732183,0.14049901,-1.0173961,106.67494,108.22787,-14.115636,WAL
1938952346000,151.434958,0.244641365367691,-13.5587590333994,0.578370791160555,1.9960022,0.015577064,-1.1597277,106.4263,107.46797,-13.66807,WAL
1938957274000,151.439886,-0.0780960603924678,-12.8758657069376,0.877721447858276,2.1636846,-0.09773844,-1.2605205,106.153206,106.67515,-13.203606,WAL
1938962442000,151.445054,-0.555747704337136,-12.3132832847168,1.01309674034717,2.3967297,-0.15943582,-1.3374895,105.808174,105.85239,-12.7568445,WAL
1938967321000,151.449933,-1.0382565724823,-11.816988506491,1.10040788006491,2.670703,-0.1695151,-1.4065173,105.446014,104.99795,-12.294419,WAL
1938972347000,151.454959,-1.54580928941176,-11.5983019529412,1.09524871529412,2.9547553,-0.17256944,-1.462106,105.02118,104.15361,-11.885213,WAL
1938977271000,151.459883,-2.04601969357763,-11.4664284960463,1.06341716829315,3.2284229,-0.15577064,-1.4737124,104.60485,103.2998,-11.473496,WAL
1938982350000,151.464962,-2.56608970780106,-11.6391093922591,0.859849010747017,3.3472362,-0.14294247,-1.5042557,104.157486,102.53028,-11.130437,WAL
1938987317000,151.469929,-3.07644524736789,-11.9395986979846,0.587977324792941,3.5298848,-0.09773844,-1.536326,103.73206,101.77003,-10.785132,WAL
1938992304000,151.474916,-3.54964466834632,-12.3341183627847,0.195276752547086,3.574478,-0.031154128,-1.5546521,103.28517,101.16012,-10.519143,WAL
1938997338000,151.47995,-4.01077619417217,-12.7714801854847,-0.25159304075535,3.513697,0.038179077,-1.5696182,102.860016,100.608025,-10.24622,WAL
1939002351000,151.484963,-4.48775290764962,-13.1369795945303,-0.961260098121284,3.3631186,0.11942416,-1.5592335,102.465675,100.21467,-10.043469,WAL
1939007377000,151.489989,-4.97423404954419,-13.4708395630202,-1.79590933208086,3.161533,0.20891592,-1.5393804,102.10208,99.89453,-9.840111,WAL
1939012426000,151.495038,-5.44565394396332,-13.7627493579216,-2.57721083370352,2.9361238,0.35277468,-1.5149459,101.80897,99.6985,-9.691663,WAL
1939017431000,151.500043,-5.90470652674478,-14.0313437155374,-3.32439201118696,2.7052166,0.50885075,-1.4746287,101.55262,80.44324,-9.554059,WAL
1939022345000,151.504957,-6.38256599574721,-14.2596094817525,-3.72672078620314,2.4669793,0.6230826,-1.4355333,101.37959,80.48524,-9.496295,WAL
1939027335000,151.509947,-6.87883435199288,-14.4770226614578,-4.00084984890713,2.2766948,0.62888575,-1.4159856,101.225945,80.51661,-9.440915,WAL
1939032352000,151.514964,-7.29505108007948,-14.8000262679583,-4.18330705746647,2.1591032,0.6206391,-1.4636332,101.31361,80.58075,-9.3522415,WAL
1939037349000,151.519961,-7.67066660874317,-15.1708870754098,-4.32119134131148,2.0958786,0.68844515,-1.6065756,101.42282,80.66802,-9.240881,WAL
1939042329000,151.524941,-7.77022415783924,-15.0664895526263,-3.9812478669419,1.9376645,0.7467828,-1.7736472,101.62927,80.76696,-9.122426,WAL
1939047336000,151.529948,-7.73206167254278,-14.7230273842021,-3.39927103710704,1.74738,0.6365216,-1.8881844,101.79954,80.89402,-8.977299,WAL
1939052346000,151.534958,-7.25859839549051,-14.0665674497627,-3.09601729568829,1.6178766,0.410196,-1.8909334,102.0035,81.026405,-8.8277645,WAL
1939057363000,151.539975,-6.55538120346123,-13.2445638521559,-2.93921892874802,1.5699236,0.30665436,-1.8139644,102.20005,81.17218,-8.668871,WAL
1939062420000,151.545032,-5.60928972770653,-12.3853904864301,-3.11439882487325,1.5754215,0.4642576,-1.6869044,102.39699,81.304405,-8.5089445,WAL
1939067386000,151.549998,-4.55022938075355,-11.5249039853862,-3.46899482312357,1.6307048,0.7870999,-1.5183055,102.60393,81.39817,-8.3863325,WAL
1939072343000,151.554955,-3.55764907478327,-10.9239643677241,-3.51008351736687,1.7617353,0.9764681,-1.3878858,102.7703,81.50852,-8.236144,WAL
1939077339000,151.559951,-2.59590313060875,-10.4727185275793,-3.36422620880252,1.92392,1.3213016,-1.3267993,103.06986,81.57942,-8.1225195,WAL
1939082354000,151.564966,-1.75212910125799,-10.1608852414931,-2.92128740948649,2.008525,1.5384641,-1.244027,103.39231,81.714584,-7.9414535,WAL
1939087352000,151.569964,-1.02166892751083,-9.9782701336358,-2.21056954188492,2.1395555,1.6187929,-1.210124,103.7711,81.82094,-7.771666,WAL
1939092290000,151.574902,-0.412243628552515,-9.81575858551527,-1.92348573601423,2.2275202,1.6701056,-1.1774428,104.116875,81.9909,-7.5265527,WAL
1939097341000,151.579953,0.127830172174686,-9.66281773905741,-1.93782396844185,2.271197,1.8701639,-1.1615603,104.526535,82.134895,-7.2967167,WAL
1939102348000,151.58496,0.487505546302949,-9.58051259552396,-1.92606869729133,2.300213,2.169488,-1.105666,104.9726,82.27497,-7.000524,WAL
1939107389000,151.590001,0.710085572688502,-9.55269001354337,-1.89360908287388,2.399784,2.46759,-1.0754282,105.472,82.37462,-6.714528,WAL
1939112367000,151.594979,0.860920420560502,-9.52217457851073,-1.75344800177054,2.4770586,2.5595255,-1.035722,106.024216,82.474236,-6.382313,WAL
1939117362000,151.599974,0.938356535018211,-9.48829610724403,-1.49694095538244,2.4743097,2.5625796,-0.9914343,106.62996,82.529236,-6.0728145,WAL
1939122329000,151.604941,1.00631017390434,-9.38983652124619,-1.38082028914825,2.3979516,2.5833492,-0.960891,107.276955,82.559746,-5.7435083,WAL
1939127343000,151.609955,1.06578382853468,-9.22514028363186,-1.40369480109566,2.3054054,2.5766296,-0.91904676,107.90945,82.548065,-5.43879,WAL
1939132335000,151.614947,1.11489534046243,-9.00850928323699,-1.44061751445087,2.1997259,2.5579982,-0.8753699,108.54234,82.49577,-5.131668,WAL
1939137335000,151.619947,1.1488866699422,-8.71229946678836,-1.49888822736031,2.1261165,2.4846945,-0.829555,109.15056,82.41877,-4.8439565,WAL
1939142346000,151.624958,1.10021985844978,-8.39175453392983,-1.65000371901076,2.0702224,2.410169,-0.7987063,109.760735,82.33054,-4.5554,WAL
1939147331000,151.629943,0.941837132049864,-8.04139277711873,-1.92357382356489,1.9947804,2.3738225,-0.7486154,110.35359,82.23277,-4.291778,WAL
1939152264000,151.634876,0.722562991818719,-7.73559365339901,-2.11809708744828,1.9501873,2.334727,-0.7110472,110.93675,82.11696,-4.0298276,WAL
1939157383000,151.639995,0.408618282423645,-7.47477782955665,-2.21469544172414,1.8994855,2.2540927,-0.6924158,111.491875,82.003494,-3.780587,WAL
1939162323000,151.644935,0.116367447185489,-7.24682389657695,-2.28861579821533,1.8371773,2.1700988,-0.6966918,112.033394,81.91695,-3.551094,WAL
1939167352000,151.649964,-0.165445079009167,-7.04955521652038,-2.33558466701775,1.7531832,2.08977,-0.6963864,112.548355,81.84077,-3.3311253,WAL
1939172249000,151.654861,-0.436989591230163,-6.87244804948543,-2.3795395251034,1.6740762,2.0540345,-0.7107417,113.11858,81.74024,-3.146689,WAL
1939177349000,151.659961,-0.714152355681447,-6.71742472737328,-2.42181851038761,1.6297885,1.9914207,-0.73548174,113.65399,81.65283,-2.9588842,WAL
1939182250000,151.664862,-1.02901960809025,-6.52140301193594,-2.47299714401692,1.5271631,1.9278907,-0.7476991,114.24405,81.560234,-2.812459,WAL
1939187331000,151.669943,-1.49463974586624,-6.18321583833602,-2.55631868609992,1.4333953,1.8826867,-0.7648033,114.81767,81.48177,-2.6580846,WAL
1939192293000,151.674905,-1.86182169152185,-5.91314187995982,-2.60493283794073,1.353372,1.8674151,-0.7806858,115.42504,81.40151,-2.5420535,WAL
1939197336000,151.679948,-2.01221560285284,-5.7918565901557,-2.57097285547966,1.2687671,1.8628336,-0.7974846,116.01871,81.3526,-2.4208767,WAL
1939202288000,151.6849,-2.18329158477873,-5.68157414381283,-2.53039867904726,1.187522,1.8674151,-0.81183994,116.64622,81.30879,-2.3689644,WAL
1939207386000,151.689998,-2.4172435133515,-5.58982815422343,-2.47076391035422,1.1010846,1.8860464,-0.8206975,117.272675,81.29529,-2.3152273,WAL
1939212352000,151.694964,-2.62321570038892,-5.48277899859609,-2.36317925817682,1.0204504,1.9208658,-0.8396343,117.93271,81.2773,-2.2790651,WAL
1939217363000,151.699975,-2.72791646224625,-5.29158619969645,-2.02176364771391,0.9410379,1.9581286,-0.8765916,118.59571,81.28903,-2.236951,WAL
1939222404000,151.705016,-2.8293792171257,-5.09252479613792,-1.67358812904846,0.8527679,2.0137172,-0.89919364,119.27783,81.308716,-2.2347312,WAL
1939227350000,151.709962,-2.88332789904742,-4.81787732869124,-1.27633012562125,0.75900006,2.0305161,-0.9230174,119.9568,81.358665,-2.2221441,WAL
1939232312000,151.714924,-2.93480512447109,-4.55251532404795,-0.890845635818054,0.6078109,2.0109684,-0.93218035,120.640396,81.37361,-2.2257297,WAL
1939237338000,151.71995,-2.96874935930889,-4.35369894675599,-0.590196042602257,0.43371433,1.9804251,-0.93859446,121.3224,81.42536,-2.224612,WAL
1939242330000,151.724942,-2.9968604408533,-4.1646631829924,-0.305265616241964,0.29443705,1.964848,-0.9309586,121.988106,81.4338,-2.2355263,WAL
1939247360000,151.729972,-2.99216812602766,-4.02389344424313,-0.0988036169238262,0.1432479,1.9343048,-0.91721416,122.63688,81.495415,-2.2454665,WAL
1939252293000,151.734905,-2.98595941761238,-3.89495440047163,0.0938075387236551,0.012217305,1.8869628,-0.87964594,123.263435,81.52704,-2.2700722,WAL
1939257404000,151.740016,-2.96191273384918,-3.86128899298452,0.185185004818963,-0.11026118,1.8344283,-0.8503244,123.875534,81.59819,-2.2956464,WAL
1939262418000,151.74503,-2.93832242424466,-3.82826251027266,0.274828247824613,-0.2003638,1.78617,-0.83169305,124.46693,81.648445,-2.3283381,WAL
1939267341000,151.749953,-2.91516025946942,-3.79583543121592,0.362844539271923,-0.31703907,1.7238617,-0.795652,125.03338,81.73557,-2.3721383,WAL
1939272608000,151.75522,-2.88347956306339,-3.7519517411626,0.451450873767117,-0.4266894,1.700038,-0.7675522,125.599846,81.83761,-2.4196901,WAL
1939277364000,151.759976,-2.77608591728485,-3.60738340170491,0.467972968472839,-0.548557,1.6859881,-0.7528914,126.14617,81.97162,-2.471442,WAL
1939282303000,151.764915,-2.66456000969439,-3.45725240326471,0.485130795586288,-0.605062,1.6471981,-0.7144069,126.66941,82.07136,-2.5268242,WAL
1939287357000,151.769969,-2.55578194536916,-3.28942471487729,0.512258092510858,-0.7266242,1.5916094,-0.6844745,127.17914,82.21887,-2.5822396,WAL
1939292302000,151.774914,-2.45055413338047,-3.12201686168064,0.540956598040602,-0.8527679,1.5222762,-0.64934975,127.66779,82.37572,-2.6475449,WAL
1939297315000,151.779927,-2.28812023931624,-2.9930387017094,0.614061583760684,-0.9691377,1.4382823,-0.6038403,128.13385,82.54887,-2.7014937,WAL
1939302252000,151.784864,-2.11696842383107,-2.87418324395173,0.694883277164404,-1.0900891,1.3402383,-0.5552765,128.57051,82.74868,-2.7623637,WAL
1939307397000,151.790009,-1.97409037326108,-2.76458923698522,0.834514445024631,-1.2229522,1.2159272,-0.5174029,128.97461,82.96402,-2.8112965,WAL
1939312263000,151.794875,-1.84553654999015,-2.6635826786798,0.976841828866995,-1.353372,1.065349,-0.46792278,129.33727,83.19758,-2.8722198,WAL
1939317308000,151.79992,-1.78472718571286,-2.54634845445042,1.09854097779769,-1.4743233,0.91813046,-0.41141775,129.6622,83.43565,-2.9062858,WAL
1939322248000,151.80486,-1.74233520821386,-2.42859304883513,1.21158621833931,-1.59558,0.7816021,-0.3381139,129.94176,83.69139,-2.953922,WAL
1939327319000,151.809931,-1.71066368263943,-2.47199359165357,1.47795031013354,-1.7250835,0.59681535,-0.30573806,130.16359,83.93595,-2.9672601,WAL
1939332255000,151.814867,-1.68281347556952,-2.5555442613315,1.7750193794187,-1.8661933,0.36896262,-0.25900686,130.32866,84.19282,-2.9999726,WAL
1939337490000,151.820102,-1.74486331630337,-2.80973051857271,2.1240121652135,-1.9862283,0.16035213,-0.20097467,130.44685,84.427124,-3.0298355,WAL
1939342250000,151.824862,-1.82653353626953,-3.08650184852195,2.45069304507813,-2.1114557,-0.03359759,-0.14355333,130.50092,84.677635,-3.0675898,WAL
1939347302000,151.829914,-2.00200773931261,-4.0363452398324,2.99122162199003,-2.223855,-0.20738874,-0.05955936,130.50243,84.84789,-3.1005135,WAL
1939352176000,151.834788,-2.20006591160496,-5.16527671332343,3.57549323800785,-2.2947154,-0.3866777,0.03756821,130.44406,85.013916,-3.150123,WAL
1939357248000,151.83986,-2.27893193592999,-6.42133824244085,4.26211557866898,-2.3322835,-0.5494733,0.12858713,130.34811,85.07513,-3.2251267,WAL
1939362221000,151.844833,-2.3338950164647,-7.66716671281016,4.94915336795538,-2.3041837,-0.6420194,0.2406809,130.2168,85.105934,-3.3328414,WAL
1939367251000,151.849863,-2.13513058002464,-9.67664429829604,5.88007088749743,-2.1994202,-0.65148777,0.37323865,130.05852,84.96792,-3.484293,WAL
1939372199000,151.854811,-1.86760514110039,-11.8654879905564,6.86261864155204,-2.0986276,-0.5833763,0.44135013,129.892,84.816246,-3.6490753,WAL
1939377251000,151.859863,-1.02093522841752,-13.7533371250987,8.20743318626677,-1.7913623,-0.40469822,0.56688297,129.75282,84.431595,-3.8508267,WAL
1939382222000,151.864834,-0.0674940003107736,-15.5381041512431,9.60236954696133,-1.2620476,-0.16584991,0.5693264,129.64615,84.00598,-4.0381403,WAL
1939387249000,151.869861,1.47774855022479,-16.619739505176,10.4002366622301,-0.5006041,-0.07147124,0.42821655,129.56949,83.3651,-4.1134996,WAL
1939392215000,151.874827,3.14695863444642,-17.510610431332,11.0379120906044,0.39858958,0.11575896,0.018936822,129.5896,82.64211,-4.123974,WAL
1939397300000,151.879912,4.70787571092127,-18.0645479587419,10.4286225651878,1.1239921,0.4914411,-0.4352415,129.62483,81.83283,-3.9768052,WAL
1939402299000,151.884911,6.19974061191146,-18.5060648216678,9.46657882176488,1.50731,0.9654725,-0.6575964,129.7569,80.92701,-3.8052654,WAL
1939407409000,151.890021,6.37434708782954,-18.3255143280733,8.40754841088538,1.6224581,1.4086553,-0.713796,130.02559,80.06112,-3.3301833,WAL
1939412384000,151.894996,6.06370950751205,-17.9248371453274,7.34957970943022,1.5406022,1.6759088,-0.7266242,130.39609,79.15494,-2.858985,WAL
1939417351000,151.899963,5.25233779088505,-16.4633839527976,6.47240250953204,1.3426818,1.7696766,-0.7122689,130.9656,78.50233,-2.1910813,WAL
1939422378000,151.90499,4.12590849574771,-14.3378609601221,5.69369704339776,1.1074986,1.7476854,-0.68661255,131.57452,77.8625,-1.5814492,WAL
1939427311000,151.909923,2.92780847819436,-12.0342714820036,5.11140370272945,0.8417723,1.6581937,-0.67103547,132.23169,77.392784,-1.037634,WAL
1939432365000,151.914977,1.65027284006199,-9.5566265559888,4.61297121928614,0.6087272,1.5561792,-0.6585127,132.87024,76.97337,-0.5311572,WAL
1939437344000,151.919956,0.591965549889536,-7.39729937989556,4.27109615633661,0.3652974,1.4306464,-0.61300325,133.44647,76.63009,-0.20035207,WAL
1939442339000,151.924951,-0.363988866358707,-5.37970737271541,4.00688769294035,0.112704635,1.2776246,-0.5195409,133.97774,76.35878,0.11011979,WAL
1939447321000,151.929933,-1.08537684283305,-4.0536702698145,3.73301673271501,-0.1255328,1.1490375,-0.39492437,134.40837,76.12065,0.2221132,WAL
1939452348000,151.93496,-1.69187534213868,-3.07467660564428,3.45125764626525,-0.35369098,1.0803152,-0.22174409,134.79942,75.95684,0.2985096,WAL
1939457370000,151.939982,-2.13332246705343,-2.69601777105109,3.21232591197348,-0.55863625,1.065349,-0.040927973,135.10767,75.80229,0.20568986,WAL
1939462358000,151.94497,-2.48264806904251,-2.64478333645671,2.99807283069423,-0.75411314,1.069625,0.12156218,135.3842,75.71136,0.07325721,WAL
1939467351000,151.949963,-2.76331163491668,-2.8912093937631,3.01650968477198,-0.93431836,1.0317514,0.27977628,135.60684,75.66603,-0.19913797,WAL
1939472350000,151.954962,-2.99740491267339,-3.34028616058278,3.19327389575891,-1.1407908,0.8213083,0.3436117,135.76917,75.67625,-0.47697118,WAL
1939477320000,151.959932,-3.1427008436164,-4.16087547879977,3.4303317461463,-1.2461652,0.41722095,0.44929138,135.8162,75.73238,-0.8409134,WAL
1939482362000,151.964974,-3.22792849184154,-5.25936659533242,3.71442436834673,-1.4376713,-0.13805555,0.5332854,135.75525,75.85618,-1.1908355,WAL
1939487348000,151.96996,-3.4708526,-6.94285986267465,3.86134179848303,-1.5344934,-0.8671232,0.5684101,135.51634,75.94755,-1.557958,WAL
1939492296000,151.974908,-3.839726,-9.09462111576846,3.89917493732535,-1.4975362,-1.627345,0.61300325,135.10506,76.03273,-1.9106705,WAL
1939497332000,151.979944,-4.32316378374615,-11.3765061242415,3.41496850814682,-1.3472633,-2.2079725,0.65484756,134.54468,76.0784,-2.2415855,WAL
1939502354000,151.984966,-4.8972578625286,-13.7302914975629,2.48684985568487,-1.1542299,-2.4767532,0.6835582,133.85966,76.08182,-2.550323,WAL
1939507374000,151.989986,-5.38475644190646,-15.4454689147632,1.13172134526847,-0.9502009,-2.2907448,0.7675522,133.16539,76.08346,-2.9209676,WAL
1939512354000,151.994966,-5.79504481924256,-16.6055951977653,-0.575455894126372,-0.66767573,-1.6966782,0.8167268,132.5181,75.994026,-3.2934265,WAL
1939517353000,151.999965,-5.94613566096809,-17.4722287328297,-1.16551092613359,-0.2098322,-0.915687,0.77549344,132.03146,76.01187,-3.703756,WAL
1939522350000,152.004962,-5.85100541626081,-18.0572795391114,-0.694615931730444,0.52015173,-0.33567044,0.6441574,131.66563,75.86448,-4.115006,WAL
1939527323000,152.009935,-4.46224572072366,-17.1607662611849,-0.821624625656426,1.2583824,-0.3744604,0.33567044,131.44447,75.87496,-4.467266,WAL
1939532345000,152.014957,-1.74611468018906,-14.7542669150843,-1.55454886436069,1.5558738,-0.6389651,-0.06627888,131.3414,75.814476,-4.7659426,WAL
1939537500000,152.020112,0.84128161866348,-12.2267568040036,-2.28699697629718,1.3558154,-0.65209866,-0.38973203,131.32169,75.66991,-4.982716,WAL
1939542314000,152.024926,0.942293539508017,-9.20558274305348,-2.74155052421074,0.763887,-0.3399465,-0.5647449,131.33907,75.57859,-5.124773,WAL
1939547550000,152.030162,0.989457381008003,-6.02958634495998,-3.15528546057755,0.064446285,-0.14172074,-0.70096785,131.44038,75.80098,-4.7818723,WAL
1939552346000,152.034958,0.3287674754748,-4.355507272626,-2.62872060723556,-0.5708536,-0.27275133,-0.6805039,131.53285,76.158165,-4.441015,WAL
1939557353000,152.039965,-0.337696415723844,-2.77564797623388,-2.17555563207602,-1.0228939,-0.5757405,-0.5833763,131.59523,76.63212,-4.1123586,WAL
1939562386000,152.044998,-0.907890144146223,-1.90633614249976,-2.13349218694851,-1.3127494,-0.91690874,-0.4810564,131.60503,77.23025,-3.7825513,WAL
1939567359000,152.049971,-1.48075226759678,-1.11084840650422,-2.14769359529377,-1.5473217,-1.0604621,-0.39767328,131.51152,77.78004,-3.5875397,WAL
1939572336000,152.054948,-2.11764288919238,-0.740889913436825,-2.53638414130478,-1.6493362,-1.2522738,-0.35155296,131.3035,78.36748,-3.3907034,WAL
1939577311000,152.059923,-2.73747309957581,-0.412913699925027,-2.91515471344579,-1.8194622,-1.352761,-0.19914207,131.02356,78.96445,-3.3458745,WAL
1939582365000,152.064977,-3.18152067059288,-0.54183074503502,-3.19208753911414,-1.9666806,-1.4611896,-0.0061086523,130.6817,79.57335,-3.320981,WAL
1939587400000,152.070012,-3.59737008725508,-0.682834275651627,-3.46776891704117,-2.1212296,-1.6807957,0.15149458,130.26147,80.21598,-3.4313307,WAL
1939592286000,152.074898,-3.67727774959554,-0.973025479516448,-3.73272599052669,-2.2024746,-1.9184223,0.27672195,129.79724,80.84438,-3.5921443,WAL
1939597267000,152.079879,-3.75873908117922,-1.26885896016538,-4.00283470584217,-2.2171354,-2.1594086,0.39828414,129.25737,81.45448,-3.8692973,WAL
1939602351000,152.084963,-3.73322169159028,-1.66594458318055,-4.21114964268633,-2.1560488,-2.3548856,0.52198434,128.659,81.99593,-4.189138,WAL
1939607323000,152.089935,-3.68577664416102,-2.07397228832204,-4.4009300801116,-2.0760255,-2.4379632,0.6414085,128.02196,82.44728,-4.5520477,WAL
1939612428000,152.09504,-3.72158605699891,-2.70237092782772,-4.42604476785538,-2.0182989,-2.4685066,0.7816021,127.352745,82.81006,-4.9721675,WAL
1939617301000,152.099913,-3.7722968354638,-3.34317114989628,-4.41682467445421,-1.9715676,-2.4819455,0.91813046,126.66619,83.014626,-5.437458,WAL
1939622334000,152.104946,-3.88881231293748,-4.22955167023201,-4.28622543668895,-1.8787161,-2.5189028,1.0531317,125.97902,83.07472,-5.934229,WAL
1939627271000,152.109883,-4.01895963153755,-5.15452793548958,-4.12818916428431,-1.7547104,-2.5702155,1.1902709,125.28832,82.94501,-6.4826264,WAL
1939632349000,152.114961,-4.04313197714771,-6.32894727828395,-4.28179557504513,-1.6392568,-2.5943446,1.3451253,124.60882,82.63384,-7.080717,WAL
1939637244000,152.119856,-4.0331759515557,-7.52866182506106,-4.52572100899437,-1.5381587,-2.4706445,1.5580118,123.96446,82.14569,-7.7434864,WAL
1939642350000,152.124962,-3.97003021648607,-8.93040497571594,-4.73573556181308,-1.4095715,-2.201253,1.7980819,123.36843,81.50333,-8.469016,WAL
1939647315000,152.129927,-3.90102555510836,-10.3150995708204,-4.93354906853715,-1.287704,-1.7821994,2.0427334,122.86195,80.742485,-9.257145,WAL
1939652348000,152.13496,-3.78423293527052,-11.9703534991684,-4.88566218368066,-1.2046263,-1.2486086,2.2617285,122.510124,100.06769,-10.053397,WAL
1939657275000,152.139887,-3.65958827108893,-13.6461312371588,-4.78409989506898,-1.2140946,-0.73426,2.388483,122.28762,100.9428,-10.881814,WAL
1939662408000,152.14502,-3.16426541753846,-14.9689572630769,-4.83601858884615,-1.2916746,-0.226631,2.406809,122.26733,101.78165,-11.642837,WAL
1939667371000,152.149983,-2.57928462469231,-16.1252083703846,-4.93199203298077,-1.4504995,0.027794369,2.3490822,122.334496,102.643295,-12.398163,WAL
1939672339000,152.154951,-1.76280433407112,-16.5044794127478,-4.88956665815196,-1.534799,0.52534413,2.2971587,122.65595,103.39272,-13.024097,WAL
1939677304000,152.159916,-0.848048016066848,-16.5506791912165,-4.78792709727944,-1.6713274,0.926988,2.1426098,123.02673,104.10788,-13.582174,WAL
1939682356000,152.164968,0.0820254299672935,-15.9563259088307,-4.38003059955029,-1.7440202,1.1979067,1.9734001,123.54568,104.63344,-13.921239,WAL
1939687303000,152.169915,0.992366332847506,-15.0120895311733,-3.80864638602821,-1.8246545,1.3093897,1.7876972,124.12965,105.13461,-14.199362,WAL
1939692286000,152.174898,1.66376267749651,-14.0353475465418,-2.88144296860674,-1.8723019,1.2522738,1.5641204,124.76358,105.43135,-14.244251,WAL
1939697358000,152.17997,2.22530677667929,-13.0284413077536,-1.76319561361371,-1.9205604,0.99265605,1.2745703,125.356804,105.692764,-14.22503,WAL
1939702335000,152.184947,2.61186116545511,-11.9734214206415,-0.69963843156634,-1.9996674,0.3943135,0.93951076,125.830864,105.770584,-14.034569,WAL
1939707361000,152.189973,2.92265551136222,-10.8756151983962,0.358065073915851,-2.051591,-0.42913285,0.6224717,126.14858,105.8072,-13.795042,WAL
1939712463000,152.195075,2.79154366197433,-9.963683388154,0.465775043605133,-2.0809124,-1.3475688,0.36896262,126.28289,105.60679,-13.444045,WAL
1939717359000,152.199971,2.5323402389536,-9.14904408627838,0.280629744209279,-2.0949624,-2.1358902,0.14080444,126.20687,105.36491,-13.053888,WAL
1939722344000,152.204956,2.02905370170378,-8.51703353618587,-0.45219957168635,-2.0610592,-2.6920831,-0.073303826,125.84283,105.07719,-12.673517,WAL
1939727343000,152.209955,1.43583684121975,-7.95625820158761,-1.38836997682091,-1.9889772,-2.9883528,-0.24495697,125.33069,104.75864,-12.27379,WAL
1939732329000,152.214941,0.794473765865209,-7.68371567547055,-2.27341297474196,-1.8524488,-3.0641,-0.36254853,124.725075,104.49172,-11.924103,WAL
1939737347000,152.219959,0.123376256405586,-7.55727680143696,-3.13903148200769,-1.6960673,-3.0045407,-0.44593164,124.08208,104.1912,-11.55154,WAL
1939742324000,152.224936,-0.439412518938053,-7.50815983382498,-3.77861997954769,-1.5775595,-2.8735101,-0.4804455,123.477745,104.04243,-11.262985,WAL
1939747408000,152.23002,-0.96603330499115,-7.49379765880039,-4.32917808723697,-1.5005904,-2.6816983,-0.5006041,122.91675,103.86989,-10.957202,WAL
1939752345000,152.234957,-1.35383731202234,-7.5594421282187,-4.4005173047913,-1.4407257,-2.5537221,-0.4810564,122.30552,103.943924,-10.779249,WAL
1939757338000,152.23995,-1.6818002617088,-7.66720140058789,-4.23185052614149,-1.42973,-2.424524,-0.40683624,121.75635,104.033,-10.609509,WAL
1939762394000,152.245006,-1.93582708866142,-7.84391745133858,-4.06058101212598,-1.4318681,-2.193617,-0.3023783,121.256966,104.273605,-10.5315695,WAL
1939767420000,152.250032,-2.13953972352362,-8.06184223897638,-3.89003107293307,-1.4214834,-2.0482311,-0.17898351,120.77667,104.53921,-10.48399,WAL
1939772341000,152.254953,-2.29141027094934,-8.36666520011601,-3.57490057528036,-1.4147639,-1.7537941,-0.099265605,120.38941,104.84293,-10.50239,WAL
1939777340000,152.259952,-2.41174432964037,-8.74155250464037,-3.14910296954756,-1.4544702,-1.4242324,0.018020526,120.06472,105.18837,-10.559634,WAL
1939782334000,152.264946,-2.39155710824763,-9.05685681743203,-2.62056676099175,-1.518611,-1.074512,0.11881329,119.82274,105.54463,-10.657126,WAL
1939787349000,152.269961,-2.2350674060279,-9.31604310854292,-1.98971739519397,-1.6032158,-0.7305948,0.22785273,119.68265,105.935265,-10.771977,WAL
1939792285000,152.274897,-1.97196894766855,-9.43062350905851,-1.25913818522721,-1.6594155,-0.4718934,0.33200526,119.619,106.283035,-10.924137,WAL
1939797340000,152.279952,-1.6077259957826,-9.42583074250074,-0.415628293213543,-1.6636915,-0.355829,0.42730024,119.62017,106.65018,-11.089453,WAL
1939802345000,152.284957,-1.25878057124228,-9.38408010402981,0.412854372234533,-1.6151277,-0.41508293,0.4813618,119.67138,106.89698,-11.252715,WAL
1939807365000,152.289977,-0.919390326904598,-9.30866000598098,1.23776121548191,-1.498147,-0.62125,0.49846604,119.71603,107.13466,-11.428755,WAL
1939812361000,152.294973,-0.607085256213418,-9.20972321242285,1.76638037921561,-1.319469,-0.9074403,0.48808134,119.7452,107.193375,-11.589633,WAL
1939817354000,152.299966,-0.321496998066892,-9.08596828299821,1.99009123229146,-1.1175779,-1.1887437,0.47433686,119.71152,107.22635,-11.760824,WAL
1939822342000,152.304954,-0.110635272369052,-8.98827314003869,1.87975591071567,-0.8915578,-1.3942999,0.45173484,119.48329,107.18073,-11.913738,WAL
1939827351000,152.309963,0.0192647542514507,-8.91868388781431,1.4019093245648,-0.6963864,-1.5222762,0.4196644,119.19305,107.098236,-12.068083,WAL
1939832300000,152.314912,0.111335485990649,-8.85240293743647,0.799408326522667,-0.5439755,-1.5592335,0.3827071,118.83648,106.95905,-12.184976,WAL
1939837345000,152.319957,0.150623952195162,-8.78855917523887,-0.0109162761252287,-0.4596761,-1.5076154,0.35827246,118.465904,106.79583,-12.294554,WAL
1939842266000,152.324878,0.134127356559356,-8.69682548799051,-0.729486298339429,-0.4364632,-1.400714,0.3277292,118.13554,106.64917,-12.353656,WAL
1939847320000,152.329932,0.0432286278198082,-8.56286951023031,-1.37056153030345,-0.46395215,-1.3078625,0.31398472,117.81545,106.49854,-12.406021,WAL
1939852314000,152.334926,-0.241723605534495,-8.4733460868059,-1.9458633984559,-0.5699373,-1.1866057,0.33200526,117.62825,106.40923,-12.420665,WAL
1939857312000,152.339924,-0.805508687689696,-8.4449198690488,-2.4385831375631,-0.70402217,-1.0809261,0.35705075,117.463646,106.33179,-12.429175,WAL
1939862369000,152.344981,-1.23693455247237,-8.44625333915067,-2.68857566480512,-0.8555168,-1.0345002,0.39828414,117.38526,106.3571,-12.456556,WAL
1939867357000,152.349969,-1.45461422875703,-8.49256813302308,-2.56352567298817,-1.0054842,-0.9779953,0.42210788,117.341324,106.40919,-12.479908,WAL
1939872242000,152.354854,-1.63149605541067,-8.53798042039704,-2.39412065858311,-1.0809261,-0.94989544,0.47494772,117.28769,106.60665,-12.595767,WAL
1939877338000,152.35995,-1.73597982543791,-8.58547299805372,-2.1139142520436,-1.1985176,-0.9108001,0.52748215,117.25672,106.84034,-12.71209,WAL
1939882262000,152.364874,-1.82489298546781,-8.62284519580006,-1.83725986747511,-1.2822062,-0.87872964,0.58246,117.20288,107.10782,-12.8826275,WAL
1939887351000,152.369963,-1.88255211307306,-8.63726026619343,-1.53454951026324,-1.3435981,-0.852157,0.63041294,117.16311,107.39613,-13.059656,WAL
1939892281000,152.374893,-1.94229945816657,-8.66304807823518,-1.26427910151896,-1.3799446,-0.84665924,0.6731735,117.104805,107.68343,-13.274217,WAL
1939897398000,152.38001,-2.01701565500286,-8.72842465294454,-1.0588093944311,-1.3720033,-0.8604037,0.71929383,117.05262,107.97689,-13.496641,WAL
1939902290000,152.384902,-2.08642513485761,-8.81978171889354,-0.86449232644483,-1.3634512,-0.874759,0.75869465,116.98063,108.25566,-13.746458,WAL
1939907337000,152.389949,-2.14562798517914,-9.09112764397264,-0.677016826085536,-1.3191634,-0.8765916,0.7910705,116.91032,108.526566,-13.999737,WAL
1939912410000,152.395022,-2.19689395469581,-9.38761301953767,-0.511503767310185,-1.2599095,-0.89552844,0.81092364,116.8011,108.79032,-14.281703,WAL
1939917391000,152.400003,-2.21534914022633,-9.77055840835671,-0.437682957740594,-1.2006557,-0.9077458,0.8188649,116.69351,109.04266,-14.560593,WAL
1939922323000,152.404935,-2.22439682269964,-10.1501922429064,-0.363579952125051,-1.1169671,-0.9257663,0.8176431,116.53626,109.2774,-14.854124,WAL
1939927331000,152.409943,-2.16607422715849,-10.539010054013,-0.280956219283543,-1.0192287,-0.95111716,0.81000733,116.3727,109.492935,-15.140839,WAL
1939932322000,152.414934,-2.09216710501288,-10.8995392649098,-0.219023678777492,-0.93401295,-1.003957,0.7959574,116.16881,109.68162,-15.417519,WAL
1939937346000,152.419958,-1.92533670881712,-11.1045024382802,-0.27622266535962,-0.8555168,-1.070236,0.7849618,115.953156,109.84892,-15.687319,WAL
1939942336000,152.424948,-1.73213947670209,-11.2956086174734,-0.377829722282566,-0.77366084,-1.1420126,0.7678576,115.69542,109.98089,-15.934499,WAL
1939947421000,152.430033,-1.34884104193231,-11.4058066310508,-0.785084270452578,-0.68203104,-1.1707232,0.73945236,115.43006,110.090294,-16.169697,WAL
1939952286000,152.434898,-0.97531013269585,-11.5089146661286,-1.17548823082328,-0.54092115,-1.1508701,0.7254025,115.16015,110.167694,-16.369442,WAL
1939957343000,152.439955,-0.515430624802963,-11.5916932086222,-1.58937979080809,-0.36254853,-1.0998629,0.7049385,114.88988,110.21498,-16.553802,WAL
1939962555000,152.445167,-0.0385684279095834,-11.6694049004297,-2.00973931085373,-0.1459968,-0.9795224,0.68325275,114.70559,110.22127,-16.64931,WAL
1939967366000,152.449978,0.477859950311975,-11.5402979002429,-2.23352491265645,0.039095376,-0.91965765,0.6560693,114.51784,110.19864,-16.736029,WAL
1939972291000,152.454903,1.0065254590921,-11.4081316196525,-2.46261327035307,0.10629055,-0.7654142,0.59406644,114.46832,110.12267,-16.700954,WAL
1939977340000,152.459952,1.42301835902647,-11.1686754186577,-2.5359046671954,0.2003638,-0.573297,0.5018258,114.44374,110.002884,-16.646355,WAL
1939982308000,152.46492,1.8097895457817,-10.9139722101715,-2.57835528402895,0.17531833,-0.37720928,0.3817908,114.45991,109.87366,-16.56045,WAL
1939987350000,152.469962,1.88908296351338,-10.945858453352,-2.445401579998,0.06719518,-0.1994475,0.23182335,114.5716,109.69701,-16.356121,WAL
1939992312000,152.474924,1.90336903837058,-11.0363365130775,-2.27873108788456,-0.11362094,-0.077579886,0.06505715,114.7144,109.50952,-16.112156,WAL
1939997363000,152.479975,1.51944891087811,-11.3647701716907,-1.82354702752294,-0.3032946,-0.041233405,-0.10751228,114.89677,109.291664,-15.77984,WAL
1940002246000,152.484858,1.07156734155661,-11.7277898875895,-1.32852006612562,-0.45478916,-0.103847094,-0.2556471,115.074776,109.07352,-15.414752,WAL
1940007351000,152.489963,0.397110477424637,-11.8805969980461,-0.798687698547637,-0.57696223,-0.23304509,-0.35124752,115.21014,108.85432,-15.031512,WAL
1940012332000,152.494944,-0.29969130763677,-11.9871143020097,-0.279415014493859,-0.6365216,-0.39522982,-0.39828414,115.30991,108.63965,-14.63535,WAL
1940017415000,152.500027,-1.02870102753936,-11.9019038042606,0.00312524663476381,-0.65393126,-0.54611355,-0.40530908,115.27917,108.43027,-14.314555,WAL
1940022241000,152.504853,-1.72788778529999,-11.7449438285479,0.1743546469682,-0.5879578,-0.6230826,-0.38056904,115.22266,108.221634,-14.002699,WAL
1940027361000,152.509973,-2.15623043585165,-11.6669074144427,0.180720879609498,-0.46120325,-0.61086524,-0.3182608,115.04447,108.03846,-13.838039,WAL
1940032308000,152.51492,-2.46767296600275,-11.6204234764521,0.12958851384321,-0.28955013,-0.5384777,-0.23243423,114.86727,107.85003,-13.691872,WAL
1940037297000,152.519909,-2.473349659401,-11.791136655574,0.165116253876872,-0.096516706,-0.42852196,-0.15271631,114.65446,107.72151,-13.689957,WAL
1940042329000,152.524941,-2.35543222312812,-12.0505547986689,0.235866700865225,0.109650314,-0.34330627,-0.079107046,114.463005,107.58148,-13.706919,WAL
1940047379000,152.529991,-1.99758389285275,-12.5481342314151,0.379838158229572,0.31764993,-0.26175576,-0.03848451,114.29621,107.4676,-13.785173,WAL
1940052201000,152.534813,-1.54836832811796,-13.1297505795617,0.550067235389105,0.54244834,-0.17470746,-0.06719518,114.15843,107.32226,-13.856246,WAL
1940057243000,152.539855,-1.06035517534953,-13.6157674407583,0.843871033451817,0.75533485,-0.1563815,-0.14263703,114.017365,107.1266,-13.899167,WAL
1940062250000,152.544862,-0.567966647037915,-14.0466067393365,1.18475546385466,0.8539896,-0.17959438,-0.18478674,113.892525,106.92431,-13.938184,WAL
1940067224000,152.549836,-0.130016665651261,-14.3628502689076,1.21545524931245,1.0415252,-0.2443461,-0.27122417,113.75156,106.57603,-13.859431,WAL
1940072292000,152.554904,0.291746925819328,-14.631667210084,1.09958611508785,1.215011,-0.28527406,-0.37965274,113.61165,106.215034,-13.762724,WAL
1940077262000,152.559874,0.73186583658485,-14.7476788057554,0.676585427177317,1.3768903,-0.26450464,-0.46609017,113.451744,105.73901,-13.571607,WAL
1940082240000,152.564852,1.19084537336648,-14.7628097769784,0.0410753086436733,1.5732834,-0.18936823,-0.5540548,113.296295,105.22897,-13.352371,WAL
1940087232000,152.569844,1.49463176564947,-14.6973835898414,-0.430102634332463,1.7635679,-0.086132,-0.64873886,113.19102,104.64773,-13.038017,WAL
1940092248000,152.57486,1.73091220291106,-14.5961205093355,-0.830332778785384,1.9352211,0.011301007,-0.77366084,113.10664,104.04054,-12.69514,WAL
1940097222000,152.579834,1.69664258977511,-14.3687735811094,-0.89118288361919,2.0769417,0.089491755,-0.9120218,113.13352,103.391426,-12.256033,WAL
1940102197000,152.584809,1.5490180547926,-14.0878106425787,-0.810227535493253,2.1655173,0.105374254,-1.0763446,113.168304,102.71597,-11.784833,WAL
1940107241000,152.589853,1.15837796753006,-13.6988470754569,-0.548602858469162,2.26631,0.06169739,-1.2189816,113.260506,102.01409,-11.258892,WAL
1940112240000,152.594852,0.667045968180041,-13.2683467398104,-0.211689458029909,2.4055874,-0.013744468,-1.3610078,113.3444,101.284904,-10.701149,WAL
1940117191000,152.599803,0.0773553054376528,-12.8690525898289,-0.0170874553942298,2.577546,-0.06688975,-1.4669929,113.40866,100.56947,-10.154357,WAL
1940122197000,152.604809,-0.574367707462103,-12.479894717555,0.104817566791002,2.7488935,-0.08307768,-1.5460999,113.46174,99.85099,-9.589425,WAL
1940127226000,152.609838,-1.26306473622485,-12.3371285338186,0.0766744869958548,2.9309313,-0.05467244,-1.6136005,113.464836,99.20869,-9.088197,WAL
1940132202000,152.614814,-1.96648318418765,-12.3564001577191,-0.0485918099027399,3.0793717,0.055588737,-1.6707164,113.49208,98.60672,-8.578644,WAL
1940137194000,152.619806,-2.57432675596052,-12.5677156520501,-0.342338114868261,3.162144,0.21960606,-1.68385,113.51973,81.82611,-8.172896,WAL
1940142231000,152.624843,-3.12831720425209,-12.8973623465262,-0.740661830783409,3.1881058,0.43493605,-1.6667458,113.601234,82.17179,-7.77035,WAL
1940147218000,152.62983,-3.71900253456703,-13.2615190479734,-1.12975209021925,3.121827,0.6215554,-1.6035212,113.73111,82.31129,-7.493218,WAL
1940152206000,152.634818,-4.34836512766771,-13.6602758612089,-1.51409575062355,2.9840767,0.677755,-1.5357152,113.890816,82.36125,-7.231801,WAL
1940157252000,152.639864,-5.23809980068744,-14.1537269199008,-1.89737273356248,2.812118,0.72143185,-1.5100589,114.136856,82.282135,-7.082277,WAL
1940162244000,152.644856,-6.3363560902802,-14.7194951008963,-2.27177816342673,2.7348437,0.7067711,-1.4758505,114.38269,82.144196,-6.958654,WAL
1940167209000,152.649821,-7.25404048790039,-15.1136336060849,-2.48940421920876,2.615725,0.6963864,-1.4337007,114.66287,81.94126,-6.957707,WAL
1940172210000,152.654822,-7.6026987938297,-14.9549340845968,-2.19845498767949,2.5237896,0.6743952,-1.3970488,114.9321,81.731895,-6.9604454,WAL
1940177196000,152.659808,-7.95031133399438,-14.7967105664725,-1.90837842931017,2.4645357,0.627664,-1.3494014,115.23313,81.468994,-7.039371,WAL
1940182209000,152.664821,-8.2998062525354,-14.6376302422934,-1.61673105925294,2.4587326,0.52290064,-1.3420709,115.507744,81.21567,-7.1081285,WAL
1940187193000,152.669805,-8.36192344378698,-14.3225625042735,-1.53352311236029,2.4926357,0.2938262,-1.3646729,115.742714,80.9663,-7.1569533,WAL
1940192209000,152.674821,-7.5460369112426,-13.5224676324786,-2.08622019086128,2.5341744,-0.01038471,-1.423316,115.90837,80.62073,-7.2372646,WAL
1940197169000,152.679781,-6.75695633629911,-12.8299968393482,-2.69821921353594,2.4877486,-0.21960606,-1.5082263,116.03645,80.29631,-7.2946157,WAL
1940202219000,152.684831,-5.97854752894132,-12.2643211120664,-3.41377508377487,2.334727,0.003970624,-1.4770721,116.19958,79.97337,-7.3688755,WAL
1940207195000,152.689807,-5.12170862216566,-11.6113297717838,-3.68719069130605,2.0674734,0.4905248,-1.4321736,116.404724,79.7792,-7.3514547,WAL
1940212262000,152.694874,-4.12401999318582,-10.8131790471901,-3.36412950655962,1.7550159,0.8417723,-1.3588698,116.63142,79.61204,-7.355842,WAL
1940217171000,152.699783,-3.24154779566744,-10.1705442036907,-2.91404621854378,1.6911805,1.0409144,-1.2113458,116.97803,79.532455,-7.318362,WAL
1940222220000,152.704832,-2.4753437404473,-9.72924914702638,-2.2205830572059,1.8044959,1.0790935,-1.0308352,117.370094,79.460014,-7.3194513,WAL
1940227196000,152.709808,-1.77524918125124,-9.46369949980233,-1.83491449522633,1.9706513,1.0430524,-0.9306532,117.76239,79.4096,-7.2568574,WAL
1940232224000,152.714836,-1.1565711740166,-9.46845865734335,-1.92533664984187,2.0809124,1.01312,-0.88056225,118.15937,79.32395,-7.23455,WAL
1940237185000,152.719797,-0.669832108584961,-9.53567032563647,-1.91988041728834,2.1413882,1.1047498,-0.86529064,118.52796,79.18909,-7.1936116,WAL
1940242211000,152.724823,-0.399101639204658,-9.71615748707322,-1.74414305895007,2.2229385,1.3445144,-0.8927795,118.92629,79.027626,-7.16103,WAL
1940247194000,152.729806,-0.167012044877065,-9.8980331511605,-1.51215024418273,2.2653937,1.5668694,-0.9334021,119.34329,78.91507,-7.0774736,WAL
1940252281000,152.734893,-0.00411026041502754,-10.0896816736821,-1.1575993268391,2.3335052,1.6261233,-0.990518,119.77973,78.78953,-6.986079,WAL
1940257308000,152.73992,0.1227349831722,-10.2633765874165,-0.888940765287313,2.3878722,1.6917913,-1.0152581,120.29484,78.65278,-6.8412576,WAL
1940262296000,152.744908,0.176645383807956,-10.402645600489,-0.794597551274335,2.392759,1.7486018,-1.040609,120.82087,78.5209,-6.6864033,WAL
1940267281000,152.749893,0.237574298237947,-10.498937235642,-0.749232266412749,2.3661866,1.8057177,-1.078788,121.36957,78.35001,-6.480439,WAL
1940272282000,152.754894,0.328781936739501,-10.4125302614012,-0.912445969078881,2.284636,1.8692477,-1.1242975,121.9314,78.19184,-6.2742414,WAL
1940277264000,152.759876,0.413058984856381,-10.3005222294936,-1.07185752512092,2.1868975,1.8985692,-1.1273518,122.506035,78.024475,-6.057547,WAL
1940282280000,152.764892,0.469958308374297,-10.0776659689073,-1.21884746648899,2.0561724,1.9376645,-1.1374311,123.09733,77.889854,-5.83581,WAL
1940287286000,152.769898,0.502940467910375,-9.81785927413541,-1.41494549398928,1.9352211,1.9501873,-1.1285735,123.69955,77.78738,-5.6124663,WAL
1940292298000,152.77491,0.418772802055528,-9.37364129537263,-1.8544877869849,1.8255708,1.9010127,-1.1239921,124.28924,77.71643,-5.388549,WAL
1940297263000,152.779875,0.309739247772512,-8.94209172743773,-2.25552197057578,1.7183639,1.9419407,-1.1246029,124.9332,77.67249,-5.166614,WAL
1940302288000,152.7849,-0.00568119298578201,-8.57329209549259,-2.38654272710497,1.6426166,1.9950858,-1.0934488,125.55792,77.645164,-4.95634,WAL
1940307300000,152.789912,-0.323394397265973,-8.20632403952452,-2.52012880692422,1.5986344,2.0048597,-1.0809261,126.24497,77.629906,-4.7250037,WAL
1940312305000,152.794917,-0.660508440505201,-7.84546973689946,-2.67206751806835,1.5564847,1.9969184,-1.0726794,126.933495,77.63181,-4.5050054,WAL
1940317267000,152.799879,-0.990213674509804,-7.49638621911765,-2.82046340637255,1.4929546,1.9837849,-1.0595458,127.647026,77.61413,-4.3134823,WAL
1940322303000,152.804915,-1.28809741929412,-7.21268745452941,-2.95285624217647,1.4425583,1.9779817,-1.0552697,128.35371,77.605835,-4.1231537,WAL
1940327301000,152.809913,-1.57615051166369,-6.9340124019678,-3.07481287305903,1.4004086,1.9865338,-1.047023,129.08089,77.58608,-3.9731638,WAL
1940332291000,152.814903,-1.77277485593918,-6.69036918014311,-3.08336179640429,1.348485,1.9761491,-1.058324,129.79599,77.58651,-3.8186069,WAL
1940337246000,152.819858,-1.96802007154741,-6.44843487871199,-3.09185075736136,1.2932017,1.9636264,-1.0589349,130.52599,77.58356,-3.706353,WAL
1940342299000,152.824911,-2.10732821405763,-6.21492049250389,-3.06588533204829,1.2495248,1.9703459,-1.0662653,131.2541,77.59643,-3.5907333,WAL
1940347284000,152.829896,-2.23281403892134,-5.98718689198793,-3.03335189815031,1.1902709,1.988061,-1.0662653,131.97598,77.63137,-3.4777274,WAL
1940352222000,152.834834,-2.30442792030015,-5.78625665862932,-3.07057242030015,1.1166617,2.0118847,-1.0580186,132.70349,77.66186,-3.3963485,WAL
1940357203000,152.839815,-2.36169910447224,-5.59058035357679,-3.12784360447224,1.0726794,2.0861049,-1.0451905,133.44487,77.70388,-3.321077,WAL
1940362246000,152.844858,-2.3946480839941,-5.29409183814846,-2.92559336208351,1.0277808,2.1230621,-1.024421,134.17496,77.75086,-3.2699945,WAL
1940367172000,152.849784,-2.4195190341628,-4.9757428553353,-2.65201213112611,0.97402465,2.1572707,-1.0012082,134.91951,77.815506,-3.2277215,WAL
1940372219000,152.854831,-2.41888924161677,-4.69352423802395,-2.1940063,0.8668178,2.1875083,-1.0070114,135.68227,77.89935,-3.1935594,WAL
1940377185000,152.859797,-2.41429605133282,-4.42252303761831,-1.71630913870968,0.7360926,2.1600194,-1.0219775,136.43312,78.00763,-3.1620905,WAL
1940382222000,152.864834,-2.39367100691277,-4.07569473565804,-1.39801497409756,0.59437186,2.1584923,-0.99112886,137.18462,78.09507,-3.153481,WAL
1940387172000,152.869784,-2.36943276169343,-3.71696840269966,-1.12654647578485,0.45631635,2.189952,-0.9370673,137.93297,78.22043,-3.1473627,WAL
1940392215000,152.874827,-2.37345175252903,-3.4987329827593,-0.798876468561307,0.34300083,2.1902573,-0.8680395,138.64569,78.28675,-3.1559284,WAL
1940397183000,152.879795,-2.38281556721118,-3.31145649356426,-0.466460793127337,0.23915374,2.1496348,-0.8078693,139.3491,78.38765,-3.1763449,WAL
1940402303000,152.884915,-2.43873513400942,-3.22476504592539,-0.142497055950743,0.1328632,2.0760255,-0.7626653,140.02611,78.46074,-3.2113266,WAL
1940407389000,152.890001,-2.50488997573343,-3.16302057303513,0.175046405374864,0.01985312,1.9843957,-0.7150178,140.67924,78.56108,-3.2602563,WAL
1940412385000,152.894997,-2.57405671486227,-3.12484281402947,0.414833413004484,-0.10445796,1.9165897,-0.68111473,141.30052,78.62365,-3.319773,WAL
1940417392000,152.900004,-2.64573245980141,-3.09924435278668,0.614501571076233,-0.22999077,1.8347337,-0.6533204,141.88556,78.714615,-3.3847384,WAL
1940422306000,152.904918,-2.65001148905185,-3.02455266124491,0.694296205268063,-0.35338554,1.7550159,-0.6123924,142.43588,78.759476,-3.4721882,WAL
1940427327000,152.909939,-2.63350117416491,-2.93256649801835,0.739109941732477,-0.46670106,1.6698002,-0.5714644,142.95505,78.83244,-3.5620606,WAL
1940432314000,152.914926,-2.61710265985677,-2.84120322456467,0.783620219316231,-0.5696318,1.593442,-0.5305365,143.44441,78.88458,-3.671697,WAL
1940437308000,152.91992,-2.60068112778241,-2.74971170909894,0.828192973728356,-0.6750061,1.5109752,-0.4914411,143.9004,78.96204,-3.7864459,WAL
1940442295000,152.924907,-2.54120204659203,-2.67206660367545,0.858674496463246,-0.77549344,1.4019357,-0.45631635,144.33081,79.050316,-3.9092157,WAL
1940447328000,152.92994,-2.46002500200119,-2.60043989348128,0.882550113065187,-0.8961393,1.2864822,-0.42271876,144.72868,79.16447,-4.0365868,WAL
1940452313000,152.934925,-2.36487126216957,-2.5700121563736,0.936759668494224,-1.0228939,1.2208142,-0.38240165,145.106,79.26833,-4.1719785,WAL
1940457377000,152.939989,-2.26041334683767,-2.56051589210887,1.0079809266262,-1.1591167,1.0906999,-0.36041048,145.42636,79.399414,-4.3014703,WAL
1940462383000,152.944995,-2.17552027463761,-2.56935372736712,1.09602697899661,-1.2174544,0.9370673,-0.33964106,145.72118,79.52213,-4.4236093,WAL
1940467326000,152.949938,-2.10252008705665,-2.58882051858744,1.19336052855968,-1.359786,0.7800749,-0.29993483,145.9711,79.69011,-4.5495863,WAL
1940472306000,152.954918,-2.03860354165236,-2.61661810064873,1.34147839564969,-1.5060883,0.6151413,-0.27275133,146.17747,79.84236,-4.6471643,WAL
1940477368000,152.95998,-1.97848038759779,-2.64899210667812,1.51722309639382,-1.6490307,0.44715336,-0.23060162,146.33128,80.01524,-4.75189,WAL
1940482307000,152.964919,-1.96180388464978,-2.70302872324888,1.71449101624441,-1.7846428,0.29168814,-0.18020524,146.44324,80.175705,-4.8407702,WAL
1940487294000,152.969906,-1.97603920554396,-2.77420532771982,1.93276608526577,-1.9373591,0.12889257,-0.11056661,146.49873,80.35849,-4.9388366,WAL
1940492307000,152.974919,-2.09817958095502,-3.42185842117854,2.49094185794772,-2.0864103,-0.021380283,-0.027488936,146.51364,80.48817,-5.02468,WAL
1940497446000,152.980058,-2.31182281453773,-4.55825853921677,3.34096910067424,-2.2427917,-0.13469578,0.05589417,146.48651,80.63768,-5.1251926,WAL
1940502312000,152.984924,-2.20973740563463,-5.96381433457988,4.35314726973044,-2.3445008,-0.2144137,0.17959438,146.42468,80.69345,-5.246374,WAL
1940507346000,152.989958,-1.63845253246333,-7.92204298770016,5.7174337658196,-2.3854287,-0.25870144,0.31337386,146.33353,80.74961,-5.391582,WAL
1940512343000,152.994955,-1.07136661445836,-9.86587862131995,7.07169272906106,-2.349693,-0.27488935,0.45937067,146.20276,80.518166,-5.5465693,WAL
1940517407000,153.000019,-0.496677183044077,-11.8357772902514,8.4441096571889,-2.248595,-0.26633725,0.6032294,146.05373,80.27761,-5.7410283,WAL
1940522322000,153.004934,0.0611029424300917,-13.7477148806539,9.77614543952466,-1.9938642,-0.20769419,0.72784597,145.94168,79.94946,-6.002455,WAL
1940527296000,153.009908,0.625578699115445,-15.6826035021518,11.1241710715365,-1.4892895,-0.17806722,0.76144356,145.8082,79.55187,-6.2758327,WAL
1940532314000,153.014926,1.65422314454545,-17.0959934991736,11.6317521487603,-0.70616025,-0.28405234,0.67256266,145.64838,79.05605,-6.563774,WAL
1940537310000,153.019922,3.2754418925,-17.8028046636364,11.0287380454545,0.19364429,-0.35796702,0.3735441,145.49942,78.47044,-6.799358,WAL
1940542293000,153.024905,4.45665456025221,-18.3219099152869,10.0095611524836,0.84971356,-0.121256754,-0.07819075,145.34308,77.8602,-6.6569586,WAL
1940547334000,153.029946,5.20487799052753,-18.6565201205237,8.55029278305737,1.2162327,0.38545597,-0.42241332,145.2685,77.15925,-6.4815216,WAL
1940552273000,153.034885,5.26071527230739,-18.5259716187537,7.28146381152698,1.3634512,0.68019843,-0.51893,145.37596,76.679985,-5.9793878,WAL
1940557299000,153.039911,4.35995801377663,-17.7449954570974,6.21780321662353,1.3808609,1.2541064,-0.64660084,145.73453,76.167145,-5.457895,WAL
1940562303000,153.044915,3.3149070109818,-16.3990900069631,5.34276255187506,1.3426818,1.5827519,-0.7104363,146.26799,75.8691,-4.818276,WAL
1940567318000,153.04993,2.0536607009251,-14.2301281980503,4.73124932547498,1.2428054,1.6939293,-0.71929383,146.89867,75.55946,-4.2264376,WAL
1940572238000,153.05485,0.928520858558036,-11.9810897592732,4.24357507631197,1.1029172,1.632232,-0.70188415,147.57483,75.28976,-3.7906067,WAL
1940577307000,153.059919,-0.0520407183531458,-9.47103990710351,3.91984895413163,0.9138544,1.4932601,-0.6731735,148.25015,75.05546,-3.380472,WAL
1940582246000,153.064858,-0.912888492138923,-7.23746412652413,3.6919721047708,0.7180721,1.344209,-0.63591075,148.81476,74.79282,-3.1828156,WAL
1940587307000,153.069919,-1.59165175300159,-5.40480340252077,3.64672125536364,0.50854534,1.2067643,-0.569021,149.33281,74.59098,-2.9969804,WAL
1940592255000,153.074867,-2.22014629162115,-3.77319378711739,3.57524023673091,0.27122417,1.1068878,-0.49021935,149.71591,74.35844,-2.9905305,WAL
1940597336000,153.079948,-2.70157839893847,-2.84543387315263,3.37464347734721,0.018020526,1.0473285,-0.36468655,150.05759,74.19038,-3.0079982,WAL
1940602264000,153.084876,-3.09353662525191,-2.18187442811196,3.19935821112468,-0.22540927,1.0323622,-0.20219639,150.30048,73.986946,-3.1921961,WAL
1940607304000,153.089916,-3.25565518891603,-2.25556456307379,3.08145381051399,-0.42730024,1.0641272,-0.0421497,150.51924,73.838684,-3.407584,WAL
1940612406000,153.095018,-3.40256766521782,-2.54163124690309,3.02477239676973,-0.6032294,1.044885,0.1282817,150.64676,73.70851,-3.73641,WAL
1940617339000,153.099951,-3.5052380972439,-3.30232572285884,3.11344232862788,-0.7626653,0.89888823,0.27275133,150.72931,73.61317,-4.093991,WAL
1940622299000,153.104911,-3.62771307363602,-4.25072441199552,3.24733112921338,-0.95203346,0.5702427,0.38789943,150.73476,73.56021,-4.4938207,WAL
1940627305000,153.109917,-3.8068666081278,-5.737698907287,3.51158259492713,-1.1606439,0.04917465,0.45204028,150.63249,73.534546,-4.89218,WAL
1940632299000,153.114911,-4.00457640560593,-7.32649329157803,3.73725486887533,-1.3096951,-0.6203337,0.48655418,150.39438,73.54099,-5.284256,WAL
1940637312000,153.119924,-4.34779352660854,-9.72482717433304,3.67447130514385,-1.3655893,-1.3707817,0.49938235,149.98126,73.556076,-5.6400867,WAL
1940642271000,153.124883,-4.68731351524847,-12.0973262217262,3.61236404551003,-1.2666291,-2.0845776,0.4886922,149.40312,73.577866,-5.958228,WAL
1940647393000,153.130005,-4.8639810017473,-14.0206092829007,2.31154094943945,-1.0784826,-2.5176811,0.49266282,148.69534,73.56841,-6.2479334,WAL
1940652301000,153.134913,-4.99690516730633,-15.7533717182103,0.806648413089587,-0.84513205,-2.5604417,0.52687126,147.90321,73.50166,-6.5206103,WAL
1940657305000,153.139917,-5.46728627988785,-16.7221138220561,0.395226762542056,-0.70341134,-2.3539693,0.63194007,147.1181,73.49578,-6.78946,WAL
1940662363000,153.144975,-6.00600596562617,-17.5505650601869,0.191509289140187,-0.31215215,-1.9892827,0.6728681,146.37949,73.358025,-7.0541415,WAL
1940667370000,153.149982,-5.31346760591752,-18.1003530914986,0.332148976968284,0.28313604,-1.4996742,0.6554584,145.85263,73.38958,-7.275517,WAL
1940672267000,153.154879,-4.15872821110548,-18.5327866237714,0.603013762255548,0.9297369,-1.1957687,0.4999932,145.38852,73.30944,-7.478731,WAL
1940677295000,153.159907,-2.67328352650696,-17.1381632592736,-0.0400815993334622,1.239751,-1.0998629,0.18234327,145.02116,73.20334,-7.68914,WAL
1940682320000,153.164932,-1.0741269828439,-15.0415946251932,-1.03490573162674,1.0262536,-0.9636399,-0.1386664,144.76843,73.0892,-7.870396,WAL
1940687310000,153.169922,-0.125989588095476,-12.4048591271347,-1.98179456049136,0.5158757,-0.6215554,-0.3036,144.68375,73.069756,-7.869721,WAL
1940692300000,153.174912,0.494451303845002,-9.48401423149905,-2.9076832546889,-0.1441642,-0.31490102,-0.45051312,144.6487,73.17994,-7.7964835,WAL
1940697369000,153.179981,0.615204585182577,-7.25057529473896,-3.10489404630319,-0.75319684,-0.4370741,-0.5045747,144.65683,73.55128,-7.532358,WAL
1940702310000,153.184922,0.477165043546927,-5.44178136087919,-2.92401467776884,-1.20371,-0.71868294,-0.38240165,144.69801,74.03549,-7.295768,WAL
1940707325000,153.189937,0.147283189641728,-4.32752588861002,-2.66304406305202,-1.452943,-1.0054842,-0.2687807,144.69557,74.674675,-6.995054,WAL
1940712410000,153.195022,-0.281897936859852,-3.55779878539132,-2.35981824041575,-1.6184875,-1.2614367,-0.20861048,144.61351,75.39349,-6.700866,WAL
1940717325000,153.199937,-0.683689944669514,-3.05241069801029,-2.34418258757643,-1.7489072,-1.4370605,-0.16554448,144.41547,76.062584,-6.475368,WAL
1940722304000,153.204916,-1.08170325508687,-2.70530606542755,-2.5200489573037,-1.863139,-1.5625933,-0.07941248,144.15187,76.75337,-6.269882,WAL
1940727298000,153.20991,-1.52920873752978,-2.5047342242352,-2.84619089060326,-1.9526308,-1.6514742,0.06505715,143.79489,77.35876,-6.1697793,WAL
1940732322000,153.214934,-2.02442441274183,-2.44053968478986,-3.31389464769847,-2.0393736,-1.7776178,0.2312125,143.38638,77.969444,-6.0970445,WAL
1940737310000,153.219922,-2.51051052516236,-2.59515237966979,-3.71969299914144,-2.1090124,-1.9569068,0.37720928,142.90535,78.54686,-6.124294,WAL
1940742296000,153.224908,-2.98879859842598,-3.04716074794717,-4.04555962866263,-2.112372,-2.1300871,0.46883908,142.38545,79.09296,-6.1858926,WAL
1940747317000,153.229929,-3.23685294485142,-3.43385490338632,-4.29879695210781,-2.0549507,-2.2049181,0.5497787,141.82458,79.59481,-6.3698945,WAL
1940752311000,153.234923,-3.33128786275052,-3.77382067684865,-4.50183187028335,-2.006387,-2.2742512,0.5882632,141.21591,80.0478,-6.571811,WAL
1940757298000,153.23991,-3.32846009082154,-4.04996362587884,-4.56334135456034,-1.9871446,-2.2592852,0.6743952,140.60252,80.40331,-6.8836503,WAL
1940762319000,153.244931,-3.2543617754021,-4.28152070440143,-4.52166105818164,-1.9391917,-2.2266037,0.7666359,139.97704,80.66154,-7.217473,WAL
1940767310000,153.249922,-3.23576082192394,-4.6067118950783,-4.30809532058166,-1.8762726,-2.225993,0.883922,139.35481,80.82446,-7.5981565,WAL
1940772308000,153.25492,-3.2714542196868,-5.02610969149888,-3.92439110827741,-1.7806722,-2.2479842,1.0158689,138.73871,80.85784,-8.019553,WAL
1940777283000,153.259895,-3.32111809517169,-5.61277480889593,-3.54223063986265,-1.7055358,-2.2660046,1.1652255,138.13298,80.77722,-8.467434,WAL
1940782316000,153.264928,-3.39750494383518,-6.51923129625991,-3.15520421293185,-1.6572775,-2.2516494,1.3087788,137.5356,80.5691,-8.958552,WAL
1940787322000,153.269934,-3.38398556927472,-7.50907319273748,-2.94532948194054,-1.6285667,-2.162463,1.4419475,136.94916,80.2242,-9.493668,WAL
1940792352000,153.274964,-3.26737056946838,-8.60525441497047,-2.93600033455989,-1.6331482,-1.9556851,1.6050484,136.40756,79.771736,-10.082036,WAL
1940797468000,153.28008,-2.93945567033076,-9.92674217488612,-2.91723694719746,-1.6297885,-1.6975945,1.767844,135.91331,79.23683,-10.695427,WAL
1940802337000,153.284949,-2.35300853619529,-11.4551990496633,-2.88722188627946,-1.6362026,-1.412015,1.924531,135.49501,78.62895,-11.350474,WAL
1940807385000,153.289997,-1.74500173128342,-13.0398468836898,-2.85610337580214,-1.6563611,-1.1826351,2.0048597,135.1723,78.05264,-11.946026,WAL
1940812385000,153.294997,-1.1427762906021,-14.6094267509903,-2.82528076241335,-1.6917913,-1.0396926,2.005776,134.91525,102.55766,-12.553329,WAL
1940817303000,153.299915,-0.535413862150436,-15.5374214349185,-2.87749831890868,-1.7046194,-0.87598073,1.9624046,134.73215,103.181305,-13.15418,WAL
1940822316000,153.304928,0.110400033740053,-15.3873377427056,-3.07760971856764,-1.6942347,-0.643852,1.8781052,134.61784,103.79804,-13.730391,WAL
1940827321000,153.309933,0.713072090630066,-15.0623238931157,-3.09121481223387,-1.6453656,-0.34391713,1.7311921,134.69032,103.94435,-13.831354,WAL
1940832360000,153.314972,1.19288322001945,-14.2070085095645,-2.54360425097806,-1.5650368,-0.039095376,1.5418239,134.82907,104.07066,-13.902308,WAL
1940837276000,153.319888,1.61988280893802,-13.3223158181217,-2.11921960306122,-1.4914275,0.108123146,1.2904528,135.03645,104.036415,-13.7935505,WAL
1940842324000,153.324936,1.99442790659486,-12.3357089239418,-1.85429747244898,-1.4431691,0.06994407,1.0198395,135.27075,103.96737,-13.639309,WAL
1940847390000,153.330002,2.26903247864524,-11.3255909299656,-1.5431633380023,-1.3866642,0.004276057,0.7583892,135.52612,103.74658,-13.353465,WAL
1940852206000,153.334818,2.29791576130884,-10.3194877641165,-1.14361026421042,-1.3500122,-0.2669481,0.6105598,135.70511,103.50607,-13.046472,WAL
1940857217000,153.339829,2.18236321036254,-9.36548945906345,-0.971655292598187,-1.2825116,-0.7305948,0.3222314,135.8021,103.082695,-12.580229,WAL
1940862264000,153.344876,1.78809690706949,-8.58182377673716,-1.26370454733132,-1.2904528,-1.3906348,0.09010262,135.76448,102.666855,-12.12048,WAL
1940867192000,153.349804,1.33471554786463,-7.92939796121593,-1.74663582201258,-1.3753631,-2.0613647,-0.09743301,135.55501,102.23718,-11.659823,WAL
1940872225000,153.354837,0.747672628046321,-7.46746282005591,-2.59832915618449,-1.4666874,-2.6123652,-0.2565634,135.19872,101.7818,-11.174517,WAL
1940877249000,153.359861,0.190237779525826,-7.15666613326748,-3.36699233578888,-1.5152513,-2.948952,-0.36835176,134.695,101.42856,-10.767126,WAL
1940882222000,153.364834,-0.311601672565622,-7.11185883714366,-3.98533021507197,-1.5152513,-3.0558534,-0.45814893,134.11519,101.066986,-10.346596,WAL
1940887230000,153.369842,-0.789683974717585,-7.09627003778866,-4.49633907811657,-1.4844025,-2.9852984,-0.5015204,133.43895,100.95815,-10.0758095,WAL
1940892223000,153.374835,-1.17688545936219,-7.17753469419174,-4.63974709270219,-1.4272866,-2.7919595,-0.50701815,132.77301,100.858795,-9.800061,WAL
1940897242000,153.379854,-1.52674645136678,-7.25360987936317,-4.67786218244718,-1.3720033,-2.5393667,-0.4978552,132.13339,100.91162,-9.609273,WAL
1940902304000,153.384916,-1.75003463184139,-7.31185891703214,-4.36720024272554,-1.3133603,-2.2492058,-0.45875978,131.56238,100.993225,-9.429295,WAL
1940907348000,153.38996,-1.95796044447168,-7.41280061691591,-4.02966839963226,-1.2739595,-1.999362,-0.36987892,131.03627,101.17309,-9.328937,WAL
1940912374000,153.394986,-2.12316322033178,-7.63700449270246,-3.61272795885429,-1.2547172,-1.7614299,-0.25625798,130.59306,101.38515,-9.246435,WAL
1940917358000,153.39997,-2.28698547160252,-7.85933479849636,-3.19927170003269,-1.258077,-1.563815,-0.12095132,130.18738,101.64133,-9.239373,WAL
1940922305000,153.404917,-2.37802985257833,-8.18419079068854,-2.85382443828701,-1.282817,-1.3796391,0.006414085,129.8522,101.93192,-9.259277,WAL
1940927272000,153.409884,-2.45278561753266,-8.53460817668205,-2.52209592035164,-1.3292428,-1.1728612,0.13316862,129.58765,102.26402,-9.312591,WAL
1940932319000,153.414931,-2.37859875136596,-8.78511715821075,-2.25027357940558,-1.3778065,-0.9129381,0.24740042,129.37209,102.59205,-9.432094,WAL
1940937245000,153.419857,-2.26057779543681,-8.99755479015311,-2.00478994572201,-1.4132367,-0.63346726,0.3481932,129.22925,102.94737,-9.573381,WAL
1940942285000,153.424897,-2.0093669670091,-9.04650081479307,-1.57881827543293,-1.432479,-0.41050145,0.45448375,129.14426,103.28165,-9.748827,WAL
1940947307000,153.429919,-1.71762709163487,-9.04179523862636,-1.09885918585266,-1.4382823,-0.32834008,0.54061574,129.10452,103.62915,-9.936546,WAL
1940952313000,153.434925,-1.46164662716617,-9.00139694401726,-0.550102428841898,-1.4327844,-0.23457226,0.57543504,129.14459,103.92244,-10.103168,WAL
1940957276000,153.439888,-1.22096742213053,-8.94791298649663,0.0203965014853713,-1.4107933,-0.28069258,0.6087272,129.17181,104.22214,-10.289714,WAL
1940962341000,153.444953,-1.01211237251917,-8.8729450934428,0.407201012399265,-1.3585643,-0.41874814,0.6407976,129.22783,104.37579,-10.419627,WAL
1940967327000,153.449939,-0.83157348143351,-8.78525461963919,0.654797213736632,-1.2864822,-0.6249151,0.6542367,129.24692,104.52128,-10.554072,WAL
1940972305000,153.454917,-0.664468426430242,-8.67647110210444,0.538742026208106,-1.1829406,-0.818254,0.6609562,129.18257,104.603096,-10.681552,WAL
1940977298000,153.45991,-0.50141358598597,-8.56000344232268,0.29648912360191,-1.0775663,-0.945314,0.64843345,129.0743,104.669876,-10.811576,WAL
1940982317000,153.464929,-0.383401174476768,-8.45998480484849,-0.0966000004242424,-0.9801333,-1.033584,0.6420194,128.89153,104.72359,-10.945265,WAL
1940987306000,153.469918,-0.286878558088889,-8.36828849666666,-0.555082372833333,-0.89888823,-1.0821478,0.6273586,128.68146,104.75642,-11.07531,WAL
1940992319000,153.474931,-0.299188204992534,-8.31432251916376,-1.02459913832753,-0.8775079,-1.1484267,0.59773165,128.44243,104.81629,-11.179389,WAL
1940997342000,153.479954,-0.35665477033549,-8.27601120557491,-1.49869823114983,-0.91232723,-1.1722504,0.5555819,128.20096,104.86478,-11.275034,WAL
1941002310000,153.484922,-0.503708042416999,-8.22984887194081,-1.80913345977993,-0.9767735,-1.1795808,0.5299256,127.98147,104.936676,-11.334242,WAL
1941007315000,153.489927,-0.690125083320053,-8.17983447951053,-2.05465843023146,-1.0604621,-1.1887437,0.52381694,127.756035,105.01301,-11.389323,WAL
1941012402000,153.495014,-0.92520423835391,-8.15343678179012,-2.18479284773663,-1.1716396,-1.1557571,0.52106804,127.57669,105.12682,-11.4163065,WAL
1941017406000,153.500018,-1.18650920576132,-8.14357627623457,-2.23409563292181,-1.2980887,-1.1136073,0.5510005,127.40286,105.26413,-11.453007,WAL
1941022306000,153.504918,-1.40946611421884,-8.13425216617905,-2.14798232654574,-1.3991868,-1.0567969,0.5842926,127.23458,105.47765,-11.515657,WAL
1941027302000,153.509914,-1.61943858104154,-8.12492011176126,-1.98933647571679,-1.493871,-0.9850202,0.636827,127.09025,105.71988,-11.589057,WAL
1941032315000,153.514927,-1.80771791270652,-8.18982974106338,-1.72743273244217,-1.5549575,-0.92087936,0.6786713,126.92968,106.02863,-11.71031,WAL
1941037310000,153.519922,-1.98015219477321,-8.3047862625413,-1.3969336334635,-1.5879441,-0.87689704,0.74220127,126.79257,106.35801,-11.847038,WAL
1941042302000,153.524914,-2.11491245877233,-8.44526125194686,-1.06771086898763,-1.6132951,-0.86620694,0.7825184,126.62939,106.7096,-12.025363,WAL
1941047315000,153.529927,-2.22487241857994,-8.60360361978928,-0.737830897709574,-1.6108516,-0.8472701,0.8136725,126.488205,107.063194,-12.21145,WAL
1941052308000,153.53492,-2.3164109965032,-8.78476222601279,-0.412345864409382,-1.6041322,-0.84696466,0.84757555,126.30224,107.39861,-12.433913,WAL
1941057323000,153.539935,-2.3829740008209,-8.99981109328358,-0.0897718470746269,-1.5735888,-0.8775079,0.88453287,126.11806,107.72459,-12.661001,WAL
1941062333000,153.544945,-2.42329756130294,-9.27195453653186,0.154397233233499,-1.5045611,-0.9272934,0.9095783,125.88177,108.00768,-12.910367,WAL
1941067315000,153.549927,-2.4415011069153,-9.59051789154903,0.331882389826402,-1.4080443,-0.98624194,0.9279043,125.63805,108.27508,-13.164175,WAL
1941072307000,153.554919,-2.44145705341238,-9.94795936292655,0.451367257113939,-1.3060299,-1.0537425,0.93279123,125.33261,108.51013,-13.43885,WAL
1941077298000,153.55991,-2.4184197924812,-10.3534162907268,0.497441923308271,-1.1670581,-1.1224649,0.93554014,125.01207,108.71451,-13.714934,WAL
1941082313000,153.564925,-2.37005594510137,-10.7722213990022,0.528597878654071,-1.0183123,-1.2144,0.91782504,124.64304,108.86471,-13.989227,WAL
1941087309000,153.569921,-2.27864065271203,-11.2089834811591,0.53367650011676,-0.84849185,-1.3213016,0.9071349,124.250946,108.983025,-14.264538,WAL
1941092299000,153.574911,-2.1089208787949,-11.5660902564697,0.398238338632677,-0.700357,-1.4202617,0.88789266,123.81059,109.09489,-14.544293,WAL
1941097341000,153.579953,-1.8524758783314,-11.8411854961375,0.109154888876014,-0.5342017,-1.4886786,0.8558222,123.347626,109.1656,-14.814349,WAL
1941102240000,153.584852,-1.51201145552697,-12.0620702968827,-0.287897487875309,-0.35796702,-1.4853189,0.83169305,122.87894,109.19585,-15.060405,WAL
1941107320000,153.589932,-1.02093592420584,-12.2209478624443,-0.875262350497773,-0.15271631,-1.4052955,0.8072584,122.41212,109.18729,-15.289661,WAL
1941112279000,153.594891,-0.165526472180306,-12.2354437485974,-1.58106895952796,0.041233405,-1.219287,0.7806858,122.01126,109.16809,-15.458252,WAL
1941117316000,153.599928,1.30430209021087,-12.0254678916618,-2.50962738767653,0.19914207,-0.95722586,0.73914695,121.6548,109.11474,-15.602339,WAL
1941122242000,153.604854,2.44604859001058,-11.7547765300452,-3.09446147361792,0.29840767,-0.65270954,0.66614854,121.45857,109.030876,-15.628162,WAL
1941127302000,153.609914,2.95854276749351,-11.3308043792905,-2.97332655255264,0.3115413,-0.3585779,0.56138515,121.331215,108.92146,-15.620248,WAL
1941132267000,153.614879,3.31936179734235,-11.028971555144,-2.77832854525419,0.20922135,-0.118202426,0.42913285,121.48225,108.73039,-15.3404255,WAL
1941137313000,153.619925,3.22091372522456,-11.0960951769608,-2.33083735932957,0.03176499,0.019242255,0.26083946,121.674965,108.52568,-15.020865,WAL
1941142314000,153.624926,3.08392968211178,-11.1880611961833,-1.87810352544825,-0.18051068,0.045814894,0.036957346,121.900154,108.29412,-14.609096,WAL
1941147332000,153.629944,2.51956779210444,-11.5559042208242,-1.32381957049387,-0.376293,0.0027488936,-0.079107046,122.135315,108.08966,-14.186589,WAL
1941152303000,153.634915,1.91987653369168,-11.8736886135478,-0.820360792226996,-0.45142943,-0.12370021,-0.26328292,122.26662,107.83597,-13.736881,WAL
1941157323000,153.639935,1.12253969708462,-11.9745563076231,-0.527363519372565,-0.5439755,-0.27947086,-0.3839288,122.370056,107.62283,-13.285739,WAL
1941162356000,153.644968,0.33205931578626,-12.0213291916031,-0.298962072936387,-0.58062744,-0.4184427,-0.44440445,122.33264,107.39729,-12.907207,WAL
1941167347000,153.649959,-0.412273492073283,-11.8267327685496,-0.362206033616285,-0.5555819,-0.50854534,-0.44135013,122.26014,107.17545,-12.527862,WAL
1941172311000,153.654923,-1.07309737316103,-11.6484248190855,-0.447025524930417,-0.47555858,-0.53023106,-0.4007276,122.07873,106.992035,-12.277198,WAL
1941177304000,153.659916,-1.43977127744012,-11.526200074032,-0.614518538966203,-0.37843102,-0.4841107,-0.35124752,121.892876,106.80839,-12.038089,WAL
1941182278000,153.66489,-1.75727447010554,-11.468122277786,-0.747616338642287,-0.2489276,-0.3631594,-0.27214047,121.68868,106.690384,-11.9272375,WAL
1941187302000,153.669914,-1.59753860448937,-12.049847008176,-0.542582235864427,-0.124005646,-0.21410827,-0.18570304,121.5112,106.56872,-11.832001,WAL
1941192612000,153.675224,-1.42870949493088,-12.664687437788,-0.32587620764977,0.0106901415,-0.07574729,-0.11911872,121.34874,106.506004,-11.811752,WAL
1941197373000,153.679985,-1.27733559839453,-13.2159596195927,-0.13157537896239,0.13744467,0.056505036,-0.09132435,121.2313,106.4313,-11.797588,WAL
1941202388000,153.685,-1.10620631168502,-13.7936469098083,0.0930871260012141,0.26419923,0.18967366,-0.099571034,121.15054,106.34641,-11.78892,WAL
1941207326000,153.689938,-0.798620634141011,-14.3267950315671,0.552415064053421,0.4456262,0.24862215,-0.15577064,121.0857,106.22407,-11.771422,WAL
1941212419000,153.695031,-0.481380080124881,-14.8766782604284,1.02616095074842,0.6365216,0.20158553,-0.24098633,120.99642,105.966545,-11.68175,WAL
1941217327000,153.699939,-0.15705156512931,-15.2229160822975,1.20284925996391,0.8335256,0.11301007,-0.33505958,120.9096,105.66744,-11.575027,WAL
1941222241000,153.704853,0.173163939612069,-15.5153931654972,1.29719658221732,1.0146471,0.024129177,-0.42913285,120.805885,105.32692,-11.4496355,WAL
1941227312000,153.709924,0.483578167793208,-15.5702723053363,1.11044139181965,1.2162327,-0.017104227,-0.52381694,120.65024,104.84558,-11.257247,WAL
1941232318000,153.71493,0.779991856043946,-15.5429109654713,0.832268499990488,1.421178,-0.03023783,-0.63621616,120.475266,104.32333,-11.040966,WAL
1941237314000,153.719926,0.98551134954783,-15.3721655255225,0.522193850727492,1.6136005,-0.013439035,-0.7440339,120.29815,103.73032,-10.762682,WAL
1941242290000,153.724902,1.14352869954783,-15.1279565255225,0.196582430727492,1.8051068,-0.0030543262,-0.88422745,120.11327,103.09072,-10.451143,WAL
1941247384000,153.729996,1.14835361865538,-14.7721784823705,0.0439436160548805,1.9046779,0.028710667,-0.95539325,119.99087,102.43847,-10.08748,WAL
1941252313000,153.734925,1.07782959466135,-14.3772443211155,-0.0171772049035856,2.082745,0.048563786,-1.0845913,119.86366,101.71907,-9.677611,WAL
1941257337000,153.739949,0.751080043241145,-13.8858914701601,-0.0136240647214944,2.2708917,0.057726767,-1.20371,119.78578,101.00239,-9.236929,WAL
1941262378000,153.74499,0.291971337572052,-13.3471413825328,0.0238541946296943,2.4758368,0.061086524,-1.3084733,119.71035,100.25387,-8.774797,WAL
1941267368000,153.74998,-0.260062029110646,-12.8560577840411,0.082749736858884,2.6994135,0.0693332,-1.4022411,119.636375,99.49569,-8.3056555,WAL
1941272305000,153.754917,-0.867840943056561,-12.3968467390021,0.154782787145591,2.9123,0.061086524,-1.4886786,119.5585,98.72149,-7.8210154,WAL
1941277293000,153.759905,-1.51351687720822,-12.1800738477018,0.13143411258494,3.1132748,0.059253927,-1.5506815,119.45751,98.00716,-7.394861,WAL
1941282287000,153.764899,-2.19226716824825,-12.2155311419191,0.00986688902446515,3.2534683,0.10720685,-1.6136005,119.37059,97.31172,-6.9541044,WAL
1941287311000,153.769923,-2.808433604157,-12.4443717099183,-0.326655016051054,3.324634,0.19150625,-1.6572775,119.243454,96.76614,-6.6121035,WAL
1941292301000,153.774913,-3.37739898272626,-12.7963587879124,-0.799185547205327,3.3105843,0.3277292,-1.6710218,119.14891,96.30064,-6.2699637,WAL
1941297318000,153.77993,-3.9397972808991,-13.187826009803,-1.28958593112189,3.207959,0.47555858,-1.6358972,119.04132,83.949005,-6.0499473,WAL
1941302271000,153.784883,-4.4893337834439,-13.5964556212496,-1.78275970665412,3.0509665,0.61544675,-1.5809193,118.97328,84.10602,-5.8391614,WAL
1941307313000,153.789925,-5.06890459441529,-13.9404290979305,-2.1724766774037,2.8490756,0.6575964,-1.5332718,118.891235,84.10539,-5.74676,WAL
1941312278000,153.79489,-5.65273038508763,-14.2323424848995,-2.48322269923755,2.681393,0.6282749,-1.4850134,118.83087,84.059845,-5.6698275,WAL
1941317272000,153.799884,-6.18539045746579,-14.4519099900853,-2.72174731782669,2.5357015,0.57635134,-1.430341,118.84444,83.983055,-5.620776,WAL
1941322266000,153.804878,-6.67854572932778,-14.6178755732699,-2.90668049526076,2.4514022,0.50701815,-1.3610078,118.84496,83.88532,-5.5869856,WAL
1941327276000,153.809888,-7.13159978010382,-14.6770569829802,-2.96043373782657,2.3881776,0.43279803,-1.3075571,118.92548,83.772675,-5.5476093,WAL
1941332272000,153.814884,-7.55097765058293,-14.652627133946,-2.91157416730491,2.3646593,0.2883284,-1.2809844,118.96461,83.64368,-5.517692,WAL
1941337264000,153.819876,-7.8536189452307,-14.5522621888252,-2.9180968791077,2.359467,0.16707164,-1.3240504,119.0423,83.49203,-5.4929247,WAL
1941342286000,153.824898,-7.71950932445941,-14.1651155826275,-3.13317825066554,2.3295345,-0.06872234,-1.3924674,119.04481,83.33927,-5.4633565,WAL
1941352199000,153.834811,-7.45478836255064,-13.4009211765665,-3.5577305478087,2.1468859,0.084910266,-1.6019942,119.15125,83.00241,-5.383573,WAL
1941357184000,153.839796,-7.0308216600842,-12.8794945037089,-3.71347979817562,1.8869628,0.52015173,-1.591304,119.244064,82.83344,-5.343504,WAL
1941362262000,153.844874,-6.14360761016439,-12.133650019146,-3.78172707977145,1.6319265,0.83108217,-1.536937,119.37682,82.68726,-5.3091083,WAL
1941367177000,153.849789,-5.20939858518665,-11.4741685530318,-3.62057400049378,1.5855007,0.97310835,-1.4364496,119.62765,82.62063,-5.2401743,WAL
1941372249000,153.854861,-4.13009281327276,-10.8889451044835,-3.10730397955757,1.6615535,0.9737192,-1.323745,119.91985,82.56553,-5.197173,WAL
1941377239000,153.859851,-3.18161596769111,-10.4022903816378,-2.58562599972768,1.8237382,0.8781188,-1.196685,120.21227,82.53997,-5.1030855,WAL
1941382283000,153.864895,-2.40643671108734,-10.054634079751,-2.03125542236919,1.9730947,0.81122905,-1.1386528,120.50777,82.4911,-5.0259056,WAL
1941387195000,153.869807,-1.72948234654538,-9.79245888815986,-1.68455262411771,2.0735822,0.86651236,-1.1282681,120.74102,82.44085,-4.8733897,WAL
1941392222000,153.874834,-1.20301981399742,-9.68716625171488,-1.74198491220797,2.1578815,1.0641272,-1.131017,120.99313,82.3479,-4.7409444,WAL
1941397210000,153.879822,-0.7077214375547,-9.64574111240492,-1.75622757198798,2.245846,1.3652838,-1.1246029,121.17833,82.25513,-4.5499487,WAL
1941402251000,153.884863,-0.267977023932764,-9.74547707728425,-1.67462547915297,2.3130412,1.6676621,-1.1224649,121.42177,82.1391,-4.3704934,WAL
1941407329000,153.889941,0.11071752276149,-9.82391732636671,-1.56551089293662,2.364354,1.897042,-1.0833695,121.69924,82.03755,-4.14781,WAL
1941412445000,153.895057,0.233975244065796,-9.81443577203677,-1.34743959850024,2.3768766,2.067168,-1.0503827,122.04659,81.920555,-3.9403117,WAL
1941417423000,153.900035,0.360250162181278,-9.80222729598811,-1.18900972124814,2.3408356,2.1200078,-1.0671816,122.44228,81.79256,-3.6700373,WAL
1941422348000,153.90496,0.519104688233779,-9.77419406914314,-1.31983103997028,2.2922719,2.1395555,-1.0424415,122.87144,81.646286,-3.434539,WAL
1941427313000,153.909925,0.660251139054677,-9.72779513458842,-1.46394907017825,2.2134702,2.1569653,-1.0238101,123.31007,81.47724,-3.1658728,WAL
1941432353000,153.914965,0.655417664990987,-9.53928974704586,-1.70562297524534,2.1270328,2.2036965,-1.0076222,123.758316,81.31367,-2.914963,WAL
1941437290000,153.919902,0.633931893399359,-9.33856918949255,-1.94129791043199,2.0506747,2.2220223,-0.9819659,124.2274,81.15491,-2.6434658,WAL
1941442337000,153.924949,0.47892707934352,-9.00576471590266,-2.17380513627617,1.9892827,2.233018,-0.96577793,124.70378,81.01065,-2.3840275,WAL
1941447567000,153.930179,0.312242540882898,-8.6561818429718,-2.40940761103108,1.9532416,2.2424862,-0.9059132,125.21249,80.86899,-2.1360505,WAL
1941452348000,153.93496,0.0436849497952253,-8.246278247376,-2.52248450909652,1.8912388,2.2540927,-0.8881981,125.72189,80.75236,-1.8880454,WAL
1941457445000,153.940057,-0.249557426660099,-7.81524069665025,-2.64976952660099,1.8677205,2.2757785,-0.8527679,126.31705,80.58392,-1.6728195,WAL
1941462377000,153.944989,-0.61252879270936,-7.4662297817734,-2.8498690270936,1.8084666,2.276084,-0.8344419,126.9022,80.44574,-1.4609976,WAL
1941467568000,153.95018,-0.990077437057221,-7.10923969100817,-3.04058391035422,1.7479908,2.2559254,-0.82833326,127.55587,80.26376,-1.2891567,WAL
1941472348000,153.95496,-1.28409172043597,-6.90432058863371,-2.97821728365123,1.6829338,2.26631,-0.82863873,128.21027,80.10448,-1.1243469,WAL
1941477689000,153.960301,-1.60652078312811,-6.67858381989849,-2.90648843307642,1.6325374,2.2336287,-0.82711154,128.9011,79.94086,-1.0090266,WAL
1941482352000,153.964964,-1.76182638325031,-6.54846280270702,-2.80155221796221,1.5867225,2.1496348,-0.8539896,129.57573,79.80133,-0.8853985,WAL
1941487307000,153.969919,-1.92685731797161,-6.41019352537833,-2.69004483089576,1.5070046,2.0647244,-0.88361657,130.25543,79.656334,-0.80141395,WAL
1941492294000,153.974906,-2.03235272459725,-6.19101989390963,-2.56963976267191,1.4083499,1.9804251,-0.91232723,130.908,79.536674,-0.7081737,WAL
1941497349000,153.979961,-2.12746230131631,-5.95324620039293,-2.44599734273084,1.3136657,1.8823812,-0.9392053,131.52924,79.44494,-0.603998,WAL
1941502344000,153.984956,-2.20763016621757,-5.76453108345063,-2.30978600914941,1.2113458,1.8185458,-0.956615,132.13312,79.36439,-0.5187394,WAL
1941507290000,153.989902,-2.28382855252363,-5.58832200120652,-2.17167629410818,1.1273518,1.7498235,-0.9825767,132.70537,79.311295,-0.41999206,WAL
1941512376000,153.994988,-2.32151835745631,-5.43912431533981,-2.08749287732039,1.0424415,1.7024814,-0.9990701,133.27762,79.248665,-0.33416548,WAL
1941517249000,153.999861,-2.34870359437864,-5.30319884038835,-2.0195300452233,0.94989544,1.700038,-0.9972375,133.83963,79.21668,-0.24699572,WAL
1941522346000,154.004958,-2.34499214610862,-5.13278118624813,-1.67084690640757,0.88239485,1.6969837,-1.0012082,134.39026,79.17098,-0.16618896,WAL
1941527266000,154.009878,-2.33090599244644,-4.95905297100149,-1.24356959220727,0.78801614,1.6643023,-1.010982,134.92836,79.16325,-0.08448263,WAL
1941532338000,154.01495,-2.27358268634833,-4.74858578497127,-0.847868080017832,0.63804877,1.6740762,-1.031446,135.48122,79.171,-0.009079028,WAL
1941537286000,154.019898,-2.20316559738458,-4.53263980038637,-0.477004480105013,0.49327368,1.6606371,-1.010982,136.01306,79.20753,0.05877549,WAL
1941542329000,154.024941,-2.17661994112214,-4.31040520842095,-0.0736906865127248,0.43982297,1.5989398,-0.9923506,136.51593,79.18331,0.13539666,WAL
1941547347000,154.029959,-2.16717582548885,-4.08846834311683,0.337128634448266,0.32498032,1.5344934,-0.95447695,137.00842,79.22041,0.20036231,WAL
1941552345000,154.034957,-2.1982015177955,-3.9681098115272,0.554447519903099,0.18478674,1.4782939,-0.89827734,137.4627,79.2083,0.26978663,WAL
1941557329000,154.039941,-2.24638035215504,-3.89102367655193,0.689348341633189,0.042455133,1.4492778,-0.8503244,137.9015,79.23129,0.3314316,WAL
1941562378000,154.04499,-2.27373994611993,-3.84860962751323,0.741450881657848,-0.09101892,1.4330899,-0.80939645,138.30397,79.20721,0.38590342,WAL
1941567298000,154.04991,-2.29220662572016,-3.82090953580247,0.759917609465021,-0.21838433,1.430341,-0.7629707,138.69559,79.22333,0.42507556,WAL
1941572345000,154.054957,-2.28221043468,-3.76938907432,0.74018754128,-0.33444872,1.4178182,-0.71837753,139.07864,79.238235,0.44475734,WAL
1941577351000,154.059963,-2.25823975434,-3.70706507516,0.70183437264,-0.44318274,1.4126259,-0.6786713,139.4569,79.28798,0.45198396,WAL
1941582346000,154.064958,-2.21142268595539,-3.60555612764718,0.637360847227245,-0.5580254,1.416902,-0.65057147,139.83583,79.362366,0.4439616,WAL
1941587332000,154.069944,-2.15385797854129,-3.48562955368696,0.560607853918023,-0.69058317,1.4178182,-0.62125,140.20616,79.47263,0.42507556,WAL
1941592286000,154.074898,-2.05290674667782,-3.38083709406438,0.482214245329265,-0.8023715,1.4285084,-0.5910121,140.58917,79.60307,0.39796078,WAL
1941597419000,154.080031,-1.92709691162516,-3.27922147943695,0.399953996936706,-0.9166033,1.4364496,-0.5626069,140.96619,79.770645,0.36408395,WAL
1941602346000,154.084958,-1.82045514061872,-3.20872273206107,0.367193009859381,-1.0290025,1.4333953,-0.52473325,141.3508,79.97343,0.32445103,WAL
1941607347000,154.089959,-1.71943408669144,-3.15099649446565,0.357571961888309,-1.1459832,1.4071281,-0.4813618,141.72543,80.20789,0.2775048,WAL
1941612372000,154.094984,-1.67253418458266,-3.12512400923825,0.396539180455835,-1.2437216,1.3698653,-0.43279803,142.10028,80.473656,0.24122417,WAL
1941617351000,154.099963,-1.65321367742099,-3.1154637808752,0.459330710207658,-1.353372,1.3063353,-0.38789943,142.45465,80.77315,0.19841397,WAL
1941622333000,154.104945,-1.62138942213501,-3.07695797552983,0.607946823582221,-1.4679092,1.2186762,-0.3368922,142.79213,81.08994,0.16420309,WAL
1941627307000,154.109919,-1.58399930973312,-3.02554647337127,0.794897507599097,-1.5656476,1.1270463,-0.269697,143.10435,81.42922,0.11828189,WAL
1941632325000,154.114937,-1.62127400055517,-3.11307977791712,1.06462343429166,-1.6691893,0.98990715,-0.2003638,143.37479,81.77455,0.07130377,WAL
1941637312000,154.119924,-1.69939755315753,-3.27642904449291,1.37711769414097,-1.7782288,0.92271197,-0.10751228,143.63222,82.144,0.0021088207,WAL
1941642297000,154.124909,-1.77748977487856,-3.43971280103599,1.68948663044513,-1.8338175,0.7583892,-0.0421497,143.8116,82.451546,-0.046569947,WAL
1941647325000,154.129937,-1.85625561054823,-3.60440502328244,2.00455002297016,-1.9587394,0.5748242,0.07574729,143.95811,82.803024,-0.13102362,WAL
1941652308000,154.13492,-1.9742177091337,-4.07957484745118,2.55814591775663,-2.0665572,0.3903429,0.15882497,144.06306,83.14883,-0.21931621,WAL
1941657328000,154.13994,-2.1186611328693,-4.75845868260391,3.27073313297947,-2.1533,0.21838433,0.3118467,144.11111,83.513,-0.3531008,WAL
1941662309000,154.144921,-2.21119337095355,-5.95543426166259,4.03064150572127,-2.1591032,0.080634214,0.4560109,144.06438,83.650085,-0.47386512,WAL
1941667317000,154.149929,-2.27217014223961,-7.48923665016137,4.82803147743765,-2.0748038,0.021991149,0.60048056,143.98526,83.77519,-0.63563734,WAL
1941672307000,154.154919,-2.11119339931973,-9.51136526678498,5.82949115350488,-1.8683313,0.024129177,0.75136423,143.84454,83.5649,-0.7903547,WAL
1941677339000,154.159951,-1.7786158537415,-11.9296795761609,6.99826356876664,-1.500285,0.13988814,0.86315256,143.71336,83.29457,-0.9831106,WAL
1941682345000,154.164957,-0.946817771788186,-13.9153083681677,8.52302734710661,-0.84421575,0.2574797,0.8527679,143.55174,82.75857,-1.2063277,WAL
1941687347000,154.169959,0.302287477374386,-15.5487535820881,10.3486424681577,0.06169739,0.22999077,0.6612616,143.37834,82.086815,-1.4104587,WAL
1941692281000,154.174893,1.57150429384402,-16.7144939514054,11.2584458295724,0.8744536,0.21655174,0.32253686,143.23802,81.19832,-1.5388081,WAL
1941697438000,154.18005,2.93034735554236,-17.5454410960016,11.434411611639,1.2996159,0.40408736,0.025045475,143.15237,80.249756,-1.635388,WAL
1941702344000,154.184956,3.91484348740947,-18.1228166655422,10.9267137412442,1.4083499,0.7367035,-0.15515977,143.12572,79.13135,-1.5438776,WAL
1941707369000,154.189981,4.65491057045342,-18.528660573668,9.81900012878262,1.3439035,1.0952814,-0.30390546,143.17827,78.04264,-1.4095159,WAL
1941712375000,154.194987,4.78475690885052,-18.3511099790824,8.61776313764183,1.1682798,1.402852,-0.38820487,143.39673,77.12546,-1.0923927,WAL
1941717348000,154.19996,4.35713793715836,-17.6415445766157,7.33490700764677,0.9786061,1.5778649,-0.42088616,143.6847,76.28477,-0.7940211,WAL
1941722340000,154.204952,3.66738489998071,-16.4516079242044,6.23895640771456,0.8188649,1.6184875,-0.44165558,144.13072,75.71867,-0.39724177,WAL
1941727346000,154.209958,2.70115820626808,-14.7549316335583,5.3420759927676,0.6646214,1.5861117,-0.45020768,144.59912,75.225845,-0.0326927,WAL
1941732327000,154.214939,1.68744474043425,-12.903520083223,4.57903661279413,0.49938235,1.5607607,-0.4605924,145.09175,74.90545,0.29333737,WAL
1941737353000,154.219965,0.589166309143425,-10.8001209083223,3.99557612127941,0.34422258,1.4740179,-0.4654793,145.5494,74.63682,0.60705125,WAL
1941742309000,154.224921,-0.371616182415442,-8.91050792870526,3.63982494667193,0.24587326,1.3750577,-0.45631635,145.95134,74.43473,0.7976125,WAL
1941747443000,154.230055,-1.21038430217306,-7.18933658031752,3.55255423684055,0.03940081,1.2470814,-0.40042216,146.31126,74.315674,0.9790271,WAL
1941752275000,154.234887,-2.09766050287248,-5.89229873935991,3.43905686511281,-0.17592919,1.112691,-0.31703907,146.57236,74.21502,1.019972,WAL
1941757365000,154.239977,-3.17325930915416,-4.99112119567637,3.27432557428685,-0.39675698,1.0088439,-0.17073683,146.7924,74.18176,1.0355215,WAL
1941762286000,154.244898,-3.88263400057937,-4.73197731634801,3.21448263130552,-0.60903263,0.94897914,-0.013439035,146.9523,74.18879,0.875842,WAL
1941767334000,154.249946,-4.11137508331402,-5.39019142751062,3.30317817506759,-0.80481493,0.850019,0.124311075,147.05661,74.25381,0.6955181,WAL
1941772242000,154.254854,-4.32131378982387,-6.30275893829746,3.44196631296477,-0.960891,0.6401868,0.2312125,147.05914,74.31862,0.34199813,WAL
1941777337000,154.259949,-4.51228755107632,-7.84009861373777,3.69978104021526,-1.103528,0.29718593,0.3118467,146.98543,74.42428,-0.023526585,WAL
1941782248000,154.26486,-4.74391336184079,-9.53049139773411,3.84290837182675,-1.20371,-0.19608775,0.3735441,146.8004,74.562904,-0.4236685,WAL
1941787346000,154.269958,-5.11103734198917,-11.8409235006016,3.71074382075396,-1.2119566,-0.86620694,0.40561453,146.46614,74.698296,-0.7965008,WAL
1941792278000,154.27489,-5.46904240986797,-13.8548313064059,3.25228174050856,-1.1160508,-1.5494597,0.4364632,145.98538,74.83092,-1.1639682,WAL
1941797370000,154.279982,-5.84580922567237,-15.3762068655257,1.94552011222494,-0.96883225,-2.0723603,0.45081854,145.36649,74.93211,-1.4942665,WAL
1941802287000,154.284899,-6.18874497729351,-16.6619681233583,0.984649277110614,-0.79076505,-2.2153027,0.4868596,144.69344,75.0675,-1.8310448,WAL
1941807367000,154.289979,-6.47745626788598,-17.4145099036871,0.937319610489347,-0.5748242,-1.9691241,0.5439755,143.99272,75.13315,-2.161357,WAL
1941812370000,154.294982,-6.4833199806689,-18.0772705170486,0.986758183964971,-0.24404067,-1.5738943,0.56169057,143.38016,75.313286,-2.4938421,WAL
1941817350000,154.299962,-5.4080837453419,-18.4327211486864,1.40885500408794,0.24587326,-1.1527027,0.5384777,142.85194,75.36907,-2.8416576,WAL
1941822450000,154.305062,-4.24696786727392,-18.6046978630898,1.72762712553703,0.8402451,-0.87872964,0.44135013,142.40816,75.31233,-3.20079,WAL
1941827354000,154.309966,-2.38679337438921,-16.3886225295544,0.626707527808427,1.1814134,-0.8405506,0.17256944,142.03938,75.19393,-3.5043056,WAL
1941832356000,154.314968,-0.566105998939499,-14.0771070409942,-0.507716784715318,1.0604621,-0.84635377,-0.0983493,141.79654,75.05519,-3.645194,WAL
1941837347000,154.319959,0.309485719738588,-11.1426916117437,-1.78087448852956,0.6093381,-0.7315111,-0.1872302,141.60785,74.924736,-3.7668827,WAL
1941842443000,154.325055,1.14098528289436,-8.22434333960444,-2.99199954517125,0.30268374,-0.47616947,-0.31673363,141.55295,74.94324,-3.6089385,WAL
1941847390000,154.330002,1.15926856442836,-6.37316424626146,-3.04684934204534,-0.33475417,-0.4569272,-0.4541783,141.47173,75.182,-3.4210129,WAL
1941852664000,154.335276,1.15699159781362,-4.45117271415771,-3.0957114734767,-0.9254609,-0.71685034,-0.46700647,141.40868,75.591644,-3.1406555,WAL
1941857378000,154.33999,0.707968051874552,-3.79179583933692,-2.94199165060932,-1.3500122,-1.0390818,-0.398895,141.33533,76.13386,-2.8455453,WAL
1941862365000,154.344977,0.232940384586021,-3.09423273481183,-2.77936951301075,-1.6328428,-1.3481796,-0.33475417,141.172,76.75473,-2.5486631,WAL
1941867349000,154.349961,-0.300200688499302,-2.55948327768908,-3.00020750428058,-1.8182404,-1.5546521,-0.27488935,140.94144,77.46321,-2.2583122,WAL
1941872288000,154.3549,-0.847674487703053,-2.08280354324486,-3.34473843414488,-1.960572,-1.6539177,-0.20830505,140.64871,78.234085,-1.9791847,WAL
1941877349000,154.359961,-1.37929346107111,-1.99938391149029,-3.72643201238781,-2.0766363,-1.7012597,-0.0852157,140.26756,78.98432,-1.8092659,WAL
1941882307000,154.364919,-1.88974980589802,-2.06026398518592,-4.11044517613177,-2.1557434,-1.7892243,0.06047566,139.84172,79.76076,-1.6631402,WAL
1941887343000,154.369955,-2.26542771895073,-2.44044278322362,-4.339573491921,-2.2159138,-1.9770653,0.17562376,139.34383,80.58007,-1.6228904,WAL
1941892303000,154.374915,-2.57812108898863,-2.94264733459007,-4.50065772890485,-2.2049181,-2.1905627,0.2837469,138.8065,81.39398,-1.6267358,WAL
1941897450000,154.380062,-2.78934430770671,-3.39030010560757,-4.690572020272,-2.1395555,-2.3472497,0.38606682,138.21408,82.23023,-1.7432854,WAL
1941902353000,154.384965,-2.94667876066818,-3.78826371907953,-4.88029898567064,-2.069917,-2.3698518,0.49541172,137.59572,83.03903,-1.9022498,WAL
1941907381000,154.389993,-2.93199411046952,-4.07609799574025,-4.9447535209485,-2.0237966,-2.2375994,0.61086524,136.96881,83.80892,-2.1512601,WAL
1941912413000,154.395025,-2.83619700558501,-4.308747971507,-4.94931523567777,-1.9734001,-2.0390682,0.7333437,136.3547,84.4902,-2.4465914,WAL
1941917342000,154.399954,-2.80492959648849,-4.64622319130978,-4.70464885287069,-1.926669,-1.8820758,0.86467975,135.7685,85.069046,-2.812679,WAL
1941922355000,154.404967,-2.81993699426904,-5.0714318374492,-4.26943546640617,-1.8533652,-1.8057177,1.0143417,135.2197,85.46033,-3.23173,WAL
1941927346000,154.409958,-2.86579396999397,-5.74762744672296,-3.80544243594692,-1.7785342,-1.7733418,1.1481212,134.7156,85.64515,-3.673182,WAL
1941932337000,154.414949,-2.92825597376357,-6.55963324487334,-3.32496566911942,-1.6914859,-1.7672331,1.310306,134.23253,85.558716,-4.173013,WAL
1941937348000,154.41996,-2.91889556120463,-7.54534191349616,-2.99116104026467,-1.6520851,-1.736079,1.382388,133.769,85.24019,-4.6940284,WAL
1941942335000,154.424947,-2.87242334012844,-8.61420348350686,-2.73556367876812,-1.5683966,-1.6691893,1.5335772,133.32597,84.71273,-5.286274,WAL
1941947414000,154.430026,-2.69293332743275,-9.75163433643196,-2.58972508475079,-1.5375478,-1.5289958,1.7006488,132.9225,95.9238,-5.9046006,WAL
1941952345000,154.434957,-2.4360822090091,-10.8864494684533,-2.51967469993078,-1.5335772,-1.3439035,1.8701639,132.56107,96.6424,-6.561933,WAL
1941957391000,154.440003,-2.14200150683594,-12.0475202705078,-2.44851546518555,-1.5464053,-1.1859949,1.9911152,132.25914,97.35552,-7.2030296,WAL
1941962388000,154.445,-1.828885778125,-13.197168934375,-2.37841502140625,-1.5980235,-1.0662653,2.0592268,132.0083,98.10252,-7.8642936,WAL
1941967345000,154.449957,-1.4947870006467,-14.1050259987066,-2.47855794715949,-1.6490307,-0.97097033,2.0393736,131.83717,98.737,-8.415499,WAL
1941972347000,154.454959,-1.13733609814944,-14.8199278037011,-2.7263905496667,-1.7281377,-0.81183994,1.9566014,131.72426,99.367615,-8.950872,WAL
1941977324000,154.459936,-0.689182104221687,-15.116935250506,-3.01930737227952,-1.767844,-0.52595496,1.8280143,131.71512,99.8299,-9.324879,WAL
1941982353000,154.464965,-0.150698790640964,-15.0333772642892,-3.35818039341687,-1.7690657,-0.19517145,1.6633861,131.76482,100.25601,-9.651679,WAL
1941987342000,154.469954,0.395411001112358,-14.6790238736606,-3.5587428894377,-1.7397442,0.12675454,1.4844025,131.92531,100.55397,-9.823641,WAL
1941992302000,154.474914,0.952877139289723,-13.9955223081947,-3.59267568747831,-1.6893479,0.36041048,1.2776246,132.15044,100.80341,-9.935264,WAL
1941997315000,154.479927,1.3504254918098,-13.1909329233382,-3.38611450084425,-1.6184875,0.42638394,1.0219775,132.44121,100.93021,-9.876313,WAL
1942002350000,154.484962,1.5703481843377,-12.2597706259098,-2.91819384829694,-1.5732834,0.27366763,0.7489208,132.72615,101.014694,-9.76077,WAL
1942007397000,154.490009,1.70348874691469,-11.2342463385339,-2.36738110769077,-1.6007724,-0.183565,0.5030475,132.95099,101.002045,-9.51526,WAL
1942012379000,154.494991,1.72257530261026,-10.1033672160216,-1.71843776561656,-1.6899587,-0.8216137,0.31887165,133.07068,100.96925,-9.233111,WAL
1942017300000,154.499912,1.60277311827957,-9.09968675959357,-1.50668863801914,-1.7760907,-1.4382823,0.1704314,133.0619,100.8214,-8.875603,WAL
1942022347000,154.504959,1.28807910107527,-8.22712612984118,-1.88336790077932,-1.7941113,-1.930945,0.040011674,132.90656,100.67002,-8.505816,WAL
1942027291000,154.509903,0.90671420164159,-7.52016760262132,-2.37427077185734,-1.7403551,-2.1209242,-0.08399397,132.6284,100.49131,-8.149336,WAL
1942032351000,154.514963,0.401444777478659,-7.02906462328006,-3.06842585117911,-1.6581937,-2.3582454,-0.18936823,132.20691,100.31197,-7.796652,WAL
1942037239000,154.519851,-0.0938540482762685,-6.69457447367159,-3.68046470320615,-1.6184875,-2.4544566,-0.23151793,131.75656,100.28734,-7.529266,WAL
1942042336000,154.524948,-0.625277874638434,-6.6360689369157,-4.19726216879744,-1.564426,-2.417194,-0.28924468,131.2873,100.2376,-7.24328,WAL
1942047293000,154.529905,-1.14707233444314,-6.74668809248674,-4.41783958164408,-1.5311338,-2.261423,-0.30268374,130.76141,100.47579,-7.103918,WAL
1942052348000,154.53496,-1.68909021644078,-7.19361517896288,-4.08026710860342,-1.4813483,-2.0247128,-0.29626966,130.27406,100.7071,-6.9556556,WAL
1942057240000,154.539852,-2.10164886363908,-7.6416746834379,-3.73434810204163,-1.455081,-1.7935003,-0.25167647,129.80992,101.09014,-6.902121,WAL
1942062392000,154.545004,-2.25397751042725,-8.15271265144906,-3.32158680448163,-1.4605788,-1.5717562,-0.1777618,129.4145,101.48706,-6.8550324,WAL
1942067272000,154.549884,-2.36546375404921,-8.6094579913338,-2.88411556262576,-1.4443909,-1.2907583,-0.079107046,129.06984,101.880974,-6.9113836,WAL
1942072349000,154.554961,-2.39936647219843,-9.01629111485208,-2.31261139301723,-1.4285084,-0.95356065,0.017104227,128.8107,102.286804,-6.9773126,WAL
1942077304000,154.559916,-2.37758742391614,-9.36515281349018,-1.68863792217816,-1.409877,-0.6026186,0.14813483,128.63496,102.63855,-7.092362,WAL
1942082363000,154.564975,-2.21671875890333,-9.59956194564083,-0.884294251560573,-1.4150693,-0.2733622,0.2742785,128.55641,102.999916,-7.2155766,WAL
1942087283000,154.569895,-2.02087717780625,-9.7948360188233,-0.080407627529319,-1.4477507,-0.025350908,0.38973203,128.5644,103.26045,-7.3604894,WAL
1942092309000,154.574921,-1.6319042051838,-9.83752804267271,0.844589002930916,-1.4764613,0.09315695,0.4841107,128.63445,103.53075,-7.518853,WAL
1942097367000,154.579979,-1.22918493593912,-9.86834603442101,1.67995021011739,-1.4553864,0.06627888,0.5571091,128.7652,103.614395,-7.6680126,WAL
1942102350000,154.584962,-0.773431021313171,-9.83511380660565,2.00277588766415,-1.3924674,-0.08582657,0.5742133,128.88614,103.70332,-7.820984,WAL
1942107412000,154.590024,-0.331796459418748,-9.79509488308481,2.2265598101814,-1.2449434,-0.28496864,0.5647449,128.92282,103.70449,-7.9739637,WAL
1942112362000,154.594974,-0.0121299444600627,-9.72305731541457,1.89788860161459,-1.0497719,-0.46211955,0.5363397,128.9142,103.68521,-8.128632,WAL
1942117526000,154.600138,0.310241544276074,-9.64562739591002,1.53044225150102,-0.8472701,-0.5867361,0.47525316,128.81262,103.64497,-8.2442255,WAL
1942122347000,154.604959,0.480191643312883,-9.54649028425358,0.897850112678937,-0.67103547,-0.6805039,0.41050145,128.66473,103.56379,-8.356038,WAL
1942127303000,154.609915,0.636301964418885,-9.43894888053056,0.256132733392079,-0.5513059,-0.72112644,0.33475417,128.5156,103.47807,-8.396402,WAL
1942132346000,154.614958,0.56462650847324,-9.25975983137,-0.290392823426398,-0.5030475,-0.7672467,0.29718593,128.33598,103.36695,-8.434068,WAL
1942137327000,154.619939,0.493832249884055,-9.08277378063259,-0.830199247878675,-0.4905248,-0.8191703,0.21685717,128.18553,103.277725,-8.399322,WAL
1942142354000,154.624966,0.268923750491225,-8.92572127597002,-1.2682659098947,-0.5186246,-0.9279043,0.14782938,128.00513,103.1845,-8.364107,WAL
1942147326000,154.629938,0.0340289630702969,-8.7721364270942,-1.69288338884356,-0.6221663,-1.0974194,0.09407325,127.79038,103.09617,-8.318468,WAL
1942152417000,154.635029,-0.274400328956574,-8.62325074668275,-2.00844548291114,-0.7467828,-1.2290609,0.058337633,127.59901,103.07948,-8.2682085,WAL
1942157327000,154.639939,-0.586368537403498,-8.48144710373945,-2.28732627683957,-0.8924741,-1.3298537,0.047647487,127.36974,103.087166,-8.220526,WAL
1942162376000,154.644988,-0.887399006714314,-8.39186074531911,-2.45760307307228,-1.024421,-1.3625349,0.06169739,127.15493,103.18333,-8.212464,WAL
1942167253000,154.649865,-1.17419905786189,-8.31663397765251,-2.59865220692571,-1.146594,-1.3289373,0.090713486,126.93565,103.30891,-8.210157,WAL
1942172342000,154.654954,-1.43184881772276,-8.31893882277237,-2.50122691431378,-1.2336423,-1.2565498,0.12583824,126.72618,103.507195,-8.255444,WAL
1942177266000,154.659878,-1.6727489025641,-8.33746997435897,-2.35761334358974,-1.2910637,-1.1737776,0.17592919,126.53696,103.72774,-8.310656,WAL
1942182354000,154.664966,-1.87639249357576,-8.3805187769697,-2.21371656509091,-1.3359623,-1.0754282,0.2312125,126.328865,104.044586,-8.421234,WAL
1942187280000,154.669892,-2.06223484969697,-8.42817061212121,-2.07552614363636,-1.3494014,-0.9767735,0.29626966,126.153275,104.36756,-8.54163,WAL
1942192291000,154.674903,-2.23951236714502,-8.51616229216776,-1.89144593317837,-1.3368785,-0.872621,0.36682457,125.97477,104.71254,-8.720792,WAL
1942197361000,154.679973,-2.41616300312279,-8.61430150591208,-1.69516740321374,-1.3060299,-0.7892379,0.43768495,125.82678,105.055405,-8.908609,WAL
1942202338000,154.68495,-2.55819789227611,-8.71385201374833,-1.42252888917319,-1.2705997,-0.7305948,0.5018258,125.67272,105.40568,-9.142881,WAL
1942207241000,154.689853,-2.69268834319267,-8.81247842868054,-1.14009904991407,-1.2113458,-0.68844515,0.5705481,125.54562,105.74391,-9.386871,WAL
1942212363000,154.694975,-2.77250985253347,-8.89688578651463,-0.904919461536936,-1.1566733,-0.6835582,0.634689,125.3931,106.07415,-9.674048,WAL
1942217268000,154.69988,-2.82840384742687,-8.97141065909767,-0.699974797382251,-1.1038336,-0.70738196,0.6969972,125.25089,106.39147,-9.969881,WAL
1942222343000,154.704955,-2.80647101898067,-9.12678362678188,-0.490283473486624,-1.0488557,-0.7623598,0.7498371,125.06608,106.68863,-10.319068,WAL
1942227321000,154.709933,-2.75526935817223,-9.30831707503417,-0.285477097573716,-0.9837985,-0.7984009,0.7874053,124.883736,106.96989,-10.669571,WAL
1942232358000,154.71497,-2.59818974406367,-9.516949740292,-0.166637211786475,-0.91507614,-0.8927795,0.8002335,124.64967,107.21498,-11.039572,WAL
1942237308000,154.71992,-2.39632244050492,-9.73323583225185,-0.0897353507908344,-0.8695667,-1.0390818,0.82253003,124.393265,107.452255,-11.415903,WAL
1942242359000,154.724971,-2.07541786133307,-10.051695726564,-0.304908646638082,-0.7870999,-1.1884383,0.83077675,124.06965,107.669655,-11.801641,WAL
1942247401000,154.730013,-1.70840079582927,-10.4093023525629,-0.638988191220035,-0.6771441,-1.3096951,0.82344633,123.712906,107.86682,-12.184364,WAL
1942252342000,154.734954,-1.22798008910629,-10.8200389996998,-1.19761650885709,-0.5216789,-1.3625349,0.8216137,123.32901,108.03288,-12.549397,WAL
1942257361000,154.739973,-0.679589064981986,-11.267410618695,-1.8807001484988,-0.3359759,-1.3261884,0.81581056,122.93566,108.164566,-12.902029,WAL
1942262371000,154.744983,-0.0542460109540636,-11.5194096961131,-2.43105389787986,-0.1282817,-1.1939361,0.81245077,122.603584,108.26657,-13.176785,WAL
1942267380000,154.749992,0.609652862009227,-11.6747899774244,-2.91602967329211,0.092240654,-0.9746355,0.78984874,122.30645,108.32292,-13.429047,WAL
1942272336000,154.754948,1.20488513548127,-11.5025816946234,-3.008937884706,0.25350907,-0.7189884,0.72326446,122.155495,108.34648,-13.54009,WAL
1942277340000,154.759952,1.76941533540072,-11.1358784779501,-2.87383658559203,0.27275133,-0.47250426,0.60994893,122.060814,108.33991,-13.616279,WAL
1942282358000,154.76497,2.13490405558204,-10.8294365611839,-2.78234392674811,0.13958271,-0.2678644,0.45173484,122.10834,108.30662,-13.539745,WAL
1942287348000,154.76996,2.38647122800954,-10.5588832020262,-2.71589222362932,-0.092240654,-0.08552113,0.24587326,122.20787,108.25701,-13.408083,WAL
1942292290000,154.774902,2.33327011843564,-10.5396078652354,-2.60934778821187,-0.3481932,0.045814894,0.02565634,122.35888,108.17633,-13.166642,WAL
1942297365000,154.779977,2.09077300120956,-10.6743283722407,-2.47462720447536,-0.5546656,0.12370021,-0.18417588,122.53141,108.097496,-12.868635,WAL
1942302315000,154.784927,1.85424871938313,-10.8057306401572,-2.34322486171757,-0.6747007,0.1301143,-0.34238997,122.71583,108.02153,-12.505874,WAL
1942307302000,154.789914,1.6159564782784,-10.9381151068441,-2.21084031963008,-0.74006325,0.03970624,-0.44990227,122.88142,107.957115,-12.107873,WAL
1942312285000,154.794897,1.06350261770905,-10.9198304380231,-1.85286216245516,-0.81397796,-0.124005646,-0.50243664,123.01829,107.91428,-11.694536,WAL
1942317277000,154.799889,0.339436522289358,-10.8197949561578,-1.37173926090076,-0.8597928,-0.29168814,-0.5305365,123.12044,107.87947,-11.274087,WAL
1942322444000,154.805056,-0.450161917374815,-10.6724170977778,-1.02573989279012,-0.8561276,-0.43982297,-0.5198463,123.10626,107.86656,-10.945047,WAL
1942327337000,154.809949,-1.21842325422637,-10.5104348764444,-0.77582352668642,-0.8481864,-0.48838675,-0.4886922,123.07172,107.87092,-10.627351,WAL
1942332321000,154.814933,-1.79301048385148,-10.4807033176238,-0.58862563749703,-0.820392,-0.53878313,-0.453262,122.90136,107.873856,-10.456938,WAL
1942337321000,154.819933,-2.24340488979208,-10.5328538126733,-0.441654825615842,-0.72021013,-0.5458081,-0.35002577,122.73846,107.87677,-10.319586,WAL
1942342316000,154.824928,-2.2965308817007,-10.9634873426706,-0.292101684996836,-0.59773165,-0.49449542,-0.25473082,122.49921,107.92202,-10.343414,WAL
1942347339000,154.829951,-2.08503410637844,-11.6492495609366,-0.13988809464344,-0.47219884,-0.4343252,-0.15851954,122.268917026052,107.91564612505,-10.4732091252906,WAL
1942367266000,154.849878,-1.2459944404723,-14.3697719028412,0.463966218510475,0.12217305,-0.19303341,-0.106901415,121.35531,107.89036,-10.988126,WAL
1942372259000,154.854871,-1.00406689988744,-14.9205229674171,0.529487374881517,0.2489276,-0.15790866,-0.15424347,121.15297,107.71656,-11.044978,WAL
1942377255000,154.859867,-0.739517073137836,-15.3787614346367,0.534211475671406,0.37659842,-0.09743301,-0.20433442,120.96164,107.509346,-11.083002,WAL
1942382277000,154.864889,-0.488124701433989,-15.7803290451053,0.418057590555833,0.52106804,-0.013439035,-0.2565634,120.76431,107.215065,-11.058392,WAL
1942387253000,154.869865,-0.250353073644347,-16.132230712404,0.208818543402854,0.6936375,0.061391957,-0.30757064,120.581116,106.88845,-11.016572,WAL
1942392211000,154.874823,-0.077039418819949,-16.3465123751227,-0.0311138094462989,0.88697636,0.09590584,-0.35918877,120.41786,106.498184,-10.914972,WAL
1942397255000,154.879867,0.046261265169841,-16.4508433505792,-0.301426840186531,1.1023064,0.11362094,-0.4465425,120.26847,106.06334,-10.787639,WAL
1942402248000,154.88486,0.0608501508136273,-16.3970161983968,-0.512529960280561,1.3368785,0.099265605,-0.5375614,120.1507,105.57478,-10.599567,WAL
1942407248000,154.88986,-0.0255138421723447,-16.1955006673347,-0.670863928216433,1.5784758,0.076358154,-0.6808093,120.030014,105.02859,-10.37677,WAL
1942412270000,154.894882,-0.329277399784946,-15.3976723139785,-0.671014909827957,1.8231273,0.04734206,-0.82650065,119.9353,104.44249,-10.10936,WAL
1942417291000,154.899903,-0.832220785449658,-14.0533567434995,-0.525302363359726,2.0405953,0.02443461,-0.95081174,119.83175,103.80721,-9.816048,WAL
1942422274000,154.904886,-1.32020607884239,-13.0057721916308,-0.418754030359797,2.2660046,0.0012217305,-1.0516045,119.724846,103.14631,-9.511418,WAL
1942427294000,154.909906,-1.79964562557685,-12.2631106038326,-0.352948588807196,2.4972172,-0.016493361,-1.0900891,119.612495,102.45167,-9.198756,WAL
1942432251000,154.914863,-2.28864258801404,-11.7004938,-0.28518616001003,2.6145031,-0.008246681,-1.1615603,119.45473,101.80712,-8.951464,WAL
1942437296000,154.919908,-2.80716864944835,-11.3564248,-0.212495603891675,2.8420506,0.050396383,-1.2311989,119.308266,101.12103,-8.698779,WAL
1942442229000,154.924841,-3.30040100257913,-11.1826409584799,-0.180424942554709,3.057075,0.11881329,-1.2996159,119.12265,100.52425,-8.528808,WAL
1942447331000,154.929943,-3.79206453341149,-11.220828700762,-0.199518679117819,3.2577443,0.22143865,-1.3539828,118.96473,99.92179,-8.345314,WAL
1942452205000,154.934817,-4.26631378879431,-11.3156349392149,-0.237863677076908,3.402214,0.3417791,-1.395827,118.7721,99.44181,-8.258984,WAL
1942457294000,154.939906,-4.76900216130583,-11.510854095734,-0.311070725724014,3.488957,0.44532076,-1.4251486,118.604965,98.99018,-8.161274,WAL
1942462254000,154.944866,-5.25148624759338,-11.7288192699268,-0.46051645219099,3.50881,0.49877146,-1.4230106,118.44934,98.63052,-8.106912,WAL
1942467296000,154.949908,-5.73025836601848,-11.993770351367,-0.734764553536773,3.474296,0.5186246,-1.4004086,118.316154,98.3369,-8.049988,WAL
1942472294000,154.954906,-6.16855443714286,-12.1986782192903,-1.0647387522566,3.4019086,0.53023106,-1.3756685,118.20159,98.151634,-8.030559,WAL
1942477354000,154.959966,-6.53452978,-12.2824559808917,-1.52331009229299,3.277292,0.52778757,-1.3518448,118.09212,98.04541,-8.016643,WAL
1942482294000,154.964906,-6.89626628936042,-12.3793884194775,-1.92183539731759,3.1309898,0.5488624,-1.2883148,118.056305,81.97454,-8.0254545,WAL
1942487342000,154.969954,-7.29788064227805,-12.5874533274947,-1.97506135572015,2.9562824,0.5458081,-1.2092078,118.01639,81.930725,-8.045224,WAL
1942492299000,154.974911,-7.67497170386183,-12.7758036450611,-1.98335795047545,2.7571404,0.43860126,-1.1530081,118.04423,81.85032,-8.064348,WAL
1942497403000,154.980015,-7.94057235435668,-12.8564325819911,-1.67981421548612,2.5772405,0.2519819,-1.1313224,118.051025,81.7337,-8.095403,WAL
1942502353000,154.984965,-8.1516939974502,-12.9319168701195,-1.40707319760956,2.4480424,0.016187929,-1.1383474,118.05121,81.57751,-8.143964,WAL
1942507341000,154.989953,-7.79485297426295,-12.9747376577689,-1.39755749462151,2.3362541,-0.24587326,-1.1829406,117.99238,81.420204,-8.184754,WAL
1942512318000,154.99493,-7.40943040802318,-13.004438573576,-1.42204958908811,2.2901337,-0.39095375,-1.2819008,117.90139,81.23839,-8.221316,WAL
1942517351000,154.999963,-6.55830175148058,-12.8298482108123,-1.98073916011953,2.160325,-0.32162055,-1.434617,117.80128,81.089134,-8.228668,WAL
1942522274000,155.004886,-5.72577515180657,-12.6590736517251,-2.52721815042108,1.8637499,-0.20647246,-1.5714508,117.676926,81.00762,-8.177908,WAL
1942527347000,155.009959,-4.86095069426562,-12.2007978517381,-2.73645236510845,1.7104226,-0.05681047,-1.6056592,117.58518,80.92904,-8.116637,WAL
1942532254000,155.014866,-4.02319598742201,-11.7074536022581,-2.87607816578192,1.4966198,-0.04520403,-1.604743,117.48864,80.914734,-8.028571,WAL
1942537347000,155.019959,-3.48458610340684,-11.5176237334611,-2.82879333046994,1.4657712,0.003970624,-1.5656476,117.45838,81.005585,-7.865721,WAL
1942542266000,155.024878,-3.03325447396967,-11.401348356825,-2.74311683048943,1.5268577,0.09101892,-1.4905112,117.441536,81.097496,-7.719376,WAL
1942547398000,155.03001,-2.56237951518301,-11.2800380838232,-2.65373041091228,1.6481144,0.2611449,-1.421178,117.45124,81.24552,-7.5227523,WAL
1942552244000,155.034856,-2.11774583430223,-11.165488281998,-2.5693253857231,1.7928895,0.5158757,-1.3747523,117.512726,81.36122,-7.3507094,WAL
1942557338000,155.03995,-1.6503574788737,-11.0450762534182,-2.48060082973596,1.9526308,0.7849618,-1.3787229,117.673744,81.443306,-7.1679187,WAL
1942562308000,155.04492,-1.19434646071904,-10.9275953382157,-2.3940360391478,2.0836613,1.0079277,-1.4083499,117.8931,81.49554,-7.000669,WAL
1942567344000,155.049956,-0.905616990283401,-10.9316223809717,-2.00666681376518,2.175902,1.185384,-1.434617,118.20545,81.51861,-6.8233933,WAL
1942572327000,155.054939,-0.702753411538462,-10.9944137288462,-1.48018764615385,2.2348504,1.3283265,-1.4391985,118.56755,81.51883,-6.653668,WAL
1942577337000,155.059949,-0.519325746561731,-10.9604327160846,-1.04720526571569,2.2580633,1.3231341,-1.382388,118.901306,81.579666,-6.367643,WAL
1942582339000,155.064951,-0.344960996576488,-10.8850316872602,-0.656062643974422,2.2427917,1.3344351,-1.3322971,119.27726,81.62327,-6.091701,WAL
1942587327000,155.069939,-0.242504939941872,-10.741700901383,-0.747520771998397,2.1508565,1.4428637,-1.3087788,119.67074,81.62011,-5.7973742,WAL
1942592294000,155.074906,-0.175762910935057,-10.5653111725797,-1.07646365733614,2.0821342,1.5861117,-1.2629639,120.070595,81.58313,-5.535179,WAL
1942597435000,155.080047,-0.120163964870926,-10.28091533031,-1.54131899596332,2.0421226,1.7418822,-1.1863003,120.50022,81.49736,-5.2699013,WAL
1942602343000,155.084955,-0.0733155957330808,-9.9623463595136,-2.04259652176817,1.983174,1.9324722,-1.0827587,120.97184,81.40493,-5.040387,WAL
1942607338000,155.08995,-0.0993860901275558,-9.63292900506472,-2.39791133402739,1.9278907,2.0158553,-0.96791595,121.49302,81.31377,-4.8193636,WAL
1942612389000,155.095001,-0.162902718320203,-9.29719810241981,-2.67919921218346,1.8936822,2.0857995,-0.86926126,122.052704,81.21386,-4.6352277,WAL
1942617339000,155.099951,-0.299650603414634,-8.90259232404181,-2.89790165052265,1.8625281,2.1450534,-0.8081747,122.66544,81.15008,-4.4593635,WAL
1942622347000,155.104959,-0.502208509460458,-8.44683682789568,-3.07007596081723,1.8414533,2.159714,-0.7501425,123.27233,81.081,-4.31404,WAL
1942627294000,155.109906,-0.71122559024558,-8.07604160335953,-3.07518703695481,1.8402315,2.1471913,-0.72021013,123.93636,81.00168,-4.1661153,WAL
1942632325000,155.114937,-0.928938952337917,-7.74473918318271,-2.98526191500982,1.8387043,2.076331,-0.6942484,124.57613,80.924904,-4.0329275,WAL
1942637307000,155.119919,-1.11134489772727,-7.44662032727273,-2.85911215,1.8124372,1.9782871,-0.66859204,125.2526,80.81732,-3.915499,WAL
1942642286000,155.124898,-1.2715444687253,-7.16862681660079,-2.70833612369565,1.7751744,1.8713857,-0.66156703,125.898186,80.716545,-3.7982864,WAL
1942647308000,155.12992,-1.43902745542097,-6.88746866636219,-2.51762577207109,1.7186694,1.7507398,-0.6575964,126.5155,80.58477,-3.7032287,WAL
1942652350000,155.134962,-1.61161533568308,-6.6046162708896,-2.29709679170969,1.6530013,1.6120734,-0.65118235,127.090706,80.468956,-3.607139,WAL
1942657340000,155.139952,-1.74658094012926,-6.3401329109479,-2.1283281197219,1.5748106,1.505172,-0.64996064,127.64276,80.32811,-3.5246637,WAL
1942662378000,155.14499,-1.85524752168038,-6.08500280898942,-1.99603838971798,1.4996742,1.4153748,-0.65179324,128.15535,80.20815,-3.43966,WAL
1942667342000,155.149954,-1.95008880380467,-5.8728194516768,-1.91974690636399,1.4187346,1.3674219,-0.64751714,128.64334,80.060905,-3.3758378,WAL
1942672350000,155.154962,-2.03474178078055,-5.69410751317905,-1.89152919826437,1.3374895,1.3106114,-0.6585127,129.10037,79.94001,-3.3047473,WAL
1942677330000,155.159942,-2.12168491621863,-5.48562073609761,-1.68465919386966,1.2473868,1.2592987,-0.68477994,129.54572,79.809235,-3.2453794,WAL
1942682351000,155.164963,-2.21231264634461,-5.24235679746057,-1.28398942046424,1.1267409,1.178359,-0.71959925,129.96439,79.71462,-3.1784532,WAL
1942687332000,155.169944,-2.26919565453807,-4.95076752113706,-0.975107588182741,0.9627236,1.1291844,-0.75900006,130.3857,79.64133,-3.1177917,WAL
1942692288000,155.1749,-2.28846976495431,-4.60383247703553,-0.767910209380711,0.8081747,1.1050552,-0.77182823,130.78886,79.60259,-3.054187,WAL
1942697358000,155.17997,-2.32868955511628,-4.28716890523256,-0.437370566011628,0.6612616,1.0644327,-0.7715228,131.15704,79.53712,-2.9968941,WAL
1942702349000,155.184961,-2.3889000699031,-4.0139060935562,0.00726053755135658,0.5152648,0.9947941,-0.7696902,131.50813,79.51707,-2.9358337,WAL
1942707296000,155.189908,-2.42893041389571,-3.70349693432191,0.546493031158794,0.3631594,1.0100657,-0.7788532,131.86684,79.49239,-2.8832028,WAL
1942712391000,155.195003,-2.44330548882451,-3.32974473600118,1.23649709306098,0.1966986,0.9401216,-0.7672467,132.17831,79.51143,-2.8312356,WAL
1942717280000,155.199892,-2.49391351913199,-3.06102628504878,1.74601694657575,0.03176499,0.8756753,-0.73761976,132.4729,79.48477,-2.79663,WAL
1942722351000,155.204963,-2.60509925759506,-2.92566975582321,2.03123252996217,-0.12889257,0.76174897,-0.6579019,132.7282,79.49842,-2.775486,WAL
1942727256000,155.209868,-2.65146403195792,-2.84577348839388,2.18950950445504,-0.20922135,0.72387534,-0.6252206,132.94853,79.4059,-2.7517416,WAL
1942732337000,155.214949,-2.59546887271083,-2.84977313665954,2.15351267006411,-0.37232238,0.6239988,-0.6026186,133.11293,79.37441,-2.740786,WAL
1942737675000,155.220287,-2.53520955135261,-2.85428022557404,2.11001092189272,-0.5348125,0.5122105,-0.5873469,133.25394,79.2969,-2.756349,WAL
1942742335000,155.224947,-2.42319379956307,-2.87087514534722,1.83619448571163,-0.6731735,0.42485678,-0.5479461,133.36842,79.25254,-2.7833273,WAL
1942747363000,155.229975,-2.30233216866227,-2.88878056522265,1.5407547773171,-0.79473567,0.4156938,-0.51007247,133.4798,79.24719,-2.8030646,WAL
1942752346000,155.234958,-2.17349502936153,-2.91962141191541,1.13178847075234,-0.8881981,0.44990227,-0.46883908,133.57413,79.266235,-2.8343968,WAL
1942757257000,155.239869,-2.04439214894266,-2.95309250317202,0.701445584287312,-0.97494096,0.52473325,-0.41263947,133.67207,79.30958,-2.883808,WAL
1942762377000,155.244989,-1.93754484303636,-2.99487386383417,0.388848572486524,-1.058324,0.6105598,-0.36651915,133.80556,79.426445,-2.9255033,WAL
1942767250000,155.249862,-1.84149239162991,-3.03603917968245,0.118986871215329,-1.1362094,0.72326446,-0.30543262,133.96152,79.55568,-2.992936,WAL
1942772340000,155.254952,-1.77402090172414,-3.10998542068966,-0.0526724353448276,-1.2040154,0.8060367,-0.2574797,134.15958,79.78357,-3.0556116,WAL
1942777265000,155.259877,-1.7176137487941,-3.18989558263903,-0.188989696232808,-1.2825116,0.86559606,-0.19822577,134.3769,80.02386,-3.1423333,WAL
1942782349000,155.264961,-1.70091647631892,-3.31712892596192,-0.212756298716779,-1.3646729,0.88208944,-0.14844026,134.62224,80.333496,-3.2260041,WAL
1942787245000,155.269857,-1.69626673288378,-3.45197153413328,-0.203456806991273,-1.450805,0.8542951,-0.086132,134.86633,80.65095,-3.328912,WAL
1942792299000,155.274911,-1.71266437833061,-3.61245871074825,-0.078125803625012,-1.525636,0.788627,-0.03359759,135.11255,81.005646,-3.4299183,WAL
1942797322000,155.279934,-1.73576699402555,-3.77879773673999,0.0835926220324657,-1.5815301,0.6942484,0.03481932,135.33755,81.358604,-3.5483906,WAL
1942802343000,155.284955,-1.69519640278027,-4.06798711841555,0.326852556562033,-1.6514742,0.5864306,0.09162979,135.54082,81.715126,-3.6695662,WAL
1942807294000,155.289906,-1.62668477560538,-4.40818278608869,0.60326153346288,-1.7037032,0.49541172,0.1826487,135.7166,82.05227,-3.8144462,WAL
1942812358000,155.29497,-1.55660946152466,-4.75614296809168,0.885979178186348,-1.7733418,0.37995818,0.25137106,135.84761,82.34938,-3.9586344,WAL
1942817324000,155.299936,-1.48789026529148,-5.09736932350772,1.16322558886896,-1.8310685,0.33444872,0.32925636,135.96786,82.62049,-4.127913,WAL
1942822337000,155.304949,-1.31754684492653,-5.81344501884432,1.75226182758141,-1.8909334,0.27000242,0.3707952,136.05042,82.876884,-4.3010736,WAL
1942827338000,155.30995,-1.09881113870135,-6.7074082276807,2.48930604968229,-1.9052887,0.22082779,0.4578435,136.11977,83.0862,-4.505799,WAL
1942832354000,155.314966,-0.830204595038589,-7.97322468357222,3.33845155027563,-1.8781052,0.17287487,0.56382865,136.16069,83.164345,-4.6266346,WAL
1942837342000,155.319954,-0.53814127163476,-9.41917754042298,4.23858112076777,-1.779756,0.1731803,0.66889745,136.1976,83.20363,-4.769502,WAL
1942842340000,155.324952,-0.0690131119226213,-11.0642051794315,5.48080019205488,-1.6111571,0.19272798,0.675617,136.23636,83.07856,-4.7646785,WAL
1942847418000,155.33003,0.497356896920648,-12.835311543032,6.91592423404066,-1.3997977,0.18081611,0.6392705,136.25931,82.92154,-4.7844687,WAL
1942852345000,155.334957,1.27575646889401,-14.3730436497696,8.49284016313364,-1.0818423,0.10445796,0.548557,136.23302,82.67245,-4.7592926,WAL
1942857346000,155.339958,2.19077459337558,-15.8352331105991,10.1941300458525,-0.6630942,-0.010995574,0.32986724,136.19543,82.39558,-4.695243,WAL
1942862360000,155.344972,3.14916782523587,-16.9242098409539,11.2941877815448,-0.23548855,-0.35124752,0.03268129,136.01483,82.033035,-4.5548115,WAL
1942867347000,155.349959,4.13456402058061,-17.7115364085018,11.9131554007258,0.095294975,-0.67164636,-0.34300083,135.82463,81.64662,-4.3360558,WAL
1942872339000,155.354951,4.75702292994588,-18.2452659140108,11.3545436507316,0.2669481,-0.65301496,-0.57543504,135.60228,81.12492,-3.977366,WAL
1942877344000,155.359956,5.1653427480457,-18.6295674503909,10.0959587023452,0.34697145,-0.35430184,-0.6365216,135.39546,80.56111,-3.5833232,WAL
1942882352000,155.364964,5.15243906769811,-18.161965030844,8.9714612504215,0.4007276,0.08552113,-0.6017023,135.27823,79.99877,-3.0449002,WAL
1942887342000,155.369954,4.89650660483983,-17.2045882729346,7.92877345710602,0.4746423,0.40530908,-0.49418998,135.22676,79.39888,-2.5521753,WAL
1942892298000,155.37491,4.10642829563297,-15.6221635003514,7.06925327933942,0.56321776,0.5833763,-0.43004912,135.37111,78.993355,-2.0125036,WAL
1942897393000,155.380005,2.94548679242044,-13.5843926500351,6.30019077793394,0.59559363,0.68966687,-0.3463606,135.58038,78.56807,-1.5530591,WAL
1942902344000,155.384956,1.76236081329359,-11.6735138315946,5.69725793368107,0.5271767,0.732122,-0.25411993,135.84665,78.241714,-1.1647606,WAL
1942907345000,155.389957,0.534685540947839,-9.78441626646796,5.17383056670641,0.35796702,0.73792523,-0.17959438,136.12561,77.9331,-0.8181666,WAL
1942912367000,155.394979,-0.592713297478959,-8.31721040843572,4.63386911174422,0.1414153,0.7076874,-0.12095132,136.34384,77.66277,-0.6601182,WAL
1942917358000,155.39997,-1.64697551975235,-7.12885364641579,4.08824224397794,-0.09132435,0.6774496,-0.03145956,136.55486,77.450165,-0.5366643,WAL
1942922340000,155.404952,-2.64525405701666,-6.3696820240514,3.52460337129091,-0.33353242,0.59559363,0.017104227,136.66731,77.28053,-0.58960086,WAL
1942927335000,155.409947,-3.60082453262397,-5.96632569580405,2.94357807195342,-0.4560109,0.47128254,0.13408493,136.74588,77.144295,-0.68111384,WAL
1942932337000,155.414949,-4.49835056049776,-5.93902274578397,2.42203980826282,-0.68569624,0.29749137,0.29352075,136.71805,77.12815,-0.956848,WAL
1942937351000,155.419963,-5.34924398062718,-6.2210604204878,1.94879008641115,-0.88208944,0.06841691,0.4428773,136.62685,77.126785,-1.2456805,WAL
1942942337000,155.424949,-6.08140841562747,-6.79140721941594,1.49835829392265,-1.0622946,-0.2171626,0.59986967,136.42453,77.17954,-1.673506,WAL
1942947400000,155.430012,-6.72720495487372,-7.61898344090371,1.05825981616022,-1.2541064,-0.50518554,0.73639804,136.14961,77.26525,-2.1212735,WAL
1942952337000,155.434949,-7.1171132430879,-8.67886236666336,0.798718576097513,-1.4223998,-0.7693848,0.80481493,135.77571,77.396164,-2.6886878,WAL
1942957345000,155.439957,-7.28821453334655,-9.99063925616886,0.694156637895154,-1.5519031,-1.0668762,0.79534656,135.31218,77.5301,-3.2523923,WAL
1942962382000,155.444994,-7.31775344688716,-11.3025660297665,0.620500649182879,-1.63437,-1.4660766,0.77549344,134.74646,77.70232,-3.8853385,WAL
1942967358000,155.44997,-7.20649870291829,-12.5912691939689,0.578780083891051,-1.6575829,-1.8606955,0.7831292,134.10507,77.84173,-4.504816,WAL
1942972337000,155.454949,-7.20294672362369,-13.868925136884,0.452819459295172,-1.6041322,-2.132225,0.76144356,133.41838,77.988846,-5.0905666,WAL
1942977338000,155.45995,-7.33644798299652,-15.1371876983574,0.219192086120458,-1.4446963,-2.2366831,0.74220127,132.67694,78.065,-5.660658,WAL
1942982304000,155.464916,-7.30879733991988,-16.1904690535804,0.0577380257738608,-1.2278391,-2.1313088,0.7483099,131.96411,78.1387,-6.171038,WAL
1942987342000,155.469954,-7.06236315366049,-16.9780923645468,-0.00991057924326489,-0.9578367,-1.8613064,0.7651087,131.27971,78.1243,-6.671715,WAL
1942992316000,155.474928,-6.44414300082121,-17.4771477771841,0.198160405941229,-0.65209866,-1.5537357,0.7324274,130.67938,78.09491,-7.132774,WAL
1942997455000,155.480067,-5.29496034961908,-17.6134911876917,0.787360017581478,-0.34788775,-1.3096951,0.65209866,130.1496,77.98593,-7.579941,WAL
1943002344000,155.484956,-4.14714948145951,-17.4064951862949,1.39669104150104,-0.119729586,-1.133155,0.5326745,129.73218,77.88649,-7.942561,WAL
1943007346000,155.489958,-2.89663612696529,-16.7243965882527,2.08826277366756,-0.03176499,-1.006095,0.40561453,129.38145,77.75969,-8.275534,WAL
1943012293000,155.494905,-1.68390705613219,-15.2430297518494,2.39181593733308,-0.07574729,-0.926988,0.30848694,129.09995,77.682274,-8.427757,WAL
1943017347000,155.499959,-0.484223582507445,-12.4112195110962,2.08027026685561,-0.21838433,-0.9251554,0.19486602,128.84274,77.635315,-8.536682,WAL
1943022258000,155.50487,0.34341384494113,-10.1192131192111,1.62208008640012,-0.30390546,-0.9783007,0.13103059,128.62915,77.60729,-8.477824,WAL
1943027344000,155.509956,0.372087886565934,-8.87189207898352,0.766637846256868,-0.5155703,-1.1468995,0.004886922,128.39417,77.66833,-8.369637,WAL
1943032290000,155.514902,0.347579927617504,-7.72366951821909,-0.0685587523310135,-0.7828238,-1.3658947,-0.05467244,128.13177,77.82489,-8.169365,WAL
1943037345000,155.519957,0.172195350794165,-6.73597745863285,-0.931635452164172,-1.0467176,-1.5625933,-0.07422013,127.83894,78.036095,-7.9462843,WAL
1943042303000,155.524915,-0.0304475165261788,-5.79153964284713,-1.76151305631194,-1.287704,-1.7647897,-0.09040806,127.51787,78.35757,-7.717276,WAL
1943047485000,155.530097,-0.403059991712884,-4.93204697022725,-2.54151522886175,-1.5479325,-1.9837849,-0.073303826,127.14762,78.72756,-7.49097,WAL
1943052374000,155.534986,-0.75832937249118,-4.16423487201098,-3.26010501713054,-1.7913623,-2.232407,-0.009468411,126.68567,79.20762,-7.315383,WAL
1943057343000,155.539955,-1.13607919018032,-3.57662383888671,-3.91300590533124,-2.0399845,-2.504853,0.040317107,126.16122,79.7301,-7.1378384,WAL
1943062301000,155.544913,-1.48948141105036,-3.01727179913669,-4.56271220952518,-2.270586,-2.7754662,0.08735373,125.54546,80.30361,-7.034196,WAL
1943067315000,155.549927,-1.6829356712518,-2.63957547568345,-5.2075597916259,-2.456289,-3.0680707,0.13805555,124.844955,80.87547,-6.946259,WAL
1943072465000,155.555077,-1.87582738557711,-2.26953823894278,-5.87071156572956,-2.6019804,-3.3347135,0.16768251,124.06992,81.43982,-6.9279766,WAL
1943077298000,155.55991,-1.98578913923975,-2.14124959809939,-6.50299130243516,-2.685058,-3.517973,0.20433442,123.2331,81.937294,-6.936432,WAL
1943082588000,155.5652,-2.10684239172691,-2.02439162135993,-7.15756020005491,-2.683531,-3.563788,0.25717425,122.371956,82.35047,-6.999279,WAL
1943087347000,155.569959,-2.2236291314908,-2.18705891891645,-7.32022723629541,-2.6041186,-3.4822373,0.30940324,121.49462,82.616615,-7.0898814,WAL
1943092296000,155.574908,-2.3450785063787,-2.35622060322138,-7.48938864885147,-2.4724772,-3.3441818,0.3622431,120.64253,82.71471,-7.2228556,WAL
1943097362000,155.579974,-2.47910135707424,-2.72551482884731,-7.29459146507905,-2.2849414,-3.1838295,0.46089783,119.82194,97.40402,-7.4029913,WAL
1943102310000,155.584922,-2.61186193029818,-3.12379649900941,-7.03381196217731,-2.0955732,-3.0579915,0.5879578,119.03484,97.71214,-7.623636,WAL
1943107344000,155.589956,-2.82644574243349,-4.02978833459521,-6.8830877316201,-1.9184223,-2.9495628,0.7305948,118.29735,98.20345,-7.906398,WAL
1943112302000,155.594914,-3.05282985680366,-5.0168232112997,-6.75631265972156,-1.6930131,-2.8759537,0.8668178,117.59375,98.81611,-8.236482,WAL
1943117353000,155.599965,-3.28661888389296,-6.38104755024279,-6.54135100258291,-1.4227052,-2.6691756,0.9810496,116.95324,99.50864,-8.629008,WAL
1943122241000,155.604853,-3.51392926628784,-7.82229210137411,-6.30436784440541,-1.3084733,-2.3634377,1.033584,116.372955,100.25498,-9.047107,WAL
1943127344000,155.609956,-3.540033354694,-9.2764304330465,-5.85922630543363,-1.1362094,-1.9110919,1.135293,115.90093,101.01397,-9.523908,WAL
1943132252000,155.614864,-3.5127667407522,-10.6624794331432,-5.38206189011892,-1.0916162,-1.3607023,1.244027,115.557335,101.79922,-10.006835,WAL
1943137346000,155.619958,-3.24331070779794,-11.8649618794507,-4.73496129154488,-1.1087204,-0.81397796,1.3481796,115.353485,102.54376,-10.497261,WAL
1943142336000,155.624948,-2.89175407268269,-12.95713118205,-4.04591022798431,-1.1667526,-0.38759398,1.4257594,115.285576,103.30065,-10.98897,WAL
1943147373000,155.629985,-2.33753672221544,-13.5318818229071,-3.28384136352355,-1.2241739,-0.06566802,1.4425583,115.361,103.92115,-11.404309,WAL
1943152269000,155.634881,-1.71751382615197,-13.8752791253179,-2.51596663810396,-1.2980887,0.12186762,1.4178182,115.52723,104.54803,-11.806278,WAL
1943157343000,155.639955,-1.17301830834274,-13.9227167571993,-2.0226285163467,-1.4306464,0.2134974,1.3271047,115.786026,104.941376,-12.041041,WAL
1943162359000,155.644971,-0.671217380392434,-13.8549058752117,-1.64740806665726,-1.570229,0.23732115,1.1859949,116.075066,105.322624,-12.241531,WAL
1943167344000,155.649956,-0.219523293967957,-13.6123027632127,-1.35101917026633,-1.7061466,0.21777347,0.9841039,116.44046,105.38326,-12.2012205,WAL
1943172345000,155.654957,0.204005313875364,-13.2585314404911,-1.10188471954848,-1.7901406,0.11728613,0.7443393,116.771866,105.432335,-12.121647,WAL
1943177341000,155.659953,0.562852048632512,-12.8952727802956,-0.9336527711133,-1.8329011,-0.03848451,0.49327368,117.06492,105.36126,-11.907991,WAL
1943182361000,155.664973,0.894407696829557,-12.5258255093596,-0.801030503921182,-1.8209893,-0.2678644,0.23457226,117.28961,105.26512,-11.651644,WAL
1943187339000,155.669951,1.17117732621114,-12.0802944494348,-0.571845916168752,-1.7867808,-0.61758476,-0.013744468,117.392715,105.13211,-11.328417,WAL
1943192294000,155.674906,1.42022453800969,-11.5965683255955,-0.29406247492935,-1.706452,-1.0797043,-0.22174409,117.38664,104.96855,-10.982858,WAL
1943197424000,155.680036,1.45731750589053,-11.1407464829641,-0.131751250551306,-1.609019,-1.6334536,-0.41233405,117.20648,104.8014,-10.606777,WAL
1943202351000,155.684963,1.39169830350651,-10.7235954477004,-0.0333223784563425,-1.4950926,-2.1856759,-0.5653558,116.89194,104.60463,-10.227655,WAL
1943207346000,155.689958,1.08603501398986,-10.3903583672757,-0.219443910723168,-1.3662001,-2.663067,-0.7125743,116.386635,104.40139,-9.853161,WAL
1943212386000,155.694998,0.65664521372202,-10.0994810877654,-0.551874722278554,-1.2336423,-2.971554,-0.83658,115.77528,104.16605,-9.478693,WAL
1943217351000,155.699963,0.146209880817504,-9.75052990109141,-1.01348323457865,-1.1178834,-3.0769281,-0.89644474,115.05881,103.94308,-9.14287,WAL
1943222351000,155.704963,-0.431674881487039,-9.35354831855389,-1.57629271091405,-1.074512,-3.1600058,-0.9764681,114.26515,103.693474,-8.795381,WAL
1943227339000,155.709951,-0.933780058723785,-8.86988396809462,-2.08930204920982,-0.9932669,-3.0897565,-0.9804387,113.51326,103.488716,-8.521448,WAL
1943232346000,155.714958,-1.40085142732432,-8.34085393310804,-2.58020358759567,-0.9089675,-2.9743028,-0.91232723,112.76341,103.28277,-8.261971,WAL
1943237338000,155.71995,-1.78601705282036,-7.89129129461478,-3.20162072951061,-0.84207773,-2.8182268,-0.7828238,112.06226,103.191864,-8.102971,WAL
1943242335000,155.724947,-2.12931866242138,-7.4821511163522,-3.89292665801887,-0.7693848,-2.5491407,-0.5891795,111.44496,103.10765,-7.9796753,WAL
1943247405000,155.730017,-2.45912514739459,-7.22977270922832,-4.31613608691329,-0.6936375,-2.250733,-0.38728857,110.87772,103.15284,-7.9607096,WAL
1943252350000,155.734962,-2.76994283718178,-7.07907314578361,-4.56573220813445,-0.6432411,-1.9236146,-0.17623462,110.41549,103.21872,-7.9865727,WAL
1943257339000,155.739951,-2.93174268728682,-7.11584191937984,-4.75429814329457,-0.6658431,-1.543351,0.0061086523,110.01328,103.470665,-8.076216,WAL
1943262362000,155.744974,-2.99700041302326,-7.27432535697674,-4.90345870793605,-0.74097955,-1.1527027,0.15027285,109.72196,103.74873,-8.197028,WAL
1943267343000,155.749955,-2.81432057082446,-7.56001062356759,-4.87233562607241,-0.84879726,-0.81489426,0.269697,109.51292,104.13391,-8.388475,WAL
1943272344000,155.754956,-2.42577086547003,-7.95341704492445,-4.69263130176453,-0.9660834,-0.61117065,0.3555236,109.387215,104.55262,-8.595432,WAL
1943277331000,155.759943,-1.9668740561525,-8.33174058424337,-4.4027463263163,-1.0412198,-0.50976706,0.39614612,109.334785,105.0152,-8.811832,WAL
1943282337000,155.764949,-1.45268097968994,-8.70102484789392,-4.02878782731084,-1.105666,-0.5412266,0.3998113,109.309074,105.504005,-9.034967,WAL
1943287330000,155.769942,-0.998734360763267,-9.00296723572651,-3.62439566345786,-1.1603385,-0.66767573,0.36377025,109.31888,105.9249,-9.199635,WAL
1943292295000,155.774907,-0.601336870651495,-9.24236362732857,-3.19348270851878,-1.187522,-0.8549059,0.3023783,109.304955,106.3418,-9.359884,WAL
1943297432000,155.780044,-0.307132550935465,-9.4167261740675,-2.78124019878626,-1.180497,-1.0940597,0.23090707,109.2611,106.648346,-9.458572,WAL
1943302320000,155.784932,-0.122362745638445,-9.52296854706927,-2.41631983983619,-1.1594223,-1.3420709,0.15088372,109.162,106.93733,-9.547261,WAL
1943307315000,155.789927,-0.0645616223576028,-9.61263817741456,-2.06657245917781,-1.1246029,-1.6081028,0.06047566,108.95046,107.14082,-9.5870905,WAL
1943312340000,155.794952,-0.136067496800396,-9.68414400208024,-1.73764541683011,-1.0934488,-1.7278323,-0.0143553335,108.711586,107.32369,-9.616618,WAL
1943317320000,155.799932,-0.25525446025938,-9.69974107623008,-1.53376435005445,-1.0680978,-1.9355265,-0.053450707,108.33346,107.445114,-9.643667,WAL
1943322325000,155.804937,-0.426083974673795,-9.65703382397782,-1.45784016987427,-1.0497719,-2.0793853,-0.11362094,107.93918,107.54119,-9.650717,WAL
1943327311000,155.809923,-0.700595938353658,-9.52384256402439,-1.38530854085366,-1.0476339,-2.1673498,-0.15332718,107.47563,107.59189,-9.684839,WAL
1943332308000,155.81492,-1.09606256759146,-9.28579428810976,-1.31619783384146,-1.0509937,-2.2198844,-0.17592919,106.98485,107.62851,-9.716149,WAL
1943337666000,155.820278,-1.51011247358032,-9.03151684638413,-1.25191327835158,-1.0732902,-2.2293527,-0.16523905,106.43066,107.6996,-9.78311,WAL
1943342351000,155.824963,-1.65702585981851,-8.83003598662176,-1.40722166388811,-1.1151345,-2.2226331,-0.13072516,105.873924,107.769936,-9.853226,WAL
1943347277000,155.829889,-1.81149658353447,-8.61819079661334,-1.57051923211713,-1.1377366,-2.1642957,-0.06719518,105.31386,107.864426,-10.001206,WAL
1943352348000,155.83496,-1.92758074701987,-8.37488579359824,-1.70835009028698,-1.1475104,-2.058616,0.0061086523,104.77942,107.96459,-10.153721,WAL
1943357246000,155.839858,-2.03112862486454,-8.13484275576962,-1.83543161471001,-1.133155,-1.949271,0.094989546,104.274994,108.06901,-10.319313,WAL
1943362223000,155.844835,-2.10648317104119,-8.02720551606293,-1.93124602447733,-1.0931433,-1.8301523,0.18906279,103.78942,108.23628,-10.51056,WAL
1943367215000,155.849827,-2.17575499848893,-7.94803783135997,-2.02030972143449,-1.0690142,-1.7171422,0.27214047,103.345924,108.40686,-10.710153,WAL
1943372228000,155.85484,-2.13233094838516,-7.97329329716028,-2.07719897140286,-1.0274754,-1.604743,0.34300083,102.9349,108.61539,-10.931183,WAL
1943377204000,155.859816,-2.07515157864214,-8.01141276089391,-2.1296134019598,-0.9837985,-1.5137241,0.42241332,102.56344,108.822914,-11.163714,WAL
1943382232000,155.864844,-1.96788123538144,-8.17524305416831,-2.08107724693276,-0.9416488,-1.4327844,0.50915617,102.21691,109.05855,-11.41261,WAL
1943387176000,155.869788,-1.85616817254227,-8.35212228499803,-2.02056593368069,-0.88147855,-1.3753631,0.5714644,101.899956,109.27935,-11.663539,WAL
1943392208000,155.87482,-1.73292441675643,-8.57507068252543,-1.89309664003591,-0.838718,-1.3142766,0.6178902,101.61115,109.51145,-11.915091,WAL
1943397181000,155.879793,-1.60941932190305,-8.80308020287253,-1.75534096876122,-0.8374963,-1.2672399,0.6407976,101.34302,109.73656,-12.165448,WAL
1943402250000,155.884862,-1.44155158622646,-8.94380511742455,-1.70645686483019,-0.818254,-1.2144,0.6429357,101.09456,109.92366,-12.394421,WAL
1943407196000,155.889808,-1.27017238119398,-9.06454917465669,-1.6752970241592,-0.8436049,-1.1826351,0.6417139,100.858955,110.1158,-12.618963,WAL
1943412276000,155.894888,-1.02501790211708,-9.17387370088212,-1.70378843929431,-0.840856,-1.1221595,0.636827,100.5983,110.2913,-12.827686,WAL
1943417260000,155.899872,-0.691465452141139,-9.26136291339214,-1.81314986928629,-0.8720101,-1.0482447,0.63621616,100.35474,110.47233,-13.026794,WAL
1943422253000,155.904865,-0.41512796307526,-9.36605644684614,-1.90254961108273,-0.89980453,-0.9718866,0.6197228,100.11806,110.634094,-13.191534,WAL
1943427240000,155.909852,-0.166429249203969,-9.47867503871095,-1.98232088499705,-0.91996306,-0.88300574,0.6114761,99.90982,110.79504,-13.346304,WAL
1943432254000,155.914866,0.00901995872159825,-9.62638894245105,-1.91937824260014,-0.91690874,-0.8405506,0.5815437,99.73063,110.937256,-13.446541,WAL
1943437254000,155.919866,0.142282350133983,-9.79296681741378,-1.7765971075241,-0.86467975,-0.8533788,0.559858,99.56353,111.06718,-13.54137,WAL
1943442261000,155.924873,0.242619095938617,-10.0047782112634,-1.52850800774732,-0.81031275,-0.9260717,0.5112942,99.39827,111.181335,-13.593033,WAL
1943447306000,155.929918,0.324199837679778,-10.244721878824,-1.21658169090187,-0.73639804,-1.0369438,0.44348818,99.21714,111.26767,-13.636318,WAL
1943452279000,155.934891,0.360256494723878,-10.4841982472189,-0.888405789364323,-0.677755,-1.1753048,0.37904188,98.95019,111.345,-13.688263,WAL
1943457279000,155.939891,0.369768612324196,-10.7267573453516,-0.545969297508939,-0.63285637,-1.3246613,0.29718593,98.64351,111.38891,-13.7254095,WAL
1943462322000,155.944934,0.353023722029904,-10.9884904604416,-0.32991572201208,-0.5891795,-1.4767667,0.20891592,98.23309,111.36797,-13.756982,WAL
1943467280000,155.949892,0.320112283360729,-11.2564836403604,-0.198269957516586,-0.56413406,-1.5845845,0.10170906,97.78654,111.31907,-13.767879,WAL
1943472277000,155.954889,0.237033290973469,-11.4482023384949,-0.263062292129401,-0.52778757,-1.6490307,0.008246681,97.25373,111.18964,-13.770672,WAL
1943477277000,155.959889,0.118964364057599,-11.58516209784,-0.466140850172601,-0.45265114,-1.6566665,-0.076358154,96.70119,111.026436,-13.74885,WAL
1943482276000,155.964888,-0.0507483765548568,-11.6052427023061,-0.697333430328442,-0.35124752,-1.6108516,-0.14782938,96.11599,110.80722,-13.706864,WAL
1943487271000,155.969883,-0.26087023464111,-11.5336103033842,-0.950434772646501,-0.25778514,-1.5406022,-0.20677789,95.533455,110.56099,-13.642738,WAL
1943492232000,155.974844,-0.52426653931409,-11.3942925452987,-1.11300343918262,-0.16157386,-1.4489723,-0.267559,94.98838,110.303696,-13.557192,WAL
1943497405000,155.980017,-0.845194018719634,-11.1913529512242,-1.20739385980756,-0.11026118,-1.3497068,-0.3286455,94.464775,110.02772,-13.449891,WAL
1943502343000,155.984955,-1.15783832965204,-11.02403260706,-1.26365268102874,-0.09040806,-1.2840388,-0.3726278,93.929726,109.82968,-13.382146,WAL
1943507349000,155.989961,-1.4817999913767,-10.8838105836611,-1.28299371419062,-0.118507855,-1.260215,-0.4147775,93.40979,109.6208,-13.294339,WAL
1943512350000,155.994962,-1.77848560454411,-10.8076087710239,-1.26062602242549,-0.15577064,-1.2153164,-0.43249258,92.92122,109.451065,-13.239848,WAL
1943517357000,155.999969,-2.04731728023016,-10.7981758922986,-1.19459715178519,-0.18661933,-1.1914927,-0.45173484,92.434364,109.27816,-13.173568,WAL
1943522326000,156.004938,-2.27004834825593,-10.8637805214878,-1.07767404910195,-0.23579398,-1.1771374,-0.47311515,91.95562,109.14395,-13.141997,WAL
1943527325000,156.009937,-2.44073192488919,-11.0206247486028,-0.897764273174986,-0.2660318,-1.1633929,-0.46761733,91.48927,109.013535,-13.110334,WAL
1943532283000,156.014895,-2.54023243771399,-11.2410393595079,-0.697121841230138,-0.25686884,-1.1386528,-0.4550946,90.97199,108.930145,-13.13298,WAL
1943537344000,156.019956,-2.52035824609944,-11.5789014470528,-0.453662812368016,-0.21930063,-1.1071932,-0.4615087,90.466415,108.841774,-13.147346,WAL
1943542303000,156.024915,-2.43587382846586,-11.9203543728446,-0.246744550541728,-0.12522738,-1.0677924,-0.47891834,89.93383,108.731285,-13.184868,WAL
1943547359000,156.029971,-2.25934888657996,-12.2829461426742,-0.0797614279578284,0.008246681,-1.0155635,-0.5036584,89.420425,108.60094,-13.210861,WAL
1943552238000,156.03485,-2.05596579078729,-12.6336045925672,-0.0267251438499756,0.13988814,-0.956615,-0.5311473,88.87147,108.4189,-13.225251,WAL
1943557342000,156.039954,-1.78826096582885,-13.0016983337897,-0.15101664070044,0.26053402,-0.8344419,-0.5699373,88.36087,108.20704,-13.217313,WAL
1943562302000,156.044914,-1.53299209705767,-13.3399905447214,-0.320170521702835,0.41874814,-0.65209866,-0.6041457,87.847015,107.92938,-13.177326,WAL
1943567317000,156.049929,-1.28416833747801,-13.6451518240469,-0.583078656316716,0.59620446,-0.44868052,-0.6414085,87.378746,107.62197,-13.113686,WAL
1943572277000,156.054889,-1.0574907190569,-13.9165369220577,-0.826411964224474,0.795652,-0.2770274,-0.677755,86.95853,107.26812,-12.998152,WAL
1943577300000,156.059912,-0.874709357355807,-14.1180657112237,-1.03262686395168,0.9935723,-0.12583824,-0.6976081,86.59443,106.88679,-12.866695,WAL
1943582292000,156.064904,-0.709855784941892,-14.2864018643545,-1.22462182052842,1.210735,-0.008857546,-0.71776664,86.31213,106.45427,-12.672825,WAL
1943587308000,156.06992,-0.596457500830761,-14.3561850174324,-1.37727331041402,1.4495832,0.08155051,-0.7535023,86.066185,105.98763,-12.466338,WAL
1943592342000,156.074954,-0.477865904714841,-14.3817849257939,-1.49607030790668,1.7061466,0.11728613,-0.80878556,85.85875,105.47763,-12.214407,WAL
1943597325000,156.079937,-0.271682158613091,-13.5828229345431,-0.975456393000648,1.9422461,0.11728613,-0.88331115,85.66539,104.93355,-11.949887,WAL
1943602324000,156.084936,-0.151674951206132,-12.8569519344494,-0.504397168498689,2.1325307,0.06261369,-0.9850202,85.489624,104.35001,-11.648841,WAL
1943607304000,156.089916,-0.387347836401775,-12.4433216520775,-0.244676019493042,2.2834144,0.009773844,-1.1038336,85.310974,103.73284,-11.328374,WAL
1943612331000,156.094943,-0.679796747319115,-12.0860651724138,0.00152137073669525,2.3564126,-0.08399397,-1.1636983,85.05919,103.07423,-11.0001135,WAL
1943617315000,156.099927,-1.16975817071955,-11.9528720689655,0.187040745614909,2.496301,-0.17104226,-1.3304645,84.78701,102.35482,-10.615335,WAL
1943622297000,156.104909,-1.66030087081802,-11.8659951311158,0.326837471044286,2.6413813,-0.22143865,-1.4831808,84.45191,101.672226,-10.270001,WAL
1943627300000,156.109912,-2.15601414247728,-11.9632846630246,0.285141964970992,2.8145616,-0.2669481,-1.6258179,84.090935,100.964584,-9.88797,WAL
1943632299000,156.114911,-2.65199223628829,-12.0647577666667,0.210729430801802,2.9819386,-0.29871312,-1.7311921,83.67435,100.31652,-9.551772,WAL
1943637309000,156.119921,-3.15340269520721,-12.1944332666667,-0.0788783809549549,3.0983086,-0.3005457,-1.8048013,83.25591,99.67978,-9.18898,WAL
1943642346000,156.124958,-3.65751536618018,-12.3248076166667,-0.370046953373874,3.1774156,-0.23273966,-1.8102992,82.868774,99.13546,-8.870037,WAL
1943647321000,156.129933,-4.26751977425228,-12.796383006502,-0.987307744811443,3.1737504,-0.12339478,-1.7305813,82.499825,98.664085,-8.559168,WAL
1943652321000,156.134933,-4.89155514245171,-13.3162880547891,-1.60554011722507,3.11694,0.051618114,-1.6123788,82.175514,98.27892,-8.262352,WAL
1943657303000,156.139915,-5.53097024664959,-14.0497343833268,-1.8265144492905,3.0341678,0.24923302,-1.4874569,81.96544,81.963715,-8.033326,WAL
1943662417000,156.145029,-6.26225424966961,-14.8315528399919,-1.99812957444343,2.905275,0.37232238,-1.3393221,81.87351,82.05401,-7.903365,WAL
1943667311000,156.149923,-8.09660674270611,-16.017926698282,-1.32632785117414,2.754086,0.30298916,-1.2461652,81.7837,82.084,-7.7950854,WAL
1943672311000,156.154923,-9.92270969068725,-17.1810413897627,-0.691507351815842,2.5870142,-0.029321533,-1.3051136,81.74444,82.05866,-7.718415,WAL
1943677303000,156.159915,-11.1303130810218,-17.7142089734058,-0.718849293823277,2.4459045,-0.70646566,-1.6670512,81.58541,82.07584,-7.575044,WAL
1943682639000,156.165251,-12.3374080223041,-18.2065206835945,-0.783691694580645,2.296548,-1.4272866,-2.1716259,81.449684,82.00262,-7.4730487,WAL
1943687310000,156.169922,-11.4922170484793,-16.8748299920276,-1.64949680309677,2.1294763,-1.8029687,-2.4581218,81.21771,81.95762,-7.3211417,WAL
1943692297000,156.174909,-10.5898476658065,-15.4530484722581,-2.57387489690323,1.8820758,-1.7687603,-2.4147503,80.98096,81.87428,-7.2084413,WAL
1943697323000,156.179935,-9.27902700748263,-13.5433878102084,-3.170880169845,1.6383406,-1.5409076,-2.2201898,80.6867,81.829605,-7.0497837,WAL
1943702263000,156.184875,-7.89337416942811,-11.5508798668626,-3.6765929072047,1.466382,-1.4126259,-1.9620992,80.3637,81.77008,-6.9160995,WAL
1943707305000,156.189917,-6.81343176574876,-10.3934964155882,-3.33374259959132,1.4248432,-1.2055426,-1.6722436,80.13141,81.76013,-6.7923727,WAL
1943712298000,156.19491,-5.77120090384353,-9.3186954718303,-2.92429473669359,1.4443909,-1.0393872,-1.5497651,79.91575,81.739876,-6.697567,WAL
1943717313000,156.199925,-4.70166024323212,-8.90719386567164,-2.89900739269171,1.4789047,-1.0546589,-1.3811663,79.6853,81.740105,-6.599119,WAL
1943722243000,156.204855,-3.64706793278435,-8.59616237313433,-2.92816670612455,1.4801265,-1.0751228,-1.2724323,79.49769,81.72402,-6.5272446,WAL
1943727296000,156.209908,-2.89597907259772,-8.62421643602177,-2.91284487002474,1.5189165,-0.9767735,-1.1997393,79.29252,81.70574,-6.394622,WAL
1943732250000,156.214862,-2.1870262273528,-8.68055721662543,-2.89406462616526,1.6194037,-0.75900006,-1.162782,79.11544,81.652885,-6.2911572,WAL
1943737308000,156.21992,-1.6753576687704,-8.89374799347116,-2.47270236539717,1.7241671,-0.47067168,-1.1508701,78.91357,81.6605,-6.1121864,WAL
1943742318000,156.22493,-1.19124051138589,-9.12156744742309,-2.01231647134237,1.8298469,-0.20311269,-1.1386528,78.771385,81.631905,-5.9552164,WAL
1943747315000,156.229927,-0.923924461425037,-9.3150389954478,-1.50220625968827,1.9260582,-0.035430185,-1.1007792,78.62093,81.6372,-5.7372437,WAL
1943752248000,156.23486,-0.68549184843147,-9.50204533973281,-0.992614935655616,1.9828686,0.106901415,-1.0619892,78.54472,81.613785,-5.537975,WAL
1943757304000,156.239916,-0.501672295531519,-9.41624775887014,-1.13038320685498,1.9905044,0.28191432,-1.0454959,78.52383,81.55651,-5.282382,WAL
1943762292000,156.244904,-0.33006925548349,-9.28695765011564,-1.37250804402835,1.9230038,0.56321776,-1.003957,78.572464,81.47659,-5.0616446,WAL
1943767315000,156.249927,-0.157262104288372,-9.15676033330053,-1.61633183254515,1.8695531,0.9114109,-0.9034697,78.681885,81.33415,-4.82469,WAL
1943772287000,156.254899,0.0137904849495596,-9.02788494823089,-1.85768000624723,1.8909334,1.2599095,-0.77091193,78.865456,81.164474,-4.628129,WAL
1943777300000,156.259912,0.127780934077835,-8.74728924950612,-2.03514147977084,1.9437732,1.5021176,-0.6420194,79.13256,80.97685,-4.4516687,WAL
1943782306000,156.264918,0.227224964858949,-8.43001595140261,-2.19614608945081,1.9706513,1.6420058,-0.5479461,79.45889,80.77284,-4.319593,WAL
1943787309000,156.269921,0.263627111506354,-8.04234713675464,-2.32283435099707,1.9730947,1.6823229,-0.4550946,79.849724,80.59751,-4.1842675,WAL
1943792323000,156.274935,0.282402522182796,-7.63398158817204,-2.44018062483871,1.9511036,1.706452,-0.37048978,80.264046,80.41273,-4.0846577,WAL
1943797421000,156.280033,0.272688743905951,-7.26794578119021,-2.39408493929111,1.9172006,1.7278323,-0.2929099,80.697105,80.23624,-3.989519,WAL
1943802407000,156.285019,0.253456053463901,-6.92656569278018,-2.29311329313262,1.9092593,1.6716328,-0.21594086,81.10377,80.05404,-3.9209692,WAL
1943807307000,156.289919,0.182946378610113,-6.72522335092567,-2.09797157549047,1.8973475,1.6206255,-0.1853976,81.539825,79.88022,-3.8485453,WAL
1943812348000,156.29496,0.0940144792520954,-6.56069926305609,-1.86674865480335,1.8952094,1.4752395,-0.1337795,81.92175,79.7025,-3.800691,WAL
1943817312000,156.299924,-0.0328304534945841,-6.44647301577453,-1.67850529237564,1.8765781,1.3029755,-0.10629055,82.2858,79.51283,-3.740975,WAL
1943822306000,156.304918,-0.188748406368703,-6.36599918824272,-1.51755774234935,1.844813,1.14018,-0.08155051,82.60292,79.32988,-3.6917093,WAL
1943827295000,156.309907,-0.369799651470849,-6.27942634980763,-1.49069134708494,1.7938058,0.9825767,-0.06536258,82.883896,79.11192,-3.628497,WAL
1943832319000,156.314931,-0.564400502531321,-6.18924562414916,-1.52866231979876,1.7259997,0.84513205,-0.051923547,83.118034,78.91202,-3.567398,WAL
1943837309000,156.319921,-0.783103544957324,-6.10240485738388,-1.53878360510123,1.6572775,0.75136423,-0.04337143,83.33173,78.69635,-3.5058286,WAL
1943842325000,156.324937,-1.01671073700973,-6.01658973947995,-1.53401601558158,1.5827519,0.6948592,-0.050701816,83.51332,78.507416,-3.4411867,WAL
1943847314000,156.329926,-1.19660711386847,-5.91404835009311,-1.51442507197883,1.4840971,0.7021896,-0.059864793,83.71842,78.33136,-3.3993626,WAL
1943852315000,156.334927,-1.34681734200725,-5.80139081378026,-1.48626066339312,1.3933836,0.7443393,-0.06383542,83.91448,78.18057,-3.35755,WAL
1943857308000,156.33992,-1.47928065574612,-5.64017692655039,-1.34559606495155,1.2901474,0.77091193,-0.071776666,84.16115,78.02649,-3.366354,WAL
1943862311000,156.344923,-1.59999116846899,-5.4451830624031,-1.1273887171124,1.1905763,0.795652,-0.07819075,84.41619,77.903946,-3.3765938,WAL
1943867309000,156.349921,-1.69994034853248,-5.23596362204128,-0.890465294830525,1.0897835,0.8176431,-0.09254608,84.70448,77.78922,-3.4140851,WAL
1943872305000,156.354917,-1.78148011088809,-5.01399425582276,-0.636786015773528,0.97494096,0.8518516,-0.09590584,85.000244,77.712,-3.4543839,WAL
1943877292000,156.359904,-1.87906774660429,-4.78021800625526,-0.330407889439655,0.84665924,0.8405506,-0.093767814,85.29449,77.61737,-3.5120945,WAL
1943882321000,156.364933,-2.00058603462994,-4.52705475199748,0.0544001354310345,0.7147123,0.80939645,-0.08735373,85.590294,77.56061,-3.570266,WAL
1943887310000,156.369922,-2.09868229124962,-4.27144861500352,0.403054251555735,0.5653558,0.7498371,-0.07422013,85.86956,77.48716,-3.6443288,WAL
1943892306000,156.374918,-2.17576738680898,-4.0112866564495,0.72103006699426,0.408058,0.6649268,-0.062308256,86.13061,77.455414,-3.7159202,WAL
1943897332000,156.379944,-2.23681673485637,-3.7653116947754,1.0017335877193,0.25595254,0.5519168,-0.046731193,86.35083,77.39031,-3.8055184,WAL
1943902313000,156.384925,-2.28279898952188,-3.53539998931945,1.24543993596491,0.08368854,0.4859433,-0.015271631,86.55712,77.372955,-3.900382,WAL
1943907308000,156.38992,-2.30372746045432,-3.33011060132346,1.44330276026667,-0.08368854,0.36010507,0.00061086525,86.69963,77.32864,-3.9987757,WAL
1943912313000,156.394925,-2.29425943398519,-3.15495196334815,1.5853233056,-0.16493362,0.23701571,0.027183503,86.82053,77.30358,-4.105231,WAL
1943917312000,156.399924,-2.27343163001691,-3.04150434614806,1.68371762638106,-0.33353242,0.10995574,0.06780604,86.88782,77.287766,-4.222206,WAL
1943922307000,156.404919,-2.23747818878241,-3.01004504400601,1.7241653005637,-0.49510628,0.0070249503,0.09407325,86.92552,77.288605,-4.337112,WAL
1943927281000,156.409893,-2.15528927471598,-3.06967904411273,1.68693571557904,-0.63407815,-0.082161374,0.119729586,86.9186,77.28847,-4.4572086,WAL
1943932318000,156.41493,-1.95987177331572,-3.35006064376926,1.46178083967415,-0.75961095,-0.11789699,0.15454891,86.89482,77.32056,-4.58477,WAL
1943937549000,156.420161,-1.76087450731466,-3.63989658942888,1.23523367582896,-0.87109387,-0.13408493,0.16340645,86.850334,77.370735,-4.701149,WAL
1943942318000,156.42493,-1.62525600490943,-3.88853033742453,1.1131770142235,-0.9746355,-0.1469131,0.17654006,86.79374,77.442894,-4.826827,WAL
1943947581000,156.430193,-1.47359658142281,-4.15873390475253,0.982029308107842,-1.056186,-0.112704635,0.17470746,86.76836,77.59933,-4.8958316,WAL
1943952314000,156.434926,-1.30857643585555,-4.34159419570009,0.915129240283381,-1.1484267,-0.062002823,0.16982053,86.74382,77.77976,-4.967205,WAL
1943957664000,156.440276,-1.12206022207937,-4.55089775267375,0.843374613191727,-1.2504412,-0.04428773,0.1591304,86.74253,78.0152,-4.986026,WAL
1943962362000,156.444974,-0.958590699161543,-4.78562316424446,0.855949181777529,-1.3374895,-0.013133603,0.16584991,86.759895,78.26409,-5.011278,WAL
1943967301000,156.449913,-0.786735447205142,-5.03238961970374,0.869168805925098,-1.4187346,-0.0067195175,0.172264,86.799065,78.55771,-4.968562,WAL
1943972305000,156.454917,-0.613537927864019,-5.34984795354994,0.895327700887485,-1.4923438,-0.01160644,0.13530666,86.848076,78.87102,-4.917399,WAL
1943977283000,156.459895,-0.441432004322102,-5.67971782920176,0.924012028133775,-1.5613716,-0.022296581,0.10293079,86.89893,79.19681,-4.870087,WAL
1943982347000,156.464959,-0.294740352812343,-6.02310821071035,1.00564627098487,-1.6426166,-0.015882496,0.09468412,86.979225,79.55574,-4.732956,WAL
1943987247000,156.469859,-0.158394880214407,-6.3569194711051,1.09497607912033,-1.6969837,-0.014966198,0.08155051,87.0601,79.923546,-4.590348,WAL
1943992295000,156.474907,0.0148803787234856,-6.68381684540417,1.28660090129945,-1.7605137,-0.008246681,0.06169739,87.200424,80.30071,-4.359328,WAL
1943997307000,156.479919,0.193741390166253,-7.00484942881712,1.49756515671699,-1.8319849,-0.004886922,0.033292156,87.34336,80.68892,-4.1354814,WAL
1944002348000,156.48496,0.360904869883483,-7.41447749138389,1.87908326826451,-1.8967366,-0.0033597588,0.04642576,87.49932,81.07757,-3.8837743,WAL
1944007241000,156.489853,0.518954481050695,-7.8407324566435,2.30533833354456,-1.958434,-0.05131268,0.05009095,87.645645,81.48002,-3.635984,WAL
1944012431000,156.495043,0.650921888018071,-8.48906337452367,2.90784478581811,-1.9828686,-0.09865474,0.03940081,87.78016,81.8556,-3.3755124,WAL
1944017252000,156.499864,0.764283176524258,-9.14202469025732,3.50639234291888,-2.0060816,-0.112399206,0.031154128,87.912384,82.23762,-3.1319447,WAL
1944022344000,156.504956,0.995419255157822,-10.1275729233083,4.23373840843362,-1.9935588,-0.17470746,0.0571159,87.982895,82.54405,-2.8817136,WAL
1944027260000,156.509872,1.25547615461334,-11.1770882503946,4.96747041683764,-1.9248364,-0.23182335,0.06994407,88.05386,82.836296,-2.6410043,WAL
1944032348000,156.51496,1.60566829762862,-12.6509428684687,6.02916299613143,-1.8041905,-0.30024028,0.074830994,88.043205,83.01141,-2.403095,WAL
1944037288000,156.5199,1.97646156049035,-14.2291909653336,7.17481923427452,-1.5824465,-0.41447207,0.094989546,88.005066,83.13266,-2.1848938,WAL
1944042341000,156.524953,2.52757912388002,-15.5268687621611,8.22446444395309,-1.2977833,-0.5390886,-0.016493361,87.89463,83.104576,-1.9070164,WAL
1944047356000,156.529968,3.13704418641607,-16.6996271389156,9.22177062064988,-0.9569204,-0.80939645,-0.17134771,87.71606,82.99924,-1.629667,WAL
1944052347000,156.534959,3.82432821443478,-17.5054512233248,9.35707989268542,-0.6478226,-1.0995574,-0.4251622,87.41099,82.69594,-1.264876,WAL
1944057299000,156.539911,4.54721600713043,-18.1216036333504,9.05628097462916,-0.43218717,-1.2470814,-0.6762278,87.0889,82.33628,-0.872609,WAL
1944062423000,156.545035,5.11490637356545,-18.5256309255009,8.38332253061661,-0.24098633,-1.1771374,-0.7834347,86.69221,81.79459,-0.4073559,WAL
1944067344000,156.549956,5.58700601672826,-18.8189745975491,7.59037847348765,0.016187929,-0.92149025,-0.8023715,86.33406,81.19356,0.07344164,WAL
1944072342000,156.554954,5.16180730382775,-17.9556648145933,6.99471179138756,0.3555236,-0.5729916,-0.77579886,86.05464,80.61833,0.59966916,WAL
1944077343000,156.559955,4.24518312649522,-16.4613765330443,6.51252924976077,0.675617,-0.2874121,-0.66889745,85.840836,79.99171,1.0733212,WAL
1944082349000,156.564961,3.13431671402532,-14.4576905903797,6.13094555544304,0.8970556,-0.054061573,-0.5742133,85.768814,79.45103,1.5545111,WAL
1944087334000,156.569946,1.92086493468354,-12.1806559202532,5.80703615696203,0.97494096,0.17989981,-0.464563,85.77501,78.87916,1.9655606,WAL
1944092297000,156.574909,0.861127032593778,-9.95404711049315,5.53441053460038,0.91690874,0.36896262,-0.35094208,85.80959,78.33957,2.2369137,WAL
1944097375000,156.579987,-0.145837228260478,-7.69689018077423,5.28145344661398,0.745561,0.50915617,-0.2406809,85.8871,77.83281,2.4573197,WAL
1944102346000,156.584958,-1.0008868391879,-6.01690316297771,4.84048497595541,0.4981606,0.55924714,-0.124005646,85.95884,77.37124,2.5296204,WAL
1944107350000,156.589962,-1.79736680601911,-4.58610069792994,4.30154919585987,0.36682457,0.66859204,-0.06566802,86.07483,76.94052,2.5721056,WAL
1944112370000,156.594982,-2.50766586354187,-3.77190190578545,3.75057338484016,0.10842858,0.7791586,0.03940081,86.150444,76.61261,2.483763,WAL
1944117352000,156.599964,-3.16733864875466,-3.28065643190822,3.19850691435576,-0.12308934,0.84207773,0.122478485,86.236664,76.31824,2.3819666,WAL
1944122345000,156.604957,-3.78817824188197,-3.06948551038504,2.72888737193124,-0.32925636,0.8164214,0.21563543,86.31693,76.13667,2.1806352,WAL
1944127334000,156.609946,-4.38379071157133,-3.03105877485674,2.31099800861566,-0.51251596,0.6954701,0.33017266,86.38044,76.01339,1.9514513,WAL
1944132338000,156.61495,-4.88967448812268,-3.28485905001503,1.94687836534028,-0.6808093,0.48533243,0.46517387,86.429924,76.01439,1.6293697,WAL
1944137345000,156.619957,-5.34145373438909,-3.71260750666533,1.61525316752531,-0.84940815,0.24831672,0.62858033,86.42802,76.06195,1.2746147,WAL
1944142390000,156.625002,-5.71377173025925,-4.58476970415595,1.34169674911934,-1.0348058,-0.02443461,0.8020661,86.37321,76.219894,0.82820284,WAL
1944147365000,156.629977,-6.0343569692262,-5.6926741933208,1.10597237820107,-1.2311989,-0.27550024,0.9825767,86.24657,76.41369,0.34446388,WAL
1944152340000,156.634952,-6.30942739979302,-7.18862827907611,0.896664452838461,-1.4337007,-0.5332854,1.1343768,86.061195,76.710335,-0.21743444,WAL
1944157297000,156.639909,-6.55507349586038,-8.92155038152225,0.704613856769216,-1.6108516,-0.78038037,1.246776,85.7996,77.02399,-0.8077205,WAL
1944162373000,156.644985,-6.80208572966577,-11.0737572889765,0.353705660988167,-1.767844,-1.0891727,1.2928963,85.47738,77.43324,-1.4395591,WAL
1944167293000,156.649905,-7.03684372883538,-13.5484978827071,-0.145155119165456,-1.9101756,-1.4391985,1.3051136,85.070305,77.83792,-2.0784945,WAL
1944172287000,156.654899,-7.03492441149186,-15.3101431014767,-0.830875943214691,-1.9782871,-1.7705929,1.2333369,84.631294,78.31411,-2.703851,WAL
1944177325000,156.659937,-6.83396739511549,-16.465645886028,-1.67124168881484,-1.9691241,-1.9758437,1.1184943,84.13183,78.746605,-3.3053975,WAL
1944182278000,156.66489,-6.29977932705497,-17.3742202753608,-2.20367045586037,-1.8716911,-1.9172006,0.9984592,83.69208,79.26854,-3.8624914,WAL
1944187319000,156.669931,-5.31635628841233,-18.0018312256116,-2.36180877766404,-1.6148223,-1.6850718,0.8445212,83.249435,79.68404,-4.366008,WAL
1944192342000,156.674954,-3.88027955269674,-18.0408552221263,-1.33489415357395,-1.2324207,-1.409877,0.6441574,82.91193,80.17139,-4.759615,WAL
1944197352000,156.679964,-1.97539287210043,-17.4724016356218,0.916335411196548,-0.77182823,-1.1826351,0.37995818,82.631226,80.53473,-5.090472,WAL
1944202212000,156.684824,-0.127538726851314,-16.9209676175755,3.10016289318949,-0.40439278,-1.1068878,0.22693644,82.42834,80.9006,-5.2424846,WAL
1944207232000,156.689844,0.133348435,-15.258566585168,3.26624587943221,-0.29901853,-1.0989466,-0.053145275,82.281235,81.24723,-5.288651,WAL
1944212246000,156.694858,0.247159397727273,-13.500819174023,3.246012860355,-0.23671028,-1.1478158,-0.28191432,82.13882,81.51195,-5.3062315,WAL
1944217232000,156.699844,0.360334798636364,-11.7528876638576,3.22589282981671,-0.27763826,-1.1606439,-0.41996986,81.97292,81.6835,-4.8955154,WAL
1944222229000,156.704841,0.440263507299762,-10.0177454193101,3.12406300142744,-0.35094208,-1.1435398,-0.49296826,81.80636,81.84698,-4.4645667,WAL
1944227251000,156.709863,0.282935403427835,-8.39202211572165,2.44230788298969,-0.39614612,-1.1643091,-0.50854534,81.62784,81.996826,-4.03467,WAL
1944232224000,156.714836,0.106823748762449,-6.80694131967262,1.73821545477487,-0.44226643,-1.2724323,-0.4718934,81.39547,82.0942,-3.6270356,WAL
1944237224000,156.719836,-0.242591348368011,-5.42344625015284,0.784406676547875,-0.48563787,-1.427592,-0.4034765,81.14251,82.17465,-3.2369432,WAL
1944242209000,156.724821,-0.59720663361947,-4.0773795940383,-0.169167365297613,-0.57360244,-1.6074919,-0.3191771,80.87374,82.29993,-2.8964307,WAL
1944247245000,156.729857,-1.03395452932742,-3.13564208346382,-1.16549858183341,-0.70005155,-1.7803668,-0.20799962,80.56102,82.41929,-2.588554,WAL
1944252653000,156.735265,-1.50186389893514,-2.1433283610455,-2.22562583647628,-0.8549059,-1.9297233,-0.101098195,80.17824,82.654175,-2.3965688,WAL
1944257335000,156.739947,-1.88383850087125,-1.68322255550823,-2.93748754106486,-1.0094548,-2.0995438,-0.003970624,79.74379,82.906555,-2.2314916,WAL
1944262345000,156.744957,-2.29257253668925,-1.19088379306873,-3.69921909595353,-1.1575897,-2.293799,0.09010262,79.222565,83.31214,-2.2151327,WAL
1944267327000,156.749939,-2.60094924997471,-1.07856254342944,-4.36866204594841,-1.3063353,-2.5369234,0.18661933,78.637955,83.745316,-2.226608,WAL
1944272275000,156.754887,-2.89816061831057,-1.00186283708649,-5.02540325335357,-1.4373659,-2.781575,0.2932153,77.997154,84.19358,-2.2691429,WAL
1944277302000,156.759914,-3.01825124897635,-1.27469180999801,-5.7437120749354,-1.5045611,-2.9843822,0.3930918,77.32169,84.72123,-2.4002244,WAL
1944282257000,156.764869,-3.12200482227191,-1.57180408926655,-6.45583840116279,-1.53205,-3.0735686,0.48075095,76.60875,85.22,-2.5663161,WAL
1944287323000,156.769935,-3.17791651370922,-2.12547088866629,-6.92588416242129,-1.5473217,-2.984993,0.5458081,75.9212,85.715256,-2.8015845,WAL
1944292276000,156.774888,-3.22769444722381,-2.69113013903835,-7.36031060165999,-1.568702,-2.7940977,0.6114761,75.239456,86.07468,-3.0743942,WAL
1944297325000,156.779937,-3.34289983907217,-3.60319558412371,-7.44932808059794,-1.5748106,-2.685669,0.6783658,74.6059,86.29116,-3.3846514,WAL
1944302251000,156.784863,-3.46934924340206,-4.56615647154639,-7.45905484847423,-1.5485435,-2.5445592,0.7101309,74.04108,86.23542,-3.7175815,WAL
1944307273000,156.789885,-3.50574905016533,-5.57533475602267,-7.3732501019367,-1.5311338,-2.4312437,0.7623598,73.536575,94.102066,-4.081367,WAL
1944312260000,156.794872,-3.52830904147378,-6.58151102797355,-7.27398623440718,-1.4382823,-2.2632558,0.8194757,73.09441,94.67444,-4.4643407,WAL
1944317333000,156.799945,-3.42744851641791,-7.67207055820896,-7.20194954477612,-1.3359623,-2.0635028,0.8723156,72.7102,95.4004,-4.868016,WAL
1944322253000,156.804865,-3.29148644597015,-8.75039048298508,-7.14100102537313,-1.2473868,-1.7730364,0.94134337,72.40823,96.21899,-5.2938375,WAL
1944327343000,156.809955,-3.14432172826646,-9.90002584819134,-6.63109372662582,-1.1823297,-1.421178,1.0363328,72.20106,97.046104,-5.715912,WAL
1944332306000,156.814918,-2.99869809645187,-11.0321328449298,-5.98753100004942,-1.1224649,-1.1136073,1.1417072,72.07394,97.89486,-6.1541896,WAL
1944337325000,156.819937,-2.55990367426833,-11.7518636386555,-5.33902423856853,-1.0772609,-0.8414669,1.2266175,72.07462,98.6784,-6.5433755,WAL
1944342331000,156.824943,-2.01579803833671,-12.3144917647059,-4.69304345638945,-1.0974194,-0.59681535,1.3133603,72.165825,99.48107,-6.9498057,WAL
1944352333000,156.834945,-0.928673673456969,-13.4386241092437,-3.40237230509997,-1.2165382,-0.30482176,1.38025,72.56965,100.74043,-7.6244087,WAL
1944357331000,156.839943,-0.463370470480572,-13.6075626175002,-2.84291412270725,-1.328021,-0.20005837,1.3414601,72.89212,101.140625,-7.8001356,WAL
1944362361000,156.844973,-0.0484661179308994,-13.5085518158951,-2.33842816313008,-1.4752395,-0.14019357,1.2394456,73.231514,101.55022,-7.9580865,WAL
1944367348000,156.84996,0.281862200422376,-13.2761521002369,-2.12742156934171,-1.6282613,-0.14049901,1.078788,73.63228,101.75118,-7.9302173,WAL
1944372347000,156.854959,0.548187620469764,-12.9358472480684,-2.14714936297517,-1.7357736,-0.09285152,0.8906415,74.0477,101.963936,-7.875994,WAL
1944377347000,156.859959,0.772139128002745,-12.4731107982155,-2.06553388428277,-1.777007,-0.058337633,0.6908886,74.385414,102.11224,-7.750387,WAL
1944382359000,156.864971,0.96980127240906,-11.9318929341112,-1.91964035813315,-1.7870862,-0.08582657,0.49113566,74.702614,102.25934,-7.5889554,WAL
1944387330000,156.869942,1.09983914643071,-11.4954656484703,-1.65869487462507,-1.7507398,-0.22235495,0.30390546,74.986275,102.38721,-7.3714876,WAL
1944392298000,156.87491,1.18070484505099,-11.1339480335933,-1.31144801607678,-1.6847663,-0.47342056,0.106595986,75.212776,102.4935,-7.120355,WAL
1944397362000,156.879974,1.12656394391013,-10.8798938667718,-0.941361966417028,-1.5919148,-0.66248333,-0.09773844,75.306816,102.63308,-6.874145,WAL
1944402352000,156.884964,0.971162598462751,-10.7150746289909,-0.564631462396531,-1.5451837,-1.094976,-0.18570304,75.25605,102.766335,-6.644046,WAL
1944407326000,156.889938,0.643033393911393,-10.6447312606489,-0.412244235131392,-1.4544702,-1.568091,-0.344528,75.07689,102.82094,-6.37278,WAL
1944412381000,156.894993,0.160808769995257,-10.6539164368656,-0.448985151002751,-1.3582588,-1.9874501,-0.4908302,74.78884,102.8601,-6.1123724,WAL
1944417354000,156.899966,-0.349385776135572,-10.6011870179193,-0.687615911105878,-1.2892311,-2.2821925,-0.6093381,74.37112,102.83467,-5.8636184,WAL
1944422332000,156.904944,-0.905883980882654,-10.4693852163629,-1.18553538106697,-1.1969905,-2.3512204,-0.7107417,73.896774,102.76674,-5.598852,WAL
1944427338000,156.90995,-1.35891905365067,-10.2026349958948,-1.58993624576288,-1.1007792,-2.2708917,-0.77854776,73.40301,102.68417,-5.3715353,WAL
1944432353000,156.914965,-1.69691074068029,-9.78953350043984,-1.89037327366826,-1.0262536,-2.107485,-0.784351,72.91726,102.581635,-5.139988,WAL
1944437345000,156.919957,-2.03099223760161,-9.36098688344205,-2.06738221182137,-0.9779953,-1.9089539,-0.7125743,72.44483,102.599014,-4.99425,WAL
1944442370000,156.924982,-2.36421029981937,-8.90703776276969,-2.08669929009533,-0.94714653,-1.7482964,-0.6059783,72.01633,102.60327,-4.854852,WAL
1944447295000,156.929907,-2.64649774802265,-8.52197409828142,-2.03262379972659,-0.9211848,-1.6762142,-0.49296826,71.590706,102.71589,-4.801787,WAL
1944452353000,156.934965,-2.87826562059369,-8.20506676530612,-1.88126513766234,-0.9025534,-1.6187929,-0.3680463,71.21948,102.83008,-4.775521,WAL
1944457240000,156.939852,-3.02711201651768,-7.9862694255344,-1.81517153872911,-0.8979719,-1.5357152,-0.22632557,70.85784,103.00599,-4.8321753,WAL
1944462382000,156.944994,-3.05582018422075,-7.90493000007773,-1.88215708017878,-0.90102625,-1.4172074,-0.10751228,70.53395,103.18375,-4.9115243,WAL
1944467248000,156.94986,-2.98272697936539,-7.89279697072221,-1.8792241742846,-0.91507614,-1.2831224,-0.016798794,70.19708,103.399055,-5.0609117,WAL
1944472334000,156.954946,-2.68879340607358,-8.02080011578742,-1.7322573381351,-0.9388999,-1.1905763,0.06291912,69.8932,103.62389,-5.2342,WAL
1944477294000,156.959906,-2.351349075436,-8.18182651936151,-1.5973931958124,-0.9459248,-1.1688906,0.13072516,69.62061,103.86661,-5.428235,WAL
1944482350000,156.964962,-1.86948343097842,-8.44422888412652,-1.48289046348409,-0.95569867,-1.1917981,0.17379116,69.36925,104.11714,-5.632539,WAL
1944487280000,156.969892,-1.40636311053349,-8.68700124138871,-1.42931243864401,-0.9398162,-1.2217305,0.1994475,69.10994,104.32985,-5.812665,WAL
1944492333000,156.974945,-0.953365311478688,-8.89370857366173,-1.56125360268109,-0.90316427,-1.2293663,0.21502456,68.85761,104.53761,-5.998276,WAL
1944497420000,156.980032,-0.500163076223072,-9.10166969820817,-1.68836385399638,-0.83077675,-1.2125676,0.20647246,68.641495,104.64436,-6.102945,WAL
1944502335000,156.984947,-0.102148117797463,-9.30067772166298,-1.73100828202134,-0.74372846,-1.2064588,0.19364429,68.42499,104.734314,-6.207831,WAL
1944507396000,156.990008,0.274926555202055,-9.4867648341073,-1.76015571694497,-0.7122689,-1.2186762,0.15363261,68.19957,104.81384,-6.244482,WAL
1944512402000,156.995014,0.237031882070942,-9.43465960043474,-1.60384021377334,-0.6618725,-1.2699889,0.10170906,67.96607,104.85914,-6.2748485,WAL
1944517519000,157.000131,0.194034513467514,-9.37854646989867,-1.44788833252533,-0.6386596,-1.359786,0.070554934,67.6788,104.90408,-6.27492,WAL
1944522341000,157.004953,0.102281360941586,-9.29138065229485,-1.34695988692629,-0.65270954,-1.4504995,0.021685716,67.37536,104.933495,-6.258843,WAL
1944527595000,157.010207,0.00053336005249382,-9.1877066397654,-1.25083654156851,-0.68325275,-1.5757269,-0.015271631,67.01407,104.94623,-6.2526336,WAL
1944532346000,157.014958,-0.111941552114003,-8.9936325154864,-1.32361441877272,-0.73884153,-1.6933185,-0.0580322,66.62986,104.958496,-6.2358418,WAL
1944537345000,157.019957,-0.230287602612913,-8.78942781178809,-1.40019126746643,-0.79901177,-1.7931949,-0.086132,66.20315,104.973366,-6.230536,WAL
1944542347000,157.024959,-0.348704674946488,-8.58510056075808,-1.47681407146042,-0.86834496,-1.8634444,-0.10445796,65.75524,104.99582,-6.220416,WAL
1944547346000,157.029958,-0.467050725445398,-8.38089585705976,-1.55339092015414,-0.9221011,-1.9098701,-0.09162979,65.29241,105.024506,-6.214724,WAL
1944552335000,157.034947,-0.579515906895543,-8.21373413732566,-1.69525357586072,-0.9624182,-1.8866574,-0.06352998,64.817795,105.07567,-6.210654,WAL
1944557245000,157.039857,-0.689584262352482,-8.05321741148932,-1.84201138313664,-0.98899084,-1.7886134,-0.023823744,64.3601,105.13308,-6.209689,WAL
1944562358000,157.04497,-0.760984607867495,-7.91271598122843,-1.87954673058267,-0.9932669,-1.6508633,0.029626964,63.93333,105.2635,-6.256427,WAL
1944567248000,157.04986,-0.821006067494824,-7.78343909510007,-1.89339782552499,-0.99204516,-1.4987578,0.102319926,63.55007,105.39772,-6.3092623,WAL
1944572345000,157.054957,-0.924273251154086,-7.8097660873006,-1.8191306820426,-0.9932669,-1.3741413,0.1731803,63.21276,105.5826,-6.382263,WAL
1944577279000,157.059891,-1.03376003468497,-7.87293148860173,-1.72648804949648,-0.9831876,-1.29198,0.24953845,62.918747,105.76492,-6.466855,WAL
1944582306000,157.064918,-1.13405311829992,-8.07174447590996,-1.54515327052301,-0.96974856,-1.2345587,0.31887165,62.64853,105.972595,-6.576592,WAL
1944587392000,157.070004,-1.22678800352783,-8.37722425196551,-1.29422356432971,-0.9468411,-1.2195925,0.376293,62.400738,106.17452,-6.6979637,WAL
1944592313000,157.074925,-1.25964767229974,-8.67177189267246,-1.07636244822714,-0.9272934,-1.2217305,0.41996986,62.14486,106.374504,-6.846199,WAL
1944597351000,157.079963,-1.27847791620646,-8.97305648336423,-0.859813910875207,-0.91324353,-1.239751,0.44257188,61.89797,106.566574,-6.999509,WAL
1944602357000,157.084969,-1.30314517331103,-9.19567170727628,-0.744892402455162,-0.915687,-1.2907583,0.4831944,61.594234,106.73768,-7.1818557,WAL
1944607309000,157.089921,-1.32958759241706,-9.38958247393365,-0.665565361421801,-0.9108001,-1.3377949,0.50518554,61.29289,106.89711,-7.360314,WAL
1944612363000,157.094975,-1.31953609067507,-9.53511269632557,-0.732091722956633,-0.8894198,-1.368949,0.52564955,60.93879,107.01912,-7.5494986,WAL
1944617333000,157.099945,-1.28394782224952,-9.64187744851527,-0.899864854915616,-0.86651236,-1.3716979,0.5329799,60.586124,107.13486,-7.735568,WAL
1944622346000,157.104958,-1.21454858098066,-9.69558440356254,-1.18148370520015,-0.8393288,-1.3393221,0.5290093,60.21498,107.225914,-7.921103,WAL
1944627333000,157.109945,-1.13222033663091,-9.72760111549512,-1.50622291777916,-0.79443026,-1.2760975,0.5546656,59.860466,107.30675,-8.1072645,WAL
1944632333000,157.114945,-1.04014682939663,-9.72431651852986,-1.86362313825421,-0.71776664,-1.1808025,0.5665775,59.549255,107.377464,-8.26676,WAL
1944637348000,157.11996,-0.942081107895865,-9.69980010607453,-2.2411762484635,-0.65270954,-1.0793989,0.5900958,59.265663,107.44066,-8.424388,WAL
1944642335000,157.124947,-0.785387678364486,-9.67928785046729,-2.46810880514019,-0.5421429,-0.979217,0.6035349,59.02208,107.53073,-8.576332,WAL
1944647359000,157.129971,-0.598028348707165,-9.66055153894081,-2.62268024501558,-0.43188173,-0.87995136,0.6102544,58.812885,107.6025,-8.718906,WAL
1944652346000,157.134958,-0.404307692862212,-9.72209392152489,-2.58894703467505,-0.32620203,-0.8078693,0.61575216,58.66643,107.69576,-8.848593,WAL
1944657350000,157.139962,-0.205096895295549,-9.83384653918686,-2.43832425012674,-0.24831672,-0.77579886,0.59131753,58.53767,107.76182,-8.96284,WAL
1944662356000,157.144968,0.0300707443331077,-10.0467875270336,-2.23838577771545,-0.19242255,-0.7831292,0.5549711,58.39455,107.84075,-9.074225,WAL
1944667347000,157.149959,0.284339182342586,-10.3149252487668,-2.01185568509527,-0.17715092,-0.8191703,0.50426924,58.25183,107.90147,-9.170587,WAL
1944672341000,157.154953,0.505712282246398,-10.6148894992649,-1.86690572061158,-0.19333886,-0.90316427,0.42730024,58.048183,107.91554,-9.233598,WAL
1944677337000,157.159949,0.702666172909928,-10.9384562741351,-1.78249687325296,-0.22113322,-1.0091494,0.32742378,57.82487,107.91519,-9.277185,WAL
1944682351000,157.164963,0.771345870372487,-11.1866727735483,-1.78742267335442,-0.24495697,-1.0913107,0.20433442,57.51912,107.84129,-9.269982,WAL
1944687347000,157.169959,0.727401428600878,-11.3673333136034,-1.8704288757016,-0.2669481,-1.1462886,0.05222898,57.184494,107.75265,-9.23025,WAL
1944692298000,157.17491,0.532870173400532,-11.4629309872894,-1.95373370978422,-0.33475417,-1.1621711,-0.122478485,56.79119,107.62257,-9.125455,WAL
1944697352000,157.179964,0.218112269244063,-11.4963145770027,-2.03957671398167,-0.37904188,-1.1808025,-0.21319197,56.38031,107.48164,-9.005534,WAL
1944702348000,157.18496,-0.259339578055106,-11.4618404869721,-2.02347681934711,-0.44990227,-1.1835514,-0.38545597,55.939896,107.34321,-8.830351,WAL
1944707351000,157.189963,-0.876365283771588,-11.3709608945792,-1.92303079372068,-0.5589417,-1.1948525,-0.5335908,55.49118,107.21581,-8.640071,WAL
1944712411000,157.195023,-1.56461694455191,-11.1853610013818,-1.69901549399921,-0.67164636,-1.2318097,-0.63804877,55.032696,107.13135,-8.4659815,WAL
1944717355000,157.199967,-2.28894568659692,-10.9283408276747,-1.38124550552704,-0.7666359,-1.278541,-0.6814202,54.566612,107.05717,-8.272393,WAL
1944722344000,157.204956,-2.92299379004011,-10.6662672203018,-1.07535324787433,-0.8323039,-1.3396275,-0.6588182,54.091003,107.04216,-8.148346,WAL
1944727350000,157.209962,-3.4677834519385,-10.400739362204,-0.782357087259358,-0.8582657,-1.3778065,-0.593761,53.61517,107.03828,-8.027638,WAL
1944732315000,157.214927,-3.88921421709021,-10.2612326770274,-0.51858259004556,-0.83108217,-1.402852,-0.473726,53.126446,107.07288,-8.024118,WAL
1944737349000,157.219961,-4.14790738444872,-10.2953998626101,-0.289175549721575,-0.729984,-1.3497068,-0.33536503,52.66154,107.102844,-8.0397215,WAL
1944742384000,157.224996,-4.22101941021021,-10.5202228570571,-0.0782364754414414,-0.59864795,-1.2321151,-0.20922135,52.21368,107.14963,-8.145329,WAL
1944747369000,157.229981,-4.06809717497497,-10.9742101503504,0.108137390219219,-0.41599923,-1.073901,-0.11362094,51.804752,107.170265,-8.271751,WAL
1944752300000,157.234912,-3.79903236235994,-11.4941240270699,0.25016689566584,-0.21991149,-0.95111716,-0.048258353,51.41146,107.15773,-8.442632,WAL
1944757343000,157.239955,-3.3728222547645,-12.1166787517105,0.341155581951413,-0.042760566,-0.8900307,-0.009468411,51.054573,107.11538,-8.622694,WAL
1944762278000,157.24489,-2.93567073971936,-12.666850558992,0.324163392248186,0.12858713,-0.8378017,0.004276057,50.69413,106.98096,-8.774407,WAL
1944767360000,157.249972,-2.45715401480527,-13.1500131225659,0.156914826580374,0.28619036,-0.79076505,-0.00580322,50.356266,106.814735,-8.922447,WAL
1944772245000,157.254857,-1.98566088336768,-13.6023760256108,-0.0702966376402708,0.42394048,-0.7302894,-0.04795292,49.99665,106.54388,-8.993936,WAL
1944777325000,157.259937,-1.47008639450496,-14.0463429022667,-0.452203636223334,0.56382865,-0.623388,-0.09254608,49.670223,106.24318,-9.051338,WAL
1944782248000,157.26486,-0.967220625069909,-14.4536646690983,-0.864635242613982,0.6771441,-0.45875978,-0.14294247,49.35417,105.88724,-9.023037,WAL
1944787347000,157.269959,-0.437834726826748,-14.8148340200608,-1.40391617656535,0.8078693,-0.25350907,-0.19242255,49.08446,105.50006,-8.970578,WAL
1944792256000,157.274868,0.0439634757923658,-15.1191023348052,-1.85510009082524,0.9334021,-0.1441642,-0.21288654,48.824364,105.09821,-8.845237,WAL
1944797454000,157.280066,0.488473539293494,-15.3389153547248,-2.17260735554901,1.0143417,0.06505715,-0.24648413,48.650627,104.679726,-8.685292,WAL
1944802363000,157.284975,0.863500604444444,-15.4896070643574,-2.38853511879614,1.16492,0.22968534,-0.27550024,48.492947,104.24693,-8.467308,WAL
1944807351000,157.289963,1.1347619,-15.5031699301533,-2.40209817342419,1.3451253,0.35155296,-0.3136793,48.379208,103.79456,-8.233908,WAL
1944812388000,157.295,1.36984918055556,-15.4680282734375,-2.35452841313657,1.5176947,0.38698313,-0.37965274,48.284477,103.304665,-7.9395266,WAL
1944817358000,157.29997,1.42493794907407,-15.2109472578125,-2.0285862451196,1.6884315,0.35918877,-0.48502702,48.198353,102.77522,-7.6292233,WAL
1944822285000,157.304897,1.43975897589171,-14.8817864009485,-1.65197690717913,1.853976,0.2648101,-0.63713247,48.06786,102.18843,-7.276592,WAL
1944827349000,157.309961,1.02287974846359,-13.7365663784211,-0.684050451674736,2.0005836,0.109650314,-0.8078693,47.90278,101.56137,-6.901964,WAL
1944832358000,157.31497,0.602364410090592,-12.6456628522648,0.235709571944251,2.1456642,-0.06811147,-0.9728029,47.666615,100.85829,-6.494918,WAL
1944837344000,157.319956,0.0842215336665008,-12.0704769988054,0.69205562187556,2.3066273,-0.22937989,-1.1297953,47.382767,100.10753,-6.0553713,WAL
1944842400000,157.325012,-0.448642906807085,-11.5043449085687,1.1479927846338,2.4767532,-0.3811799,-1.2562444,47.033604,99.26717,-5.6315417,WAL
1944847368000,157.32998,-1.06357567794734,-11.1581602092867,1.51239736826233,2.6514606,-0.5164866,-1.3662001,46.64177,98.384094,-5.1764536,WAL
1944852686000,157.335298,-1.72389614444554,-10.7950802182285,1.89255458322307,2.8386908,-0.5717699,-1.4443909,46.28839,97.44094,-4.7510543,WAL
1944857331000,157.339943,-2.3432583895823,-10.6325529204108,2.01994119697837,3.025921,-0.5879578,-1.4837917,45.914234,96.47115,-4.3108907,WAL
1944862778000,157.34539,-3.06339644241547,-10.4474874535774,2.14314826783673,3.2253685,-0.52503866,-1.4718798,45.60894,95.49572,-3.9365747,WAL
1944867349000,157.349961,-3.51726245778068,-10.4270430519335,1.60750454342612,3.4101553,-0.37720928,-1.4257594,45.335304,94.541275,-3.563581,WAL
1944872245000,157.354857,-4.00339853549412,-10.4051450448347,1.03377632756211,3.5671475,-0.10170906,-1.3478742,45.180332,93.72795,-3.2907858,WAL
1944877337000,157.359949,-4.43153065484061,-10.5334456995277,0.324450615053129,3.6092973,0.30665436,-1.2788464,45.11818,93.11139,-3.0335906,WAL
1944882253000,157.364865,-4.82525016381346,-10.6955648742621,-0.388876394604486,3.5268304,0.68325275,-1.1768318,45.136925,87.161766,-2.8159025,WAL
1944887346000,157.369958,-5.26386262892292,-11.0769841972332,-0.998185271225296,3.3670893,0.8194757,-1.0656544,45.260242,86.9986,-2.71728,WAL
1944892268000,157.37488,-5.69703914301383,-11.5101610517787,-1.54780691849802,3.1893275,0.98471475,-1.0103711,45.50287,86.59956,-2.6417668,WAL
1944897378000,157.37999,-6.35629486165968,-12.2889146567923,-1.68061020043886,3.1077769,0.9783007,-0.9257663,45.770767,86.07927,-2.6857104,WAL
1944902251000,157.384863,-7.0544962214243,-13.1407200143627,-1.66199151047277,2.9272664,0.7495316,-0.9147707,46.020123,85.58085,-2.7274072,WAL
1944907329000,157.389941,-7.68302128075144,-13.8356940567356,-1.4988900838667,2.7617218,0.34300083,-1.0225884,46.243732,85.1244,-2.8299174,WAL
1944912353000,157.394965,-8.26894498432928,-14.4534122389314,-1.28541400177476,2.6236663,-0.15302174,-1.2238685,46.37407,84.719864,-2.9003973,WAL
1944917353000,157.399965,-8.06201491599752,-14.2177717036846,-1.50218087007947,2.4663684,-0.6068946,-1.4245378,46.459038,84.32001,-3.0279562,WAL
1944922334000,157.404946,-7.39244302708226,-13.4841967151409,-1.96989656444422,2.286163,-0.9166033,-1.5173893,46.43988,83.98047,-3.1126387,WAL
1944927341000,157.409953,-6.43412030376689,-12.645750176807,-2.10996584013411,2.115121,-0.96974856,-1.4514158,46.407063,83.62043,-3.249642,WAL
1944932361000,157.414973,-5.34375620594616,-11.7592367895671,-2.10048442094468,2.0002782,-0.8949176,-1.352761,46.31609,83.30654,-3.3528554,WAL
1944937346000,157.419958,-4.3621910355576,-11.0138720506071,-2.1684749929395,1.8270979,-0.8732319,-1.2544118,46.152767,83.13217,-3.3809998,WAL
1944942342000,157.424954,-3.42978277925722,-10.3353126901337,-2.27587268113458,1.6756034,-0.84696466,-1.1814134,46.006866,82.9747,-3.4258573,WAL
1944947428000,157.43004,-2.48993077622283,-9.9653826576087,-2.64176722873641,1.5589281,-0.77213365,-1.1340714,45.799908,82.92726,-3.3283803,WAL
1944952457000,157.435069,-1.56446212072981,-9.7316786242236,-3.10917563715062,1.5409076,-0.571159,-1.10139,45.636585,82.88394,-3.2526195,WAL
1944957337000,157.439949,-0.784351450343511,-9.77316395839695,-3.01160229083969,1.5274686,-0.22082779,-1.0815369,45.441296,82.98552,-3.039582,WAL
1944962354000,157.444966,-0.046227288101145,-9.96113342719466,-2.61274025896947,1.5604553,0.103847094,-1.097114,45.3037,83.06738,-2.8376317,WAL
1944967348000,157.44996,0.639323489832307,-10.2567274215665,-2.4214217855657,1.6389514,0.26053402,-1.1129965,45.21339,83.180275,-2.5325985,WAL
1944972355000,157.454967,1.28566033772023,-10.6435120602844,-2.40106473288049,1.679574,0.49357912,-1.1291844,45.24022,83.27753,-2.2455862,WAL
1944977342000,157.459954,1.66329770407455,-10.9085897485873,-1.87113456373847,1.754405,0.8155051,-1.1435398,45.34441,83.243065,-1.867607,WAL
1944982351000,157.464963,1.90583579813622,-11.1130822853177,-1.07694123653812,1.8555032,0.93767816,-1.1450669,45.45516,83.16541,-1.5002021,WAL
1944987329000,157.469941,1.92511771545482,-11.0033698559667,-0.797913969227259,1.9501873,0.96577793,-1.1478158,45.631264,83.01502,-1.0629102,WAL
1944992301000,157.474913,1.82120449371094,-10.719970294812,-0.802637290314453,1.971873,1.1117748,-1.1313224,45.870205,82.82887,-0.65002424,WAL
1944997347000,157.479959,1.64859302618557,-10.3103311189003,-1.02855559747079,1.9740111,1.3698653,-1.0598512,46.1151,82.50243,-0.21493801,WAL
1945002334000,157.484946,1.43757888106038,-9.83203252704958,-1.38493500992833,1.9251418,1.7128662,-0.9416488,46.417034,82.16524,0.17924663,WAL
1945007348000,157.48996,1.2484879843248,-9.34525739927953,-1.59559607849284,1.8930714,2.021964,-0.81306165,46.80415,81.789444,0.511202,WAL
1945012447000,157.495059,1.07257625731672,-8.84604837046052,-1.7049466182066,1.9141463,2.1844542,-0.68966687,47.234062,81.413376,0.79098654,WAL
1945017349000,157.499961,0.934276017048754,-8.38185552189408,-1.76541225794374,1.951409,2.2052236,-0.5821546,47.749046,81.06623,0.9849072,WAL
1945022344000,157.504956,0.819342812223446,-7.92212280260286,-1.78935670478526,1.9712621,2.1413882,-0.48166725,48.272114,80.73042,1.134058,WAL
1945027335000,157.509947,0.69822420359447,-7.53575540645161,-1.82811094101383,1.9837849,2.0879374,-0.4083634,48.826065,80.39242,1.2278426,WAL
1945032350000,157.514962,0.571079639774488,-7.21083021770762,-1.87991059524463,1.9630154,2.0302107,-0.3481932,49.348198,80.07325,1.2937766,WAL
1945037344000,157.519956,0.447625389586561,-6.9022629554069,-1.8266567086108,1.9361374,1.9721785,-0.3005457,49.87114,79.747696,1.3251698,WAL
1945042357000,157.524969,0.326891744900915,-6.60767288335178,-1.66728823953325,1.9095647,1.9022343,-0.24770586,50.363186,79.4428,1.336849,WAL
1945047319000,157.529931,0.178242280561015,-6.39287903854594,-1.53672706062399,1.8301523,1.8216002,-0.22571471,50.856277,79.161476,1.3248297,WAL
1945052338000,157.53495,-0.000612200320580097,-6.25071290654518,-1.43124880821486,1.7311921,1.7336355,-0.22540927,51.318874,78.9065,1.3046926,WAL
1945057342000,157.539954,-0.179405195814777,-6.13343616503036,-1.33545569043522,1.6374242,1.643533,-0.21777347,51.76285,78.654106,1.2679472,WAL
1945062370000,157.544982,-0.359732202069838,-6.05058291843117,-1.25260274918016,1.5378532,1.5803084,-0.22907446,52.184,78.44206,1.2370776,WAL
1945067314000,157.549926,-0.543484498278421,-5.96378083199763,-1.14536224860493,1.4450017,1.5289958,-0.2507602,52.591835,78.25233,1.194649,WAL
1945072343000,157.554955,-0.738857227380034,-5.86847727651133,-1.00240656707233,1.3552046,1.4740179,-0.27885997,52.97597,78.09967,1.1585523,WAL
1945077293000,157.559905,-0.931478192465089,-5.73021082660977,-0.849652773734484,1.2461652,1.423316,-0.31215215,53.340664,77.992546,1.1072716,WAL
1945082352000,157.564964,-1.12880759782777,-5.52348454460822,-0.675814971256788,1.1184943,1.3933836,-0.33200526,53.692516,77.92397,1.0599539,WAL
1945087267000,157.569879,-1.33584046457032,-5.3137807685445,-0.495364083552187,0.99204516,1.3845261,-0.34574974,54.105225,77.826836,0.99091506,WAL
1945092344000,157.574956,-1.57986902029089,-5.07971265967428,-0.28619673819113,0.926988,1.3707817,-0.36774087,54.50449,77.75654,0.9303725,WAL
1945097295000,157.579907,-1.80180818739471,-4.86183575652048,-0.084822753435957,0.77671516,1.3542882,-0.38453966,54.926483,77.711655,0.8459274,WAL
1945102348000,157.58496,-2.00326423816439,-4.65569468586504,0.116633243521154,0.6203337,1.3497068,-0.4016439,55.34389,77.69468,0.7672067,WAL
1945107242000,157.589854,-2.19602963467553,-4.45690463023847,0.315291464079359,0.46395215,1.3417655,-0.42821655,55.804615,77.66162,0.6554546,WAL
1945112356000,157.594968,-2.39227738545739,-4.25108377333855,0.530685392111024,0.31703907,1.3417655,-0.44409904,56.26234,77.676125,0.54519564,WAL
1945117245000,157.599857,-2.56383827218497,-4.07415878603826,0.734565273131532,0.15149458,1.346347,-0.453262,56.7426,77.696625,0.40864336,WAL
1945122348000,157.60496,-2.69875958962729,-3.94405613559456,0.94176594145139,-0.0015271631,1.3439035,-0.45478916,57.218006,77.75854,0.27464974,WAL
1945127293000,157.609905,-2.8148733698037,-3.83488912627021,1.12518911945727,-0.16035213,1.3176364,-0.47067168,57.694855,77.83346,0.11909125,WAL
1945132335000,157.614947,-2.88921715521555,-3.77448478242879,1.25993715167436,-0.30695978,1.2962561,-0.46731192,58.168377,77.94932,-0.041737583,WAL
1945137320000,157.619932,-2.92488202041372,-3.74091433418122,1.39005881747909,-0.4447099,1.2809844,-0.46211955,58.64838,78.061806,-0.21391691,WAL
1945142333000,157.624945,-2.78470767936854,-3.82882025500569,1.50647480824962,-0.5815437,1.2571607,-0.4596761,59.117115,78.21433,-0.38437518,WAL
1945147333000,157.629945,-2.64489684648884,-3.91649821313901,1.62258890237541,-0.68936145,1.2241739,-0.45631635,59.57858,78.36872,-0.56428003,WAL
1945152347000,157.634959,-2.50469454327708,-4.00442166955511,1.73902811596476,-0.77457714,1.1636983,-0.44135013,60.021866,78.55211,-0.74463624,WAL
1945157301000,157.639913,-2.3480235389377,-4.09297178734026,1.85073702959265,-0.8518516,1.0858129,-0.43127087,60.453766,78.75531,-0.91931784,WAL
1945162371000,157.644983,-2.06685776986821,-4.19477344918131,1.94284302509984,-0.92179567,0.99082345,-0.4129449,60.85959,78.97566,-1.0951713,WAL
1945167305000,157.649917,-1.7955209806105,-4.28893368320113,2.02880692224119,-0.9947941,0.8695667,-0.4016439,61.21081,79.16944,-1.2011614,WAL
1945172345000,157.654957,-1.53380560758108,-4.35193899698765,2.09181253967266,-1.069625,0.7275405,-0.3820962,61.525375,79.37898,-1.3074594,WAL
1945177314000,157.659926,-1.27963399199051,-4.40995794695936,2.14586579143676,-1.1270463,0.57848936,-0.364992,61.789967,79.57553,-1.3479749,WAL
1945182376000,157.664988,-1.04474698089588,-4.44351325571047,2.15065939982201,-1.2095132,0.43371433,-0.34300083,62.012466,79.79606,-1.387844,WAL
1945187284000,157.669896,-0.829440351573086,-4.48470078969838,2.14491593030162,-1.2935071,0.3585779,-0.32589662,62.20677,80.006165,-1.367626,WAL
1945192337000,157.674949,-0.708180656976334,-4.59697835590719,2.05509389609281,-1.3399329,0.1994475,-0.3032946,62.33403,80.22418,-1.3445315,WAL
1945197689000,157.680301,-0.584018537384268,-4.7181236729394,1.9594112523711,-1.4333953,0.05375614,-0.269697,62.45203,80.45291,-1.2748814,WAL
1945202351000,157.684963,-0.579817631467821,-4.87775743101242,1.86279073212269,-1.5625933,-0.07819075,-0.25045475,62.52801,80.70042,-1.2032348,WAL
1945207300000,157.689912,-0.575358111223184,-5.04721849251035,1.76022210176891,-1.6062702,-0.20433442,-0.22937989,62.598415,80.93633,-1.102867,WAL
1945212355000,157.694967,-0.720086298296363,-5.31008837280176,1.74701984980016,-1.6713274,-0.2929099,-0.20189096,62.64112,81.20864,-1.0102321,WAL
1945217249000,157.699861,-0.888679439253597,-5.58171055629496,1.75170298920863,-1.7061466,-0.3387248,-0.17806722,62.66015,81.47825,-0.9232033,WAL
1945222347000,157.704959,-1.14472018100285,-6.14906429947993,1.79209013014425,-1.7412714,-0.376293,-0.14874569,62.69429,81.7615,-0.8408162,WAL
1945227267000,157.709879,-1.40825854956334,-6.75474039014817,1.83832495027966,-1.749518,-0.36254853,-0.1151481,62.729427,82.04027,-0.7711926,WAL
1945232350000,157.714962,-1.69944993554115,-7.40019288259352,2.16698730349127,-1.7699821,-0.301462,-0.09987647,62.761097,82.3496,-0.7415127,WAL
1945237246000,157.719858,-1.98475374992519,-8.02692581346633,2.55518760274314,-1.7944167,-0.21471913,-0.077579886,62.803497,82.65453,-0.7263708,WAL
1945242390000,157.725002,-2.03828179407122,-8.96100784215592,3.30133275453321,-1.7806722,-0.1020145,0.020158553,62.870857,82.96885,-0.78043646,WAL
1945247316000,157.729928,-2.02466043214629,-9.92812529740135,4.10499372444658,-1.7223345,-0.007330383,0.06261369,62.95953,83.27022,-0.8265942,WAL
1945252345000,157.734957,-1.68381666253527,-11.1361904088069,5.21698491679766,-1.6096299,0.03726278,0.15943582,63.02412,83.503876,-0.95135236,WAL
1945257286000,157.739898,-1.22130729754131,-12.4092830717453,6.42332384324869,-1.3942999,0.05589417,0.24831672,63.106384,83.68085,-1.0846031,WAL
1945262410000,157.745022,-0.467304541892026,-14.0183339777117,7.42115742481426,-1.1093313,0.018936822,0.2669481,63.131207,83.66448,-1.1935353,WAL
1945267298000,157.74991,0.348823460041605,-15.6552271271917,8.2836564277266,-0.7877107,-0.10354166,0.2593123,63.13421,83.57543,-1.3135842,WAL
1945272344000,157.754956,1.09050683091393,-16.7446170121266,8.62023377994676,-0.43554693,-0.23671028,0.18570304,63.050697,83.22741,-1.2985984,WAL
1945277332000,157.759944,1.78281278706891,-17.5782095263729,8.72855348890861,-0.047036625,-0.28496864,0.06169739,62.962955,82.80374,-1.2671684,WAL
1945282347000,157.764959,2.5473767570879,-18.1274985606195,8.42813585449344,0.3830125,-0.24465153,-0.083383106,62.86551,82.17056,-1.058234,WAL
1945287351000,157.769963,3.34159137821841,-18.5435167162869,7.94120671924632,0.84421575,-0.045814894,-0.16340645,62.807003,81.45979,-0.8539537,WAL
1945292296000,157.774908,3.89958893949383,-18.2427083398306,7.41097951581794,1.0754282,0.34269542,-0.37568212,62.813778,80.753494,-0.50426745,WAL
1945297355000,157.779967,4.34951896997653,-17.5554520439841,6.84238668823349,1.4413365,0.8579602,-0.4269948,62.910397,79.91417,-0.21961501,WAL
1945302324000,157.784936,4.00812884503383,-15.9023142647318,6.56066485787822,1.676825,1.3096951,-0.42180246,63.11525,79.15686,0.15143399,WAL
1945307327000,157.789939,3.32694932641435,-13.8164949384253,6.39624206490832,1.6841555,1.5732834,-0.38331795,63.403446,78.393456,0.47860882,WAL
1945312324000,157.794936,2.57618605910687,-11.5623162422479,6.14434844636227,1.5198327,1.7330247,-0.36987892,63.780354,77.689384,0.81761163,WAL
1945317329000,157.799941,1.78734155509282,-9.21502347706974,5.84612678956347,1.2592987,1.8420641,-0.33169982,64.19558,77.03828,1.1002146,WAL
1945322317000,157.804929,1.12309093662794,-7.24760588993149,5.48491416830503,0.9257663,1.8985692,-0.28680122,64.60655,76.45034,1.2978383,WAL
1945327311000,157.809923,0.519975618018072,-5.46675347358753,5.09075214367987,0.602924,1.9046779,-0.23823744,65.013756,75.95371,1.4671552,WAL
1945332305000,157.814917,-0.0942851549716255,-4.34162038173895,4.63186697231455,0.2837469,1.8658879,-0.16340645,65.40611,75.542336,1.5320214,WAL
1945337500000,157.820112,-0.739622958746453,-3.54503151646737,4.11761345903932,0.0021380284,1.7864754,-0.059253927,65.77068,75.22431,1.5740443,WAL
1945342231000,157.824843,-1.39936208742643,-3.40471869805486,3.75477213123192,-0.2843578,1.629483,0.08093964,66.11769,74.99271,1.5152899,WAL
1945347262000,157.829874,-2.13469181790524,-3.52967669376559,3.4183467272818,-0.57635134,1.3756685,0.2443461,66.40209,74.84697,1.4345475,WAL
1945352263000,157.834875,-2.623369008148,-4.20879964578032,3.31011990105856,-0.84238315,1.0067059,0.44257188,66.63921,74.820854,1.2456342,WAL
1945357269000,157.839881,-2.98652686435855,-5.17722053085365,3.31943173196077,-1.0855075,0.49266282,0.57757306,66.75656,74.86909,1.0595661,WAL
1945362277000,157.844889,-3.36997535560762,-6.37110056044263,3.18530556458977,-1.3023647,-0.20708331,0.6569856,66.751755,75.04791,0.77863294,WAL
1945367294000,157.849906,-3.76753166836806,-7.71704417531652,2.9553934746785,-1.4941764,-0.9370673,0.70402217,66.587616,75.28087,0.5086645,WAL
1945372292000,157.854904,-4.42678652875536,-9.28933786695279,2.50012203819743,-1.6603317,-1.6154331,0.7583892,66.25556,75.60912,0.21283941,WAL
1945377277000,157.859889,-5.26033405811549,-11.0123132585837,1.89475233228638,-1.7568485,-2.2143865,0.7965683,65.74146,75.95875,-0.046860225,WAL
1945382296000,157.864908,-6.29017942136522,-12.8565849755855,1.06069501936223,-1.7935003,-2.4376578,0.8350528,65.17914,76.42223,-0.35678577,WAL
1945387295000,157.869907,-7.47332470810164,-14.7839672346786,0.0445256979671151,-1.7626517,-2.7763824,0.8552113,64.419556,76.87367,-0.6252121,WAL
1945392259000,157.874871,-8.29693119976029,-16.183938601678,-0.797090295365561,-1.6148223,-2.8334985,0.8918633,63.750824,77.44395,-1.0331477,WAL
1945397329000,157.879941,-8.83038969256892,-17.1635616520176,-1.5099846563324,-1.38025,-2.6355782,0.9111055,63.060574,77.94227,-1.4326124,WAL
1945402291000,157.884903,-8.57744204904123,-17.8608740083458,-1.56534310733234,-1.0922271,-2.179567,0.89766645,62.516872,78.53916,-1.9909378,WAL
1945407286000,157.889898,-7.66491946916046,-18.340898719225,-1.075812710462,-0.79076505,-1.649947,0.8353582,62.047367,78.99898,-2.5385106,WAL
1945412353000,157.894965,-6.42749078755692,-18.3476467872698,-0.248795047911305,-0.49632803,-1.2556335,0.7174612,61.710487,79.41997,-3.1216123,WAL
1945417340000,157.899952,-4.93825553967531,-17.9363348047911,0.852766212433181,-0.25961772,-0.9773844,0.55771995,61.48942,79.71015,-3.6728325,WAL
1945422325000,157.904937,-3.64683567857211,-17.0507828994027,1.58846692496444,-0.12034045,-0.7901542,0.40591997,61.347797,79.8995,-4.050513,WAL
1945427342000,157.909954,-2.53529409373281,-15.7069109276572,1.98023977902721,-0.09712757,-0.6377433,0.2687807,61.279934,80.04075,-4.383034,WAL
1945432303000,157.914915,-1.62253816157426,-14.1938158146499,2.16403861630919,-0.15088372,-0.52595496,0.1563815,61.21796,80.118004,-4.4696336,WAL
1945437351000,157.919963,-0.976911801185755,-12.3743233565358,2.04176087757993,-0.2611449,-0.4990769,0.08674286,61.180065,80.21033,-4.5300097,WAL
1945442286000,157.924898,-0.492421670353476,-10.7183916735782,1.76146392263527,-0.4251622,-0.61666846,-0.0070249503,61.137905,80.3395,-4.3881493,WAL
1945447383000,157.929995,-0.198425613250395,-9.18093657938389,1.24576591414889,-0.57910025,-0.84513205,-0.07666359,61.07255,80.494736,-4.236627,WAL
1945452250000,157.934862,-0.108570956270772,-7.84050579706256,0.620063392967095,-0.7812967,-1.0729848,-0.11636983,60.979836,80.72212,-3.989595,WAL
1945457339000,157.939951,-0.319640301248411,-6.64291683875159,-0.247156287988984,-1.0076222,-1.2330315,-0.07666359,60.840748,80.983406,-3.7491527,WAL
1945462313000,157.944925,-0.525939951851434,-5.47239070814857,-1.09477874683661,-1.2134838,-1.4059063,-0.003970624,60.633354,81.32245,-3.4951024,WAL
1945467349000,157.949961,-0.734811089856423,-4.28727418347691,-1.95296666456009,-1.4605788,-1.625207,0.081855945,60.369583,81.71261,-3.2581031,WAL
1945472299000,157.954911,-1.02943056351994,-3.12184607427421,-2.81425217954233,-1.736079,-1.9095647,0.17654006,60.033253,82.14319,-3.049875,WAL
1945477345000,157.959957,-1.85524817933608,-1.93058055633667,-3.79669029085641,-2.0097466,-2.24157,0.28985557,59.625988,82.61239,-2.871546,WAL
1945482288000,157.9649,-2.59769797166326,-0.898656783118499,-4.69990603997278,-2.2886066,-2.4065037,0.35460728,59.201366,83.28286,-2.845477,WAL
1945487333000,157.969945,-2.79965618270633,-0.973804056599592,-5.12730606165063,-2.4132233,-2.6923885,0.4605924,58.657726,83.94008,-2.8567915,WAL
1945492412000,157.975024,-2.98761092003929,-1.06891939194499,-5.55333426640471,-2.620612,-2.930015,0.5519168,58.040386,84.67953,-3.0689259,WAL
1945497387000,157.979999,-2.98293070589391,-1.40121479174853,-5.91839136070727,-2.7269025,-3.08884,0.6243043,57.367283,85.29113,-3.3150716,WAL
1945502576000,157.985188,-2.97055684658877,-1.76433721068423,-6.26940423204278,-2.7559185,-3.1047225,0.6945538,56.69466,85.73532,-3.627912,WAL
1945507346000,157.989958,-2.86651964666799,-2.30261657270027,-6.22417070793148,-2.6673431,-3.0390546,0.77732605,56.007042,85.85913,-3.9791923,WAL
1945512526000,157.995138,-2.74991161233766,-2.88809136883117,-6.17722716103896,-2.4691174,-2.90161,0.88422745,55.370205,85.632996,-4.3669634,WAL
1945517355000,157.999967,-2.56115088509276,-3.45437368495362,-6.18151717654917,-2.2275202,-2.7681358,0.99021256,54.76298,94.908165,-4.7909784,WAL
1945522297000,158.004909,-2.36797310210575,-4.03390717144712,-6.18590757966605,-1.9795089,-2.6426032,1.0928379,54.222878,95.618286,-5.222229,WAL
1945527338000,158.00995,-2.34481509035079,-5.15301373333002,-6.2431359903011,-1.7434094,-2.4523184,1.2559389,53.756878,96.45064,-5.705877,WAL
1945532248000,158.01486,-2.35416063104442,-6.33989827968797,-6.30855472636391,-1.452943,-2.1740694,1.4266758,53.369858,97.32081,-6.221743,WAL
1945537345000,158.019957,-2.42755522589143,-7.8688636868473,-6.04913594030483,-1.1368202,-1.8548924,1.5549575,53.11768,98.12709,-6.7007527,WAL
1945542343000,158.024955,-2.51311657519992,-9.43148634137736,-5.7249028573243,-0.8481864,-1.4966198,1.6548339,52.97785,98.92828,-7.2098355,WAL
1945547373000,158.029985,-2.46882221296873,-11.2086712521363,-5.41716420639389,-0.6844745,-1.135904,1.7119498,53.053684,99.60595,-7.6438184,WAL
1945552291000,158.034903,-2.37412295126169,-13.0268994105761,-5.12359624294762,-0.6310238,-0.7663304,1.751656,53.250233,100.263596,-8.083885,WAL
1945557344000,158.039956,-1.9735407556457,-14.40527981216,-4.79987863761573,-0.63041294,-0.38453966,1.7510452,53.621544,100.74564,-8.430719,WAL
1945562338000,158.04495,-1.45770574331393,-15.5738963086761,-4.47120513178391,-0.66798115,0.014049901,1.706452,54.103355,101.22095,-8.760912,WAL
1945567335000,158.049947,-0.735030450880458,-16.0888806462828,-4.17659835651907,-0.7654142,0.4260785,1.6588045,54.619457,101.63278,-9.046746,WAL
1945572343000,158.054955,0.113439965382963,-16.2114918907864,-3.90194901519583,-0.91721416,0.78801614,1.5931365,55.22854,102.04712,-9.30219,WAL
1945577341000,158.059953,0.605767676767797,-15.9114868421574,-3.35988494013484,-1.0864239,1.110553,1.4416419,55.859333,102.34958,-9.4327755,WAL
1945582350000,158.064962,0.924427692054333,-15.4025826727147,-2.68451584829467,-1.2748758,1.2318097,1.3271047,56.52682,102.6837,-9.555219,WAL
1945587343000,158.069955,1.18089028196364,-14.759534992404,-1.98912944225455,-1.3799446,1.3713925,1.0189233,57.234528,102.867645,-9.480999,WAL
1945592339000,158.074951,1.40513692283636,-14.0442656458182,-1.28159265214545,-1.5827519,1.3567317,0.73792523,57.91838,103.10327,-9.39561,WAL
1945597383000,158.079995,1.61810652159792,-13.3308166621049,-0.534982250510794,-1.785559,1.153619,0.4392121,58.452873,103.274765,-9.240737,WAL
1945602410000,158.085022,1.77122009493061,-12.6580445701619,0.351220341306862,-1.9443841,0.7431176,0.17195857,58.903564,103.44464,-9.038657,WAL
1945607314000,158.089926,1.90207079120287,-12.024531470377,1.18716296965889,-2.0402899,0.16126843,-0.06291912,59.17771,103.516235,-8.772994,WAL
1945612361000,158.094973,1.86350372741871,-11.5858315917614,1.78013115375025,-2.0674734,-0.55924714,-0.2782491,59.277073,103.57782,-8.480293,WAL
1945617310000,158.099922,1.79489624110692,-11.1712508128631,2.28619966801549,-2.0045543,-1.294118,-0.4615087,59.13465,103.52455,-8.165588,WAL
1945622352000,158.104964,1.41592958203037,-10.9054822700031,2.04503912752013,-1.8512272,-1.9034561,-0.636827,58.81261,103.43222,-7.836295,WAL
1945627314000,158.109926,1.01508341195222,-10.6519738754651,1.74686149906207,-1.6481144,-2.2687535,-0.79351395,58.21714,103.29553,-7.5485764,WAL
1945632337000,158.114949,0.421668296753476,-10.4494585541414,1.03570530659487,-1.4172074,-2.3860397,-0.9166033,57.519054,103.095085,-7.2446847,WAL
1945637286000,158.119898,-0.157434567499043,-10.235383673364,0.355729994737849,-1.1896601,-2.2892175,-0.990518,56.80706,102.88921,-6.963961,WAL
1945642351000,158.124963,-0.686495440183697,-9.8501907141217,-0.103717589667049,-0.99387777,-2.1029036,-0.9987647,56.09276,102.62713,-6.6699605,WAL
1945647634000,158.130246,-1.23291919077176,-9.44134393700545,-0.56529535942863,-0.84879726,-1.9391917,-0.9428705,55.404976,102.49149,-6.468453,WAL
1945652347000,158.134959,-1.64109128980578,-8.97287386805056,-0.718359902620491,-0.72356987,-1.8020525,-0.83658,54.77285,102.31771,-6.270569,WAL
1945657435000,158.140047,-2.06486631176809,-8.47231692280668,-0.885204697360338,-0.6188065,-1.6676621,-0.6786713,54.22151,102.2471,-6.1703534,WAL
1945662375000,158.144987,-2.26921691802649,-8.04999225434824,-1.06684965435784,-0.54305923,-1.5314392,-0.4801401,53.72509,102.17044,-6.1028304,WAL
1945667682000,158.150294,-2.4805737937757,-7.60253304942056,-1.26233591919626,-0.47555858,-1.4178182,-0.28191432,53.27182,102.16747,-6.135269,WAL
1945672349000,158.154961,-2.48475084600935,-7.34772985360748,-1.44195117161682,-0.44073927,-1.2971723,-0.07238753,52.878563,102.180016,-6.214919,WAL
1945677275000,158.159887,-2.48915970808411,-7.07878609046729,-1.6315343585514,-0.4578435,-1.2226468,0.10170906,52.54599,102.26181,-6.3616905,WAL
1945682334000,158.164946,-2.18915283155259,-7.21299152980458,-2.0296886273004,-0.4746423,-1.0555751,0.16615535,52.287045,102.34653,-6.5194716,WAL
1945687246000,158.169858,-1.83344448831386,-7.43011225257783,-2.45931034239419,-0.5174029,-0.8790351,0.27855456,52.071285,102.47241,-6.728613,WAL
1945692291000,158.174903,-1.51517460587054,-7.6988835217516,-2.57139409292475,-0.5702427,-0.7467828,0.3631594,51.872623,102.671364,-6.966388,WAL
1945697312000,158.179924,-1.21174029540109,-7.97933030299264,-2.58978413551009,-0.61911196,-0.6817256,0.419359,51.717873,102.88917,-7.215303,WAL
1945702334000,158.184946,-1.00976630393536,-8.18613415447154,-2.59363714149833,-0.6356053,-0.6582073,0.4569272,51.59988,103.15402,-7.4430876,WAL
1945707242000,158.189854,-0.855035600209487,-8.35727571544716,-2.59129276304554,-0.6588182,-0.67164636,0.46670106,51.49904,103.43054,-7.671839,WAL
1945712335000,158.194947,-0.694472545181805,-8.53486821138211,-2.58886001661928,-0.66950834,-0.6985244,0.44165558,51.380985,103.67985,-7.860876,WAL
1945717294000,158.199906,-0.538134004070028,-8.70778813821138,-2.5864912772657,-0.68539083,-0.7257079,0.39828414,51.265026,103.927536,-8.0431795,WAL
1945722347000,158.204959,-0.525517336184397,-8.79650541317123,-2.5553832224924,-0.68752885,-0.75533485,0.35216382,51.13239,104.17445,-8.216131,WAL
1945727300000,158.209912,-0.578381899524823,-8.84456406605876,-2.51213028434651,-0.7333437,-0.8020661,0.30848694,50.99107,104.421196,-8.375648,WAL
1945732335000,158.214947,-0.672799367563898,-8.78638163049121,-2.44800048077077,-0.784351,-0.85918194,0.2556471,50.802147,104.6297,-8.480624,WAL
1945737300000,158.219912,-0.781986994540735,-8.68668878279752,-2.37679124719449,-0.84665924,-0.89980453,0.21777347,50.6082,104.83924,-8.576113,WAL
1945742346000,158.224958,-0.910858148319409,-8.60067141145327,-2.27575976780649,-0.915687,-0.9147707,0.19120082,50.39305,105.05417,-8.666211,WAL
1945747369000,158.229981,-1.046376404694,-8.52122979240334,-2.16360672737517,-1.001819,-0.9062186,0.17928895,50.177197,105.27582,-8.747953,WAL
1945752341000,158.234953,-1.2170724500348,-8.40377335945113,-1.94747518836631,-1.0824533,-0.8668178,0.17684549,49.95304,105.51746,-8.841824,WAL
1945757345000,158.239957,-1.40767534242816,-8.2655859365616,-1.67586595972954,-1.1713341,-0.8698721,0.1872302,49.725353,105.77262,-8.935212,WAL
1945762326000,158.244938,-1.54778500224896,-8.08010611481555,-1.40690071846518,-1.2547172,-0.87872964,0.21563543,49.498722,106.04684,-9.049784,WAL
1945767375000,158.249987,-1.6622532727757,-7.86547829433813,-1.13503861331624,-1.3133603,-0.90377516,0.2602286,49.27469,106.33092,-9.16992,WAL
1945772338000,158.25495,-1.78800878516434,-7.73832272469595,-0.983697529952759,-1.3701707,-0.92087936,0.3182608,49.024628,106.63044,-9.329326,WAL
1945777325000,158.259937,-1.92242099163735,-7.66151570660368,-0.902090129621067,-1.3973542,-0.9279043,0.37659842,48.780685,106.933464,-9.497547,WAL
1945782350000,158.264962,-2.03982414728354,-7.61748723556093,-0.865398319665356,-1.4031575,-0.93370754,0.40775254,48.507904,107.237015,-9.691185,WAL
1945787346000,158.269958,-2.14592295192017,-7.59337379304506,-0.855752982945268,-1.3836098,-0.9114109,0.46700647,48.25521,107.54398,-9.9011545,WAL
1945792296000,158.274908,-2.24015167227878,-7.66233775927956,-0.840411659122944,-1.3552046,-0.88331115,0.5357288,48.00005,107.86382,-10.134037,WAL
1945797365000,158.279977,-2.33043673478857,-7.78588580223179,-0.821404278586531,-1.2932017,-0.8503244,0.6056729,47.764835,108.17049,-10.374872,WAL
1945802350000,158.284962,-2.41077774401107,-7.99373302185339,-0.76872219929184,-1.2250903,-0.829555,0.6722572,47.532455,108.49415,-10.644681,WAL
1945807353000,158.289965,-2.48588299221761,-8.25881082978331,-0.693616923406178,-1.1600331,-0.8368854,0.7443393,47.31425,108.80704,-10.927663,WAL
1945812350000,158.294962,-2.53491505868155,-8.59872849303562,-0.60696898214673,-1.1114693,-0.85154617,0.7993172,47.096237,109.11642,-11.226601,WAL
1945817364000,158.299976,-2.55023177576821,-9.03780881796916,-0.504857088858054,-1.0644327,-0.8689558,0.8512407,46.887108,109.414604,-11.537246,WAL
1945822345000,158.304957,-2.55963991586907,-9.46634647885783,-0.44389085610188,-1.0464121,-0.8933904,0.8888089,46.650845,109.69906,-11.859349,WAL
1945827327000,158.309939,-2.56438681860511,-9.88882563038504,-0.415409117498756,-1.0390818,-0.9236283,0.9224065,46.417664,109.9765,-12.187592,WAL
1945832356000,158.314968,-2.51189759998003,-10.2249995288596,-0.363164096943279,-1.0231993,-0.958753,0.93187493,46.156902,110.2093,-12.499518,WAL
1945837344000,158.319956,-2.41172287970841,-10.4825923213501,-0.291610599371879,-0.9828822,-0.9877691,0.9263771,45.896378,110.43212,-12.809019,WAL
1945842320000,158.324932,-2.25654028823355,-10.6724569765463,-0.278840022183078,-0.9297369,-1.0479393,0.94042706,45.58287,110.63529,-13.121276,WAL
1945847366000,158.329978,-2.05090377870361,-10.8063599895101,-0.317097975238001,-0.8536842,-1.1172725,0.94959,45.26407,110.81751,-13.423627,WAL
1945852342000,158.334954,-1.78695247348028,-10.9015480786795,-0.452870223858851,-0.7498371,-1.2040154,0.956615,44.896767,110.956764,-13.707709,WAL
1945857334000,158.339946,-1.46562162267471,-10.9629787415242,-0.679692024408421,-0.6059783,-1.2565498,0.9578367,44.526672,111.06812,-13.985033,WAL
1945862341000,158.344953,-1.08624608735646,-11.090773890411,-0.988074685977849,-0.43035457,-1.2626585,0.947452,44.132004,111.1346,-14.227715,WAL
1945867357000,158.349969,-0.647549583060332,-11.286787260274,-1.38010129412708,-0.24373524,-1.1972959,0.92057395,43.749313,111.16359,-14.453633,WAL
1945872331000,158.354943,-0.150703173727112,-11.4557022279976,-1.78132279669226,-0.053145275,-1.0619892,0.8933904,43.38827,111.15402,-14.628379,WAL
1945877351000,158.359963,0.431428677582201,-11.5929531199055,-2.20254013435716,0.089491755,-0.96883225,0.8597928,43.038326,111.10926,-14.78215,WAL
1945882298000,158.36491,1.00795299190671,-11.6344786913186,-2.52907305692216,0.15393804,-0.7357872,0.8353582,42.78362,111.02847,-14.848214,WAL
1945887351000,158.369963,1.60121195748032,-11.5331905433071,-2.72682611259842,0.2302962,-0.4804455,0.768163,42.559772,110.90296,-14.879124,WAL
1945892306000,158.374918,2.0318895897026,-11.4625855080855,-2.77130543810409,0.2180789,-0.23365596,0.6630942,42.379383,110.77377,-14.823734,WAL
1945897374000,158.379986,2.234871656171,-11.4355211634758,-2.58185549684015,0.098043874,-0.08399397,0.5015204,42.23468,110.627365,-14.722115,WAL
1945902267000,158.384879,2.32977249589494,-11.4521223519801,-2.32780966569124,-0.07788532,-0.07147124,0.2770274,42.081184,110.44146,-14.519726,WAL
1945907338000,158.38995,2.08873519232758,-11.6128139576052,-1.82564868650605,-0.29046643,-0.17501289,0.031154128,41.919838,110.25283,-14.268486,WAL
1945912298000,158.39491,1.76882017124842,-11.7487348563391,-1.38032633374721,-0.47891834,-0.3753767,-0.19547687,41.665615,110.029236,-13.953772,WAL
1945917343000,158.399955,1.24859860252207,-11.8377816266369,-1.03351201984674,-0.6102544,-0.58062744,-0.36774087,41.363174,109.80415,-13.600706,WAL
1945922299000,158.404911,0.688389871680998,-11.8483127838042,-0.713515133701219,-0.6814202,-0.73731434,-0.45845437,40.949017,109.55577,-13.245633,WAL
1945927305000,158.409917,-0.0318877219880941,-11.6172804203912,-0.45530238984409,-0.68294734,-0.8371908,-0.48899764,40.486275,109.304504,-12.876884,WAL
1945932376000,158.414988,-0.7483144928936,-11.376073601492,-0.217999252815077,-0.64476824,-0.87109387,-0.46822822,39.97655,109.075516,-12.571938,WAL
1945937376000,158.419988,-1.37342015641932,-11.0940707550059,-0.133398487208481,-0.5681047,-0.8246681,-0.38789943,39.469593,108.848656,-12.280745,WAL
1945942325000,158.424937,-1.94626654265513,-10.8508603729829,-0.0611331973673266,-0.45173484,-0.70952,-0.29260445,38.999054,108.67646,-12.101594,WAL
1945947324000,158.429936,-2.07369812992846,-10.9583808709033,-0.1009555715089,-0.31948254,-0.53878313,-0.18570304,38.571728,108.50324,-11.941417,WAL
1945952251000,158.434863,-2.19929433526867,-11.0643527639328,-0.140204388751456,-0.16126843,-0.36102137,-0.07971791,38.2276,108.38647,-11.88875,WAL
1945957304000,158.439916,-1.8252792169388,-11.8558940390528,0.149946126721092,0.002443461,-0.22510384,-0.0021380284,37.931347,108.25607,-11.848204,WAL
1945962342000,158.444954,-1.21256292920844,-12.9707616361119,0.596814422508355,0.19456059,-0.1414153,0.027183503,37.679928,108.09862,-11.814196,WAL
1945967310000,158.449922,-0.781387062914709,-13.7327916036121,0.814075607689738,0.3726278,-0.10995574,0.0290161,37.458233,107.943085,-11.80998,WAL
1945972307000,158.454919,-0.466648135732331,-14.2673480130494,0.879021719457146,0.5723807,-0.09468412,0.01160644,37.261105,107.748695,-11.802825,WAL
1945977295000,158.459907,-0.144870123833317,-14.6640479912116,0.728790562755011,0.7733554,-0.079107046,-0.0009162979,36.969376,107.35212,-11.670491,WAL
1945982348000,158.46496,0.184844577760442,-14.9985409237681,0.470752958054705,0.8756753,-0.06352998,-0.052534413,36.68742,106.93704,-11.523752,WAL
1945987341000,158.469953,0.56353011789821,-15.1812161424858,0.0505451605859414,1.0778717,-0.00061086525,-0.118507855,36.38819,106.41615,-11.317948,WAL
1945992365000,158.474977,0.972457183783622,-15.2870562144786,-0.459410928381162,1.2825116,0.09712757,-0.17470746,36.11144,105.88378,-11.102018,WAL
1945997366000,158.479978,1.31248205805122,-15.2732729693848,-0.960787398089491,1.4819591,0.22510384,-0.23090707,35.838215,105.31379,-10.832366,WAL
1946002356000,158.484968,1.61728404764989,-15.1982444927878,-1.45784911286724,1.679574,0.37782016,-0.29779682,35.60524,104.71008,-10.543887,WAL
1946007346000,158.489958,1.85136478727874,-14.974016070852,-1.71050780097257,1.8747455,0.54702985,-0.3631594,35.396614,104.1085,-10.206024,WAL
1946012341000,158.494953,2.04211393666602,-14.6576519016728,-1.81286099597355,2.0659463,0.698219,-0.47128254,35.224724,103.46599,-9.839338,WAL
1946017349000,158.499961,2.1178283008352,-14.145667227745,-1.75100272499491,2.2693644,0.80756384,-0.6059783,35.087334,102.80748,-9.436895,WAL
1946022351000,158.504963,2.10319095506213,-13.4821069413322,-1.56071707710328,2.4510968,0.8720101,-0.7492262,34.974617,102.111,-9.006789,WAL
1946027332000,158.509944,1.7626288653998,-12.9347392018756,-1.30721517472853,2.6209173,0.88422745,-0.870483,34.868885,101.37296,-8.542772,WAL
1946032352000,158.514964,1.19787138247779,-12.4601529610069,-1.00822595695953,2.7837129,0.8790351,-0.9923506,34.76838,100.59191,-8.046954,WAL
1946037342000,158.519954,0.512701782594026,-12.1226477943833,-0.791527767629255,2.9663615,0.85154617,-1.131017,34.653717,99.77081,-7.539731,WAL
1946042383000,158.524995,-0.272986036195296,-11.8831089991069,-0.633432062697231,3.1380148,0.84940815,-1.2938126,34.538013,98.91307,-6.999793,WAL
1946047362000,158.529974,-1.11310586766222,-11.848281245037,-0.538566504904691,3.2895093,0.8863655,-1.4043792,34.444187,98.08745,-6.5269694,WAL
1946052348000,158.53496,-2.00443841774222,-11.9708984343704,-0.49140604595358,3.3896914,0.9401216,-1.4737124,34.350803,97.24615,-6.0281997,WAL
1946057337000,158.539949,-2.83499726593579,-12.234501595928,-0.52387457495693,3.431841,1.0201449,-1.4923438,34.32364,96.50448,-5.6302648,WAL
1946062358000,158.54497,-3.61633382113352,-12.625169898101,-0.627425219571261,3.4202344,1.1032226,-1.4700472,34.31205,95.80133,-5.232598,WAL
1946067342000,158.549954,-4.36753912807017,-13.0189704933723,-0.757293941500975,3.3805282,1.1420126,-1.4101825,34.413357,95.2616,-4.963906,WAL
1946072345000,158.554957,-5.09603736842105,-13.4205787602339,-0.916069169005848,3.3038647,1.1582005,-1.3451253,34.53133,94.82152,-4.7118316,WAL
1946077333000,158.559945,-5.80060989152542,-13.7256114380857,-0.978654156829512,3.2125404,1.1236867,-1.3139712,34.731766,94.592804,-4.580796,WAL
1946082351000,158.564963,-6.48096989322034,-13.9076792869392,-0.916367668993021,3.1523702,0.9987647,-1.2562444,34.90835,85.50593,-4.4821796,WAL
1946087340000,158.569952,-7.08495308852459,-13.9945404262295,-0.854533732786885,2.9923234,0.77182823,-1.1902709,35.115593,85.40572,-4.5036545,WAL
1946092332000,158.574944,-7.59318893090909,-13.9565417090909,-0.792785445454545,2.8069258,0.4596761,-1.138042,35.257168,85.23673,-4.5366087,WAL
1946097305000,158.579917,-8.05285165905433,-13.8455915231388,-0.725043251438632,2.6309967,0.11301007,-1.0732902,35.4024,84.92297,-4.6754746,WAL
1946102351000,158.584963,-8.45150505112676,-13.6268184873239,-0.647257252690141,2.5085182,-0.17898351,-1.0311406,35.46712,84.593346,-4.814153,WAL
1946107273000,158.589885,-8.53727633855619,-13.5719990293665,-0.81516734964914,2.441323,-0.4709771,-1.0296134,35.490433,84.18732,-5.01653,WAL
1946112340000,158.594952,-8.19676156695184,-13.7399238319715,-1.33293631172931,2.4010057,-0.71776664,-1.1007792,35.437183,83.80102,-5.196046,WAL
1946117242000,158.599854,-7.63771157716948,-13.6164714977189,-1.93756967590759,2.3469443,-0.7079928,-1.3228287,35.424328,83.39807,-5.3788166,WAL
1946122349000,158.604961,-6.57901887711124,-12.8948514558338,-2.78262479735974,2.1502457,-0.40011674,-1.4899004,35.421394,83.03442,-5.5475416,WAL
1946127263000,158.609875,-5.64999762848665,-12.2380223727003,-3.32031588011869,1.8072448,0.008246681,-1.5155567,35.401016,82.81948,-5.6436534,WAL
1946132332000,158.614944,-4.93386374836795,-11.6618225459093,-3.13099313514201,1.4624114,0.15057829,-1.5121969,35.39094,82.6786,-5.69348,WAL
1946137301000,158.619913,-4.23185758338279,-11.0969898492582,-2.94540530326409,1.2904528,0.17806722,-1.4391985,35.350677,82.756355,-5.628987,WAL
1946142369000,158.624981,-3.48366104453637,-10.503938775223,-3.04100308472118,1.2971723,0.2657264,-1.352761,35.36841,82.856224,-5.5737214,WAL
1946147414000,158.630026,-2.74793038300221,-9.94227925165563,-3.13825411523179,1.4147639,0.45662177,-1.2568552,35.422462,82.943756,-5.5444527,WAL
1946152331000,158.634943,-2.1620327803532,-9.72965526490066,-2.98705473708609,1.557401,0.67011917,-1.1765264,35.48423,83.051605,-5.4306707,WAL
1946157368000,158.63998,-1.57000541766858,-9.53677742307692,-2.82074843467471,1.672549,0.89736104,-1.1462886,35.5965,83.183914,-5.2460346,WAL
1946162354000,158.644966,-1.07900329487245,-9.63592211538462,-2.52331440704963,1.7507398,1.1258247,-1.1670581,35.76879,83.28339,-5.08075,WAL
1946167462000,158.650074,-0.588397991142772,-9.73998516889285,-2.20757194663105,1.815797,1.3374895,-1.178359,36.008476,83.36136,-4.853852,WAL
1946172341000,158.654953,-0.269407034411002,-9.86943048896804,-1.7730045770654,1.8683313,1.4553864,-1.1954633,36.28254,83.419365,-4.630727,WAL
1946177577000,158.660189,0.0663543031775772,-10.0072468884561,-1.28673616833254,1.8829921,1.6771306,-1.2174544,36.639034,83.467674,-4.3360553,WAL
1946182338000,158.66495,0.295954723742708,-10.1198810658432,-0.615263229510689,1.930945,1.6771306,-1.2299771,36.958954,83.4763,-4.0472674,WAL
1946187321000,158.669933,0.536261150055677,-10.2377672464608,0.0875197266223278,1.9178114,1.568702,-1.2250903,37.28984,83.45528,-3.7116764,WAL
1946192305000,158.674917,0.617180973131724,-10.1514010761849,-0.216062480585441,1.8545868,1.5448782,-1.244027,37.637096,83.41217,-3.3800895,WAL
1946197288000,158.6799,0.684250646205292,-10.0473275205001,-0.606916766467965,1.752267,1.6841555,-1.2241739,37.990643,83.35051,-3.074341,WAL
1946202349000,158.684961,0.752370175690608,-9.94162487845304,-1.00388918084715,1.6878207,1.9214766,-1.1472049,38.344925,83.20201,-2.7405908,WAL
1946207244000,158.689856,0.818255395376563,-9.8393892663565,-1.38784096278472,1.7104226,2.141999,-1.0680978,38.72421,83.029655,-2.4305825,WAL
1946212344000,158.694956,0.74709878431649,-9.55049096259303,-1.84536116757736,1.7482964,2.3118196,-0.9950995,39.182014,82.817604,-2.1546192,WAL
1946217252000,158.699864,0.641236242553858,-9.2236975595378,-2.30103037451038,1.7577647,2.447737,-0.91874135,39.679203,82.589066,-1.9212688,WAL
1946222348000,158.70496,0.472910356093936,-8.80241425356718,-2.6778135617717,1.7345519,2.538756,-0.8555168,40.273746,82.383705,-1.6963017,WAL
1946227269000,158.709881,0.290788758921918,-8.36812430083234,-3.00936832608006,1.7293595,2.6053402,-0.8005389,40.88816,82.16332,-1.5054104,WAL
1946232352000,158.714964,0.0842789594489837,-7.94592558987645,-3.15577447673376,1.7287487,2.6392434,-0.7641924,41.56394,81.962036,-1.3576629,WAL
1946237279000,158.719891,-0.122589996885213,-7.546292672778,-3.22629788359904,1.7079792,2.6187794,-0.73945236,42.233315,81.769554,-1.2311937,WAL
1946242345000,158.724957,-0.33861627794625,-7.26827876858858,-3.16320925693319,1.6792686,2.568383,-0.74067414,42.921272,81.60996,-1.1506686,WAL
1946247369000,158.729981,-0.554126821889831,-7.04359752143334,-3.04857601740208,1.6145169,2.5097399,-0.7461719,43.593025,81.47302,-1.0815803,WAL
1946252345000,158.734957,-0.787385300065432,-6.8557490526978,-2.90052785729817,1.5238034,2.439185,-0.7654142,44.2903,81.33694,-1.0444603,WAL
1946257345000,158.739957,-1.03321637012784,-6.68704163373264,-2.73182028733642,1.4306464,2.3478606,-0.784351,44.958626,81.22892,-1.0090436,WAL
1946262341000,158.744953,-1.30346352866041,-6.34963515847751,-2.55604353847751,1.3326025,2.2693644,-0.7959574,45.626343,81.13267,-1.012232,WAL
1946267371000,158.749983,-1.58920552094909,-5.91625975709342,-2.37507353709343,1.2479976,2.218968,-0.8029824,46.270485,81.06837,-1.0145888,WAL
1946272339000,158.754951,-1.76414221732983,-5.67760740597859,-2.21494644283983,1.1780536,2.1945333,-0.8170323,46.907814,81.01349,-1.0592842,WAL
1946277350000,158.759962,-1.87561019678853,-5.55160013805292,-2.06470707807514,1.1355985,2.1481075,-0.8436049,47.519623,80.98396,-1.1002659,WAL
1946282351000,158.764963,-1.95231567937969,-5.37424430595298,-1.73089258843422,1.0366384,2.1022928,-0.88697636,48.150364,80.96111,-1.1807346,WAL
1946287354000,158.769966,-2.00983971787894,-5.1681162010005,-1.29466832948474,0.93645644,2.0796907,-0.93309665,48.769875,80.96075,-1.2556326,WAL
1946292305000,158.774917,-2.00587807165947,-4.94538071835157,-0.81322385409497,0.8393288,1.9938642,-0.9944886,49.396973,80.95097,-1.3235145,WAL
1946297357000,158.779969,-1.96702093394238,-4.70738059768096,-0.293509271960647,0.68936145,1.9425515,-1.024421,50.021633,80.99371,-1.3911492,WAL
1946302324000,158.784936,-1.95977409344909,-4.54927883188635,0.147614723194554,0.54000485,1.8726074,-1.0302242,50.633984,80.99288,-1.442856,WAL
1946307325000,158.789937,-1.96922428618785,-4.43115142265193,0.553973297127072,0.4089743,1.8038851,-1.0164797,51.22536,81.03739,-1.492799,WAL
1946312407000,158.795019,-2.03148781562341,-4.36147618306787,0.94025843742518,0.2846632,1.749518,-0.9947941,51.829857,81.028564,-1.4937282,WAL
1946317326000,158.799938,-2.12229214641372,-4.32324277275033,1.2986964907274,0.1731803,1.67316,-0.95905846,52.401028,81.05694,-1.5025097,WAL
1946322316000,158.804928,-2.30476389813972,-4.32792823154562,1.46979635778745,0.0571159,1.5787812,-0.9236283,52.962425,81.05089,-1.4935473,WAL
1946327326000,158.809938,-2.53739897977439,-4.35641424084702,1.53626348147635,-0.06078109,1.4737124,-0.87598073,53.492054,81.077385,-1.4978076,WAL
1946332303000,158.814915,-2.74146924170854,-4.37583077537688,1.44359535829146,-0.17195857,1.4025466,-0.83108217,53.99942,81.08563,-1.5070775,WAL
1946337328000,158.81994,-2.93113697301212,-4.39005579828555,1.25392762698788,-0.2773328,1.3756685,-0.8035932,54.48436,81.12488,-1.5250025,WAL
1946342329000,158.824941,-3.04402590371069,-4.39291518119853,1.01043915434269,-0.35246924,1.378112,-0.77366084,54.993423,81.16071,-1.5856805,WAL
1946352370000,158.834982,-3.10368548082056,-4.36104020439941,0.487228925763717,-0.537256,1.4114041,-0.7333437,56.023357,81.3367,-1.7663413,WAL
1946357352000,158.839964,-3.05651621019278,-4.31858799874444,0.274967498534849,-0.6035349,1.4092661,-0.70463306,56.54559,81.4612,-1.8888725,WAL
1946362335000,158.844947,-2.98391579334754,-4.29219661400213,0.109254609171105,-0.67073005,1.4037683,-0.68477994,57.094696,81.63879,-2.0295677,WAL
1946367349000,158.849961,-2.89092058622059,-4.27824733293309,-0.0209387730560666,-0.7476991,1.3973542,-0.6597345,57.6377,81.83121,-2.17831,WAL
1946372344000,158.854956,-2.76131390888458,-4.29200537555771,-0.0677473150585839,-0.8216137,1.3707817,-0.65484756,58.182823,82.0643,-2.316805,WAL
1946377349000,158.859961,-2.5939472914258,-4.3338468842871,-0.0305547508233754,-0.8549059,1.318858,-0.63316184,58.713806,82.298294,-2.463801,WAL
1946382348000,158.86496,-2.40925940249639,-4.37894392263256,0.0420158425597277,-0.93584555,1.2443326,-0.62125,59.236862,82.57495,-2.588764,WAL
1946387344000,158.869956,-2.2019642098824,-4.42829990860326,0.160470289802558,-1.0201449,1.1548407,-0.6053675,59.736855,82.851555,-2.716243,WAL
1946392320000,158.874932,-2.03801966612966,-4.46689990819099,0.306937402606755,-1.1194105,1.0592403,-0.58551437,60.209816,83.140366,-2.8034837,WAL
1946397406000,158.880018,-1.91511601215062,-4.49526235442547,0.486565746680901,-1.1997393,0.9407325,-0.5739079,60.64782,83.437195,-2.8872344,WAL
1946402273000,158.884885,-1.83011573376193,-4.55113816362632,0.669155705452536,-1.2886202,0.83077675,-0.5516113,61.05591,83.73603,-2.9279096,WAL
1946407331000,158.889943,-1.78632310740332,-4.64845515060773,0.873521190121547,-1.3775011,0.7296785,-0.52626044,61.430103,84.04439,-2.9684043,WAL
1946412370000,158.894982,-1.77068619833897,-4.73856587037,1.14465606782375,-1.4618006,0.6383542,-0.4978552,61.767963,84.341606,-2.9746811,WAL
1946417354000,158.899966,-1.789676011667,-4.81927241590412,1.4959669451661,-1.5589281,0.5549711,-0.46639562,62.076645,84.649185,-2.9863527,WAL
1946422276000,158.904888,-1.82145656379031,-5.04461664332604,1.93010148617639,-1.6606371,0.48349985,-0.3998113,62.353634,84.93573,-2.9900525,WAL
1946427332000,158.909944,-1.87212955536105,-5.47764036323851,2.49671751159737,-1.7675385,0.41630468,-0.32498032,62.605686,85.22541,-3.0033488,WAL
1946432243000,158.914855,-1.91329230843009,-6.01149096193841,3.10578111812216,-1.8799378,0.34391713,-0.24923302,62.80767,85.47237,-3.0231924,WAL
1946437342000,158.919954,-1.93794253720343,-6.8200188775366,3.86993872488642,-1.9660698,0.27030787,-0.14385876,62.98676,85.69759,-3.0710974,WAL
1946442272000,158.924884,-1.86349455669894,-7.73384356931268,4.690158069303,-2.0060816,0.23823744,-0.003970624,63.116978,85.83484,-3.1334374,WAL
1946447394000,158.930006,-1.58807926165537,-8.94946969574056,5.70634536624395,-1.9935588,0.18417588,0.13041973,63.216663,85.93851,-3.2215064,WAL
1946452256000,158.934868,-1.21805243415116,-10.2589829364475,6.73526276057538,-1.9046779,0.16157386,0.23854288,63.27036,85.93594,-3.31331,WAL
1946457340000,158.939952,-0.529893248895349,-12.0599104352446,7.98956715123296,-1.7015651,0.20250183,0.32345316,63.323162,85.88174,-3.434164,WAL
1946462359000,158.944971,0.263562842573588,-13.7435513072329,9.18217606392907,-1.3762794,0.183565,0.3567453,63.28871,85.7467,-3.4751372,WAL
1946467347000,158.949959,1.32906147794606,-15.187992314419,10.2565907984134,-0.88117313,0.15577064,0.2770274,63.26355,85.556526,-3.5076096,WAL
1946472293000,158.954905,2.39172160721588,-16.5294872724995,11.1273995844859,-0.58001655,0.101098195,0.18417588,63.16955,85.300964,-3.3863585,WAL
1946477339000,158.959951,3.51532349969934,-17.3140714955903,10.7641664756464,-0.021685716,0.1160644,-0.029626964,63.0966,84.89747,-3.219818,WAL
1946482322000,158.964934,4.58021081276006,-18.0316127350902,10.3128262482663,0.4089743,0.30207285,-0.24801129,63.02752,84.39541,-2.8220258,WAL
1946487333000,158.969945,5.38843288795324,-18.4167076383,9.31443438983555,0.6808093,0.59773165,-0.41355577,63.008755,83.75027,-2.4204252,WAL
1946492303000,158.974915,6.03102607129168,-18.6565752821004,8.3254050185895,0.8219192,0.86162543,-0.50488013,63.070786,83.10324,-1.8594749,WAL
1946497366000,158.979978,5.53853259478728,-17.8760194223841,7.32647938788808,0.8671232,1.0876455,-0.5525276,63.206337,82.382034,-1.327303,WAL
1946502357000,158.984969,5.01555830360762,-17.058818945379,6.34476635600932,0.8026769,1.2229522,-0.5174029,63.41486,81.79339,-0.75480044,WAL
1946507346000,158.989958,3.72764481905148,-15.2673599475071,5.42482807330766,0.6786713,1.2788464,-0.44776422,63.65286,81.19904,-0.23533992,WAL
1946512357000,158.994969,2.43742654143128,-13.4624748705893,4.53280596816172,0.53786683,1.2999213,-0.3943135,63.94566,80.745125,0.18580194,WAL
1946517351000,158.999963,1.19439314391842,-11.593608842433,4.04940411939356,0.36865717,1.3008375,-0.38515055,64.23278,80.33713,0.56885815,WAL
1946522275000,159.004887,-0.0312168779785219,-9.75093837334176,3.5727780274163,0.18234327,1.2916746,-0.35888332,64.54796,80.06922,0.77558815,WAL
1946527290000,159.009902,-1.1067516635449,-8.32939001503242,3.20190901555315,-0.05009095,1.2782356,-0.30604348,64.84822,79.86926,0.9611259,WAL
1946532265000,159.014877,-2.14128303896247,-7.00462787364905,2.85550486861859,-0.28344148,1.2559389,-0.20066923,65.12866,79.729706,1.1152935,WAL
1946537364000,159.019976,-2.91222472045126,-6.38505677870986,2.54757463471218,-0.49571714,1.241889,-0.04642576,65.42222,79.70274,1.0908983,WAL
1946542261000,159.024873,-3.58600205802719,-5.95998905717867,2.26268893286086,-0.68325275,1.1792754,0.14538592,65.682915,79.741776,1.0292112,WAL
1946547447000,159.030059,-4.0458800226792,-6.08936070079318,2.22296984150999,-0.82527894,1.0027353,0.33475417,65.93916,79.854645,0.8174596,WAL
1946552304000,159.034916,-4.39205171092832,-6.40364821968273,2.27307356339601,-0.95356065,0.65087694,0.49663344,66.11853,80.01517,0.5719985,WAL
1946557346000,159.039958,-4.67098291724138,-7.25406134444876,2.47834266017484,-1.0855075,0.17012598,0.62949663,66.23082,80.24582,0.21075276,WAL
1946562334000,159.044946,-4.91226451724138,-8.32126843627975,2.74746451932977,-1.149343,-0.44165558,0.7263188,66.19987,80.47761,-0.16311537,WAL
1946567336000,159.049948,-5.2139333892944,-10.0005864031326,2.83808441736618,-1.1178834,-0.7770206,0.75808376,66.113785,80.70104,-0.58951026,WAL
1946572340000,159.054952,-5.54915674695864,-12.0216420910888,2.82836775933698,-1.0818423,-1.4547756,0.799928,65.75302,80.91284,-1.0021013,WAL
1946577342000,159.059954,-6.0067800140901,-13.8254034592181,2.19185055229708,-0.93645644,-1.8887954,0.8552113,65.362724,81.04042,-1.4467415,WAL
1946582346000,159.064958,-6.52509073923398,-15.5229898533439,1.24557689798075,-0.7415904,-2.002111,0.8900307,64.872025,81.111336,-1.8788198,WAL
1946587344000,159.069956,-6.53963934469472,-16.9381072676349,0.841955731075874,-0.50671273,-1.7482964,0.9077458,64.38708,81.14531,-2.3389716,WAL
1946592296000,159.074908,-6.29131968533887,-18.1937611818811,0.724823881362379,-0.17989981,-1.2379184,0.890947,63.946712,81.07024,-2.7943783,WAL
1946597369000,159.079981,-5.24277491049312,-17.37910174318,0.33770029635951,0.23396139,-0.63804877,0.8784242,63.674023,81.03082,-3.3076518,WAL
1946602429000,159.085041,-3.72378857771453,-15.3148380090776,-0.20757684420122,0.7333437,-0.17592919,0.7984009,63.513092,80.86036,-3.7942085,WAL
1946607341000,159.089953,-2.24923109419507,-13.3109519494114,-0.736905167211952,1.0256428,0.032986723,0.63316184,63.4775,80.6938,-4.187588,WAL
1946612372000,159.094984,-0.738950414311853,-11.2585189758404,-1.27905720163113,0.88178396,0.09560041,0.43768495,63.535736,80.51835,-4.544889,WAL
1946617331000,159.099943,0.345793978514372,-9.13445891396275,-1.76116332582625,0.36713,0.058948494,0.24984388,63.626644,80.38635,-4.845903,WAL
1946622323000,159.104935,0.829581005199698,-6.84419090113037,-2.16775035960814,-0.27214047,-0.13713925,0.1459968,63.69232,80.33439,-5.0995154,WAL
1946627343000,159.109955,1.03568308838255,-5.40623578451007,-2.16808574326227,-0.8368854,-0.43310347,0.06383542,63.74884,80.66164,-4.919908,WAL
1946632332000,159.114944,1.00297713441228,-4.71006664588304,-1.82233726124584,-1.2516629,-0.8698721,-0.03481932,63.715122,81.114876,-4.7031226,WAL
1946637342000,159.119954,0.799247834241307,-4.12290064796254,-1.81305154897878,-1.5909985,-1.4193454,-0.160963,63.549183,81.68726,-4.4633207,WAL
1946642349000,159.124961,0.421830809813689,-3.64993504802232,-2.1474716580552,-1.813048,-1.865277,-0.31031954,63.30013,82.338394,-4.1860976,WAL
1946647427000,159.130039,-0.175489358754672,-3.24244147646075,-2.56555543899272,-2.017077,-2.1288655,-0.34269542,62.9315,82.998,-3.917221,WAL
1946652389000,159.135001,-0.97014007011804,-2.91523232900846,-3.05169486928979,-2.1792617,-2.2635612,-0.2510656,62.48427,83.688675,-3.6421218,WAL
1946657330000,159.139942,-1.71235315435356,-2.74533436543536,-3.53219939604222,-2.2950208,-2.4284947,-0.1151481,62.026398,84.415085,-3.3874054,WAL
1946662410000,159.145022,-2.41598120907847,-2.75959703757451,-4.02188652474348,-2.3811526,-2.5143213,0.005192355,61.568996,85.12413,-3.169311,WAL
1946667305000,159.149917,-2.91858127359919,-2.77741399545684,-4.36606194881373,-2.4291058,-2.6514606,0.05009095,60.9841,85.74844,-3.1564004,WAL
1946672344000,159.154956,-3.17679937243816,-2.80177416466431,-4.53171104855124,-2.4254405,-2.702468,0.121256754,60.406246,86.236305,-3.1958034,WAL
1946677271000,159.159883,-3.32901877829817,-2.82535899105699,-4.60604164040623,-2.3759604,-2.6908615,0.18753563,59.8136,86.47726,-3.3654304,WAL
1946682364000,159.164976,-3.34344635042398,-2.84940501155591,-4.55794990070992,-2.3371704,-2.6261096,0.26145032,59.226772,86.42972,-3.568964,WAL
1946687244000,159.169856,-3.35667048044335,-2.95762896538158,-4.38140202292999,-2.309376,-2.511267,0.3576616,58.66443,93.94164,-3.8459294,WAL
1946692330000,159.174942,-3.36947367105056,-3.20942518101288,-3.98450289129063,-2.2953262,-2.4153612,0.48197266,58.122177,94.5393,-4.1622753,WAL
1946697396000,159.180008,-3.38784420784965,-3.52053179691583,-3.58659517907475,-2.2540927,-2.3973405,0.6301075,57.596516,95.28359,-4.523769,WAL
1946702365000,159.184977,-3.44390094529878,-4.2339824984365,-3.17890910953095,-2.1896465,-2.4306328,0.8173377,57.09443,96.13148,-4.9405584,WAL
1946707392000,159.190004,-3.48830570554926,-5.06745962542469,-2.86130147225368,-2.0980167,-2.488054,1.0424415,56.57943,96.99322,-5.4132986,WAL
1946712294000,159.194906,-3.49716668584371,-6.19280495554926,-2.81699657078143,-1.9691241,-2.5363126,1.2925909,56.07335,97.893166,-5.9525104,WAL
1946717338000,159.19995,-3.4974123532444,-7.40252156903287,-2.78556507858028,-1.8277088,-2.497828,1.5928311,55.58808,98.76278,-6.5574565,WAL
1946722310000,159.204922,-3.43843135776084,-8.94056701314912,-2.84908317211053,-1.647809,-2.3667974,1.8643607,55.135258,99.63814,-7.2220135,WAL
1946727559000,159.210171,-3.36109134458264,-10.5660879756772,-2.93451045602543,-1.4630222,-2.1499403,2.115121,54.794147,100.442604,-7.8966656,WAL
1946732322000,159.214934,-3.11314156204164,-12.0621904214115,-3.22868801908974,-1.3414601,-1.9037615,2.3139575,54.521664,101.25575,-8.61497,WAL
1946737252000,159.219864,-2.85649818015478,-13.6107491149807,-3.5331800169707,-1.2211196,-1.6178766,2.434298,54.446682,101.90926,-9.240095,WAL
1946742321000,159.224933,-2.21721659572632,-14.759399701767,-3.95675701050955,-1.1585059,-1.2348641,2.435825,54.48321,102.5538,-9.856064,WAL
1946747332000,159.229944,-1.51714561047873,-15.8144365629751,-4.39553389490446,-1.1181889,-0.81581056,2.3118196,54.61996,103.165886,-10.439284,WAL
1946752353000,159.234965,-0.592923246844399,-15.6046687032945,-4.55858241381652,-1.1297953,-0.42455134,2.0992384,54.93078,103.631355,-10.833315,WAL
1946757260000,159.239872,0.331224513455651,-15.2807410445008,-4.69196467186011,-1.1979067,-0.10170906,1.8442022,55.332798,104.0591,-11.160766,WAL
1946762311000,159.244923,1.25422974106818,-14.1495204130682,-4.80394403454545,-1.2895365,0.01863139,1.6059648,55.790188,104.385796,-11.316431,WAL
1946767282000,159.249894,2.16037248676136,-12.9728870667614,-4.91214010909091,-1.3319917,0.2706133,1.5048665,56.364243,104.69885,-11.430501,WAL
1946772306000,159.254918,2.51456876736779,-12.0496344206767,-4.49087344603631,-1.3811663,0.38362336,1.2373075,56.800278,104.97922,-11.418695,WAL
1946777320000,159.259932,2.74324910408771,-11.1873184526243,-3.95252182311737,-1.4385877,0.2556471,0.87689704,57.223846,105.23574,-11.361844,WAL
1946782319000,159.264931,2.82937364678514,-10.4391809397963,-3.29321298217851,-1.5344934,-0.093767814,0.52595496,57.520744,105.5153,-11.231836,WAL
1946787299000,159.269911,2.88175165197684,-9.72017504323083,-2.60753803269768,-1.6355917,-0.64812803,0.23365596,57.703117,105.757,-11.042632,WAL
1946792293000,159.274905,2.75889404120603,-9.28428394549671,-2.46341046088133,-1.7143933,-1.2479976,0.00061086525,57.708046,105.93225,-10.802232,WAL
1946797379000,159.279991,2.58944334472362,-8.91243384422111,-2.45399654422111,-1.7180585,-1.6759088,-0.18570304,57.58967,106.07811,-10.523065,WAL
1946802303000,159.284915,2.24345149234247,-8.93918730884431,-2.60695617335405,-1.6267341,-1.8616118,-0.3481932,57.309273,106.136284,-10.22297,WAL
1946807301000,159.289913,1.82868570466233,-9.10148696693981,-2.81884745902797,-1.4773777,-1.8579466,-0.4905248,56.95397,106.16104,-9.896841,WAL
1946812299000,159.294911,1.35430614196627,-9.36274400127267,-2.78436439844098,-1.3338243,-1.7266107,-0.6026186,56.527252,106.215744,-9.603061,WAL
1946817323000,159.299935,0.838927874917807,-9.6893205188249,-2.59045963110616,-1.2382239,-1.5531249,-0.68569624,56.108738,106.2346,-9.279916,WAL
1946822307000,159.304919,0.268133171370112,-9.92157751318581,-2.22951481176114,-1.1768318,-1.3741413,-0.7440339,55.736305,106.27888,-8.983776,WAL
1946827306000,159.309918,-0.326850995827018,-10.1199050217238,-1.80383513700111,-1.1508701,-1.2198979,-0.7641924,55.404015,106.30802,-8.672029,WAL
1946832322000,159.314934,-0.892403528849856,-10.1361046041867,-1.34011971791145,-1.1389582,-1.1133019,-0.7535023,55.11723,106.29824,-8.39715,WAL
1946837309000,159.319921,-1.44400544725698,-10.090138047642,-0.86666137761309,-1.10139,-1.0656544,-0.6936375,54.85991,106.28459,-8.131983,WAL
1946842294000,159.324906,-1.85099367589101,-9.89896340250765,-0.470047337101984,-1.0680978,-1.0372492,-0.59040123,54.572426,106.251236,-7.9753737,WAL
1946847340000,159.329952,-2.18972838289071,-9.63179267262316,-0.107458030512588,-1.0393872,-1.0122037,-0.44501534,54.306496,106.22472,-7.8481526,WAL
1946852300000,159.334912,-2.34210938298386,-9.34811336927074,0.0475694866171832,-1.0103711,-0.960891,-0.26450464,53.997635,106.19821,-7.84076,WAL
1946857301000,159.339913,-2.39543318348488,-9.0503886850065,0.0920059403252922,-0.98563105,-0.8555168,-0.07513642,53.727196,106.18602,-7.8673334,WAL
1946862296000,159.344908,-2.37597486129032,-8.79058151612903,0.0506643948387097,-0.9761627,-0.7834347,0.008552114,53.4169,106.190735,-7.957127,WAL
1946867310000,159.349922,-2.2785230422132,-8.5700329978637,-0.0826907491177099,-0.9596693,-0.6737844,0.13133603,53.168808,106.218285,-8.093834,WAL
1946872304000,159.354916,-2.09845294846261,-8.38034241430272,-0.262052291569133,-0.93523467,-0.5873469,0.22937989,52.91953,106.28083,-8.257078,WAL
1946877302000,159.359914,-1.86582257028367,-8.20943009839318,-0.470944846716921,-0.8906415,-0.548557,0.29657507,52.699272,106.34572,-8.435315,WAL
1946882318000,159.36493,-1.61568948869408,-8.06805422424426,-0.697028250120919,-0.83016586,-0.571159,0.3399465,52.492954,106.43477,-8.634476,WAL
1946887311000,159.369923,-1.35550030414148,-7.94759638862354,-0.9331258574869,-0.7669413,-0.66889745,0.36071593,52.28461,106.51717,-8.84117,WAL
1946892312000,159.374924,-1.18045516206897,-7.9094163475085,-1.36104796985915,-0.7086037,-0.8173377,0.3631594,52.058216,106.61253,-9.050845,WAL
1946897356000,159.379968,-1.05845993448276,-7.92349270861583,-1.9147186143662,-0.67164636,-0.96761054,0.35246924,51.810677,106.696655,-9.260237,WAL
1946902345000,159.384957,-1.07850578402295,-7.97552180398671,-2.30066373983691,-0.65240407,-1.0708468,0.32742378,51.54116,106.79327,-9.447923,WAL
1946907303000,159.389915,-1.20757141378234,-8.0567852358804,-2.55879494944126,-0.66645396,-1.1462886,0.3191771,51.2445,106.88581,-9.636772,WAL
1946912283000,159.394895,-1.36172851497253,-8.09767660542582,-2.7484185831044,-0.72234815,-1.1759156,0.29749137,50.97172,107.048515,-9.805998,WAL
1946917316000,159.399928,-1.53670911538462,-8.10713496153846,-2.88556556153846,-0.788627,-1.1640037,0.28893927,50.697372,107.210915,-9.971691,WAL
1946922306000,159.404918,-1.7341377758957,-8.10904065625,-2.92451358757962,-0.8717047,-1.1215485,0.2874121,50.43962,107.43455,-10.148874,WAL
1946927285000,159.409897,-1.95243139700438,-8.104295046875,-2.87705848487261,-0.9584476,-1.0235047,0.30757064,50.20997,107.6681,-10.318643,WAL
1946932294000,159.414906,-2.13975856206233,-8.0426067294344,-2.72564626692959,-1.0531317,-0.91507614,0.33261612,50.00993,107.95924,-10.504196,WAL
1946937313000,159.419925,-2.29695792916506,-7.92701929461331,-2.47597684575798,-1.1414018,-0.81153446,0.36743546,49.84622,108.264275,-10.685825,WAL
1946942303000,159.424915,-2.43657864389766,-7.83225207570412,-2.1960331400392,-1.2281445,-0.7272351,0.43157628,49.706703,108.61514,-10.900704,WAL
1946947390000,159.430002,-2.55720310145466,-7.76188773444754,-1.8693417280718,-1.3109168,-0.68111473,0.49602258,49.595673,108.980865,-11.114961,WAL
1946952383000,159.434995,-2.66481198770044,-7.78340338441005,-1.59983091057559,-1.3771957,-0.61361414,0.56413406,49.492672,109.36118,-11.361342,WAL
1946957305000,159.439917,-2.76092976538141,-7.88825913773288,-1.38138138266753,-1.4385877,-0.6032294,0.63255095,49.39915,109.75936,-11.619778,WAL
1946962300000,159.444912,-2.83540237934998,-8.01808491805831,-1.16199024291567,-1.4672983,-0.59223384,0.6646214,49.295414,110.143295,-11.889538,WAL
1946967324000,159.449936,-2.8655710557007,-8.19406809339534,-0.945781969766956,-1.4749341,-0.60048056,0.7275405,49.204697,110.54227,-12.179633,WAL
1946972303000,159.454915,-2.88465033491922,-8.41133278283279,-0.778915499676876,-1.4679092,-0.6469063,0.784351,49.068996,110.93003,-12.479297,WAL
1946977294000,159.459906,-2.88938790154624,-8.68611481326197,-0.674687886184954,-1.4410311,-0.7247916,0.84391034,48.9333,111.3161,-12.79318,WAL
1946982260000,159.464872,-2.86718135243146,-8.96441975765459,-0.57058373705023,-1.3888022,-0.8338311,0.8897252,48.736534,111.67132,-13.122901,WAL
1946987312000,159.469924,-2.80424684848909,-9.2548865045027,-0.464079367676606,-1.3335189,-0.9379836,0.9126327,48.527782,112.016815,-13.460878,WAL
1946992276000,159.474888,-2.73143005876318,-9.55413913235705,-0.405852579804123,-1.2626585,-1.0231993,0.93554014,48.2646,112.32689,-13.806662,WAL
1946997390000,159.480002,-2.64006595162765,-9.88305028057084,-0.414989004827908,-1.2009611,-1.0806206,0.94714653,47.986458,112.62056,-14.153165,WAL
1947002240000,159.484852,-2.51474713631964,-10.1805429242394,-0.416562716463848,-1.1148291,-1.0995574,0.9428705,47.661777,112.85585,-14.4846945,WAL
1947007306000,159.489918,-2.27034561235678,-10.4489053171671,-0.397393961244567,-1.0445796,-1.1279627,0.9419542,47.325535,113.07731,-14.816059,WAL
1947012266000,159.494878,-2.015930249614,-10.7189061075656,-0.400446553823984,-0.9611965,-1.1450669,0.945314,46.96435,113.248024,-15.119027,WAL
1947017316000,159.499928,-1.70728391816778,-11.0175958039115,-0.475119050684508,-0.874759,-1.1462886,0.95142263,46.606293,113.3986,-15.413228,WAL
1947022248000,159.50486,-1.39396832691062,-11.2727079287212,-0.583310965780446,-0.77518797,-1.1569787,0.945314,46.21059,113.487564,-15.663674,WAL
1947027301000,159.509913,-1.04350502627216,-11.4433287767296,-0.78159939635506,-0.66339964,-1.1664472,0.93615097,45.822155,113.55348,-15.904594,WAL
1947032273000,159.514885,-0.682083298014309,-11.5822248601203,-1.00423006047802,-0.5564982,-1.151481,0.9114109,45.418423,113.55862,-16.086775,WAL
1947037323000,159.519935,-0.245794428509954,-11.6022840005185,-1.34523746326732,-0.4382958,-1.0940597,0.87017757,45.029457,113.53257,-16.249027,WAL
1947042312000,159.524924,0.186970683999409,-11.5882957114874,-1.65423001914559,-0.3118467,-0.98899084,0.8268061,44.650616,113.46604,-16.348228,WAL
1947047373000,159.529985,0.63067030758933,-11.4833343875381,-1.89277817923024,-0.17745635,-0.83658,0.7819075,44.30434,113.36616,-16.419535,WAL
1947052369000,159.534981,1.05670217323286,-11.3670756572679,-2.07684200892562,-0.086132,-0.6808093,0.7171558,43.99221,113.24439,-16.42206,WAL
1947057303000,159.539915,1.44261998439475,-11.2154648949927,-2.10900190247934,-0.005497787,-0.6123924,0.64812803,43.697567,113.08971,-16.402231,WAL
1947062287000,159.544899,1.80658340858473,-11.0420046770601,-2.1077371666228,0.038179077,-0.47891834,0.6078109,43.454746,112.92511,-16.321276,WAL
1947067326000,159.549938,2.05573650342175,-10.7733103830735,-1.95140578799352,0.03604105,-0.43463063,0.5109888,43.195755,112.72996,-16.207054,WAL
1947072358000,159.55497,2.23969095155749,-10.5770380774023,-1.82423435070795,0.0067195175,-0.43890667,0.3830125,42.925407,112.505615,-16.04019,WAL
1947077345000,159.559957,2.19010113490655,-10.6401522953559,-1.80169352495752,-0.073303826,-0.47219884,0.2321288,42.648598,112.26956,-15.840246,WAL
1947082306000,159.564918,2.11033911845004,-10.7308984946892,-1.77960582307238,-0.17806722,-0.50701815,0.06414085,42.322117,112.00409,-15.591874,WAL
1947087340000,159.569952,1.71681032714398,-11.1102035625492,-1.76064054492526,-0.2742785,-0.5390886,-0.1001819,41.97416,111.72534,-15.307347,WAL
1947092413000,159.575025,1.30311469155025,-11.4823955523865,-1.74190573015134,-0.3622431,-0.56230146,-0.24129178,41.583614,111.45102,-15.004389,WAL
1947097390000,159.580002,0.692752107772604,-11.7274650023283,-1.72803386356228,-0.43249258,-0.57604593,-0.3436117,41.17686,111.17063,-14.671989,WAL
1947102703000,159.585315,0.0350082318469901,-11.9634387143883,-1.71100440378423,-0.5012149,-0.5537493,-0.41447207,40.74731,110.91833,-14.361143,WAL
1947107345000,159.589957,-0.612380369478002,-11.8676985950159,-1.66997271322941,-0.5332854,-0.50610185,-0.45112398,40.318066,110.66378,-14.03494,WAL
1947112555000,159.595167,-1.30644314404973,-11.7787413339254,-1.63734473410302,-0.5335908,-0.4728097,-0.43493605,39.905605,110.47518,-13.780002,WAL
1947117336000,159.599948,-1.64078464490823,-11.8691036020821,-1.73222545770673,-0.47555858,-0.3903429,-0.38423425,39.524086,110.284035,-13.521315,WAL
1947122600000,159.605212,-1.97906265383767,-11.9891231825535,-1.82650102237338,-0.3827071,-0.27214047,-0.31612277,39.187023,110.17527,-13.368548,WAL
1947127343000,159.609955,-1.93730991017557,-12.3356710726629,-1.79309881872415,-0.24709499,-0.105068825,-0.24587326,38.895817,110.055885,-13.221878,WAL
1947132252000,159.614864,-1.89409586450041,-12.6943477736005,-1.7585275731593,-0.07269296,0.06383542,-0.20005837,38.65507,109.96603,-13.132933,WAL
1947137351000,159.619963,-1.57884197726083,-13.2969104236697,-1.47238878278569,0.13469578,0.22785273,-0.2012801,38.466125,109.84531,-13.038466,WAL
1947142272000,159.624884,-1.22254245037317,-13.9227183389551,-1.14806488075991,0.364992,0.34055737,-0.2321288,38.315147,109.687645,-12.940353,WAL
1947147428000,159.63004,-0.826808882491454,-14.477712727227,-0.809978726975669,0.5522222,0.4071417,-0.29016098,38.16876,109.46816,-12.811489,WAL
1947152295000,159.634907,-0.447215502059119,-14.9744643104766,-0.491307718097728,0.73639804,0.42210788,-0.35613444,38.04002,109.199776,-12.669839,WAL
1947157344000,159.639956,-0.0361836186001759,-15.3255472328807,-0.358067044092019,0.915687,0.43004912,-0.4297437,37.861908,108.77848,-12.431985,WAL
1947162265000,159.644877,0.368936737774739,-15.6247841238644,-0.279805151220084,1.001819,0.44012842,-0.4718934,37.691875,108.345245,-12.1894455,WAL
1947167343000,159.649955,0.696542997426324,-15.7452208987455,-0.290693834079052,1.1731668,0.47128254,-0.5751296,37.471737,107.747246,-11.842021,WAL
1947172275000,159.654887,0.983400987569693,-15.7969494471326,-0.333017145871167,1.3423764,0.47708577,-0.6835582,37.25319,107.141304,-11.491504,WAL
1947177347000,159.659959,1.0838738600823,-15.5785021025377,-0.268321368902606,1.4944818,0.45234573,-0.8051204,36.995197,106.43958,-11.061165,WAL
1947182310000,159.664922,1.11181604609054,-15.2664805877915,-0.165866618792867,1.6392568,0.35033122,-0.9450085,36.71898,105.70192,-10.611038,WAL
1947187341000,159.669953,0.889353919918666,-14.6870025338044,0.0970571658845059,1.7773124,0.18967366,-1.0888673,36.396915,104.912476,-10.111089,WAL
1947192313000,159.674925,0.56016724247255,-13.9995833473465,0.426243823111021,1.9181169,0.01863139,-1.2296717,36.044716,104.08902,-9.590193,WAL
1947197310000,159.679922,0.0741065520022216,-13.3150060369342,0.658504509752846,2.105958,-0.1301143,-1.3390167,35.662712,103.221664,-9.054383,WAL
1947202324000,159.684936,-0.472614484846802,-12.6304940885865,0.854079522540035,2.3689353,-0.2003638,-1.4156802,35.259056,102.31121,-8.502075,WAL
1947207312000,159.689924,-1.12943404039064,-12.0525451440359,0.972413001561521,2.667954,-0.20372356,-1.4740179,34.879734,101.362885,-7.97402,WAL
1947212314000,159.694926,-1.87495058400877,-11.5521983337163,1.03245463447357,2.9608638,-0.1432479,-1.5195273,34.50755,100.3742,-7.4351087,WAL
1947217313000,159.699925,-2.82908407825845,-11.54483198886,0.871416556451912,3.2204816,-0.04184427,-1.5454891,34.215626,99.39739,-6.967588,WAL
1947222308000,159.70492,-3.89487272776643,-11.8023972255848,0.591647000598775,3.4193182,0.06352998,-1.5558738,33.952904,98.405785,-6.495515,WAL
1947227287000,159.709899,-4.69629128092697,-12.1322742692954,0.320155337858484,3.530801,0.16523905,-1.5225816,33.790833,97.51196,-6.1342463,WAL
1947232318000,159.71493,-5.23433289097737,-12.541757596304,0.0535152264947129,3.529274,0.19853121,-1.50731,33.649178,96.665634,-5.770915,WAL
1947237304000,159.719916,-5.69273702633075,-12.877648182237,-0.275924883174199,3.45597,0.18570304,-1.4908166,33.614304,96.075386,-5.5829487,WAL
1947242319000,159.724931,-6.0693879106068,-13.1365954285854,-0.680824508799137,3.3041701,0.14080444,-1.4859297,33.58719,95.606865,-5.402164,WAL
1947247372000,159.729984,-6.38824780167531,-13.3380794991025,-1.14269413273434,3.1157181,0.058643065,-1.4779885,33.58631,95.35375,-5.3083854,WAL
1947252349000,159.734961,-6.62590123913043,-13.4616592826087,-1.66553162565217,2.925739,-0.042455133,-1.4581354,33.570377,84.77744,-5.222331,WAL
1947257284000,159.739896,-6.88879319272815,-13.647998356196,-2.28216408136407,2.7403414,-0.0888809,-1.4376713,33.574043,84.75933,-5.198201,WAL
1947262325000,159.744937,-7.19487017075889,-13.9262499342939,-3.04735640537944,2.6532931,-0.106595986,-1.4080443,33.55671,84.6719,-5.1809015,WAL
1947267239000,159.749851,-7.48047171795378,-14.21405026032,-3.6274816974126,2.4361305,-0.01282817,-1.4025466,33.57026,84.54598,-5.200826,WAL
1947272345000,159.754957,-7.75089961702548,-14.5472563436698,-3.8882515616828,2.2043073,0.070554934,-1.4492778,33.57412,84.41897,-5.209505,WAL
1947277256000,159.759868,-7.87627993010279,-14.698269344885,-4.03462848176211,2.0552561,0.14019357,-1.5909985,33.58859,84.32214,-5.241407,WAL
1947282351000,159.764963,-7.69954253509545,-14.4689888583456,-3.94864822449339,1.9315559,0.25167647,-1.8051068,33.637383,84.28515,-5.231157,WAL
1947287245000,159.769857,-7.39591190496975,-14.0922903166353,-3.83712089776808,1.7583756,0.3640757,-1.9804251,33.736732,84.28638,-5.2113624,WAL
1947292315000,159.774927,-6.70234636583672,-13.2590480628906,-3.63964728959429,1.5763378,0.32650748,-2.0201313,33.81897,84.328766,-5.160917,WAL
1947297319000,159.779931,-5.95230914583876,-12.4721131435153,-3.62810772462694,1.462106,0.28221974,-1.9669861,33.918125,84.420715,-5.0625415,WAL
1947302332000,159.784944,-5.01473646645969,-11.7845599858788,-4.13776269115674,1.4019357,0.34880406,-1.8347337,34.031292,84.517914,-4.9734383,WAL
1947307298000,159.78991,-4.11838957981073,-11.2517716624606,-4.43937863806519,1.4401149,0.5891795,-1.6728544,34.141953,84.66181,-4.822547,WAL
1947312335000,159.794947,-3.30219681548609,-11.1364897986808,-4.16270312799923,1.5690074,0.9795224,-1.5323554,34.31123,84.768745,-4.7085323,WAL
1947317311000,159.799923,-2.50032125711433,-11.0371811303045,-3.8165846234648,1.7540996,1.3133603,-1.4666874,34.506832,84.957565,-4.504465,WAL
1947322326000,159.804938,-1.71384687408887,-11.0084075991014,-3.11163506190714,1.9318613,1.4462235,-1.434617,34.752945,85.09508,-4.339866,WAL
1947327315000,159.809927,-0.984481327938604,-10.9701283147831,-2.45179968235294,2.0894647,1.5219707,-1.4269812,35.0756,85.25691,-4.074653,WAL
1947332313000,159.814925,-0.516585890795747,-10.8839370290688,-1.99621728235294,2.182316,1.5723672,-1.426065,35.422348,85.375534,-3.8274312,WAL
1947337313000,159.819925,-0.0485032205848053,-10.7977112530441,-1.54045257647059,2.2003367,1.6447546,-1.409877,35.760258,85.48864,-3.4743874,WAL
1947342341000,159.824953,0.130385039421078,-10.6857394484216,-1.54735707644488,2.1960607,1.8096883,-1.366811,36.13066,85.53585,-3.1431682,WAL
1947352319000,159.834931,0.335117351742572,-10.4905004624756,-1.71992835762311,2.3463335,2.2339342,-1.2476922,36.932076,85.42833,-2.4649007,WAL
1947357246000,159.839858,0.407881194314794,-10.422587438059,-1.78784128073404,2.3338106,2.4706445,-1.1976013,37.41179,85.29018,-2.1225667,WAL
1947362362000,159.844974,0.527870444584926,-10.0984042958934,-1.74127806869548,2.3228152,2.5772405,-1.0925325,37.93511,85.05055,-1.8102858,WAL
1947367251000,159.849863,0.651771974350681,-9.73587749475644,-1.67244389081643,2.2391264,2.5879307,-0.977079,38.485706,84.79721,-1.5311146,WAL
1947372341000,159.854953,0.687439350383179,-9.27911848084103,-1.82522388995873,2.1820107,2.556471,-0.88117313,39.08098,84.49065,-1.2767003,WAL
1947377269000,159.859881,0.69671317046571,-8.81542747671448,-2.03388503548831,2.1297817,2.535396,-0.79443026,39.668785,84.188736,-1.0643651,WAL
1947382342000,159.864954,0.55495703995842,-8.3750074948025,-2.04810274220374,2.112983,2.5335636,-0.70524395,40.267815,83.84834,-0.8651789,WAL
1947387264000,159.869876,0.368294158841699,-7.9596824980695,-1.99677038996139,2.0952678,2.4352143,-0.6337727,40.821316,83.520294,-0.6917988,WAL
1947392308000,159.87492,0.146716678133333,-7.63092755733333,-1.992358872,2.0631974,2.3014348,-0.5858198,41.40121,83.18811,-0.5383617,WAL
1947397395000,159.880007,-0.0882315952643026,-7.33609047308747,-2.00617934904965,2.007914,2.1734586,-0.5519168,41.94449,82.87227,-0.40569785,WAL
1947402408000,159.88502,-0.334817232274354,-7.04618838661965,-2.02050062624962,1.9434677,2.0525072,-0.52687126,42.47609,82.54894,-0.31658253,WAL
1947407328000,159.88994,-0.58526498670551,-6.76202652706736,-2.0349495241337,1.8952094,1.9410243,-0.50640726,42.965324,82.24596,-0.23761953,WAL
1947412328000,159.89494,-0.812547650515464,-6.51380847938144,-2.05249722680412,1.8304577,1.8438967,-0.5036584,43.45125,81.964096,-0.20015052,WAL
1947417344000,159.899956,-1.02682964900872,-6.28524102426646,-2.07154450229976,1.751656,1.7736472,-0.5103779,43.905956,81.710754,-0.16749182,WAL
1947422345000,159.904957,-1.18289603332998,-6.03009641918938,-2.12522273925375,1.6942347,1.7052304,-0.5170974,44.352715,81.47698,-0.17499825,WAL
1947427369000,159.909981,-1.30870926153073,-5.75911419812934,-2.19780733673941,1.6041322,1.6801848,-0.50335294,44.785275,81.28567,-0.18950737,WAL
1947432346000,159.914958,-1.45849713049404,-5.53267002555366,-2.22500059011925,1.5387696,1.6649132,-0.48472157,45.21062,81.119026,-0.23637128,WAL
1947437349000,159.919961,-1.62174333093496,-5.32621142158533,-2.22980194600661,1.4761559,1.6328428,-0.49480084,45.619877,80.98717,-0.28080556,WAL
1947442339000,159.924951,-1.77060756484674,-5.08054930878352,-2.16726715162835,1.3955216,1.6178766,-0.505491,46.06698,80.87223,-0.34580258,WAL
1947447472000,159.930084,-1.91657405651341,-4.80745074795019,-2.06838659329502,1.2660183,1.6410894,-0.5183192,46.511887,80.79865,-0.41099307,WAL
1947452408000,159.93502,-2.03680130157068,-4.49573427382199,-1.89941668900524,1.1395692,1.6728544,-0.52290064,46.99978,80.72833,-0.4993136,WAL
1947457331000,159.939943,-2.14328173329227,-4.15209285297197,-1.68161586107176,1.0173961,1.6856827,-0.52564955,47.484947,80.7027,-0.5876644,WAL
1947462342000,159.944954,-2.2538108004254,-3.88777419659678,-1.44039033021371,0.93951076,1.6917913,-0.5235115,48.041023,80.64646,-0.6949597,WAL
1947467351000,159.949963,-2.3655615752051,-3.67399019835916,-1.18773648182923,0.78893244,1.6948457,-0.5503896,48.59641,80.65505,-0.79584163,WAL
1947472330000,159.954942,-2.45683941592655,-3.5696670518112,-0.885967884302964,0.61850107,1.668273,-0.5699373,49.184994,80.62714,-0.9183394,WAL
1947477347000,159.959959,-2.53834771767289,-3.52172083293085,-0.555139414599341,0.46211955,1.5980235,-0.5897904,49.759323,80.645546,-1.03304,WAL
1947482338000,159.96495,-2.62635067471463,-3.52602956579377,-0.315023194496978,0.31245756,1.5503759,-0.5842926,50.352474,80.65789,-1.16784,WAL
1947487336000,159.969948,-2.7181778619952,-3.55816912688729,-0.122186272362302,0.17470746,1.5039502,-0.58184916,50.924225,80.71594,-1.2943559,WAL
1947492310000,159.974922,-2.80939194335312,-3.58294301831539,0.0777285507598873,0.054061573,1.4587462,-0.56596667,51.488533,80.7547,-1.4341136,WAL
1947497439000,159.980051,-2.90331060719533,-3.60271534686525,0.290281230806481,-0.058337633,1.4059063,-0.5476407,52.034718,80.831375,-1.5736599,WAL
1947502383000,159.984995,-2.9701401852561,-3.64871499941685,0.455478670092332,-0.18142697,1.3435981,-0.5216789,52.562813,80.9154,-1.7323232,WAL
1947507341000,159.989953,-3.0209030891729,-3.7133223316746,0.593923069151521,-0.26847526,1.2782356,-0.49296826,53.071598,81.01888,-1.8947457,WAL
1947512342000,159.994954,-3.02295183694847,-3.68460424638319,0.655805748804402,-0.37048978,1.2092078,-0.45906523,53.572914,81.11413,-2.0731003,WAL
1947517349000,159.999961,-2.97977431434717,-3.56946408592296,0.646210693686843,-0.45020768,1.1392636,-0.42271876,54.051544,81.22194,-2.2570322,WAL
1947522354000,160.004966,-2.81877218690964,-3.42439158512232,0.599006037948078,-0.5439755,1.070236,-0.38820487,54.510685,81.33034,-2.4513736,WAL
1947527351000,160.009963,-2.55118385976036,-3.25237054618073,0.517773902845731,-0.64751714,0.99082345,-0.35796702,54.942997,81.45494,-2.650365,WAL
1947532330000,160.014942,-2.3563894806593,-3.14774218693357,0.456659467450453,-0.7425067,0.915687,-0.33292156,55.354996,81.59005,-2.8447385,WAL
1947537334000,160.019946,-2.22752753515586,-3.10478832138233,0.413705467342894,-0.8445212,0.8680395,-0.3023783,55.748466,81.743576,-3.0457265,WAL
1947542324000,160.024936,-2.11388118581322,-3.05488780589632,0.423896863242976,-0.9569204,0.81183994,-0.27183503,56.10683,81.930435,-3.1946936,WAL
1947547421000,160.030033,-2.01246913981005,-2.99693792125049,0.486675716687772,-1.0757337,0.75686204,-0.23365596,56.44904,82.13329,-3.3514166,WAL
1947552365000,160.034977,-1.95860858808194,-2.96649161824953,0.61220226178771,-1.2000448,0.7302894,-0.19853121,56.781307,82.36255,-3.4859512,WAL
1947557344000,160.039956,-1.94926175142605,-2.96181824872096,0.803812569391356,-1.3213016,0.657291,-0.17134771,57.082653,82.60657,-3.623906,WAL
1947562321000,160.044933,-1.96311135902323,-2.99727246217987,1.02814067990471,-1.3817772,0.5687156,-0.13133603,57.36598,82.842155,-3.7465208,WAL
1947567350000,160.049962,-2.006138512567,-3.0833268691086,1.29586541049434,-1.4987578,0.4728097,-0.08124508,57.624645,83.10122,-3.8756554,WAL
1947572299000,160.054911,-2.02630412440668,-3.26092941910343,1.59530583861705,-1.5946637,0.355829,-0.014966198,57.83848,83.31784,-4.0075765,WAL
1947577345000,160.059957,-2.01686481728684,-3.56770704834457,1.94928010202168,-1.6930131,0.26847526,0.056199603,58.031307,83.533226,-4.151856,WAL
1947582245000,160.064857,-1.98518573171837,-4.0446773353225,2.37536691767602,-1.7794504,0.20097467,0.12644911,58.181675,83.6945,-4.3110843,WAL
1947587343000,160.069955,-1.91306968978828,-4.85237714550468,2.96191076888232,-1.8655825,0.15515977,0.22999077,58.309937,83.83081,-4.496619,WAL
1947592291000,160.074903,-1.79292584393074,-5.86661461328053,3.5700763493461,-1.9361374,0.1151481,0.35002577,58.402943,83.90365,-4.680246,WAL
1947597435000,160.080047,-1.57061124102045,-7.36837220326027,4.2778533229324,-1.9712621,0.09437868,0.50610185,58.4843,83.93014,-4.9003744,WAL
1947602340000,160.084952,-1.29903344769231,-9.01956716229924,5.07234404628064,-1.9572122,0.09712757,0.6469063,58.534687,83.8894,-5.087055,WAL
1947607346000,160.089958,-0.757006872307692,-11.6790438047337,6.41474637322485,-1.8680259,0.096516706,0.78038037,58.573235,83.79583,-5.311089,WAL
1947612267000,160.094879,-0.0490622851138073,-13.9739144795949,7.92338401048832,-1.6401732,0.1432479,0.8686504,58.60626,83.67279,-5.42663,WAL
1947617338000,160.09995,1.14397660527625,-15.4932121134062,9.97833270141382,-1.2140946,0.124005646,0.8378017,58.61717,83.50933,-5.541543,WAL
1947622281000,160.104893,2.29518920849277,-16.7467103476435,11.4719734050397,-0.5876524,-0.087964594,0.6533204,58.54163,83.329185,-5.4216785,WAL
1947627350000,160.109962,3.44594862120392,-17.4534765470835,11.7075619804946,0.07941248,-0.36468655,0.30390546,58.44958,83.089584,-5.2579947,WAL
1947632288000,160.1149,4.57874257232171,-18.0990628326799,11.7153859886617,0.69027776,-0.41233405,-0.15760323,58.2411,82.69691,-4.774212,WAL
1947637343000,160.119955,5.80991602469005,-18.4991947135742,10.3764853814772,1.1233811,-0.092240654,-0.5131268,58.090775,82.129684,-4.272842,WAL
1947642315000,160.124927,6.43506775160163,-18.5367332737333,9.18172094583576,1.3359623,0.46914452,-0.64812803,58.050022,81.473885,-3.5377703,WAL
1947647457000,160.130069,5.37389935585323,-17.537705364007,8.3021938747816,1.3860532,0.90285885,-0.65087694,58.080124,80.6806,-2.82671,WAL
1947652354000,160.134966,4.31576567358103,-16.3144074970127,7.51410474453883,1.3368785,1.039998,-0.6603453,58.237305,80.022736,-2.0054061,WAL
1947657362000,160.139974,3.05317210793503,-14.0309932535474,6.89623970570388,1.2727377,1.221425,-0.6600399,58.51566,79.307304,-1.2850336,WAL
1947662427000,160.145039,1.77313714957065,-11.7178176159251,6.27658387392662,1.0684034,1.2993103,-0.6264423,58.829063,78.70347,-0.75899285,WAL
1947667350000,160.149962,0.494179282161397,-9.42673484142272,5.73371695852849,0.81245077,1.3054191,-0.5867361,59.15517,78.13361,-0.2799791,WAL
1947672657000,160.155269,-0.844246502522673,-7.02036796026239,5.15551817702738,0.5345071,1.2767084,-0.5647449,59.49629,77.65409,0.010878782,WAL
1947677345000,160.159957,-1.56767525348155,-5.6169950369904,4.72462319771947,0.21655174,1.2302825,-0.5216789,59.81496,77.26805,0.27072063,WAL
1947682262000,160.164874,-2.32644214095272,-4.14506998073435,4.27267980751959,-0.10629055,1.1737776,-0.4428773,60.114605,76.97825,0.32179233,WAL
1947687375000,160.169987,-3.00681474673903,-3.25209853177634,3.74727182241496,-0.4166101,1.1047498,-0.30787608,60.38924,76.77878,0.3460195,WAL
1947692293000,160.174905,-3.62299172452757,-2.6176646168621,3.22238053110767,-0.68294734,1.0201449,-0.11575896,60.63276,76.66123,0.33492532,WAL
1947697353000,160.179965,-4.21827327379048,-2.53404762081168,2.77511618234706,-0.91232723,0.9767735,0.108123146,60.87601,76.641136,0.15757264,WAL
1947702360000,160.184972,-4.78866281590364,-2.72577513027789,2.37728145380848,-1.1215485,0.9443977,0.34330627,61.084183,76.68598,-0.073615804,WAL
1947707246000,160.189858,-5.16565712479603,-3.37924388711143,2.27007899829598,-1.3002267,0.8781188,0.58459806,61.28258,76.836205,-0.45720908,WAL
1947712267000,160.194879,-5.46361315849427,-4.28304400637199,2.29987453425591,-1.4535538,0.65179324,0.7693848,61.41396,77.02086,-0.88089514,WAL
1947717252000,160.199864,-5.3172460849295,-5.53832591911227,2.54657936648564,-1.6032158,0.1731803,0.86651236,61.473934,77.295074,-1.412252,WAL
1947722260000,160.204872,-5.00168261656397,-6.93582178710183,2.87716981611488,-1.7458528,-0.42332962,0.9049969,61.42786,77.57534,-1.9606622,WAL
1947727244000,160.209856,-5.00122370276893,-8.66547479691269,2.966150955726,-1.8014416,-1.0613784,0.9071349,61.243114,77.85719,-2.5327332,WAL
1947732241000,160.214853,-5.07509575427882,-10.4799594997588,2.99846999935359,-1.7253889,-1.679574,0.91324353,60.892757,78.0974,-3.0845413,WAL
1947737251000,160.219863,-5.59606794454962,-12.5321538055998,2.49189062863691,-1.5622878,-2.2058344,0.9263771,60.389183,78.30043,-3.5395427,WAL
1947742237000,160.224849,-6.27644306720805,-14.6589207782981,1.79248409898366,-1.3038919,-2.4923303,0.94225967,59.78005,78.4222,-3.9739037,WAL
1947747267000,160.229879,-6.56840193986714,-16.0232381552647,0.87786253934761,-1.0057896,-2.5298984,0.9279043,59.128006,78.52832,-4.356821,WAL
1947752251000,160.234863,-6.71037354684711,-17.0832913712076,-0.106472904586556,-0.8604037,-2.398257,0.9117164,58.44753,78.57998,-4.728683,WAL
1947757245000,160.239857,-6.14193313706335,-17.7666906003552,-0.536702810076969,-0.57910025,-2.0360138,0.86590147,57.907494,78.64366,-5.1464686,WAL
1947762257000,160.244869,-5.27990326258141,-18.297170294849,-0.740369183883955,-0.34666604,-1.4920384,0.75594574,57.46535,78.66504,-5.540412,WAL
1947767250000,160.249862,-3.99216785273254,-18.1927981979219,-0.19324309482266,-0.15302174,-1.0054842,0.5910121,57.192245,78.771904,-5.895228,WAL
1947772249000,160.254861,-2.50461099260665,-17.795797985513,0.701204246284344,-0.016493361,-0.7538077,0.39064834,57.015354,78.83073,-6.2073736,WAL
1947777228000,160.25984,-1.4033060049638,-16.6685164399771,1.28600111195694,-0.007330383,-0.6914995,0.22204952,56.974377,79.000565,-6.3161697,WAL
1947782310000,160.264922,-0.462007012711509,-15.1661472848704,1.73578440317264,-0.08093964,-0.6704246,0.099265605,56.997932,79.16563,-6.3890195,WAL
1947787307000,160.269919,0.0903376791167192,-13.5884085473186,1.75004064006309,-0.1591304,-0.623388,0.029932396,57.07855,79.37529,-6.1693025,WAL
1947792283000,160.274895,0.386297248201893,-11.94888620347,1.47287214227129,-0.22113322,-0.5870415,0.008246681,57.157646,79.59337,-5.948665,WAL
1947797418000,160.28003,0.464281716846169,-10.2028719278361,0.996963441110671,-0.30176744,-0.5751296,0.016187929,57.193092,79.793144,-5.6435537,WAL
1947802380000,160.284992,0.374905153136013,-8.47649310395961,0.399551559404078,-0.37843102,-0.6921103,0.016493361,57.196545,79.99607,-5.343632,WAL
1947807310000,160.289922,0.2884153719451,-7.02496861188567,-0.205643440213187,-0.48349985,-1.0140363,0.0070249503,57.138195,80.22151,-5.03472,WAL
1947812317000,160.294929,0.202473445210829,-5.76750238528441,-0.829853250212244,-0.6188065,-1.3261884,0.004581489,57.044174,80.45926,-4.7361,WAL
1947817312000,160.299924,0.0958759754627021,-4.72410128018779,-1.61236065048513,-0.8594874,-1.6297885,-0.032070424,56.87404,80.77296,-4.457157,WAL
1947822308000,160.30492,-0.0389007230078247,-3.9653585256338,-2.61070656122066,-1.1795808,-1.8002199,-0.0033597588,56.651535,81.120895,-4.1982117,WAL
1947827286000,160.309898,-0.479116742142928,-3.1008757852822,-3.68616003914204,-1.4840971,-1.8090774,0.11636983,56.414352,81.55122,-3.989042,WAL
1947832319000,160.314931,-1.22710631755659,-2.11943715368192,-4.85340487234358,-1.7531832,-1.781894,0.23060162,56.145767,82.03792,-3.790599,WAL
1947837310000,160.319922,-1.68466674293774,-1.59093003202019,-5.48823251234287,-1.9996674,-1.8008307,0.34269542,55.896065,82.66967,-3.6648474,WAL
1947842284000,160.324896,-1.84025979428883,-1.53435074509552,-5.56838643240622,-2.2229385,-1.8558086,0.45570546,55.65414,83.321014,-3.5818553,WAL
1947847367000,160.329979,-1.92278219499716,-1.699755235361,-5.62063266503695,-2.3866506,-1.8952094,0.5552765,55.319622,84.01206,-3.7546594,WAL
1947852387000,160.334999,-1.91822699924199,-2.11427842960015,-5.63885354318742,-2.4767532,-1.9043725,0.57910025,54.984673,84.62655,-3.944688,WAL
1947857281000,160.339893,-1.85686854829111,-2.56222526264576,-5.60352172561319,-2.5118778,-1.8487836,0.6188065,54.661247,85.06921,-4.199536,WAL
1947862289000,160.344901,-1.68812880096502,-3.10219227285887,-5.46852994788902,-2.4938574,-1.7256943,0.66614854,54.363144,85.28184,-4.4708886,WAL
1947867265000,160.349877,-1.56242531878684,-3.67998495520061,-5.22888913527287,-2.4010057,-1.5754215,0.7654142,54.114475,85.21747,-4.761928,WAL
1947872308000,160.35492,-1.51191625521012,-4.34119441449895,-4.79267457374976,-2.2321017,-1.4511104,0.8784242,53.90501,95.10955,-5.07511,WAL
1947877272000,160.359884,-1.47863257198362,-5.08540818026882,-4.33794746388743,-1.9895881,-1.3863586,1.006095,53.76068,95.58902,-5.372771,WAL
1947882322000,160.364934,-1.49386816160874,-6.12142901718996,-3.7996229259267,-1.7238617,-1.3707817,1.1343768,53.653477,96.19818,-5.703743,WAL
1947887243000,160.369855,-1.52607355408274,-7.31108882159772,-3.37038382007468,-1.4563028,-1.3918564,1.2724323,53.616077,96.77029,-6.008787,WAL
1947892290000,160.374902,-1.5925644688022,-8.87837434266483,-3.11391890580721,-1.2220359,-1.4654657,1.4052955,53.58474,97.36501,-6.347763,WAL
1947897349000,160.379961,-1.62106597429669,-10.5115652477196,-2.92652413729237,-1.0161743,-1.475545,1.5173893,53.640945,97.81971,-6.6400337,WAL
1947902338000,160.38495,-1.57060359253,-12.2502233648584,-2.88523677322132,-0.88178396,-1.400714,1.5861117,53.710136,98.2679,-6.9537606,WAL
1947907257000,160.389869,-1.43134529491933,-13.8340911362862,-2.89621972531316,-0.816116,-1.2544118,1.6157386,53.752598,98.66977,-7.2701035,WAL
1947912296000,160.394908,-0.981605834352139,-15.0092168398637,-3.08482011819822,-0.8191703,-1.0054842,1.6206255,53.851875,99.064514,-7.5882015,WAL
1947917270000,160.399882,-0.492236359910723,-15.9112743034476,-3.23480138385412,-0.8738427,-0.61391956,1.6111571,53.991932,99.41825,-7.873361,WAL
1947922307000,160.404919,0.153751929470985,-15.9708332763795,-3.26687165524741,-0.9682214,-0.14508049,1.5360206,54.226284,99.759186,-8.12807,WAL
1947927286000,160.409898,0.768617566859325,-15.8950403056043,-3.22997639836928,-1.1218541,0.344528,1.3784174,54.552814,100.04962,-8.276136,WAL
1947932344000,160.414956,1.23356465056249,-14.9101523297554,-2.73003342559604,-1.3142766,0.7171558,1.1527027,54.97373,100.33151,-8.376591,WAL
1947937295000,160.419907,1.64217651218853,-13.9211169876914,-2.17093083684179,-1.5619824,0.8536842,0.88270026,55.381306,100.59481,-8.37937,WAL
1947942288000,160.4249,1.86228876759732,-12.8205559604723,-1.31919200489843,-1.7852536,0.8213083,0.57360244,55.83466,100.84034,-8.307197,WAL
1947947363000,160.429975,2.04288603026157,-11.7279259171026,-0.574570816057344,-1.9520199,0.5149594,0.301462,56.177994,101.038445,-8.158333,WAL
1947952393000,160.435005,2.0574246531992,-10.744144955332,-0.298336793009054,-2.0118847,-0.053145275,0.17501289,56.42791,101.242165,-7.9829106,WAL
1947957304000,160.439916,1.98158593128737,-9.87160328776405,-0.145194165412515,-2.0790799,-0.72295904,-0.030848695,56.45482,101.365845,-7.7333455,WAL
1947962299000,160.444911,1.56690432611598,-9.31392816121961,-0.426415074320446,-2.0399845,-1.3084733,-0.21899518,56.338825,101.47431,-7.4813733,WAL
1947967301000,160.449913,1.11332682615216,-8.8371603805731,-0.757380526219903,-1.9095647,-1.7449366,-0.3998113,56.040985,101.55853,-7.2190175,WAL
1947972309000,160.454921,0.507397173595166,-8.68348268177241,-1.28427586032226,-1.7773124,-1.9950858,-0.5705481,55.62544,101.61162,-6.930996,WAL
1947977611000,160.460223,-0.146572397182623,-8.5213385967946,-1.80883707541122,-1.6224581,-2.047315,-0.6969972,55.15886,101.70819,-6.6864867,WAL
1947982303000,160.464915,-0.861997386225221,-8.38393878911852,-1.90833325073809,-1.491733,-2.0103576,-0.7770206,54.64641,101.76455,-6.4200974,WAL
1947987296000,160.469908,-1.59714027271941,-8.23652106642315,-2.00594929295396,-1.3616186,-1.9682078,-0.8145888,54.174637,101.903046,-6.2259674,WAL
1947992299000,160.474911,-2.1406091461117,-8.07992856108815,-2.04279461095838,-1.2534955,-1.9440787,-0.8136725,53.712044,102.01033,-6.0253186,WAL
1947997383000,160.479995,-2.68350780737829,-7.92526294699754,-2.07944143267664,-1.1847731,-1.8713857,-0.73853606,53.299164,102.16573,-5.9250526,WAL
1948002321000,160.484933,-3.05527255981246,-7.84911840704679,-2.10183697914378,-1.1081096,-1.7311921,-0.63132924,52.921,102.29242,-5.8325734,WAL
1948007239000,160.489851,-3.42553158218413,-7.77328226944497,-2.12414181865884,-1.0418307,-1.5436565,-0.47616947,52.548996,102.49928,-5.853709,WAL
1948012298000,160.49491,-3.67912496325761,-7.72910959000848,-2.06743665525497,-0.99021256,-1.3686435,-0.30451632,52.226906,102.70002,-5.9028125,WAL
1948017286000,160.499898,-3.91776792210387,-7.68858525188048,-2.0043988481855,-0.9718866,-1.1991285,-0.119729586,51.97213,102.908,-5.9884233,WAL
1948022307000,160.504919,-3.96861548454097,-7.64242407486673,-1.97670586183613,-0.95905846,-0.9779953,0.08277224,51.762554,103.18872,-6.170391,WAL
1948027322000,160.509934,-3.97335661504442,-7.59501267081935,-1.95774133982231,-0.9981538,-0.75686204,0.27366763,51.616093,103.49483,-6.3888106,WAL
1948032290000,160.514902,-3.750256788332,-7.61097811718123,-1.91631558505413,-1.0329732,-0.52656585,0.42241332,51.51746,103.842926,-6.675634,WAL
1948037302000,160.519914,-3.46157021046512,-7.64465849593023,-1.86820113866279,-1.0589349,-0.33169982,0.5500842,51.48547,104.21704,-6.995167,WAL
1948042312000,160.524924,-3.01225736070758,-7.70403356912738,-1.67159803386698,-1.0604621,-0.25809056,0.65057147,51.48077,104.61524,-7.344318,WAL
1948047398000,160.53001,-2.51165513214745,-7.77142218954442,-1.43092382945943,-1.040609,-0.17928895,0.7275405,51.542522,105.025,-7.705539,WAL
1948052346000,160.534958,-2.08057125207046,-7.8744007411233,-1.20214665327861,-1.0317514,-0.18448131,0.7538077,51.59628,105.409584,-8.044465,WAL
1948057326000,160.539938,-1.66271751565065,-7.98876070238864,-0.973426776676197,-1.0045679,-0.2565634,0.7852673,51.66275,105.79248,-8.399628,WAL
1948062295000,160.544907,-1.28518180952722,-8.13635832083816,-0.854220495215331,-0.9611965,-0.376293,0.782213,51.688713,106.086685,-8.685002,WAL
1948067322000,160.549934,-0.930334766894809,-8.3087129090239,-0.808597318084658,-0.92485,-0.52290064,0.7678576,51.692204,106.374596,-8.97591,WAL
1948072308000,160.55492,-0.687728994381911,-8.44340438758841,-0.940693526352226,-0.8921687,-0.66614854,0.73731434,51.62722,106.57128,-9.2035475,WAL
1948077299000,160.559911,-0.492519166863233,-8.56243469140353,-1.15018702512999,-0.86498517,-0.7806858,0.6924158,51.530804,106.75188,-9.42401,WAL
1948082377000,160.564989,-0.365421433826775,-8.67533791202031,-1.39975211296748,-0.8481864,-0.86101454,0.6401868,51.381638,106.88228,-9.590171,WAL
1948087312000,160.569924,-0.273122756724929,-8.78148113143248,-1.65818839150474,-0.8622363,-0.91904676,0.5910121,51.20726,107.00224,-9.744292,WAL
1948092317000,160.574929,-0.257288827623301,-8.83215136126214,-1.91932962167961,-0.92179567,-0.9275989,0.5329799,51.00987,107.13836,-9.865607,WAL
1948097423000,160.580035,-0.285773783840777,-8.85114121970874,-2.18518917668932,-0.98746365,-0.90285885,0.4981606,50.80793,107.26908,-9.976018,WAL
1948102329000,160.584941,-0.423168146377013,-8.80858641260688,-2.23473367357825,-1.087951,-0.88208944,0.4605924,50.600277,107.44681,-10.063065,WAL
1948107303000,160.589915,-0.638657740407636,-8.72333804633128,-2.14238103775602,-1.1972959,-0.86437434,0.44012842,50.40163,107.632065,-10.140433,WAL
1948112284000,160.594896,-0.854450596834361,-8.63796970849075,-2.04989843240207,-1.3081679,-0.85062987,0.4364632,50.219322,107.88708,-10.217335,WAL
1948117313000,160.599925,-1.07232296683436,-8.55177870849075,-1.95652460740207,-1.4251486,-0.8332202,0.44073927,50.04625,108.158966,-10.287401,WAL
1948122306000,160.604918,-1.29104274475875,-8.52178224877119,-1.79002231282977,-1.5063937,-0.806953,0.4709771,49.868008,108.457146,-10.367234,WAL
1948127299000,160.609911,-1.51168486222289,-8.53617174521015,-1.56458352960177,-1.5650368,-0.7770206,0.5045747,49.700726,108.76952,-10.445936,WAL
1948132315000,160.614927,-1.69771237288694,-8.53712953677278,-1.33069254511526,-1.5922203,-0.754724,0.5360342,49.54085,109.11167,-10.587525,WAL
1948137314000,160.619926,-1.85536704460633,-8.5275745177128,-1.09182190748428,-1.5818355,-0.7644979,0.57635134,49.389908,109.45414,-10.73734,WAL
1948142329000,160.624941,-2.07576203114548,-8.6897841222813,-0.866792204117931,-1.5381587,-0.77946407,0.6252206,49.216976,109.79158,-10.924222,WAL
1948147397000,160.630009,-2.34787850542291,-8.99005026244562,-0.650975698482359,-1.475545,-0.8051204,0.64904433,49.045826,110.11338,-11.1117325,WAL
1948152331000,160.634943,-2.54206654136764,-9.25962022584389,-0.497909670436212,-1.4248432,-0.8399397,0.70249504,48.833122,110.43243,-11.344939,WAL
1948157300000,160.639912,-2.66633897731889,-9.50816538611084,-0.401253291846407,-1.3457361,-0.87872964,0.7415904,48.61809,110.722206,-11.577367,WAL
1948162295000,160.644907,-2.76180747094567,-9.81122992347574,-0.330230022866031,-1.2666291,-0.91507614,0.7761043,48.35702,110.9885,-11.8514805,WAL
1948167306000,160.649918,-2.81654448826213,-10.1894128577354,-0.295397420829531,-1.1890492,-0.93034774,0.8078693,48.098335,111.235596,-12.130602,WAL
1948172307000,160.654919,-2.81766962775526,-10.5566524432922,-0.251085332391817,-1.1145236,-0.9465357,0.8213083,47.80532,111.45185,-12.423611,WAL
1948177296000,160.659908,-2.76361623270482,-10.9125035569907,-0.197031946748374,-1.0458013,-0.9434814,0.83108217,47.520023,111.65124,-12.7168045,WAL
1948182265000,160.664877,-2.66619964045412,-11.2190708880325,-0.166416597419019,-0.96883225,-0.94714653,0.82772243,47.208935,111.81082,-13.001285,WAL
1948187311000,160.669923,-2.49003469334444,-11.4455690675971,-0.176483165074471,-0.893085,-0.9801333,0.82894415,46.89635,111.9545,-13.284393,WAL
1948192334000,160.674946,-2.23067348387415,-11.5666312684683,-0.298150489331295,-0.79045963,-1.044885,0.8323039,46.550747,112.04077,-13.542209,WAL
1948197415000,160.680027,-1.86592924584279,-11.5618319059079,-0.557310840763389,-0.6585127,-1.1282681,0.8390234,46.196365,112.103745,-13.79808,WAL
1948202305000,160.684917,-1.45205887709217,-11.5728436957192,-0.874447777940609,-0.46731192,-1.1835514,0.84665924,45.82005,112.109024,-14.022872,WAL
1948207303000,160.689915,-0.94442901761666,-11.605147583494,-1.28978128881604,-0.2443461,-1.2024882,0.8582657,45.4375,112.08215,-14.246357,WAL
1948212281000,160.694893,-0.380632901201805,-11.5622818506973,-1.65864559706727,-0.008857546,-1.1322387,0.852157,45.09445,112.01295,-14.401129,WAL
1948217315000,160.699927,0.301579063273175,-11.3744256899098,-1.94537241890894,0.22479841,-0.9831876,0.8231409,44.77322,111.89724,-14.539758,WAL
1948222239000,160.704851,0.93279401292517,-11.1337647256236,-2.15643205986395,0.3943135,-0.7901542,0.77671516,44.535618,111.7451,-14.56843,WAL
1948227297000,160.709909,1.52318461853741,-10.7950913871882,-2.26169552006803,0.4746423,-0.55680364,0.6899723,44.347332,111.55423,-14.559552,WAL
1948232293000,160.714905,2.04507287052793,-10.5372657883137,-2.36403316196822,0.42180246,-0.3213151,0.58032197,44.20108,111.3426,-14.454066,WAL
1948237308000,160.71992,2.40940385520246,-10.4781854382368,-2.4625009261917,0.27030787,-0.12675454,0.43951756,44.096184,111.11715,-14.303329,WAL
1948242332000,160.724944,2.62625755247197,-10.5683633161184,-2.48702685256387,0.06780604,-0.04795292,0.28771752,43.9831,110.87803,-14.076453,WAL
1948247413000,160.730025,2.5457690868866,-10.9618625330822,-2.3618225520125,-0.021685716,0.054061573,0.20708331,43.921314,110.637665,-13.818216,WAL
1948252375000,160.734987,2.39526087059432,-11.350907070801,-2.19400435958656,-0.21991149,0.05100725,0.042455133,43.815178,110.40648,-13.469971,WAL
1948257302000,160.739914,1.89293032977778,-11.7605742622222,-1.80384472711111,-0.35827246,-0.024740042,-0.116675265,43.70616,110.17367,-13.105264,WAL
1948262285000,160.744897,1.33656275352649,-12.0849336567817,-1.45113991550802,-0.4642576,-0.15363261,-0.24220806,43.524174,109.9417,-12.717833,WAL
1948267315000,160.749927,0.59654611449684,-12.0802499124939,-1.24974301925134,-0.54275376,-0.3042109,-0.3304781,43.300426,109.719894,-12.314396,WAL
1948272299000,160.754911,-0.110107577258627,-12.0646169981787,-1.07777819740222,-0.5665775,-0.4111123,-0.40011674,42.986298,109.494064,-11.95383,WAL
1948277302000,160.759914,-0.679622819039494,-11.9911311194402,-1.05022098088574,-0.5329799,-0.4465425,-0.44135013,42.645336,109.26941,-11.592096,WAL
1948282294000,160.764906,-1.2159396068845,-11.9391542542129,-1.0154563931155,-0.44257188,-0.42180246,-0.43127087,42.298695,109.08502,-11.337031,WAL
1948287315000,160.769927,-1.34440379049527,-12.1614965370941,-0.886992209504727,-0.30818152,-0.34208453,-0.38056904,41.961422,108.88722,-11.085202,WAL
1948292337000,160.774949,-1.43256684501938,-12.4290250931202,-0.737624821830426,-0.13988814,-0.22907446,-0.33169982,41.67848,108.714325,-10.911352,WAL
1948297311000,160.779923,-1.26178233792636,-12.9829209611434,-0.45606110739438,0.033292156,-0.070554934,-0.28344148,41.438816,108.52133,-10.744444,WAL
1948302359000,160.784971,-1.08335690099127,-13.5438318600451,-0.154174459693787,0.20525073,0.06627888,-0.2764165,41.208538,108.283775,-10.589441,WAL
1948307265000,160.789877,-0.848184206226323,-14.0741228397291,0.33461581903229,0.40591997,0.15790866,-0.31123585,41.015213,108.00654,-10.43024,WAL
1948312546000,160.795158,-0.590546018305284,-14.6322425111546,0.834091121401174,0.6059783,0.17348573,-0.37659842,40.798912,107.610115,-10.217932,WAL
1948317268000,160.79988,-0.307357402641879,-14.9818035772994,0.966835800587084,0.81061816,0.14782938,-0.4596761,40.599792,107.16904,-9.992009,WAL
1948322626000,160.805238,0.0149845576739659,-15.3679301920195,1.09614221034453,1.0225884,0.12705997,-0.5317582,40.346607,106.576485,-9.705415,WAL
1948327275000,160.809887,0.313968285683698,-15.502256203601,0.801491590137226,1.2278391,0.118507855,-0.61391956,40.095245,105.94097,-9.400827,WAL
1948332274000,160.814886,0.635461005907543,-15.6466949499757,0.484658195769343,1.4605788,0.15485434,-0.70066243,39.828484,105.19828,-9.030575,WAL
1948337276000,160.819888,0.855068508004002,-15.5521143632816,0.212435518807204,1.6701056,0.18692477,-0.7874053,39.56672,104.422714,-8.647204,WAL
1948342271000,160.824883,1.06565286043022,-15.4372503527764,-0.0555809308256128,1.8793269,0.2312125,-0.84116143,39.328705,103.60855,-8.25504,WAL
1948347340000,160.829952,0.952777801625822,-15.1158876010161,0.026014224328153,1.9654589,0.25350907,-0.95630956,39.078133,102.78922,-7.7994885,WAL
1948352223000,160.834835,0.817676876190476,-14.7897817142857,0.13316321647619,2.1288655,0.2312125,-1.0876455,38.833645,101.91725,-7.334097,WAL
1948357225000,160.839837,0.321936618305153,-14.1305894756505,0.424388171114711,2.2950208,0.14538592,-1.2278391,38.570633,101.05249,-6.82896,WAL
1948362243000,160.844855,-0.213266958402349,-13.4348250032398,0.735779330454591,2.4733934,0.04428773,-1.346347,38.298004,100.152115,-6.3045278,WAL
1948367232000,160.849844,-0.896379040306637,-12.7544809203147,0.92290895505346,2.6853635,-0.030543262,-1.4230106,38.01555,99.21844,-5.790136,WAL
1948372183000,160.854795,-1.58507449155033,-12.0801331464596,1.09986545564858,2.9019153,-0.09010262,-1.4883732,37.71114,98.24872,-5.257044,WAL
1948377222000,160.859834,-2.316713704531,-11.849002977345,1.10190756025437,3.1419854,-0.15088372,-1.5170839,37.43834,97.255516,-4.7880673,WAL
1948382182000,160.864794,-3.03885678243243,-11.6507675878378,1.09246778918919,3.3414328,-0.14721853,-1.534188,37.174236,96.24452,-4.3097067,WAL
1948387227000,160.869839,-3.58608635815837,-11.8885263334903,0.607401839233876,3.460246,-0.07452556,-1.5503759,36.981388,95.27962,-3.922145,WAL
1948392208000,160.87482,-4.11156816404293,-12.1580040143113,0.090902572529517,3.5091155,0.087964594,-1.5531249,36.825584,94.35312,-3.5377343,WAL
1948397262000,160.879874,-4.70538757600324,-12.5632647004459,-0.624067524106303,3.467882,0.28130344,-1.5293012,36.761192,93.61427,-3.263188,WAL
1948402244000,160.884856,-5.30492593919741,-12.9935786396433,-1.37349047456496,3.3313537,0.4615087,-1.5109752,36.748413,93.05331,-2.99218,WAL
1948407304000,160.889916,-5.78926867689581,-13.3202215627324,-1.84313653498487,3.1178563,0.5516113,-1.4718798,36.798367,87.16571,-2.8275735,WAL
1948412313000,160.894925,-6.24553539010808,-13.6230168038046,-2.25377660719412,2.8857274,0.52320606,-1.4049901,36.869095,87.16075,-2.6814518,WAL
1948417316000,160.899928,-6.76665914893617,-13.9066780567376,-2.51727382624113,2.673757,0.37384954,-1.3274102,36.95684,86.96705,-2.6456044,WAL
1948422308000,160.90492,-7.34203317446809,-14.1738165738233,-2.65598008130239,2.522568,0.1554652,-1.2675453,37.01476,86.718796,-2.6228237,WAL
1948427293000,160.909905,-7.92068264997445,-14.3788509798671,-2.6246411075115,2.438574,-0.057726767,-1.2470814,37.06981,86.43316,-2.6828897,WAL
1948432362000,160.914974,-8.5110592631579,-14.5574517684211,-2.51053473157895,2.3848178,-0.29168814,-1.2812898,37.05382,86.162895,-2.7358592,WAL
1948437308000,160.91992,-8.82991968633301,-14.5115388498556,-2.41722380688162,2.3646593,-0.40317106,-1.3662001,37.063267,85.856026,-2.8449454,WAL
1948442316000,160.924928,-9.05610535563041,-14.3822900336862,-2.32951897762271,2.3310618,-0.5488624,-1.4187346,36.99299,85.56842,-2.9402761,WAL
1948447383000,160.929995,-8.43174468979592,-13.9536536559184,-2.45928481897959,2.2864685,-0.5448918,-1.5512923,36.988567,85.24771,-3.0554955,WAL
1948452370000,160.934982,-7.3644656244898,-13.3737159347959,-2.70295599994898,2.0949624,-0.3726278,-1.568091,36.985092,84.96328,-3.177985,WAL
1948457297000,160.939909,-6.44468059598798,-12.7890671282101,-2.84997752737668,1.7892243,-0.01863139,-1.5134187,37.063377,84.69092,-3.3099215,WAL
1948462299000,160.944911,-5.57194114652583,-12.1902195349356,-2.95674882624285,1.4379768,0.18875736,-1.459968,37.143196,84.48338,-3.4278038,WAL
1948467315000,160.949927,-4.60264207212023,-11.5265196246217,-2.89856056026831,1.2690725,0.34055737,-1.3753631,37.225,84.42196,-3.4292598,WAL
1948472306000,160.954918,-3.58053762878757,-10.8274390545693,-2.73945947195885,1.2990049,0.49449542,-1.2709051,37.361366,84.38345,-3.453886,WAL
1948477288000,160.9599,-2.40913806332007,-10.3821343567132,-2.42916105849912,1.428203,0.6563747,-1.1597277,37.46765,84.45981,-3.3757997,WAL
1948482368000,160.96498,-1.12614547092625,-10.0760167625613,-2.02400546342186,1.5583172,0.8546005,-1.0974194,37.62662,84.51609,-3.3201585,WAL
1948487302000,160.969914,-0.301669889837121,-10.0566644251439,-1.70886177251536,1.7009543,1.0812315,-1.0500773,37.753696,84.63692,-3.136151,WAL
1948492288000,160.9749,0.0709036716863357,-10.3407516591242,-1.47600331783868,1.8988746,1.3594806,-1.0662653,37.953556,84.7035,-2.9646614,WAL
1948497345000,160.979957,0.39700121309831,-10.5098965933593,-1.12135896948095,2.0873265,1.6108516,-1.1169671,38.18781,84.73266,-2.617048,WAL
1948502377000,160.984989,0.652436368077808,-10.519535850085,-0.610488649456946,2.2327125,1.740966,-1.146594,38.460617,84.69044,-2.2850544,WAL
1948507276000,160.989888,0.830481072367512,-10.522932843383,-0.295939687682819,2.3102922,1.7870862,-1.1606439,38.789635,84.55666,-1.8975412,WAL
1948512307000,160.994919,0.916068411598737,-10.51817789549,-0.224616904162637,2.3099868,1.7654005,-1.1355985,39.12627,84.36635,-1.5266373,WAL
1948517243000,160.999855,0.946852624306643,-10.4439169261955,-0.27208085158758,2.2589796,1.7635679,-1.1142182,39.463024,84.08614,-1.1167486,WAL
1948522307000,161.004919,0.893230262858196,-10.256238637796,-0.508912914545287,2.1285598,1.7654005,-1.0958922,39.782745,83.79626,-0.7266303,WAL
1948527262000,161.009874,0.811750306643116,-10.0896586013269,-0.783327685274858,2.0103576,1.7821994,-1.0580186,40.124977,83.461716,-0.34000194,WAL
1948532311000,161.014923,0.624269834585559,-9.98133653920386,-1.21661589026366,1.8839084,1.8622227,-1.001819,40.47371,83.14952,0.020434216,WAL
1948537302000,161.019914,0.438943030062037,-9.87425881845597,-1.64492673025159,1.7886134,1.954158,-0.97249746,40.891544,82.81931,0.34429654,WAL
1948542305000,161.024917,0.266878630084843,-9.45513793097308,-2.03541701256939,1.7556267,2.1035144,-0.94897914,41.337234,82.503944,0.6378726,WAL
1948547717000,161.030329,0.0757468132860108,-8.97079209765463,-2.4511973998132,1.6997325,2.2721133,-0.84116143,41.800907,82.2245,0.8843395,WAL
1948552358000,161.03497,-0.159490210925695,-8.6017926222499,-2.78329678318805,1.6801848,2.2886066,-0.81000733,42.31918,81.971695,1.0984931,WAL
1948557352000,161.039964,-0.417647451589044,-8.20321935498863,-3.11470095478097,1.6633861,2.3542747,-0.7819075,42.911297,81.77534,1.23615,WAL
1948562302000,161.044914,-0.731713287542767,-7.79071543923663,-3.14282618616632,1.6484199,2.4110851,-0.7489208,43.49621,81.59283,1.3562143,WAL
1948567444000,161.050056,-1.05837777692382,-7.36680406077242,-3.16235416073389,1.6392568,2.402533,-0.72173727,44.143578,81.43022,1.4360164,WAL
1948572306000,161.054918,-1.37229191956082,-7.02149857411153,-3.06369545694886,1.6050484,2.3597724,-0.7058548,44.788635,81.289665,1.5022997,WAL
1948577666000,161.060278,-1.7136278549554,-6.64334223599647,-2.95604885259288,1.5586227,2.3130412,-0.713796,45.439796,81.180626,1.5254297,WAL
1948582314000,161.064926,-1.9099895202039,-6.36843574973042,-2.88623134528968,1.5027285,2.243097,-0.72387534,46.06386,81.09522,1.5411294,WAL
1948587276000,161.069888,-2.11961658194295,-6.07495769791197,-2.81169725078914,1.4364496,2.1774292,-0.73426,46.700226,81.0258,1.5209067,WAL
1948592305000,161.074917,-2.23431185104538,-5.80368686282879,-2.7716795582137,1.3674219,2.1374176,-0.75136423,47.317104,80.98292,1.5012354,WAL
1948597350000,161.079962,-2.34137852384623,-5.53369274379035,-2.73443905879179,1.2843442,2.0983222,-0.7644979,47.90914,80.972176,1.4803795,WAL
1948602396000,161.085008,-2.39000626814331,-5.33079243970603,-2.58867927986118,1.2272283,2.0552561,-0.7706065,48.556843,80.92783,1.421966,WAL
1948607238000,161.08985,-2.42787162741656,-5.14619861555578,-2.43248457401245,1.1612549,2.0289888,-0.77579886,49.19209,80.91929,1.3638922,WAL
1948612305000,161.094917,-2.44872030962921,-4.91284369771093,-2.16207923320091,1.0729848,2.0066924,-0.7812967,49.865826,80.897285,1.2854552,WAL
1948617302000,161.099914,-2.46682668294552,-4.67746008833712,-1.88142947783768,0.99082345,1.9694295,-0.78984874,50.522587,80.90158,1.2079641,WAL
1948622311000,161.104923,-2.45962072626384,-4.4390077428956,-1.43148672212384,0.86926126,1.8945986,-0.8142834,51.165546,80.91888,1.1296171,WAL
1948627306000,161.109918,-2.44531138854322,-4.20051853185761,-0.935429312581514,0.70921457,1.815186,-0.8381071,51.792046,80.978745,1.0527159,WAL
1948632321000,161.114933,-2.39776933993059,-3.92148236567179,-0.616795720809122,0.528093,1.7476854,-0.8426886,52.43851,81.00241,0.982465,WAL
1948637306000,161.119918,-2.34096372024789,-3.63272071688647,-0.351702881681705,0.35613444,1.7290541,-0.8344419,53.072784,81.07542,0.9143296,WAL
1948642318000,161.12493,-2.33771520875362,-3.50981645002899,-0.0200085886666667,0.28863382,1.7088956,-0.8038987,53.687923,81.08334,0.8528454,WAL
1948647456000,161.130068,-2.3519778003285,-3.43850388929469,0.341308130888889,0.16890424,1.6649132,-0.75961095,54.28672,81.160225,0.78499264,WAL
1948652328000,161.13494,-2.39947404413035,-3.24460202845605,0.555707518864575,0.03573562,1.6099354,-0.71959925,54.871674,81.20629,0.72407395,WAL
1948657300000,161.139912,-2.46207935941961,-2.99418048713373,0.721164673038129,-0.09682214,1.5775595,-0.67256266,55.44562,81.290726,0.64758396,WAL
1948662299000,161.144911,-2.50689604294784,-2.99546128631891,0.899254152596551,-0.23090707,1.5366315,-0.6411031,55.999153,81.35086,0.570489,WAL
1948667315000,161.149927,-2.53739264360385,-3.19877195735901,1.08731664537827,-0.38362336,1.4553864,-0.63041294,56.528496,81.45601,0.48762167,WAL
1948672309000,161.154921,-2.56359335143376,-3.37883062249596,1.02314701787157,-0.49388456,1.4376713,-0.59437186,57.064346,81.55058,0.37654084,WAL
1948677302000,161.159914,-2.58773367964459,-3.54781241583199,0.834853143457189,-0.5864306,1.4288138,-0.5757405,57.577858,81.68302,0.26925898,WAL
1948682381000,161.164993,-2.56928723404935,-3.59111912574746,0.648837726006773,-0.6963864,1.4498887,-0.54519725,58.09279,81.824394,0.14737004,WAL
1948687308000,161.16992,-2.53276278952105,-3.57742249480406,0.470781371189163,-0.7809912,1.450805,-0.5149594,58.596302,81.98321,0.021106992,WAL
1948692294000,161.174906,-2.44923661672048,-3.54320584670776,0.303819296014676,-0.87109387,1.4520267,-0.48349985,59.11772,82.203964,-0.11972475,WAL
1948697430000,161.180042,-2.33374148880736,-3.49508281811956,0.140201226947461,-0.9468411,1.4278975,-0.4541783,59.628525,82.44182,-0.2664688,WAL
1948702321000,161.184933,-2.2421950115007,-3.47378848246844,0.0610605379831697,-1.0363328,1.3991868,-0.42485678,60.14411,82.73359,-0.4125726,WAL
1948707303000,161.189915,-2.16189500041141,-3.46932736815334,0.0342938334595605,-1.133155,1.3423764,-0.38820487,60.6412,83.04445,-0.5651731,WAL
1948712304000,161.194916,-2.0921623019981,-3.48890591147056,0.0854592574821863,-1.2257011,1.2409728,-0.36132678,61.121376,83.39667,-0.69240505,WAL
1948717318000,161.19993,-2.03632132197907,-3.53967044839835,0.23775265941516,-1.3093897,1.1261301,-0.31887165,61.57798,83.767204,-0.829745,WAL
1948722307000,161.204919,-2.02416260371295,-3.61991829633696,0.455036445757062,-1.416902,0.97249746,-0.28710666,61.99658,84.16417,-0.9427468,WAL
1948727292000,161.209904,-2.04798751039026,-3.72474788571714,0.726640570949197,-1.5228871,0.8014552,-0.2415972,62.374477,84.57422,-1.0655556,WAL
1948732322000,161.214934,-2.0850001273144,-3.84082720418535,1.05763065272546,-1.6368134,0.6914995,-0.20341812,62.71761,84.98014,-1.1739472,WAL
1948737314000,161.219926,-2.13264087015446,-3.96469297638266,1.43399198390633,-1.7513506,0.5103779,-0.18142697,62.989906,85.402,-1.2824272,WAL
1948742301000,161.224913,-2.21688972891742,-4.22845782328567,1.79522786081121,-1.8011361,0.32070425,-0.12217305,63.22382,85.761154,-1.4032146,WAL
1948747418000,161.23003,-2.33605256943877,-4.62407852150569,2.15271633260383,-1.9052887,0.13439035,-0.05131268,63.405384,86.14237,-1.5281731,WAL
1948752392000,161.235004,-2.52314808943247,-5.75035550285609,2.89103095919477,-2.0033326,-0.03023783,0.054367006,63.522717,86.42765,-1.677201,WAL
1948757304000,161.239916,-2.77885425563847,-7.6009748092869,4.00920395215589,-2.0641136,-0.16279559,0.15577064,63.593826,86.68677,-1.8410065,WAL
1948762284000,161.244896,-2.73796524752546,-9.47099428560571,5.18832363082535,-2.0613647,-0.27030787,0.2761111,63.61514,86.826996,-2.0471735,WAL
1948767319000,161.249931,-2.0025958454071,-11.3472854922227,6.48560328145615,-1.9822577,-0.321926,0.40042216,63.61159,86.896286,-2.2793775,WAL
1948772304000,161.254916,-1.27452901927801,-13.2049442141663,7.77000031390789,-1.8154916,-0.26939157,0.5329799,63.578186,86.72335,-2.5388012,WAL
1948777293000,161.259905,-0.545877987069767,-15.0640935348837,9.05542795581395,-1.5066991,-0.090713486,0.62888575,63.561657,86.48888,-2.8150947,WAL
1948782370000,161.264982,0.4789120912806,-16.5791263713572,10.0950709242298,-1.0280862,0.043676864,0.5861252,63.543774,86.20306,-3.080205,WAL
1948787309000,161.269921,1.95087861871669,-17.4209539384888,10.6562884455662,-0.41416663,-0.018936822,0.42577308,63.516754,85.85691,-3.3290596,WAL
1948792302000,161.274914,3.2844731085098,-18.0752933865031,10.6888871470414,0.21044308,-0.05009095,0.15515977,63.467827,85.44822,-3.0954413,WAL
1948797405000,161.280017,4.44506138576093,-18.4863353404908,10.0215489621017,0.75319684,0.048258353,-0.18417588,63.456284,84.87412,-2.822867,WAL
1948802290000,161.284902,4.96039064089347,-18.4311247113402,9.35443374484536,1.1572843,0.3182608,-0.5305365,63.531986,84.18475,-2.193824,WAL
1948807304000,161.289916,4.65787117105766,-17.7481639232532,8.63022017124857,1.4025466,0.69027776,-0.6826419,63.67782,83.30389,-1.5940095,WAL
1948812256000,161.294868,4.1133633363461,-16.6064335776379,7.86263884822789,1.4709635,0.960891,-0.689056,63.99418,82.43811,-0.741313,WAL
1948817317000,161.299929,3.01080611214583,-14.4013188208591,6.9618890375749,1.4153748,1.0876455,-0.6398814,64.352745,81.49905,0.034518074,WAL
1948822239000,161.304851,1.92389750839738,-12.2922914691804,6.16713510240289,1.2498302,1.1435398,-0.58001655,64.75806,80.659004,0.6877977,WAL
1948827288000,161.3099,0.780391915943584,-10.1981605758382,5.51042305171431,1.0482447,1.171945,-0.49938235,65.16083,79.86189,1.2585156,WAL
1948832294000,161.314906,-0.270558331588116,-8.16749497217057,4.87042363457963,0.8237518,1.1829406,-0.45204028,65.54255,79.22027,1.6241617,WAL
1948837311000,161.319923,-1.06680745913278,-6.27397559768593,4.26352648301334,0.7257079,1.2030991,-0.4352415,65.91571,78.617775,1.9529462,WAL
1948842310000,161.324922,-1.75325878488782,-4.61135059052476,3.66862740139069,0.5143485,1.2415836,-0.3933972,66.26379,78.19135,2.053579,WAL
1948847434000,161.330046,-2.15816965445948,-3.53310479071018,3.08628366124606,0.267559,1.2699889,-0.32895094,66.60737,77.81158,2.1378639,WAL
1948852332000,161.334944,-2.5384831407979,-2.57522902226772,2.54882319566404,0.010079277,1.2873985,-0.22815818,66.94544,77.55089,2.0663717,WAL
1948857307000,161.339919,-2.87362118226772,-2.15505603486614,2.14865843083465,-0.22907446,1.2730432,-0.11759156,67.27646,77.357994,1.9717169,WAL
1948862299000,161.344911,-3.20726941230911,-1.86464561382597,1.82216195671825,-0.43157628,1.2348641,0.0076358155,67.60734,77.2922,1.7734277,WAL
1948867316000,161.349928,-3.53227614334324,-2.08624116134058,1.78769151079225,-0.623388,1.0952814,0.1423316,67.89724,77.29159,1.5460438,WAL
1948872304000,161.354916,-3.76623302377002,-2.47312764850473,1.79259045479452,-0.82986045,0.820392,0.29871312,68.13949,77.40258,1.2352396,WAL
1948877287000,161.359899,-3.73861126355393,-3.34781725079105,1.91228484520548,-1.0793989,0.408058,0.43554693,68.29609,77.57513,0.9063767,WAL
1948882332000,161.364944,-3.72945978192414,-4.3305699886208,2.00748706322462,-1.3521502,-0.115453534,0.5403103,68.34072,77.82351,0.51599187,WAL
1948887309000,161.369921,-3.80255629551171,-5.72427602675596,1.9879946867396,-1.6358972,-0.70066243,0.61361414,68.245346,78.13232,0.121278614,WAL
1948892342000,161.374954,-3.97542648718581,-7.2500270360966,1.87873066144899,-1.8765781,-1.3313808,0.6719518,67.98976,78.502495,-0.25688767,WAL
1948897312000,161.379924,-4.47274075579103,-9.14075970253327,1.47524925799901,-2.058005,-1.9685133,0.73914695,67.5635,78.91567,-0.6273535,WAL
1948902307000,161.384919,-5.09679433259691,-11.1044884588271,0.942081566770436,-2.1533,-2.557082,0.8503244,66.98624,79.40191,-0.99403346,WAL
1948907307000,161.389919,-6.23162391685077,-13.3308697602932,-0.115810329192609,-2.1481075,-3.018896,1.0024298,66.26248,79.878006,-1.3668759,WAL
1948912273000,161.394885,-7.2421864462217,-15.3166281008527,-1.14667128200529,-2.048842,-3.2855387,1.1487321,65.46793,80.44009,-1.8136685,WAL
1948917317000,161.399929,-7.79138016206998,-16.4102822900127,-2.11249549237479,-1.8359555,-3.2378912,1.2559389,64.63273,80.90697,-2.2822385,WAL
1948922324000,161.404936,-8.02114662642324,-17.4059161769729,-2.80931137386141,-1.4972308,-2.8506026,1.2699889,63.881207,81.421326,-2.920503,WAL
1948927339000,161.409951,-6.67290217314488,-17.9527564434629,-2.1964728114841,-1.0198395,-2.1902573,1.1826351,63.225945,81.73343,-3.5532517,WAL
1948932372000,161.414984,-5.26509557909063,-18.4633533656619,-1.43754543493296,-0.46609017,-1.8393153,0.95478237,62.63923,81.975075,-4.1937766,WAL
1948937341000,161.419953,-3.5379682647041,-18.7320180131062,0.198427856316161,0.026267206,-1.2134838,0.8078693,62.32254,82.0102,-4.837268,WAL
1948942350000,161.424962,-1.93056551279375,-18.7522797167704,1.69851702811543,0.20311269,-0.8576548,0.514654,62.067398,82.0704,-5.1118126,WAL
1948947366000,161.429978,-1.07606338782488,-17.3565924638798,2.35838265918569,0.3707952,-0.70554936,0.28069258,61.93722,82.02059,-5.3623447,WAL
1948952313000,161.434925,-0.303412939728525,-15.9240689135044,2.89475577697414,0.37140608,-0.5742133,0.09682214,61.933586,82.02958,-5.2391953,WAL
1948957342000,161.439954,-0.0361922289170713,-14.0535240673734,2.59413239136035,0.2275473,-0.42913285,-0.051923547,61.98057,82.06437,-5.0752373,WAL
1948962310000,161.444922,0.20864018511596,-12.2112636834328,2.25847789543987,0.05100725,-0.38240165,-0.14202617,62.04707,82.10342,-4.7580676,WAL
1948967352000,161.449964,0.284242515543595,-10.3920827987083,1.56860670182992,-0.14263703,-0.44990227,-0.17898351,62.11795,82.17658,-4.43133,WAL
1948972404000,161.455016,0.348175687309663,-8.61185130417978,0.857227928206742,-0.3539964,-0.655153,-0.20250183,62.18939,82.314415,-4.0541725,WAL
1948977332000,161.459944,0.267573833150562,-7.39009689303371,-0.0802988670112361,-0.57879484,-0.9074403,-0.19822577,62.219757,82.48388,-3.6854932,WAL
1948982276000,161.464888,0.186710284659775,-6.16437574678652,-1.02086958039551,-0.7867944,-1.1178834,-0.15210545,62.258472,82.749954,-3.2947261,WAL
1948987342000,161.469954,-0.153165606842949,-5.19562288441506,-1.83460123551683,-0.9621128,-1.2406673,-0.06383542,62.241276,83.03851,-2.9277415,WAL
1948992312000,161.474924,-0.539316964935897,-4.30413759695513,-2.60213664447115,-1.1157454,-1.3836098,0.021991149,62.152824,83.35105,-2.5809684,WAL
1948997340000,161.479952,-0.963025201151479,-3.48891594889815,-3.041118144054,-1.3362677,-1.5903877,0.118202426,62.027645,83.81015,-2.3049006,WAL
1949002250000,161.484862,-1.38311559916617,-2.70941484734961,-3.40519644740917,-1.6029104,-1.8952094,0.21502456,61.8346,84.3008,-2.0588062,WAL
1949007344000,161.489956,-1.77159067617758,-2.06686456207564,-3.76740320433311,-1.8750509,-2.1826215,0.31490102,61.486412,84.90052,-2.0037491,WAL
1949012263000,161.494875,-2.13610032772995,-1.48364924329239,-4.11368748273527,-2.132225,-2.4544566,0.4111123,61.064648,85.53775,-1.9745833,WAL
1949017355000,161.499967,-2.44926402050209,-1.12783265732417,-4.44024207939829,-2.3359487,-2.679255,0.50793445,60.50085,86.187614,-2.104378,WAL
1949022243000,161.504855,-2.72906929748954,-0.866680992426778,-4.74336445062761,-2.4791965,-2.8209758,0.59315014,59.889744,86.76855,-2.2647018,WAL
1949027335000,161.509947,-2.85899725724409,-0.91852511626378,-4.97862378015748,-2.522568,-2.889698,0.6582073,59.2252,87.13533,-2.531937,WAL
1949032312000,161.514924,-2.92936704064961,-1.08272116160925,-5.18035040767717,-2.4437664,-2.893974,0.68630713,58.54547,87.15014,-2.8255186,WAL
1949037337000,161.519949,-2.88130511252485,-1.56751197992048,-5.23167840407555,-2.3631322,-2.8029552,0.7348709,57.884834,93.27357,-3.2060716,WAL
1949042371000,161.524983,-2.78546085499006,-2.18091508803181,-5.22209403836978,-2.1493294,-2.645352,0.7742717,57.250633,93.95741,-3.6047785,WAL
1949047366000,161.529978,-2.56475119020603,-2.91903977151388,-5.31095577292724,-1.9120082,-2.3722951,0.8567385,56.697216,94.815895,-4.0470343,WAL
1949052311000,161.534923,-2.29607733577187,-3.70149351501941,-5.43822216717428,-1.6612481,-2.0708332,0.956615,56.208183,95.72569,-4.5123568,WAL
1949057343000,161.539955,-2.1926661153403,-4.81026418423982,-5.22670431132702,-1.3240504,-1.8527542,1.029308,55.8008,96.589325,-4.9639745,WAL
1949062338000,161.54495,-2.16463987805878,-6.04809044456596,-4.86703411989064,-1.0076222,-1.6832392,1.1047498,55.47935,97.44495,-5.4437695,WAL
1949067355000,161.549967,-2.15162930113086,-7.67191546365105,-4.50094455553312,-0.7519751,-1.5473217,1.2226468,55.281914,98.2038,-5.865178,WAL
1949072345000,161.554957,-2.14680415654281,-9.4909961825525,-4.1342332141559,-0.56413406,-1.3457361,1.3310753,55.165947,98.92415,-6.2966657,WAL
1949077329000,161.559941,-2.0134376991638,-11.4963321495327,-4.05660425774717,-0.45845437,-1.0170907,1.3741413,55.19077,99.46539,-6.6519704,WAL
1949082439000,161.565051,-1.81123653241515,-13.6483298504673,-4.12400447909493,-0.47067168,-0.56382865,1.352761,55.31943,99.99327,-7.0023413,WAL
1949087343000,161.569955,-1.31011622261974,-14.9672866286175,-4.06079859667238,-0.5870415,-0.1001819,1.3142766,55.598515,100.34842,-7.248408,WAL
1949092384000,161.574996,-0.623717904729253,-15.9068244165574,-3.92449274226076,-0.79504114,0.2941316,1.2791518,55.98708,100.717575,-7.472627,WAL
1949097465000,161.580077,0.110428215014522,-15.9537205542313,-3.70658681129695,-1.0143417,0.602924,1.2067643,56.55487,100.9364,-7.5182867,WAL
1949102347000,161.584959,0.836203437904857,-15.5650801067601,-3.45841849426139,-1.2302825,0.8210029,1.0882565,57.193882,101.19237,-7.542585,WAL
1949107339000,161.589951,1.42089273436703,-14.8037989915604,-3.25414631353288,-1.4495832,0.9236283,0.9111055,57.856922,101.3657,-7.4214497,WAL
1949112355000,161.594967,1.92530760133464,-13.8468249511286,-3.07500831557409,-1.6557503,0.88117313,0.67256266,58.51693,101.57191,-7.2703276,WAL
1949117343000,161.599955,2.12819319163611,-12.9304308504608,-2.60281871322961,-1.8133535,0.62858033,0.39706242,59.01904,101.7842,-7.0528216,WAL
1949122344000,161.604956,2.1471778618571,-12.033404786047,-1.94784714457437,-1.9370537,0.17684549,0.14538592,59.434853,102.01903,-6.8038993,WAL
1949127336000,161.609948,2.07791794282407,-10.9160935219444,-1.31180173586667,-1.9914207,-0.09315695,-0.06078109,59.729855,102.283615,-6.503291,WAL
1949132353000,161.614965,1.94890323287037,-9.64374190722222,-0.684523550133333,-1.9807305,-0.6722572,-0.15027285,59.800247,102.55864,-6.216882,WAL
1949137351000,161.619963,1.5797054681771,-8.8747969394132,-0.386609434602267,-1.9507982,-1.1893547,-0.2947425,59.766125,102.76102,-5.8913007,WAL
1949142387000,161.624999,0.9002827323059,-8.73686889535007,-0.50410359794937,-1.8359555,-1.5546521,-0.40194935,59.609875,102.94474,-5.5856323,WAL
1949147365000,161.629977,0.157453928871032,-8.67131028675595,-0.676819920902778,-1.6740762,-1.781283,-0.52015173,59.289063,103.07194,-5.313521,WAL
1949152447000,161.635059,-0.658529909212302,-8.66165373050595,-0.898922025486111,-1.4996742,-1.9193386,-0.63529986,58.88845,103.15765,-5.034814,WAL
1949157337000,161.639949,-1.34699949321771,-8.50141052494913,-1.07523759819785,-1.350623,-1.9355265,-0.7199047,58.50603,103.22899,-4.811529,WAL
1949162342000,161.644954,-1.96931094172076,-8.2088309108129,-1.22384934022866,-1.2296717,-1.8500054,-0.7629707,58.113308,103.25405,-4.575796,WAL
1949167344000,161.649956,-2.51145512099821,-7.8836768062239,-1.31589978528535,-1.142318,-1.6893479,-0.7464773,57.733837,103.328316,-4.446167,WAL
1949172343000,161.654955,-2.9636398697753,-7.52192922588984,-1.34445879693776,-1.0671816,-1.5219707,-0.6554584,57.38755,103.37315,-4.3225565,WAL
1949177340000,161.659952,-3.26911445650064,-7.21101200975344,-1.37947652285375,-1.0097603,-1.3573426,-0.50701815,57.017967,103.52549,-4.3244896,WAL
1949182419000,161.665031,-3.40397299591049,-6.95574410505991,-1.42282394464799,-0.9654725,-1.2443326,-0.31398472,56.694458,103.668076,-4.3576307,WAL
1949187289000,161.669901,-3.49058643401562,-6.87753839115989,-1.51712611245921,-0.95203346,-1.1328496,-0.06811147,56.39318,103.8879,-4.5146947,WAL
1949192370000,161.674982,-3.52426764093741,-7.01707476959359,-1.68553224755265,-0.97249746,-1.0085385,0.16371189,56.14258,104.117195,-4.712947,WAL
1949197348000,161.67996,-3.39293816161916,-7.17561374287411,-1.82682615527514,-1.0085385,-0.82741696,0.33658674,55.943893,104.39631,-4.9780717,WAL
1949202355000,161.684967,-3.03226101773555,-7.36544386033254,-1.93597840839272,-1.0231993,-0.6041457,0.44501534,55.80641,104.68893,-5.2763476,WAL
1949207241000,161.689853,-2.60396968817677,-7.57754979223264,-1.99123010311842,-1.0317514,-0.37232238,0.5503896,55.738388,105.0312,-5.6120872,WAL
1949212361000,161.694973,-2.02705279971303,-7.8449015580639,-1.96308783259996,-1.0467176,-0.23182335,0.6575964,55.71837,105.38868,-5.9654965,WAL
1949217245000,161.699857,-1.50095994215627,-8.13028545669291,-1.87782562289522,-1.0564915,-0.15577064,0.73884153,55.7712,105.72901,-6.269646,WAL
1949222349000,161.704961,-1.01245582392489,-8.50529884251969,-1.64097508512013,-1.0647382,-0.15821409,0.7693848,55.849026,106.07575,-6.57967,WAL
1949227272000,161.709884,-0.602678875719359,-8.83150985027354,-1.43172475734715,-1.0580186,-0.19364429,0.77488256,55.969048,106.34576,-6.800139,WAL
1949232392000,161.715004,-0.315604461053844,-9.09034700547078,-1.25759768027642,-1.0580186,-0.31795537,0.7425067,56.06534,106.615074,-7.020007,WAL
1949237281000,161.719893,-0.0863211708952621,-9.30634690863288,-1.1226650964829,-1.0711522,-0.4822781,0.68539083,56.1299,106.78529,-7.1548676,WAL
1949242425000,161.725037,-0.00040549079449665,-9.42567465051836,-1.08925346830733,-1.0775663,-0.66920286,0.6038403,56.14876,106.94472,-7.281848,WAL
1949247323000,161.729935,0.0424661663341413,-9.51473883423457,-1.06609703315309,-1.0919216,-0.8222246,0.5195409,56.09565,107.046104,-7.357779,WAL
1949252387000,161.734999,-0.102219872368078,-9.48761012791348,-1.0841827744173,-1.1071932,-0.94225967,0.4361578,55.993797,107.13697,-7.4208555,WAL
1949257562000,161.740174,-0.259933785152813,-9.44902052988125,-1.09959436005451,-1.1142182,-1.0210613,0.36774087,55.812523,107.22559,-7.4743524,WAL
1949262348000,161.74496,-0.523145887730193,-9.28395523768737,-1.07728826466809,-1.138042,-1.0497719,0.31215215,55.60889,107.30966,-7.5114155,WAL
1949267670000,161.750282,-0.818839693802922,-9.10053350655997,-1.04939066390621,-1.1377366,-1.0671816,0.28160888,55.385242,107.39905,-7.5603075,WAL
1949272349000,161.754961,-1.14406260329022,-8.94209186498558,-0.957661104568717,-1.1588113,-1.0491611,0.28710666,55.16542,107.493095,-7.601068,WAL
1949277260000,161.759872,-1.48541111974505,-8.77579417279241,-0.861383296082628,-1.1942415,-1.0106765,0.31245756,54.918903,107.63265,-7.6931887,WAL
1949282360000,161.764972,-1.75821355392696,-8.57661770635318,-0.739373568884442,-1.2156218,-0.9575313,0.36377025,54.688553,107.77217,-7.7877584,WAL
1949287250000,161.769862,-2.00185439144572,-8.37983079889945,-0.617553145232616,-1.2336423,-0.9202685,0.4288274,54.472,107.91908,-7.887792,WAL
1949292411000,161.775023,-2.23495207305699,-8.32593906447899,-0.574437508025331,-1.2522738,-0.8970556,0.50243664,54.23913,108.12061,-8.061528,WAL
1949297291000,161.779903,-2.45019589343696,-8.30800171656112,-0.552016272638649,-1.2464706,-0.88025683,0.5907067,54.025402,108.32458,-8.250195,WAL
1949302328000,161.78494,-2.58741271563253,-8.41340829738956,-0.54943660811245,-1.2370021,-0.895223,0.6789767,53.794132,108.56085,-8.502328,WAL
1949307252000,161.789864,-2.69157296490964,-8.5601800813253,-0.554171162650602,-1.2305881,-0.9502009,0.7431176,53.56514,108.799286,-8.768801,WAL
1949312329000,161.794941,-2.75164873631428,-8.77683799654526,-0.629738135485145,-1.2012665,-1.0183123,0.7996226,53.324192,109.05947,-9.093432,WAL
1949317300000,161.799912,-2.793940410611,-9.01179147004244,-0.728418643421182,-1.1716396,-1.0742066,0.8347474,53.07806,109.319016,-9.427249,WAL
1949322317000,161.804929,-2.75294811731754,-9.27143013593013,-0.765794872154737,-1.1368202,-1.1462886,0.86437434,52.80073,109.5803,-9.793383,WAL
1949327363000,161.809975,-2.67856037132818,-9.54149017146873,-0.778731885406418,-1.0946705,-1.1841623,0.87689704,52.522152,109.83092,-10.159022,WAL
1949332208000,161.81482,-2.60713575196265,-9.80079276207208,-0.791153571733092,-1.0784826,-1.2415836,0.87964594,52.220627,110.08611,-10.532109,WAL
1949337250000,161.819862,-2.5328069736673,-10.0706387191045,-0.804080329722585,-1.0500773,-1.2883148,0.88086766,51.91619,110.32565,-10.902206,WAL
1949342252000,161.824864,-2.45906787231202,-10.3383438910752,-0.816904535090185,-0.9960158,-1.3182472,0.86590147,51.594673,110.55417,-11.269012,WAL
1949347239000,161.829851,-2.38554989980926,-10.6052462686477,-0.829690283224576,-0.93492925,-1.3203852,0.8594874,51.27271,110.77182,-11.631358,WAL
1949352232000,161.834844,-2.1981889629478,-10.8276260772774,-0.92572141258956,-0.8677341,-1.3170254,0.86132,50.93932,110.97535,-11.99062,WAL
1949357230000,161.839842,-1.96792798239509,-11.0333907190379,-1.05309981647902,-0.77304995,-1.2812898,0.87017757,50.618446,111.15502,-12.33866,WAL
1949362242000,161.844854,-1.57616620882148,-11.0766780216808,-1.39556600492292,-0.6536258,-1.2089024,0.88514376,50.289356,111.245415,-12.61519,WAL
1949367232000,161.849844,-1.13891898485331,-11.0719252389856,-1.79954434554948,-0.49754974,-1.1087204,0.9083566,49.9844,111.30804,-12.881819,WAL
1949372227000,161.854839,-0.625249467468974,-11.0997471900358,-2.21837639289976,-0.30940324,-0.9459248,0.93034774,49.73227,111.31928,-13.08821,WAL
1949377219000,161.859831,-0.0880340511062052,-11.1377804119928,-2.64149297142005,-0.12186762,-0.7076874,0.92271197,49.533195,111.296074,-13.2704,WAL
1949382230000,161.864842,0.549896232206194,-11.0183141668332,-2.848945904995,0.04062254,-0.44043383,0.9007208,49.44314,111.24962,-13.356081,WAL
1949387227000,161.869839,1.21920118536264,-10.8462072032967,-2.9828068489011,0.13805555,-0.1994475,0.85154617,49.40982,111.17323,-13.412208,WAL
1949392211000,161.874823,1.83626781877436,-10.5944374085152,-2.92994390452065,0.14538592,-0.0061086523,0.76144356,49.42287,111.0958,-13.394001,WAL
1949397259000,161.879871,2.44386135821317,-10.311835476325,-2.81219330436477,0.07696902,0.09682214,0.6420194,49.4693,111.00249,-13.343376,WAL
1949402277000,161.884889,2.7804663,-10.3014516666667,-2.5825456,-0.059864793,0.11453723,0.46395215,49.521255,110.87003,-13.175279,WAL
1949407297000,161.889909,3.00348090494178,-10.4061326625959,-2.30491521999432,-0.21594086,0.04520403,0.24312437,49.56052,110.73112,-12.965518,WAL
1949412311000,161.894923,2.93950562785092,-10.7704127383026,-2.02767789507798,-0.35888332,-0.12370021,0.025350908,49.53762,110.53747,-12.648689,WAL
1949417349000,161.899961,2.68052839607049,-11.3127987976504,-1.749155121349,-0.46517387,-0.30695978,-0.16157386,49.47176,110.34316,-12.292837,WAL
1949422334000,161.904946,2.15298582904058,-11.759035302411,-1.53081531837484,-0.5412266,-0.38331795,-0.3032946,49.30249,110.10118,-11.880661,WAL
1949427330000,161.909942,1.4646605039488,-12.1530421979363,-1.34567958879849,-0.6010914,-0.5027421,-0.35460728,49.058765,109.87227,-11.468926,WAL
1949432400000,161.915012,0.641698976260355,-12.2471114244576,-1.30030370102564,-0.61758476,-0.5873469,-0.4202753,48.733955,109.5962,-11.052957,WAL
1949437347000,161.919959,-0.236681240088757,-12.1536663022682,-1.34235383525641,-0.6227771,-0.5925393,-0.44043383,48.39657,109.34075,-10.649127,WAL
1949442348000,161.92496,-1.08569383292213,-11.8545135921357,-1.41139395528142,-0.59895337,-0.4972443,-0.41996986,48.02796,109.10767,-10.341527,WAL
1949447437000,161.930049,-1.9217648679973,-11.4035990588859,-1.50063753533153,-0.50885075,-0.3594942,-0.35430184,47.674168,108.87105,-10.045747,WAL
1949452408000,161.93502,-2.19896015087889,-11.5103208709677,-1.38434905186401,-0.39614612,-0.2275473,-0.2611449,47.366024,108.73022,-9.897608,WAL
1949457352000,161.939964,-1.99318002215569,-12.104797,-1.08711096347305,-0.26908615,-0.11728613,-0.1740966,47.099052,108.576485,-9.759061,WAL
1949462333000,161.944945,-1.70179286362081,-12.8097986912549,-0.67231843535876,-0.13713925,-0.0027488936,-0.121256754,46.927876,108.51607,-9.750766,WAL
1949467350000,161.949962,-1.30047582897253,-13.6559490381403,-0.106606427848445,0.0009162979,0.08368854,-0.12675454,46.78543,108.42918,-9.742766,WAL
1949472336000,161.954948,-0.927434297858208,-14.4192551407975,0.368753238684498,0.17654006,0.14385876,-0.1704314,46.61106,108.2177,-9.686178,WAL
1949477330000,161.959942,-0.585034634014119,-15.0897879060356,0.739686181365218,0.36163223,0.10445796,-0.24770586,46.434357,107.97112,-9.619894,WAL
1949482365000,161.964977,-0.251996708103396,-15.622342530664,0.926465027551951,0.52381694,0.03268129,-0.3390302,46.183655,107.53982,-9.455935,WAL
1949487344000,161.969956,0.0621837134637608,-15.9703577227572,0.87812958700963,0.6844745,-0.04428773,-0.4352415,45.922913,107.06672,-9.275611,WAL
1949492321000,161.974933,0.288295195993374,-16.1755568858034,0.739761899503069,0.8390234,-0.081855945,-0.5357288,45.605213,106.450035,-9.007921,WAL
1949497461000,161.980073,0.417796246426971,-16.2187237707298,0.4903524820228,0.9972375,-0.09773844,-0.64904433,45.277306,105.79878,-8.719748,WAL
1949502318000,161.98493,0.458840021497594,-16.0845194354451,0.340539198247795,1.1523973,-0.10873401,-0.7696902,44.92875,105.08634,-8.365501,WAL
1949507343000,161.989955,0.386481174990978,-15.698605882919,0.30677173217923,1.3121386,-0.14294247,-0.8854492,44.57474,104.34208,-7.9913893,WAL
1949512301000,161.994913,0.227044571570577,-15.1955527510934,0.34420242777336,1.4975362,-0.20952678,-1.010982,44.192734,103.58896,-7.593627,WAL
1949517349000,161.999961,-0.0612877547912525,-14.5083603821074,0.483563055526839,1.6988163,-0.2947425,-1.1099422,43.800507,102.80307,-7.18132,WAL
1949522242000,162.004854,-0.393213786061116,-13.8111789657976,0.573721517360994,1.8994855,-0.34422258,-1.1615603,43.415306,102.004074,-6.7717195,WAL
1949527329000,162.009941,-0.821156812514718,-13.0372397624054,0.596484447132044,2.0195205,-0.4392121,-1.2702943,42.994057,101.17287,-6.3304677,WAL
1949532293000,162.014905,-1.2572110989321,-12.3402126910135,0.568039916477937,2.2855523,-0.48838675,-1.3573426,42.60324,100.29505,-5.925872,WAL
1949537352000,162.019964,-1.75507582083417,-11.7984188158876,0.392322977392706,2.5659394,-0.45265114,-1.4385877,42.214466,99.389244,-5.4963346,WAL
1949542290000,162.024902,-2.2671362172341,-11.4055391460631,0.259387549210703,2.8567114,-0.35002577,-1.4999796,41.86864,98.47804,-5.1207204,WAL
1949547415000,162.030027,-2.86964752561619,-11.3678824135418,0.226437706734439,3.126103,-0.23182335,-1.5476271,41.54495,97.52046,-4.7267923,WAL
1949552356000,162.034968,-3.43642184447586,-11.3970854973743,0.167194679398101,3.34632,-0.1740966,-1.5897768,41.279484,96.59933,-4.3903375,WAL
1949557345000,162.039957,-3.95271336143203,-11.6865943660372,-0.00168576186225007,3.4852917,-0.098043874,-1.629483,41.06125,95.66844,-4.0404177,WAL
1949562320000,162.044932,-4.4529399974534,-11.9996988223999,-0.205695025871448,3.520722,0.028710667,-1.6612481,40.926964,94.824196,-3.7643814,WAL
1949567320000,162.049932,-4.90168528623816,-12.4045452622492,-0.542253888049302,3.4758232,0.15424347,-1.6694947,40.823715,94.0531,-3.4876688,WAL
1949572303000,162.054915,-5.3309810755313,-12.7963800103389,-0.876066041883975,3.3649511,0.24007004,-1.668273,40.788013,93.48162,-3.2812157,WAL
1949577289000,162.059901,-5.70581305244113,-13.1529276961516,-1.20518692352096,3.1945198,0.24740042,-1.6612481,40.7732,93.09498,-3.0789082,WAL
1949582333000,162.064945,-6.07872617493619,-13.5015742405309,-1.58548015701889,3.010344,0.19272798,-1.6438384,40.79269,87.02116,-2.9480252,WAL
1949587314000,162.069926,-6.41475933471159,-13.7840363511996,-2.20397568172537,2.8182268,0.08155051,-1.6108516,40.801365,86.96646,-2.8262362,WAL
1949592338000,162.07495,-6.76049211663604,-14.0544995713318,-2.79076800380114,2.6413813,0.0009162979,-1.5503759,40.835308,86.75746,-2.777915,WAL
1949597351000,162.079963,-7.13196724729664,-14.2680982696586,-3.23189488813231,2.4883597,-0.015577064,-1.5238034,40.855965,86.50613,-2.7281222,WAL
1949602289000,162.084901,-7.47131236497915,-14.4858647528291,-3.59655014901727,2.3893993,-0.03573562,-1.5054774,40.863945,86.247406,-2.7423894,WAL
1949607307000,162.089919,-7.63350394778638,-14.7577737051817,-3.48683228135795,2.3115141,-0.09896017,-1.5387696,40.853283,86.010414,-2.7432802,WAL
1949612293000,162.094905,-7.7216625809607,-14.9594067618632,-3.44910206563804,2.2177463,-0.09040806,-1.6869044,40.881584,85.81624,-2.767402,WAL
1949617316000,162.099928,-7.23618502471616,-14.6233073764192,-3.97192417676856,1.9712621,0.10934488,-1.7989981,40.943676,85.67475,-2.7858732,WAL
1949622399000,162.105011,-6.72178469596329,-14.2557390501077,-4.4446869279011,1.6307048,0.28924468,-1.8435913,41.02238,85.55794,-2.7961287,WAL
1949627286000,162.109898,-5.94153447817739,-13.5631572732041,-4.20359840651868,1.2678508,0.559858,-1.8307631,41.179188,85.51482,-2.788287,WAL
1949632914000,162.115526,-5.03514983915668,-12.762390169701,-3.92662268668993,1.1652255,0.6765333,-1.6814066,41.282627,85.57674,-2.741871,WAL
1949637312000,162.119924,-4.16504177774738,-12.0710711177247,-3.72399474162815,1.1612549,0.7351763,-1.6148223,41.44274,85.706635,-2.6760027,WAL
1949643680000,162.126292,-2.91464980399836,-11.1122236911296,-3.40139547883647,1.2275337,1.0216721,-1.3921618,41.63576,85.83348,-2.5927348,WAL
1949647398000,162.13001,-2.27417812039264,-10.951190992805,-2.9365960277932,1.5280794,1.1450669,-1.3411547,41.79922,85.92059,-2.480707,WAL
1949652246000,162.134858,-1.43904990034947,-10.7412161349573,-2.33053154725049,1.6148223,1.2983941,-1.3060299,42.02308,86.03844,-2.296253,WAL
1949657311000,162.139923,-0.718906795443636,-10.7350409950816,-1.84907738154633,1.783421,1.3548992,-1.3084733,42.25186,86.05473,-2.1227689,WAL
1949662266000,162.144878,-0.0420725801868975,-10.7677159203226,-1.40563432105056,1.9294178,1.4193454,-1.3231341,42.52326,86.04142,-1.9644417,WAL
1949667319000,162.149931,0.470992958481164,-10.7150098210086,-1.37264452945984,2.0610592,1.6132951,-1.2980887,42.843605,85.931206,-1.7030852,WAL
1949672262000,162.154874,0.933334911712179,-10.6442432437712,-1.43397561232808,2.2085834,1.8567249,-1.2516629,43.190525,85.75057,-1.454703,WAL
1949677290000,162.159902,1.08588005771012,-10.4811740908464,-1.22056401324268,2.3316727,2.003638,-1.1899655,43.552124,85.46316,-1.1248696,WAL
1949682309000,162.164921,1.16165662200217,-10.2964685608434,-0.941138049866982,2.4058928,2.10046,-1.1456778,43.96041,85.11548,-0.8175058,WAL
1949687313000,162.169925,1.15044232309522,-10.1261113148267,-0.82261816446538,2.3631322,2.169488,-1.0983357,44.41277,84.72416,-0.4696849,WAL
1949692311000,162.174923,1.11541815123022,-9.95974644132443,-0.748191850681423,2.2470677,2.1813998,-1.035722,44.866806,84.31333,-0.15032579,WAL
1949697329000,162.179941,1.08572939061857,-9.65878985927852,-0.833725827180154,2.110234,2.1890357,-0.9633345,45.338665,83.866165,0.1574907,WAL
1949702309000,162.184921,1.05989661843787,-9.27129827656809,-1.02488850316325,1.9953914,2.2149973,-0.89552844,45.808678,83.44283,0.43799186,WAL
1949707307000,162.189919,0.915937710432395,-8.87840358015492,-1.32999489279341,1.9043725,2.2858577,-0.81581056,46.306747,83.027084,0.6760626,WAL
1949712304000,162.194916,0.732943592038435,-8.48426281664869,-1.67252226602608,1.8533652,2.3493876,-0.7254025,46.798927,82.639565,0.88247645,WAL
1949717313000,162.199925,0.501792321040451,-8.1011415483871,-1.91493669108039,1.8225164,2.3689353,-0.64751714,47.322063,82.27765,1.0593971,WAL
1949722317000,162.204929,0.251506656045059,-7.72325883870968,-2.11614678803891,1.7693712,2.3753495,-0.6209445,47.85022,81.94569,1.2165532,WAL
1949727292000,162.209904,-0.0140856744579227,-7.40653095390447,-2.28087737922669,1.754405,2.345417,-0.5647449,48.412266,81.64607,1.3109932,WAL
1949732402000,162.215014,-0.292350351571266,-7.1004397262699,-2.43856063766111,1.7037032,2.310598,-0.5326745,48.967815,81.38087,1.3994263,WAL
1949737313000,162.219925,-0.552478135479459,-6.84818030660092,-2.46840898343823,1.6588045,2.264783,-0.52870387,49.537754,81.14578,1.4358577,WAL
1949742336000,162.224948,-0.814704857369543,-6.61217624843649,-2.43503472171565,1.6200147,2.2159138,-0.52748215,50.089764,80.93454,1.461346,WAL
1949747315000,162.229927,-1.07463455043957,-6.37823951628426,-2.4019528086922,1.5561792,2.1584923,-0.5323691,50.644733,80.77634,1.4360712,WAL
1949752316000,162.234928,-1.33571275791962,-6.14326912112592,-2.36872472131919,1.5015068,2.0787745,-0.54336464,51.174488,80.636024,1.4117671,WAL
1949757308000,162.23992,-1.56544080504748,-5.8972519536032,-2.32073461701149,1.4159856,1.9969184,-0.5537493,51.70351,80.51783,1.3869797,WAL
1949762289000,162.244901,-1.77522504187906,-5.64455733524238,-2.2635206754023,1.3347405,1.949271,-0.5674938,52.215668,80.42215,1.3650843,WAL
1949767350000,162.249962,-1.99897123668153,-5.31867000227836,-2.19688821396731,1.2473868,1.9318613,-0.571159,52.702232,80.38621,1.2366438,WAL
1949772349000,162.254961,-2.22660603741456,-4.95350580356612,-2.12575236968796,1.1655309,1.9135354,-0.56779927,53.172348,80.37896,1.1111295,WAL
1949777355000,162.259967,-2.36022631626209,-4.70238029425696,-1.87275439557924,1.1129965,1.897042,-0.5928447,53.718605,80.3448,0.97039604,WAL
1949782370000,162.264982,-2.43131530215117,-4.52702750858496,-1.49835262757055,1.0180069,1.883603,-0.6310238,54.25697,80.353676,0.83226395,WAL
1949787344000,162.269956,-2.49929023875892,-4.34721602929223,-1.15321636824941,0.91232723,1.8661933,-0.6542367,54.864746,80.3341,0.66464865,WAL
1949792342000,162.274954,-2.56571657194687,-4.16217137138184,-0.825829681036875,0.7666359,1.8280143,-0.6988298,55.461838,80.35875,0.51410836,WAL
1949797346000,162.279958,-2.5927362148439,-3.98947155025208,-0.525242462076789,0.6020077,1.7935003,-0.73945236,56.081734,80.34543,0.36577958,WAL
1949802356000,162.284968,-2.58808435649603,-3.8266547593853,-0.246127842705061,0.42730024,1.7733418,-0.76174897,56.692387,80.38203,0.22447644,WAL
1949807343000,162.289955,-2.57886743307087,-3.71475925418489,0.0732881096762905,0.2770274,1.7498235,-0.752586,57.311184,80.39276,0.08216036,WAL
1949812351000,162.294963,-2.56488052283465,-3.65414994270438,0.436944212236804,0.1423316,1.709201,-0.7489208,57.917374,80.45258,-0.051967494,WAL
1949817348000,162.29996,-2.5655892293561,-3.62217847113763,0.755356059905369,0.016798794,1.6722436,-0.73273283,58.51911,80.496635,-0.18525895,WAL
1949822346000,162.304958,-2.58528274768566,-3.62710182501543,1.01629402106562,-0.105068825,1.5784758,-0.72112644,59.09018,80.58024,-0.31486475,WAL
1949827292000,162.309904,-2.62909199009503,-3.64537253537768,1.17398683624963,-0.16310102,1.5048665,-0.6918049,59.65387,80.61056,-0.44446707,WAL
1949832328000,162.31494,-2.69996800381111,-3.67844800844518,1.22596262898011,-0.27366763,1.450805,-0.65148777,60.192398,80.69079,-0.5779138,WAL
1949837276000,162.319888,-2.7246405141553,-3.65162220174732,1.2238627089624,-0.3726278,1.4107933,-0.5934556,60.712925,80.733925,-0.72162175,WAL
1949842337000,162.324949,-2.69133558693433,-3.54694947397664,1.15249495809365,-0.4465425,1.3903292,-0.5522222,61.21941,80.79983,-0.87093556,WAL
1949847323000,162.329935,-2.61918907527786,-3.51135097620907,1.06207622186843,-0.54458636,1.3628404,-0.49480084,61.71023,80.88822,-1.0530472,WAL
1949852357000,162.334969,-2.48885363863022,-3.57410515187744,0.941395207870231,-0.63316184,1.3029755,-0.4728097,62.182472,80.99163,-1.2340443,WAL
1949857237000,162.339849,-2.38154786275836,-3.59808657963172,0.80434018464487,-0.7467828,1.2174544,-0.44226643,62.64391,81.12622,-1.4225262,WAL
1949862343000,162.344955,-2.29885474404359,-3.56592808594513,0.629765900732807,-0.8164214,1.1582005,-0.41172317,63.091785,81.26771,-1.6147834,WAL
1949867276000,162.349888,-2.21328997137648,-3.55132779927074,0.491751988258888,-0.8924741,1.1129965,-0.3631594,63.51484,81.457596,-1.7894146,WAL
1949872345000,162.354957,-2.11003444651069,-3.5808294511496,0.432748859064114,-0.9783007,1.0656544,-0.32253686,63.916924,81.66264,-1.9660496,WAL
1949877259000,162.359871,-2.02447388717439,-3.62325890956453,0.433211973217339,-1.0708468,1.0097603,-0.29229903,64.30829,81.91113,-2.1333032,WAL
1949882432000,162.365044,-1.97029326971565,-3.7020670804136,0.57605189603102,-1.1777482,0.91629785,-0.25442538,64.67162,82.17579,-2.3084822,WAL
1949887273000,162.369885,-1.94126422848665,-3.77840545074184,0.735169135756677,-1.278541,0.79229224,-0.21655174,65.01051,82.464386,-2.4621155,WAL
1949892304000,162.374916,-1.96509255727003,-3.86418753388724,0.963921241364985,-1.3796391,0.63224554,-0.18234327,65.309975,82.76823,-2.6182513,WAL
1949897308000,162.37992,-1.98876969084458,-3.95579595127624,1.19631842469695,-1.4957036,0.46700647,-0.1554652,65.56579,83.06503,-2.759295,WAL
1949902356000,162.384968,-2.01259135557308,-4.06537550952991,1.44406388711935,-1.5839735,0.26542094,-0.12308934,65.76334,83.36256,-2.9029436,WAL
1949907304000,162.389916,-2.04377607072072,-4.222093286085,1.68427818886604,-1.6737708,0.0888809,-0.07727446,65.914,83.62627,-3.049514,WAL
1949912355000,162.394967,-2.10061802252252,-4.53946074314532,1.92111948983549,-1.7696766,-0.080634214,-0.015577064,66.006874,83.88817,-3.2021825,WAL
1949917302000,162.399914,-2.15229139817823,-4.93810797901211,2.17422033819138,-1.8469511,-0.14172074,0.053450707,66.07004,84.09506,-3.3633096,WAL
1949922344000,162.404956,-2.18856614743168,-5.70441253046295,2.51883074018218,-1.8842138,-0.22907446,0.099265605,66.0754,84.28598,-3.5281312,WAL
1949927359000,162.409971,-2.22111708594348,-6.50447762350527,2.87475552321612,-1.9480493,-0.29443705,0.19822577,66.05944,84.41641,-3.7236757,WAL
1949932451000,162.415063,-2.21201997455461,-7.76897700897304,3.39329115735472,-1.9498819,-0.29749137,0.3371976,66.03342,84.49753,-3.939988,WAL
1949937325000,162.419937,-2.2033123310139,-8.97934032491372,3.88962711194851,-1.9043725,-0.27550024,0.47403142,65.98591,84.4973,-4.1616607,WAL
1949942332000,162.424944,-1.98070834353624,-10.723826464937,4.64482498524902,-1.8017471,-0.18417588,0.6044512,65.953026,84.43884,-4.416222,WAL
1949947335000,162.429947,-1.7416443706432,-12.5059397256645,5.41852270942575,-1.5745052,-0.004886922,0.7150178,65.947525,84.30822,-4.699014,WAL
1949952432000,162.435044,-0.922677405654196,-14.2247359160768,6.81331774782609,-1.2186762,0.21288654,0.7287622,65.960724,84.10418,-4.935474,WAL
1949957259000,162.439871,0.0542179020586451,-15.8186171729019,8.34643590869565,-0.6881397,0.30573806,0.6096435,65.985855,83.85123,-5.156586,WAL
1949962351000,162.444963,1.36684631195701,-16.8670335715272,9.48421958030169,-0.060170226,0.26267207,0.36713,65.995384,83.572105,-5.2148213,WAL
1949967303000,162.449915,2.74146510319432,-17.6665572351375,10.4240098766637,0.535118,0.27000242,0.008857546,66.04876,83.262276,-5.207042,WAL
1949972345000,162.454957,4.01419699243747,-18.1900536333863,10.2761968215562,1.0030408,0.41416663,-0.3555236,66.053894,82.87365,-4.888469,WAL
1949977325000,162.459937,5.22118238287019,-18.5923823769353,9.69400388189758,1.3316863,0.7761043,-0.61758476,66.138176,82.36267,-4.5354843,WAL
1949982369000,162.464981,5.59002169731231,-18.4500820859863,9.03718114826937,1.493871,1.0925325,-0.72265357,66.208466,81.75515,-3.9084494,WAL
1949987329000,162.469941,5.59944387721908,-18.0826244483785,8.36350856669642,1.4853189,1.2315043,-0.7079928,66.33995,81.0381,-3.3124337,WAL
1949992301000,162.474913,4.94423701961817,-16.6252089543873,7.72127015689833,1.3723087,1.2754866,-0.6627888,66.551796,80.41905,-2.5737686,WAL
1949997401000,162.480013,3.95665408347597,-14.6132956467601,7.07819325197969,1.1979067,1.2538009,-0.5882632,66.76686,79.766396,-1.9242586,WAL
1950002347000,162.484959,2.85054209594356,-12.4359845942525,6.47105306711277,0.9966267,1.1988231,-0.5109888,66.98869,79.20668,-1.3526155,WAL
1950007346000,162.489958,1.61878937760141,-10.0618801969084,5.87007685523395,0.7690793,1.1560625,-0.45020768,67.192795,78.69014,-0.84130967,WAL
1950012341000,162.494953,0.528075813040404,-7.98054427222222,5.29800068575758,0.52564955,1.1407908,-0.4175264,67.37991,78.256134,-0.4918411,WAL
1950017351000,162.499963,-0.484831159383838,-6.06135243888889,4.74065944030303,0.27488935,1.1432343,-0.36896262,67.541756,77.891365,-0.18211874,WAL
1950022343000,162.504955,-1.22760566509349,-4.6437755640436,4.12638644893511,0.13439035,1.1377366,-0.32834008,67.7264,77.55735,-0.04877439,WAL
1950027337000,162.509949,-1.83016020307969,-3.4864883449655,3.48079232962704,-0.12705997,1.1475104,-0.21960606,67.903496,77.33357,0.04723589,WAL
1950032348000,162.51496,-2.37093446684438,-2.87878092796499,2.88720248763706,-0.3680463,1.144456,-0.083383106,68.12162,77.14678,-0.005766387,WAL
1950037350000,162.519962,-2.87690314498541,-2.5655620882708,2.32340890827885,-0.57910025,1.0968086,0.076358154,68.319824,77.025536,-0.09438984,WAL
1950042349000,162.524961,-3.37948672812559,-2.70802400368659,2.02126430394117,-0.782213,0.9459248,0.25961772,68.518265,77.014,-0.30578214,WAL
1950047434000,162.530046,-3.88914962342071,-3.08453171993211,1.84678503767679,-0.9816604,0.68569624,0.44868052,68.66076,77.05417,-0.5545552,WAL
1950052349000,162.534961,-4.15124990607395,-3.87783569337294,1.88673390916726,-1.1905763,0.26267207,0.5723807,68.74003,77.21407,-0.8924105,WAL
1950057350000,162.539962,-4.22973994284544,-5.03556314667623,2.09767581255762,-1.402852,-0.29352075,0.659429,68.69849,77.415184,-1.2503961,WAL
1950062335000,162.544947,-4.25887298390942,-6.4074146207787,2.21718486700437,-1.6169603,-0.91996306,0.7324274,68.52888,77.69263,-1.688742,WAL
1950067354000,162.549966,-4.25409895178784,-7.93991203287644,2.27447439903655,-1.7993035,-1.5048665,0.83260936,68.2074,77.99098,-2.1317327,WAL
1950072346000,162.554958,-4.53617775483514,-9.77839158856052,2.14247058460997,-1.9294178,-2.0485365,0.95905846,67.712456,78.31032,-2.5746741,WAL
1950077334000,162.559946,-5.02596962138118,-11.843200462304,1.87356528838963,-1.958434,-2.506991,1.0809261,67.07254,78.61134,-3.0186703,WAL
1950082395000,162.565007,-5.85400554828784,-14.1785442207003,0.664113238545385,-1.8915442,-2.787378,1.1921035,66.33267,78.92696,-3.4593916,WAL
1950087348000,162.56996,-6.88806233037523,-16.6264217381113,-1.15234932213755,-1.717753,-2.7516425,1.2473868,65.55437,79.17264,-3.9089057,WAL
1950092341000,162.574953,-6.64384820355829,-18.0404136525196,-1.67738228851903,-1.4040737,-2.414445,1.239751,64.82315,79.40297,-4.4160857,WAL
1950097436000,162.580048,-5.15980956077925,-18.4720463942948,-0.959612012189643,-0.981355,-1.9336939,1.1435398,64.1523,79.51305,-4.9095197,WAL
1950102230000,162.584842,-3.88095985667236,-18.2153114652074,-0.0822197595782708,-0.46975538,-1.4892895,0.94897914,63.703285,79.748276,-5.4879084,WAL
1950107251000,162.589863,-2.66422549946782,-17.2544779011949,1.04760492937946,-0.035124753,-1.2412782,0.7119634,63.34432,79.84628,-6.0128884,WAL
1950112279000,162.594891,-1.77946327575103,-15.9492523863169,1.73874119266461,0.21319197,-1.1841623,0.45723262,63.059532,79.92551,-6.2305436,WAL
1950117239000,162.599851,-1.24190097616255,-14.3170169130658,1.97820085850823,0.2742785,-1.1209377,0.3436117,62.854675,79.94877,-6.422152,WAL
1950122248000,162.60486,-0.882787047144331,-12.7262502865047,1.88595115858576,0.24129178,-1.0555751,0.14935656,62.64271,79.9535,-6.3506107,WAL
1950127240000,162.609852,-0.676546661211667,-11.1884141953484,1.5183052226953,0.09254608,-0.95539325,0.010995574,62.462696,79.97825,-6.269723,WAL
1950132222000,162.614834,-0.500320708849153,-9.68922513078283,1.07782540803306,-0.13897185,-0.8668178,-0.07269296,62.288918,80.02991,-6.1020756,WAL
1950137209000,162.619821,-0.366262340946044,-8.2394089909554,0.531661636829192,-0.38973203,-0.8396343,-0.1432479,62.130695,80.13578,-5.907324,WAL
1950142218000,162.62483,-0.294554139287501,-6.95155431347944,-0.134937830036025,-0.6258314,-0.9459248,-0.17989981,61.981266,80.3183,-5.688239,WAL
1950147253000,162.629865,-0.289728832702892,-5.83691006445512,-0.931112343290303,-0.86834496,-1.1575897,-0.16920967,61.81017,80.555435,-5.4679894,WAL
1950152219000,162.634831,-0.462615698415573,-4.90085145951109,-1.6458919833952,-1.1236867,-1.3909402,-0.1414153,61.592323,80.87802,-5.267316,WAL
1950157233000,162.639845,-0.823458002625622,-4.12699687338162,-2.29366905151652,-1.4049901,-1.5735888,-0.06505715,61.331203,81.243546,-5.0847363,WAL
1950162242000,162.644854,-1.1918811169367,-3.37761090138259,-2.90877760129618,-1.629483,-1.7150042,0.028710667,61.03048,81.70274,-4.945559,WAL
1950167242000,162.649854,-1.57979454316267,-2.68971097699287,-3.44151204718082,-1.8203784,-1.9080375,0.13622294,60.670513,82.1866,-4.8314953,WAL
1950172226000,162.654838,-1.92433122715595,-2.137761705724,-3.89358837308019,-2.0137172,-2.134974,0.25595254,60.260624,82.70573,-4.841395,WAL
1950177258000,162.65987,-2.21564999568339,-1.75995774834231,-4.24408121819212,-2.20278,-2.4013114,0.38515055,59.792778,83.199036,-4.885324,WAL
1950182282000,162.664894,-2.47816750877773,-1.55371085043313,-4.59845301194732,-2.3732114,-2.658791,0.5222898,59.24742,83.63121,-5.051657,WAL
1950187237000,162.669849,-2.67775980150218,-1.70815733949226,-4.95724401362476,-2.5008824,-2.85213,0.6569856,58.649662,83.94823,-5.260136,WAL
1950192231000,162.674843,-2.87892305273647,-1.86381945177507,-5.31885900098643,-2.5592198,-3.0277536,0.7654142,57.994125,84.07828,-5.56555,WAL
1950197294000,162.679906,-3.08286569210355,-2.021632282069,-5.68547027071253,-2.5540276,-3.1111367,0.8454375,57.31692,83.99572,-5.91331,WAL
1950202174000,162.684786,-3.1939186394946,-2.2962556399837,-5.9922433162421,-2.4715607,-3.0109549,0.9202685,56.6489,83.695816,-6.3038135,WAL
1950207201000,162.689813,-3.11543054259222,-2.85548290782556,-6.2031799037905,-2.3228152,-2.9205468,0.9935723,55.965244,96.78472,-6.727861,WAL
1950212231000,162.694843,-3.03255364949375,-3.50434120616438,-6.28591012209649,-2.0934353,-2.6920831,1.0366384,55.40776,97.477844,-7.2320127,WAL
1950217203000,162.699815,-2.94274819505658,-4.30786521803653,-6.13465846674608,-1.9517145,-2.447737,1.1212431,54.89555,98.30121,-7.7760177,WAL
1950222199000,162.704811,-2.83631812334687,-5.16997032376257,-6.09975261726605,-1.6465873,-2.2293527,1.2046263,54.483505,99.14339,-8.307462,WAL
1950227234000,162.709846,-2.69647114437355,-6.14889883584687,-6.30020003654292,-1.3362677,-1.969735,1.3158038,54.17217,100.03302,-8.867893,WAL
1950232224000,162.714836,-2.60820617833034,-7.30432822690234,-6.35752886658678,-1.0207558,-1.6417004,1.462106,53.99181,100.84815,-9.401981,WAL
1950237199000,162.719811,-2.65578414917116,-8.95528465964649,-6.0339983667865,-0.6450737,-1.3051136,1.5723672,53.907166,101.62839,-9.944588,WAL
1950242221000,162.724833,-2.6180664197765,-10.5775453034088,-5.72573969511691,-0.38423425,-0.9465357,1.6227635,54.02096,102.308014,-10.41479,WAL
1950247254000,162.729866,-2.34196503858578,-12.0802618526622,-5.4677434077566,-0.32253686,-0.46211955,1.6307048,54.28462,102.966606,-10.879212,WAL
1950252218000,162.73483,-2.02001536740301,-13.4722710257324,-5.18630738170032,-0.4184427,-0.008246681,1.6154331,54.68438,103.458466,-11.256527,WAL
1950257209000,162.739821,-1.38138617315914,-14.3001230190024,-4.73217108533254,-0.57940567,0.35155296,1.6151277,55.1992,103.95119,-11.620434,WAL
1950262253000,162.744865,-0.714058550687494,-15.0379109308527,-4.29268108793155,-0.7296785,0.6261369,1.599856,55.679405,104.3881,-11.917567,WAL
1950267240000,162.749852,0.103237246757537,-15.0569181934136,-3.99807437303751,-0.904386,0.87689704,1.559539,56.255516,104.84343,-12.190442,WAL
1950272209000,162.754821,0.873719638894325,-15.0188788982387,-3.66787479178082,-1.0989466,1.1258247,1.4731015,56.78309,105.20237,-12.3488245,WAL
1950277232000,162.759844,1.26909741669276,-14.482294711546,-3.01361872054795,-1.3112222,1.2760975,1.2651019,57.345303,105.555084,-12.454628,WAL
1950282284000,162.764896,1.65255654945352,-13.9380806571744,-2.33485017104181,-1.5723672,1.2751812,1.0189233,57.850243,105.83542,-12.431847,WAL
1950287219000,162.769831,1.85159242797553,-13.3504509630001,-1.41549396318059,-1.8466456,1.1029172,0.7644979,58.334938,106.115,-12.354179,WAL
1950292277000,162.774889,2.04207881079315,-12.7561512492326,-0.483376033864739,-2.062892,0.72509706,0.5177083,58.673347,106.31535,-12.201508,WAL
1950297295000,162.779907,2.07063008299832,-12.2612638560253,0.320815930408951,-2.20278,0.21563543,0.2855795,58.90876,106.51374,-12.005932,WAL
1950302349000,162.784961,2.08900740915703,-11.7705682991232,1.097888945277,-2.268448,-0.3494149,0.050701816,58.93862,106.59906,-11.764498,WAL
1950307192000,162.789804,1.97809349220805,-11.3962337389398,1.43525186201674,-2.234545,-0.65148777,-0.16523905,58.885677,106.66049,-11.487186,WAL
1950312383000,162.794995,1.83344748459799,-11.0077422286814,1.75621047541175,-2.1771238,-1.221425,-0.3933972,58.496243,106.62661,-11.237243,WAL
1950317235000,162.799847,1.37607168312835,-10.803961302261,1.5479007477049,-1.9123137,-1.6618589,-0.5006041,58.054405,106.530045,-10.980648,WAL
1950322507000,162.805119,0.869085111764706,-10.584525636486,1.31550573011918,-1.7919732,-1.9346102,-0.691194,57.441246,106.38734,-10.719729,WAL
1950327207000,162.809819,0.215811376470588,-10.4287780538255,0.986705692441369,-1.5247196,-2.0555615,-0.82711154,56.748123,106.146706,-10.464209,WAL
1950332193000,162.814805,-0.477214760588235,-10.2635530650711,0.637897822683583,-1.287704,-2.0595322,-0.8940013,56.00605,105.95176,-10.26908,WAL
1950337216000,162.819828,-1.07461827429449,-9.93077161844884,0.324397100948071,-1.0867293,-1.9895881,-0.9053023,55.25352,105.68946,-10.052517,WAL
1950342222000,162.824834,-1.65904614206182,-9.58103539057401,0.0160768656435977,-0.91538155,-1.8845193,-0.8399397,54.517757,105.38293,-9.834625,WAL
1950347250000,162.829862,-2.06732657522078,-9.12341861454545,-0.228022530359481,-0.79473567,-1.7513506,-0.70005155,53.863712,105.162544,-9.717741,WAL
1950352192000,162.834804,-2.43120344227532,-8.65136236872727,-0.454216264787117,-0.72692966,-1.6172657,-0.53969944,53.252495,104.93096,-9.613879,WAL
1950357235000,162.839847,-2.56524901140084,-8.29614521916635,-0.696446576565474,-0.70066243,-1.4975362,-0.35460728,52.68199,104.84179,-9.647597,WAL
1950362231000,162.844843,-2.66997416686334,-7.95920324512752,-0.937769708179482,-0.70952,-1.3707817,-0.15821409,52.17108,104.77434,-9.712964,WAL
1950367231000,162.849843,-2.67917111374727,-7.7999666387291,-1.33184735008826,-0.73975784,-1.1893547,0.007330383,51.759956,104.810684,-9.849092,WAL
1950372179000,162.854791,-2.66441065074239,-7.68680308902502,-1.75990108548437,-0.7663304,-0.95142263,0.14660765,51.419247,104.87649,-10.014627,WAL
1950377226000,162.859838,-2.39100281334122,-7.59701788136762,-1.99638159085624,-0.7883216,-0.7189884,0.26419923,51.13134,105.04729,-10.250595,WAL
1950382188000,162.8648,-2.08197454783723,-7.51273731642526,-2.19771817548527,-0.818254,-0.5546656,0.37598756,50.908653,105.24612,-10.505788,WAL
1950387235000,162.869847,-1.65850896627123,-7.54463239434374,-2.09341797715669,-0.81245077,-0.48075095,0.44012842,50.76295,105.50915,-10.781858,WAL
1950392192000,162.874804,-1.22149595104869,-7.5986960134004,-1.93122754338047,-0.820392,-0.52931476,0.46792278,50.642605,105.7896,-11.068055,WAL
1950397263000,162.879875,-0.822498364647649,-7.76180250877646,-1.7101533924759,-0.80939645,-0.62949663,0.46303585,50.53114,106.07635,-11.325449,WAL
1950402267000,162.884879,-0.446207233443992,-7.96185577401849,-1.47199442601133,-0.8023715,-0.7809912,0.43249258,50.399242,106.35862,-11.581952,WAL
1950407307000,162.889919,-0.213249856528974,-8.09469598641987,-1.35847234057297,-0.75808376,-0.8481864,0.39400807,50.23089,106.565414,-11.755716,WAL
1950412295000,162.894907,-0.0355208575711097,-8.20133321867733,-1.29182401241745,-0.7318166,-0.9599747,0.36102137,50.00978,106.76296,-11.929033,WAL
1950417324000,162.899936,0.0613656430326718,-8.28598244091603,-1.49184035128753,-0.71868294,-1.0280862,0.31642818,49.74201,106.86527,-12.026821,WAL
1950422309000,162.904921,0.100238217913588,-8.35400980580153,-1.87570701637659,-0.6936375,-1.0277808,0.2779437,49.463726,106.94905,-12.115257,WAL
1950427317000,162.909929,-0.0027725099011798,-8.38272386074418,-2.06899102656045,-0.6933321,-0.9669997,0.24709499,49.144558,107.00406,-12.169056,WAL
1950432410000,162.915022,-0.194585792834527,-8.38764224947061,-2.14768370549561,-0.71776664,-0.8888089,0.22418754,48.831833,107.047775,-12.2093315,WAL
1950437313000,162.919925,-0.411994233566667,-8.38644182333334,-2.134159498,-0.7519751,-0.7874053,0.21838433,48.57341,107.13395,-12.231109,WAL
1950442338000,162.92495,-0.652611533636111,-8.38198585805556,-2.07177719383333,-0.81214535,-0.7153232,0.21502456,48.329895,107.221985,-12.242255,WAL
1950447958000,162.93057,-0.95066334488071,-8.30785470193645,-1.94301694464534,-0.87781334,-0.6579019,0.22052236,48.115417,107.35066,-12.277318,WAL
1950452313000,162.934925,-1.2005394255483,-8.20522682293784,-1.80469269568846,-0.9642508,-0.6398814,0.2574797,47.91416,107.4971,-12.316665,WAL
1950457310000,162.939922,-1.43698844075199,-8.21497963786555,-1.68743842311052,-1.0454959,-0.64934975,0.2947425,47.712383,107.6773,-12.396287,WAL
1950462300000,162.944912,-1.64117296771743,-8.30572874819597,-1.59668973919483,-1.135904,-0.68203104,0.33750305,47.51486,107.879814,-12.485765,WAL
1950467313000,162.949925,-1.84493676277252,-8.41811895428836,-1.5141409923694,-1.2049317,-0.7086037,0.38453966,47.306652,108.11342,-12.635841,WAL
1950472308000,162.95492,-2.04663182180173,-8.5509423430687,-1.44035008955162,-1.2586879,-0.7367035,0.44257188,47.09754,108.36518,-12.798465,WAL
1950477274000,162.959886,-2.23167421824619,-8.66477608614742,-1.39338359609659,-1.3041973,-0.7699956,0.48991394,46.858486,108.6409,-13.010856,WAL
1950482357000,162.964969,-2.40843125204248,-8.76641140019063,-1.36687009409041,-1.3411547,-0.8176431,0.5375614,46.619408,108.92734,-13.234489,WAL
1950487311000,162.969923,-2.56746647018193,-8.86052060281362,-1.33226818350963,-1.3411547,-0.8744536,0.5888741,46.358234,109.22769,-13.49695,WAL
1950492319000,162.974931,-2.70443897824201,-8.94676213444045,-1.28153763085466,-1.3335189,-0.8921687,0.63255095,46.106876,109.53087,-13.761268,WAL
1950497307000,162.979919,-2.84597661787677,-9.03126630662424,-1.19229998897888,-1.3219124,-0.9053023,0.6808093,45.825954,109.86056,-14.067451,WAL
1950502315000,162.984927,-2.99396057930768,-9.11450746601099,-1.05818960240093,-1.2895365,-0.9324858,0.72295904,45.549076,110.18043,-14.374725,WAL
1950507242000,162.989854,-3.11164144223315,-9.23652207549899,-0.900083179037701,-1.2473868,-0.93554014,0.76144356,45.26941,110.511314,-14.696504,WAL
1950512298000,162.99491,-3.18634241625687,-9.42794366878797,-0.694655086086202,-1.2266175,-0.9315695,0.7858781,44.995316,110.834694,-15.016333,WAL
1950517247000,162.999859,-3.25337149839882,-9.64096969439155,-0.480974694628613,-1.1902709,-0.93462384,0.8393288,44.699383,111.15969,-15.364507,WAL
1950522306000,163.004918,-3.30788412807686,-9.91772554266921,-0.233571639425827,-1.1242975,-0.93279123,0.8686504,44.41362,111.46538,-15.701625,WAL
1950527669000,163.010281,-3.35474395960234,-10.2084081720078,0.0157082035468226,-1.0555751,-0.9560041,0.9086621,44.09053,111.74987,-16.048191,WAL
1950532356000,163.014968,-3.27424574874854,-10.4324032824951,0.0892065555032359,-0.9550878,-0.99387777,0.9468411,43.772003,112.01416,-16.393353,WAL
1950537329000,163.019941,-3.18883554977778,-10.6700665392593,0.167189765291852,-0.8374963,-1.0512991,0.99204516,43.391056,112.231316,-16.740152,WAL
1950542358000,163.02497,-2.98132321603948,-10.8847931727329,0.0796856084669957,-0.6731735,-1.0980303,1.0213667,43.009483,112.42194,-17.085266,WAL
1950547531000,163.030143,-2.6145804929673,-11.0732582319556,-0.220839635058606,-0.46731192,-1.1175779,1.054048,42.62845,112.591194,-17.435621,WAL
1950552286000,163.034898,-2.20775643888345,-11.2069135315867,-0.540632301885406,-0.21685717,-1.0931433,1.070236,42.211903,112.687546,-17.755419,WAL
1950557459000,163.040071,-1.69423342131897,-11.3120442433888,-0.93285063964414,0.03573562,-0.9960158,1.0595458,41.817963,112.750175,-18.061836,WAL
1950562444000,163.045056,-1.17089093755806,-11.4033359721077,-1.31724840833514,0.2611449,-0.8313876,1.0256428,41.461124,112.75897,-18.30341,WAL
1950567397000,163.050009,-0.290578250023877,-11.3673001287172,-1.78057097165183,0.3912592,-0.6374379,0.97127575,41.146442,112.738045,-18.516861,WAL
1950572531000,163.055143,0.665426910192308,-11.2455747400841,-2.20478069636418,0.44440445,-0.410196,0.89369583,40.90276,112.66353,-18.618399,WAL
1950577373000,163.059985,1.69651055759615,-10.8798186005108,-2.43816782435397,0.3912592,-0.18325958,0.784351,40.71447,112.568756,-18.676893,WAL
1950582330000,163.064942,2.75208297399038,-10.505375563777,-2.67709801713492,0.22937989,0.019547688,0.65148777,40.574337,112.422035,-18.60674,WAL
1950587305000,163.069917,3.28466968272109,-10.4940790495627,-2.59350344618076,0.00061086525,0.13530666,0.49938235,40.466103,112.266075,-18.491844,WAL
1950592304000,163.074916,3.37306764585034,-10.7918401851312,-2.23525922014577,-0.24312437,0.13713925,0.29932398,40.370438,112.09748,-18.322636,WAL
1950597320000,163.079932,3.21861467123727,-11.2107957384905,-1.7464105915394,-0.44929138,0.02076942,0.08674286,40.242847,111.81857,-17.959938,WAL
1950602199000,163.084811,2.81527595929615,-11.7434096460823,-1.13623151796149,-0.61483586,-0.06352998,-0.11301007,40.10832,111.53387,-17.548323,WAL
1950607227000,163.089839,2.17535756615162,-12.0119087371318,-0.715261225113472,-0.6942484,-0.2779437,-0.19181168,39.82632,111.1899,-17.104692,WAL
1950612248000,163.09486,1.4184402402704,-12.1326440280058,-0.404135699565427,-0.7171558,-0.4718934,-0.32253686,39.505863,110.81592,-16.604727,WAL
1950617244000,163.099856,0.67252060042915,-12.1530451449393,-0.320706712510121,-0.69058317,-0.5934556,-0.39614612,39.013275,110.440544,-16.174942,WAL
1950622262000,163.104874,-0.0716729042550607,-12.1044050817814,-0.393666858036437,-0.59895337,-0.61453044,-0.42088616,38.49063,110.04805,-15.737314,WAL
1950627240000,163.109852,-0.537761643916873,-12.1820071420089,-0.479608002927264,-0.45081854,-0.5332854,-0.408058,37.94384,109.70114,-15.403905,WAL
1950632321000,163.114933,-0.841132712302821,-12.3409159826818,-0.575916278764968,-0.29443705,-0.4175264,-0.35033122,37.41008,109.34756,-15.079802,WAL
1950637258000,163.11987,-0.906551215814742,-12.6414663611974,-0.586005371855408,-0.12370021,-0.2846632,-0.28924468,36.949757,109.07849,-14.861602,WAL
1950642307000,163.124919,-0.820067877238068,-13.0465726837052,-0.540487802722395,0.043982297,-0.16157386,-0.21135938,36.53247,108.80369,-14.659506,WAL
1950647270000,163.129882,-0.676529032329202,-13.5473693579574,-0.368359009679722,0.20616703,-0.0015271631,-0.17165314,36.17361,108.5559,-14.501538,WAL
1950652224000,163.134836,-0.469537040146753,-14.1589366053545,-0.0578710656162618,0.3979787,0.14966199,-0.17654006,35.857613,108.28615,-14.346476,WAL
1950657490000,163.140102,-0.222920480660387,-14.7572611614504,0.239041871880887,0.59223384,0.23487769,-0.22327125,35.541683,107.9627,-14.163142,WAL
1950662186000,163.144798,0.0230559232371113,-15.2401034723995,0.471352920534792,0.7993172,0.25442538,-0.30024028,35.255745,107.60535,-13.967305,WAL
1950667234000,163.149846,0.274779086120815,-15.6181059665211,0.557720060087336,1.0103711,0.24495697,-0.37782016,34.951065,107.12195,-13.694501,WAL
1950672426000,163.155038,0.519050395742358,-15.8442829388646,0.458202116681223,1.2137892,0.24648413,-0.45845437,34.66056,106.60391,-13.403936,WAL
1950677459000,163.160071,0.741937176304089,-15.9664631417417,0.312237552455265,1.4107933,0.2574797,-0.56107974,34.32549,105.97579,-13.0411825,WAL
1950682247000,163.164859,0.925928992636373,-15.8868990541156,0.073545429774428,1.6013832,0.2761111,-0.6844745,34.00112,105.31645,-12.658481,WAL
1950687202000,163.169814,1.005928175275,-15.637417169557,-0.0508279715048063,1.7666223,0.27122417,-0.82253003,33.651287,104.60696,-12.223446,WAL
1950692214000,163.174826,0.939335656904172,-15.1617564659598,-0.0127750869062531,1.92392,0.23090707,-0.98624194,33.30239,103.86097,-11.757254,WAL
1950697243000,163.179855,0.773498644904805,-14.5945198748867,0.0946610490176791,2.0677788,0.15515977,-1.1334605,32.913387,103.11299,-11.271704,WAL
1950702246000,163.184858,0.469428506237534,-13.9038464264733,0.298822422070172,2.233018,0.10934488,-1.2534955,32.526085,102.333176,-10.7573395,WAL
1950707177000,163.189789,0.0970270676971954,-13.1925879945223,0.491853171644391,2.4397957,0.018325957,-1.2959507,32.11172,101.563156,-10.262343,WAL
1950712289000,163.194901,-0.589481411829536,-12.329088981376,0.658116922590929,2.562885,-0.024129177,-1.3414601,31.703344,100.7823,-9.7397375,WAL
1950717215000,163.199827,-1.2401119973545,-11.6823533527337,0.767259270952381,2.8591547,-0.042760566,-1.3930782,31.336771,100.00866,-9.254866,WAL
1950722240000,163.204852,-1.88609598324515,-11.3239969006467,0.795550552698413,3.1429017,-0.022296581,-1.4306464,30.977682,99.262115,-8.766755,WAL
1950727223000,163.209835,-2.49571700257118,-11.1473399375298,0.719399569884773,3.395189,0.022602014,-1.4697418,30.696114,98.61742,-8.358761,WAL
1950732246000,163.214858,-3.05000904667175,-11.316834258642,0.439963110538044,3.5753944,0.106901415,-1.509448,30.441069,98.02987,-7.944067,WAL
1950737226000,163.219838,-3.59157905866426,-11.5447973522864,0.0935150353249097,3.642895,0.25625798,-1.5424347,30.297054,97.622314,-7.618967,WAL
1950742301000,163.224913,-4.11795763116727,-11.9688250022062,-0.481602377581227,3.6392298,0.42119157,-1.5653422,30.190947,82.67238,-7.292162,WAL
1950747265000,163.229877,-4.64174850573223,-12.3878039315123,-1.077244216774,3.5204165,0.625526,-1.5555683,30.17839,82.75983,-7.067951,WAL
1950752251000,163.234863,-5.19393625028412,-12.8209849870402,-1.77223905368358,3.288593,0.81000733,-1.5375478,30.21273,82.7584,-6.8479357,WAL
1950757250000,163.239862,-5.73665008059702,-13.2358610298507,-2.35446496268657,3.0338624,0.89980453,-1.5036448,30.282476,82.644455,-6.7343426,WAL
1950762299000,163.244911,-6.2507961880597,-13.5943484029851,-2.58559474626866,2.7748554,0.816116,-1.4672983,30.354677,82.5154,-6.629446,WAL
1950767341000,163.249953,-6.74063297399618,-13.9479067521989,-2.78328358279159,2.579073,0.61208695,-1.4037683,30.47729,82.339294,-6.6294436,WAL
1950772348000,163.25496,-7.13946110726577,-14.2825557721797,-2.8566313459847,2.4355197,0.38026363,-1.3390167,30.563423,82.180084,-6.635082,WAL
1950777302000,163.259914,-7.53009842537676,-14.5848436451142,-2.89988216436558,2.3448062,0.16310102,-1.3051136,30.651194,81.979706,-6.715803,WAL
1950782401000,163.265013,-7.90043406076811,-14.6655580635877,-2.7099662034808,2.2666154,-0.027183503,-1.314582,30.676474,81.80155,-6.7896137,WAL
1950787383000,163.269995,-8.22301982559524,-14.7537970534722,-2.51247326551587,2.2638667,-0.24678956,-1.3842206,30.679377,81.594406,-6.8918657,WAL
1950792370000,163.274982,-8.04297428333333,-14.9622709694444,-2.16185767888889,2.1917844,-0.42332962,-1.5763378,30.639816,81.45203,-6.940711,WAL
1950797401000,163.280013,-7.83522253151399,-15.1276229707442,-1.88676402507771,1.9788979,-0.48716503,-1.6969837,30.620031,81.276344,-7.0238347,WAL
1950802356000,163.284968,-7.22351256044981,-14.5896652618395,-2.84120515805449,1.7418822,-0.3640757,-1.679574,30.599962,81.139595,-7.0804896,WAL
1950807250000,163.289862,-6.61933322676906,-14.0583302411775,-3.78389635982812,1.3408492,0.111177474,-1.6914859,30.682062,81.10068,-7.0517054,WAL
1950812352000,163.294964,-4.87255968247383,-12.9397809891431,-3.52775919542458,1.180497,0.44409904,-1.7125608,30.752083,81.064545,-7.0182457,WAL
1950817251000,163.299863,-2.99879941339667,-11.7664068534316,-3.06386706323187,1.0546589,0.68875057,-1.677436,30.922972,81.08715,-7.001749,WAL
1950822345000,163.304957,-1.97647587173385,-11.2889532210857,-2.60329108097022,1.1337659,0.89827734,-1.5925257,31.142689,81.213036,-6.927118,WAL
1950827268000,163.30988,-1.23637800791979,-11.0263375460806,-2.16400716412801,1.3222178,1.042747,-1.4727961,31.405607,81.32141,-6.8772683,WAL
1950832400000,163.315012,-0.660173003117192,-11.0027364842356,-1.72973307049375,1.541213,1.1936307,-1.423316,31.67281,81.52968,-6.575961,WAL
1950837243000,163.319855,-0.158936443428118,-11.0349261564545,-1.32506507994249,1.7079792,1.3371841,-1.4291192,31.971996,81.68798,-6.3050647,WAL
1950842391000,163.325003,0.152256635155447,-10.9235281316969,-1.13436619848636,1.8173242,1.430341,-1.4688255,32.27101,81.82843,-5.9416637,WAL
1950847314000,163.329926,0.394046206788887,-10.780332415953,-1.01229766323442,1.9144517,1.5176947,-1.505172,32.603436,81.91651,-5.591253,WAL
1950852391000,163.335003,0.643399376641207,-10.6326572892352,-0.886410611949811,1.9892827,1.602605,-1.5100589,32.931732,81.972496,-5.168473,WAL
1950857286000,163.339898,0.883813748598486,-10.4902760118502,-0.765036352340171,2.0158553,1.709201,-1.4929546,33.284283,81.98459,-4.7570143,WAL
1950862313000,163.344925,0.86328958818018,-10.2302314803604,-0.963126495531532,2.033876,1.815186,-1.4355333,33.68559,81.92331,-4.367013,WAL
1950867353000,163.349965,0.766382660612613,-9.93702594522523,-1.25384729120721,2.0451767,1.9425515,-1.3860532,34.115406,81.824066,-3.9962516,WAL
1950872409000,163.355021,0.669168092005148,-9.64288959886744,-1.54549101004376,1.9938642,2.058005,-1.3170254,34.557327,81.68199,-3.5835369,WAL
1950877263000,163.359875,0.575837491526383,-9.36050474419562,-1.82548282397426,1.926669,2.2180517,-1.2431108,35.038105,81.503944,-3.205334,WAL
1950882357000,163.364969,0.408506808276146,-8.98792774507985,-2.16647791238537,1.8606955,2.3170118,-1.1481212,35.52247,81.3063,-2.8670976,WAL
1950887646000,163.370258,0.22393426644721,-8.5927259919711,-2.5236057637495,1.7858646,2.379931,-1.0454959,36.03004,81.105576,-2.5684633,WAL
1950892383000,163.374995,-0.0173707004456042,-8.2967856727218,-2.72393446358892,1.7446312,2.447737,-0.9462303,36.619984,80.91472,-2.3379939,WAL
1950897734000,163.380346,-0.292302267840966,-7.96429321389029,-2.94655741957725,1.7201965,2.5097399,-0.8573494,37.263523,80.73426,-2.1717157,WAL
1950902312000,163.384924,-0.570317871907398,-7.71275526884751,-3.07011992051334,1.7055358,2.5244007,-0.78984874,37.902836,80.55886,-2.0359406,WAL
1950907638000,163.39025,-0.892377712540193,-7.41970541371918,-3.20842532390139,1.6859881,2.500577,-0.732122,38.578224,80.38923,-1.9767537,WAL
1950912300000,163.394912,-1.14469480087694,-7.15433754175193,-3.21277556996979,1.6493362,2.4846945,-0.7156286,39.25284,80.23379,-1.9324664,WAL
1950917307000,163.399919,-1.41568400321543,-6.8693317642015,-3.2174477454448,1.6325374,2.4468207,-0.68966687,39.94604,80.071945,-1.9693556,WAL
1950922309000,163.404921,-1.63320810208877,-6.57804110182768,-3.16649740078329,1.6093245,2.4083362,-0.6771441,40.62909,79.931046,-2.0119555,WAL
1950927270000,163.409882,-1.84454982040422,-6.28859474470554,-3.11136486413306,1.5650368,2.3634377,-0.66859204,41.293568,79.80841,-2.0638633,WAL
1950932326000,163.414938,-2.00285962426561,-6.01762820520196,-2.97288641884945,1.5103643,2.2907448,-0.6618725,41.96346,79.67885,-2.1831799,WAL
1950937247000,163.419859,-2.14706856554468,-5.75805228155855,-2.82387046768666,1.4501941,2.2220223,-0.6600399,42.617104,79.572266,-2.3057873,WAL
1950942394000,163.425006,-2.18094423471734,-5.46984972891211,-2.68575695500238,1.3762794,2.166739,-0.67256266,43.27045,79.459175,-2.48902,WAL
1950947300000,163.429912,-2.19880030342993,-5.19308019773872,-2.55630041022328,1.3017539,2.098933,-0.68630713,43.89703,79.37186,-2.6708574,WAL
1950952311000,163.434923,-2.25756075340591,-4.99200936749611,-2.34398623898393,1.215011,2.0494528,-0.6814202,44.49773,79.29333,-2.8955383,WAL
1950957239000,163.439851,-2.32606501169518,-4.81585597651633,-2.1140077962675,1.1337659,2.0173824,-0.68844515,45.08327,79.24254,-3.1111479,WAL
1950962297000,163.444909,-2.40166947401692,-4.60889513605094,-1.72678896067677,1.0571023,1.964848,-0.70188415,45.72048,79.15772,-3.3058507,WAL
1950967318000,163.44993,-2.47766151784884,-4.39879921638003,-1.3155374139537,0.9810496,1.9300288,-0.7165449,46.349598,79.104126,-3.498477,WAL
1950972309000,163.454921,-2.52806978890989,-4.16358876257089,-0.897606917443814,0.86284715,1.8909334,-0.73945236,47.000763,79.03866,-3.6794186,WAL
1950977299000,163.459911,-2.56821963705104,-3.91767137504726,-0.476034287555135,0.713796,1.8591684,-0.7690793,47.6396,79.01276,-3.853545,WAL
1950982357000,163.464969,-2.6101286096999,-3.72938563581801,-0.226585581016457,0.5510005,1.8310685,-0.77763146,48.30896,78.95246,-4.003215,WAL
1950987313000,163.469925,-2.65148036063892,-3.55938380116167,-0.0244213213843175,0.39553526,1.8212948,-0.7644979,48.969486,78.937,-4.1515784,WAL
1950992387000,163.474999,-2.68379769783254,-3.46107441211401,0.232462195789786,0.27397305,1.8090774,-0.7351763,49.616077,78.90547,-4.2887797,WAL
1950997390000,163.480002,-2.71224938846002,-3.38994506175772,0.502753915300871,0.14569137,1.7724255,-0.7110472,50.248283,78.919075,-4.42803,WAL
1951002308000,163.48492,-2.77952351088623,-3.36049891358479,0.68700445298988,0.025045475,1.750129,-0.6774496,50.903587,78.91629,-4.567789,WAL
1951007320000,163.489932,-2.862931838802,-3.34577988428907,0.844008081079423,-0.032375857,1.733941,-0.6536258,51.546062,78.92991,-4.711166,WAL
1951012295000,163.494907,-2.93539760718923,-3.32823128473016,0.86699189495204,-0.14752395,1.7079792,-0.605062,52.1745,78.94195,-4.8646083,WAL
1951017319000,163.499931,-3.00532369435132,-3.30958416914059,0.848344925394826,-0.26083946,1.7137824,-0.5342017,52.801746,78.96161,-5.0325,WAL
1951022307000,163.504919,-2.98696690031422,-3.31054893501571,0.770701609101532,-0.3817908,1.6734654,-0.505491,53.411427,78.983406,-5.2073383,WAL
1951027283000,163.509895,-2.9308151051846,-3.31990766525923,0.667756568300275,-0.51923543,1.5864171,-0.47067168,54.00236,79.02475,-5.401468,WAL
1951032365000,163.514977,-2.8567554461792,-3.25571254929577,0.522881586071322,-0.59040123,1.5161675,-0.43676865,54.594707,79.06669,-5.613043,WAL
1951037311000,163.519923,-2.77632017629607,-3.15635135680751,0.362011140175807,-0.6597345,1.4413365,-0.38545597,55.155327,79.12871,-5.833467,WAL
1951042332000,163.524944,-2.67349952796886,-3.0813901845373,0.272062669961565,-0.7360926,1.3759739,-0.35216382,55.6963,79.21781,-6.0452185,WAL
1951047374000,163.529986,-2.55929134596432,-3.01952742342564,0.219717259006603,-0.81031275,1.2938126,-0.3173445,56.20596,79.306595,-6.265587,WAL
1951052401000,163.535013,-2.45291700814254,-3.03186214170975,0.235434545871492,-0.9083566,1.1963795,-0.2855795,56.691547,79.4285,-6.4785843,WAL
1951057309000,163.539921,-2.35311378871861,-3.08393342996677,0.287505779756278,-0.990518,1.0687088,-0.24617869,57.141167,79.54513,-6.6964464,WAL
1951062285000,163.544897,-2.27076474849984,-3.13321388168228,0.417486864526792,-1.0946705,0.9202685,-0.21288654,57.570923,79.68208,-6.883705,WAL
1951067319000,163.549931,-2.20986203968839,-3.17889095303716,0.640797139536793,-1.1911873,0.75747293,-0.17837265,57.95692,79.81456,-7.0744615,WAL
1951072306000,163.554918,-2.16988698419773,-3.24497861063614,0.865489362358185,-1.3109168,0.5729916,-0.14477506,58.29,79.9604,-7.2346573,WAL
1951077289000,163.559901,-2.14571701134522,-3.32715661928687,1.09268730907618,-1.4181237,0.37965274,-0.10476339,58.571373,80.09992,-7.3981333,WAL
1951082361000,163.564973,-2.14959591732475,-3.53745514580287,1.30206109498879,-1.529912,0.20555615,-0.06658431,58.788097,80.22927,-7.5409365,WAL
1951087311000,163.569923,-2.17270460407527,-3.82862474363849,1.4915524469923,-1.6438384,0.05375614,-0.016493361,58.953266,80.350914,-7.6911726,WAL
1951092329000,163.574941,-2.19613074349225,-4.12379424706054,1.68364691251828,-1.7510452,-0.06536258,0.064446285,59.062134,80.44397,-7.837638,WAL
1951097335000,163.579947,-2.21950086185044,-4.41825788479087,1.87528200506971,-1.8594738,-0.1386664,0.19181168,59.13731,80.51523,-8.006826,WAL
1951102310000,163.584922,-2.25519496816532,-5.04844262060877,2.20432097260542,-1.9459113,-0.1459968,0.25503623,59.20004,80.57692,-8.1743355,WAL
1951107307000,163.589919,-2.30419515107512,-6.03735431623383,2.68095853614447,-1.967597,-0.12614368,0.37690386,59.244755,80.57704,-8.391138,WAL
1951112281000,163.594893,-2.29945575417023,-7.27380396877673,3.29751721353721,-1.9752327,-0.11178834,0.52656585,59.27047,80.5274,-8.605538,WAL
1951117324000,163.599936,-2.18584276642429,-9.03996912318221,4.21158522946963,-1.9107865,-0.06078109,0.65209866,59.30944,80.43187,-8.844404,WAL
1951122311000,163.604923,-1.80746625022126,-11.0658274286557,5.35397377913266,-1.7467692,0.05681047,0.79381937,59.353497,80.27413,-9.078205,WAL
1951127293000,163.609905,-1.12714468151244,-13.4070715167666,6.76622723247124,-1.4208726,0.2782491,0.8481864,59.43868,80.0843,-9.317893,WAL
1951132310000,163.614922,-0.0451992621610806,-15.2664071714857,8.44984892936468,-0.8677341,0.42332962,0.7476991,59.50259,79.922226,-9.413097,WAL
1951137314000,163.619926,1.55620760263132,-16.465065681941,10.473183661931,-0.14202617,0.30085114,0.4908302,59.550495,79.740234,-9.473636,WAL
1951142294000,163.624906,3.09777206229949,-17.3991510404503,11.6146136270798,0.59559363,0.14782938,0.1020145,59.556072,79.65613,-9.204257,WAL
1951147321000,163.629933,4.58469129839593,-17.9987143236027,11.6098170166384,1.1096367,0.26083946,-0.310625,59.614067,79.5141,-8.885055,WAL
1951152310000,163.634922,5.74649979592144,-18.4584930390001,11.1698130455784,1.3417655,0.6044512,-0.5500842,59.53446,79.325485,-8.219912,WAL
1951157308000,163.63992,6.48869551568462,-18.7373796541678,10.1442334030636,1.3466524,1.0348058,-0.7275405,59.547474,79.00148,-7.53573,WAL
1951162278000,163.64489,6.72102698628114,-18.4795114530914,9.16015248588127,1.2379184,1.2678508,-0.7583892,59.61308,78.67602,-6.68056,WAL
1951167321000,163.649933,5.7207440840972,-16.9097599400185,8.24900374260228,1.0735956,1.3548992,-0.7498371,59.77205,78.25507,-5.8873963,WAL
1951172239000,163.654851,4.66210554516931,-15.14660551674,7.38062362643964,0.86651236,1.3136657,-0.68752885,60.002953,77.96127,-5.0899224,WAL
1951177308000,163.65992,3.40367349106562,-12.861924204228,6.52618990256361,0.65148777,1.2449434,-0.6270532,60.244442,77.63946,-4.36747,WAL
1951182283000,163.664895,2.15983108142763,-10.6407547863059,5.70820878925789,0.45020768,1.1572843,-0.5885687,60.50596,77.34287,-3.8240135,WAL
1951187312000,163.669924,0.876307284850861,-8.45876452383149,4.94303118111931,0.226631,1.0830641,-0.5671884,60.737408,77.08281,-3.3236918,WAL
1951192239000,163.674851,-0.283795837280463,-6.4938926738907,4.23439195738709,-0.033292156,1.0216721,-0.54153204,60.972466,76.87859,-3.0182712,WAL
1951197515000,163.680127,-1.277463147555,-4.83112276884079,3.5802692645123,-0.31490102,0.9575313,-0.44898596,61.169067,76.73176,-2.7455087,WAL
1951202270000,163.684882,-2.11107273688452,-3.55896064721376,3.03030126216216,-0.5900958,0.9275989,-0.38789943,61.379696,76.66621,-2.638584,WAL
1951207347000,163.689959,-2.83740786653563,-2.79917589641278,2.54767066486486,-0.71685034,0.8671232,-0.22602014,61.547276,76.625786,-2.5819817,WAL
1951212292000,163.694904,-3.49823417016542,-2.23984715310051,2.11541909341201,-0.9370673,0.829555,-0.018325957,61.74435,76.697876,-2.6784658,WAL
1951217344000,163.699956,-4.02712730240882,-2.23516668549869,1.79246653564864,-1.1184943,0.8042041,0.21868975,61.914566,76.778915,-2.8266628,WAL
1951222298000,163.70491,-4.47998787398179,-2.4934453342022,1.58989118549114,-1.3020593,0.74097955,0.4550946,62.083717,76.92703,-3.1297784,WAL
1951227364000,163.709976,-4.63341703641591,-3.99518959559176,1.9199960177288,-1.4822645,0.5308419,0.63529986,62.191967,77.09782,-3.4753222,WAL
1951232368000,163.71498,-4.78155286930693,-5.50235816639604,2.23635604439604,-1.6737708,0.15057829,0.74006325,62.252373,77.32073,-3.929386,WAL
1951237345000,163.719957,-4.89953240792079,-7.20598398518812,2.46759613718812,-1.8493946,-0.3191771,0.79045963,62.219532,77.547005,-4.4046025,WAL
1951242366000,163.724978,-5.05294675068681,-8.98607526648352,2.64310668265306,-1.9285016,-0.86467975,0.79412484,62.05351,77.758514,-4.873777,WAL
1951247448000,163.73006,-5.59254974107143,-11.4739795357143,2.17513226836735,-1.892155,-1.4721853,0.7993172,61.733845,77.94284,-5.3283,WAL
1951252527000,163.735139,-6.1280679229557,-13.8688644374015,1.67307196821572,-1.7693712,-2.0653355,0.8371908,61.273655,78.1069,-5.750404,WAL
1951257342000,163.739954,-6.59234023909998,-15.0840461630187,0.80104762873052,-1.5610662,-2.459038,0.8958339,60.698956,78.20217,-6.154707,WAL
1951263718000,163.74633,-7.18674155243868,-16.6749908106381,-0.340398296667606,-1.3417655,-2.547308,0.9651671,60.124626,78.339294,-6.5794578,WAL
1951267375000,163.749987,-7.05838208965323,-17.1686813429189,-0.689272714947843,-1.1239921,-2.3228152,1.0112875,59.53195,78.3852,-6.9968324,WAL
1951272375000,163.754987,-6.88288378122357,-17.8436752344704,-1.16626809132224,-0.8720101,-1.7287487,1.006095,59.108803,78.466576,-7.4624166,WAL
1951277347000,163.759959,-5.83442882387472,-18.3129358248793,-0.549196359351916,-0.58184916,-0.9034697,0.9584476,58.82053,78.44938,-7.929109,WAL
1951282483000,163.765095,-4.22604593345809,-18.6762760821432,0.744292315916478,-0.121256754,-0.24281894,0.8127562,58.663338,78.335846,-8.365455,WAL
1951287457000,163.770069,-2.6777918113632,-18.3972343804538,1.78618315813457,0.2764165,0.052534413,0.5839872,58.687523,78.27931,-8.715284,WAL
1951292372000,163.774984,-1.1535158803471,-17.7446244546248,2.68979585320923,0.4560109,0.08979719,0.33353242,58.832565,78.19775,-9.018745,WAL
1951297349000,163.779961,0.0305229773755175,-16.3910612034186,2.81022397060197,0.5015204,0.059253927,0.1142318,59.033226,78.18971,-9.004649,WAL
1951302349000,163.784961,0.910015280167746,-14.4338099028559,2.24592537202463,0.4288274,-0.044898596,0.020158553,59.220066,78.19398,-8.960464,WAL
1951307336000,163.789948,1.16361307135173,-12.3433625403925,1.35271175847395,0.37873647,-0.20097467,-0.118507855,59.303463,78.27412,-8.674439,WAL
1951312344000,163.794956,1.08239672055982,-10.1696306372149,0.277789390524953,0.20769419,-0.3912592,-0.17165314,59.339096,78.37794,-8.396368,WAL
1951317325000,163.799937,0.89786409241503,-8.19593038253763,-0.633112538120203,-0.038179077,-0.6747007,-0.20708331,59.2914,78.567,-8.044798,WAL
1951322343000,163.804955,0.653582470806339,-6.31352468653444,-1.46175399883584,-0.30665436,-1.0876455,-0.31795537,59.15221,78.80634,-7.655649,WAL
1951327328000,163.80994,0.271581012807743,-4.89753570757133,-2.26344387484625,-0.6291912,-1.5690074,-0.38606682,58.926666,79.12183,-7.3363476,WAL
1951332310000,163.814922,-0.190191199887085,-3.74310545208186,-3.05230482484121,-0.95111716,-1.8750509,-0.39064834,58.636,79.4953,-7.000795,WAL
1951337309000,163.819921,-0.704458876537102,-2.9069865556673,-3.69404958301169,-1.2345587,-1.92392,-0.33383787,58.319454,79.93833,-6.726152,WAL
1951342335000,163.824947,-1.24959150513545,-2.24410519797952,-4.25662633419407,-1.4899004,-1.8185458,-0.20922135,57.96292,80.42329,-6.470146,WAL
1951347301000,163.829913,-1.60013156138943,-1.73927498040335,-4.55259771204103,-1.7556267,-1.649947,-0.07666359,57.706387,80.97966,-6.2819834,WAL
1951352337000,163.834949,-1.71245272765472,-1.42142997523215,-4.51675055521035,-1.9929478,-1.5946637,0.03848451,57.456585,81.535484,-6.134336,WAL
1951362314000,163.844926,-1.93497621372083,-0.791735849617958,-4.44573246869333,-2.1981986,-1.7751744,0.20066923,56.84833,82.48299,-6.2507577,WAL
1951367302000,163.849914,-1.92990830154608,-0.606671128783983,-4.40282482899331,-2.1786509,-1.885741,0.29779682,56.51404,82.794876,-6.4073887,WAL
1951372227000,163.854839,-1.75374845637106,-0.614864599708156,-4.34956728295839,-2.1209242,-1.9929478,0.4120286,56.154884,82.972115,-6.5999026,WAL
1951377211000,163.859823,-1.58091342305913,-0.656575987618104,-4.28231343733069,-2.0118847,-2.0726657,0.54367006,55.764194,82.99206,-6.8296633,WAL
1951382234000,163.864846,-1.46967125846272,-1.08565295482546,-4.05982899751129,-1.8860464,-2.1618521,0.6914995,55.34538,82.85676,-7.103692,WAL
1951387226000,163.869838,-1.40919698642265,-1.68480748345046,-3.9357652188531,-1.7397442,-2.2919664,0.8542951,54.89522,97.3969,-7.396873,WAL
1951392224000,163.874836,-1.48628536762323,-2.75937292207418,-4.07826190649585,-1.6010778,-2.346639,1.0589349,54.45091,97.787384,-7.7510176,WAL
1951397256000,163.879868,-1.56389815958028,-3.84124832966813,-4.22172795936066,-1.4110987,-2.3808472,1.1701124,53.993256,98.215546,-8.0994,WAL
1951402305000,163.884917,-1.64177315691557,-4.92677872174719,-4.36567869483651,-1.3023647,-2.2779164,1.3900238,53.57499,98.7671,-8.539548,WAL
1951407327000,163.889939,-1.7559264738165,-6.1717258727204,-4.46315206826987,-1.0662653,-2.0610592,1.5754215,53.19188,99.34429,-9.002587,WAL
1951412286000,163.894898,-2.02517744760465,-8.1058455208353,-4.36442682679769,-0.86559606,-1.788308,1.7183639,52.872192,99.97748,-9.513707,WAL
1951417344000,163.899956,-2.27194554133192,-10.0905937087738,-4.2750826672833,-0.7996226,-1.4676038,1.840537,52.894165,100.4818,-9.918849,WAL
1951422307000,163.904919,-2.17564681548626,-12.1840436813777,-4.32532539142882,-0.84391034,-1.0855075,1.9285016,53.026894,101.003395,-10.34194,WAL
1951427265000,163.909877,-2.07944510628964,-14.2753845969873,-4.37551749828224,-0.89949906,-0.6569856,1.93797,53.252808,101.49692,-10.748755,WAL
1951432331000,163.914943,-1.68646097593878,-15.7038749721429,-4.40578550938775,-0.9978484,-0.17837265,1.8729129,53.609753,101.99694,-11.142543,WAL
1951437326000,163.919938,-1.22274321910204,-16.9290664114286,-4.43019169102041,-1.1575897,0.3115413,1.7821994,54.09744,102.50147,-11.514605,WAL
1951442304000,163.924916,-0.207061668820225,-16.124871621161,-3.67583305524345,-1.3041973,0.7504479,1.6249015,54.68132,102.889946,-11.751796,WAL
1951447331000,163.929943,0.924379765589888,-14.9258139772472,-2.76527061095506,-1.4782939,1.058324,1.4062119,55.35981,103.26829,-11.938371,WAL
1951452310000,163.934922,1.31683362873894,-13.8390157868751,-1.92526122556264,-1.6749926,1.2403619,1.174083,56.011738,103.60222,-12.02571,WAL
1951457242000,163.939854,1.40428384301584,-12.8041886401975,-1.11877632421724,-1.822211,1.2834278,0.9388999,56.697712,103.91358,-12.052507,WAL
1951462296000,163.944908,1.55453032429675,-11.794661809097,-0.192556186331649,-1.8695531,1.0873401,0.6035349,57.181282,104.0663,-11.924596,WAL
1951467320000,163.949932,1.72428461086107,-10.8082518432345,0.761738342193192,-1.881465,0.59437186,0.29626966,57.57922,104.203674,-11.754789,WAL
1951472305000,163.954917,1.5718410617425,-9.97758086778208,1.15629052899408,-1.8891008,-0.1704314,0.07544186,57.759926,104.26433,-11.556953,WAL
1951477303000,163.959915,1.25443466355846,-9.22068827565803,1.2686035739645,-1.8713857,-1.0415252,-0.099265605,57.754276,104.27698,-11.320002,WAL
1951482331000,163.964943,0.823358309596298,-8.66382811628594,0.82420139131666,-1.8051068,-1.7870862,-0.26542094,57.487057,104.15759,-11.060243,WAL
1951487314000,163.969926,0.34877737487692,-8.19864499886766,0.14757109930386,-1.704314,-2.298075,-0.42241332,57.030685,103.99781,-10.7888365,WAL
1951492305000,163.974917,-0.136201035776118,-7.90055819079766,-0.615696129729197,-1.5793921,-2.454762,-0.53878313,56.457623,103.84299,-10.563142,WAL
1951497375000,163.979987,-0.633694278436273,-7.68203313161927,-1.4340027452822,-1.4630222,-2.6429086,-0.5830709,55.73088,103.65079,-10.338954,WAL
1951502311000,163.984923,-1.09303630915774,-7.46010113730309,-2.23804501277043,-1.398576,-2.7088819,-0.6420194,55.04132,103.570465,-10.163547,WAL
1951507309000,163.989921,-1.54041861627809,-7.22887010025205,-3.05740816765385,-1.2916746,-2.6477954,-0.6585127,54.34265,103.456055,-9.990222,WAL
1951512294000,163.994906,-1.92556648387846,-7.06970208186569,-3.39173723460422,-1.1942415,-2.475226,-0.6264423,53.72054,103.496315,-9.899972,WAL
1951517312000,163.999924,-2.28364118426553,-6.9441433115928,-3.49404422248887,-1.1209377,-2.2617285,-0.5384777,53.139088,103.52455,-9.816529,WAL
1951522308000,164.00492,-2.54813668529502,-6.96982757666428,-3.44739081713877,-1.0567969,-2.0873265,-0.41630468,52.669235,103.69751,-9.818035,WAL
1951527296000,164.009908,-2.75330109772983,-7.09194931267001,-3.30572967886287,-1.0491611,-1.9905044,-0.24648413,52.25427,103.88995,-9.852302,WAL
1951532374000,164.014986,-2.86617318183167,-7.37134725779844,-3.17408386928098,-1.0891727,-1.8854356,-0.082161374,51.89616,104.16384,-9.972765,WAL
1951537310000,164.019922,-2.92695100756602,-7.72198842492335,-3.0525282666304,-1.1264355,-1.6798794,0.05589417,51.612373,104.456314,-10.1211195,WAL
1951542306000,164.024918,-2.7352791336414,-7.99100522377663,-2.8690934922366,-1.1655309,-1.4092661,0.15424347,51.348343,104.78725,-10.329678,WAL
1951547349000,164.029961,-2.39228895009242,-8.2118342639751,-2.64826415767098,-1.2089024,-1.1239921,0.23945917,51.164967,105.14142,-10.555951,WAL
1951552380000,164.034992,-2.01717285584874,-8.33455788479049,-2.30003070713556,-1.2638801,-0.82344633,0.35155296,51.028744,105.514015,-10.809182,WAL
1951557311000,164.039923,-1.62668058390783,-8.38720912635882,-1.87005053088358,-1.3057245,-0.5626069,0.44959682,50.97583,105.89699,-11.062342,WAL
1951562290000,164.044902,-1.24816395810939,-8.43492091495416,-1.42616300591211,-1.3393221,-0.40103304,0.51251596,50.932205,106.24004,-11.279869,WAL
1951567321000,164.049933,-0.887657629813468,-8.47554111033829,-0.964105552924439,-1.3518448,-0.35246924,0.5488624,50.94112,106.59304,-11.503627,WAL
1951572307000,164.054919,-0.582736008503055,-8.51252755560082,-0.637037073674134,-1.3301591,-0.39095375,0.5516113,50.89655,106.85649,-11.677306,WAL
1951577292000,164.059904,-0.325074074821792,-8.54655855661914,-0.427990611342159,-1.2370021,-0.46211955,0.54550266,50.862206,107.106094,-11.853103,WAL
1951582333000,164.064945,-0.15301011660213,-8.61148013862536,-0.379758864189739,-1.1301007,-0.5510005,0.54092115,50.733387,107.27007,-11.99428,WAL
1951587314000,164.069926,-0.0514180890367861,-8.69921854898354,-0.458261791731849,-1.0064005,-0.6206391,0.5320636,50.592403,107.403534,-12.130561,WAL
1951592303000,164.074915,0.0136727104820671,-8.76869142807559,-0.598260495121481,-0.8933904,-0.64934975,0.5112942,50.387817,107.47306,-12.231569,WAL
1951597315000,164.079927,0.0414391711531045,-8.81959618395681,-0.801881209930582,-0.84788096,-0.6762278,0.5030475,50.167114,107.52724,-12.332079,WAL
1951602309000,164.084921,0.0346673533647858,-8.87936033402529,-1.02194413787507,-0.7855727,-0.66798115,0.48258355,49.93204,107.55212,-12.412161,WAL
1951607311000,164.089923,-0.0195729036044537,-8.95168072070202,-1.26602528951689,-0.7696902,-0.6444628,0.4636467,49.696236,107.57186,-12.485541,WAL
1951612277000,164.094889,-0.111628215267371,-8.99918879773722,-1.45909073969474,-0.77763146,-0.61727935,0.45142943,49.467785,107.61153,-12.553452,WAL
1951617320000,164.099932,-0.297202993442203,-8.98887941797417,-1.53641356393425,-0.8341365,-0.58001655,0.44043383,49.250713,107.65007,-12.609839,WAL
1951622307000,164.104919,-0.468646398717115,-8.93272646024239,-1.52180357286432,-0.9126327,-0.5983425,0.43004912,49.039413,107.739716,-12.667138,WAL
1951627286000,164.109898,-0.623689888024436,-8.81526935313824,-1.38555327956449,-1.0042624,-0.6621779,0.4269948,48.82818,107.8377,-12.72085,WAL
1951632320000,164.114932,-0.792071757759496,-8.72420100081251,-1.26748256089783,-1.1059716,-0.75136423,0.44593164,48.602943,107.98852,-12.810673,WAL
1951637313000,164.119925,-0.97661838269348,-8.67563613954906,-1.18006570920171,-1.2070698,-0.84329945,0.46975538,48.3628,108.15145,-12.901528,WAL
1951642263000,164.124875,-1.14930020030602,-8.64977468107488,-1.09554383928469,-1.2800682,-0.92057395,0.49235737,48.0836,108.33919,-13.028814,WAL
1951647396000,164.130008,-1.31383319675815,-8.65447547236301,-1.01092689632782,-1.3295482,-0.96577793,0.5207626,47.79532,108.539955,-13.162758,WAL
1951652251000,164.134863,-1.48446486950738,-8.6802751028346,-0.950542679176222,-1.3753631,-1.0198395,0.5476407,47.470894,108.77261,-13.3312845,WAL
1951657312000,164.139924,-1.69343704617008,-8.75141439633979,-0.928311587859829,-1.4059063,-1.0763446,0.5891795,47.143173,109.01098,-13.508272,WAL
1951662269000,164.144881,-1.89941432981273,-8.82739094382023,-0.910557064299625,-1.4245378,-1.1102476,0.63316184,46.797672,109.26834,-13.712944,WAL
1951667322000,164.149934,-2.11690464200107,-8.94131460032103,-0.915735397084002,-1.4251486,-1.1294898,0.67164636,46.45116,109.52474,-13.922465,WAL
1951672272000,164.154884,-2.31208861743375,-9.06623081915388,-0.900673973477452,-1.4135422,-1.1200215,0.70432764,46.10144,109.8076,-14.164969,WAL
1951677292000,164.159904,-2.46407097280335,-9.22715344211994,-0.833622993375174,-1.3848315,-1.0965031,0.7348709,45.762074,110.08328,-14.408681,WAL
1951682387000,164.164999,-2.62274790109933,-9.44613099823322,-0.742572936238712,-1.3414601,-1.0586295,0.766025,45.428432,110.37772,-14.678468,WAL
1951687361000,164.169973,-2.80229098303102,-9.96979828798587,-0.525624964201021,-1.2935071,-0.98807454,0.79076505,45.1221,110.659424,-14.941088,WAL
1951692274000,164.174886,-2.97963218961131,-10.4870434416961,-0.31133759254417,-1.2211196,-0.9483683,0.8020661,44.799526,110.93446,-15.217356,WAL
1951697322000,164.179934,-3.02323149786042,-10.8743833815588,-0.119180746556291,-1.1826351,-0.9059132,0.8151997,44.5092,111.20219,-15.48563,WAL
1951702330000,164.184942,-2.96948042721345,-11.1577979136016,0.0518455046754967,-1.0864239,-0.9077458,0.8338311,44.227325,111.439026,-15.748983,WAL
1951707308000,164.18992,-2.76209285027542,-11.3994975210531,-0.0278506162692559,-0.9654725,-0.9682214,0.84329945,43.873272,111.624214,-16.009224,WAL
1951712300000,164.194912,-2.46304534486976,-11.6182040739427,-0.255483737628606,-0.8237518,-1.0549643,0.86315256,43.520912,111.78795,-16.270658,WAL
1951717310000,164.199922,-1.98124903608583,-11.834643470091,-0.690202573576073,-0.63713247,-1.1157454,0.890947,43.108986,111.89173,-16.5225,WAL
1951722306000,164.204918,-1.30721960812744,-12.0472219707412,-1.34349272197659,-0.3943135,-1.1218541,0.89827734,42.6965,111.95702,-16.766886,WAL
1951727307000,164.209919,-0.556989236620872,-12.0575070379401,-1.94718850101902,-0.11209377,-1.0580186,0.8940013,42.292408,111.96808,-16.964846,WAL
1951732329000,164.214941,0.239411458111182,-11.9524873358202,-2.52479782220908,0.17745635,-0.89858276,0.87017757,41.92369,111.9326,-17.142345,WAL
1951737310000,164.219922,1.08820820603096,-11.7061431265319,-2.94864345432165,0.4166101,-0.64476824,0.820392,41.62874,111.848236,-17.223753,WAL
1951742302000,164.224914,2.01331419373253,-11.2795664763492,-3.1850593043324,0.55833083,-0.35094208,0.7275405,41.393005,111.71838,-17.266748,WAL
1951747344000,164.229956,2.66198416265602,-11.0237411977034,-3.22590645911133,0.5543602,-0.06261369,0.6038403,41.24276,111.5485,-17.19088,WAL
1951752312000,164.234924,3.09904216445332,-10.8954740352471,-3.12614336407389,0.3811799,0.19058995,0.47128254,41.160122,111.36316,-17.069427,WAL
1951757310000,164.239922,3.1667965081337,-11.0385475710306,-2.7295874832312,0.09682214,0.3735441,0.3100141,41.11041,111.12347,-16.819582,WAL
1951762292000,164.244904,2.96301425114206,-11.3796619192201,-2.11824029593315,-0.20799962,0.38881573,0.10598512,41.06916,110.88037,-16.518421,WAL
1951767314000,164.249926,2.55877964459131,-11.6599404335413,-1.44439751544887,-0.45540005,0.25381452,-0.10323623,40.98222,110.596115,-16.126839,WAL
1951772306000,164.254918,1.88643246506292,-11.8520392657291,-0.696221787298298,-0.64965516,0.016493361,-0.2761111,40.85229,110.32573,-15.701041,WAL
1951777304000,164.259916,1.11160718863151,-11.890456633547,-0.14735036783411,-0.7632761,-0.22907446,-0.36682457,40.557358,110.01641,-15.273743,WAL
1951782339000,164.264951,0.24051402024087,-11.7921073760684,0.227313361662782,-0.76052725,-0.4111123,-0.42760566,40.199455,109.6989,-14.828062,WAL
1951787311000,164.269923,-0.485242964454768,-11.7123813059169,0.44352088352665,-0.675617,-0.48075095,-0.45570546,39.732327,109.37312,-14.45368,WAL
1951792301000,164.274913,-1.06477787990709,-11.6516238467482,0.490257560260147,-0.552833,-0.54702985,-0.44898596,39.21768,109.041176,-14.089957,WAL
1951797292000,164.279904,-1.46630484564967,-11.7489583721732,0.519093011751629,-0.4831944,-0.5363397,-0.4147775,38.727146,108.77096,-13.8372135,WAL
1951802314000,164.284926,-1.62760377652357,-12.0623391604063,0.523701577382139,-0.3286455,-0.4728097,-0.35430184,38.244312,108.47362,-13.597096,WAL
1951807261000,164.289873,-1.68781731206434,-12.4612319115281,0.566021532886506,-0.17012598,-0.40286562,-0.2874121,37.80937,108.24087,-13.444362,WAL
1951812296000,164.294908,-1.54896740053619,-13.0501469294013,0.685719696276437,0.007941248,-0.2996294,-0.22724187,37.41448,107.99119,-13.301748,WAL
1951817244000,164.299856,-1.38077430652728,-13.6200948419174,0.865502048444671,0.19456059,-0.19700404,-0.21074851,37.035637,107.72902,-13.178253,WAL
1951822305000,164.304917,-1.13855680795512,-14.1836213198368,1.18681102779194,0.4196644,-0.14263703,-0.23273966,36.68317,107.4377,-13.058116,WAL
1951827311000,164.309923,-0.901672496966292,-14.6630061797753,1.41744812106742,0.6401868,-0.1386664,-0.2932153,36.311623,107.06322,-12.8932085,WAL
1951832349000,164.314961,-0.668003595989926,-15.008836283611,1.49689553646842,0.86498517,-0.17654006,-0.3652974,35.952625,106.65173,-12.720236,WAL
1951837264000,164.319876,-0.439808399929783,-15.262871761083,1.47261711555093,1.0940597,-0.23365596,-0.44868052,35.549385,106.11527,-12.474586,WAL
1951842304000,164.324916,-0.205246453532877,-15.3203151648319,1.19975932322721,1.2867876,-0.2648101,-0.5335908,35.153423,105.54914,-12.213315,WAL
1951847287000,164.329899,0.048737134914965,-15.3031683580941,0.890824409649798,1.4740179,-0.26816985,-0.6374379,34.73233,104.89513,-11.886775,WAL
1951852315000,164.334927,0.362246484276315,-15.0941618828056,0.477562103144915,1.6331482,-0.2678644,-0.75136423,34.31501,104.21713,-11.540647,WAL
1951857281000,164.339893,0.665734939407952,-14.8481105699913,0.0771925621321467,1.8038851,-0.22968534,-0.86498517,33.899323,103.51889,-11.155298,WAL
1951862297000,164.344909,0.953856298889426,-14.4809880888072,-0.303871147895908,1.9486601,-0.1572978,-0.98471475,33.50222,102.79767,-10.74125,WAL
1951867294000,164.349906,1.19768322639642,-14.0731928931392,-0.666251047835189,2.1285598,-0.071776666,-1.0943651,33.107338,102.0722,-10.288252,WAL
1951872300000,164.354912,1.25242659210201,-13.4801402807118,-0.95365368682653,2.3677137,0.05375614,-1.174083,32.750324,101.32025,-9.81333,WAL
1951877329000,164.359941,1.26039174097996,-12.8791130564217,-1.21163317371938,2.6578746,0.19486602,-1.2260065,32.416862,100.56003,-9.305882,WAL
1951882321000,164.364933,0.798998636302895,-12.2301207611624,-1.16093062252625,2.976441,0.30298916,-1.2977833,32.111053,99.76691,-8.775489,WAL
1951887327000,164.369939,0.304345729578958,-11.6840893697851,-1.05907082347047,3.30753,0.3368922,-1.3848315,31.846743,98.97932,-8.2422,WAL
1951892303000,164.374915,-0.310902511060796,-11.5463473229598,-0.760629506272281,3.5656204,0.39614612,-1.4321736,31.620525,98.19554,-7.704092,WAL
1951897314000,164.379926,-0.924220193078734,-11.4623125558513,-0.486839476126753,3.655723,0.40317106,-1.536937,31.416044,97.47781,-7.2021575,WAL
1951902316000,164.384928,-1.493153316781,-11.7565880975735,-0.39855675727552,3.7430768,0.4111123,-1.6264287,31.229757,96.79961,-6.695983,WAL
1951907320000,164.389932,-2.0481410549688,-12.0702184132501,-0.349638512318771,3.709479,0.44532076,-1.6991217,31.09214,96.273346,-6.263932,WAL
1951912295000,164.394907,-2.53305022083533,-12.4727845222276,-0.486876956389822,3.5702019,0.514654,-1.7314975,30.969152,84.15708,-5.824648,WAL
1951917288000,164.3999,-3.02712729586861,-12.8780142631432,-0.661278202039639,3.3377676,0.52626044,-1.7266107,30.891293,84.4047,-5.45879,WAL
1951922310000,164.404922,-3.60442509787848,-13.2986809459384,-1.23410081185819,3.03936,0.5320636,-1.6954565,30.832777,84.555046,-5.098968,WAL
1951927975000,164.410587,-4.25255362868003,-13.7622629632234,-1.85166644404637,2.767525,0.5384777,-1.6618589,30.820044,84.57142,-4.82243,WAL
1951932352000,164.414964,-4.71861549058253,-13.9972857764896,-2.00702041187874,2.5085182,0.4560109,-1.6081028,30.781355,84.54934,-4.565049,WAL
1951937250000,164.419862,-5.24015330177706,-14.2602836607431,-2.1808663644588,2.3313673,0.24801129,-1.5280794,30.767899,84.46445,-4.4251366,WAL
1951942306000,164.424918,-5.81310131986083,-14.9024132192906,-2.34353169579588,2.2174408,-0.046120327,-1.4935656,30.701996,84.39557,-4.284642,WAL
1951947325000,164.429937,-6.38913132412293,-15.6178050451822,-2.50147536204697,2.101682,-0.23304509,-1.5894713,30.605412,84.36009,-4.1268654,WAL
1951952385000,164.434997,-7.21960605300106,-16.2385272331919,-3.62023815539767,1.8674151,-0.24709499,-1.7467692,30.531002,84.31971,-4.038941,WAL
1951957242000,164.439854,-8.0877459754719,-16.8057782204136,-4.96684197196182,1.6267341,0.2837469,-1.9511036,30.55977,84.3335,-3.9125304,WAL
1951962299000,164.444911,-8.28074956612102,-16.4356239777451,-5.38419476830973,1.2776246,0.91874135,-2.112372,30.668436,84.39054,-3.8317044,WAL
1951967318000,164.44993,-8.36473496615781,-15.9228727095825,-5.64941079347986,1.0616838,1.25319,-2.094657,30.833767,84.47612,-3.7415102,WAL
1951972307000,164.454919,-7.72052644231175,-14.7698661634676,-5.28583583258806,1.1575897,1.4019357,-1.9190332,31.208494,84.56946,-3.774169,WAL
1951977289000,164.459901,-6.77454541721156,-13.3508946258173,-4.66189087766294,1.3881912,1.4764613,-1.670411,31.637808,84.65633,-3.823046,WAL
1951982330000,164.464942,-5.6551149661222,-12.2798491221012,-4.05684946787659,1.6374242,1.5351044,-1.4330899,32.125034,84.673096,-3.9284952,WAL
1951987282000,164.469894,-4.51708365335753,-11.3139569785239,-3.46870734809437,1.8414533,1.575116,-1.278541,32.612812,84.618195,-4.0702853,WAL
1951992304000,164.474916,-3.43389265387277,-10.9824040097059,-3.13401236329041,1.9211712,1.706452,-1.2504412,33.103157,84.54595,-4.1312647,WAL
1951997355000,164.479967,-2.36008568172208,-10.791814916971,-2.85510134670382,2.0766363,1.8442022,-1.2458596,33.598026,84.39744,-4.229935,WAL
1952002311000,164.484923,-1.34448364300588,-10.6754019788682,-2.31311420273168,2.1786509,1.8994855,-1.2568552,34.049637,84.29476,-4.1875024,WAL
1952007293000,164.489905,-0.336248504257293,-10.5819559693846,-1.67866387225028,2.2009475,1.8521434,-1.2232577,34.503128,84.16442,-4.166169,WAL
1952012299000,164.494911,0.204107643915239,-10.4302244042975,-1.14106338461036,2.2003367,1.7183639,-1.1667526,34.91794,84.069855,-3.9911795,WAL
1952017299000,164.499911,0.626097840964452,-10.2642728249332,-0.62898537688682,2.1551325,1.6560557,-1.0968086,35.330414,83.95622,-3.8389142,WAL
1952022307000,164.504919,0.699648713995037,-10.3210883187097,-0.576705317405459,2.1371121,1.7467692,-1.069625,35.706562,83.82937,-3.5498962,WAL
1952027310000,164.509922,0.675870684019851,-10.4399789651613,-0.652795092778164,2.1178699,1.9031507,-1.0525209,36.074455,83.67494,-3.2877605,WAL
1952032316000,164.514928,0.631446008062968,-10.3860497360338,-1.11984659406796,2.130698,2.1197023,-1.0458013,36.441624,83.46615,-2.9831266,WAL
1952037312000,164.519924,0.580927374889614,-10.2804196792091,-1.7031070070455,2.13925,2.3066273,-1.0180069,36.83417,83.23242,-2.70374,WAL
1952042305000,164.524917,0.535636697572525,-10.0185561137474,-1.90296142597946,2.1087067,2.4911084,-0.97585726,37.324142,82.965515,-2.4455352,WAL
1952047334000,164.529946,0.49242507398066,-9.6824659030007,-1.92696791973881,2.0500638,2.6013696,-0.94042706,37.834686,82.689064,-2.2081423,WAL
1952052312000,164.534924,0.327557392172362,-9.25450855489284,-2.09237549935301,1.9862283,2.611449,-0.88789266,38.440845,82.422516,-2.00366,WAL
1952057304000,164.539916,0.10524225367499,-8.78088069561262,-2.32435654520825,1.9013181,2.5751023,-0.84513205,39.055077,82.17324,-1.818322,WAL
1952062293000,164.544905,-0.175486737528276,-8.31594452,-2.57510431834483,1.829236,2.5231788,-0.79137594,39.687332,81.91392,-1.66484,WAL
1952067317000,164.549929,-0.483605176366503,-7.85139677142857,-2.83581982384236,1.7492126,2.5384505,-0.7324274,40.317753,81.68072,-1.5347083,WAL
1952072309000,164.554921,-0.833256531944693,-7.44748840873371,-2.95605144561822,1.7427986,2.5518897,-0.66675943,40.971554,81.4443,-1.4627243,WAL
1952077290000,164.559902,-1.20337112179449,-7.07262864468318,-3.00824710332239,1.7171422,2.477364,-0.6258314,41.59572,81.241585,-1.4042004,WAL
1952082317000,164.564929,-1.50006883109816,-6.73363302271381,-3.06067499984199,1.6862935,2.4013114,-0.6102544,42.25986,81.055756,-1.4165412,WAL
1952087312000,164.569924,-1.75516973594707,-6.41711892336559,-3.11264006748963,1.6206255,2.3677137,-0.6151413,42.907425,80.89631,-1.4388775,WAL
1952092306000,164.574918,-1.92840960747435,-6.14729952955545,-3.16127731279922,1.5812247,2.3069327,-0.61208695,43.551506,80.73691,-1.5405724,WAL
1952097347000,164.579959,-2.05576388494382,-5.90202471235955,-3.20844550898876,1.5274686,2.2699752,-0.605062,44.186768,80.61085,-1.6459571,WAL
1952102305000,164.584917,-2.15613378919118,-5.67915866123766,-3.15482521140828,1.4553864,2.244319,-0.59864795,44.8252,80.49986,-1.8131286,WAL
1952107306000,164.589918,-2.2400568233238,-5.46714227400166,-3.03114900089459,1.3961325,2.2186625,-0.6056729,45.44848,80.410706,-1.979557,WAL
1952112293000,164.594905,-2.28462679407266,-5.23599551051625,-2.90001457284895,1.3381003,2.171015,-0.61269784,46.1023,80.32462,-2.1669738,WAL
1952117321000,164.599933,-2.27439689171447,-4.97513278674315,-2.75679583301466,1.278541,2.119397,-0.62125,46.743526,80.2652,-2.3526587,WAL
1952122306000,164.604918,-2.29821388098029,-4.72066303820111,-2.62887748269833,1.2049317,2.0708332,-0.6160576,47.410694,80.18965,-2.5441885,WAL
1952127305000,164.609917,-2.35143471522991,-4.46907415432036,-2.51275952851945,1.1297953,2.0497584,-0.6224717,48.06689,80.14153,-2.7304194,WAL
1952132321000,164.614933,-2.39357738354243,-4.18274289829102,-2.15683063709375,1.0512991,2.0977113,-0.63407815,48.752228,80.084595,-2.906495,WAL
1952137314000,164.619926,-2.42664250628272,-3.87098536439791,-1.61361675078534,0.9596693,2.0690005,-0.64904433,49.405033,80.061356,-3.0765917,WAL
1952142304000,164.624916,-2.43966004070898,-3.60651915231561,-1.16342600395655,0.8436049,2.0237966,-0.6747007,50.109196,80.02674,-3.2447627,WAL
1952147334000,164.629946,-2.43506972233657,-3.38159101166381,-0.791606064867543,0.6588182,1.9935588,-0.68691796,50.804005,80.04357,-3.4130177,WAL
1952152312000,164.634924,-2.44817371426151,-3.2345752102231,-0.452992988681164,0.4792238,1.9770653,-0.6954701,51.4903,80.018,-3.558369,WAL
1952157304000,164.639916,-2.48417659344818,-3.18507123371929,-0.151468256368258,0.32895094,1.9300288,-0.68203104,52.154263,80.03812,-3.7053273,WAL
1952162276000,164.644888,-2.52761491793045,-3.10454050344571,0.114476601344252,0.17989981,1.8781052,-0.66737026,52.835423,80.03767,-3.826101,WAL
1952167317000,164.649929,-2.58922512677869,-2.95051514215676,0.304441210026587,0.070249505,1.8316795,-0.6462954,53.50021,80.06702,-3.9520626,WAL
1952172308000,164.65492,-2.61800342350285,-2.97020164786962,0.468191706903593,-0.03481932,1.8203784,-0.5925393,54.15842,80.08104,-4.086831,WAL
1952177304000,164.659916,-2.60391181949735,-3.21915346577656,0.599713452193206,-0.1469131,1.7513506,-0.5983425,54.78561,80.13048,-4.2069817,WAL
1952182304000,164.664916,-2.58961121923116,-3.39575082526187,0.634325896538188,-0.27091873,1.7033978,-0.5748242,55.414127,80.16711,-4.356336,WAL
1952187311000,164.669923,-2.57498144043527,-3.45914587141259,0.517288801695312,-0.3539964,1.6197093,-0.56107974,56.010727,80.22231,-4.497238,WAL
1952192249000,164.674861,-2.53804168948787,-3.44225536341933,0.412053457701194,-0.38148534,1.5867225,-0.52473325,56.604668,80.27252,-4.6393447,WAL
1952197339000,164.679951,-2.46765391792453,-3.31086471603774,0.318202951886792,-0.48655418,1.5580118,-0.48288897,57.17201,80.358,-4.782826,WAL
1952202238000,164.68485,-2.38020431015284,-3.17041351904526,0.260156285080389,-0.5867361,1.5042557,-0.43982297,57.72332,80.45647,-4.933912,WAL
1952207317000,164.689929,-2.24986530436681,-2.99662819479952,0.264983668920206,-0.6939429,1.4370605,-0.40744713,58.258286,80.57338,-5.0905538,WAL
1952212258000,164.69487,-2.1628204150514,-2.83186540033936,0.280454486012576,-0.81489426,1.3439035,-0.35369098,58.764553,80.71584,-5.2509613,WAL
1952217314000,164.699926,-2.15798756738197,-2.67238112446352,0.319117287553648,-0.9425651,1.2250903,-0.31215215,59.241207,80.87389,-5.4115815,WAL
1952222243000,164.704855,-2.17094979918145,-2.52983809276944,0.406498204051842,-1.0821478,1.1053606,-0.26450464,59.69995,81.03827,-5.5552692,WAL
1952227347000,164.709959,-2.22334503005262,-2.41075802260768,0.606552851239524,-1.2250903,0.9285152,-0.21044308,60.10504,81.21274,-5.7043386,WAL
1952232332000,164.714944,-2.28824370013961,-2.30708022417232,0.836698501934583,-1.3616186,0.7458665,-0.17012598,60.47017,81.389694,-5.85502,WAL
1952237354000,164.719966,-2.38896059122457,-2.23513962345433,1.15803343554049,-1.5143349,0.5296202,-0.12064589,60.771854,81.570786,-6.015139,WAL
1952242297000,164.724909,-2.49657538785633,-2.23225139642721,1.4812419295515,-1.676825,0.29138273,-0.07147124,61.002163,81.72441,-6.183776,WAL
1952247365000,164.729977,-2.63031944555302,-2.4167258259217,1.8317436345306,-1.8347337,0.060170226,-0.009468411,61.169502,81.868866,-6.3632464,WAL
1952252311000,164.734923,-2.77231790564113,-2.64996201410282,2.17444193064613,-1.9758437,-0.15332718,0.057726767,61.251526,81.95712,-6.563168,WAL
1952257346000,164.739958,-2.97487920890178,-3.15636527225445,2.52651251786357,-2.1071796,-0.33567044,0.15210545,61.272224,82.01859,-6.783486,WAL
1952262322000,164.744934,-3.17143841878393,-3.77590970048366,2.89437910166815,-2.2180517,-0.47219884,0.28252518,61.22365,81.99539,-7.0423517,WAL
1952267353000,164.749965,-3.35215838458198,-4.99339198567762,3.36520243835752,-2.2672265,-0.5342017,0.46181414,61.138897,81.912964,-7.339294,WAL
1952272339000,164.754951,-3.49171270521764,-6.31388902437782,3.88159189958682,-2.228131,-0.47739118,0.59528816,61.038578,81.74294,-7.670572,WAL
1952277378000,164.75999,-3.39897229971173,-8.32172096550399,4.69770847516095,-2.1099286,-0.321926,0.72418076,60.942192,81.500145,-8.048522,WAL
1952282380000,164.764992,-3.25752516728543,-10.3397563590818,5.60939565908184,-1.8164078,-0.028099801,0.883922,60.88701,81.167534,-8.448762,WAL
1952287351000,164.769963,-2.48784226749501,-12.6630583839321,7.80916833393213,-1.1777482,0.13927728,0.94806284,60.834084,80.789665,-8.848775,WAL
1952292405000,164.775017,-1.62827594434662,-14.9384607435948,10.0139923313879,-0.72418076,0.34055737,0.95111716,60.839466,80.45894,-9.133051,WAL
1952297374000,164.779986,0.184074813532496,-16.087068024038,11.7839762814324,0.28221974,0.26939157,0.65240407,60.812393,80.100365,-9.335315,WAL
1952302524000,164.785136,2.03897837320027,-17.2330465615735,13.4124316305591,1.0714576,0.15515977,0.1740966,60.674217,79.86343,-9.1790695,WAL
1952307327000,164.789939,3.49185622964829,-17.7767609600814,12.4988122395117,1.3939945,0.2724459,-0.22968534,60.606026,79.53746,-8.979847,WAL
1952312666000,164.795278,5.06462194708149,-18.3696101522699,11.4533491532475,1.4315627,0.65118235,-0.56016344,60.509113,79.25449,-8.314276,WAL
1952317335000,164.799947,5.48070405780618,-18.625984288373,9.86046918108845,1.273654,1.0809261,-0.7244862,60.501778,78.81833,-7.663063,WAL
1952322288000,164.8049,5.92209508252655,-18.8979528247016,8.17069952974904,1.0848967,1.3848315,-0.7678576,60.67213,78.54358,-6.780237,WAL
1952327330000,164.809942,5.22820063682635,-17.5504306313373,6.81361991275449,0.95111716,1.534188,-0.78801614,60.924446,78.18014,-5.967714,WAL
1952332296000,164.814908,4.32639436556886,-15.9129402053892,5.54634458856287,0.8249735,1.5653422,-0.79229224,61.224514,77.77475,-5.2387996,WAL
1952337368000,164.81998,3.14672467393946,-13.5772174738468,4.76135225599259,0.67164636,1.4926492,-0.7715228,61.60651,77.60032,-4.5290556,WAL
1952342230000,164.824842,1.96732187004736,-11.2136176497117,4.10453039837315,0.50762904,1.3341297,-0.7425067,61.95423,77.40978,-3.8788624,WAL
1952347237000,164.829849,0.879250778688857,-8.91719481753602,4.04790444223666,0.32742378,1.135293,-0.689056,62.305035,77.298546,-3.3976464,WAL
1952352182000,164.834794,-0.178046576446113,-6.66803478404709,4.07673975393749,0.11148291,0.93309665,-0.6056729,62.59082,77.21669,-2.9515982,WAL
1952357213000,164.839825,-0.973252415354331,-5.1872735488189,4.04989573031496,-0.113926366,0.7644979,-0.48563787,62.82856,77.16877,-2.6752658,WAL
1952362198000,164.84481,-1.72976831215551,-3.81050869281496,4.01700380733268,-0.32742378,0.68539083,-0.31887165,63.016327,77.16342,-2.43984,WAL
1952367227000,164.849839,-2.29669986557444,-3.40656809217694,3.71672285469998,-0.5198463,0.691194,-0.12583824,63.15852,77.112595,-2.379606,WAL
1952372162000,164.854774,-2.82419401123285,-3.15491952608028,3.3828046146324,-0.68233645,0.6948592,0.035430185,63.266655,77.10497,-2.3534737,WAL
1952377195000,164.859807,-3.24994438311181,-3.47425440977326,3.2276759870993,-0.85918194,0.66798115,0.18509217,63.364677,77.08415,-2.4776287,WAL
1952382168000,164.86478,-3.65954568363956,-3.84661920634285,3.09269369062744,-0.9401216,0.52931476,0.2434298,63.42714,77.07296,-2.6154926,WAL
1952387212000,164.869824,-3.93073422718466,-4.74484975319879,3.18794317133199,-1.0800097,0.2302962,0.33536503,63.449192,77.13517,-2.864759,WAL
1952392162000,164.874774,-4.17469650064581,-5.70634764320888,3.31709966023209,-1.1490375,-0.25809056,0.38453966,63.377308,77.18886,-3.099824,WAL
1952397265000,164.879877,-4.36589605073979,-7.19695989745512,3.48164261102782,-1.1447614,-0.86834496,0.42638394,63.198303,77.26671,-3.3881843,WAL
1952402167000,164.884779,-4.5418604921089,-8.69265902714539,3.64371521570329,-1.0800097,-1.4575244,0.47616947,62.884045,77.3283,-3.6662588,WAL
1952407223000,164.889835,-5.42808467267346,-12.0262860055313,2.7959136481902,-0.95294976,-1.8845193,0.50976706,62.44863,77.36515,-3.9482527,WAL
1952412210000,164.894822,-6.41988868278506,-15.6134648678312,1.79020580464823,-0.8164214,-2.0231857,0.61636305,61.922657,77.35663,-4.2467904,WAL
1952417236000,164.899848,-6.75138905521354,-16.9857260696157,1.5385850898889,-0.5742133,-1.8414533,0.7538077,61.379555,77.29653,-4.5549917,WAL
1952422184000,164.904796,-6.91560541354602,-17.7923176500866,1.47579652827439,-0.21135938,-1.4465289,0.88208944,60.85608,77.14718,-4.8893204,WAL
1952427218000,164.90983,-5.65514279395556,-17.7290101955556,1.25057770591111,0.2761111,-0.9596693,0.9440922,60.538994,77.12384,-5.330718,WAL
1952432208000,164.91482,-4.12591828570864,-17.4930189264198,0.995706962750617,0.7443393,-0.5421429,0.8756753,60.318233,76.99185,-5.768464,WAL
1952437232000,164.919844,-2.59318608727454,-15.580226348763,0.123210596308859,0.98746365,-0.3640757,0.6221663,60.194923,76.82896,-6.1652513,WAL
1952442207000,164.924819,-1.07696181410515,-13.3082663377893,-0.879683816475459,0.8732319,-0.2501493,0.34025195,60.17785,76.647514,-6.5330625,WAL
1952447361000,164.929973,-0.14562807615147,-11.1666955415653,-1.34728422359109,0.4615087,-0.061086524,0.14385876,60.273537,76.65033,-6.6034374,WAL
1952452319000,164.934931,0.610026993017225,-9.15309727401236,-1.67177135281782,-0.11178834,-0.04062254,-0.07238753,60.366756,76.76121,-6.587327,WAL
1952457341000,164.939953,0.987100992796236,-7.58159003969421,-1.64376969470744,-0.6582073,-0.30543262,-0.26389378,60.435284,77.10842,-6.3866377,WAL
1952462318000,164.94493,1.19264894648633,-6.22684215201411,-1.46157944639812,-1.0665708,-0.79290307,-0.33536503,60.449158,77.56242,-6.1605134,WAL
1952467284000,164.949896,0.976234531676768,-5.31754625707071,-1.56094204242424,-1.3509285,-1.3096951,-0.30482176,60.35071,78.12135,-5.8682413,WAL
1952472312000,164.954924,0.528759677664646,-4.63660624858586,-1.81386263151515,-1.598329,-1.738828,-0.26206118,60.145847,78.76609,-5.551138,WAL
1952477290000,164.959902,0.0603539398766157,-4.2801808336271,-2.378718603868,-1.7892243,-1.9104811,-0.21410827,59.833363,79.39295,-5.247488,WAL
1952482381000,164.964993,-0.431402710152761,-4.07488421464943,-3.11396643732863,-1.915368,-2.132225,-0.1600467,59.390003,80.04679,-4.9443817,WAL
1952487383000,164.969995,-0.828484291180543,-4.0117644942189,-3.69432174467727,-1.951409,-2.2434027,-0.13591751,58.979076,80.71385,-4.690142,WAL
1952492307000,164.974919,-1.17256132457998,-4.02499830847521,-4.18838102673527,-1.9868392,-2.277611,-0.08124508,58.537514,81.37985,-4.466412,WAL
1952497324000,164.979936,-1.51544093674871,-4.05184905845569,-4.66128486968417,-2.025629,-2.295937,-0.0076358155,58.14571,82.07927,-4.3268714,WAL
1952502315000,164.984927,-1.84866765875145,-4.092240150713,-5.10053841974226,-2.0650299,-2.2837198,0.095294975,57.767704,82.74201,-4.2234406,WAL
1952507311000,164.989923,-2.09693803028971,-4.20580816378621,-5.35413437501499,-2.0909917,-2.2693644,0.23671028,57.357605,83.38937,-4.252559,WAL
1952512289000,164.994901,-2.28744096807193,-4.36773564100899,-5.48272357455545,-2.0845776,-2.2220223,0.38362336,56.971836,83.953285,-4.3218026,WAL
1952517299000,164.999911,-2.37938877076893,-4.53148324070632,-5.42405512104285,-2.0861049,-2.1233675,0.50426924,56.609543,84.42329,-4.488487,WAL
1952522313000,165.004925,-2.4028763833692,-4.69589677416357,-5.23615436739386,-2.0650299,-2.000889,0.61911196,56.2774,84.71762,-4.702088,WAL
1952527333000,165.009945,-2.41113512055981,-4.92911021242919,-4.94361587033489,-1.9895881,-1.8777997,0.74220127,55.98842,84.79436,-4.984665,WAL
1952532331000,165.014943,-2.40714771249583,-5.21620375958014,-4.56879922086804,-1.9062049,-1.7620409,0.88697636,55.744442,84.65478,-5.3102493,WAL
1952537315000,165.019927,-2.38862858868709,-5.54090896838074,-4.21063920676149,-1.7846428,-1.6963727,1.044885,55.53446,95.675804,-5.6722794,WAL
1952542350000,165.024962,-2.28839165444201,-6.08429839781182,-3.93630651562363,-1.6759088,-1.6462818,1.2443326,55.367947,96.16616,-6.087435,WAL
1952547374000,165.029986,-2.17856479553918,-6.69350329712237,-3.65157927039729,-1.5540411,-1.5555683,1.4770721,55.23713,96.73487,-6.533359,WAL
1952552318000,165.03493,-2.05127326241163,-7.42425091436822,-3.34985127756646,-1.4019357,-1.4611896,1.7079792,55.140686,97.37758,-7.0297556,WAL
1952557269000,165.039881,-1.99043782502085,-8.2599838461681,-3.01610757613752,-1.2568552,-1.3875804,1.9193386,55.13516,97.99966,-7.5284786,WAL
1952562296000,165.044908,-2.0796651883236,-9.34409592364007,-2.60566180743212,-1.1386528,-1.3790283,2.0463986,55.15567,98.6432,-8.05717,WAL
1952567288000,165.0499,-2.13573593574879,-10.4494141867955,-2.27257933196457,-1.0684034,-1.4095715,2.0680842,55.157654,99.250854,-8.579227,WAL
1952572345000,165.054957,-2.00900708822464,-11.7313250060386,-2.35544048583937,-1.0864239,-1.387275,2.0470095,55.190945,99.86315,-9.109252,WAL
1952577342000,165.059954,-1.84203414905475,-12.9302825397794,-2.50324112434029,-1.1307116,-1.3255776,1.9883664,55.162167,100.41995,-9.614845,WAL
1952582382000,165.064994,-1.47608623018905,-13.8190132920441,-2.96424053513194,-1.169807,-1.1114693,1.9376645,55.19281,100.95872,-10.097302,WAL
1952587318000,165.06993,-1.09304335437891,-14.5770840264614,-3.39559913400745,-1.1835514,-0.77182823,1.8096883,55.27496,101.40599,-10.478659,WAL
1952592327000,165.074939,-0.552479353782875,-14.6543074957239,-3.70931921959956,-1.2198979,-0.35338554,1.6664404,55.446358,101.83242,-10.823942,WAL
1952597383000,165.079995,-0.02024596431875,-14.6370942234375,-3.9343018453125,-1.237613,0.096516706,1.4862351,55.695107,102.21831,-11.078958,WAL
1952602355000,165.084967,0.435452918709375,-14.1395456007813,-3.69250241484375,-1.2739595,0.47769663,1.3020593,56.043705,102.57112,-11.279784,WAL
1952607307000,165.089919,0.857435483845854,-13.6290265449591,-3.38453441483067,-1.3414601,0.72326446,1.0803152,56.465725,102.86543,-11.366262,WAL
1952612339000,165.094951,1.00281356792526,-12.9771700217984,-2.47474896173608,-1.4419475,0.73884153,0.8060367,56.921726,103.1187,-11.383702,WAL
1952617438000,165.10005,1.1503248902439,-12.3016166896193,-1.57125997873885,-1.5946637,0.49021935,0.52015173,57.307556,103.31112,-11.312418,WAL
1952622350000,165.104962,1.29490941056911,-11.4620935034206,-0.932289681122348,-1.7754798,0.04153884,0.2828306,57.62862,103.48396,-11.189608,WAL
1952627638000,165.11025,1.41193709489432,-10.5741263800881,-0.280979952485323,-1.9425515,-0.5045747,0.108123146,57.760883,103.557304,-11.013429,WAL
1952632365000,165.114977,1.16831420299804,-9.9229883741683,-0.0284980243052837,-2.022575,-1.069625,-0.06719518,57.748283,103.604965,-10.796374,WAL
1952637639000,165.120251,0.89225932084582,-9.20232496490536,0.221152118412855,-2.0451767,-1.5879441,-0.22876903,57.45248,103.64558,-10.602333,WAL
1952642350000,165.124962,0.572032945825118,-8.65971937835173,-0.112417021653194,-2.0060816,-1.9538525,-0.33292156,57.03633,103.670105,-10.398578,WAL
1952647731000,165.130343,0.206045314892346,-8.05206946609125,-0.501856297405862,-1.9004018,-2.159714,-0.3979787,56.529137,103.66625,-10.219848,WAL
1952652318000,165.13493,-0.11061878917955,-7.79373822318126,-1.01435217483638,-1.7470746,-2.234545,-0.4370741,55.957615,103.62929,-10.03331,WAL
1952657280000,165.139892,-0.453171063957128,-7.51428768310728,-1.56874601477758,-1.5796975,-2.2079725,-0.4370741,55.35159,103.68972,-9.932879,WAL
1952662295000,165.144907,-0.696998736905615,-7.42557490758662,-2.15252472264038,-1.4391985,-2.0604484,-0.40775254,54.766747,103.71852,-9.828032,WAL
1952667262000,165.149874,-0.919588957068897,-7.37347946471525,-2.73504809338909,-1.3069462,-1.8646661,-0.37934732,54.21107,103.71039,-9.719075,WAL
1952672311000,165.154923,-1.02147922762519,-7.46424978417452,-2.83872236373823,-1.2476922,-1.706452,-0.3191771,53.734756,103.83157,-9.684287,WAL
1952677268000,165.15988,-1.09679461258304,-7.58193029128408,-2.84342952307387,-1.2348641,-1.674687,-0.28619036,53.285202,103.93081,-9.646526,WAL
1952682330000,165.164942,-1.12634677410296,-7.83554261154446,-2.70923626540562,-1.2473868,-1.6673567,-0.21594086,52.924454,104.14763,-9.673719,WAL
1952687247000,165.169859,-1.14471226770671,-8.11102501560062,-2.54853800460218,-1.2928963,-1.6505579,-0.1414153,52.58427,104.37056,-9.709606,WAL
1952692324000,165.174936,-0.974761190617647,-8.54567651441176,-2.12386714838235,-1.3179418,-1.5971072,-0.07513642,52.248432,104.60912,-9.776231,WAL
1952697294000,165.179906,-0.750776592676471,-9.01697722911765,-1.62923447632353,-1.3472633,-1.534799,0.0030543262,51.932575,104.866936,-9.8642435,WAL
1952702358000,165.18497,-0.534216625318345,-9.21291742936729,-1.26454145559093,-1.3665055,-1.4434745,0.050396383,51.59504,105.10794,-9.969283,WAL
1952707259000,165.189871,-0.32876687109033,-9.30163469558297,-0.961036157898926,-1.395827,-1.3393221,0.089186326,51.29134,105.36108,-10.085834,WAL
1952712305000,165.194917,-0.179618338311111,-9.31418937777778,-0.704640148444444,-1.4144585,-1.2406673,0.12675454,50.91862,105.52564,-10.178782,WAL
1952717290000,165.199902,-0.0570257481669136,-9.29532859950617,-0.473600282054321,-1.4208726,-1.1960741,0.16371189,50.569653,105.69253,-10.274736,WAL
1952722313000,165.204925,-0.0224845522162972,-9.1795812468544,-0.385571192396645,-1.387275,-1.1664472,0.1863139,50.18694,105.802666,-10.347049,WAL
1952727309000,165.209921,-0.0272624354573597,-9.02191139824246,-0.361681781180347,-1.3414601,-1.1768318,0.19456059,49.813267,105.90816,-10.420435,WAL
1952732320000,165.214932,-0.101507683813972,-8.84445392666203,-0.410578821510484,-1.2452488,-1.1795808,0.21502456,49.40116,105.97371,-10.487755,WAL
1952737311000,165.219923,-0.206004612380006,-8.6592096113485,-0.491326426487131,-1.1404854,-1.1731668,0.2312125,48.995342,106.021355,-10.550583,WAL
1952742307000,165.224919,-0.35036104731024,-8.48903183021011,-0.634251784179444,-1.0140363,-1.1435398,0.26236662,48.576584,106.066124,-10.630909,WAL
1952747419000,165.230031,-0.517163904277873,-8.32222851845542,-0.810321459545713,-0.90224797,-1.1148291,0.2843578,48.16638,106.08668,-10.706162,WAL
1952752345000,165.234957,-0.699787166102763,-8.20029618272565,-0.985107953409688,-0.7987063,-1.0595458,0.3222314,47.779152,106.12681,-10.8095255,WAL
1952757343000,165.239955,-0.900963498505832,-8.10473759472523,-1.16616668723337,-0.72234815,-0.9816604,0.3631594,47.414566,106.14862,-10.9095,WAL
1952762335000,165.244947,-1.11353334723049,-8.02554937581894,-1.28942953198332,-0.68539083,-0.8872818,0.41538838,47.092983,106.22295,-11.044109,WAL
1952767344000,165.249956,-1.33257541562438,-7.95412264681358,-1.38466527010125,-0.67164636,-0.81000733,0.47311515,46.797897,106.290565,-11.180844,WAL
1952772340000,165.254952,-1.54018197754446,-7.93905249179142,-1.41421525926856,-0.6808093,-0.72692966,0.5222898,46.546024,106.419,-11.354783,WAL
1952777342000,165.259954,-1.74232549728725,-7.95349125001507,-1.4094022225962,-0.752586,-0.7021896,0.5830709,46.310307,106.56623,-11.539765,WAL
1952782379000,165.264991,-1.91229081604129,-8.02863985681954,-1.37902591014493,-0.77824235,-0.66431594,0.6178902,46.111904,106.759125,-11.753954,WAL
1952787350000,165.269962,-2.06351200135994,-8.1326043692972,-1.33649504275362,-0.872621,-0.64751714,0.679893,45.92711,106.9919,-11.985108,WAL
1952792310000,165.274922,-2.17158947982718,-8.27312257806913,-1.29404181212753,-0.9630291,-0.67073005,0.7333437,45.740047,107.25905,-12.247299,WAL
1952797349000,165.279961,-2.25786623883592,-8.43609028446563,-1.25090335754867,-1.0668762,-0.7263188,0.77518797,45.559322,107.55033,-12.516486,WAL
1952802319000,165.284931,-2.31808480778443,-8.63199949314275,-1.20618005325478,-1.1585059,-0.78893244,0.8228355,45.362175,107.88063,-12.8147545,WAL
1952807310000,165.289922,-2.36424856916168,-8.84896820272358,-1.16001638828472,-1.2583824,-0.86193085,0.84940815,45.15602,108.22751,-13.113966,WAL
1952812294000,165.294906,-2.38735156437346,-9.11105776842752,-1.12873374250614,-1.3359623,-0.9468411,0.8765916,44.91607,108.59707,-13.430895,WAL
1952817314000,165.299926,-2.3922733022932,-9.41128439823915,-1.10904679082719,-1.4016303,-1.0311406,0.8891144,44.66549,108.974464,-13.746106,WAL
1952822338000,165.30495,-2.41737254743767,-9.70270383260783,-1.07816199207558,-1.4618006,-1.0965031,0.8921687,44.374985,109.35722,-14.065932,WAL
1952827301000,165.309913,-2.4549899565097,-9.98483476889592,-1.04054448480412,-1.4914275,-1.1355985,0.87872964,44.077515,109.732735,-14.378046,WAL
1952832362000,165.314974,-2.45115908377552,-10.2664038390374,-0.940473760439886,-1.4737124,-1.1661417,0.8536842,43.739624,110.08957,-14.679601,WAL
1952837354000,165.319966,-2.41815275179012,-10.5398855788539,-0.799017742449946,-1.4321736,-1.1905763,0.83658,43.40192,110.43289,-14.971432,WAL
1952842346000,165.324958,-2.36824871858191,-10.821407898627,-0.62067324806846,-1.3674219,-1.1927143,0.8164214,43.031326,110.74812,-15.249557,WAL
1952847388000,165.33,-2.3046782210269,-11.1120151423735,-0.411799090709046,-1.2687671,-1.1899655,0.81245077,42.665142,111.0363,-15.5183935,WAL
1952852342000,165.334954,-2.17215512824213,-11.321758964905,-0.264365019605441,-1.1646146,-1.2104294,0.8051204,42.251305,111.26801,-15.763508,WAL
1952857344000,165.339956,-1.94833175451147,-11.4361578366732,-0.18975720585609,-1.0396926,-1.2189816,0.79381937,41.85125,111.465775,-15.995218,WAL
1952862338000,165.34495,-1.67353936152313,-11.5504767101276,-0.235832689385965,-0.8738427,-1.1921035,0.79443026,41.402805,111.590645,-16.202612,WAL
1952867351000,165.349963,-1.34812270518341,-11.665329976874,-0.39854103754386,-0.689056,-1.1459832,0.7901542,40.96735,111.6795,-16.394594,WAL
1952872342000,165.354954,-0.951038363537806,-11.7339557149936,-0.684272410018829,-0.4447099,-1.1172725,0.7761043,40.494453,111.69892,-16.556398,WAL
1952877330000,165.359942,-0.482388838915866,-11.7576248649291,-1.09138211020712,-0.18020524,-1.0216721,0.7583892,40.064556,111.6774,-16.698442,WAL
1952882436000,165.365048,0.0512885673900695,-11.6328135281559,-1.49861512719616,-0.05375614,-0.86590147,0.7266242,39.64194,111.62094,-16.790594,WAL
1952887396000,165.370008,0.623477213046714,-11.3630004089707,-1.88472618389972,0.1518,-0.66156703,0.6765333,39.26789,111.49687,-16.854773,WAL
1952892291000,165.374903,1.14767610841496,-11.0688561345602,-2.18549143520332,0.27977628,-0.41874814,0.6044512,38.953846,111.35725,-16.847868,WAL
1952897332000,165.379944,1.63488516731968,-10.7297210764816,-2.3908833816266,0.30604348,-0.21227567,0.52381694,38.689697,111.188965,-16.80945,WAL
1952902283000,165.384895,1.95427253164783,-10.5617257230815,-2.4877222202558,0.20952678,-0.06688975,0.43066,38.484467,111.005295,-16.690878,WAL
1952907310000,165.389922,2.04973678679358,-10.6285505322229,-2.4352169845925,0.028710667,0.016187929,0.33750305,38.3151,110.81571,-16.540628,WAL
1952912258000,165.39487,1.97693170486287,-10.8256050848084,-2.26659236374246,-0.1777618,0.015882496,0.2098322,38.145237,110.617516,-16.320324,WAL
1952917316000,165.399928,1.63773278969072,-11.2354703402062,-1.90854902886598,-0.3652974,-0.045814894,0.0720821,37.970985,110.42565,-16.072275,WAL
1952922241000,165.404853,1.23388490026776,-11.5785880469577,-1.49716329826756,-0.50671273,-0.14355333,-0.060170226,37.739372,110.22842,-15.792145,WAL
1952927293000,165.409905,0.668324135260266,-11.8154465419123,-0.946104140517534,-0.589485,-0.26328292,-0.16249016,37.472862,110.03233,-15.491386,WAL
1952932276000,165.414888,0.137098217877984,-11.9898060282935,-0.485495860698497,-0.59803706,-0.37904188,-0.23365596,37.11847,109.81849,-15.200615,WAL
1952937309000,165.419921,-0.345896883071029,-12.0466291372433,-0.187175352575695,-0.5516113,-0.48747048,-0.25992316,36.728577,109.60036,-14.905471,WAL
1952942239000,165.424851,-0.738857753336624,-12.1256563447187,0.00682477475656466,-0.43860126,-0.54733527,-0.25778514,36.26994,109.36826,-14.667526,WAL
1952947384000,165.429996,-0.948011247068115,-12.2667136556762,-0.0369515384991116,-0.29138273,-0.5439755,-0.2510656,35.803707,109.12002,-14.428809,WAL
1952952287000,165.434899,-1.07540263692707,-12.4743575470356,-0.0783592078379937,-0.12308934,-0.5012149,-0.21930063,35.322617,108.8849,-14.264424,WAL
1952957346000,165.439958,-1.01488203430383,-12.8840349489767,-0.120258082089939,0.046120327,-0.41783184,-0.20097467,34.863796,108.62526,-14.095669,WAL
1952962316000,165.444928,-0.931696235822547,-13.3121640505879,-0.128897519101275,0.21899518,-0.2947425,-0.20005837,34.43599,108.3718,-13.955933,WAL
1952967341000,165.449953,-0.751013371826895,-13.8494582408853,-0.0052724035642723,0.40317106,-0.19456059,-0.23243423,34.03456,108.08777,-13.808161,WAL
1952972326000,165.454938,-0.562996786918633,-14.3651634802702,0.10729436478214,0.5833763,-0.1600467,-0.29016098,33.638813,107.754326,-13.630573,WAL
1952977332000,165.459944,-0.332982757618721,-14.8017202071869,0.173012658307647,0.77366084,-0.12339478,-0.32406402,33.28167,107.393585,-13.4461355,WAL
1952982348000,165.46496,-0.0949130013095238,-15.2066516854167,0.206998685309524,0.8472701,-0.0888809,-0.39553526,32.885387,106.96133,-13.200759,WAL
1952987347000,165.469959,0.190054001825397,-15.4061291430556,0.0407679301746032,1.0198395,-0.03604105,-0.47250426,32.514343,106.48366,-12.945118,WAL
1952992298000,165.47491,0.466891820332332,-15.5675103717663,-0.11413112029067,1.1847731,0.03390302,-0.56138515,32.135933,105.93923,-12.621813,WAL
1952997436000,165.480048,0.710035635534347,-15.438787068598,-0.195179060350741,1.3341297,0.084910266,-0.6554584,31.775152,105.3678,-12.280568,WAL
1953002446000,165.485058,0.934378554034639,-15.2946638258217,-0.260550976618776,1.484708,0.10934488,-0.7834347,31.389877,104.75248,-11.889074,WAL
1953007313000,165.489925,1.003179480432,-14.9368990947648,-0.164229708398937,1.6136005,0.10567969,-0.9129381,31.01759,104.11371,-11.477533,WAL
1953012598000,165.49521,1.06311395030419,-14.5336927658719,-0.0496966926144149,1.7492126,0.0693332,-1.0506883,30.62604,103.429474,-11.018674,WAL
1953017362000,165.499974,0.942250382521239,-13.9960583717914,0.171191866168813,1.9150625,0.0106901415,-1.153619,30.232292,102.71794,-10.542507,WAL
1953022262000,165.504874,0.817936469394354,-13.4430758925733,0.398386227637709,2.1569653,-0.032986723,-1.2357804,29.834784,101.961235,-10.040206,WAL
1953027305000,165.509917,0.0684433975630734,-12.5270401897936,0.644841985550459,2.408947,-0.061391957,-1.2980887,29.430555,101.18067,-9.523766,WAL
1953032316000,165.514928,-0.812095695199732,-11.5410201073203,0.892493612423548,2.708271,-0.06688975,-1.3408492,29.027325,100.36838,-8.997944,WAL
1953037289000,165.519901,-1.4449082935305,-11.4302504955638,0.850953269889094,2.9895744,-0.06811147,-1.3897184,28.661268,99.5323,-8.474559,WAL
1953042248000,165.52486,-1.98917183475046,-11.6321546681146,0.706108900452865,3.248276,-0.064446285,-1.430341,28.303656,98.693344,-7.947641,WAL
1953047339000,165.529951,-2.53490707002157,-11.9687920028756,0.352317670107836,3.4293976,-0.016798794,-1.4978416,28.060938,97.97473,-7.5347843,WAL
1953052312000,165.534924,-3.05826371052686,-12.3943249273904,-0.146583087365718,3.499647,0.07696902,-1.5418239,27.842241,97.318886,-7.122018,WAL
1953057307000,165.539919,-3.56417225979544,-12.7869710771046,-0.798742228778521,3.4825428,0.22999077,-1.5592335,27.69696,96.836365,-6.790469,WAL
1953062300000,165.544912,-4.05795521085759,-13.158484061369,-1.54176793214005,3.366173,0.41538838,-1.5668694,27.595465,83.54391,-6.4557595,WAL
1953067319000,165.549931,-4.55637788120881,-13.4809947415568,-2.17511840816516,3.161533,0.5882632,-1.5567901,27.53456,83.730225,-6.2232733,WAL
1953072314000,165.554926,-5.05385030825783,-13.7666715053542,-2.72677084726112,2.930626,0.64873886,-1.5357152,27.497206,83.843666,-5.996892,WAL
1953077317000,165.559929,-5.54320942807273,-13.9608934450603,-3.06597500724426,2.8011227,0.7165449,-1.525636,27.563515,83.84444,-5.8604207,WAL
1953082335000,165.564947,-6.02919418908012,-14.1057542830611,-3.29027575249903,2.5873199,0.65179324,-1.4819591,27.60595,83.8261,-5.740495,WAL
1953087314000,165.569926,-6.49278432647565,-14.229032869341,-3.40766938979943,2.418721,0.52320606,-1.4361442,27.707079,83.74387,-5.6982117,WAL
1953092303000,165.574915,-6.94455990977077,-14.3385545232092,-3.45330320575931,2.3188446,0.35369098,-1.3738359,27.772419,83.65623,-5.669146,WAL
1953097296000,165.579908,-7.34556642449147,-14.6175112712143,-3.49096146324224,2.26631,0.20677789,-1.3240504,27.855564,83.512146,-5.7186117,WAL
1953102314000,165.584926,-7.69609083951099,-15.0717119274707,-3.52058323172385,2.2504275,0.16126843,-1.3319917,27.915209,83.37957,-5.761252,WAL
1953107307000,165.589919,-7.79735792568957,-15.115720865161,-3.80943180752523,2.1468859,0.21746802,-1.4886786,28.008558,83.23564,-5.8331833,WAL
1953112289000,165.594901,-7.69647800380586,-14.826837165209,-4.30924630111485,1.9456058,0.35796702,-1.6362026,28.109343,83.11712,-5.8960786,WAL
1953117316000,165.599928,-7.31777508448031,-14.2740204040804,-4.28062064630532,1.6945401,0.7623598,-1.6811012,28.338522,83.00715,-5.9748793,WAL
1953122304000,165.604916,-6.62926365333942,-13.4303512384287,-3.65029348585059,1.3616186,1.0363328,-1.6762142,28.563673,82.97134,-6.016147,WAL
1953127302000,165.609914,-5.82914232708931,-12.6534707398035,-3.15888222015827,1.1814134,1.0873401,-1.6071864,28.856974,82.968636,-6.053036,WAL
1953132332000,165.614944,-4.91171288896426,-11.9413112755022,-2.80699135512653,1.2235631,1.1114693,-1.4886786,29.209864,82.970406,-6.1034083,WAL
1953137272000,165.619884,-3.97728080323596,-11.302683256271,-2.52430026215659,1.3695599,1.1615603,-1.3704761,29.553175,83.000206,-6.0827284,WAL
1953142300000,165.624912,-2.88445764284939,-10.9105216417635,-2.50338495057009,1.5525141,1.3106114,-1.2592987,29.922932,82.99041,-6.0966654,WAL
1953147346000,165.629958,-1.95719835458937,-10.6837648473998,-2.30495420258596,1.7342464,1.5531249,-1.205848,30.285126,83.03041,-5.9917784,WAL
1953152313000,165.634925,-1.33990023446055,-10.7513521813015,-1.80030182715734,1.8866574,1.6902641,-1.2202033,30.653418,83.031555,-5.9061694,WAL
1953157320000,165.639932,-0.745868154188168,-10.7875169832238,-1.34757790684784,2.002111,1.7559321,-1.2730432,31.03007,83.094475,-5.6951723,WAL
1953162297000,165.644909,-0.24084639295595,-10.7267275644069,-1.0670102128912,2.0534234,1.7986927,-1.3371841,31.432215,83.13351,-5.488377,WAL
1953167339000,165.649951,0.223617880412334,-10.6477338837146,-0.863029724948006,2.028378,1.8341229,-1.328021,31.820131,83.17171,-5.1941333,WAL
1953172305000,165.654917,0.50744606519396,-10.5058196229316,-0.957639142327516,2.0503693,1.9749273,-1.3164146,32.242058,83.17475,-4.8977394,WAL
1953177306000,165.659918,0.793274649989149,-10.3629051609549,-1.05291535986979,2.0787745,2.1407773,-1.2742649,32.66,83.15329,-4.546774,WAL
1953182328000,165.66494,0.821587754385612,-10.1590876311439,-1.10153178176944,2.1578815,2.2275202,-1.2076806,33.0839,83.071106,-4.221342,WAL
1953187314000,165.669926,0.832980532896305,-9.92973680174811,-1.15137415848232,2.1792617,2.2867742,-1.1606439,33.573788,82.96342,-3.8594995,WAL
1953192300000,165.674912,0.785553065017878,-9.59774487326182,-1.20828711003178,2.1361957,2.3176227,-1.1050552,34.067593,82.80609,-3.5341244,WAL
1953197340000,165.679952,0.725532272492837,-9.2373105730659,-1.28441718767908,2.0494528,2.3215933,-1.0384709,34.59943,82.59694,-3.2320094,WAL
1953202311000,165.684923,0.617346839087047,-8.78105027764055,-1.43493608144452,1.9746219,2.3041837,-0.96486163,35.121586,82.367355,-2.9602845,WAL
1953207305000,165.689917,0.501446500848029,-8.31996228119881,-1.60391533492339,1.894904,2.2858577,-0.8784242,35.675507,82.11458,-2.7266858,WAL
1953212298000,165.69491,0.349383187033825,-7.84534022098872,-1.86196220693842,1.8344283,2.2763894,-0.782213,36.214417,81.86088,-2.52687,WAL
1953217278000,165.69989,0.18675853664561,-7.3840991245375,-2.1124158664561,1.7867808,2.2589796,-0.6930266,36.78252,81.59865,-2.3709247,WAL
1953222306000,165.704918,-0.095697192804801,-7.04949781696598,-2.29058017195199,1.7434094,2.2262983,-0.6310238,37.33266,81.34737,-2.2418115,WAL
1953227307000,165.709919,-0.376636155211623,-6.71669329445898,-2.46778774788377,1.6893479,2.1835377,-0.58368176,37.910446,81.10808,-2.165388,WAL
1953232328000,165.71494,-0.686303115423913,-6.41425884701087,-2.59061988163043,1.6517797,2.1331415,-0.54550266,38.46769,80.878876,-2.1087623,WAL
1953237499000,165.720111,-1.00727071856774,-6.11733556496727,-2.70483141717913,1.6001616,2.0836613,-0.51893,39.00498,80.673256,-2.066327,WAL
1953242302000,165.724914,-1.28101046714938,-5.9622165773656,-2.75957928114461,1.5546521,2.0253236,-0.5027421,39.56737,80.47317,-2.0940747,WAL
1953247603000,165.730215,-1.57490036724138,-5.79429108850575,-2.81237773295019,1.4923438,1.9843957,-0.5030475,40.149986,80.289536,-2.1869323,WAL
1953252310000,165.734922,-1.74329532112069,-5.68202778591954,-2.77351748036398,1.421178,1.9443841,-0.50946164,40.71069,80.13055,-2.284361,WAL
1953257276000,165.739888,-1.92095611163793,-5.56358725890805,-2.7325189644636,1.3622295,1.8741345,-0.52534413,41.27463,79.979805,-2.4479074,WAL
1953262293000,165.744905,-2.07207085194805,-5.55011062477523,-2.48977655656344,1.2809844,1.8054122,-0.56505036,41.824757,79.8669,-2.6035547,WAL
1953267280000,165.749892,-2.2199775,-5.54533934615385,-2.23213269230769,1.1951579,1.756543,-0.6236934,42.35864,79.78289,-2.7493541,WAL
1953272304000,165.754916,-2.19147178863704,-5.27437347478782,-2.40299154880679,1.133155,1.7602082,-0.6236934,42.9352,79.68042,-2.9347982,WAL
1953277295000,165.759907,-2.14851819111333,-4.98324343634548,-2.60821444203694,1.0705414,1.7980819,-0.6084218,43.506046,79.61281,-3.1092103,WAL
1953282331000,165.764943,-2.23331903008902,-4.95638020108803,-2.37732537536103,1.0454959,1.8038851,-0.65179324,44.107418,79.50615,-3.2863727,WAL
1953287250000,165.769862,-2.32651057982196,-4.95172053115727,-2.11638916261128,0.960891,1.8231273,-0.70646566,44.718334,79.44131,-3.467613,WAL
1953292303000,165.774915,-2.37526154211725,-4.75432591136859,-1.70681788426421,0.8359691,1.8060231,-0.76144356,45.353447,79.40293,-3.6297703,WAL
1953297311000,165.779923,-2.41800713815607,-4.53584806783522,-1.28411059695979,0.6750061,1.8008307,-0.7965683,45.99453,79.40777,-3.7853818,WAL
1953302328000,165.78494,-2.45297923749243,-4.3261004579043,-0.857672379345851,0.5195409,1.8194622,-0.82527894,46.66494,79.398155,-3.9406497,WAL
1953307245000,165.789857,-2.4862544120533,-4.12169551635373,-0.439355591405209,0.37873647,1.8142698,-0.8335256,47.322647,79.43507,-4.0914426,WAL
1953312352000,165.794964,-2.49859383403141,-4.00400761570681,-0.0735558957068063,0.23273966,1.7974709,-0.8396343,48.001663,79.447716,-4.224369,WAL
1953317251000,165.799863,-2.50786316984096,-3.90204501859133,0.269409771219994,0.10323623,1.779145,-0.84391034,48.673077,79.498795,-4.356172,WAL
1953322314000,165.804926,-2.50495860910889,-3.89651298178222,0.586739714917417,-0.016493361,1.7629571,-0.82863873,49.34028,79.536385,-4.462099,WAL
1953327260000,165.809872,-2.50027392383543,-3.90588235232915,0.891244468035803,-0.11911872,1.7400496,-0.8060367,49.995396,79.604836,-4.5690923,WAL
1953332307000,165.814919,-2.50765395418934,-3.93571328966268,1.11689119031556,-0.2275473,1.7171422,-0.7867944,50.63861,79.6633,-4.6568956,WAL
1953337256000,165.819868,-2.51703086252844,-3.96853246884954,1.32318334512316,-0.3436117,1.6841555,-0.7535023,51.266533,79.745445,-4.7546377,WAL
1953342338000,165.82495,-2.38357102209745,-3.85538052731101,1.28729991335974,-0.47555858,1.638646,-0.7244862,51.862183,79.82665,-4.8397737,WAL
1953347296000,165.829908,-2.22409233410868,-3.71494405885302,1.20160985090736,-0.6377433,1.5332718,-0.7156286,52.426758,79.94144,-4.9250937,WAL
1953352215000,165.834827,-2.06586811744536,-3.5756122741929,1.11659383291558,-0.7852673,1.4379768,-0.70524395,52.96526,80.05764,-5.009245,WAL
1953357230000,165.839842,-1.90455597136555,-3.43356126787648,1.02991862855925,-0.8979719,1.3646729,-0.67103547,53.474712,80.197044,-5.099088,WAL
1953362245000,165.844857,-1.79455437965684,-3.3582718879006,0.983713030223844,-1.0238101,1.2993103,-0.63194007,53.970078,80.365166,-5.1404014,WAL
1953367236000,165.849848,-1.69557454690859,-3.29699859013904,0.946006421413076,-1.1545353,1.2599095,-0.6133087,54.44812,80.555336,-5.1837416,WAL
1953372246000,165.854858,-1.63343101148364,-3.28098004107609,1.02741196577996,-1.212873,1.17897,-0.573297,54.9047,80.75836,-5.2287607,WAL
1953377245000,165.859857,-1.58056821735595,-3.27617433708091,1.13794323294017,-1.319469,1.0650436,-0.52748215,55.337013,80.99307,-5.2776947,WAL
1953382260000,165.864872,-1.60541139508977,-3.29847795764309,1.37928910798532,-1.4398094,0.9068295,-0.47311515,55.734814,81.23122,-5.320221,WAL
1953387250000,165.869862,-1.64807527635155,-3.32692066064875,1.64949357381212,-1.5549575,0.7302894,-0.42394048,56.0913,81.47626,-5.3694377,WAL
1953392226000,165.874838,-1.6943152268568,-3.44531181975639,1.94109576675579,-1.6664404,0.5155703,-0.36896262,56.39144,81.712975,-5.411333,WAL
1953397283000,165.879895,-1.74227509772232,-3.58919148243216,2.24324310344623,-1.7733418,0.28130344,-0.31703907,56.632587,81.953156,-5.4599338,WAL
1953402336000,165.884948,-1.86548646917769,-3.88596703133985,2.55208675848189,-1.8808541,0.055283304,-0.26083946,56.786495,82.17686,-5.5055275,WAL
1953407323000,165.889935,-2.00738272631781,-4.22010989208357,2.85876584602262,-1.9883664,-0.17562376,-0.17928895,56.868755,82.391304,-5.566378,WAL
1953412296000,165.894908,-2.15181447804637,-4.9928520628515,3.27660500818944,-2.0958786,-0.37720928,-0.07788532,56.872555,82.56803,-5.6354666,WAL
1953417321000,165.899933,-2.2990101396152,-5.9614938699556,3.74668118949186,-2.1740694,-0.4886922,0.021991149,56.83329,82.72372,-5.7237043,WAL
1953422311000,165.904923,-2.38163501093672,-7.41580392879706,4.33119967808682,-2.2015584,-0.5320636,0.14721853,56.7368,82.80305,-5.8557835,WAL
1953427298000,165.90991,-2.43382076825271,-9.10472769315586,4.97166239803318,-2.1542163,-0.49205196,0.3023783,56.628323,82.8333,-6.022634,WAL
1953432319000,165.914931,-2.09376175194042,-11.281812627989,6.02158176087809,-1.998751,-0.35246924,0.46822822,56.531372,82.75836,-6.2190895,WAL
1953437352000,165.919964,-1.55054267323599,-13.7097655654645,7.2827948878381,-1.709201,-0.11575896,0.5888741,56.46915,82.62345,-6.4437246,WAL
1953442342000,165.924954,-0.41467929488491,-15.3355182637113,8.76007332708156,-1.2315043,0.12522738,0.65301496,56.439316,82.38977,-6.647191,WAL
1953447321000,165.929933,1.07131874816709,-16.4963133721701,10.3680224411291,-0.5491679,0.20158553,0.50610185,56.427277,82.12041,-6.8161693,WAL
1953452310000,165.934922,2.61683676164598,-17.3939545125691,11.1849559908209,0.21777347,0.17562376,0.23762658,56.40906,81.79501,-6.788244,WAL
1953457304000,165.939916,4.21820633189736,-18.0374949900908,11.2398311275686,0.84940815,0.26053402,-0.096516706,56.44786,81.41387,-6.7070403,WAL
1953462285000,165.944897,5.25179105481196,-18.4787815383476,10.4857436357714,1.2030991,0.3491095,-0.3155119,56.371056,80.96924,-6.2873974,WAL
1953467322000,165.949934,5.89935003204027,-18.7835158122594,9.15253460556707,1.314582,0.70616025,-0.4868596,56.412148,80.409706,-5.842042,WAL
1953472307000,165.954919,5.822966482907,-18.2543282256593,7.8485293678366,1.3096951,1.1016954,-0.516792,56.463776,79.849335,-5.2108293,WAL
1953477306000,165.959918,5.19641196561571,-17.0866577810827,6.55270074086853,1.219287,1.3848315,-0.5458081,56.595203,79.22821,-4.605316,WAL
1953482324000,165.964936,4.30067073228704,-15.4797291981048,5.48177621310828,1.0842859,1.5378532,-0.5403103,56.85445,78.76181,-3.9979923,WAL
1953487316000,165.969928,3.19172353039187,-13.5260951418419,4.60405656892706,0.9602802,1.5980235,-0.52320606,57.15689,78.28104,-3.448657,WAL
1953492305000,165.974917,2.11970189548922,-11.5558012935342,4.02560180720961,0.81397796,1.5876387,-0.50976706,57.53838,77.93507,-3.0160995,WAL
1953497330000,165.979942,1.07334031349895,-9.55486459937059,3.71811809893191,0.6737844,1.5360206,-0.4981606,57.910908,77.607796,-2.6163661,WAL
1953502311000,165.984923,0.166246312882665,-7.82882139852982,3.54720745543873,0.50610185,1.4514158,-0.49357912,58.30552,77.36508,-2.367515,WAL
1953507304000,165.989916,-0.567893869303061,-6.44507790881176,3.55610621075649,0.27305678,1.3298537,-0.45845437,58.658142,77.17746,-2.1374345,WAL
1953512284000,165.994896,-1.28832073447249,-5.29403239753059,3.50690403596075,0.028710667,1.196685,-0.3915646,58.9805,77.01983,-2.0485525,WAL
1953517320000,165.999932,-1.98482312944549,-4.75171776584721,3.29954835985007,-0.2171626,1.0778717,-0.27947086,59.257988,76.92825,-1.9794952,WAL
1953522297000,166.004909,-2.61642458126297,-4.62128112521,3.13914174498468,-0.43371433,0.9810496,-0.11759156,59.508717,76.84337,-2.0224104,WAL
1953527298000,166.00991,-3.18438902603024,-4.96679294525151,3.03028180164048,-0.6282749,0.88025683,0.04550946,59.715492,76.81613,-2.0901031,WAL
1953532286000,166.014898,-3.66515154400782,-5.52452200304985,3.04173982494624,-0.77549344,0.72418076,0.20616703,59.897465,76.8304,-2.268396,WAL
1953537312000,166.019924,-4.03685337810362,-6.36673236041056,3.21112305053763,-0.92179567,0.41141775,0.3381139,59.99756,76.88711,-2.468439,WAL
1953542236000,166.024848,-4.31646798337445,-7.47026552004175,3.3957587661226,-1.0436633,-0.043066,0.4370741,60.031643,76.98283,-2.7584963,WAL
1953547297000,166.029909,-4.46364794349023,-9.06624870031315,3.61652868228317,-1.1160508,-0.6218608,0.5164866,59.93515,77.08661,-3.0528226,WAL
1953552242000,166.034854,-4.63707896256889,-10.7484182519383,3.63537727486221,-1.0793989,-1.2263119,0.5705481,59.707016,77.17482,-3.379216,WAL
1953557306000,166.039918,-4.89530649041569,-12.80517852695,3.11892221916861,-0.9660834,-1.7143933,0.62858033,59.344032,77.23915,-3.6994195,WAL
1953562276000,166.044888,-5.18067927920883,-14.7204981784729,2.58150897770623,-0.7852673,-1.8799378,0.6936375,58.91167,77.27854,-4.0170116,WAL
1953567319000,166.049931,-5.67435031775529,-16.0040429714811,1.84100239411224,-0.535118,-1.9685133,0.71929383,58.366154,77.253265,-4.3089304,WAL
1953572274000,166.054886,-6.05871636459615,-17.1496241851366,1.24931122384794,-0.36896262,-1.8603901,0.7302894,57.905384,77.32576,-4.6199994,WAL
1953577306000,166.059918,-5.9858257363013,-17.7813434034486,1.27360816760109,0.1386664,-1.5735888,0.7309003,57.475163,77.22558,-4.926978,WAL
1953582332000,166.064944,-5.61626218451831,-18.1089121249615,1.21441424208474,0.7819075,-1.2333369,0.6753115,57.166214,77.15023,-5.2659407,WAL
1953587312000,166.069924,-4.11899077362265,-17.2770942486919,0.837649830881297,1.2507466,-1.1099422,0.47647488,56.888657,76.9946,-5.551638,WAL
1953592302000,166.074914,-2.7617077389695,-15.9930198288422,0.206469947172046,1.3350459,-1.0201449,0.18478674,56.71841,76.81213,-5.771822,WAL
1953597296000,166.079908,-1.82698646231369,-13.3729685758563,-1.17672874729049,1.0216721,-0.7480045,-0.06352998,56.644066,76.63566,-5.9525185,WAL
1953602320000,166.084932,-0.985560112113711,-10.8142453379907,-2.30684273410365,0.40378192,-0.4352415,-0.23182335,56.62545,76.63355,-5.8942204,WAL
1953607309000,166.089921,-0.481994340653645,-8.53202941055889,-2.55169578209244,-0.27275133,-0.35369098,-0.40439278,56.629986,76.75705,-5.7718854,WAL
1953612285000,166.094897,-0.0465555736093858,-6.41242872981366,-2.71522625928226,-0.8573494,-0.59773165,-0.45845437,56.657894,77.1249,-5.58301,WAL
1953617339000,166.099951,0.0250226294271912,-5.12879300186335,-2.43368537384403,-1.2791518,-0.93218035,-0.3839288,56.68498,77.61737,-5.3931866,WAL
1953622313000,166.104925,0.0374225133796762,-3.98306685098326,-2.17472879592975,-1.5619824,-1.260215,-0.28680122,56.62146,78.199066,-5.1657653,WAL
1953627453000,166.110065,-0.345281849411872,-3.60036246938626,-2.03065181742431,-1.7647897,-1.5531249,-0.2302962,56.477962,78.8501,-4.943005,WAL
1953632765000,166.115377,-0.744786335360108,-3.22254276181288,-1.91080820065066,-1.9000963,-1.7821994,-0.20158553,56.244442,79.46727,-4.737697,WAL
1953637344000,166.119956,-1.19081870842869,-3.34716950515294,-2.54706026777354,-1.9685133,-1.9251418,-0.14385876,55.959225,80.09272,-4.556731,WAL
1953642380000,166.124992,-1.68136665137985,-3.48423442750729,-3.24681248660534,-2.002111,-2.0372355,-0.07727446,55.643215,80.674416,-4.430283,WAL
1953647430000,166.130042,-2.15208965665928,-3.70919784815636,-3.85217447439049,-2.0115793,-2.1416936,0.022907447,55.298733,81.23512,-4.3334694,WAL
1953652348000,166.13496,-2.56015855138021,-4.13624657624421,-4.21279343886762,-1.990199,-2.2412646,0.12767084,54.935246,81.76515,-4.261446,WAL
1953657289000,166.139901,-2.9114020951929,-4.52716997229026,-4.56959415352113,-1.9792033,-2.3237314,0.23151793,54.50531,82.37606,-4.3420763,WAL
1953662322000,166.144934,-3.11801588863033,-4.82725198987549,-4.91887017605634,-1.9651535,-2.3469443,0.33841935,54.06809,82.91832,-4.459401,WAL
1953667272000,166.149884,-3.23659904840878,-5.05634563024313,-5.1283035542202,-1.9404135,-2.2944098,0.3830125,53.657253,83.40322,-4.649818,WAL
1953672347000,166.154959,-3.17415302424392,-5.1476131702708,-5.05144659657047,-1.9257526,-2.1502457,0.49602258,53.269722,83.76045,-4.8975906,WAL
1953677313000,166.159925,-3.11679861256408,-5.27703062870889,-4.90677002586955,-1.8939877,-1.9956968,0.61361414,52.93068,83.99571,-5.1927204,WAL
1953682359000,166.164971,-3.06725054602887,-5.50190242093225,-4.59804787380708,-1.8509218,-1.8774943,0.7657196,52.62949,84.05124,-5.535528,WAL
1953687349000,166.169961,-3.01825235894787,-5.72427860864422,-4.29275188910797,-1.7947221,-1.8182404,0.93218035,52.367493,83.93258,-5.9079337,WAL
1953692555000,166.175167,-2.98831825950636,-6.28238885036637,-3.96394500563054,-1.7363845,-1.7944167,1.1169671,52.139603,83.640015,-6.3309236,WAL
1953697268000,166.17988,-2.96655993979946,-6.86986366421134,-3.66367992103741,-1.6762142,-1.8002199,1.2968669,51.932095,96.801506,-6.800045,WAL
1953702309000,166.184921,-2.8915261686726,-7.72105635953331,-3.36283629867977,-1.600467,-1.8014416,1.4703526,51.746387,97.334625,-7.2938094,WAL
1953707277000,166.189889,-2.79414081012179,-8.66082441111452,-3.07554968670556,-1.5375478,-1.7956384,1.6337591,51.575726,97.95214,-7.831498,WAL
1953712297000,166.194909,-2.56871702620508,-9.50299820318838,-3.09371415515517,-1.4724907,-1.743104,1.8164078,51.449997,98.58845,-8.382894,WAL
1953717323000,166.199935,-2.29629170659372,-10.3066532800679,-3.22538639454768,-1.3997977,-1.6071864,1.9792033,51.36669,99.26112,-8.963616,WAL
1953722306000,166.204918,-2.02734842111814,-11.1971126827261,-3.29894507203654,-1.3161092,-1.4306464,2.1029036,51.378166,99.8664,-9.503813,WAL
1953727328000,166.20994,-1.75701773493928,-12.1529248453277,-3.33756386390645,-1.2577715,-1.2455542,2.1566598,51.443466,100.4801,-10.053316,WAL
1953732327000,166.214939,-1.38621804637396,-12.9039403240201,-3.46256999271313,-1.2373075,-1.0054842,2.1255057,51.574825,101.048256,-10.552519,WAL
1953737336000,166.219948,-0.954186521314093,-13.5372591933272,-3.63931007910142,-1.2709051,-0.66614854,2.0500638,51.796867,101.607025,-11.035989,WAL
1953742305000,166.224917,-0.549141536045584,-13.8545589881445,-3.73196570706737,-1.3423764,-0.29749137,1.9333885,52.050858,102.107834,-11.444855,WAL
1953747346000,166.229958,-0.149830684444444,-14.0231566021505,-3.78520721003584,-1.3912456,0.03359759,1.7550159,52.394897,102.56683,-11.799759,WAL
1953752310000,166.234922,0.301974633175372,-13.9038770298621,-3.63960885451189,-1.4489723,0.30298916,1.5335772,52.769787,102.97236,-12.059961,WAL
1953757308000,166.23992,0.816538986771202,-13.4932654687805,-3.29136825210121,-1.5286902,0.4914411,1.3185526,53.21572,103.34244,-12.261505,WAL
1953762299000,166.244911,1.2345357869911,-13.0084447167203,-3.0256162543079,-1.5677856,0.5723807,1.1478158,53.621647,103.67758,-12.393806,WAL
1953767323000,166.249935,1.60352118854384,-12.4800209484946,-2.80240286441962,-1.5540411,0.6401868,1.0412198,54.07474,103.984505,-12.477346,WAL
1953772308000,166.25492,1.86121898378914,-11.7941678208482,-2.24799595600476,-1.5097535,0.4801401,0.8051204,54.405792,104.18306,-12.446577,WAL
1953777301000,166.259913,2.02705288006342,-10.9697370388426,-1.40935065909631,-1.5415184,0.064446285,0.57360244,54.677586,104.374664,-12.3952,WAL
1953782300000,166.264912,2.0018701903456,-10.1853606226521,-0.900537314716379,-1.6249015,-0.5647449,0.36651915,54.79737,104.493515,-12.274427,WAL
1953787312000,166.269924,1.79901956329827,-9.43706732813674,-0.697686734738918,-1.752267,-1.2034045,0.18387043,54.78573,104.5853,-12.115846,WAL
1953792307000,166.274919,1.49282341016032,-8.81745967145534,-0.781102933728919,-1.8524488,-1.6801848,0.016187929,54.525093,104.59946,-11.9372015,WAL
1953797344000,166.279956,1.02078435825526,-8.39061560805746,-1.31340230240475,-1.8689423,-1.9926424,-0.12034045,54.123608,104.590576,-11.738539,WAL
1953802311000,166.284923,0.471090481377347,-8.13895376101077,-1.94849284880327,-1.8234328,-2.1108449,-0.20952678,53.62335,104.59768,-11.572856,WAL
1953807308000,166.28992,-0.176120700747398,-8.07508428472284,-2.71066908824629,-1.7321084,-2.111761,-0.25259277,53.067448,104.58053,-11.392053,WAL
1953812271000,166.294883,-0.702788664191214,-8.0455441078553,-3.25673431337985,-1.6181821,-2.006387,-0.26847526,52.55841,104.66437,-11.271495,WAL
1953817323000,166.299935,-0.810304283850129,-8.14055799870801,-3.03420201589147,-1.5057828,-1.8286251,-0.26175576,52.07373,104.7281,-11.143505,WAL
1953822239000,166.304851,-0.914925579622739,-8.23301411260982,-2.81766029489922,-1.4117095,-1.6267341,-0.22143865,51.7316,104.94736,-11.120523,WAL
1953827313000,166.309925,-1.02290939873385,-8.32844176149871,-2.59415893356589,-1.3628404,-1.46852,-0.1881465,51.43263,105.15286,-11.092814,WAL
1953832296000,166.314908,-1.14039595804358,-8.46548564213075,-2.31222790056174,-1.3402383,-1.4040737,-0.13805555,51.149063,105.36881,-11.087428,WAL
1953837314000,166.319926,-1.28002714194673,-8.68424128184019,-1.91195168775787,-1.38025,-1.4095715,-0.07269296,50.897217,105.59549,-11.092864,WAL
1953842243000,166.324855,-1.36246677302267,-8.83428725430489,-1.5336027172293,-1.4141531,-1.4309518,-0.01160644,50.606018,105.78021,-11.145521,WAL
1953847371000,166.329983,-1.30035686007394,-8.81517611275416,-1.18005375748614,-1.4300356,-1.4587462,0.041233405,50.31982,105.975006,-11.213495,WAL
1953852286000,166.334898,-1.21861763864485,-8.79209901176795,-0.854474450678496,-1.4486669,-1.4740179,0.08460484,49.976715,106.12854,-11.327551,WAL
1953857310000,166.339922,-1.05937340209433,-8.75228807272226,-0.566950136224143,-1.4853189,-1.4883732,0.12767084,49.63615,106.292,-11.451982,WAL
1953862410000,166.345022,-0.897364115836861,-8.70999635023232,-0.289346144487352,-1.4999796,-1.5335772,0.17867808,49.260483,106.399025,-11.581025,WAL
1953867322000,166.349934,-0.737078927045947,-8.64685394692824,-0.192203602445018,-1.5088371,-1.5812247,0.19761491,48.887432,106.50777,-11.706429,WAL
1953872296000,166.354908,-0.585606338443794,-8.58751750955414,-0.119257544413841,-1.4905112,-1.6059648,0.22724187,48.479507,106.56765,-11.820156,WAL
1953877301000,166.359913,-0.515470107707006,-8.56276348089172,-0.238901677388535,-1.427592,-1.5848899,0.25778514,48.078213,106.618286,-11.931236,WAL
1953882345000,166.364957,-0.444787360886555,-8.53781656369427,-0.359478102308487,-1.344209,-1.534188,0.2779437,47.578033,106.682175,-12.065038,WAL
1953887311000,166.369923,-0.438082940524593,-8.52937161090331,-0.539858217593043,-1.2217305,-1.42973,0.30207285,47.10953,106.72565,-12.193726,WAL
1953892242000,166.374854,-0.446914673227978,-8.52495565924818,-0.734156171071629,-1.0806206,-1.2834278,0.34147367,46.677197,106.75026,-12.316958,WAL
1953897358000,166.37997,-0.518342127947256,-8.50711225231646,-0.820697521254455,-0.92485,-1.1294898,0.36835176,46.27434,106.77037,-12.42989,WAL
1953902280000,166.384892,-0.619134108228286,-8.48311418205885,-0.844695611558904,-0.8142834,-0.9737192,0.39584067,45.922554,106.776054,-12.53698,WAL
1953907307000,166.389919,-0.754853078655199,-8.45280511610633,-0.842620463565285,-0.7275405,-0.84757555,0.42332962,45.603825,106.81108,-12.649537,WAL
1953912321000,166.394933,-0.905026984949179,-8.41995488956216,-0.82854164943706,-0.68477994,-0.729984,0.45173484,45.333885,106.83618,-12.755212,WAL
1953917319000,166.399931,-1.06273375263158,-8.36386880055402,-0.829972220941828,-0.67011917,-0.6414085,0.46792278,45.083767,106.87599,-12.87626,WAL
1953922295000,166.404907,-1.22407449025341,-8.29542084979994,-0.839750461696932,-0.6774496,-0.58551437,0.48930305,44.86461,106.91674,-12.995545,WAL
1953927302000,166.409914,-1.36468483067701,-8.25381938434415,-0.863300511473907,-0.7141015,-0.5708536,0.52381694,44.654587,106.989395,-13.140434,WAL
1953932353000,166.414965,-1.4968732942701,-8.22397021844147,-0.893149525989069,-0.7666359,-0.559858,0.5537493,44.465565,107.06725,-13.280515,WAL
1953937297000,166.419909,-1.61525371949178,-8.21544248071749,-0.942274782110613,-0.8362745,-0.57604593,0.57910025,44.26285,107.196266,-13.455005,WAL
1953942300000,166.424912,-1.72029418480319,-8.23454062929746,-1.01866784507225,-0.90102625,-0.600786,0.61850107,44.069244,107.339096,-13.634469,WAL
1953947325000,166.429937,-1.79125018323518,-8.30740756576364,-1.11284605779348,-0.96852684,-0.6429357,0.6554584,43.865402,107.52979,-13.842161,WAL
1953952316000,166.434928,-1.81470807919121,-8.45284710855909,-1.23013563555163,-1.0375546,-0.68783426,0.6795876,43.661945,107.73157,-14.051046,WAL
1953957244000,166.439856,-1.81523129132101,-8.64008356978573,-1.33903512502457,-1.0958922,-0.7113526,0.7110472,43.447247,107.98202,-14.292954,WAL
1953962301000,166.444913,-1.77714995394142,-8.90665268291724,-1.43899850517004,-1.1184943,-0.7498371,0.71593404,43.222965,108.229095,-14.528862,WAL
1953967254000,166.449866,-1.72821927817835,-9.15668927726451,-1.49706891869853,-1.1728612,-0.79412484,0.73273283,42.987865,108.516464,-14.779647,WAL
1953972311000,166.454923,-1.65526801590681,-9.39013345872665,-1.47761526230167,-1.207986,-0.850019,0.73823065,42.746017,108.793106,-15.022749,WAL
1953977297000,166.459909,-1.59016580655134,-9.61345064335664,-1.40591538976813,-1.2177598,-0.9083566,0.7425067,42.47963,109.07411,-15.259562,WAL
1953982388000,166.465,-1.53633194800331,-9.8287857027972,-1.2354415590173,-1.2290609,-0.96974856,0.7339546,42.203773,109.34905,-15.489152,WAL
1953987398000,166.47001,-1.49302630670108,-10.0430943247295,-1.04878062865085,-1.2180653,-1.024421,0.70952,41.88648,109.59876,-15.697778,WAL
1953992303000,166.474915,-1.4883629289586,-10.2622737603494,-0.792294658036335,-1.1972959,-1.071763,0.68600166,41.56113,109.83646,-15.899038,WAL
1953997320000,166.479932,-1.48197859952532,-10.4871193738133,-0.534977165221519,-1.1746938,-1.1001683,0.6640105,41.170795,110.030014,-16.079433,WAL
1954002317000,166.484929,-1.46778103140823,-10.7142802660206,-0.303083394509494,-1.1319333,-1.135293,0.63804877,40.771812,110.200905,-16.24679,WAL
1954007287000,166.489899,-1.45245233093204,-10.9221609139142,-0.101478161963554,-1.0577132,-1.1691961,0.63255095,40.31704,110.32074,-16.39551,WAL
1954012291000,166.494903,-1.42971011031701,-11.0222261906796,-0.0741875314214123,-0.95630956,-1.2067643,0.63041294,39.859196,110.416306,-16.531862,WAL
1954017541000,166.500153,-1.37803961047023,-11.1248399166888,-0.109562712750244,-0.77671516,-1.2360858,0.63316184,39.343197,110.45044,-16.654156,WAL
1954022311000,166.504923,-1.04569360799485,-11.1937414684589,-0.798572799819714,-0.53786683,-1.2220359,0.64812803,38.840637,110.45618,-16.769989,WAL
1954027306000,166.509918,-0.697670907289504,-11.2658930934256,-1.52008336269435,-0.27214047,-1.1316279,0.6588182,38.33039,110.42671,-16.876932,WAL
1954032336000,166.514948,-0.287357340100309,-11.233025177249,-2.02318957693949,0.014660766,-0.97035944,0.6420194,37.855984,110.35197,-16.965925,WAL
1954037283000,166.519895,0.132261310806744,-11.172356723402,-2.4579751301462,0.25595254,-0.75411314,0.6020077,37.4346,110.24135,-17.034159,WAL
1954042307000,166.524919,0.557520277183919,-10.9761034115362,-2.65614102728685,0.38545597,-0.52412236,0.5317582,37.116356,110.14051,-17.053795,WAL
1954047304000,166.529916,0.980401703825986,-10.766986385706,-2.82808188706545,0.39400807,-0.3231477,0.44226643,36.85523,110.008934,-17.041557,WAL
1954052317000,166.534929,1.18762525167771,-10.8243888068558,-2.95113333114126,0.27366763,-0.1826487,0.3484986,36.658768,109.86613,-16.964212,WAL
1954057241000,166.539853,1.35366818183513,-10.9269447733016,-3.0634564717792,0.11789699,-0.129198,0.30695978,36.49441,109.71983,-16.86943,WAL
1954062302000,166.544914,1.15244314323561,-11.2666144999506,-2.92656759421577,0.0143553335,-0.09682214,0.21013765,36.3467,109.53119,-16.690659,WAL
1954067256000,166.549868,0.918293005602606,-11.6225230432336,-2.76734546698253,-0.16920967,-0.08368854,0.09773844,36.204403,109.36421,-16.494728,WAL
1954072309000,166.554921,0.503875023931378,-11.8066288256779,-2.43281451770891,-0.34788775,-0.111177474,-0.0061086523,36.03817,109.183105,-16.260386,WAL
1954077303000,166.559915,0.071574313965689,-11.965432912839,-2.07991600885445,-0.47983465,-0.17837265,-0.1160644,35.855213,108.99628,-15.996543,WAL
1954082356000,166.564968,-0.441462466138241,-11.9247145531737,-1.69181307904423,-0.5720753,-0.2443461,-0.21471913,35.62241,108.81397,-15.732937,WAL
1954087252000,166.569864,-0.966090839005333,-11.8119440016731,-1.3044706698421,-0.61483586,-0.31581733,-0.27275133,35.362812,108.631645,-15.457886,WAL
1954092303000,166.574915,-1.30094855271819,-11.7966606934078,-1.00890240921736,-0.59773165,-0.36010507,-0.301462,35.032303,108.46966,-15.235164,WAL
1954097332000,166.579944,-1.58400322415516,-11.8060960412381,-0.740000414702713,-0.5195409,-0.35277468,-0.2947425,34.696556,108.30151,-15.010586,WAL
1954102315000,166.584927,-1.61298954879654,-11.9717038969348,-0.46702153369677,-0.40408736,-0.33322698,-0.25778514,34.353127,108.158714,-14.854163,WAL
1954107272000,166.589884,-1.56904285280806,-12.1816712404855,-0.193575221374203,-0.23976462,-0.31978795,-0.21563543,34.015846,107.99951,-14.702506,WAL
1954112297000,166.594909,-1.33750356281057,-12.8042838113695,-0.0103268076525542,-0.07422013,-0.28038713,-0.17134771,33.69194,107.840645,-14.591154,WAL
1954117278000,166.59989,-1.06727713486384,-13.5106655490956,0.15086088195488,0.07360926,-0.21624629,-0.15607607,33.38715,107.663864,-14.481595,WAL
1954122311000,166.604923,-0.770345423789233,-14.0920334650942,0.282103175486019,0.23304509,-0.1459968,-0.17256944,33.01719,107.44528,-14.379652,WAL
1954127329000,166.609941,-0.46867874637626,-14.640517951303,0.405512266018642,0.4098906,-0.105374254,-0.22724187,32.666424,107.20089,-14.268659,WAL
1954132327000,166.614939,-0.139756989558241,-15.0742407669341,0.35711072436275,0.5891795,-0.087964594,-0.29168814,32.269398,106.85674,-14.085246,WAL
1954137371000,166.619983,0.203634791109983,-15.466688759216,0.239376403513761,0.7516697,-0.06719518,-0.376293,31.893707,106.481995,-13.880832,WAL
1954142304000,166.624916,0.446310289769897,-15.6294467840422,0.0693510023079988,0.9089675,-0.0070249503,-0.4596761,31.497528,106.00277,-13.592616,WAL
1954147363000,166.629975,0.66348410406415,-15.7211422299034,-0.123692389855563,1.0635164,0.0842994,-0.54519725,31.126328,105.497,-13.28382,WAL
1954152315000,166.634927,0.689841236427851,-15.6128313001009,-0.0729151590732594,1.2082914,0.14446963,-0.64751714,30.717854,104.931885,-12.916139,WAL
1954157306000,166.639918,0.651255669374369,-15.4343735875883,0.0621342420108981,1.3399329,0.14966199,-0.711658,30.331186,104.35659,-12.541995,WAL
1954162282000,166.644894,0.511893551690544,-15.0587186641356,0.3074694661383,1.3869696,0.10934488,-0.8558222,29.950336,103.734024,-12.098626,WAL
1954167293000,166.649905,0.337720093753582,-14.614117808787,0.591647265794078,1.4828753,0.022602014,-0.98654735,29.566542,103.096176,-11.651468,WAL
1954172312000,166.654924,0.0631509663418051,-14.0034256395337,0.875706711847108,1.5864171,-0.09315695,-1.1078042,29.153973,102.44605,-11.192515,WAL
1954177286000,166.659898,-0.260961751853112,-13.312302673254,1.15692215895537,1.7574593,-0.2144137,-1.2061534,28.72248,101.77155,-10.714072,WAL
1954182336000,166.664948,-0.65459622579841,-12.5975932620473,1.28267178832074,2.0045543,-0.30970868,-1.2751812,28.298418,101.0844,-10.240935,WAL
1954187318000,166.66993,-1.07603589333006,-11.8858288231426,1.32481577267642,2.3112087,-0.34605515,-1.3295482,27.866365,100.381714,-9.75281,WAL
1954192302000,166.674914,-1.55876381525819,-11.4376661928426,1.32054324895459,2.6422975,-0.33444872,-1.3839152,27.483246,99.70144,-9.291773,WAL
1954197327000,166.679939,-2.0829129988622,-11.1475116586599,1.28778389443742,2.976441,-0.29932398,-1.4300356,27.108404,99.03752,-8.823705,WAL
1954202313000,166.684925,-2.6203141312487,-11.1523274523166,1.12741083820902,3.287066,-0.28221974,-1.4676038,26.794168,98.48456,-8.419072,WAL
1954207308000,166.68992,-3.1719257426657,-11.3809236843964,0.8689982545294,3.50881,-0.21074851,-1.5180001,26.517315,98.0028,-8.002068,WAL
1954212279000,166.694891,-3.68000871583943,-11.7184156420803,0.484747049388966,3.6092973,-0.074830994,-1.5418239,26.32934,82.28555,-7.66717,WAL
1954217323000,166.699935,-4.17194633537671,-12.1243838323116,0.0214659179236702,3.6001344,0.053450707,-1.5534303,26.170681,82.449524,-7.3283796,WAL
1954222309000,166.704921,-4.63875890525804,-12.5128500253669,-0.491951290169113,3.4755177,0.20677789,-1.5464053,26.098127,82.4165,-7.084719,WAL
1954227286000,166.709898,-5.09274377959957,-12.8927142657207,-1.03858594843814,3.2968397,0.31673363,-1.5561792,26.057297,82.294945,-6.8411064,WAL
1954232317000,166.714929,-5.54515489115125,-13.2225646957926,-1.65706290086772,3.0717359,0.3912592,-1.5329664,26.070423,82.077644,-6.7037373,WAL
1954237316000,166.719928,-5.98955509634749,-13.5075606566441,-2.32366323388155,2.871983,0.40500367,-1.4923438,26.098919,81.84206,-6.5732827,WAL
1954242305000,166.724917,-6.39463868724708,-13.7481149901615,-2.86088931102655,2.67223,0.40622538,-1.4413365,26.16334,81.600296,-6.542811,WAL
1954247453000,166.730065,-6.78359526820123,-13.9631851850752,-3.3184853982365,2.5072963,0.40103304,-1.387275,26.227394,81.374886,-6.522929,WAL
1954252345000,166.734957,-7.18138327509003,-14.1307712604177,-3.48221727354666,2.3890939,0.38545597,-1.359786,26.350609,81.15593,-6.578994,WAL
1954257344000,166.739956,-7.62471088980348,-14.2539182486881,-3.29503447888672,2.3154848,0.3023783,-1.3497068,26.448557,80.95838,-6.636736,WAL
1954262299000,166.744911,-7.91615211388995,-14.4589157534391,-3.01785514913068,2.3011293,0.1337795,-1.3567317,26.575548,80.75454,-6.7470655,WAL
1954267290000,166.749902,-8.04856876018342,-14.7557109942682,-2.63886960978219,2.2363777,-0.09560041,-1.4679092,26.659708,80.60244,-6.8162713,WAL
1954272260000,166.754872,-7.87380730836693,-14.68472560625,-2.56479441798387,2.0662518,-0.21105394,-1.6777414,26.772982,80.440285,-6.9013505,WAL
1954277284000,166.759896,-7.18508046804435,-14.00084930625,-2.99646115733871,1.7528778,-0.053450707,-1.7244726,26.8923,80.318085,-6.9914565,WAL
1954282310000,166.764922,-6.40222825837051,-13.2506985134821,-3.24680679596508,1.3912456,0.16768251,-1.690875,27.012394,80.227005,-7.0441823,WAL
1954287326000,166.769938,-5.4796891386033,-12.4027079544132,-3.22351041939864,1.1389582,0.2996294,-1.5995506,27.143785,80.18063,-7.0925775,WAL
1954292243000,166.774855,-4.56155363491235,-11.6639027240496,-3.25733475911956,1.1212431,0.4810564,-1.4645494,27.331018,80.202034,-7.0887513,WAL
1954297316000,166.779928,-3.58548890031515,-11.0945316663384,-3.4104428851881,1.2586879,0.7501425,-1.3228287,27.572472,80.22114,-7.1175523,WAL
1954302257000,166.784869,-2.68371872604106,-10.6806669171993,-3.28437629612628,1.4645494,1.0543534,-1.2403619,27.83886,80.27058,-7.051354,WAL
1954307274000,166.789886,-1.88340339755956,-10.5922601475886,-2.50732598117374,1.6710218,1.1972959,-1.2327261,28.130259,80.27696,-7.0112314,WAL
1954312271000,166.794883,-1.09848553970392,-10.5422033983198,-1.81621824407335,1.8493946,1.2302825,-1.2586879,28.47919,80.30276,-6.8489146,WAL
1954317286000,166.799898,-0.350590009589182,-10.6160088260424,-1.39306681686303,1.9453003,1.2895365,-1.2809844,28.871517,80.29666,-6.70247,WAL
1954322277000,166.804889,0.30137463050587,-10.6607750244345,-1.07228610852343,2.0100522,1.4184291,-1.2687671,29.231344,80.26043,-6.4415565,WAL
1954327329000,166.809941,0.726223995404219,-10.6330673817887,-1.00301717067863,2.0723603,1.616044,-1.2339478,29.622116,80.18881,-6.1948724,WAL
1954332293000,166.814905,1.08398773928749,-10.5773802596011,-0.936255675750719,2.13925,1.8356501,-1.174083,30.004934,80.10435,-5.8516707,WAL
1954337331000,166.819943,1.19411001012206,-10.4002268413218,-0.874012608109556,2.19209,1.9999728,-1.1136073,30.420223,79.979164,-5.5353174,WAL
1954342309000,166.824921,1.28413614468002,-10.2213066285826,-0.799969788457008,2.1700988,2.1303926,-1.0598512,30.87011,79.841736,-5.175198,WAL
1954347343000,166.829955,1.28886824303102,-10.0225624507263,-0.667473722591284,2.1038198,2.147802,-1.0228939,31.325272,79.67346,-4.841393,WAL
1954352299000,166.834911,1.29487171659032,-9.79645519099781,-0.584160425373432,2.024102,2.1533,-0.9502009,31.818388,79.46849,-4.5281806,WAL
1954357346000,166.839958,1.30931130320653,-9.37770697809201,-0.791127984315873,1.9932534,2.1908681,-0.9095783,32.317524,79.25183,-4.230007,WAL
1954362344000,166.844956,1.29568026024543,-8.96821771732435,-1.01261598019249,1.9358319,2.2314909,-0.81397796,32.82742,79.00247,-3.9786284,WAL
1954367331000,166.849943,1.11181290611165,-8.59128931376323,-1.3343837479307,1.8903224,2.2736404,-0.73364913,33.33912,78.74824,-3.7467878,WAL
1954372393000,166.855005,0.913739573439921,-8.20988846681231,-1.65106045124131,1.8680259,2.3316727,-0.6649268,33.89272,78.4831,-3.545835,WAL
1954377328000,166.85994,0.575821902655412,-7.85319793841112,-1.8340992091857,1.8258762,2.312125,-0.60994893,34.425747,78.22834,-3.3700044,WAL
1954382442000,166.865054,0.208046940774019,-7.47286386101037,-2.02291358479026,1.7944167,2.2800546,-0.5561928,35.010857,77.9764,-3.254927,WAL
1954387398000,166.87001,-0.387109495718539,-6.95905980460983,-2.19418167810555,1.7638733,2.2375994,-0.5195409,35.57941,77.73675,-3.1552567,WAL
1954392266000,166.874878,-0.971698182733423,-6.45437898407758,-2.36240869147497,1.7150042,2.1923954,-0.49296826,36.182415,77.499176,-3.1368387,WAL
1954397373000,166.879985,-1.29518897457151,-6.19421852512779,-2.37008750015035,1.6707164,2.1252003,-0.47891834,36.760807,77.27462,-3.1266446,WAL
1954402255000,166.884867,-1.54355623501052,-6.00208532815476,-2.34197046841736,1.6178766,2.0372355,-0.47219884,37.31469,77.07223,-3.1226194,WAL
1954407346000,166.889958,-1.74017202668972,-5.78821903302372,-2.27340533725296,1.5399913,1.9630154,-0.47555858,37.91436,76.87208,-3.2639217,WAL
1954412263000,166.894875,-1.9169890472332,-5.57883033715415,-2.19895602964427,1.4575244,1.8869628,-0.47403142,38.484417,76.69649,-3.40653,WAL
1954417329000,166.899941,-2.041471424,-5.42468627172414,-2.22932208758621,1.3738359,1.8182404,-0.48197266,39.06271,76.52533,-3.6000502,WAL
1954422245000,166.904857,-2.14815424228571,-5.2901733720197,-2.28498258945813,1.2788464,1.7776178,-0.4914411,39.624516,76.388885,-3.792737,WAL
1954427332000,166.909944,-2.20207646666039,-5.14510178643429,-2.1295858265756,1.1997393,1.7690657,-0.4990769,40.1907,76.24627,-4.032816,WAL
1954432347000,166.914959,-2.23827253034385,-5.00031734272256,-1.91240934998587,1.135293,1.7281377,-0.5195409,40.73558,76.1356,-4.2622457,WAL
1954437413000,166.920025,-2.30899464911839,-4.85704765440806,-1.57574416201511,1.033584,1.6881261,-0.5412266,41.3052,76.044586,-4.5194883,WAL
1954442313000,166.924925,-2.39410036700252,-4.71993306498741,-1.19276840685139,0.9236283,1.6450601,-0.56688297,41.862534,75.98267,-4.7660017,WAL
1954447364000,166.929976,-2.43590132076677,-4.54378965690895,-0.930090985573083,0.77304995,1.6374242,-0.6200282,42.415653,75.93893,-5.0010223,WAL
1954452350000,166.934962,-2.45497077955272,-4.35309486992811,-0.734628883676118,0.6218608,1.6398678,-0.63224554,42.95723,75.92853,-5.2369885,WAL
1954457344000,166.939956,-2.45805462718803,-4.21397731949648,-0.453818587171177,0.49602258,1.6517797,-0.64996064,43.56281,75.87755,-5.437544,WAL
1954462355000,166.944967,-2.45329802645455,-4.09981870322133,-0.130369495908812,0.4352415,1.6612481,-0.67164636,44.165165,75.85736,-5.632989,WAL
1954467342000,166.949954,-2.45481167138827,-3.99758257223454,0.223332751917389,0.28680122,1.6383406,-0.68783426,44.76154,75.87266,-5.811725,WAL
1954472343000,166.954955,-2.45963673453556,-3.90108130928874,0.594862873226476,0.15790866,1.5986344,-0.6954701,45.35279,75.90387,-5.9866385,WAL
1954477325000,166.959937,-2.50075193213876,-3.7565711141055,0.845916483744266,0.022907447,1.5482379,-0.6899723,45.959095,75.920944,-6.1285863,WAL
1954482451000,166.965063,-2.56174011411506,-3.58298958772936,1.04295489767775,-0.10354166,1.5170839,-0.6750061,46.555576,75.97092,-6.270162,WAL
1954487346000,166.969958,-2.57589738609609,-3.52734019061512,1.15281973034785,-0.21899518,1.5039502,-0.65576386,47.13462,76.00855,-6.388394,WAL
1954492325000,166.974937,-2.55887291888708,-3.54922874414975,1.2087570659288,-0.36377025,1.4138476,-0.66889745,47.6807,76.08841,-6.495224,WAL
1954497352000,166.979964,-2.54168432747118,-3.57132831406712,1.26523366483729,-0.4804455,1.3142766,-0.6542367,48.215553,76.15043,-6.61672,WAL
1954502362000,166.984974,-2.52455386337856,-3.59335314901561,1.32151927465062,-0.5522222,1.2308935,-0.63041294,48.72661,76.23638,-6.7326016,WAL
1954507341000,166.989953,-2.45997056238886,-3.50505734107884,1.23565788337285,-0.63224554,1.1716396,-0.59131753,49.22161,76.33956,-6.8515778,WAL
1954512314000,166.994926,-2.37057295279589,-3.359197806639,1.07568297826516,-0.7189884,1.1117748,-0.57543504,49.68987,76.45917,-6.9652305,WAL
1954517342000,166.999954,-2.27681927315036,-3.22310392193715,0.931251107438345,-0.81092364,1.0476339,-0.54733527,50.132446,76.575615,-7.0756454,WAL
1954522344000,167.004956,-2.18154639403341,-3.09448561968974,0.79786911646778,-0.89552844,0.98715824,-0.5122105,50.55485,76.70411,-7.188424,WAL
1954527327000,167.009939,-2.10887172419681,-3.06286439216799,0.75425751971327,-0.9950995,0.9388999,-0.47342056,50.968414,76.86428,-7.2958155,WAL
1954532395000,167.015007,-2.04899008901939,-3.0916076030647,0.766233854252085,-1.0720685,0.8940013,-0.4343252,51.36153,77.02832,-7.408934,WAL
1954537401000,167.020013,-1.98984102317525,-3.11999918036322,0.778063674832453,-1.162782,0.8347474,-0.40225476,51.741497,77.22114,-7.5145373,WAL
1954542349000,167.024961,-1.93137726412673,-3.14806181010216,0.789756433967823,-1.2498302,0.74281216,-0.3640757,52.09534,77.416176,-7.627598,WAL
1954547329000,167.029941,-1.91179406572844,-3.38002581168484,0.997193791060951,-1.3594806,0.6243043,-0.33567044,52.427914,77.62393,-7.73776,WAL
1954552366000,167.034978,-1.92255088124876,-3.77324745360258,1.35934016692592,-1.4660766,0.56077427,-0.3042109,52.746502,77.83358,-7.8562193,WAL
1954557335000,167.039947,-1.93316247869177,-4.16116056432111,1.71659753076809,-1.5131133,0.4129449,-0.29046643,53.011696,78.04277,-7.9394627,WAL
1954562297000,167.044909,-1.94375912721506,-4.54852720859267,2.07335161396085,-1.63437,0.226631,-0.2565634,53.244392,78.270096,-8.031508,WAL
1954567281000,167.049893,-1.95440275805748,-4.93761131884044,2.43168743633746,-1.7385225,0.05375614,-0.20525073,53.436707,78.48518,-8.125494,WAL
1954572314000,167.054926,-1.96515103133796,-5.33052069421705,2.79354622325991,-1.8521434,-0.09712757,-0.14996742,53.580196,78.70517,-8.222279,WAL
1954577343000,167.059955,-1.97589076237859,-5.72311780305253,3.15511742123984,-1.9642372,-0.24953845,-0.070554934,53.67709,78.915955,-8.326549,WAL
1954582356000,167.064968,-1.98659632445986,-6.11446584572349,3.5155382634497,-2.0598376,-0.35216382,0.06719518,53.74135,79.101944,-8.458245,WAL
1954587406000,167.070018,-1.96183368181557,-7.05539416415726,4.04212236307633,-2.1041253,-0.40958515,0.21777347,53.7757,79.260086,-8.607011,WAL
1954592304000,167.074916,-1.90350254990434,-8.49572443576621,4.71068671279893,-2.083356,-0.38148534,0.3943135,53.80124,79.36285,-8.799724,WAL
1954597315000,167.079927,-1.66420335172414,-10.4016407413793,5.60684651409558,-1.9468275,-0.25411993,0.6264423,53.723095,79.30942,-8.960712,WAL
1954602321000,167.084933,-1.15182198965517,-12.9635475517241,6.8249608651341,-1.632232,0.008552114,0.7715228,53.687466,79.20161,-9.146621,WAL
1954607294000,167.089906,-0.212206178438662,-14.9829304905054,8.36813080498342,-1.022283,0.18081611,0.7770206,53.62698,78.99555,-9.27255,WAL
1954612294000,167.094906,1.3513737472119,-16.2578498615493,10.3983794737265,-0.05589417,0.14355333,0.46028697,53.583344,78.73706,-9.342176,WAL
1954617307000,167.099919,2.96722167219512,-17.2639934439024,11.5180962341463,0.89644474,0.12370021,-0.06536258,53.528942,78.45225,-9.159971,WAL
1954622312000,167.104924,4.64686658787456,-17.8938596146341,11.3749447637631,1.4773777,0.35918877,-0.40591997,53.545174,78.07272,-8.962251,WAL
1954627255000,167.109867,5.80046680877557,-18.3752060243107,10.8040669072043,1.6994271,0.7791586,-0.51893,53.41444,77.590866,-8.413362,WAL
1954632385000,167.114997,6.23257311176994,-18.6616591609843,9.56115444648681,1.6551393,1.181108,-0.5299256,53.380787,77.003914,-7.865133,WAL
1954637295000,167.119907,6.11248344976512,-18.2723858135643,8.36702803063222,1.4651603,1.4679092,-0.552833,53.431812,76.49262,-7.118988,WAL
1954642305000,167.124917,5.14988226039342,-16.8308311247798,7.1414721028577,1.2284501,1.6081028,-0.5653558,53.561638,75.93354,-6.4598327,WAL
1954647287000,167.129899,4.09415628955224,-15.2432743059702,6.0379621641791,0.9960158,1.6270396,-0.559858,53.783978,75.55433,-5.836397,WAL
1954652349000,167.134961,2.82911228387097,-13.3293701258065,5.14169472903226,0.8888089,1.5635096,-0.5543602,54.02281,75.17058,-5.2637405,WAL
1954657272000,167.139884,1.63646452407815,-11.4634852585001,4.42568889818983,0.6973027,1.4477507,-0.5448918,54.331715,74.91473,-4.857485,WAL
1954662340000,167.144952,0.516169819425342,-9.52969862867541,4.13283188978067,0.5128214,1.3185526,-0.514654,54.609913,74.6729,-4.475466,WAL
1954667284000,167.149896,-0.534400007839314,-7.75580531302652,3.90266832324493,0.29932398,1.1814134,-0.44868052,54.90464,74.503174,-4.2798615,WAL
1954672343000,167.154955,-1.40833502646841,-6.47560869042512,3.93101214024961,0.06291912,1.0436633,-0.33933565,55.148663,74.38469,-4.103495,WAL
1954677324000,167.159936,-2.24425228928822,-5.32061462557976,3.91651401879329,-0.19058995,0.91507614,-0.18875736,55.362175,74.27748,-4.099132,WAL
1954682377000,167.164989,-2.92924530894489,-4.84937816626845,3.62016949358498,-0.43218717,0.8436049,-0.027183503,55.539436,74.22628,-4.1230507,WAL
1954687319000,167.169931,-3.567724202726,-4.47186571096412,3.33639901503307,-0.655153,0.83077675,0.1282817,55.71978,74.17327,-4.2689214,WAL
1954692326000,167.174938,-4.01945807109641,-4.60642494698336,3.08650364942874,-0.8368854,0.80848014,0.2837469,55.8643,74.15973,-4.453728,WAL
1954697322000,167.179934,-4.4617609801105,-5.03141382882136,2.91679107112339,-1.0085385,0.655153,0.41508293,55.998154,74.19445,-4.7524047,WAL
1954702352000,167.184964,-4.85653538895028,-7.20045496786372,3.22285202766114,-1.1414018,0.3652974,0.53023106,56.075684,74.24531,-5.078427,WAL
1954707682000,167.190294,-5.27453657491582,-9.49583457996633,3.52874149309764,-1.2202033,-0.0720821,0.5876524,56.096645,74.33213,-5.464682,WAL
1954712344000,167.194956,-5.63365053956229,-11.4417316658249,3.42017209410774,-1.2198979,-0.65270954,0.60231316,55.98966,74.40873,-5.8399134,WAL
1954717293000,167.199905,-6.01487212065095,-13.507421214927,3.30491899337823,-1.1294898,-1.2641857,0.5992588,55.77072,74.49443,-6.219591,WAL
1954722345000,167.204957,-6.07738792556384,-15.0169153359791,2.39926581362888,-1.0002918,-1.7611245,0.58246,55.421333,74.55232,-6.5607924,WAL
1954727290000,167.209902,-6.07280397613977,-16.3737800654341,1.35411376145581,-0.8414669,-1.9556851,0.59406644,54.984886,74.56127,-6.882072,WAL
1954732345000,167.214957,-6.09012214044675,-17.2473863232948,0.872839801441962,-0.6404922,-1.7672331,0.64721173,54.570206,74.59595,-7.2197256,WAL
1954737248000,167.21986,-6.11353411212605,-17.9403804894296,0.582531127710411,-0.3631594,-1.3475688,0.7012733,54.168877,74.556526,-7.5505204,WAL
1954742343000,167.224955,-5.29190121237656,-18.3400326800527,1.06625351486504,0.0067195175,-0.98471475,0.6585127,53.907406,74.6135,-7.853342,WAL
1954747291000,167.229903,-4.22233966169472,-18.6252497698674,1.78820764650052,0.4382958,-0.86284715,0.57787853,53.699203,74.56966,-8.156284,WAL
1954752342000,167.234954,-2.818699372908,-17.3946046140582,1.83866135684146,0.65393126,-0.79137594,0.5015204,53.61147,74.54032,-8.4449215,WAL
1954757345000,167.239957,-1.24898404416269,-15.3000303352267,1.49361557533218,0.98929626,-0.872621,0.2846632,53.530304,74.40848,-8.655468,WAL
1954762335000,167.244947,-0.334550644737615,-12.8629320088114,0.33029570769532,1.0173961,-1.0192287,0.053450707,53.402397,74.30906,-8.675015,WAL
1954767351000,167.249963,0.258037478661641,-10.2386132572939,-1.24993925529665,0.6844745,-1.1071932,-0.12797627,53.278336,74.24587,-8.644381,WAL
1954772344000,167.254956,0.54192035560241,-7.9601223897992,-2.11810122172691,0.12797627,-1.0048733,-0.26847526,53.11178,74.294914,-8.448321,WAL
1954777364000,167.259976,0.64328451313253,-5.87009004562249,-2.56699965164659,-0.48288897,-0.9972375,-0.41172317,52.90613,74.46214,-8.194399,WAL
1954782506000,167.265118,0.439676678041489,-4.59552299094789,-2.66932078937965,-1.0522153,-1.1572843,-0.39706242,52.715015,74.843796,-7.952954,WAL
1954787392000,167.270004,0.0867026627410422,-3.83384229286352,-2.58107720456576,-1.4749341,-1.3579534,-0.3475823,52.522278,75.349174,-7.685282,WAL
1954792287000,167.274899,-0.286894676988557,-3.39768018550492,-2.65236204852439,-1.767844,-1.5763378,-0.29229903,52.289906,75.93686,-7.440258,WAL
1954797340000,167.279952,-0.685219475513351,-3.15479918357759,-2.82723642672154,-1.953547,-1.7654005,-0.26206118,52.01175,76.58877,-7.1988297,WAL
1954802346000,167.284958,-1.05023966945823,-3.03484411708672,-3.07654586720579,-2.0809124,-1.9391917,-0.2180789,51.700657,77.213844,-7.0216584,WAL
1954807347000,167.289959,-1.39715702476682,-2.98732121889264,-3.37118798487795,-2.1609359,-2.065641,-0.13836098,51.356033,77.84357,-6.8649936,WAL
1954812327000,167.294939,-1.73064015271755,-3.09816945003465,-3.64693821958222,-2.225382,-2.1988094,-0.022907447,50.989857,78.4535,-6.783945,WAL
1954817387000,167.299999,-2.06166153555094,-3.31405296493416,-3.91559321136521,-2.2464569,-2.3246477,0.10048734,50.598476,79.03117,-6.731073,WAL
1954822343000,167.304955,-2.31644286640509,-3.56517298837787,-4.17645133177709,-2.2406538,-2.4083362,0.23823744,50.16022,79.60362,-6.7683063,WAL
1954827327000,167.309939,-2.52506066992153,-3.84491049651336,-4.43722349953313,-2.1945333,-2.4211645,0.38148534,49.710636,80.10876,-6.847432,WAL
1954832416000,167.315028,-2.63957657795206,-4.13776625352669,-4.56851168976028,-2.127949,-2.3154848,0.52290064,49.282185,80.547554,-7.0162377,WAL
1954837383000,167.319995,-2.68180916060965,-4.42870201894051,-4.60135930304824,-2.0583105,-2.1572707,0.6704246,48.870605,80.88072,-7.2345953,WAL
1954842340000,167.324952,-2.75006260533748,-4.76605303210016,-4.49745329361762,-1.9764545,-1.9630154,0.8240572,48.52677,81.09541,-7.532384,WAL
1954847366000,167.329978,-2.84068304600395,-5.1466588639744,-4.27996432118046,-1.88849,-1.8774943,0.9779953,48.20583,81.1763,-7.8769264,WAL
1954852344000,167.334956,-2.92348083112229,-5.62789286394907,-4.03745045817846,-1.8203784,-1.7519615,1.0604621,47.97647,81.14103,-8.25222,WAL
1954857344000,167.339956,-2.99723172957182,-6.25231734284834,-3.75719694139029,-1.700038,-1.6948457,1.215011,47.762886,80.950714,-8.691773,WAL
1954862335000,167.344947,-2.95360465871479,-6.9371345463615,-3.64824353262911,-1.5650368,-1.6346754,1.3692545,47.604355,80.65505,-9.151567,WAL
1954867348000,167.34996,-2.77986493433099,-7.69313750586854,-3.72806986995305,-1.4395039,-1.5271631,1.5268577,47.49042,80.25967,-9.652892,WAL
1954872343000,167.354955,-2.65203179968406,-8.58219184916429,-3.57957452139217,-1.3231341,-1.3072516,1.6924021,47.452312,79.78462,-10.181963,WAL
1954877354000,167.359966,-2.58355928332654,-9.6532956526702,-3.12961302250306,-1.212873,-1.1291844,1.7980819,47.448574,79.2643,-10.728674,WAL
1954882290000,167.364902,-2.4065166874963,-10.6390257374815,-2.73610651588148,-1.1774428,-1.0421361,1.8478674,47.588783,78.77115,-11.228814,WAL
1954887326000,167.369938,-2.09689977660247,-11.5631135830123,-2.39314616194568,-1.2180653,-0.9728029,1.8689423,47.78555,101.743965,-11.739405,WAL
1954892284000,167.374896,-1.73573617666796,-12.3581434487454,-2.23084464487454,-1.3151928,-0.86926126,1.8567249,47.880154,102.256294,-12.237454,WAL
1954897356000,167.379968,-1.29166738335927,-13.0195229749076,-2.29698259749076,-1.4407257,-0.7470882,1.8533652,48.01069,102.77442,-12.731106,WAL
1954902269000,167.384881,-0.878743237127094,-13.5226309783251,-2.37367440618719,-1.5525141,-0.6123924,1.81091,48.07494,103.22489,-13.147798,WAL
1954907343000,167.389955,-0.481384079929064,-13.8098781167488,-2.47421094212808,-1.6249015,-0.50976706,1.7421877,48.17299,103.66752,-13.545472,WAL
1954912260000,167.394872,-0.109875279127155,-13.9437273852371,-2.55224989288793,-1.6053538,-0.39706242,1.6417004,48.258873,104.04097,-13.858519,WAL
1954917357000,167.399969,0.248762438297414,-13.8002726497845,-2.5952864882837,-1.5448782,-0.24312437,1.5036448,48.39134,104.38824,-14.133149,WAL
1954922244000,167.404856,0.584776530642422,-13.5641230567489,-2.58011654478969,-1.4840971,-0.076052725,1.3081679,48.521534,104.663124,-14.319049,WAL
1954927328000,167.40994,0.915560521990209,-13.0825404075332,-2.42931791231891,-1.4566082,0.043982297,1.0943651,48.683357,104.89841,-14.455242,WAL
1954932344000,167.414956,1.18132053335715,-12.5855511850496,-2.13892933367866,-1.423316,0.03359759,0.84635377,48.825146,105.051384,-14.496564,WAL
1954937377000,167.419989,1.31476717736894,-12.0388501566491,-1.5362670718496,-1.4068227,-0.17623462,0.6065892,48.939194,105.15581,-14.481462,WAL
1954942349000,167.424961,1.43364218342727,-11.4792369698408,-0.948986457988727,-1.4312572,-0.57757306,0.40317106,48.949448,105.19489,-14.397157,WAL
1954947344000,167.429956,1.39580089716207,-10.6798394023534,-0.457049387340552,-1.502423,-0.8549059,0.31031954,48.93061,105.21219,-14.281523,WAL
1954952459000,167.435071,1.34438294779763,-9.86430693913625,-0.0263000744197401,-1.5598444,-1.4492778,0.12950343,48.610508,105.12666,-14.105659,WAL
1954957343000,167.439955,1.1432754747038,-9.12244339203134,-0.491081742467514,-1.6511687,-1.9358319,-0.021685716,48.239883,105.04147,-13.920366,WAL
1954962663000,167.445275,0.913721644372234,-8.31791221220501,-1.01696983649521,-1.7098118,-2.2715025,-0.12767084,47.68597,104.928314,-13.742519,WAL
1954967360000,167.449972,0.291732421471239,-7.74982894026549,-2.26509492621681,-1.7357736,-2.477975,-0.19211712,47.02805,104.793724,-13.54489,WAL
1954972309000,167.454921,-0.363627311153208,-7.15126728115782,-3.58018350808444,-1.7269161,-2.604424,-0.23396139,46.345898,104.746864,-13.39407,WAL
1954977299000,167.459911,-0.734772736483997,-7.09079983009782,-4.11753210835787,-1.6624697,-2.62275,-0.23945917,45.63862,104.69111,-13.239078,WAL
1954982280000,167.464892,-1.02472742377244,-7.18141093302308,-4.43466995148637,-1.6059648,-2.5638015,-0.23609942,44.92069,104.62815,-13.076902,WAL
1954987314000,167.469926,-1.22472022407668,-7.33185583907065,-4.38957015450622,-1.5378532,-2.4382687,-0.22052236,44.3997,104.80189,-13.047003,WAL
1954992291000,167.474903,-1.37779539150943,-7.50884867830189,-4.16952456698113,-1.4834863,-2.2446244,-0.17165314,43.92115,104.98641,-13.025464,WAL
1954997347000,167.479959,-1.46339072047024,-7.81748894057029,-3.90670071317659,-1.4141531,-2.0274618,-0.07727446,43.526527,105.24586,-13.064928,WAL
1955002340000,167.484952,-1.51601564164082,-8.18107975007504,-3.62922349278639,-1.3924674,-1.8176296,0.032986723,43.192787,105.52385,-13.11723,WAL
1955007343000,167.489955,-1.48017309389381,-8.54432211061947,-3.29912511351032,-1.3927728,-1.5525141,0.14263703,42.901028,105.81529,-13.207738,WAL
1955012360000,167.494972,-1.40458318324484,-8.90809900884956,-2.9447974412586,-1.4132367,-1.2608259,0.23304509,42.686436,106.12672,-13.313174,WAL
1955017349000,167.499961,-1.27746254275078,-9.22459934661435,-2.4695664004427,-1.4391985,-0.93034774,0.32834008,42.508568,106.43383,-13.438565,WAL
1955022367000,167.504979,-1.12273825070933,-9.51954253305161,-1.92803115110172,-1.4773777,-0.59223384,0.4071417,42.425037,106.75939,-13.568701,WAL
1955027360000,167.509972,-0.948337946602124,-9.64542238011091,-1.24640530718771,-1.4920384,-0.31337386,0.45234573,42.347984,107.04092,-13.688149,WAL
1955032378000,167.51499,-0.763140730341197,-9.69059239834571,-0.492065488556255,-1.5057828,-0.15363261,0.4813618,42.340065,107.33822,-13.811936,WAL
1955037346000,167.519958,-0.606113938341751,-9.6343080206229,0.144863317123317,-1.5045611,-0.17440203,0.50732356,42.267723,107.55485,-13.921017,WAL
1955042344000,167.524956,-0.470134155892256,-9.49329226936027,0.693818715488216,-1.4596626,-0.22143865,0.50793445,42.235916,107.76249,-14.022007,WAL
1955047364000,167.529976,-0.39691501519636,-9.335699643486,0.960978443432585,-1.3692545,-0.3662137,0.5103779,42.048927,107.84224,-14.129675,WAL
1955052351000,167.534963,-0.359119356672272,-9.17034327361757,1.06964094565635,-1.3106114,-0.5381723,0.50976706,41.843597,107.91646,-14.23544,WAL
1955057339000,167.539951,-0.302939173165961,-9.02389144726759,0.988419550050413,-1.1575897,-0.6921103,0.49968776,41.51467,107.89061,-14.347729,WAL
1955062346000,167.544958,-0.235252645939706,-8.8885186856221,0.790194701925791,-0.999681,-0.8167268,0.48838675,41.150448,107.853645,-14.456573,WAL
1955067346000,167.549958,-0.183478206597897,-8.76078186619718,0.47940361892075,-0.84665924,-0.8915578,0.47067168,40.721447,107.79589,-14.567172,WAL
1955072343000,167.554955,-0.140758733654037,-8.63737004225352,0.104421578470542,-0.7312057,-0.926988,0.45234573,40.274986,107.71612,-14.666224,WAL
1955077356000,167.559968,-0.133318337702783,-8.53453706483126,-0.308782559519538,-0.6435465,-0.91690874,0.43585235,39.82105,107.64723,-14.762426,WAL
1955082385000,167.564997,-0.147575815715413,-8.44423986619301,-0.7460118900373,-0.6206391,-0.8784242,0.41722095,39.372196,107.565285,-14.84118,WAL
1955087343000,167.569955,-0.243199292179081,-8.35220525792393,-1.09369104308637,-0.63163465,-0.82253003,0.4196644,38.96604,107.53179,-14.916701,WAL
1955092324000,167.574936,-0.394394458722266,-8.25770785330824,-1.38663164064481,-0.68386364,-0.8017606,0.42210788,38.56618,107.49387,-14.978318,WAL
1955097360000,167.579972,-0.561274345974361,-8.230628047302,-1.59275816035973,-0.7480045,-0.7819075,0.44501534,38.231754,107.53103,-15.045215,WAL
1955102349000,167.584961,-0.736948736302296,-8.25436781436947,-1.73044895808407,-0.84879726,-0.7666359,0.464563,37.90593,107.57635,-15.106094,WAL
1955107341000,167.589953,-0.892787854349144,-8.35404467833741,-1.77511102687531,-0.9468411,-0.7480045,0.49357912,37.628407,107.69698,-15.200837,WAL
1955112378000,167.59499,-1.03431855917848,-8.51444640391198,-1.7468048602934,-1.0482447,-0.7098254,0.5128214,37.364826,107.82981,-15.292663,WAL
1955117356000,167.599968,-1.13855573347657,-8.70454630168882,-1.63662238850804,-1.1337659,-0.6927212,0.5354234,37.112488,108.022316,-15.422128,WAL
1955122349000,167.604961,-1.210231054282,-8.92435056560408,-1.45026658435095,-1.1948525,-0.6985244,0.56321776,36.86925,108.2259,-15.553635,WAL
1955127363000,167.609975,-1.29271817313501,-9.10821155524027,-1.25307501424073,-1.2333369,-0.7348709,0.59681535,36.605255,108.454254,-15.711326,WAL
1955132364000,167.614976,-1.38477914457666,-9.25726286983982,-1.04703384170618,-1.2791518,-0.7901542,0.61391956,36.33901,108.68806,-15.868414,WAL
1955137321000,167.619933,-1.49402613090182,-9.39807865220068,-0.873051669073561,-1.2913691,-0.86529064,0.61666846,36.000713,108.908455,-16.042868,WAL
1955142338000,167.62495,-1.64190800939776,-9.5262424905099,-0.759675519333128,-1.2913691,-0.8897252,0.6264423,35.669243,109.13073,-16.217321,WAL
1955147263000,167.629875,-1.79361485510506,-9.66230919443622,-0.674046792861793,-1.2834278,-0.9254609,0.63071835,35.253963,109.33456,-16.410086,WAL
1955152353000,167.634965,-1.96191987019828,-9.82099698668245,-0.630768356105357,-1.260215,-0.9309586,0.63621616,34.851753,109.52882,-16.595808,WAL
1955157243000,167.639855,-2.12193311293037,-10.0038725233359,-0.592670263779648,-1.2070698,-0.9370673,0.63713247,34.398663,109.72482,-16.804083,WAL
1955162348000,167.64496,-2.28558429713083,-10.2563630110941,-0.559940046469013,-1.1386528,-0.93401295,0.6383542,33.960415,109.90634,-17.00225,WAL
1955167260000,167.649872,-2.42894082066183,-10.4914407920539,-0.503949764498008,-1.070236,-0.9398162,0.6429357,33.505642,110.09405,-17.214752,WAL
1955172343000,167.654955,-2.53334863096721,-10.7101998010418,-0.369711114166071,-0.981355,-0.9407325,0.6435465,33.066803,110.2589,-17.414562,WAL
1955177325000,167.659937,-2.58891118662338,-10.8707524680891,-0.271068942118738,-0.88453287,-0.99204516,0.6600399,32.60005,110.42385,-17.630495,WAL
1955182382000,167.664994,-2.53500028285714,-10.9066928204082,-0.248606085877551,-0.7825184,-1.0903945,0.68203104,32.13335,110.56927,-17.839205,WAL
1955187299000,167.669911,-2.45281754326718,-10.9515738824427,-0.292664288928244,-0.6432411,-1.1979067,0.7263188,31.628496,110.69861,-18.058302,WAL
1955192325000,167.674937,-2.18337058837659,-11.0593528076336,-0.74827466236743,-0.46028697,-1.2544118,0.77121735,31.125946,110.807976,-18.273985,WAL
1955197347000,167.679959,-1.86999270506115,-11.1490534372531,-1.21291385046096,-0.21899518,-1.2513574,0.8051204,30.600273,110.89292,-18.486813,WAL
1955202346000,167.684958,-1.36107324873001,-11.1580605724365,-1.71732959811853,0.070554934,-1.149343,0.81306165,30.103804,110.94934,-18.689919,WAL
1955207480000,167.690092,-0.816522304016186,-11.1454473437532,-2.21095000490642,0.34269542,-0.95356065,0.79259765,29.654753,110.98857,-18.860342,WAL
1955212361000,167.694973,-0.0646398307536671,-10.8995491310066,-2.41901812220536,0.5137377,-0.68294734,0.71593404,29.26912,110.99099,-18.997776,WAL
1955217330000,167.699942,0.68636408211047,-10.6556781459192,-2.62545833726298,0.528093,-0.38912117,0.61666846,28.969315,110.94979,-19.049839,WAL
1955222332000,167.704944,1.26886368293487,-10.4878394997939,-2.76861502056884,0.38912117,-0.11453723,0.48747048,28.74468,110.878876,-19.055576,WAL
1955227387000,167.709999,1.78658403308746,-10.3794629051633,-2.89084343667018,0.15302174,0.09285152,0.32345316,28.551996,110.71885,-18.931286,WAL
1955232364000,167.714976,1.88703456806208,-10.6260229797873,-2.88171153084587,-0.09468412,0.21655174,0.14355333,28.40966,110.538536,-18.756948,WAL
1955237451000,167.720063,1.95248577086385,-10.8847947947226,-2.85565059311729,-0.31306845,0.2134974,-0.01863139,28.244936,110.2977,-18.481611,WAL
1955242353000,167.724965,1.54741767908097,-11.2192113298886,-2.62014596179392,-0.4990769,0.17745635,-0.14355333,28.096983,110.04764,-18.164562,WAL
1955247462000,167.730074,1.10998060282514,-11.5432125809249,-2.36540563762645,-0.5858198,0.04917465,-0.19486602,27.87796,109.770096,-17.810247,WAL
1955252349000,167.734961,0.522421200870665,-11.5812563222543,-2.01878779151915,-0.7107417,-0.09468412,-0.27672195,27.632133,109.48635,-17.419483,WAL
1955257243000,167.739855,-0.0659798044833815,-11.6193545563584,-1.67167345985369,-0.784351,-0.23548855,-0.32467487,27.328634,109.230835,-17.075653,WAL
1955262342000,167.744954,-0.93412380912206,-11.5363974083825,-1.19873512547285,-0.7812967,-0.33933565,-0.33536503,26.989826,108.97665,-16.72972,WAL
1955267249000,167.749861,-1.82113484512632,-11.4317753806021,-0.721113812277611,-0.7287622,-0.36163223,-0.30604348,26.632298,108.72987,-16.389765,WAL
1955272363000,167.754975,-1.90905464878049,-11.7273838292683,-0.397787860097561,-0.6075055,-0.3399465,-0.25045475,26.20504,108.55986,-16.176243,WAL
1955277286000,167.759898,-1.74410747678928,-12.1326824513195,-0.138585125963415,-0.44990227,-0.27122417,-0.1704314,25.79276,108.39205,-15.978185,WAL
1955282364000,167.764976,-1.45962287396547,-12.7340941494164,0.186452581254558,-0.27397305,-0.20525073,-0.10842858,25.413322,108.3106,-15.920321,WAL
1955287260000,167.769872,-1.15207133265168,-13.3672885825215,0.516618232268737,-0.100792766,-0.13530666,-0.06841691,25.0682,108.22201,-15.87333,WAL
1955292327000,167.774939,-0.849821658802589,-14.0334225757576,0.855678360655095,0.09437868,-0.064751714,-0.062308256,24.702188,108.050606,-15.7825775,WAL
1955297396000,167.780008,-0.554658382071197,-14.7046810606061,1.19368793528783,0.2938262,-0.03359759,-0.090713486,24.356247,107.86113,-15.691619,WAL
1955302313000,167.784925,-0.263300013283342,-15.1962398416709,1.28977566534474,0.50518554,-0.03604105,-0.15424347,23.970497,107.53777,-15.50171,WAL
1955307342000,167.789954,0.0372565291293407,-15.6179884353296,1.27038488409663,0.70554936,-0.045814894,-0.22693644,23.602856,107.19245,-15.304081,WAL
1955312335000,167.794947,0.278828894891456,-15.8085317876917,1.03574949920534,0.8765916,-0.034513887,-0.29749137,23.200342,106.72352,-15.010711,WAL
1955317347000,167.799959,0.493920806423023,-15.8897888751245,0.696382267665804,1.0396926,0.0076358155,-0.36743546,22.818228,106.23312,-14.704571,WAL
1955322319000,167.804931,0.57772791079784,-15.7516009994001,0.457222165164967,1.2018774,0.064751714,-0.44440445,22.414755,105.67699,-14.335709,WAL
1955327337000,167.809949,0.596946640083983,-15.5017575788842,0.265034922473505,1.3695599,0.10415252,-0.53786683,22.033321,105.104965,-13.952293,WAL
1955332311000,167.814923,0.571719102687313,-15.080328031968,0.185303077947053,1.5268577,0.08582657,-0.64721173,21.64851,104.51773,-13.537931,WAL
1955337336000,167.819948,0.523643707832168,-14.5659216433566,0.161265390559441,1.6740762,0.0421497,-0.7770206,21.27881,103.91078,-13.101296,WAL
1955342348000,167.82496,0.363987031120024,-13.9257329100068,0.165714448202093,1.8325957,-0.064751714,-0.84299403,20.89722,103.32662,-12.678856,WAL
1955347342000,167.829954,0.148783837198474,-13.2239828495549,0.184427766863934,1.9184223,-0.1863139,-0.9578367,20.50592,102.71513,-12.215575,WAL
1955352297000,167.834909,-0.191708263953488,-12.5350982375343,0.0933911246217122,2.0925188,-0.3145956,-1.0772609,20.077477,102.131134,-11.780019,WAL
1955357348000,167.83996,-0.619087469767442,-11.8375370304661,-0.0687182351447141,2.3151793,-0.40011674,-1.1835514,19.636194,101.54298,-11.322421,WAL
1955362333000,167.844945,-1.07866602646566,-11.4044849447236,-0.240928078040201,2.5665503,-0.408058,-1.2867876,19.217712,100.9978,-10.886284,WAL
1955367298000,167.84991,-1.55654387645088,-11.1093250141886,-0.418961002160804,2.8389962,-0.32620203,-1.3713925,18.811338,100.462616,-10.429363,WAL
1955372344000,167.854956,-2.06212500288131,-11.0937243695545,-0.582111452525322,3.069598,-0.20097467,-1.4504995,18.446016,100.04312,-10.042635,WAL
1955377355000,167.859967,-2.57651600405153,-11.2541768950733,-0.733125331571443,3.2559118,-0.034208454,-1.5222762,18.1279,80.33975,-9.637103,WAL
1955382353000,167.864965,-3.09121249152542,-11.5245382452239,-0.861281159886352,3.3692272,0.1572978,-1.5601498,17.911533,80.582436,-9.308379,WAL
1955387408000,167.87002,-3.61293133050847,-11.8755123380033,-0.9751106918889,3.4055738,0.3491095,-1.5632042,17.752445,80.761375,-8.975888,WAL
1955392311000,167.874923,-4.10996233684211,-12.2326063684211,-1.12552677368421,3.3292155,0.5109888,-1.5628988,17.691885,80.81412,-8.719622,WAL
1955397390000,167.880002,-4.61722790736842,-12.6166114403509,-1.31515871362573,3.2128458,0.6227771,-1.5454891,17.677164,80.80695,-8.476251,WAL
1955402207000,167.884819,-5.0589704815147,-12.9602446458396,-1.49250540614848,3.0418036,0.66920286,-1.525636,17.746658,80.69332,-8.319212,WAL
1955407253000,167.889865,-5.47792776821126,-13.2973365537618,-1.67549830701545,2.8701503,0.6065892,-1.4944818,17.817553,80.55433,-8.175898,WAL
1955412227000,167.894839,-5.88627931668558,-13.6053050908059,-1.93455840124858,2.7220156,0.5018258,-1.4547756,17.943836,80.35411,-8.114924,WAL
1955417257000,167.899869,-6.29387904220411,-13.8886366706222,-2.28748019456196,2.5763242,0.37904188,-1.4104879,18.044157,80.16073,-8.063591,WAL
1955422249000,167.904861,-6.69744667775492,-14.1547849447546,-2.43922366144578,2.4953845,0.2724459,-1.4004086,18.16394,79.92914,-8.07049,WAL
1955427243000,167.909855,-7.10033494951513,-14.4077614470565,-2.41579999638554,2.4373524,0.15393804,-1.412015,18.241783,79.71409,-8.076754,WAL
1955432258000,167.91487,-7.33308483612955,-14.5068878780929,-2.22663366022933,2.3973405,-0.005497787,-1.4920384,18.331242,79.491745,-8.112773,WAL
1955437252000,167.919864,-7.38600094266747,-14.4443506110441,-1.86584172335546,2.3057108,-0.09162979,-1.568702,18.404991,79.29735,-8.138429,WAL
1955442239000,167.924851,-7.150937919585,-14.128234862582,-2.41868132509543,2.2284365,-0.30787608,-1.707063,18.44188,79.08643,-8.165758,WAL
1955447264000,167.929876,-6.62340272725849,-13.5535982997455,-3.8976639459724,2.087021,-0.28069258,-1.6514742,18.515537,78.88846,-8.223262,WAL
1955452597000,167.935209,-5.8786998178046,-12.9262002485854,-4.62845530686533,1.9019289,0.35002577,-1.5760323,18.719284,78.70716,-8.258421,WAL
1955457352000,167.939964,-5.04558807907393,-12.3507517539136,-4.51250666767258,1.462106,0.9459248,-1.5387696,18.915571,78.607445,-8.292268,WAL
1955462278000,167.94489,-4.13244778764295,-11.7311937781601,-4.1740087243194,1.2202033,1.2217305,-1.4648548,19.262615,78.58064,-8.282916,WAL
1955467350000,167.949962,-3.09520238268394,-11.047890252606,-3.40221956208886,1.2455542,1.3014483,-1.3500122,19.713451,78.57308,-8.311049,WAL
1955472241000,167.954853,-2.20659405625532,-10.586463467234,-2.74722327174468,1.3891076,1.2932017,-1.2315043,20.170923,78.6397,-8.23099,WAL
1955477297000,167.959909,-1.48772953790071,-10.4628369760757,-2.22982388254374,1.5619824,1.2980887,-1.1582005,20.64647,78.67998,-8.178329,WAL
1955482425000,167.965037,-0.806529009326377,-10.3829246534986,-1.74963789174509,1.7067575,1.3475688,-1.1682798,21.05904,78.725685,-7.9919825,WAL
1955487403000,167.970015,-0.269076783488307,-10.4229003171527,-1.39873935353582,1.7852536,1.4010195,-1.1872166,21.467506,78.7318,-7.8313065,WAL
1955492285000,167.974897,0.237389045286495,-10.4752446336303,-1.11934627460012,1.8551978,1.4511104,-1.2165382,21.826035,78.7436,-7.550728,WAL
1955497391000,167.980003,0.588861139390565,-10.6435549966592,-1.38666305279409,1.8952094,1.6539177,-1.2632693,22.240324,78.73896,-7.277198,WAL
1955502317000,167.984929,0.893372720150958,-10.7860748976065,-1.57522251421194,1.9672915,1.9019289,-1.2568552,22.63325,78.712906,-6.9259367,WAL
1955507351000,167.989963,0.984343384526765,-10.8052269953322,-1.32625029327639,2.090381,2.0677788,-1.2235631,23.0557,78.64796,-6.585772,WAL
1955512313000,167.994925,1.05299798955989,-10.8061934726368,-1.10979542196709,2.191479,2.1038198,-1.1917981,23.510551,78.59821,-6.1881876,WAL
1955517334000,167.999946,0.970187739527363,-10.6773773445274,-1.10059429054726,2.1991148,2.1358902,-1.1636983,24.004286,78.513725,-5.818553,WAL
1955522543000,168.005155,0.884484424334788,-10.5313526158667,-1.1026069300595,2.143526,2.1636846,-1.131017,24.502655,78.364746,-5.4584117,WAL
1955527297000,168.009909,0.808634284561682,-10.256847491075,-1.23624765934153,2.053729,2.1960607,-1.0748174,25.002636,78.19666,-5.1273317,WAL
1955532309000,168.014921,0.728667751001983,-9.96744494890916,-1.37714108280841,1.9477439,2.2437081,-1.0106765,25.536228,78.00524,-4.83385,WAL
1955537448000,168.02006,0.542539795574634,-9.553334288223,-1.63610973278049,1.8872682,2.277611,-0.95356065,26.066385,77.808815,-4.5665627,WAL
1955542517000,168.025129,0.26514074377561,-9.03913139581881,-1.99469870536585,1.8674151,2.2953262,-0.8790351,26.594772,77.61324,-4.334438,WAL
1955547339000,168.029951,0.00125867082731711,-8.54998435554007,-2.33581451239024,1.8329011,2.3521366,-0.8393288,27.177797,77.41841,-4.137601,WAL
1955552322000,168.034934,-0.315848030702311,-8.20298048572723,-2.54202814947893,1.8212948,2.4061983,-0.77549344,27.753626,77.211784,-3.9782372,WAL
1955557358000,168.03997,-0.661119903696964,-7.94074841286815,-2.66877352205709,1.7715092,2.4269676,-0.7467828,28.329994,77.02452,-3.8297973,WAL
1955562330000,168.044942,-0.985950963647383,-7.70567617707989,-2.67907023157025,1.7208074,2.4065037,-0.73364913,28.976135,76.83939,-3.7778773,WAL
1955567338000,168.04995,-1.29247626806612,-7.49956400429752,-2.54166230033058,1.6569719,2.3335052,-0.7480045,29.60878,76.67666,-3.7305465,WAL
1955572391000,168.055003,-1.50435658184349,-7.22587533827185,-2.62878346431341,1.593442,2.2589796,-0.7706065,30.283813,76.51047,-3.7669625,WAL
1955577375000,168.059987,-1.65622952343641,-6.91738372765238,-2.84710085192403,1.5118915,2.2061398,-0.77946407,30.94085,76.3738,-3.8054361,WAL
1955582298000,168.06491,-1.7827070843528,-6.66832048690805,-2.89056871285517,1.4782939,2.132225,-0.77549344,31.603539,76.20118,-3.9060073,WAL
1955587319000,168.069931,-1.8965630148382,-6.45009656235201,-2.82415266258879,1.4376713,2.0210476,-0.79168135,32.239597,76.06249,-3.9973834,WAL
1955592311000,168.074923,-1.97154617814294,-6.19976422076816,-2.75799137059988,1.3808609,1.9352211,-0.8042041,32.89504,75.93716,-4.1299844,WAL
1955597313000,168.079925,-2.0189656530984,-5.92473111748169,-2.69160410566225,1.3090842,1.8817704,-0.81183994,33.526943,75.8347,-4.2587028,WAL
1955602314000,168.084926,-2.08017639676901,-5.6825952658238,-2.59784580691351,1.2302825,1.8726074,-0.8032878,34.166695,75.7216,-4.422229,WAL
1955607310000,168.089922,-2.15218988173791,-5.46655491117801,-2.48262434125025,1.1710287,1.8606955,-0.7849618,34.788685,75.62872,-4.5864034,WAL
1955612279000,168.094891,-2.20950882796117,-5.2971976903301,-2.30252475161165,1.119716,1.9052887,-0.81245077,35.445446,75.52727,-4.766584,WAL
1955617275000,168.099887,-2.2559609568932,-5.16248632240777,-2.07026391293204,1.0027353,1.9636264,-0.8481864,36.10033,75.46491,-4.9526215,WAL
1955622312000,168.104924,-2.29847349414562,-4.92691828947994,-1.69695609805349,0.870483,1.9737056,-0.8741482,36.775776,75.377754,-5.1690664,WAL
1955627292000,168.109904,-2.3362685122734,-4.59621259616642,-1.19144868022288,0.70432764,1.9297233,-0.88697636,37.451725,75.33935,-5.3814936,WAL
1955632319000,168.114931,-2.40170931160216,-4.32598294686918,-0.761726348139148,0.537256,1.8958203,-0.90377516,38.15279,75.279106,-5.6158648,WAL
1955637316000,168.119928,-2.49549715014209,-4.12433884183243,-0.419400318807447,0.37384954,1.8344283,-0.90377516,38.830738,75.26714,-5.8466587,WAL
1955642312000,168.124924,-2.59925295346669,-3.96293244294038,-0.10961528181006,0.29657507,1.7825048,-0.89461213,39.512955,75.15888,-6.119194,WAL
1955647322000,168.129934,-2.71573141549815,-3.85111311549815,0.16061471896679,0.15393804,1.7278323,-0.88025683,40.17138,75.118935,-6.3841414,WAL
1955652260000,168.134872,-2.79665805934236,-3.76976216639113,0.410608313074757,0.023518313,1.6756034,-0.8518516,40.82064,75.08996,-6.604318,WAL
1955657314000,168.139926,-2.82303719405032,-3.73459010920156,0.639226831712235,-0.08827003,1.6181821,-0.8197812,41.44741,75.0938,-6.8246484,WAL
1955662250000,168.144862,-2.84874874773193,-3.70356197136084,0.838691335261286,-0.20311269,1.5754215,-0.7825184,42.10808,75.09562,-7.0199594,WAL
1955667288000,168.1499,-2.87474159246848,-3.68796626451891,0.927067083361707,-0.29657507,1.5317446,-0.7440339,42.745953,75.11653,-7.220172,WAL
1955672245000,168.154857,-2.88094648938433,-3.64937085421642,0.966725043824627,-0.38973203,1.5070046,-0.6945538,43.372562,75.13614,-7.414119,WAL
1955677294000,168.159906,-2.84486182331157,-3.55915944807836,0.903577078367537,-0.49235737,1.4840971,-0.65576386,43.98148,75.17631,-7.611942,WAL
1955682367000,168.164979,-2.7998503582413,-3.47317645549595,0.831689308951299,-0.58001655,1.464244,-0.59712076,44.573254,75.216866,-7.8247724,WAL
1955687320000,168.169932,-2.72002057480804,-3.40831476622489,0.726912597717471,-0.66828656,1.4272866,-0.5580254,45.14857,75.2767,-8.038403,WAL
1955692313000,168.174925,-2.62844175009625,-3.35102524797883,0.618616585149182,-0.7458665,1.3817772,-0.5161811,45.708267,75.34926,-8.260688,WAL
1955697312000,168.179924,-2.50864045047161,-3.31416318009625,0.503422968230991,-0.81183994,1.3429873,-0.47342056,46.2536,75.42856,-8.489709,WAL
1955702338000,168.18495,-2.38669235071775,-3.26553690776264,0.433868647449941,-0.9104946,1.3060299,-0.44226643,46.814972,75.5227,-8.702851,WAL
1955707395000,168.190007,-2.25827802669836,-3.17254738429185,0.540142549730273,-1.0070114,1.2315043,-0.40500367,47.348797,75.61729,-8.922029,WAL
1955712573000,168.195185,-2.13834167035115,-3.07694781349618,0.658945662656489,-1.1212431,1.1221595,-0.3726278,47.86809,75.73805,-9.123463,WAL
1955717361000,168.199973,-2.17567803138931,-2.98360676470229,0.896965159206107,-1.25319,0.99296147,-0.33169982,48.35566,75.86785,-9.329049,WAL
1955722452000,168.205064,-2.21613804745763,-2.89706525932203,1.14272406101695,-1.3836098,0.8491027,-0.2837469,48.782814,76.00473,-9.507177,WAL
1955727327000,168.209939,-2.26338004088034,-2.95611775110043,1.29626062185682,-1.5283848,0.6786713,-0.22937989,49.161198,76.15333,-9.68754,WAL
1955732406000,168.215018,-2.31259893002783,-3.01764136253478,1.4562220972426,-1.6502525,0.60139686,-0.17134771,49.50605,76.29442,-9.856772,WAL
1955737366000,168.219978,-2.4156120854445,-3.15174516162137,1.71095407775219,-1.7702875,0.44715336,-0.13927728,49.776768,76.44607,-10.019318,WAL
1955742309000,168.224921,-2.54207979917089,-3.31746143376324,2.0074990145555,-1.8286251,0.2929099,-0.049480084,50.01809,76.570694,-10.208497,WAL
1955747299000,168.229911,-2.64841274248655,-3.74793684780133,2.50551204226511,-1.9220876,0.15790866,0.05100725,50.20213,76.68369,-10.401092,WAL
1955752316000,168.234928,-2.73454531588105,-4.43699844015607,3.1996401009807,-1.9776763,0.0729984,0.16279559,50.34998,76.761314,-10.61504,WAL
1955757366000,168.239978,-2.61564009756669,-5.68754107730605,4.02941466284871,-2.0350976,0.01985312,0.31031954,50.445976,76.77772,-10.861458,WAL
1955762344000,168.244956,-2.37295357614539,-7.26014981518021,4.92735498976787,-1.9862283,0.027488936,0.47128254,50.52727,76.74058,-11.138587,WAL
1955767315000,168.249927,-1.83886280901034,-9.65405225134417,6.37421250472674,-1.8344283,0.09254608,0.6450737,50.5552,76.60704,-11.426981,WAL
1955772336000,168.254948,-1.14280016986706,-12.5140649760512,8.13094223446578,-1.5387696,0.23640485,0.7910705,50.59832,76.40722,-11.749413,WAL
1955777341000,168.259953,-0.0731814006057645,-14.4936196939912,9.9435468704934,-1.010982,0.27672195,0.8011498,50.567646,76.15199,-11.945864,WAL
1955782405000,168.265017,1.23933981342452,-15.9625057492916,11.8151926119687,-0.21410827,0.18203785,0.7012733,50.5313,75.81651,-12.142903,WAL
1955787379000,168.269991,2.57794179497207,-16.9907067709497,12.4739170071828,0.6026186,0.092240654,0.43157628,50.365982,75.49241,-12.008405,WAL
1955792324000,168.274936,3.9432911724162,-17.7229880628492,12.3038386554769,1.138042,0.06719518,0.12736541,50.204388,75.10104,-11.845506,WAL
1955797333000,168.279945,5.07855824113045,-18.2508916784667,11.442206931547,1.3558154,0.36041048,-0.1563815,49.929207,74.6866,-11.354254,WAL
1955802332000,168.284944,6.02424966348523,-18.616060171328,10.0611234342852,1.3658947,0.829555,-0.32345316,49.74193,74.18164,-10.87076,WAL
1955807341000,168.289953,6.19036769944251,-18.4258438132404,8.72439813393728,1.2153164,1.2519683,-0.41416663,49.690876,73.781746,-10.181872,WAL
1955812335000,168.294947,5.65234844367347,-17.7354647020408,7.43410399673469,0.99204516,1.4853189,-0.48655418,49.735832,73.3591,-9.54297,WAL
1955817348000,168.29996,4.78668057298862,-16.510824025554,6.36523256606109,0.7892379,1.5317446,-0.54000485,49.87908,73.17794,-8.853018,WAL
1955822347000,168.304959,3.6206427651128,-14.7952189221401,5.50981938465762,0.59864795,1.4553864,-0.591623,50.06492,73.01024,-8.20651,WAL
1955827353000,168.309965,2.4378537691073,-12.8437920253641,4.82302224468443,0.42546764,1.3399329,-0.63194007,50.344357,72.9496,-7.6734633,WAL
1955832408000,168.31502,1.22914366888933,-10.6518061935995,4.29061429888041,0.28191432,1.2880094,-0.65668017,50.620697,72.90868,-7.1594987,WAL
1955837431000,168.320043,0.151432531560143,-8.7035117431322,3.95866940535927,0.11026118,1.1548407,-0.6563747,50.904114,72.8883,-6.8089356,WAL
1955842353000,168.324965,-0.788875610162763,-7.01002099944422,3.81832489638746,0.004886922,1.0170907,-0.6035349,51.164043,72.874565,-6.4746675,WAL
1955847330000,168.329942,-1.63014815364245,-5.79299406300453,3.59137418102973,-0.21197024,0.8979719,-0.48472157,51.414455,72.84799,-6.340724,WAL
1955852336000,168.334948,-2.35696351786769,-5.10865513608978,3.27044281302422,-0.43004912,0.8185594,-0.33078352,51.62428,72.83924,-6.228503,WAL
1955857304000,168.339916,-2.97544297495431,-4.72891166955853,3.03847028425507,-0.5992588,0.8151997,-0.14874569,51.8278,72.81341,-6.2602596,WAL
1955862346000,168.344958,-3.47237763577955,-4.72426747205925,2.91307559392132,-0.73823065,0.8246681,0.038179077,51.998325,72.819565,-6.3312197,WAL
1955867244000,168.349856,-3.89153071019878,-4.90028989012087,2.89158931549296,-0.8561276,0.7831292,0.20952678,52.179073,72.85049,-6.530095,WAL
1955872345000,168.354957,-4.20871518052143,-5.42242419418639,3.05750113661972,-0.96883225,0.6072,0.36193767,52.310818,72.89229,-6.765586,WAL
1955877269000,168.359881,-4.52370121239283,-6.21134487236945,3.27378444023772,-1.0684034,0.24281894,0.47952923,52.393143,72.93736,-7.0849614,WAL
1955882445000,168.365057,-4.87142210872954,-7.57808169154326,3.6070170247272,-1.1255192,-0.2828306,0.5494733,52.372288,72.976425,-7.407181,WAL
1955887299000,168.369911,-5.25370910496507,-9.06823134547857,3.77280091077969,-1.1209377,-0.9618073,0.6078109,52.20456,72.987366,-7.7488747,WAL
1955892326000,168.374938,-5.7763068953181,-11.0813683263168,3.61374936397961,-1.0735956,-1.5971072,0.6759224,51.8957,72.97783,-8.075306,WAL
1955897286000,168.379898,-6.2419439403993,-13.0070104547857,3.28483060607751,-0.9431759,-2.012801,0.72509706,51.466473,72.923485,-8.3968,WAL
1955902349000,168.384961,-6.49344442708945,-14.7010784619299,2.17917808682717,-0.7654142,-2.072971,0.8054258,50.954094,72.82195,-8.719571,WAL
1955907316000,168.389928,-6.70515988479881,-16.2419105117735,1.15901152396225,-0.5045747,-1.6606371,0.9101892,50.529964,72.72082,-9.097192,WAL
1955912327000,168.394939,-6.71469572071535,-17.0906051359165,0.505802885319424,-0.14477506,-1.0192287,0.915687,50.160305,72.549515,-9.467847,WAL
1955917335000,168.399947,-6.55098418276033,-17.8806201795509,0.0915924957988871,0.35216382,-0.56779927,0.8371908,49.986885,72.447105,-9.852971,WAL
1955922350000,168.404962,-5.29588869374006,-18.3053489211049,1.17966015086645,0.9636399,-0.44929138,0.6765333,49.909416,72.23885,-10.219948,WAL
1955927311000,168.409923,-3.93617575533087,-18.1929883158076,1.91921903599518,1.3313808,-0.5164866,0.39645153,49.994717,72.09679,-10.519078,WAL
1955932438000,168.41505,-1.64192760972378,-14.0692567584545,0.148887642251097,1.2293663,-0.71837753,0.09254608,50.087036,71.954796,-10.751282,WAL
1955937297000,168.419909,0.532394945280096,-10.1610820681525,-1.52890448612856,0.754724,-0.8729264,-0.042760566,50.08856,71.82058,-10.769837,WAL
1955942349000,168.424961,1.10857701647151,-7.72153802763466,-2.2281513362217,0.45020768,-0.90041536,-0.24220806,50.092175,71.73724,-10.682788,WAL
1955947269000,168.429881,1.24650989820453,-5.75369487423888,-2.64654788657299,-0.1600467,-0.91782504,-0.44348818,50.062202,71.854614,-10.551269,WAL
1955952350000,168.434962,0.950107566701737,-4.68079440150868,-2.67213723323077,-0.7318166,-1.0833695,-0.5180137,49.91707,72.19192,-10.249525,WAL
1955957276000,168.439888,0.514642849687345,-3.96438448843672,-2.55975925846154,-1.2296717,-1.2449434,-0.47128254,49.772945,72.66438,-9.929175,WAL
1955962343000,168.444955,0.00983164930218805,-3.5931572163217,-2.56307859518037,-1.5971072,-1.4285084,-0.40286562,49.58354,73.22365,-9.610259,WAL
1955967312000,168.449924,-0.506094527301399,-3.36333553010053,-2.60998098911886,-1.8432859,-1.6300939,-0.35796702,49.343082,73.86204,-9.29092,WAL
1955972344000,168.454956,-0.89742718954608,-3.21110188789546,-2.84734140357634,-1.9871446,-1.7962493,-0.33108896,49.089645,74.47087,-9.043297,WAL
1955977341000,168.459953,-1.23125767098644,-3.09355598106701,-3.16236444958735,-2.085494,-1.9211712,-0.30787608,48.793564,75.10754,-8.804846,WAL
1955982396000,168.465008,-1.58798975195486,-3.09126273893591,-3.39755066529625,-2.125811,-2.0195205,-0.23335053,48.5597,75.64801,-8.657432,WAL
1955987343000,168.469955,-1.94603431047965,-3.14377601130593,-3.58850785622733,-2.126422,-2.1374176,-0.1282817,48.291813,76.17132,-8.527086,WAL
1955992307000,168.474919,-2.25788143584303,-3.37451183036988,-3.75584614921142,-2.1154263,-2.2779164,0.021685716,47.922997,76.73467,-8.478561,WAL
1955997351000,168.479963,-2.55264792799474,-3.69195259886406,-3.9145665097822,-2.1019874,-2.3890939,0.15790866,47.53241,77.256996,-8.458811,WAL
1956002343000,168.484955,-2.71469284286602,-3.98836052741685,-4.00607618116257,-2.0503693,-2.4196372,0.26633725,47.116455,77.730415,-8.526633,WAL
1956007346000,168.489958,-2.77426721490001,-4.27133919633199,-4.04579246374469,-1.9840903,-2.3451116,0.37751472,46.69995,78.13597,-8.639608,WAL
1956012313000,168.494925,-2.78174704357911,-4.58506333446846,-3.94605837860033,-1.9324722,-2.2000313,0.50701815,46.319042,78.46529,-8.831668,WAL
1956017356000,168.499968,-2.75791138944823,-4.92352987201658,-3.76014017682361,-1.8377881,-2.0292943,0.66339964,45.970276,78.69681,-9.070733,WAL
1956022345000,168.504957,-2.7514012391684,-5.40805621611591,-3.49560192651583,-1.7308867,-1.9187278,0.84421575,45.670322,78.82781,-9.362129,WAL
1956027357000,168.509969,-2.75616445456981,-5.99393220785948,-3.17646624593629,-1.5986344,-1.8863518,1.0372492,45.40245,78.84944,-9.705853,WAL
1956032450000,168.515062,-2.74104633015469,-6.78371445326023,-2.97712853147641,-1.4569136,-1.8466456,1.2272283,45.18794,78.74227,-10.09485,WAL
1956037383000,168.519995,-2.71329480025455,-7.67638924460544,-2.86612226698649,-1.328021,-1.7892243,1.3090842,44.999294,78.564125,-10.50531,WAL
1956042343000,168.524955,-2.52830919166667,-8.51755923594616,-2.85673930423595,-1.2760975,-1.6924021,1.4676038,44.882153,78.25664,-10.966372,WAL
1956047337000,168.529949,-2.21116938333333,-9.31750867379256,-2.93247422367379,-1.1985176,-1.5198327,1.6331482,44.81443,77.900375,-11.445293,WAL
1956052347000,168.534959,-1.86371094438888,-10.1870574718944,-3.05644572262452,-1.1585059,-1.2913691,1.8365663,44.80586,77.49336,-11.948344,WAL
1956057346000,168.539958,-1.49021554438888,-11.1160079718944,-3.22403982262453,-1.1301007,-1.0528263,2.0320432,44.858143,77.039314,-12.486351,WAL
1956062331000,168.544943,-1.1693731788226,-12.1593171517187,-3.23021403168708,-1.1218541,-0.79412484,2.1691825,44.887012,76.60871,-13.018651,WAL
1956067350000,168.549962,-0.894004930788226,-13.3177624865172,-3.08778220831687,-1.1377366,-0.5516113,2.1762075,44.991383,76.15457,-13.560963,WAL
1956072340000,168.554952,-0.537260540368609,-14.112895593589,-3.00490330043599,-1.2290609,-0.39461896,2.0916026,45.121223,75.758354,-14.044981,WAL
1956077337000,168.559949,-0.0962634068965517,-14.5491509741379,-2.98119379310345,-1.3267993,-0.26389378,1.9874501,45.3241,75.35712,-14.517676,WAL
1956082417000,168.565029,0.324333900343306,-14.7306084958313,-3.08250113212359,-1.3784174,-0.112704635,1.8829921,45.51432,75.03013,-14.900358,WAL
1956087379000,168.569991,0.70654571204512,-14.6373861680235,-3.31089602993624,-1.3875804,0.105068825,1.7373008,45.77001,74.7352,-15.235157,WAL
1956092294000,168.574906,1.03921850180367,-14.345786917603,-3.33650999605756,-1.3414601,0.34666604,1.5140295,46.04028,74.54122,-15.452123,WAL
1956097341000,168.579953,1.32028633472797,-13.7836513014981,-3.09831691562192,-1.2883148,0.5222898,1.2583824,46.35872,105.614365,-15.614297,WAL
1956102287000,168.584899,1.54571498219576,-13.1354525635508,-2.69674999561649,-1.2333369,0.600786,0.9877691,46.729702,105.67917,-15.668789,WAL
1956107344000,168.589956,1.70081482209768,-12.3260253578863,-2.03272894995997,-1.2434162,0.52778757,0.70616025,47.10642,105.6848,-15.646928,WAL
1956112265000,168.594877,1.78145946326672,-11.5514162075584,-1.35194320682628,-1.3045027,0.20555615,0.44898596,47.369328,105.6279,-15.550022,WAL
1956117394000,168.600006,1.75716211968738,-10.7641837166601,-0.589007704313415,-1.3973542,-0.32895094,0.25350907,47.543533,105.52612,-15.395968,WAL
1956122240000,168.604852,1.59078551378483,-10.0542623921388,-0.122377769305038,-1.4953982,-0.97035944,0.064446285,47.495594,105.36181,-15.183482,WAL
1956127348000,168.60996,1.17102130968813,-9.36368228363167,-0.0637010515999262,-1.5735888,-1.284955,-0.11881329,47.38321,105.1585,-14.923482,WAL
1956132308000,168.61492,0.767268119406422,-8.69510092962694,-0.23774524991936,-1.6566665,-1.7947221,-0.18692477,46.947346,104.94274,-14.674528,WAL
1956137388000,168.62,0.367874572811805,-8.01764832565728,-1.26403500081617,-1.6789632,-2.0549507,-0.26633725,46.491898,104.679375,-14.374975,WAL
1956142256000,168.624868,-0.0382941491728443,-7.49564102535115,-2.10519362529263,-1.6334536,-2.10046,-0.30268374,45.93907,104.50173,-14.164375,WAL
1956147336000,168.629948,-0.52232829481467,-7.27735131446547,-2.61770036622123,-1.5293012,-2.0998492,-0.33658674,45.32527,104.30218,-13.936282,WAL
1956152284000,168.634896,-0.950048701110315,-7.11658214792264,-3.05637851129119,-1.466382,-2.1019874,-0.33567044,44.83275,104.22377,-13.786164,WAL
1956157344000,168.639956,-1.24510487661175,-7.12092120666189,-3.30804405409205,-1.427592,-2.0732768,-0.3023783,44.351746,104.14638,-13.637405,WAL
1956162673000,168.645285,-1.55008946882732,-7.13582476725284,-3.57672914879869,-1.4034629,-2.021964,-0.24984388,43.93818,104.18647,-13.58229,WAL
1956167369000,168.649981,-1.75699788866169,-7.25996965591453,-3.85260692988447,-1.3787229,-1.9199494,-0.18906279,43.55134,104.241905,-13.53952,WAL
1956172434000,168.655046,-1.97050385265963,-7.40476750210204,-4.11308660604954,-1.3396275,-1.7504344,-0.10262536,43.25681,104.37609,-13.566111,WAL
1956177340000,168.659952,-2.06323814627455,-7.67369681802033,-3.9276181640679,-1.3203852,-1.6019942,-0.0012217305,42.99136,104.534645,-13.613415,WAL
1956182557000,168.665169,-2.15406718428244,-7.95989078937868,-3.72488495284731,-1.3509285,-1.4129313,0.1001819,42.79378,104.78178,-13.724606,WAL
1956187321000,168.669933,-2.14496697979456,-8.22379714713274,-3.47462913938366,-1.3848315,-1.1713341,0.1966986,42.66162,105.05568,-13.8572445,WAL
1956192614000,168.675226,-2.12219140749406,-8.50841816450375,-3.18739788824712,-1.432479,-0.9184359,0.28496864,42.553593,105.352684,-14.015814,WAL
1956197350000,168.679962,-1.96467729336502,-8.67007712264668,-2.83091879601535,-1.4899004,-0.7012733,0.36102137,42.51239,105.67644,-14.189989,WAL
1956202302000,168.684914,-1.79997925849022,-8.83910904002925,-2.4581813668068,-1.5418239,-0.5531385,0.42638394,42.47013,105.99955,-14.371437,WAL
1956207345000,168.689957,-1.56275408915241,-8.88419637646352,-1.85172209250475,-1.606881,-0.52381694,0.4709771,42.461727,106.34347,-14.562588,WAL
1956212272000,168.694884,-1.31722062119484,-8.90308345631942,-1.21427932626839,-1.629483,-0.57910025,0.50732356,42.47693,106.70057,-14.764997,WAL
1956217336000,168.699948,-1.02598443469388,-8.75859096256844,-0.533949182790443,-1.6203201,-0.72082096,0.5198463,42.39189,107.007835,-14.945728,WAL
1956222245000,168.704857,-0.735812442857143,-8.58542421602787,0.130638308710801,-1.5549575,-0.79779,0.516792,42.313198,107.310844,-15.128753,WAL
1956227343000,168.709955,-0.668957322560133,-8.50077451515989,0.155944579484748,-1.4312572,-0.9459248,0.5143485,42.064774,107.516945,-15.293117,WAL
1956232393000,168.715005,-0.655586341083771,-8.43837669468252,0.0311486699971431,-1.3536774,-1.0598512,0.50823987,41.806774,107.712204,-15.452851,WAL
1956237401000,168.720013,-0.680363816884685,-8.37592102354598,-0.22975279014349,-1.1945469,-1.1368202,0.5012149,41.429604,107.77196,-15.583858,WAL
1956242310000,168.724922,-0.722939043368887,-8.31442268383981,-0.551432522658784,-1.0461067,-1.1468995,0.49418998,41.04184,107.81622,-15.707384,WAL
1956247332000,168.729944,-0.838154623401961,-8.2620326172549,-0.764688328803922,-0.9251554,-1.0800097,0.48380527,40.642372,107.867516,-15.830626,WAL
1956252352000,168.734964,-0.988979982029412,-8.21489973882353,-0.920226926058824,-0.84482664,-0.98807454,0.47739118,40.251312,107.89932,-15.944466,WAL
1956257340000,168.739952,-1.21885628576209,-8.14248796308691,-1.02902259912788,-0.8026769,-0.89980453,0.48716503,39.91905,107.96618,-16.05876,WAL
1956262372000,168.744984,-1.49741399723152,-8.05452262245208,-1.11210122020079,-0.80909103,-0.84421575,0.5012149,39.60748,108.024315,-16.164389,WAL
1956267346000,168.749958,-1.7295192013946,-7.96818569013745,-1.18411205195144,-0.84696466,-0.8246681,0.5360342,39.334896,108.126755,-16.297657,WAL
1956272343000,168.754955,-1.9407796971807,-7.88176100339119,-1.25133130288954,-0.9221011,-0.8191703,0.5748242,39.078617,108.23502,-16.42939,WAL
1956277328000,168.75994,-2.06897806622631,-7.83166895692131,-1.30111730146468,-1.0137309,-0.8164214,0.63224554,38.840393,108.41179,-16.62142,WAL
1956282417000,168.765029,-2.15762361347884,-7.79901010698832,-1.34310730009573,-1.0998629,-0.8155051,0.6921103,38.609447,108.602165,-16.819075,WAL
1956287446000,168.770058,-2.19603922330417,-7.85970458260422,-1.33335275945445,-1.1728612,-0.81245077,0.74067414,38.39575,108.849976,-17.062826,WAL
1956292330000,168.774942,-2.20085374633042,-7.98006765826042,-1.29002200194545,-1.2421945,-0.8268061,0.7968737,38.185585,109.11797,-17.31938,WAL
1956297337000,168.779949,-2.19037113810006,-8.20056021045169,-1.24912637620012,-1.3087788,-0.8594874,0.8344419,37.982845,109.41531,-17.594614,WAL
1956302326000,168.784938,-2.17101579874418,-8.47637399837958,-1.21041569748835,-1.3649784,-0.8970556,0.8744536,37.782917,109.72659,-17.87971,WAL
1956307315000,168.789927,-2.17343772791349,-8.80427820952013,-1.12446621348846,-1.3930782,-0.93645644,0.9062186,37.55569,110.03652,-18.16741,WAL
1956312304000,168.794916,-2.18727725341315,-9.15949289002607,-1.01374991315053,-1.3979651,-0.9859365,0.9254609,37.321926,110.34829,-18.45657,WAL
1956317277000,168.799889,-2.18746389583673,-9.58146396938775,-0.925070677661224,-1.391551,-1.0311406,0.9285152,37.04995,110.64224,-18.73386,WAL
1956322270000,168.804882,-2.17770533208163,-10.0547545153061,-0.851881378169388,-1.3796391,-1.056186,0.9184359,36.77611,110.928154,-19.005285,WAL
1956327307000,168.809919,-2.14144912420452,-10.4700061716061,-0.75113649635463,-1.3332134,-1.0983357,0.906524,36.438877,111.17474,-19.262108,WAL
1956332274000,168.814886,-2.08953202688271,-10.8414127521619,-0.635321552427168,-1.3106114,-1.151481,0.8772025,36.09667,111.4066,-19.503422,WAL
1956337276000,168.819888,-2.02609873356066,-11.2031759470905,-0.507800419868001,-1.2391402,-1.1945469,0.8552113,35.701473,111.58888,-19.717365,WAL
1956342286000,168.824898,-1.92582196609834,-11.5251176322737,-0.344190920329997,-1.1527027,-1.2360858,0.8304713,35.297188,111.75097,-19.915304,WAL
1956347267000,168.829879,-1.78121709740444,-11.7726164928521,-0.287111942704045,-1.0461067,-1.2892311,0.8051204,34.8144688735365,111.838841315099,-20.0701503599112,WAL
1956352194000,168.834806,-1.57550363264727,-11.91613741022,-0.378008588644429,-0.93767816,-1.3423764,0.7849618,34.336983,111.92576,-20.223318,WAL
1956357182000,168.839794,-1.31073367584359,-12.0782487784835,-0.583949491881699,-0.7684685,-1.3695599,0.7819075,33.79605,111.94329,-20.339235,WAL
1956362231000,168.844843,-0.965215863725685,-12.2654045252084,-0.948662724086939,-0.54428095,-1.3460416,0.7812967,33.265484,111.93735,-20.44073,WAL
1956367178000,168.84979,-0.542676148335325,-12.2857907182397,-1.3181362654321,-0.27183503,-1.271516,0.7693848,32.730026,111.89029,-20.501984,WAL
1956372225000,168.854837,0.0107314919255277,-12.0692395454998,-1.71274001049383,0.02443461,-1.1313224,0.74372846,32.23151,111.816025,-20.547838,WAL
1956377212000,168.859824,0.567840834514998,-11.7455635800545,-2.01407670140242,0.27214047,-0.92485,0.6927212,31.792435,111.69844,-20.530651,WAL
1956382261000,168.864873,1.14706319630308,-11.2558145138294,-2.18831425918387,0.419359,-0.6765333,0.57910025,31.41198,111.54226,-20.477575,WAL
1956387187000,168.869799,1.6348987583878,-10.8343993379877,-2.3724788087245,0.42149702,-0.43188173,0.45631635,31.11103,111.34453,-20.352747,WAL
1956392227000,168.874839,1.9886090328976,-10.5093682506437,-2.58757296202218,0.27091873,-0.19272798,0.32925636,30.88134,111.11808,-20.185633,WAL
1956397227000,168.879839,2.18434065287034,-10.368525016242,-2.71439859367124,0.05467244,0.008857546,0.19761491,30.700745,110.83499,-19.934769,WAL
1956402307000,168.884919,2.07080993169047,-10.5910454232241,-2.66898634313451,-0.17012598,0.12003502,0.07147124,30.558601,110.534004,-19.646431,WAL
1956407304000,168.889916,1.90437716917787,-10.8147693838735,-2.57845504026877,-0.36193767,0.12217305,-0.040011674,30.439903,110.21039,-19.305908,WAL
1956412300000,168.894912,1.52993234037154,-11.0568348649802,-2.313696028917,-0.51343226,0.04520403,-0.11178834,30.322527,109.882095,-18.943375,WAL
1956417259000,168.899871,1.15826062178656,-11.2971076273518,-2.05089780287747,-0.6417139,-0.09040806,-0.15363261,30.160551,109.55499,-18.572527,WAL
1956422313000,168.904925,0.63698087864633,-11.3927670762631,-1.75527624842707,-0.7067711,-0.15699236,-0.19303341,29.988874,109.222694,-18.187368,WAL
1956427293000,168.909905,0.0550324014871306,-11.4154994232602,-1.45066260877026,-0.6963864,-0.25961772,-0.20189096,29.760805,108.89807,-17.80954,WAL
1956432311000,168.914923,-0.483452104510328,-11.3993737882027,-1.21570830502518,-0.66614854,-0.30909783,-0.20769419,29.48305,108.60211,-17.478329,WAL
1956437338000,168.91995,-0.988081266774227,-11.3548478240674,-1.03265653939986,-0.57848936,-0.3268129,-0.18845193,29.183424,108.30905,-17.158993,WAL
1956442306000,168.924918,-1.27470279854986,-11.417929430143,-0.924724561546155,-0.45570546,-0.3210097,-0.14385876,28.85862,108.082664,-16.936428,WAL
1956447318000,168.92993,-1.44271587557756,-11.5427387062706,-0.857519300660066,-0.30848694,-0.30665436,-0.101098195,28.534338,107.8531,-16.721937,WAL
1956452314000,168.934926,-1.39170776216216,-11.9576652034676,-0.758614966123406,-0.17592919,-0.2666427,-0.058337633,28.216509,107.69102,-16.597633,WAL
1956457308000,168.93992,-1.21610792432432,-12.5381202937277,-0.641548393982662,-0.055283304,-0.20922135,-0.04184427,27.914988,107.52279,-16.477196,WAL
1956462294000,168.944906,-0.845148334487203,-13.5619909291107,-0.26010439418155,0.07544186,-0.12156218,-0.07819075,27.618628,107.36075,-16.376692,WAL
1956467326000,168.949938,-0.374867352347634,-14.8131160552384,0.254542724816792,0.20891592,-0.055588737,-0.14813483,27.340466,107.18633,-16.269623,WAL
1956472311000,168.954923,-0.0591183633653846,-15.6345975192308,0.572214181538462,0.355829,-0.021380283,-0.23854288,27.022861,106.93341,-16.098429,WAL
1956477291000,168.959903,0.108535164488213,-16.0438688715881,0.700419812307692,0.49877146,-0.014966198,-0.33841935,26.72338,106.65616,-15.9054365,WAL
1956482352000,168.964964,0.22687528529771,-16.3017127480916,0.736916983664122,0.6649268,-0.0106901415,-0.42852196,26.250309,106.200325,-15.573178,WAL
1956487315000,168.969927,0.304277329097201,-16.4371660254453,0.703053613811705,0.82833326,-0.004276057,-0.5311473,25.796305,105.72624,-15.216454,WAL
1956492307000,168.974919,0.31293292686547,-16.2826169204787,0.619982260615711,0.9981538,-0.017715093,-0.6411031,25.31067,105.19647,-14.802819,WAL
1956497297000,168.979909,0.276037906087628,-15.9367268982822,0.504685344161359,1.1624765,-0.06719518,-0.7648033,24.834408,104.65339,-14.366998,WAL
1956502308000,168.98492,0.204322430736253,-15.3544908311609,0.395858582643584,1.3332134,-0.14049901,-0.890947,24.357939,104.08644,-13.896454,WAL
1956507309000,168.989921,0.10190229194501,-14.5643929246436,0.293438428574338,1.5244142,-0.22113322,-1.0115929,23.881884,103.51146,-13.404009,WAL
1956512324000,168.994936,-0.0680606801458873,-13.7194728866494,0.165315957479605,1.7293595,-0.29871312,-1.1368202,23.422085,102.94962,-12.904203,WAL
1956517316000,168.999928,-0.288307930960745,-12.838483825895,0.0184844585334485,1.9477439,-0.3539964,-1.2278391,22.96024,102.396805,-12.38928,WAL
1956522298000,169.00491,-0.562939902336603,-12.0212051630572,-0.142282126199864,2.182316,-0.37904188,-1.2709051,22.537596,78.09842,-11.898898,WAL
1956527334000,169.009946,-0.900171492539575,-11.2624334835389,-0.320265458409245,2.3151793,-0.3735441,-1.3426818,22.120193,78.57961,-11.38118,WAL
1956532330000,169.014942,-1.27382072566283,-10.7209018824412,-0.441836204892446,2.5934284,-0.30726522,-1.4001031,21.788483,78.95085,-10.917447,WAL
1956537303000,169.019915,-1.69789935831916,-10.4635960264132,-0.48948547581991,2.8686233,-0.20097467,-1.4382823,21.479774,79.26773,-10.444914,WAL
1956542263000,169.024875,-2.11871500294175,-10.3957118618061,-0.51520728331509,3.119078,-0.081855945,-1.4883732,21.276466,79.45581,-10.028669,WAL
1956547294000,169.029906,-2.54251111196247,-10.5934834612979,-0.51049844039093,3.291342,0.053450707,-1.5384641,21.11685,79.56274,-9.609922,WAL
1956552249000,169.034861,-2.96361760226204,-10.9090855069563,-0.574118572231008,3.3991597,0.19853121,-1.5647314,21.062555,79.51586,-9.264513,WAL
1956557343000,169.039955,-3.40307144009609,-11.4461958268442,-0.759665730077069,3.4428365,0.3381139,-1.5809193,21.05264,79.39145,-8.919717,WAL
1956562362000,169.044974,-3.81893572118089,-11.9550737151801,-0.957785833558081,3.3851097,0.45265114,-1.5705346,21.127663,79.14671,-8.654401,WAL
1956567353000,169.049965,-4.2056645243691,-12.4292768842227,-1.17877377603545,3.2696562,0.5296202,-1.5647314,21.236126,78.85934,-8.396538,WAL
1956572242000,169.054854,-4.5805232338303,-12.84366256664,-1.41853173768261,3.1151073,0.55741453,-1.5399913,21.43083,78.52056,-8.215327,WAL
1956577291000,169.059903,-4.95790557060236,-13.1484713129878,-1.72334038298979,2.9321532,0.5006041,-1.505172,21.622051,78.18469,-8.046894,WAL
1956582380000,169.064992,-5.33171827497758,-13.4598573585949,-2.1076075398007,2.7580566,0.3979787,-1.4627168,21.875362,77.83789,-7.948657,WAL
1956587409000,169.070021,-5.68687211838565,-13.7766159521674,-2.65473663009467,2.598926,0.3295618,-1.4065173,22.116165,77.51341,-7.8679953,WAL
1956592280000,169.074892,-6.02362085892958,-14.0362301619718,-3.08387921474178,2.4346035,0.32620203,-1.3765849,22.411367,77.20671,-7.851364,WAL
1956597341000,169.079953,-6.35584443011268,-14.1909648908451,-3.28412350107981,2.2867742,0.3042109,-1.3530666,22.67366,76.92719,-7.845213,WAL
1956602293000,169.084905,-6.63970998630905,-14.3440158920136,-3.40290720543435,2.2275202,0.29168814,-1.3585643,23.013706,76.66587,-7.8964205,WAL
1956607348000,169.08996,-6.71722916004804,-14.508744035028,-3.12674499721777,2.1954496,0.29260445,-1.4517213,23.34712,76.44918,-7.92597,WAL
1956612329000,169.094941,-6.71657117450262,-14.5619507930318,-2.92140576281303,2.0775528,0.3390302,-1.5870279,23.742786,76.2553,-7.9983544,WAL
1956617374000,169.099986,-6.34355611872711,-14.0885087777888,-3.03617958771652,1.87444,0.49510628,-1.616044,24.159986,76.093376,-8.075398,WAL
1956622351000,169.104963,-5.91725571963883,-13.5948720045147,-3.1220607027088,1.6383406,0.59803706,-1.6145169,24.582726,75.95509,-8.125448,WAL
1956627313000,169.109925,-5.18036521432918,-12.9605862991461,-3.06143040992247,1.5360206,0.76083267,-1.5577064,25.054426,75.83411,-8.190055,WAL
1956632436000,169.115048,-4.40334227831349,-12.306004140042,-2.99412724184255,1.4135422,0.9025534,-1.4804319,25.540937,75.783195,-8.208915,WAL
1956637442000,169.120054,-3.54013642143643,-11.6681905663699,-2.89821539650895,1.3842206,1.0690142,-1.3817772,26.067324,75.72421,-8.259512,WAL
1956642301000,169.124913,-2.71447728019395,-11.1012576003526,-2.7899715730238,1.462106,1.2244794,-1.2809844,26.57951,75.68822,-8.222335,WAL
1956647361000,169.129973,-1.95501187320012,-10.9398714058184,-2.55263878822608,1.6081028,1.4450017,-1.2305881,27.148495,75.63633,-8.215583,WAL
1956652343000,169.134955,-1.21972082972242,-10.7876442148045,-2.29160108566312,1.7705929,1.6536123,-1.2391402,27.700504,75.59459,-8.09254,WAL
1956657347000,169.139959,-0.63326694563526,-10.7161254994528,-1.69561129320466,1.9294178,1.7278323,-1.2819008,28.27165,75.51589,-7.985866,WAL
1956662397000,169.145009,-0.0590924444760494,-10.6577193203951,-1.11615435854617,2.0216584,1.7168368,-1.3087788,28.810268,75.44776,-7.7557793,WAL
1956667343000,169.149955,0.291773371182222,-10.7653183902222,-0.812070634382222,2.079996,1.6588045,-1.317331,29.35376,75.347305,-7.529506,WAL
1956672516000,169.155128,0.640152012184811,-10.8578886180322,-0.535333799124579,2.1041253,1.649947,-1.3313808,29.8486,75.21638,-7.1915536,WAL
1956677327000,169.159939,0.743572929980359,-10.7070665578002,-0.768030854040404,2.078469,1.6985108,-1.3228287,30.33821,75.06815,-6.868584,WAL
1956682305000,169.164917,0.850583806884587,-10.551009144407,-1.00880531659933,2.0522017,1.8258762,-1.2663237,30.816462,74.88552,-6.4976172,WAL
1956687381000,169.169993,0.782139660783316,-10.4458514522889,-1.44202354340793,2.0778582,2.0210476,-1.2195925,31.323355,74.68078,-6.1469955,WAL
1956692286000,169.174898,0.696123774465921,-10.3502783007121,-1.88166038994914,2.1038198,2.1844542,-1.1866057,31.849627,74.46543,-5.8271728,WAL
1956697345000,169.179957,0.60917298985865,-10.1375945719689,-2.01803992755326,2.0735822,2.240043,-1.1450669,32.41046,74.25773,-5.519454,WAL
1956702295000,169.184907,0.524234340445949,-9.92052874477404,-2.12657264405734,1.9837849,2.2770002,-1.0827587,33.002907,74.046936,-5.2482314,WAL
1956707344000,169.189956,0.442202933458445,-9.49683543858604,-2.40013838415252,1.9126191,2.3518312,-0.9947941,33.656902,73.85321,-5.030654,WAL
1956712266000,169.194878,0.362634910723861,-9.06623203753351,-2.68096670831099,1.8625281,2.4184155,-0.9049969,34.309525,73.67096,-4.842673,WAL
1956717355000,169.199967,0.158156415027457,-8.6377004695583,-2.66227989283725,1.8295414,2.4275784,-0.8136725,34.98776,73.48655,-4.708392,WAL
1956722244000,169.204856,-0.0514481829775169,-8.22780704029049,-2.61104325065659,1.7767016,2.4013114,-0.77671516,35.66772,73.32123,-4.594079,WAL
1956727356000,169.209968,-0.366308495268315,-7.8373096268315,-2.86283821336996,1.738828,2.4291058,-0.73884153,36.37177,73.170494,-4.542205,WAL
1956732357000,169.214969,-0.686476429054579,-7.46012550545788,-3.14791921084249,1.6930131,2.47095,-0.7031059,37.066128,73.0391,-4.505114,WAL
1956737415000,169.220027,-0.94075719241469,-7.18292897592315,-3.17471297419193,1.6771306,2.4917192,-0.68233645,37.780506,72.88485,-4.53191,WAL
1956742350000,169.224962,-1.16304202744921,-6.95118516865806,-3.10377110223156,1.6126842,2.456289,-0.68508536,38.486572,72.76303,-4.5657225,WAL
1956747337000,169.229949,-1.33831398222883,-6.75960703060921,-2.88262654019812,1.5427402,2.377182,-0.70096785,39.292484,72.613945,-4.700571,WAL
1956752291000,169.234903,-1.49340421539376,-6.58571795007429,-2.60534392181278,1.4456125,2.2699752,-0.72265357,40.078537,72.50033,-4.8323383,WAL
1956757342000,169.239954,-1.5958660489336,-6.3862567627666,-2.4005749577163,1.3252722,2.1801782,-0.7507534,40.899292,72.37038,-5.0212264,WAL
1956762336000,169.244948,-1.6728504178672,-6.1793611205332,-2.2321716004326,1.2180653,2.1025982,-0.7706065,41.691517,72.27462,-5.20178,WAL
1956767352000,169.249964,-1.75295284317684,-5.95281206597374,-2.09161979914462,1.1151345,2.0332649,-0.7883216,42.469215,72.17136,-5.4104347,WAL
1956772309000,169.254921,-1.83322217427889,-5.72144761619256,-1.96413319415158,1.0228939,1.9688187,-0.7968737,43.224037,72.10468,-5.611612,WAL
1956777357000,169.259969,-1.94442736578672,-5.49649060583041,-1.66535770302915,0.93401295,1.9352211,-0.81153446,44.049137,71.9863,-5.834439,WAL
1956782462000,169.265074,-2.06977346392555,-5.2736533080904,-1.28931955404045,0.84604836,1.9165897,-0.82344633,44.853783,71.90568,-6.0507545,WAL
1956787379000,169.269991,-2.13534443197265,-5.10644000532877,-0.922776258696964,0.77579886,1.8845193,-0.84604836,45.699837,71.78711,-6.2873883,WAL
1956792324000,169.274936,-2.16629378789463,-4.96835806464911,-0.551383729097125,0.691194,1.8600847,-0.88239485,46.53398,71.71433,-6.512401,WAL
1956797343000,169.279955,-2.19770628887995,-4.82820978147999,-0.174433454868289,0.5705481,1.8399261,-0.9104946,47.384758,71.606224,-6.7416863,WAL
1956802352000,169.284964,-2.22905620269455,-4.68834073378243,0.201765772789061,0.43585235,1.8170186,-0.9257663,48.21687,71.54272,-6.9574966,WAL
1956807343000,169.289955,-2.2682762617137,-4.58966853047717,0.484316171073371,0.2919936,1.7647897,-0.93034774,49.069237,71.505455,-7.154383,WAL
1956812331000,169.294943,-2.31239341980503,-4.51613993365829,0.709804036895844,0.17806722,1.700038,-0.9428705,49.901726,71.51155,-7.337906,WAL
1956817391000,169.300003,-2.36222040031413,-4.47877450899185,0.833102288111318,0.051923547,1.672549,-0.93615097,50.67471,71.49316,-7.474759,WAL
1956822352000,169.304964,-2.41352270177677,-4.46011911336017,0.903059878067144,-0.055283304,1.6148223,-0.9242391,51.413006,71.507454,-7.599935,WAL
1956827358000,169.30997,-2.46194322144658,-4.37374266356409,0.820043553810355,-0.090713486,1.5806139,-0.90102625,52.140022,71.514244,-7.711641,WAL
1956832434000,169.315046,-2.50907511673454,-4.24648664471592,0.645655418208261,-0.19058995,1.5622878,-0.8735373,52.846752,71.56782,-7.8226824,WAL
1956837454000,169.320066,-2.53112540487657,-4.13197591939547,0.543275595389421,-0.27550024,1.5827519,-0.8222246,53.55872,71.60722,-7.947704,WAL
1956842352000,169.324964,-2.53585151838791,-4.02800013904282,0.491287764433249,-0.3643811,1.6349808,-0.7489208,54.263565,71.67006,-8.085203,WAL
1956847340000,169.329952,-2.50258543705144,-3.91341496078965,0.41771752183215,-0.4465425,1.632232,-0.729984,54.97618,71.77297,-8.222021,WAL
1956852352000,169.334964,-2.44190416897792,-3.79205222968005,0.329029384922688,-0.54702985,1.5745052,-0.70554936,55.676018,71.89437,-8.376887,WAL
1956857343000,169.339955,-2.38568444546089,-3.68715939846369,0.244540090419992,-0.6432411,1.5399913,-0.6597345,56.384026,72.03302,-8.537622,WAL
1956862353000,169.344965,-2.33303291403631,-3.59621600321229,0.163169718602354,-0.72082096,1.5155567,-0.6221663,57.072906,72.18948,-8.695295,WAL
1956867340000,169.349952,-2.2530331459998,-3.53550246087914,0.156985026385301,-0.7993172,1.4969252,-0.58246,57.75447,72.36798,-8.851833,WAL
1956872349000,169.354961,-2.14736140218284,-3.50187961734255,0.219427490220286,-0.88514376,1.4459181,-0.54458636,58.413517,72.56039,-9.009779,WAL
1956877360000,169.359972,-2.07233737969553,-3.49595094725188,0.343933839328786,-0.9560041,1.382388,-0.5036584,59.06859,72.765465,-9.163975,WAL
1956882408000,169.36502,-2.02454794972321,-3.51506667931989,0.525533428707987,-1.0467176,1.3014483,-0.4596761,59.69818,72.98645,-9.320072,WAL
1956887414000,169.370026,-2.01137916324905,-3.51198159593868,0.779967333233128,-1.1368202,1.1911873,-0.4083634,60.300117,73.19968,-9.455992,WAL
1956892327000,169.374939,-2.03011331351782,-3.48856390810273,1.09844811276528,-1.2125676,1.0497719,-0.35979962,60.864365,73.42018,-9.59137,WAL
1956897326000,169.379938,-2.0806117539191,-3.49222876369267,1.44525820326108,-1.280679,0.8729264,-0.32345316,61.375744,73.62507,-9.703177,WAL
1956902339000,169.384951,-2.16423416284111,-3.52474855165473,1.81691316537643,-1.3820826,0.68783426,-0.26847526,61.836994,73.83878,-9.820025,WAL
1956907326000,169.389938,-2.24986887069321,-3.65035675556427,2.12335898686146,-1.4776831,0.4615087,-0.20250183,62.185223,74.02052,-9.921263,WAL
1956912332000,169.394944,-2.3391804459849,-3.90418957109521,2.34428757397784,-1.5861117,0.23365596,-0.15790866,62.475445,74.2156,-10.017443,WAL
1956917301000,169.399913,-2.37215319002545,-4.3821079378117,2.63289569699746,-1.7052304,0.14202617,-0.12064589,62.689873,74.382034,-10.107617,WAL
1956922350000,169.404962,-2.31309566654453,-5.24336270917048,3.04137639574555,-1.7654005,0.010995574,-0.041233405,62.82059,74.53567,-10.203973,WAL
1956927284000,169.409896,-2.23708516995687,-6.13735813289648,3.49760207069509,-1.8521434,-0.08277224,0.015577064,62.925976,74.68536,-10.294698,WAL
1956932431000,169.415043,-2.13078228682814,-7.14723513838753,4.05773642765428,-1.8851302,-0.09773844,0.14355333,63.005154,74.79905,-10.422313,WAL
1956937695000,169.420307,-1.98966375784404,-8.25859644451276,4.66735707622707,-1.8212948,-0.05589417,0.30573806,63.096508,74.84528,-10.518281,WAL
1956942348000,169.42496,-1.51478603484988,-10.0896155960652,5.60341413598729,-1.668273,0.07880162,0.41722095,63.201923,74.86183,-10.636392,WAL
1956947438000,169.43005,-0.950642352452111,-12.0875696369471,6.67161205007522,-1.4162911,0.27152961,0.52626044,63.34721,74.74986,-10.720872,WAL
1956952350000,169.434962,0.125018108163675,-13.9558223088958,8.2284890960686,-1.0207558,0.4877759,0.52564955,63.527885,74.58651,-10.810391,WAL
1956957407000,169.440019,1.24300505549272,-15.8014928004079,9.78274134921665,-0.47586402,0.589485,0.42271876,63.68719,74.33083,-10.735088,WAL
1956962311000,169.444923,2.45336717374618,-16.6635488983035,10.7101051612126,0.17165314,0.57635134,0.19394971,63.872524,74.00862,-10.638982,WAL
1956967283000,169.449895,3.68051245350885,-17.5375584657458,11.6503280146473,0.7110472,0.5021312,-0.0983493,63.869186,73.616486,-10.290933,WAL
1956972342000,169.454954,4.68978812329552,-18.0861030341427,11.0518451279822,0.98563105,0.5103779,-0.40561453,63.912857,73.1775,-9.914028,WAL
1956977737000,169.460349,5.67152355826287,-18.5726661437356,10.1542747049193,1.0305296,0.70524395,-0.5491679,64.005875,72.683846,-9.543365,WAL
1956982423000,169.465035,5.96472389488855,-18.5123019273636,8.81331394323597,0.96944314,0.96761054,-0.6585127,63.99879,72.19382,-8.955432,WAL
1956987855000,169.470467,6.26020426881821,-18.3895344063054,7.26886336358549,0.84879726,1.1969905,-0.7076874,64.07167,71.86322,-8.312447,WAL
1956992324000,169.474936,5.55760377054379,-17.163975454715,6.21097061241489,0.7244862,1.3381003,-0.68569624,64.213615,71.52875,-7.7189384,WAL
1956997305000,169.479917,4.7745084288779,-15.7980078696017,5.03187824419364,0.6096435,1.3921618,-0.6575964,64.50849,71.40475,-7.142728,WAL
1957002345000,169.484957,3.65087180943265,-13.946357422774,4.05835552726094,0.50518554,1.3912456,-0.6337727,64.82854,71.28772,-6.609189,WAL
1957007245000,169.489857,2.47174722273407,-12.0232615707448,3.16933292680227,0.3998113,1.3833044,-0.59864795,65.15989,71.1807,-6.117922,WAL
1957012323000,169.494935,1.37570336715485,-10.0476395155243,2.67699708910369,0.30940324,1.3729197,-0.559858,65.57862,71.15392,-5.761622,WAL
1957017250000,169.499862,0.348341625413005,-8.13573289613357,2.32225785158172,0.17440203,1.3426818,-0.5332854,65.98366,71.15766,-5.421129,WAL
1957022347000,169.504959,-0.599736780099661,-6.42487854121985,2.2006192915288,0.093462385,1.3084733,-0.4538729,66.43564,71.16362,-5.2605753,WAL
1957027300000,169.509912,-1.47901819888778,-4.86013585398645,2.17225539453857,-0.099571034,1.2330315,-0.35735616,66.85898,71.23247,-5.109635,WAL
1957032418000,169.51503,-2.26330756417956,-3.88133242895357,2.27445679396331,-0.29443705,1.1108584,-0.22876903,67.27108,71.240974,-5.128508,WAL
1957037268000,169.51988,-2.96309078596905,-3.17678883051143,2.41726963448806,-0.47036624,0.9599747,-0.058337633,67.6365,71.2882,-5.1767216,WAL
1957042344000,169.524956,-3.27042578007217,-3.23596615248597,2.77055016820369,-0.61850107,0.79320854,0.12797627,67.91522,71.30576,-5.3448267,WAL
1957047301000,169.529913,-3.44649552815758,-3.52624347126103,3.17503485891139,-0.754724,0.49296826,0.2779437,68.10216,71.355316,-5.523225,WAL
1957052360000,169.534972,-3.72528053656184,-3.95978396188084,3.39864827953381,-0.9138544,0.15302174,0.41508293,68.17816,71.39323,-5.7908955,WAL
1957057307000,169.539919,-4.02516163260324,-4.42150566837135,3.56524900442078,-1.0754282,-0.22113322,0.52778757,68.15012,71.44883,-6.0653005,WAL
1957062336000,169.544948,-4.2581726047997,-5.49757935701058,3.76616252008692,-1.2345587,-0.6933321,0.61850107,67.96686,71.47812,-6.3447404,WAL
1957067347000,169.549959,-4.47127740544218,-6.73086665952381,3.97473308537415,-1.3078625,-1.2238685,0.68233645,67.65611,71.50786,-6.6116166,WAL
1957072340000,169.554952,-4.80021061139203,-8.73826649925639,3.75162999989094,-1.2956452,-1.6951511,0.75747293,67.227554,71.52229,-6.902605,WAL
1957077414000,169.560026,-5.19045569425937,-11.1520031622546,3.31802460379734,-1.2198979,-2.0100522,0.8155051,66.69182,71.52124,-7.175476,WAL
1957082407000,169.565019,-5.76277950966306,-13.2203333894566,2.57827451774765,-1.0754282,-2.1310034,0.8903361,66.10819,71.494026,-7.4578996,WAL
1957087470000,169.570082,-6.43492055160376,-15.1680709751088,1.67554494765759,-0.8151997,-2.014939,0.93370754,65.503914,71.40337,-7.737591,WAL
1957092309000,169.574921,-6.82369048623159,-16.3769743274158,1.24703283956526,-0.31123585,-1.582141,0.92179567,65.11035,71.352356,-8.050538,WAL
1957097305000,169.579917,-7.11325514893081,-17.3373633594916,0.996076790160379,0.42180246,-1.044885,0.8454375,64.78411,71.170074,-8.36439,WAL
1957102324000,169.584936,-6.14969713562369,-17.9615487255568,1.18656377943174,1.0989466,-0.81306165,0.59712076,64.663376,71.07348,-8.684175,WAL
1957107310000,169.589922,-4.64752632927195,-18.4336591378208,1.5680674972286,1.3570372,-0.8402451,0.16126843,64.63834,70.927444,-8.937514,WAL
1957112304000,169.594916,-2.59056209214266,-15.7514194438434,0.449398698303842,1.1282681,-0.8350528,-0.22999077,64.75235,70.823784,-9.157922,WAL
1957117319000,169.599931,-0.27878641047034,-11.6518714388925,-1.34277773939672,0.8970556,-0.6398814,-0.35033122,64.91651,70.677315,-9.335922,WAL
1957122312000,169.604924,0.860671160484292,-8.48847235132032,-2.09709281978917,0.2770274,-0.3817908,-0.5177083,65.17176,70.76159,-9.182696,WAL
1957127328000,169.60994,0.895767799933201,-6.18713615843858,-1.87147161106356,-0.36713,-0.37018433,-0.6160576,65.40356,70.91174,-9.021089,WAL
1957132315000,169.614927,0.575916892614683,-4.65324470458734,-1.63981163506391,-0.895223,-0.657291,-0.5729916,65.55101,71.33517,-8.700775,WAL
1957137291000,169.619903,0.0187788233627267,-3.62867713450907,-1.40373620329932,-1.2284501,-1.0033462,-0.4437936,65.68335,71.8642,-8.38418,WAL
1957142309000,169.624921,-0.486781610316503,-2.91743636730091,-1.49976940887321,-1.4446963,-1.2932017,-0.33414328,65.71011,72.371284,-8.080134,WAL
1957147312000,169.629924,-0.949277221403378,-2.44604663976239,-1.8421939718953,-1.5958854,-1.5057828,-0.23945917,65.65682,72.922554,-7.7951283,WAL
1957152291000,169.634903,-1.41027968574319,-2.1398208645017,-2.28718860991269,-1.6994271,-1.6539177,-0.15454891,65.58117,73.37136,-7.595393,WAL
1957157305000,169.639917,-1.87553185280026,-2.05801824461244,-2.88025731048765,-1.7760907,-1.7489072,-0.029932396,65.45719,73.823494,-7.4298086,WAL
1957162293000,169.644905,-2.24437562047075,-2.16470619392519,-3.35287481248169,-1.8594738,-1.8484782,0.1142318,65.13423,74.38286,-7.3653555,WAL
1957167318000,169.64993,-2.53577654341244,-2.43260696011329,-3.72887599545854,-1.9275852,-2.0323486,0.2275473,64.7576,74.93728,-7.320568,WAL
1957172307000,169.654919,-2.69563577388023,-2.68668740995134,-4.15005587148674,-1.9419407,-2.2348504,0.33505958,64.36539,75.526924,-7.3755074,WAL
1957177338000,169.65995,-2.72434615045188,-2.93072628534115,-4.62377830906743,-1.8918496,-2.400395,0.44532076,63.9259,76.08383,-7.4616666,WAL
1957182312000,169.664924,-2.68705824477772,-3.1204511262042,-4.92595391019052,-1.8225164,-2.4193318,0.559858,63.50468,76.639854,-7.6211324,WAL
1957187360000,169.669972,-2.57842064860772,-3.25742903776258,-5.05348478690767,-1.749518,-2.3225098,0.6762278,63.065586,77.13398,-7.8168955,WAL
1957192291000,169.674903,-2.49249760734088,-3.46978826559938,-4.99257874728622,-1.6841555,-2.2046127,0.8005389,62.672184,77.616936,-8.057738,WAL
1957197311000,169.679923,-2.4314880928934,-3.78891535989848,-4.68753073401015,-1.6383406,-2.091908,0.93523467,62.30316,78.01557,-8.34523,WAL
1957202267000,169.684879,-2.39054574936811,-4.28923198046709,-4.36765311375998,-1.6212363,-2.0302107,1.0595458,61.97307,78.35443,-8.655935,WAL
1957207306000,169.689918,-2.38078788965726,-5.10401367388535,-4.01149113242341,-1.6114625,-1.9877555,1.201572,61.670666,78.589325,-9.018141,WAL
1957212257000,169.694869,-2.31865449799467,-6.07202346972241,-3.79635299446804,-1.6300939,-1.9511036,1.2651019,61.385845,78.73444,-9.373805,WAL
1957217301000,169.699913,-2.17549907126346,-7.31270396759854,-3.7820373621061,-1.6368134,-1.9031507,1.391551,61.119915,78.76195,-9.79095,WAL
1957222243000,169.704855,-2.05141009033203,-8.6563203046875,-3.76461088203125,-1.6694947,-1.7806722,1.5494597,60.93623,78.700836,-10.196202,WAL
1957227355000,169.709967,-1.95101065994141,-10.2674909109375,-3.74070629140625,-1.6710218,-1.5326608,1.7238617,60.81194,78.54755,-10.642595,WAL
1957232276000,169.714888,-1.77082110243376,-11.7252680104024,-3.68214213407262,-1.6459764,-1.2873985,1.8399261,60.893673,78.39001,-11.009435,WAL
1957237316000,169.719928,-1.41556767593719,-13.0278641713445,-3.54951416312071,-1.6505579,-1.0659598,1.9416351,61.046734,78.15951,-11.419135,WAL
1957242260000,169.724872,-1.04872542238351,-14.1601009324998,-3.40345414623425,-1.6762142,-0.8961393,2.0237966,61.389954,77.963356,-11.742898,WAL
1957247301000,169.729913,-0.629010157063593,-14.9523726003712,-3.21481812394256,-1.6814066,-0.7693848,2.0732768,61.781647,77.72199,-12.087443,WAL
1957252282000,169.734894,-0.239168558479668,-15.5408971878683,-3.03120043114073,-1.6966782,-0.6337727,2.0616703,62.188683,77.53116,-12.359164,WAL
1957257343000,169.739955,0.0791777077677968,-15.5315338734666,-2.85330102606974,-1.7137824,-0.46731192,2.0027218,62.638077,77.3133,-12.635279,WAL
1957262295000,169.744907,0.401242932269795,-15.4207935325513,-2.70775925947214,-1.7461584,-0.30970868,1.8658879,62.986015,77.12425,-12.862274,WAL
1957267341000,169.749953,0.779147668316716,-14.8303173208211,-2.69358789155425,-1.7608191,-0.12308934,1.6676621,63.392258,76.94327,-13.05668,WAL
1957272306000,169.754918,1.13614718196256,-14.2224598791832,-2.6322856584515,-1.7745636,0.105374254,1.4107933,63.77581,103.19308,-13.182429,WAL
1957277380000,169.759992,1.40258485025525,-13.4231470661751,-2.25559785601248,-1.7699821,0.2779437,1.1102476,64.197266,103.28538,-13.240488,WAL
1957282649000,169.765261,1.66768644028363,-12.5565458588522,-1.83172288036783,-1.7354681,0.2837469,0.79381937,64.576485,103.3237,-13.218498,WAL
1957287330000,169.769942,1.78688613974075,-11.4191816212054,-1.12645783200753,-1.6737708,0.0580322,0.49266282,64.93443,103.30692,-13.119791,WAL
1957292313000,169.774925,1.84908736625375,-10.2619485564696,-0.495793705506629,-1.6331482,-0.38912117,0.27397305,65.14258,103.247055,-12.967434,WAL
1957297308000,169.77992,1.67316808758347,-9.29902199883867,-0.305986074179812,-1.5464053,-0.9627236,0.15057829,65.24381,103.14487,-12.767616,WAL
1957302286000,169.784898,1.43901709834027,-8.41052658641315,-0.218642919409784,-1.4477507,-1.5302174,0.0421497,65.1072,103.00355,-12.550401,WAL
1957307293000,169.789905,0.845445747050901,-7.94991511356704,-0.750482909189939,-1.3692545,-1.779145,-0.07696902,64.89571,102.830086,-12.303699,WAL
1957312294000,169.794906,0.253732221306868,-7.5175400282598,-1.29103206981429,-1.3002267,-2.1303926,-0.13469578,64.46123,102.68537,-12.108664,WAL
1957317294000,169.799906,-0.329702995358161,-7.28228376413481,-1.89799286376142,-1.2681563,-2.3099868,-0.23762658,64.00482,102.49639,-11.871017,WAL
1957322291000,169.804903,-0.898249914477848,-7.06850886471519,-2.48882567056962,-1.2223413,-2.3539693,-0.30207285,63.590733,102.391716,-11.707212,WAL
1957327301000,169.809913,-1.31579566111551,-7.07799873219937,-2.91586118560127,-1.2253957,-2.3533583,-0.33200526,63.14058,102.27447,-11.529884,WAL
1957332325000,169.814937,-1.71823906331619,-7.09497747657301,-3.32849949760586,-1.2534955,-2.2999077,-0.30176744,62.79964,102.267746,-11.444184,WAL
1957337322000,169.819934,-1.90761508060942,-7.20860306717451,-3.53681294854571,-1.2788464,-2.1887302,-0.2284636,62.480854,102.26985,-11.365338,WAL
1957342449000,169.825061,-2.07955178915663,-7.33491094939759,-3.71580098795181,-1.2977833,-2.0592268,-0.13439035,62.248943,102.368286,-11.360535,WAL
1957347327000,169.829939,-1.97270257927969,-7.57268800811803,-3.46598462546228,-1.321607,-1.9000963,-0.042455133,62.06476,102.49286,-11.375565,WAL
1957367327000,169.849939,-1.53461643792281,-8.54758369782875,-2.44172729668191,-1.4187346,-1.0219775,0.27091873,61.900322,103.45312,-11.779851,WAL
1957372304000,169.854916,-1.42559870164616,-8.79018649021326,-2.18684086041492,-1.4782939,-0.9147707,0.36743546,61.91684,103.76011,-11.941701,WAL
1957377363000,169.859975,-1.04999464668539,-8.73846400355705,-1.64657434525508,-1.5424347,-0.89644474,0.4428773,61.969017,104.08881,-12.116738,WAL
1957382333000,169.864945,-0.631189797186184,-8.63153526537489,-1.06292070416175,-1.5842791,-0.95111716,0.47036624,62.03742,104.43126,-12.301118,WAL
1957387429000,169.870041,-0.225920640664332,-8.50261195867934,-0.636810238692346,-1.5711454,-1.0512991,0.47433686,61.96176,104.71544,-12.459023,WAL
1957392296000,169.874908,0.151811801734867,-8.37203709284642,-0.296384683083542,-1.4957036,-1.1798862,0.47036624,61.867672,104.995445,-12.622326,WAL
1957397349000,169.879961,0.390308992067126,-8.24598029925308,-0.188234553979047,-1.3747523,-1.3060299,0.45753807,61.640217,105.17282,-12.734872,WAL
1957402332000,169.884944,0.561585094394219,-8.12562458405277,-0.183605473137065,-1.2388347,-1.3955216,0.43157628,61.38938,105.32566,-12.842801,WAL
1957407341000,169.889953,0.644491714041971,-8.03882637940998,-0.32024050131691,-1.1074986,-1.4285084,0.3848451,61.02196,105.40783,-12.915674,WAL
1957412330000,169.894942,0.678397932171533,-7.97101386222628,-0.533365235237226,-0.9950995,-1.4239268,0.36651915,60.64302,105.465935,-12.986927,WAL
1957417357000,169.899969,0.576048287276723,-7.98117285184815,-0.788152067416583,-0.9486737,-1.3875804,0.32650748,60.24058,105.49223,-13.024321,WAL
1957422366000,169.904978,0.408320225922078,-8.02909512077922,-1.06130918046753,-0.8943067,-1.2846496,0.301462,59.861584,105.49356,-13.053427,WAL
1957427343000,169.909955,-0.160213503552921,-8.18933266708098,-1.23857075711827,-0.8872818,-1.1600331,0.28955013,59.513077,105.51513,-13.070417,WAL
1957432489000,169.915101,-0.947108570668324,-8.41079443522325,-1.37521725439335,-0.929126,-1.0231993,0.2932153,59.200127,105.52906,-13.076916,WAL
1957437418000,169.92003,-1.4974684041619,-8.51542087046093,-1.36753639112475,-0.98990715,-0.90408057,0.3115413,58.94764,105.592186,-13.101684,WAL
1957442353000,169.924965,-1.91545099156175,-8.54984315014046,-1.26918750474456,-1.0726794,-0.84207773,0.35705075,58.721912,105.668976,-13.129996,WAL
1957447338000,169.92995,-2.18825959344672,-8.53802342471236,-1.24644131825913,-1.1658363,-0.8246681,0.42332962,58.558453,105.84111,-13.264946,WAL
1957452354000,169.934966,-2.38531093275638,-8.50197748014007,-1.26326278415208,-1.2464706,-0.82741696,0.5021312,58.413998,106.03277,-13.410366,WAL
1957457341000,169.939953,-2.58122301990495,-8.46613993516758,-1.27998699675338,-1.310306,-0.8347474,0.5919284,58.267857,106.27984,-13.62773,WAL
1957462334000,169.944946,-2.7773708143972,-8.43025927303652,-1.29673133072536,-1.3542882,-0.8546005,0.6835582,58.12763,106.547585,-13.860479,WAL
1957467345000,169.949957,-2.85671814805602,-8.42731868220547,-1.3303602352561,-1.3753631,-0.90102625,0.7507534,57.96727,106.840645,-14.107175,WAL
1957472346000,169.954958,-2.87547975879933,-8.44138965762413,-1.37257374923122,-1.3927728,-0.956615,0.81581056,57.81004,107.15169,-14.371614,WAL
1957477357000,169.959969,-2.84202014438815,-8.5540405537802,-1.34513829318005,-1.3924674,-1.0143417,0.87017757,57.63976,107.52617,-14.702696,WAL
1957482462000,169.965074,-2.77533508714926,-8.73027894086126,-1.27369012769875,-1.3710871,-1.0595458,0.90041536,57.46822,107.89772,-15.035772,WAL
1957487347000,169.969959,-2.70154433660996,-9.03331653386982,-1.14822178783131,-1.3478742,-1.094976,0.9230174,57.278908,108.287254,-15.380791,WAL
1957492333000,169.974945,-2.61885632367322,-9.44189325506774,-0.977981534735663,-1.3322971,-1.1227703,0.94806284,57.089878,108.66985,-15.725025,WAL
1957497345000,169.979957,-2.55478135526316,-9.96013097368421,-0.74938514245614,-1.2968669,-1.1377366,0.95325524,56.865456,109.02324,-16.051403,WAL
1957502350000,169.984962,-2.50339229824561,-10.5487687309942,-0.48309670288499,-1.251052,-1.1746938,0.9627236,56.637123,109.367485,-16.376867,WAL
1957507341000,169.989953,-2.3806778537251,-11.1034880851594,-0.274699830101295,-1.171945,-1.1850786,0.9618073,56.356243,109.65569,-16.671423,WAL
1957512346000,169.994958,-2.19926225681275,-11.6334124003984,-0.112380584865737,-1.0705414,-1.2220359,0.95447695,56.06553,109.92346,-16.958565,WAL
1957517392000,170.000004,-1.93062878191308,-11.9655077488708,-0.155124469525946,-1.0036516,-1.2800682,0.93676186,55.680042,110.12238,-17.21526,WAL
1957522349000,170.004961,-1.59708905386932,-12.1275125392954,-0.364778007252635,-0.8481864,-1.31672,0.91629785,55.298485,110.28296,-17.457897,WAL
1957527359000,170.009971,-1.25745159907088,-12.2513032431269,-0.718526969170255,-0.6569856,-1.3228287,0.89919364,54.840008,110.37294,-17.6572,WAL
1957532447000,170.015059,-0.910440616016893,-12.3441091046704,-1.194658255106,-0.42302418,-1.2678508,0.8735373,54.397186,110.42363,-17.835684,WAL
1957537420000,170.020032,-0.534204511147408,-12.4065258898245,-1.69044191069291,-0.20738874,-1.138042,0.8335256,53.968666,110.43693,-17.969347,WAL
1957542350000,170.024962,0.0453686445693416,-12.3107282424673,-2.35144272655981,0.01282817,-0.893085,0.7703011,53.59626,110.40436,-18.07148,WAL
1957547323000,170.029935,0.629756909432853,-12.1578080475071,-2.95321745326673,0.1994475,-0.59681535,0.6927212,53.323467,110.3588,-18.11409,WAL
1957552352000,170.034964,1.219454227799,-11.7049207111372,-3.21740182312665,0.29840767,-0.31887165,0.6096435,53.11777,110.27852,-18.12245,WAL
1957557305000,170.039917,1.77253880907484,-11.286619665881,-3.43585574413671,0.28588495,-0.09468412,0.50732356,53.036053,110.18915,-18.0588,WAL
1957562339000,170.044951,2.11817862816735,-11.0782885992929,-3.33169030972304,0.12675454,0.06627888,0.39736784,53.012226,110.08246,-17.959042,WAL
1957567337000,170.049949,2.41933476499488,-10.9180593664278,-3.18426365997953,-0.09468412,0.12797627,0.24862215,53.037537,109.9429,-17.779436,WAL
1957572342000,170.054954,2.26234179785056,-11.2663878996929,-2.55629179140225,-0.35063666,0.07513642,0.07147124,53.065613,109.793816,-17.559584,WAL
1957577334000,170.059946,2.05534460041939,-11.6328419317273,-1.92410590151273,-0.57879484,-0.07269296,-0.10873401,53.037086,109.60337,-17.274456,WAL
1957582443000,170.065055,1.49701381640495,-12.1386797712865,-1.23692962056764,-0.7440339,-0.27275133,-0.24801129,52.965546,109.40843,-16.958809,WAL
1957587339000,170.069951,0.950852061654569,-12.585063869643,-0.596354035392264,-0.82833326,-0.45875978,-0.34391713,52.740738,109.14279,-16.611483,WAL
1957592322000,170.074934,0.267561142167644,-12.5992993845083,-0.150316905742269,-0.82650065,-0.602924,-0.38606682,52.462475,108.87289,-16.253576,WAL
1957597392000,170.080004,-0.411443108113117,-12.599644378523,0.264175131613643,-0.7302894,-0.6740898,-0.39920044,52.003963,108.57754,-15.951246,WAL
1957602353000,170.084965,-0.888046354414828,-12.436237560428,0.214245261576383,-0.57910025,-0.6646214,-0.37110063,51.53005,108.27852,-15.65714,WAL
1957607681000,170.090293,-1.38308941594497,-12.2707680799557,0.157241428078663,-0.40225476,-0.5705481,-0.3359759,50.99148,108.01095,-15.459505,WAL
1957612332000,170.094944,-1.46945046875635,-12.3324544849044,0.0379809592946173,-0.21227567,-0.5128214,-0.3115413,50.455963,107.7275,-15.268093,WAL
1957617278000,170.09989,-1.56128916305974,-12.398053487028,-0.0888438694746561,-0.12339478,-0.40408736,-0.25411993,49.991444,107.532616,-15.162073,WAL
1957622354000,170.104966,-1.40935722159193,-12.9395180566264,-0.103275143020074,0.060170226,-0.28924468,-0.21380283,49.556763,107.30279,-15.052895,WAL
1957627290000,170.109902,-1.20163434013782,-13.581570240787,-0.0891122195086388,0.23304509,-0.18600847,-0.20647246,49.161587,107.07269,-14.944273,WAL
1957632359000,170.114971,-0.891421836787437,-14.2869265068426,0.154443324897115,0.3979787,-0.090713486,-0.2519819,48.809433,106.850464,-14.847047,WAL
1957637249000,170.119861,-0.568674879959634,-14.9785271458108,0.444915583634932,0.5849035,-0.05681047,-0.34422258,48.476704,106.59828,-14.734789,WAL
1957642349000,170.124961,-0.262720171675475,-15.4672117471129,0.593593296179291,0.75411314,-0.09132435,-0.43982297,48.109245,106.27763,-14.563811,WAL
1957647268000,170.12988,0.023120053962615,-15.8683100303386,0.690410153709141,0.9224065,-0.14263703,-0.5390886,47.751736,105.91999,-14.365448,WAL
1957652362000,170.134974,0.328057085891277,-16.1413016801517,0.574354148495575,1.0919216,-0.1695151,-0.6469063,47.308464,105.44479,-14.076478,WAL
1957657342000,170.139954,0.629526720394826,-16.3546493744044,0.379558380490129,1.2522738,-0.16646078,-0.76174897,46.867493,104.94252,-13.761343,WAL
1957662337000,170.144949,0.865060608258273,-16.2935342324663,0.198414647341362,1.4040737,-0.16218472,-0.87872964,46.375904,104.36664,-13.378681,WAL
1957667310000,170.149922,1.06749653586682,-16.1007382547313,0.0248981465904261,1.5570955,-0.18081611,-1.0009027,45.88845,103.76768,-12.968017,WAL
1957672349000,170.154961,1.10367613973249,-15.5991674649882,0.0042534294433517,1.7046194,-0.19517145,-1.1395692,45.40137,103.12117,-12.493392,WAL
1957677357000,170.159969,1.06594158867034,-14.9671133406766,0.0514216527478363,1.863139,-0.24617869,-1.2767084,44.906628,102.45705,-11.993054,WAL
1957682362000,170.164974,0.780814302158046,-14.130165579369,0.244567081602215,2.0567832,-0.34300083,-1.385137,44.405506,101.77394,-11.456833,WAL
1957687367000,170.169979,0.373125129257245,-13.1915323047176,0.51003908792701,2.2867742,-0.38362336,-1.461495,43.912796,101.08507,-10.898287,WAL
1957692308000,170.17492,-0.0773906634575467,-12.331521685381,0.642496109914006,2.5418103,-0.35735616,-1.4999796,43.42695,100.42572,-10.344634,WAL
1957697374000,170.179986,-0.566531946561234,-11.4875131662548,0.704837633919146,2.8292224,-0.28955013,-1.5317446,42.94881,99.79082,-9.7771635,WAL
1957702351000,170.184963,-1.04262652690969,-10.9597403299201,0.84974890233463,3.1257975,-0.23793201,-1.5558738,42.510006,80.72735,-9.2665825,WAL
1957707346000,170.189958,-1.51775521301454,-10.6119663958632,1.04567826322957,3.3625078,-0.23365596,-1.5726726,42.085384,81.16209,-8.752531,WAL
1957712337000,170.194949,-2.30117675376884,-11.0536566984925,0.849111463718593,3.445891,-0.2415972,-1.6038266,41.727036,81.42799,-8.305028,WAL
1957717314000,170.199926,-3.23621201551991,-11.8873575853305,0.457594238877078,3.5277467,-0.24770586,-1.6319265,41.378716,81.569466,-7.856265,WAL
1957722343000,170.204955,-3.8890268981487,-12.5415008209747,-0.332679271676173,3.483459,-0.21380283,-1.6423112,41.093338,81.546745,-7.4633694,WAL
1957727387000,170.209999,-4.34341578705094,-13.0683991910337,-1.39614280523767,3.3108897,-0.14477506,-1.627345,40.82394,81.42947,-7.074496,WAL
1957732337000,170.214949,-4.76248259907352,-13.4472901870891,-2.39991742790397,3.0509665,-0.022296581,-1.6044376,40.684685,81.19572,-6.8258386,WAL
1957737352000,170.219964,-5.16917257023311,-13.7391493980873,-3.3903269201833,2.778826,0.16676621,-1.5610662,40.58733,80.945564,-6.595706,WAL
1957742340000,170.224952,-5.54065687970416,-13.9879818081837,-3.99335997662088,2.5411994,0.3680463,-1.4993688,40.642586,80.73494,-6.46361,WAL
1957747344000,170.229956,-5.89048848554414,-14.2089287635194,-4.33398553942945,2.375655,0.52931476,-1.4294246,40.73476,80.54766,-6.3530397,WAL
1957752353000,170.234965,-6.25427814013876,-14.3522650216304,-4.48362998918478,2.2650883,0.61758476,-1.3573426,40.953503,80.41186,-6.3435297,WAL
1957757344000,170.239956,-6.62979449250077,-14.420540536884,-4.449492231558,2.1997259,0.6383542,-1.2950343,41.188404,80.29324,-6.35188,WAL
1957762332000,170.244944,-6.86928245979463,-14.5495678744076,-4.03106403973144,2.1587977,0.59498274,-1.2528846,41.48516,80.17732,-6.425205,WAL
1957767356000,170.249968,-6.9975479378357,-14.7300895995261,-3.28997354178515,2.151162,0.56077427,-1.2629639,41.780247,80.0708,-6.496266,WAL
1957772338000,170.25495,-6.96154154502229,-14.6568543476969,-2.91779549673106,2.1138992,0.48899764,-1.3677273,42.092457,79.96161,-6.5857844,WAL
1957777376000,170.259988,-6.7751454762952,-14.3509731383853,-2.87478100781575,1.990199,0.38789943,-1.4969252,42.37721,79.884796,-6.655014,WAL
1957782348000,170.26496,-6.37575023864217,-13.8602811369621,-2.74222338922185,1.820073,0.5635232,-1.6340646,42.715687,79.79077,-6.691061,WAL
1957787357000,170.269969,-5.76304328563568,-13.1815906732167,-2.52070634372175,1.5415184,0.6762278,-1.6679676,42.99671,79.75659,-6.7076025,WAL
1957792300000,170.274912,-5.06232144232153,-12.5794510522628,-2.42462412188033,1.3603969,0.7324274,-1.6197093,43.317825,79.75191,-6.6785235,WAL
1957797349000,170.279961,-4.23369564340087,-12.0438201287635,-2.47040447854573,1.3390167,0.81122905,-1.5198327,43.66528,79.77043,-6.658049,WAL
1957802298000,170.28491,-3.38496315945946,-11.6717683149688,-2.49781929126819,1.428203,0.872621,-1.4187346,43.987778,79.799736,-6.5760536,WAL
1957807348000,170.28996,-2.44988059189189,-11.5812767245322,-2.49279196902287,1.5036448,1.0934488,-1.3756685,44.36879,79.82827,-6.517902,WAL
1957812308000,170.29492,-1.61350877705513,-11.5444502618207,-2.35621477062978,1.6588045,1.3817772,-1.3487904,44.74781,79.84513,-6.3799925,WAL
1957817316000,170.299928,-0.879561224063174,-11.577383486855,-2.04099374178929,1.815797,1.6377298,-1.3799446,45.17468,79.84435,-6.251985,WAL
1957822246000,170.304858,-0.284256909522708,-11.5802542600521,-1.66883267839167,1.956296,1.8316795,-1.4159856,45.639885,79.841354,-6.019113,WAL
1957827377000,170.309989,0.118479619390608,-11.5328735245396,-1.17607268274033,2.0485365,1.9074267,-1.4526376,46.13738,79.81023,-5.7927303,WAL
1957832282000,170.314894,0.459421897889782,-11.4081085750147,-0.90131481951363,2.1227567,1.9214766,-1.4703526,46.647083,79.7448,-5.4553475,WAL
1957837353000,170.319965,0.711813693026084,-11.0985712144538,-1.0632265587272,2.1346686,1.8564194,-1.4517213,47.147705,79.65404,-5.1296988,WAL
1957842278000,170.32489,0.879640969765213,-10.8046823382846,-1.23418016593196,2.1108449,1.9101756,-1.3799446,47.623188,79.51337,-4.7636127,WAL
1957847338000,170.32995,0.837846242597029,-10.5214071969334,-1.4477975094873,2.107485,2.0708332,-1.3029755,48.101353,79.340675,-4.419756,WAL
1957852297000,170.334909,0.790571455830696,-10.2247979695411,-1.69221945043513,2.097406,2.1878138,-1.2238685,48.621147,79.13589,-4.07075,WAL
1957857346000,170.339958,0.71406309802413,-9.83747445994858,-2.09867029164359,2.0622811,2.3194554,-1.149343,49.179344,78.916695,-3.7628121,WAL
1957862316000,170.344928,0.628938637240909,-9.44634585185727,-2.42866688905138,2.014939,2.4938574,-1.0528263,49.78688,78.696,-3.5141182,WAL
1957867346000,170.349958,0.492741988786195,-9.00018455761919,-2.40518472857561,1.9956968,2.6007588,-0.92271197,50.39865,78.464325,-3.3093896,WAL
1957872315000,170.354927,0.350676138562105,-8.55250120775178,-2.39657797524852,1.971873,2.6120598,-0.81397796,51.08204,78.250275,-3.1538222,WAL
1957877371000,170.359983,0.146473502827593,-8.0419947199518,-2.50354123694146,1.897042,2.5482244,-0.72204274,51.76005,78.051605,-3.039545,WAL
1957882360000,170.364972,-0.0698165010064903,-7.54297838269596,-2.6121226424663,1.7947221,2.5054638,-0.6435465,52.46051,77.844,-2.9819446,WAL
1957887358000,170.36997,-0.38525157454019,-7.07460499823265,-2.74116426527209,1.7244726,2.5137105,-0.5558874,53.14368,77.65003,-2.9581182,WAL
1957892275000,170.374887,-0.686183971401924,-6.63333880323974,-2.86321332843118,1.7146988,2.4721715,-0.514654,53.82594,77.46321,-2.97957,WAL
1957897343000,170.379955,-0.919663984949931,-6.33791490345572,-2.94898144184174,1.6920967,2.4336872,-0.49541172,54.50039,77.30601,-3.0241692,WAL
1957902286000,170.384898,-1.13898952575112,-6.04955801944472,-3.01948689809618,1.641395,2.4058928,-0.4905248,55.182903,77.17171,-3.1333587,WAL
1957907345000,170.389957,-1.25909133951413,-5.75170561963312,-2.92820959588498,1.6175711,2.3356433,-0.46731192,55.833645,77.04568,-3.250935,WAL
1957912376000,170.394988,-1.37332236401722,-5.46746350177905,-2.84186871925395,1.5570955,2.2531765,-0.4596761,56.470886,76.965904,-3.412082,WAL
1957917318000,170.39993,-1.42311806000956,-5.33165710543281,-2.81018050180775,1.491122,2.2079725,-0.46853364,57.094017,76.904655,-3.574136,WAL
1957922642000,170.405254,-1.47795476209057,-5.18503460041167,-2.7766157754072,1.4187346,2.169488,-0.48288897,57.766354,76.81536,-3.7317827,WAL
1957927391000,170.410003,-1.55528832129945,-5.04664825590657,-2.76033500149454,1.3610078,2.1084013,-0.5164866,58.415398,76.75421,-3.8778288,WAL
1957932358000,170.41497,-1.63617183121532,-4.90190936916055,-2.74330686840881,1.2883148,2.0668626,-0.54244834,59.097313,76.69451,-4.0270286,WAL
1957937354000,170.419966,-1.70074346218212,-4.77344309587777,-2.63273995656276,1.2470814,2.021964,-0.56199604,59.75673,76.65556,-4.1648517,WAL
1957942245000,170.424857,-1.75838102838392,-4.65336458218827,-2.49344907126743,1.1728612,2.0033326,-0.5842926,60.40838,76.65811,-4.293952,WAL
1957947340000,170.429952,-1.83521659925212,-4.54714727964967,-2.31181019183232,1.1053606,1.9776763,-0.6001751,61.081623,76.65237,-4.4238887,WAL
1957952252000,170.434864,-1.91391194363314,-4.44993550307026,-2.1266447580988,1.063211,1.949271,-0.6230826,61.74522,76.672424,-4.544241,WAL
1957957347000,170.439959,-2.07524539842714,-4.34148990954595,-1.74979596985854,0.9859365,1.9272798,-0.6420194,62.43505,76.68535,-4.6573534,WAL
1957962265000,170.444877,-2.25694980889307,-4.23433097558611,-1.32581888237214,0.8918633,1.8689423,-0.6722572,63.103115,76.72665,-4.7568417,WAL
1957967331000,170.449943,-2.44463607289246,-4.07459910420018,-0.92291663976765,0.74036866,1.790446,-0.70005155,63.788998,76.75977,-4.854707,WAL
1957972282000,170.454894,-2.62825013412769,-3.9004011852249,-0.541564574292523,0.5934556,1.7232509,-0.72021013,64.45774,76.826805,-4.943086,WAL
1957977401000,170.460013,-2.79536021227571,-3.81638980732935,-0.29701011533808,0.46181414,1.6780468,-0.70341134,65.12043,76.85553,-5.0419655,WAL
1957982334000,170.464946,-2.94785622888066,-3.77153795784677,-0.117602966563372,0.33964106,1.6630806,-0.6817256,65.76914,76.927216,-5.1339173,WAL
1957987344000,170.469956,-3.08639951244595,-3.76630545855466,0.0466447861167387,0.22449298,1.6432275,-0.66614854,66.40459,76.96193,-5.2456236,WAL
1957992328000,170.47494,-3.21415332648754,-3.78595988359069,0.198966683786906,0.10629055,1.6349808,-0.634689,67.033066,77.02752,-5.3672175,WAL
1957997335000,170.479947,-3.28822435530793,-3.77314936716745,0.252207975472092,0.0021380284,1.6233743,-0.58368176,67.65947,77.07712,-5.518162,WAL
1958002362000,170.484974,-3.33612279766192,-3.74441039178191,0.256997804703015,-0.12064589,1.6236799,-0.5534439,68.28265,77.16085,-5.6712637,WAL
1958007345000,170.489957,-3.31374323122321,-3.63642834648589,0.24903897437743,-0.1826487,1.6194037,-0.54428095,68.90321,77.22154,-5.8459463,WAL
1958012367000,170.494979,-3.2562078128402,-3.48779547020237,0.234655152323796,-0.3182608,1.59558,-0.50701815,69.51116,77.32241,-6.033838,WAL
1958017336000,170.499948,-3.16169630154321,-3.23109670556551,0.201619240710872,-0.43890667,1.5873333,-0.45814893,70.12708,77.42052,-6.2337794,WAL
1958022353000,170.504965,-3.04688906975309,-2.91537670575468,0.158566517550777,-0.58123827,1.5622878,-0.42455134,70.72645,77.55,-6.4347787,WAL
1958027377000,170.509989,-2.86024993735537,-2.68667463973748,0.305818132941176,-0.7098254,1.4517213,-0.41874814,71.29645,77.69337,-6.625102,WAL
1958032446000,170.515058,-2.6336916107438,-2.50259611025766,0.555976264705882,-0.838718,1.3234396,-0.40439278,71.848434,77.857666,-6.8218107,WAL
1958037349000,170.519961,-2.53883955414131,-2.40959978114156,0.807291854422932,-0.97402465,1.1911873,-0.3680463,72.35949,78.04152,-7.004978,WAL
1958042307000,170.524919,-2.52451264207694,-2.37139463243651,1.06756426479256,-1.1136073,1.0571023,-0.31306845,72.82907,78.2405,-7.188428,WAL
1958047283000,170.529895,-2.51013371621323,-2.33305078008549,1.32878159315062,-1.2504412,0.8933904,-0.26083946,73.212616,78.432724,-7.322197,WAL
1958052319000,170.534931,-2.49558141101836,-2.29424458224793,1.59314864813679,-1.3735305,0.70524395,-0.20280726,73.54579,78.631134,-7.464311,WAL
1958057308000,170.53992,-2.51071132948822,-2.44225003879976,1.88473264814175,-1.4859297,0.47708577,-0.13897185,73.820274,78.830666,-7.611517,WAL
1958062293000,170.544905,-2.54464537051178,-2.70887479870024,2.19498688935825,-1.6157386,0.23151793,-0.07238753,74.03137,79.03227,-7.7660165,WAL
1958067312000,170.549924,-2.5392198309365,-3.20029344522084,2.47106231643955,-1.7397442,-0.011911872,0.0033597588,74.12123,79.16466,-7.9099884,WAL
1958072313000,170.554925,-2.51144738860539,-3.81591630355659,2.72564337613801,-1.8613064,-0.2519819,0.056199603,74.137856,79.29756,-8.057114,WAL
1958077374000,170.559986,-2.49112422682339,-4.87141382352823,3.09021073694997,-1.9883664,-0.44257188,0.15607607,74.07598,79.38227,-8.2141485,WAL
1958082396000,170.565008,-2.47662914255576,-6.2339528546313,3.5298951615431,-2.087021,-0.5757405,0.24587326,73.95833,79.45847,-8.376739,WAL
1958087353000,170.569965,-2.31098425457788,-7.92755943483033,4.11353771499131,-2.1206186,-0.63438356,0.40225476,73.79601,79.491974,-8.533573,WAL
1958092308000,170.57492,-2.04188238775268,-9.85901630471966,4.79931361264063,-2.0366247,-0.59712076,0.58246,73.61857,79.4831,-8.719737,WAL
1958097290000,170.579902,-1.50655126824723,-11.9059147372935,6.03836609976992,-1.8411479,-0.50823987,0.7461719,73.44344,79.43895,-8.842487,WAL
1958102316000,170.584928,-0.550132556182807,-14.1358808192847,8.15255441895001,-1.4761559,-0.23151793,0.82558435,73.33011,79.33099,-8.995384,WAL
1958107308000,170.58992,0.711945863238686,-15.7796804776626,10.011024880221,-1.1725558,0.076358154,0.9086621,73.27502,79.23485,-8.967458,WAL
1958112288000,170.5949,2.30647161526892,-16.8057231155151,11.6055509990309,-0.30176744,0.20769419,0.75686204,73.25122,79.02531,-8.908983,WAL
1958117320000,170.599932,3.86588285123933,-17.6397927085262,12.3061368741129,0.6914995,0.12370021,0.33322698,73.09081,78.73875,-8.554475,WAL
1958122312000,170.604924,5.34096514732079,-18.1855728998252,11.7357719941376,1.3558154,0.1740966,-0.15515977,73.02846,78.34543,-8.190074,WAL
1958127383000,170.609995,6.18792118576579,-18.4403651333283,10.859935327875,1.5757269,0.4550946,-0.46639562,72.88046,77.80115,-7.5525537,WAL
1958132459000,170.615071,6.33032816940584,-18.3709871599189,9.66225631157515,1.5546521,0.90408057,-0.64904433,72.838165,77.1347,-6.904259,WAL
1958137343000,170.619955,6.46734860047322,-18.304233412454,8.50987957485165,1.396438,1.348485,-0.6737844,72.91868,76.57508,-6.1266103,WAL
1958142309000,170.624921,5.61767693428652,-16.8582359311448,7.33422382310225,1.1756102,1.5882497,-0.67011917,73.08332,75.99182,-5.4026103,WAL
1958147276000,170.629888,4.54380630143919,-15.0997730934061,6.15744083751293,0.95478237,1.6743816,-0.65576386,73.33113,75.41485,-4.7621584,WAL
1958152315000,170.634927,3.28414733102616,-12.961042206841,5.16122064136821,0.74372846,1.6514742,-0.6426302,73.69601,75.07639,-4.182714,WAL
1958157308000,170.63992,1.9564318272334,-10.6760246398893,4.26645585297787,0.54702985,1.602605,-0.6310238,74.07035,74.77362,-3.6519291,WAL
1958162295000,170.644907,0.810615224316773,-8.53327677482538,3.88583102130841,0.35705075,1.5057828,-0.6264423,74.48362,74.58006,-3.271838,WAL
1958167350000,170.649962,-0.27047106020364,-6.42349178904083,3.72866870915888,0.15851954,1.3677273,-0.59498274,74.858345,74.4342,-2.9143887,WAL
1958172311000,170.654923,-1.24300616722102,-5.02366803631138,3.66461117102665,-0.06536258,1.1771374,-0.5305365,75.21473,74.35947,-2.7103226,WAL
1958177392000,170.660004,-2.19408619703098,-3.93107774765319,3.64486557892601,-0.29901853,0.97097033,-0.42302418,75.51207,74.33887,-2.523852,WAL
1958182368000,170.66498,-3.12551194557149,-2.86106608137427,3.62552803389693,-0.48930305,0.7687739,-0.28252518,75.723495,74.29814,-2.4719653,WAL
1958187390000,170.670002,-3.95361569519343,-2.98418008030481,3.49850965369285,-0.6554584,0.63804877,-0.105068825,75.88216,74.30979,-2.4513457,WAL
1958192269000,170.674881,-4.71552143755728,-3.56183418094426,3.33417694675477,-0.82894415,0.53878313,0.099265605,75.97804,74.36855,-2.464718,WAL
1958197297000,170.679909,-5.00056352393696,-4.66024082039845,3.51187642103281,-1.0167851,0.48808134,0.29993483,76.03896,74.37955,-2.6936896,WAL
1958202290000,170.684902,-5.17592576063039,-5.85933879601546,3.76307098967192,-1.1090258,0.28405234,0.3717115,76.02333,74.400276,-2.9274445,WAL
1958207313000,170.689925,-5.33348142863962,-7.66413935799523,4.0203104597852,-1.2745703,-0.08093964,0.48197266,75.96103,74.50525,-3.2983115,WAL
1958212309000,170.694921,-5.48573502545744,-9.60061598488465,4.2772386031424,-1.3793337,-0.5693264,0.5571091,75.80366,74.60029,-3.6583269,WAL
1958217375000,170.699987,-5.81309042531194,-11.9084942495544,3.92777692938206,-1.4217888,-1.1560625,0.59773165,75.51769,74.71316,-4.016296,WAL
1958222299000,170.704911,-6.17266940190137,-14.23408218776,3.4421120036938,-1.3267993,-1.6716328,0.6386596,75.10949,74.792946,-4.3655868,WAL
1958227326000,170.709938,-6.65722685616626,-15.6094645663112,2.57346642605961,-1.1487321,-2.02624,0.70371675,74.600815,74.88704,-4.691103,WAL
1958232380000,170.714992,-7.17781188961808,-16.7079879282654,1.59406046809771,-0.9089675,-2.1001546,0.76174897,74.02711,74.9196,-5.005141,WAL
1958237350000,170.719962,-7.21492079579517,-17.5126537269983,1.42285657176311,-0.5983425,-1.8723019,0.7641924,73.53276,75.03852,-5.3205204,WAL
1958242352000,170.724964,-6.93073243651124,-18.1358728358659,1.78681709568068,-0.13408493,-1.3552046,0.7180721,73.10156,75.03379,-5.6418405,WAL
1958247343000,170.729955,-5.42923562062469,-18.5371717029251,2.32964067801686,0.59498274,-0.874759,0.66981375,72.81571,75.02661,-6.0204625,WAL
1958252367000,170.734979,-3.32052632325236,-18.832964497769,2.96416181507189,1.4016303,-0.8396343,0.43799037,72.56391,74.88667,-6.324327,WAL
1958257346000,170.739958,-1.50157343845533,-16.8183913703368,1.79481992988506,1.8161024,-1.2177598,-0.025961773,72.34394,74.68852,-6.4811773,WAL
1958262292000,170.744904,0.165198440713853,-13.6233469322444,-0.297002651724138,1.6145169,-1.4810427,-0.5152648,72.183174,74.477684,-6.563708,WAL
1958267385000,170.749997,1.01916366228459,-10.3557110310192,-1.94363434987691,0.9810496,-1.2803736,-0.7846564,72.05513,74.35778,-6.268471,WAL
1958272313000,170.754925,1.42813622279665,-7.20476311728213,-3.2913847958838,0.18387043,-0.89919364,-0.9101892,71.92445,74.36359,-5.890839,WAL
1958277300000,170.759912,1.40020002061322,-5.03616015335416,-3.55933551585783,-0.5876524,-0.7272351,-0.88300574,71.83955,74.704796,-5.3791595,WAL
1958282377000,170.764989,1.11058882440191,-3.43142932057416,-3.18426528708134,-1.1585059,-0.8402451,-0.77640975,71.7811,75.187775,-4.88427,WAL
1958287288000,170.7699,0.648525362820371,-2.4668490833793,-2.78291545717963,-1.496009,-1.1004738,-0.65026605,71.7535,75.862206,-4.4168124,WAL
1958292312000,170.774924,0.0469913218863761,-1.89627638692774,-2.34503413811362,-1.7229455,-1.4355333,-0.5345071,71.67243,76.63551,-3.9816267,WAL
1958297282000,170.779894,-0.537396093273765,-1.51316743874475,-2.1834481225105,-1.8689423,-1.5803084,-0.4886922,71.55246,77.35702,-3.6005468,WAL
1958302283000,170.784895,-1.10970645236301,-1.39458064075789,-2.42062171848423,-1.9089539,-1.7919732,-0.38423425,71.32103,78.08295,-3.2577298,WAL
1958307269000,170.789881,-1.59615535919984,-1.44893732093484,-2.68797769241434,-1.9617938,-1.9156734,-0.27000242,70.96767,78.77251,-3.0551174,WAL
1958312289000,170.794901,-2.01511457686671,-1.64889508643296,-2.98315349356308,-1.9688187,-1.9978348,-0.13958271,70.56414,79.4482,-2.883625,WAL
1958317271000,170.799883,-2.47009697490119,-2.04546207173913,-3.2484869312253,-1.9633209,-2.1594086,-0.0021380284,70.08418,80.14833,-2.817244,WAL
1958322274000,170.804886,-2.96248111163044,-2.62306657880435,-3.48994456478261,-1.9498819,-2.404671,0.1255328,69.55249,80.834236,-2.7860835,WAL
1958327279000,170.809891,-3.3284655365887,-3.12558666841722,-3.7940882300719,-1.9080375,-2.6450465,0.24007004,68.98613,81.52759,-2.8443396,WAL
1958332281000,170.814893,-3.56826484018385,-3.55286550287613,-4.16032723103668,-1.8264871,-2.7293458,0.34300083,68.39132,82.17932,-2.9424114,WAL
1958337272000,170.819884,-3.69175763229916,-3.90796889418533,-4.44171987612492,-1.7537941,-2.6728408,0.4428773,67.786194,82.805885,-3.1383338,WAL
1958342273000,170.824885,-3.54907068680912,-4.09985830199301,-4.53028407196425,-1.6896533,-2.475226,0.58001655,67.19596,83.349144,-3.3859906,WAL
1958347261000,170.829873,-3.43426224822582,-4.36521427368631,-4.43599188131728,-1.6468927,-2.28036,0.7254025,66.6674160349854,83.7710860758017,-3.73404007172012,WAL
1958352220000,170.834832,-3.36988508833426,-4.76283769664301,-4.01186024861654,-1.6227635,-2.1539109,0.883922,66.141945,84.190575,-4.080066,WAL
1958357235000,170.839847,-3.30478094297106,-5.16495132159317,-3.58293906733115,-1.6077974,-2.1157317,1.0479393,65.67942,84.40579,-4.481866,WAL
1958362241000,170.844853,-3.33071071076092,-6.16792082787033,-3.25159104169293,-1.6236799,-2.087021,1.2202033,65.2562,84.43552,-4.938976,WAL
1958367272000,170.849884,-3.35615812919805,-7.30267891611032,-2.98206910312436,-1.6584991,-2.0094411,1.3949108,64.865654,84.266846,-5.4488945,WAL
1958372230000,170.854842,-3.14837085191329,-8.57839628364543,-3.30099843239365,-1.6872098,-1.8365663,1.5781704,64.50834,83.916565,-5.9822063,WAL
1958377200000,170.859812,-2.91641449554304,-9.84730873752347,-3.6163883457061,-1.7211128,-1.5775595,1.7993035,64.23382,83.43939,-6.5422206,WAL
1958382261000,170.864873,-2.44222200242119,-11.0399742246269,-3.89419788403993,-1.7259997,-1.3429873,2.0118847,64.01547,97.146126,-7.1451993,WAL
1958387224000,170.869836,-1.97260553347554,-12.1882141338426,-4.14950872437742,-1.7241671,-1.1597277,2.175291,63.987793,97.71315,-7.67883,WAL
1958392227000,170.874839,-1.44018867098422,-13.0724064007342,-4.18753877150511,-1.7153096,-1.0668762,2.2699752,64.01578,98.34722,-8.240877,WAL
1958397316000,170.879928,-0.911004854507137,-13.9440540973273,-4.20582659095699,-1.7146988,-0.9505063,2.2996023,64.2756,98.832214,-8.623621,WAL
1958402280000,170.884892,-0.546684378702941,-14.4541030763483,-3.97357216298496,-1.7137824,-0.88514376,2.2849414,64.55246,99.349625,-9.016271,WAL
1958407596000,170.890208,-0.154611811783784,-14.9733338857143,-3.73615262440154,-1.6780468,-0.8185594,2.2036965,64.86522,99.78365,-9.305492,WAL
1958412283000,170.894895,0.230996102148649,-14.8693494428571,-3.7621486446332,-1.636508,-0.677755,2.0912971,65.21859,100.22169,-9.581702,WAL
1958417232000,170.899844,0.638159226972973,-14.7595523428571,-3.78959782409266,-1.5943583,-0.43004912,1.92392,65.54194,100.59911,-9.784222,WAL
1958422286000,170.904898,1.18938843296216,-13.770495613853,-3.54180622149665,-1.5610662,-0.12522738,1.6985108,65.9192,100.94273,-9.938636,WAL
1958427240000,170.909852,1.74454497688969,-12.7049536523544,-3.26870506216854,-1.5335772,0.18173242,1.4459181,66.36238,101.2464,-10.037239,WAL
1958432306000,170.914918,1.92925136831387,-11.7663230963941,-2.86461211933469,-1.5066991,0.39828414,1.178359,66.82823,101.48521,-10.034338,WAL
1958437226000,170.919838,2.00582693296597,-10.8952762015236,-2.43866063309802,-1.4957036,0.4147775,0.8918633,67.31169,101.67672,-9.962007,WAL
1958442282000,170.924894,2.08451922054342,-10.0001515876079,-2.00093487813611,-1.5180001,0.14355333,0.5934556,67.64382,101.85263,-9.845449,WAL
1958447239000,170.929851,2.16167065834434,-9.12255413682072,-1.57178009820213,-1.5946637,-0.30451632,0.3631594,67.92039,102.00425,-9.6793585,WAL
1958452350000,170.934962,1.74142812420197,-8.43840637957052,-1.73983559814277,-1.6362026,-0.78801614,0.23915374,68.07236,102.15116,-9.494536,WAL
1958457243000,170.939855,1.25189374486361,-7.82195558850842,-2.00726639895531,-1.6151277,-1.2116512,0.12889257,68.1043,102.27191,-9.272611,WAL
1958462291000,170.944903,0.683834827567392,-7.486792174895,-2.41313586256205,-1.5723672,-1.5592335,-0.0012217305,67.91231,102.36232,-9.071638,WAL
1958467309000,170.949921,0.1012494084979,-7.23907881565483,-2.85351541802215,-1.5570955,-1.8038851,-0.1337795,67.62758,102.44029,-8.85636,WAL
1958472310000,170.954922,-0.269628126166032,-7.16988546222968,-3.080181346782,-1.5402967,-1.8988746,-0.21868975,67.3207,102.59582,-8.699613,WAL
1958477299000,170.959911,-0.547213946412885,-7.17913828430056,-3.21280568803176,-1.5335772,-1.8860464,-0.2574797,66.9767,102.74016,-8.529315,WAL
1958482399000,170.965011,-0.830975759052482,-7.18859697192563,-3.34838078131173,-1.5271631,-1.7886134,-0.24190263,66.7169,102.96765,-8.422439,WAL
1958487397000,170.970009,-1.11094182946558,-7.32502621280693,-3.37715463919114,-1.5326608,-1.6123788,-0.20066923,66.48968,103.19738,-8.314025,WAL
1958492310000,170.974922,-1.38731175165623,-7.53796703418392,-3.34090942520944,-1.5543466,-1.5180001,-0.1518,66.27445,103.43609,-8.217774,WAL
1958497303000,170.979915,-1.5726164325167,-7.83140240343621,-3.13929436621063,-1.6007724,-1.3631458,-0.12095132,66.13498,103.75548,-8.181627,WAL
1958502320000,170.984932,-1.66943373125464,-8.19828828666879,-2.78259918109025,-1.6175711,-1.2623531,-0.05009095,66.018105,104.085945,-8.172377,WAL
1958507307000,170.989919,-1.73212255207053,-8.57277933229219,-2.39046651567758,-1.6578883,-1.2043208,0.02687807,65.90054,104.462265,-8.2153225,WAL
1958512287000,170.994899,-1.77537017665491,-8.95239733128463,-1.9772116147204,-1.6869044,-1.17897,0.10323623,65.81274,104.8449,-8.275817,WAL
1958517333000,170.999945,-1.7317956472291,-9.088389,-1.57461837617017,-1.7125608,-1.1490375,0.17470746,65.67975,105.20517,-8.379757,WAL
1958522311000,171.004923,-1.64165561525683,-9.088389,-1.1861577749363,-1.7180585,-1.1230757,0.21410827,65.562195,105.5651,-8.493152,WAL
1958527309000,171.009921,-1.55115342968082,-9.088389,-0.796136464175573,-1.7293595,-1.1285735,0.2669481,65.37308,105.88407,-8.648512,WAL
1958532438000,171.01505,-1.45827913800027,-9.088389,-0.395892506013956,-1.7336355,-1.2253957,0.32498032,65.175095,106.199554,-8.816345,WAL
1958537277000,171.019889,-1.33959734884282,-9.02071434993812,-0.0163238277735149,-1.7366899,-1.3692545,0.36774087,64.97132,106.51327,-8.993701,WAL
1958542307000,171.024919,-1.0911890453981,-8.67791123834571,0.386097630654703,-1.7076738,-1.5402967,0.39522982,64.7422,106.816666,-9.186163,WAL
1958547263000,171.029875,-0.859196257489962,-8.37319452496654,0.65591810530732,-1.642922,-1.6982054,0.4260785,64.33616,107.01346,-9.400888,WAL
1958552319000,171.034931,-0.65979202125399,-8.15883480417996,0.561201079300937,-1.53205,-1.7901406,0.43768495,63.90869,107.18368,-9.615883,WAL
1958557241000,171.039853,-0.49477718123864,-7.96856074421437,0.31881174617727,-1.3790283,-1.8020525,0.44684792,63.409348,107.28728,-9.824597,WAL
1958562293000,171.044905,-0.390515327761642,-7.81443474665043,-0.265961182577532,-1.1969905,-1.7599027,0.45142943,62.906998,107.350174,-10.026591,WAL
1958567322000,171.049934,-0.339701278025515,-7.70365306692836,-0.750891176310108,-1.0366384,-1.6523905,0.46120325,62.413826,107.40463,-10.215589,WAL
1958572313000,171.054925,-0.513255774893032,-7.77401294249264,-0.821251100853778,-0.9049969,-1.4880677,0.4822781,61.955837,107.41911,-10.3909025,WAL
1958577317000,171.059929,-0.693475107036325,-7.84249697303505,-0.870396679192973,-0.82344633,-1.3148874,0.49877146,61.58285,107.50649,-10.557502,WAL
1958582453000,171.065065,-0.914001901436545,-7.90100399735566,-0.798387929041998,-0.80909103,-1.1407908,0.5311473,61.26458,107.57918,-10.714463,WAL
1958587683000,171.070295,-1.14086388674399,-7.95970093386495,-0.723320649328915,-0.8371908,-0.97035944,0.5681047,60.981125,107.67987,-10.888864,WAL
1958592310000,171.074922,-1.39326175323115,-7.99182432221417,-0.617772454101077,-0.87781334,-0.9007208,0.6301075,60.727283,107.78513,-11.0663395,WAL
1958597492000,171.080104,-1.66920356312208,-8.03091850335342,-0.504630117406687,-0.90224797,-0.8313876,0.70157874,60.521248,107.900635,-11.261587,WAL
1958602316000,171.084928,-1.83984346654355,-8.10725731867224,-0.464215406893468,-0.9877691,-0.80664754,0.73884153,60.328587,108.038994,-11.455044,WAL
1958607645000,171.090257,-2.02204701607482,-8.1965974851845,-0.425593490092134,-1.0076222,-0.8026769,0.8017606,60.097443,108.221306,-11.721554,WAL
1958612292000,171.094904,-2.05089318412889,-8.37791622200102,-0.516252804713181,-1.0219775,-0.8304713,0.8472701,59.872017,108.41876,-11.984243,WAL
1958617312000,171.099924,-2.08205474290476,-8.57378884064077,-0.614189055928515,-1.040609,-0.8775079,0.88056225,59.628407,108.64404,-12.27778,WAL
1958622309000,171.104921,-2.11307352959859,-8.76876403493217,-0.711676595235891,-1.0519099,-0.9764681,0.90469146,59.371696,108.87079,-12.575931,WAL
1958627281000,171.109893,-2.14393712924672,-8.96276376797537,-0.808676404208528,-1.058324,-1.0595458,0.9224065,59.114902,109.098404,-12.872666,WAL
1958632314000,171.114926,-2.08475057807,-9.26012135079911,-1.09423396077281,-1.0815369,-1.1187997,0.93279123,58.819836,109.347595,-13.180657,WAL
1958637278000,171.11989,-1.9789581274125,-9.60635106150111,-1.47412492403399,-1.0931433,-1.1239921,0.93309665,58.52465,109.588684,-13.4812565,WAL
1958642306000,171.124918,-1.76358697301618,-10.0117999896666,-1.77349803008384,-1.0888673,-1.0845913,0.94959,58.22481,109.856575,-13.788434,WAL
1958647337000,171.129949,-1.49586297992786,-10.4439157087151,-2.03182820745759,-1.0720685,-1.022283,0.94806284,57.9371,110.11104,-14.077843,WAL
1958652348000,171.13496,-1.19713739349447,-10.8685796538581,-2.03179663365355,-1.0473285,-0.9990701,0.93951076,57.668518,110.3952,-14.352425,WAL
1958657322000,171.139934,-0.882227586013842,-11.2868195305237,-1.88418258673691,-1.003957,-1.0100657,0.9211848,57.414436,110.65942,-14.612061,WAL
1958662341000,171.144953,-0.568560303417224,-11.5731812874558,-1.66469984911522,-0.93859446,-1.0519099,0.88117313,57.17138,110.88264,-14.813703,WAL
1958667343000,171.149955,-0.257745278002359,-11.7992282174597,-1.41510599919387,-0.8561276,-1.1004738,0.82802784,56.926334,111.078354,-15.000612,WAL
1958672342000,171.154954,0.0321708795664408,-12.0142902302241,-1.25834054949453,-0.763887,-1.1377366,0.77366084,56.588898,111.20367,-15.149249,WAL
1958677378000,171.15999,0.313652139818656,-12.2254017645649,-1.14775859714435,-0.600786,-1.1340714,0.72784597,56.251457,111.2825,-15.279162,WAL
1958682351000,171.164963,0.547731553495721,-12.3648370687953,-1.14736956556945,-0.38453966,-1.0650436,0.6805039,55.849194,111.256966,-15.355063,WAL
1958687356000,171.169968,0.768615971599737,-12.4820408196182,-1.18343234865043,-0.13500121,-0.93370754,0.61391956,55.466454,111.176575,-15.40182,WAL
1958692308000,171.17492,1.00211642095965,-12.3179453367296,-1.21765900760891,0.1020145,-0.86009824,0.57910025,55.038692,111.01863,-15.415512,WAL
1958697343000,171.179955,1.24897253439068,-11.9742828319615,-1.25154119150773,0.18845193,-0.6844745,0.48624873,54.67332,110.817375,-15.3732395,WAL
1958702354000,171.184966,1.39859299278987,-11.542088667443,-1.40112805196962,0.3036,-0.4783075,0.37507126,54.304718,110.55119,-15.293226,WAL
1958707345000,171.189957,1.49055839706329,-11.058059718481,-1.61894100318987,0.28893927,-0.28496864,0.2556471,53.97907,110.27625,-15.171619,WAL
1958712376000,171.194988,1.45513523312836,-10.8550404524158,-1.91011261430942,0.16646078,-0.12889257,0.1282817,53.68442,109.99183,-15.005981,WAL
1958717301000,171.199913,1.35385204327965,-10.804398761347,-2.23237759771596,0.016187929,0.00580322,0.038789943,53.43407,109.70239,-14.806987,WAL
1958722348000,171.20496,1.11510021966078,-10.9224881078884,-2.37705506053794,-0.10873401,0.09101892,-0.01985312,53.240635,109.461075,-14.595405,WAL
1958727357000,171.209969,0.787724115074267,-11.1535772470895,-2.39631246366921,-0.20952678,0.118507855,-0.03573562,53.06431,109.23598,-14.368382,WAL
1958732311000,171.214923,0.408065970280374,-11.3414565595794,-2.29426061448598,-0.3100141,0.08735373,-0.030543262,52.93068,109.08798,-14.1567955,WAL
1958737319000,171.219931,-0.0121500052959502,-11.5048742496106,-2.1121669652648,-0.40958515,0.063224554,-0.02321288,52.803043,108.958046,-13.942282,WAL
1958742310000,171.224922,-0.370278242241548,-11.6193695262849,-1.8201079466582,-0.47128254,0.064751714,-0.02076942,52.66149,108.87481,-13.771695,WAL
1958747297000,171.229909,-0.678283850959547,-11.694037108462,-1.43743434643346,-0.473726,0.056199603,-0.026572637,52.507957,108.79968,-13.605764,WAL
1958752316000,171.234928,-0.872652631668034,-11.8672675203119,-1.01309609527493,-0.42852196,0.03940081,-0.041233405,52.311417,108.75422,-13.499433,WAL
1958757303000,171.239915,-0.951043329688141,-12.1367353688962,-0.552550707316373,-0.32070425,-0.009773844,-0.05009095,52.10344,108.69557,-13.397132,WAL
1958762288000,171.2449,-0.952040873596401,-12.5087236934577,-0.177823946917237,-0.19792034,-0.084910266,-0.03970624,51.83406,108.614265,-13.335453,WAL
1958767379000,171.249991,-0.888063241925204,-12.9748465202924,0.132924537501172,-0.06536258,-0.17440203,-0.0421497,51.548534,108.50522,-13.271315,WAL
1958772258000,171.25487,-0.769306457833234,-13.4958201286393,0.41845088120816,0.07147124,-0.23273966,-0.049785517,51.18902,108.32036,-13.204716,WAL
1958777322000,171.259934,-0.562793398534363,-14.1441753621509,0.697003367435136,0.20799962,-0.25167647,-0.09407325,50.819736,108.10502,-13.128421,WAL
1958782359000,171.264971,-0.400534149172844,-14.7642002992587,0.940005802779945,0.34513888,-0.27275133,-0.17867808,50.36368,107.80154,-13.019417,WAL
1958787330000,171.269942,-0.303018315645728,-15.3400081225127,1.13039389057745,0.50732356,-0.3005457,-0.2773328,49.907166,107.46287,-12.8936205,WAL
1958792246000,171.274858,-0.208883845547429,-15.8346315485714,1.24234717565714,0.675617,-0.34025195,-0.31856623,49.386166,107.02461,-12.713577,WAL
1958797302000,171.279914,-0.116654629900952,-16.1943250190476,1.20545551790476,0.7611381,-0.34605515,-0.4166101,48.871433,106.55295,-12.490333,WAL
1958802246000,171.284858,-0.0153548445288842,-16.465782871058,1.12698489861125,0.9379836,-0.31245756,-0.52870387,48.330067,105.98122,-12.219405,WAL
1958807307000,171.289919,0.124875323947536,-16.4798056823223,0.90729093487318,1.097114,-0.24923302,-0.6462954,47.806557,105.39494,-11.921634,WAL
1958812334000,171.294946,0.250242183610672,-16.4082914199093,0.712506129473795,1.248914,-0.20861048,-0.7663304,47.277233,104.75971,-11.581542,WAL
1958817325000,171.299937,0.310726640520932,-15.9445778888537,0.626819822535063,1.4071281,-0.16768251,-0.890947,46.776417,104.09133,-11.209713,WAL
1958822281000,171.304893,0.334497267096774,-15.4067878489216,0.581155332057645,1.5760323,-0.1414153,-1.0143417,46.29087,103.40422,-10.8032055,WAL
1958827327000,171.309939,0.260705214193548,-14.6504190321626,0.641111376245467,1.7742581,-0.15851954,-1.1242975,45.812405,102.683334,-10.372108,WAL
1958832442000,171.315054,0.153694761072242,-13.8478636344442,0.699838399813703,2.0033326,-0.18387043,-1.1951579,45.35239,101.95188,-9.934251,WAL
1958837315000,171.319927,-0.0684867638459946,-12.9494775158352,0.748138731536949,2.2632558,-0.16798794,-1.2476922,44.905754,101.18782,-9.475755,WAL
1958842326000,171.324938,-0.375165447812678,-12.0259346282125,0.781847013219113,2.559831,-0.11575896,-1.2971723,44.480682,100.41964,-9.0270405,WAL
1958847299000,171.329911,-0.910079248789263,-11.110235206739,0.768247486538169,2.8793132,-0.036957346,-1.3374895,44.074883,99.63456,-8.569177,WAL
1958852303000,171.334915,-1.42760501322907,-10.3806279552898,0.732673260804048,3.1752775,0.0030543262,-1.3814718,43.722977,98.87431,-8.133622,WAL
1958857306000,171.339918,-1.82430682903404,-10.7685137210672,0.569584748802208,3.4122932,0.023518313,-1.4376713,43.393806,98.128334,-7.685166,WAL
1958862646000,171.345258,-2.25194623231337,-11.1950266484375,0.375039637092014,3.5500433,0.04062254,-1.5039502,43.169724,97.498,-7.299984,WAL
1958867348000,171.34996,-2.72101027278646,-11.844876109375,-0.245492955885417,3.5873063,0.10934488,-1.570229,42.972458,96.94452,-6.9023647,WAL
1958872288000,171.3549,-3.20291521725105,-12.5009065814466,-0.924989794029253,3.5268304,0.2180789,-1.6093245,42.83722,83.45048,-6.5479717,WAL
1958877317000,171.359929,-3.61785321100982,-12.9833928315969,-1.80793923379683,3.3585372,0.36713,-1.6270396,42.738323,83.73208,-6.1874847,WAL
1958882404000,171.365016,-4.03754744628931,-13.4313138008708,-2.69505872069666,3.1132748,0.5186246,-1.5989398,42.683575,83.85448,-5.911247,WAL
1958887326000,171.369938,-4.44346881056604,-13.6456765448476,-3.52058427587808,2.8481593,0.5983425,-1.5503759,42.650555,83.91317,-5.6421824,WAL
1958892336000,171.374948,-4.85639974904667,-13.8570382427507,-4.31241435926514,2.6297748,0.752586,-1.5152513,42.725452,83.91745,-5.457609,WAL
1958897301000,171.379913,-5.26247723807349,-13.9798056332671,-4.48240008309831,2.5393667,0.89919364,-1.4413365,42.81535,83.890335,-5.3017745,WAL
1958902416000,171.385028,-5.67716164570221,-14.0873274667919,-4.61991878692344,2.3839016,0.96761054,-1.3552046,43.017273,83.850685,-5.2374153,WAL
1958907306000,171.389918,-6.02910590169093,-13.959747849131,-4.29437047071865,2.2715025,0.9300423,-1.2684617,43.221928,83.79751,-5.193992,WAL
1958912306000,171.394918,-6.3889671041334,-13.8292983423203,-3.96149898175669,2.225993,0.8029824,-1.1844677,43.459053,83.69537,-5.231954,WAL
1958917322000,171.399934,-6.45077301502851,-14.3297303531458,-3.5414738787088,2.2339342,0.65668017,-1.1133019,43.67096,83.588905,-5.2850704,WAL
1958922246000,171.404858,-6.48723283893882,-14.8720699066396,-3.12218611788924,2.2421808,0.56230146,-1.1508701,43.85525,83.499954,-5.3243628,WAL
1958927323000,171.409935,-6.31668067836399,-14.8822789037258,-3.1547023651975,2.1224513,0.49877146,-1.3600914,44.044495,83.39718,-5.3693495,WAL
1958932291000,171.414903,-6.1123133766178,-14.7934236559903,-3.2702142336446,1.9138408,0.59681535,-1.5180001,44.246784,83.31168,-5.413188,WAL
1958937313000,171.419925,-5.7140733560456,-14.4232792040443,-3.10489920209703,1.640784,0.86132,-1.6029104,44.50173,83.26041,-5.402307,WAL
1958942307000,171.424919,-5.24046424713323,-13.941710406341,-2.82630564773238,1.3338243,0.9819659,-1.6389514,44.735806,83.27868,-5.355866,WAL
1958947300000,171.429912,-4.66470729722516,-13.4338139365601,-2.52903679540352,1.2629639,1.03786,-1.5848899,45.018105,83.324,-5.28712,WAL
1958952320000,171.434932,-3.85513133365812,-12.8635462962296,-2.18789467254819,1.3570372,1.0732902,-1.5021176,45.319004,83.3943,-5.217668,WAL
1958957279000,171.439891,-3.0881495909421,-12.408765291802,-1.98057807204281,1.5143349,1.1496484,-1.4382823,45.618557,83.48115,-5.0833716,WAL
1958962288000,171.4449,-2.35938349972291,-12.1016752082935,-1.95307748469329,1.7318029,1.3405437,-1.4181237,45.953094,83.52711,-4.967161,WAL
1958967304000,171.449916,-1.65707186307813,-11.807948484375,-1.852962494375,1.919644,1.5897768,-1.4327844,46.288925,83.571045,-4.7670517,WAL
1958972311000,171.454923,-1.01272934156875,-11.54321900625,-1.60321729825,2.0583105,1.8081611,-1.4504995,46.663086,83.56656,-4.583111,WAL
1958977270000,171.459882,-0.523716703666303,-11.2898768302748,-1.33971838680686,2.1514673,1.9495764,-1.4559973,47.069897,83.56081,-4.305893,WAL
1958982320000,171.464932,-0.250263301374864,-11.045207561353,-1.04707527005257,2.1774292,1.9847012,-1.4239268,47.498844,83.51253,-4.048077,WAL
1958987240000,171.469852,-0.0642261067889908,-10.8035165504587,-0.920691335779816,2.1621575,1.9776763,-1.3982705,47.961113,83.42607,-3.7068818,WAL
1958992306000,171.474918,-0.00535019876413766,-10.5491726608417,-1.05257334988593,2.1584923,1.9740111,-1.3509285,48.423622,83.28935,-3.3944001,WAL
1958997254000,171.479866,0.0521543399068006,-10.3007530860638,-1.18138349710208,2.1316142,1.9889772,-1.2873985,48.886013,83.096725,-3.0641375,WAL
1959002323000,171.484935,0.111065113254211,-10.0462585782729,-1.31334360951896,2.140472,2.0619757,-1.217149,49.353237,82.862045,-2.7631583,WAL
1959007253000,171.489865,0.129735735212058,-9.79010747875648,-1.47709537738106,2.144748,2.140472,-1.16492,49.853664,82.589485,-2.4845243,WAL
1959012288000,171.4949,0.0388846330175224,-9.503926426943,-1.74510617431936,2.0891593,2.2146919,-1.1157454,50.362312,82.31135,-2.238327,WAL
1959017365000,171.499977,-0.0625747981186323,-9.195552932111,-2.03349112522299,1.9969184,2.3026567,-1.0601566,50.92948,82.02645,-2.0066657,WAL
1959022311000,171.504923,-0.212796834104559,-8.79183139296333,-2.40904619925669,1.9062049,2.4080307,-0.96852684,51.510868,81.74704,-1.8124418,WAL
1959027343000,171.509955,-0.376530518933951,-8.39460126013905,-2.76628502016222,1.8469511,2.4914138,-0.8713993,52.14438,81.48823,-1.6610802,WAL
1959032369000,171.514981,-0.608922508922364,-8.08319600753187,-2.96614219212051,1.7968601,2.5402832,-0.79320854,52.78665,81.25264,-1.5410936,WAL
1959037432000,171.520044,-0.844585554154119,-7.76504032565692,-3.1662077468261,1.7266107,2.5867088,-0.74281216,53.48509,81.06257,-1.4784032,WAL
1959042307000,171.524919,-1.08810566487157,-7.41124678417479,-3.34540168320047,1.7012597,2.6401596,-0.6924158,54.18829,80.879524,-1.4463812,WAL
1959047565000,171.530177,-1.34361792617214,-7.04090754233356,-3.51987360522468,1.675298,2.601675,-0.6637051,54.898678,80.73678,-1.469244,WAL
1959052318000,171.53493,-1.49447385600936,-6.83237139312799,-3.46663036857394,1.6255124,2.5470026,-0.6747007,55.611576,80.61891,-1.5011964,WAL
1959057634000,171.540246,-1.65940029637276,-6.59698585336678,-3.40169172996334,1.5583172,2.4761422,-0.68569624,56.313908,80.54128,-1.5937979,WAL
1959062294000,171.544906,-1.7196733909126,-6.34297786667953,-3.22517761921667,1.4740179,2.3704627,-0.70066243,56.985,80.49454,-1.6811199,WAL
1959067342000,171.549954,-1.78496493195061,-6.06782071715223,-3.03396662542929,1.3750577,2.2605069,-0.7272351,57.61717,80.48381,-1.7916491,WAL
1959072312000,171.554924,-1.84749393810237,-5.59396180855245,-2.75780936300178,1.2861768,2.1716259,-0.7501425,58.221558,80.5036,-1.8970149,WAL
1959077287000,171.559899,-1.90990851819968,-5.09910339529335,-2.47248568797605,1.2046263,2.1025982,-0.7696902,58.798138,80.557976,-1.9935677,WAL
1959082360000,171.564972,-1.94471970319829,-4.7583864989339,-2.37212811226013,1.1343768,2.0650299,-0.7840455,59.428535,80.569534,-2.0730186,WAL
1959087242000,171.569854,-1.96964184477612,-4.47925830507463,-2.33225258164179,1.0546589,1.9871446,-0.79137594,60.02332,80.61582,-2.1459837,WAL
1959092309000,171.574921,-2.06432082906284,-4.30223128833187,-2.03603210108473,1.0009027,1.9343048,-0.8042041,60.668934,80.59697,-2.2031834,WAL
1959097276000,171.579888,-2.16658763611844,-4.14418254239226,-1.71063782972735,0.9059132,1.9312505,-0.79076505,61.29996,80.61911,-2.2666857,WAL
1959102318000,171.58493,-2.23165263232083,-3.83319425191582,-1.21148604518563,0.84421575,1.9147571,-0.8063421,61.94847,80.622604,-2.3139164,WAL
1959107269000,171.589881,-2.28813231730197,-3.49902234422275,-0.68904813099464,0.7510588,1.8933768,-0.8197812,62.58909,80.66775,-2.3670588,WAL
1959112293000,171.594905,-2.32128155027981,-3.24386606728097,-0.289122737437283,0.6264423,1.8390098,-0.83291477,63.238453,80.67753,-2.4210355,WAL
1959117375000,171.599987,-2.34945767052296,-3.00437014850444,0.0865571789965265,0.47433686,1.81091,-0.82436264,63.884453,80.72612,-2.4793825,WAL
1959122310000,171.604922,-2.37951292757655,-2.90579379098208,0.330963065214712,0.30818152,1.7767016,-0.8035932,64.51521,80.72232,-2.5317364,WAL
1959127300000,171.609912,-2.41074118793876,-2.84779831721434,0.54063898482823,0.16676621,1.7321084,-0.7797695,65.13112,80.756165,-2.5878394,WAL
1959132452000,171.615064,-2.43610264070179,-2.86466965648675,0.685052543029295,0.03268129,1.6920967,-0.74097955,65.73327,80.76539,-2.6466818,WAL
1959137283000,171.619895,-2.45596121814572,-2.92424544065887,0.779380853280395,-0.077579886,1.6624697,-0.7101309,66.32229,80.806786,-2.7105486,WAL
1959142306000,171.624918,-2.47875086846635,-3.0031214196205,0.814958715708138,-0.17989981,1.6508633,-0.66248333,66.89888,80.840225,-2.788749,WAL
1959147306000,171.629918,-2.50216831760563,-3.08742433433099,0.829009204753521,-0.2828306,1.6392568,-0.6249151,67.46355,80.901794,-2.873042,WAL
1959152326000,171.634938,-2.46039252902529,-3.08461605169648,0.76356668827884,-0.38515055,1.6380352,-0.5882632,68.026085,80.9695,-2.9723883,WAL
1959157326000,171.639938,-2.39146640317705,-3.04522956187539,0.665100617951882,-0.5021312,1.616044,-0.5494733,68.57491,81.06374,-3.0821629,WAL
1959162310000,171.644922,-2.29642301194412,-2.97151806174734,0.548725366631247,-0.6026186,1.5995506,-0.5170974,69.12632,81.172905,-3.201264,WAL
1959167355000,171.649967,-2.19184508583235,-2.88595438524203,0.425133329893743,-0.7076874,1.5812247,-0.47250426,69.66585,81.30605,-3.3332496,WAL
1959172313000,171.654925,-2.10023298366,-2.84321512029886,0.372398956685426,-0.8054258,1.5393804,-0.42852196,70.19496,81.4699,-3.4600036,WAL
1959177309000,171.659921,-2.0120252248399,-2.81535997222977,0.344543886178925,-0.90377516,1.4779885,-0.38331795,70.708664,81.65099,-3.5967984,WAL
1959182351000,171.664963,-1.97912863605725,-2.78311175240077,0.351540066543498,-1.0106765,1.4401149,-0.3371976,71.216705,81.86844,-3.7245939,WAL
1959187384000,171.669996,-1.97423572829154,-2.74886139804081,0.376004615590295,-1.1050552,1.3408492,-0.31642818,71.68666,82.09758,-3.8513715,WAL
1959192331000,171.674943,-2.05509107258797,-2.73263829722853,0.512803951829361,-1.1603385,1.2144,-0.24770586,72.13409,82.32759,-3.9828317,WAL
1959197295000,171.679907,-2.1720056685017,-2.72364482704313,0.697169287712826,-1.2571607,1.063211,-0.20066923,72.54427,82.57973,-4.1075044,WAL
1959202320000,171.684932,-2.29790107644085,-2.79589490586451,0.995513435187058,-1.3637567,0.88025683,-0.13836098,72.90543,82.81557,-4.246122,WAL
1959207305000,171.689917,-2.42823377542973,-2.92622765525784,1.37203003154702,-1.4782939,0.66767573,-0.0888809,73.21238,83.052666,-4.38696,WAL
1959212313000,171.694925,-2.5636062413385,-3.20220189420247,1.75800487853023,-1.6383406,0.3979787,-0.062308256,73.44587,83.25338,-4.5501504,WAL
1959217339000,171.699951,-2.70241465520088,-3.57554877799324,2.15049774354614,-1.7831156,0.10170906,-0.028405234,73.60768,83.43827,-4.721971,WAL
1959222312000,171.704924,-2.84042227437594,-4.19080970516291,2.58897221763409,-1.9257526,-0.19517145,0.036957346,73.67433,83.55306,-4.91594,WAL
1959227321000,171.709933,-2.97988458481203,-4.97949320075188,3.06506769984962,-2.0604484,-0.4370741,0.15760323,73.667984,83.64108,-5.129323,WAL
1959232323000,171.714935,-3.05881212428371,-6.30927756571829,3.56900396381487,-2.1288655,-0.57879484,0.2751948,73.58584,83.64178,-5.3639274,WAL
1959237387000,171.719999,-3.09767971939491,-8.02430688978161,4.09857407208976,-2.1380284,-0.63132924,0.398895,73.45518,83.59182,-5.6301594,WAL
1959242307000,171.724919,-2.9436350038417,-10.1406792986486,4.83691250003861,-2.0366247,-0.54183745,0.54275376,73.299995,83.43584,-5.9249225,WAL
1959247287000,171.729899,-2.66282006233591,-12.5759430418919,5.7299959930888,-1.8127426,-0.24251351,0.73273283,73.18444,83.20626,-6.265325,WAL
1959252307000,171.734919,-1.82785903856387,-14.5175388905614,7.49714767554923,-1.3466524,0.18417588,0.8304713,73.11159,82.93504,-6.552322,WAL
1959257334000,171.739946,-0.491108434106998,-15.9962877959723,10.053132267799,-0.5946773,0.4792238,0.72112644,73.08346,82.62267,-6.826234,WAL
1959262289000,171.744901,1.02594595134218,-17.0083408871162,11.4487987715425,0.35033122,0.42821655,0.36010507,73.041016,82.37092,-6.864057,WAL
1959267333000,171.749945,2.72857621827103,-17.6849124771357,11.9775106550413,1.1178834,0.37201694,-0.15882497,73.089195,82.095764,-6.8297167,WAL
1959272240000,171.754852,4.23464026339436,-18.2217521434933,11.8722263331024,1.4618006,0.54519725,-0.52442783,73.04134,81.73453,-6.4343576,WAL
1959277331000,171.759943,5.56148529980208,-18.5884452102919,10.791450108857,1.525636,0.8677341,-0.70432764,73.053825,81.211945,-5.9952826,WAL
1959282295000,171.764907,6.21466067468868,-18.449762474177,9.6120083413843,1.4306464,1.02717,-0.752586,73.092995,80.69912,-5.191659,WAL
1959287324000,171.769936,5.83342067558645,-17.5013112308138,8.21257905925282,1.3390167,1.2922854,-0.7516697,73.26552,80.039085,-4.461181,WAL
1959292242000,171.774854,5.24050821985486,-16.2703637844219,6.91634860191582,1.1533136,1.4590516,-0.7318166,73.48677,79.54833,-3.65671,WAL
1959297295000,171.779907,4.11207313991292,-14.2897496173198,5.75513737314949,0.97035944,1.5228871,-0.6814202,73.75003,79.00536,-2.9445693,WAL
1959302268000,171.78488,2.97341726124197,-12.2704736802284,4.75131977972877,0.7858781,1.5170839,-0.63621616,74.08939,78.609634,-2.3651617,WAL
1959307264000,171.789876,1.73909807372285,-10.0164992680738,4.1902655155909,0.6209445,1.4425583,-0.59559363,74.41615,78.231804,-1.8366809,WAL
1959312275000,171.794887,0.571733560186749,-7.85212732858846,3.77099769112943,0.45937067,1.3219124,-0.5580254,74.7557,77.97119,-1.482125,WAL
1959317273000,171.799885,-0.407720632283699,-5.9455198089103,3.72820603347571,0.27458394,1.1844677,-0.50243664,75.05537,77.75563,-1.1547303,WAL
1959322279000,171.804891,-1.30440969970018,-4.23619500477713,3.67390654131521,0.05131268,1.0360274,-0.42943826,75.29345,77.607666,-0.9891937,WAL
1959327278000,171.80989,-1.96468102697382,-3.08789707688387,3.5877841530082,-0.20525073,0.91354895,-0.31795537,75.48475,77.52093,-0.8500858,WAL
1959332288000,171.8149,-2.5853647860802,-2.17047522705295,3.46349103590752,-0.46089783,0.81122905,-0.18661933,75.673294,77.400925,-0.870816,WAL
1959337280000,171.819892,-3.089855951698,-1.90447077947045,3.23417687842479,-0.698219,0.7706065,-0.040011674,75.83522,77.3452,-0.9243883,WAL
1959342310000,171.824922,-3.54754019841539,-1.7545691106395,3.03460926528014,-0.90041536,0.7495316,0.13072516,75.97242,77.30896,-1.1067728,WAL
1959347282000,171.829894,-3.77659229409545,-2.12734014440672,2.97622343788908,-1.0989466,0.6270532,0.27030787,76.061615,77.32946,-1.3148859,WAL
1959352353000,171.834965,-4.00258800182927,-2.55324722643728,2.9197935556838,-1.3206906,0.36132678,0.37873647,76.11032,77.42076,-1.6271816,WAL
1959357248000,171.83986,-4.12509283871951,-3.5383893214939,2.90448053102134,-1.5473217,-0.034208454,0.44776422,76.08042,77.55171,-1.9553623,WAL
1959362219000,171.844831,-4.250963039861,-4.70886041896975,2.93307134108749,-1.7266107,-0.5375614,0.49541172,75.94778,77.73101,-2.3215268,WAL
1959367234000,171.849846,-4.38350045835037,-6.53493345453802,3.12942319937653,-1.8017471,-1.1343768,0.5290093,75.672874,77.92083,-2.677599,WAL
1959372230000,171.854842,-4.51949931006556,-8.55434790819514,3.17786268326263,-1.7394388,-1.7421877,0.5742133,75.26045,78.129715,-3.0331736,WAL
1959377257000,171.859869,-4.66803039047435,-11.1768484092943,2.79261050242962,-1.5735888,-1.998751,0.6432411,74.775,78.30172,-3.3939638,WAL
1959382251000,171.864863,-4.88249970743479,-13.5962355360444,2.26777175654138,-1.500285,-2.2956316,0.68783426,74.11766,78.48932,-3.720047,WAL
1959387227000,171.869839,-5.3914374554734,-15.1866653918669,1.11776816148696,-1.2880094,-2.2977695,0.75991637,73.46809,78.56163,-4.0729136,WAL
1959392227000,171.874839,-5.85393401451782,-16.5863952788599,0.178213224197625,-1.0290025,-2.0002782,0.7675522,72.88786,78.743706,-4.39183,WAL
1959397242000,171.879854,-6.15510518188124,-17.330197207601,-0.0453836074508314,-0.5885687,-1.3720033,0.7461719,72.40465,78.7936,-4.7284336,WAL
1959402284000,171.884896,-5.99644309207048,-17.8170455891396,-0.221003574425964,0.15974127,-0.6765333,0.68600166,72.11478,78.86602,-5.1106687,WAL
1959407302000,171.889914,-2.94188171092511,-16.6634843982738,-0.0870694776571069,0.97066486,-0.4801401,0.4166101,71.87539,78.816826,-5.417186,WAL
1959412264000,171.894876,0.0785913008810575,-15.5227967479996,0.0453699380796548,1.2822062,-0.6786713,-0.008552114,71.75169,78.759155,-5.6881714,WAL
1959417339000,171.899951,0.550079434232826,-14.0075277967914,-0.477403435816536,1.0958922,-0.70829827,-0.3643811,71.74045,78.65027,-5.903523,WAL
1959422345000,171.904957,0.76207906569313,-12.4791585187166,-1.05670472632661,0.61269784,-0.48991394,-0.5671884,71.755104,78.57919,-6.03353,WAL
1959427332000,171.909944,0.973274064113534,-10.9565900828877,-1.6338073103805,-0.013439035,-0.30879238,-0.6236934,71.7677,78.80773,-5.619527,WAL
1959432626000,171.915238,1.16530230766776,-9.27420306935352,-2.18450826773732,-0.54367006,-0.4728097,-0.6780604,71.744,79.13951,-5.166074,WAL
1959437309000,171.919921,1.03685003198036,-7.17309100163666,-2.09734420572831,-0.97219205,-0.89980453,-0.60139686,71.68875,79.56753,-4.754605,WAL
1959442327000,171.924939,0.79934491491761,-4.95395247399246,-2.03791670031765,-1.2476922,-1.3616186,-0.47616947,71.58393,80.14796,-4.365392,WAL
1959447288000,171.9299,-0.620217539366687,-3.14294937160016,-2.38219596683542,-1.4446963,-1.7311921,-0.37904188,71.38576,80.79592,-3.9897218,WAL
1959452385000,171.934997,-2.01455514960285,-1.41510291961107,-2.74194040179859,-1.6087136,-1.9434677,-0.27916542,71.0879,81.41005,-3.6827078,WAL
1959457304000,171.939916,-2.56937779580937,-1.38499624141331,-3.16343358219666,-1.7244726,-2.0082195,-0.12034045,70.73158,82.03155,-3.4218264,WAL
1959462263000,171.944875,-3.12871211224322,-1.35464474371405,-3.58835423305944,-1.8551978,-1.9929478,0.05009095,70.276276,82.620705,-3.4412804,WAL
1959467332000,171.949944,-3.47324727539632,-1.54025862544917,-3.93144821065314,-1.9840903,-2.0265455,0.19822577,69.78509,83.20005,-3.5040917,WAL
1959472636000,171.955248,-3.78171810352139,-1.77034938197652,-4.27213697688376,-2.064419,-2.1197023,0.3268129,69.27858,83.74356,-3.6175518,WAL
1959477338000,171.95995,-3.75614249943203,-1.95790399000379,-4.51084283759939,-2.0754147,-2.1789563,0.44715336,68.79096,84.22556,-3.868867,WAL
1959482306000,171.964918,-3.72912004066641,-2.15606887572889,-4.76305268788338,-2.028378,-2.2583687,0.5128214,68.28612,84.599045,-4.187741,WAL
1959487308000,171.96992,-3.54452510886694,-2.48633521286776,-4.86106843274967,-1.9978348,-2.245846,0.65179324,67.79092,84.773865,-4.573761,WAL
1959492242000,171.974854,-3.33768060769622,-2.83267961070956,-4.93322347377583,-1.9517145,-2.1688771,0.79320854,67.29572,84.739815,-4.989192,WAL
1959497298000,171.97991,-3.13100087678282,-3.39033604781199,-4.72428187614465,-1.9049833,-2.0635028,0.9221011,66.83609,84.50345,-5.4423127,WAL
1959502252000,171.984864,-2.92915448253647,-3.96223399756888,-4.48398863807739,-1.8640553,-1.9807305,1.0369438,66.39933,95.941414,-5.940354,WAL
1959507304000,171.989916,-2.81249387269279,-4.79063106447535,-4.12324513653603,-1.8240436,-1.9306396,1.1566733,66.00368,96.517525,-6.4416065,WAL
1959512259000,171.994871,-2.7063554886609,-5.62589381950793,-3.75868290284936,-1.7898352,-1.89918,1.2754866,65.63809,97.22331,-6.9802217,WAL
1959517329000,171.999941,-2.46337055674583,-6.8213913798383,-3.79477895907024,-1.749518,-1.8866574,1.3909402,65.30218,97.952576,-7.4976263,WAL
1959522245000,172.004857,-2.20644310752905,-8.03465993143002,-3.89469523072259,-1.7333301,-1.8017471,1.5231925,65.01158,98.755615,-8.052713,WAL
1959527346000,172.009958,-1.83789329326455,-9.52823927199771,-4.25977142513614,-1.7354681,-1.6108516,1.7119498,64.795235,99.51694,-8.584587,WAL
1959532299000,172.014911,-1.46628901461737,-11.0101248671539,-4.64950277523646,-1.7003434,-1.3466524,1.9306396,64.64268,100.31698,-9.153091,WAL
1959537310000,172.019922,-1.2642823735467,-12.4918282155454,-4.5692817797518,-1.6218473,-1.0711522,2.1401663,64.66301,101.010216,-9.616951,WAL
1959542310000,172.024922,-1.10790080104507,-13.965724361855,-4.36598585388635,-1.5234979,-0.9101892,2.2583687,64.74403,101.72013,-10.1033125,WAL
1959547279000,172.029891,-0.834741370631779,-15.2264566422901,-4.18933441115957,-1.4376713,-0.7788532,2.2525656,65.09648,102.22385,-10.371353,WAL
1959552321000,172.034933,-0.327203818083417,-16.1065475240971,-4.05974999340266,-1.4559973,-0.57848936,2.2000313,65.51693,102.750336,-10.655141,WAL
1959557305000,172.039917,0.122820114549831,-16.3066773692826,-3.91081360433317,-1.4886786,-0.32070425,2.1065688,65.970604,103.12382,-10.83051,WAL
1959562289000,172.044901,0.531875629958594,-15.9757565665864,-3.74535305900818,-1.5741998,-0.053450707,1.9575176,66.472565,103.495735,-10.979766,WAL
1959567327000,172.049939,0.980240563523895,-15.3606351314976,-3.63062734051681,-1.6432275,0.25595254,1.749518,66.90009,103.86287,-11.085282,WAL
1959572312000,172.054924,1.46131196305497,-14.4508863087898,-3.57347028444577,-1.7098118,0.6059783,1.4984524,67.404785,104.21038,-11.134207,WAL
1959577351000,172.059963,1.85453726791089,-13.4611854240766,-3.22663705640023,-1.7287487,0.75655663,1.2067643,67.8436,104.52899,-11.120262,WAL
1959582338000,172.06495,2.14387580565761,-12.4064997346101,-2.57329191143248,-1.7299703,0.88789266,1.0574077,68.369286,104.843544,-11.069616,WAL
1959587306000,172.069918,2.34872783024136,-11.3893942910554,-1.78773468850828,-1.74738,0.73975784,0.75533485,68.78518,105.111244,-10.910503,WAL
1959592310000,172.074922,2.44398286592523,-10.4096286157123,-0.817040774948415,-1.7779233,0.2846632,0.49541172,69.14167,105.37356,-10.73836,WAL
1959597276000,172.079888,2.36718452008439,-9.51188700675105,-0.162587510945148,-1.8335121,-0.42943826,0.27947086,69.28799,105.57265,-10.538857,WAL
1959602320000,172.084932,1.90349332455696,-8.76794276455696,-0.193160557037975,-1.8570304,-1.2030991,0.0729984,69.27301,105.734116,-10.305852,WAL
1959607303000,172.089915,1.37623486825952,-8.19036834660607,-0.555349237541095,-1.8240436,-1.8072448,-0.106901415,69.00883,105.784,-10.076731,WAL
1959612314000,172.094926,0.749802277130149,-7.82842927240379,-1.38131226578998,-1.7266107,-2.1471913,-0.26206118,68.59287,105.795715,-9.831984,WAL
1959617350000,172.099962,0.140595593154418,-7.60150917828241,-2.20119861890999,-1.5909985,-2.2580633,-0.37782016,68.07311,105.83714,-9.648941,WAL
1959622315000,172.104927,-0.423826068086292,-7.62114132537159,-2.99138892619736,-1.4856243,-2.2073615,-0.4538729,67.501854,105.842705,-9.447674,WAL
1959627234000,172.109846,-0.902123316998261,-7.6419273747344,-3.49960416225613,-1.4138476,-2.0668626,-0.49296826,66.99814,105.992645,-9.323297,WAL
1959632327000,172.114939,-1.27426927953448,-7.66548090110102,-3.60795048192003,-1.4062119,-1.9098701,-0.48258355,66.518524,106.1274,-9.190876,WAL
1959637246000,172.119858,-1.58342515014196,-7.70153638500852,-3.65206983918228,-1.42973,-1.822211,-0.4156938,66.149124,106.38713,-9.133092,WAL
1959642308000,172.12492,-1.7990655836078,-7.7657697443498,-3.57407220908575,-1.4691309,-1.736079,-0.29810223,65.8352,106.65493,-9.087232,WAL
1959647251000,172.129863,-2.01314042390016,-7.8548073175663,-3.45177690605304,-1.4679092,-1.5952746,-0.17287487,65.610016,106.94545,-9.097479,WAL
1959652319000,172.134931,-2.24534242677067,-8.04157832420177,-3.15900057536141,-1.4382823,-1.4309518,-0.06414085,65.43035,107.24694,-9.130285,WAL
1959657256000,172.139868,-2.43402408820908,-8.24660232698914,-2.83299122345186,-1.4251486,-1.2202033,0.020158553,65.30739,107.5592,-9.205002,WAL
1959662290000,172.144902,-2.53696917789435,-8.51067911540247,-2.40330723877077,-1.4315627,-0.9822713,0.099265605,65.25183,107.87672,-9.293239,WAL
1959667348000,172.14996,-2.59085129764803,-8.74669326511244,-1.93158478452651,-1.462106,-0.75655663,0.17745635,65.12668,108.22592,-9.471992,WAL
1959672312000,172.154924,-2.38488375405405,-8.82515713513513,-1.25973831351351,-1.5048665,-0.5873469,0.28710666,65.06853,108.58626,-9.661845,WAL
1959677364000,172.159976,-2.13860098242045,-8.89529798609686,-0.558392962599608,-1.5418239,-0.5412266,0.33933565,64.94634,108.90176,-9.873893,WAL
1959682334000,172.164946,-1.76997839652888,-8.9308276660446,0.192175982926192,-1.5393804,-0.52412236,0.42149702,64.880615,109.23025,-10.106386,WAL
1959687338000,172.16995,-1.39725975599575,-8.96466204259161,0.920713110808285,-1.4987578,-0.61086524,0.47128254,64.70336,109.463394,-10.334222,WAL
1959692312000,172.174924,-1.00767948719065,-8.97478121370154,1.31535277497823,-1.3845261,-0.7715228,0.4831944,64.51884,109.67781,-10.570975,WAL
1959697299000,172.179911,-0.642806860092301,-8.97675530023329,1.60528705625317,-1.201572,-0.929126,0.4746423,64.19601,109.74789,-10.775574,WAL
1959702319000,172.184931,-0.389238574322954,-8.94262092960746,1.4297398610001,-0.99387777,-1.0381655,0.45173484,63.845543,109.78006,-10.98,WAL
1959707309000,172.189921,-0.174643271373192,-8.90010782892961,1.20542360372999,-0.77304995,-1.0943651,0.410196,63.403553,109.69489,-11.14313,WAL
1959712304000,172.194916,-0.0962233560935391,-8.82630080337512,0.799485170301832,-0.57604593,-1.0858129,0.38240165,62.951717,109.5639,-11.297311,WAL
1959717360000,172.199972,-0.0428869680791367,-8.75085672821172,0.381562433996917,-0.43249258,-1.0384709,0.3436117,62.524338,109.38071,-11.40457,WAL
1959722312000,172.204924,-0.135493607561151,-8.67287239809866,-0.0668486627101747,-0.34300083,-1.001819,0.31703907,62.096848,109.163765,-11.496947,WAL
1959727373000,172.209985,-0.262265646816264,-8.59140240755658,-0.481577088262371,-0.31398472,-0.9483683,0.30390546,61.69596,109.00868,-11.575942,WAL
1959732338000,172.21495,-0.508490961905447,-8.50476749026659,-0.723242678380322,-0.34391713,-0.95172805,0.31978795,61.291878,108.8477,-11.648217,WAL
1959737296000,172.219908,-0.75471283226445,-8.42404043596595,-0.969966345650237,-0.4196644,-0.9459248,0.3286455,60.940735,108.77131,-11.725719,WAL
1959742309000,172.224921,-1.00653908131433,-8.39078068923199,-1.26455548414489,-0.5384777,-0.9224065,0.35185838,60.59915,108.71479,-11.803342,WAL
1959747319000,172.229931,-1.26039829448612,-8.37198915606429,-1.55516138289333,-0.66675943,-0.915687,0.39400807,60.27193,108.75724,-11.928689,WAL
1959752317000,172.234929,-1.5355106117584,-8.49788763185582,-1.80695911351193,-0.81031275,-0.91446525,0.44165558,59.957157,108.82963,-12.05372,WAL
1959757506000,172.240118,-1.80433535084746,-8.62918976271186,-2.05008587457627,-0.94806284,-0.9184359,0.47678033,59.67434,109.0057,-12.216849,WAL
1959762289000,172.244901,-1.85389093064371,-8.75720831869816,-2.05834513068878,-1.0815369,-0.93737274,0.514654,59.398277,109.2133,-12.388145,WAL
1959767333000,172.249945,-1.90615067233141,-8.89221262486477,-2.0670550800577,-1.1759156,-0.94806284,0.5516113,59.14232,109.50763,-12.606187,WAL
1959772310000,172.254922,-1.96992833700056,-9.07607031908567,-2.01402326299944,-1.2544118,-0.9639453,0.59956425,58.89171,109.825325,-12.832012,WAL
1959777237000,172.259849,-2.03569431023973,-9.26898420683888,-1.94825728976027,-1.3084733,-0.9947941,0.61544675,58.642544,110.14746,-13.053705,WAL
1959782349000,172.264961,-2.10096591241738,-9.47292580332465,-1.82489765308432,-1.3158038,-1.0329732,0.63621616,58.375446,110.48627,-13.296697,WAL
1959787296000,172.269908,-2.16264171596235,-9.67218596975766,-1.67782467073903,-1.3384057,-1.072374,0.6453791,58.10827,110.82816,-13.535409,WAL
1959792308000,172.27492,-2.24186907890085,-9.91161236587241,-1.50520016268255,-1.310306,-1.097114,0.66614854,57.811012,111.14965,-13.790305,WAL
1959797311000,172.279923,-2.32933476666026,-10.1694053039969,-1.32106197892006,-1.2858714,-1.1114693,0.6627888,57.513073,111.46135,-14.03449,WAL
1959802316000,172.284928,-2.41924285803661,-10.4428878557634,-1.07235000585395,-1.2547172,-1.1178834,0.6591236,57.172985,111.74674,-14.28578,WAL
1959807306000,172.289918,-2.51057014721384,-10.7264836795413,-0.779140978696439,-1.2189816,-1.1010846,0.659429,56.84428,112.014404,-14.526935,WAL
1959812306000,172.294918,-2.58803801019373,-10.9134582488082,-0.541877881093417,-1.1588113,-1.0995574,0.6768387,56.464615,112.24212,-14.775545,WAL
1959817346000,172.299958,-2.6565784828583,-11.0358516761335,-0.341152506917537,-1.0848967,-1.1276573,0.68752885,56.08936,112.44854,-15.013658,WAL
1959822306000,172.304918,-2.64499587762356,-11.1309175312764,-0.374872306462534,-0.981355,-1.1954633,0.7174612,55.64384,112.60336,-15.267049,WAL
1959827387000,172.309999,-2.58567130717434,-11.2130593321767,-0.548282281050361,-0.82253003,-1.2614367,0.75655663,55.200336,112.72924,-15.518426,WAL
1959832356000,172.314968,-2.40789023187067,-11.3260430023095,-0.877227846290153,-0.602924,-1.3081679,0.79809546,54.715244,112.80559,-15.777696,WAL
1959837385000,172.319997,-2.10959678094688,-11.4726621616628,-1.36764259621982,-0.3051272,-1.2858714,0.8210029,54.2404,112.83555,-16.031982,WAL
1959842311000,172.324923,-1.72535444912496,-11.5224771982783,-1.7236585443572,0.048563786,-1.2034045,0.82986045,53.781525,112.83626,-16.281927,WAL
1959847304000,172.329916,-1.27301316304985,-11.508906686217,-1.99958676334311,0.39950588,-1.0671816,0.81092364,53.3521,112.77892,-16.512411,WAL
1959852317000,172.334929,-0.761810012902321,-11.4477179192367,-2.20393004348633,0.63285637,-0.9117164,0.75716746,52.988464,112.7047,-16.683897,WAL
1959857306000,172.339918,-0.190141341947602,-11.3343701034554,-2.32713451773079,0.7156286,-0.7287622,0.6414085,52.672092,112.57849,-16.809559,WAL
1959862267000,172.344879,0.279576535447727,-11.246882974298,-2.44689743685173,0.61300325,-0.52687126,0.47403142,52.40773,112.42424,-16.842604,WAL
1959867362000,172.349974,0.672319340224092,-11.1799377593524,-2.56739803151925,0.37904188,-0.33169982,0.30482176,52.187786,112.2574,-16.824871,WAL
1959872316000,172.354928,0.936872561278374,-11.1935051301168,-2.57320223827524,0.08674286,-0.24862215,0.1423316,51.963802,112.06277,-16.71278,WAL
1959877383000,172.359995,0.987568957417609,-11.3548122497863,-2.37041660559407,-0.19486602,-0.11209377,0.06261369,51.804703,111.89298,-16.559296,WAL
1959882298000,172.36491,0.939181531970696,-11.4694006973312,-2.0411077109304,-0.31429017,-0.06383542,-0.07086037,51.61613,111.68459,-16.317759,WAL
1959887319000,172.369931,0.581876946051282,-11.4543030153846,-1.2862388368718,-0.528093,-0.14538592,-0.17348573,51.423794,111.53829,-16.065634,WAL
1959892275000,172.374887,0.177873150601942,-11.3632222516096,-0.640658534402657,-0.659429,-0.30115658,-0.23335053,51.161045,111.356575,-15.791407,WAL
1959897299000,172.379911,-0.338422940737864,-11.1124499462443,-0.193201927727133,-0.6899723,-0.47036624,-0.26725355,50.863846,111.18384,-15.508334,WAL
1959902265000,172.384877,-0.715640998235294,-10.9724855647059,0.0928386910882353,-0.6215554,-0.5519168,-0.25961772,50.43821,110.99379,-15.281147,WAL
1959907317000,172.389929,-0.867121719222011,-11.0183887844402,0.11119999336148,-0.45540005,-0.54367006,-0.23335053,49.992744,110.78856,-15.058621,WAL
1959912262000,172.394874,-0.904947355743173,-11.1658839155722,0.0847039331040233,-0.2706133,-0.49510628,-0.20830505,49.540047,110.57176,-14.896807,WAL
1959917374000,172.399986,-0.619188367375443,-11.6200366810507,-0.0734840722243069,-0.07666359,-0.4269948,-0.18325958,49.10364,110.328384,-14.740431,WAL
1959922304000,172.404916,-0.265795708085656,-12.1323557974894,-0.164718600116301,0.099571034,-0.33536503,-0.16035213,48.68314,110.08042,-14.612967,WAL
1959927334000,172.409946,0.2410838082518,-12.7948561039321,-0.142487044744323,0.2443461,-0.22571471,-0.17348573,48.293034,109.80261,-14.475843,WAL
1959932297000,172.414909,0.727949701232377,-13.4565445959775,-0.0814977490998718,0.37995818,-0.14355333,-0.2144137,47.88693,109.48078,-14.3008795,WAL
1959937292000,172.419904,1.15712145056689,-14.1592543741497,0.159027111814059,0.50243664,-0.11362094,-0.2929099,47.500065,109.129265,-14.10819,WAL
1959942303000,172.424915,1.57048024797637,-14.8141825261448,0.365344570546529,0.6227771,-0.12461651,-0.38087448,47.055454,108.665886,-13.819154,WAL
1959947296000,172.429908,1.88596419446578,-15.1861711055638,0.374761992978828,0.752586,-0.111177474,-0.4654793,46.628613,108.1727,-13.509513,WAL
1959952289000,172.434901,2.1895798703988,-15.5301203542871,0.367939378345962,0.9120218,-0.07971791,-0.5522222,46.13975,107.541245,-13.100081,WAL
1959957310000,172.439922,2.40531582077767,-15.6643560133599,0.238497813124626,1.1087204,-0.0125227375,-0.6423248,45.67059,106.87757,-12.671217,WAL
1959962278000,172.44489,2.58702959067142,-15.7639360445633,0.145729068461081,1.3084733,0.032070424,-0.7507534,45.179127,106.13304,-12.173735,WAL
1959967380000,172.449992,2.50961085844722,-15.5897442759952,0.344114437157853,1.4953982,0.0580322,-0.88178396,44.706722,105.35198,-11.652779,WAL
1959972290000,172.454902,2.40089006243725,-15.3944491590708,0.549236774137218,1.642922,0.04886922,-0.95539325,44.2277,104.54758,-11.107424,WAL
1959977335000,172.459947,1.94908138525445,-14.9188609471405,0.901171961576927,1.7272215,0.007941248,-1.0900891,43.746685,103.70188,-10.5201235,WAL
1959982367000,172.464979,1.49195139143477,-14.4347968247707,1.24546464832857,1.9037615,-0.021685716,-1.2076806,43.285297,102.80699,-9.929857,WAL
1959987291000,172.469903,0.966495347585051,-13.8442402035302,1.50121757734937,2.1743748,-0.05100725,-1.3023647,42.817635,101.88001,-9.320765,WAL
1959992509000,172.475121,0.403728585780089,-13.2189347946508,1.76442059389797,2.4761422,-0.058948494,-1.3784174,42.387604,100.9336,-8.751688,WAL
1959997296000,172.479908,-0.182095938707281,-12.6512748368499,1.9142826672214,2.787378,-0.09101892,-1.4358387,41.952362,99.95324,-8.1710005,WAL
1960002600000,172.485212,-0.86142422864745,-12.0737834611973,2.00647898292683,3.0708196,-0.15302174,-1.4972308,41.570282,98.98238,-7.6359963,WAL
1960007311000,172.489923,-1.81777052808248,-12.1618158603991,1.22619646657561,3.2779028,-0.2125811,-1.5683966,41.192398,98.01186,-7.088349,WAL
1960012260000,172.494872,-2.82243149940577,-12.2542956616408,0.406494031121951,3.4122932,-0.172264,-1.6374242,40.890694,97.13792,-6.6130557,WAL
1960017374000,172.499986,-3.53015617916583,-12.5802213098932,-0.636135011114245,3.4715471,-0.016187929,-1.6939293,40.61946,96.339134,-6.1265626,WAL
1960022247000,172.504859,-4.10374775017127,-12.9610477817852,-1.68928660269394,3.4394767,0.23671028,-1.7201965,40.401573,95.66579,-5.635373,WAL
1960027303000,172.509915,-4.75076953357381,-13.2386275101739,-2.27032948090085,3.30753,0.5403103,-1.6859881,40.314426,84.65155,-5.342461,WAL
1960032316000,172.514928,-5.40793405227525,-13.4784039552349,-2.69215808403626,3.085175,0.71776664,-1.6206255,40.269238,84.83785,-5.058239,WAL
1960037388000,172.52,-6.09027001333609,-13.6794885407836,-3.08467043476688,2.8802297,0.7464773,-1.5528195,40.24048,84.84426,-4.918123,WAL
1960042312000,172.524924,-6.7630244303732,-13.8501145835832,-3.44542289406596,2.699719,0.7141015,-1.4871514,40.244522,84.80701,-4.796943,WAL
1960047299000,172.529911,-7.18968964205644,-13.9657246299961,-3.47728637852339,2.5305092,0.6826419,-1.430341,40.342323,84.68023,-4.7884874,WAL
1960052328000,172.53494,-7.49872917626594,-14.0550853139544,-3.35069181057596,2.3753495,0.63316184,-1.3793337,40.422142,84.55179,-4.792675,WAL
1960057273000,172.539885,-7.78819325991866,-14.1143005251695,-3.19630786143696,2.2064452,0.5140431,-1.3243558,40.561096,84.36488,-4.896214,WAL
1960062292000,172.544904,-7.9272002822413,-13.8666948619973,-2.71847157373701,2.1041253,0.30726522,-1.2675453,40.654728,84.18432,-5.004567,WAL
1960067438000,172.55005,-8.06972471676457,-13.6128238234071,-2.22854419049254,2.0680842,0.057726767,-1.239751,40.77106,83.9561,-5.1513844,WAL
1960072312000,172.554924,-7.75631095545513,-13.9205380539057,-1.97944065112976,2.115121,-0.041233405,-1.2516629,40.864567,83.73539,-5.29213,WAL
1960077600000,172.560212,-7.3415655509102,-14.2681678151729,-1.78781069694277,2.101682,-0.108123146,-1.5085317,40.8938,83.59003,-5.357522,WAL
1960082330000,172.564942,-6.72212176813866,-14.0235467664838,-2.20997932615626,1.8093829,-0.05589417,-1.5867225,40.97574,83.38096,-5.4786673,WAL
1960087245000,172.569857,-6.07845026870482,-13.7693580869262,-2.64865983621636,1.6505579,0.2669481,-1.6401732,41.08551,83.241585,-5.4790854,WAL
1960092309000,172.574921,-5.39828895780327,-13.26670231439,-2.67777854309176,1.3130548,0.5525276,-1.6169603,41.193344,83.18357,-5.4755225,WAL
1960097303000,172.579915,-4.72087065012165,-12.6765588868613,-2.54063244543796,1.1313224,0.7086037,-1.529912,41.349483,83.1274,-5.475509,WAL
1960102307000,172.584919,-3.97294167087264,-12.1179918986921,-2.38965043866852,1.1863003,0.8335256,-1.3939945,41.457916,83.20031,-5.4182906,WAL
1960107346000,172.589958,-3.12450301698113,-11.6006511440823,-2.21892811389365,1.3814718,1.0164797,-1.2586879,41.62337,83.257324,-5.3898616,WAL
1960112266000,172.594878,-2.39624579121218,-11.2891588325784,-1.9690290120674,1.6071864,1.2272283,-1.1695015,41.8086,83.323425,-5.296084,WAL
1960117373000,172.599985,-1.72274246891647,-11.1252133985323,-1.64113916185903,1.8512272,1.4010195,-1.1582005,42.03275,83.33564,-5.2250233,WAL
1960122312000,172.604924,-1.07252802334053,-11.0627323211049,-1.38945123642641,2.0173824,1.5720617,-1.2104294,42.29998,83.36123,-5.064091,WAL
1960127304000,172.609916,-0.417419837790246,-11.1762157565818,-1.25533464980578,2.1203132,1.7241671,-1.2760975,42.607082,83.344444,-4.912373,WAL
1960132319000,172.614931,0.0838364057196595,-11.1910872130271,-1.02694240885963,2.1661282,1.7626517,-1.3096951,42.91932,83.31386,-4.6628437,WAL
1960137316000,172.619928,0.424915589019996,-11.1058176768957,-0.704812055335577,2.1786509,1.7003434,-1.2990049,43.238426,83.25054,-4.4179997,WAL
1960142304000,172.624916,0.647136448612984,-10.9057305492198,-0.398338723608168,2.1655173,1.5323554,-1.2504412,43.547997,83.17728,-4.081119,WAL
1960147289000,172.629901,0.739104047153728,-10.5792456999615,-0.108640768758428,2.1343632,1.4257594,-1.2030991,43.848713,83.07096,-3.7577128,WAL
1960152292000,172.634904,0.754349466092001,-10.2751206425809,-0.0468197251272135,2.0570886,1.4382823,-1.1679744,44.12244,82.920135,-3.4020088,WAL
1960157306000,172.639918,0.651725791044169,-10.0063440142479,-0.335143401333198,1.9523253,1.5125023,-1.1304061,44.374516,82.74694,-3.069982,WAL
1960162264000,172.644876,0.427176074782609,-9.55816604014841,-0.902836564527638,1.8567249,1.6639969,-1.0503827,44.640102,82.52337,-2.7581873,WAL
1960167333000,172.649945,0.0299868660869565,-8.85153895243079,-1.86809865909048,1.8008307,1.7825048,-0.9645562,44.907753,82.29368,-2.4707088,WAL
1960172244000,172.654856,-0.312492186591244,-8.27808270683719,-2.5821953360059,1.7278323,1.988061,-0.93034774,45.307274,82.06686,-2.219388,WAL
1960177306000,172.659918,-0.574792098945401,-7.92516992690605,-2.84449527823906,1.6982054,2.0998492,-0.8564331,45.701042,81.827126,-2.0137045,WAL
1960182345000,172.664957,-0.826797333511071,-7.58651778396746,-3.07264897866245,1.6307048,2.2079725,-0.79443026,46.249397,81.66904,-1.8971857,WAL
1960187316000,172.669928,-1.05482575165838,-7.28104572328965,-3.22323384413014,1.5855007,2.2809708,-0.729984,46.809765,81.512794,-1.8120183,WAL
1960192286000,172.674898,-1.28289840042114,-6.98344901951268,-3.35989597190414,1.5326608,2.3533583,-0.6948592,47.4276,81.39289,-1.792587,WAL
1960197295000,172.679907,-1.51377884565326,-6.77180854860122,-3.34065589713226,1.486846,2.3924537,-0.67103547,48.04836,81.28888,-1.7952963,WAL
1960202304000,172.684916,-1.72881662469399,-6.55238911938975,-3.31662475355686,1.4523321,2.3768766,-0.6542367,48.692535,81.20635,-1.861998,WAL
1960207306000,172.689918,-1.78405358557743,-6.25495956891964,-3.24439181836083,1.3991868,2.3380868,-0.6597345,49.33565,81.15097,-1.93417,WAL
1960212266000,172.694878,-1.83882674151144,-5.96002742770977,-3.17276539721483,1.3487904,2.3038783,-0.67073005,49.991158,81.09485,-2.0591424,WAL
1960217347000,172.699959,-1.9379549460895,-5.74184977450111,-3.00145445081637,1.3048081,2.2638667,-0.6597345,50.628532,81.059395,-2.1899092,WAL
1960222270000,172.704882,-2.04249288129409,-5.54702887184035,-2.81613709153396,1.2556335,2.195755,-0.66675943,51.24524,81.04909,-2.312611,WAL
1960227304000,172.709916,-2.08196328888889,-5.39384161861862,-2.61090212432432,1.210735,2.1013765,-0.68019843,51.87372,81.02247,-2.4377089,WAL
1960232301000,172.714913,-2.10890891736111,-5.2501321003003,-2.40431964484797,1.1548407,2.0118847,-0.6963864,52.48035,81.021065,-2.5598469,WAL
1960237426000,172.720038,-2.16150676586978,-5.15435847735666,-2.20082847327502,1.0793989,1.9550742,-0.7150178,53.10859,80.99143,-2.6896935,WAL
1960242312000,172.724924,-2.2206223326725,-5.0816007617104,-2.00983952905734,0.9975429,1.956296,-0.7165449,53.723034,80.98679,-2.8202188,WAL
1960247317000,172.729929,-2.31625604419001,-4.96621418243755,-1.73631003094247,0.9431759,1.892155,-0.73823065,54.320282,80.96731,-2.9212193,WAL
1960252296000,172.734908,-2.42905630685087,-4.83085398031794,-1.4249812833838,0.86467975,1.8164078,-0.7877107,54.910442,80.987045,-3.0151646,WAL
1960257289000,172.739901,-2.53998886719913,-4.60860023573767,-1.1589180078103,0.732122,1.7913623,-0.80878556,55.53609,80.992744,-3.0996475,WAL
1960262341000,172.744953,-2.65039529224129,-4.31098285067963,-0.928504583335648,0.57940567,1.8014416,-0.81245077,56.145832,81.034775,-3.1754773,WAL
1960267345000,172.749957,-2.75697117531877,-4.01167221239498,-0.70586279773846,0.43066,1.8069394,-0.80878556,56.78145,81.05065,-3.2452636,WAL
1960272288000,172.7549,-2.85991075042997,-3.71221162136997,-0.49062556206583,0.28252518,1.8099937,-0.79168135,57.413643,81.11093,-3.3198538,WAL
1960277311000,172.759923,-2.9585629640533,-3.46342353506807,-0.257956094628753,0.20555615,1.806634,-0.7690793,58.05196,81.15061,-3.4073148,WAL
1960282327000,172.764939,-3.05132588567153,-3.268621457787,-0.0121344395162692,0.061086524,1.7938058,-0.7293731,58.68291,81.24576,-3.5053372,WAL
1960287294000,172.769906,-3.12363713802705,-3.13129396342482,0.211655436886436,-0.062308256,1.7525724,-0.6789767,59.325615,81.301,-3.6172764,WAL
1960292314000,172.774926,-3.17144495027844,-3.06436292643198,0.412448403095664,-0.17195857,1.7266107,-0.6249151,59.963993,81.384865,-3.7425048,WAL
1960297275000,172.779887,-3.20068266286002,-2.96742513468278,0.536870214300101,-0.26939157,1.7305813,-0.55955255,60.59804,81.444244,-3.8909652,WAL
1960302276000,172.784888,-3.20550578237664,-2.82755456797583,0.560985811883182,-0.3549127,1.74738,-0.46853364,61.222378,81.51463,-4.0620503,WAL
1960307259000,172.789871,-3.11997223639885,-2.75880605556659,0.603343577018572,-0.45234573,1.702176,-0.42119157,61.82522,81.57224,-4.239658,WAL
1960312281000,172.794893,-2.91458206243917,-2.78268861073592,0.670214781368557,-0.54428095,1.5992452,-0.3915646,62.41061,81.63293,-4.4365034,WAL
1960317269000,172.799881,-2.72232069752753,-2.80235606070586,0.673112434813213,-0.6264423,1.5036448,-0.3472769,62.983643,81.68877,-4.649646,WAL
1960322279000,172.804891,-2.54543881073044,-2.81650665105191,0.58820912915061,-0.6942484,1.4272866,-0.30940324,63.529156,81.74959,-4.8659143,WAL
1960327244000,172.809856,-2.3701456833956,-2.83053014028706,0.504068428029886,-0.7663304,1.3652838,-0.28252518,64.03289,81.82447,-5.04506,WAL
1960332275000,172.814887,-2.19252237551612,-2.84474004448486,0.418809240247739,-0.8491027,1.2846496,-0.25137106,64.5055,81.89974,-5.232078,WAL
1960337249000,172.819861,-2.01735760108803,-2.90648041721068,0.365562156340257,-0.9392053,1.210124,-0.21838433,64.96394,81.974365,-5.4216323,WAL
1960342289000,172.824901,-1.84071243076162,-3.05925463204748,0.37033634743818,-1.029308,1.1215485,-0.19364429,65.39209,82.04911,-5.6134095,WAL
1960347254000,172.829866,-1.71163390273832,-3.22130278630839,0.454262810524723,-1.1227703,1.0323622,-0.17104226,65.786934,82.18524,-5.740536,WAL
1960362347000,172.844959,-1.59874847355396,-3.7857299322302,1.20212883596622,-1.5015068,0.61422503,-0.10629055,66.77517,82.65188,-6.027859,WAL
1960367307000,172.849919,-1.58726211740227,-3.97537719848676,1.48752085069357,-1.6530013,0.5323691,-0.06383542,67.044266,82.81179,-6.082572,WAL
1960372352000,172.854964,-1.65756232542439,-4.18159114528082,1.90463542155398,-1.7272215,0.36102137,-0.032375857,67.24171,82.96085,-6.134247,WAL
1960377312000,172.859924,-1.73549402826943,-4.46826217195855,2.36579084990674,-1.8643607,0.18570304,0.019242255,67.3943,83.089554,-6.1846275,WAL
1960382368000,172.86498,-1.85591767908808,-5.15066273767876,3.0732797067772,-1.990199,-0.014966198,0.076052725,67.48943,83.196754,-6.2414007,WAL
1960387327000,172.869939,-1.98518115994122,-5.98816201261022,3.76593244827913,-2.067168,-0.1908954,0.18387043,67.50855,83.23387,-6.3261476,WAL
1960392306000,172.874918,-2.14793686650232,-7.32637625030814,4.45764447260832,-2.0751092,-0.28985557,0.2874121,67.49117,83.24615,-6.423046,WAL
1960397295000,172.879907,-2.11769516440012,-9.00309124897264,5.56222898867395,-1.9932534,-0.29779682,0.42302418,67.39676,83.17672,-6.547178,WAL
1960402330000,172.884942,-0.846606179524907,-12.8501895580836,9.31749973789716,-1.7427986,-0.21135938,0.5390886,67.29923,83.067856,-6.6924176,WAL
1960407336000,172.889948,0.431690217903146,-16.233642399349,12.5474938369662,-1.2391402,-0.13500121,0.52687126,67.160965,82.92797,-6.799202,WAL
1960412292000,172.894904,1.77987489144492,-17.0715764251899,12.8798586725515,-0.47250426,-0.22418754,0.3145956,66.999886,82.771736,-6.8759675,WAL
1960417340000,172.899952,3.12955062688119,-17.873661609802,13.0073212932673,0.39187005,-0.42760566,-0.04337143,66.577255,82.66862,-6.512368,WAL
1960422305000,172.904917,4.2876710419802,-18.2926569766337,11.6138109655446,0.9966267,-0.3051272,-0.42088616,66.26821,82.384476,-6.122984,WAL
1960427298000,172.90991,5.28712410463442,-18.6102286773449,10.2118057730798,1.2544118,0.15943582,-0.61850107,66.06476,82.0273,-5.4667253,WAL
1960432344000,172.914956,4.67146766331241,-17.909807821178,8.78865768482275,1.3164146,0.73884153,-0.65118235,65.95541,81.44025,-4.8326054,WAL
1960437280000,172.919892,4.06923219078656,-17.2246557510155,7.39653343519202,1.2498302,1.1924089,-0.6389651,66.02519,80.96796,-4.085197,WAL
1960442309000,172.924921,2.95458270700269,-15.2396514705648,6.24685494359996,1.1478158,1.4633276,-0.63713247,66.20384,80.39618,-3.4146638,WAL
1960447259000,172.929871,1.8165558636916,-13.1808143752366,5.1371606005379,1.0033462,1.5952746,-0.61453044,66.46076,79.79668,-2.829345,WAL
1960452322000,172.934934,0.654616382985741,-10.9322331216413,4.39389907919294,0.83291477,1.6209309,-0.5830709,66.82438,79.356316,-2.3859332,WAL
1960457344000,172.939956,-0.497716226248909,-8.68821704171113,3.69410206128625,0.66614854,1.5968018,-0.5448918,67.192535,78.94341,-1.9891201,WAL
1960462286000,172.944898,-1.31696443052992,-6.83199260146513,3.35949937399867,0.48655418,1.563815,-0.51068336,67.59251,78.64473,-1.7647488,WAL
1960467301000,172.949913,-2.09831097291409,-5.00428107592046,3.07620407084007,0.3191771,1.4669929,-0.4859433,67.95144,78.39126,-1.5566087,WAL
1960472313000,172.954925,-2.67967001694271,-3.92143582636438,2.92829783546022,0.2321288,1.3234396,-0.39675698,68.29616,78.18676,-1.5214702,WAL
1960477242000,172.959854,-3.18806770477871,-3.0926195023079,2.82576388436058,0.028710667,1.1582005,-0.2843578,68.59568,78.06634,-1.4958686,WAL
1960482303000,172.964915,-3.68912208182902,-2.72615543412071,2.64696138866616,-0.1704314,1.006095,-0.12950343,68.87718,77.93072,-1.6030275,WAL
1960487337000,172.969949,-4.16970364546538,-2.77316881593889,2.40667066139343,-0.37690386,0.90102625,0.044593163,69.116196,77.84877,-1.7422467,WAL
1960492310000,172.974922,-4.33599530389457,-3.15690278202203,2.44577414575138,-0.57787853,0.8542951,0.2302962,69.33014,77.78757,-1.997854,WAL
1960497294000,172.979906,-4.37354906746656,-3.68265522694729,2.60068326730921,-0.7696902,0.7666359,0.3820962,69.49367,77.76719,-2.287396,WAL
1960502297000,172.984909,-4.33608993667715,-4.67337828593044,2.89382253386716,-0.9611965,0.50915617,0.50915617,69.604965,77.80762,-2.670038,WAL
1960507309000,172.989921,-4.26063491191786,-5.89952572527019,3.2569507976911,-1.1756102,0.089186326,0.559858,69.64015,77.885826,-3.0623813,WAL
1960512312000,172.994924,-4.41289454939104,-7.69444051464519,3.51828647279316,-1.3588698,-0.49754974,0.5742133,69.54501,77.9775,-3.4573896,WAL
1960517380000,172.999992,-4.70112591611475,-9.84884910005033,3.72346818939104,-1.4318681,-1.1618657,0.5684101,69.3069,78.07337,-3.834608,WAL
1960522330000,173.004942,-5.05675330078264,-12.0145302303349,3.33340141466218,-1.3900238,-1.8246545,0.5717699,68.889565,78.162926,-4.154944,WAL
1960527308000,173.00992,-5.45348012489598,-14.2248653016644,2.62968363855756,-1.2318097,-2.36863,0.5842926,68.31924,78.22194,-4.445629,WAL
1960532330000,173.014942,-5.91333069273387,-15.7476001558149,1.66668939200235,-1.0638218,-2.538756,0.63621616,67.68249,78.28802,-4.7327743,WAL
1960537291000,173.019903,-6.40250557844675,-16.8377616632673,0.567210311229653,-0.8426886,-2.295937,0.7076874,67.01297,78.28047,-5.0154138,WAL
1960542311000,173.024923,-6.49781829678683,-17.6179844435737,0.422107532774295,-0.5015204,-1.7980819,0.69974613,66.45681,78.35404,-5.3002577,WAL
1960547303000,173.029915,-6.31048533001567,-18.1659337100313,0.960690353840125,0.010079277,-1.1753048,0.66889745,66.0097,78.30486,-5.603991,WAL
1960552277000,173.034889,-5.19964253843844,-18.5582407567568,1.39778819927928,0.66614854,-0.68111473,0.54611355,65.75627,78.28608,-5.933456,WAL
1960557313000,173.039925,-3.28304251541542,-18.823764990991,1.75503856096096,1.1716396,-0.5815437,0.25167647,65.57927,78.19364,-6.2000895,WAL
1960562295000,173.044907,-1.68460025301783,-17.5441036930595,1.18882398320514,1.1490375,-0.59559363,-0.05497787,65.49951,78.06108,-6.3837166,WAL
1960567322000,173.049934,-0.321046177051851,-14.9607570057008,-0.15294809402769,1.001819,-0.54825157,-0.16218472,65.46912,77.856255,-6.5377874,WAL
1960572294000,173.054906,0.742672654962318,-12.2843518286806,-1.26347364399745,0.5158757,-0.3817908,-0.3109304,65.48595,77.912056,-6.300665,WAL
1960577309000,173.059921,1.24736860624138,-9.34284060163465,-1.95169543929519,-0.09040806,-0.36468655,-0.46944994,65.47351,78.03995,-6.040609,WAL
1960582299000,173.064911,1.3770337371973,-7.01823689021437,-2.29074440666931,-0.657291,-0.6771441,-0.5476407,65.43758,78.42138,-5.657413,WAL
1960587280000,173.069892,1.05510630897181,-5.42753639782652,-2.21026259904724,-1.087951,-1.0928379,-0.48258355,65.37454,78.90261,-5.285267,WAL
1960592289000,173.074901,0.606349205846758,-4.12254242793713,-2.18475378546169,-1.344209,-1.4892895,-0.40653083,65.215576,79.48908,-4.9040284,WAL
1960597310000,173.079922,-0.00770472166404718,-3.2014615810609,-2.23198867033399,-1.5125023,-1.8188512,-0.376293,64.96159,80.14615,-4.5243206,WAL
1960602276000,173.084888,-0.548714107674071,-2.44929576895109,-2.50693974395856,-1.6398678,-2.0045543,-0.3268129,64.643105,80.77833,-4.2077007,WAL
1960607296000,173.089908,-0.994079986825381,-1.93209665509513,-3.13428302834944,-1.7489072,-2.0555615,-0.21166481,64.27699,81.42173,-3.9224436,WAL
1960612332000,173.094944,-1.43142305343879,-1.64636107317744,-3.62785113617607,-1.8698585,-2.0900755,-0.05009095,63.867603,82.04144,-3.7465072,WAL
1960617352000,173.099964,-1.85299356461486,-1.71662286100413,-3.91303132874828,-1.9749273,-2.2079725,0.11881329,63.4309,82.65089,-3.6111298,WAL
1960622339000,173.104951,-2.26060279056637,-1.82668044818047,-4.20830688612444,-2.0540345,-2.3692408,0.27488935,62.9196,83.290016,-3.6401334,WAL
1960627283000,173.109895,-2.52504604222882,-2.43820540023562,-4.65042288884719,-2.064419,-2.4758368,0.4184427,62.391476,83.87576,-3.7205784,WAL
1960632363000,173.114975,-2.79676362282049,-3.06655223608517,-5.10470065863513,-2.0344868,-2.493552,0.5705481,61.858047,84.37963,-3.9224112,WAL
1960637336000,173.119948,-2.77196253728927,-3.44799345928184,-5.15390015612916,-1.9865338,-2.3936756,0.70707655,61.33168,84.74986,-4.1701536,WAL
1960642268000,173.12488,-2.66849036108201,-3.76290887008287,-5.09541567429279,-1.9465221,-2.2201898,0.8368854,60.826653,84.946014,-4.4685483,WAL
1960647312000,173.129924,-2.61230547912749,-4.28013219612636,-4.96303509699135,-1.8762726,-2.0476203,0.97433007,60.399582,84.932915,-4.8481755,WAL
1960652229000,173.134841,-2.58131395543437,-4.87782276335088,-4.79922382735991,-1.7931949,-1.9007072,1.1325442,60.02515,84.688156,-5.277519,WAL
1960657224000,173.139836,-2.55419950975966,-5.65975685774059,-4.5752285030651,-1.6856827,-1.8212948,1.2956452,59.702744,95.73051,-5.7263227,WAL
1960662230000,173.144842,-2.53087492054101,-6.59740788702929,-4.29999738581298,-1.5619824,-1.6814066,1.3701707,59.454494,96.27781,-6.1959486,WAL
1960667236000,173.149848,-2.4628893180416,-7.69377925986809,-3.99355259713851,-1.5146403,-1.565953,1.5210545,59.26265,96.919846,-6.699062,WAL
1960672209000,173.154821,-2.34690644354135,-8.95509303267377,-3.65526930569254,-1.4309518,-1.3542882,1.704925,59.156616,97.61737,-7.226144,WAL
1960677222000,173.159834,-2.25074206130876,-10.3963210982556,-3.16198276069774,-1.3481796,-1.1203269,1.8961257,59.15791,98.28183,-7.7314396,WAL
1960682308000,173.16492,-2.17393895022174,-12.0283892764364,-2.50915548942545,-1.2944235,-0.9804387,2.0234911,59.21061,98.972244,-8.25868,WAL
1960687217000,173.169829,-1.95160257135693,-13.4581069185071,-2.19446588639213,-1.3408492,-0.9477574,2.05098,59.362675,99.554565,-8.710893,WAL
1960692227000,173.174839,-1.56291479837979,-14.7583601570065,-2.21760204609895,-1.4810427,-0.9428705,2.0109684,59.55561,100.148705,-9.166481,WAL
1960697240000,173.179852,-1.07464889821298,-15.6429530225479,-2.39843701098698,-1.6395624,-0.8784242,1.9367483,59.686127,100.656166,-9.570221,WAL
1960702236000,173.184848,-0.442067259650302,-15.912658167982,-2.81035058003485,-1.7712038,-0.7348709,1.8558086,59.844566,101.1565,-9.948456,WAL
1960707182000,173.189794,0.117522530282441,-15.8386499573375,-3.10903566477385,-1.8044959,-0.5204572,1.7599027,59.996014,101.580025,-10.229326,WAL
1960712248000,173.19486,0.606229066073869,-15.3307782042267,-3.27672912001778,-1.7760907,-0.26175576,1.6145169,60.202198,101.97802,-10.465498,WAL
1960717209000,173.199821,1.09837931802626,-14.6387070031834,-3.35292654548349,-1.7079792,0.03970624,1.4196508,60.500057,102.309204,-10.583056,WAL
1960722221000,173.204833,1.61408639546359,-13.6741438137684,-3.30995088921608,-1.6471981,0.35460728,1.2229522,60.871773,102.60975,-10.655357,WAL
1960727180000,173.209792,1.94566862477493,-12.8227296635215,-2.93294420780817,-1.5916094,0.59589905,0.98715824,61.213226,102.912636,-10.675681,WAL
1960732255000,173.214867,2.02139938092105,-12.1032882269737,-2.05362638881579,-1.5302174,0.63621616,0.6921103,61.57674,103.15417,-10.623185,WAL
1960737193000,173.219805,2.07916150136612,-11.3700250724044,-1.18995738980874,-1.5720617,0.29901853,0.3640757,61.84136,103.36966,-10.497313,WAL
1960742222000,173.224834,1.99143510780965,-10.317308922245,-0.235933498239982,-1.6658295,-0.39064834,0.099265605,62.003727,103.54698,-10.32506,WAL
1960747240000,173.229852,1.78067247875833,-9.38343762391802,0.317856408839419,-1.7809776,-1.1820242,-0.099265605,61.924343,103.62316,-10.123787,WAL
1960752260000,173.234872,1.34062150631778,-8.6659627020197,0.131313062499751,-1.8487836,-1.8707749,-0.24770586,61.667328,103.67279,-9.895257,WAL
1960757202000,173.239814,0.845422839480443,-8.0905811917819,-0.255183489588503,-1.8460348,-2.1450534,-0.3707952,61.234207,103.64664,-9.672585,WAL
1960762241000,173.244853,0.21622547149842,-7.76644945792177,-1.05598008893392,-1.8274034,-2.5579982,-0.4269948,60.565582,103.61574,-9.470129,WAL
1960767283000,173.249895,-0.363517020206682,-7.4966208524531,-1.89874339697,-1.754405,-2.7339275,-0.49754974,59.902496,103.6368,-9.308357,WAL
1960772250000,173.254862,-0.831226848374636,-7.34389938167954,-2.81507286945922,-1.6572775,-2.708271,-0.5296202,59.18639,103.642204,-9.153576,WAL
1960777217000,173.259829,-1.25730017195796,-7.2302402602323,-3.44368831681416,-1.5604553,-2.543643,-0.52015173,58.53174,103.79414,-9.085436,WAL
1960782250000,173.264862,-1.59942822923119,-7.19913777705568,-3.46146119085546,-1.466382,-2.3286183,-0.45845437,57.90987,103.92428,-9.020254,WAL
1960787228000,173.26984,-1.91052572680544,-7.1822188042226,-3.46045092186066,-1.4025466,-2.2321017,-0.40744713,57.392254,104.1948,-9.032324,WAL
1960792213000,173.274825,-2.06871392285472,-7.24306032686491,-3.35499216684792,-1.4022411,-2.175291,-0.32375857,56.940422,104.46885,-9.063209,WAL
1960797172000,173.279784,-2.22607706512319,-7.30358452160578,-3.25008344746814,-1.4306464,-2.0598376,-0.22510384,56.524544,104.784904,-9.164231,WAL
1960802218000,173.28483,-2.29440452134134,-7.51092279595596,-3.11693235243243,-1.4535538,-1.8854356,-0.10293079,56.15937,105.10821,-9.28664,WAL
1960807197000,173.289809,-2.33736217705706,-7.75434914618619,-2.97851346108108,-1.4776831,-1.6649132,0.007330383,55.8563,105.4429,-9.421306,WAL
1960812210000,173.294822,-2.2809355960194,-7.98201377397454,-2.71889594306931,-1.4798211,-1.4138476,0.10781772,55.590363,105.79841,-9.5999775,WAL
1960817170000,173.299782,-2.19935176413417,-8.2027695533239,-2.43095321039604,-1.50731,-1.1520919,0.20861048,55.407234,106.17328,-9.7907505,WAL
1960822217000,173.304829,-1.97667321845069,-8.34138902105572,-1.98435266596807,-1.541213,-0.9242391,0.2910773,55.251072,106.54512,-9.99776,WAL
1960827164000,173.309776,-1.72612682953677,-8.45738311438645,-1.51109830581726,-1.5586227,-0.7611381,0.36377025,55.165104,106.92482,-10.212095,WAL
1960832248000,173.31486,-1.41202524975705,-8.57225285344995,-0.98763769141691,-1.565953,-0.6658431,0.42638394,55.063583,107.277596,-10.433811,WAL
1960837216000,173.319828,-1.08836825733722,-8.68322078581147,-0.465162893609329,-1.5057828,-0.66920286,0.4578435,54.990074,107.61653,-10.656821,WAL
1960842216000,173.324828,-0.809791637376887,-8.74874784150794,-0.001193674807066,-1.4193454,-0.745561,0.48899764,54.845932,107.881485,-10.864828,WAL
1960847230000,173.329842,-0.549158454576137,-8.79613565873878,0.439513332227376,-1.3075571,-0.86070913,0.5021312,54.69649,108.12138,-11.073074,WAL
1960852255000,173.334867,-0.38364626533123,-8.85017776656151,0.633881877917981,-1.1557571,-0.9669997,0.50426924,54.433205,108.244896,-11.257349,WAL
1960857252000,173.339864,-0.260988747676459,-8.90678908694795,0.718798612194401,-1.003957,-0.9993755,0.50518554,54.164375,108.33969,-11.439367,WAL
1960862242000,173.344854,-0.178891267463235,-8.90967044078619,0.584672486348399,-0.93309665,-1.0326678,0.5018258,53.789875,108.34737,-11.595281,WAL
1960867277000,173.349889,-0.1163501243913,-8.88561617160531,0.339318774929662,-0.79259765,-1.0134255,0.5012149,53.42602,108.30403,-11.74066,WAL
1960872254000,173.354866,-0.241873361958545,-8.80620168361361,-0.108243762694564,-0.6789767,-0.9431759,0.48930305,53.032883,108.238266,-11.863403,WAL
1960877251000,173.359863,-0.461779438434102,-8.69858810319711,-0.66034834428334,-0.6041457,-0.8567385,0.4822781,52.654854,108.149925,-11.974863,WAL
1960882268000,173.36488,-0.674607789271337,-8.61851518870773,-0.970282050785024,-0.5766568,-0.7987063,0.48624873,52.29467,108.090004,-12.081777,WAL
1960887258000,173.36987,-0.881420940740741,-8.55599027777778,-1.12899915555556,-0.6072,-0.79076505,0.50915617,51.949696,108.02766,-12.18108,WAL
1960892253000,173.374865,-1.05696566398757,-8.55171873801066,-1.22777475501776,-0.6658431,-0.80664754,0.54153204,51.669704,108.08074,-12.321759,WAL
1960897250000,173.379862,-1.21421668301954,-8.58146908312611,-1.29152515854352,-0.7519751,-0.8384125,0.5757405,51.393883,108.14701,-12.462546,WAL
1960902279000,173.384891,-1.33889361213354,-8.63836013155973,-1.33693426973396,-0.8570439,-0.88086766,0.6059783,51.121426,108.29018,-12.641943,WAL
1960907281000,173.389893,-1.4088617551278,-8.73831454700052,-1.35192743205008,-0.9627236,-0.9166033,0.6450737,50.85088,108.45342,-12.827314,WAL
1960912277000,173.394889,-1.45439723829017,-8.8558288663325,-1.35368208003342,-1.067487,-0.93645644,0.67073005,50.578465,108.67137,-13.036029,WAL
1960917312000,173.399924,-1.47230090936601,-8.99458230548594,-1.34025429167363,-1.1481212,-0.9633345,0.6969972,50.303806,108.9052,-13.250596,WAL
1960922243000,173.404855,-1.48368180265071,-9.12454894298007,-1.3036946780723,-1.2336423,-0.9896017,0.72265357,50.01028,109.176735,-13.480705,WAL
1960927279000,173.409891,-1.48129671957866,-9.24380334563078,-1.21306144661985,-1.2932017,-1.01312,0.74281216,49.71926,109.45307,-13.709904,WAL
1960932263000,173.414875,-1.47893626405222,-9.36182636842886,-1.12336406267247,-1.3264939,-1.0482447,0.7492262,49.399372,109.73982,-13.942408,WAL
1960937300000,173.419912,-1.47655070737352,-9.48110445146135,-1.03271283415261,-1.3368785,-1.0809261,0.75961095,49.083443,110.02734,-14.174589,WAL
1960942262000,173.424874,-1.47115902915663,-9.61737553493976,-0.952580752771084,-1.3310753,-1.1044444,0.77457714,48.751232,110.321556,-14.41224,WAL
1960947272000,173.429884,-1.45728540959036,-9.80698242554217,-0.897086033060241,-1.2950343,-1.1096367,0.7840455,48.42369,110.60099,-14.643552,WAL
1960952347000,173.434959,-1.44209748036525,-10.0168847239431,-0.839334493623247,-1.2244794,-1.0934488,0.79717916,48.052837,110.84201,-14.868398,WAL
1960957304000,173.439916,-1.42293798265564,-10.2899063409343,-0.777066401150237,-1.135293,-1.0800097,0.818254,47.68961,111.06506,-15.089401,WAL
1960962316000,173.444928,-1.38310313584906,-10.5235319640566,-0.713024875322642,-1.0806206,-1.0464121,0.8240572,47.30466,111.26778,-15.30037,WAL
1960967369000,173.449981,-1.26897207358491,-10.6057066149057,-0.644546209362264,-0.9786061,-1.0345002,0.82833326,46.92736,111.43852,-15.50775,WAL
1960972287000,173.454899,-1.14648065238095,-10.6991177142857,-0.6133717,-0.8402451,-1.0479393,0.84207773,46.51676,111.5745,-15.71101,WAL
1960977342000,173.459954,-0.908003971962233,-10.9276572524631,-0.931340569181034,-0.6939429,-1.0684034,0.8414669,46.115406,111.6802,-15.90145,WAL
1960982390000,173.465002,-0.648990719178264,-11.1395646532235,-1.28514803919341,-0.52534413,-1.0586295,0.84879726,45.690464,111.74096,-16.080603,WAL
1960987345000,173.469957,-0.289599807912525,-11.2653521340528,-1.81524958804317,-0.32528573,-0.9819659,0.84421575,45.286552,111.76114,-16.242857,WAL
1960992498000,173.47511,0.0912909929619,-11.3812437288471,-2.35227503809995,-0.07696902,-0.86926126,0.82772243,44.90287,111.74936,-16.370102,WAL
1960997319000,173.479931,0.534484382715487,-11.3081391439881,-2.68124328451262,0.15577064,-0.6805039,0.77396625,44.567165,111.69226,-16.466314,WAL
1961002607000,173.485219,1.00744473498155,-11.224391804428,-3.00880638859779,0.3454443,-0.42119157,0.6728681,44.30958,111.61005,-16.499113,WAL
1961007346000,173.489958,1.27539741287823,-11.1071627592251,-2.90832415624539,0.40591997,-0.18509217,0.516792,44.095116,111.48503,-16.485151,WAL
1961013277000,173.495889,1.59518427062488,-10.9735405744598,-2.77818925890598,0.33169982,-0.010995574,0.3417791,43.93873,111.325356,-16.386389,WAL
1961017366000,173.499978,1.51133083639284,-11.1374360841931,-2.60285939438388,0.12492194,0.07147124,0.15882497,43.811245,111.14426,-16.231798,WAL
1961022246000,173.504858,1.41125630495425,-11.3330364968853,-2.39361269864707,-0.118507855,0.08124508,-0.007330383,43.65685,110.92393,-16.00599,WAL
1961027344000,173.509956,1.0062579818513,-11.6095331516906,-2.06400052365963,-0.34788775,0.02565634,-0.14263703,43.49345,110.70832,-15.739791,WAL
1961032314000,173.514926,0.530557426106856,-11.8985099161218,-1.71278228500841,-0.54428095,-0.09132435,-0.21777347,43.304096,110.511894,-15.45203,WAL
1961037346000,173.519958,-0.0429641452315574,-11.9286958862705,-1.39599618643443,-0.70738196,-0.172264,-0.24281894,43.043266,110.327324,-15.164917,WAL
1961042313000,173.524925,-0.657059220766393,-11.8214728094262,-1.10356996483607,-0.7816021,-0.21960606,-0.22937989,42.753895,110.1586,-14.878754,WAL
1961047338000,173.52995,-1.23906780837901,-11.4620941848081,-0.790566513183242,-0.7440339,-0.24862215,-0.1863139,42.39983,110.00877,-14.657812,WAL
1961052358000,173.53497,-1.80377692505873,-10.9962090947533,-0.470564686949883,-0.64599,-0.26908615,-0.12583824,42.039387,109.869774,-14.4517975,WAL
1961057340000,173.539952,-2.12489958248277,-10.6985268032558,-0.272137978226306,-0.50243664,-0.26419923,-0.061086524,41.678104,109.77288,-14.34074,WAL
1961062348000,173.54496,-2.32607283805053,-10.4829842437831,-0.133232673202836,-0.41447207,-0.21533,-0.02443461,41.331654,109.67458,-14.23719,WAL
1961067388000,173.55,-2.2945461019474,-10.6768091164425,0.0327526448223248,-0.23762658,-0.18661933,0.035430185,40.99556,109.61039,-14.248789,WAL
1961072347000,173.554959,-2.14676123153985,-11.0724912209396,0.209141049132704,-0.06658431,-0.20647246,0.083383106,40.669044,109.535675,-14.264244,WAL
1961077342000,173.559954,-1.87545804452055,-11.7580011712329,0.368444698082192,0.083383106,-0.2321288,0.10629055,40.36725,109.45906,-14.31223,WAL
1961082426000,173.565038,-1.53734346152968,-12.6009716084475,0.521290979452055,0.20708331,-0.21868975,0.08979719,40.078766,109.35914,-14.3579235,WAL
1961087343000,173.569955,-1.18548060362342,-13.4164308320582,0.733673385468069,0.33536503,-0.19883664,0.030543262,39.741188,109.17781,-14.362434,WAL
1961092318000,173.57493,-0.810844442747848,-14.2416430318776,0.996931269964935,0.45540005,-0.2012801,-0.06994407,39.405624,108.96855,-14.348463,WAL
1961097339000,173.579951,-0.471282434454054,-14.8201864513514,1.13674111027027,0.5873469,-0.21899518,-0.17012598,38.99552,108.63595,-14.242011,WAL
1961102348000,173.58496,-0.150695174418968,-15.277494859656,1.21688791629484,0.7244862,-0.22021692,-0.26328292,38.59487,108.27173,-14.108387,WAL
1961107339000,173.589951,0.164947651602883,-15.551758639662,1.13103899021869,0.8561276,-0.20189096,-0.35063666,38.12748,107.778145,-13.875707,WAL
1961112331000,173.594943,0.478594747116203,-15.7275906746521,0.955206538401591,1.0189233,-0.15210545,-0.44623706,37.678288,107.25077,-13.616831,WAL
1961117365000,173.599977,0.736021319419431,-15.722537938981,0.721142651113744,1.1893547,-0.1020145,-0.54519725,37.19879,106.638695,-13.2847395,WAL
1961122348000,173.60496,0.957476486350711,-15.6141665450237,0.45728118985782,1.3875804,-0.065973446,-0.6469063,36.74127,105.99506,-12.930182,WAL
1961127341000,173.609953,1.09493918572349,-15.3756824363954,0.268333951534242,1.5818355,-0.052839845,-0.7620544,36.275322,105.30665,-12.518252,WAL
1961132380000,173.614992,1.17933654513991,-15.0514187974963,0.126191002777614,1.7880026,-0.06780604,-0.883922,35.82133,104.58367,-12.083585,WAL
1961137341000,173.619953,1.19931277486535,-14.6120155912979,0.0346247719709579,2.0286834,-0.08368854,-1.0097603,35.350857,103.843185,-11.627694,WAL
1961142334000,173.624946,1.13871460736086,-14.0161338129686,0.0043256940190094,2.2745566,-0.096516706,-1.0974194,34.885555,103.07625,-11.155789,WAL
1961147335000,173.629947,0.628585401996837,-13.0141003705022,-0.0275356863366943,2.5357015,-0.09162979,-1.1927143,34.438194,102.278336,-10.65335,WAL
1961152359000,173.634971,-0.265583148102017,-11.6633346986951,-0.0608291954833926,2.7980683,-0.057421334,-1.2895365,34.00255,101.45355,-10.1315,WAL
1961157328000,173.63994,-0.995762614752791,-11.0154952569777,-0.0296917270205343,3.0644054,-0.018325957,-1.3292428,33.590015,100.64488,-9.632299,WAL
1961162328000,173.64494,-1.58763063708134,-11.0011760783493,0.0609977337051435,3.1972687,0.07819075,-1.402852,33.208702,99.82795,-9.09892,WAL
1961167450000,173.650062,-2.18673009611881,-11.2302384862376,0.064731632730297,3.4251215,0.17959438,-1.4718798,32.921497,99.165665,-8.70798,WAL
1961172423000,173.655035,-2.76200791782178,-11.6687699356436,-0.0107146424554455,3.5775323,0.28008172,-1.5381587,32.66723,98.54103,-8.298842,WAL
1961177343000,173.659955,-3.31156867701261,-12.1440781183317,-0.268141303189137,3.6282341,0.3631594,-1.5925257,32.48689,98.038765,-7.9533396,WAL
1961182372000,173.664984,-3.8534468414646,-12.6719421523763,-0.716592241168962,3.5702019,0.45173484,-1.6145169,32.342884,97.61061,-7.6031194,WAL
1961187334000,173.669946,-4.4024829581302,-13.1461925385718,-1.17796097608259,3.4196236,0.5549711,-1.6111571,32.286793,82.65708,-7.328738,WAL
1961192306000,173.674918,-4.97145209798298,-13.5604022967212,-1.66499848565147,3.2030718,0.6209445,-1.5845845,32.248886,82.83935,-7.061643,WAL
1961197293000,173.679905,-5.55445275877057,-13.9626920657146,-2.0933018755252,2.9391782,0.6337727,-1.5467108,32.269268,82.885826,-6.889807,WAL
1961202351000,173.684963,-6.17103724868053,-14.3436710107627,-2.40410071725137,2.7116308,0.5540548,-1.4944818,32.280594,82.88891,-6.7326593,WAL
1961207261000,173.689873,-6.76169114652792,-14.6861584922954,-2.60820714258555,2.5277603,0.4120286,-1.4266758,32.341454,82.79879,-6.683432,WAL
1961212333000,173.694945,-7.35950485747448,-14.9972156145687,-2.66653032129278,2.386956,0.21685717,-1.3726143,32.35964,82.70673,-6.6409636,WAL
1961217331000,173.699943,-7.79535936009792,-15.3512977495528,-2.61279922309575,2.3225098,0.0143553335,-1.3350459,32.39013,82.539955,-6.6934156,WAL
1961222413000,173.705025,-8.01073041468788,-15.7820404329159,-2.39284556436305,2.3286183,-0.14935656,-1.3313808,32.37126,82.38054,-6.740261,WAL
1961227238000,173.70985,-8.01048772436067,-15.9279386003057,-2.4143212809781,2.3188446,-0.25137106,-1.457219,32.36768,82.18581,-6.8286324,WAL
1961232365000,173.714977,-7.4301889476108,-15.3376346776363,-3.08966904843607,2.182316,-0.17959438,-1.6609426,32.3644,82.037056,-6.8822927,WAL
1961237242000,173.719854,-6.77151786554226,-14.6949964292018,-3.53525492457345,1.9178114,0.14630222,-1.711339,32.42407,81.87848,-6.9510655,WAL
1961242338000,173.72495,-5.83354324840165,-13.8335910359875,-3.54004050731516,1.5473217,0.42119157,-1.7067575,32.485413,81.80205,-6.9663906,WAL
1961247285000,173.729897,-4.88647985029881,-12.9925065925345,-3.48515256135985,1.3112222,0.5833763,-1.6331482,32.6074,81.80564,-6.931168,WAL
1961252354000,173.734966,-3.81637208523562,-12.117396657392,-3.26637512723621,1.2834278,0.6719518,-1.4825699,32.778202,81.81614,-6.9196305,WAL
1961257292000,173.739904,-2.81672983440818,-11.360724139498,-3.01765486848894,1.4004086,0.8167268,-1.3949108,32.97763,81.90999,-6.8045774,WAL
1961262323000,173.744935,-1.94193008041472,-10.9113733289017,-2.64478938402619,1.4880677,0.9691377,-1.244638,33.195633,81.958435,-6.75497,WAL
1961267417000,173.750029,-1.12103622123352,-10.5552679502231,-2.24686427520079,1.6957619,1.1960741,-1.1505647,33.435402,82.039085,-6.584952,WAL
1961272425000,173.755037,-0.521825341582548,-10.5219787785821,-1.79032258072385,1.861001,1.3979651,-1.1429288,33.706238,82.08996,-6.442503,WAL
1961277350000,173.759962,0.0110869606973555,-10.5265377796278,-1.37580723623898,1.9941696,1.5293012,-1.1710287,34.001842,82.14296,-6.1974287,WAL
1961282358000,173.76497,0.339906295843291,-10.6721572742409,-1.08456726601371,2.0647244,1.602605,-1.2000448,34.332314,82.159935,-5.9662213,WAL
1961287332000,173.769944,0.632705637017828,-10.7724794416532,-0.832468200162074,2.097406,1.6896533,-1.2351695,34.671066,82.16478,-5.6474204,WAL
1961292332000,173.774944,0.753967873646678,-10.6463669517828,-0.769411828606159,2.0836613,1.6911805,-1.2202033,34.997913,82.13211,-5.3448596,WAL
1961297311000,173.779923,0.842004376107919,-10.5182359177949,-0.754420479127301,2.0748038,1.7314975,-1.1899655,35.34434,82.06612,-4.994869,WAL
1961302312000,173.784924,0.786026639505211,-10.3782914545145,-0.950342532882049,2.1093178,1.863139,-1.1780536,35.708885,81.96096,-4.6588316,WAL
1961307325000,173.789937,0.718036577350219,-10.2298814797857,-1.14486457028738,2.0934353,2.01219,-1.1633929,36.105167,81.820915,-4.321186,WAL
1961312356000,173.794968,0.572531627423283,-10.0280518750122,-1.32791915941549,2.0476203,2.1804836,-1.1319333,36.534428,81.64917,-4.0091214,WAL
1961317338000,173.79995,0.427799565168986,-9.8218774582505,-1.52024472337972,1.971873,2.2898283,-1.0751228,37.033047,81.44902,-3.7281106,WAL
1961322325000,173.804937,0.275880574254473,-9.5465241694831,-1.83357773508946,1.8732183,2.3405302,-1.0476339,37.553703,81.25136,-3.463322,WAL
1961327365000,173.809977,0.116264958234189,-9.25981811772073,-2.15540527858485,1.7892243,2.3994787,-1.0030408,38.14723,81.0361,-3.2575057,WAL
1961332319000,173.814931,-0.112910192695232,-8.87785979872976,-2.53311983782986,1.7232509,2.4895813,-0.92057395,38.75267,80.831245,-3.0838897,WAL
1961337309000,173.819921,-0.343750726231327,-8.4931258439932,-2.91357919403346,1.6972891,2.5821273,-0.83199847,39.41885,80.631516,-2.960428,WAL
1961342373000,173.824985,-0.629970657865602,-8.14108225485834,-3.01139469629,1.6804903,2.6520715,-0.7593055,40.09369,80.4438,-2.8672857,WAL
1961347353000,173.829965,-0.921749020791729,-7.80249455414513,-3.05040248592554,1.6835446,2.6758952,-0.71837753,40.77164,80.257454,-2.8000848,WAL
1961352333000,173.834945,-1.21352738371786,-7.46390685343192,-3.08941027556108,1.6771306,2.659402,-0.70096785,41.504814,80.09108,-2.8031962,WAL
1961357304000,173.839916,-1.50477843634954,-7.12593105820192,-3.12834756919126,1.6649132,2.6154196,-0.6942484,42.229225,79.93146,-2.8209732,WAL
1961362331000,173.844943,-1.79931053081332,-6.78414785107636,-3.1677235046326,1.6282613,2.5506678,-0.68539083,42.9812,79.776245,-2.9235919,WAL
1961367304000,173.849916,-2.09067876351044,-6.44603607685009,-3.20667646404175,1.5949692,2.4856107,-0.6774496,43.71468,79.63304,-3.0309098,WAL
1961372347000,173.854959,-2.24285017502365,-6.15580479231788,-3.09638546382214,1.5604553,2.4037547,-0.66859204,44.441433,79.4949,-3.1388958,WAL
1961377244000,173.859856,-2.33602428675497,-5.89402998198675,-2.93222166960265,1.500285,2.3057108,-0.6649268,45.13991,79.38211,-3.248022,WAL
1961382398000,173.86501,-2.4024201151878,-5.60495301762358,-2.73268809312251,1.4468343,2.2116377,-0.6606508,45.841164,79.23333,-3.4900553,WAL
1961387348000,173.86996,-2.44608462700849,-5.31870745115137,-2.52406831418483,1.3723087,2.1077905,-0.65240407,46.507347,79.1158,-3.7291937,WAL
1961392309000,173.874921,-2.45814128878803,-5.09234137856359,-2.3556241200798,1.2815952,2.024102,-0.64751714,47.1914,78.97367,-3.9757476,WAL
1961397326000,173.879938,-2.45334858997506,-4.89584047700748,-2.20705040683292,1.1969905,1.9507982,-0.6569856,47.844837,78.86049,-4.215294,WAL
1961402308000,173.88492,-2.43593906361131,-4.64117359895886,-1.9598104174237,1.1050552,1.9199494,-0.66431594,48.517227,78.72778,-4.455899,WAL
1961407302000,173.889914,-2.41153034700418,-4.35314988661835,-1.65714144453404,0.9950995,1.8756617,-0.6743952,49.160748,78.6332,-4.6874,WAL
1961412295000,173.894907,-2.42018286820513,-4.05498465192559,-1.22637150363801,0.86742866,1.8139644,-0.7144069,49.781364,78.56132,-4.9017677,WAL
1961417409000,173.900021,-2.4448061225641,-3.74473079338361,-0.724055726298643,0.6737844,1.7299703,-0.7357872,50.37877,78.54117,-5.1138163,WAL
1961422370000,173.904982,-2.44265251112515,-3.49841236238197,-0.412994877479718,0.48655418,1.711339,-0.73426,51.030582,78.49002,-5.2899075,WAL
1961427348000,173.90996,-2.42997178604203,-3.2733287390677,-0.172060293191914,0.31215215,1.774869,-0.7516697,51.678936,78.49623,-5.454446,WAL
1961432389000,173.915001,-2.4171305776965,-3.04539652831494,0.0719234833036308,0.1591304,1.7620409,-0.745561,52.305695,78.48837,-5.5802565,WAL
1961437351000,173.919963,-2.43014322712069,-2.98174447243603,0.318245971851703,0.012217305,1.7183639,-0.7330383,52.93801,78.52683,-5.705761,WAL
1961442312000,173.924924,-2.45407552894419,-2.9865309427967,0.567142580546041,-0.14355333,1.6615535,-0.7134906,53.558342,78.605,-5.8343496,WAL
1961447335000,173.929947,-2.47458420681371,-3.05468830374163,0.708370603741631,-0.27885997,1.6016886,-0.698219,54.160496,78.6688,-5.933572,WAL
1961452337000,173.934949,-2.49345114403308,-3.14902308834187,0.802705388341867,-0.37507126,1.5833627,-0.6750061,54.753914,78.75606,-6.0406923,WAL
1961457337000,173.939949,-2.47374917367164,-3.20207252686567,0.80738484,-0.41691554,1.5415184,-0.6585127,55.31861,78.831894,-6.134276,WAL
1961462348000,173.94496,-2.435548700199,-3.23549789129353,0.769184316666667,-0.5027421,1.5015068,-0.62796944,55.8738,78.9331,-6.237991,WAL
1961467397000,173.950009,-2.35388727068582,-3.21037111314991,0.733552768339065,-0.59406644,1.4477507,-0.59712076,56.41576,79.0266,-6.3394475,WAL
1961472359000,173.954971,-2.25294429983816,-3.15749630014161,0.699905128120575,-0.65118235,1.3869696,-0.5723807,56.94006,79.12495,-6.4455533,WAL
1961477339000,173.959951,-2.14607560175757,-3.10332086792435,0.629566417508836,-0.72387534,1.312444,-0.5381723,57.450687,79.236176,-6.5555687,WAL
1961482373000,173.964985,-2.03555581232209,-3.04806092512179,0.542071583404337,-0.79351395,1.248914,-0.5015204,57.942913,79.35041,-6.670327,WAL
1961487343000,173.969955,-1.95023458488736,-3.02925241314143,0.456884985463079,-0.8707884,1.1746938,-0.46883908,58.40199,79.48061,-6.7745237,WAL
1961492325000,173.974937,-1.88056800743638,-3.03422859353358,0.372289866835628,-0.956615,1.087951,-0.43279803,58.83505,79.61461,-6.8858814,WAL
1961497341000,173.979953,-1.89322006700573,-3.03905856667983,0.331921566575153,-1.0458013,1.0259482,-0.3866777,59.26765,79.7638,-6.9810205,WAL
1961502354000,173.984966,-1.94537234665218,-3.04379967851076,0.312957109350188,-1.1517864,0.94806284,-0.33444872,59.667255,79.918686,-7.0828004,WAL
1961507339000,173.989951,-2.05432221153877,-3.06819374911458,0.412714143276462,-1.2782356,0.86254174,-0.2843578,60.06129,80.08546,-7.180513,WAL
1961512313000,173.994925,-2.19298644802296,-3.10285987862052,0.574489151533921,-1.4156802,0.7498371,-0.23884831,60.422047,80.2547,-7.286188,WAL
1961517311000,173.999923,-2.33587786805339,-3.16041235659622,0.766276642291435,-1.5580118,0.605062,-0.19120082,60.75315,80.42475,-7.4045825,WAL
1961522317000,174.004929,-2.49586071859844,-3.32572779434928,1.09690768484983,-1.7101172,0.45112398,-0.1255328,61.046482,80.59003,-7.5350227,WAL
1961527239000,174.009851,-2.67341114760039,-3.53205950440744,1.46542972301665,-1.8383989,0.30176744,-0.052534413,61.28475,80.71558,-7.6920805,WAL
1961532322000,174.014934,-2.89272840901077,-3.8228933312047,1.92313540295788,-1.9758437,0.124311075,0.032070424,61.46752,80.82395,-7.863961,WAL
1961537265000,174.019877,-3.11652330539192,-4.27263679608558,2.42500221310563,-2.1022928,-0.0888809,0.16920967,61.574104,80.86076,-8.073453,WAL
1961542308000,174.02492,-3.36673676049122,-5.07888036106687,3.05516945485945,-2.1762075,-0.2415972,0.31337386,61.64344,80.85697,-8.304114,WAL
1961547294000,174.029906,-3.53978017163222,-6.10793456464718,3.76934368353528,-2.1734586,-0.29016098,0.5002986,61.645416,80.739265,-8.597029,WAL
1961552325000,174.034937,-3.48581523030241,-7.8593431280725,4.77014876719275,-2.0463986,-0.3313944,0.57940567,61.601788,80.58498,-8.893686,WAL
1961557284000,174.039896,-3.23252820457681,-9.80852131639296,5.99161909639491,-1.9269744,-0.21471913,0.7312057,61.54387,80.3024,-9.265175,WAL
1961562299000,174.044911,-2.46247980340103,-12.3520151862793,7.83040122874356,-1.4382823,0.020463986,0.8014552,61.503334,79.97676,-9.628993,WAL
1961567316000,174.049928,-1.44935232403939,-14.6045239030701,9.68304630218189,-0.59315014,0.099571034,0.7021896,61.381123,79.664635,-9.872413,WAL
1961572315000,174.054927,0.380951314162966,-15.8617019402394,11.5734356713651,0.4474588,-0.022296581,0.3753767,61.2677,79.34196,-10.060016,WAL
1961577283000,174.059895,2.13519651850811,-17.0239799844985,13.0820601981898,1.1994339,-0.14019357,-0.015882496,61.04556,79.11134,-9.911875,WAL
1961582337000,174.064949,3.55017060870787,-17.7088069747191,12.5029781151685,1.5204436,0.08460484,-0.35796702,60.910503,78.807205,-9.702268,WAL
1961587326000,174.069938,4.70891461811254,-18.299862957796,11.7018356940211,1.5454891,0.52473325,-0.58184916,60.679714,78.5239,-9.066761,WAL
1961592309000,174.074921,5.10053085665299,-18.616886130129,10.1633436934349,1.3982705,0.9954049,-0.6404922,60.563953,78.08516,-8.456133,WAL
1961597295000,174.079907,5.27788040200121,-18.5783031795027,8.68235654335961,1.180497,1.3200798,-0.6805039,60.607754,77.74794,-7.66917,WAL
1961602346000,174.084958,4.49074030135436,-16.935575444714,7.44542208489994,0.97219205,1.4498887,-0.68539083,60.735977,77.3337,-6.9684567,WAL
1961607390000,174.090002,3.63867635895558,-15.1967535886887,6.28681684381925,0.79229224,1.4498887,-0.6762278,61.00122,77.10595,-6.297567,WAL
1961612329000,174.094941,2.5768336633298,-13.1550992818191,5.41637936140283,0.62125,1.3912456,-0.655153,61.275326,76.87259,-5.6918416,WAL
1961617327000,174.099939,1.50145575729233,-11.0616505370594,4.59760889253091,0.47403142,1.317331,-0.63529986,61.59137,76.69961,-5.2368326,WAL
1961622313000,174.104925,0.423215187054256,-8.79783296699704,4.17802214202514,0.30085114,1.201572,-0.58123827,61.863106,76.55133,-4.818949,WAL
1961627276000,174.109888,-0.590219549299461,-6.66516998979985,3.83380448006159,0.07788532,1.0598512,-0.50885075,62.138332,76.44734,-4.5725055,WAL
1961632401000,174.115013,-1.33172630786374,-5.07825107260393,3.85269635842956,-0.15454891,0.8970556,-0.3903429,62.35711,76.37856,-4.3567376,WAL
1961637310000,174.119922,-2.08095360446729,-3.68631715821309,3.83193052935363,-0.38087448,0.72387534,-0.23915374,62.53219,76.321304,-4.2976217,WAL
1961642351000,174.124963,-3.22131011057521,-3.47637699576991,3.44067858054952,-0.5861252,0.5900958,-0.05222898,62.65835,76.30749,-4.275577,WAL
1961647340000,174.129952,-4.28594150265748,-3.35579402185039,3.08887857972441,-0.7800749,0.5421429,0.15027285,62.759777,76.26018,-4.3835516,WAL
1961652355000,174.134967,-4.59793240221457,-4.26813081820866,3.15505831643701,-0.9682214,0.46914452,0.25473082,62.810257,76.254166,-4.507282,WAL
1961657482000,174.140094,-4.90541575436512,-5.25550956526621,3.24180861265088,-1.056186,0.3295618,0.43860126,62.857674,76.24788,-4.8485594,WAL
1961662326000,174.144938,-5.05734357410873,-6.84858091513053,3.5543457408253,-1.2333369,0.07819075,0.57543504,62.848083,76.29449,-5.1970453,WAL
1961667296000,174.149908,-5.21322327355666,-8.48309053710115,3.87501244747824,-1.4046847,-0.27122417,0.6762278,62.773018,76.34065,-5.604129,WAL
1961672347000,174.154959,-5.53488223903994,-10.4423038628623,3.35403123495668,-1.486846,-0.7470882,0.7189884,62.585224,76.37868,-6.010307,WAL
1961677741000,174.160353,-5.89757899455233,-12.5696107591873,2.69809005354048,-1.4288138,-1.3292428,0.73823065,62.262882,76.39179,-6.410944,WAL
1961682322000,174.164934,-6.20560899770441,-14.3762835237526,2.14101431159247,-1.258077,-1.8826867,0.7593055,61.81514,76.38225,-6.7863154,WAL
1961687249000,174.169861,-6.53690430997908,-16.3194131266806,1.54186299515984,-1.0149527,-2.24157,0.7834347,61.256897,76.31943,-7.141312,WAL
1961692307000,174.174919,-6.66465903483689,-17.2296697382199,1.2133424532501,-0.6960809,-2.2015584,0.84482664,60.654415,76.174225,-7.4982677,WAL
1961697263000,174.179875,-6.76023443697141,-17.9703776701571,0.931395583310512,-0.26328292,-1.6942347,0.91813046,60.084366,75.929054,-7.865317,WAL
1961702320000,174.184932,-5.39334395424824,-18.3826992332306,1.73270252759018,0.2947425,-1.105666,0.86529064,59.72865,75.84583,-8.212083,WAL
1961707244000,174.189856,-3.88910667784955,-18.7435296400676,2.64180535642453,1.0345002,-0.7107417,0.766025,59.46544,75.60744,-8.564789,WAL
1961712324000,174.194936,-2.04691277867086,-17.0708835,1.57567505743707,1.6869044,-0.7302894,0.50610185,59.29888,75.351364,-8.841887,WAL
1961717307000,174.199919,-0.199580729663425,-15.14619975,0.251602103798627,1.87444,-0.9810496,0.089491755,59.194057,75.08427,-9.038811,WAL
1961722312000,174.204924,0.72045451559282,-12.2906713897024,-1.32600997418044,1.4825699,-0.99112886,-0.23609942,59.113186,74.87833,-8.959529,WAL
1961727241000,174.209853,1.3804643187794,-9.23589604940954,-2.94481780267548,0.7629707,-0.63255095,-0.4156938,59.077198,74.75489,-8.817513,WAL
1961732354000,174.214966,1.53540870315349,-6.67369994100611,-3.37562045969109,-0.047647487,-0.4569272,-0.58368176,59.003338,74.94656,-8.446693,WAL
1961737276000,174.219888,1.42923277416068,-4.4996219731846,-3.1885487180414,-0.8191703,-0.6377433,-0.56046885,58.92387,75.28364,-8.093528,WAL
1961742304000,174.224916,0.934750572446972,-3.47950898225993,-2.68890368632858,-1.3579534,-0.9841039,-0.47616947,58.89386,75.85534,-7.7373924,WAL
1961747297000,174.229909,0.349255193599113,-2.76031768588508,-2.11723883564404,-1.7272215,-1.1988231,-0.4370741,58.85085,76.564156,-7.3815765,WAL
1961752323000,174.234935,-0.157495797797285,-2.20675732647749,-2.13236399855058,-1.853976,-1.598329,-0.40591997,58.635952,77.24256,-7.0554543,WAL
1961757302000,174.239914,-0.629603912033275,-1.72004800632847,-2.36111746287639,-2.0430388,-1.8671097,-0.36377025,58.401085,78.00168,-6.750493,WAL
1961762307000,174.244919,-1.14200226408274,-1.68409247003673,-2.66398527519814,-2.1798725,-2.0271564,-0.26542094,58.102257,78.62891,-6.518885,WAL
1961767356000,174.249968,-1.67012161270056,-1.78223856872221,-2.99113890494877,-2.268448,-2.189341,-0.111177474,57.734737,79.25187,-6.3148603,WAL
1961772309000,174.254921,-2.13374310509119,-2.11775512215046,-3.40108734635258,-2.3069327,-2.3848178,0.037873644,57.2481,79.87513,-6.225143,WAL
1961777301000,174.259913,-2.57875894703647,-2.55368906136018,-3.85064406854103,-2.3127358,-2.5940392,0.18142697,56.712643,80.46078,-6.179219,WAL
1961782312000,174.264924,-2.880311329449,-2.99761412445782,-4.3149610854519,-2.2779164,-2.7333164,0.32742378,56.143677,80.9914,-6.2572007,WAL
1961787315000,174.269927,-3.08415318351147,-3.44507170854,-4.78727745881498,-2.2018638,-2.7605,0.46944994,55.547974,81.43624,-6.3810773,WAL
1961792307000,174.274919,-3.11926902504409,-3.77715507989418,-5.14638505828924,-2.1019874,-2.6337454,0.6114761,54.99938,81.778625,-6.616458,WAL
1961797298000,174.27991,-3.07243587922791,-4.05347016096414,-5.45080001706839,-2.0195205,-2.415972,0.7464773,54.47339,81.98977,-6.8997164,WAL
1961802322000,174.284934,-2.98733612718604,-4.39316232966119,-5.45032408208562,-1.9416351,-2.1713204,0.8933904,54.03831,82.06079,-7.2596145,WAL
1961807311000,174.289923,-2.88070898025969,-4.76635769816393,-5.27099660770948,-1.8521434,-1.9538525,1.0635164,53.666187,81.96478,-7.672462,WAL
1961812304000,174.294916,-2.86298660190655,-5.42598329683888,-4.91409685814482,-1.7550159,-1.8118263,1.2290609,53.386078,81.73385,-8.120622,WAL
1961817327000,174.299939,-2.89149846582041,-6.23857186496098,-4.46265871512398,-1.675298,-1.7116444,1.3869696,53.169334,81.35214,-8.617427,WAL
1961822312000,174.304924,-2.78402965810351,-7.19476238581413,-4.28275575776351,-1.6319265,-1.572978,1.5326608,53.038464,99.12393,-9.123912,WAL
1961827301000,174.309913,-2.59901578779751,-8.23715758103513,-4.255680584813,-1.6077974,-1.3341297,1.7104226,52.98205,99.70835,-9.679798,WAL
1961832377000,174.314989,-2.3789054497539,-9.49367978260869,-4.10449460205086,-1.5482379,-1.07665,1.8710803,53.021767,100.30911,-10.226863,WAL
1961837313000,174.319925,-2.13653919454471,-10.8897093478261,-3.84758622879409,-1.5247196,-0.8717047,1.999362,53.13298,100.961586,-10.802828,WAL
1961842305000,174.324917,-1.85648979168662,-12.2487966414137,-3.46518601641605,-1.5008959,-0.7867944,2.064419,53.38654,101.53683,-11.304352,WAL
1961847299000,174.329911,-1.54958622651087,-13.5680243278422,-2.98879835502346,-1.5418239,-0.72143185,2.064419,53.703854,102.13033,-11.810211,WAL
1961852317000,174.334929,-1.08874211516215,-14.5550748642668,-2.74365255421171,-1.5806139,-0.7165449,2.0436497,53.972218,102.66592,-12.262026,WAL
1961857308000,174.33992,-0.464825745747501,-15.1692422013053,-2.75340124048542,-1.6762142,-0.64965516,1.998751,54.283394,103.19869,-12.695635,WAL
1961862318000,174.34493,0.0262332196185065,-15.3606811651786,-2.8009691216112,-1.7211128,-0.5009095,1.954158,54.48332,103.65819,-13.063885,WAL
1961867331000,174.349943,0.391557893599838,-15.1560992924107,-2.88377603862622,-1.7140878,-0.30787608,1.8481728,54.71918,104.08892,-13.392684,WAL
1961872309000,174.354921,0.751385415499951,-14.695356784539,-2.89548048622335,-1.6734654,-0.07360926,1.6639969,54.944668,104.4306,-13.610437,WAL
1961877301000,174.359913,1.10978982465193,-14.020439453802,-2.84893449693311,-1.609019,0.20708331,1.4361442,55.240276,104.732025,-13.77781,WAL
1961882336000,174.364948,1.36968435046399,-13.3012049878959,-2.51069503606012,-1.5778649,0.43157628,1.1902709,55.530495,104.994675,-13.873453,WAL
1961887317000,174.369929,1.52365507910026,-12.5505973278192,-1.88037711920516,-1.5396858,0.4728097,0.9086621,55.842182,105.18762,-13.892248,WAL
1961892303000,174.374915,1.6293311813408,-11.8239523072833,-1.19900237696895,-1.5259414,0.2938262,0.6056729,56.11354,105.32175,-13.829673,WAL
1961897293000,174.379905,1.68832344370905,-11.1205831163232,-0.46840597195518,-1.5546521,-0.12339478,0.34055737,56.31741,105.405205,-13.708382,WAL
1961902316000,174.384928,1.65276862393633,-10.3439840560147,0.00679786184879094,-1.59558,-0.7507534,0.14172074,56.322075,105.41107,-13.545837,WAL
1961907309000,174.389921,1.47713224557698,-9.47068130486685,0.0946160357453321,-1.6368134,-1.3839152,0.006414085,56.195328,105.37967,-13.347486,WAL
1961912313000,174.394925,1.18568252380288,-8.75020255514644,-0.156280502064156,-1.6288722,-1.8365663,-0.106595986,55.872948,105.2569,-13.127651,WAL
1961917317000,174.399929,0.749012220874012,-8.22441573472803,-0.833565132357043,-1.5201381,-2.07572,-0.22021692,55.425842,105.095,-12.888976,WAL
1961922295000,174.404907,0.295896893356803,-7.79644200420552,-1.4763819063844,-1.4266758,-2.1847596,-0.32895094,54.856182,104.96866,-12.6989975,WAL
1961927307000,174.409919,-0.206470859724072,-7.60006192511893,-2.0472542858706,-1.3854424,-2.205529,-0.40469822,54.24361,104.81303,-12.492557,WAL
1961932350000,174.414962,-0.67840539625658,-7.43656704913239,-2.60320716511991,-1.391551,-2.1313088,-0.42821655,53.69062,104.79164,-12.356659,WAL
1961937317000,174.419929,-1.00764387735621,-7.41338125969975,-3.07619760849093,-1.3884968,-1.9911152,-0.39614612,53.154266,104.75761,-12.214197,WAL
1961942282000,174.424894,-1.3236778456021,-7.40623469688016,-3.45884580145787,-1.3949108,-1.8967366,-0.32711834,52.696056,104.855446,-12.158322,WAL
1961947293000,174.429905,-1.55688498353581,-7.50418155649723,-3.2536234109826,-1.387275,-1.7788396,-0.28771752,52.290047,104.951385,-12.098066,WAL
1961952287000,174.434899,-1.7821169345518,-7.61299284193449,-3.0567722087894,-1.4114041,-1.7327193,-0.183565,51.944378,105.17803,-12.133357,WAL
1961957314000,174.439926,-1.92052879061505,-7.86015689274053,-2.95296344578499,-1.4291192,-1.627345,-0.07849618,51.65729,105.41006,-12.173421,WAL
1961962320000,174.444932,-2.00466044891025,-8.11324728664954,-2.78346678238999,-1.412015,-1.4242324,0.00061086525,51.38516,105.65439,-12.2701645,WAL
1961967309000,174.449921,-1.74333669506091,-8.41020627637358,-2.18954921638353,-1.3775011,-1.1591167,0.061391957,51.172894,105.91181,-12.380823,WAL
1961972317000,174.454929,-1.4810177214635,-8.70829619830944,-1.59336978752797,-1.3552046,-0.9239337,0.15485434,50.985752,106.18802,-12.535858,WAL
1961977304000,174.459916,-1.16979057982304,-8.8443975643393,-0.974083251415657,-1.368949,-0.73853606,0.2666427,50.87171,106.475044,-12.6985655,WAL
1961982297000,174.464909,-0.838686204943258,-8.91797588747836,-0.344065080453933,-1.3811663,-0.61422503,0.33108896,50.81621,106.76142,-12.861595,WAL
1961987280000,174.469892,-0.511459540720445,-8.95110023486835,0.26686469808245,-1.3900238,-0.6078109,0.3585779,50.661926,106.94757,-12.994324,WAL
1961992290000,174.474902,-0.184313091086541,-8.96116648263925,0.870827361231512,-1.378112,-0.70402217,0.34055737,50.51899,107.13051,-13.126874,WAL
1961997304000,174.479916,0.00514847590781763,-8.89429343488626,1.06909391889341,-1.3322971,-0.86834496,0.3381139,50.25554,107.206,-13.242932,WAL
1962002331000,174.484943,0.143832851554783,-8.79864910469852,1.11691613392272,-1.2403619,-1.0552697,0.31642818,49.959564,107.25821,-13.348201,WAL
1962007259000,174.489871,0.15818302404881,-8.6908363684737,0.902489996029206,-1.1239921,-1.1710287,0.2968805,49.52976,107.214035,-13.425807,WAL
1962012283000,174.494895,0.12449657139828,-8.57534014602921,0.580062535017003,-0.98990715,-1.2012665,0.28069258,49.07464,107.14292,-13.493864,WAL
1962017334000,174.499946,0.0255482011848884,-8.43658746680023,0.223606836639,-0.84421575,-1.1658363,0.2843578,48.577763,107.04711,-13.548373,WAL
1962022341000,174.504953,-0.0979662918946766,-8.29019935260447,-0.142362039706163,-0.7101309,-1.0699304,0.29565877,48.094696,106.9258,-13.588716,WAL
1962027357000,174.509969,-0.295005826685315,-8.13918687132867,-0.513839208951049,-0.602924,-0.95478237,0.3109304,47.65957,106.83789,-13.636661,WAL
1962032325000,174.514937,-0.532656052403596,-7.98709112947053,-0.884573553726274,-0.5357288,-0.8512407,0.35888332,47.25577,106.742676,-13.684069,WAL
1962037292000,174.519904,-0.783598688583025,-7.8444833216605,-1.18582453636457,-0.5112942,-0.754724,0.40591997,46.92395,106.715775,-13.751253,WAL
1962042314000,174.524926,-1.04552022649301,-7.70610977986026,-1.44774603815249,-0.52687126,-0.7086037,0.45478916,46.613846,106.69365,-13.823386,WAL
1962047295000,174.529907,-1.23011839806525,-7.71544359101723,-1.6355205846207,-0.54092115,-0.6218608,0.4914411,46.38898,106.76,-13.938571,WAL
1962052327000,174.534939,-1.37996296850106,-7.79631201089778,-1.79012217206456,-0.6044512,-0.5696318,0.56230146,46.175507,106.85252,-14.071088,WAL
1962057309000,174.539921,-1.528318622299,-7.87637688924535,-1.94318757521346,-0.6814202,-0.49021935,0.63285637,46.030895,107.02669,-14.249642,WAL
1962062302000,174.544914,-1.67700183775727,-7.95661854673017,-2.09659093890726,-0.79137594,-0.4175264,0.70249504,45.907482,107.22742,-14.440325,WAL
1962067316000,174.549928,-1.70934675918285,-8.19453349742377,-2.13072629638724,-0.904386,-0.36010507,0.7528914,45.789722,107.45811,-14.64651,WAL
1962072327000,174.554939,-1.67071188362685,-8.52775985379893,-2.09209131997585,-1.0118983,-0.33658674,0.79259765,45.6908,107.71261,-14.861637,WAL
1962077309000,174.559921,-1.62982841457554,-8.87251677427615,-2.00328042942683,-1.1178834,-0.3475823,0.83108217,45.64047,108.0594,-15.126944,WAL
1962082343000,174.564955,-1.58709776614142,-9.22860534597203,-1.88458427191255,-1.2189816,-0.38973203,0.8390234,45.5937,108.41584,-15.388769,WAL
1962087318000,174.56993,-1.57346687761076,-9.49529341754846,-1.71531197281448,-1.2834278,-0.45875978,0.84574294,45.522987,108.757195,-15.638495,WAL
1962092313000,174.574925,-1.57819750617089,-9.70817157926226,-1.51189479653877,-1.3206906,-0.53969944,0.8371908,45.440826,109.09917,-15.882492,WAL
1962097295000,174.579907,-1.58291582278481,-9.92049570371835,-1.30900703433544,-1.3487904,-0.64873886,0.8167268,45.268574,109.41917,-16.1184,WAL
1962102322000,174.584934,-1.58767675767405,-10.1347376494511,-1.10428668495847,-1.3552046,-0.7791586,0.7855727,45.070908,109.72676,-16.347174,WAL
1962107309000,174.589921,-1.60040009332273,-10.2919303823529,-0.897989301164547,-1.3481796,-0.88147855,0.7556403,44.838455,110.031876,-16.573927,WAL
1962112310000,174.594922,-1.61943569618442,-10.4061443970588,-0.688597540486884,-1.3329079,-0.95814216,0.72143185,44.57972,110.31752,-16.788975,WAL
1962117322000,174.599934,-1.66283565043437,-10.5125250708215,-0.509299846829084,-1.3054191,-1.0146471,0.6921103,44.210148,110.52047,-16.978825,WAL
1962122314000,174.604926,-1.72603715162417,-10.6118418300283,-0.355810488143532,-1.2589933,-1.0439687,0.66523224,43.83283,110.70076,-17.153614,WAL
1962127295000,174.609907,-1.76794067306378,-10.6569464538724,-0.252661911588838,-1.1936307,-1.0622946,0.6609562,43.39076,110.850105,-17.325987,WAL
1962132358000,174.61497,-1.7817469108675,-10.629333978265,-0.215845371952354,-1.0769554,-1.0732902,0.65240407,42.95005,110.96837,-17.481588,WAL
1962137273000,174.619885,-1.76527892651057,-10.6281580219033,-0.254074705313444,-0.8848383,-1.0842859,0.68600166,42.47416,111.06185,-17.647486,WAL
1962142344000,174.624956,-1.68274945477719,-10.6831777973943,-0.455813328350642,-0.6453791,-1.1258247,0.70952,41.99538,111.11964,-17.800854,WAL
1962147257000,174.629869,-1.58359487331794,-10.7483118580875,-0.690438811978587,-0.50762904,-1.1456778,0.7473936,41.513195,111.17872,-17.967783,WAL
1962152321000,174.634933,-1.40033781863126,-10.8653924736013,-1.09767671955075,-0.18906279,-1.1044444,0.7703011,41.04794,111.17416,-18.124935,WAL
1962157265000,174.639877,-1.1766904145618,-10.9176801689888,-1.4648898138427,0.1301143,-1.0030408,0.75625116,40.60646,111.167656,-18.270477,WAL
1962162314000,174.644926,-0.837674050148315,-10.817714053573,-1.76478893162247,0.37293324,-0.8359691,0.72356987,40.20687,111.12749,-18.40078,WAL
1962167330000,174.649942,-0.496192662716877,-10.7089407256506,-2.06094124090103,0.52656585,-0.63285637,0.65209866,39.872005,111.0645,-18.491798,WAL
1962172315000,174.654927,-0.100866142310726,-10.4877456019322,-2.33390483282729,0.5513059,-0.41447207,0.57818395,39.596516,110.97982,-18.55585,WAL
1962177471000,174.660083,0.296172810993574,-10.284231573999,-2.62822709867524,0.42119157,-0.21227567,0.47616947,39.385033,110.876915,-18.551603,WAL
1962182325000,174.664937,0.530555075294118,-10.3899340823529,-3.04643857294118,0.20891592,-0.005192355,0.376293,39.23861,110.764786,-18.513103,WAL
1962187581000,174.670193,0.723280638041096,-10.5327801255708,-3.43251290974429,-0.018325957,0.1777618,0.28985557,39.149647,110.644585,-18.413725,WAL
1962192309000,174.674921,0.185720056232877,-10.99177393379,-3.0024644356621,-0.26328292,0.25992316,0.2003638,39.085648,110.52777,-18.280178,WAL
1962197274000,174.679886,-0.378786773013699,-11.4737756803653,-2.55085896319635,-0.4783075,0.2507602,0.100792766,39.067844,110.42126,-18.096214,WAL
1962202315000,174.684927,-0.866063086823438,-11.3772112754834,-1.97517100980468,-0.6881397,0.14508049,0.100792766,39.0223314048144,110.370855056169,-17.9824618378134,WAL
1962207244000,174.689856,-1.32475591782626,-11.1616255996502,-1.38804420144787,-0.84116143,-0.037873644,-0.09468412,38.97783,110.32157,-17.871237,WAL
1962212313000,174.694925,-1.60182911747057,-11.0387521671098,-1.04450482935815,-0.9092729,-0.22204952,-0.14935656,38.91362,110.22547,-17.656113,WAL
1962217288000,174.6999,-1.81444749503418,-10.9482763220661,-0.786648482035701,-0.8594874,-0.35185838,-0.1469131,38.697575,110.14225,-17.476467,WAL
1962222313000,174.704925,-1.79083412143928,-11.0941854452774,-0.654202158095952,-0.72509706,-0.3943135,-0.111177474,38.384632,110.08043,-17.374996,WAL
1962227295000,174.709907,-1.64777070693403,-11.3579588170915,-0.587141179628936,-0.5375614,-0.37598756,-0.06078109,38.056656,110.0068,-17.281845,WAL
1962232360000,174.714972,-1.38297418147955,-11.831066495578,-0.504129051301634,-0.3491095,-0.31581733,-0.007941248,37.70775,109.937744,-17.232796,WAL
1962237314000,174.719926,-1.02261879883467,-12.4678583255645,-0.410337919227968,-0.18845193,-0.2846632,0.032070424,37.365105,109.854515,-17.192673,WAL
1962242306000,174.724918,-0.622815719303629,-13.1493625616305,-0.26849251585018,-0.04153884,-0.22479841,0.05131268,37.00522,109.72327,-17.130615,WAL
1962247302000,174.729914,-0.199237452212667,-13.8568781078899,-0.0962683828979473,0.02321288,-0.13347405,0.048258353,36.67314,109.58723,-17.068289,WAL
1962252507000,174.735119,0.250656983266022,-14.4426796463327,-0.00453373817323321,0.12583824,-0.034513887,0.0027488936,36.289318,109.34623,-16.9266,WAL
1962257312000,174.739924,0.671958655175805,-14.8781823857628,0.0191348950301409,0.23945917,0.053145275,-0.06352998,35.937195,109.094734,-16.774736,WAL
1962262295000,174.744907,1.0497953622873,-15.2531499722992,-0.0690367664265928,0.36743546,0.12064589,-0.1386664,35.52488,108.71939,-16.519882,WAL
1962267331000,174.749943,1.39333246952909,-15.5823732409972,-0.231262648088643,0.5009095,0.21013765,-0.22815818,35.152447,108.320206,-16.242592,WAL
1962272310000,174.754922,1.58064883686469,-15.7827063621627,-0.299567674486507,0.6835582,0.3173445,-0.31948254,34.764107,107.81669,-15.875152,WAL
1962277306000,174.759918,1.66277179572804,-15.8967658949175,-0.304130055796701,0.86254174,0.4175264,-0.41783184,34.407406,107.289536,-15.486778,WAL
1962282302000,174.764914,1.49872372599462,-15.785355980976,-0.178043257373863,1.0412198,0.48380527,-0.52381694,34.03585,106.69999,-15.039865,WAL
1962287316000,174.769928,1.07672836830645,-15.4378306228288,0.0850832718486353,1.1695015,0.5131268,-0.6398814,33.689064,106.087364,-14.572065,WAL
1962292308000,174.77492,0.686597087085807,-15.0320770833174,0.290383055979697,1.3051136,0.44837508,-0.77518797,33.33056,105.427055,-14.067806,WAL
1962297300000,174.779912,0.320326861703697,-14.5788176341697,0.450626284663858,1.4318681,0.37690386,-0.8927795,32.984913,104.75051,-13.548028,WAL
1962302279000,174.784891,-0.0336301820930233,-14.0736744186047,0.612024781395349,1.6291776,0.31978795,-0.9837985,32.63437,104.09836,-13.07587,WAL
1962307277000,174.789889,-0.375763127167019,-13.5050587061311,0.775863075687104,1.8646661,0.2883284,-1.0574077,32.278233,103.42872,-12.587084,WAL
1962312270000,174.794882,-0.698748494954797,-12.9947825892875,0.870730680264411,2.1560488,0.2611449,-1.1249083,31.935112,102.797775,-12.147862,WAL
1962317288000,174.7999,-1.00240042117235,-12.5463128025663,0.889416966905803,2.438574,0.25350907,-1.1826351,31.598108,102.163795,-11.698686,WAL
1962322262000,174.804874,-1.31444570656124,-12.1778450955702,0.845620483122483,2.7409523,0.25228736,-1.2614367,31.289564,101.57844,-11.292388,WAL
1962327290000,174.809902,-1.64551854215696,-11.9129863924958,0.713191314313918,3.01462,0.22632557,-1.3423764,30.982178,101.01343,-10.875609,WAL
1962332251000,174.814863,-2.030712342023,-11.8144894653495,0.5010327599711,3.2348368,0.22113322,-1.4159856,30.71878,100.5392,-10.5027485,WAL
1962337287000,174.819899,-2.51902132725843,-11.9851605102723,0.15020890932488,3.3875532,0.23854288,-1.491122,30.465034,79.88777,-10.112214,WAL
1962342256000,174.824868,-3.00858594504361,-12.1985867709838,-0.265850469417612,3.441004,0.31948254,-1.5265522,30.284637,80.18408,-9.775179,WAL
1962347290000,174.829902,-3.51948241751852,-12.5015077091813,-0.821959110171997,3.472158,0.48075095,-1.5818355,30.141886,80.41581,-9.418461,WAL
1962352179000,174.834791,-4.03169056060606,-12.792002030303,-1.34089805606061,3.4550538,0.68966687,-1.5989398,30.107294,80.495155,-9.146877,WAL
1962357229000,174.839841,-4.62739624514934,-13.0766758258121,-1.78899527919119,3.363424,0.86742866,-1.5824465,30.114965,80.511024,-8.878858,WAL
1962362208000,174.84482,-5.22291129090188,-13.2924715966303,-2.09288056979187,3.2125404,0.9868528,-1.5354098,30.250378,80.42294,-8.704954,WAL
1962367244000,174.849856,-5.83951354089197,-13.397628666997,-2.1597986782557,3.036611,0.99387777,-1.4676038,30.402096,80.30079,-8.549525,WAL
1962372194000,174.854806,-6.44713059764058,-13.518553978372,-2.17507248171451,2.8518243,0.86559606,-1.4068227,30.61884,80.10693,-8.496078,WAL
1962377226000,174.859838,-7.06775131836414,-13.6748932516713,-2.09453386732206,2.695443,0.6411031,-1.3481796,30.803246,79.907425,-8.460763,WAL
1962382231000,174.864843,-7.61156278023747,-13.8147124235762,-1.96635988389012,2.5708263,0.36560285,-1.2968669,30.997772,79.64129,-8.526668,WAL
1962387230000,174.869842,-7.9969475514188,-13.9206931853492,-1.73512887027571,2.4874432,0.089491755,-1.2702943,31.12127,79.3892,-8.591468,WAL
1962392219000,174.874831,-8.15011305175249,-13.9761972855442,-1.7515679934978,2.4373524,-0.21410827,-1.2626585,31.221138,79.07164,-8.736845,WAL
1962397229000,174.879841,-7.82886797504718,-13.9287651657006,-2.27547794860699,2.4147503,-0.5103779,-1.3377949,31.240404,78.78696,-8.847235,WAL
1962402346000,174.884958,-7.50076197554597,-13.8803200245349,-2.81057719816662,2.4184155,-0.6780604,-1.41904,31.25094,78.45623,-8.989578,WAL
1962407309000,174.889921,-7.18253057520895,-13.8333328766739,-3.32957222954525,2.4208589,-0.37201694,-1.525636,31.311749,78.16498,-9.097301,WAL
1962412308000,174.89492,-6.86199082701537,-13.7860048992091,-3.8523318833558,2.149024,0.3436117,-1.6603317,31.468857,77.94516,-9.170839,WAL
1962417341000,174.899953,-6.09193463777588,-13.4404728315385,-4.28930778062693,1.6859881,1.0503827,-1.7498235,31.708076,77.78545,-9.230176,WAL
1962422589000,174.905201,-5.24231358469855,-13.0144716079673,-4.62049368977306,1.3671165,1.3240504,-1.7284433,32.019985,77.66409,-9.287267,WAL
1962427307000,174.909919,-4.56898577940002,-12.2883338643226,-3.59509900080841,1.3426818,1.2577715,-1.6093245,32.42913,77.6847,-9.275456,WAL
1962432662000,174.915274,-3.8110607942933,-11.4776280305242,-2.45297159263437,1.5042557,1.0421361,-1.4672983,32.87549,77.78654,-9.174368,WAL
1962437309000,174.919921,-3.30903145078206,-11.1063794692388,-1.99734837434828,1.7235563,0.95630956,-1.4129313,33.33061,77.87197,-9.088497,WAL
1962442255000,174.924867,-2.77470024075268,-10.7112438152432,-1.5124091796758,1.8295414,0.9639453,-1.3631458,33.672203,77.90274,-8.940902,WAL
1962447297000,174.929909,-2.20713036890972,-10.6534420178589,-1.38812579636902,2.006387,1.1297953,-1.3603969,34.029114,77.8714,-8.805797,WAL
1962452251000,174.934863,-1.645391885259,-10.6581232667982,-1.33195198222003,2.1270328,1.3564262,-1.3930782,34.39994,77.823,-8.684473,WAL
1962457306000,174.939918,-1.08574110136796,-10.6471898402062,-1.37664891213323,2.209805,1.543351,-1.3946054,34.775925,77.737114,-8.497634,WAL
1962462257000,174.944869,-0.540527587817209,-10.6330896984536,-1.44245048977002,2.2180517,1.6869044,-1.4001031,35.19884,77.64097,-8.317778,WAL
1962467387000,174.949999,-0.104709926167124,-10.5719977595135,-1.18768651937525,2.2208006,1.7944167,-1.4202617,35.667694,77.54919,-8.048704,WAL
1962472333000,174.954945,0.285523342267556,-10.5023132958023,-0.867137777713809,2.1826215,1.7611245,-1.4056009,36.128613,77.44564,-7.7990475,WAL
1962477307000,174.959919,0.423820963892617,-9.95099649537983,-1.22623648609474,2.143526,1.7189748,-1.3500122,36.607605,77.36028,-7.474079,WAL
1962482334000,174.964946,0.489378442013423,-9.25327715728042,-1.78815779768019,2.1010711,1.7751744,-1.2654073,37.09626,77.26091,-7.176423,WAL
1962487318000,174.96993,0.369395231934673,-8.83166948834171,-2.15135503504523,2.067168,1.9294178,-1.1646146,37.57049,77.13302,-6.8439584,WAL
1962492265000,174.974877,0.17893709919598,-8.51741367497487,-2.43704219686432,2.0179935,2.0900755,-1.0409144,38.05003,76.98735,-6.5571227,WAL
1962497287000,174.979899,-0.00679023726327369,-8.12700784829517,-2.57397959525048,1.9785925,2.2153027,-0.94806284,38.606308,76.84658,-6.302332,WAL
1962502288000,174.9849,-0.188767766377362,-7.71037499334067,-2.65060175593441,1.9324722,2.2907448,-0.8720101,39.181973,76.69914,-6.0926204,WAL
1962507308000,174.98992,-0.374532507139296,-7.32071857289859,-2.6130339516901,1.894904,2.2910502,-0.81306165,39.809418,76.539,-5.9550023,WAL
1962512296000,174.994908,-0.560293336183069,-6.94443387962908,-2.53206123951541,1.8442022,2.2617285,-0.75716746,40.440006,76.38637,-5.8478036,WAL
1962517401000,175.000013,-0.751872486523875,-6.61203527765769,-2.45354063539006,1.8118263,2.182927,-0.7119634,41.086338,76.21047,-5.795496,WAL
1962522296000,175.004908,-0.936106983743368,-6.31265442287286,-2.37984693461387,1.7583756,2.0983222,-0.68416905,41.715412,76.053795,-5.7580357,WAL
1962527307000,175.009919,-1.10550711026751,-6.04784805114083,-2.3107984288749,1.7012597,2.0176878,-0.6575964,42.348763,75.86388,-5.775569,WAL
1962532386000,175.014998,-1.26815274446302,-5.799095934107,-2.24382665894965,1.6560557,1.9599612,-0.63591075,42.95864,75.6894,-5.8010893,WAL
1962537349000,175.019961,-1.41712794201426,-5.56327559744066,-2.20641137583276,1.598329,1.9398025,-0.627664,43.559216,75.51218,-5.8782945,WAL
1962542342000,175.024954,-1.5619287951646,-5.32972566909251,-2.18305640738498,1.559539,1.9028453,-0.62125,44.13337,75.34782,-5.960579,WAL
1962547330000,175.029942,-1.64438544141274,-5.14064965581717,-2.19120527423823,1.4804319,1.8576412,-0.61483586,44.745426,75.16464,-6.083302,WAL
1962552353000,175.034965,-1.68721675323506,-4.9788425164721,-2.2197594489909,1.4104879,1.8258762,-0.61727935,45.345833,74.99964,-6.2069654,WAL
1962557342000,175.039954,-1.76560842575698,-4.90459241181675,-2.11783193666929,1.31672,1.7996091,-0.61819565,45.960102,74.833565,-6.37332,WAL
1962562320000,175.044932,-1.86871635186787,-4.89053220448289,-1.92567629178136,1.2391402,1.7776178,-0.65668017,46.563786,74.69769,-6.5277615,WAL
1962567435000,175.050047,-1.96391342988687,-4.83292219457944,-1.71736685344811,1.1523973,1.7577647,-0.7119634,47.200314,74.572105,-6.684403,WAL
1962572394000,175.055006,-2.04801036184948,-4.74415331383178,-1.50712457232661,1.0326678,1.7559321,-0.75686204,47.83227,74.489044,-6.8339725,WAL
1962577343000,175.059955,-2.11487400778733,-4.63562035968969,-1.24501037601542,0.8927795,1.7721201,-0.8008443,48.46304,74.42396,-6.9834948,WAL
1962582375000,175.064987,-2.16726011645419,-4.50703607586718,-0.930693574829529,0.7489208,1.8002199,-0.8405506,49.09467,74.404045,-7.1232743,WAL
1962587348000,175.06996,-2.21389961972677,-4.41126588961341,-0.572237672396086,0.5992588,1.815797,-0.8689558,49.79443,74.35921,-7.255486,WAL
1962592322000,175.074934,-2.25543774866776,-4.34665097417886,-0.166086765051836,0.46578476,1.8063285,-0.8949176,50.490593,74.36042,-7.3780746,WAL
1962597342000,175.079954,-2.29794977298649,-4.27637232616308,0.208097927163582,0.33505958,1.7736472,-0.9016371,51.1651,74.37025,-7.497208,WAL
1962602357000,175.084969,-2.3411963833917,-4.19948954127064,0.534849562256128,0.20311269,1.7547104,-0.89827734,51.835308,74.42226,-7.612548,WAL
1962607332000,175.089944,-2.40283300626129,-4.13142624804335,0.836572408488862,0.067500606,1.7238617,-0.86742866,52.52089,74.44783,-7.6884317,WAL
1962612327000,175.094939,-2.48923172074052,-4.07382707164359,1.11016869686936,-0.04917465,1.6896533,-0.83291477,53.19363,74.50427,-7.765689,WAL
1962617352000,175.099964,-2.52540492929741,-4.03449641226434,1.27727889114097,-0.17745635,1.6453656,-0.78984874,53.839165,74.558846,-7.834635,WAL
1962622416000,175.105028,-2.49693131825951,-4.01867773028899,1.30733441992955,-0.2874121,1.5690074,-0.7458665,54.458694,74.63398,-7.9094434,WAL
1962627246000,175.109858,-2.4697734309544,-4.00359000636702,1.33600112689021,-0.40439278,1.4535538,-0.70463306,55.044243,74.703735,-7.985322,WAL
1962632380000,175.114992,-2.44090622734686,-3.98755266172614,1.36647211519995,-0.52320606,1.3903292,-0.6627888,55.615738,74.79368,-8.071766,WAL
1962637240000,175.119852,-2.41357965751191,-3.97237122523322,1.39531687624111,-0.6377433,1.2608259,-0.64568454,56.13084,74.90736,-8.150436,WAL
1962642338000,175.12495,-2.38491487294018,-3.95644633567747,1.42557419965425,-0.70005155,1.1279627,-0.623388,56.620182,75.028076,-8.237138,WAL
1962647256000,175.129868,-2.34767020951915,-3.9292125582607,1.37352386797571,-0.7993172,0.9960158,-0.61117065,57.088337,75.17279,-8.310436,WAL
1962652352000,175.134964,-2.28553673918323,-3.87185867777887,1.12021067126628,-0.89888823,0.89736104,-0.58276546,57.522472,75.32323,-8.387243,WAL
1962657259000,175.139871,-2.24336127681275,-3.8354997536255,0.918224983998008,-1.0064005,0.8213083,-0.5497787,57.917095,75.48263,-8.440334,WAL
1962662324000,175.144936,-2.25302392462151,-3.85482504924303,0.836092424652888,-1.1117748,0.7663304,-0.52106804,58.285328,75.65679,-8.494701,WAL
1962667341000,175.149953,-2.26259500143426,-3.87396720286853,0.754738219275896,-1.210124,0.7318166,-0.50640726,58.66191,75.8721,-8.544216,WAL
1962672421000,175.155033,-2.27228626517928,-3.89334973035857,0.672362424315737,-1.3246613,0.68508536,-0.4709771,59.01437,76.100746,-8.602521,WAL
1962677318000,175.15993,-2.28371070939585,-3.9139832814432,0.648361431986282,-1.4385877,0.627664,-0.4428773,59.3585,76.34239,-8.654624,WAL
1962682400000,175.165012,-2.30200223266936,-3.94142063797801,0.794694100446303,-1.5491543,0.54367006,-0.40683624,59.67748,76.592865,-8.71361,WAL
1962687295000,175.169907,-2.3276121668942,-3.96690852705997,0.959473698293515,-1.6624697,0.41355577,-0.38148534,59.983944,76.86959,-8.779943,WAL
1962692323000,175.174935,-2.41682639051195,-3.98569035017065,1.31633042116041,-1.7721201,0.27183503,-0.36041048,60.26017,77.151215,-8.848737,WAL
1962697355000,175.179967,-2.50589734755551,-4.01016151120183,1.6772008007667,-1.8741345,0.08979719,-0.32070425,60.47869,77.41491,-8.914715,WAL
1962702357000,175.184969,-2.59175394072488,-4.10555791398984,2.08263454140197,-1.9819523,-0.08155051,-0.2687807,60.657036,77.68091,-8.982885,WAL
1962707406000,175.190018,-2.67034345374507,-4.23364851773982,2.49866058141918,-2.0824397,-0.26542094,-0.18692477,60.732105,77.90217,-9.061627,WAL
1962712327000,175.194939,-2.64970068861148,-4.74146079868594,2.98583022656154,-2.182316,-0.40775254,-0.09010262,60.765812,78.11293,-9.153277,WAL
1962717351000,175.199963,-2.62862585584757,-5.25990194875164,3.48319667590013,-2.230269,-0.47525316,0.037873644,60.723293,78.25588,-9.26476,WAL
1962722402000,175.205014,-2.51101350585313,-6.28437718358343,4.08487407672662,-2.1927009,-0.47647488,0.22327125,60.651688,78.35014,-9.416132,WAL
1962727244000,175.209856,-2.37277178348405,-7.39952755532148,4.68852982067972,-2.0378466,-0.4175264,0.3494149,60.574207,78.40077,-9.585028,WAL
1962732403000,175.215015,-1.81906870770382,-9.33629897734757,5.60933773815986,-1.7806722,-0.3173445,0.46975538,60.464638,78.34648,-9.760051,WAL
1962737254000,175.219866,-1.17466832537671,-11.3853989422213,6.55971229513023,-1.3002267,-0.15454891,0.5363397,60.385456,78.2121,-9.95519,WAL
1962742345000,175.224957,0.0909369245535715,-13.3318981919643,8.068844534375,-0.958753,0.01038471,0.5296202,60.31423,78.04725,-10.07219,WAL
1962747321000,175.229933,1.52000766414984,-15.1679538177407,9.7106571419837,-0.12492194,0.06261369,0.39858958,60.25557,77.75177,-10.168372,WAL
1962752349000,175.234961,2.80291390515094,-16.3931002730896,10.5747564120753,0.66828656,0.08093964,0.18692477,60.24461,77.46119,-10.014074,WAL
1962757325000,175.239937,4.00412045388064,-17.3379225490684,11.0922723104513,1.1713341,0.23548855,-0.028099801,60.28409,77.09095,-9.839613,WAL
1962762343000,175.244955,4.93545683157639,-17.656744246457,9.85076177984857,1.3567317,0.63071835,-0.1704314,60.213505,76.66809,-9.3571415,WAL
1962767398000,175.25001,5.74841157837313,-17.6943378035333,7.81132570995923,1.3518448,1.0506883,-0.2648101,60.21056,76.15068,-8.886149,WAL
1962772348000,175.25496,5.37834335761843,-16.7280099269838,6.56074624628382,1.2333369,1.3759739,-0.3304781,60.23592,75.64193,-8.279449,WAL
1962777346000,175.259958,4.34816301695665,-15.187553239465,5.7183090424218,1.0500773,1.5528195,-0.3726278,60.350063,75.11213,-7.7306175,WAL
1962782400000,175.265012,3.18191988513929,-13.3041380446119,5.05534539276296,0.8362745,1.5867225,-0.39370266,60.608074,74.89493,-7.1672564,WAL
1962787349000,175.269961,1.97435829194012,-11.2884030342024,4.50559956111827,0.6068946,1.498147,-0.41233405,60.884136,74.70115,-6.635497,WAL
1962792309000,175.274921,0.891785820810098,-9.36621743401602,4.21847909329819,0.40622538,1.3680327,-0.4260785,61.22415,74.54269,-6.2660403,WAL
1962797343000,175.279955,-0.129791339962486,-7.47458860507959,4.08650489518402,0.22235495,1.221425,-0.42119157,61.528973,74.42819,-5.9077134,WAL
1962802351000,175.284963,-1.05635398279469,-6.23826284587092,3.91966630351938,0.028710667,1.0412198,-0.38026363,61.82046,74.32173,-5.719254,WAL
1962807346000,175.289958,-1.9336899304253,-5.34195741145038,3.73471443249727,-0.19181168,0.8579602,-0.28680122,62.056828,74.263916,-5.5442677,WAL
1962812363000,175.294975,-2.63929129302661,-5.20190425707038,3.55619201661278,-0.4202753,0.72601336,-0.14966199,62.247856,74.18026,-5.5147743,WAL
1962817382000,175.299994,-3.24654138866949,-5.48879416648098,3.38166736936086,-0.63285637,0.6569856,0.022602014,62.39079,74.13977,-5.513528,WAL
1962822343000,175.304955,-3.84677404945536,-5.77236875117632,3.20915954409351,-0.7984009,0.59620446,0.19456059,62.5052,74.11238,-5.6486487,WAL
1962827346000,175.309958,-4.45208830099975,-6.05834408825168,3.03519126152698,-0.945314,0.4905248,0.36041048,62.574734,74.11588,-5.821294,WAL
1962832370000,175.314982,-4.82191855497479,-6.9572300802948,3.10188417746315,-1.063211,0.4111123,0.5006041,62.623764,74.1376,-6.0277343,WAL
1962837348000,175.31996,-5.04382685611908,-8.21933458999224,3.31454653875097,-1.1181889,0.16065755,0.56107974,62.588844,74.16574,-6.236277,WAL
1962842342000,175.324954,-5.29978413978495,-9.95843737634408,3.44281051182796,-1.183246,-0.22479841,0.65057147,62.55452,74.22499,-6.6308255,WAL
1962847336000,175.329948,-5.58239800071685,-12.0757230878621,3.50303961282573,-1.1881329,-0.72234815,0.7021896,62.4157,74.26277,-7.004184,WAL
1962852349000,175.334961,-5.95100369180479,-13.9608586158175,3.14111122302026,-1.1346822,-1.2583824,0.7620544,62.16548,74.289024,-7.3772655,WAL
1962857346000,175.339958,-6.40634864493554,-15.5912880990383,2.34303326703499,-0.9963212,-1.6630806,0.8405506,61.80795,74.26944,-7.739163,WAL
1962862364000,175.344976,-6.6763982347181,-16.7721713145401,1.56872073916914,-0.79443026,-1.8270979,0.91507614,61.42301,74.2738,-8.077207,WAL
1962867371000,175.349983,-6.78548580810089,-17.5594985400593,0.819337030139466,-0.5296202,-1.6190983,0.95356065,61.02977,74.21047,-8.412972,WAL
1962872342000,175.354954,-6.22259172229225,-18.1352879797343,0.893699116130127,-0.172264,-1.1456778,0.8949176,60.78051,74.204,-8.76484,WAL
1962877348000,175.35996,-5.0232409130224,-18.5211261699796,1.73975285638224,0.35827246,-0.60048056,0.8167268,60.610497,74.07752,-9.123457,WAL
1962882352000,175.364964,-3.54243679269032,-17.7146591901729,2.03380065580831,0.990518,-0.3811799,0.6627888,60.5655,73.96413,-9.438422,WAL
1962887349000,175.369961,-1.72324815033869,-15.4697027567486,1.66125402175715,1.4114041,-0.4877759,0.3717115,60.59255,73.80811,-9.692015,WAL
1962892315000,175.374927,-0.345440996432339,-12.8869664099933,0.741898955327515,1.3701707,-0.77518797,-0.0076358155,60.60579,73.675186,-9.673463,WAL
1962897345000,175.379957,0.560052637690611,-9.87019412170327,-0.814995694523832,0.93462384,-0.86559606,-0.27183503,60.64911,73.57135,-9.612849,WAL
1962902298000,175.38491,1.14967812433809,-7.23372504881874,-1.84520780378819,0.28588495,-0.77366084,-0.4550946,60.625874,73.613655,-9.333605,WAL
1962907349000,175.389961,1.25312229572301,-5.09587942313646,-2.06687387063136,-0.3631594,-0.81245077,-0.5714644,60.54807,73.78175,-8.997032,WAL
1962912319000,175.394931,1.21143785368214,-3.53346312643588,-2.09250406191975,-0.9104946,-0.96486163,-0.5479461,60.466377,74.16615,-8.664448,WAL
1962917383000,175.399995,0.968189928489378,-2.69878902761605,-1.84925615664831,-1.3225232,-1.1652255,-0.46211955,60.36348,74.675446,-8.31818,WAL
1962922239000,175.404851,0.673814670880788,-2.13647900687685,-1.68551232065025,-1.6206255,-1.352761,-0.37720928,60.21136,75.23512,-7.999129,WAL
1962927342000,175.409954,0.259739976094581,-1.95351574322168,-1.63254926402956,-1.8576412,-1.4559973,-0.3173445,60.026787,75.86222,-7.6966577,WAL
1962932290000,175.414902,-0.125237049453364,-1.86511259371614,-1.74598587882399,-2.019215,-1.6807957,-0.2996294,59.754826,76.460464,-7.423543,WAL
1962937349000,175.419961,-0.487901178351226,-1.9414629340195,-2.17068466856102,-2.0851886,-1.9193386,-0.23915374,59.452015,77.06427,-7.181774,WAL
1962942272000,175.424884,-0.862685361845199,-2.13534059074579,-2.60922181421048,-2.1526892,-2.1529946,-0.14905111,59.139538,77.63379,-6.9943113,WAL
1962947333000,175.429945,-1.29572218988997,-2.59572714275369,-3.11519116016176,-2.159714,-2.3619106,-0.050701816,58.77525,78.17507,-6.825815,WAL
1962952288000,175.4349,-1.71994685526547,-3.0746504027472,-3.59252743747686,-2.1294763,-2.547308,0.04734206,58.292336,78.770775,-6.741629,WAL
1962957343000,175.439955,-2.15382796982952,-3.68302731034584,-4.00282812198734,-2.067168,-2.7033842,0.16249016,57.760967,79.32093,-6.689917,WAL
1962962362000,175.444974,-2.54571633937258,-4.27349979882855,-4.40555361118833,-1.969735,-2.7598891,0.27977628,57.24308,79.85957,-6.7301965,WAL
1962967355000,175.449967,-2.72135707268937,-4.78618077116053,-4.78057024239055,-1.8967366,-2.6624563,0.40958515,56.727314,80.32827,-6.814135,WAL
1962972344000,175.454956,-2.87043427360483,-5.30064959112117,-5.10052637637004,-1.831374,-2.4474316,0.54733527,56.27717,80.724625,-6.994048,WAL
1962977340000,175.459952,-2.85119025429864,-5.8298631864555,-5.07166009622926,-1.7690657,-2.182316,0.6979135,55.873226,81.01361,-7.2241187,WAL
1962982327000,175.464939,-2.83082850432633,-6.37158335500618,-4.98512431953028,-1.7101172,-1.9364429,0.86162543,55.572353,81.20664,-7.5233536,WAL
1962987316000,175.469928,-2.80357045269564,-6.9939736996577,-4.55353967216887,-1.6511687,-1.7437148,1.022283,55.339504,81.26758,-7.871295,WAL
1962992498000,175.47511,-2.77438503736034,-7.64993985094014,-4.12080952735035,-1.6242907,-1.5937474,1.1823297,55.207596,81.20268,-8.251528,WAL
1962997301000,175.479913,-2.73678154804251,-8.37276207659188,-3.9077232914797,-1.6166549,-1.4480561,1.3264939,55.14118,81.01783,-8.672886,WAL
1963002298000,175.48491,-2.69765920031792,-9.12478011981106,-3.68603019952766,-1.6239853,-1.2684617,1.4605788,55.16675,80.73105,-9.100468,WAL
1963007310000,175.489922,-2.58807788033037,-9.91500429819536,-3.4770886076005,-1.6163495,-1.0803152,1.561677,55.24942,80.37322,-9.552561,WAL
1963012302000,175.494914,-2.46482762630574,-10.7092842638213,-3.27167140634011,-1.6105462,-0.9251554,1.6523905,55.386795,79.949066,-10.031302,WAL
1963017323000,175.499935,-2.12501095186686,-11.3963226479799,-3.0854661322019,-1.6001616,-0.79809546,1.7449366,55.63921,79.517746,-10.480802,WAL
1963022269000,175.504881,-1.71528968406876,-12.0342429219315,-2.90913048238257,-1.5479325,-0.7464773,1.81091,55.921467,100.94104,-10.937852,WAL
1963027308000,175.50992,-1.31913675647416,-12.4674946012158,-2.63787761051672,-1.5076154,-0.7443393,1.8127426,56.156845,101.3988,-11.378098,WAL
1963032311000,175.514923,-0.928012165992184,-12.8752627801997,-2.3590972858706,-1.5008959,-0.7593055,1.7974709,56.408794,101.87183,-11.820716,WAL
1963037313000,175.519925,-0.567047804210526,-13.1217375789474,-2.22635557894737,-1.5018122,-0.75991637,1.7250835,56.612907,102.27888,-12.188378,WAL
1963042303000,175.524915,-0.226091274089546,-13.2650384495916,-2.18682441815738,-1.5060883,-0.68233645,1.6132951,56.840446,102.67044,-12.531305,WAL
1963047302000,175.529914,0.0847211239033669,-12.8725476146091,-2.02650663907171,-1.5317446,-0.5332854,1.4425583,56.96766,102.98948,-12.792736,WAL
1963052323000,175.534935,0.38199470587217,-12.2185454114514,-1.80698148948069,-1.5705346,-0.4297437,1.2492194,57.107525,103.27313,-13.009761,WAL
1963057307000,175.539919,0.622647467186969,-11.5997877268912,-1.84302474955531,-1.6111571,-0.39950588,1.0534371,57.216553,103.492966,-13.147492,WAL
1963062321000,175.544933,0.824182468973719,-10.9999811500949,-2.06855203445588,-1.6059648,-0.4083634,0.8738427,57.344696,103.669464,-13.232441,WAL
1963067321000,175.549933,0.861774817122302,-10.3920755611511,-2.00334399640288,-1.570229,-0.3924809,0.7244862,57.43223,103.7993,-13.263237,WAL
1963072314000,175.554926,0.778230196394656,-9.77777748304214,-1.72322381620761,-1.4364496,-0.4550946,0.593761,57.493134,103.882996,-13.250024,WAL
1963077304000,175.559916,0.590766120795125,-9.24430649361578,-1.47672078070226,-1.3048081,-0.68600166,0.4633413,57.505917,103.95647,-13.206267,WAL
1963082348000,175.56496,0.338445343878893,-8.75368259537628,-1.24776304284194,-1.2293663,-1.0268645,0.33567044,57.466377,103.99589,-13.131789,WAL
1963087310000,175.569922,0.0302086627811203,-8.32901370224066,-1.39876016790456,-1.2263119,-1.4541647,0.21105394,57.29433,104.01807,-13.059091,WAL
1963092307000,175.574919,-0.327216841340249,-7.94676683950208,-1.84554204157676,-1.2901474,-1.8383989,0.07880162,57.03355,104.00699,-12.956979,WAL
1963097299000,175.579911,-0.61196766042232,-7.71602756674947,-2.44211315119434,-1.3591752,-2.125811,-0.044898596,56.655975,103.99649,-12.877102,WAL
1963102323000,175.584935,-0.855617149098032,-7.57351551354863,-3.13168715310529,-1.4251486,-2.2547035,-0.14905111,56.213345,103.9635,-12.771966,WAL
1963107307000,175.589919,-1.06150970428444,-7.5235004750967,-3.71512280476049,-1.4920384,-2.2608123,-0.19761491,55.78582,104.006744,-12.710061,WAL
1963112295000,175.594907,-1.23680053014976,-7.5519258914212,-4.21256961868492,-1.5265522,-2.1612413,-0.21594086,55.354893,104.03701,-12.629567,WAL
1963117282000,175.599894,-1.36561020443526,-7.70929130069536,-4.5435530879346,-1.5265522,-1.9566014,-0.2012801,55.075714,104.151306,-12.579408,WAL
1963122313000,175.604925,-1.45163132219508,-7.98999197932719,-4.7201229870795,-1.5076154,-1.6780468,-0.16554448,54.852196,104.2743,-12.528079,WAL
1963127306000,175.609918,-1.50538827579605,-8.25092298085564,-4.64923201404571,-1.4871514,-1.5143349,-0.13805555,54.75598,104.45028,-12.498677,WAL
1963132346000,175.614958,-1.51010277784724,-8.48664857569838,-4.19192497048252,-1.4773777,-1.1710287,-0.06780604,54.798313,104.65239,-12.480235,WAL
1963137298000,175.61991,-1.50989063518922,-8.72751103229641,-3.6430461929463,-1.4862351,-0.9059132,0.04184427,54.76833,104.96237,-12.530155,WAL
1963142304000,175.624916,-1.50039163364375,-8.98873357479691,-2.89737407568853,-1.5262468,-0.7510588,0.15882497,54.811886,105.29863,-12.595239,WAL
1963147265000,175.629877,-1.42611968092859,-9.19814606438684,-2.19219358139704,-1.5512923,-0.70524395,0.24312437,54.839195,105.59962,-12.667711,WAL
1963152289000,175.634901,-1.21074426323131,-9.30332972293358,-1.55107589961482,-1.5922203,-0.70554936,0.2941316,54.90449,105.92893,-12.759634,WAL
1963157239000,175.639851,-0.98410347148658,-9.32540667841933,-0.900050119238388,-1.6175711,-0.75441855,0.3304781,54.880383,106.1752,-12.859079,WAL
1963162298000,175.64491,-0.72979024209171,-9.21984232866198,-0.204287532732495,-1.606881,-0.8857546,0.36102137,54.837666,106.42824,-12.9738035,WAL
1963167293000,175.649905,-0.506413862168533,-9.13030275132587,0.295639460925162,-1.582141,-1.1203269,0.35430184,54.594475,106.6265,-13.096969,WAL
1963172324000,175.654936,-0.326599019490277,-9.06405532203889,0.494382183600471,-1.5427402,-1.3735305,0.34116822,54.31368,106.81865,-13.230419,WAL
1963177245000,175.659857,-0.176282217104623,-8.99476431454988,0.54585747267056,-1.4559973,-1.5803084,0.3182608,53.883865,106.88784,-13.352178,WAL
1963182322000,175.664934,-0.072177899756691,-8.91431992895377,0.313988772812652,-1.325883,-1.7046194,0.2874121,53.409523,106.93041,-13.467408,WAL
1963187268000,175.66988,-0.0118591988382864,-8.85261641846777,0.0688968254737553,-1.1704178,-1.7146988,0.27091873,52.858524,106.923004,-13.564656,WAL
1963192307000,175.674919,-0.0537655823909687,-8.83166328989772,-0.229104138009938,-0.9877691,-1.6475036,0.27122417,52.299942,106.87913,-13.649277,WAL
1963197298000,175.67991,-0.0952727783249711,-8.81090975453493,-0.524266433851795,-0.8268061,-1.5036448,0.26267207,51.76354,106.84233,-13.709561,WAL
1963202305000,175.684917,-0.136913036798533,-8.79008968810305,-0.82037495224093,-0.6789767,-1.3191634,0.25717425,51.26468,106.77288,-13.756481,WAL
1963207304000,175.689916,-0.203345836416058,-8.77376245179697,-1.07119497759536,-0.5910121,-1.131017,0.25686884,50.7967,106.691795,-13.7937975,WAL
1963212283000,175.694895,-0.413381738916809,-8.78330973040344,-1.0616478983682,-0.56138515,-1.0021244,0.27458394,50.3706,106.596756,-13.820785,WAL
1963217361000,175.699973,-0.630634816641383,-8.78782172510802,-1.0460742425156,-0.5687156,-0.92271197,0.28863382,50.04129,106.59155,-13.854834,WAL
1963222382000,175.704994,-0.861480466911186,-8.76473717743639,-0.999905098963034,-0.6310238,-0.8970556,0.29840767,49.73771,106.59007,-13.88529,WAL
1963227358000,175.70997,-1.09128289466135,-8.73336902549801,-0.955116710581673,-0.6957755,-0.87109387,0.30665436,49.451782,106.61717,-13.946027,WAL
1963232329000,175.714941,-1.33310773570717,-8.60060223057769,-0.921925066314741,-0.7275405,-0.8906415,0.3454443,49.165863,106.654755,-14.014669,WAL
1963237388000,175.72,-1.57272448518519,-8.47228174074074,-0.896318205925926,-0.80939645,-0.9279043,0.3930918,48.87579,106.73719,-14.123725,WAL
1963242309000,175.724921,-1.72673580095068,-8.43027877866905,-0.970990379994058,-0.87964594,-0.956615,0.44135013,48.589993,106.827324,-14.238393,WAL
1963247286000,175.729898,-1.88006620634666,-8.38945034263909,-1.04822282124925,-0.9257663,-0.97219205,0.48655418,48.296345,106.97056,-14.401794,WAL
1963252313000,175.734925,-1.96708838223539,-8.39428500612573,-1.17392154780076,-0.9798279,-0.98807454,0.54428095,48.004566,107.13336,-14.576026,WAL
1963257436000,175.740048,-2.04978578398087,-8.40130430245069,-1.3005510475792,-1.0256428,-1.0256428,0.58459806,47.706924,107.3424,-14.782154,WAL
1963262284000,175.744896,-2.05441104064555,-8.4336812922893,-1.40230669420203,-1.0439687,-1.087951,0.63529986,47.408947,107.5634,-15.0010195,WAL
1963267420000,175.750032,-2.05930203616692,-8.47888659737249,-1.51019723786708,-1.065349,-1.1560625,0.66981375,47.10514,107.82479,-15.243492,WAL
1963272368000,175.75498,-2.06387950973725,-8.68487243006182,-1.6154792255796,-1.0888673,-1.2144,0.70921457,46.79778,108.092705,-15.494954,WAL
1963277664000,175.760276,-2.06932102480127,-8.90708451669316,-1.7221808508744,-1.102001,-1.2550226,0.7339546,46.480667,108.37903,-15.753434,WAL
1963282351000,175.764963,-2.08611208285794,-9.14215862816796,-1.68440112366034,-1.1187997,-1.2709051,0.75411314,46.164986,108.666824,-16.01385,WAL
1963287303000,175.769915,-2.10385249666137,-9.39052368044515,-1.64448535468998,-1.1362094,-1.2651019,0.7632761,45.84227,108.96181,-16.272318,WAL
1963292328000,175.77494,-2.09495036344622,-9.75174575697211,-1.51417994008964,-1.1386528,-1.2360858,0.7675522,45.531853,109.24937,-16.525202,WAL
1963297274000,175.779886,-2.08079682284861,-10.1291708788845,-1.36792765608566,-1.1252137,-1.2147056,0.7583892,45.22952,109.524925,-16.767752,WAL
1963302321000,175.784933,-2.05470526089021,-10.4221856848665,-1.160879528,-1.0925325,-1.1936307,0.77854776,44.90693,109.79269,-17.009392,WAL
1963307256000,175.789868,-2.02665688818991,-10.6886454207715,-0.945841838,-1.0601566,-1.207986,0.79137594,44.58767,110.04388,-17.238258,WAL
1963312330000,175.794942,-1.94408795477302,-10.7758245221019,-0.831263411294328,-0.97219205,-1.2272283,0.8142834,44.21709,110.25527,-17.458702,WAL
1963317257000,175.799869,-1.85034618813947,-10.813321502831,-0.746895787064667,-0.8436049,-1.235475,0.83291477,43.85452,110.44878,-17.672426,WAL
1963322320000,175.804932,-1.59088991365936,-10.8480590493999,-1.03178525481599,-0.6337727,-1.2379184,0.8518516,43.424747,110.59014,-17.876493,WAL
1963327253000,175.809865,-1.29331113917369,-10.880862936663,-1.41137392851404,-0.40103304,-1.1850786,0.86376345,43.01908,110.70604,-18.071234,WAL
1963332310000,175.814922,-0.988252176559865,-10.9144914097808,-1.80050425952782,-0.26633725,-1.0635164,0.8750645,42.602245,110.79801,-18.252129,WAL
1963337255000,175.819867,-0.689949512900506,-10.947375095675,-2.18101631941772,0.004581489,-0.8512407,0.86132,42.236824,110.83293,-18.411713,WAL
1963342333000,175.824945,-0.193354145528519,-10.8733889321249,-2.6486375225101,0.24678956,-0.5403103,0.82833326,41.926052,110.862045,-18.558651,WAL
1963347296000,175.829908,0.354471083901094,-10.7656965746232,-3.13091097271205,0.38240165,-0.19547687,0.7703011,41.69478,110.859634,-18.674347,WAL
1963352332000,175.834944,0.877699755541567,-10.5819617135292,-3.28664175829337,0.410196,0.08552113,0.6750061,41.58527,110.832504,-18.710287,WAL
1963357300000,175.839912,1.38161889755596,-10.3727879653277,-3.31516556404876,0.30176744,0.24098633,0.5516113,41.537685,110.78326,-18.708817,WAL
1963362319000,175.844931,1.65566797032431,-10.4505005916962,-3.1769007012341,0.08277224,0.27030787,0.39950588,41.550705,110.70587,-18.624607,WAL
1963367341000,175.849953,1.83970983321534,-10.6391434002679,-2.97445471931503,-0.16829337,0.18906279,0.19975294,41.56571,110.6018,-18.48994,WAL
1963372316000,175.854928,1.76917216222404,-10.989409480785,-2.68443457502044,-0.40958515,0.06414085,0.018020526,41.533134,110.44811,-18.274555,WAL
1963377303000,175.859915,1.55439088000818,-11.4336164135323,-2.34273715009199,-0.5910121,-0.07452556,-0.1328632,41.459595,110.277306,-18.017668,WAL
1963382300000,175.864912,1.11839617425878,-11.7305934551655,-1.89453830704112,-0.72051555,-0.17837265,-0.23304509,41.281307,110.053474,-17.70094,WAL
1963387322000,175.869934,0.573290503181545,-11.9573183697091,-1.39284811307924,-0.7675522,-0.27763826,-0.28496864,41.053978,109.82145,-17.366013,WAL
1963392308000,175.87492,-0.309324125625433,-11.9379082888977,-0.81818104037833,-0.7635816,-0.3659083,-0.31306845,40.71758,109.56443,-17.033491,WAL
1963397310000,175.879922,-1.35306991100327,-11.8050682076855,-0.206166450282262,-0.6939429,-0.41538838,-0.30818152,40.360935,109.30517,-16.704357,WAL
1963402289000,175.884901,-1.69200634688347,-11.9534641761518,0.107654730840108,-0.5910121,-0.4129449,-0.26358834,39.91926,109.06874,-16.454136,WAL
1963407312000,175.889924,-1.67269318161196,-12.2479900473753,0.271816756647596,-0.4456262,-0.37965274,-0.2171626,39.47692,108.82096,-16.209942,WAL
1963412287000,175.894899,-1.4901245001525,-12.7486402214068,0.465387894130766,-0.27885997,-0.34972036,-0.16737708,39.031155,108.6558,-16.109766,WAL
1963417359000,175.899971,-1.22160879813191,-13.3643743502669,0.678348595648113,-0.1020145,-0.34666604,-0.12461651,38.60013,108.48112,-16.019148,WAL
1963422310000,175.904922,-0.926561440199878,-14.0008812251683,0.928147458800734,0.079107046,-0.34208453,-0.105374254,38.143284,108.266754,-15.922216,WAL
1963427349000,175.909961,-0.601760608999592,-14.6750892505609,1.21357854600245,0.17531833,-0.321926,-0.1160644,37.705486,108.0489,-15.826259,WAL
1963432344000,175.914956,-0.277068143873727,-15.1771870329939,1.29750718248473,0.36713,-0.3387248,-0.16065755,37.185966,107.72129,-15.665887,WAL
1963437363000,175.919975,0.0508770318217923,-15.5785526808554,1.25834952713849,0.5543602,-0.38453966,-0.23060162,36.67815,107.38441,-15.495564,WAL
1963442346000,175.924958,0.330520942314787,-15.7838683412675,1.03378795938709,0.72784597,-0.38759398,-0.30573806,36.1112,106.93885,-15.242715,WAL
1963447330000,175.929942,0.586145611433105,-15.8880115990281,0.711890237058415,0.89858276,-0.36102137,-0.3979787,35.556274,106.46799,-14.968847,WAL
1963452362000,175.934974,0.802626822985403,-15.831157690212,0.443486979947011,1.0482447,-0.30115658,-0.49235737,34.986794,105.933426,-14.628009,WAL
1963457350000,175.939962,0.993665078574285,-15.6831033076885,0.209465125577884,1.2116512,-0.21319197,-0.58368176,34.450256,105.37897,-14.265998,WAL
1963462297000,175.944909,1.04551710967742,-15.4367555759813,0.0982357810252623,1.3658947,-0.13897185,-0.68844515,33.94511,104.7947,-13.853685,WAL
1963467382000,175.949994,1.0171272266129,-15.1244668128644,0.0556509994128449,1.5228871,-0.0852157,-0.786489,33.472343,104.19611,-13.423192,WAL
1963472312000,175.954924,0.880242895731343,-14.6131406307463,0.106416906065373,1.6951511,-0.06566802,-0.8775079,33.03179,103.57658,-12.9584,WAL
1963477309000,175.959921,0.661203701631841,-13.941738241393,0.225459951287363,1.8903224,-0.08827003,-0.98471475,32.6027,102.937744,-12.469148,WAL
1963482312000,175.964924,0.370486599717758,-13.1443754345119,0.245303233756529,2.133447,-0.12736541,-1.0778717,32.194202,102.306564,-11.979304,WAL
1963487317000,175.969929,0.0238515956548814,-12.2489017071113,0.187530733917236,2.4080307,-0.15332718,-1.1450669,31.790442,101.67271,-11.474001,WAL
1963492308000,175.97492,-0.404172209257836,-11.6209493331362,0.168184059728957,2.6978865,-0.11484267,-1.2024882,31.41567,101.0911,-11.001285,WAL
1963497286000,175.979898,-0.892840434763454,-11.1933643518628,0.177581523811354,3.0231721,-0.047036625,-1.2538009,31.050247,100.534325,-10.516693,WAL
1963502302000,175.984914,-1.46043719691582,-11.0652083335625,0.204791846961988,3.3414328,0.016187929,-1.3213016,30.74843,79.912704,-10.084719,WAL
1963507312000,175.989924,-2.09193645258815,-11.1971631022493,0.247205977469797,3.5876117,0.054061573,-1.3946054,30.46621,80.29609,-9.640467,WAL
1963512282000,175.994894,-2.68242696321978,-11.4568976219475,0.16245637258969,3.7207801,0.08979719,-1.4669929,30.252695,80.524864,-9.2611265,WAL
1963517388000,176,-3.25245041778716,-11.854931641845,-0.0537594628097679,3.7598755,0.17531833,-1.5060883,30.071802,80.65997,-8.876274,WAL
1963522408000,176.00502,-3.78630356828237,-12.279481973159,-0.417299629397306,3.6780195,0.24281894,-1.5198327,29.962461,80.62876,-8.573158,WAL
1963527345000,176.009957,-4.28835001553436,-12.7257453200275,-0.905400393779373,3.595553,0.3594942,-1.5296066,29.898048,80.5191,-8.2692795,WAL
1963532320000,176.014932,-4.80148414160787,-13.106624318096,-1.4755676984597,3.3988543,0.4709771,-1.5293012,29.916683,80.313385,-8.055583,WAL
1963537353000,176.019965,-5.32836566968101,-13.4179636074729,-2.13656439727715,3.150843,0.56199604,-1.520749,29.964394,80.08647,-7.8504057,WAL
1963542330000,176.024942,-5.8220672614719,-13.6611770960529,-2.65390485770951,2.9150488,0.6261369,-1.4895949,30.10867,79.82798,-7.742378,WAL
1963547331000,176.029943,-6.28768656737313,-13.8334563437682,-3.02174411180245,2.7183504,0.66339964,-1.4581354,30.266851,79.5948,-7.6420326,WAL
1963552301000,176.034913,-6.7230248337411,-13.967621434072,-3.17807665530934,2.5601363,0.6401868,-1.38025,30.496586,79.362854,-7.6543393,WAL
1963557347000,176.039959,-7.12520469482603,-14.0499952463652,-3.03271051787827,2.447737,0.5164866,-1.2913691,30.698732,79.15581,-7.6740284,WAL
1963562305000,176.044917,-7.3963348751945,-14.3451429515108,-2.91010689487968,2.3854287,0.33353242,-1.2293663,30.937551,78.93829,-7.7738986,WAL
1963567410000,176.050022,-7.49805913537181,-14.9554892514927,-2.81280533625837,2.3561072,0.11209377,-1.2434162,31.121143,78.74216,-7.8635435,WAL
1963572302000,176.054914,-7.46573555071916,-15.3418936773753,-2.79423768740157,2.243097,0.0290161,-1.4468343,31.336699,78.55168,-7.96289,WAL
1963577307000,176.059919,-6.92728777208399,-14.9644767424672,-3.06597765984252,1.9782871,0.19517145,-1.6325374,31.552795,78.40803,-8.054157,WAL
1963582273000,176.064885,-6.30153516280774,-14.4843340511182,-3.24952690159744,1.6261233,0.40561453,-1.6694947,31.768963,78.31429,-8.11506,WAL
1963587318000,176.06993,-5.44346978703251,-13.7397694185304,-3.22682681932907,1.3353515,0.54305923,-1.6255124,32.004505,78.289,-8.141131,WAL
1963592259000,176.074871,-4.56745626405229,-13.0073143325163,-3.18294252401961,1.258077,0.675617,-1.5241088,32.277004,78.33218,-8.11064,WAL
1963597288000,176.0799,-3.49030897001634,-12.2449498773489,-3.02555115594363,1.3063353,0.78893244,-1.4089607,32.57099,78.39632,-8.098374,WAL
1963602272000,176.084884,-2.47051188829578,-11.5343840889659,-2.81827557010399,1.4361442,0.9120218,-1.3048081,32.85357,78.4901,-7.999307,WAL
1963607311000,176.089923,-1.62486675304063,-10.9907552661275,-2.4093921592721,1.5790867,1.10139,-1.244027,33.178616,78.55389,-7.931266,WAL
1963612322000,176.094934,-0.826923352598425,-10.5093015984252,-1.99793298661417,1.7150042,1.217149,-1.2266175,33.489902,78.619125,-7.737046,WAL
1963617332000,176.099944,-0.297030853201759,-10.3964544095511,-1.55635597209326,1.8487836,1.2577715,-1.2452488,33.827396,78.64517,-7.561706,WAL
1963622301000,176.104913,0.195835282834,-10.281276234898,-1.19125873486874,1.928807,1.3090842,-1.251052,34.15317,78.66274,-7.2749834,WAL
1963627308000,176.10992,0.542119979418366,-10.1502489035815,-1.15850204862887,1.9465221,1.3863586,-1.2629639,34.49328,78.657326,-6.9931674,WAL
1963632330000,176.114942,0.851133338565022,-10.0313395919283,-1.12168886143498,1.9578232,1.5509869,-1.2360858,34.828987,78.61613,-6.650143,WAL
1963637317000,176.119929,0.913004192526158,-9.99326544962631,-1.05981800747384,1.9843957,1.7376062,-1.17897,35.18565,78.546265,-6.327492,WAL
1963642304000,176.124916,0.960810919185728,-9.93672991184532,-1.0070298336722,2.0409007,1.8860464,-1.1340714,35.577267,78.450226,-5.9630675,WAL
1963647306000,176.129918,0.908293334115712,-9.7481440177904,-1.01896566205711,2.076331,2.0295997,-1.1023064,36.011654,78.32801,-5.63054,WAL
1963652304000,176.134916,0.855817746314845,-9.55970893212737,-1.03089194559725,2.0900755,2.1313088,-1.058324,36.481255,78.15737,-5.319216,WAL
1963657304000,176.139916,0.803321159879404,-9.3711984422684,-1.04282300155977,2.0564778,2.1566598,-0.9972375,36.959846,77.97126,-5.03585,WAL
1963662302000,176.144914,0.737175176751592,-9.16406425017693,-1.09546593756192,1.9654589,2.1355848,-0.9282097,37.470432,77.765656,-4.77691,WAL
1963667313000,176.149925,0.558870710700637,-8.80321018895966,-1.48179231613588,1.8585575,2.1591032,-0.8622363,37.99005,77.5608,-4.54819,WAL
1963672261000,176.154873,0.382807949171974,-8.44689290799717,-1.86326166779901,1.8090774,2.2327125,-0.7858781,38.54304,77.32561,-4.3731103,WAL
1963677306000,176.159918,0.130461720805165,-8.11908278475123,-2.16039829774972,1.8038851,2.2898283,-0.70829827,39.08686,77.10067,-4.225679,WAL
1963682353000,176.164965,-0.135715679080896,-7.79783414249905,-2.44034343634637,1.7935003,2.3075435,-0.6426302,39.629326,76.88654,-4.1059556,WAL
1963687312000,176.169924,-0.42430842699096,-7.53230035984179,-2.62986842526197,1.7901406,2.2748623,-0.5946773,40.221294,76.68108,-4.05117,WAL
1963692243000,176.174855,-0.720241996862544,-7.28488052009451,-2.78996366932402,1.756543,2.2351558,-0.5729916,40.80784,76.48975,-4.0137644,WAL
1963697301000,176.179913,-0.980007682044471,-7.0357797214876,-2.89255745444707,1.7229455,2.1978931,-0.5644395,41.430595,76.30592,-4.043249,WAL
1963702252000,176.184864,-1.22258614055785,-6.79320118016529,-2.97652693078512,1.6933185,2.1700988,-0.5537493,42.038376,76.136734,-4.0821757,WAL
1963707307000,176.189919,-1.51810083106434,-6.39219270653692,-2.88524069070677,1.6398678,2.1248949,-0.5513059,42.66934,75.98093,-4.1865993,WAL
1963712295000,176.194907,-1.82502600122916,-5.94737369810038,-2.73845047876897,1.5787812,2.071444,-0.5467244,43.28521,75.84357,-4.296016,WAL
1963717317000,176.199929,-1.99341587956204,-5.65458718423358,-2.60751988065693,1.5326608,2.0454822,-0.5488624,43.92626,75.71327,-4.459704,WAL
1963722292000,176.204904,-2.07290641918665,-5.46082903929093,-2.48828407122002,1.5033394,1.9828686,-0.5555819,44.538746,75.60406,-4.6200767,WAL
1963727309000,176.209921,-2.09430568944234,-5.27166915157011,-2.30693709878181,1.4263704,1.9394971,-0.57940567,45.17602,75.47501,-4.858677,WAL
1963732375000,176.214987,-2.08992777310955,-5.08341861211875,-2.09679697766649,1.3494014,1.9080375,-0.61941737,45.797333,75.366356,-5.087358,WAL
1963737312000,176.219924,-2.11656109041723,-4.93668496756841,-1.8406859750078,1.2596041,1.8759671,-0.643852,46.43431,75.25685,-5.315693,WAL
1963742303000,176.224915,-2.17623996936843,-4.82727368949121,-1.52737165279367,1.1643091,1.8622227,-0.66523224,47.066406,75.18267,-5.532696,WAL
1963747298000,176.22991,-2.22845247049212,-4.68599376158755,-1.08435138697187,1.0793989,1.863139,-0.7067711,47.718765,75.092285,-5.7216825,WAL
1963752319000,176.234931,-2.27494291097361,-4.51862780691289,-0.535763213537658,0.96791595,1.8380935,-0.7467828,48.35652,75.04573,-5.9025245,WAL
1963757309000,176.239921,-2.3102838014427,-4.35584990149314,-0.0760801424414851,0.8222246,1.7745636,-0.8051204,48.97299,75.00871,-6.0665703,WAL
1963762301000,176.244913,-2.33439986536521,-4.19668467534302,0.295305177074254,0.6420194,1.7330247,-0.8381071,49.58468,75.01926,-6.226316,WAL
1963767331000,176.249943,-2.35284842083278,-4.08700626809232,0.594758946497938,0.45020768,1.6957619,-0.86009824,50.220978,74.975334,-6.3457656,WAL
1963772280000,176.254892,-2.36545865981109,-4.02710766586404,0.818590836497273,0.28038713,1.6417004,-0.8729264,50.83598,74.98188,-6.455313,WAL
1963777289000,176.259901,-2.37822178105627,-3.96648287326726,1.04513638852933,0.1160644,1.5778649,-0.86254174,51.445297,74.983475,-6.5373836,WAL
1963782311000,176.264923,-2.40702772142339,-3.9186432408992,1.26085063842329,-0.048563786,1.4978416,-0.8576548,52.031002,75.03414,-6.610799,WAL
1963787275000,176.269887,-2.45135100127422,-3.88416953879623,1.46276819072827,-0.20097467,1.4337007,-0.8347474,52.59657,75.12227,-6.6896935,WAL
1963792263000,176.274875,-2.45897999823944,-3.87560561971831,1.44623271172535,-0.34208453,1.3979651,-0.8045095,53.128124,75.20846,-6.7533164,WAL
1963797309000,176.279921,-2.43771042221244,-3.88742206455399,1.25716946356514,-0.4560109,1.3952162,-0.75655663,53.64419,75.32082,-6.8268213,WAL
1963802257000,176.284869,-2.416853929509,-3.89900901838811,1.07177807397007,-0.5644395,1.4196508,-0.7257079,54.169746,75.42644,-6.8964276,WAL
1963807272000,176.289884,-2.3957150226966,-3.91075286913146,0.883876332090669,-0.65118235,1.4419475,-0.68203104,54.68604,75.54548,-6.9824433,WAL
1963812335000,176.294947,-2.32841229396621,-3.88646542847949,0.689268143161706,-0.71959925,1.455081,-0.63163465,55.21104,75.672325,-7.0789227,WAL
1963817363000,176.299975,-2.2121962224457,-3.82351501005632,0.490732380438455,-0.7846564,1.4645494,-0.5742133,55.734146,75.81008,-7.1895423,WAL
1963822342000,176.304954,-2.13070929907314,-3.77075037441064,0.35413345381624,-0.8185594,1.45783,-0.5519168,56.29037,75.989105,-7.307994,WAL
1963827344000,176.309956,-2.08244891861777,-3.72731612270804,0.276916955952045,-0.8918633,1.4355333,-0.4999932,56.836063,76.17684,-7.447654,WAL
1963832367000,176.314979,-2.02774717387937,-3.71103438863394,0.282711902819247,-0.95569867,1.3811663,-0.4578435,57.37501,76.38616,-7.577432,WAL
1963837357000,176.319969,-1.96760127243683,-3.72028760424049,0.365990891588731,-1.0366384,1.312444,-0.41050145,57.897522,76.60231,-7.7180247,WAL
1963842340000,176.324952,-1.96232767909762,-3.73179611056099,0.523053481281693,-1.1163563,1.2159272,-0.344528,58.394295,76.82428,-7.864873,WAL
1963847335000,176.329947,-2.02440289450988,-3.74612116027151,0.771354532399681,-1.1960741,1.07665,-0.2968805,58.85597,77.05143,-8.010564,WAL
1963852324000,176.334936,-2.08425633872832,-3.80249045895954,1.0549434017341,-1.2959507,0.8512407,-0.27000242,59.28987,77.267,-8.1252775,WAL
1963857347000,176.339959,-2.14178595816225,-3.91275547109827,1.38573835805461,-1.3820826,0.59131753,-0.24220806,59.669697,77.47991,-8.2420635,WAL
1963862256000,176.344868,-2.20079110434534,-4.00123072437583,1.6454092922813,-1.4709635,0.35918877,-0.19914207,59.97072,77.67396,-8.351364,WAL
1963867418000,176.35003,-2.26674266392224,-4.06718233314275,1.82913177855918,-1.5668694,0.15577064,-0.1469131,60.20251,77.87012,-8.458087,WAL
1963872270000,176.354882,-2.32358128863272,-4.18007635585405,1.98613337012831,-1.6606371,-0.030848695,-0.08155051,60.33942,78.03587,-8.555476,WAL
1963877348000,176.35996,-2.37232942690457,-4.40431719125902,2.1177530329591,-1.758681,-0.18142697,-0.005497787,60.42447,78.197464,-8.661766,WAL
1963882297000,176.364909,-2.42696748736974,-4.72367283664608,2.30469687230799,-1.8536706,-0.3173445,0.094989546,60.43639,78.3281,-8.785335,WAL
1963887350000,176.369962,-2.49700541198379,-5.2512925285604,2.61286424766499,-1.9336939,-0.3933972,0.226631,60.41712,78.437454,-8.93384,WAL
1963892278000,176.37489,-2.45047083795942,-6.4009272737366,3.21666147741194,-1.9666806,-0.4269948,0.3463606,60.365124,78.51215,-9.094927,WAL
1963897312000,176.379924,-2.07210266841501,-9.40480199310873,4.70706294042879,-1.9068159,-0.40042216,0.5002986,60.301785,78.53297,-9.299082,WAL
1963902295000,176.384907,-1.60677009816152,-12.2090060490401,6.2198841327212,-1.7455474,-0.2773328,0.62949663,60.241283,78.48871,-9.508977,WAL
1963907342000,176.389954,-0.693948750805509,-14.2262904745409,7.93457584173623,-1.4556919,-0.06383542,0.7281514,60.208717,78.37848,-9.751459,WAL
1963912308000,176.39492,0.31234993008493,-15.9400149014418,9.47772979952597,-0.9462303,0.06688975,0.7189884,60.134438,78.199905,-9.764901,WAL
1963917398000,176.40001,1.66025286636777,-16.9028030290342,10.6378893877148,-0.2144137,0.31123585,0.5516113,60.15258,77.96089,-9.7730255,WAL
1963922336000,176.404948,2.95130306866386,-17.7231386763757,11.3763215988662,0.19822577,0.47128254,0.4269948,59.991756,77.71053,-9.572201,WAL
1963927342000,176.409954,4.20712576507673,-18.1917283620369,10.8889879147688,0.93279123,0.591623,0.108123146,59.91686,77.32747,-9.303829,WAL
1963932355000,176.414967,5.26015229778183,-18.5068155846247,10.2827325247645,1.3017539,0.806953,-0.2284636,59.80617,76.965904,-8.810263,WAL
1963937352000,176.419964,5.46857674769574,-18.1869083835714,9.19213740129646,1.3564262,1.1560625,-0.5143485,59.803562,76.51198,-8.30673,WAL
1963942333000,176.424945,5.46812956961964,-17.6193450767514,8.13609883242771,1.2064588,1.4605788,-0.66431594,59.87532,76.152504,-7.6555877,WAL
1963947334000,176.429946,4.71529006423443,-16.1508431098389,7.18807839103435,0.97127575,1.6368134,-0.7415904,60.02947,75.77573,-7.019114,WAL
1963952325000,176.434937,3.90926063992151,-14.6220490148938,6.24691614796216,0.7458665,1.6404786,-0.7672467,60.293583,75.51653,-6.4082665,WAL
1963957344000,176.439956,2.79673395756264,-12.7355904111905,5.32787229441481,0.571159,1.5021176,-0.7629707,60.563496,75.27399,-5.83181,WAL
1963962304000,176.444916,1.70478493324349,-10.8640400177641,4.49011345847424,0.4279111,1.3045027,-0.7440339,60.870285,75.10313,-5.3790627,WAL
1963967438000,176.45005,0.614242513850209,-8.88834905500298,3.99619074331609,0.30757064,1.1074986,-0.7281514,61.12762,74.954865,-4.941089,WAL
1963972313000,176.454925,-0.382996264582424,-7.124471740488,3.57177471259671,0.18448131,0.95417154,-0.691194,61.392254,74.8518,-4.660979,WAL
1963977303000,176.459915,-1.19352922537393,-5.93474200293593,3.38217629204523,0.01985312,0.82863873,-0.6261369,61.597027,74.78276,-4.3919086,WAL
1963982292000,176.464904,-1.98345264074733,-4.86817597241993,3.17198771622183,-0.16707164,0.7266242,-0.52595496,61.78096,74.726036,-4.270757,WAL
1963987313000,176.469925,-2.64417186773428,-4.60198703202847,2.82499130015817,-0.37140608,0.64965516,-0.40011674,61.92465,74.71142,-4.1716304,WAL
1963992270000,176.474882,-3.26885643764627,-4.40512086217149,2.51435995732783,-0.5714644,0.63407815,-0.22968534,62.082493,74.70761,-4.195595,WAL
1963997296000,176.479908,-3.66588686471322,-4.76983482269327,2.47281032481297,-0.7425067,0.6640105,-0.043066,62.220097,74.73866,-4.258519,WAL
1964002539000,176.485151,-4.06259725974026,-5.18494930822511,2.45373551082251,-0.8885035,0.6401868,0.13530666,62.373344,74.82379,-4.4445043,WAL
1964007309000,176.489921,-4.21306301778656,-5.98026784690382,2.72887262121212,-1.029308,0.52381694,0.2932153,62.495922,74.933395,-4.673631,WAL
1964012302000,176.494914,-4.37056312888199,-6.81276794409938,3.01687253571429,-1.1560625,0.4175264,0.4196644,62.624645,75.065865,-4.9918647,WAL
1964017382000,176.499994,-4.47984138225256,-8.50163736305461,3.60740833143131,-1.1924089,0.111177474,0.47800204,62.657352,75.189896,-5.3130264,WAL
1964022531000,176.505143,-4.60942214287091,-10.33109137158,4.18869622019268,-1.2257011,-0.33505958,0.59528816,62.607063,75.31166,-5.668944,WAL
1964027302000,176.509914,-5.03199738068401,-12.3427258375241,4.10946323957611,-1.1566733,-0.8381071,0.636827,62.449562,75.38814,-6.0024896,WAL
1964032855000,176.515467,-5.50911580888618,-14.6330267892067,3.96798245810509,-1.0064005,-1.2696834,0.7874053,62.15675,75.39403,-6.353388,WAL
1964037311000,176.519923,-5.6866004856969,-15.7585399306147,3.16713683067559,-0.6966918,-1.4703526,0.8524625,61.793148,75.334526,-6.666885,WAL
1964042637000,176.525249,-5.88079065324875,-17.0737610367167,2.2567905387351,-0.58368176,-1.3454307,0.9431759,61.459373,75.33175,-7.032678,WAL
1964047300000,176.529912,-5.69622360943868,-17.6317537057862,2.38555822599962,-0.28863382,-1.0384709,0.98899084,61.12397,75.193855,-7.3878837,WAL
1964052254000,176.534866,-5.50013844215686,-18.2245685637255,2.5223618122549,0.21624629,-0.72295904,0.93615097,60.927937,75.10967,-7.7431693,WAL
1964057315000,176.539927,-4.21288750589875,-17.9674324663261,2.44978090390153,0.8555168,-0.54000485,0.8304713,60.784653,74.91364,-8.089673,WAL
1964062292000,176.544904,-2.81374674702276,-17.6087925740827,2.35237239141663,1.3466524,-0.6038403,0.5842926,60.674595,74.66202,-8.369929,WAL
1964067396000,176.550008,-1.54164786441167,-15.2975748881052,1.18281083129208,1.4391985,-0.7703011,0.23365596,60.606327,74.41673,-8.5349655,WAL
1964072290000,176.554902,-0.374558863738378,-12.4524819589612,-0.284816109917709,1.0790935,-0.88147855,-0.07422013,60.547306,74.205505,-8.632399,WAL
1964077303000,176.559915,0.142433061645224,-9.79827356267056,-1.29389571946394,0.46578476,-0.8579602,-0.32498032,60.478733,74.15732,-8.475975,WAL
1964082291000,176.564903,0.556804491532164,-7.19564868099415,-2.22506754330409,-0.22082779,-0.8197812,-0.54305923,60.39807,74.253136,-8.244371,WAL
1964087311000,176.569923,0.468852276205921,-5.47689622660402,-2.24292748018591,-0.8338311,-0.95905846,-0.5839872,60.292667,74.57162,-7.94879,WAL
1964092242000,176.574854,0.273222038199454,-3.98342616580782,-2.06161156598969,-1.2773192,-1.1597277,-0.50426924,60.186237,75.019196,-7.636538,WAL
1964097304000,176.579916,-0.139324408430733,-3.26291077785029,-1.72728738920202,-1.5894713,-1.4095715,-0.40469822,60.03541,75.60881,-7.328386,WAL
1964102284000,176.584896,-0.58734057241768,-2.71585952599624,-1.36887452892317,-1.8231273,-1.6560557,-0.31337386,59.828648,76.267,-7.0375314,WAL
1964107309000,176.589921,-0.959557047565119,-2.49212262714232,-1.55084443080408,-1.9975294,-1.8903224,-0.24251351,59.557564,76.88764,-6.7929997,WAL
1964112286000,176.594898,-1.31042286551529,-2.34367932782182,-1.85222911766704,-2.0720549,-1.9755383,-0.2012801,59.266193,77.516594,-6.570703,WAL
1964117395000,176.600007,-1.66553738436566,-2.46860715614758,-2.2915296751314,-2.0949624,-2.1090124,-0.1133155,58.895634,78.067924,-6.4188447,WAL
1964122352000,176.604964,-2.00801458837473,-2.70344869666083,-2.77099781183139,-2.1142046,-2.1988094,-0.014660766,58.523968,78.609924,-6.2891345,WAL
1964127308000,176.60992,-2.34672272616301,-3.14308884265667,-3.20459256132257,-2.1252003,-2.2855523,0.087659165,58.045822,79.17369,-6.256401,WAL
1964132317000,176.614929,-2.68791800216263,-3.6502712282872,-3.62878129584775,-2.0995438,-2.3768766,0.20555615,57.54166,79.693726,-6.2593474,WAL
1964137313000,176.619925,-2.96194068375822,-4.1847852444533,-4.02655888806015,-2.0540345,-2.4055874,0.3381139,57.0585,80.20255,-6.3484187,WAL
1964142308000,176.62492,-3.20488466050588,-4.73260015542721,-4.41241109812786,-2.0308216,-2.3658812,0.47433686,56.569973,80.648506,-6.4786377,WAL
1964147290000,176.629902,-3.25002525069809,-5.18829179265274,-4.72299950611942,-1.998751,-2.2235496,0.61911196,56.144543,81.03025,-6.7002687,WAL
1964152316000,176.634928,-3.19759803392415,-5.60294400891177,-4.99943433354788,-1.9355265,-2.022575,0.77182823,55.75075,81.30117,-6.971315,WAL
1964157305000,176.639917,-3.04676026289252,-6.00847614848935,-4.97138241773155,-1.8555032,-1.8044959,0.9486737,55.451584,81.458015,-7.3240843,WAL
1964162298000,176.64491,-2.84308201824666,-6.41109569286776,-4.78191451322437,-1.7641789,-1.6249015,1.1294898,55.20562,81.469376,-7.727204,WAL
1964167336000,176.649948,-2.62138182406412,-6.93336560419314,-4.5027672666406,-1.6804903,-1.4709635,1.2962561,55.06277,81.35837,-8.167452,WAL
1964172357000,176.654969,-2.39108448915062,-7.52085896975858,-4.17377098977617,-1.6584991,-1.3246613,1.4605788,54.980934,81.10327,-8.65833,WAL
1964177340000,176.659952,-2.15253403474971,-8.19491188077222,-4.03865958098564,-1.6432275,-1.1307116,1.6099354,55.005283,80.75885,-9.14001,WAL
1964182374000,176.664986,-1.90465758923166,-8.93854102198293,-4.03398266876213,-1.6242907,-0.91629785,1.7229455,55.093273,80.3239,-9.651307,WAL
1964187346000,176.669958,-1.61332943653314,-9.65326758006352,-3.9665659399037,-1.5867225,-0.7812967,1.7779233,55.290092,79.88839,-10.110205,WAL
1964192325000,176.674937,-1.28114637956152,-10.351829288495,-3.8444398077656,-1.5497651,-0.68691796,1.8524488,55.54956,100.60248,-10.596653,WAL
1964197331000,176.679943,-0.916583474067146,-10.9431907342719,-3.63464370579896,-1.4721853,-0.6563747,1.9394971,55.815853,101.07978,-11.046635,WAL
1964202351000,176.684963,-0.528457387348626,-11.4543811349808,-3.36011548919957,-1.4062119,-0.6762278,1.9843957,56.104984,101.57526,-11.496389,WAL
1964207342000,176.689954,-0.188291329425399,-12.0260235157772,-3.13988492358785,-1.3729197,-0.70066243,1.9511036,56.34592,102.03758,-11.8984375,WAL
1964212334000,176.694946,0.11434622027464,-12.6499223922867,-2.96295838957928,-1.393689,-0.70829827,1.9098701,56.594734,102.513504,-12.302218,WAL
1964217363000,176.699975,0.455236160080402,-13.1229007794975,-2.88263614990955,-1.4068227,-0.6478226,1.8026633,56.745857,102.93133,-12.639607,WAL
1964222360000,176.704972,0.830383248251256,-13.4355236459296,-2.90187449946734,-1.3955216,-0.49113566,1.6798794,56.92955,103.33383,-12.95197,WAL
1964227340000,176.709952,1.08183316563394,-13.5020998712107,-2.76646741811249,-1.3591752,-0.30970868,1.5066991,57.06972,103.65163,-13.173181,WAL
1964232365000,176.714977,1.21487231601525,-13.3277726095329,-2.47745135757865,-1.3497068,-0.15668693,1.3096951,57.249256,103.932655,-13.346159,WAL
1964237343000,176.719955,1.3524710348341,-13.0527240761613,-2.22854092713629,-1.3561208,-0.01740966,1.097114,57.43961,104.13236,-13.421609,WAL
1964242345000,176.724957,1.49918824853497,-12.6272441002552,-2.03291799255743,-1.3707817,0.080634214,0.85062987,57.65888,104.27708,-13.429017,WAL
1964247344000,176.729956,1.56734541978055,-12.1871454290274,-1.74107496955611,-1.3692545,0.0870483,0.65179324,57.83349,104.36866,-13.38616,WAL
1964252349000,176.734961,1.53865795798504,-11.7281467392519,-1.32988843319701,-1.3875804,-0.08460484,0.42149702,57.97694,104.39928,-13.269559,WAL
1964257295000,176.739907,1.49600574143537,-11.2306025959556,-1.0068330350912,-1.4010195,-0.3930918,0.21319197,58.034153,104.39237,-13.116446,WAL
1964262352000,176.744964,1.43359605522403,-10.664114829203,-0.785998787797383,-1.4245378,-0.7678576,0.047036625,58.015358,104.35049,-12.922205,WAL
1964267303000,176.749915,1.06442290345015,-9.99415936408907,-0.837071245917504,-1.4306464,-1.1304061,-0.093767814,57.848915,104.2657,-12.712873,WAL
1964272384000,176.754996,0.250607626449309,-9.1437681054214,-1.26683886818566,-1.4144585,-1.4089607,-0.21960606,57.593517,104.15034,-12.475431,WAL
1964277242000,176.759854,-0.420974235556675,-8.48976021360202,-1.65423053979849,-1.3863586,-1.6022996,-0.34513888,57.222073,104.02157,-12.242033,WAL
1964282347000,176.764959,-0.844601990206549,-8.22376090957179,-1.99904384282116,-1.4016303,-1.7076738,-0.4334089,56.794518,103.87959,-11.994163,WAL
1964287247000,176.769859,-1.21476135213505,-8.0334095387289,-2.31054017874876,-1.4086553,-1.7467692,-0.48075095,56.4009,103.88119,-11.869545,WAL
1964292326000,176.774938,-1.5094064991857,-7.99476752825223,-2.58586434577954,-1.3988814,-1.7376062,-0.4718934,55.99333,103.87711,-11.74087,WAL
1964297297000,176.779909,-1.74465157787353,-7.97343081641447,-2.80629520212446,-1.3716979,-1.6939293,-0.42730024,55.62255,103.96321,-11.685219,WAL
1964302325000,176.784937,-1.85080934061529,-7.99273210872833,-2.90762756620904,-1.3460416,-1.604743,-0.35430184,55.274075,104.057175,-11.640176,WAL
1964307282000,176.789894,-1.96449279137389,-8.02466883776064,-2.89664076009711,-1.3310753,-1.5482379,-0.24709499,54.961205,104.232056,-11.668371,WAL
1964312326000,176.794938,-2.10246883486623,-8.08905775730743,-2.61149032464058,-1.3161092,-1.4523321,-0.18967366,54.692783,104.40554,-11.6982975,WAL
1964317307000,176.799919,-2.22423032845917,-8.15319558494977,-2.34866123388043,-1.3203852,-1.3903292,-0.0842994,54.43298,104.64494,-11.796595,WAL
1964322326000,176.804938,-2.28638674678206,-8.22013330846513,-2.16219207876256,-1.3060299,-1.3726143,0.0027488936,54.196877,104.88235,-11.902205,WAL
1964327318000,176.80993,-2.31439000660338,-8.26840069671512,-1.97983802947156,-1.3234396,-1.3729197,0.06963864,53.928326,105.128365,-12.0610075,WAL
1964332319000,176.814931,-2.19368015997648,-8.23621119700916,-1.81084435343191,-1.3319917,-1.3377949,0.119729586,53.68723,105.37784,-12.231469,WAL
1964337266000,176.819878,-2.07427371901201,-8.20436927438461,-1.64367544414013,-1.3384057,-1.2791518,0.16737708,53.40947,105.63579,-12.43055,WAL
1964342340000,176.824952,-1.87768717753811,-8.17458890898675,-1.49890668294809,-1.3573426,-1.2483032,0.23243423,53.14642,105.90301,-12.640803,WAL
1964347279000,176.829891,-1.66797879742951,-8.14631378599183,-1.36459907369732,-1.3503176,-1.2507466,0.29749137,52.901836,106.168274,-12.855911,WAL
1964352328000,176.83494,-1.45359985206237,-8.11740892751818,-1.22730020366145,-1.3585643,-1.2739595,0.3555236,52.613735,106.42451,-13.074724,WAL
1964357251000,176.839863,-1.24457082690047,-8.08922540241108,-1.09342768688851,-1.3405437,-1.2819008,0.37965274,52.339542,106.67234,-13.293382,WAL
1964362350000,176.844962,-1.10181630375887,-8.15905261331601,-1.17736709957013,-1.2718215,-1.2180653,0.4175264,52.030148,106.88575,-13.503075,WAL
1964367318000,176.84993,-0.982908020883735,-8.25417916015196,-1.32005701915425,-1.1801916,-1.0937542,0.44959682,51.745106,107.08693,-13.706442,WAL
1964372441000,176.855053,-0.933658491229837,-8.33441689818144,-1.32230382566526,-1.0662653,-0.93584555,0.48716503,51.481743,107.25844,-13.878763,WAL
1964377239000,176.859851,-0.905332475579986,-8.40523238097195,-1.28925673181958,-0.9746355,-0.79290307,0.5290093,51.25758,107.419304,-14.048999,WAL
1964382427000,176.865039,-0.945156733122779,-8.44660992518752,-1.1811627816818,-0.8897252,-0.6713409,0.5564982,51.049503,107.58618,-14.20625,WAL
1964387299000,176.869911,-0.995812088480063,-8.47884485057245,-1.0660370177655,-0.82986045,-0.548557,0.57848936,50.88944,107.7442,-14.360851,WAL
1964392309000,176.874921,-1.0899815912329,-8.49656262373315,-0.959455108767096,-0.79412484,-0.49877146,0.59131753,50.719864,107.89219,-14.514491,WAL
1964397337000,176.879949,-1.19421737932697,-8.51077687818558,-0.85521932067303,-0.7840455,-0.48075095,0.61117065,50.581665,108.03621,-14.666458,WAL
1964402325000,176.884937,-1.29460373325062,-8.45781831761787,-0.821989447940447,-0.75686204,-0.48502702,0.61361414,50.422676,108.16463,-14.822173,WAL
1964407325000,176.889937,-1.39441167369727,-8.38652700248139,-0.807731165062035,-0.7699956,-0.49510628,0.6239988,50.27246,108.29972,-14.979245,WAL
1964412300000,176.894912,-1.48682381399317,-8.28330924488055,-0.894745055221843,-0.8020661,-0.54000485,0.6227771,50.082745,108.43551,-15.152014,WAL
1964417438000,176.90005,-1.58012225616231,-8.16668570506257,-1.01603314694729,-0.83108217,-0.5946773,0.63529986,49.89337,108.57352,-15.325454,WAL
1964422420000,176.905032,-1.6485852457715,-8.03481146210612,-1.14934633789388,-0.8900307,-0.63804877,0.64843345,49.686222,108.73867,-15.516136,WAL
1964427347000,176.909959,-1.70613954704208,-7.89572192156942,-1.28843587843058,-0.94897914,-0.68783426,0.6780604,49.468674,108.90902,-15.710284,WAL
1964432372000,176.914984,-1.75425126618741,-7.8631236102956,-1.44273834855218,-1.0341948,-0.7370089,0.7089091,49.261883,109.12723,-15.92267,WAL
1964437361000,176.919973,-1.79748557100342,-7.87753502851398,-1.60126399911522,-1.1279627,-0.7742717,0.73823065,49.052006,109.35485,-16.137117,WAL
1964442349000,176.924961,-1.8066479771003,-7.98950469761668,-1.72131827414101,-1.2110404,-0.78984874,0.7684685,48.849567,109.63544,-16.377722,WAL
1964447339000,176.929951,-1.8019023731281,-8.14136397517378,-1.82572166063555,-1.2831224,-0.79381937,0.7877107,48.64777,109.9238,-16.616945,WAL
1964452331000,176.934943,-1.79386807643787,-8.43789143553194,-1.80532747719281,-1.31672,-0.8014552,0.818254,48.464783,110.25056,-16.866577,WAL
1964457344000,176.939956,-1.78433027999404,-8.80032804897189,-1.72902505584583,-1.3481796,-0.8179486,0.83108217,48.2849,110.57851,-17.110195,WAL
1964462333000,176.944945,-1.81188166485671,-9.19136740318628,-1.51803852658371,-1.361924,-0.8524625,0.840856,48.097164,110.91877,-17.357437,WAL
1964467451000,176.950063,-1.85808647481146,-9.6072111752451,-1.2361889928733,-1.3713925,-0.8885035,0.83658,47.91021,111.25272,-17.598442,WAL
1964472445000,176.955057,-1.92754028875278,-10.0499844209354,-0.935370350167038,-1.3735305,-0.93859446,0.8332202,47.687256,111.54641,-17.820133,WAL
1964477348000,176.95996,-2.01310329720591,-10.5110738975501,-0.621639277809273,-1.346347,-0.9783007,0.82558435,47.46209,111.82487,-18.033941,WAL
1964482387000,176.964999,-2.09527354011128,-10.9016769206879,-0.325123147326252,-1.3100005,-1.0216721,0.8017606,47.128014,112.050354,-18.23886,WAL
1964487354000,176.969966,-2.17226781861406,-11.2289024787051,-0.0508311922094082,-1.2391402,-1.1029172,0.7984009,46.7797,112.259224,-18.44346,WAL
1964492309000,176.974921,-2.21198482944666,-11.425657364833,0.0667800752852848,-1.1484267,-1.1960741,0.78984874,46.34157,112.39702,-18.622213,WAL
1964497287000,176.979899,-2.22747952690339,-11.5379938404973,0.0822747824496628,-1.0210613,-1.2819008,0.79717916,45.891987,112.513664,-18.799797,WAL
1964502198000,176.98481,-2.22490087717708,-11.6340342570411,0.0558858871505342,-0.818254,-1.3084733,0.80970186,45.364433,112.570366,-18.9695,WAL
1964507228000,176.98984,-2.08455057891443,-11.6184400086328,-0.292390761378655,-0.70463306,-1.3411547,0.81397796,44.822094,112.616745,-19.133848,WAL
1964512212000,176.994824,-1.90170577671856,-11.6301451340477,-0.6982985135463,-0.42821655,-1.3435981,0.816116,44.26315,112.61258,-19.296005,WAL
1964517263000,176.999875,-1.5936321026486,-11.7181659065912,-1.28021537970077,-0.13316862,-1.2825116,0.80970186,43.72623,112.58698,-19.443808,WAL
1964522229000,177.004841,-1.22058537780426,-11.7781176292245,-1.83451133049424,0.15515977,-1.1407908,0.77518797,43.242092,112.547455,-19.572603,WAL
1964527219000,177.009831,-0.674460471894901,-11.7734502879469,-2.3479621033991,0.3943135,-0.9288206,0.7257079,42.806854,112.46952,-19.677528,WAL
1964532274000,177.014886,0.0662939060312658,-11.6559498477055,-2.84563968744327,0.4908302,-0.6649268,0.65057147,42.469696,112.3905,-19.733013,WAL
1964537230000,177.019842,1.34919765297226,-11.2059760383258,-3.26689173984871,0.4783075,-0.3839288,0.56046885,42.20345,112.280106,-19.752188,WAL
1964542226000,177.024838,2.30912160102389,-10.9585800819113,-3.5350511221843,0.3115413,-0.119729586,0.48655418,42.033947,112.16084,-19.694885,WAL
1964547224000,177.029836,2.31342058130052,-11.3024985040417,-3.35449381589725,0.06719518,0.10140363,0.37415496,41.9292,112.021736,-19.58808,WAL
1964552518000,177.03513,2.28141077229837,-11.665585317182,-3.12363264625438,-0.18967366,0.22937989,0.24495697,41.86564,111.799545,-19.327074,WAL
1964557306000,177.039918,1.89649464555308,-11.9822882919987,-2.52920506640102,-0.4175264,0.22815818,0.099571034,41.81866,111.57485,-19.026812,WAL
1964562297000,177.044909,1.4619805883402,-12.256061148549,-1.94285257505986,-0.56779927,0.12767084,-0.025961773,41.722412,111.30754,-18.675413,WAL
1964567361000,177.049973,0.848859501976822,-12.242126782109,-1.52017061723973,-0.657291,-0.035124753,-0.124005646,41.59667,111.03952,-18.299776,WAL
1964572269000,177.054881,0.256583956784889,-12.2158138395459,-1.1376251482769,-0.6740898,-0.2003638,-0.20005837,41.32202,110.74918,-17.951,WAL
1964577303000,177.059915,-0.324663654174621,-12.0172209463478,-1.10856278846579,-0.6160576,-0.2932153,-0.23579398,41.0164,110.45316,-17.597788,WAL
1964582326000,177.064938,-0.873857250659788,-11.8433894298045,-1.08562262922909,-0.50579643,-0.28008172,-0.2556471,40.63571,110.19243,-17.328627,WAL
1964587314000,177.069926,-1.11083075152297,-11.9144814206767,-1.12353835769422,-0.34483343,-0.22113322,-0.23304509,40.2452,109.92176,-17.068047,WAL
1964592312000,177.074924,-1.32475180495668,-12.0172040403429,-1.1501206710519,-0.19394971,-0.13103059,-0.18967366,39.884506,109.73082,-16.904549,WAL
1964597299000,177.079911,-1.23575608806485,-12.5244794686481,-1.02997651365136,-0.058948494,-0.062002823,-0.12095132,39.543148,109.53315,-16.753593,WAL
1964602301000,177.084913,-1.14649268804621,-13.0332806903009,-0.909470984211311,0.059864793,-0.032986723,-0.076052725,39.22405,109.35989,-16.643103,WAL
1964607310000,177.089922,-0.833912937547277,-13.721487694166,-0.678253629147126,0.1563815,0.036651913,-0.07513642,38.944653,109.17954,-16.533798,WAL
1964612278000,177.09489,-0.505512495111573,-14.4187765107318,-0.439825902687216,0.2144137,0.09010262,-0.12370021,38.674877,108.99003,-16.422098,WAL
1964617318000,177.09993,-0.128360996595835,-15.0044668378264,-0.0681543848757797,0.33567044,0.15515977,-0.21074851,38.362904,108.73334,-16.271595,WAL
1964622681000,177.105293,0.28430328503013,-15.5963140578814,0.360799287776721,0.4801401,0.16126843,-0.31581733,38.05358,108.455376,-16.103504,WAL
1964627297000,177.109909,0.463478587873738,-15.9228879754926,0.467045132920302,0.6252206,0.13072516,-0.41813725,37.677372,108.04667,-15.833273,WAL
1964632310000,177.114922,0.656435154710322,-16.2758570353887,0.579995320543084,0.75533485,0.101098195,-0.54244834,37.307533,107.60227,-15.532214,WAL
1964637311000,177.119923,0.645329305826642,-16.3318622588017,0.641370021820054,0.8790351,0.06994407,-0.68416905,36.83088,107.03805,-15.143224,WAL
1964642258000,177.12487,0.606312244511015,-16.3464939508956,0.695018469670578,0.9999864,0.025350908,-0.8185594,36.35227,106.44828,-14.731288,WAL
1964647302000,177.129914,0.387629581944981,-15.8471637970077,0.750877111121622,1.1099422,-0.04184427,-0.9392053,35.834877,105.78728,-14.2558365,WAL
1964652252000,177.134864,0.158840032475869,-15.3163723346525,0.805786591527027,1.2394456,-0.14966199,-1.0415252,35.3053,105.104355,-13.761296,WAL
1964657309000,177.139921,-0.201645908052102,-14.5191822723505,0.838489391237419,1.3970488,-0.26053402,-1.1432343,34.765366,104.40046,-13.248639,WAL
1964662267000,177.144879,-0.576477601501875,-13.6945524870732,0.866601769836195,1.604743,-0.34513888,-1.2293663,34.21581,103.68113,-12.723829,WAL
1964667315000,177.149927,-0.934768110003047,-12.8265189562303,0.814493441251142,1.8463402,-0.37384954,-1.3063353,33.665035,103.000595,-12.24329,WAL
1964672249000,177.154861,-1.28026846613182,-11.9723652395654,0.747312824799431,2.1084013,-0.35705075,-1.3640621,33.117516,102.311935,-11.750778,WAL
1964677304000,177.159916,-1.61782357681299,-11.3568207659207,0.62992133369513,2.405282,-0.2761111,-1.4074335,32.640045,101.68801,-11.31232,WAL
1964682292000,177.164904,-1.94818335397176,-10.7924561865335,0.50603641726059,2.6914723,-0.15515977,-1.4398094,32.192375,101.0769,-10.863964,WAL
1964687320000,177.169932,-2.39631651457798,-10.556267298242,0.556285777978822,2.9712486,-0.05467244,-1.4504995,31.81914,100.57013,-10.484354,WAL
1964692242000,177.174854,-2.86637854568726,-10.4157334960419,0.65320578726226,3.2085698,0.00580322,-1.4682146,31.480644,100.10831,-10.09653,WAL
1964697295000,177.179907,-3.35858206152246,-10.7164613734279,0.560572401369267,3.3600643,0.07513642,-1.4724907,31.238571,80.22013,-9.772838,WAL
1964702291000,177.184903,-3.84721925486525,-11.1055607194326,0.429364250984397,3.4293976,0.12370021,-1.4850134,31.017305,80.47194,-9.446509,WAL
1964707309000,177.189921,-4.27081866182233,-11.5177938653224,0.191512456431425,3.4272594,0.24007004,-1.4944818,30.917376,80.57937,-9.178019,WAL
1964712330000,177.194942,-4.66870803127259,-11.9385507044893,-0.0874673742143808,3.3756413,0.35369098,-1.5048665,30.838614,80.60066,-8.9136095,WAL
1964717331000,177.199943,-5.06119508308188,-12.2672537696641,-0.363282890225307,3.2632422,0.40744713,-1.4966198,30.83491,80.48858,-8.729257,WAL
1964722316000,177.204928,-5.45014792808288,-12.5409614572521,-0.636990562771072,3.112053,0.32803464,-1.4743233,30.82942,80.32566,-8.552054,WAL
1964727343000,177.209955,-5.76797554111454,-12.7664709764023,-0.895856423851879,2.9422324,0.16157386,-1.4242324,30.834026,80.09764,-8.45642,WAL
1964732337000,177.214949,-6.04144395334907,-12.9618053623162,-1.14328011532038,2.7666087,-0.064751714,-1.3628404,30.798252,79.86123,-8.369166,WAL
1964737343000,177.219955,-6.34658236228814,-13.1718628495763,-1.64820490190678,2.6328292,-0.27550024,-1.3161092,30.76745,79.59254,-8.346695,WAL
1964742345000,177.224957,-6.69164776970339,-13.4002152769068,-2.48549588141949,2.5360072,-0.3753767,-1.2922854,30.702143,79.33477,-8.329235,WAL
1964747302000,177.229914,-6.91679662089671,-13.6086522401332,-3.35940184103788,2.500577,-0.2657264,-1.287093,30.672564,79.06182,-8.366774,WAL
1964752319000,177.234931,-7.04576199994035,-13.804488558306,-4.2812668378467,2.5262332,0.08979719,-1.3451253,30.686403,78.809,-8.39249,WAL
1964757306000,177.239918,-6.99801682348274,-13.8181051630305,-4.72434406703689,2.3817637,0.47891834,-1.4966198,30.81323,78.62485,-8.449423,WAL
1964762300000,177.244912,-6.7940758094407,-13.6710780689211,-4.74805813843713,2.083356,0.7247916,-1.5876387,30.996948,78.47365,-8.50778,WAL
1964767348000,177.24996,-6.38264147696816,-13.3459344532135,-4.48706981140848,1.8521434,0.94806284,-1.5641204,31.351122,78.38346,-8.585341,WAL
1964772350000,177.254962,-5.78373459449111,-12.8593226173081,-3.96302632588396,1.645671,1.047023,-1.4993688,31.731941,78.35971,-8.647253,WAL
1964777304000,177.259916,-5.12469785031816,-12.34859659814,-3.35211206607929,1.5296066,1.0228939,-1.3955216,32.148556,78.3548,-8.694527,WAL
1964782304000,177.264916,-4.38405399324523,-11.8001453010279,-2.63021867400881,1.5421293,0.9773844,-1.3011429,32.575504,78.35342,-8.756617,WAL
1964787307000,177.269919,-3.6010145001114,-11.3457817823988,-2.15414500415893,1.6264287,1.0195341,-1.2232577,32.978832,78.35146,-8.754017,WAL
1964792305000,177.274917,-2.76120184069811,-11.0214091696992,-2.0163979527293,1.7379116,1.185384,-1.1575897,33.395126,78.32481,-8.77856,WAL
1964797264000,177.279876,-1.95744718827272,-10.7454073367617,-1.82739104613509,1.8548924,1.287093,-1.1435398,33.750027,78.290695,-8.695707,WAL
1964802323000,177.284935,-1.22282556589969,-10.5964283426996,-1.48319768170926,1.9847012,1.4425583,-1.1621711,34.16092,78.224686,-8.635634,WAL
1964807239000,177.289851,-0.59208623678385,-10.5282783848351,-1.23733475866076,2.0570886,1.6074919,-1.1765264,34.584187,78.195,-8.445399,WAL
1964812307000,177.294919,-0.0854651114820285,-10.5904114160512,-1.1369664497292,2.1679606,1.7733418,-1.2238685,35.04855,78.13391,-8.2552,WAL
1964817295000,177.299907,0.328218885673207,-10.5851041461253,-1.06959227640836,2.2452352,1.9086485,-1.2415836,35.50964,78.08437,-7.9664826,WAL
1964822312000,177.304924,0.584549786917443,-10.4547664873858,-1.06090309915906,2.3020456,2.0231857,-1.2455542,36.007023,78.005424,-7.6850123,WAL
1964827308000,177.30992,0.799862319881282,-10.3180378434903,-1.06852838231104,2.309376,2.0790799,-1.2217305,36.50343,77.925095,-7.3324833,WAL
1964832293000,177.314905,0.766801107465374,-10.138562308518,-1.17715803234072,2.270586,2.1453588,-1.1829406,37.028244,77.81936,-7.000643,WAL
1964837284000,177.319896,0.722980988313839,-9.93462292335162,-1.29480984673429,2.201253,2.164601,-1.1936307,37.55334,77.706024,-6.6275845,WAL
1964842309000,177.324921,0.593469584344271,-9.53612627574785,-1.48409573484111,2.146275,2.1484132,-1.176221,38.077545,77.56819,-6.2864532,WAL
1964847287000,177.329899,0.457979832284428,-9.1427131592444,-1.67821700500147,2.0857995,2.1294763,-1.135293,38.63345,77.41885,-5.9671655,WAL
1964852321000,177.334933,0.28811125425761,-8.75107219653519,-1.9047085244886,2.0402899,2.117259,-1.0552697,39.177315,77.25859,-5.6741323,WAL
1964857313000,177.339925,0.108629092428692,-8.38617483752923,-2.12024494139156,1.9761491,2.118786,-0.98990715,39.752594,77.09006,-5.4277663,WAL
1964862299000,177.344911,-0.13697528978023,-8.16289767286075,-2.28100411013747,1.9168952,2.1496348,-0.92087936,40.322,76.916756,-5.2149205,WAL
1964867576000,177.350188,-0.401887208519607,-7.92935620460026,-2.44617591139933,1.8442022,2.1591032,-0.8689558,40.920246,76.74651,-5.060803,WAL
1964872312000,177.354924,-0.718996091753977,-7.76390808284527,-2.51511271277738,1.7757853,2.129171,-0.8344419,41.507584,76.58635,-4.9279113,WAL
1964877525000,177.360137,-1.05977488341434,-7.58300554251866,-2.5911389729474,1.7217237,2.0650299,-0.81397796,42.12731,76.42338,-4.8692603,WAL
1964882316000,177.364928,-1.27082949404617,-7.43168349987849,-2.66281781336574,1.6624697,1.9883664,-0.8072584,42.72915,76.28318,-4.8196654,WAL
1964887252000,177.369864,-1.48827168942892,-7.27578168345773,-2.73666601964937,1.59558,1.9361374,-0.81092364,43.359863,76.13588,-4.8511076,WAL
1964892311000,177.374923,-1.68411948643267,-7.05591461554863,-2.79652677943277,1.5415184,1.8955148,-0.82772243,43.968525,76.0091,-4.8814707,WAL
1964897265000,177.379877,-1.86543832780851,-6.81733723988736,-2.8490138688424,1.5012014,1.8881844,-0.8344419,44.56753,75.902954,-4.916933,WAL
1964902318000,177.38493,-2.006073421825,-6.54929135680427,-2.77973115683389,1.4480561,1.8811595,-0.82619524,45.191307,75.79576,-5.019673,WAL
1964907297000,177.389909,-2.12850637294094,-6.27617162097571,-2.66671616664033,1.426065,1.8619173,-0.83016586,45.80721,75.70077,-5.1192455,WAL
1964912308000,177.39492,-2.21313003886288,-6.01736453301481,-2.46779817662685,1.3854424,1.8423696,-0.8396343,46.42359,75.62113,-5.276041,WAL
1964917351000,177.399963,-2.28235474327759,-5.76354044013378,-2.23243382501672,1.3060299,1.8338175,-0.84207773,47.034733,75.56489,-5.434795,WAL
1964922310000,177.404922,-2.31953163297645,-5.56001801343196,-2.0386332143469,1.2140946,1.8231273,-0.8588765,47.703384,75.45515,-5.6303997,WAL
1964927301000,177.409913,-2.33814100931478,-5.38323003124392,-1.86649768554604,1.1181889,1.8429805,-0.8570439,48.372387,75.3762,-5.8311286,WAL
1964932328000,177.41494,-2.33746268267537,-5.16682215388798,-1.61966562939641,1.0219775,1.8548924,-0.88239485,49.031376,75.29738,-6.0290656,WAL
1964937319000,177.419931,-2.32186780244698,-4.92250469766177,-1.31816754274062,0.929126,1.8723019,-0.90285885,49.692467,75.25132,-6.22909,WAL
1964942308000,177.42492,-2.32085556483402,-4.68548246680498,-0.928175388443983,0.8008443,1.8674151,-0.9300423,50.420002,75.184616,-6.404073,WAL
1964947301000,177.429913,-2.32536494447378,-4.45099698566579,-0.504297817623538,0.6600399,1.8353447,-0.9618073,51.139034,75.15873,-6.5701594,WAL
1964952287000,177.434899,-2.33599646908307,-4.23084909627272,-0.167372375736729,0.49632803,1.783421,-0.96486163,51.859943,75.13506,-6.708496,WAL
1964957310000,177.439922,-2.35081460275182,-4.01845722238423,0.114170405223329,0.33200526,1.7421877,-0.9673051,52.569557,75.15944,-6.8365917,WAL
1964962294000,177.444906,-2.36817790742161,-3.86887366448442,0.296672966081785,0.17012598,1.702176,-0.9401216,53.259754,75.16979,-6.931911,WAL
1964967319000,177.449931,-2.38709992452571,-3.75061095879288,0.429127184601396,0.03176499,1.6673567,-0.9111055,53.93396,75.22016,-7.025424,WAL
1964972309000,177.454921,-2.40779284111192,-3.68719670270666,0.525050000475494,-0.10140363,1.6453656,-0.8735373,54.59354,75.27124,-7.1076813,WAL
1964977303000,177.459915,-2.42965935506584,-3.65658351923921,0.599396326014996,-0.2098322,1.6203201,-0.83291477,55.2356,75.348305,-7.196803,WAL
1964982305000,177.464917,-2.41281717977403,-3.62246171570665,0.624921132079088,-0.3286455,1.598329,-0.79717916,55.871223,75.438416,-7.281221,WAL
1964987319000,177.469931,-2.34500185610814,-3.58371006605468,0.586169520362151,-0.44104472,1.5784758,-0.75533485,56.49331,75.54735,-7.376922,WAL
1964992304000,177.474916,-2.27757876307374,-3.54518254840109,0.547642040424191,-0.56169057,1.564426,-0.7086037,57.108696,75.66795,-7.4788704,WAL
1964997303000,177.479915,-2.20996631732069,-3.50654682909311,0.509006358937758,-0.66553766,1.5549575,-0.66920286,57.7138,75.805374,-7.5883455,WAL
1965002313000,177.484925,-2.12537997740043,-3.44433890330349,0.45835916322013,-0.75136423,1.5399913,-0.64873886,58.31816,75.95721,-7.699315,WAL
1965007308000,177.48992,-2.0219983333745,-3.35572620509417,0.394361020012349,-0.8032878,1.5189165,-0.600786,58.91045,76.1125,-7.8259234,WAL
1965012298000,177.49491,-1.92259680100315,-3.31477112945448,0.39381473100984,-0.9077458,1.4932601,-0.5381723,59.496292,76.303085,-7.934633,WAL
1965017330000,177.499942,-1.82591194723416,-3.3170731240279,0.451365239549059,-0.9954049,1.450805,-0.49418998,60.066517,76.49289,-8.047125,WAL
1965022303000,177.504915,-1.73036071953282,-3.31934812780644,0.508240970663036,-1.0965031,1.4010195,-0.4474588,60.629093,76.703064,-8.152868,WAL
1965027302000,177.509914,-1.63430992780166,-3.32163502583357,0.56541406132034,-1.2003502,1.3142766,-0.4007276,61.164078,76.92006,-8.264038,WAL
1965032295000,177.514907,-1.58435096746601,-3.34034533433251,0.687586242860508,-1.2971723,1.215011,-0.34483343,61.6842,77.14344,-8.374999,WAL
1965037316000,177.519928,-1.62553295038005,-3.39182281297506,0.939826081717161,-1.3912456,1.0662653,-0.29352075,62.161247,77.37228,-8.488103,WAL
1965042317000,177.524929,-1.67633819154229,-3.44804744809287,1.17038744776119,-1.4874569,0.89644474,-0.24556783,62.60346,77.59825,-8.559659,WAL
1965047298000,177.52991,-1.73786662045329,-3.50957578522204,1.37694695704809,-1.5916094,0.72204274,-0.17928895,62.996788,77.822685,-8.641713,WAL
1965052246000,177.534858,-1.79804257667888,-3.60745380752951,1.58135992669923,-1.6975945,0.5390886,-0.13194689,63.315468,78.02973,-8.714725,WAL
1965057306000,177.539918,-1.8572105962149,-3.79975007696378,1.7884482010175,-1.8319849,0.34330627,-0.06963864,63.575615,78.2347,-8.800875,WAL
1965062301000,177.544913,-1.92169406948321,-4.05092429981139,1.99540053496794,-1.9361374,0.17287487,0.0067195175,63.763832,78.41126,-8.891111,WAL
1965067326000,177.549938,-1.99884407349114,-4.42759799652961,2.20869766341003,-2.0482311,0.02321288,0.124005646,63.897034,78.57707,-9.002227,WAL
1965072290000,177.554902,-2.06396530390896,-4.91746066882731,2.47507631355765,-2.1609359,-0.12003502,0.24556783,63.96653,78.71272,-9.120987,WAL
1965077305000,177.559917,-2.08772970400792,-5.85852742879762,2.95511553795151,-2.2024746,-0.2012801,0.37812558,64.005806,78.80936,-9.270983,WAL
1965082313000,177.564925,-2.10345443907037,-6.94983685563748,3.47486680256673,-2.1700988,-0.19730948,0.54153204,64.01539,78.839096,-9.455649,WAL
1965087315000,177.569927,-2.08557002477133,-8.67567517889677,4.16341367176591,-2.0082195,-0.12889257,0.729984,64.014565,78.80322,-9.680358,WAL
1965092442000,177.575054,-1.93120887073782,-10.5659705655943,5.04412700500867,-1.6881261,0.0888809,0.85062987,64.0433,78.69952,-9.878464,WAL
1965097304000,177.579916,-0.164150609169717,-13.8040827029474,7.96380951916779,-1.128879,0.21319197,0.87995136,64.05876,78.51751,-10.095959,WAL
1965102661000,177.585273,1.75824622363905,-17.2514736969921,11.0453656214246,-0.72387534,0.5561928,0.677755,64.19457,78.34687,-10.19139,WAL
1965107306000,177.589918,2.91570727853848,-17.7440099878206,10.909917884296,0.8426886,0.6243043,0.49541172,64.27733,77.92756,-10.291324,WAL
1965112291000,177.594903,4.1578909940764,-18.2725984506367,10.7645557810482,1.2800682,0.7425067,0.0061086523,64.18944,77.78386,-9.807557,WAL
1965117355000,177.599967,4.7021273954933,-18.4174648306943,10.0430750496346,1.738828,1.0189233,-0.35063666,64.19204,77.29541,-9.373244,WAL
1965122245000,177.604857,5.05863301425091,-18.4649988867235,9.2112285727771,1.8054122,1.3637567,-0.5647449,64.27973,76.78455,-8.902909,WAL
1965127305000,177.609917,4.55033697842614,-17.2095601087897,8.22182556444547,1.6145169,1.5903877,-0.67073005,64.418365,76.340836,-8.251414,WAL
1965132288000,177.6149,3.86515425290382,-15.6986438799816,7.22040459793833,1.3359623,1.6893479,-0.7339546,64.63505,75.8573,-7.6289635,WAL
1965137316000,177.619928,2.91316854043039,-13.8551821139783,6.28364729957151,1.033584,1.6597209,-0.75991637,64.91791,75.50741,-7.0209913,WAL
1965142308000,177.62492,1.83429229072558,-11.8613097209103,5.39141200480861,0.75747293,1.5622878,-0.75502944,65.21393,75.18516,-6.452336,WAL
1965147291000,177.629903,0.780259903738318,-9.8486976199377,4.6949734978972,0.52106804,1.434617,-0.7458665,65.55588,74.95089,-6.010348,WAL
1965152324000,177.634936,-0.266139602102804,-7.79813033878505,4.14596580274533,0.3268129,1.3011429,-0.71593404,65.86071,74.75823,-5.591888,WAL
1965157311000,177.639923,-1.14428691779409,-6.16116782007538,3.75334271247768,0.1432479,1.1753048,-0.6747007,66.18201,74.61353,-5.3442817,WAL
1965162289000,177.644901,-1.86775661321166,-4.90809926105931,3.50745760692323,-0.05497787,1.0439687,-0.6065892,66.44975,74.51556,-5.1133866,WAL
1965167337000,177.649949,-2.51345386576995,-4.08550589269113,3.28195594420928,-0.23671028,0.9108001,-0.50518554,66.70222,74.428635,-5.0320225,WAL
1965172300000,177.654912,-3.05874561150232,-3.73294656544358,3.08452268953615,-0.42332962,0.8042041,-0.37018433,66.91219,74.387405,-4.9744105,WAL
1965177302000,177.659914,-3.5125807696007,-3.67154273249781,3.00227453853104,-0.6261369,0.7067711,-0.21410827,67.091606,74.36177,-5.030461,WAL
1965182321000,177.664933,-3.85814401515593,-3.94705945263772,3.05364217254445,-0.8060367,0.59528816,-0.039095376,67.22506,74.36326,-5.122157,WAL
1965187279000,177.669891,-4.14317873060125,-4.44428881925472,3.14120169954465,-0.9776898,0.40408736,0.12034045,67.32232,74.39759,-5.312016,WAL
1965192308000,177.67492,-4.3490555503206,-5.28122312155004,3.2844202917201,-1.1490375,0.12156218,0.28038713,67.34889,74.45515,-5.53799,WAL
1965197283000,177.679895,-4.5258804215034,-6.36885484155956,3.45540374239119,-1.2638801,-0.031154128,0.35430184,67.359215,74.51839,-5.823771,WAL
1965202303000,177.684915,-4.62453445476833,-8.23808564618209,3.71501912288584,-1.2996159,-0.39828414,0.4709771,67.21476,74.57109,-6.131787,WAL
1965207239000,177.689851,-4.72755916290913,-10.2202856305745,3.70586157146247,-1.3008375,-0.8472701,0.53786683,67.0111,74.63287,-6.447871,WAL
1965212288000,177.6949,-4.84231035659053,-12.4722779251459,3.28510702821121,-1.2299771,-1.2357804,0.59498274,66.71322,74.65698,-6.771732,WAL
1965217316000,177.699928,-5.108018913289,-14.3826811694131,2.82938017907873,-1.0665708,-1.4816537,0.6426302,66.350235,74.66986,-7.0678015,WAL
1965222393000,177.705005,-5.62342399589477,-15.7695901673894,2.30928954946516,-0.8222246,-1.5314392,0.68600166,65.932434,74.626305,-7.3595567,WAL
1965227245000,177.709857,-5.97181192753651,-16.894444589322,1.91955463714092,-0.49296826,-1.4630222,0.7156286,65.57839,74.65067,-7.6170187,WAL
1965232306000,177.714918,-5.99056347344037,-17.5882534031338,1.76954178040429,-0.014966198,-1.2589933,0.7302894,65.25239,74.5651,-7.876401,WAL
1965237269000,177.719881,-5.70801364752101,-18.0992588853527,1.54567709717632,0.5580254,-1.0170907,0.7153232,65.0274,74.469574,-8.176617,WAL
1965242306000,177.724918,-4.4188021787232,-18.0537037417131,1.06279219405043,1.0317514,-0.86590147,0.5580254,64.84513,74.29712,-8.432982,WAL
1965247304000,177.729916,-3.12235883854403,-17.6973301112601,0.517976027325222,1.1749994,-0.77549344,0.25381452,64.75847,74.138275,-8.624022,WAL
1965252300000,177.734912,-1.70149180212415,-15.0825402399464,-0.50327220983708,0.9334021,-0.59559363,-0.042455133,64.748535,73.98689,-8.776831,WAL
1965257325000,177.739937,-0.428800751461196,-12.4927841528934,-1.40267324772595,0.4175264,-0.37873647,-0.24404067,64.82114,74.02744,-8.710434,WAL
1965262289000,177.744901,0.146233975420941,-10.1098403069479,-1.7338931935359,-0.23793201,-0.30879238,-0.42088616,64.91456,74.19616,-8.577425,WAL
1965267331000,177.749943,0.664354185683987,-7.81194240721103,-1.99524590562036,-0.8231409,-0.52534413,-0.49480084,64.983284,74.56286,-8.330177,WAL
1965272313000,177.754925,0.693868265146695,-6.4374285950866,-1.70432123195475,-1.2678508,-0.86590147,-0.4334089,65.0367,75.046326,-8.080263,WAL
1965277283000,177.759895,0.723311254895723,-5.06622553481796,-1.41409730017674,-1.5372424,-1.2623531,-0.34880406,64.977554,75.610016,-7.7955904,WAL
1965282309000,177.764921,0.146492187108773,-4.23336469198948,-1.70273854843509,-1.7379116,-1.6377298,-0.25137106,64.82779,76.24034,-7.5221543,WAL
1965287291000,177.769903,-0.533062330118843,-3.50619806446521,-2.09229207952463,-1.8930714,-1.9523253,-0.1826487,64.586205,76.90122,-7.2553444,WAL
1965292321000,177.774933,-1.05901997485942,-3.42160958325325,-2.75342942157244,-1.9840903,-2.0598376,-0.13439035,64.251076,77.494255,-7.0232596,WAL
1965297317000,177.779929,-1.49438130368061,-3.69065314755137,-3.55566841701258,-2.0182989,-2.175902,-0.09621128,63.83084,78.0886,-6.79874,WAL
1965302278000,177.78489,-1.95517485583574,-4.14617603277185,-4.09966955132064,-2.033876,-2.19209,-0.013744468,63.465702,78.64397,-6.710081,WAL
1965307289000,177.789901,-2.43349031381441,-4.69145564188179,-4.53493660859165,-2.0705278,-2.1847596,0.08246681,63.08463,79.182915,-6.639272,WAL
1965312315000,177.794927,-2.85245324826767,-5.16751217273807,-4.8881552071867,-2.1035144,-2.19209,0.19364429,62.696285,79.77749,-6.6629386,WAL
1965317345000,177.799957,-3.24346977370818,-5.61098220738468,-5.20287576450208,-2.1090124,-2.2003367,0.31642818,62.31311,80.31532,-6.724652,WAL
1965322321000,177.804933,-3.30295341004858,-5.86015981593298,-5.15671926789609,-2.0857995,-2.1386392,0.43096542,61.97931,80.80116,-6.883591,WAL
1965327302000,177.809914,-3.20126843837002,-6.01623435930994,-4.93443115466984,-2.051591,-1.9804251,0.5546656,61.674076,81.183846,-7.087986,WAL
1965332282000,177.814894,-3.09960388126115,-6.1722775687091,-4.71218766864961,-1.9978348,-1.7632625,0.6826419,61.428795,81.44141,-7.3785477,WAL
1965337325000,177.819937,-2.99665320626115,-6.3302948187091,-4.48713266864961,-1.921782,-1.541213,0.81489426,61.234825,81.55106,-7.7114067,WAL
1965342328000,177.82494,-2.86056671194394,-6.60664641377209,-4.04149793642088,-1.8420641,-1.3481796,0.9611965,61.10072,81.50697,-8.08898,WAL
1965347328000,177.82994,-2.70494117873248,-6.95194044180378,-3.46762875096486,-1.7852536,-1.2620476,1.1139128,61.00695,81.31539,-8.507334,WAL
1965352322000,177.834934,-2.58605287886211,-7.52203235626437,-3.13864539274073,-1.7165314,-1.2382239,1.2611313,60.962605,81.01856,-8.921607,WAL
1965357347000,177.839959,-2.48500370127987,-8.21012925657434,-2.93173532749725,-1.6856827,-1.2144,1.4077389,60.954758,80.61872,-9.375223,WAL
1965362294000,177.844906,-2.27139857138497,-8.86379145955742,-2.87548288687524,-1.6468927,-1.180497,1.5189165,60.99208,99.80963,-9.807923,WAL
1965367429000,177.850041,-1.98995884093857,-9.52986522052652,-2.89424552251049,-1.6010778,-1.181108,1.5803084,61.037758,100.28173,-10.259029,WAL
1965372448000,177.85506,-1.64908222379837,-10.2559027115071,-2.91908680826884,-1.557401,-1.1691961,1.6759088,61.19436,100.73225,-10.680477,WAL
1965377329000,177.859941,-1.27303263686354,-11.012762401222,-2.94764751751528,-1.5106697,-1.1462886,1.7684549,61.360085,101.195946,-11.10736,WAL
1965382338000,177.86495,-0.972934435299814,-11.8305427176954,-2.87410717050768,-1.4712689,-1.1133019,1.813659,61.558113,101.604904,-11.475342,WAL
1965387373000,177.869985,-0.72766400206593,-12.6795556175291,-2.73260500411816,-1.4150693,-1.1123856,1.8090774,61.756622,102.01923,-11.846142,WAL
1965392347000,177.874959,-0.471156269943864,-13.2627874394599,-2.64583667646148,-1.3881912,-1.1053606,1.7296649,61.878876,102.39772,-12.165597,WAL
1965397452000,177.880064,-0.196708278083624,-13.66026371777,-2.59851808954704,-1.4101825,-1.0345002,1.6713274,62.025436,102.77911,-12.482025,WAL
1965402387000,177.884999,0.0590439772792736,-13.704329570288,-2.52068519589856,-1.4257594,-0.8906415,1.5460999,62.102627,103.09569,-12.7256975,WAL
1965407399000,177.890011,0.309508153230015,-13.4188006587873,-2.41048098212273,-1.4798211,-0.73853606,1.3924674,62.206623,103.39282,-12.939105,WAL
1965412307000,177.894919,0.554101550452719,-12.9612045438511,-2.26344575700147,-1.5079209,-0.60231316,1.2330315,62.286182,103.6419,-13.092793,WAL
1965417390000,177.900002,0.80691705500049,-12.3554010979912,-2.08218174324351,-1.5314392,-0.4538729,1.0372492,62.413704,103.84749,-13.188367,WAL
1965422400000,177.905012,1.02955683907743,-11.712264715358,-2.08299248159403,-1.5528195,-0.4184427,0.8213083,62.49957,104.00973,-13.22721,WAL
1965427308000,177.90992,1.22627567268674,-11.0451314970885,-2.22839333239924,-1.5741998,-0.45662177,0.66859204,62.606094,104.146576,-13.228507,WAL
1965432337000,177.914949,1.29986400943211,-10.3641400021214,-2.25475972943864,-1.5522085,-0.5311473,0.53878313,62.66126,104.236916,-13.177104,WAL
1965437356000,177.919968,1.12207417930809,-9.68958492787206,-2.04036619908616,-1.5253305,-0.6988298,0.38240165,62.6744,104.29039,-13.08128,WAL
1965442343000,177.924955,0.818508377961117,-9.11941264423172,-1.94162884324484,-1.5109752,-0.9935723,0.2171626,62.63834,104.336044,-12.954294,WAL
1965447325000,177.929937,0.390031116423567,-8.64855833237936,-1.95575445785059,-1.5344934,-1.3368785,0.046731193,62.53543,104.3524,-12.792011,WAL
1965452276000,177.934888,0.00625079048006981,-8.23158212016293,-2.14339075393269,-1.5842791,-1.636508,-0.1255328,62.31325,104.37576,-12.640081,WAL
1965457351000,177.939963,-0.337844604631946,-7.86391852545825,-2.53933604245951,-1.6355917,-1.8493946,-0.25442538,62.014477,104.379234,-12.464828,WAL
1965462278000,177.94489,-0.666149646827886,-7.65768302408176,-2.93824424274006,-1.6823229,-1.998751,-0.3295618,61.653008,104.43388,-12.342693,WAL
1965467357000,177.949969,-0.995899777547304,-7.67244773823738,-3.37134896567844,-1.6957619,-2.0705278,-0.35369098,61.253716,104.47813,-12.207822,WAL
1965472278000,177.95489,-1.26368550851692,-7.7483919275177,-3.6742613890834,-1.6688838,-2.0412061,-0.35155296,60.926968,104.58907,-12.114939,WAL
1965477342000,177.959954,-1.46877681127065,-7.91055696528324,-3.82688750033438,-1.6172657,-1.8897116,-0.3323107,60.620174,104.701355,-12.022506,WAL
1965482264000,177.964876,-1.63812467550034,-8.08145985449096,-3.75028977119791,-1.5619824,-1.7363845,-0.28893927,60.430744,104.8642,-11.976099,WAL
1965487354000,177.969966,-1.76537408495601,-8.27940391617519,-3.31198624427149,-1.5451837,-1.6212363,-0.24098633,60.279602,105.03359,-11.936344,WAL
1965492242000,177.974854,-1.87960128821199,-8.48588613422486,-2.89520289871223,-1.520749,-1.5909985,-0.204029,60.07034,105.28734,-11.97102,WAL
1965497366000,177.979978,-1.98168177356117,-8.73865642961862,-2.46743701425458,-1.5134187,-1.5781704,-0.12186762,59.900196,105.55997,-12.029386,WAL
1965502260000,177.984872,-2.03524205775836,-8.92346350997717,-2.08131120692942,-1.5210545,-1.5619824,-0.04550946,59.66118,105.803665,-12.119969,WAL
1965507349000,177.989961,-1.98685891946788,-8.98152347801052,-1.73295230811079,-1.502423,-1.498147,0.006414085,59.44985,106.047386,-12.2216015,WAL
1965512353000,177.994965,-1.91171651697021,-9.02541181974409,-1.36271238255347,-1.4633276,-1.4489723,0.062002823,59.166573,106.26411,-12.358468,WAL
1965517344000,177.999956,-1.77332732569347,-9.03880412664612,-0.929688150910619,-1.4495832,-1.4618006,0.1160644,58.894062,106.484726,-12.504341,WAL
1965522284000,178.004896,-1.62432824454778,-9.04431148206438,-0.54050675416045,-1.4294246,-1.5231925,0.15882497,58.55963,106.66639,-12.662819,WAL
1965527286000,178.009898,-1.40402743590189,-9.00514712560041,-0.374057257702606,-1.4114041,-1.5906931,0.19761491,58.22985,106.84835,-12.829288,WAL
1965532295000,178.014907,-1.17984098381844,-8.95094216965195,-0.281656180016283,-1.382999,-1.6288722,0.21838433,57.8018,106.97414,-12.995488,WAL
1965537284000,178.019896,-0.941579626155099,-8.83424293018522,-0.500467606891919,-1.3038919,-1.5971072,0.24770586,57.384815,107.08925,-13.165146,WAL
1965542263000,178.024875,-0.73689401834638,-8.72602219863014,-0.710759330479452,-1.1939361,-1.4953982,0.27488935,56.933228,107.169044,-13.318238,WAL
1965547296000,178.029908,-0.647285294579256,-8.64584581917808,-0.894693073287671,-1.0458013,-1.3860532,0.30024028,56.501785,107.22648,-13.466913,WAL
1965552310000,178.034922,-0.569898327746702,-8.56904383166227,-1.06506731940193,-0.915687,-1.2641857,0.33536503,56.13932,107.27712,-13.589298,WAL
1965557267000,178.039879,-0.544847009978892,-8.50641560263852,-1.17779821883905,-0.8145888,-1.1389582,0.3744604,55.815907,107.30834,-13.706147,WAL
1965562327000,178.044939,-0.519275158474934,-8.44248604063324,-1.29287151945471,-0.73761976,-1.0195341,0.3903429,55.502586,107.368,-13.818589,WAL
1965567381000,178.049993,-0.569246480581768,-8.47032104077711,-1.26929190758967,-0.70249504,-0.9593639,0.4166101,55.21552,107.42381,-13.934983,WAL
1965572522000,178.055134,-0.635560662158956,-8.50804859509688,-1.23425502147094,-0.70829827,-0.9682214,0.42302418,54.946617,107.46846,-14.041567,WAL
1965577378000,178.05999,-0.791864443843416,-8.55402026453144,-1.22046352064057,-0.7507534,-1.0134255,0.41263947,54.691246,107.53807,-14.143101,WAL
1965582604000,178.065216,-0.958328396158997,-8.59929134994738,-1.20804097163494,-0.80848014,-1.0986412,0.41386122,54.40489,107.619675,-14.25989,WAL
1965587341000,178.069953,-1.08852644765139,-8.59061130613221,-1.22540069672821,-0.89369583,-1.1801916,0.4156938,54.11031,107.70552,-14.370388,WAL
1965592298000,178.07491,-1.22477127375395,-8.58152813594183,-1.24356665773462,-0.9718866,-1.2263119,0.42119157,53.79166,107.81554,-14.505174,WAL
1965597345000,178.079957,-1.35990559227857,-8.50967750951479,-1.3250190651888,-1.0164797,-1.3014483,0.4373795,53.447662,107.93024,-14.642222,WAL
1965602282000,178.084894,-1.4918034719737,-8.43430722227757,-1.40981062603368,-1.10139,-1.3603969,0.45845437,53.101727,108.05976,-14.777063,WAL
1965607343000,178.089955,-1.59729994082419,-8.4148072799923,-1.57928429670711,-1.1881329,-1.3756685,0.4972443,52.732994,108.23145,-14.945589,WAL
1965612283000,178.094895,-1.69751249734258,-8.40114213460428,-1.75237864332756,-1.2437216,-1.3665055,0.5195409,52.362247,108.4041,-15.10945,WAL
1965617430000,178.100042,-1.70223710295995,-8.42688652698781,-1.85735768972722,-1.2983941,-1.3417655,0.5522222,52.00495,108.63123,-15.304144,WAL
1965622293000,178.104905,-1.68872230946024,-8.45842123331399,-1.9429514289321,-1.344209,-1.3148874,0.5885687,51.66072,108.862076,-15.4978,WAL
1965627317000,178.109929,-1.67472353446569,-8.760946499175,-1.65380382925362,-1.3613132,-1.2990049,0.6188065,51.346703,109.13692,-15.707902,WAL
1965632270000,178.114882,-1.66091186105018,-9.13846528409201,-1.25786890290207,-1.3735305,-1.2962561,0.6453791,51.046886,109.41553,-15.919211,WAL
1965637346000,178.119958,-1.66710747705213,-9.49543252127022,-0.902282666162373,-1.3747523,-1.2996159,0.6618725,50.751778,109.70867,-16.1339,WAL
1965642320000,178.124932,-1.68137799928101,-9.83316881006591,-0.574060431381067,-1.3735305,-1.3136657,0.6722572,50.463665,109.997444,-16.347624,WAL
1965647343000,178.129955,-1.72608393236048,-10.1238371522382,-0.205020343630448,-1.3475688,-1.3185526,0.67256266,50.083862,110.21566,-16.540833,WAL
1965652348000,178.13496,-1.782796918803,-10.3932238008282,0.177792263039834,-1.2977833,-1.3112222,0.6591236,49.711674,110.41873,-16.724867,WAL
1965657347000,178.139959,-1.79390842486626,-10.6109182084407,0.365459453233604,-1.239751,-1.3439035,0.63438356,49.24322,110.56278,-16.895576,WAL
1965662349000,178.144961,-1.78441701341391,-10.8054922423222,0.465119337903705,-1.1673635,-1.4187346,0.6249151,48.77379,110.68831,-17.059721,WAL
1965667439000,178.150051,-1.72220508535419,-10.8631113133406,0.261670001090964,-1.0662653,-1.5008959,0.6075055,48.209362,110.744225,-17.207394,WAL
1965672395000,178.155007,-1.63708720495168,-10.8536535845372,-0.0788013625117067,-0.9089675,-1.5525141,0.61117065,47.64396,110.77668,-17.350296,WAL
1965677335000,178.159947,-1.44342385897462,-10.8791626233884,-0.605235272438558,-0.7476991,-1.5476271,0.6243043,47.040634,110.77497,-17.477686,WAL
1965682343000,178.164955,-1.19221984495367,-10.9226401141217,-1.23324536802276,-0.5204572,-1.4672983,0.6267477,46.45651,110.73412,-17.590475,WAL
1965687339000,178.169951,-0.860925026623699,-10.9847869216658,-1.86598163460585,-0.2929099,-1.4089607,0.61941737,45.904198,110.70805,-17.703491,WAL
1965692327000,178.174939,-0.491466344549331,-11.0558366168567,-2.50069264065444,-0.08460484,-1.2257011,0.6038403,45.422676,110.64804,-17.793493,WAL
1965697286000,178.179898,-0.0378304207273091,-11.0896819952915,-3.00863408178722,0.014049901,-0.9627236,0.58459806,45.046986,110.61382,-17.85758,WAL
1965702324000,178.184936,0.469686585592066,-11.1041827744941,-3.45814925325586,0.1441642,-0.6808093,0.5626069,44.736454,110.54008,-17.899137,WAL
1965707312000,178.189924,0.918309411139691,-11.149507351207,-3.47367878216264,0.2134974,-0.376293,0.5314528,44.55266,110.490845,-17.897991,WAL
1965712334000,178.194946,1.34177897857143,-11.2113622142857,-3.26432303928571,0.19761491,-0.12186762,0.4801401,44.436317,110.42395,-17.870758,WAL
1965717316000,178.199928,1.5680026228299,-11.3609098944142,-2.8722676265181,0.08460484,0.005497787,0.4034765,44.38391,110.344666,-17.779793,WAL
1965722316000,178.204928,1.684497465181,-11.5612811478202,-2.37366977716037,-0.09437868,-0.004581489,0.24587326,44.356388,110.24342,-17.645794,WAL
1965727307000,178.209919,1.57611471982767,-11.7592947373935,-1.89588523062763,-0.32406402,-0.10262536,0.05497787,44.259563,110.070755,-17.429443,WAL
1965732299000,178.214911,1.30461468434348,-11.9558983006952,-1.43246266440811,-0.5323691,-0.24495697,-0.13988814,44.13447,109.882195,-17.172787,WAL
1965737312000,178.219924,0.889195604121732,-12.0134976613562,-0.977378099812092,-0.6591236,-0.36865717,-0.30482176,43.866714,109.60795,-16.854649,WAL
1965742348000,178.22496,0.347409635253268,-11.9494681511438,-0.529173348937908,-0.713796,-0.46944994,-0.398895,43.55518,109.32757,-16.513123,WAL
1965747326000,178.229938,-0.205928342070842,-11.785446247947,-0.12998759728505,-0.6985244,-0.5311473,-0.43157628,43.12375,109.02202,-16.185642,WAL
1965752328000,178.23494,-0.774680927761947,-11.5484661668151,0.239701586631048,-0.64751714,-0.5864306,-0.43463063,42.66331,108.70882,-15.850735,WAL
1965757345000,178.239957,-1.21006054689957,-11.4604007610232,0.533845726656713,-0.5714644,-0.6398814,-0.38453966,42.152664,108.426125,-15.59331,WAL
1965762320000,178.244932,-1.53727051081915,-11.4888538788693,0.766212205406589,-0.45234573,-0.67011917,-0.3222314,41.640446,108.135704,-15.342813,WAL
1965767371000,178.249983,-1.70103280428613,-11.7629111961579,0.905104836287286,-0.31612277,-0.6771441,-0.25686884,41.129257,107.89,-15.17969,WAL
1965772371000,178.254983,-1.72876752771503,-12.2297796197509,0.965196785317116,-0.16890424,-0.66981375,-0.20769419,40.62672,107.639725,-15.029403,WAL
1965777303000,178.259915,-1.66517089709619,-12.7985423239564,0.959372403629764,0.008857546,-0.61636305,-0.17959438,40.109825,107.41092,-14.935607,WAL
1965782300000,178.264912,-1.50111769422263,-13.49335582683,0.882170869721718,0.17654006,-0.5513059,-0.18997909,39.613056,107.170074,-14.84057,WAL
1965787311000,178.269923,-1.28585820992823,-14.143958298445,0.802836549641148,0.3652974,-0.50976706,-0.22113322,39.09913,106.89404,-14.735189,WAL
1965792307000,178.274919,-1.01877674114833,-14.7448913915471,0.721758272408293,0.4615087,-0.4465425,-0.25137106,38.625305,106.61468,-14.620812,WAL
1965797291000,178.279903,-0.746886896369279,-15.1911558153607,0.581555132017067,0.64904433,-0.42180246,-0.31887165,38.126347,106.25459,-14.448457,WAL
1965802349000,178.284961,-0.465043491982157,-15.4776970089216,0.374869943621024,0.8374963,-0.3894266,-0.41599923,37.66101,105.88078,-14.256235,WAL
1965807302000,178.289914,-0.172987191535378,-15.6409481118461,0.0866797835307677,1.0067059,-0.32650748,-0.51159966,37.183887,105.440285,-14.00046,WAL
1965812323000,178.294935,0.145074519675286,-15.6457668226097,-0.322945136289838,1.1753048,-0.19975294,-0.61269784,36.746616,104.969894,-13.715524,WAL
1965817332000,178.299944,0.475962242942524,-15.5496411340771,-0.703746012859847,1.3368785,-0.065973446,-0.70829827,36.326366,104.45175,-13.369613,WAL
1965822387000,178.304999,0.827987860763024,-15.318172084869,-1.0509493852575,1.5158621,0.0870483,-0.79901177,35.958042,103.91032,-12.998793,WAL
1965827252000,178.309864,1.12774381835938,-15.024737640625,-1.30031338554687,1.6917913,0.25259277,-0.87598073,35.644897,103.34651,-12.584102,WAL
1965832297000,178.314909,1.38252996547852,-14.6189678964844,-1.43714290004883,1.88849,0.40317106,-0.9236283,35.37689,102.77084,-12.15766,WAL
1965837243000,178.319855,1.49552633608161,-14.1526876763555,-1.43322875765791,2.1444426,0.52290064,-0.9807441,35.150124,102.1654,-11.69048,WAL
1965842307000,178.324919,1.36450229471772,-13.5517842084964,-1.18021694748463,2.425746,0.59742624,-1.0372492,34.95472,101.557396,-11.217684,WAL
1965847265000,178.329877,1.1280064209232,-12.9648604878472,-0.88721408127451,2.7284296,0.60231316,-1.1068878,34.772915,100.928955,-10.714878,WAL
1965852326000,178.334938,0.489485149183007,-12.3708871180556,-0.421935015686275,3.0164526,0.5531385,-1.1997393,34.595325,100.303116,-10.198121,WAL
1965857241000,178.339853,-0.109706970343361,-11.9128754162868,0.043670355226375,3.3127222,0.46303585,-1.2965615,34.40486,99.723274,-9.699001,WAL
1965862324000,178.344936,-0.666854440743442,-11.7945434028158,0.566304235032918,3.517362,0.31978795,-1.3744467,34.185226,80.81283,-9.186235,WAL
1965867329000,178.349941,-1.1759930519084,-11.782271944703,0.98297514701173,3.628845,0.16920967,-1.4483615,33.97707,81.20554,-8.7348,WAL
1965872372000,178.354984,-1.59411934580153,-12.0205586240923,1.16731043498883,3.6221254,0.007941248,-1.4947872,33.72898,81.50711,-8.2738285,WAL
1965877295000,178.359907,-1.99588828476887,-12.2771139897274,1.27445130766495,3.5234706,-0.112399206,-1.5210545,33.48005,81.63648,-7.86671,WAL
1965882295000,178.364907,-2.36480911645595,-12.6838731758198,0.93863868419597,3.3628132,-0.1881465,-1.5308284,33.20546,81.66989,-7.45478,WAL
1965887317000,178.369929,-2.73043215585786,-13.0850874575236,0.522534139922265,3.1410692,-0.18906279,-1.5329664,32.96457,81.573044,-7.0973754,WAL
1965892307000,178.374919,-3.05768846374237,-13.4300333292615,-0.468079496390894,2.9932396,-0.10354166,-1.5525141,32.734585,81.416855,-6.7380733,WAL
1965897636000,178.380248,-3.40832918941176,-13.8020941647059,-1.5263176,2.6691756,0.110872045,-1.5360206,32.598583,81.246315,-6.4572196,WAL
1965902319000,178.384931,-3.76319240016658,-14.278357946278,-2.4695069539823,2.2116377,0.26083946,-1.5216653,32.471542,81.1042,-6.1760726,WAL
1965907499000,178.390111,-4.15626674723781,-14.8306820981235,-3.44991276825675,2.0937407,0.42241332,-1.5519031,32.50222,80.97247,-5.9705176,WAL
1965912328000,178.39494,-4.52935251788846,-15.6539042216766,-3.60401342462294,1.8145752,0.5204572,-1.6114625,32.552876,80.966644,-5.766013,WAL
1965917366000,178.399978,-4.91858550868116,-16.5127555487548,-3.76478358547878,1.5406022,0.45204028,-1.7318029,32.678844,81.030556,-5.6045313,WAL
1965922312000,178.404924,-5.57003145766567,-16.9285884562183,-4.00034005512251,1.3955216,0.3707952,-1.8521434,32.821877,81.1346,-5.428711,WAL
1965927243000,178.409855,-6.30232599410731,-17.2117419426238,-4.25908404650057,1.4123205,0.38331795,-1.9367483,32.965298,81.2721,-5.230281,WAL
1965932292000,178.414904,-5.79569319689441,-15.3838019875776,-4.41116039440994,1.5265522,0.45814893,-1.9349157,33.157127,81.40125,-5.0701857,WAL
1965937293000,178.419905,-5.00094435585427,-13.079474059238,-4.53547861546306,1.6557503,0.55741453,-1.8203784,33.346115,81.510895,-4.9174457,WAL
1965942308000,178.42492,-4.10598847792656,-11.758643906269,-4.64858467468046,1.7455474,0.77121735,-1.6481144,33.661922,81.54068,-4.8904405,WAL
1965947304000,178.429916,-3.16441088640698,-10.9481105636032,-4.75536163146683,1.8628336,1.0595458,-1.4752395,34.00999,81.51454,-4.8942823,WAL
1965952326000,178.434938,-2.31630399675408,-10.4897515488372,-4.34696618829292,2.0167716,1.3469579,-1.3548992,34.392612,81.45015,-4.852335,WAL
1965957310000,178.439922,-1.5180352372093,-10.1921719767442,-3.71401924883721,2.1691825,1.5928311,-1.3017539,34.835567,81.343414,-4.8525095,WAL
1965962340000,178.444952,-0.894332547990144,-10.0250408426901,-2.96006886204464,2.244319,1.7180585,-1.2654073,35.32584,81.23596,-4.7502017,WAL
1965967431000,178.450043,-0.352552160137211,-9.92139626843173,-2.14033162643734,2.2030854,1.7293595,-1.207986,35.84443,81.109566,-4.681072,WAL
1965972292000,178.454904,-0.0182501393416298,-9.90623997310317,-1.68079304528302,2.1890357,1.6551393,-1.1658363,36.32315,80.93886,-4.490351,WAL
1965977305000,178.459917,0.208205207817142,-9.94478533460458,-1.4157921504717,2.1774292,1.5961909,-1.1435398,36.801537,80.76721,-4.319568,WAL
1965982292000,178.464904,0.329899558208955,-10.0319193432836,-1.52814394328358,2.1514673,1.6291776,-1.1417072,37.227047,80.54537,-4.065712,WAL
1965987326000,178.469938,0.384864942251244,-10.1518436449005,-1.8879173699005,2.121535,1.7941113,-1.1377366,37.66576,80.31445,-3.8310382,WAL
1965992308000,178.47492,0.421567668548179,-10.2284060146869,-2.13372150804803,2.1105394,2.0347922,-1.1136073,38.12768,80.04557,-3.5756261,WAL
1965997306000,178.479918,0.450067155329959,-10.2854056330257,-2.32846802998908,2.0922134,2.3451116,-1.0882565,38.64858,79.77807,-3.342519,WAL
1966002390000,178.485002,0.51765380112453,-10.2144735147496,-2.3491162591368,2.0738876,2.5824327,-1.0497719,39.250584,79.519966,-3.1270344,WAL
1966007312000,178.489924,0.601643769942586,-10.0838217483667,-2.28379066828351,2.060143,2.7608054,-1.0167851,39.915253,79.26199,-2.9393635,WAL
1966012318000,178.49493,0.629053497083537,-9.85554902501221,-2.33853548731803,2.0482311,2.8417451,-0.97524637,40.640125,79.00957,-2.7762864,WAL
1966017341000,178.499953,0.624353519907181,-9.57355039443087,-2.46073494297997,2.0308216,2.8237245,-0.93645644,41.378155,78.76295,-2.6353126,WAL
1966022303000,178.504915,0.515071275577436,-9.18678223272292,-2.62964462176314,1.9914207,2.7727172,-0.89736104,42.133606,78.507126,-2.49704,WAL
1966027305000,178.509917,0.334337802848992,-8.72392853547437,-2.83241880657955,1.9367483,2.7937922,-0.8173377,42.892193,78.26051,-2.3932836,WAL
1966032297000,178.514909,0.106002710249496,-8.23853211582971,-3.00090091448137,1.9666806,2.8130345,-0.74006325,43.654507,77.99748,-2.3063068,WAL
1966037320000,178.519932,-0.190212329606115,-7.71760184669285,-3.12347267350037,1.9544634,2.7391198,-0.6743952,44.385605,77.765144,-2.2419312,WAL
1966042306000,178.524918,-0.514664366262231,-7.27278818982387,-3.14673069902153,1.9633209,2.6771169,-0.6221663,45.159985,77.52074,-2.2452717,WAL
1966047298000,178.52991,-0.865501618270059,-6.88920623131115,-3.0859188583953,1.9251418,2.5830436,-0.5897904,45.895386,77.30118,-2.2611642,WAL
1966052331000,178.534943,-1.16886947820289,-6.53977926012924,-3.0623541666017,1.883603,2.4770586,-0.5635232,46.644447,77.07534,-2.3526778,WAL
1966057313000,178.539925,-1.41846364109139,-6.23145687855165,-3.07703632347933,1.8527542,2.393981,-0.54275376,47.365993,76.867966,-2.4519596,WAL
1966062319000,178.544931,-1.6132412607343,-5.96942056927536,-3.07361289806763,1.8044959,2.3451116,-0.52442783,48.072872,76.67404,-2.6402934,WAL
1966067337000,178.549949,-1.76182152568116,-5.74655009913043,-3.05504023768116,1.7632625,2.302962,-0.50610185,48.75184,76.49772,-2.832058,WAL
1966072312000,178.554924,-1.92841965973551,-5.52654390292628,-3.00272321768899,1.7217237,2.2605069,-0.49418998,49.403454,76.349785,-3.0921166,WAL
1966077304000,178.559916,-2.11674377273495,-5.30683269527293,-2.91304513552804,1.6493362,2.2049181,-0.50640726,50.036877,76.23291,-3.346619,WAL
1966082289000,178.564901,-2.29992145722234,-5.06133941729082,-2.70825051425209,1.5848899,2.191479,-0.50610185,50.787323,76.05321,-3.6331694,WAL
1966087322000,178.569934,-2.47526932471646,-4.76221626139525,-2.27503775877381,1.5457945,2.155438,-0.52320606,51.510963,75.90279,-3.9033866,WAL
1966092310000,178.574922,-2.57082551164749,-4.47071837316868,-1.94340095680606,1.452943,2.1035144,-0.54428095,52.236225,75.77619,-4.20486,WAL
1966097304000,178.579916,-2.5797744382075,-4.18435851664328,-1.71968232473571,1.3151928,2.0705278,-0.5751296,52.95288,75.68723,-4.4936047,WAL
1966102325000,178.584937,-2.61140584548813,-3.94048148358839,-1.48332557173615,1.1377366,2.0653355,-0.59803706,53.68422,75.57492,-4.778818,WAL
1966107311000,178.589923,-2.68699939398417,-3.78425471145119,-1.22630734898153,0.99112886,2.0561724,-0.6133087,54.40142,75.503456,-5.052824,WAL
1966112319000,178.594931,-2.74165271764592,-3.68234087118186,-1.01882166614954,0.85062987,2.0540345,-0.6337727,55.19559,75.40042,-5.28676,WAL
1966117336000,178.599948,-2.76946558131211,-3.64989247376749,-0.875121509129764,0.7144069,2.0277672,-0.6365216,55.9753,75.34274,-5.5180664,WAL
1966122242000,178.604854,-2.8018176970568,-3.6229578090258,-0.685518232454626,0.56688297,2.044566,-0.6554584,56.774258,75.289246,-5.744362,WAL
1966127305000,178.609917,-2.84463007338369,-3.60393010829,-0.400102512797999,0.43127087,2.062892,-0.6728681,57.562256,75.273796,-5.967367,WAL
1966132259000,178.614871,-2.88548834253975,-3.58819101842642,-0.132900153801468,0.2837469,2.0195205,-0.66645396,58.32739,75.28366,-6.186948,WAL
1966137317000,178.619929,-2.92498244578068,-3.57831750550347,0.113937849694252,0.16126843,1.9419407,-0.6533204,59.084854,75.32655,-6.4005003,WAL
1966142240000,178.624852,-2.93684381137355,-3.58496167190286,0.317799737070765,0.05222898,1.844813,-0.6337727,59.8297,75.35208,-6.6047883,WAL
1966147312000,178.629924,-2.89998280359514,-3.62182263156896,0.460636052001518,-0.047647487,1.7376062,-0.61117065,60.544952,75.40571,-6.8053875,WAL
1966152268000,178.63488,-2.84299687121051,-3.63951874870061,0.580054170427978,-0.12889257,1.6215417,-0.58459806,61.219967,75.44322,-6.9999766,WAL
1966157312000,178.639924,-2.7216616993817,-3.60218486467008,0.640721780707178,-0.21746802,1.4957036,-0.54367006,61.85578,75.50215,-7.194761,WAL
1966162323000,178.644935,-2.59714121798172,-3.55780024918935,0.687736508489732,-0.30024028,1.3658947,-0.5103779,62.447792,75.55615,-7.3688,WAL
1966167350000,178.649962,-2.45522535763978,-3.48211171789329,0.678275454426648,-0.4098906,1.2492194,-0.4792238,63.001705,75.63168,-7.543758,WAL
1966172299000,178.654911,-2.31287378318341,-3.41346464978695,0.673104178666793,-0.5161811,1.1328496,-0.4474588,63.506638,75.71483,-7.6869235,WAL
1966177305000,178.659917,-2.15399175208787,-3.37714884770382,0.691262103408768,-0.6267477,1.0326678,-0.39950588,63.97688,75.81615,-7.834495,WAL
1966182484000,178.665096,-1.9940602710693,-3.34165419003076,0.711615481935951,-0.75655663,0.9263771,-0.3640757,64.40746,75.94432,-7.948432,WAL
1966187311000,178.669923,-1.89787550578071,-3.33329025752669,0.749253012267957,-0.8735373,0.8695667,-0.34330627,64.81892,76.08724,-8.066028,WAL
1966192242000,178.674854,-1.79961839419215,-3.32474612013751,0.78770146100778,-0.9477574,0.7626653,-0.30604348,65.1807,76.2408,-8.147615,WAL
1966197303000,178.679915,-1.75467537188459,-3.28133512452071,0.90131781497987,-1.0842859,0.6554584,-0.24556783,65.52166,76.42424,-8.236077,WAL
1966202272000,178.684884,-1.72274378337807,-3.23115689359663,1.02904408803106,-1.2113458,0.54000485,-0.18875736,65.8262,76.61149,-8.325429,WAL
1966207310000,178.689922,-1.74203209103152,-3.15529374050942,1.19499806893725,-1.3567317,0.43188173,-0.13103059,66.10167,76.814445,-8.394239,WAL
1966212278000,178.69489,-1.77917670272275,-3.07171842480726,1.37143488962623,-1.4984524,0.33841935,-0.056199603,66.3435,77.024345,-8.476563,WAL
1966217435000,178.700047,-1.88250036958466,-3.05275545623003,1.59189175290735,-1.640784,0.24831672,0.035430185,66.53933,77.23019,-8.556934,WAL
1966222310000,178.704922,-2.00679994226837,-3.06269936597444,1.81563099412141,-1.7935003,0.1853976,0.12736541,66.71214,77.44411,-8.653302,WAL
1966227300000,178.709912,-2.1221367042146,-3.2666562950594,2.09304603803507,-1.9425515,0.1554652,0.2556471,66.840775,77.62438,-8.784283,WAL
1966232268000,178.71488,-2.23428445612861,-3.51338152726758,2.38014435038657,-2.0760255,0.15790866,0.40653083,66.95533,77.79442,-8.943804,WAL
1966237314000,178.719926,-2.344603475,-4.22973894177378,2.93448496217866,-2.1673498,0.15302174,0.5326745,67.03157,77.91149,-9.146457,WAL
1966242273000,178.724885,-2.4514286,-5.14029569151671,3.59578317544987,-2.1884248,0.15393804,0.66645396,67.10266,77.986626,-9.390818,WAL
1966247301000,178.729913,-2.3344415211709,-6.73553641927853,4.44053474807806,-2.0952678,0.20677789,0.79229224,67.16385,77.97429,-9.667304,WAL
1966252286000,178.734898,-2.1697546811847,-8.46239623398384,5.31572799763453,-1.8591684,0.28496864,0.8885035,67.22647,77.90141,-9.968949,WAL
1966257311000,178.739923,-0.940588863741768,-11.791879578796,7.69567553835451,-1.4147639,0.30970868,0.9297369,67.25401,77.7131,-10.239498,WAL
1966262306000,178.744918,0.554706849086356,-15.510152297004,10.4466649544569,-0.7162395,0.27366763,0.8872818,67.2811,77.44621,-10.506517,WAL
1966267370000,178.749982,1.72643014304,-17.3132582976,11.2777092832,0.025045475,0.23518312,0.6936375,67.29906,77.143326,-10.5687275,WAL
1966272380000,178.754992,2.69882080256,-18.0297561664,11.0371699648,0.58551437,0.20708331,0.41996986,67.3091,76.78762,-10.59298,WAL
1966277304000,178.759916,3.35461182705638,-18.4287654374351,10.1084611232411,0.88086766,0.24556783,0.12705997,67.13583,76.40795,-10.049675,WAL
1966282325000,178.764937,3.93586571798092,-18.7466389776183,8.95957675729531,0.9447031,0.47433686,-0.029932396,67.04728,75.91795,-9.553173,WAL
1966287312000,178.769924,3.95665905099715,-18.7320087032816,7.87896679966234,0.9147707,0.8017606,-0.2846632,67.04979,75.53537,-8.884003,WAL
1966292338000,178.77495,3.67731798034188,-18.5390086062045,6.82254864051915,0.7892379,1.0601566,-0.48838675,67.12142,75.12059,-8.273184,WAL
1966297308000,178.77992,2.94265119017715,-17.264913837082,5.97369134054538,0.691194,1.1795808,-0.64812803,67.31089,74.899826,-7.645366,WAL
1966302283000,178.784895,2.06069474635748,-15.6432524791003,5.18656900226911,0.6383542,1.1856894,-0.75228053,67.55629,74.682594,-7.041301,WAL
1966307270000,178.789882,1.09727797832038,-13.6462323904359,4.75794383380892,0.59498274,1.1533136,-0.82711154,67.90398,74.586586,-6.494273,WAL
1966312326000,178.794938,0.0919950206425267,-11.48797061104,4.45302395109712,0.52015173,1.1050552,-0.86101454,68.249756,74.4949,-5.9668107,WAL
1966317277000,178.799889,-0.802953265466152,-9.64639476276722,4.34363647624703,0.37995818,1.0094548,-0.8888089,68.63237,74.42781,-5.5537925,WAL
1966322282000,178.804894,-1.67107887199327,-7.89591235926366,4.31042950989707,0.1777618,0.8671232,-0.86193085,68.977425,74.38303,-5.1615534,WAL
1966327283000,178.809895,-2.41196339351012,-6.7761127447114,4.10694841987838,-0.036651913,0.7076874,-0.786489,69.29465,74.29859,-4.908582,WAL
1966332273000,178.814885,-3.09322375289602,-5.94716664202971,3.82586889819559,-0.23793201,0.57848936,-0.64599,69.56321,74.25435,-4.6846576,WAL
1966337278000,178.81989,-3.58592085088932,-5.71496019942862,3.52845091890148,-0.4129449,0.52656585,-0.45875978,69.746185,74.181854,-4.611586,WAL
1966342279000,178.824891,-3.98757231063496,-5.7679250802138,3.22390214002396,-0.56413406,0.49510628,-0.2666427,69.88618,74.144646,-4.573623,WAL
1966347274000,178.829886,-4.35455898450491,-6.17717204086174,3.03976489574188,-0.70402217,0.43860126,-0.077579886,69.99238,74.133194,-4.6727586,WAL
1966352195000,178.834807,-4.6834548432386,-6.92076316273895,2.97303236299181,-0.8231409,0.321926,0.089491755,70.05962,74.139145,-4.813571,WAL
1966357227000,178.839839,-4.94278619203151,-8.02356176513414,3.03700156608158,-0.89369583,0.09162979,0.22785273,70.09899,74.18693,-5.0437417,WAL
1966362211000,178.844823,-5.12843519659918,-9.4325890662212,3.22265052094345,-0.8698721,-0.26297748,0.29932398,70.062675,74.22399,-5.2842903,WAL
1966367244000,178.849856,-5.34003970362139,-10.8344487543903,3.15102706846909,-0.752586,-0.7104363,0.3203988,69.95441,74.267006,-5.559075,WAL
1966372227000,178.854839,-5.5720408468102,-12.2027825814069,2.83853561873202,-0.57604593,-1.108415,0.38606682,69.75203,74.26547,-5.8424554,WAL
1966377222000,178.859834,-5.81386939946508,-13.5000702274393,2.73113180316989,-0.3494149,-1.2461652,0.42332962,69.521706,74.23703,-6.1083336,WAL
1966382252000,178.864864,-6.06677480986627,-14.7311949901932,2.83133966745914,-0.20158553,-1.393689,0.4896085,69.1727,74.165474,-6.365912,WAL
1966387213000,178.869825,-6.09373464023904,-15.4181198665339,2.73462200436255,0.172264,-1.4526376,0.5699373,68.86949,74.05494,-6.6363893,WAL
1966392226000,178.874838,-5.87855710756972,-15.537662940239,2.42380971314741,0.63621616,-1.3759739,0.6404922,68.56122,73.87082,-6.912689,WAL
1966397223000,178.879835,-5.22236795536316,-14.9991181755652,1.88228890153728,1.0351112,-1.2727377,0.6722572,68.26924,73.62972,-7.1934185,WAL
1966402307000,178.884919,-4.05140855488215,-13.7016955589226,1.06730127226936,1.1859949,-1.2186762,0.537256,67.99424,73.34869,-7.4360585,WAL
1966407237000,178.889849,-2.99965233435897,-12.1864130307692,0.0954734106666667,1.071763,-1.2040154,0.28099802,67.77031,73.10493,-7.615465,WAL
1966412294000,178.894906,-2.04920334794872,-10.2377534384615,-1.17975209466667,0.72356987,-1.0329732,0.07666359,67.6129,72.89978,-7.7774005,WAL
1966417344000,178.899956,-1.28676833175193,-8.49980632414896,-2.04023811796126,0.20555615,-0.77518797,-0.07147124,67.54161,72.89887,-7.750311,WAL
1966422321000,178.904933,-0.829583447207072,-7.11480513541471,-2.23745518296032,-0.4092797,-0.7180721,-0.26419923,67.48066,73.04323,-7.6541963,WAL
1966427240000,178.909852,-0.474593968082452,-5.83475863785187,-2.34200350768617,-0.92149025,-0.91904676,-0.38056904,67.49456,73.410805,-7.4554234,WAL
1966432305000,178.914917,-0.416490717947694,-4.79858421521262,-2.1628517578359,-1.2928963,-1.1969905,-0.34880406,67.507385,73.89362,-7.254758,WAL
1966437263000,178.919875,-0.443935547197232,-3.95814444999532,-2.02703192135042,-1.5809193,-1.5057828,-0.24984388,67.45148,74.46708,-7.001743,WAL
1966442304000,178.924916,-0.737397100553633,-3.65113859282708,-2.01348755153839,-1.8420641,-1.8536706,-0.1518,67.312065,75.10923,-6.749524,WAL
1966447284000,178.929896,-1.04134188769753,-3.40465597678439,-2.07859974033302,-2.0693061,-2.1777346,-0.05467244,67.050095,75.737236,-6.5302176,WAL
1966452313000,178.934925,-1.46529208124934,-3.62940064806448,-2.79880432905929,-2.2085834,-2.4217753,0.0061086523,66.72109,76.386024,-6.322552,WAL
1966457277000,178.939889,-1.8405319600451,-3.89926098807726,-3.53917620065693,-2.3118196,-2.5158484,0.0580322,66.268585,77.05424,-6.20744,WAL
1966462298000,178.94491,-2.06683717827238,-4.34244209582312,-4.39253524874988,-2.3521366,-2.4923303,0.1160644,65.785645,77.71737,-6.1118855,WAL
1966467405000,178.950017,-2.29202293491446,-4.84281696619199,-5.17328843198443,-2.34389,-2.3808472,0.20005837,65.31408,78.45012,-6.112557,WAL
1966472342000,178.954954,-2.49062027193935,-5.51611011555169,-5.59470247728716,-2.327702,-2.2592852,0.30176744,64.853424,79.15069,-6.144854,WAL
1966477302000,178.959914,-2.64536608594008,-6.17535191486473,-5.94014044808494,-2.3041837,-2.193617,0.41630468,64.47182,79.89675,-6.2483754,WAL
1966482303000,178.964915,-2.65465408687094,-6.78371655774265,-6.03302040890139,-2.2791383,-1.9908098,0.4783075,64.16634,80.569016,-6.3834567,WAL
1966487327000,178.969939,-2.64736240077788,-7.36447737113402,-6.03663092010309,-2.2177463,-1.7168368,0.6078109,63.94121,81.158875,-6.594472,WAL
1966492308000,178.97492,-2.56241963851921,-7.7981324742268,-5.62085863402062,-2.1380284,-1.4483615,0.763887,63.775993,81.61264,-6.839913,WAL
1966497515000,178.980127,-2.46049790717642,-8.23801315869287,-5.16698311674498,-2.0189097,-1.2464706,0.9236283,63.70318,81.9137,-7.1149077,WAL
1966502353000,178.984965,-2.21804838808202,-8.4953065132422,-4.52869757219137,-1.8952094,-1.1059716,1.0989466,63.69456,82.02515,-7.4425693,WAL
1966507303000,178.989915,-1.96203634734634,-8.7524808217561,-3.90724371173659,-1.783421,-1.0213667,1.29198,63.74574,81.95283,-7.7871304,WAL
1966512305000,178.994917,-1.66293348574634,-8.9814811657561,-3.43989553013659,-1.6988163,-0.9969321,1.4850134,63.82873,81.729164,-8.178307,WAL
1966517440000,179.000052,-1.33890607668836,-9.21932786493084,-3.01868503860862,-1.6239853,-0.98746365,1.6597209,63.95847,81.42125,-8.555863,WAL
1966522397000,179.005009,-0.92366894567738,-9.4655735958096,-2.96557329437551,-1.5519031,-0.9728029,1.8469511,64.10677,81.01541,-8.984434,WAL
1966527292000,179.009904,-0.538201531880076,-9.72404676951472,-2.89644551706131,-1.455081,-0.98746365,1.9825631,64.33938,99.35769,-9.352244,WAL
1966532303000,179.014915,-0.287604256950212,-10.078339402809,-2.72794043463582,-1.3570372,-1.0491611,2.0613647,64.56541,99.771225,-9.748478,WAL
1966537285000,179.019897,-0.0384572556130368,-10.4305816496804,-2.56041053628342,-1.3008375,-1.1050552,2.0964894,64.73883,100.16953,-10.117847,WAL
1966542309000,179.024921,0.0399178965035294,-10.9304451068031,-2.5292546643376,-1.2852604,-1.1212431,2.072971,64.910255,100.572876,-10.484824,WAL
1966547656000,179.030268,0.111490585985248,-11.4780199841939,-2.52183856101159,-1.3307699,-1.1038336,1.9850066,65.07906,100.96711,-10.834976,WAL
1966552357000,179.034969,0.249066604255005,-12.0188361017914,-2.80647876108535,-1.3881912,-1.0045679,1.8521434,65.153725,101.34663,-11.158286,WAL
1966557301000,179.039913,0.392406962474631,-12.5627306069076,-3.09524479010148,-1.3927728,-0.80573124,1.6969837,65.23453,101.69235,-11.437506,WAL
1966562317000,179.044929,0.52068879155065,-12.7979137637529,-3.2534589137974,-1.350623,-0.5543602,1.5140295,65.36378,101.99482,-11.663243,WAL
1966567385000,179.049997,0.650300496047712,-13.0355350235001,-3.41331321580915,-1.2977833,-0.22235495,1.3109168,65.5621,102.2618,-11.823739,WAL
1966572378000,179.05499,0.988858633392698,-12.8570294808549,-3.40218836242208,-1.2513574,0.12186762,1.1484267,65.83825,102.49477,-11.937232,WAL
1966577535000,179.060147,1.36541817748112,-12.5463973395361,-3.29388960418015,-1.2428054,0.3726278,0.97585726,66.181335,102.67784,-11.985161,WAL
1966582298000,179.06491,1.55404269701546,-11.7180896314275,-2.44917973229054,-1.2925909,0.44806966,0.88117313,66.578896,102.84534,-11.989229,WAL
1966587300000,179.069912,1.75213210426106,-10.848218718986,-1.56208362076591,-1.3350459,0.44929138,0.6743952,66.99455,102.93399,-11.8891735,WAL
1966592305000,179.074917,1.64765088737944,-10.4573547247408,-1.20763292266646,-1.4559973,0.27947086,0.46303585,67.37745,103.0287,-11.766434,WAL
1966597272000,179.079884,1.47100969873124,-10.1850327822992,-0.984378079826706,-1.5851953,-0.076052725,0.2657264,67.69855,103.09999,-11.599165,WAL
1966602335000,179.084947,1.29095446657383,-9.90744752065604,-0.756808265190572,-1.7061466,-0.56291234,0.09010262,67.75754,103.1278,-11.420873,WAL
1966607278000,179.08989,1.11516678880293,-9.63644140801485,-0.534632165299912,-1.7898352,-1.0531317,-0.05497787,67.70728,103.14066,-11.211273,WAL
1966612319000,179.094931,0.325860594797246,-8.99729271805662,-0.930448713940321,-1.8545868,-1.4639386,-0.1881465,67.534584,103.14337,-10.974577,WAL
1966617377000,179.099989,-0.517290397016067,-8.32555152199694,-1.37982045465187,-1.8509218,-1.7394388,-0.27977628,67.257835,103.13835,-10.727404,WAL
1966622375000,179.104987,-0.878950333012984,-8.07243731244249,-1.90405347174113,-1.8084666,-1.8606955,-0.34605515,66.84519,103.14199,-10.5301075,WAL
1966627241000,179.109853,-1.1505220367856,-7.89615388825273,-2.42813903432164,-1.7241671,-1.8771889,-0.38026363,66.38539,103.130905,-10.3274765,WAL
1966632296000,179.114908,-1.32394352474483,-7.81997481532004,-2.3510900708862,-1.6621643,-1.7739527,-0.3747658,66.021,103.24879,-10.239303,WAL
1966637313000,179.119925,-1.4797760051512,-7.7603920178384,-2.18150766996089,-1.5830573,-1.6377298,-0.31978795,65.66789,103.35309,-10.158451,WAL
1966642314000,179.124926,-1.56579966561382,-7.80615269113895,-2.10131790180489,-1.5149459,-1.6102408,-0.25870144,65.41386,103.521385,-10.117158,WAL
1966647304000,179.129916,-1.63271962624864,-7.88050800022561,-2.04555125500233,-1.5192219,-1.6963727,-0.1704314,65.17491,103.70659,-10.102137,WAL
1966652322000,179.134934,-1.69474727063296,-7.96957501293198,-1.98092246130893,-1.5372424,-1.7415768,-0.08368854,64.9022,103.91195,-10.156128,WAL
1966657311000,179.139923,-1.73734193408149,-8.10988689009911,-1.88571084065237,-1.5467108,-1.7287487,-0.02321288,64.63131,104.12353,-10.227606,WAL
1966662319000,179.144931,-1.78009881412764,-8.25073312799308,-1.79013661811317,-1.5161675,-1.6807957,0.02107485,64.330246,104.3495,-10.338233,WAL
1966667394000,179.150006,-1.82342772112329,-8.39346369055535,-1.69328374682993,-1.4850134,-1.6062702,0.052534413,64.050705,104.57854,-10.456382,WAL
1966672292000,179.154904,-1.80087974172275,-8.49372166160354,-1.57559183149394,-1.4523321,-1.5674802,0.09590584,63.784843,104.80444,-10.5855465,WAL
1966677312000,179.159924,-1.68071391399731,-8.53993925052874,-1.41845198088829,-1.4242324,-1.5118915,0.12186762,63.552536,105.02011,-10.70989,WAL
1966682267000,179.164879,-1.55924274989532,-8.58311881437544,-1.27936158524574,-1.4144585,-1.4437801,0.16707164,63.26089,105.24514,-10.86823,WAL
1966687320000,179.169932,-1.42898924515004,-8.62171273272854,-1.17322904019539,-1.3860532,-1.3552046,0.2134974,62.999947,105.45759,-11.024079,WAL
1966692242000,179.174854,-1.32151689024694,-8.65060492754594,-1.08072268343224,-1.3457361,-1.2592987,0.25473082,62.713844,105.65283,-11.183723,WAL
1966697291000,179.179903,-1.25672495019142,-8.65986062212864,-1.01130275111026,-1.2712106,-1.1362094,0.3042109,62.47083,105.83851,-11.34572,WAL
1966702302000,179.184914,-1.20460950585091,-8.67424872271358,-0.925623669093206,-1.176221,-0.98471475,0.3484986,62.22323,106.007904,-11.498688,WAL
1966707312000,179.189924,-1.19528308579065,-8.7068913876956,-0.781064060773642,-1.0714576,-0.8353582,0.3839288,62.018204,106.16189,-11.65028,WAL
1966712354000,179.194966,-1.18030016480629,-8.73324532470272,-0.623074719533947,-0.9593639,-0.6957755,0.42485678,61.825623,106.30053,-11.805346,WAL
1966717438000,179.20005,-1.13827901317606,-8.72857621576525,-0.403631011651323,-0.86315256,-0.61575216,0.45051312,61.664318,106.42065,-11.955067,WAL
1966722322000,179.204934,-1.10015490481283,-8.7252562798574,-0.199696053796791,-0.7651087,-0.5842926,0.46395215,61.51821,106.49633,-12.100956,WAL
1966727308000,179.20992,-1.08596894973262,-8.73471378074866,-0.0672937125668449,-0.68019843,-0.6105598,0.462425,61.381855,106.55565,-12.242386,WAL
1966732383000,179.214995,-1.07439170201209,-8.7432671321241,0.0538822334721974,-0.6218608,-0.68019843,0.44898596,61.17621,106.59191,-12.388605,WAL
1966737313000,179.219925,-1.09779026678561,-8.73858732143919,0.00708507118554862,-0.59803706,-0.766025,0.43463063,60.961338,106.6165,-12.528863,WAL
1966742457000,179.225069,-1.12409287378476,-8.73142510904104,-0.0524052578763004,-0.59406644,-0.8402451,0.42058071,60.69536,106.62396,-12.661225,WAL
1966747285000,179.229897,-1.17219247442784,-8.69644356884812,-0.240430929342538,-0.6123924,-0.89858276,0.40866885,60.41241,106.626656,-12.785933,WAL
1966752258000,179.23487,-1.22173665711178,-8.66041142316058,-0.434103602126631,-0.66981375,-0.94042706,0.40317106,60.100353,106.65517,-12.913771,WAL
1966757314000,179.239926,-1.36095964593965,-8.62139923992507,-0.69784531868469,-0.7302894,-0.97494096,0.41386122,59.77874,106.68507,-13.037635,WAL
1966762820000,179.245432,-1.51830129529236,-8.57958902615356,-0.99257797550906,-0.8219192,-1.040609,0.4465425,59.441853,106.730545,-13.162465,WAL
1966767311000,179.249923,-1.60266506168504,-8.55950243508313,-1.2496865090043,-0.92485,-1.0876455,0.47891834,59.120113,106.829185,-13.296064,WAL
1966772311000,179.254923,-1.69659043063703,-8.53713927423875,-1.53593515462358,-1.0180069,-1.1133019,0.51251596,58.8164,107.00211,-13.461549,WAL
1966777345000,179.259957,-1.72983165531598,-8.59526802126391,-1.74168658339626,-1.0641272,-1.1658363,0.528093,58.49897,107.17986,-13.627955,WAL
1966782273000,179.264885,-1.74858941843204,-8.67029907372814,-1.92457470644873,-1.1365148,-1.2009611,0.56169057,58.188843,107.3815,-13.802545,WAL
1966787346000,179.269958,-1.76789910436705,-8.7475378174682,-2.11284407500497,-1.2000448,-1.2321151,0.60139686,57.89993,107.6468,-14.002289,WAL
1966792244000,179.274856,-1.78654267655505,-8.82211210622019,-2.29461883691872,-1.2406673,-1.25319,0.6239988,57.61223,107.91438,-14.2013645,WAL
1966797337000,179.279949,-1.79830765584798,-9.01806698487676,-2.26601574170677,-1.2626585,-1.2458596,0.655153,57.31837,108.201965,-14.411322,WAL
1966802265000,179.284877,-1.80757692235098,-9.24052918737111,-2.17795761313955,-1.2910637,-1.2370021,0.6765333,57.02751,108.48986,-14.619043,WAL
1966807345000,179.289957,-1.83560972240388,-9.5550116058129,-1.99756593823797,-1.3054191,-1.183246,0.68691796,56.786087,108.83189,-14.836442,WAL
1966812326000,179.294938,-1.86930780350187,-9.89199291946715,-1.79056323899485,-1.3041973,-1.1117748,0.6994407,56.560417,109.17075,-15.052745,WAL
1966817364000,179.299976,-1.89549255710188,-10.2497200396637,-1.45165159365974,-1.3075571,-1.0213667,0.70616025,56.327953,109.49067,-15.255359,WAL
1966822252000,179.304864,-1.91864364323442,-10.6016159106825,-1.08586495492582,-1.2980887,-0.9624182,0.7067711,56.113556,109.7991,-15.451334,WAL
1966827346000,179.309958,-1.96380758181105,-10.8457035145041,-0.608317754140043,-1.2739595,-0.9669997,0.7147123,55.852867,110.06758,-15.6455145,WAL
1966832266000,179.314878,-2.0146010369267,-11.0396423541748,-0.114235612936594,-1.2055426,-1.0516045,0.73792523,55.593143,110.32014,-15.839182,WAL
1966837358000,179.31997,-1.96463875738086,-11.1997130775444,0.117771318088348,-1.0662653,-1.1658363,0.7623598,55.2415,110.495705,-16.025475,WAL
1966842280000,179.324892,-1.87421027650444,-11.3377358174475,0.227237384793316,-0.84696466,-1.2947289,0.79534656,54.870605,110.64396,-16.218954,WAL
1966847339000,179.329951,-1.63820584623571,-11.5184737294048,-0.00665696886480099,-0.5311473,-1.3738359,0.820392,54.388134,110.69458,-16.412197,WAL
1966852342000,179.334954,-1.35020047024044,-11.712051079326,-0.370204745999212,-0.17379116,-1.385137,0.8268061,53.89854,110.700294,-16.602135,WAL
1966857348000,179.33996,-0.417571364591867,-11.6422389304626,-1.1473596732241,0.19211712,-1.2544118,0.81489426,53.39506,110.634445,-16.771244,WAL
1966862394000,179.345006,0.799112704126286,-11.4587705246278,-2.10815389281647,0.49693888,-1.0225884,0.786489,52.927517,110.52101,-16.91955,WAL
1966867354000,179.349966,1.46855272799224,-11.2495674950533,-2.541034402871,0.66553766,-0.7431176,0.72326446,52.53467,110.37756,-17.010687,WAL
1966872356000,179.354968,1.92388862075655,-11.0265457322987,-2.76405602007759,0.6649268,-0.61544675,0.6356053,52.169125,110.20721,-17.073105,WAL
1966877339000,179.359951,2.13920990771675,-11.0946331633727,-2.90183242038931,0.5018258,-0.3399465,0.5842926,51.99229,110.04028,-17.016058,WAL
1966882364000,179.364976,2.22045910227431,-11.3288224175191,-2.99264034371834,0.38056904,-0.07513642,0.4560109,51.84094,109.82854,-16.90365,WAL
1966887356000,179.369968,2.03919360238022,-11.6146573253652,-2.71995786785167,0.09865474,0.16493362,0.3200934,51.768547,109.644745,-16.729769,WAL
1966892327000,179.374939,1.70362967259168,-11.9307680345286,-2.23363334443763,-0.16493362,0.3032946,0.1881465,51.735,109.446495,-16.512192,WAL
1966897338000,179.37995,1.24816393862965,-11.9973063845245,-1.61732068115771,-0.3717115,0.32070425,0.07819075,51.720333,109.248856,-16.245548,WAL
1966902353000,179.384965,0.732804854311872,-11.935841531453,-0.936479334288246,-0.5345071,0.23182335,0.0036651916,51.705666,109.06477,-15.953359,WAL
1966907345000,179.389957,0.253605483360385,-11.7065209329726,-0.473370216352169,-0.6414085,0.057726767,-0.044593163,51.584564,108.864296,-15.67162,WAL
1966912400000,179.395012,-0.21202249382627,-11.3767007954614,-0.128999522422202,-0.66798115,-0.13194689,-0.0729984,51.4272,108.66895,-15.385768,WAL
1966917356000,179.399968,-0.489281938350755,-11.1940398344948,-0.00363903835481998,-0.5739079,-0.26542094,-0.07880162,51.135963,108.470825,-15.169011,WAL
1966922359000,179.404971,-0.670137308687573,-11.0873818013937,0.00563559684088269,-0.4196644,-0.31398472,-0.06780604,50.815296,108.26732,-14.95891,WAL
1966927341000,179.409953,-0.722953982980178,-11.2450367450444,0.0362845129357485,-0.23671028,-0.312763,-0.036957346,50.460693,108.08059,-14.819205,WAL
1966932327000,179.414939,-0.680990373645152,-11.5993966970022,0.0829107810714774,-0.05955936,-0.2828306,-0.008246681,50.10611,107.87389,-14.683535,WAL
1966937347000,179.419959,-0.537213793962458,-12.1458028902452,0.110494291407324,0.095294975,-0.23273966,0.0033597588,49.746807,107.69012,-14.589698,WAL
1966942341000,179.424953,-0.301735726525798,-12.8620482202277,0.12030587498923,0.19303341,-0.1863139,-0.0125227375,49.40163,107.48974,-14.493029,WAL
1966947324000,179.429936,-0.0769828975828306,-13.5162130689348,0.22434222050539,0.27672195,-0.089491755,-0.060170226,49.057465,107.245575,-14.372579,WAL
1966952331000,179.434943,0.141170532526951,-14.1279916133914,0.39981345905944,0.3640757,0.025045475,-0.14172074,48.73644,106.9788,-14.233937,WAL
1966957338000,179.43995,0.351815408150352,-14.5446653315481,0.455315766538729,0.47708577,0.05009095,-0.23151793,48.368885,106.63785,-14.038286,WAL
1966962409000,179.445021,0.558921586184667,-14.8047518570862,0.411967960313399,0.61758476,0.07544186,-0.3286455,48.03767,106.267525,-13.814585,WAL
1966967365000,179.449977,0.726365700582072,-14.9081412064416,0.304982462320528,0.7877107,0.106901415,-0.40683624,47.65298,105.810394,-13.531715,WAL
1966972353000,179.454965,0.865391030442375,-14.8849703302289,0.142786212696934,0.98929626,0.13622294,-0.4801401,47.280487,105.32105,-13.227215,WAL
1966977338000,179.45995,0.905724935275138,-14.6725749322161,0.0551986248777889,1.0906999,0.18692477,-0.5311473,46.899723,104.804565,-12.891087,WAL
1966982345000,179.464957,0.836161111290645,-14.2479956093047,0.0504011191103552,1.2974777,0.20616703,-0.6365216,46.52271,104.23228,-12.525491,WAL
1966987345000,179.469957,0.766694540505253,-13.8240098664332,0.0456103204610305,1.4908166,0.18784106,-0.7641924,46.15772,103.65146,-12.137201,WAL
1966992309000,179.474921,0.697728129029515,-13.4030768209105,0.040854015561981,1.6713274,0.17256944,-0.893085,45.80272,103.038536,-11.724937,WAL
1966997325000,179.479937,0.549546808832397,-12.9373798013597,0.0583327465737511,1.8442022,0.15149458,-1.0112875,45.436344,102.39979,-11.292466,WAL
1967002344000,179.484956,0.312745171525273,-12.425888363287,0.10095703950872,2.0418172,0.15393804,-1.1029172,45.076546,101.73592,-10.838222,WAL
1967007240000,179.489852,-0.00400321803734685,-11.9653418764832,0.0968019396374246,2.250733,0.16187929,-1.1878275,44.741318,101.093636,-10.399863,WAL
1967012423000,179.495035,-0.457790358563509,-11.5308651311029,0.0292166192375997,2.4761422,0.17134771,-1.2663237,44.410576,100.43903,-9.942938,WAL
1967017284000,179.499896,-0.93114621299435,-11.3668091097799,-0.0799522551978375,2.69697,0.22968534,-1.3414601,44.128056,99.82024,-9.505147,WAL
1967022357000,179.504969,-1.50377040282486,-11.596331722141,-0.269249523865722,2.9049697,0.31245756,-1.4156802,43.858856,99.21203,-9.050522,WAL
1967027238000,179.50985,-2.05472224011299,-11.8171674940581,-0.451382377870836,3.0857859,0.40775254,-1.4978416,43.657032,98.69963,-8.646242,WAL
1967032338000,179.51495,-2.63039410451977,-12.0479116933567,-0.641687142350672,3.213762,0.5326745,-1.5714508,43.491074,98.23106,-8.228854,WAL
1967037247000,179.519859,-3.17522109422141,-12.3382935593066,-0.906144214416058,3.278819,0.679893,-1.6481144,43.3619,82.18364,-7.794289,WAL
1967042341000,179.524953,-3.71430087414842,-12.8328623968978,-1.41060421186131,3.26874,0.81031275,-1.7153096,43.26613,82.52667,-7.3499846,WAL
1967047263000,179.529875,-4.24359544091807,-13.2556020889437,-1.86226911937808,3.1823025,0.91538155,-1.7311921,43.33526,82.637276,-7.0785847,WAL
1967052321000,179.534933,-4.80784629807502,-13.5568546715696,-2.24003016840079,3.0451632,0.9621128,-1.704314,43.424175,82.69028,-6.8094993,WAL
1967057269000,179.539881,-5.35934989464464,-13.820443966967,-2.55683000570571,2.9025261,0.9492846,-1.6621643,43.606544,82.65106,-6.6246166,WAL
1967062427000,179.545039,-5.93293059544544,-14.0083407681682,-2.73978256186186,2.7482827,0.8707884,-1.6181821,43.777355,82.58738,-6.4530387,WAL
1967067305000,179.549917,-6.42273789910157,-14.1530037063552,-2.81811175420844,2.6154196,0.7968737,-1.575116,44.01676,82.46188,-6.3785453,WAL
1967072358000,179.55497,-6.79343193336486,-14.2170751155665,-2.65335872265935,2.486527,0.6236934,-1.541213,44.19625,82.34126,-6.3105783,WAL
1967077374000,179.559986,-7.13363237087435,-14.3058346360269,-2.4955417665367,2.4352143,0.408058,-1.4682146,44.40267,82.15319,-6.3410096,WAL
1967082474000,179.565086,-7.34787134543328,-14.5153124506287,-2.36223758971635,2.375044,0.17379116,-1.4364496,44.54483,81.992615,-6.3595247,WAL
1967087326000,179.569938,-7.50901276835443,-14.6681453832522,-2.29590281658228,2.3313673,0.004276057,-1.5238034,44.7247,81.79489,-6.3897443,WAL
1967092413000,179.575025,-7.34772911139241,-14.4689123100292,-2.69436881443038,2.189341,-0.06963864,-1.6633861,44.85568,81.63498,-6.4036536,WAL
1967097386000,179.579998,-7.16028361654068,-14.2685612892381,-3.09225882701412,2.0286834,0.12095132,-1.7305813,45.054825,81.45901,-6.4271526,WAL
1967102354000,179.584966,-6.60188333191764,-13.9988256711757,-3.59387236144818,1.756543,0.70554936,-1.8246545,45.33935,81.371605,-6.406242,WAL
1967107426000,179.590038,-6.01431528204298,-13.6903420364047,-4.02610687113139,1.3365731,1.102001,-1.8664987,45.61214,81.38621,-6.364695,WAL
1967112309000,179.594921,-5.22505717589049,-12.9699143455991,-3.42039714615838,1.1734722,1.2394456,-1.8139644,45.96598,81.406555,-6.329191,WAL
1967117550000,179.600162,-4.37739889224744,-12.2012133659369,-2.78301534928701,1.2400564,1.1890492,-1.700038,46.33379,81.5346,-6.241785,WAL
1967122310000,179.604922,-3.59917512522595,-11.5740563585057,-2.40305908055835,1.4401149,1.1551461,-1.5552629,46.73315,81.646416,-6.183258,WAL
1967127594000,179.610206,-2.74598559877751,-10.9155764189731,-2.00272241768215,1.6853772,1.2626585,-1.4749341,47.10045,81.743126,-6.0273542,WAL
1967132320000,179.614932,-2.10858339242054,-10.7695053496333,-1.89648873202934,1.88849,1.4651603,-1.4657712,47.477097,81.7884,-5.900171,WAL
1967137655000,179.620267,-1.39865089327529,-10.6123095262684,-1.77343719816872,2.019826,1.6508633,-1.4880677,47.84175,81.80818,-5.6799397,WAL
1967142352000,179.624964,-0.980022789532673,-10.6393178638047,-1.59788342720905,2.127949,1.7629571,-1.5057828,48.23576,81.7764,-5.4770584,WAL
1967147723000,179.630335,-0.510401241492235,-10.6654036703965,-1.39883909453072,2.2088888,1.8664987,-1.525636,48.686436,81.73421,-5.172423,WAL
1967152349000,179.634961,-0.245450605503038,-10.6141227625157,-1.25354364996624,2.2299635,1.9257526,-1.5057828,49.14728,81.65544,-4.8880243,WAL
1967157245000,179.639857,0.0349640753882512,-10.5598488055368,-1.09976792653612,2.2455406,1.9782871,-1.4645494,49.635735,81.534325,-4.5418215,WAL
1967162360000,179.644972,0.153900157626444,-10.5232394134807,-1.0387479280466,2.2299635,2.0091357,-1.4257594,50.125786,81.386566,-4.214671,WAL
1967167291000,179.649903,0.247932874444444,-10.4903282777778,-0.99173155,2.1591032,2.0366247,-1.3854424,50.619686,81.222145,-3.9136925,WAL
1967172350000,179.654962,0.232622415812763,-10.300618895294,-1.30215263691551,2.1132884,2.1303926,-1.359786,51.14037,81.01641,-3.5812502,WAL
1967177241000,179.659853,0.204422443955449,-10.098518662653,-1.64525236076661,2.043955,2.2913556,-1.3041973,51.67695,80.80995,-3.284902,WAL
1967182336000,179.664948,0.166933550968028,-9.85690717095915,-1.9375910080521,1.971873,2.4718661,-1.2318097,52.251846,80.5849,-2.9976826,WAL
1967187251000,179.669863,0.129775467116637,-9.62002468650089,-2.21163189161239,1.89918,2.5595255,-1.1575897,52.83476,80.36448,-2.741521,WAL
1967192325000,179.674937,0.029271613858526,-9.29242246038332,-2.47412567413555,1.8594738,2.6022859,-1.0742066,53.49624,80.15255,-2.5315263,WAL
1967197266000,179.679878,-0.0782503228450899,-8.96050656293223,-2.72656840318119,1.8237382,2.6426032,-1.0125091,54.170673,79.95544,-2.350001,WAL
1967202348000,179.68496,-0.505173144996859,-8.39564871518325,-2.95485367504046,1.8005253,2.658791,-0.95569867,54.874893,79.77551,-2.2022946,WAL
1967207247000,179.689859,-0.974117613503665,-7.81058499895288,-3.1692283654831,1.7800614,2.663678,-0.9101892,55.5766,79.60616,-2.0781858,WAL
1967212341000,179.694953,-1.2284106639399,-7.4545637245409,-3.15381244076238,1.754405,2.6520715,-0.883922,56.28535,79.46847,-1.9956552,WAL
1967217389000,179.700001,-1.3987928836394,-7.19002268057874,-3.05517001679651,1.733941,2.629164,-0.8579602,56.982483,79.340225,-1.9317845,WAL
1967222379000,179.704991,-1.57979592934986,-6.96927820636591,-2.87502049406126,1.706452,2.5867088,-0.86070913,57.663692,79.26712,-1.9663447,WAL
1967227342000,179.709954,-1.76797351927485,-6.77614868210044,-2.64227451260679,1.636508,2.5097399,-0.8503244,58.320576,79.219795,-2.013083,WAL
1967232309000,179.714921,-1.86088471128889,-6.51353959258272,-2.54755528621235,1.5693128,2.4098635,-0.86009824,59.006702,79.15209,-2.0564015,WAL
1967237386000,179.719998,-1.90890591066667,-6.21100595125926,-2.51874264681482,1.486846,2.3160956,-0.88789266,59.66632,79.11952,-2.097606,WAL
1967242341000,179.724953,-1.99388507291708,-5.97524279813291,-2.44331037287693,1.3967434,2.2727242,-0.88270026,60.350307,79.06351,-2.1603289,WAL
1967247343000,179.729955,-2.09967410921502,-5.76847346416382,-2.34232992457338,1.3356569,2.218968,-0.89369583,60.999794,79.03556,-2.2080245,WAL
1967252329000,179.734941,-2.23954968187731,-5.58168172172521,-2.06552632081457,1.2544118,2.1587977,-0.8863655,61.682793,79.00485,-2.258637,WAL
1967257346000,179.739958,-2.3982152564295,-5.40378391219854,-1.69530656318423,1.1728612,2.111761,-0.9089675,62.349026,79.00409,-2.2980592,WAL
1967262324000,179.744936,-2.48930939568596,-5.14621172738866,-1.27569516396334,1.0601566,2.0702224,-0.926988,63.05658,78.98853,-2.3480327,WAL
1967267353000,179.749965,-2.54689036843678,-4.84391120708379,-0.824643517634751,0.93462384,2.043955,-0.94959,63.749615,79.01057,-2.3904073,WAL
1967272350000,179.754962,-2.5853689186652,-4.53388624466281,-0.394865595317239,0.8552113,1.9917262,-0.9593639,64.456436,78.982254,-2.4387486,WAL
1967277344000,179.759956,-2.61399628632283,-4.21898649576018,0.0250005804489226,0.6740898,1.9468275,-0.9615019,65.15248,79.025925,-2.4831204,WAL
1967282320000,179.764932,-2.68837488133188,-3.985917080131,0.383751849956332,0.50243664,1.9010127,-0.9416488,65.84228,79.00832,-2.5251508,WAL
1967287362000,179.769974,-2.78901116972013,-3.79422890700675,0.714414016149266,0.34972036,1.8396207,-0.9224065,66.51004,79.041245,-2.564812,WAL
1967292311000,179.774923,-2.88204067417812,-3.67448280370592,0.937966109683204,0.19639318,1.7528778,-0.890947,67.153564,79.04577,-2.6038353,WAL
1967297324000,179.779936,-2.9729115618948,-3.59317731727436,1.10535990803945,0.04337143,1.6676621,-0.8588765,67.775085,79.094055,-2.6469142,WAL
1967302322000,179.784934,-3.04542740332344,-3.53899672813056,1.1772112788724,-0.09407325,1.5790867,-0.8222246,68.36827,79.12038,-2.7048068,WAL
1967307334000,179.789946,-3.10714718405539,-3.50101528646884,1.19145428231454,-0.22143865,1.4932601,-0.7733554,68.932365,79.183716,-2.7722569,WAL
1967312346000,179.794958,-3.11452453102262,-3.4717148173058,1.11164413244838,-0.33383787,1.4141531,-0.72356987,69.47452,79.24506,-2.8573713,WAL
1967317329000,179.799941,-3.08637038503442,-3.44825306981318,0.970873529899705,-0.44257188,1.3246613,-0.6792821,69.983864,79.336075,-2.950576,WAL
1967322315000,179.804927,-3.00134485182969,-3.40032019192342,0.818109886634759,-0.53878313,1.25319,-0.63346726,70.479126,79.440445,-3.065553,WAL
1967327320000,179.809932,-2.87230278681823,-3.33340949524379,0.655612613018247,-0.6395759,1.1896601,-0.5842926,70.94547,79.56905,-3.189908,WAL
1967332297000,179.814909,-2.7346774908484,-3.26129913811053,0.519012936016563,-0.70646566,1.1362094,-0.5299256,71.39928,79.7245,-3.3226964,WAL
1967337324000,179.819936,-2.588223785229,-3.18400414923103,0.401036280588136,-0.7724391,1.0983357,-0.4841107,71.83424,79.898895,-3.463748,WAL
1967342293000,179.824905,-2.43976423198045,-3.11344002170102,0.319356288944964,-0.8237518,1.0598512,-0.43554693,72.25393,80.10012,-3.595736,WAL
1967347345000,179.829957,-2.27269922960051,-3.06717587008606,0.388752524418827,-0.8881981,0.9999864,-0.4016439,72.65254,80.313736,-3.7323558,WAL
1967357219000,179.839831,-1.94617511370591,-2.97675381287187,0.524385625976413,-1.0268645,0.84635377,-0.32253686,73.390205,80.800606,-3.9704652,WAL
1967362214000,179.844826,-1.79221604109942,-2.93804802720778,0.638551978190117,-1.1059716,0.79290307,-0.29077184,73.7262,81.05757,-4.059935,WAL
1967367310000,179.849922,-1.65178154711252,-2.90899263558246,0.822569584897797,-1.1545353,0.6618725,-0.26939157,74.012794,81.316795,-4.1486454,WAL
1967372182000,179.854794,-1.55433251594984,-2.939179948261,0.974127422675615,-1.2586879,0.5149594,-0.22296582,74.26568,81.58422,-4.213601,WAL
1967377253000,179.859865,-1.51151130675027,-3.062885619565,1.09307521220731,-1.3466524,0.38728857,-0.172264,74.484604,81.84796,-4.2806168,WAL
1967382223000,179.864835,-1.46107374115088,-3.16619045993672,1.2250321460352,-1.4443909,0.25167647,-0.1459968,74.64213,82.110855,-4.3081517,WAL
1967387235000,179.869847,-1.39463267901918,-3.23737726266561,1.38638906076725,-1.5531249,0.10567969,-0.08674286,74.75686,82.3756,-4.354279,WAL
1967392207000,179.874819,-1.32005791986333,-3.38575085708745,1.55452554522117,-1.6578883,-0.013439035,-0.007941248,74.836235,82.63328,-4.387499,WAL
1967397237000,179.879849,-1.22664224066858,-3.69713642343707,1.74135685716133,-1.7550159,-0.11026118,0.07696902,74.87849,82.89136,-4.435236,WAL
1967402274000,179.884886,-1.12449701091058,-4.11973566456112,1.97036707616899,-1.8808541,-0.1469131,0.18936823,74.89158,83.13304,-4.4847426,WAL
1967407296000,179.889908,-0.981475374036095,-5.071569352379,2.39943203828958,-1.9856175,-0.122478485,0.33628133,74.89217,83.35269,-4.566814,WAL
1967412296000,179.894908,-0.805673861182061,-6.13478062419562,2.88367884803485,-2.0244074,-0.04153884,0.49510628,74.8918,83.53855,-4.6360517,WAL
1967417340000,179.899952,-0.513957184734185,-7.60292868082368,3.56753908484309,-1.990199,0.102319926,0.6924158,74.913536,83.674225,-4.758988,WAL
1967422345000,179.904957,-0.190818669718187,-9.17963033345003,4.31095915279188,-1.8799378,0.27977628,0.85918194,74.958336,83.76514,-4.8227863,WAL
1967427294000,179.909906,0.248874598573429,-11.1665459828461,5.27745488959391,-1.6869044,0.4908302,0.977079,75.05072,83.79266,-4.9317126,WAL
1967432251000,179.914863,0.689278625835813,-13.156673457903,6.24551295532995,-1.3240504,0.68691796,1.0094548,75.16863,83.759895,-4.921562,WAL
1967437270000,179.919882,1.7365470416415,-14.8652902938956,8.03513108381147,-0.78801614,0.78893244,0.9370673,75.315475,83.65853,-4.9239655,WAL
1967442321000,179.924933,2.87498857923444,-16.4888039205221,9.84548651173663,-0.035430185,0.7706065,0.6236934,75.48188,83.4951,-4.8735576,WAL
1967447256000,179.929868,4.32961479770137,-17.2345301506769,10.761532488166,0.7287622,0.6035349,0.14782938,75.57965,83.2299,-4.5822268,WAL
1967452454000,179.935066,5.84696005415643,-18.0035083624079,11.6210155315315,1.1936307,0.6230826,-0.30940324,75.59084,82.75516,-4.037816,WAL
1967457309000,179.939921,6.96555319732801,-18.3890663384521,10.2977437297297,1.3387111,0.895223,-0.52748215,75.64822,82.10801,-3.4982376,WAL
1967462402000,179.945014,7.985872584273,-18.7229040227498,8.90095514312562,1.278541,1.2302825,-0.59895337,75.684395,81.30934,-2.7147448,WAL
1967467320000,179.949932,7.2824196683086,-18.2663579590504,7.45678016237389,1.1322387,1.3704761,-0.6114761,75.762794,80.439735,-1.9818789,WAL
1967472477000,179.955089,6.4966077721831,-17.693388753792,5.98250546963705,1.0638218,1.5424347,-0.6606508,76.004364,79.75691,-1.2406693,WAL
1967477307000,179.959919,5.18527014190141,-16.0312473426327,5.0804388225623,0.9245446,1.6071864,-0.6817256,76.261345,79.10745,-0.56490004,WAL
1967482287000,179.964899,3.83320774049296,-14.3174866329902,4.15035768334236,0.7849618,1.5971072,-0.67164636,76.63556,78.65802,-0.02252596,WAL
1967487317000,179.969929,2.37403843291988,-12.1155840041012,3.64295906857057,0.625526,1.5460999,-0.64934975,77.01217,78.24506,0.4884071,WAL
1967492242000,179.974854,0.925614653536061,-9.86038379153746,3.23721173412024,0.45662177,1.4590516,-0.59559363,77.36846,77.870224,0.9612404,WAL
1967497302000,179.979914,-1.19789520462113,-7.45168682462687,3.21328620984501,0.25992316,1.3341297,-0.52626044,77.73755,77.64871,1.2616993,WAL
1967502269000,179.984881,-3.42337851590126,-5.06691521641791,3.27700138605052,0.049480084,1.2244794,-0.42332962,78.07292,77.48198,1.5297054,WAL
1967507310000,179.989922,-4.60552659991968,-4.43615576687751,3.21651285981928,-0.17440203,1.149343,-0.2855795,78.35306,77.404274,1.6326431,WAL
1967512278000,179.99489,-5.37937859220883,-4.46481688711847,3.11142200246988,-0.4016439,1.1209377,-0.13439035,78.6015,77.394035,1.7025692,WAL
1967517316000,179.999928,-5.85976193492748,-5.05333469413955,3.18872578831831,-0.6188065,1.1032226,0.04917465,78.85959,77.378365,1.4516164,WAL
1967522264000,180.004876,-6.22662771932575,-5.82421689821639,3.32804176166209,-0.8029824,1.0198395,0.22571471,79.08163,77.41637,1.1621562,WAL
1967527344000,180.009956,-6.2787696890706,-7.24971707623654,3.64248700697048,-0.9627236,0.7846564,0.3817908,79.26205,77.532326,0.74381125,WAL
1967532300000,180.014912,-6.19357571300359,-8.90627169031711,4.02112792747308,-1.070236,0.31429017,0.49663344,79.343155,77.67158,0.3033745,WAL
1967537354000,180.019966,-6.31043395384011,-11.1030442753879,3.88781375506777,-1.1071932,-0.27397305,0.5626069,79.32198,77.82638,-0.19283026,WAL
1967542341000,180.024953,-6.5121287656649,-13.4858614788843,3.53601998998232,-1.0137309,-0.84329945,0.6078109,79.166626,77.94825,-0.68978727,WAL
1967547342000,180.029954,-6.83415249346971,-15.1412276630606,2.77069039377459,-0.83108217,-1.241889,0.65270954,78.88795,78.03022,-1.15893,WAL
1967552372000,180.034984,-7.21789360755311,-16.4393149348938,1.79475656578482,-0.5720753,-1.3393221,0.70952,78.53068,78.03786,-1.6245358,WAL
1967557336000,180.039948,-7.28095490879711,-17.3087641317126,1.64450574990236,-0.27305678,-1.1386528,0.691194,78.20491,78.1064,-2.0764666,WAL
1967562358000,180.04497,-7.16355921090607,-17.9520925306581,1.95912659682679,0.10934488,-0.945314,0.67347896,77.84682,78.05241,-2.5260398,WAL
1967567342000,180.049954,-6.2251751375793,-18.0564851388779,2.32425446129064,0.34208453,-0.5494733,0.6560693,77.67123,78.112305,-3.017208,WAL
1967572357000,180.054969,-4.7016955399881,-17.7851158729183,2.7289286214314,0.88086766,-0.2611449,0.6215554,77.51991,77.9585,-3.4863467,WAL
1967577346000,180.059958,-3.14845959648053,-16.2646643655297,2.26259507651675,1.3622295,-0.172264,0.47250426,77.42683,77.73536,-3.884549,WAL
1967582350000,180.064962,-1.56213815805011,-13.7959810670088,1.13915151237549,1.4966198,-0.3005457,0.19914207,77.361755,77.46967,-4.2255564,WAL
1967587353000,180.069965,-0.480737795923973,-11.3324212346502,0.10921506851428,1.212873,-0.44318274,-0.0983493,77.30097,77.209724,-4.316333,WAL
1967592326000,180.074938,0.234900044436262,-8.88693054542741,-0.848128258682456,0.6056729,-0.4202753,-0.30298916,77.26111,77.027016,-4.3546004,WAL
1967597333000,180.079945,0.524370324908266,-7.00695969461432,-1.29102309386467,-0.08460484,-0.43310347,-0.48655418,77.20295,77.10754,-4.106454,WAL
1967602334000,180.084946,0.48657697173407,-5.57081288567765,-1.33826478533241,-0.729984,-0.59528816,-0.57971114,77.1154,77.3446,-3.8269536,WAL
1967607343000,180.089955,0.285991201374927,-4.47763016784667,-1.28863402706826,-1.2403619,-0.86742866,-0.56169057,77.02718,77.8114,-3.4284725,WAL
1967612365000,180.094977,-0.0526377846939175,-3.67338618658322,-1.15694496847252,-1.597718,-1.1896601,-0.5122105,76.888374,78.40148,-3.0167463,WAL
1967617350000,180.099962,-0.469538081618887,-3.05211049612142,-1.29592125092749,-1.8432859,-1.5308284,-0.44532076,76.6733,79.039185,-2.6299024,WAL
1967622353000,180.104965,-0.968579887416923,-2.60534939515921,-1.70466024668188,-2.0436497,-1.8674151,-0.35979962,76.376396,79.742195,-2.2607164,WAL
1967627334000,180.109946,-1.42803143089583,-2.35138643357023,-2.21005730845334,-2.193617,-2.1563544,-0.26450464,75.97011,80.42818,-2.0009248,WAL
1967632339000,180.114951,-1.84935185351599,-2.30208287779129,-2.82410935749953,-2.2751677,-2.392759,-0.15668693,75.48901,81.1355,-1.7653261,WAL
1967637348000,180.11996,-2.26366710277807,-2.36202771073202,-3.4329367317524,-2.3090706,-2.5906794,-0.05222898,74.9066,81.90722,-1.6689808,WAL
1967642344000,180.124956,-2.66292903673814,-2.62988703431921,-4.02930255488539,-2.3341162,-2.7528641,0.054061573,74.26543,82.68815,-1.6060766,WAL
1967647322000,180.129934,-2.9654981240219,-2.93240680808362,-4.55508203391737,-2.2974641,-2.8487701,0.18295415,73.601776,83.5338,-1.6527866,WAL
1967652372000,180.134984,-3.15326823452464,-3.28387413909408,-5.00284198065704,-2.2153027,-2.8383853,0.31581733,72.92061,84.34783,-1.7419223,WAL
1967657241000,180.139853,-3.27335086075504,-3.62959518896919,-5.31703668304488,-2.1438315,-2.797152,0.47219884,72.24404,85.17766,-1.9352683,WAL
1967662335000,180.144947,-3.31510242988779,-4.00071934370483,-5.48404232984975,-2.104736,-2.65818,0.56046885,71.60031,85.90857,-2.162574,WAL
1967667357000,180.149969,-3.33493590914294,-4.48327140019079,-5.54699866606417,-2.0292943,-2.4486532,0.7461719,71.01169,86.47464,-2.498404,WAL
1967672382000,180.154994,-3.31319004945022,-5.19363408131747,-5.41169151513782,-1.9416351,-2.2266037,0.94959,70.47186,86.74636,-2.8769472,WAL
1967677234000,180.159846,-3.29219285318572,-5.87954049501431,-5.28104269995481,-1.8466456,-2.0011945,1.1615603,70.012405,86.63344,-3.3213024,WAL
1967682348000,180.16496,-3.27006184294321,-6.60248472412512,-5.14333906416629,-1.7617353,-1.7803668,1.3625349,69.62447,93.84741,-3.8273294,WAL
1967687247000,180.169859,-3.16434502401328,-7.38225886455183,-5.03287161305791,-1.68385,-1.5607607,1.5509869,69.31029,94.584435,-4.393659,WAL
1967692324000,180.174936,-2.88635450701771,-8.36419326940243,-4.96113206741055,-1.6035212,-1.2925909,1.7559321,69.08756,95.48202,-5.0218153,WAL
1967697299000,180.179911,-2.60531287702916,-9.42547299326245,-4.80261479513633,-1.5430456,-0.9728029,1.981036,68.9774,96.400795,-5.6582665,WAL
1967702357000,180.184969,-2.27894930080008,-10.9706004072008,-4.22637925644805,-1.4749341,-0.6918049,2.179567,68.94955,97.36463,-6.3346896,WAL
1967707297000,180.189909,-1.92711232886627,-12.4229241464518,-3.65638265798699,-1.4343116,-0.5656612,2.2574525,69.02137,98.24234,-6.9321632,WAL
1967712328000,180.19494,-1.48212794124965,-13.7533367974272,-3.05701579344077,-1.4715744,-0.5833763,2.2067506,69.14652,99.12953,-7.5343876,WAL
1967717367000,180.199979,-1.00381586567864,-14.965429780662,-2.56025257928363,-1.5705346,-0.6630942,2.0912971,69.325356,99.822075,-8.004013,WAL
1967722381000,180.204993,-0.366086668662843,-15.5741709495925,-2.57957779345005,-1.6698002,-0.6881397,1.9547688,69.519585,100.491684,-8.441372,WAL
1967727321000,180.209933,0.227406956436689,-16.0272837670693,-2.57842267400447,-1.7721201,-0.643852,1.7553213,69.74664,100.889595,-8.656801,WAL
1967732304000,180.214916,0.658712913722595,-15.7796034733781,-2.48020451118568,-1.8344283,-0.5815437,1.5225816,69.96567,101.26097,-8.826354,WAL
1967737252000,180.219864,1.08698942920537,-15.5336628566443,-2.38267622107383,-1.8277088,-0.5714644,1.2327261,70.234985,101.450516,-8.778194,WAL
1967742309000,180.224921,1.357878514232,-14.6143150979763,-1.98928590463342,-1.783421,-0.59986967,0.9370673,70.49541,101.61506,-8.682524,WAL
1967747311000,180.229923,1.59954604253971,-13.6493397353084,-1.56641591712991,-1.7266107,-0.67256266,0.643852,70.72827,101.73804,-8.527934,WAL
1967752369000,180.234981,1.75533037221518,-12.6674262173277,-1.07073848794562,-1.6740762,-0.8359691,0.3820962,70.8153,101.855995,-8.33615,WAL
1967757313000,180.239925,1.89480714031621,-11.711544826087,-0.604985421887352,-1.6355917,-0.96577793,0.15607607,70.812706,101.93818,-8.110447,WAL
1967762308000,180.24492,1.87589958458498,-10.7945279782609,-0.368640812366601,-1.5839735,-1.2479976,0.062308256,70.71506,101.99688,-7.874346,WAL
1967767393000,180.250005,1.84387484732272,-9.87858030680174,-0.148835494848046,-1.5604553,-1.5650368,-0.1020145,70.48963,102.004166,-7.6006536,WAL
1967772389000,180.255001,1.63153496618427,-9.22771212735166,-0.227308951396044,-1.5467108,-1.9260582,-0.24709499,70.17049,102.000404,-7.329491,WAL
1967777637000,180.260249,1.39293102171295,-8.55967664510717,-0.322686624810811,-1.539075,-2.2901337,-0.35094208,69.72555,101.99773,-7.076976,WAL
1967782304000,180.264916,0.847260953934762,-8.30142061025163,-0.68507816572973,-1.5241088,-2.6087,-0.45204028,69.18883,101.973854,-6.8057914,WAL
1967787303000,180.269915,0.262773131174278,-8.02479281547064,-1.07324943486486,-1.5176947,-2.8548787,-0.5665775,68.57153,101.989494,-6.559912,WAL
1967792324000,180.274936,-0.350821451392355,-7.85104878970093,-1.59795346737968,-1.484708,-3.0338624,-0.6627888,67.88544,101.98719,-6.308323,WAL
1967797259000,180.279871,-0.959258823168944,-7.70127970116855,-2.14086680427807,-1.4471397,-3.1410692,-0.7199047,67.15345,101.9757,-6.0496044,WAL
1967802391000,180.285003,-1.43223529894525,-7.5835082714214,-2.66425221707685,-1.4129313,-3.1731396,-0.732122,66.46554,102.03083,-5.846502,WAL
1967807245000,180.289857,-1.84315967724761,-7.48077705494726,-3.14989006551482,-1.391551,-3.1300735,-0.7101309,65.77591,102.07802,-5.644903,WAL
1967812362000,180.294974,-2.32505399775826,-7.45669498607375,-3.52661850021045,-1.3750577,-3.0329459,-0.65484756,65.11679,102.25283,-5.543345,WAL
1967817385000,180.299997,-2.80922206620917,-7.45229346110349,-3.8655361986824,-1.3991868,-2.9153545,-0.5308419,64.490204,102.43999,-5.468363,WAL
1967822411000,180.305023,-3.11571044283821,-7.6327891009583,-3.83385375006627,-1.398576,-2.7351491,-0.408058,63.87927,102.76633,-5.4885154,WAL
1967827339000,180.309951,-3.32259837286166,-7.9070358428484,-3.6077203949842,-1.389413,-2.5189028,-0.28680122,63.327454,103.10339,-5.5368495,WAL
1967832380000,180.314992,-3.40940855153051,-8.13757291270228,-3.4249341745467,-1.4104879,-2.2534819,-0.17379116,62.821346,103.57401,-5.6890893,WAL
1967837381000,180.319993,-3.43742195188146,-8.3430051490544,-3.26619152380581,-1.4624114,-1.9291124,-0.06566802,62.406258,104.054,-5.858336,WAL
1967842345000,180.324957,-3.29810750744389,-8.51872636843709,-3.04342790649944,-1.5234979,-1.536326,0.028099801,62.055202,104.518875,-6.066288,WAL
1967847337000,180.329949,-3.06021135714431,-8.67894183792018,-2.78125660364578,-1.5839735,-1.1551461,0.14202617,61.80601,105.00181,-6.288302,WAL
1967852420000,180.335032,-2.69720673671546,-8.82131055444155,-2.34526339001404,-1.5928311,-0.79412484,0.24984388,61.644432,105.46054,-6.516987,WAL
1967857353000,180.339965,-2.28512659842591,-8.94919712041307,-1.8384521433828,-1.570229,-0.64721173,0.344528,61.54119,105.92875,-6.7595615,WAL
1967862352000,180.344964,-1.86636405152814,-9.04414600656955,-1.33296787726935,-1.4902058,-0.44501534,0.3885103,61.557938,106.31007,-6.9506216,WAL
1967867483000,180.350095,-1.43593929809578,-9.12368114757688,-0.818329622717319,-1.4501941,-0.36041048,0.45265114,61.594658,106.70163,-7.1674547,WAL
1967872370000,180.354982,-1.05486345897301,-9.12675920666385,-0.498244382838465,-1.3396275,-0.38331795,0.48075095,61.613144,106.94338,-7.3362417,WAL
1967877349000,180.359961,-0.687839707908056,-9.07648201644876,-0.297135474981021,-1.1795808,-0.4896085,0.48258355,61.6368,107.16209,-7.511359,WAL
1967882347000,180.364959,-0.412248123162791,-9.02224253488372,-0.298440019534884,-0.98532563,-0.62888575,0.47983465,61.60537,107.23349,-7.6454644,WAL
1967887352000,180.369964,-0.182751934216142,-8.96603923119015,-0.401479119466484,-0.81214535,-0.7669413,0.44929138,61.542446,107.265785,-7.775667,WAL
1967892310000,180.374922,-0.0132664118114383,-8.95652318836064,-0.587857485501055,-0.65148777,-0.91324353,0.4260785,61.420498,107.20573,-7.8813124,WAL
1967897332000,180.379944,0.122089124709619,-8.97586008412906,-0.829563811533823,-0.54183745,-1.0274754,0.39003745,61.263744,107.11212,-7.9774704,WAL
1967902392000,180.385004,0.190199229344724,-8.98601420143675,-1.09457107845355,-0.5036584,-1.1175779,0.3436117,61.057156,107.01654,-8.0481,WAL
1967907347000,180.389959,0.21783911500631,-8.9906204610232,-1.36636326661489,-0.5317582,-1.2046263,0.28038713,60.814426,106.90512,-8.107,WAL
1967912354000,180.394966,0.136907317929494,-9.00058710711858,-1.5481325815286,-0.6267477,-1.2782356,0.21563543,60.525517,106.85454,-8.150553,WAL
1967917448000,180.40006,-0.0289127165038361,-9.01480053957463,-1.66183776552394,-0.7870999,-1.3457361,0.13652839,60.209846,106.815125,-8.174529,WAL
1967922419000,180.405031,-0.231272117244837,-8.94579571445759,-1.71676694285141,-0.9627236,-1.4440855,0.076052725,59.861294,106.85576,-8.197686,WAL
1967927348000,180.40996,-0.467907783420894,-8.80381442149589,-1.7214996526168,-1.1438452,-1.5628988,0.04795292,59.488018,106.92695,-8.212288,WAL
1967932344000,180.414956,-0.695029042193548,-8.72199976774193,-1.71900590709677,-1.2812898,-1.6398678,0.043066,59.098022,107.059616,-8.241935,WAL
1967937352000,180.419964,-0.910687846150538,-8.69855860723363,-1.70962944289345,-1.3796391,-1.6633861,0.034513887,58.69282,107.21617,-8.266116,WAL
1967942342000,180.424954,-1.14700827510097,-8.65445926958805,-1.67749605260501,-1.4376713,-1.6249015,0.060170226,58.291195,107.423256,-8.328768,WAL
1967947329000,180.429941,-1.40740968664176,-8.58694795850161,-1.61962907785743,-1.4666874,-1.5668694,0.093767814,57.895973,107.63783,-8.389338,WAL
1967952325000,180.434937,-1.63441815938078,-8.54080215704411,-1.54234513601402,-1.473407,-1.5378532,0.12889257,57.496155,107.88205,-8.488732,WAL
1967957345000,180.439957,-1.8263272217895,-8.51739862476877,-1.44405025158212,-1.4541647,-1.4932601,0.18325958,57.129387,108.1234,-8.593563,WAL
1967962336000,180.444948,-2.02371967630313,-8.55606813352045,-1.33677382315557,-1.4355333,-1.4391985,0.21471913,56.747128,108.39908,-8.734477,WAL
1967967450000,180.450062,-2.2348222744587,-8.6788020829992,-1.21403977115076,-1.3674219,-1.3930782,0.2706133,56.38891,108.657845,-8.889762,WAL
1967972325000,180.454937,-2.42498527727951,-8.84092409177687,-1.05605790607537,-1.2956452,-1.3793337,0.33475417,56.00809,108.92769,-9.087613,WAL
1967977344000,180.459956,-2.60660076415432,-9.06555341175301,-0.840986844158298,-1.2305881,-1.3674219,0.4098906,55.651764,109.18232,-9.295052,WAL
1967982288000,180.4649,-2.72007029684044,-9.27437302053712,-0.716293700631911,-1.1725558,-1.3891076,0.46944994,55.26272,109.42797,-9.541736,WAL
1967987345000,180.469957,-2.74397920165877,-9.47042663921801,-0.711511919668246,-1.1209377,-1.4278975,0.5119051,54.882984,109.65989,-9.798611,WAL
1967992244000,180.474856,-2.73782312210497,-9.67602979838934,-0.772958149652874,-1.0800097,-1.4199562,0.5516113,54.476856,109.86202,-10.085059,WAL
1967997341000,180.479953,-2.68360157297973,-9.91550811830047,-0.944659863426826,-1.0366384,-1.3820826,0.57879484,54.076145,110.050095,-10.373313,WAL
1968002255000,180.484867,-2.59622727802551,-10.1306147614964,-1.12415638426412,-0.9755518,-1.317331,0.591623,53.675297,110.21976,-10.661297,WAL
1968007250000,180.489862,-2.38599228451067,-10.2947012343231,-1.35490203963983,-0.91507614,-1.2623531,0.59620446,53.289257,110.37772,-10.944333,WAL
1968012203000,180.494815,-2.11253677497281,-10.4053419577771,-1.56599298588945,-0.83077675,-1.2131784,0.60903263,52.92806,110.52899,-11.209643,WAL
1968017284000,180.499896,-1.70836204070009,-10.4197765597745,-1.74883397419163,-0.73426,-1.1716396,0.6310238,52.58694,110.66125,-11.466678,WAL
1968022193000,180.504805,-1.27532562547868,-10.4524301102172,-1.87213472204344,-0.6441574,-1.1337659,0.6603453,52.27669,110.785484,-11.689143,WAL
1968027247000,180.509859,-0.739914288362832,-10.5254406902655,-1.8867368380531,-0.54428095,-1.1209377,0.66614854,51.976536,110.88087,-11.90187,WAL
1968032223000,180.514835,-0.201395488886674,-10.652213775441,-1.87513738673378,-0.45173484,-1.0922271,0.6759224,51.710014,110.95767,-12.058259,WAL
1968037251000,180.519863,0.364931399286355,-10.8873831528954,-1.81274543437656,-0.37232238,-1.063211,0.67073005,51.4511,111.00938,-12.204306,WAL
1968042215000,180.524827,0.873639414304376,-11.1160936011011,-1.74061429701409,-0.3213151,-1.0097603,0.65209866,51.19294,111.00929,-12.269175,WAL
1968047241000,180.529853,1.28683701822338,-11.3406578323225,-1.64629746997294,-0.29932398,-0.97127575,0.60231316,50.9379,110.989204,-12.319084,WAL
1968052317000,180.534929,1.66306574262794,-11.532045373883,-1.57363621437855,-0.2846632,-0.95630956,0.52534413,50.627903,110.89923,-12.29723,WAL
1968057346000,180.539958,1.87824826755686,-11.585841068948,-1.5883077397238,-0.25992316,-0.93828905,0.48166725,50.32942,110.798256,-12.26552,WAL
1968062362000,180.544974,2.02225844004153,-11.5945615251187,-1.62279518811313,-0.23609942,-0.9221011,0.36926803,49.968987,110.61955,-12.1455555,WAL
1968067380000,180.549992,1.95097222190467,-11.4662462232991,-1.7178435120451,-0.19150625,-0.90041536,0.22785273,49.61023,110.41894,-12.003592,WAL
1968072334000,180.554946,1.8239495925461,-11.3305085804237,-1.80841129783248,-0.15393804,-0.86315256,0.06261369,49.221577,110.188095,-11.809836,WAL
1968077343000,180.559955,1.49461305001962,-11.1611350129463,-1.88839303099255,-0.12034045,-0.82527894,-0.09162979,48.829556,109.9282,-11.5800295,WAL
1968082320000,180.564932,1.13844151726609,-11.0094594982235,-1.95450888574812,-0.11056661,-0.79290307,-0.21471913,48.43185,109.68645,-11.339177,WAL
1968087344000,180.569956,0.644576198418871,-10.9334806715357,-1.95925758720884,-0.13500121,-0.75991637,-0.3051272,48.035942,109.42776,-11.064549,WAL
1968092285000,180.574897,0.164284865971366,-10.861808958756,-1.9468557740969,-0.1731803,-0.74097955,-0.36163223,47.64249,109.22677,-10.822353,WAL
1968097295000,180.579907,-0.290629337745331,-10.8072191019247,-1.83312720654214,-0.24098633,-0.72418076,-0.37293324,47.255062,109.033295,-10.568362,WAL
1968102531000,180.585143,-0.754426146452838,-10.7523368256395,-1.70569644698241,-0.29443705,-0.72784597,-0.35918877,46.860607,108.90928,-10.384489,WAL
1968107312000,180.589924,-1.05637691816547,-10.7248866816547,-1.4998209881295,-0.34422258,-0.7104363,-0.3399465,46.479202,108.79906,-10.197836,WAL
1968112578000,180.59519,-1.37356654069767,-10.7207710077519,-1.26682973275194,-0.37965274,-0.677755,-0.29901853,46.101707,108.74052,-10.087502,WAL
1968117350000,180.599962,-1.51527357767442,-10.9643298186047,-0.996700638604651,-0.37110063,-0.65026605,-0.26328292,45.733437,108.68368,-9.979843,WAL
1968122644000,180.605256,-1.66273507811774,-11.2433097137878,-0.69645862050581,-0.3399465,-0.6038403,-0.24740042,45.37838,108.62798,-9.91453,WAL
1968127306000,180.609918,-1.58059964794733,-11.6799244306739,-0.419792015642138,-0.26083946,-0.54061574,-0.22999077,45.043354,108.5635,-9.854995,WAL
1968132262000,180.614874,-1.49328450596437,-12.1440734089853,-0.125677967228505,-0.12736541,-0.47739118,-0.2406809,44.698742,108.43608,-9.793871,WAL
1968137322000,180.619934,-1.3573217495534,-12.6530107819417,0.103329102382913,0.023518313,-0.4370741,-0.2556471,44.371468,108.28908,-9.732675,WAL
1968142323000,180.624935,-1.21782584624272,-13.1598458665534,0.32187276548233,0.19303341,-0.3866777,-0.29565877,44.066822,108.10245,-9.655497,WAL
1968147299000,180.629911,-0.862597505691552,-13.7846880324165,0.298591291509823,0.37048978,-0.3277292,-0.33964106,43.731487,107.80893,-9.543045,WAL
1968152346000,180.634958,-0.463769574891945,-14.4399056355599,0.232119966404715,0.5345071,-0.29077184,-0.40500367,43.4064,107.475586,-9.412086,WAL
1968157310000,180.639922,-0.420310874050157,-14.6832002800792,-0.115626656392527,0.7128797,-0.23762658,-0.42821655,43.064507,107.04366,-9.2448845,WAL
1968162290000,180.644902,-0.454207462231699,-14.838155945629,-0.527228075643212,0.8072584,-0.160963,-0.47433686,42.742374,106.59096,-9.051295,WAL
1968167399000,180.650011,-0.107048708129496,-14.7750443888781,-0.878276800941085,1.0042624,-0.0729984,-0.5174029,42.408463,106.03365,-8.788653,WAL
1968172309000,180.654921,0.295240485035971,-14.6744719700564,-1.20285102868754,1.2269229,0.016798794,-0.5558874,42.103622,105.45752,-8.514227,WAL
1968177339000,180.659951,0.532123979249849,-14.3582324299254,-1.35015206989312,1.4645494,0.105374254,-0.5891795,41.820583,104.90957,-8.252285,WAL
1968182314000,180.664926,0.719474232728373,-13.9883358126638,-1.44622911138334,1.7220291,0.16340645,-0.63713247,41.557804,104.311966,-7.9765377,WAL
1968187343000,180.669955,0.721600082343499,-13.4566354361958,-1.35257792475923,1.9837849,0.23701571,-0.7089091,41.2838,103.70544,-7.659379,WAL
1968192291000,180.674903,0.678815766773676,-12.895685223114,-1.21471730272873,2.2128594,0.2770274,-0.78893244,41.01755,103.05296,-7.3297153,WAL
1968197338000,180.67995,0.293228661725621,-12.3202691409029,-0.997045375317569,2.4034493,0.30940324,-0.8915578,40.741146,102.379036,-6.9701724,WAL
1968202373000,180.684985,-0.173226598827438,-11.7454457140903,-0.761461887531757,2.5867088,0.28313604,-1.010982,40.45724,101.653854,-6.5884614,WAL
1968207341000,180.689953,-0.756088579907945,-11.4032442263358,-0.414307570962578,2.738509,0.24556783,-1.169807,40.174248,100.89153,-6.18719,WAL
1968212332000,180.694944,-1.37783354056434,-11.1258501994197,-0.0316952636641985,2.8738155,0.18509217,-1.2999213,39.875916,100.09338,-5.766102,WAL
1968217365000,180.699977,-1.98231856,-11.0888573314685,0.240612247104895,3.0091221,0.1142318,-1.4092661,39.63106,99.251015,-5.365624,WAL
1968222352000,180.704964,-2.57458132933333,-11.1244819485315,0.476626734761772,3.1187725,0.058643065,-1.491733,39.372894,98.38651,-4.9418435,WAL
1968227339000,180.709951,-3.14717557768932,-11.2180819763161,0.407492222903772,3.1905491,0.06658431,-1.5268577,39.196583,97.488914,-4.57589,WAL
1968232377000,180.714989,-3.71372537422629,-11.3477163490895,0.153024963586427,3.2317827,0.15699236,-1.5082263,39.033474,96.59554,-4.207223,WAL
1968237344000,180.719956,-4.33238706774326,-11.6629587250566,-0.166690826375231,3.2082644,0.321926,-1.461495,38.965202,95.74399,-3.9182239,WAL
1968242344000,180.724956,-4.99238099903312,-12.0963875462868,-0.5311650806439,3.1328225,0.49021935,-1.3771957,38.93196,94.951965,-3.6513932,WAL
1968247332000,180.729944,-5.65338121456724,-12.5781950644682,-0.907876217231135,3.0399709,0.5552765,-1.2883148,38.96265,94.33158,-3.4933128,WAL
1968252368000,180.73498,-6.32203150147554,-13.0892353579917,-1.29473826619132,2.9245174,0.54550266,-1.1982121,39.023926,93.82773,-3.3646579,WAL
1968257340000,180.739952,-7.14422308150341,-13.782572700823,-1.52693365996588,2.802039,0.4465425,-1.1539245,39.12386,93.555595,-3.351817,WAL
1968262360000,180.744972,-8.06095967182858,-14.5835100733641,-1.68133125671417,2.7217102,0.27305678,-1.1096367,39.199192,93.41683,-3.366758,WAL
1968267424000,180.750036,-8.82252108119658,-15.1455960707613,-2.00291170788114,2.561358,0.02321288,-1.1560625,39.268238,93.47002,-3.4685154,WAL
1968272446000,180.755058,-9.49647777350427,-15.5805615627112,-2.4044180125323,2.3930645,-0.24617869,-1.3423764,39.278427,86.445854,-3.537298,WAL
1968277341000,180.759953,-9.14148499438776,-15.1764556513933,-2.61666691840659,2.250733,-0.36010507,-1.5760323,39.324764,86.23681,-3.69057,WAL
1968282336000,180.764948,-8.24502648290816,-14.3269319575648,-2.73869792458791,2.0879374,-0.24831672,-1.6869044,39.351524,86.04084,-3.8126237,WAL
1968287351000,180.769963,-7.20389678431997,-13.3913341840115,-2.52001504102079,1.9230038,-0.1572978,-1.6533068,39.375477,85.801765,-3.9883058,WAL
1968292330000,180.774942,-6.07954565223361,-12.4093060653169,-2.08355815992439,1.8622227,-0.22327125,-1.5467108,39.37567,85.58736,-4.135375,WAL
1968297338000,180.77995,-5.07276073782712,-11.5000966270817,-2.04723428199841,1.8594738,-0.3277292,-1.4416419,39.322346,85.492355,-4.1710095,WAL
1968302373000,180.784985,-4.14546806197462,-10.6397217864294,-2.28622728497224,1.890628,-0.3231477,-1.3158038,39.27616,85.36955,-4.2363014,WAL
1968307297000,180.789909,-3.41752364537441,-10.1719060583399,-2.44682585098059,1.9538525,-0.21960606,-1.2211196,39.157223,85.3357,-4.172616,WAL
1968312310000,180.794922,-2.80885760863708,-9.97218795958796,-2.55619549881141,1.9932534,-0.01863139,-1.1621711,39.067383,85.27046,-4.1356554,WAL
1968317281000,180.799893,-2.21533233538919,-9.85725522786316,-2.52426109773922,2.0302107,0.13041973,-1.135293,38.85628,85.33358,-3.9984717,WAL
1968322274000,180.804886,-1.62739908474963,-9.80984128398612,-2.37727767368369,2.0528126,0.24587326,-1.1270463,38.700005,85.37525,-3.877036,WAL
1968327274000,180.809886,-1.18396012362664,-9.88814026373359,-2.20942089551126,2.0567832,0.43188173,-1.0888673,38.591633,85.4649,-3.6885273,WAL
1968332313000,180.814925,-0.867248072532815,-10.0797312746719,-2.02173974355858,2.0680842,0.67164636,-1.0616838,38.536766,85.536545,-3.5063312,WAL
1968337327000,180.819939,-0.562939842248248,-10.2735764676677,-1.8140044138018,2.022575,0.8567385,-1.0509937,38.511497,85.6286,-3.2549727,WAL
1968342329000,180.824941,-0.399905971091091,-10.5085372812813,-1.33449304630631,1.9850066,1.0064005,-1.0580186,38.545357,85.693184,-3.0159013,WAL
1968347337000,180.829949,-0.243241178837524,-10.741492663023,-0.903233853473119,1.9404135,1.0592403,-1.0687088,38.60466,85.74131,-2.7277856,WAL
1968357398000,180.84001,-0.0943603708584832,-11.1339548389367,-1.23638899562158,1.8634444,1.3939945,-1.1139128,38.8887,85.72448,-2.14793,WAL
1968362338000,180.84495,-0.0758656790523847,-11.0830943717748,-1.37509914554339,1.808772,1.6190983,-1.1258247,39.08406,85.66486,-1.8571461,WAL
1968367576000,180.850188,-0.057737606542811,-11.0167053408724,-1.5272504905044,1.781283,1.7577647,-1.1081096,39.3368,85.572075,-1.5726298,WAL
1968372353000,180.854965,-0.0618435499434572,-10.7826670686591,-1.73665355677616,1.7498235,1.9205604,-1.0555751,39.65346,85.46783,-1.3105989,WAL
1968377243000,180.859855,-0.0660466194911147,-10.5430926179322,-1.95101005542991,1.7266107,2.0576997,-1.0210613,40.042038,85.32515,-1.0589787,WAL
1968382349000,180.864961,-0.0969258293003059,-10.1802498159479,-2.1098972572782,1.7269161,2.1343632,-0.99296147,40.450737,85.167915,-0.8330938,WAL
1968387251000,180.869863,-0.133989288680549,-9.80034892795816,-2.24425230660219,1.7363845,2.1493294,-0.96791595,40.871872,85.004265,-0.62772053,WAL
1968392323000,180.874935,-0.254015270096022,-9.31681399176955,-2.25079920109739,1.72264,2.0992384,-0.95172805,41.345573,84.82017,-0.43890026,WAL
1968397291000,180.879903,-0.398528772741525,-8.8133476425632,-2.21350541908681,1.7128662,1.9950858,-0.9074403,41.798527,84.630165,-0.2729268,WAL
1968402260000,180.884872,-0.621742494142722,-8.36144136248816,-2.18489998585412,1.7162259,1.861001,-0.87995136,42.256447,84.42858,-0.117684245,WAL
1968407218000,180.88983,-0.876618005109988,-7.93165148879065,-2.15991220856752,1.6826283,1.7250835,-0.86437434,42.676033,84.24354,0.023813453,WAL
1968412287000,180.894899,-1.10720765564571,-7.59687873961287,-2.12064714292697,1.6594155,1.6013832,-0.8558222,43.081482,84.037125,0.1342953,WAL
1968417258000,180.89987,-1.3259481057728,-7.29436527617558,-2.07876059982403,1.597718,1.4770721,-0.84513205,43.441395,83.85794,0.23740952,WAL
1968422250000,180.904862,-1.52269761955903,-7.01098075543589,-1.95073379144483,1.5164729,1.3600914,-0.82711154,43.78535,83.69117,0.29554188,WAL
1968427238000,180.90985,-1.71198796237553,-6.73432565850437,-1.79541866175574,1.4355333,1.2690725,-0.8038987,44.096046,83.54989,0.34695348,WAL
1968432259000,180.914871,-1.88681969838392,-6.53331129369334,-1.82180534126922,1.35551,1.2412782,-0.78893244,44.395706,83.44173,0.35753712,WAL
1968437238000,180.91985,-2.05597479601892,-6.35475870153725,-1.89698539556563,1.2840388,1.2406673,-0.7644979,44.673626,83.36135,0.35696158,WAL
1968442247000,180.924859,-2.27298181228036,-5.77696245158934,-1.52102005255676,1.1985176,1.2125676,-0.7535023,44.960682,83.28548,0.33130872,WAL
1968447241000,180.929853,-2.50432440071076,-5.0734916386772,-1.00167915352419,1.0656544,1.2034045,-0.7266242,45.249565,83.25051,0.29082727,WAL
1968452340000,180.934952,-2.60456487858857,-4.69081470633701,-0.661650218924628,0.98440933,1.2195925,-0.7147123,45.579815,83.22057,0.22570932,WAL
1968457348000,180.93996,-2.65521953637062,-4.43293699058089,-0.394562601234758,0.83016586,1.2296717,-0.6826419,45.902607,83.25511,0.14579737,WAL
1968462372000,180.944984,-2.68410938084866,-4.21693218548798,-0.126798553476662,0.70371675,1.2379184,-0.6569856,46.327503,83.16955,0.057347983,WAL
1968467402000,180.950014,-2.70227866099953,-4.02161228157473,0.141198513727487,0.5671884,1.2495248,-0.60994893,46.75069,83.13673,-0.04976989,WAL
1968472343000,180.954955,-2.71563579104762,-3.87667314209524,0.416508986038095,0.42119157,1.2409728,-0.5656612,47.19346,83.08672,-0.15862961,WAL
1968477349000,180.959961,-2.72550790652767,-3.76807976873102,0.705268551957272,0.29565877,1.1795808,-0.52595496,47.6199,83.07282,-0.28093365,WAL
1968482298000,180.96491,-2.73526761477992,-3.66072287604633,0.990740204321235,0.14935656,1.0891727,-0.49357912,48.041992,83.05605,-0.40552193,WAL
1968487328000,180.96994,-2.74518705961905,-3.5516088792381,1.28088415489524,0.0009162979,0.9605856,-0.44929138,48.431313,83.07552,-0.5437151,WAL
1968492311000,180.974923,-2.75158585871417,-3.4538408257165,1.42165315376646,-0.15577064,0.8390234,-0.40469822,48.79328,83.13792,-0.69013387,WAL
1968497288000,180.9799,-2.75620086003098,-3.36154079938033,1.48626322039117,-0.30757064,0.6994407,-0.37659842,49.11027,83.23877,-0.8407975,WAL
1968502378000,180.98499,-2.72879068231417,-3.30262120636852,1.47500689700842,-0.43493605,0.5644395,-0.3408628,49.392906,83.278404,-0.9863126,WAL
1968507338000,180.98995,-2.68062018439306,-3.26890175722543,1.41238524971098,-0.5558874,0.45265114,-0.3051272,49.63932,83.35358,-1.1373644,WAL
1968512375000,180.994987,-2.61010611872659,-3.21547832837799,1.33639084903486,-0.6603453,0.36193767,-0.26297748,49.852673,83.43789,-1.2953773,WAL
1968517378000,180.99999,-2.52728367103621,-3.15106094380102,1.25356844939019,-0.7324274,0.2733622,-0.22266038,50.031734,83.53826,-1.4605207,WAL
1968522342000,181.004954,-2.41631392714373,-3.1062555710521,1.15838207368741,-0.8060367,0.204029,-0.15943582,50.184906,83.66488,-1.6353405,WAL
1968527350000,181.009962,-2.28020023324549,-3.07708826028786,1.05143553827286,-0.88361657,0.13255776,-0.10842858,50.309696,83.80072,-1.8159614,WAL
1968532319000,181.014931,-2.13284379015968,-3.07805919863273,0.989387348917166,-0.9673051,0.06872234,-0.051923547,50.417946,83.9512,-1.9960518,WAL
1968537353000,181.019965,-1.97406952105788,-3.10211604156687,0.960519293138723,-1.0354166,0.01985312,0.002443461,50.50746,84.10106,-2.1885319,WAL
1968542343000,181.024955,-1.79894487939579,-3.13383022180867,0.953445844397275,-1.1172725,-0.037873644,0.06994407,50.57315,84.27296,-2.3723757,WAL
1968547325000,181.029937,-1.61052877743114,-3.17151340285319,0.96286666425116,-1.2095132,-0.06261369,0.11942416,50.632835,84.44419,-2.5657637,WAL
1968552382000,181.034994,-1.47696102445415,-3.26278695380883,0.99013311431344,-1.2592987,-0.119729586,0.14752395,50.661644,84.61452,-2.7337666,WAL
1968557348000,181.03996,-1.39388960296943,-3.39662429216885,1.031668873246,-1.3500122,-0.19639318,0.20219639,50.676147,84.78606,-2.921614,WAL
1968562389000,181.045001,-1.35722858225441,-3.50359768144645,1.06954601462213,-1.45783,-0.28008172,0.24465153,50.667526,84.9645,-3.0649292,WAL
1968567384000,181.049996,-1.37136867965317,-3.57901189516209,1.10253969005813,-1.577254,-0.38362336,0.28955013,50.63115,85.13241,-3.221559,WAL
1968572344000,181.054956,-1.3747751109216,-3.75286844444444,1.14191147962298,-1.6911805,-0.4569272,0.34788775,50.580566,85.29388,-3.3622932,WAL
1968577346000,181.059958,-1.36521937513465,-4.049098,1.18969045789946,-1.7956384,-0.5332854,0.37843102,50.50108,85.44264,-3.5048716,WAL
1968582325000,181.064937,-1.34344532035191,-4.40309930772239,1.29033010801564,-1.892155,-0.5849035,0.40866885,50.408188,85.55946,-3.660219,WAL
1968587350000,181.069962,-1.30581204909091,-4.83588099393939,1.45967948484848,-1.9819523,-0.6133087,0.46120325,50.30172,85.63547,-3.8285315,WAL
1968592285000,181.074897,-1.23154601221099,-5.45893111990792,1.64418272153939,-2.0448713,-0.62796944,0.5174029,50.194736,85.67372,-3.9867527,WAL
1968597325000,181.079937,-1.09627641757582,-6.41064969062156,1.86158035460915,-2.1001546,-0.6053675,0.56107974,50.092793,85.661705,-4.1545277,WAL
1968602387000,181.084999,-0.897567337671851,-7.47726323803312,2.21536675753136,-2.1169536,-0.5314528,0.6047566,49.999435,85.606224,-4.308929,WAL
1968607347000,181.089959,-0.611560547506272,-8.68325899116909,2.75877977830406,-2.0635028,-0.4279111,0.6243043,49.923508,85.507805,-4.4663177,WAL
1968612239000,181.094851,-0.271774739811174,-10.0525286865875,3.4104768876971,-1.954158,-0.34972036,0.64934975,49.861286,85.43532,-4.56124,WAL
1968617391000,181.100003,0.17964949263578,-11.7861892230874,4.28451097981312,-1.765706,-0.23365596,0.6310238,49.841297,94.64881,-4.6480417,WAL
1968622243000,181.104855,0.711270182302201,-13.4088450535396,5.25283012105889,-1.491122,-0.124311075,0.56688297,49.804108,94.6249,-4.622216,WAL
1968627348000,181.10996,1.48683390452608,-15.0956962874281,6.5664410174995,-1.1273518,-0.07544186,0.46211955,49.78294,94.58548,-4.582893,WAL
1968632263000,181.114875,2.30604247191097,-16.4485548618573,7.72440566001535,-0.7110472,-0.15057829,0.22693644,49.66013,85.639755,-4.3591805,WAL
1968637350000,181.119962,3.31085829581734,-17.2617545613968,8.69183359554873,-0.3662137,-0.4868596,-0.16249016,49.482296,85.90339,-4.075836,WAL
1968642263000,181.124875,4.28718331578947,-17.9572179368421,9.28799115789474,-0.14263703,-0.6930266,-0.57543504,49.210293,86.29244,-3.5703733,WAL
1968647327000,181.129939,5.31298778848064,-18.3762093743793,8.78231279046673,0.014966198,-0.97524637,-0.945314,48.84562,86.59173,-2.9986074,WAL
1968652356000,181.134968,6.18925635551181,-18.7387578897638,8.1878308476378,0.108123146,-0.9932669,-1.0760391,48.437668,86.72581,-2.2517433,WAL
1968657347000,181.139959,6.60233550720184,-18.9269378559631,7.30200536450931,0.32711834,-0.8136725,-1.1917981,48.044518,86.5299,-1.4545015,WAL
1968662326000,181.144938,6.76695424724606,-18.7740493177011,6.47436176929755,0.60139686,-0.548557,-1.1227703,47.718967,86.12051,-0.5705025,WAL
1968667383000,181.149995,5.50570822231092,-16.65264336819,5.9572992625025,0.8900307,-0.29657507,-0.9639453,47.455463,85.45164,0.2576083,WAL
1968672302000,181.154914,4.27891768280385,-14.5266093759837,5.47313800148645,1.0958922,-0.08399397,-0.8332202,47.30614,84.75625,1.0803795,WAL
1968677347000,181.159959,3.02093489989313,-11.9590102226756,5.09292689204314,1.1927143,0.11148291,-0.7119634,47.21201,83.9823,1.8014655,WAL
1968682300000,181.164912,1.82079461874951,-9.45322597336763,4.72598182857143,1.1163563,0.30818152,-0.58459806,47.189396,83.28984,2.309463,WAL
1968687349000,181.169961,0.998004064210526,-7.07095996973684,4.424610625,0.9138544,0.45142943,-0.43768495,47.1944,82.633766,2.7532177,WAL
1968692383000,181.174995,0.184044717535169,-4.76024796695066,4.10828185417079,0.61911196,0.5299256,-0.30115658,47.23077,82.12219,3.003009,WAL
1968697337000,181.179949,-0.539781248297999,-3.2655943639786,3.60536398494155,0.3118467,0.5696318,-0.18051068,47.290176,81.68966,3.208317,WAL
1968702452000,181.185064,-1.27592426199582,-1.77784963166418,3.08287337920526,0.018325957,0.57910025,-0.07238753,47.377983,81.37377,3.2787821,WAL
1968707347000,181.189959,-1.83616893140126,-1.06820643250075,2.54130356623842,-0.26297748,0.52198434,0.040011674,47.453156,81.148865,3.3142838,WAL
1968712583000,181.195195,-2.42701432288037,-0.365676069512195,1.97655946631823,-0.50671273,0.408058,0.14721853,47.54047,81.06974,3.229437,WAL
1968717387000,181.199999,-2.88565915873016,-0.281071673333333,1.60251901269841,-0.75319684,0.23548855,0.269697,47.58943,81.075195,3.1115499,WAL
1968722715000,181.205327,-3.38743034173994,-0.214706807556595,1.19356222135828,-0.9761627,0.036957346,0.41905355,47.624332,81.23615,2.8795855,WAL
1968727346000,181.209958,-3.69858688517306,-0.654474872165575,0.944636886973807,-1.2034045,-0.17256944,0.6081163,47.599957,81.47363,2.6057053,WAL
1968732302000,181.214914,-4.03158015428438,-1.12510551958559,0.678242165054256,-1.4480561,-0.35277468,0.8045095,47.5474,81.864204,2.2160816,WAL
1968737355000,181.219967,-4.34800903188406,-2.19706171721014,0.474416255036232,-1.6786577,-0.56169057,0.98349303,47.42045,82.31352,1.7817899,WAL
1968742285000,181.224897,-4.6521229489533,-3.36124703071659,0.289096949702093,-1.8753563,-0.68294734,1.1142182,47.261875,82.812256,1.3032287,WAL
1968747329000,181.229941,-4.94943629093726,-4.87544770883036,0.136923849463207,-1.9633209,-0.9297369,1.1652255,47.02817,83.39432,0.7431182,WAL
1968752293000,181.234905,-5.23942208749032,-6.42664200321456,-0.00576759797172733,-2.1007655,-1.1578951,1.2516629,46.761272,84.00478,0.1322838,WAL
1968757347000,181.239959,-5.64693887982226,-8.46076526984448,-0.152103139278934,-2.1817052,-1.4025466,1.3362677,46.442688,84.615555,-0.5372466,WAL
1968762243000,181.244855,-6.07310794142597,-10.5584627987477,-0.294159433648556,-2.235767,-1.6270396,1.4199562,46.066162,85.14176,-1.2295266,WAL
1968767357000,181.249969,-5.99451226088651,-13.5269430277642,-1.04373669521676,-2.2223277,-1.8115209,1.45783,45.65748,85.55747,-1.9640709,WAL
1968772250000,181.254862,-5.78452395828544,-16.5672067902582,-1.9156441080643,-2.1310034,-1.9657644,1.4657712,45.198277,85.73557,-2.7065806,WAL
1968777342000,181.259954,-4.979341528743,-17.8000115378303,-1.44672853254604,-1.9211712,-2.0732768,1.3970488,44.73818,85.66745,-3.463103,WAL
1968782265000,181.264877,-3.9979065959968,-18.3237577422938,-0.517196465592474,-1.5479325,-1.9703459,1.2030991,44.30195,85.3708,-4.170413,WAL
1968787351000,181.269963,-2.76511586946534,-18.6667361882837,1.26260236583409,-0.9810496,-1.6059648,0.84879726,44.002598,85.13903,-4.6648865,WAL
1968792245000,181.274857,-1.5051236349985,-18.9300185624436,3.25132150965995,-0.29993483,-1.1841623,0.40011674,43.75717,84.86561,-5.054841,WAL
1968797338000,181.27995,-0.871397160009639,-18.5252275918072,4.34883484077108,0.1518,-1.0225884,0.026267206,43.495216,84.77828,-5.1752295,WAL
1968802364000,181.284976,-0.477054225586506,-17.8942788114699,5.10040607092048,0.27366763,-0.93187493,-0.2510656,43.337013,84.77279,-5.1935825,WAL
1968807344000,181.289956,-0.24467360458269,-16.3320706245429,5.24122947671678,0.23548855,-0.77518797,-0.50671273,43.10497,84.97726,-4.947935,WAL
1968812282000,181.294894,-0.0861426194390492,-14.3576391145876,5.1067182363267,0.13072516,-0.6105598,-0.6914995,42.908195,85.21081,-4.6536117,WAL
1968817364000,181.299976,-0.129027784184606,-12.3473025960148,4.642768105294,0.019547688,-0.5558874,-0.79137594,42.677773,85.461876,-4.28743,WAL
1968822324000,181.304936,-0.254298932190076,-10.3940010136745,4.05816956026568,-0.0580322,-0.6062838,-0.8063421,42.472324,85.69861,-3.9049058,WAL
1968827339000,181.309951,-0.424189357837676,-8.62563607919537,3.21018068633323,-0.11209377,-0.73364913,-0.7651087,42.24493,85.89984,-3.5324497,WAL
1968832348000,181.31496,-0.615744618945792,-6.96389405356893,2.23324886868324,-0.14782938,-0.9086621,-0.7153232,41.994045,86.06732,-3.1640399,WAL
1968837343000,181.319955,-0.883746387456132,-5.62992258940138,1.09379658106889,-0.19486602,-1.1652255,-0.67073005,41.694275,86.20326,-2.8538322,WAL
1968842348000,181.32496,-1.19134120130352,-4.45721741493031,-0.131776408904041,-0.32467487,-1.321607,-0.55863625,41.374344,86.31115,-2.578777,WAL
1968847336000,181.329948,-1.55284261595713,-3.56287703521882,-1.26549561381364,-0.4868596,-1.6166549,-0.47891834,40.973534,86.47914,-2.3464534,WAL
1968852393000,181.335005,-1.94693331616553,-2.79391946123846,-2.37087215777513,-0.569021,-1.8869628,-0.30543262,40.534603,86.61116,-2.1727684,WAL
1968857343000,181.339955,-2.32511394063562,-2.12835954527284,-3.43917046542075,-0.75747293,-2.1835377,-0.15577064,40.059765,86.905975,-2.0501478,WAL
1968862425000,181.345037,-2.70937124385369,-1.49117360089946,-4.5287098211673,-0.9639453,-2.460565,-0.013744468,39.517914,87.179924,-1.9754872,WAL
1968867355000,181.349967,-2.97726672368239,-1.01681949496292,-5.28388022358351,-1.1407908,-2.6258042,0.12003502,38.96023,87.45637,-2.0331182,WAL
1968872350000,181.354962,-3.19485411970731,-0.610025435470187,-5.89407126096114,-1.2586879,-2.7617218,0.2648101,38.341167,87.63526,-2.1380723,WAL
1968877338000,181.35995,-3.2900107844586,-0.613013241880451,-6.59430187859873,-1.3756685,-2.9382617,0.37323865,37.68352,87.605,-2.376506,WAL
1968882346000,181.364958,-3.31350946878981,-0.857398719759922,-7.35095708980892,-1.4596626,-2.9901853,0.45204028,37.034035,92.69266,-2.6571102,WAL
1968887347000,181.369959,-3.33495550442422,-1.3324412644807,-7.4578354336994,-1.4859297,-2.7882943,0.4804455,36.433064,93.27463,-3.0156431,WAL
1968892326000,181.374938,-3.35490446862253,-1.96581969304466,-7.11371628298295,-1.459968,-2.5668557,0.49663344,35.836414,94.00925,-3.402079,WAL
1968897319000,181.379931,-3.2913407653911,-2.66157760604739,-6.88271908555567,-1.4013249,-2.4904976,0.54458636,35.31412,94.90201,-3.8128777,WAL
1968902319000,181.384931,-3.18690446123724,-3.38788443662139,-6.70707637711906,-1.3454307,-2.4559836,0.61575216,34.86051,95.848145,-4.240335,WAL
1968907314000,181.389926,-3.13221267388724,-4.29176883501484,-6.67104646711177,-1.2843442,-2.3386977,0.7079928,34.469395,96.76509,-4.6682067,WAL
1968912309000,181.394921,-3.10382328753709,-5.29012971216617,-6.70889903165183,-1.1856894,-2.127949,0.8191703,34.136036,97.683975,-5.121362,WAL
1968917322000,181.399934,-3.04832138231683,-6.60162676940594,-6.59995321093069,-1.0735956,-1.8347337,0.92271197,33.912567,98.52759,-5.528042,WAL
1968922314000,181.404926,-2.97732021574257,-8.08791667673267,-6.40588342811881,-0.9761627,-1.4333953,1.0189233,33.803894,99.36039,-5.9528584,WAL
1968927340000,181.409952,-2.8300800709294,-9.56781890107169,-5.79084685441282,-0.9193522,-0.9831876,1.0940597,33.887527,100.11081,-6.3008776,WAL
1968932323000,181.414935,-2.6366852815562,-11.0247259942363,-4.91842165273775,-0.9593639,-0.61300325,1.1429288,34.0787,100.85619,-6.6578145,WAL
1968937307000,181.419919,-2.26020439169937,-12.3162763705101,-4.1089501712949,-1.0842859,-0.41599923,1.1777482,34.28146,101.5596,-7.0127544,WAL
1968942349000,181.424961,-1.58976439105544,-13.3608025871315,-3.38992743912868,-1.2403619,-0.3717115,1.215011,34.55548,102.2708,-7.3719954,WAL
1968947282000,181.429894,-0.947915603716538,-14.0943848703397,-2.89682317103086,-1.303281,-0.33475417,1.2250903,34.80374,102.77861,-7.6407604,WAL
1968952375000,181.434987,-0.30695564716519,-14.4077429368247,-2.71165704984912,-1.4138476,-0.3323107,1.221425,35.05741,103.323586,-7.915366,WAL
1968957242000,181.439854,0.228766293091739,-14.5571308329862,-2.58423150592086,-1.5351044,-0.28069258,1.1374311,35.222713,103.698364,-8.062348,WAL
1968962435000,181.445047,0.643079312691858,-14.4091625220668,-2.54970539503124,-1.6649132,-0.21135938,0.9868528,35.389366,104.08152,-8.190401,WAL
1968967284000,181.449896,1.01582632207287,-14.1013252018169,-2.46286808844388,-1.8011361,-0.14905111,0.77396625,35.48704,104.40157,-8.205056,WAL
1968972360000,181.454972,1.3767232479535,-13.427017005275,-2.2586764309661,-1.9187278,-0.17745635,0.5375614,35.567276,104.71594,-8.178592,WAL
1968977268000,181.45988,1.63184716307648,-12.7780232526902,-1.91307489788624,-1.9801197,-0.34147367,0.3136793,35.566635,105.004234,-8.082779,WAL
1968982326000,181.464938,1.64580939107417,-12.1171465666795,-1.1637706868947,-1.9715676,-0.6969972,0.0693332,35.48659,105.263985,-7.9386053,WAL
1968987281000,181.469893,1.62163923037725,-11.4911429924946,-0.478412847343472,-1.9398025,-1.2366967,-0.16340645,35.255722,105.49377,-7.7490582,WAL
1968992308000,181.47492,1.44097373539404,-10.9443924528935,0.0160401620679439,-1.8787161,-1.8524488,-0.3753767,34.88923,105.68361,-7.535534,WAL
1968997297000,181.479909,1.18747727134591,-10.4671359713487,0.390674825366876,-1.8359555,-2.4211645,-0.56382865,34.33277,105.77898,-7.3087783,WAL
1969002387000,181.484999,0.569454346404313,-10.2968143171608,0.210620915363881,-1.7556267,-2.8206704,-0.7464773,33.64286,105.82172,-7.0599737,WAL
1969007359000,181.489971,-0.0494996172895429,-10.1226465338661,-0.0173224333300848,-1.6410894,-3.0164526,-0.9221011,32.786953,105.8297,-6.831469,WAL
1969012374000,181.494986,-0.742229154548095,-9.91201946632882,-0.480702299595556,-1.4987578,-3.0405817,-1.058324,31.86836,105.79041,-6.5776033,WAL
1969017387000,181.499999,-1.42566546787856,-9.67239469039688,-0.905238365223184,-1.4010195,-2.9126055,-1.1194105,30.951723,105.80619,-6.3854876,WAL
1969022333000,181.504945,-2.04327880041877,-9.25313892966594,-1.08105531992005,-1.284955,-2.748588,-1.1175779,30.044847,105.769554,-6.1695323,WAL
1969027579000,181.510191,-2.68319820002934,-8.7990572733229,-1.27028579363387,-1.1856894,-2.595261,-1.0338894,29.22926,105.83247,-6.049395,WAL
1969032292000,181.514904,-3.07602610479171,-8.27822910940739,-1.47332046019949,-1.1194105,-2.4452937,-0.8723156,28.474983,105.87794,-5.9376607,WAL
1969037648000,181.52026,-3.51677919508354,-7.69861799746495,-1.70025932375648,-1.0125091,-2.3011293,-0.6450737,27.794083,106.003006,-5.959178,WAL
1969042307000,181.524919,-3.77813106572883,-7.45868840029768,-1.81593969001344,-0.89552844,-2.2348504,-0.5299256,27.145819,106.10627,-5.9864163,WAL
1969047288000,181.5299,-4.05754589030152,-7.20217641843672,-1.9396151363165,-0.84299403,-2.0647244,-0.28496864,26.619375,106.3252,-6.16675,WAL
1969052321000,181.534933,-4.07669929861602,-7.34098905921673,-2.25179893351001,-0.7290677,-1.7941113,-0.07696902,26.153328,106.49907,-6.352377,WAL
1969057249000,181.539861,-4.06280227089713,-7.52628335870632,-2.58069669118571,-0.6753115,-1.4749341,0.07086037,25.769829,106.68955,-6.568103,WAL
1969062303000,181.544915,-3.10743717125776,-8.14991476598387,-2.6071460598758,-0.6835582,-1.2385293,0.18112154,25.463146,106.94282,-6.8663764,WAL
1969067342000,181.549954,-1.98028012642506,-8.85215146868106,-2.575835977199,-0.7156286,-1.1533136,0.2657264,25.218578,107.19901,-7.1812935,WAL
1969072305000,181.554917,-1.14076927719708,-9.23860172924701,-2.49905859212503,-0.768163,-1.1731668,0.32345316,25.039057,107.50043,-7.5026937,WAL
1969077292000,181.559904,-0.4137619727877,-9.49547777724782,-2.40212445019282,-0.82436264,-1.2400564,0.3475823,24.880846,107.81223,-7.8297553,WAL
1969082297000,181.564909,0.148239898537626,-9.66450986074477,-2.29118612063615,-0.86162543,-1.3417655,0.33017266,24.661592,107.994514,-7.9735074,WAL
1969087313000,181.569925,0.646687051656323,-9.79960282350659,-2.17472648882855,-0.88025683,-1.4575244,0.27152961,24.424328,108.17711,-8.114116,WAL
1969092305000,181.574917,0.910057904843892,-9.81614828746085,-1.96597613204001,-0.9202685,-1.6126842,0.1881465,24.08209,108.30385,-8.161044,WAL
1969097312000,181.579924,1.05540824632919,-9.77254332262302,-1.70919049030009,-0.9575313,-1.7935003,0.07971791,23.69902,108.41723,-8.192553,WAL
1969102329000,181.584941,0.993454537647819,-9.68357831143794,-1.63132613587399,-0.97310835,-2.0094411,-0.010995574,23.203382,108.481575,-8.159025,WAL
1969107314000,181.589926,0.836897583404551,-9.57446313604293,-1.63607028254994,-0.9795224,-2.189952,-0.10445796,22.664537,108.53325,-8.103461,WAL
1969112307000,181.594919,0.585926009772139,-9.48865699637494,-1.62766529927499,-0.97005403,-2.293799,-0.18906279,22.046509,108.551056,-8.021686,WAL
1969117371000,181.599983,0.284546720400829,-9.41331222910409,-1.61259634582082,-0.95386606,-2.322204,-0.24587326,21.402647,108.555786,-7.925756,WAL
1969122389000,181.605001,-0.0349220421195072,-9.27905944679406,-1.60539476262489,-0.95386606,-2.3054054,-0.28955013,20.736475,108.58644,-7.845547,WAL
1969127310000,181.609922,-0.354926180064992,-9.12820017479872,-1.60082327821321,-0.9633345,-2.2840252,-0.2941316,20.072008,108.60823,-7.7572513,WAL
1969132295000,181.614907,-0.675413685643928,-8.9756391161103,-1.66498274857281,-0.97494096,-2.2397375,-0.27672195,19.42561,108.66815,-7.704921,WAL
1969137320000,181.619932,-0.996702349577165,-8.82197913788099,-1.76276628268021,-0.9947941,-2.2177463,-0.24709499,18.789572,108.72793,-7.649707,WAL
1969142302000,181.624914,-1.25720705769844,-8.61733028500199,-1.91679772012365,-0.9987647,-2.1539109,-0.22418754,18.17691,108.83628,-7.6545324,WAL
1969147293000,181.629905,-1.48122964554248,-8.37900804417631,-2.10745526393099,-0.9896017,-2.0500638,-0.18020524,17.595455,108.94531,-7.6625047,WAL
1969152327000,181.634939,-1.59961375776162,-8.16206398645823,-2.34310794193966,-0.9789116,-1.93797,-0.105068825,17.055857,109.11611,-7.7376447,WAL
1969157310000,181.639922,-1.64713067922931,-7.96249342238375,-2.60445088597033,-0.95630956,-1.8093829,-0.008857546,16.564255,109.28082,-7.8146257,WAL
1969162306000,181.644918,-1.60833867341404,-7.82092320402906,-2.76549889949637,-0.92179567,-1.6209309,0.106595986,16.157505,109.50954,-7.9440813,WAL
1969167386000,181.649998,-1.50938912958838,-7.71726188025182,-2.85973656496852,-0.8723156,-1.382388,0.22266038,15.817414,109.729774,-8.077918,WAL
1969172340000,181.654952,-1.37569604004394,-7.73229703707773,-2.84992463930239,-0.8399397,-1.1453724,0.33322698,15.5444975,110.00731,-8.251024,WAL
1969177307000,181.659919,-1.21021186113705,-7.84552290105282,-2.75411797111599,-0.8170323,-0.9483683,0.4334089,15.34266,110.27651,-8.428978,WAL
1969182284000,181.664896,-0.998278360331619,-8.02479115594501,-2.63783792530171,-0.7892379,-0.7910705,0.5170974,15.17922,110.55872,-8.619033,WAL
1969187320000,181.669932,-0.694602433959492,-8.33352876702697,-2.48093875304859,-0.7877107,-0.67103547,0.5751296,15.071502,110.84089,-8.808994,WAL
1969192308000,181.67492,-0.401952283337143,-8.56659101142857,-2.31725896571429,-0.7837401,-0.5867361,0.6203337,14.961177,111.09652,-8.9866705,WAL
1969197292000,181.679904,-0.119799729141281,-8.70766718246305,-2.14326482502463,-0.79320854,-0.5366451,0.65087694,14.882157,111.35183,-9.1627035,WAL
1969202338000,181.68495,0.146996746165603,-8.84814471500963,-2.02165543587717,-0.80756384,-0.528093,0.64996064,14.760365,111.564285,-9.296479,WAL
1969207314000,181.689926,0.383649752733759,-8.98337471399615,-1.97818858564913,-0.8210029,-0.55833083,0.64599,14.647317,111.77472,-9.431774,WAL
1969212282000,181.694894,0.537567358855451,-9.09845657266897,-1.90874500278244,-0.83016586,-0.60903263,0.6221663,14.473137,111.944534,-9.526251,WAL
1969217313000,181.699925,0.585106511406019,-9.18878076891959,-1.80415887709916,-0.8368854,-0.70402217,0.589485,14.280613,112.109116,-9.620095,WAL
1969222272000,181.704884,0.57182135244582,-9.28644825386997,-1.68694113869969,-0.83291477,-0.8472701,0.54702985,14.0197,112.24588,-9.684183,WAL
1969227305000,181.709917,0.469228322058823,-9.39836822794118,-1.54704156066176,-0.8216137,-1.0299188,0.4896085,13.721271,112.37089,-9.744632,WAL
1969232281000,181.714893,0.333269372557856,-9.50594026400731,-1.44418185676005,-0.8017606,-1.2366967,0.4343252,13.349228,112.47415,-9.80666,WAL
1969237284000,181.719896,0.129012767032075,-9.60806859723914,-1.41013911287048,-0.77366084,-1.3246613,0.3726278,12.958581,112.5596,-9.853414,WAL
1969242288000,181.7249,-0.090073648239333,-9.70548646601275,-1.4128875805591,-0.7657196,-1.4850134,0.34697145,12.481078,112.63209,-9.935436,WAL
1969247296000,181.729908,-0.334698827405591,-9.79486858195194,-1.47874815943109,-0.7339546,-1.6001616,0.29260445,11.988775,112.67617,-9.992723,WAL
1969252305000,181.734917,-0.576799444724884,-9.87029508742468,-1.56211495147683,-0.6933321,-1.6609426,0.23793201,11.473053,112.7248,-10.080452,WAL
1969257282000,181.739894,-0.812222582327373,-9.91737968052949,-1.6798265325694,-0.65484756,-1.6575829,0.19761491,10.9461155,112.75735,-10.157081,WAL
1969262266000,181.744878,-1.07117111421058,-9.98746499374814,-1.78357260132976,-0.59589905,-1.6148223,0.16187929,10.420283,112.79575,-10.260803,WAL
1969267309000,181.749921,-1.38748797196586,-10.1120746862161,-1.85546285086831,-0.5561928,-1.5650368,0.122478485,9.899998,112.82056,-10.345896,WAL
1969272335000,181.754947,-1.68716150496574,-10.2391394902175,-1.92428192906942,-0.52839845,-1.50731,0.07727446,9.407049,112.86575,-10.4529295,WAL
1969277351000,181.759963,-1.94955599220379,-10.3727223103585,-1.98630238536101,-0.49449542,-1.4428637,0.043676864,8.933791,112.89298,-10.541115,WAL
1969282426000,181.765038,-2.17589460731234,-10.4593966533099,-2.08262962734743,-0.46120325,-1.4031575,0.02565634,8.48073,112.94343,-10.667007,WAL
1969287317000,181.769929,-2.30563372217708,-10.4334487490536,-2.25129059859662,-0.42241332,-1.3723087,0.017104227,8.04704,112.978226,-10.775337,WAL
1969292302000,181.774914,-2.42740332496113,-10.3915451620193,-2.42781143416606,-0.3894266,-1.3307699,0.018325957,7.6336975,113.03132,-10.91758,WAL
1969297291000,181.779903,-2.46702489038043,-10.2281058943713,-2.64077734829481,-0.3726278,-1.2797627,0.006414085,7.23552,113.073494,-11.044184,WAL
1969302330000,181.784942,-2.49680778470161,-10.0720442966778,-2.81284229423407,-0.3827071,-1.2061534,-0.010079277,6.8704457,113.15648,-11.190273,WAL
1969307316000,181.789928,-2.48234249394123,-9.95632207129153,-2.79837705382207,-0.42088616,-1.1337659,-0.027183503,6.5240164,113.23727,-11.321843,WAL
1969312287000,181.794899,-2.46044069186815,-9.85845166140333,-2.72271172293497,-0.4905248,-1.0742066,-0.06047566,6.2169876,113.36212,-11.445645,WAL
1969317315000,181.799927,-2.40816859558867,-9.82993948258166,-2.3995746721504,-0.58246,-1.0571023,-0.086437434,5.922779,113.49523,-11.558005,WAL
1969322295000,181.804907,-2.34724404935091,-9.82322030304232,-2.07431783548707,-0.6954701,-1.0549643,-0.11789699,5.609582,113.66647,-11.678014,WAL
1969327302000,181.809914,-2.24270299012982,-9.91825753939154,-1.72267981290259,-0.7715228,-1.0711522,-0.13225232,5.30033,113.84308,-11.790185,WAL
1969332293000,181.814905,-2.13187002802018,-10.0255321501929,-1.36929584051647,-0.8237518,-1.0735956,-0.1600467,4.96662,113.98969,-11.882049,WAL
1969337325000,181.819937,-1.98406101494014,-10.2019498781043,-0.99738936856634,-0.86834496,-1.1090258,-0.16737708,4.6243315,114.14863,-11.976616,WAL
1969342289000,181.824901,-1.84952590882811,-10.3931135313458,-0.669324011670605,-0.8753699,-1.1560625,-0.17531833,4.2531238,114.24163,-12.039383,WAL
1969347336000,181.829948,-1.7863471918707,-10.699287118345,-0.589135643660952,-0.8344419,-1.2055426,-0.20219639,3.872596,114.326324,-12.096409,WAL
1969357241000,181.839853,-1.66235567384747,-11.3001687072545,-0.431761800757126,-0.6426302,-1.3026701,-0.24648413,2.9886153,114.33457,-12.170942,WAL
1969362231000,181.844843,-1.59672696708525,-11.6004709072893,-0.436301393719219,-0.50732356,-1.2767084,-0.26939157,2.517161,114.24602,-12.177544,WAL
1969367239000,181.849851,-1.51203241592269,-11.887491262435,-0.939763519366232,-0.3594942,-1.1896601,-0.2770274,2.0566618,114.126854,-12.178933,WAL
1969372210000,181.854822,-1.41561898714013,-12.1740148874511,-1.44550991280971,-0.21410827,-1.0311406,-0.28680122,1.6101462,113.96594,-12.148723,WAL
1969377220000,181.859832,-1.20866427483198,-12.477227686127,-2.00861918786237,-0.067500606,-0.820392,-0.2929099,1.2074069,113.77051,-12.102202,WAL
1969382235000,181.864847,-0.986441344871592,-12.7823488316871,-2.55590625835638,0.056505036,-0.5910121,-0.2883284,0.86034906,113.591866,-12.021695,WAL
1969387272000,181.869884,-0.643379026398657,-13.1015873640853,-2.97520476590281,0.17531833,-0.3631594,-0.28252518,0.5761552,113.382706,-11.919599,WAL
1969392202000,181.874814,-0.315922497770091,-13.419682852049,-3.35635489768494,0.28130344,-0.1591304,-0.27855456,0.34896675,113.19893,-11.768364,WAL
1969397222000,181.879834,-0.0771224335870144,-13.8077332157176,-3.41179054306369,0.37140608,0.0061086523,-0.26450464,0.17945372,112.9985,-11.606054,WAL
1969402326000,181.884938,0.165673488243747,-14.2022768524038,-3.46815379685116,0.46639562,0.11453723,-0.26358834,0.041673057,112.788155,-11.372947,WAL
1969407282000,181.889894,0.334461807795591,-14.7084029013026,-3.31474586882766,0.56107974,0.16218472,-0.27916542,359.934,112.56326,-11.135692,WAL
1969412259000,181.894871,0.492067439478958,-15.2385306993988,-3.12370881054108,0.691194,0.1572978,-0.31612277,359.84085,112.31138,-10.894375,WAL
1969417358000,181.89997,0.475904369489051,-15.694079379562,-2.2024559,0.8228355,0.11148291,-0.36926803,359.71075,112.00502,-10.610179,WAL
1969422346000,181.904958,0.428140047569243,-16.1239580972903,-1.17074617945205,0.95264435,0.061086524,-0.44012842,359.5756,111.67004,-10.320572,WAL
1969427283000,181.909895,0.104697441701837,-15.9393748258109,-0.684285095803048,1.0693196,0.009468411,-0.50762904,359.40945,111.24083,-9.988865,WAL
1969432280000,181.914892,-0.269318215427902,-15.6495131887456,-0.282218274396249,1.1963795,-0.022907447,-0.5885687,359.23257,110.77977,-9.647363,WAL
1969437290000,181.919902,-0.786658703261272,-15.1530936726374,0.20132591409512,1.2660183,-0.08857546,-0.62980205,359.01718,110.16835,-9.30256,WAL
1969442222000,181.924834,-1.33124129876467,-14.6133732452131,0.697285041630636,1.4285084,-0.20311269,-0.7706065,358.7738,109.494896,-8.925545,WAL
1969447258000,181.92987,-1.79943572366218,-13.9419305598835,1.09843918463779,1.6389514,-0.3481932,-0.92057395,358.51144,108.79261,-8.614731,WAL
1969452306000,181.934918,-2.25260310924645,-13.246780348016,1.4812115946123,1.8231273,-0.5375614,-1.0375546,358.2064,108.057846,-8.293437,WAL
1969457309000,181.939921,-2.72343277975005,-12.5679848486624,1.79510986706698,2.0167716,-0.72051555,-1.1151345,357.88315,107.2661,-8.039573,WAL
1969462264000,181.944876,-3.20065075524312,-11.9008063386057,2.07310099355595,2.191479,-0.8891144,-1.1636983,357.51498,106.4373,-7.7768054,WAL
1969467315000,181.949927,-3.67509600268156,-11.2669413203657,2.13852675544947,2.3835962,-0.9972375,-1.1829406,357.13733,105.574554,-7.593539,WAL
1969472303000,181.954915,-4.13604739307263,-10.6701307936008,2.06574491963433,2.5610526,-1.0228939,-1.1707232,356.74487,104.68807,-7.4104447,WAL
1969477310000,181.959922,-4.50941016827713,-10.1706633266982,1.72572406948497,2.77455,-0.9434814,-1.1297953,356.38055,103.78957,-7.312265,WAL
1969482328000,181.96494,-4.83446073097884,-9.72487980036719,1.23814810421297,3.0014863,-0.73823065,-1.0503827,356.0575,102.8799,-7.2208986,WAL
1969487311000,181.969923,-5.12132544051697,-9.31495872911632,0.593019359640643,3.2467487,-0.42332962,-0.94806284,355.81967,102.024025,-7.217131,WAL
1969492307000,181.974919,-5.38274999913838,-8.92784878480614,-0.171144799401072,3.481932,-0.028710667,-0.84207773,355.67578,101.180466,-7.223648,WAL
1969497344000,181.979956,-5.55714842852692,-8.83596751825528,-0.890707367529939,3.6480873,0.3408628,-0.7272351,355.64374,100.493454,-7.3193393,WAL
1969502459000,181.985071,-5.69068862344465,-8.88842975903028,-1.59656212860481,3.6731327,0.66950834,-0.61941737,355.72366,99.88083,-7.4332147,WAL
1969507414000,181.990026,-5.73366113270177,-9.29067638246494,-1.76474389080524,3.5482109,0.945314,-0.54153204,355.91565,99.52027,-7.6311145,WAL
1969512347000,181.994959,-5.72927343376985,-9.88301619643355,-1.65066362694344,3.313333,1.0589349,-0.5549711,356.16104,99.25338,-7.8336673,WAL
1969517377000,181.999989,-5.68228849995677,-10.4795522728059,-1.26237465679204,3.0085113,0.8558222,-0.63529986,356.39526,99.24582,-8.100848,WAL
1969522347000,182.004959,-5.58968781664505,-11.0608789697363,-0.583303305062689,2.7302623,0.36774087,-0.745561,356.58124,99.28835,-8.358088,WAL
1969527339000,182.009951,-5.38091463952937,-11.3845736103612,-0.444984351597957,2.5088236,-0.27763826,-0.820392,356.66058,99.3225,-8.580442,WAL
1969532327000,182.014939,-5.10207265561839,-11.5501357212696,-0.636688177435243,2.4034493,-0.61850107,-0.8378017,356.6885,99.380905,-8.787019,WAL
1969537331000,182.019943,-4.75953661683147,-11.5698940255352,-0.864686878181028,2.3603833,-1.0888673,-0.8414669,356.49976,99.33777,-8.923816,WAL
1969542342000,182.024954,-4.33194455105944,-11.3926000212974,-1.14105733116375,2.3185391,-1.1936307,-0.81000733,356.3226,99.337074,-9.060156,WAL
1969547342000,182.029954,-3.9027265952381,-11.1698029425087,-1.73996083348819,2.2064452,-1.1890492,-0.7715228,356.03284,99.33548,-9.150019,WAL
1969552384000,182.034996,-3.46809419047619,-10.9127619581882,-2.57183793445606,2.1001546,-1.1279627,-0.75136423,355.73624,99.35353,-9.238186,WAL
1969557342000,182.039954,-3.18100167957406,-10.7035324414327,-3.02940447647628,2.0760255,-0.8472701,-0.72601336,355.50406,99.353645,-9.277539,WAL
1969562333000,182.044945,-3.01905363426912,-10.5323305120039,-3.16359004804453,2.116648,-0.5421429,-0.7031059,355.3039,99.364456,-9.317346,WAL
1969567290000,182.049902,-2.87721566201873,-10.4231777873049,-3.11262357078044,2.2547035,-0.3585779,-0.7461719,355.15417,99.3328,-9.287916,WAL
1969572313000,182.054925,-2.75707998038502,-10.3881380501561,-2.83230718937565,2.3115141,-0.23915374,-0.8179486,355.07782,99.29568,-9.2518215,WAL
1969577307000,182.059919,-2.59824110344486,-10.3841720356365,-2.74312567333201,2.3133466,-0.17287487,-0.89980453,355.0409,99.200615,-9.162262,WAL
1969582290000,182.064902,-2.40455955883983,-10.4077917121362,-2.82343267208474,2.2489004,-0.118507855,-1.0125091,355.0344,99.07664,-9.043128,WAL
1969587288000,182.0699,-2.25242872475952,-10.5075700257791,-2.63650713056945,2.118786,-0.009773844,-1.073901,355.06482,98.90938,-8.883905,WAL
1969592309000,182.074921,-2.14142033602347,-10.683333038284,-2.18322273569642,2.0350976,0.052839845,-1.0537425,355.09503,98.738396,-8.719667,WAL
1969597293000,182.079905,-2.00552464101674,-10.905938362597,-1.82946535561454,1.9837849,0.014966198,-1.0494665,355.12244,98.501114,-8.488403,WAL
1969602336000,182.084948,-1.83296909869334,-11.1968179436505,-1.60267800081666,1.8741345,0.0009162979,-1.0754282,355.17032,98.26963,-8.259899,WAL
1969607344000,182.089956,-1.5802143619346,-11.4733763659683,-1.50224221176816,1.7705929,0.03756821,-1.069625,355.2177,98.0159,-8.0119095,WAL
1969612339000,182.094951,-1.23832690687292,-11.7356461422557,-1.53970935759742,1.7324139,0.14172074,-1.0320568,355.27704,97.77378,-7.772823,WAL
1969617334000,182.099946,-0.911486392482759,-11.8907447295977,-1.4325857129023,1.7644843,0.2883284,-1.022283,355.34595,82.50598,-7.4937925,WAL
1969622323000,182.104935,-0.604860674793103,-11.9044742760057,-1.13511302774425,1.8023579,0.33169982,-0.9941832,355.41147,82.757225,-7.239227,WAL
1969627266000,182.109878,-0.333088056376785,-11.8428018189514,-0.866173512029784,1.829236,0.31978795,-0.9682214,355.48102,83.06536,-6.921258,WAL
1969632298000,182.11491,-0.121726252930845,-11.626524621481,-0.644980922074663,1.8524488,0.25442538,-0.95386606,355.54327,83.350624,-6.618567,WAL
1969637243000,182.119855,0.00782056020768223,-11.3218121123097,-0.547964416039923,1.8680259,0.17715092,-0.9230174,355.58572,83.660774,-6.2729254,WAL
1969642312000,182.124924,0.00292643431968948,-10.8470820437544,-0.660529310952717,1.8701639,0.108123146,-0.8689558,355.6082,83.93377,-5.949235,WAL
1969647309000,182.129921,-0.0480442332312636,-10.3443498588035,-0.86307292345714,1.9004018,0.09040806,-0.8249735,355.62085,84.19862,-5.598333,WAL
1969652355000,182.134967,-0.17135613602117,-9.78259571817409,-1.21017310451753,1.9260582,0.11209377,-0.77488256,355.6224,84.41108,-5.275094,WAL
1969657265000,182.139877,-0.293293648398919,-9.20395603754881,-1.51225514565936,1.9413297,0.14294247,-0.70005155,355.6332,84.56206,-4.9736924,WAL
1969662305000,182.144917,-0.423784466542505,-8.52250382967858,-1.72490686088916,1.9425515,0.18967366,-0.6249151,355.65198,84.66053,-4.696034,WAL
1969667301000,182.149913,-0.570192053575439,-7.92282419416772,-1.85776518757471,1.9068159,0.26053402,-0.5580254,355.7016,84.69169,-4.463174,WAL
1969672317000,182.154929,-0.761610240693715,-7.51823577830103,-1.78815857985872,1.8432859,0.30451632,-0.50671273,355.7537,84.684265,-4.254551,WAL
1969677334000,182.159946,-0.948754840334368,-7.11726740594654,-1.71944186155771,1.7574593,0.35338554,-0.47800204,355.84647,84.61065,-4.0822854,WAL
1969682304000,182.164916,-1.08217247278006,-6.76466359375313,-1.66226287977776,1.6621643,0.4352415,-0.45234573,355.95905,84.52109,-3.9300735,WAL
1969687319000,182.169931,-1.20987138188412,-6.41102266183105,-1.59612877913313,1.5598444,0.52290064,-0.42424592,356.11087,84.37473,-3.8273766,WAL
1969692311000,182.174923,-1.25216013510836,-6.085399425387,-1.42697385455108,1.4694363,0.59589905,-0.38087448,356.2798,84.22887,-3.7423222,WAL
1969697270000,182.179882,-1.29416933527643,-5.7619287463954,-1.25893714160991,1.3643675,0.64599,-0.3417791,356.48383,84.05949,-3.6920512,WAL
1969702363000,182.184975,-1.36637137680924,-5.39055799472937,-1.02206835704439,1.2565498,0.6753115,-0.28985557,356.70016,83.89873,-3.6633902,WAL
1969707246000,182.189858,-1.44220922704237,-5.02558814250963,-0.780335011453477,1.1398746,0.6954701,-0.26847526,356.9265,83.76228,-3.642263,WAL
1969712309000,182.194921,-1.5380516156189,-4.42729687692308,-0.290224720054666,1.01312,0.6924158,-0.24404067,357.16788,83.603676,-3.6460855,WAL
1969717303000,182.199915,-1.63609518473253,-3.79234819230769,0.242011639203436,0.9049969,0.6814202,-0.21288654,357.41052,83.46489,-3.662186,WAL
1969722318000,182.20493,-1.79037050172049,-3.47132412962069,0.468841477520877,0.7657196,0.66706485,-0.1881465,357.66998,83.31444,-3.6965263,WAL
1969727245000,182.209857,-1.95653130878358,-3.23869898981789,0.611265010852198,0.61941737,0.6575964,-0.17073683,357.92554,83.18959,-3.7414186,WAL
1969732296000,182.214908,-2.04969062523102,-3.07749477955002,0.710903758135798,0.5421429,0.64721173,-0.15974127,358.2012,82.9933,-3.8149948,WAL
1969737251000,182.219863,-2.12118486498594,-2.93927267559261,0.796696806026517,0.4129449,0.6591236,-0.13530666,358.4779,82.84248,-3.9016507,WAL
1969742312000,182.224924,-2.10495798659042,-2.86917806158549,0.883035966073753,0.27885997,0.66859204,-0.11301007,358.7675,82.65293,-4.030717,WAL
1969747312000,182.229924,-2.06718703411556,-2.81724303890751,0.968020456312364,0.15790866,0.68233645,-0.081855945,359.0599,82.48753,-4.172398,WAL
1969752376000,182.234988,-1.96353309572359,-2.85947332782173,1.13536043209815,0.038179077,0.6933321,-0.050701816,359.36,82.31618,-4.341251,WAL
1969757243000,182.239855,-1.84683228183275,-2.92482585379069,1.31741377195794,-0.08093964,0.70402217,-0.022907447,359.66254,82.16823,-4.5202627,WAL
1969762344000,182.244956,-1.68937862849114,-3.02327240994475,1.49012123373976,-0.18173242,0.68325275,-0.00061086525,359.95712,82.024605,-4.6986494,WAL
1969767301000,182.249913,-1.52658565833492,-3.12727903370166,1.65291415667746,-0.28496864,0.6356053,0.02687807,0.24548526,81.90147,-4.887053,WAL
1969772349000,182.254961,-1.32752360104712,-3.17708545102698,1.8318892177205,-0.39553526,0.54550266,0.05955936,0.50183773,81.791824,-5.0571375,WAL
1969777331000,182.259943,-1.11615507801047,-3.20110458997181,2.01443477402336,-0.50732356,0.4279111,0.08124508,0.73551613,81.69995,-5.229864,WAL
1969782344000,182.264956,-0.943576390037372,-3.23153651189024,2.14183847330842,-0.6087272,0.29046643,0.10720685,0.92250687,81.62661,-5.366498,WAL
1969787336000,182.269948,-0.788418520013769,-3.2644487070122,2.24527705332415,-0.7257079,0.15057829,0.1423316,1.0735883,81.572716,-5.5076146,WAL
1969792309000,182.274921,-0.639453365993266,-3.31002813602694,2.2982401952862,-0.8542951,0.0033597588,0.16798794,1.1608384,81.54989,-5.602596,WAL
1969797353000,182.279965,-0.491159865894236,-3.36264852465835,2.3269422436126,-0.98563105,-0.12889257,0.19792034,1.210699,81.542175,-5.703807,WAL
1969802378000,182.28499,-0.36091920807611,-3.44430400422833,2.33992555354878,-1.1026118,-0.2452624,0.21533,1.2092283,81.56617,-5.7649775,WAL
1969807346000,182.289958,-0.241172972811839,-3.54010097843552,2.34471539975838,-1.2070698,-0.34238997,0.22388211,1.1747248,81.60744,-5.827259,WAL
1969812335000,182.294947,-0.127887922407354,-3.68503755392129,2.38903236386096,-1.3252722,-0.43768495,0.22602014,1.097001,81.688995,-5.848875,WAL
1969817384000,182.299996,-0.0167628506233841,-3.85635535035909,2.45385527727664,-1.4340062,-0.51251596,0.23732115,0.9971705,81.78233,-5.871922,WAL
1969822354000,182.304966,0.0729439533227311,-4.0738692033715,2.57176763348176,-1.5460999,-0.58459806,0.23579398,0.8630073,81.917885,-5.8553724,WAL
1969827346000,182.309958,0.148973563500848,-4.32730116673028,2.72889549098813,-1.6487253,-0.61636305,0.22785273,0.71956694,82.0672,-5.8382134,WAL
1969832293000,182.314905,0.181892394995147,-4.63356797340322,2.93260191632693,-1.736079,-0.6728681,0.22388211,0.54734766,82.24956,-5.776628,WAL
1969837318000,182.31993,0.195906213719666,-4.96989958377014,3.16149422704329,-1.7693712,-0.71868294,0.20647246,0.3707225,82.44051,-5.7081704,WAL
1969842306000,182.324918,0.174047548868095,-5.41663842371466,3.34878448759433,-1.8469511,-0.77732605,0.18753563,0.16760634,82.65687,-5.61176,WAL
1969847288000,182.3299,0.130843518551162,-5.93028633302143,3.51199980012074,-1.9031507,-0.79229224,0.20005837,359.96487,82.86689,-5.519646,WAL
1969852323000,182.334935,0.0675384732824553,-6.53714379592074,3.81498788854519,-1.9327776,-0.76052725,0.19975294,359.7537,83.07847,-5.4078436,WAL
1969857315000,182.339927,-0.00640243573098116,-7.18874803588207,4.19393497564041,-1.9871446,-0.77946407,0.1994475,359.5251,83.29652,-5.298871,WAL
1969862305000,182.344917,-0.041050365973841,-7.96641723876376,4.54672363359257,-2.0112739,-0.79504114,0.20830505,359.31662,83.49531,-5.181856,WAL
1969867358000,182.34997,-0.0459379122484598,-8.85106326502373,4.88396440564589,-2.0100522,-0.7473936,0.25320363,359.12198,83.68623,-5.07753,WAL
1969872349000,182.354961,0.0763172858814376,-9.89302483040015,5.30100288893109,-1.9361374,-0.70096785,0.3145956,358.91882,83.83058,-4.9873343,WAL
1969877311000,182.359923,0.283194405494628,-11.0418533052056,5.77197845438125,-1.8411479,-0.6569856,0.37568212,358.73004,83.957886,-4.912131,WAL
1969882290000,182.364902,0.639679232363636,-12.5623130966942,6.30143199276859,-1.6982054,-0.61758476,0.45204028,358.54883,84.034546,-4.840768,WAL
1969887318000,182.36993,1.20178632072727,-14.5968423933884,6.91328323553719,-1.4697418,-0.60231316,0.44135013,358.37637,84.08679,-4.7640963,WAL
1969892312000,182.374924,1.59088333728866,-16.1134440245927,7.29351127214879,-1.1606439,-0.6768387,0.36896262,358.1688,84.12134,-4.6187477,WAL
1969897297000,182.379909,1.80612847572497,-17.1113982186699,7.44026913068962,-0.7996226,-0.8689558,0.19639318,357.93903,84.12475,-4.445759,WAL
1969902309000,182.384921,2.04150883954188,-17.8298079642822,7.17393266128312,-0.4636467,-0.9239337,-0.005497787,357.69427,84.14639,-4.1182904,WAL
1969907315000,182.389927,2.29277938064641,-18.3044300165,6.55506269234204,-0.14385876,-0.77396625,-0.25992316,357.47076,84.10665,-3.7480052,WAL
1969912308000,182.39492,2.76696938267127,-18.6627479205527,6.009553927346,0.22143865,-0.48563787,-0.5491679,357.28268,84.00564,-3.2860172,WAL
1969917318000,182.39993,3.48514721024755,-18.8975372297064,5.53997607818077,0.6215554,-0.106901415,-0.75900006,357.1812,83.78644,-2.8093274,WAL
1969922300000,182.404912,3.63357832539167,-18.3233568206174,5.23318114369148,1.0775663,0.26297748,-0.7458665,357.1923,83.5073,-2.2930245,WAL
1969927310000,182.409922,2.9130139955502,-16.5041541562993,5.170910006582,1.4291192,0.42210788,-0.67347896,357.25827,83.11078,-1.7761956,WAL
1969932259000,182.414871,2.17788742612682,-14.4908137405405,5.14973949621622,1.5125023,0.70096785,-0.65270954,357.45605,82.71163,-1.1837023,WAL
1969937323000,182.419935,1.34607898156133,-11.6929126810811,5.26568867243243,1.5464053,0.91904676,-0.59650993,357.67136,82.189705,-0.66669416,WAL
1969942243000,182.424855,0.59953768380002,-9.1104027016026,5.32542399596893,1.3903292,1.0574077,-0.49938235,357.93924,81.670425,-0.32315198,WAL
1969947296000,182.429908,-0.0237343857673779,-6.77432195870612,5.26357271245699,1.1252137,1.1032226,-0.39858958,358.2352,81.176674,-0.019574149,WAL
1969952443000,182.435055,-0.615237115531542,-4.72805516316199,5.13063088809385,0.8014552,1.0775663,-0.29657507,358.5427,80.68643,0.1175876,WAL
1969957357000,182.439969,-1.08254281484229,-3.52313968419003,4.84658212203076,0.4804455,1.0128145,-0.19303341,358.84598,80.27767,0.22000165,WAL
1969962286000,182.444898,-1.56948463577796,-2.50419542757293,4.54512789993922,0.183565,0.9224065,-0.08399397,359.14047,79.90796,0.19608712,WAL
1969967323000,182.449935,-2.1314186214141,-2.1328302039607,4.17864926024109,-0.08307768,0.77732605,0.041233405,359.39435,79.62075,0.14212492,WAL
1969972301000,182.454913,-2.74499343131243,-1.90876999336366,3.82570937385026,-0.31490102,0.5540548,0.18478674,359.61053,79.40653,-0.014309177,WAL
1969977308000,182.45992,-3.53698510231431,-2.11269597676788,3.4984791692612,-0.5519168,0.26419923,0.34666604,359.758,79.263214,-0.20172316,WAL
1969982290000,182.464902,-4.32150085065834,-2.44865760864137,3.14653344576222,-0.8023715,-0.058948494,0.54702985,359.84567,79.210266,-0.51450706,WAL
1969987320000,182.469932,-5.10141351153809,-3.24736317959622,2.70019813980298,-1.0488557,-0.3436117,0.77457714,359.85046,79.20641,-0.86903185,WAL
1969992307000,182.474919,-5.82410242703583,-4.13696218599349,2.30136607491857,-1.3078625,-0.5479461,0.9728029,359.81216,79.29049,-1.390133,WAL
1969997315000,182.479927,-6.31644349930905,-5.48143193263251,2.10253596851249,-1.5775595,-0.78801614,1.1203269,359.6726,79.406784,-1.9457895,WAL
1970002313000,182.484925,-6.71767542062626,-6.89766875941414,1.90487526446465,-1.8054122,-1.1065824,1.205848,359.49045,79.59655,-2.6525683,WAL
1970007315000,182.489927,-6.62090122137374,-8.72669942258586,1.71132701753535,-1.9709567,-1.4908166,1.2034045,359.2204,79.77306,-3.358778,WAL
1970012329000,182.494941,-6.53096285213018,-10.6149605668639,1.43482099369822,-2.103209,-1.8979583,1.1737776,358.8946,79.980736,-4.1245112,WAL
1970017380000,182.499992,-6.47371733864892,-12.7759786136095,0.766956777677515,-2.11451,-2.251344,1.1230757,358.4829,80.11171,-4.857375,WAL
1970022315000,182.504927,-6.4440186472473,-14.7550217244321,0.129082170434481,-2.0295997,-2.386956,1.0503827,358.08292,80.30745,-5.48023,WAL
1970027345000,182.509957,-6.56825790089277,-15.992634738022,-0.43477239716794,-1.8432859,-2.4767532,1.0228939,357.61142,80.399345,-6.0665565,WAL
1970032318000,182.51493,-6.62676505212014,-17.1351126456616,-0.90898635366117,-1.7253889,-2.3970351,1.0067059,357.22537,80.586,-6.5328727,WAL
1970037342000,182.519954,-6.25367935035336,-17.7443278761288,-0.828702089036121,-1.4605788,-2.1224513,0.9410379,356.8861,80.64856,-6.95708,WAL
1970042308000,182.52492,-5.82642771212815,-18.3185275446224,-0.680625304424104,-1.1346822,-1.756543,0.82711154,356.6081,80.69416,-7.348845,WAL
1970047343000,182.529955,-4.80117151647597,-18.6173697728833,0.16532593832952,-0.7825184,-1.4691309,0.6606508,356.39832,80.66797,-7.6928034,WAL
1970052662000,182.535274,-3.72231894341021,-18.8442671359143,1.04256636077018,-0.47219884,-1.269378,0.49754974,356.25504,80.64629,-7.929874,WAL
1970057345000,182.539957,-2.83108135910214,-17.8144951091433,1.58746817645181,-0.3491095,-1.0763446,0.35094208,356.19888,80.61772,-8.122689,WAL
1970062425000,182.545037,-1.88992393634661,-16.6423542188486,2.14538229528786,-0.32498032,-0.92087936,0.22571471,356.1074,80.658585,-8.138609,WAL
1970067361000,182.549973,-1.29344293311317,-14.8202909349369,2.27586251626577,-0.37232238,-0.8527679,0.11056661,356.04965,80.72115,-8.120289,WAL
1970072576000,182.555188,-0.688667109354398,-12.9041017620441,2.38481550899161,-0.47403142,-0.91996306,0.015882496,355.945,80.857285,-7.990114,WAL
1970077347000,182.559959,-0.434679997731617,-11.255413710747,2.14419607494636,-0.60994893,-1.0952814,-0.038179077,355.82883,81.01809,-7.8438325,WAL
1970082673000,182.565285,-0.176157908692458,-9.36222956011753,1.81247490031342,-0.7623598,-1.2712106,-0.0842994,355.6731,81.23393,-7.634889,WAL
1970087361000,182.569973,-0.461980103168462,-6.61393901140059,0.225062450401567,-0.9486737,-1.4187346,-0.07086037,355.47314,81.46793,-7.4288735,WAL
1970092285000,182.574897,-0.762190957605289,-3.72729595212537,-1.44226240099902,-1.1557571,-1.5952746,-0.01863139,355.18286,81.72042,-7.2330003,WAL
1970097285000,182.579897,-1.0521503270249,-2.65290581372301,-2.25494311972379,-1.4022411,-1.8432859,0.047647487,354.8295,81.9937,-7.042084,WAL
1970102322000,182.584934,-1.34302553042988,-1.72398165646761,-3.00089744366855,-1.6969837,-2.1035144,0.1328632,354.42212,82.277794,-6.869362,WAL
1970107321000,182.589933,-1.57865003679003,-1.28265076834463,-3.6575339255863,-1.9779817,-2.382069,0.22602014,353.9117,82.50425,-6.8524127,WAL
1970112245000,182.594857,-1.8032856593624,-0.915457979619824,-4.29256135662331,-2.2128594,-2.7085764,0.3268129,353.3162,82.701584,-6.8591604,WAL
1970117314000,182.599926,-1.93715518826863,-0.911541801650091,-5.05968564805903,-2.3796256,-3.0298917,0.42913285,352.70798,82.828926,-6.934001,WAL
1970122252000,182.604864,-2.02312829773286,-1.07843079779382,-5.85872993198588,-2.4755313,-3.157868,0.51251596,352.07016,82.87647,-7.0328918,WAL
1970127304000,182.609916,-2.07517367254882,-1.51898039699549,-6.59102678197296,-2.4831672,-3.3169982,0.559858,351.41675,82.82639,-7.1640024,WAL
1970132268000,182.61488,-2.11802335803706,-2.01413156695043,-7.29090380170255,-2.414445,-3.3197472,0.6630942,350.7846,97.34351,-7.3339195,WAL
1970137315000,182.619927,-2.16818707307879,-2.68147800742252,-7.59439926621976,-2.2800546,-3.1606169,0.75869465,350.171,97.62668,-7.5351076,WAL
1970142327000,182.624939,-2.21948291856602,-3.38096719906733,-7.80424619900904,-2.1041253,-2.921463,0.8231409,349.5945,97.98856,-7.752053,WAL
1970147315000,182.629927,-2.24893680045981,-4.24505100450235,-7.90911201494396,-1.9440787,-2.6542094,0.8723156,349.05148,98.47764,-8.023361,WAL
1970152348000,182.63496,-2.27202331947505,-5.16851253652649,-7.98298868293898,-1.8161024,-2.366492,0.94714653,348.59775,99.017586,-8.312504,WAL
1970157313000,182.639925,-2.34682346063735,-6.420469873424,-8.02872459882855,-1.6685784,-2.057394,1.0164797,348.17245,99.64709,-8.656431,WAL
1970162307000,182.644919,-2.44653142469969,-7.84012084235084,-8.0619607521096,-1.5021176,-1.7162259,1.0751228,347.85266,100.29247,-9.007851,WAL
1970167316000,182.649928,-2.50259586289113,-9.37529743426972,-7.78143837708687,-1.3017539,-1.2956452,1.1166617,347.61282,100.96185,-9.375926,WAL
1970172319000,182.654931,-2.53612466550035,-10.9655242162351,-7.34077325682295,-1.1178834,-0.80756384,1.131017,347.50134,101.62095,-9.7355175,WAL
1970177311000,182.659923,-2.42983480918358,-12.2193805530151,-6.3931339415071,-0.98440933,-0.3115413,1.1276573,347.49216,102.25764,-10.077832,WAL
1970182301000,182.664913,-2.25228488568162,-13.3028908130895,-5.18670434638468,-0.93309665,0.053450707,1.1032226,347.59113,102.87277,-10.398418,WAL
1970187313000,182.669925,-1.8374429257603,-13.9207549819858,-3.76461964819328,-0.95905846,0.24984388,1.0870347,347.74875,103.40113,-10.666979,WAL
1970192305000,182.674917,-1.23966020938858,-14.1689870353926,-2.18404167943202,-1.0564915,0.2874121,1.0800097,347.96606,103.922226,-10.916657,WAL
1970197316000,182.679928,-0.692208021719896,-14.0853491890461,-1.04083824137838,-1.2180653,0.16126843,1.0729848,348.12808,104.27229,-11.083216,WAL
1970202326000,182.684938,-0.170337011298296,-13.8405777278853,-0.112554457404948,-1.4114041,-0.06536258,1.0238101,348.26852,104.62824,-11.236124,WAL
1970207311000,182.689923,0.19393686642178,-13.5414726460584,0.508117837975195,-1.5937474,-0.3494149,0.9294315,348.301,104.7263,-11.242941,WAL
1970212304000,182.694916,0.454519961536785,-13.2045115286104,0.925949337438692,-1.7415768,-0.6637051,0.75319684,348.25244,104.82796,-11.229299,WAL
1970217313000,182.699925,0.661633211041194,-12.7844838716618,1.08861754086496,-1.8133535,-0.9642508,0.5375614,348.04684,104.84581,-11.15366,WAL
1970222312000,182.704924,0.806566138864742,-12.2720423216564,0.959213142566764,-1.8093829,-1.0916162,0.30482176,347.79556,104.839386,-11.033432,WAL
1970227309000,182.709921,0.859149011699841,-11.7944668779553,0.75227201146248,-1.7846428,-1.3203852,0.1853976,347.36993,104.86232,-10.932161,WAL
1970232299000,182.714911,0.854683239155219,-11.3389578918793,0.497722789894402,-1.6811012,-1.4880677,-0.04795292,346.91492,104.79898,-10.738542,WAL
1970237311000,182.719923,0.690893734339126,-11.0392794655082,0.308498248010532,-1.5512923,-1.6239853,-0.25473082,346.39127,104.73503,-10.536873,WAL
1970242305000,182.724917,0.353412915624013,-10.9133538751975,0.192646620770932,-1.4001031,-1.8057177,-0.44593164,345.80292,104.605865,-10.286255,WAL
1970247276000,182.729888,-0.113272146668606,-10.7990242329066,-0.0900253300261857,-1.2464706,-1.9975294,-0.6133087,345.17316,104.46805,-10.014994,WAL
1970252331000,182.734943,-0.686069414125691,-10.691037892348,-0.503190565696829,-1.1282681,-2.1817052,-0.75716746,344.493,104.28006,-9.706702,WAL
1970257309000,182.739921,-1.26649925663857,-10.4854230553297,-0.902534973068914,-1.0256428,-2.2879958,-0.8582657,343.79144,104.09817,-9.424242,WAL
1970262303000,182.744915,-1.86403504581061,-10.1866548388696,-1.29614977233515,-0.9086621,-2.3286183,-0.9129381,343.06128,103.877174,-9.120705,WAL
1970267298000,182.74991,-2.38143645458061,-9.76278599375372,-1.64971176817371,-0.8188649,-2.3200662,-0.9294315,342.35434,103.70308,-8.8739805,WAL
1970272315000,182.754927,-2.81969826537775,-9.21019522903034,-1.96411710029744,-0.7593055,-2.268448,-0.8854492,341.66196,103.51979,-8.627921,WAL
1970277307000,182.759919,-3.14419152207171,-8.65225201593626,-2.17888008175299,-0.73945236,-2.1713204,-0.77640975,341.04062,103.43151,-8.476933,WAL
1970282297000,182.764909,-3.34886238591633,-8.08583731474104,-2.28835521462151,-0.75319684,-2.042428,-0.6044512,340.46036,103.3609,-8.349764,WAL
1970287313000,182.769925,-3.48688102526337,-7.60345897642219,-2.43071703706231,-0.79809546,-1.9416351,-0.38698313,339.9052,103.45855,-8.376974,WAL
1970292318000,182.77493,-3.54939888349554,-7.21873381087589,-2.60865224409552,-0.86529064,-1.813659,-0.14905111,339.41385,103.5953,-8.446302,WAL
1970297310000,182.779922,-3.5253309420341,-7.0355896478542,-2.90142522827748,-0.9260717,-1.6404786,0.065973446,338.97742,103.83722,-8.619087,WAL
1970302311000,182.784923,-3.40801368550852,-7.06843866196355,-3.31907473206937,-0.9828822,-1.4052955,0.21746802,338.6118,104.1176,-8.825541,WAL
1970307268000,182.78988,-3.15747540547046,-7.19568146126915,-3.64335668971554,-1.0305296,-1.1194105,0.32650748,338.33136,104.470184,-9.082729,WAL
1970312260000,182.794872,-2.72951954726477,-7.44769980572906,-3.85257958241496,-1.0351112,-0.8597928,0.43096542,338.1236,104.84431,-9.364129,WAL
1970317275000,182.799887,-2.27388702215605,-7.77083995801072,-3.88816359458011,-1.0296134,-0.763887,0.5109888,337.93814,105.28254,-9.655677,WAL
1970322265000,182.804877,-1.78528349942426,-8.18828778469327,-3.6841835495136,-1.0021244,-0.6404922,0.5375614,337.83984,105.71772,-9.939875,WAL
1970327244000,182.809856,-1.31434825418686,-8.56547659184356,-3.47917086481698,-0.9810496,-0.6209445,0.5647449,337.71295,106.14159,-10.180012,WAL
1970332271000,182.814883,-0.863740552189537,-8.88733902607387,-3.26996003050309,-0.94134337,-0.6600399,0.5720753,337.6065,106.54774,-10.413082,WAL
1970337511000,182.820123,-0.396472378560354,-9.21819060908084,-3.0464637358804,-0.8897252,-0.7495316,0.5439755,337.45224,106.86004,-10.560954,WAL
1970342271000,182.824883,-0.00775795871539312,-9.45041008194906,-2.76376243355482,-0.86529064,-0.8756753,0.4783075,337.27582,107.155075,-10.700087,WAL
1970347270000,182.829882,0.354545715601269,-9.67424847313479,-2.47253725692355,-0.8176431,-1.0180069,0.40286562,337.0232,107.32264,-10.73899,WAL
1970357196000,182.839808,0.678833432258064,-9.946827125,-1.96795654435484,-0.80756384,-1.3267993,0.19853121,336.3581,107.55218,-10.718183,WAL
1970362225000,182.844837,0.674096834382376,-10.0131393963415,-1.82585850916601,-0.8222246,-1.4517213,0.09773844,335.95294,107.613556,-10.656845,WAL
1970367259000,182.849871,0.641098168807413,-10.0579043795326,-1.68601572481869,-0.86376345,-1.5546521,0.0033597588,335.47754,107.65118,-10.571103,WAL
1970372230000,182.854842,0.50683379209307,-10.0243381126108,-1.55654651049557,-0.9120218,-1.6310102,-0.07574729,334.97498,107.67948,-10.466968,WAL
1970377225000,182.859837,0.363144826873489,-9.95593624240637,-1.42504351471542,-0.9807441,-1.6945401,-0.13041973,334.43787,107.710175,-10.361273,WAL
1970382238000,182.86485,0.188534025337659,-9.76716794043055,-1.28818644650546,-1.0549643,-1.7229455,-0.17501289,333.8913,107.743164,-10.238598,WAL
1970387295000,182.869907,0.00509493899132808,-9.57517750053591,-1.17319294962487,-1.1301007,-1.7192802,-0.18936823,333.33606,107.79899,-10.143813,WAL
1970392223000,182.874835,-0.201837985784663,-9.38204004287245,-1.15020036998928,-1.187522,-1.666135,-0.1957823,332.79132,107.862976,-10.036607,WAL
1970397208000,182.87982,-0.411946547901853,-9.1737473124687,-1.12557164723085,-1.2400564,-1.5906931,-0.17989981,332.26895,107.96419,-9.970443,WAL
1970402268000,182.88488,-0.630338022914372,-8.87770563995994,-1.09159966365548,-1.2638801,-1.4947872,-0.14355333,331.77475,108.07379,-9.901649,WAL
1970407278000,182.88989,-0.83278237640631,-8.59327910667565,-1.0651093554444,-1.2733486,-1.4001031,-0.09865474,331.31042,108.22164,-9.879092,WAL
1970412280000,182.894892,-0.957194299038092,-8.35827868968834,-1.07893288957291,-1.2617421,-1.319469,-0.045814894,330.87802,108.37441,-9.860745,WAL
1970417331000,182.899943,-1.08742374346631,-8.12386187558518,-1.09095484697741,-1.2186762,-1.2473868,0.03848451,330.48154,108.55813,-9.903234,WAL
1970422302000,182.904914,-1.26668626991655,-7.92521993649501,-1.08126498888663,-1.1643091,-1.219287,0.0711658,330.10046,108.73188,-9.9401655,WAL
1970427264000,182.909876,-1.43412828687005,-7.74284767541997,-1.07116560262599,-1.133155,-1.1905763,0.13225232,329.74792,108.941376,-10.035762,WAL
1970432287000,182.914899,-1.50379076958872,-7.69640602027418,-1.05723310608226,-1.0650436,-1.1911873,0.226631,329.40558,109.1332,-10.145215,WAL
1970437485000,182.920097,-1.56836092771749,-7.65665907631717,-1.04483001526343,-0.9966267,-1.1731668,0.2910773,329.09683,109.3332,-10.284339,WAL
1970442282000,182.924894,-1.54021635858568,-7.7169687773499,-1.05689195546998,-0.93615097,-1.1410962,0.3585779,328.8056,109.52735,-10.443151,WAL
1970447260000,182.929872,-1.51100984094171,-7.77955407894276,-1.06940901578855,-0.8927795,-1.1285735,0.41813725,328.51175,109.743385,-10.648552,WAL
1970452394000,182.935006,-1.48419046684811,-8.02019158725008,-1.03386609324819,-0.83658,-1.0870347,0.47036624,328.2457,109.94501,-10.85863,WAL
1970457241000,182.939853,-1.45989508864231,-8.30201827886528,-0.985275286098608,-0.8081747,-1.0708468,0.53023106,327.98724,110.14759,-11.081211,WAL
1970462306000,182.944918,-1.44415684255743,-8.61588526305297,-0.90388819684925,-0.7816021,-1.044885,0.5662721,327.73837,110.34213,-11.304217,WAL
1970467340000,182.949952,-1.43042717384659,-8.93166864695272,-0.816933263564648,-0.7874053,-1.0366384,0.59406644,327.49847,110.54041,-11.534399,WAL
1970472305000,182.954917,-1.42342255234819,-9.25125156037491,-0.860026663540732,-0.782213,-1.0348058,0.61117065,327.25558,110.722206,-11.765685,WAL
1970477286000,182.959898,-1.41866609219264,-9.57468777166218,-0.94802031471383,-0.8002335,-1.0693196,0.62858033,327.01144,110.91049,-12.000195,WAL
1970482289000,182.964901,-1.41388862378103,-9.89955253076079,-1.03640261481803,-0.81214535,-1.1194105,0.63132924,326.7601,111.06856,-12.222154,WAL
1970487289000,182.969901,-1.40911402013162,-10.2242224878851,-1.12473191734071,-0.806953,-1.1588113,0.63529986,326.50723,111.22567,-12.444629,WAL
1970492310000,182.974922,-1.37995233721511,-10.4499323297181,-1.29536745438824,-0.7840455,-1.1924089,0.61850107,326.22662,111.39372,-12.680728,WAL
1970497299000,182.979911,-1.34174474598161,-10.6361947297081,-1.49595771979208,-0.7519751,-1.2174544,0.602924,325.94153,111.55486,-12.91397,WAL
1970502434000,182.985046,-1.2783960008317,-10.7088284547456,-1.64644706585127,-0.70341134,-1.2049317,0.5751296,325.64328,111.68997,-13.115295,WAL
1970507376000,182.989988,-1.20893135521526,-10.7366141485812,-1.77148343763209,-0.62858033,-1.1569787,0.5626069,325.3521,111.80818,-13.309069,WAL
1970512305000,182.994917,-1.14911160635918,-10.81880108263,-1.76840296800785,-0.552833,-1.078788,0.5308419,325.0585,111.919075,-13.4755335,WAL
1970517369000,182.999981,-1.09200037095191,-10.9282644867517,-1.70653246712463,-0.4605924,-0.98654735,0.49266282,324.78516,112.00315,-13.625749,WAL
1970522313000,183.004925,-0.989979257044051,-11.0989121580898,-1.58065019942363,-0.3830125,-0.9462303,0.47433686,324.51166,112.08152,-13.75993,WAL
1970527305000,183.009917,-0.86204664859613,-11.3055725319061,-1.41827425014409,-0.3481932,-0.86376345,0.45142943,324.27643,112.13938,-13.866666,WAL
1970532319000,183.014931,-0.691282945605033,-11.4272149078934,-1.35955922565615,-0.29352075,-0.80970186,0.42913285,324.03238,112.16107,-13.960803,WAL
1970537351000,183.019963,-0.501799055668928,-11.5124824026344,-1.34534794355647,-0.22021692,-0.7449502,0.40378192,323.816,112.16569,-14.036752,WAL
1970542343000,183.024955,-0.353281740627929,-11.4393774233052,-1.32732972310736,-0.12950343,-0.6908886,0.37720928,323.59946,112.11386,-14.077791,WAL
1970547360000,183.029972,-0.223195538556701,-11.2892780618557,-1.30731647491409,-0.05009095,-0.66431594,0.32895094,323.39273,112.04096,-14.101074,WAL
1970552421000,183.035033,-0.170080510863477,-11.1168622590432,-1.30959766931155,0.02565634,-0.6417139,0.23823744,323.17706,111.92646,-14.080501,WAL
1970557432000,183.040044,-0.142082045370478,-10.9395384444769,-1.31893048626993,0.053450707,-0.6160576,0.112399206,322.9662,111.7919,-14.034083,WAL
1970562354000,183.044966,-0.237522599410766,-10.8487851201438,-1.2415111524618,0.025350908,-0.57879484,-0.006414085,322.74973,111.63929,-13.954896,WAL
1970567353000,183.049965,-0.385740727743933,-10.7914106989913,-1.12676161120543,-0.04886922,-0.5684101,-0.11759156,322.52673,111.4719,-13.844203,WAL
1970572353000,183.054965,-0.590569758333333,-10.7273540069444,-0.9620700625,-0.1554652,-0.6020077,-0.21288654,322.29852,111.30927,-13.708567,WAL
1970577342000,183.059954,-0.819724159376499,-10.6605172094325,-0.775882107913669,-0.2565634,-0.65668017,-0.26939157,322.0649,111.15196,-13.555982,WAL
1970582292000,183.064904,-0.993066316112256,-10.5886210123148,-0.590231443228339,-0.33475417,-0.7119634,-0.27275133,321.82742,111.014046,-13.423855,WAL
1970587321000,183.069933,-1.14429548669022,-10.5130066342852,-0.401194999744873,-0.40042216,-0.75502944,-0.2443461,321.57953,110.89437,-13.290516,WAL
1970592306000,183.074918,-1.21242624800278,-10.5632307400139,-0.16047914794826,-0.4129449,-0.782213,-0.22724187,321.32336,110.795204,-13.209623,WAL
1970597309000,183.079921,-1.23617128239667,-10.6819559119834,0.110214437537913,-0.3744604,-0.7892379,-0.2125811,321.0662,110.70572,-13.138349,WAL
1970602309000,183.084921,-1.1918726367415,-11.0210919580433,0.390681333811391,-0.29046643,-0.7874053,-0.21105394,320.80933,110.61117,-13.101951,WAL
1970607316000,183.089928,-1.10726140475444,-11.4911540852858,0.677419437579649,-0.17715092,-0.8038987,-0.22296582,320.5486,110.50323,-13.067514,WAL
1970612305000,183.094917,-1.00034731707057,-11.9566677844778,0.845721128601864,-0.06078109,-0.80481493,-0.23701571,320.2826,110.34421,-13.037462,WAL
1970617353000,183.099965,-0.876200394460719,-12.4256675067529,0.933083759174434,0.07238753,-0.8072584,-0.258396,320.0133,110.1559,-13.002688,WAL
1970622309000,183.104921,-0.77586189566863,-12.9097448221493,0.938667616914164,0.23701571,-0.79229224,-0.27183503,319.73596,109.87281,-12.9371195,WAL
1970627308000,183.10992,-0.697280695095105,-13.4228337450999,0.860086377727141,0.33414328,-0.7440339,-0.30543262,319.46808,109.57327,-12.857175,WAL
1970632293000,183.114905,-0.594856166139811,-13.8947519089318,0.690856828012093,0.52290064,-0.6969972,-0.33658674,319.18918,109.18014,-12.741623,WAL
1970637322000,183.119934,-0.456915385320887,-14.3136832928821,0.389430725740957,0.7333437,-0.623388,-0.3726278,318.93347,108.7632,-12.610435,WAL
1970642310000,183.124922,-0.256841363295274,-14.6069458595612,0.0201358239515489,0.93523467,-0.516792,-0.41783184,318.69397,108.28838,-12.434679,WAL
1970647322000,183.129934,0.00050013996525021,-14.7928036282268,-0.413532253173153,1.1426234,-0.35155296,-0.47891834,318.4945,107.77093,-12.237903,WAL
1970652324000,183.134936,0.307982240308087,-14.870125758665,-0.857351660333761,1.3402383,-0.16523905,-0.54092115,318.33398,107.21945,-11.98965,WAL
1970657314000,183.139926,0.661899485780587,-14.8465312923867,-1.31036579228794,1.5442673,0.05131268,-0.6068946,318.23172,106.6269,-11.716798,WAL
1970662305000,183.144917,1.01958258290341,-14.7143245807797,-1.62347685346199,1.754405,0.26236662,-0.6945538,318.1808,106.00315,-11.370521,WAL
1970667312000,183.149924,1.38228462288596,-14.46787306827,-1.79087773149728,1.9798143,0.46853364,-0.7703011,318.1933,105.341576,-11.006963,WAL
1970672311000,183.154923,1.67349673601399,-14.1063016188811,-1.85599181573427,2.207667,0.6249151,-0.84421575,318.25504,104.64374,-10.562423,WAL
1970677308000,183.15992,1.86950748053946,-13.5899807282717,-1.78428057260739,2.4397957,0.7684685,-0.93431836,318.3719,103.899765,-10.095884,WAL
1970682310000,183.164922,1.85094742056203,-13.1113642287281,-1.59559368506805,2.6929994,0.8518516,-1.0201449,318.5102,103.09203,-9.565619,WAL
1970687354000,183.169966,1.53878086374229,-12.6809529376285,-1.24558873228239,2.9529226,0.84329945,-1.1304061,318.6619,102.23373,-9.016332,WAL
1970692258000,183.17487,1.10060934974582,-12.2962586810941,-0.859490795829676,3.225063,0.7693848,-1.2721269,318.8119,101.29976,-8.424974,WAL
1970697340000,183.179952,0.417941609997696,-11.9549245548542,-0.381623408097786,3.4465017,0.6423248,-1.402852,318.94525,100.32761,-7.822876,WAL
1970702282000,183.184894,-0.228867707524189,-11.785299149687,0.0251820436198065,3.6123517,0.49113566,-1.5228871,319.05902,99.32603,-7.257344,WAL
1970707349000,183.189961,-0.864092920507399,-11.8773607046101,0.347397708871941,3.688099,0.36346483,-1.604743,319.14786,98.31431,-6.6822014,WAL
1970712268000,183.19488,-1.44519301839519,-12.0146813920762,0.519012972990973,3.649309,0.3231477,-1.6496416,319.24036,97.37315,-6.2124424,WAL
1970717456000,183.200068,-1.95848286284855,-12.2937518215647,0.304726884341023,3.5243871,0.3680463,-1.6383406,319.3305,96.49208,-5.7491274,WAL
1970722283000,183.204895,-2.44601017774807,-12.5956230967434,0.0114124177537962,3.3276885,0.43157628,-1.611768,319.44345,95.77981,-5.399652,WAL
1970727347000,183.209959,-2.98326991614936,-13.0217257379429,-0.539741919108013,3.2000177,0.57451874,-1.5360206,319.603,95.20585,-5.078054,WAL
1970732307000,183.214919,-3.52685722452868,-13.4771599495932,-1.0808925215519,2.9859092,0.66553766,-1.4257594,319.7972,94.89176,-4.87683,WAL
1970737360000,183.219972,-4.15588091726533,-14.1061832412185,-1.63789060788847,2.7977629,0.68477994,-1.3267993,320.01773,85.2849,-4.7032175,WAL
1970742314000,183.224926,-4.78117748977206,-14.7510248763881,-2.0861151993571,2.6407704,0.5757405,-1.2873985,320.25925,85.241646,-4.683622,WAL
1970747357000,183.229969,-5.45861754237288,-15.541371440678,-2.07670621694915,2.4672847,0.3036,-1.2800682,320.45923,85.14469,-4.6832743,WAL
1970752368000,183.23498,-6.18336446719133,-16.3350414051513,-2.14687746857114,2.309376,0.3036,-1.3704761,320.539073069842,85.0910130344207,-4.71200792754653,WAL
1970757351000,183.239963,-7.24177678945217,-17.1788450237122,-2.73705214223222,2.1035144,-0.11484267,-1.6178766,320.61847,85.037636,-4.740581,WAL
1970762314000,183.244926,-8.16107991109985,-17.8191772852509,-3.23137867442473,1.8451185,-0.10598512,-1.9025398,320.81976,84.92664,-4.803254,WAL
1970767307000,183.249919,-8.40343704368981,-17.4507951118094,-3.25561428645717,1.7052304,-0.14538592,-2.0518963,320.90082,84.80789,-4.8869567,WAL
1970772320000,183.254932,-8.45127758159264,-16.9017725668267,-3.31590504833934,1.6639969,-0.20708331,-2.0173824,320.9884,84.709175,-4.9401546,WAL
1970777307000,183.259919,-7.68204101354542,-15.6069713051721,-3.52613114529812,1.609019,-0.12339478,-1.8875736,321.10052,84.65106,-4.9631643,WAL
1970782289000,183.264901,-6.6669236874902,-14.1884194002743,-3.71422865190047,1.6053538,0.08368854,-1.7104226,321.23077,84.56319,-4.990246,WAL
1970787289000,183.269901,-4.57950259618926,-12.2229599567006,-3.80804536428292,1.6927075,0.42180246,-1.5180001,321.41797,84.43884,-5.0507593,WAL
1970792277000,183.274889,-2.67991866386505,-10.5115503501036,-3.73916066348032,1.806634,0.7495316,-1.3613132,321.62964,84.382324,-5.027466,WAL
1970797338000,183.27995,-1.8575320255401,-10.282046706274,-2.68727073080793,1.885741,0.95447695,-1.2403619,321.8998,84.27568,-5.0513644,WAL
1970802330000,183.284942,-1.09831536416633,-10.0813471547381,-1.73765629659136,1.9123137,1.0149527,-1.1618657,322.13715,84.37964,-4.8371444,WAL
1970807350000,183.289962,-0.694642049972011,-10.0573189980008,-1.39165058867453,1.8689423,0.9025534,-1.1407908,322.37994,84.45283,-4.648516,WAL
1970812287000,183.294899,-0.330525235433077,-10.0380187241504,-1.06785346624377,1.8497,0.8378017,-1.1578951,322.6459,84.496506,-4.404983,WAL
1970817316000,183.299928,-0.208320496240145,-10.0511123534209,-0.862724042591754,1.8237382,0.8472701,-1.1749994,322.897,84.51848,-4.175876,WAL
1970822249000,183.304861,-0.0884485577953783,-10.0639560347077,-0.661510392387857,1.822211,0.94042706,-1.1881329,323.1456,84.52974,-3.8905365,WAL
1970827303000,183.309915,0.0161868958809675,-10.0141831963717,-1.04069181601952,1.8509218,1.0864239,-1.1728612,323.40765,84.50594,-3.6206226,WAL
1970832528000,183.31514,0.128531828305711,-9.94892451150677,-1.48782433474761,1.8329011,1.3179418,-1.1319333,323.716,84.46258,-3.3687854,WAL
1970837322000,183.319934,0.306802459391988,-9.80543867042334,-1.78349277513022,1.8133535,1.6829338,-1.056186,324.0997,84.35136,-3.1062536,WAL
1970842245000,183.324857,0.489870109963065,-9.65809182110048,-2.08711724989109,1.8041905,2.021964,-0.990518,324.5216,84.24998,-2.8079884,WAL
1970847299000,183.329911,0.619817153168974,-9.35283552664517,-2.07905886527593,1.8228219,2.2971587,-0.91507614,325.02127,84.10748,-2.5539293,WAL
1970852311000,183.334923,0.742704663610848,-9.03423799924142,-2.03809629209179,1.8463402,2.4526238,-0.8347474,325.57434,83.93711,-2.337893,WAL
1970857313000,183.339925,0.769837612600076,-8.54137802912695,-2.32572911580252,1.8765781,2.5146267,-0.76144356,326.15637,83.7747,-2.0908418,WAL
1970862238000,183.34485,0.774333059845597,-8.01541581791841,-2.68536137490469,1.8674151,2.656042,-0.6722572,326.79483,83.59234,-1.8895438,WAL
1970867312000,183.349924,0.713702651712233,-7.49546184163182,-2.78183486768522,1.9165897,2.7079656,-0.57451874,327.41388,83.339806,-1.6846546,WAL
1970872249000,183.354861,0.627525741974912,-6.99867742084271,-2.76155796767449,1.9355265,2.6740627,-0.50640726,328.03955,83.08477,-1.5096004,WAL
1970877306000,183.359918,0.504588294462424,-6.6055210483967,-2.61769597715676,1.920255,2.6083946,-0.45448375,328.65863,82.841225,-1.3385776,WAL
1970882265000,183.364877,0.377290828462226,-6.24248763927331,-2.452680759863,1.87444,2.5143213,-0.4156938,329.25183,82.5946,-1.1901369,WAL
1970887324000,183.369936,0.242924536675978,-5.93828912164804,-2.40303620579609,1.8048013,2.4254405,-0.40103304,329.83652,82.326546,-1.0589076,WAL
1970892276000,183.374888,0.110454288152434,-5.65442421869513,-2.37938087131883,1.7492126,2.3472497,-0.37904188,330.39053,82.06623,-0.9455051,WAL
1970897304000,183.379916,-0.0647378232182781,-5.45537295523632,-2.28216874800941,1.6966782,2.269059,-0.36346483,330.9374,81.77461,-0.8565641,WAL
1970902363000,183.384975,-0.250020577889782,-5.27484111649343,-2.16814857144538,1.641395,2.1798725,-0.3594942,331.45416,81.50205,-0.7738976,WAL
1970907311000,183.389923,-0.443085864735099,-5.13812083305739,-2.10366297935982,1.5628988,2.1132884,-0.35613444,331.97052,81.22871,-0.7144521,WAL
1970912285000,183.394897,-0.640250750331126,-5.01105896909492,-2.05108562163355,1.5018122,2.0796907,-0.34269542,332.46667,80.969574,-0.6627352,WAL
1970917323000,183.399935,-0.874207593743235,-4.82075182820957,-1.81068408551635,1.4712689,2.0286834,-0.34788775,332.9624,80.690544,-0.63857776,WAL
1970922291000,183.404903,-1.126567581273,-4.59414278408746,-1.45532010924443,1.4019357,1.9892827,-0.38331795,333.44977,80.44451,-0.6141942,WAL
1970927308000,183.40992,-1.30327275488233,-4.36109085761232,-1.20368128244758,1.3005321,1.9062049,-0.39614612,333.93253,80.19264,-0.630978,WAL
1970932309000,183.414921,-1.45492562967052,-4.12746352531451,-0.986448798853231,1.1591167,1.8512272,-0.41813725,334.41187,79.976974,-0.6399568,WAL
1970937322000,183.419934,-1.61866651917574,-3.92989365727098,-0.760974736173393,0.9978484,1.8011361,-0.4269948,334.9068,79.72469,-0.7013267,WAL
1970942312000,183.424924,-1.79724740952381,-3.78192657142857,-0.526268333333333,0.84665924,1.7510452,-0.45631635,335.3866,79.51422,-0.75329936,WAL
1970947304000,183.429916,-1.98594388915952,-3.68987485521196,-0.243785463699093,0.6942484,1.7058412,-0.48288897,335.88263,79.28579,-0.84704095,WAL
1970952325000,183.434937,-2.18389306778731,-3.64274409019358,0.0790601757892674,0.5448918,1.6395624,-0.5143485,336.35898,79.10251,-0.9325268,WAL
1970957311000,183.439923,-2.38046239753002,-3.59594186068121,0.399655347764764,0.39095375,1.5760323,-0.5491679,336.84924,78.8987,-1.0488724,WAL
1970962303000,183.444915,-2.57726827279588,-3.54908331079637,0.720636314171037,0.23701571,1.5054774,-0.56107974,337.31818,78.73857,-1.163742,WAL
1970967324000,183.449936,-2.71596566333636,-3.60696808796044,0.941183933143607,0.1020145,1.4850134,-0.5702427,337.78726,78.61023,-1.2679865,WAL
1970972300000,183.454912,-2.78810335149864,-3.7800987404178,1.04698594608538,-0.032375857,1.45783,-0.59681535,338.23495,78.52622,-1.3636718,WAL
1970977283000,183.459895,-2.84557238116034,-3.87923718465892,1.08658907698351,-0.17806722,1.3732251,-0.59956425,338.6882,78.241936,-1.5774736,WAL
1970982328000,183.46494,-2.88800771406265,-3.9004548388016,1.05594132971601,-0.3036,1.2986995,-0.5867361,339.13718,77.99203,-1.7912031,WAL
1970987270000,183.469882,-2.92957667644189,-3.92123930793403,1.02591929463258,-0.410196,1.2412782,-0.5644395,339.57614,77.73653,-2.0155635,WAL
1970992292000,183.474904,-2.97181854796526,-3.94236023144335,0.995411269503269,-0.49968776,1.1896601,-0.54305923,339.99503,77.51257,-2.241369,WAL
1970997328000,183.47994,-2.96407242547703,-3.92342652745583,0.953406654823322,-0.6065892,1.1407908,-0.51923543,340.405,77.31544,-2.4636524,WAL
1971002361000,183.484973,-2.87891326517668,-3.84252532072438,0.893795260397527,-0.70646566,1.0769554,-0.5006041,340.79504,77.140945,-2.6875753,WAL
1971007340000,183.489952,-2.79253284083561,-3.76248463266849,0.828613953810624,-0.8078693,0.9999864,-0.47525316,341.1795,77.00389,-2.9248261,WAL
1971012380000,183.494992,-2.69119529727063,-3.6814145978165,0.722209427251732,-0.8961393,0.9673051,-0.45112398,341.55698,76.88806,-3.1656063,WAL
1971017306000,183.499918,-2.59223813479387,-3.62320873630751,0.634235948615814,-0.98349303,0.893085,-0.44012842,341.89423,76.81632,-3.3781898,WAL
1971022319000,183.504931,-2.49184190220076,-3.6375510481179,0.600770554391555,-1.029308,0.8078693,-0.4034765,342.21548,76.75054,-3.601359,WAL
1971027279000,183.509891,-2.40386336912311,-3.65350940057127,0.583151210939732,-1.1117748,0.7174612,-0.36682457,342.50534,76.7494,-3.7990577,WAL
1971032295000,183.514907,-2.35812655175664,-3.67637773761782,0.62431426538132,-1.1927143,0.6078109,-0.3313944,342.76306,76.75267,-3.9991176,WAL
1971037291000,183.519903,-2.3140675672585,-3.70318369534173,0.67839740045819,-1.2819008,0.48655418,-0.28008172,342.98566,76.79956,-4.1791644,WAL
1971042311000,183.524923,-2.28194383205422,-3.76284224555174,0.839016411912944,-1.3662001,0.36041048,-0.226631,343.17316,76.85772,-4.3611417,WAL
1971047315000,183.529927,-2.24924274018852,-3.82546869644387,1.00010953793916,-1.4563028,0.2321288,-0.17470746,343.32263,76.91986,-4.533733,WAL
1971052319000,183.534931,-2.18251287797772,-4.04619086996572,1.21056541801628,-1.5351044,0.11453723,-0.12064589,343.4359,76.99002,-4.712405,WAL
1971057278000,183.53989,-2.11833809911129,-4.27431919718239,1.42580007387396,-1.6190983,0.00030543262,-0.061086524,343.50955,77.01979,-4.8889565,WAL
1971062304000,183.544916,-2.0648676921228,-4.56111452275298,1.68342987979196,-1.7058412,-0.07849618,0.0143553335,343.55634,77.05938,-5.0762496,WAL
1971067312000,183.549924,-2.01827440219259,-4.87336609127901,1.96997227581235,-1.7916678,-0.13408493,0.099265605,343.5741,77.06667,-5.2531567,WAL
1971072317000,183.554929,-2.00407236248889,-5.31362966811852,2.40076772731852,-1.8723019,-0.18112154,0.22632557,343.56616,77.07941,-5.4534564,WAL
1971077286000,183.559898,-1.93820216264852,-6.05208138692986,2.9303137088923,-1.9107865,-0.16829337,0.35796702,343.55634,77.01987,-5.64946,WAL
1971082297000,183.564909,-1.55653120405328,-8.63180939331161,4.08452380557685,-1.8997909,-0.12797627,0.43951756,343.5382,76.96196,-5.8583307,WAL
1971087388000,183.57,-1.14822566698087,-11.2081701920672,5.24794743070462,-1.8240436,-0.073303826,0.5308419,343.51474,76.75839,-6.0842323,WAL
1971092307000,183.574919,-0.501942679827345,-13.1514157479235,6.25913820391974,-1.6743816,0.028710667,0.600786,343.51468,76.54107,-6.3223424,WAL
1971097325000,183.579937,0.157347425790947,-15.133771145217,7.29068024498367,-1.4404203,0.15118915,0.61666846,343.4819,76.2894,-6.435403,WAL
1971102325000,183.584937,1.33483684051102,-16.2959208965588,8.18552110632598,-1.112691,0.20861048,0.5561928,343.45697,76.00663,-6.5415006,WAL
1971107637000,183.590249,2.62603018286131,-17.4299961692924,9.08978441025408,-0.7156286,0.20097467,0.45051312,343.4471,75.678986,-6.6365204,WAL
1971112307000,183.594919,3.5668526526728,-17.8820794722703,9.12236723968673,-0.24953845,0.19486602,0.36285394,343.37576,75.32433,-6.553542,WAL
1971117309000,183.599921,4.57456014603406,-18.3663023162736,9.15726645014115,-0.004581489,0.24281894,0.101098195,343.25217,75.177956,-6.215497,WAL
1971122308000,183.60492,5.22710947278618,-18.6843933384758,8.69755966748946,0.47983465,0.39645153,-0.21380283,343.17685,74.863045,-5.872383,WAL
1971127246000,183.609858,5.77184979546436,-18.9519000802222,8.10418174616888,0.9114109,0.65484756,-0.49877146,343.1697,74.51904,-5.5022826,WAL
1971132297000,183.614909,5.26109953384707,-17.5808794267931,7.50118282918396,1.1499538,0.9059132,-0.6536258,343.14926,74.230125,-4.956301,WAL
1971137254000,183.619866,4.53414872563723,-15.8877877216953,6.91024226728907,1.2064588,1.0351112,-0.68111473,343.193,73.86627,-4.4172225,WAL
1971142308000,183.62492,3.48783726126508,-13.7976024636124,6.24949114960407,1.1227703,1.0751228,-0.65301496,343.26062,73.56364,-3.8231003,WAL
1971147296000,183.629908,2.38006937231335,-11.6451102471719,5.5830291783371,0.93126404,1.0650436,-0.5885687,343.35828,73.25382,-3.2763755,WAL
1971152315000,183.634927,1.16455545682759,-9.60404498013381,4.93463222478641,0.7104363,1.0439687,-0.50854534,343.5177,72.937,-2.8758261,WAL
1971157248000,183.63986,-0.0754660212413794,-7.65405039099331,4.30732711476068,0.4804455,1.0415252,-0.44929138,343.67578,72.670456,-2.5058246,WAL
1971162305000,183.644917,-0.990515306919874,-6.23175681760943,3.71761372555093,0.23793201,1.0595458,-0.4083634,343.8879,72.43116,-2.3291082,WAL
1971167324000,183.649936,-1.77152059718899,-5.02607981359805,3.15138499816188,-0.01863139,1.0626001,-0.34055737,344.0853,72.26019,-2.1801524,WAL
1971172311000,183.654923,-2.37447745786073,-4.5692369913855,2.63397244386217,-0.26328292,1.0742066,-0.22113322,344.33344,72.116325,-2.2340949,WAL
1971177302000,183.659914,-2.92838535326633,-4.32414516080402,2.12908291457286,-0.52595496,1.0512991,-0.05955936,344.5615,72.04746,-2.317538,WAL
1971182289000,183.664901,-3.38349915348628,-4.70526244867296,1.95143699203779,-0.77274454,1.0195341,0.12064589,344.81958,72.04832,-2.549794,WAL
1971187320000,183.669932,-3.82131044295996,-5.22543408235718,1.84306789414305,-0.9630291,0.92087936,0.33353242,345.03592,72.09379,-2.8274546,WAL
1971192312000,183.674924,-4.09994806798736,-6.31181181905163,1.91294045286618,-1.1096367,0.7272351,0.5299256,345.20663,72.20302,-3.221761,WAL
1971197293000,183.679905,-4.27587782777661,-7.76951464324552,2.09892327730242,-1.2421945,0.38637227,0.7141015,345.2984,72.33464,-3.6452281,WAL
1971202396000,183.685008,-4.43704610247942,-9.56144078332027,2.27326684859859,-1.3414601,-0.040011674,0.8481864,345.32864,72.49478,-4.1434484,WAL
1971207330000,183.689942,-4.58522929583497,-11.413732755292,2.43534231757154,-1.4080443,-0.27091873,0.95569867,345.31665,72.64554,-4.6629496,WAL
1971212306000,183.694918,-5.00377157952929,-13.2804729263395,2.42641843003505,-1.3967434,-0.7290677,1.0012082,345.13644,72.7978,-5.140416,WAL
1971217329000,183.699941,-5.56261979416124,-15.1641766543816,2.33006526703055,-1.3643675,-1.1682798,1.0830641,344.89743,72.923,-5.627202,WAL
1971222312000,183.704924,-6.15333439365271,-16.4110900743698,1.85590947340564,-1.2110404,-1.5143349,1.1215485,344.5755,73.06185,-6.0652995,WAL
1971227313000,183.709925,-6.76420998413177,-17.3538589359245,1.19212343351411,-0.95142263,-1.6099354,1.1362094,344.20718,73.1357,-6.4891696,WAL
1971232290000,183.714902,-6.57846154861583,-17.9654848149587,0.845754368528412,-0.6310238,-1.3729197,1.0998629,343.8616,73.193504,-6.9352956,WAL
1971237322000,183.719934,-6.00270348120447,-18.4242184557552,0.649154006333171,-0.2519819,-0.8741482,1.0241156,343.57352,73.155365,-7.3681955,WAL
1971242309000,183.724921,-4.92512139002874,-18.3848021298444,1.10653737386262,0.11362094,-0.2996294,0.8900307,343.4068,73.10548,-7.844102,WAL
1971247307000,183.729919,-3.53030764860739,-18.0384712954703,1.96999336975914,0.44623706,0.047036625,0.7119634,343.32974,72.9717,-8.28851,WAL
1971252319000,183.734931,-2.2833981112651,-16.9349246984755,2.56501802456939,0.62858033,0.12308934,0.51159966,343.3173,72.87963,-8.612036,WAL
1971257314000,183.739926,-1.14218731652148,-15.3296527414373,2.97699051397743,0.6942484,0.03848451,0.31703907,343.3717,72.75562,-8.890962,WAL
1971262302000,183.744914,-0.211386172023463,-13.633308434458,2.82440965798914,0.6728681,-0.11728613,0.14660765,343.3635,72.6429,-8.949849,WAL
1971267360000,183.749972,0.577622375184216,-11.843949964999,2.25143913355633,0.56291234,-0.32162055,0.014660766,343.33047,72.56158,-8.955047,WAL
1971272309000,183.754921,1.12354557493761,-10.1356562600425,1.4993646600085,0.37384954,-0.57604593,-0.12217305,343.2082,72.51464,-8.786835,WAL
1971277312000,183.759924,1.4645459439597,-8.4483687759682,0.560506539193641,0.12705997,-0.99204516,-0.3408628,343.0001,72.541435,-8.535961,WAL
1971282286000,183.764898,1.51914680414582,-6.79683909318378,-0.629288761095772,-0.2171626,-1.563815,-0.4859433,342.6492,72.69366,-8.179545,WAL
1971287319000,183.769931,1.03569055198986,-5.17492140565142,-2.31878645251553,-0.64873886,-1.8961257,-0.5564982,342.25928,72.94749,-7.774222,WAL
1971292315000,183.774927,0.405636594841715,-3.83211969753556,-3.58779212925266,-1.063211,-2.0289888,-0.63224554,341.76218,73.35266,-7.289696,WAL
1971297291000,183.779903,-0.372527388600481,-2.76274090723302,-4.4423403198357,-1.4236214,-1.9850066,-0.65270954,341.22025,73.85185,-6.7917857,WAL
1971302309000,183.784921,-1.08622617876658,-1.90173750885468,-4.89830443747773,-1.7528778,-1.8209893,-0.63071835,340.6952,74.5232,-6.3725786,WAL
1971307288000,183.7899,-1.7234459622847,-1.26451770069293,-4.94550587006533,-2.0772474,-1.7311921,-0.58184916,340.15472,75.285126,-5.9554048,WAL
1971312268000,183.79488,-2.17655921367118,-0.767047475827932,-4.80624207884502,-2.2000313,-1.643533,-0.5497787,339.69867,76.0616,-5.665461,WAL
1971317287000,183.799899,-2.42675532852092,-0.422437626985857,-4.45691154552151,-2.389705,-1.6536123,-0.46853364,339.22354,76.917435,-5.4023523,WAL
1971322279000,183.804891,-2.59985893029491,-0.209046542680965,-4.13897776782842,-2.4868324,-1.7250835,-0.39370266,338.7841,77.71269,-5.254308,WAL
1971327275000,183.809887,-2.67587244275643,-0.161538129637573,-3.85867810805282,-2.513405,-1.8280143,-0.28619036,338.31897,78.50793,-5.1352916,WAL
1971332272000,183.814884,-2.7018721374852,-0.211819267919463,-3.62289032880971,-2.4697282,-1.9391917,-0.16218472,337.84198,79.2379,-5.0982027,WAL
1971337277000,183.819889,-2.6592955529017,-0.396318347785235,-3.44785280329649,-2.3582454,-2.0137172,-0.013133603,337.33627,79.91973,-5.097427,WAL
1971342253000,183.824865,-2.64637368067227,-0.788108329191237,-3.22662948146403,-2.180789,-2.0867157,0.16340645,336.79465,80.49497,-5.157462,WAL
1971347340000,183.829952,-2.67950330252101,-1.51696160611454,-2.92609581257104,-1.9892827,-2.1633792,0.37934732,336.22394,80.98235,-5.2690377,WAL
1971357332000,183.839944,-2.74457725210084,-2.94859163226308,-2.33578080970515,-1.6197093,-2.3692408,0.8741482,334.97507,81.57254,-5.618777,WAL
1971362173000,183.844785,-2.8427240292026,-3.90344036936016,-2.02469894489513,-1.4618006,-2.4706445,1.1563679,334.30362,81.69386,-5.8923607,WAL
1971367280000,183.849892,-3.13951956610242,-5.66859192313425,-1.62376481102949,-1.2925909,-2.5017986,1.459357,333.62366,81.68829,-6.240389,WAL
1971372176000,183.854788,-3.23002299944341,-7.3668499866224,-1.70506907711161,-1.106277,-2.334727,1.7534887,332.9712,81.5396,-6.709968,WAL
1971377249000,183.859861,-3.00705570816327,-9.13635558216971,-2.54949828657358,-0.9230174,-1.9135354,2.035403,332.38544,81.258415,-7.2631745,WAL
1971382219000,183.864831,-2.59677025500602,-10.7945778120987,-3.57761379571629,-0.7431176,-1.3041973,2.3264804,331.9075,80.814674,-7.919886,WAL
1971387253000,183.869865,-1.80843035101324,-12.3277302866172,-5.00920032057584,-0.52106804,-0.4801401,2.5967882,331.61676,80.25183,-8.654014,WAL
1971392206000,183.874818,-1.11737788055828,-13.8171993672199,-5.9389297397963,-0.37507126,0.37995818,2.6951375,331.47275,79.756355,-9.348051,WAL
1971397234000,183.879846,-0.577005349226707,-15.2930060352697,-5.97071633474161,-0.42730024,1.1346822,2.6120598,331.54495,79.215256,-10.06646,WAL
1971402352000,183.884964,-0.0116433387332667,-16.588687835964,-5.7387096001998,-0.67073005,1.6362026,2.4211645,331.74008,78.89249,-10.599326,WAL
1971407342000,183.889954,0.585113213894106,-17.2379596171828,-4.72661048231768,-0.97494096,1.7479908,2.1768184,332.0529,78.58093,-11.086357,WAL
1971412297000,183.894909,1.23697416982158,-17.3004960260471,-3.4389279676777,-1.1133019,1.7369953,2.038152,332.4085,78.3866,-11.416142,WAL
1971417400000,183.900012,2.09958575722736,-15.4866796881977,-1.20080054904494,-1.2944235,1.4651603,1.7470746,332.72772,78.28338,-11.625125,WAL
1971422324000,183.904936,2.81244100739775,-13.8518166375301,0.647803379824579,-1.387275,1.0363328,1.4132367,332.91608,78.29454,-11.6652775,WAL
1971427351000,183.909963,2.85587366255012,-12.8432158051323,0.753971931728148,-1.4159856,0.5708536,1.103528,333.0119,78.35632,-11.633656,WAL
1971432312000,183.914924,2.84262191129731,-11.9075736120582,0.815528326942117,-1.368949,0.17989981,0.8338311,332.89743,78.55771,-11.437318,WAL
1971437355000,183.919967,2.51237010624097,-11.2935841122026,0.634122403255321,-1.2550226,-0.14782938,0.5815437,332.6701,78.82944,-11.168263,WAL
1971442325000,183.924937,2.17252224954928,-10.6736068560697,0.449217836644231,-1.1206323,-0.39461896,0.29718593,332.38425,79.1349,-10.864396,WAL
1971447326000,183.929938,1.65923937512019,-9.87250165504808,0.190177881961538,-1.0027353,-0.6386596,0.014049901,332.00943,79.504265,-10.495531,WAL
1971452377000,183.934989,1.14088713271361,-9.08924741892615,-0.10112790182162,-0.93523467,-0.9074403,-0.1853976,331.56,79.84774,-10.152244,WAL
1971457423000,183.940035,0.62367804056609,-8.56772855717089,-0.691608269118088,-0.9129381,-1.2183707,-0.29901853,331.03427,99.75839,-9.758394,WAL
1971462307000,183.944919,0.123073758749108,-8.06295286933642,-1.26313147836818,-0.9117164,-1.491122,-0.3640757,330.4529,80.59642,-9.403581,WAL
1971467357000,183.949969,-0.293656135394495,-7.68195167003003,-2.08455835107107,-0.9104946,-1.6636915,-0.38362336,329.8212,80.966774,-9.033216,WAL
1971472270000,183.954882,-0.679859308362563,-7.3381366842042,-2.92761164328328,-0.9126327,-1.7165314,-0.37751472,329.15692,81.34463,-8.655356,WAL
1971477347000,183.959959,-0.979375092857143,-7.17820760612245,-3.6030293122449,-0.9645562,-1.6997325,-0.34330627,328.52972,98.40285,-8.401901,WAL
1971482269000,183.964881,-1.25022401477115,-7.06146238872598,-4.21944403279176,-1.0500773,-1.6307048,-0.2837469,327.90872,98.162445,-8.157569,WAL
1971487343000,183.969955,-1.44061417338863,-7.22449349665234,-4.6659499305686,-1.1701124,-1.518611,-0.22052236,327.3631,98.03023,-8.006178,WAL
1971492243000,183.974855,-1.6047414532927,-7.44489311691816,-5.05516593536524,-1.2684617,-1.3359623,-0.15607607,326.8584,97.93296,-7.8718376,WAL
1971497318000,183.97993,-1.58993899542306,-7.7422125981842,-4.96073282919319,-1.3112222,-1.0668762,-0.07574729,326.42752,97.94166,-7.8061543,WAL
1971502329000,183.984941,-1.53154682175215,-8.052139946462,-4.74962297311868,-1.3545936,-0.9410379,0.021380283,326.00687,98.007904,-7.7631454,WAL
1971507364000,183.989976,-1.46964278402427,-8.44427376390293,-4.31504394271992,-1.3942999,-0.6817256,0.07727446,325.70056,98.15712,-7.7499943,WAL
1971512305000,183.994917,-1.40744393726997,-8.86531241092012,-3.7887455590091,-1.4141531,-0.42852196,0.17715092,325.4279,98.37973,-7.7733684,WAL
1971517404000,184.000016,-1.23760567195267,-9.0955968321734,-3.13189291940744,-1.4920384,-0.18753563,0.23579398,325.2044,98.62886,-7.7892294,WAL
1971522324000,184.004936,-1.03148247250945,-9.23613527719229,-2.45262327931994,-1.5964963,0.004886922,0.29352075,325.0384,98.93385,-7.82633,WAL
1971527340000,184.009952,-0.888245995637584,-9.19762142123964,-1.83274677433873,-1.6945401,0.12583824,0.32803464,324.89832,99.23376,-7.861537,WAL
1971532339000,184.014951,-0.774844183892617,-9.07949463679432,-1.2468375287801,-1.7989981,0.14049901,0.34788775,324.78015,99.5731,-7.9031134,WAL
1971537353000,184.019965,-0.802031479541547,-8.99742684336199,-0.533432747889207,-1.858252,0.11759156,0.34513888,324.629,99.84272,-7.917814,WAL
1971542344000,184.024956,-0.897901081590258,-8.93351391833811,0.238089284240688,-1.8319849,-0.032986723,0.2751948,324.44153,100.10734,-7.918501,WAL
1971547332000,184.029944,-1.012174583563,-8.81914428958065,0.698688191206503,-1.7705929,-0.27672195,0.23518312,324.17337,100.29277,-7.9089155,WAL
1971552428000,184.03504,-1.14280731277882,-8.66432076702687,0.935762325835233,-1.63437,-0.49510628,0.20861048,323.87143,100.446976,-7.8850837,WAL
1971557419000,184.040031,-1.28442143675493,-8.49900826341367,0.922415613309531,-1.4419475,-0.6282749,0.19792034,323.53754,100.56923,-7.9188485,WAL
1971562348000,184.04496,-1.43423101756422,-8.32579030774571,0.730472003877814,-1.2113458,-0.68386364,0.2125811,323.17487,100.65542,-7.9535594,WAL
1971567342000,184.049954,-1.5889097110628,-8.17534101932367,0.501067745066667,-0.9801333,-0.6966918,0.24251351,322.83185,100.73462,-8.030327,WAL
1971572362000,184.054974,-1.74683915357488,-8.04528179227053,0.240948747733333,-0.7703011,-0.6579019,0.28863382,322.50058,100.778854,-8.112011,WAL
1971577346000,184.059958,-1.87323326927787,-7.90477580865001,-0.01582885966955,-0.6081163,-0.6282749,0.35002577,322.1731,100.84314,-8.234509,WAL
1971582348000,184.06496,-1.96634859362426,-7.75113560369327,-0.271896052667898,-0.51923543,-0.58001655,0.4083634,321.8771,100.89125,-8.362196,WAL
1971587310000,184.069922,-2.05621565921517,-7.62396335414103,-0.52198959187128,-0.4914411,-0.51251596,0.46028697,321.61472,100.98572,-8.528124,WAL
1971592323000,184.074935,-2.14338946873802,-7.53194645967921,-0.768981947674771,-0.50854534,-0.43401974,0.52595496,321.38373,101.08735,-8.706473,WAL
1971597373000,184.079985,-2.20796246447613,-7.50365585280312,-0.989742776914357,-0.5479461,-0.37934732,0.5885687,321.17648,101.22695,-8.901501,WAL
1971602376000,184.084988,-2.24190997513949,-7.55882089549198,-1.1722110355469,-0.6203337,-0.3381139,0.64568454,320.99924,101.385666,-9.10488,WAL
1971607255000,184.089867,-2.267258964309,-7.63168528389831,-1.33626426518905,-0.70707655,-0.26511553,0.66798115,320.8628,101.62417,-9.342357,WAL
1971612345000,184.094957,-2.25137052156671,-7.81175481779661,-1.43159525345502,-0.75533485,-0.2125811,0.698219,320.74023,101.87595,-9.590031,WAL
1971617315000,184.099927,-2.2417310423651,-7.99480489882131,-1.47047627876431,-0.8436049,-0.17745635,0.7360926,320.6352,102.18107,-9.848832,WAL
1971622349000,184.104961,-2.24405989658471,-8.19508653193082,-1.39828177363895,-0.91996306,-0.15088372,0.75686204,320.54675,102.48622,-10.102146,WAL
1971627291000,184.109903,-2.24634618930486,-8.39170787297715,-1.3274066754408,-0.9963212,-0.15210545,0.7761043,320.4536,102.81823,-10.361038,WAL
1971632340000,184.114952,-2.24868198289938,-8.59258629283609,-1.25499704962079,-1.0577132,-0.18661933,0.7877107,320.3617,103.153046,-10.615601,WAL
1971637313000,184.119925,-2.25406483976471,-8.80065738823529,-1.15755431270588,-1.1010846,-0.26297748,0.786489,320.25696,103.5033,-10.876456,WAL
1971642342000,184.124954,-2.27295174230392,-9.05563138602941,-0.945075907254902,-1.106277,-0.37965274,0.7837401,320.1338,103.847916,-11.134047,WAL
1971647356000,184.129968,-2.29254958879319,-9.30358479091179,-0.738817277172557,-1.10139,-0.52931476,0.7788532,319.97473,104.17688,-11.390655,WAL
1971652381000,184.134993,-2.31637085475696,-9.51797484140184,-0.562540903991684,-1.0803152,-0.70188415,0.77457714,319.78012,104.491234,-11.64259,WAL
1971657343000,184.139955,-2.34253060419192,-9.74054570959596,-0.403439903313131,-1.0497719,-0.8698721,0.7724391,319.5557,104.7914,-11.905059,WAL
1971662347000,184.144959,-2.38609628746465,-10.0358246732323,-0.340511580694949,-1.0268645,-1.0180069,0.7629707,319.2935,105.07544,-12.160737,WAL
1971667341000,184.149953,-2.42723926835642,-10.3393295857157,-0.293047085644955,-0.98837996,-1.14018,0.7556403,318.99976,105.34571,-12.428969,WAL
1971672316000,184.154928,-2.45532336085077,-10.6903806197072,-0.330492506462324,-0.9618073,-1.2363913,0.7501425,318.67908,105.60242,-12.689926,WAL
1971677281000,184.159893,-2.46596055425478,-11.0381341673152,-0.371559368083235,-0.9447031,-1.3008375,0.74067414,318.3443,105.85253,-12.953924,WAL
1971682303000,184.164915,-2.32764043491795,-11.3676613929961,-0.444787681048892,-0.9049969,-1.318858,0.73639804,318.0046,106.085464,-13.209335,WAL
1971687253000,184.169865,-2.19130339972932,-11.6924642140078,-0.516966125728303,-0.86590147,-1.2977833,0.7440339,317.66238,106.32113,-13.464128,WAL
1971692310000,184.174922,-1.93695500425688,-11.8583402576203,-0.682770777597225,-0.79473567,-1.258077,0.74220127,317.32922,106.53358,-13.704526,WAL
1971697269000,184.179881,-1.64743420868194,-11.9631667624553,-0.877448514210637,-0.700357,-1.235475,0.73548174,317.00635,106.72902,-13.935523,WAL
1971702337000,184.184949,-1.18865836239696,-12.0090473121248,-1.20661633076431,-0.54305923,-1.149343,0.7538077,316.70837,106.90144,-14.141648,WAL
1971707300000,184.189912,-0.708416383244298,-12.0423315852341,-1.55372189768307,-0.44715336,-1.0329732,0.76144356,316.4323,107.05875,-14.332442,WAL
1971712306000,184.194918,-0.133294653067642,-11.8289295242257,-1.76237261353791,-0.19303341,-0.8961393,0.7770206,316.17172,107.1702,-14.492424,WAL
1971717351000,184.199963,0.463413371742352,-11.5672959967699,-1.94597509819495,0.10140363,-0.74128497,0.7742717,315.95544,107.25457,-14.637285,WAL
1971722315000,184.204927,1.01129450883419,-11.2182139962524,-2.05657780749519,0.35705075,-0.5491679,0.73731434,315.7522,107.28062,-14.703899,WAL
1971727304000,184.209916,1.54845996197306,-10.8359069211992,-2.14368575760154,0.4978552,-0.36285394,0.6374379,315.59418,107.262955,-14.742091,WAL
1971732301000,184.214913,1.84442126322783,-10.9237659289471,-2.33620802649257,0.47616947,-0.16737708,0.5015204,315.4455,107.18178,-14.684216,WAL
1971737322000,184.219934,2.06627764861124,-11.1589337789979,-2.56250148954508,0.30879238,0.060170226,0.3622431,315.3594,107.07721,-14.587151,WAL
1971742305000,184.224917,1.99121758535343,-11.6465131560178,-2.48921154860964,0.07544186,0.24923302,0.21777347,315.27722,106.91888,-14.38867,WAL
1971747331000,184.229943,1.71535425058374,-12.3106284829123,-2.21334832052643,-0.13255776,0.3576616,0.07086037,315.23398,106.75043,-14.145706,WAL
1971752313000,184.234925,1.20830442246321,-12.6757476179477,-1.70629847508177,-0.33964106,0.32742378,-0.06414085,315.18295,106.57612,-13.826332,WAL
1971757333000,184.239945,0.603920244887571,-12.9263458742845,-1.1019142308054,-0.52473325,0.17745635,-0.183565,315.1246,106.40958,-13.476138,WAL
1971762308000,184.24492,0.0523645696429259,-12.7981553687199,-0.668725666365736,-0.67073005,-0.042455133,-0.26511553,315.04465,106.25111,-13.134927,WAL
1971767322000,184.249934,-0.48835910312127,-12.5485908780558,-0.285135372841193,-0.7266242,-0.26297748,-0.3304781,314.91855,106.096924,-12.779996,WAL
1971772309000,184.254921,-0.809332756398779,-12.4293940746694,-0.179309391784334,-0.68966687,-0.3912592,-0.35216382,314.7871,105.96529,-12.514015,WAL
1971777301000,184.259913,-1.02818665768057,-12.371032871821,-0.203626490233978,-0.5552765,-0.4147775,-0.35338554,314.62296,105.82346,-12.247397,WAL
1971782301000,184.264913,-1.0520003933931,-12.4004624314948,-0.286887981582538,-0.36865717,-0.36193767,-0.3387248,314.46686,105.718796,-12.092103,WAL
1971787319000,184.269931,-0.995805003547067,-12.4660235648022,-0.394595791746248,-0.16371189,-0.24862215,-0.30879238,314.32468,105.592316,-11.941891,WAL
1971792308000,184.27492,-0.894773376315263,-12.7059328258652,-0.427800113162633,0.029321533,-0.124311075,-0.2501493,314.2102,105.47773,-11.841028,WAL
1971797299000,184.279911,-0.770474113762753,-13.0358035809162,-0.423019376135227,0.21746802,-0.06505715,-0.21410827,314.11212,105.33106,-11.742078,WAL
1971802315000,184.284927,-0.637038642719177,-13.4276130391846,-0.346235774047101,0.40683624,0.08582657,-0.20861048,314.07593,105.15998,-11.631954,WAL
1971807315000,184.289927,-0.499631473710667,-13.8493110403721,-0.232519481745498,0.50701815,0.23915374,-0.22479841,314.06012,104.97823,-11.525425,WAL
1971812306000,184.294918,-0.352997342307766,-14.1925735377722,-0.0679382950298709,0.70707655,0.34483343,-0.25961772,314.06296,104.72388,-11.390091,WAL
1971817337000,184.299949,-0.19979150076508,-14.4943428847562,0.127050951672769,0.91415983,0.42363504,-0.3210097,314.1015,104.447,-11.240477,WAL
1971822312000,184.304924,-0.0157151116620753,-14.6540622231405,0.320792253921029,1.105666,0.46639562,-0.37507126,314.14948,104.100586,-11.055674,WAL
1971827305000,184.309917,0.194072754994388,-14.707728949495,0.51594376335578,1.289842,0.46578476,-0.4560109,314.20554,103.709305,-10.849925,WAL
1971832288000,184.3149,0.337216272605042,-14.6073186605042,0.695742950521008,1.4697418,0.43066,-0.5494733,314.25763,103.23959,-10.6020565,WAL
1971837316000,184.319928,0.437186209589718,-14.4026186648542,0.867119961917944,1.6401732,0.355829,-0.6554584,314.29727,102.73363,-10.336156,WAL
1971842339000,184.324951,0.467756987549407,-14.0319303264822,0.985631322332016,1.7889189,0.27091873,-0.7852673,314.31586,102.15079,-10.015944,WAL
1971847345000,184.329957,0.448807768824111,-13.5439877897233,1.06616547099802,1.954158,0.19058995,-0.8970556,314.31577,101.537285,-9.680967,WAL
1971852346000,184.334958,0.291413406532991,-12.963441413226,1.06405287413078,2.1551325,0.13530666,-0.9850202,314.29984,100.872284,-9.314669,WAL
1971857346000,184.339958,0.0265471659166337,-12.3107352200217,0.997836309531806,2.405282,0.098043874,-1.0439687,314.2696,100.18452,-8.934805,WAL
1971862338000,184.34495,-0.343278981414211,-11.7495515854077,0.935399657796853,2.6972754,0.09193522,-1.1074986,314.2381,99.48325,-8.549457,WAL
1971867443000,184.350055,-0.814223160840057,-11.2552933729614,0.874783077682403,2.992018,0.07849618,-1.1679744,314.19995,98.78431,-8.156982,WAL
1971872347000,184.354959,-1.34512618385125,-10.9963274833418,0.765235162470708,3.259577,0.036651913,-1.221425,314.16833,98.16259,-7.811068,WAL
1971877344000,184.359956,-1.98384689862455,-11.0012033130922,0.58970882983189,3.4333682,0.018020526,-1.3035865,314.14716,97.584946,-7.447072,WAL
1971882321000,184.364933,-2.60968446817556,-11.1486849143869,0.263870149907499,3.5326338,0.08460484,-1.3778065,314.16376,97.19163,-7.174701,WAL
1971887343000,184.369955,-3.2296815024011,-11.4563172550679,-0.23307394310372,3.5573738,0.22693644,-1.4355333,314.20718,83.091805,-6.892824,WAL
1971892308000,184.37492,-3.7847277936035,-11.7929723972984,-0.801429749153755,3.5072827,0.45631635,-1.4694363,314.3217,83.121796,-6.7457447,WAL
1971897328000,184.37994,-4.27178646265395,-12.1749790401271,-1.47471693580453,3.386637,0.57635134,-1.4721853,314.45654,83.04389,-6.601818,WAL
1971902410000,184.385022,-4.7965317981973,-12.5311005388082,-2.09904709188783,3.2262847,0.7846564,-1.4611896,314.7098,82.76497,-6.6611886,WAL
1971907426000,184.390038,-5.35460135853781,-12.8438115925889,-2.64268363342013,3.1407638,0.895223,-1.4315627,314.97513,82.44871,-6.728051,WAL
1971912278000,184.39489,-5.87727485019363,-13.1311985121375,-3.00109914191933,2.9697213,0.89461213,-1.389413,315.28232,82.12487,-6.8776135,WAL
1971917376000,184.399988,-6.40299243666761,-13.4125039081893,-3.14866893077359,2.7797422,0.7870999,-1.3487904,315.5894,81.807014,-7.0286736,WAL
1971922239000,184.404851,-6.87449346557971,-13.6490608285024,-3.17797301902174,2.6233609,0.57848936,-1.2996159,315.87326,81.51121,-7.1690674,WAL
1971927346000,184.409958,-7.29781781491546,-13.8213439520934,-2.94169886675725,2.479502,0.28924468,-1.2473868,316.10052,81.23396,-7.3114543,WAL
1971932253000,184.414865,-7.60070773421527,-14.0240905664462,-2.70599779801563,2.3945918,-0.0290161,-1.2061534,316.2746,80.93516,-7.468104,WAL
1971937349000,184.419961,-7.6838565993185,-14.3175566835037,-2.44187831820004,2.3958135,-0.28680122,-1.219287,316.3837,80.650665,-7.6108494,WAL
1971942243000,184.424855,-7.6605035127916,-14.543982443818,-2.44822938557543,2.3273966,-0.40042216,-1.4407257,316.469,80.37136,-7.730118,WAL
1971947320000,184.429932,-7.41002368737364,-14.6574073514289,-3.02480569083398,2.0830505,-0.29046643,-1.6588045,316.5488,80.1309,-7.837373,WAL
1971952346000,184.434958,-7.08433211815545,-14.6443680788236,-3.51248089862959,1.7837266,0.07391469,-1.8161024,316.68445,79.93074,-7.895159,WAL
1971957440000,184.440052,-6.54754431403421,-14.2978955694708,-3.78575471205362,1.4065173,0.3023783,-1.9019289,316.81726,79.82497,-7.9055715,WAL
1971962299000,184.444911,-5.95774659331967,-13.8730112710798,-3.93003668042486,1.2571607,0.5158757,-1.8939877,317.0193,79.84994,-7.8177204,WAL
1971967369000,184.449981,-5.12988314293301,-13.1718158164073,-3.76265450153731,1.2760975,0.643852,-1.7858646,317.25534,79.90743,-7.738078,WAL
1971972356000,184.454968,-4.2537785681017,-12.4690181985216,-3.53026959091869,1.4349225,0.77671516,-1.6432275,317.5183,80.04195,-7.58821,WAL
1971977344000,184.459956,-2.97719358173178,-11.6813382048574,-2.85899540126716,1.6471981,0.89888823,-1.525636,317.80518,80.139755,-7.4683213,WAL
1971982318000,184.46493,-1.70419163261311,-10.8958690211193,-2.18960530116156,1.856114,1.0769554,-1.4828753,318.1077,80.2577,-7.2734156,WAL
1971987285000,184.469897,-0.902998318051605,-10.6749976065624,-1.69799102713328,1.9663752,1.2217305,-1.4920384,318.4283,80.33296,-7.105836,WAL
1971992327000,184.474939,-0.334001355195043,-10.7436695031491,-1.29086391967696,2.0280726,1.3381003,-1.5189165,318.7862,80.365265,-6.9561305,WAL
1971997298000,184.47991,0.032063890224663,-10.7114849724413,-0.841385872611083,2.03693,1.3811663,-1.5467108,319.10324,80.44176,-6.676814,WAL
1972002363000,184.484975,0.317823755826261,-10.633990725312,-0.361890465047429,2.0299053,1.4987578,-1.559539,319.46786,80.49592,-6.4114475,WAL
1972007311000,184.489923,0.466596945175707,-10.5835144866018,-0.281572319194251,2.0418172,1.5732834,-1.5726726,319.81525,80.55097,-6.0566845,WAL
1972012299000,184.494911,0.559610523708855,-10.543651648586,-0.37015666935095,2.0412061,1.6132951,-1.5173893,320.17676,80.57693,-5.734999,WAL
1972017348000,184.49996,0.675494855415282,-10.3223190668739,-0.539463333357625,2.0265455,1.7510452,-1.4758505,320.59662,80.54732,-5.3581376,WAL
1972022312000,184.504924,0.807958783122924,-9.95040103579466,-0.773822609713857,1.9480493,1.8600847,-1.4239268,321.01147,80.494995,-5.0164733,WAL
1972027308000,184.50992,0.883870566908714,-9.52937708239478,-1.08569311793124,1.8310685,1.9920316,-1.350623,321.45575,80.44005,-4.6829596,WAL
1972032296000,184.514908,0.931063911445366,-9.08575948113021,-1.43492393156491,1.7687603,2.1743748,-1.2657127,321.93515,80.36167,-4.3898435,WAL
1972037284000,184.519896,0.885609020470944,-8.64584519929797,-1.65029782345944,1.7357736,2.3264804,-1.1695015,322.42587,80.30245,-4.0955567,WAL
1972042306000,184.524918,0.787131130952613,-8.20503934516381,-1.79098051577613,1.7082846,2.4104743,-1.069625,322.9353,80.231674,-3.845624,WAL
1972047283000,184.529895,0.620607256044631,-7.76397974674992,-1.90289845166343,1.6927075,2.4205534,-0.98837996,323.4499,80.17182,-3.5896037,WAL
1972052315000,184.534927,0.40355520949739,-7.31507682444467,-1.9966254654417,1.6560557,2.3863451,-0.9279043,323.9615,80.104996,-3.3703258,WAL
1972057316000,184.539928,0.208010440634069,-6.9156575126183,-2.0966220399448,1.6154331,2.314874,-0.8720101,324.4676,80.0127,-3.1726284,WAL
1972062306000,184.544918,0.0242818912176656,-6.54348930283912,-2.20026380867508,1.5723672,2.2626448,-0.83291477,324.95743,79.91985,-2.9976006,WAL
1972067333000,184.549945,-0.145781321449662,-6.24470232820312,-2.25249012010587,1.5323554,2.198504,-0.79229224,325.44675,79.79426,-2.8421056,WAL
1972072327000,184.554939,-0.305187602346829,-5.99621594706401,-2.2712437870797,1.4984524,2.149024,-0.75625116,325.91513,79.67207,-2.7043288,WAL
1972077306000,184.559918,-0.4698441319433,-5.76734712058232,-2.31834027314433,1.4782939,2.0864103,-0.72601336,326.3918,79.53017,-2.5706396,WAL
1972082300000,184.564912,-0.639328199461737,-5.5520565028254,-2.38705003153912,1.4440855,2.0372355,-0.7012733,326.85016,79.39764,-2.4518836,WAL
1972087321000,184.569933,-0.816450317380039,-5.39172718726293,-2.43251187755208,1.4025466,1.9963076,-0.6762278,327.32397,79.251755,-2.3451045,WAL
1972092312000,184.574924,-0.999735675748782,-5.29265425963312,-2.45232649411338,1.3646729,1.9813415,-0.64721173,327.78442,79.11243,-2.2523663,WAL
1972097298000,184.57991,-1.19123726054106,-5.17961191024155,-2.39529722242512,1.3448198,1.9834795,-0.6432411,328.2632,78.968025,-2.1719055,WAL
1972102331000,184.584943,-1.39148870844444,-5.05387249555556,-2.27421496177778,1.323745,1.9553796,-0.64568454,328.72372,78.834045,-2.1017008,WAL
1972107312000,184.589924,-1.60224137246377,-4.92185412608696,-2.10849363913044,1.2556335,1.9550742,-0.65026605,329.2145,78.70207,-2.0538967,WAL
1972112304000,184.594916,-1.82695313368586,-4.78140939753231,-1.89314485981199,1.1609493,1.9654589,-0.66920286,329.6976,78.58575,-2.0065756,WAL
1972117312000,184.599924,-2.02496411059562,-4.61795392827898,-1.63776003358708,1.0473285,1.997224,-0.68844515,330.22064,78.45121,-1.992257,WAL
1972122313000,184.604925,-2.18754908482666,-4.42580795610534,-1.33229729704763,0.91324353,2.033876,-0.70554936,330.74576,78.35133,-1.9801431,WAL
1972127308000,184.60992,-2.28811233470675,-4.2698073565854,-1.10062869876937,0.76174897,2.0448713,-0.72204274,331.3118,78.22573,-2.0108714,WAL
1972132299000,184.614911,-2.32534105854038,-4.15067565801075,-0.944268431856064,0.6169739,2.060143,-0.7498371,331.88818,78.138245,-2.0421133,WAL
1972137313000,184.619925,-2.36274134331334,-4.03099496543345,-0.787187610717346,0.45662177,2.082745,-0.73884153,332.5053,78.0201,-2.1220102,WAL
1972142309000,184.624921,-2.44180455726582,-3.90102369174684,-0.452427774865823,0.33414328,2.097406,-0.70432764,333.12204,77.931854,-2.2074914,WAL
1972147932000,184.630544,-2.53648103847026,-3.76265949563739,-0.0615791374504249,0.22266038,2.0549507,-0.68875057,333.72665,77.88485,-2.294297,WAL
1972152339000,184.634951,-2.6321297092068,-3.75070341699717,0.225366957988669,0.108123146,1.9715676,-0.6783658,334.343,77.81181,-2.404974,WAL
1972157351000,184.639963,-2.74090918225685,-3.73710598878187,0.551705471794145,-0.00580322,1.8759671,-0.66767573,334.96924,77.662994,-2.5492744,WAL
1972162306000,184.644918,-2.84025476236876,-3.70366531211854,0.744140721230497,-0.11759156,1.7965547,-0.657291,335.5734,77.543236,-2.698557,WAL
1972167351000,184.649963,-2.93981467650868,-3.6657377634972,0.91481479398587,-0.22357668,1.7269161,-0.6062838,336.14777,77.44804,-2.862425,WAL
1972172319000,184.654931,-2.93617025071529,-3.5929948134193,1.03266842424945,-0.32742378,1.6459764,-0.57635134,336.7247,77.245255,-3.0503728,WAL
1972177243000,184.659855,-2.90766561851703,-3.51223158964336,1.13718548338706,-0.43768495,1.4947872,-0.56016344,337.2579,77.07186,-3.2452435,WAL
1972182297000,184.664909,-2.80077230984925,-3.42561124759799,1.04613955111558,-0.48288897,1.3762794,-0.52412236,337.8062,76.82786,-3.4649181,WAL
1972187256000,184.669868,-2.67667420703518,-3.33969724542714,0.907722447939699,-0.54458636,1.2965615,-0.48472157,338.31998,76.62063,-3.6871126,WAL
1972192313000,184.674925,-2.54123865012728,-3.22699957783435,0.807990318993538,-0.6197228,1.2611313,-0.4578435,338.81433,76.41272,-3.915356,WAL
1972197259000,184.679871,-2.40675272631682,-3.11106347836303,0.719878834971608,-0.6899723,1.1801916,-0.44348818,339.2705,76.22106,-4.1454554,WAL
1972202323000,184.684935,-2.29431794929716,-3.05804497316426,0.702776453366755,-0.73731434,1.0986412,-0.41783184,339.73987,76.0641,-4.318538,WAL
1972207251000,184.689863,-2.19225569289295,-3.02557045591271,0.70741564243586,-0.84635377,1.006095,-0.4007276,340.18076,75.94402,-4.490896,WAL
1972212321000,184.694933,-2.10241048303089,-2.98572014932432,0.829137951052124,-0.9636399,0.9071349,-0.38606682,340.59653,75.86902,-4.624278,WAL
1972217288000,184.6999,-2.01976334266409,-2.94439672297297,0.989840681370656,-1.0824533,0.79473567,-0.36254853,340.97836,75.82076,-4.761274,WAL
1972222318000,184.70493,-1.96894212211883,-2.93379349105225,1.22485100071582,-1.2162327,0.65270954,-0.35613444,341.33575,75.82218,-4.8543053,WAL
1972227308000,184.70992,-1.93473436836077,-2.93868026198998,1.49362636189794,-1.3631458,0.48747048,-0.344528,341.6505,75.853806,-4.949286,WAL
1972232297000,184.714909,-1.89630428547966,-3.12460925692423,1.97147093717805,-1.5128077,0.33414328,-0.32742378,341.92526,75.90046,-5.0318637,WAL
1972237291000,184.719903,-1.85613637280702,-3.38346897807018,2.53382148157895,-1.6783522,0.17898351,-0.30604348,342.14987,75.98588,-5.10929,WAL
1972242310000,184.724922,-1.86718863198545,-3.84252346488565,3.03893783923077,-1.8219056,0.029321533,-0.25686884,342.37314,76.07109,-5.168658,WAL
1972247300000,184.729912,-1.91686460069647,-4.44857016904366,3.49595658538462,-1.9685133,-0.08124508,-0.18020524,342.55807,76.19221,-5.2351313,WAL
1972252330000,184.734942,-1.87559843117606,-5.49803924565066,4.10796641111443,-2.0964894,-0.13164146,-0.06261369,342.72177,76.35632,-5.3404255,WAL
1972257325000,184.739937,-1.78524280904662,-6.7772841203897,4.797522114067,-2.1746802,-0.1328632,0.112399206,342.85785,76.52273,-5.477343,WAL
1972262306000,184.744918,-1.4793194815001,-8.56217628049488,5.78148281364779,-2.1838431,-0.056505036,0.32620203,343.00244,76.63306,-5.6651807,WAL
1972267328000,184.74994,-1.04699692727624,-10.6540596543592,6.94364040537406,-2.0977113,0.071776666,0.54153204,343.1476,76.708984,-5.9001,WAL
1972272309000,184.754921,-0.118270814337662,-12.7242451661299,8.6664978614026,-1.9083431,0.2180789,0.72356987,343.32922,76.7026,-6.1312456,WAL
1972277324000,184.759936,1.19906000696104,-14.8050293671688,10.8370998006234,-1.5036448,0.2938262,0.7733554,343.5155,76.60858,-6.3793106,WAL
1972282291000,184.764903,2.62715743560614,-16.1716009787234,11.8548416104899,-0.8240572,0.20708331,0.70066243,343.64697,76.3977,-6.5107994,WAL
1972287323000,184.769935,4.14369148678872,-17.1635473617021,12.2458974774864,0.0106901415,0.040011674,0.44868052,343.7738,76.08037,-6.5957174,WAL
1972292317000,184.774929,5.321442043633,-17.8370561262676,11.5446801662442,0.6606508,0.028099801,0.14538592,343.78754,75.70078,-6.4265933,WAL
1972297287000,184.779899,6.29602410437793,-18.3197058327808,10.1895473474064,0.86742866,0.2434298,0.032070424,343.82187,75.24121,-6.253423,WAL
1972302311000,184.784923,6.4928669673913,-18.671858,8.8408504326087,1.097114,0.68661255,-0.1301143,343.82278,74.802315,-5.759828,WAL
1972307288000,184.7899,6.09070101101846,-18.9178899726027,7.52079939857058,1.1435398,1.2452488,-0.2968805,343.944,74.34711,-5.294631,WAL
1972312265000,184.794877,5.19438457755367,-18.1425033584623,6.46247134251623,1.0751228,1.6447546,-0.42363504,344.12396,74.08051,-4.6723065,WAL
1972317286000,184.799898,3.878824721997,-16.5100566869695,5.61263909223165,0.958753,1.8029687,-0.5039638,344.41327,73.79057,-4.088238,WAL
1972322270000,184.804882,2.5006394835,-14.4925610543478,4.95639322184783,0.81061816,1.8106046,-0.5296202,344.84015,73.62689,-3.5571408,WAL
1972327314000,184.809926,1.04479457822727,-12.1154763705534,4.45042733896245,0.634689,1.7550159,-0.52626044,345.28714,73.48324,-3.0621638,WAL
1972332299000,184.814911,-0.279836249622455,-9.8902290765171,4.16159864321012,0.47616947,1.6475036,-0.528093,345.7895,73.355736,-2.7456958,WAL
1972337325000,184.819937,-1.5119429426013,-7.75901765708638,4.061698076102,0.3051272,1.5070046,-0.50732356,346.25018,73.272675,-2.4494257,WAL
1972342321000,184.824933,-2.44275096483993,-6.27472081774281,3.91348436028215,0.10598512,1.3347405,-0.4560109,346.73758,73.18204,-2.352163,WAL
1972347348000,184.82996,-3.09104831323928,-5.40320019517092,3.71638296310364,-0.09773844,1.1496484,-0.36926803,347.1667,73.138695,-2.2661026,WAL
1972352222000,184.834834,-3.71961431206531,-4.55820486705964,3.52528047457209,-0.29871312,0.979217,-0.23426682,347.58597,73.06138,-2.3798194,WAL
1972357300000,184.839912,-4.3744887769891,-3.67784247966754,3.32617944117792,-0.49021935,0.86529064,-0.086437434,347.95813,73.033905,-2.5131984,WAL
1972362238000,184.84485,-4.7878393605668,-3.20286804544534,3.21569973827935,-0.6637051,0.8005389,0.09437868,348.31122,72.99432,-2.8038342,WAL
1972367255000,184.849867,-4.91914135967611,-3.21259406867409,3.21083675205466,-0.8381071,0.64843345,0.24037547,348.59793,72.9967,-3.1108296,WAL
1972372209000,184.854821,-4.99169413388554,-3.54448572138554,3.24525388539157,-0.9779953,0.36651915,0.34483343,348.8415,73.01697,-3.5133243,WAL
1972377226000,184.859838,-4.99651805997992,-4.26808269497992,3.32726153568273,-1.1224649,-0.070249505,0.39522982,348.99152,73.06856,-3.9176314,WAL
1972382212000,184.864824,-5.03826015534554,-5.47030801732624,3.35798034971451,-1.210735,-0.61422503,0.4034765,349.03558,73.12355,-4.326208,WAL
1972387231000,184.869843,-5.12343344506793,-7.24474636522938,3.32958940136838,-1.2391402,-0.91232723,0.38759398,349.024,73.18434,-4.7277813,WAL
1972392181000,184.874793,-5.29003435949367,-9.29684836202532,3.00137137240506,-1.2137892,-1.4859297,0.38973203,348.7964,73.26496,-5.055492,WAL
1972397220000,184.879832,-5.57196714547225,-11.7966545565725,2.25894778054528,-1.1716396,-1.960572,0.41691554,348.5145,73.333954,-5.369424,WAL
1972402256000,184.884868,-5.94272484672628,-13.9126989601,1.61619964648976,-1.069625,-2.2003367,0.45814893,348.20898,73.473885,-5.60635,WAL
1972407346000,184.889958,-6.46294413458321,-15.4264897225267,1.12878703091434,-0.93554014,-2.1383338,0.5326745,347.85974,73.57664,-5.8392634,WAL
1972412242000,184.894854,-6.8006619022311,-16.661891142537,0.846690857638348,-0.7287622,-1.8982637,0.57879484,347.54184,73.792305,-6.0378795,WAL
1972417369000,184.899981,-6.77195954360873,-17.4368568733437,0.990203020389712,-0.39400807,-1.4899004,0.59956425,347.2929,73.91488,-6.256707,WAL
1972422293000,184.904905,-6.37011629550338,-18.0148765582969,1.09299073267012,0.13591751,-0.94225967,0.64812803,347.1698,73.99033,-6.5584335,WAL
1972427351000,184.909963,-4.88107893489853,-18.1305297510943,1.09780961989654,0.6151413,-0.58459806,0.5714644,347.12027,73.98529,-6.834289,WAL
1972432328000,184.91494,-3.38958170513126,-17.6367488647947,0.929362853295509,0.8564331,-0.47311515,0.3594942,347.1638,73.92533,-7.072024,WAL
1972437334000,184.919946,-1.81289251317434,-15.373140030676,0.256273288633522,0.6976081,-0.46517387,0.15363261,347.28455,73.84857,-7.299422,WAL
1972442311000,184.924923,-0.398423386162612,-13.1527449842942,-0.37998793487646,0.34116822,-0.45937067,0.00580322,347.34976,73.86585,-7.3076506,WAL
1972447349000,184.929961,0.294661535080444,-11.0503869088297,-0.865147421721893,-0.08399397,-0.4978552,-0.16157386,347.41934,73.96682,-7.254012,WAL
1972452367000,184.934979,0.917210505696023,-9.02651558181818,-1.31758639883523,-0.5186246,-0.7791586,-0.28191432,347.3283,74.248604,-7.011012,WAL
1972457354000,184.939966,0.894597081704545,-7.67875616363636,-1.47588024871212,-0.91721416,-1.1997393,-0.25717425,347.18555,74.62566,-6.755317,WAL
1972462681000,184.945293,0.854116297999452,-6.26760084745685,-1.64510837528993,-1.2000448,-1.5726726,-0.18081611,346.93515,75.10524,-6.4205837,WAL
1972467368000,184.94998,0.501615306325998,-5.57899426317231,-1.79676580249292,-1.4101825,-1.8793269,-0.111177474,346.5813,75.66003,-6.070964,WAL
1972472308000,184.95492,0.130086631509086,-4.85321732134052,-1.95660955977536,-1.5671748,-2.1148155,-0.06261369,346.13464,76.23255,-5.752379,WAL
1972477348000,184.95996,-0.334734256379836,-4.44639586464221,-2.49203134868711,-1.6826283,-2.2522602,-0.019242255,345.62466,76.836586,-5.4411583,WAL
1972482271000,184.964883,-0.811965022453798,-4.13926697564642,-3.11573883948687,-1.7623463,-2.271808,0.025961773,345.07864,77.46105,-5.139593,WAL
1972487349000,184.969961,-1.20811338248841,-3.97639607774928,-3.71734812652135,-1.8277088,-2.250122,0.10415252,344.50464,78.067184,-4.9407897,WAL
1972492246000,184.974858,-1.56427445286517,-3.86075950113423,-4.28628075578459,-1.9046779,-2.2241604,0.14874569,343.9271,78.690994,-4.747204,WAL
1972497357000,184.979969,-1.82093429801463,-3.8167528077325,-4.72393761786834,-1.9474384,-2.2021692,0.2770274,343.3742,79.3228,-4.676677,WAL
1972502298000,184.98491,-2.0321999491973,-3.79877267441816,-5.09702381176974,-1.9947804,-2.1578815,0.4129449,342.83487,79.957115,-4.626447,WAL
1972507344000,184.989956,-2.19344741394075,-3.89819849105114,-5.33792530376421,-2.017077,-2.0909917,0.5363397,342.33694,80.591255,-4.6576943,WAL
1972512315000,184.994927,-2.32386242609578,-4.05759459460227,-5.50215153877841,-2.0216584,-1.9755383,0.6365216,341.86484,81.18912,-4.725705,WAL
1972517340000,184.999952,-2.29494753176952,-4.49633130874051,-5.20833994698267,-1.9892827,-1.8286251,0.732122,341.4451,81.748886,-4.854162,WAL
1972522352000,185.004964,-2.19216601750049,-5.0616296860035,-4.70377618957563,-1.9278907,-1.6719382,0.8353582,341.0631,82.23544,-5.0158744,WAL
1972527342000,185.009954,-2.18539295002019,-5.71723113297335,-4.2814840100222,-1.8732183,-1.5543466,0.9682214,340.71335,82.63721,-5.2380495,WAL
1972532358000,185.01497,-2.23387622494954,-6.42993573006661,-3.90331421244449,-1.8044959,-1.4761559,1.103528,340.40137,82.92879,-5.4904327,WAL
1972537265000,185.019877,-2.25830561364215,-7.24122384682277,-3.72931105602783,-1.745242,-1.4361442,1.2415836,340.0712,83.07868,-5.7958717,WAL
1972542346000,185.024958,-2.27069037332655,-8.14531186417239,-3.65913075114957,-1.6905695,-1.3756685,1.4022411,339.77475,83.10012,-6.1448646,WAL
1972547302000,185.029914,-2.24319055734893,-9.07711028109162,-3.49951455415205,-1.6245961,-1.25319,1.5641204,339.5079,82.98373,-6.5331388,WAL
1972552390000,185.035002,-2.11496214658869,-10.1599279278752,-3.10533082923977,-1.5546521,-1.1737776,1.6856827,339.25348,82.76602,-6.949915,WAL
1972557313000,185.039925,-1.94852309665505,-11.1972291491289,-2.80655813121951,-1.5045611,-1.1753048,1.7641789,338.99673,82.46587,-7.3867803,WAL
1972562343000,185.044955,-1.64160761920358,-12.2234773402688,-2.76819377790941,-1.5231925,-1.1823297,1.8380935,338.76904,82.091156,-7.8491564,WAL
1972567324000,185.049936,-1.36081262198173,-13.1516993122518,-2.71602400371326,-1.5613716,-1.151481,1.8591684,338.5393,81.7232,-8.259274,WAL
1972572352000,185.054964,-1.15523840903495,-13.7923265167792,-2.61562724398332,-1.5809193,-1.0711522,1.8371773,338.32892,81.331505,-8.667686,WAL
1972577332000,185.059944,-0.922712666229187,-14.2896137321254,-2.54395998648384,-1.6245961,-0.9599747,1.7415768,338.112,98.98068,-8.975804,WAL
1972582340000,185.064952,-0.584498499663075,-14.2943112459354,-2.57214457884427,-1.674687,-0.8356637,1.5992452,337.92734,99.2829,-9.255804,WAL
1972587335000,185.069947,-0.213592734016369,-14.1928705751898,-2.64672215843605,-1.715615,-0.76174897,1.41904,337.73846,99.5068,-9.442856,WAL
1972592313000,185.074925,0.312924803599251,-13.5958370094665,-2.9381872246031,-1.7608191,-0.5235115,1.3295482,337.63596,99.72769,-9.609907,WAL
1972597325000,185.079937,0.811009380291464,-12.9645791044909,-3.17803303161495,-1.7608191,-0.21410827,1.1566733,337.54205,99.83861,-9.651346,WAL
1972602380000,185.084992,1.12296532234559,-12.1486944871617,-3.10124383809854,-1.7767016,0.09010262,1.0057896,337.51477,99.947266,-9.671078,WAL
1972607367000,185.089979,1.3912086683335,-11.3509944680579,-2.93233824593956,-1.738217,0.2919936,0.8396343,337.50723,99.974106,-9.582592,WAL
1972612351000,185.094963,1.41000220935131,-10.5992542991436,-2.17589965497588,-1.7055358,0.22235495,0.63255095,337.50043,99.96971,-9.442304,WAL
1972617334000,185.099946,1.40111709813582,-9.8715838659565,-1.46607176537949,-1.7828102,-0.15057829,0.43890667,337.43274,99.9195,-9.235808,WAL
1972622349000,185.104961,1.13678359334221,-9.35997061651132,-1.18042110492676,-1.8891008,-0.7058548,0.24953845,337.2787,99.83844,-8.9823065,WAL
1972627303000,185.109915,0.875665311637816,-8.85458037967155,-0.898244958988016,-1.9926424,-1.2867876,0.06291912,336.98087,99.70116,-8.695225,WAL
1972632351000,185.114963,0.483141703575319,-8.41024415032188,-1.15409484139844,-2.0399845,-1.7629571,-0.09407325,336.54587,99.548096,-8.377443,WAL
1972637250000,185.119862,0.0788870142814698,-7.99204965419431,-1.50259025483807,-2.0195205,-2.067168,-0.22204952,335.98892,99.38063,-8.028544,WAL
1972642344000,185.124956,-0.284650629951786,-7.77006660297156,-2.10480371243727,-1.9269744,-2.1933117,-0.31795537,335.3494,99.25521,-7.7279468,WAL
1972647278000,185.12989,-0.624057640145626,-7.60268763184099,-2.74177311141395,-1.808772,-2.175291,-0.36896262,334.66824,99.118904,-7.4088006,WAL
1972652395000,185.135007,-0.937552213772455,-7.56189223592814,-2.99616429341317,-1.6875153,-2.0735822,-0.37232238,334.00586,99.10408,-7.1752553,WAL
1972657271000,185.139883,-1.22633993109846,-7.55730840343575,-3.13368214008049,-1.5925257,-2.0451767,-0.355829,333.33234,99.07952,-6.933787,WAL
1972662346000,185.144958,-1.4793814536991,-7.63589493393233,-3.01033400458803,-1.5213599,-2.1609359,-0.33383787,332.6643,99.22667,-6.7972484,WAL
1972667319000,185.149931,-1.71154530748423,-7.74059631051424,-2.80093134649207,-1.5042557,-2.2956316,-0.2874121,332.00262,99.38644,-6.6722765,WAL
1972672351000,185.154963,-1.89580733447036,-7.9239449665057,-2.77530317937943,-1.493871,-2.362216,-0.24220806,331.34647,99.61099,-6.611506,WAL
1972677373000,185.159985,-2.05393243195315,-8.14630816716326,-2.84448289340388,-1.4630222,-2.341141,-0.19700404,330.68207,99.841835,-6.5643253,WAL
1972682344000,185.164956,-2.11731272935025,-8.35726281804977,-2.85013731230754,-1.4486669,-2.2440135,-0.1386664,330.0305,100.09749,-6.5756,WAL
1972687352000,185.169964,-2.1451779066912,-8.56625213304929,-2.83156047891934,-1.4416419,-2.17804,-0.06414085,329.38388,100.35815,-6.6020503,WAL
1972692312000,185.174924,-2.08648059627105,-8.68174416900561,-2.72891570308741,-1.4486669,-2.0286834,-0.01740966,328.79373,100.65177,-6.6577187,WAL
1972697357000,185.179969,-1.97993187524058,-8.74954773506415,-2.57877891028468,-1.4566082,-1.8555032,0.0693332,328.23956,100.959946,-6.7383957,WAL
1972702359000,185.184971,-1.83952023188223,-8.78773315761345,-2.36219276931299,-1.4865406,-1.6869044,0.15515977,327.72888,101.28345,-6.8312063,WAL
1972707340000,185.189952,-1.68191932997765,-8.8109097394811,-2.11188549153629,-1.5033394,-1.5213599,0.22449298,327.27505,101.61129,-6.931894,WAL
1972712330000,185.194942,-1.53240069956289,-8.82301581835843,-1.84730045123847,-1.520749,-1.4046847,0.27885997,326.85358,101.9318,-7.0317426,WAL
1972717355000,185.199967,-1.38749282948033,-8.82769036182613,-1.57150799980573,-1.5112807,-1.3087788,0.3191771,326.48074,102.251205,-7.135256,WAL
1972722346000,185.204958,-1.26575989887133,-8.82183876975169,-1.32644183408578,-1.4758505,-1.2208142,0.34055737,326.1167,102.51491,-7.2136464,WAL
1972727352000,185.209964,-1.16245888532731,-8.80708118859019,-1.10508253402422,-1.4083499,-1.1517864,0.35979962,325.78244,102.76737,-7.2933965,WAL
1972732323000,185.214935,-1.11773046607878,-8.73769863492063,-0.918683755202822,-1.2950343,-1.1160508,0.37568212,325.44797,102.96978,-7.3641543,WAL
1972737344000,185.219956,-1.11301901077797,-8.62933535978836,-0.753782721281599,-1.1826351,-1.0922271,0.38331795,325.1372,103.15228,-7.430196,WAL
1972742335000,185.224947,-1.12647346379974,-8.46927800770218,-0.617697907098845,-1.0512991,-1.087951,0.39095375,324.82507,103.303635,-7.5068393,WAL
1972747359000,185.229971,-1.1549797896218,-8.26498273052237,-0.503672717913499,-0.9306532,-1.1032226,0.38331795,324.52142,103.425446,-7.576606,WAL
1972752241000,185.234853,-1.18534614669913,-8.07807505272353,-0.487698855465134,-0.8414669,-1.1325442,0.3827071,324.2192,103.53214,-7.6677117,WAL
1972757233000,185.239845,-1.21894742676339,-7.89806822924846,-0.562101677004368,-0.77640975,-1.1795808,0.38545597,323.91602,103.61292,-7.754952,WAL
1972762245000,185.244857,-1.25268332734073,-7.71734022458959,-0.636802586770922,-0.7498371,-1.2290609,0.39614612,323.60254,103.70287,-7.8724356,WAL
1972767250000,185.249862,-1.28637211073849,-7.53686463334505,-0.711399165657915,-0.7779369,-1.2562444,0.41386122,323.2923,103.790054,-7.988944,WAL
1972772249000,185.254861,-1.31494331339464,-7.44075758928429,-0.87446564102359,-0.8350528,-1.2544118,0.44990227,322.97397,103.89392,-8.12259,WAL
1972777250000,185.259862,-1.33888052690924,-7.42160781847261,-1.11862541883247,-0.91996306,-1.2205088,0.49846604,322.6686,104.01331,-8.2588005,WAL
1972782236000,185.264848,-1.35279137542608,-7.5798355803805,-1.4126416591954,-1.0238101,-1.1933253,0.53786683,322.35852,104.19578,-8.4267645,WAL
1972787200000,185.269812,-1.35750196155371,-7.90015553543401,-1.75180410632184,-1.0754282,-1.1349876,0.56046885,322.0773,104.38532,-8.593029,WAL
1972792232000,185.274844,-1.31078366326391,-8.1853089691014,-1.92259901486262,-1.1731668,-1.1102476,0.6038403,321.78326,104.64913,-8.782766,WAL
1972797241000,185.279853,-1.21228214600567,-8.42921793116261,-1.91790847108634,-1.2660183,-1.0974194,0.6582073,321.51138,104.921005,-8.971662,WAL
1972802252000,185.284864,-1.17484839243866,-8.69652609107762,-1.79013410056442,-1.3048081,-1.1184943,0.70249504,321.22568,105.235344,-9.163693,WAL
1972807284000,185.289896,-1.21011147212059,-8.9927355971023,-1.51508225824235,-1.323745,-1.1612549,0.7449502,320.94626,105.564316,-9.362602,WAL
1972812241000,185.294853,-1.24484896933509,-9.2845302158154,-1.24412995649544,-1.3301591,-1.2501358,0.77457714,320.63577,105.90266,-9.568039,WAL
1972817317000,185.299929,-1.28042039073126,-9.58332978906288,-0.966673050369286,-1.3151928,-1.3524556,0.78893244,320.31726,106.23353,-9.7758045,WAL
1972822218000,185.30483,-1.33723422085094,-9.89010253902508,-0.730041955984784,-1.2660183,-1.4410311,0.7825184,319.97067,106.56796,-10.000866,WAL
1972827281000,185.309893,-1.43742408135625,-10.2407672410069,-0.543324350774866,-1.2049317,-1.4672983,0.7489208,319.61966,106.88235,-10.215141,WAL
1972832240000,185.314852,-1.53500449941657,-10.5805722578763,-0.372299756417736,-1.146594,-1.450805,0.7171558,319.26733,107.13275,-10.451353,WAL
1972837295000,185.319907,-1.63257581234751,-10.914368487854,-0.238781173268272,-1.0925325,-1.4123205,0.7031059,318.92194,107.35945,-10.673696,WAL
1972842221000,185.324833,-1.69961397806993,-11.1869984407459,-0.169799239027506,-1.0189233,-1.3414601,0.6789767,318.6058,107.535484,-10.885254,WAL
1972847265000,185.329877,-1.71312597225175,-11.362654741352,-0.219343245912354,-0.9297369,-1.2782356,0.66889745,318.3065,107.690636,-11.085984,WAL
1972852399000,185.335011,-1.66167380689235,-11.5294911421165,-0.319615329011894,-0.8213083,-1.2226468,0.66920286,318.01328,107.84206,-11.316327,WAL
1972857306000,185.339918,-1.39415022270001,-11.6489212468232,-0.582361758899055,-0.68783426,-1.1615603,0.6713409,317.74518,107.96289,-11.531252,WAL
1972862263000,185.344875,-1.06579936354074,-11.7918836014522,-0.882227115150262,-0.5036584,-1.0760391,0.6872234,317.4905,108.0636,-11.750081,WAL
1972867375000,185.349987,-0.532588692778338,-12.0140545445744,-1.30682074634833,-0.30176744,-0.95081174,0.6976081,317.26987,108.12911,-11.953338,WAL
1972872283000,185.354895,0.0148974528660756,-12.1948408811946,-1.72363839590294,-0.09743301,-0.7901542,0.700357,317.05087,108.16672,-12.1152525,WAL
1972877304000,185.359916,0.679069339530565,-12.2845942434904,-2.1768908839664,0.0842994,-0.56779927,0.6795876,316.8895,108.16394,-12.255275,WAL
1972882330000,185.364942,1.34154725626767,-12.3467248077286,-2.58583719453346,0.23060162,-0.45142943,0.6227771,316.70422,108.10629,-12.296078,WAL
1972887348000,185.36996,1.98572161605404,-12.2058114431878,-2.66635898950675,0.29046643,-0.22968534,0.5849035,316.61646,108.03057,-12.313238,WAL
1972892305000,185.374917,2.51928459770655,-12.0898331329047,-2.68778173675271,0.27947086,-0.058948494,0.46486846,316.47446,107.918915,-12.206565,WAL
1972897291000,185.379903,2.66132937901353,-12.0623405174168,-2.48616968568276,0.15821409,0.02321288,0.29626966,316.36868,107.80354,-12.06907,WAL
1972902307000,185.384919,2.7351683166004,-12.0775336769384,-2.24761740765407,-0.043066,0.025045475,0.09712757,316.23544,107.650894,-11.815095,WAL
1972907315000,185.389927,2.31086442141153,-12.4017210312127,-1.75180166196819,-0.28191432,-0.034208454,-0.11789699,316.10062,107.502464,-11.513357,WAL
1972912289000,185.394901,1.86839257966964,-12.6974269460644,-1.26608039632564,-0.45356745,-0.13591751,-0.29840767,315.93558,107.335915,-11.16463,WAL
1972917305000,185.399917,1.24495261655486,-12.7743447232429,-0.832911047395921,-0.5717699,-0.26083946,-0.41813725,315.7422,107.19082,-10.785384,WAL
1972922248000,185.40486,0.630585842695938,-12.8501430830103,-0.406045797842575,-0.6246097,-0.38973203,-0.4541783,315.5404,107.04295,-10.458906,WAL
1972927305000,185.409917,-0.0301105509580227,-12.7523803656419,-0.0748186161781228,-0.6188065,-0.4654793,-0.44104472,315.3189,106.904625,-10.124814,WAL
1972932275000,185.414887,-0.691243762897559,-12.5919586538658,0.211996525482586,-0.5705481,-0.47983465,-0.3903429,315.08377,106.77759,-9.802725,WAL
1972937320000,185.419932,-1.10265354097269,-12.4839900772818,0.356051770752831,-0.46578476,-0.42302418,-0.3210097,314.8907,106.64775,-9.604661,WAL
1972942317000,185.424929,-1.43514023355858,-12.3928979109165,0.456253225092795,-0.3381139,-0.3368922,-0.24831672,314.7093,106.51411,-9.424442,WAL
1972947300000,185.429912,-1.55158563192831,-12.5645308893672,0.588853770602723,-0.18753563,-0.2751948,-0.18692477,314.566,106.397644,-9.371839,WAL
1972952338000,185.43495,-1.56607734712655,-12.8640270765919,0.738602126505807,-0.01160644,-0.23793201,-0.14538592,314.44568,106.256165,-9.330474,WAL
1972957308000,185.43992,-1.48254526999347,-13.324804580263,0.934074099341479,0.16920967,-0.21135938,-0.15821409,314.35086,106.10341,-9.345306,WAL
1972962280000,185.444892,-1.35374570506483,-13.8622100245313,1.1517010251096,0.37384954,-0.20891592,-0.18051068,314.2636,105.913666,-9.367412,WAL
1972967300000,185.449912,-1.2047239410843,-14.372634801943,1.37475947718584,0.5852089,-0.27091873,-0.2507602,314.15973,105.65505,-9.376045,WAL
1972972319000,185.454931,-1.03903103820119,-14.8546501667189,1.60070428755876,0.79412484,-0.3643811,-0.32467487,314.04813,105.35373,-9.378349,WAL
1972977309000,185.459921,-0.879210882038787,-15.2012502478369,1.59381114908006,1.0085385,-0.44898596,-0.4156938,313.90903,104.94187,-9.328471,WAL
1972982296000,185.464908,-0.722466521004475,-15.4672411055196,1.44656644027847,1.2183707,-0.47158796,-0.5183192,313.7593,104.48262,-9.256204,WAL
1972987312000,185.469924,-0.518923780163072,-15.5054779205284,1.15016471497781,1.3164146,-0.4914411,-0.57543504,313.58307,103.95798,-9.143646,WAL
1972992305000,185.474917,-0.286970123402828,-15.3969037467231,0.760285173682527,1.5176947,-0.48563787,-0.6808093,313.40448,103.35642,-8.989176,WAL
1972997282000,185.479894,-0.0367784874235766,-15.1384695088842,0.342217132077761,1.6917913,-0.42546764,-0.7816021,313.2265,102.74289,-8.794174,WAL
1973002394000,185.485006,0.229798536351739,-14.7970637977646,-0.102077897780856,1.8732183,-0.32986724,-0.90469146,313.06088,102.08272,-8.564028,WAL
1973007395000,185.490007,0.454366707997556,-14.3307166997352,-0.423066989936851,2.058005,-0.23090707,-1.0180069,312.906,101.408745,-8.281598,WAL
1973012307000,185.494919,0.650811216321043,-13.7845051014463,-0.662633454960277,2.2559254,-0.09407325,-1.1163563,312.79266,100.69758,-7.9691687,WAL
1973017388000,185.5,0.628752610931134,-13.1709937672662,-0.771580540037762,2.4678955,0.052839845,-1.1823297,312.70782,99.97659,-7.6041675,WAL
1973022316000,185.504928,0.4739857812223,-12.5472366848852,-0.795030072749677,2.726597,0.19425514,-1.2217305,312.6655,99.220505,-7.2235327,WAL
1973027310000,185.509922,0.0576900926750449,-12.0058447558348,-0.677777332212248,3.0051515,0.310625,-1.2632693,312.65118,98.440125,-6.8071637,WAL
1973032298000,185.51491,-0.528346266175943,-11.5246281274686,-0.468138299098344,3.2766812,0.38148534,-1.3154984,312.66998,97.63998,-6.3844337,WAL
1973037311000,185.519923,-1.11488503879754,-11.4002451691759,-0.292343022466918,3.4886515,0.42241332,-1.3622295,312.7231,96.88026,-5.9978766,WAL
1973042340000,185.524952,-1.70164187038431,-11.519504596672,-0.139690852659667,3.6254852,0.45875978,-1.4288138,312.8016,96.13712,-5.6007524,WAL
1973047299000,185.529911,-2.21803149337768,-11.8919253772653,-0.149753694219105,3.6670241,0.5036584,-1.5036448,312.91968,95.560356,-5.3187857,WAL
1973052322000,185.534934,-2.69564311428571,-12.4553214761905,-0.277271362952381,3.5796704,0.5027421,-1.5726726,313.04395,95.08721,-5.0316052,WAL
1973057308000,185.53992,-3.16973659265471,-13.014567534172,-0.403849721762676,3.400076,0.4633413,-1.591304,313.20105,85.12908,-4.8701534,WAL
1973062321000,185.544933,-3.64639736422788,-13.5768420004097,-0.5311135229492,3.157257,0.35521814,-1.564426,313.3465,85.20912,-4.712657,WAL
1973067283000,185.549895,-4.17012746347607,-14.1385206386965,-0.826762474049118,2.8997774,0.19058995,-1.5103643,313.46927,85.16531,-4.575297,WAL
1973072316000,185.554928,-4.77212243828715,-14.7152214606423,-1.35793448641058,2.703995,0.026267206,-1.4208726,313.56693,85.025505,-4.463132,WAL
1973077309000,185.559921,-5.35509700556967,-15.1883622389095,-1.87808159380496,2.5525005,-0.089491755,-1.323745,313.66415,84.6856,-4.6121945,WAL
1973082335000,185.564947,-5.92889323730702,-15.5740289160641,-2.3954388020129,2.4541512,-0.1282817,-1.2244794,313.74017,84.33972,-4.7752347,WAL
1973087321000,185.569933,-6.50714598275931,-16.0208053980777,-3.03176415195234,2.4248295,-0.17562376,-1.1914927,313.7911,83.99309,-4.968973,WAL
1973092311000,185.574923,-7.09564773786544,-16.5375391826191,-3.80207971452743,2.422997,-0.16737708,-1.1685852,313.84964,83.64657,-5.1721706,WAL
1973097346000,185.579958,-7.38472780524315,-16.4671012627424,-4.29040117643505,2.4248295,0.042760566,-1.3136657,313.9652,83.34134,-5.352169,WAL
1973102386000,185.584998,-7.34709623093266,-15.761510103986,-4.4691506386707,2.243097,0.25503623,-1.520749,314.08826,83.08813,-5.504619,WAL
1973107244000,185.589856,-6.93716577703892,-14.8868305902601,-4.40359563707217,2.037541,0.57635134,-1.6432275,314.29514,82.89307,-5.605562,WAL
1973112344000,185.594956,-5.97714389164874,-13.6927732657931,-3.99761623652455,1.7654005,0.8206975,-1.6643023,314.54086,82.77095,-5.6700044,WAL
1973117347000,185.599959,-4.94701390148192,-12.665732739182,-3.6106434391227,1.561677,0.93492925,-1.5958854,314.83292,82.702415,-5.6796727,WAL
1973122361000,185.604973,-3.77526196528354,-11.8640079100968,-3.24061653015214,1.5656476,0.9819659,-1.464244,315.16885,82.636284,-5.7030954,WAL
1973127241000,185.609853,-2.77505491097561,-11.2309083170732,-2.93902853414634,1.733941,1.0082331,-1.2666291,315.49545,82.59382,-5.663736,WAL
1973132328000,185.61494,-2.00194715003909,-10.8538754021263,-2.73718264143215,1.9700404,1.1026118,-1.1038336,315.84735,82.51381,-5.6577106,WAL
1973137266000,185.619878,-1.25148398441995,-10.4878859124453,-2.54124888514697,2.1856759,1.2348641,-1.0143417,316.17215,82.45543,-5.5775986,WAL
1973142354000,185.624966,-0.617164342796997,-10.1668098183017,-2.0994775064827,2.3585508,1.3955216,-1.0125091,316.5264,82.337975,-5.527187,WAL
1973147274000,185.629886,-0.0387667818758242,-9.87044083788171,-1.61190271131176,2.4514022,1.4740179,-1.07665,316.89114,82.18331,-5.48998,WAL
1973152430000,185.635042,0.363524236061142,-9.70804937845277,-1.39450184207215,2.4761422,1.450805,-1.1362094,317.22403,82.06479,-5.345581,WAL
1973157307000,185.639919,0.703271670323405,-9.58408738120515,-1.24758409874177,2.4565945,1.4245378,-1.1695015,317.575,81.9307,-5.201705,WAL
1973162350000,185.644962,0.836577784064805,-9.46457848407881,-1.38092477727145,2.3970351,1.4859297,-1.1887437,317.93326,81.791756,-4.9740653,WAL
1973167280000,185.649892,0.911527065463629,-9.34995011448314,-1.58372879099823,2.372906,1.6444492,-1.1606439,318.30704,81.627846,-4.765451,WAL
1973172316000,185.654928,0.880292116010363,-9.43806718963731,-1.70531670321244,2.377182,1.7788396,-1.1578951,318.684,81.473816,-4.484882,WAL
1973177290000,185.659902,0.791439182984456,-9.63551849554404,-1.77936080118135,2.3487768,1.8393153,-1.1817188,319.07944,81.31282,-4.2214756,WAL
1973182298000,185.66491,0.735593997690941,-9.65778399743438,-1.96337581865009,2.264172,1.9807305,-1.1914927,319.52316,81.17352,-3.939089,WAL
1973187317000,185.669929,0.692906644937833,-9.61035360548648,-2.19104184857904,2.2101104,2.1346686,-1.1908818,319.98096,81.01842,-3.6702352,WAL
1973192309000,185.674921,0.610754646602857,-9.36529864997024,-2.40840922133505,2.1035144,2.2870796,-1.1450669,320.47592,80.87694,-3.4089742,WAL
1973197294000,185.679906,0.511315244128149,-9.03383372783178,-2.62149364461416,2.0109684,2.418721,-1.0769554,320.9988,80.73076,-3.1742578,WAL
1973202326000,185.684938,0.280486527745056,-8.65780611864922,-2.86298936017645,1.9413297,2.5350907,-1.0027353,321.5484,80.6027,-2.9421139,WAL
1973207313000,185.689925,-0.01010997977122,-8.26550050927898,-3.11483968752662,1.8784106,2.6196957,-0.93828905,322.11346,80.48275,-2.7440066,WAL
1973212304000,185.694916,-0.26518224656,-7.84687147918841,-3.21188240410628,1.8176296,2.701857,-0.87109387,322.70523,80.36292,-2.5644016,WAL
1973217308000,185.69992,-0.505951508,-7.41626524057971,-3.24429357801932,1.7785342,2.7278187,-0.82253003,323.29224,80.24425,-2.4108799,WAL
1973222311000,185.704923,-0.743106194904927,-7.02586934577796,-3.15032883978736,1.7427986,2.7000244,-0.79320854,323.91226,80.11854,-2.2666655,WAL
1973227306000,185.709918,-0.977836860024535,-6.65910266237988,-2.98406141553874,1.6737708,2.6441302,-0.7834347,324.52142,80.00736,-2.1404114,WAL
1973232300000,185.714912,-1.17444342508165,-6.35039237547821,-2.85488130404964,1.6065756,2.5503623,-0.78801614,325.1425,79.868385,-2.033154,WAL
1973237322000,185.719934,-1.35395155127368,-6.0676669431744,-2.7426886431744,1.5402967,2.4599543,-0.7987063,325.7416,79.74722,-1.9328713,WAL
1973242330000,185.724942,-1.51844145421579,-5.83777945811949,-2.61172228503914,1.4850134,2.4019222,-0.816116,326.35968,79.58437,-1.8582858,WAL
1973247291000,185.729903,-1.6690742834836,-5.65419571895373,-2.46579677776677,1.4071281,2.3350325,-0.8381071,326.94504,79.44782,-1.7824084,WAL
1973252327000,185.734939,-1.80160565293599,-5.49572668993236,-2.32091824658367,1.3301591,2.2855523,-0.8549059,327.55084,79.283585,-1.7294904,WAL
1973257306000,185.739918,-1.91378978082541,-5.36484537009117,-2.18068811112636,1.2492194,2.2427917,-0.88147855,328.13684,79.14506,-1.6722385,WAL
1973262303000,185.744915,-2.0507203339167,-5.24478399678334,-2.09799491229957,1.1597277,2.252871,-0.88697636,328.75134,78.987686,-1.642454,WAL
1973267308000,185.74992,-2.21474227764959,-5.13699793552992,-2.07924945502542,1.0943651,2.2629502,-0.90010995,329.3518,78.8491,-1.6084749,WAL
1973272304000,185.754916,-2.32919757455566,-4.9697712484565,-1.93568848297474,1.0103711,2.2693644,-0.9266826,329.9779,78.702576,-1.5920631,WAL
1973277306000,185.759918,-2.37849001517306,-4.72330956007484,-1.62649109294668,0.8970556,2.2568417,-0.947452,330.59836,78.58428,-1.5806872,WAL
1973282294000,185.764906,-2.42065631009464,-4.45261075499474,-1.29243581861199,0.74036866,2.2024746,-0.9639453,331.2294,78.47909,-1.5895839,WAL
1973287322000,185.769934,-2.44597284523659,-4.11843168748686,-0.892433516529969,0.64996064,2.141999,-0.9645562,331.8521,78.387886,-1.6033769,WAL
1973292248000,185.77486,-2.47939773347682,-3.83883266020623,-0.574957416826509,0.46670106,2.1035144,-0.95233893,332.49655,78.292656,-1.6376984,WAL
1973297293000,185.779905,-2.5277658944539,-3.63084936598258,-0.37181097405446,0.30482176,2.0683897,-0.93554014,333.12173,78.2166,-1.6772541,WAL
1973302270000,185.784882,-2.57330029860702,-3.45623227979203,-0.17477343087012,0.15210545,2.0182989,-0.89736104,333.75693,78.09453,-1.749234,WAL
1973307271000,185.789883,-2.61558430796547,-3.32938044794977,0.0178534083558956,0.034208454,1.9630154,-0.8561276,334.3767,78.00632,-1.8315247,WAL
1973312246000,185.794858,-2.67522448384698,-3.22572067310439,0.167671416984639,-0.09040806,1.8887954,-0.8145888,334.99353,77.89036,-1.9401462,WAL
1973317280000,185.799892,-2.76955906306624,-3.16440329265238,0.238422289834654,-0.20586158,1.8396207,-0.77946407,335.59702,77.801506,-2.063323,WAL
1973322248000,185.80486,-2.83900684382796,-3.10495155034428,0.285880247101088,-0.301462,1.7880026,-0.7351763,336.18945,77.65278,-2.2149696,WAL
1973327264000,185.809876,-2.853387762379,-3.04742762586568,0.281086590899112,-0.4025602,1.7470746,-0.689056,336.76636,77.53438,-2.3806796,WAL
1973332264000,185.814876,-2.84104043895733,-2.97207845645018,0.263711869897507,-0.49754974,1.679574,-0.6597345,337.3348,77.37043,-2.567587,WAL
1973337269000,185.819881,-2.76546035173943,-2.85398457633783,0.216474342515029,-0.57787853,1.6084082,-0.61544675,337.88507,77.226006,-2.7738621,WAL
1973342294000,185.824906,-2.68762362536337,-2.72009139534884,0.196241022579942,-0.6560693,1.5216653,-0.56169057,338.42432,77.075935,-2.9776983,WAL
1973347283000,185.829895,-2.60515678781795,-2.54647709593023,0.248325353194949,-0.74189585,1.4340062,-0.52320606,338.9399,76.94726,-3.1892688,WAL
1973352282000,185.834894,-2.52951527598726,-2.38250223878981,0.312094113006369,-0.82436264,1.3423764,-0.48838675,339.43716,76.83155,-3.3798835,WAL
1973357231000,185.839843,-2.54712512616242,-2.35231389042994,0.528443530502123,-0.93309665,1.2263119,-0.45234573,339.89893,76.74229,-3.5778852,WAL
1973362220000,185.844832,-2.56487730691083,-2.32188154652866,0.746541579377919,-1.044885,1.0910053,-0.4175264,340.3415,76.62595,-3.7521706,WAL
1973367276000,185.849888,-2.58286789136943,-2.29104051009554,0.967568585815287,-1.1643091,0.93828905,-0.3857614,340.743,76.539276,-3.9301834,WAL
1973372230000,185.854842,-2.60060498064118,-2.27102568051788,1.19587275758323,-1.2968669,0.8573494,-0.35643986,341.12335,76.483505,-4.1150723,WAL
1973377223000,185.859835,-2.61874671913118,-2.27556115065921,1.45439204564166,-1.4285084,0.66523224,-0.3417791,341.42786,76.45713,-4.288469,WAL
1973382210000,185.864822,-2.62648184897725,-2.30427044004383,1.70206503395951,-1.5008959,0.46700647,-0.31581733,341.77213,76.38027,-4.460281,WAL
1973387234000,185.869846,-2.58631150324567,-2.44486615200376,1.90291608100605,-1.636508,0.28863382,-0.2764165,342.06458,76.35339,-4.6292768,WAL
1973392229000,185.874841,-2.55929426956639,-2.6674952321124,2.14548840240596,-1.7944167,0.1142318,-0.23365596,342.32578,76.39588,-4.8064723,WAL
1973397219000,185.879831,-2.56787470425532,-3.11796366312057,2.50586320992908,-1.924531,-0.03390302,-0.17104226,342.5389,76.45548,-4.989211,WAL
1973402407000,185.885019,-2.57806183106713,-3.63928846189759,2.90140679652539,-2.0720549,-0.17837265,-0.119729586,342.72165,76.563416,-5.153558,WAL
1973407309000,185.889921,-2.60331219337349,-4.78565585978916,3.53266611784639,-2.194228,-0.27122417,-0.0061086523,342.8679,76.67748,-5.344342,WAL
1973412306000,185.894918,-2.60288279516655,-6.12717424028862,4.20648603785707,-2.2809708,-0.31337386,0.16126843,342.99832,76.76025,-5.5508485,WAL
1973417309000,185.899921,-2.49395788664624,-8.18727602255609,5.00684784896709,-2.3145685,-0.32895094,0.32253686,343.10162,76.84035,-5.7784433,WAL
1973422310000,185.904922,-2.3275861277388,-10.2799602914211,5.89112076995042,-2.3096814,-0.27916542,0.4859433,343.21442,76.81175,-6.027482,WAL
1973427305000,185.909917,-1.88453444095799,-12.531020664702,7.17999806436524,-2.1868975,-0.16554448,0.6478226,343.32724,76.74188,-6.3137455,WAL
1973432522000,185.915134,-1.32807145124123,-14.8065395744213,8.5743527834922,-1.885741,0.058337633,0.8191703,343.45538,76.55429,-6.571788,WAL
1973437314000,185.919926,0.272646582402849,-16.0178941310359,10.4154189052058,-1.3023647,0.22235495,0.83658,343.58966,76.284355,-6.8205724,WAL
1973442318000,185.92493,1.97559263827413,-17.1941337884508,12.037066565929,-0.3631594,0.19333886,0.68416905,343.7153,75.9404,-6.912071,WAL
1973447301000,185.929913,3.88816942198252,-17.7532626233959,11.575563106379,0.634689,0.258396,0.25900686,343.91617,75.502945,-6.939879,WAL
1973452571000,185.935183,5.86470599610576,-18.3380459381021,11.0651983472023,1.3289373,0.5522222,-0.19486602,344.0084,75.04825,-6.7107825,WAL
1973457323000,185.939935,5.99995508452552,-18.6318634908793,9.81064648493544,1.6548339,1.0360274,-0.47861293,344.1915,74.471886,-6.445853,WAL
1973462583000,185.945195,6.05682404593951,-18.825820872594,8.44414526218148,1.7024814,1.4358387,-0.5907067,344.3131,74.0581,-5.82984,WAL
1973467294000,185.949906,5.05194131943171,-17.5066534319432,7.47234524170486,1.5427402,1.570229,-0.6872234,344.53345,73.60293,-5.2035174,WAL
1973472251000,185.954863,3.99458541297892,-16.1186014252979,6.44979956106325,1.3313808,1.57084,-0.7431176,344.85834,73.26269,-4.570221,WAL
1973477309000,185.959921,2.60007068619072,-13.5643416021365,5.44278533996873,1.110553,1.4929546,-0.7495316,345.20377,72.94325,-3.9738967,WAL
1973482318000,185.96493,1.15521448245961,-10.8046164772798,4.45288379008859,1.001819,1.387275,-0.743423,345.54556,72.62987,-3.4045842,WAL
1973487319000,185.969931,0.133006638408565,-8.25924443862471,4.12333574488791,0.79351395,1.294118,-0.7266242,345.94568,72.402534,-2.9936497,WAL
1973492270000,185.974882,-0.844175247883784,-5.75670536866392,3.85163156444154,0.5900958,1.2311989,-0.6908886,346.3113,72.19719,-2.6057017,WAL
1973497280000,185.979892,-1.38749423945474,-4.32998800759336,3.76263246295479,0.35338554,1.1905763,-0.61269784,346.71817,72.03595,-2.4217174,WAL
1973502361000,185.984973,-1.90132481435634,-2.97534380236152,3.68789342589997,0.07574729,1.1484267,-0.5009095,347.0904,71.94242,-2.260506,WAL
1973507336000,185.989948,-2.343216037751,-2.46696504492843,3.53438711393265,-0.17134771,1.1139128,-0.3735441,347.4827,71.82346,-2.2719133,WAL
1973512240000,185.994852,-2.76880445863454,-2.09941133066625,3.36995525159098,-0.3979787,1.094976,-0.22021692,347.8521,71.77209,-2.3217654,WAL
1973517293000,185.999905,-2.99423340659298,-2.42047278512254,3.28540717986545,-0.61575216,1.1059716,-0.062002823,348.22992,71.724236,-2.490865,WAL
1973522265000,186.004877,-3.19101226471889,-2.81860660497838,3.21218713296492,-0.8347474,1.0748174,0.106901415,348.57468,71.72996,-2.70132,WAL
1973527304000,186.009916,-3.18035599058403,-3.67599472224871,3.50825410826381,-1.0690142,0.88331115,0.26816985,348.8848,71.78157,-2.9998722,WAL
1973532306000,186.014918,-3.12326045589988,-4.6275876128526,3.88413329334525,-1.2959507,0.5045747,0.38789943,349.1221,71.87784,-3.3155794,WAL
1973537283000,186.019895,-3.05395642641239,-5.96142218026438,4.1632419443378,-1.4834863,-0.093462385,0.45356745,349.24875,72.03476,-3.648022,WAL
1973542313000,186.024925,-2.98095108179675,-7.40124898669698,4.42281632886251,-1.6062702,-0.8338311,0.50732356,349.22247,72.21794,-3.965414,WAL
1973547301000,186.029913,-3.08365369284668,-9.38201928445932,4.41151058174022,-1.5732834,-1.5647314,0.5552765,349.0338,72.39926,-4.2260494,WAL
1973552392000,186.035004,-3.4201800269086,-12.1354165147459,4.04439107526668,-1.4095715,-2.1697934,0.60994893,348.67313,72.56194,-4.4500785,WAL
1973557376000,186.039988,-3.85105010804672,-14.1439889035877,2.96800667287939,-1.176221,-2.3918428,0.70157874,348.23825,72.7362,-4.6128216,WAL
1973562304000,186.044916,-4.3629401119403,-15.5484044882729,1.29670781759062,-0.93309665,-2.2244658,0.7672467,347.75037,72.853226,-4.7596393,WAL
1973567297000,186.049909,-4.75221717940359,-16.7527238500428,-0.0255081424380077,-0.6411031,-1.8335121,0.7489208,347.32224,73.02735,-4.881703,WAL
1973572316000,186.054928,-4.91661544709277,-17.5798540844378,-0.703651727565199,-0.15577064,-1.5882497,0.6414085,346.91306,73.075134,-4.9890714,WAL
1973577310000,186.059922,-4.35858288017572,-18.1721239555099,-0.704778373118983,0.56077427,-1.1725558,0.5534439,346.66284,73.196655,-5.2035885,WAL
1973582300000,186.064912,-3.067732517525,-18.5294530096271,-0.0213869360687914,0.91751957,-1.2006557,0.2611449,346.38806,73.29726,-5.308734,WAL
1973587268000,186.06988,-1.88829267738854,-17.7043432268338,0.107294859821245,1.3048081,-1.5097535,-0.13133603,346.1572,73.28143,-5.3797398,WAL
1973592310000,186.074922,-0.891216624012739,-14.6337455436614,-0.805451397113211,1.2284501,-1.6575829,-0.5357288,345.9895,73.31728,-5.3725204,WAL
1973597301000,186.079913,-0.343120056475483,-11.5536018933135,-1.75368554526003,0.79626286,-1.3897184,-0.8136725,345.81036,73.38118,-5.1047463,WAL
1973602344000,186.084956,-0.434018610332838,-8.38172074531947,-2.77749027768202,0.18387043,-0.86834496,-0.9294315,345.67874,73.530426,-4.788002,WAL
1973607262000,186.089874,-0.631820853611333,-5.79733856963288,-3.21774211995211,-0.4437936,-0.50823987,-0.91874135,345.5199,73.83268,-4.369869,WAL
1973612310000,186.094922,-1.0128218514166,-3.97432130411014,-2.75957639401437,-0.95081174,-0.43157628,-0.77579886,345.41895,74.25918,-3.9826825,WAL
1973617272000,186.099884,-1.40796538447965,-2.64434710086224,-2.22867871152998,-1.2730432,-0.5671884,-0.5910121,345.34247,74.78812,-3.6822667,WAL
1973622316000,186.104928,-1.84384744371366,-2.05832790868257,-1.5554831277321,-1.4953982,-0.7690793,-0.40530908,345.2514,75.41548,-3.425597,WAL
1973627242000,186.109854,-2.25558418374739,-1.69270830098616,-1.14579871966622,-1.6511687,-1.0552697,-0.22815818,345.12845,75.979774,-3.2749302,WAL
1973632298000,186.11491,-2.65503124401669,-1.6605688536886,-1.13661603413617,-1.7650951,-1.3494014,-0.056505036,344.9313,76.57656,-3.1625366,WAL
1973637269000,186.119881,-3.05653039752871,-1.70991366980107,-1.3107625755845,-1.8674151,-1.5803084,0.13775012,344.7663,77.07058,-3.118683,WAL
1973642315000,186.124927,-3.4876457458265,-1.97750260480927,-1.97973473200369,-1.9639318,-1.788308,0.3454443,344.513,77.567444,-3.110312,WAL
1973647298000,186.12991,-3.88336480631912,-2.37808910394945,-2.5873112528436,-2.0167716,-2.0082195,0.5448918,344.2096,78.02961,-3.201258,WAL
1973652331000,186.134943,-4.22126019095577,-3.06339804747235,-3.09177483593009,-2.0662518,-2.2229385,0.6973027,343.8453,78.48602,-3.324151,WAL
1973657275000,186.139887,-4.36939708947668,-3.95969081453356,-3.61922854725066,-2.094657,-2.357329,0.79809546,343.46002,78.97486,-3.5361705,WAL
1973662307000,186.144919,-4.08613871086462,-5.39882664229238,-4.23143250599166,-2.1025982,-2.3353379,0.89919364,343.0604,79.426765,-3.78356,WAL
1973667318000,186.14993,-3.82743347779141,-6.68306172087777,-4.6742258523832,-2.10046,-2.2247713,1.0149527,342.66776,79.8909,-4.0998116,WAL
1973672314000,186.154926,-3.66486179877301,-7.35592757484663,-4.43488420858896,-2.0668626,-2.1560488,1.1316279,342.27682,80.290184,-4.4372835,WAL
1973677304000,186.159916,-3.50304053685504,-8.02795238329238,-4.19826503931204,-2.0314324,-2.0460932,1.1994339,341.81415,80.77764,-4.8105845,WAL
1973682304000,186.164916,-3.34774102825553,-8.70091749385749,-3.9911988968059,-1.960572,-1.9285016,1.3316863,341.3764,81.150764,-5.2357664,WAL
1973687485000,186.170097,-3.17165604958983,-9.37689594096831,-3.800045113447,-1.8829921,-1.7935003,1.4602734,340.95825,81.43556,-5.654854,WAL
1973692313000,186.174925,-2.82954662549461,-9.75619098294998,-3.89672820143156,-1.8280143,-1.6334536,1.5760323,340.58743,81.60749,-6.1081867,WAL
1973697359000,186.179971,-2.47198984132218,-10.1526124373492,-3.99777684724143,-1.7889189,-1.4425583,1.6969837,340.24356,81.671524,-6.5745955,WAL
1973702368000,186.18498,-2.13157227384057,-10.618764524169,-3.86336963306206,-1.7614299,-1.1997393,1.8377881,339.9675,81.6178,-7.077887,WAL
1973707346000,186.189958,-1.80437022273752,-11.137613767036,-3.55019051863908,-1.704314,-1.0280862,1.9214766,339.73495,81.463905,-7.593798,WAL
1973712280000,186.194892,-1.3429505119701,-11.6000658869194,-3.38416335033636,-1.6737708,-0.9410379,1.9611828,339.51144,81.29181,-8.063446,WAL
1973717318000,186.19993,-0.74017315164976,-12.0225246467699,-3.3532517639402,-1.6859881,-0.88453287,1.9819523,339.33737,81.04068,-8.545391,WAL
1973722306000,186.204918,-0.258856770897928,-12.4282141627015,-3.46004965706063,-1.6914859,-0.7974846,1.9874501,339.17117,80.780975,-8.963947,WAL
1973727300000,186.209912,0.158662248994628,-12.8273805966999,-3.64357441410207,-1.6887369,-0.6780604,1.9752327,339.03864,80.48511,-9.375165,WAL
1973732300000,186.214912,0.556972878718381,-13.0713235598651,-3.82912377504216,-1.6398678,-0.51343226,1.9104811,338.90482,80.26501,-9.67012,WAL
1973737344000,186.219956,0.942833130519215,-13.1913695958995,-4.01776642036034,-1.5442673,-0.29352075,1.822211,338.82764,80.03085,-9.948631,WAL
1973742308000,186.22492,1.31371366079637,-13.1938639813676,-4.12754545881018,-1.4453071,-0.02321288,1.670411,338.78116,79.88883,-10.109967,WAL
1973747304000,186.229916,1.66668505362716,-12.9313974935212,-4.06419175598222,-1.361924,0.27947086,1.4831808,338.8104,100.23666,-10.232152,WAL
1973752363000,186.234975,1.9882317839638,-12.6246784466063,-3.93750710826244,-1.3301591,0.5198463,1.2654073,338.86942,100.26213,-10.233477,WAL
1973757301000,186.239913,2.15941834606335,-12.1624749434389,-3.56517650104072,-1.3451253,0.6032294,1.0143417,338.967,100.24415,-10.172223,WAL
1973762536000,186.245148,2.33976366301946,-11.6626662640715,-3.16269388800631,-1.4034629,0.47158796,0.7333437,339.03824,100.1205,-9.988988,WAL
1973767503000,186.250115,2.46487672316675,-10.7918793110994,-2.4670650415676,-1.5152513,0.06536258,0.4859433,339.04364,99.96197,-9.751384,WAL
1973772305000,186.254917,2.56257043649199,-9.96053801989956,-1.8312482501374,-1.6621643,-0.2312125,0.39492437,339.01617,99.749374,-9.452257,WAL
1973777306000,186.259918,2.38557327971193,-9.22078098218516,-1.60886719606747,-1.7238617,-0.89858276,0.2510656,338.75012,99.47846,-9.085088,WAL
1973782771000,186.265383,2.1661206554878,-8.43433206946864,-1.41157891264155,-1.8347337,-1.7583756,0.051923547,338.30664,99.15236,-8.67036,WAL
1973787484000,186.270096,1.58620037439024,-8.0853966162892,-1.92760976779181,-1.8848248,-1.9349157,-0.038179077,337.86307,98.83849,-8.253569,WAL
1973792369000,186.274981,1.00198179969395,-7.77508300345088,-2.48349383369791,-1.8619173,-2.105958,-0.1740966,337.1701,98.5388,-7.845316,WAL
1973797305000,186.279917,0.511709952843485,-7.76616906960211,-3.1698743725627,-1.7977765,-2.081218,-0.28985557,336.4849,98.24131,-7.419646,WAL
1973802606000,186.285218,-0.0174451467124093,-7.76941317780827,-3.83312777514213,-1.7125608,-1.9355265,-0.36254853,335.8255,98.11136,-7.1027617,WAL
1973807302000,186.289914,-0.519982516026661,-7.93692550935111,-3.47165352036856,-1.6157386,-1.8945986,-0.42455134,335.14273,97.96818,-6.7577214,WAL
1973812854000,186.295466,-1.10991988696996,-8.1421828983691,-3.05788840806867,-1.6319265,-1.9095647,-0.43188173,334.5239,98.04412,-6.5322,WAL
1973817386000,186.299998,-1.54580352343348,-8.388066072103,-2.86788790643777,-1.6380352,-1.8600847,-0.3979787,333.9335,98.12783,-6.299291,WAL
1973822325000,186.304937,-2.0208320495794,-8.65603098716738,-2.66082425296137,-1.5928311,-1.717753,-0.3463606,333.39676,98.27862,-6.1589046,WAL
1973827409000,186.310021,-2.29818176749527,-8.80716823272989,-2.45224144681618,-1.5311338,-1.570229,-0.25350907,332.87827,98.457245,-6.0383806,WAL
1973832351000,186.314963,-2.45590100386382,-8.88815930262091,-2.25189526830586,-1.4874569,-1.3726143,-0.15271631,332.41718,98.6538,-5.929019,WAL
1973837389000,186.320001,-2.57643650837449,-8.93292972557441,-1.9236611931501,-1.459357,-1.1151345,-0.04917465,332.04453,98.89971,-5.9256167,WAL
1973842530000,186.325142,-2.64515535125617,-8.92764355883616,-1.42148545397251,-1.4532484,-0.8881981,0.04550946,331.7244,99.15742,-5.94054,WAL
1973847398000,186.33001,-2.57682044064081,-8.83047534064081,-0.91222989772344,-1.4892895,-0.68661255,0.11636983,331.47394,99.42344,-5.9967947,WAL
1973852412000,186.335024,-2.41037198757729,-8.66402688757729,-0.363400078870152,-1.5100589,-0.5290093,0.23273966,331.2825,99.704605,-6.082949,WAL
1973857430000,186.340042,-2.20988115339236,-8.53662232469058,0.177184339159816,-1.50731,-0.45906523,0.35338554,331.11835,99.93846,-6.1877475,WAL
1973862724000,186.345336,-1.95338305112476,-8.45417672815973,0.73598396960159,-1.4575244,-0.46395215,0.44868052,330.98456,100.17533,-6.311294,WAL
1973867287000,186.349899,-1.73077053088491,-8.39291697483376,1.14161513349361,-1.3322971,-0.50915617,0.50793445,330.83612,100.336105,-6.4403844,WAL
1973872317000,186.354929,-1.47944183390281,-8.36334880808184,1.29438351477238,-1.1673635,-0.65240407,0.52870387,330.66757,100.481964,-6.5852704,WAL
1973877284000,186.359896,-1.24801778024689,-8.33467118250878,1.33266472675909,-1.0726794,-0.82436264,0.54611355,330.47525,100.57885,-6.730475,WAL
1973882303000,186.364915,-1.065448216629,-8.30728520036084,1.02686078848163,-0.86742866,-0.96944314,0.54458636,330.25937,100.61534,-6.8766437,WAL
1973887316000,186.369928,-0.895136126417718,-8.27835206842785,0.690747479104181,-0.66645396,-1.0354166,0.55863625,330.01172,100.653275,-7.026161,WAL
1973892311000,186.374923,-0.795368598838018,-8.24034561992253,0.177657398212335,-0.50915617,-1.0345002,0.5546656,329.75095,100.6546,-7.1683574,WAL
1973897303000,186.379915,-0.71613412481058,-8.20421865794969,-0.337687913791389,-0.3943135,-0.9779953,0.54825157,329.4639,100.64656,-7.2872744,WAL
1973902329000,186.384941,-0.773566387230785,-8.18028856110172,-0.873722482986974,-0.35338554,-0.9074403,0.5491679,329.19315,100.62567,-7.402055,WAL
1973907274000,186.389886,-0.838106145408338,-8.16145299598722,-1.37297696103143,-0.35705075,-0.8396343,0.5525276,328.91806,100.64744,-7.5058093,WAL
1973912307000,186.394919,-0.967050408588839,-8.17936190376756,-1.65951970992049,-0.40317106,-0.8014552,0.5558874,328.66418,100.67066,-7.6039524,WAL
1973917294000,186.399906,-1.09481616270788,-8.19710712989522,-1.94344355031582,-0.50732356,-0.77396625,0.56413406,328.41592,100.77209,-7.7138815,WAL
1973922285000,186.404897,-1.24059844041134,-8.24569441078377,-2.19943964202335,-0.6435465,-0.75441855,0.57940567,328.18384,100.8881,-7.8206725,WAL
1973927311000,186.409923,-1.41183317083936,-8.33666361389661,-2.41883412466926,-0.81214535,-0.752586,0.6072,327.96155,101.031654,-7.928145,WAL
1973932284000,186.414896,-1.53638174286274,-8.44047677495836,-2.50833988512785,-0.98807454,-0.763887,0.6411031,327.75253,101.26022,-8.063884,WAL
1973937326000,186.419938,-1.63572648137553,-8.55401340726952,-2.52253202591359,-1.1438452,-0.7675522,0.67103547,327.5513,101.5154,-8.199832,WAL
1973942310000,186.424922,-1.69278454007968,-8.70384008794821,-2.42721690089641,-1.2800682,-0.7715228,0.6976081,327.35806,101.83872,-8.364631,WAL
1973947289000,186.429901,-1.72128028940239,-8.87956357788845,-2.25624230577689,-1.3756685,-0.7828238,0.7147123,327.16528,102.17967,-8.528964,WAL
1973952426000,186.435038,-1.7612854886585,-9.08815478049957,-1.99111595446041,-1.4450017,-0.8155051,0.7302894,326.95294,102.57274,-8.730947,WAL
1973957398000,186.44001,-1.8072068883306,-9.30857755646639,-1.67425833987848,-1.4798211,-0.8542951,0.74036866,326.7392,102.968124,-8.928756,WAL
1973962310000,186.444922,-1.86854074037855,-9.51461484605678,-1.39585125274448,-1.4789047,-0.89552844,0.7425067,326.52246,103.33392,-9.11963,WAL
1973967315000,186.449927,-1.94630319305994,-9.71334108895899,-1.14528335968454,-1.4596626,-0.91446525,0.7495316,326.30542,103.69326,-9.306999,WAL
1973972245000,186.454857,-2.04271587642431,-9.98800281524315,-0.887425659127879,-1.4083499,-0.9419542,0.7473936,326.08707,104.00629,-9.496307,WAL
1973977304000,186.459916,-2.19427702302588,-10.4794283875249,-0.593488771957532,-1.3738359,-0.93951076,0.7495316,325.87683,104.309746,-9.680224,WAL
1973982283000,186.464895,-2.31676791292497,-10.893178214491,-0.337138918593518,-1.2751812,-0.93676186,0.7715228,325.64355,104.62287,-9.9247055,WAL
1973987319000,186.469931,-2.31198758139558,-10.9744440501536,-0.236751881602736,-1.1664472,-0.9425651,0.7892379,325.41428,104.914795,-10.159559,WAL
1973992283000,186.474895,-2.27363924779005,-11.0522961659432,-0.189793867348066,-1.0525209,-0.99173975,0.81061816,325.18408,105.176125,-10.428388,WAL
1973997292000,186.479904,-2.05120436339779,-11.1185532372731,-0.426426776077348,-0.9147707,-1.0677924,0.82711154,324.95148,105.40411,-10.692812,WAL
1974002381000,186.484993,-1.79376221950711,-11.199516801327,-0.721595584229384,-0.7583892,-1.1753048,0.85062987,324.70474,105.59428,-10.959779,WAL
1974007358000,186.48997,-1.3600445265545,-11.3576434035071,-1.32699322689194,-0.56046885,-1.2318097,0.88086766,324.45923,105.7482,-11.225057,WAL
1974012573000,186.495185,-0.89158319381201,-11.5037605853786,-1.94592216704961,-0.312763,-1.2198979,0.893085,324.16547,105.88857,-11.476627,WAL
1974017307000,186.499919,-0.303667280600522,-11.4090628689295,-2.32865939248042,-0.025350908,-1.0946705,0.90102625,323.8988,105.98504,-11.722721,WAL
1974022290000,186.504902,0.315171966449086,-11.3093842206266,-2.73152791684073,0.2779437,-0.86406887,0.87995136,323.60626,106.04421,-11.889498,WAL
1974027306000,186.509918,0.974407014302753,-11.0436540521817,-2.85809867279594,0.4868596,-0.57543504,0.82619524,323.37488,106.060745,-12.032504,WAL
1974032297000,186.514909,1.64427042571812,-10.7158483867409,-2.87710192637909,0.54611355,-0.27305678,0.7171558,323.218,106.0339,-12.1357355,WAL
1974037347000,186.519959,2.02283634915975,-10.6990872508897,-2.94398205479439,0.43951756,-0.03268129,0.5549711,323.0511,105.96248,-12.106369,WAL
1974042318000,186.52493,2.27696260624753,-10.807325911032,-3.02869067611704,0.19608775,0.16249016,0.3680463,322.95578,105.87961,-12.026224,WAL
1974047282000,186.529894,2.21025825184484,-11.1601054181646,-2.92175958836329,-0.09132435,0.30757064,0.17134771,322.8443,105.76319,-11.825884,WAL
1974052437000,186.535049,1.99073913642384,-11.641179089404,-2.72092303178808,-0.3378085,0.3368922,-0.0106901415,322.74893,105.65309,-11.576198,WAL
1974057331000,186.539943,1.55927814597734,-11.9739550567396,-2.3180157046563,-0.52564955,0.2507602,-0.15760323,322.62756,105.54823,-11.252214,WAL
1974062310000,186.544922,0.964157195794931,-12.2257372932028,-1.75951755570276,-0.6918049,0.059864793,-0.2660318,322.47894,105.47009,-10.898577,WAL
1974067309000,186.549921,0.243831361026121,-12.2191793218857,-1.30804087465501,-0.7867944,-0.055588737,-0.33505958,322.33157,105.40556,-10.555756,WAL
1974072315000,186.554927,-0.60433747477365,-11.9447714386513,-0.968773361173899,-0.81336707,-0.269697,-0.35155296,322.10156,105.36348,-10.221537,WAL
1974077306000,186.559918,-1.25768631280273,-11.6941318632813,-0.852914695118164,-0.79809546,-0.4156938,-0.37720928,321.89496,105.33068,-9.975977,WAL
1974082298000,186.56491,-1.76657386405273,-11.4606973632813,-0.904270328993164,-0.68661255,-0.41783184,-0.36774087,321.67307,105.29276,-9.745358,WAL
1974087319000,186.569931,-2.04446634129902,-11.45365546875,-0.895613338155637,-0.5170974,-0.3100141,-0.3136793,321.4798,105.29456,-9.66231,WAL
1974092313000,186.574925,-2.10796164444444,-11.6539096666667,-0.832118091111111,-0.32375857,-0.1554652,-0.24404067,321.30414,105.2719,-9.585228,WAL
1974097288000,186.5799,-1.96243921371263,-12.0927123822565,-0.63901773412054,-0.112399206,-0.03268129,-0.15790866,321.1582,105.287895,-9.622216,WAL
1974102338000,186.58495,-1.64996927060752,-12.7269797207329,-0.340539052201543,0.058337633,0.028405234,-0.115453534,321.04395,105.27457,-9.659644,WAL
1974107371000,186.589983,-1.28143238754323,-13.4070018934068,0.0255842513946418,0.20677789,0.09193522,-0.118507855,320.97687,105.2199,-9.703753,WAL
1974112309000,186.594921,-0.863610333916017,-14.1213427499525,0.452391752718981,0.3454443,0.14660765,-0.19547687,320.92618,105.12662,-9.734857,WAL
1974117294000,186.599906,-0.440992352504179,-14.7783284987463,0.809938529795236,0.48166725,0.13133603,-0.29932398,320.87814,104.92516,-9.696041,WAL
1974122321000,186.604933,-0.0134827701880485,-15.3366059435855,1.05135574078562,0.61208695,0.076052725,-0.4175264,320.83066,104.68373,-9.632219,WAL
1974127311000,186.609923,0.294517194640339,-15.6163413314528,1.1114634461213,0.75411314,0.02076942,-0.5195409,320.76794,104.30139,-9.471333,WAL
1974132306000,186.614918,0.47239233736697,-15.5887400976407,0.970390017861264,0.89675015,-0.02076942,-0.6264423,320.68958,103.877144,-9.281894,WAL
1974137286000,186.619898,0.649733320505834,-15.5612217504167,0.82974023352994,1.0564915,-0.05467244,-0.7290677,320.58325,103.343956,-9.007565,WAL
1974142314000,186.624926,0.683347443419169,-15.3505646971899,0.703215317149268,1.212262,-0.10598512,-0.8384125,320.4594,102.772224,-8.709953,WAL
1974147288000,186.6299,0.449218643286676,-14.8059603264238,0.606509947109734,1.3906348,-0.18600847,-0.93645644,320.31885,102.158516,-8.395527,WAL
1974152308000,186.63492,0.151825462105559,-14.1858856058394,0.52970872571589,1.5604553,-0.27305678,-1.03786,320.14642,101.50317,-8.020661,WAL
1974157311000,186.639923,-0.211353839233577,-13.4909129111922,0.475904377493917,1.7562376,-0.34605515,-1.1490375,319.9578,100.80004,-7.6253247,WAL
1974162303000,186.644915,-0.6226499574128,-12.7726615842673,0.408075077690374,1.9859229,-0.36102137,-1.2318097,319.76788,100.09787,-7.2581363,WAL
1974167312000,186.649924,-1.13013850545197,-12.0038921007646,0.312606942782026,2.2452352,-0.37690386,-1.2690725,319.56232,99.35683,-6.88176,WAL
1974172292000,186.654904,-1.59728024015857,-11.4229587928459,0.249104679661658,2.3722951,-0.34300083,-1.3466524,319.3762,98.657524,-6.549327,WAL
1974177307000,186.659919,-2.01791538789527,-11.0820224763529,0.226965990595556,2.652377,-0.26450464,-1.4046847,319.20752,97.90609,-6.217244,WAL
1974182268000,186.66488,-2.46331506206896,-10.880431408867,0.192290958866995,2.9217684,-0.16249016,-1.4581354,319.06885,97.252525,-5.970225,WAL
1974187325000,186.669937,-3.00375142068965,-11.0751831032472,0.119259022634965,3.143818,-0.086132,-1.496009,318.9557,96.60352,-5.7171884,WAL
1974192240000,186.674852,-3.52337201543499,-11.3515015796695,-0.0325259068911756,3.287066,-0.030848695,-1.5198327,318.88452,96.09044,-5.5617166,WAL
1974197280000,186.679892,-4.04010748409729,-11.8832878472092,-0.418823310071718,3.3441818,0.051923547,-1.5531249,318.8558,95.64422,-5.399513,WAL
1974202342000,186.684954,-4.5304797075826,-12.3803834136126,-0.813483968857195,3.3191364,0.17073683,-1.5464053,318.86057,95.43418,-5.369459,WAL
1974207343000,186.689955,-4.96281055978516,-12.8040676099476,-1.21555163838238,3.232699,0.30085114,-1.5427402,318.9067,95.33535,-5.335083,WAL
1974212320000,186.694932,-5.39040464596335,-13.2022990227836,-1.60166045611689,3.0909781,0.37568212,-1.5183055,318.98047,84.55545,-5.409434,WAL
1974217312000,186.699924,-5.80241529868252,-13.4532940135711,-1.90001288690441,2.9208522,0.36835176,-1.4782939,319.07922,84.37336,-5.4889464,WAL
1974222276000,186.704888,-6.2019861652639,-13.6938495556725,-2.20296872951955,2.7525587,0.3023783,-1.4153748,319.19278,84.11074,-5.6166544,WAL
1974227319000,186.709931,-6.52378889987726,-13.8632193694547,-2.56287980487463,2.6093109,0.21044308,-1.3429873,319.30304,83.82174,-5.7528815,WAL
1974232293000,186.714905,-6.84118862265474,-14.0302718092232,-2.91786645742592,2.5219572,0.17898351,-1.2950343,319.42822,83.51164,-5.8995457,WAL
1974237319000,186.719931,-7.14575406774356,-13.9941189094397,-3.21672123690056,2.4657576,0.18875736,-1.2589933,319.54297,83.19233,-6.056113,WAL
1974242245000,186.724857,-7.44104650711762,-13.9179143608279,-3.49772529232711,2.4666739,0.24404067,-1.2550226,319.66586,82.87073,-6.21062,WAL
1974247281000,186.729893,-7.45272093189964,-14.1090390367384,-3.20543697692652,2.4593434,0.28221974,-1.3301591,319.80212,82.58424,-6.3214803,WAL
1974252308000,186.73492,-7.40958242508961,-14.3506152154122,-2.80424863836918,2.355191,0.20708331,-1.491122,319.92603,82.331055,-6.4033766,WAL
1974257361000,186.739973,-7.06242366010573,-14.1651482087227,-2.88096259501558,2.1792617,0.09437868,-1.5515977,320.0608,82.08138,-6.4850774,WAL
1974262302000,186.744914,-6.54425082637591,-13.7318486760125,-3.23832311370716,2.0442605,0.16798794,-1.525636,320.23038,81.859375,-6.5465446,WAL
1974267312000,186.749924,-5.90720578711287,-13.3127791379131,-3.43392717006859,1.7492126,0.50579643,-1.5234979,320.44986,81.67966,-6.5924425,WAL
1974272317000,186.754929,-5.15998196618167,-12.9142595240075,-3.46381610209936,1.604743,0.7461719,-1.5176947,320.662,81.49299,-6.6442447,WAL
1974277309000,186.759921,-4.33811025038368,-12.4565848848956,-3.1539973013696,1.4972308,0.84299403,-1.4782939,320.88916,81.444084,-6.6085486,WAL
1974282299000,186.764911,-3.46079283085964,-11.9552607421078,-2.59697041142302,1.5378532,0.8362745,-1.4065173,321.1511,81.384865,-6.5891886,WAL
1974287314000,186.769926,-2.64309037338833,-11.5122553825237,-2.14218796107547,1.6212363,0.84635377,-1.3469579,321.3997,81.408844,-6.488853,WAL
1974292314000,186.774926,-1.88720637298096,-11.1269982280273,-1.78619096545473,1.7131716,0.9306532,-1.3261884,321.66312,81.412796,-6.403783,WAL
1974297285000,186.779897,-1.25617603217581,-10.8748646436154,-1.58624943306876,1.8133535,1.0876455,-1.3744467,321.90656,81.42192,-6.2515416,WAL
1974302312000,186.784924,-0.716428563393194,-10.7267923361445,-1.50982501791844,1.9260582,1.318858,-1.4278975,322.19177,81.399956,-6.1143584,WAL
1974307272000,186.789884,-0.334062164208791,-10.6822965626374,-1.49347667445055,2.0366247,1.557401,-1.4486669,322.48532,81.38337,-5.8999615,WAL
1974312277000,186.794889,-0.0794787233754579,-10.726190229304,-1.52859165361722,2.1248949,1.7928895,-1.452943,322.84048,81.340515,-5.6924324,WAL
1974317277000,186.799889,0.132558966852564,-10.7262200099359,-1.49794150121795,2.196366,1.9963076,-1.4535538,323.22705,81.307915,-5.398912,WAL
1974322282000,186.804894,0.265703185324786,-10.644285058547,-1.34431356094017,2.2427917,2.0845776,-1.4034629,323.6398,81.230774,-5.1368265,WAL
1974327270000,186.809882,0.337261351953353,-10.4418952930029,-1.26828470225948,2.2559254,2.1227567,-1.351234,324.07535,81.152794,-4.830796,WAL
1974332292000,186.814904,0.341643156763848,-10.1044961395773,-1.27704826612609,2.204002,2.130698,-1.2965615,324.51813,81.04923,-4.5572157,WAL
1974337272000,186.819884,0.292870412454403,-9.79819078481145,-1.36744546464013,2.1245892,2.1786509,-1.2257011,324.97977,80.899284,-4.28457,WAL
1974342275000,186.824887,0.107685803602319,-9.56295623660295,-1.66774488232529,2.0384574,2.1951442,-1.1603385,325.4257,80.74055,-4.0403337,WAL
1974347257000,186.829869,-0.0942692820773057,-9.29301183832455,-1.96679081769973,1.9404135,2.1844542,-1.0873401,325.87704,80.56042,-3.8163528,WAL
1974352232000,186.834844,-0.326543297242464,-8.96119205919809,-2.26542881690379,1.8698585,2.2015584,-1.0140363,326.33093,80.37825,-3.6263018,WAL
1974357216000,186.839828,-0.578485440725076,-8.58087130586103,-2.54759838036254,1.8090774,2.204002,-0.93615097,326.78186,80.21113,-3.461257,WAL
1974362228000,186.84484,-0.868509363323263,-8.10716543186304,-2.79895245166163,1.749518,2.239432,-0.8949176,327.23773,80.05405,-3.3197703,WAL
1974367217000,186.849829,-1.15414987339459,-7.69936149308963,-2.92902295870394,1.7299703,2.2983804,-0.8200866,327.73444,79.8966,-3.1956801,WAL
1974372230000,186.854842,-1.43569726933829,-7.40373678369661,-2.84455868602287,1.745242,2.296548,-0.7510588,328.2154,79.74016,-3.0896356,WAL
1974377189000,186.859801,-1.68142437178607,-7.08612987243189,-2.76461435610494,1.7330247,2.2559254,-0.7189884,328.7416,79.58912,-3.0032845,WAL
1974382230000,186.864842,-1.85679882880928,-6.70615175504541,-2.69154172926337,1.7030923,2.1691825,-0.7110472,329.24683,79.43536,-2.9349532,WAL
1974387200000,186.869812,-2.01333873015525,-6.32854317785629,-2.60424051294785,1.6633861,2.0894647,-0.7128797,329.78247,79.236565,-2.911015,WAL
1974392228000,186.87484,-2.13793635316481,-5.94037382168591,-2.48443515239849,1.6013832,2.0124955,-0.71685034,330.29022,79.05409,-2.8916533,WAL
1974397207000,186.879819,-2.22326069378659,-5.56949295180359,-2.40666157252125,1.5378532,1.8851302,-0.7104363,330.78894,78.843605,-2.898994,WAL
1974402323000,186.884935,-2.22788721964117,-5.21787660037772,-2.41591457592068,1.459968,1.781283,-0.70096785,331.26947,78.65729,-2.910036,WAL
1974407310000,186.889922,-2.23875961505259,-4.88809217244493,-2.38085420397896,1.3784174,1.7201965,-0.6954701,331.7546,78.446014,-2.9435186,WAL
1974412303000,186.894915,-2.27197237924191,-4.60341076324668,-2.19106654830323,1.2935071,1.6856827,-0.6759224,332.21436,78.258545,-2.9859316,WAL
1974417294000,186.899906,-2.30694012407443,-4.32461592643219,-2.0379694456742,1.235475,1.640784,-0.6789767,332.66504,78.07402,-3.0232842,WAL
1974422317000,186.904929,-2.34912055124708,-4.06684739964926,-2.02859605003897,1.1343768,1.604743,-0.6914995,333.10583,77.926674,-3.067898,WAL
1974427300000,186.909912,-2.38953176805623,-3.82814636548715,-1.96813357741154,1.010982,1.6636915,-0.6960809,333.58328,77.75232,-3.1320193,WAL
1974432299000,186.914911,-2.42202042171595,-3.68426763365972,-1.62004014652448,0.9120218,1.6982054,-0.69027776,334.04202,77.60117,-3.1981177,WAL
1974437285000,186.919897,-2.4520693512595,-3.5416033562375,-1.28210321833267,0.79901177,1.6978999,-0.6973027,334.52353,77.47065,-3.2696497,WAL
1974442311000,186.924923,-2.45688072638944,-3.40688475211915,-1.04153424077969,0.6789767,1.6957619,-0.7122689,335.01245,77.37027,-3.3482265,WAL
1974447332000,186.929944,-2.46346978790684,-3.27458434631233,-0.79906997718722,0.50610185,1.7030923,-0.7098254,335.52972,77.235634,-3.4543598,WAL
1974452329000,186.934941,-2.48728548891211,-3.16503202221559,-0.537097097025978,0.3811799,1.6972891,-0.70707655,336.04175,77.12169,-3.561375,WAL
1974457289000,186.939901,-2.51019304893617,-3.05851609308511,-0.276555775691489,0.24495697,1.6960673,-0.689056,336.57468,76.99643,-3.6856995,WAL
1974462342000,186.944954,-2.52449315839243,-2.97748218927305,-0.00485350190602835,0.118202426,1.6823229,-0.66706485,337.10007,76.900795,-3.8163025,WAL
1974467448000,186.95006,-2.53820785118624,-2.90035589525502,0.261746422689463,0.060170226,1.6441438,-0.6591236,337.63354,76.74442,-3.9667513,WAL
1974472363000,186.954975,-2.54272902801844,-2.88227118792623,0.424508916114686,-0.062308256,1.6071864,-0.63041294,338.15875,76.63457,-4.133434,WAL
1974477671000,186.960283,-2.54505393170543,-2.86309967410853,0.597235489023256,-0.17715092,1.5693128,-0.6078109,338.684,76.43823,-4.3174577,WAL
1974482325000,186.964937,-2.48890901372093,-2.8544619944186,0.679293518232558,-0.28221974,1.5109752,-0.5815437,339.1893,76.26938,-4.5118265,WAL
1974487300000,186.969912,-2.42889161643411,-2.84522854868217,0.767011329860465,-0.39003745,1.4358387,-0.54305923,339.6917,76.05561,-4.71393,WAL
1974492322000,186.974934,-2.31867222186959,-2.7442221717061,0.763210176303135,-0.4990769,1.3567317,-0.5149594,340.1741,75.87111,-4.920711,WAL
1974497348000,186.97996,-2.20294559919215,-2.63312456366609,0.74932293904597,-0.6102544,1.2638801,-0.48716503,340.6277,75.7134,-5.1354675,WAL
1974502400000,186.985012,-2.04890084726514,-2.55136929607516,0.692305141987474,-0.72051555,1.1957687,-0.45478916,341.0821,75.57459,-5.3305817,WAL
1974507270000,186.989882,-1.89311274987474,-2.47834359524008,0.629016253793319,-0.82711154,1.1273518,-0.42455134,341.50696,75.46171,-5.5291967,WAL
1974512331000,186.994943,-1.78722616710101,-2.46653858151269,0.631047453574998,-0.95081174,1.0421361,-0.37995818,341.9171,75.39209,-5.694676,WAL
1974517291000,186.999903,-1.68949715916528,-2.46188482154404,0.640354958934065,-1.0790935,0.9569204,-0.3381139,342.30405,75.34678,-5.8656735,WAL
1974522322000,187.004934,-1.62399106688125,-2.50519702791122,0.74554629127402,-1.2134838,0.88117313,-0.2941316,342.6473,75.35219,-6.0141597,WAL
1974527332000,187.009944,-1.56406240767679,-2.55590580452537,0.865403638564566,-1.3677273,0.7861836,-0.2501493,342.95654,75.38706,-6.1682925,WAL
1974532309000,187.014921,-1.62600394905211,-2.64487334848635,1.03976557367543,-1.5164729,0.6728681,-0.19853121,343.26364,75.457214,-6.279751,WAL
1974537366000,187.019978,-1.72214271408437,-2.74581909945409,1.23204312381737,-1.6649132,0.52381694,-0.14569137,343.52863,75.55556,-6.3963985,WAL
1974542313000,187.024925,-1.81314678955479,-2.91154141155822,1.50176117446728,-1.8093829,0.3643811,-0.08552113,343.75006,75.669334,-6.511982,WAL
1974547365000,187.029977,-1.90519786284247,-3.10024615505137,1.80092704250381,-1.969735,0.21533,-0.029932396,343.92764,75.81158,-6.6314373,WAL
1974552355000,187.034967,-2.01496019,-3.451960035,2.221340305,-2.1233675,0.0729984,0.06536258,344.11005,75.94976,-6.765202,WAL
1974557333000,187.039945,-2.13340330026915,-3.88131619377847,2.70004781984472,-2.2632558,0.008246681,0.17470746,344.26663,76.1063,-6.9122624,WAL
1974562306000,187.044918,-2.20462482320611,-4.73845768480916,3.33855531633588,-2.3634377,-0.14477506,0.23365596,344.38678,76.2564,-7.0728154,WAL
1974567298000,187.04991,-2.25936610442748,-5.75117200664122,4.03650722351145,-2.4013114,-0.2843578,0.37720928,344.47977,76.385666,-7.280636,WAL
1974572317000,187.054929,-2.18382629160811,-7.47748561982534,4.85389433661915,-2.3952026,-0.3744604,0.56046885,344.5585,76.507484,-7.53874,WAL
1974577303000,187.059915,-2.03523678488255,-9.59129171119253,5.73105165687613,-2.2898283,-0.30085114,0.7125743,344.63654,76.58223,-7.82305,WAL
1974582285000,187.064897,-1.57021363281473,-11.7074273486264,7.6121122742577,-1.9727893,-0.13683382,0.80878556,344.71167,76.52128,-8.131488,WAL
1974587314000,187.069926,-0.924255324439922,-13.845771545648,10.0712090776986,-1.2525792,-0.1518,0.8332202,344.7474,76.32854,-8.444681,WAL
1974592310000,187.074922,0.381407529502282,-15.5308302047119,11.947462765892,-0.09437868,-0.38606682,0.52870387,344.7437,75.993546,-8.576662,WAL
1974597374000,187.079986,2.41948375730235,-16.7660286383317,13.2392734198238,0.90102625,-0.50488013,-0.06658431,344.77524,75.599754,-8.625065,WAL
1974602376000,187.084988,4.14151246362735,-17.5874594608523,12.7786418716551,1.4043792,-0.28924468,-0.54183745,344.7429,75.102455,-8.4806385,WAL
1974607384000,187.089996,5.68157694172448,-18.1578527928642,11.2195643652131,1.5711454,0.35521814,-0.6973027,344.81305,74.50326,-8.281333,WAL
1974612304000,187.094916,6.08715423607632,-18.3579903572943,9.52538490809405,1.5219707,1.0354166,-0.6957755,344.80255,74.01644,-7.701162,WAL
1974617305000,187.099917,5.71796063952592,-18.3072266895356,7.68864781335517,1.4193454,1.5262468,-0.7147123,344.9598,73.48166,-7.145569,WAL
1974622313000,187.104925,4.9061685869898,-17.283785902551,6.19822177520408,1.294118,1.7977765,-0.72143185,345.17236,73.2382,-6.406012,WAL
1974627309000,187.109921,3.66608568229592,-15.3162525160204,5.05090067308163,1.1429288,1.8756617,-0.6933321,345.4895,72.97207,-5.747436,WAL
1974632287000,187.114899,2.40849461754667,-13.1030722844444,4.22491251342222,0.9477574,1.8329011,-0.67103547,345.91068,72.8742,-5.160566,WAL
1974637320000,187.119932,1.11839889536593,-10.6514147224691,3.65841299572346,0.7318166,1.7595973,-0.625526,346.3366,72.786865,-4.6320314,WAL
1974642309000,187.124921,0.0623488792031715,-8.35282658553023,3.38524269399405,0.5195409,1.6490307,-0.56505036,346.80292,72.71112,-4.2991676,WAL
1974647348000,187.12996,-0.798538671278494,-6.15278020812686,3.37567728364718,0.29779682,1.4972308,-0.47067168,347.2155,72.68215,-3.9982705,WAL
1974652303000,187.134915,-1.4867316220427,-4.49347099557607,3.30630646018465,0.05955936,1.3326025,-0.33108896,347.66525,72.64856,-3.9098282,WAL
1974657326000,187.139938,-2.02800914555684,-3.30913764050779,3.17677001457011,-0.16768251,1.251052,-0.16371189,348.0743,72.663826,-3.8564334,WAL
1974662304000,187.144916,-2.56465331207017,-2.72034966694907,3.09280084789196,-0.39706242,1.1355985,-0.07269296,348.46005,72.62681,-3.9504473,WAL
1974667334000,187.149946,-3.10719894847005,-2.92680502177813,3.06879431684441,-0.5149594,1.0711522,0.108123146,348.81308,72.603096,-4.113778,WAL
1974672293000,187.154905,-3.57405768007929,-3.4774533947671,3.18068242817641,-0.7538077,0.9923506,0.26939157,349.15085,72.60784,-4.378817,WAL
1974677305000,187.159917,-3.9498672753221,-4.52401154874133,3.48513569759167,-0.979217,0.7996226,0.39614612,349.42575,72.62387,-4.6705146,WAL
1974682283000,187.164895,-4.21842052273807,-5.83737675271233,3.7855149500099,-1.178359,0.44226643,0.47708577,349.65005,72.66919,-5.0486283,WAL
1974687317000,187.169929,-4.32818300088101,-7.58880596294793,4.08616912997426,-1.3408492,-0.024129177,0.52503866,349.7823,72.74514,-5.4280605,WAL
1974692253000,187.174865,-4.55925758081624,-9.64447512051722,4.14507412346702,-1.4437801,-0.6020077,0.5342017,349.80066,72.83602,-5.818438,WAL
1974697364000,187.179976,-5.01416518465502,-12.3640310437418,3.7940041338317,-1.4443909,-1.248914,0.54550266,349.6674,72.92225,-6.1768155,WAL
1974702268000,187.18488,-5.31109932572586,-14.4610625158677,3.05908172903444,-1.3933836,-1.7895297,0.6001751,349.4178,73.051865,-6.4845324,WAL
1974707324000,187.189936,-5.39984112381595,-15.8248842548471,1.68124828120961,-1.2834278,-2.1218405,0.6169739,349.0544,73.156364,-6.742697,WAL
1974712245000,187.194857,-5.43839678336738,-16.943249543916,0.713730562153487,-1.1273518,-2.0702224,0.6649268,348.69098,73.34185,-6.9932847,WAL
1974717312000,187.199924,-5.37231760315144,-17.6323600653633,0.543812825065655,-0.88208944,-1.720502,0.70096785,348.32938,73.46062,-7.2276893,WAL
1974722252000,187.204864,-4.97790741973501,-18.2162094047619,0.545587003237697,-0.48166725,-1.2831224,0.64660084,348.00223,73.670845,-7.441515,WAL
1974727308000,187.20992,-3.61762305711297,-18.5586932142857,1.03278105783025,0.112704635,-0.977079,0.5195409,347.7453,73.75602,-7.650087,WAL
1974732302000,187.214914,-2.3230086531869,-18.1557748876797,1.16845745119609,0.66950834,-0.9624182,0.29443705,347.532,73.80132,-7.794873,WAL
1974737299000,187.219911,-1.16676028675719,-15.6473841603435,0.322771666896965,0.9062186,-1.1297953,-0.032070424,347.37286,73.80327,-7.8778105,WAL
1974742330000,187.224942,-0.212977393397242,-13.0799217876357,-0.553688948860413,0.73273283,-1.2421945,-0.35338554,347.1898,73.87083,-7.7170935,WAL
1974747376000,187.229988,0.1462779246816,-10.3855068526851,-1.50382472664384,0.2782491,-1.0952814,-0.52534413,347.04617,73.971924,-7.519276,WAL
1974752341000,187.234953,0.383962664124506,-7.90424548854304,-2.19932442703032,-0.31948254,-0.8906415,-0.6267477,346.8393,74.244484,-7.1659307,WAL
1974757323000,187.239935,0.214652331398155,-6.01280719056068,-2.05420128757984,-0.9016371,-0.8717047,-0.66828656,346.62628,74.63687,-6.7856245,WAL
1974762326000,187.244938,-0.046582193956012,-4.40522150179246,-1.89075544402674,-1.1591167,-0.9828822,-0.64904433,346.40698,75.116615,-6.4126267,WAL
1974767288000,187.2499,-0.585275471576398,-3.705380704486,-1.6743572442399,-1.5415184,-1.2147056,-0.5131268,346.1482,75.76389,-6.0580807,WAL
1974772292000,187.254904,-1.11926274930354,-3.06705992871029,-1.54896087998797,-1.7794504,-1.491122,-0.37507126,345.8552,76.353355,-5.760113,WAL
1974777307000,187.259919,-1.61017606872432,-2.7494101101413,-1.86661074881251,-1.9346102,-1.7608191,-0.27916542,345.4893,77.00523,-5.4775577,WAL
1974782283000,187.264895,-2.07507166889226,-2.49082226287304,-2.19681395407183,-2.0314324,-1.92392,-0.19761491,345.10623,77.60732,-5.3137183,WAL
1974787287000,187.269899,-2.4386706615478,-2.49567024539201,-2.5991967056348,-2.0751092,-2.0393736,-0.10170906,344.65366,78.21567,-5.1715903,WAL
1974792313000,187.274925,-2.79680913363422,-2.55540807476452,-2.99027141355965,-2.07572,-2.130698,0.01282817,344.2039,78.806465,-5.1162033,WAL
1974797359000,187.279971,-3.12870859540816,-2.83041051989796,-3.33165381045918,-2.0836613,-2.2296581,0.1459968,343.715,79.38063,-5.0896835,WAL
1974802323000,187.284935,-3.43577911264869,-3.10381852917327,-3.67047738217684,-2.0882428,-2.345417,0.28710666,343.2236,79.9316,-5.13762,WAL
1974807313000,187.289925,-3.64895044849326,-3.39278409687748,-4.02576290894132,-2.0540345,-2.4297166,0.42577308,342.71185,80.4293,-5.220152,WAL
1974812297000,187.294909,-3.82934319577117,-3.68954219756941,-4.36320692012647,-2.007914,-2.454762,0.5751296,342.19458,80.8813,-5.3926086,WAL
1974817297000,187.299909,-3.81988088967493,-4.03491666649541,-4.59976467133682,-1.9498819,-2.3930645,0.7489208,341.6801,81.251175,-5.609453,WAL
1974822311000,187.304923,-3.79618619106079,-4.40515050683353,-4.78862405641637,-1.9077321,-2.2675319,0.9211848,341.178,81.55423,-5.905608,WAL
1974827344000,187.309956,-3.67171242258641,-4.94613251984505,-4.63542549523242,-1.8365663,-2.1245892,1.078788,340.70438,81.74306,-6.245521,WAL
1974832311000,187.314923,-3.54869945198528,-5.50011238553167,-4.47232592678675,-1.7687603,-2.026851,1.2220359,340.23486,81.843575,-6.6418266,WAL
1974837330000,187.319942,-3.42301836482665,-6.22161434145846,-4.21165434834399,-1.6930131,-1.9871446,1.3713925,339.7975,81.81442,-7.082753,WAL
1974842469000,187.325081,-3.2920279010107,-6.97234669340595,-3.96189611025415,-1.6285667,-1.9230038,1.518611,339.36902,81.67552,-7.5575356,WAL
1974847351000,187.329963,-3.14063152881955,-7.82567214886665,-3.92519397103326,-1.5699236,-1.8020525,1.6618589,338.97784,81.42237,-8.07009,WAL
1974852578000,187.33519,-2.96746025811814,-8.7444663005797,-3.88692828812341,-1.4947872,-1.6404786,1.8081611,338.59808,81.07745,-8.603818,WAL
1974857357000,187.339969,-2.64513805827145,-9.66100147975854,-3.86719428990562,-1.4272866,-1.5460999,1.9569068,338.24387,80.643875,-9.172282,WAL
1974862303000,187.344915,-2.31155245449624,-10.6095645674795,-3.84677069601878,-1.4123205,-1.3408492,2.0448713,337.9487,80.18891,-9.72035,WAL
1974867353000,187.349965,-1.97095251534039,-11.578073179083,-3.82591765333206,-1.3747523,-1.1145236,2.2021692,337.69653,79.644394,-10.320653,WAL
1974872251000,187.354863,-1.64060429712547,-12.5174306403967,-3.80569226658363,-1.328021,-0.9092729,2.2855523,337.50894,79.078835,-10.9145975,WAL
1974877347000,187.359959,-1.25870989052787,-13.5107860991613,-3.6710258326591,-1.3130548,-0.6976081,2.2739458,337.39316,101.5231,-11.522685,WAL
1974882268000,187.36488,-0.882062163429699,-14.4733303003453,-3.51757667125802,-1.3744467,-0.5161811,2.191479,337.33856,102.13553,-12.121587,WAL
1974887333000,187.369945,-0.328265332675382,-14.818782241892,-3.4588575782856,-1.4618006,-0.3368922,2.074193,337.28137,102.550224,-12.506461,WAL
1974892249000,187.374861,0.249600003470712,-14.9973094236104,-3.42597095603233,-1.5415184,-0.14508049,1.9233092,337.28528,102.938255,-12.848019,WAL
1974897420000,187.380032,0.861298775635349,-14.6321399147907,-3.24653833767442,-1.5885551,0.025045475,1.7589865,337.29752,103.18607,-13.037764,WAL
1974902291000,187.384903,1.4384398857786,-14.1548054768372,-3.04258616930233,-1.6209309,0.16768251,1.5500705,337.35626,103.391136,-13.168453,WAL
1974907352000,187.389964,1.96976356129731,-13.4706149009487,-2.60715992321336,-1.6575829,0.21777347,1.3041973,337.38385,103.45112,-13.141192,WAL
1974912304000,187.394916,2.45393505846138,-12.7027875634217,-2.06430112350211,-1.6927075,0.06536258,1.0189233,337.38528,103.460815,-13.050339,WAL
1974917358000,187.39997,2.70942888847984,-11.8878703452647,-1.41912092710248,-1.6826283,-0.34238997,0.7049385,337.28046,103.288765,-12.78476,WAL
1974922335000,187.404947,2.86684194725595,-11.073025704711,-0.747800223108305,-1.668273,-0.91232723,0.41050145,337.06754,103.0687,-12.463717,WAL
1974927344000,187.409956,2.72904094566252,-10.2142075534973,-0.501157117692074,-1.6557503,-1.5460999,0.15974127,336.65237,102.75525,-12.059957,WAL
1974932328000,187.41494,2.43914852043729,-9.3396984363802,-0.47699941390829,-1.6560557,-2.0809124,-0.047647487,336.0922,102.39544,-11.606974,WAL
1974937360000,187.419972,2.03177829168678,-8.70699359322198,-1.02209043448103,-1.5925257,-2.3747387,-0.22052236,335.37137,101.99998,-11.140404,WAL
1974942334000,187.424946,1.57644665188761,-8.19647038795018,-1.8223701412996,-1.4676038,-2.4828618,-0.36132678,334.55566,101.56807,-10.638334,WAL
1974947401000,187.430013,1.0563551747491,-7.88567951766359,-2.47148901726214,-1.3408492,-2.529593,-0.47739118,333.69476,101.20018,-10.193136,WAL
1974952324000,187.434936,0.516941867117623,-7.71060693591931,-3.00143894930751,-1.2687671,-2.5378397,-0.5369505,332.824,100.81625,-9.728206,WAL
1974957308000,187.43992,0.044429896004922,-7.64496580831282,-3.45421563934919,-1.2507466,-2.5030203,-0.539394,331.98062,100.55107,-9.339752,WAL
1974962306000,187.444918,-0.383129870278917,-7.64932875116216,-3.85559818132349,-1.2415836,-2.3848178,-0.5299256,331.16626,100.28161,-8.936678,WAL
1974967295000,187.449907,-0.80535190549282,-7.70168764817232,-4.18243574879243,-1.2238685,-2.2171354,-0.49266282,330.4136,100.178246,-8.6524,WAL
1974972299000,187.454911,-1.22243055299935,-7.82159746801567,-4.40661554761749,-1.2287555,-1.9883664,-0.42210788,329.7181,100.10313,-8.375141,WAL
1974977311000,187.459923,-1.53376452215505,-7.99684170882496,-4.3248830217845,-1.2046263,-1.7168368,-0.35063666,329.10742,100.17375,-8.201253,WAL
1974982293000,187.464905,-1.76639083837153,-8.21085783812774,-4.02246896616285,-1.2400564,-1.4807373,-0.25900686,328.556,100.29074,-8.04697,WAL
1974987295000,187.469907,-1.96153847184543,-8.42448570741325,-3.60030536269716,-1.2907583,-1.3164146,-0.14446963,328.08127,100.514,-7.980363,WAL
1974992324000,187.474936,-2.12296396805008,-8.63813739836356,-3.06855083070781,-1.3613132,-1.1661417,-0.04917465,327.67203,100.772766,-7.9259434,WAL
1974997384000,187.479996,-2.2251741594548,-8.78364005431698,-2.54840588623835,-1.4309518,-0.97433007,0.05100725,327.32843,101.08001,-7.9415855,WAL
1975002318000,187.48493,-2.2682697094548,-8.86025405431698,-2.05520038623835,-1.4804319,-0.75441855,0.14172074,327.0388,101.415695,-7.971739,WAL
1975007312000,187.489924,-2.09864240693534,-8.83509527511494,-1.1649595847892,-1.5338826,-0.5665775,0.21930063,326.7936,101.749886,-8.047527,WAL
1975012308000,187.49492,-1.73826674969187,-8.71809049941309,0.0752945074342168,-1.5784758,-0.4813618,0.28863382,326.58527,102.10273,-8.137109,WAL
1975017279000,187.499891,-1.48243902360406,-8.58620396978719,0.847364158609918,-1.5613716,-0.4831944,0.36835176,326.3823,102.40984,-8.252874,WAL
1975022319000,187.504931,-1.33637496269036,-8.4354283157458,1.12064531753221,-1.4727961,-0.5742133,0.42149702,326.1818,102.70958,-8.375062,WAL
1975027309000,187.509921,-1.1897846651824,-8.32466022424893,1.15630693562232,-1.312444,-0.70341134,0.47067168,325.95026,102.88021,-8.499184,WAL
1975032304000,187.514916,-1.04047165691572,-8.26400157179087,0.88567713402263,-1.1206323,-0.8359691,0.5161811,325.70215,103.02897,-8.637006,WAL
1975037322000,187.519934,-0.887503774635897,-8.24730810071795,0.517522771737436,-0.91965765,-0.9101892,0.5519168,325.4544,103.17307,-8.806057,WAL
1975042331000,187.524943,-0.730063018671795,-8.3014279054359,-0.00399967684512814,-0.7324274,-0.93615097,0.5717699,325.1898,103.280876,-8.98236,WAL
1975047324000,187.529936,-0.612701251851852,-8.33595626440879,-0.513966702352941,-0.5867361,-0.93859446,0.5882632,324.89584,103.35593,-9.133227,WAL
1975052410000,187.535022,-0.545172357777778,-8.34560395008913,-1.02043357411765,-0.49663344,-0.9202685,0.59742624,324.60962,103.40489,-9.2825365,WAL
1975057314000,187.539926,-0.509535017331222,-8.3568687499505,-1.49101654686201,-0.46609017,-0.88239485,0.59589905,324.3078,103.43791,-9.382757,WAL
1975062352000,187.544964,-0.514311093197387,-8.37119677806375,-1.94952012924173,-0.47616947,-0.8341365,0.5885687,324.02475,103.462074,-9.477892,WAL
1975067263000,187.549875,-0.57056129684751,-8.40463254950591,-2.28769617210812,-0.54825157,-0.77549344,0.5815437,323.7247,103.58087,-9.593995,WAL
1975072356000,187.554968,-0.712320683832591,-8.47078727417167,-2.4625327635342,-0.677755,-0.73914695,0.5726862,323.44058,103.7079,-9.700535,WAL
1975077244000,187.559856,-0.860526730385704,-8.5373923685187,-2.5481236255932,-0.84116143,-0.7370089,0.5653558,323.1618,103.883156,-9.7890005,WAL
1975082354000,187.564966,-1.04211297795918,-8.61384926530612,-2.45733053673469,-1.0268645,-0.7611381,0.57726765,322.89188,104.085754,-9.8745,WAL
1975087285000,187.569897,-1.21350931541093,-8.68957947971496,-2.31270110614727,-1.1948525,-0.8185594,0.5910121,322.62292,104.33325,-9.969306,WAL
1975092313000,187.574925,-1.37821030516865,-8.77193023733967,-2.01532411870784,-1.3231341,-0.8344419,0.61666846,322.36395,104.607864,-10.063972,WAL
1975097298000,187.57991,-1.5369767972046,-8.84843621015067,-1.7059398565226,-1.4367551,-0.8732319,0.63285637,322.05258,104.961624,-10.232916,WAL
1975102467000,187.585079,-1.67928185742466,-8.90241352339413,-1.31337434100912,-1.5060883,-0.92485,0.6630942,321.74066,105.32901,-10.405894,WAL
1975107350000,187.589962,-1.8214772852459,-8.95337183606557,-0.953755745901639,-1.563815,-0.97249746,0.6927212,321.42413,105.71489,-10.625133,WAL
1975112348000,187.59496,-2.00582752314833,-9.00536811396405,-0.641778453632234,-1.5922203,-1.0106765,0.72418076,321.10394,106.10221,-10.845839,WAL
1975117293000,187.599905,-2.18657342712209,-9.06209011937984,-0.345876765991279,-1.6013832,-1.0564915,0.763887,320.7946,106.48577,-11.107909,WAL
1975122353000,187.604965,-2.36031073351744,-9.1560021503876,-0.129878942677326,-1.5906931,-1.0961977,0.79504114,320.48453,106.86211,-11.36764,WAL
1975127345000,187.609957,-2.52868625283482,-9.26408684946448,0.0645411117912941,-1.5430456,-1.1148291,0.8393288,320.1806,107.23112,-11.678923,WAL
1975132328000,187.61494,-2.65998176622777,-9.55950182804363,0.0317172334430579,-1.500285,-1.1191051,0.87689704,319.8789,107.590706,-11.986618,WAL
1975137592000,187.620204,-2.78470884743973,-9.8826536542638,-0.00171348325592748,-1.4193454,-1.0943651,0.91232723,319.59674,107.93683,-12.333756,WAL
1975142334000,187.624946,-2.76208821305041,-10.2807773391612,-0.0198100035223152,-1.3014483,-1.0567969,0.93523467,319.3265,108.25976,-12.674335,WAL
1975147580000,187.630192,-2.72820604428044,-10.7110931226937,-0.0468415395516605,-1.1392636,-1.0415252,0.97402465,319.07242,108.5589,-13.025569,WAL
1975152391000,187.635003,-2.59845788722082,-10.9929601196349,-0.149745243025442,-0.95356065,-1.0522153,0.9954049,318.829,108.82136,-13.364923,WAL
1975157748000,187.64036,-2.4425558455974,-11.29967910702,-0.276538631233845,-0.7761043,-1.1059716,1.0146471,318.5807,109.03816,-13.689383,WAL
1975162353000,187.644965,-2.12271455368666,-11.4472977234775,-0.584078356073454,-0.5751296,-1.1221595,1.0183123,318.34744,109.21001,-14.002019,WAL
1975167307000,187.649919,-1.77863338970711,-11.606103939749,-0.914925651807531,-0.4538729,-1.1172725,1.0112875,318.07825,109.424614,-14.344614,WAL
1975172353000,187.654965,-1.18086228230168,-11.7859584576322,-1.39959218037861,-0.23762658,-1.0491611,0.9816604,317.82733,109.575035,-14.667264,WAL
1975177244000,187.659856,-0.547506734435096,-11.9642364853766,-1.9015850895633,-0.010995574,-0.90224797,0.94042706,317.60562,109.69501,-14.968366,WAL
1975182351000,187.664963,0.277876158483789,-11.96131838808,-2.3434963269171,0.17959438,-0.6795876,0.8918633,317.39487,109.780205,-15.198399,WAL
1975187294000,187.669906,1.11417442121918,-11.9153679683557,-2.75245539833042,0.32986724,-0.4120286,0.8268061,317.24152,109.81889,-15.392806,WAL
1975192313000,187.674925,1.91585596555632,-11.5961029051937,-2.88252738819355,0.4089743,-0.15393804,0.7348709,317.10498,109.78786,-15.447653,WAL
1975197298000,187.67991,2.69686545126638,-11.1914832235143,-2.92016642263723,0.3631594,0.047647487,0.6114761,317.02728,109.73198,-15.460631,WAL
1975202385000,187.684997,3.09782636152174,-10.9396276782609,-2.69828616195652,0.23335053,0.1740966,0.44684792,316.9319,109.6226,-15.32807,WAL
1975207250000,187.689862,3.34183144605731,-10.7554730063241,-2.39443061674901,0.013133603,0.18142697,0.22174409,316.85196,109.49852,-15.141331,WAL
1975212346000,187.694958,3.17937809059401,-10.9696488414364,-1.94404282848753,-0.20738874,0.09407325,-0.024129177,316.73154,109.31182,-14.816601,WAL
1975217329000,187.699941,2.84399249504188,-11.3509776298257,-1.4478560580052,-0.3943135,-0.08032878,-0.24465153,316.58,109.12228,-14.4455805,WAL
1975222349000,187.704961,2.20298226666667,-11.7088035012723,-0.936090219312977,-0.5039638,-0.2843578,-0.39400807,316.37875,108.89552,-14.017945,WAL
1975227345000,187.709957,1.38972672533333,-12.0496888443766,-0.419892042836641,-0.56779927,-0.48166725,-0.47158796,316.12552,108.67541,-13.565242,WAL
1975232347000,187.714959,0.489683954091943,-12.1213359620366,-0.179260018980326,-0.5751296,-0.6093381,-0.49602258,315.84552,108.43977,-13.153057,WAL
1975237396000,187.720008,-0.461606831269402,-12.0591915822046,-0.0740921976845279,-0.5439755,-0.65179324,-0.46792278,315.53833,108.21406,-12.747361,WAL
1975242326000,187.724938,-1.21585233085455,-11.9474030287305,-0.244771793030613,-0.4615087,-0.5699373,-0.4156938,315.26675,108.00851,-12.465034,WAL
1975247353000,187.729965,-1.88969908260293,-11.8055405702709,-0.567902980277155,-0.33750305,-0.52381694,-0.33078352,314.98206,107.80523,-12.209169,WAL
1975252410000,187.735022,-2.37424352034085,-11.8372748750877,-0.79667125274787,-0.16768251,-0.3866777,-0.23762658,314.7889,107.6766,-12.109384,WAL
1975257451000,187.740063,-2.14677444706767,-12.5100025157895,-0.670837300330827,-0.08674286,-0.25473082,-0.20280726,314.61252,107.54855,-12.015989,WAL
1975262332000,187.744944,-1.89289894598625,-13.1538565929118,-0.487073400317614,0.06719518,-0.13255776,-0.16126843,314.49823,107.5543,-12.102223,WAL
1975267352000,187.749964,-1.501851445841,-13.7869813067687,-0.0587832459262128,0.2312125,-0.024129177,-0.17012598,314.41937,107.53809,-12.173847,WAL
1975272314000,187.754926,-1.11748430884741,-14.4003336998519,0.343173168580741,0.41141775,0.071776666,-0.22357668,314.36404,107.4154,-12.173899,WAL
1975277351000,187.759963,-0.741105828912592,-14.9434620921481,0.614737354779259,0.591623,0.08124508,-0.31642818,314.31366,107.25346,-12.158939,WAL
1975282327000,187.764939,-0.372513098717554,-15.4417088606999,0.8402869941617,0.7846564,0.0076358155,-0.42638394,314.2466,106.92772,-12.042658,WAL
1975287309000,187.769921,-0.0285048492462988,-15.6435267974428,0.734791123008075,0.96669424,-0.08460484,-0.54244834,314.17343,106.557014,-11.901777,WAL
1975292479000,187.775091,0.317659047037975,-15.8285700962025,0.620067915594937,1.151481,-0.1469131,-0.6560693,314.07257,106.05255,-11.666854,WAL
1975297320000,187.779932,0.487643812213007,-15.6545383649062,0.437941385704932,1.346347,-0.17348573,-0.77549344,313.95355,105.49906,-11.405648,WAL
1975302314000,187.784926,0.663000952738542,-15.475006353732,0.250058739501528,1.527774,-0.17959438,-0.906524,313.81146,104.868126,-11.059958,WAL
1975307300000,187.789912,0.646402442290544,-15.0906060041798,0.207668861684005,1.7076738,-0.19792034,-1.0415252,313.65894,104.19077,-10.6884165,WAL
1975312324000,187.794936,0.561490355796024,-14.630293087219,0.216606975806242,1.8726074,-0.22785273,-1.1774428,313.50262,103.47204,-10.287841,WAL
1975317309000,187.799921,0.271555061792285,-14.0174671507418,0.259096669454006,2.0528126,-0.25625798,-1.2843442,313.3367,102.71536,-9.842185,WAL
1975322364000,187.804976,-0.168978068207715,-13.2848411507418,0.326134324454006,2.2678373,-0.27977628,-1.359786,313.1677,101.9198,-9.376632,WAL
1975327351000,187.809963,-0.6690669315972,-12.6160698954351,0.308563659728403,2.511267,-0.24770586,-1.4208726,313.01376,101.11049,-8.91576,WAL
1975332330000,187.814942,-1.21697466987778,-11.9884667633971,0.228867974710122,2.796541,-0.18020524,-1.4544702,312.87103,100.272964,-8.449463,WAL
1975337274000,187.819886,-1.7459785566006,-11.702774705912,0.268234231392341,3.1025846,-0.086437434,-1.4819591,312.7626,99.48422,-8.058715,WAL
1975342362000,187.824974,-2.28202242949278,-11.5963843182734,0.374624614758146,3.3921347,-0.04642576,-1.5189165,312.6676,98.691246,-7.663388,WAL
1975347317000,187.829929,-2.82207376099694,-11.6532578439877,0.384566852742318,3.5863898,-0.04550946,-1.5757269,312.61075,98.033485,-7.3730316,WAL
1975352382000,187.834994,-3.42355272006719,-12.1516946802687,0.137744781136251,3.6661077,-0.04062254,-1.6038266,312.5789,97.43717,-7.0881376,WAL
1975362239000,187.844851,-4.59409133794586,-13.1217029517834,-0.342595822974509,3.5433238,-0.01160644,-1.6948457,312.59784,96.76636,-6.754678,WAL
1975367258000,187.84987,-5.18738100906561,-13.6003342838966,-0.672459399801193,3.3396003,-0.0106901415,-1.713477,312.63837,83.257095,-6.72928,WAL
1975372215000,187.854827,-5.7630881716501,-14.0155983358847,-1.31895000939364,3.0980031,-0.04062254,-1.7085901,312.68933,83.19209,-6.702522,WAL
1975377203000,187.859815,-6.31460617517127,-14.3730480677236,-2.00069689259151,2.8527408,-0.14782938,-1.6719382,312.74823,82.92797,-6.8564954,WAL
1975382242000,187.864854,-6.74910344329614,-14.4675039205324,-2.82718614713251,2.6245825,-0.25900686,-1.5882497,312.80423,82.6494,-7.0131774,WAL
1975387210000,187.869822,-7.17186687616497,-14.550645256444,-3.60350069772566,2.4297166,-0.26053402,-1.5146403,312.86688,82.36148,-7.2003584,WAL
1975392204000,187.874816,-7.56345195383605,-14.5748171654705,-4.15462057689275,2.2855523,-0.21899518,-1.4724907,312.91425,82.08416,-7.3852916,WAL
1975397227000,187.879839,-7.89529896946489,-14.6391659562363,-4.62805125864333,2.233018,-0.11209377,-1.488984,312.98688,81.84668,-7.5650964,WAL
1975402209000,187.884821,-7.91902659924408,-14.900170428884,-4.6992344452954,2.175902,0.09468412,-1.6065756,313.10284,81.653465,-7.7130446,WAL
1975407190000,187.889802,-7.88235122121272,-15.0628256866482,-4.79376592287182,2.0399845,0.36713,-1.6801848,313.2596,81.5199,-7.8040524,WAL
1975412189000,187.894801,-7.50412143098953,-14.6704120855224,-5.02070403397195,1.9297233,0.9080512,-1.6426166,313.55246,81.397675,-7.8932176,WAL
1975417218000,187.89983,-7.07018256204525,-14.256469143028,-5.12087722541613,1.675298,1.3732251,-1.6136005,313.8943,81.362816,-7.9153028,WAL
1975422203000,187.904815,-6.28505698669391,-13.7187772946277,-4.36906002587461,1.4596626,1.6053538,-1.5406022,314.3171,81.317696,-7.96128,WAL
1975427197000,187.909809,-5.45081242724703,-13.1832094795282,-3.60276798915968,1.4300356,1.68385,-1.4165965,314.80008,81.33878,-7.9480047,WAL
1975432227000,187.914839,-4.25803422867031,-12.6666518201404,-2.73401216190291,1.5170839,1.6291776,-1.2608259,315.29974,81.34224,-7.965184,WAL
1975437220000,187.919832,-3.08104789716914,-12.1782348131635,-1.91019682278839,1.6630806,1.5393804,-1.1160508,315.7929,81.34098,-7.9509835,WAL
1975442190000,187.924802,-1.99831970467091,-12.0001861082803,-1.57816017239915,1.8512272,1.5271631,-1.063211,316.28323,81.30571,-7.957132,WAL
1975447224000,187.929836,-0.942919571864641,-11.8306234326164,-1.25343450332478,1.9486601,1.5476271,-1.0687088,316.7221,81.29647,-7.8982296,WAL
1975452221000,187.934833,-0.286656038756906,-11.7645250925414,-1.04097508825967,2.107485,1.6349808,-1.1701124,317.17093,81.2601,-7.833351,WAL
1975457248000,187.93986,0.343788768041601,-11.6908541126374,-0.868481633683281,2.191479,1.6841555,-1.2559389,317.57797,81.327805,-7.6238356,WAL
1975462193000,187.944805,0.59005421233124,-11.5282261043956,-1.21697046536499,2.2553146,1.7675385,-1.312444,318.015,81.37337,-7.4081607,WAL
1975467444000,187.950056,0.830706280542488,-11.3450330263237,-1.54368807857071,2.2678373,1.9590448,-1.3497068,318.48065,81.49095,-7.0506353,WAL
1975472190000,187.954802,0.798861527845061,-11.0538810559504,-1.32077499969973,2.3151793,2.0295997,-1.3439035,318.9309,81.55751,-6.7046137,WAL
1975477426000,187.960038,0.751910043248569,-10.724344015952,-1.12572459604016,2.3341162,1.9767599,-1.2647965,319.3758,81.650665,-6.329289,WAL
1975482229000,187.964841,0.561998666089894,-10.3186241454443,-1.57892228154265,2.3512204,2.0295997,-1.2034045,319.86435,81.70126,-5.97188,WAL
1975487192000,187.969804,0.365760863708361,-9.89938872647086,-2.04721712084076,2.307849,2.1578815,-1.1808025,320.37378,81.68579,-5.6359906,WAL
1975492200000,187.974812,0.237689882805494,-9.52919013908366,-2.11791216182883,2.204002,2.2229385,-1.1209377,320.8708,81.62837,-5.343975,WAL
1975497235000,187.979847,0.117269195632312,-9.16329638440111,-2.14106996991643,2.0891593,2.218357,-1.047023,321.37616,81.55022,-5.0793214,WAL
1975502225000,187.984837,-0.0883232213361178,-8.73796526187741,-2.36202340015663,1.9730947,2.1783454,-0.97005403,321.8766,81.495964,-4.865654,WAL
1975507192000,187.989804,-0.311833711256552,-8.30087807873029,-2.62526905818106,1.8747455,2.2000313,-0.8891144,322.38083,81.438065,-4.688004,WAL
1975512194000,187.994806,-0.623020039045861,-7.95486080975515,-2.91557839468519,1.8206838,2.2351558,-0.8032878,322.88718,81.35235,-4.534198,WAL
1975517187000,187.999799,-0.943596477287213,-7.62034630431403,-3.20827856268947,1.7730364,2.2632558,-0.7333437,323.38593,81.27042,-4.409447,WAL
1975522191000,188.004803,-1.26318049723276,-7.28615257343446,-3.2725568108025,1.7143933,2.3258693,-0.6914995,323.93277,81.191086,-4.278872,WAL
1975527178000,188.00979,-1.58134895052783,-6.95329958506713,-3.29213639534693,1.7046194,2.3832908,-0.66645396,324.47656,81.098366,-4.172858,WAL
1975532231000,188.014843,-1.839191206136,-6.66403262881641,-3.20953271949841,1.7012597,2.363743,-0.6404922,325.0459,81.009026,-4.081189,WAL
1975537179000,188.019791,-2.08344921632633,-6.38689386374901,-3.11558747433584,1.6847663,2.2968533,-0.6469063,325.61258,80.92372,-3.9949214,WAL
1975542195000,188.024807,-2.22150339538404,-6.07712565270043,-3.0056364241824,1.6358972,2.2504275,-0.66737026,326.20798,80.80774,-3.9488664,WAL
1975547243000,188.029855,-2.34346943373201,-5.76091746103532,-2.89270490020557,1.5925257,2.1789563,-0.67256266,326.77255,80.693054,-3.9084055,WAL
1975552240000,188.034852,-2.39370229533362,-5.43654262048142,-2.72915537728041,1.5030339,2.1169536,-0.68966687,327.35898,80.562195,-3.892344,WAL
1975557179000,188.039791,-2.41867047334248,-5.11195531564611,-2.54938391161318,1.4269812,2.0793853,-0.6966918,327.92853,80.43913,-3.882407,WAL
1975562205000,188.044817,-2.44238235946786,-4.85427113905613,-2.32030733156924,1.3585643,2.0387628,-0.6969972,328.50125,80.29764,-3.8925385,WAL
1975567209000,188.049821,-2.46565013340454,-4.61228609574675,-2.08297589163915,1.2718215,2.0069978,-0.6908886,329.063,80.181725,-3.907668,WAL
1975572194000,188.054806,-2.45030107623285,-4.29186426259488,-1.81207739596039,1.2046263,1.9633209,-0.70524395,329.62936,80.04331,-3.924876,WAL
1975577201000,188.059813,-2.42378617587091,-3.94717000415724,-1.53005481995978,1.1007792,1.9303342,-0.74006325,330.1879,79.9395,-3.9432888,WAL
1975582228000,188.06484,-2.39716536418338,-3.60109889627507,-1.24690573077364,0.9779953,1.9336939,-0.7443393,330.76364,79.80757,-3.9804568,WAL
1975587205000,188.069817,-2.37080933080983,-3.25846991200422,-0.96657292455135,0.86529064,1.9126191,-0.74006325,331.32193,79.70318,-4.0139694,WAL
1975592214000,188.074826,-2.33965135399499,-3.07104269367539,-0.662662862728148,0.7171558,1.8933768,-0.74220127,331.8883,79.64091,-4.039519,WAL
1975597236000,188.079848,-2.30724238847709,-2.92288803739892,-0.352463929986523,0.5674938,1.8365663,-0.7443393,332.4353,79.60739,-4.0690513,WAL
1975602241000,188.084853,-2.29483453737353,-2.8682231119141,-0.0306188937848441,0.44318274,1.7837266,-0.7495316,333.0092,79.489075,-4.121374,WAL
1975607221000,188.089833,-2.28991068191204,-2.84852763865373,0.294355803179847,0.30818152,1.7241671,-0.732122,333.5617,79.408714,-4.1826024,WAL
1975612212000,188.094824,-2.31082366381611,-2.88824539825655,0.48839756347716,0.17928895,1.6600263,-0.72112644,334.1112,79.29047,-4.2478704,WAL
1975617223000,188.099835,-2.3388686206779,-2.94433501913899,0.64731827311386,0.05467244,1.593442,-0.6954701,334.63898,79.20019,-4.325415,WAL
1975622217000,188.104829,-2.39316773557633,-3.04212178939799,0.721964734466817,-0.05955936,1.5464053,-0.6835582,335.16495,79.0556,-4.410211,WAL
1975627210000,188.109822,-2.45702843127183,-3.1551062905075,0.766176072138895,-0.17898351,1.4941764,-0.65301496,335.66565,78.93772,-4.5103836,WAL
1975632216000,188.114828,-2.45970742678413,-3.21652877205434,0.686851936942612,-0.2910773,1.4556919,-0.62125,336.17352,78.79026,-4.6102138,WAL
1975637219000,188.119831,-2.44555857441677,-3.26369156403189,0.573661019509794,-0.39614612,1.4263704,-0.5879578,336.66473,78.66728,-4.72341,WAL
1975642213000,188.124825,-2.3457377674582,-3.26099403773622,0.456666918781043,-0.4908302,1.428203,-0.57696223,337.17673,78.54818,-4.831415,WAL
1975647244000,188.129856,-2.21702654902543,-3.24192571645394,0.337489821167508,-0.5534439,1.4214834,-0.5375614,337.67175,78.43906,-4.9607573,WAL
1975652237000,188.134849,-2.10549364755681,-3.1837663563141,0.214254333438568,-0.66431594,1.4175128,-0.50762904,338.1811,78.40794,-5.068441,WAL
1975657212000,188.139824,-2.00010638081641,-3.11191151994772,0.0897057736657953,-0.7620544,1.3973542,-0.47219884,338.67853,78.37924,-5.1922703,WAL
1975662213000,188.144825,-1.85275114036151,-3.09684019850035,0.0751183472519615,-0.8558222,1.4031575,-0.4361578,339.17963,78.422935,-5.2865477,WAL
1975667233000,188.149845,-1.69041429161784,-3.10161480729963,0.0989914111907836,-0.9483683,1.3946054,-0.408058,339.6665,78.4806,-5.3903193,WAL
1975672216000,188.154828,-1.68908914123701,-3.06449688938849,0.227490307492006,-1.070236,1.3368785,-0.37140608,340.12326,78.6027,-5.485476,WAL
1975677206000,188.159818,-1.74638922946643,-3.0119717544964,0.394615529094724,-1.1768318,1.2455542,-0.3268129,340.5635,78.73012,-5.59097,WAL
1975682212000,188.164824,-1.82172448283405,-3.03064724341417,0.708697369044223,-1.29198,1.14018,-0.26725355,340.99103,78.899734,-5.655992,WAL
1975687217000,188.169829,-1.90377630527817,-3.07623163152639,1.07793042724679,-1.4147639,0.97402465,-0.2434298,341.37228,79.08624,-5.718234,WAL
1975692213000,188.174825,-2.02755052689355,-3.21425483315003,1.48605750208549,-1.5460999,0.74067414,-0.22785273,341.73294,79.218346,-5.786913,WAL
1975697226000,188.179838,-2.1769856747043,-3.40852044208342,1.91941938912637,-1.6542231,0.47769663,-0.1853976,342.03262,79.35727,-5.8632936,WAL
1975702324000,188.184936,-2.36132158789609,-3.79970742039425,2.38868106661754,-1.7672331,0.22327125,-0.13744467,342.3189,79.4113,-5.9379845,WAL
1975707309000,188.189921,-2.55481613538136,-4.26145576504237,2.85922465762712,-1.8964312,-0.028099801,-0.09132435,342.52618,79.48498,-6.014434,WAL
1975712308000,188.19492,-2.75017403560204,-4.86635113256931,3.4290000801121,-2.028378,-0.2648101,-0.029932396,342.68475,79.58977,-6.1530814,WAL
1975717300000,188.199912,-2.94636098465619,-5.58889349237314,4.07976666347713,-2.130698,-0.4541783,0.08246681,342.77982,79.69128,-6.308344,WAL
1975722318000,188.20493,-3.04644095154358,-6.82683610165456,4.81621979563156,-2.149024,-0.5589417,0.20647246,342.8597,79.72644,-6.524816,WAL
1975727307000,188.209919,-3.065722137954,-8.48019452695722,5.61638749650928,-2.0931299,-0.5907067,0.3417791,342.8992,79.735016,-6.7661843,WAL
1975732316000,188.214928,-2.83747068330513,-10.575062391239,6.46771418685843,-1.9446895,-0.4801401,0.48441613,342.97272,79.62074,-7.0792937,WAL
1975737350000,188.219962,-2.41601017738297,-13.0177212180861,7.36048542712916,-1.6120734,-0.21533,0.5858198,343.0718,79.434906,-7.413388,WAL
1975742289000,188.224901,-1.60006913070991,-14.9179463723552,8.49783954866522,-1.0885619,-0.099571034,0.56505036,343.1617,79.142845,-7.701185,WAL
1975747366000,188.229978,-0.229976879375124,-16.2159285580384,10.0121521320941,-0.7516697,0.09193522,0.47739118,343.33633,78.83084,-7.9957333,WAL
1975752313000,188.234925,1.33976131341209,-17.2168896754691,10.8381570396108,0.0070249503,0.16371189,0.16187929,343.4561,78.47466,-8.042605,WAL
1975757344000,188.239956,3.26738049766703,-17.8626172518614,10.7616262048049,0.6606508,0.31703907,-0.21502456,343.65002,78.11853,-8.049394,WAL
1975762240000,188.244852,4.83794134357434,-18.3635886350068,10.3160142775732,1.0708468,0.71593404,-0.5198463,343.81714,77.80171,-7.775898,WAL
1975767338000,188.24995,5.98303351986819,-18.6806192130258,9.25609422620663,1.2452488,1.1511755,-0.6737844,344.05167,77.41425,-7.4651732,WAL
1975772247000,188.254859,6.57275788427969,-18.5760420685496,8.2512027066294,1.2266175,1.4715744,-0.73639804,344.26056,77.21141,-6.833021,WAL
1975777352000,188.259964,6.09810157266843,-17.5979622171227,7.23956147278611,1.0839803,1.6142114,-0.766025,344.56534,76.95175,-6.2243967,WAL
1975782260000,188.264872,5.46934511146897,-16.3450782553024,6.33253545415358,0.91354895,1.6154331,-0.76083267,344.8906,76.87077,-5.479749,WAL
1975787401000,188.270013,4.37191768970935,-14.2372440243519,5.54934938574234,0.7367035,1.5042557,-0.7296785,345.23636,76.76273,-4.7844124,WAL
1975792262000,188.274874,3.28258306162685,-12.2029054531801,4.88696588509223,0.57971114,1.3686435,-0.69058317,345.6178,76.68876,-4.1837606,WAL
1975797412000,188.280024,1.97015220284246,-9.92106560840641,4.42463230480798,0.4196644,1.2238685,-0.66156703,345.96268,76.62429,-3.6111543,WAL
1975802378000,188.28499,0.840489514026493,-7.89883648920341,4.03693416410815,0.25778514,1.0961977,-0.62949663,346.31308,76.54422,-3.2104285,WAL
1975807433000,188.290045,0.0279336701233896,-6.28250895313918,3.78657921228452,0.07696902,1.0070114,-0.5552765,346.62317,76.49469,-2.8349612,WAL
1975812328000,188.29494,-0.777476293905146,-4.7550421594551,3.53273430147326,-0.13561209,0.96974856,-0.4596761,346.95657,76.438675,-2.6522279,WAL
1975817353000,188.299965,-1.83609512286579,-3.65757485773966,3.12968204314834,-0.35124752,0.9642508,-0.3323107,347.2628,76.42481,-2.4992442,WAL
1975822312000,188.304924,-2.80278197059285,-2.72391533366706,2.79536709740872,-0.5516113,0.98899084,-0.18875736,347.582,76.40078,-2.5120707,WAL
1975827344000,188.309956,-2.98252670965842,-3.31045059782097,3.10755528162544,-0.7290677,0.98563105,-0.036651913,347.88098,76.42116,-2.56209,WAL
1975832444000,188.315056,-3.14406267498005,-3.94925010861931,3.43367311827614,-0.8903361,0.89766645,0.10415252,348.1909,76.45867,-2.7953458,WAL
1975837455000,188.320067,-3.05788857196728,-5.10302526013567,3.86933097797287,-1.0503827,0.62125,0.21013765,348.4384,76.53075,-3.0508523,WAL
1975842459000,188.325071,-2.97977756270605,-6.30374938808957,4.2910730098142,-1.1890492,0.21380283,0.28924468,348.6245,76.60227,-3.3471272,WAL
1975847432000,188.330044,-2.99792917855169,-8.08261352186756,4.54973440038113,-1.2675453,-0.028099801,0.33078352,348.7743,76.68468,-3.6557918,WAL
1975852757000,188.335369,-3.02293396622868,-10.0040051831143,4.78429209188333,-1.2910637,-0.9645562,0.4251622,348.60645,76.76154,-3.9047167,WAL
1975857423000,188.340035,-3.18117137070171,-12.0944031853509,3.951464139316,-1.2965615,-1.2965615,0.45478916,348.54172,76.84496,-4.1685696,WAL
1975862244000,188.344856,-3.34466526846519,-14.2542421842326,3.090970448933,-1.2705997,-1.7950275,0.54519725,348.17822,76.95444,-4.3727555,WAL
1975867343000,188.349955,-3.72977164979396,-15.6817254855769,1.85429608021291,-1.1572843,-1.9801197,0.6282749,347.81277,77.03124,-4.5762033,WAL
1975872251000,188.354863,-4.15405269559458,-16.8392752630495,0.581452735742739,-1.0152581,-1.8738291,0.6844745,347.39163,77.08059,-4.777915,WAL
1975877346000,188.359958,-4.00550718083961,-17.5839144585576,0.55443424416577,-0.7476991,-1.600467,0.64812803,347.05875,77.295685,-4.910665,WAL
1975882285000,188.364897,-3.676875332831,-18.1624913153929,0.933980966738428,-0.28344148,-1.2745703,0.5155703,346.78198,77.409225,-5.0322704,WAL
1975887435000,188.370047,-2.68413714613077,-18.0557448446311,0.994005946730654,0.38820487,-1.1829406,0.30482176,346.50284,77.52131,-5.1759806,WAL
1975892298000,188.37491,-1.51075713974205,-17.6972121229754,0.92881814644871,0.9773844,-1.3729197,-0.03359759,346.2555,77.551384,-5.2420278,WAL
1975897394000,188.380006,-0.850800141163927,-15.6838638181306,-0.165311252636919,1.1496484,-1.5057828,-0.41263947,346.07666,77.56292,-5.1771812,WAL
1975902383000,188.384995,-0.419916670880226,-13.0940746211367,-1.62403123527102,0.9477574,-1.3182472,-0.73273283,345.95248,77.551506,-5.0421433,WAL
1975907376000,188.389988,-0.438673573966084,-10.4942960114467,-2.42293520481187,0.44043383,-0.77946407,-0.8542951,345.84973,77.65845,-4.7257657,WAL
1975912343000,188.394955,-0.751256086208797,-7.902886554531,-2.78593425162692,-0.15241088,-0.2929099,-0.7654142,345.7873,77.84388,-4.398969,WAL
1975917349000,188.399961,-1.04825862233265,-5.95438879824613,-2.5375430880152,-0.63713247,-0.12858713,-0.68844515,345.72195,78.220825,-4.0473146,WAL
1975922352000,188.404964,-1.33770530322518,-4.27839900760012,-2.03801408526747,-0.9779953,-0.301462,-0.5983425,345.68622,78.698944,-3.738804,WAL
1975927340000,188.409952,-1.83996537728276,-3.183007328236,-1.85486967246639,-1.1976013,-0.57971114,-0.42485678,345.65842,79.20828,-3.554128,WAL
1975932313000,188.414925,-2.45165101393739,-2.38972760162553,-1.83575451035521,-1.3628404,-0.8213083,-0.23823744,345.58267,79.78089,-3.3944535,WAL
1975937345000,188.419957,-2.88024988951434,-1.97530131022497,-2.06855053149561,-1.5167783,-0.9059132,-0.09682214,345.49048,80.28755,-3.3263752,WAL
1975942349000,188.424961,-3.20877038904123,-1.7624570374819,-2.42946034746548,-1.649947,-1.003957,-0.04062254,345.3207,80.81703,-3.2766683,WAL
1975947396000,188.430008,-3.39854207367959,-1.75186040282596,-2.73643493674722,-1.6963727,-1.0858129,0.06841691,345.24304,81.30547,-3.3293967,WAL
1975952453000,188.435065,-3.49292884490353,-1.87928270906256,-3.00543752301696,-1.7971655,-1.2287555,0.17012598,345.11813,81.815994,-3.3904002,WAL
1975957362000,188.439974,-3.50424692404807,-2.12881071725349,-3.31890814163287,-1.8622227,-1.4165965,0.28221974,345.0014,82.30453,-3.5109391,WAL
1975962355000,188.444967,-3.44986112462664,-2.48586574715656,-3.68069232425082,-1.8945986,-1.609019,0.42241332,344.84012,82.75547,-3.6629083,WAL
1975967340000,188.449952,-3.39556246447928,-2.84234868808723,-4.04189684064385,-1.9208658,-1.7559321,0.5564982,344.6425,83.19758,-3.8583553,WAL
1975972348000,188.45496,-3.341013278919,-3.20047638481357,-4.40476789743349,-1.9434677,-1.817935,0.6817256,344.4168,83.56647,-4.085484,WAL
1975977347000,188.459959,-3.2012290037037,-3.7033096962963,-4.62792625813205,-1.9578232,-1.8234328,0.7583892,344.1664,83.86081,-4.3376846,WAL
1975982338000,188.46495,-2.97513208240741,-4.35273699884259,-4.70970612387279,-1.9428569,-1.8081611,0.7959574,343.91153,84.06265,-4.6090374,WAL
1975987418000,188.47003,-2.78364581095618,-5.08505096364542,-4.55803072285857,-1.922393,-1.8075503,0.8472701,343.56253,84.20877,-4.9400506,WAL
1975992314000,188.474926,-2.63420175039841,-5.85562138276892,-4.1984310801494,-1.9098701,-1.8680259,0.91507614,343.20944,84.22917,-5.2846003,WAL
1975997390000,188.480002,-2.51455755446195,-6.81729405820362,-3.93014073098714,-1.9523253,-1.9734001,0.97494096,342.802,84.15596,-5.625068,WAL
1976002481000,188.485093,-2.42970806308615,-7.94390828879435,-3.76515541471527,-1.9730947,-2.0430388,1.0372492,342.39624,83.95176,-5.9848976,WAL
1976007362000,188.489974,-2.34269936161352,-9.1651076052711,-3.70893803973443,-1.9834795,-2.0451767,1.1016954,341.9654,83.65971,-6.337317,WAL
1976012349000,188.494961,-2.24661335121215,-10.5919845737853,-3.78100257261845,-1.998751,-1.9611828,1.1517864,341.54852,96.71841,-6.7011704,WAL
1976017307000,188.499919,-2.08517359920477,-11.7873551182903,-3.76511310894632,-2.007914,-1.8625281,1.2073752,341.13235,97.13888,-7.049172,WAL
1976022345000,188.504957,-1.83578058011928,-12.7129862072565,-3.63562058365805,-2.0118847,-1.8008307,1.2730432,340.73874,97.61711,-7.4097786,WAL
1976027278000,188.50989,-1.48831489235109,-13.3672559559709,-3.44960907879338,-2.0015,-1.6884315,1.3918564,340.38635,98.10799,-7.7470374,WAL
1976032332000,188.514944,-0.988522614370399,-13.6865678595946,-3.17657435159193,-1.9333885,-1.5696182,1.5183055,340.06247,98.63248,-8.09841,WAL
1976037340000,188.519952,-0.483981050182662,-13.8697512150066,-2.89767072914522,-1.8619173,-1.5170839,1.6285667,339.7382,99.12729,-8.411954,WAL
1976042347000,188.524959,0.0386464466505198,-13.7923251276617,-2.60248304161873,-1.8148806,-1.3756685,1.6801848,339.48218,99.63817,-8.734978,WAL
1976047275000,188.529887,0.444053555521807,-13.7170604961059,-2.30912184275701,-1.6988163,-1.1939361,1.7266107,339.23874,100.05347,-8.984744,WAL
1976052451000,188.535063,0.656384196464174,-13.6398493099688,-1.99545155654206,-1.602605,-1.003957,1.6627752,339.04306,100.447075,-9.209505,WAL
1976057312000,188.539924,0.80965969371704,-13.5048128432095,-1.7169392884321,-1.5039502,-0.8335256,1.5118915,338.88507,100.70676,-9.322332,WAL
1976062348000,188.54496,0.859798325797184,-13.217655182875,-1.46624615182875,-1.3933836,-0.68844515,1.2773192,338.77252,100.91347,-9.387613,WAL
1976067296000,188.549908,0.897536859844358,-12.8591548871595,-1.23283687354086,-1.278541,-0.61850107,1.0326678,338.68524,100.9976,-9.357076,WAL
1976072352000,188.554964,0.882260678778,-12.1360836140498,-1.05461500036807,-1.1658363,-0.6444628,0.79626286,338.60297,101.01516,-9.265284,WAL
1976077284000,188.559896,0.854561263387827,-11.3650669521566,-1.03535567021336,-1.0626001,-0.73945236,0.59742624,338.5278,100.93976,-9.104071,WAL
1976082337000,188.564949,0.791987836686063,-10.3996480620671,-1.42867431566916,-0.93951076,-0.7987063,0.48288897,338.4447,100.81767,-8.908427,WAL
1976087339000,188.569951,0.688958057152258,-9.45439550253088,-1.81324295273335,-0.83077675,-0.8579602,0.42119157,338.31503,100.6961,-8.720829,WAL
1976092313000,188.574925,0.283881826690626,-8.59119753209152,-2.16045116465884,-0.6933321,-1.0045679,0.3631594,338.13574,100.531746,-8.51232,WAL
1976097321000,188.579933,-0.124332652148686,-7.7721193479797,-2.5152031921875,-0.6750061,-1.2253957,0.27885997,337.90283,100.46158,-8.351504,WAL
1976102483000,188.585095,-0.547446816800358,-7.24568653577826,-2.9137176578125,-0.73884153,-1.4584408,0.19394971,337.62024,100.37246,-8.179897,WAL
1976107356000,188.589968,-0.9375368448161,-6.78416745877863,-3.31120911325468,-0.9114109,-1.6927075,0.14966199,337.26547,100.45022,-8.127755,WAL
1976112347000,188.594959,-1.27871305475364,-6.53302382213741,-3.85140492907703,-1.180497,-1.8616118,0.12156218,336.86252,100.54225,-8.058901,WAL
1976117327000,188.599939,-1.60047589524322,-6.33141850082216,-4.38909089650582,-1.4220943,-1.8976529,0.10293079,336.435,100.78123,-8.082633,WAL
1976122347000,188.604959,-1.77928296913967,-6.5102256238524,-4.92080662362729,-1.5968018,-1.8008307,0.09132435,335.9995,101.0554,-8.099083,WAL
1976127364000,188.609976,-1.9185365078642,-6.74458371747791,-5.41024901749524,-1.6737708,-1.5864171,0.0870483,335.6048,101.4613,-8.176545,WAL
1976132315000,188.614927,-1.59411535051966,-7.6275021167937,-5.40203565754374,-1.6337591,-1.271516,0.11728613,335.2693,101.88608,-8.250545,WAL
1976137292000,188.619904,-1.26799050703274,-8.515057130608,-5.39377916542526,-1.5387696,-1.094976,0.17440203,334.9645,102.392494,-8.356408,WAL
1976142345000,188.624957,-1.01981545924306,-9.05828456017906,-4.75444936748398,-1.4966198,-0.7489208,0.20799962,334.798,102.90452,-8.44,WAL
1976147264000,188.629876,-0.804139954959813,-9.47525701495574,-3.93488271144572,-1.4443909,-0.4364632,0.29016098,334.67654,103.41306,-8.542735,WAL
1976152373000,188.634985,-0.607035747899711,-9.78194248870759,-2.75722847929559,-1.4425583,-0.19883664,0.355829,334.58826,103.86037,-8.557655,WAL
1976157251000,188.639863,-0.425769132008755,-10.0422226874938,-1.5487843248234,-1.4953982,-0.050701816,0.40561453,334.56332,104.3174,-8.576244,WAL
1976162348000,188.64496,-0.313347384200718,-10.055824499175,-0.489825379782588,-1.593442,-0.030848695,0.45478916,334.5467,104.67066,-8.560501,WAL
1976167271000,188.649883,-0.226403219165292,-9.99633637770552,0.475712485169368,-1.7040086,-0.15515977,0.4578435,334.526,105.034195,-8.544112,WAL
1976172353000,188.654965,-0.190632624889067,-9.77990668798721,1.00460183401959,-1.7922786,-0.36468655,0.44165558,334.4523,105.237854,-8.498227,WAL
1976177303000,188.659915,-0.176419594807116,-9.50985935388767,1.34097689248451,-1.7690657,-0.57726765,0.4092797,334.33948,105.43626,-8.457943,WAL
1976182337000,188.664949,-0.220476764453233,-9.20298971544394,1.3300266092545,-1.6282613,-0.77366084,0.3915646,334.15158,105.633316,-8.493658,WAL
1976187343000,188.669955,-0.28683833769824,-8.88540222523235,1.18308313624679,-1.4132367,-0.9034697,0.37751472,333.92334,105.796555,-8.528976,WAL
1976192313000,188.674925,-0.393097845942173,-8.59157027517448,0.943033790229312,-1.178359,-0.98624194,0.37110063,333.6516,105.92335,-8.596592,WAL
1976197316000,188.679928,-0.517298433274177,-8.30495324356929,0.661194000119641,-0.94897914,-1.0464121,0.3640757,333.35165,105.99248,-8.664431,WAL
1976202367000,188.684979,-0.708837867164469,-8.07983437176106,0.329848179189294,-0.7623598,-1.1096367,0.364992,333.03705,106.05025,-8.755642,WAL
1976207436000,188.690048,-0.930095342251746,-7.88211505771916,-0.023222270238557,-0.62888575,-1.1716396,0.3839288,332.71017,106.06458,-8.850302,WAL
1976212339000,188.694951,-1.15072037186434,-7.75542722487087,-0.386565688159049,-0.5693264,-1.2260065,0.39950588,332.37628,106.100624,-8.970473,WAL
1976217376000,188.699988,-1.38107611199688,-7.66140453390508,-0.772058991107105,-0.57604593,-1.2400564,0.42210788,332.0432,106.12351,-9.094964,WAL
1976222347000,188.704959,-1.61221287189133,-7.5822152815674,-1.13064259876176,-0.6078109,-1.237613,0.4654793,331.7258,106.202,-9.260925,WAL
1976227345000,188.709957,-1.84728599414838,-7.51219345824451,-1.47574987678683,-0.7150178,-1.1780536,0.5158757,331.43018,106.30313,-9.426879,WAL
1976232318000,188.71493,-1.93770214367101,-7.49863582447342,-1.87055689400201,-0.8552113,-1.065349,0.5757405,331.18027,106.50014,-9.639505,WAL
1976237277000,188.719889,-1.95675584525577,-7.51292590170512,-2.28973867704112,-0.97310835,-0.9691377,0.61727935,330.9541,106.71606,-9.8499975,WAL
1976242311000,188.724923,-1.93972741316876,-7.57070858548224,-2.37959353730385,-1.0238101,-0.7458665,0.71593404,330.8209,107.023674,-10.1094265,WAL
1976247298000,188.72991,-1.90466487196476,-7.64959947480958,-2.30070283103606,-1.0833695,-0.54183745,0.79198676,330.7167,107.3517,-10.358817,WAL
1976252319000,188.734931,-1.83997759163796,-7.76138359077148,-2.08579032057626,-1.1478158,-0.39858958,0.86132,330.66006,107.75421,-10.624999,WAL
1976257319000,188.739931,-1.74499935800188,-7.90635018436162,-1.73087159210774,-1.1963795,-0.3408628,0.90377516,330.64145,108.16054,-10.886982,WAL
1976262309000,188.744921,-1.65216253107197,-8.15859385052844,-1.38119145685154,-1.2391402,-0.3417791,0.9245446,330.63837,108.581406,-11.157228,WAL
1976267282000,188.749894,-1.56108209864117,-8.48935966834424,-1.03604471413186,-1.2770138,-0.3943135,0.95081174,330.64023,109.004105,-11.430023,WAL
1976272369000,188.754981,-1.46032272224861,-8.90661994220111,-0.740341017878068,-1.280679,-0.45937067,0.9615019,330.6184,109.39614,-11.704323,WAL
1976277349000,188.759961,-1.3564792733175,-9.369195601346,-0.490172511939826,-1.2727377,-0.54092115,0.958753,330.5793,109.78152,-11.977298,WAL
1976282341000,188.764953,-1.29586825280645,-9.87416228742751,-0.313070165671877,-1.2767084,-0.63041294,0.95356065,330.50378,110.14101,-12.256487,WAL
1976287401000,188.770013,-1.26728748469478,-10.4171963344146,-0.189220306475966,-1.2699889,-0.76052725,0.9419542,330.39487,110.484146,-12.534765,WAL
1976292314000,188.774926,-1.24440651243771,-10.8849391353398,-0.151846888837951,-1.2287555,-0.9071349,0.92485,330.23636,110.7808,-12.803203,WAL
1976297363000,188.779975,-1.22513074476779,-11.3138253685469,-0.185579502387881,-1.1710287,-1.056186,0.9077458,330.04123,111.06189,-13.072125,WAL
1976302363000,188.784975,-1.1756192955289,-11.6230686863289,-0.323018569324874,-1.0735956,-1.1899655,0.8979719,329.79752,111.29564,-13.335342,WAL
1976307331000,188.789943,-1.10015174569248,-11.8306042144344,-0.54942124838505,-0.95356065,-1.3048081,0.8866709,329.5175,111.50181,-13.5970125,WAL
1976312320000,188.794932,-0.954357814242544,-11.9616791521847,-0.895039099484791,-0.8191703,-1.3713925,0.8680395,329.20377,111.667755,-13.84508,WAL
1976317344000,188.799956,-0.73984034640543,-12.0188839602695,-1.35744332070742,-0.63194007,-1.3613132,0.84482664,328.8806,111.788704,-14.084477,WAL
1976322363000,188.804975,-0.50456585818958,-12.1287616974871,-1.80998299566314,-0.4202753,-1.2565498,0.82802784,328.56406,111.87177,-14.287204,WAL
1976327401000,188.810013,-0.247106143888619,-12.2926000774231,-2.25468613632483,-0.18784106,-1.0473285,0.7846564,328.27988,111.898994,-14.460123,WAL
1976332327000,188.814939,0.0636343904089591,-12.3992976842316,-2.57579327372263,0.034513887,-0.9379836,0.7156286,327.98737,111.91306,-14.590166,WAL
1976337373000,188.819985,0.459856229853015,-12.4379532430757,-2.75457636861314,0.20799962,-0.67347896,0.6762278,327.80148,111.885635,-14.682588,WAL
1976342344000,188.824956,0.65948349984357,-12.4171217502383,-2.78974979208321,0.2666427,-0.40500367,0.5751296,327.62952,111.82765,-14.683412,WAL
1976347366000,188.829978,0.612066831769036,-12.3191273119064,-2.64117756368924,0.30757064,-0.204029,0.42821655,327.51013,111.72266,-14.644508,WAL
1976372251000,188.854863,0.184663764675069,-11.8827372792438,-1.8651972182946,-0.40958515,-0.20311269,-0.37415496,326.96588,110.92324,-13.448996,WAL
1976377354000,188.859966,-0.460141256043718,-11.9356685939346,-1.59091443527964,-0.5235115,-0.26145032,-0.4175264,326.81177,110.78224,-13.123716,WAL
1976382271000,188.864883,-1.09002625277132,-11.9026481556037,-1.26110145036439,-0.6151413,-0.34300083,-0.43585235,326.6421,110.68742,-12.852908,WAL
1976387376000,188.869988,-1.76409989455781,-11.6715375558401,-0.765175888516841,-0.65057147,-0.44929138,-0.42119157,326.45062,110.60991,-12.591516,WAL
1976392274000,188.874886,-2.28331214911198,-11.5001971477823,-0.36575507021436,-0.6282749,-0.50854534,-0.38637227,326.2751,110.576065,-12.439858,WAL
1976397349000,188.879961,-2.47718592155,-11.4586529056891,-0.158033229771298,-0.5564982,-0.4801401,-0.32345316,326.1001,110.548706,-12.304329,WAL
1976402375000,188.884987,-2.58841356146435,-11.5155478959538,0.0529769012909441,-0.40133846,-0.4129449,-0.2501493,325.94873,110.52393,-12.29793,WAL
1976407385000,188.889997,-2.34513292015009,-12.0021092801947,0.286526280880235,-0.20219639,-0.30818152,-0.19639318,325.82126,110.48029,-12.297724,WAL
1976412336000,188.894948,-2.06888194890285,-12.5307501850169,0.520803312651522,0.006414085,-0.24007004,-0.16432275,325.7093,110.40981,-12.34711,WAL
1976417340000,188.899952,-1.65196453465442,-13.2487741208313,0.770953770874819,0.23090707,-0.19639318,-0.16065755,325.62335,110.29682,-12.395749,WAL
1976422296000,188.904908,-1.24126777915798,-13.9292603519015,1.00115430687121,0.43066,-0.19425514,-0.17989981,325.5261,110.07756,-12.39499,WAL
1976427351000,188.909963,-0.837484232166617,-14.4147622077252,1.11652104175355,0.6178902,-0.20158553,-0.23335053,325.4379,109.81091,-12.38262,WAL
1976432303000,188.914915,-0.402336813581081,-14.8710581492278,1.16783431115058,0.81397796,-0.21044308,-0.30726522,325.31873,109.401184,-12.277282,WAL
1976437367000,188.919979,0.346650855878378,-15.1893779631274,0.746528750440154,0.9266826,-0.19272798,-0.3454443,325.20706,108.97522,-12.166779,WAL
1976442462000,188.925074,1.0536445044936,-15.4628944844757,0.339140187065569,1.1212431,-0.17073683,-0.44226643,325.06757,108.409645,-11.951969,WAL
1976447333000,188.929945,1.17858379422676,-15.1713694106735,0.144790190048209,1.3158038,-0.12583824,-0.5403103,324.9422,107.825485,-11.7266445,WAL
1976452525000,188.935137,1.29422142229299,-14.8542053186533,-0.0421902325927207,1.5219707,-0.09773844,-0.64965516,324.79816,107.15134,-11.354169,WAL
1976457361000,188.939973,1.18465367961783,-14.4791464564149,0.0336643512464058,1.7171422,-0.07819075,-0.7690793,324.6647,106.43269,-10.957158,WAL
1976462246000,188.944858,1.07397575923567,-14.1002873699727,0.110287519578526,1.890628,-0.092240654,-0.90133166,324.53168,105.684685,-10.521096,WAL
1976467335000,188.949947,0.707087913170564,-13.4986729110827,0.222896463188249,2.0790799,-0.16310102,-1.0461067,324.38782,104.88294,-10.058608,WAL
1976472254000,188.954866,0.299784733081155,-12.8738328038907,0.338607586810768,2.2910502,-0.22327125,-1.1520919,324.2459,104.03901,-9.578725,WAL
1976477348000,188.95996,-0.271453328530231,-12.2932754779236,0.352439062987271,2.521041,-0.27214047,-1.2232577,324.0916,103.16349,-9.106463,WAL
1976482289000,188.964901,-0.864352519923429,-11.7474320641408,0.338322415690135,2.771801,-0.25411993,-1.3133603,323.94214,102.23485,-8.606483,WAL
1976487309000,188.969921,-1.46110941001398,-11.521216406849,0.39895489338758,3.0384438,-0.18845193,-1.4080443,323.81046,101.312805,-8.167931,WAL
1976492247000,188.974859,-2.04657207033746,-11.3890149653554,0.479219928928714,3.3151658,-0.10476339,-1.4840971,323.69638,100.351425,-7.714416,WAL
1976497335000,188.979947,-2.61144895017042,-11.5756275204507,0.358914453296724,3.526525,-0.05100725,-1.5500705,323.6216,99.45933,-7.348287,WAL
1976502294000,188.984906,-3.15102162647226,-11.8499101766711,0.183553348757811,3.648698,-0.026267206,-1.6111571,323.5714,98.56319,-6.967367,WAL
1976507347000,188.989959,-3.69430289237885,-12.2745351307058,-0.357600265144782,3.6468656,0.022296581,-1.6426166,323.5747,97.78877,-6.6838207,WAL
1976512309000,188.994921,-4.22463991578524,-12.7618717794088,-1.06471644103258,3.5311065,0.15974127,-1.6548339,323.62134,97.08114,-6.394801,WAL
1976517286000,188.999898,-4.77350162861993,-13.2193727118035,-1.84173263411224,3.327383,0.33505958,-1.6297885,323.7285,96.59208,-6.219059,WAL
1976522331000,189.004943,-5.33799667390653,-13.6680739236069,-2.66193910155782,3.0784554,0.5366451,-1.5836681,323.8911,96.212524,-6.052511,WAL
1976527315000,189.009927,-5.87473458550739,-14.0465586885761,-3.21035234889609,2.8597655,0.70738196,-1.5201381,324.14273,96.098045,-6.034317,WAL
1976532328000,189.01494,-6.40470519870367,-14.3966314962528,-3.63821854972656,2.6804767,0.7641924,-1.4819591,324.4189,96.03826,-6.0230093,WAL
1976537368000,189.01998,-6.85259254679952,-14.640364236715,-3.55378757578502,2.613587,0.81397796,-1.4126259,324.7912,96.22087,-6.2139554,WAL
1976542313000,189.024925,-7.25772247156804,-14.8357793293076,-3.2630473061091,2.5192082,0.77488256,-1.348485,325.14282,96.400894,-6.3977523,WAL
1976547327000,189.029939,-7.56138958887899,-14.77277612056,-2.80159838407045,2.457511,0.62980205,-1.3093897,325.49786,96.672646,-6.6695585,WAL
1976552368000,189.03498,-7.82410045348768,-14.6055969192639,-2.27140034850104,2.4123068,0.35216382,-1.2974777,325.791,96.929504,-6.926716,WAL
1976557387000,189.039999,-7.54446044023762,-14.3112974707921,-2.33502466691089,2.3878722,0.0571159,-1.3472633,326.05234,97.18339,-7.1826253,WAL
1976562307000,189.044919,-7.04995581924752,-13.9707421341584,-2.63825853978218,2.3805418,-0.14294247,-1.4682146,326.25418,82.60002,-7.3999777,WAL
1976567345000,189.049957,-6.32132914800158,-13.6996086030867,-2.60996220569846,2.361605,-0.05375614,-1.5460999,326.47293,82.375244,-7.6220374,WAL
1976572354000,189.054966,-5.49081980203799,-13.4670662240799,-2.42013156176296,2.0818288,0.005497787,-1.6496416,326.62292,82.205475,-7.786997,WAL
1976577346000,189.059958,-4.5978087769506,-12.9270414480668,-2.52222603801809,1.7318029,-0.047036625,-1.700038,326.7542,82.15494,-7.832575,WAL
1976582333000,189.064945,-3.67214440013915,-12.229232709671,-2.77381684220256,1.5653422,0.004886922,-1.6484199,326.92804,82.11088,-7.8723993,WAL
1976587387000,189.069999,-2.86232026956522,-11.7209703804348,-3.05062937717391,1.5607607,0.1704314,-1.5216653,327.09268,82.19471,-7.7849007,WAL
1976592313000,189.074925,-2.1408041785302,-11.330716606868,-3.33197519473836,1.7098118,0.48502702,-1.3787229,327.30923,82.25786,-7.71826,WAL
1976597350000,189.079962,-1.52103740690583,-11.1298385757848,-3.07181874941704,1.8573358,0.83199847,-1.3286319,327.545,82.45971,-7.5140047,WAL
1976602461000,189.085073,-0.984497614499253,-11.0810622680618,-2.37919477229696,1.9886718,1.0167851,-1.3561208,327.81754,82.63339,-7.3347135,WAL
1976607379000,189.089991,-0.491114281112113,-10.9876890051097,-1.97750562067929,2.0567832,1.0900891,-1.4083499,328.114,82.93621,-7.0223513,WAL
1976612349000,189.094961,-0.00947221350365698,-10.8589330908727,-1.76768129325719,2.096184,1.2119566,-1.4285084,328.4689,83.22253,-6.722339,WAL
1976617342000,189.099954,0.367396703917123,-10.7313736069195,-1.48326318416732,2.172237,1.416902,-1.4245378,328.86533,83.5596,-6.35367,WAL
1976622345000,189.104957,0.662402970185692,-10.604942486855,-1.14143051990813,2.2547035,1.5769486,-1.3750577,329.2737,83.864204,-6.0067725,WAL
1976627333000,189.109945,0.90917018310317,-10.4792386820614,-0.931954977300626,2.2770002,1.6401732,-1.3353515,329.68835,84.22619,-5.568459,WAL
1976632343000,189.114955,1.11259759673127,-10.3533071784272,-0.844771802921462,2.264783,1.7757853,-1.31672,330.16153,84.53856,-5.1556377,WAL
1976637364000,189.119976,1.2476802676002,-10.1566834781791,-0.937710135473528,2.2385156,1.8564194,-1.2733486,330.62872,84.818565,-4.708022,WAL
1976642343000,189.124955,1.32318018774864,-9.90187151251855,-1.1830849326195,2.1157317,1.9544634,-1.2275337,331.13348,85.04802,-4.283714,WAL
1976647359000,189.129971,1.29787257983096,-9.6228348250096,-1.39072496146754,1.9807305,2.0482311,-1.1664472,331.6524,85.23218,-3.846682,WAL
1976652447000,189.135059,1.17619598205916,-9.31864308624664,-1.56388007848636,1.8945986,2.0809124,-1.0955868,332.17444,85.35278,-3.441807,WAL
1976657381000,189.139993,1.0134848606462,-8.9902287298816,-1.84316534589605,1.8133535,2.162463,-1.0415252,332.73215,85.47963,-3.0371418,WAL
1976662349000,189.144961,0.793881364679912,-8.61785803752759,-2.26327634481236,1.7394388,2.2391264,-0.9944886,333.28613,85.560646,-2.667453,WAL
1976667330000,189.149942,0.565210766930196,-8.21460196483213,-2.63151921385252,1.6756034,2.3286183,-0.92149025,333.87372,85.618546,-2.335969,WAL
1976672358000,189.15497,0.323430563055036,-7.76896750812248,-2.9349297329428,1.6557503,2.4043655,-0.8512407,334.4643,85.63944,-2.0347753,WAL
1976677315000,189.159927,0.0625074070542133,-7.35890149003095,-3.09415918550819,1.6618589,2.4471262,-0.79198676,335.078,85.60651,-1.7398739,WAL
1976682334000,189.164946,-0.235025695310503,-6.98698509641574,-3.04856944276158,1.677436,2.4553728,-0.745561,335.693,85.54178,-1.4746172,WAL
1976687265000,189.169877,-0.527342038757488,-6.62158965172224,-3.00377904198782,1.690875,2.3906212,-0.7049385,336.314,85.43443,-1.2338539,WAL
1976692326000,189.174938,-0.827364957878395,-6.24656098703075,-2.95780779511781,1.6713274,2.3112087,-0.6753115,336.9259,85.31318,-1.0127307,WAL
1976697264000,189.179876,-1.11587306931638,-5.9098260067965,-2.87534879614467,1.6514742,2.2226331,-0.66156703,337.52167,85.16211,-0.7893652,WAL
1976702464000,189.185076,-1.41276930143084,-5.60303329217011,-2.72690062841812,1.5931365,2.1450534,-0.6365216,338.09122,85.01509,-0.5852302,WAL
1976707306000,189.189918,-1.65107117102713,-5.32192987083333,-2.59179762025194,1.5360206,2.0738876,-0.6417139,338.69043,84.79936,-0.4695576,WAL
1976712352000,189.194964,-1.83837570841085,-5.03629052833333,-2.45600188810078,1.4349225,1.9917262,-0.6435465,339.2603,84.6132,-0.36754182,WAL
1976717265000,189.199877,-1.97935230901194,-4.77704380942651,-2.3376503447636,1.3326025,1.9110919,-0.65179324,339.842,84.4002,-0.31202847,WAL
1976722338000,189.20495,-2.03210269598263,-4.55165559207383,-2.24653593984799,1.2443326,1.844813,-0.657291,340.40182,84.215775,-0.26248255,WAL
1976727272000,189.209884,-2.10246328663484,-4.3462474601432,-2.15094171026253,1.1685852,1.815797,-0.6600399,340.97577,84.01841,-0.24586535,WAL
1976732317000,189.214929,-2.22238589861575,-4.17097587622912,-2.03563145642005,1.1313224,1.7785342,-0.66675943,341.52676,83.83929,-0.23182237,WAL
1976737335000,189.219947,-2.34103005711284,-3.97781487921832,-1.85745479939063,1.0375546,1.7699821,-0.689056,342.0932,83.672585,-0.2225793,WAL
1976742347000,189.224959,-2.45701831086363,-3.71053763088884,-1.42880263053162,0.91874135,1.7461584,-0.70738196,342.64304,83.527306,-0.21832067,WAL
1976747351000,189.229963,-2.55257452632017,-3.45735203820401,-1.02701753872931,0.7556403,1.7189748,-0.73823065,343.21442,83.38742,-0.22626853,WAL
1976752437000,189.235049,-2.60212457441043,-3.23212483337649,-0.680167616014057,0.5525276,1.6890424,-0.7678576,343.77704,83.295845,-0.23592478,WAL
1976757336000,189.239948,-2.64184865781218,-3.01504853667699,-0.36092306603096,0.3454443,1.6783522,-0.7623598,344.37823,83.163536,-0.27022547,WAL
1976762355000,189.244967,-2.63192792319917,-2.79183190429309,-0.127785636879257,0.17959438,1.6536123,-0.74464476,344.96512,83.07901,-0.3065975,WAL
1976767312000,189.249924,-2.61722830837904,-2.61174157575906,0.12108422498237,0.035430185,1.602605,-0.7263188,345.5931,82.93546,-0.3372895,WAL
1976772344000,189.254956,-2.58182882908423,-2.59758174461312,0.451479346996082,-0.11759156,1.5225816,-0.7153232,346.20078,82.84374,-0.3805395,WAL
1976777324000,189.259936,-2.54679516316846,-2.58356823922625,0.778460210992164,-0.267559,1.4352279,-0.70005155,346.81207,82.74329,-0.42767453,WAL
1976782339000,189.264951,-2.51151527670911,-2.5694562453477,1.10773913326934,-0.41141775,1.3487904,-0.68111473,347.39664,82.685585,-0.4856032,WAL
1976787359000,189.269971,-2.46684002781103,-2.54881905014593,1.38861368343804,-0.53786683,1.2748758,-0.6536258,347.97522,82.65066,-0.53597057,WAL
1976792315000,189.274927,-2.35414115168934,-2.48073018055404,1.30878535779866,-0.64721173,1.2024882,-0.61544675,348.52542,82.650444,-0.5995658,WAL
1976797356000,189.279968,-2.23950938523868,-2.41147352365075,1.22758790228048,-0.7510588,1.135293,-0.5882632,349.04565,82.650894,-0.6995748,WAL
1976802373000,189.284985,-2.12542337605738,-2.34254659492951,1.14677702461044,-0.8604037,1.0439687,-0.5543602,349.53546,82.67981,-0.8119288,WAL
1976807444000,189.290056,-2.01585054453017,-2.27663146065282,1.05626972686449,-0.95356065,0.97035944,-0.5164866,350.01675,82.72463,-0.92621,WAL
1976812306000,189.294918,-1.96518917780415,-2.24899798789318,0.885863167240356,-1.0567969,0.9086621,-0.46883908,350.47266,82.79749,-1.0521926,WAL
1976817445000,189.300057,-1.91304168895028,-2.22977248662402,0.717929113201512,-1.1499538,0.90133166,-0.39858958,350.91043,82.90738,-1.1311531,WAL
1976822320000,189.304932,-1.88136496243094,-2.33837829136377,0.713403873306194,-1.2504412,0.8542951,-0.37568212,351.31845,83.04386,-1.2085472,WAL
1976827681000,189.310293,-1.85052840795181,-2.46268603975904,0.713828016678406,-1.3613132,0.7858781,-0.33933565,351.73032,83.1999,-1.2730565,WAL
1976832355000,189.314967,-1.88786465783133,-2.64936728915663,0.800945901297498,-1.473407,0.7489208,-0.31581733,352.13638,83.378395,-1.3421856,WAL
1976837299000,189.319911,-1.92735768722892,-2.84683243614458,0.893096269623726,-1.5189165,0.6942484,-0.27397305,352.53455,83.54067,-1.3990061,WAL
1976842310000,189.324922,-1.93823418950547,-3.00907148202152,1.13666735187429,-1.636508,0.6206391,-0.23701571,352.91492,83.746796,-1.4617468,WAL
1976847269000,189.329881,-1.94271619697999,-3.16145978295583,1.41006996694224,-1.7681495,0.5375614,-0.17654006,353.27383,83.95776,-1.5431828,WAL
1976852318000,189.33493,-1.98811685081211,-3.47576732405254,1.82924974217967,-1.8933768,0.4266894,-0.09773844,353.6191,84.17194,-1.6381758,WAL
1976857249000,189.339861,-2.04966704235011,-3.84980335059154,2.2979784699619,-2.042428,0.31703907,-0.0009162979,353.93793,84.41174,-1.7541597,WAL
1976862309000,189.344921,-2.08430476660802,-4.60595009912029,2.95123589249931,-2.1728477,0.1966986,0.13775012,354.2084,84.64645,-1.9174013,WAL
1976867277000,189.349889,-2.1063335383091,-5.50472087463654,3.66496562058524,-2.2660046,0.0842994,0.30085114,354.4466,84.87834,-2.1110508,WAL
1976872313000,189.354925,-2.0461875135519,-7.1330232979496,4.55863466994874,-2.2953262,-0.016493361,0.4810564,354.64835,85.04281,-2.3714478,WAL
1976877308000,189.35992,-1.91847452780863,-9.33990241990603,5.58544653549765,-2.2379048,-0.11575896,0.6597345,354.81372,85.15204,-2.6707785,WAL
1976882295000,189.364907,-1.45457362709881,-11.6280366633829,7.24626247053492,-2.0647244,-0.08032878,0.79534656,354.9974,85.10124,-3.0054905,WAL
1976887382000,189.369994,-0.81627301360063,-14.0036666656487,9.25235026186582,-1.6826283,0.011911872,0.86742866,355.16147,84.94787,-3.3620186,WAL
1976892312000,189.374924,0.223526877499579,-15.4404432515585,10.7666964486099,-1.003957,-0.027794369,0.77274454,355.30627,84.62818,-3.6303859,WAL
1976897335000,189.379947,1.50819947230329,-16.4414344778433,12.0797370008425,-0.0852157,-0.2959642,0.5128214,355.403,84.21293,-3.8535516,WAL
1976902311000,189.384923,2.8518727556532,-17.3349748691459,12.7281066146179,0.6417139,-0.43401974,0.09407325,355.45026,83.6884,-3.8527026,WAL
1976907314000,189.389926,4.39231098585361,-17.9716887871611,11.6395302724252,1.0201449,-0.16676621,-0.23609942,355.53357,83.06813,-3.7998896,WAL
1976912307000,189.394919,5.32834192879366,-18.4669144097446,10.3655237778104,1.1792754,0.4111123,-0.37140608,355.57007,82.36208,-3.4369345,WAL
1976917309000,189.399921,5.38458279007925,-18.757492878192,8.81421227737012,1.2116512,1.0002918,-0.4642576,355.70776,81.58327,-3.029573,WAL
1976922302000,189.404914,5.03231561207543,-18.4128019580121,7.51156902833924,1.1468995,1.2052372,-0.5693264,355.893,80.97301,-2.3668056,WAL
1976927308000,189.40992,3.95340729361325,-16.9392922732861,6.64244856740988,1.0494665,1.4388931,-0.59437186,356.26477,80.31586,-1.775121,WAL
1976932291000,189.414903,2.75428671651694,-15.1707102340426,5.87046201481481,0.96761054,1.4618006,-0.63346726,356.71173,79.818344,-1.132625,WAL
1976937322000,189.419934,1.38270624813042,-12.9970640079787,5.21077446898148,0.7846564,1.4010195,-0.6188065,357.19156,79.35172,-0.5546959,WAL
1976942273000,189.424885,0.123585446308725,-10.8963925581524,4.69101524190683,0.5644395,1.3374895,-0.5934556,357.72366,78.95139,-0.12174128,WAL
1976947315000,189.429927,-1.0249527138255,-8.81377365716542,4.35264902048954,0.32925636,1.2605205,-0.5546656,358.22055,78.60472,0.27980578,WAL
1976952271000,189.434883,-1.98651194192598,-7.03534948114263,4.08818503871601,0.099571034,1.1917981,-0.4908302,358.71564,78.34939,0.4669195,WAL
1976957316000,189.439928,-2.68844764797291,-5.66942075781879,3.93167256801806,-0.1282817,1.1227703,-0.3817908,359.17612,78.16488,0.62493217,WAL
1976962243000,189.444855,-3.25884421528705,-4.60657841061415,3.72376686975968,-0.3555236,1.0677924,-0.25289822,359.60406,78.051865,0.5793204,WAL
1976967340000,189.449952,-3.61728400812512,-4.05262594163647,3.39791249053977,-0.5671884,1.0824533,-0.0983493,0.021866355,78.00157,0.49314684,WAL
1976972247000,189.454859,-3.85181853076687,-3.67205755033187,3.17199335084244,-0.7425067,1.0934488,0.04520403,0.4077966,77.99438,0.26152536,WAL
1976977346000,189.459958,-3.73713055022976,-3.7717862426427,3.22185759286225,-0.89552844,1.006095,0.16798794,0.76086676,78.03559,-0.004274337,WAL
1976982329000,189.464941,-3.64726594352964,-4.06870628424651,3.33501836407852,-1.0140363,0.73761976,0.26389378,1.0642262,78.13184,-0.3496473,WAL
1976987406000,189.470018,-3.60927675427288,-4.85223380851646,3.60569163504248,-1.1212431,0.27672195,0.32070425,1.2828587,78.254875,-0.7036086,WAL
1976992285000,189.474897,-3.58833804549125,-5.77753410969044,3.84827816446837,-1.1905763,-0.29932398,0.3286455,1.3890406,78.38612,-1.0314869,WAL
1976997325000,189.479937,-3.61617907913863,-7.28095099259758,4.04316559380888,-1.2052372,-0.9630291,0.3378085,1.3372402,78.51659,-1.3448962,WAL
1977002382000,189.484994,-3.71073776498468,-8.94655696751787,4.14052037932584,-1.1591167,-1.5842791,0.34147367,1.1455891,78.628334,-1.6112869,WAL
1977007434000,189.490046,-4.11598046173647,-11.3434192813075,3.77975535640449,-1.0824533,-2.0317378,0.36957347,0.81547475,78.72194,-1.8586724,WAL
1977012342000,189.494954,-4.46148314695703,-13.5000949404188,3.23712256886245,-0.9841039,-2.2024746,0.39858958,0.42438602,78.808464,-2.0581653,WAL
1977017348000,189.49996,-4.6358844892046,-15.064992885557,1.97389178969619,-0.86620694,-2.0329595,0.46578476,0.0043215505,78.85671,-2.2651558,WAL
1977022345000,189.504957,-4.81768448438729,-16.4909510574887,0.940254065945537,-0.634689,-1.8591684,0.5216789,359.65396,78.96349,-2.4387128,WAL
1977027344000,189.509956,-5.03496643534039,-17.292480079173,0.949911060030257,-0.23823744,-1.5021176,0.5195409,359.40942,78.98194,-2.6248388,WAL
1977032309000,189.514921,-4.97660598954014,-18.007993005654,1.06065303877686,0.045814894,-1.108415,0.52564955,359.38385,79.176506,-2.7529936,WAL
1977037387000,189.519999,-3.7209613881455,-18.3883530064078,1.61515307728044,0.61575216,-0.97097033,0.39492437,359.39145,79.17397,-2.848186,WAL
1977042360000,189.524972,-2.49066088252017,-18.5477570054306,2.06042147293251,0.9410379,-1.0726794,0.1282817,359.45032,79.17564,-2.936856,WAL
1977047347000,189.529959,-1.24943160275078,-16.1394016155935,1.32865197742048,0.8524625,-1.2198979,-0.14905111,359.53735,79.14011,-2.9911463,WAL
1977052383000,189.534995,-0.0156235512714536,-13.672006593004,0.578464213064799,0.49327368,-1.1588113,-0.32895094,359.5994,79.09688,-2.8328211,WAL
1977057452000,189.540064,0.1767838462662,-9.29585675361784,-0.777336689457093,-0.011301007,-0.92485,-0.42730024,359.67093,79.13098,-2.63385,WAL
1977062296000,189.544908,0.360650769460595,-5.11395306018988,-2.07295704294221,-0.50854534,-0.838718,-0.5112942,359.61935,79.30574,-2.284909,WAL
1977067343000,189.549955,-0.0376691474737789,-3.76281933198482,-2.22604360995904,-0.8857546,-0.97433007,-0.47952923,359.56268,79.57334,-1.9529825,WAL
1977072294000,189.554906,-0.544449724120468,-3.02869795000499,-2.14079091119768,-1.1582005,-1.1826351,-0.312763,359.4997,79.9322,-1.6485109,WAL
1977077333000,189.559945,-0.911908630515184,-2.63359309327641,-2.40589045035413,-1.3686435,-1.3848315,-0.18112154,359.2717,80.41616,-1.4086963,WAL
1977082262000,189.564874,-1.24165484259726,-2.31758632881537,-2.73563648549529,-1.5503759,-1.5329664,-0.10629055,358.99435,80.95999,-1.1946613,WAL
1977087459000,189.570071,-1.54904418605914,-2.30265278974049,-3.1124158047073,-1.6954565,-1.5867225,-0.012217305,358.71994,81.51586,-1.0823888,WAL
1977092245000,189.574857,-1.82104587173607,-2.37641601585194,-3.46740115586401,-1.7986927,-1.5995506,0.105068825,358.41324,82.102646,-0.99580836,WAL
1977097358000,189.57997,-2.14005181178983,-2.6757805296231,-3.71842266919792,-1.8710803,-1.666135,0.23884831,358.16418,82.72917,-0.94706506,WAL
1977102322000,189.584934,-2.45780412452655,-3.02883857808206,-3.92584422946528,-1.9294178,-1.840537,0.35613444,357.8805,83.36461,-0.9262839,WAL
1977107354000,189.589966,-2.69713757890506,-3.43952280223873,-4.15820312877786,-1.9630154,-2.024102,0.4456262,357.63745,84.02114,-0.95082057,WAL
1977112349000,189.594961,-2.88698285447237,-3.8776273038669,-4.40159463152539,-1.9587394,-2.1529946,0.5458081,357.3618,84.65558,-1.0115438,WAL
1977117345000,189.599957,-2.95900882919665,-4.28100683485703,-4.57546895472671,-1.9504927,-2.1945333,0.64812803,357.08395,85.29355,-1.1479092,WAL
1977122375000,189.604987,-2.97306386829411,-4.66986330791675,-4.71601959030344,-1.9556851,-2.182316,0.7510588,356.7916,85.886475,-1.3125132,WAL
1977127352000,189.609964,-2.94815683538841,-5.14059615536375,-4.60298434475956,-1.954158,-2.0851886,0.8008443,356.49463,86.446365,-1.5448278,WAL
1977132317000,189.614929,-2.89929867432183,-5.66337922872996,-4.33426397422935,-1.9556851,-1.9694295,0.9089675,356.2157,86.890816,-1.8229125,WAL
1977137375000,189.619987,-2.87107428722108,-6.27477796071333,-4.01163170606685,-1.8967366,-1.8732183,1.0302242,355.9242,87.18108,-2.154575,WAL
1977142334000,189.624946,-2.85405072769961,-6.91316030956179,-3.67116104891119,-1.8283197,-1.817935,1.1621711,355.6657,87.23624,-2.5194943,WAL
1977147342000,189.629954,-2.8355592936224,-7.70067492277415,-3.38229283127763,-1.7742581,-1.7736472,1.3051136,355.4063,87.02844,-2.9314642,WAL
1977152428000,189.63504,-2.81505503805515,-8.6900008380341,-3.16187302062724,-1.7336355,-1.7116444,1.4468343,355.18045,93.37996,-3.3773596,WAL
1977157371000,189.639983,-2.69440896603053,-9.60681661450382,-3.0308399110687,-1.7003434,-1.6310102,1.5738943,354.9613,93.91619,-3.8546224,WAL
1977162347000,189.644959,-2.48859044051828,-10.4923152067095,-2.96861577077139,-1.6786577,-1.5610662,1.6927075,354.76987,94.53267,-4.3631034,WAL
1977167347000,189.649959,-2.24531608399418,-11.3829153888512,-2.87699253532719,-1.674687,-1.4862351,1.8148806,354.6054,95.18224,-4.8869996,WAL
1977172354000,189.654966,-1.97104427382453,-12.2754608303442,-2.76077567237033,-1.6523905,-1.4187346,1.8964312,354.4711,95.85042,-5.423072,WAL
1977177347000,189.659959,-1.66807631499442,-12.9729570959724,-2.65863503540631,-1.6224581,-1.3686435,1.920255,354.33618,96.496124,-5.931831,WAL
1977182343000,189.664955,-1.33315140867404,-13.4632098065334,-2.57126332291772,-1.6166549,-1.3399329,1.9181169,354.2252,97.14677,-6.4450803,WAL
1977187417000,189.670029,-0.981872271600992,-13.7516571284367,-2.76450805762779,-1.6007724,-1.2305881,1.8881844,354.13593,97.720245,-6.886715,WAL
1977192308000,189.67492,-0.633186172556824,-13.8399907730025,-3.20617705719107,-1.572978,-0.97158116,1.8338175,354.10553,98.272804,-7.307468,WAL
1977197333000,189.679945,-0.257295098646486,-13.711702241878,-3.50158907519522,-1.5512923,-0.61300325,1.7235563,354.10727,98.740204,-7.63848,WAL
1977202458000,189.68507,0.144892939891063,-13.3473667675697,-3.63407454950352,-1.5216653,-0.2519819,1.5519031,354.18695,99.16509,-7.9236736,WAL
1977207358000,189.68997,0.570098784505761,-12.822333270467,-3.64089981146149,-1.4712689,-0.0027488936,1.3524556,354.29486,99.564125,-8.138276,WAL
1977212349000,189.694961,1.05802908389327,-12.0493749717,-3.48630805081868,-1.4523321,0.101098195,1.1499538,354.46213,99.91837,-8.294557,WAL
1977217303000,189.699915,1.41858712924528,-11.328007495283,-3.22901014292453,-1.4278975,0.10262536,0.97158116,354.64117,100.21282,-8.361,WAL
1977222336000,189.704948,1.62226268799135,-10.6554041215605,-2.83113225317414,-1.4031575,0.020158553,0.77549344,354.81757,100.45552,-8.364334,WAL
1977227272000,189.709884,1.68817802818635,-10.0046765106944,-2.44735260465866,-1.416902,-0.258396,0.6774496,354.89822,100.65004,-8.308213,WAL
1977232332000,189.714944,1.54619548575056,-9.35155697363024,-2.06399971043071,-1.5253305,-0.7180721,0.48838675,354.88934,100.80032,-8.181844,WAL
1977237294000,189.719906,1.32150580685464,-8.76455121978679,-1.93719803798944,-1.6664404,-1.2287555,0.30726522,354.7693,100.90154,-8.020025,WAL
1977242343000,189.724955,0.931287928634054,-8.26834800533028,-2.27924085026402,-1.7800614,-1.6609426,0.12767084,354.52884,100.98706,-7.821422,WAL
1977247264000,189.729876,0.545980936978602,-7.89200835509319,-2.69814082810374,-1.8503108,-1.9575176,-0.027488936,354.1915,101.05375,-7.6140037,WAL
1977252328000,189.73494,0.139488398727936,-7.71984708618479,-3.30070624303323,-1.8555032,-2.0977113,-0.14844026,353.7677,101.10892,-7.3772554,WAL
1977257248000,189.73986,-0.220309663340456,-7.61912534604719,-3.70161626022639,-1.8099937,-2.0760255,-0.23304509,353.29007,101.30422,-7.2213626,WAL
1977262315000,189.744927,-0.509297440487339,-7.66986352952675,-3.68617417634223,-1.749518,-1.9211712,-0.27947086,352.80875,101.48719,-7.0412717,WAL
1977267326000,189.749938,-0.795091352325317,-7.72004095944902,-3.67090275689412,-1.6920967,-1.7849482,-0.2843578,352.34537,101.811195,-6.9433184,WAL
1977272349000,189.754961,-1.08156966387235,-7.77033855084784,-3.65559476649543,-1.6533068,-1.8008307,-0.2828306,351.88165,102.122475,-6.834127,WAL
1977277245000,189.759857,-1.36080474516525,-7.81936443328636,-3.64067381865709,-1.6716328,-1.892155,-0.23579398,351.43765,102.443115,-6.734126,WAL
1977282296000,189.764908,-1.60469586837615,-8.01065452661173,-3.35958095619001,-1.6691893,-1.9547688,-0.1704314,350.9871,102.767426,-6.648447,WAL
1977287317000,189.769929,-1.84244111889481,-8.21576785273873,-3.05191057758604,-1.6423112,-1.9104811,-0.10170906,350.54495,103.09647,-6.575507,WAL
1977292314000,189.774926,-1.96704239729676,-8.42969713676412,-2.90485788872647,-1.6013832,-1.7571539,-0.026267206,350.15628,103.47991,-6.612678,WAL
1977297271000,189.779883,-2.0716068580797,-8.64357918011614,-2.78603465813977,-1.5705346,-1.557401,0.064751714,349.80106,103.8626,-6.665487,WAL
1977302311000,189.784923,-2.0593015034736,-8.76597760639143,-2.45076710023819,-1.5546521,-1.3286319,0.16126843,349.51993,104.20952,-6.7497,WAL
1977307255000,189.789867,-2.0264080057364,-8.86935705855498,-2.0842404512505,-1.5845845,-1.1108584,0.26542094,349.30115,104.56323,-6.8461275,WAL
1977312323000,189.794935,-1.71631425946966,-8.90730277455557,-1.12755603586453,-1.6184875,-0.9294315,0.35216382,349.13577,104.90241,-6.9626327,WAL
1977317252000,189.799864,-1.36002172209753,-8.93074306018473,-0.0821185723110537,-1.641395,-0.86437434,0.41874814,349.0062,105.246315,-7.092027,WAL
1977322322000,189.804934,-1.17556130581107,-8.87839926984733,0.383594063004771,-1.6313156,-0.8200866,0.44929138,348.91895,105.52918,-7.20625,WAL
1977327280000,189.809892,-1.0351093502958,-8.8104387148855,0.705274254972328,-1.5763378,-0.88514376,0.4908302,348.82568,105.80684,-7.3414807,WAL
1977332298000,189.81491,-0.916630865775136,-8.73975443595839,0.753471293547301,-1.4370605,-0.9947941,0.5174029,348.63278,105.98718,-7.4663305,WAL
1977337303000,189.819915,-0.807424938831105,-8.6685332115899,0.696494279347202,-1.2434162,-1.1050552,0.5299256,348.4279,106.13744,-7.599052,WAL
1977342327000,189.824939,-0.761823686929798,-8.54188685847811,0.485385429483897,-1.0396926,-1.2024882,0.52595496,348.14575,106.2655,-7.7541785,WAL
1977347330000,189.829942,-0.742352878055471,-8.39342182962511,0.212794262810119,-0.83658,-1.25319,0.5195409,347.85144,106.34198,-7.9113984,WAL
1977357253000,189.839865,-0.703734281921162,-8.0989548135731,-0.327865770550645,-0.54458636,-1.2156218,0.47769663,347.21628,106.39545,-8.198391,WAL
1977362248000,189.84486,-0.749595728712773,-7.97351244454339,-0.623455140128624,-0.47708577,-1.1795808,0.46822822,346.90955,106.40788,-8.32987,WAL
1977367248000,189.84986,-0.815923669743742,-7.85506978104284,-0.926668566466805,-0.47250426,-1.149343,0.4569272,346.61526,106.4,-8.445609,WAL
1977372254000,189.854866,-0.869131604787234,-7.75954225531915,-1.19250161990881,-0.5375614,-1.1038336,0.45875978,346.35135,106.43552,-8.564796,WAL
1977377252000,189.859864,-0.917626915212766,-7.67225094468085,-1.4446772543769,-0.63041294,-1.0732902,0.46517387,346.09833,106.47569,-8.676182,WAL
1977382228000,189.86484,-0.975841872362306,-7.60497720814793,-1.62619819294967,-0.74128497,-1.0626001,0.5018258,345.8595,106.58296,-8.809685,WAL
1977387256000,189.869868,-1.03774029116978,-7.54307856560862,-1.78808631932167,-0.88086766,-1.056186,0.54428095,345.6357,106.71858,-8.939547,WAL
1977392229000,189.874841,-1.05689642934904,-7.66527517396173,-1.85157970876868,-1.0088439,-1.058324,0.57818395,345.42044,106.93585,-9.097163,WAL
1977397264000,189.879876,-1.06159180770242,-7.85309030809679,-1.88209969257997,-1.1346822,-1.0638218,0.6243043,345.21527,107.18647,-9.263331,WAL
1977402425000,189.885037,-1.06640468708311,-8.04560548332441,-1.91338343368226,-1.2431108,-1.0476339,0.6603453,345.0185,107.50604,-9.455833,WAL
1977407374000,189.889986,-1.07101986632261,-8.23021265290423,-1.94338212283461,-1.3154984,-1.056186,0.7031059,344.8219,107.84313,-9.657424,WAL
1977412332000,189.894944,-1.12501718800474,-8.58333702497779,-1.83958932900582,-1.3426818,-1.0729848,0.74372846,344.6344,108.18779,-9.860109,WAL
1977417340000,189.899952,-1.20551190077007,-9.02842555889031,-1.66439491344654,-1.3848315,-1.0937542,0.7675522,344.44946,108.54427,-10.063129,WAL
1977422356000,189.904968,-1.30775131878927,-9.5222928941857,-1.48478325713573,-1.4046847,-1.1386528,0.7788532,344.2161,108.935524,-10.300267,WAL
1977427349000,189.909961,-1.42220305878129,-10.0420947188591,-1.30356798140022,-1.4135422,-1.1786644,0.7858781,343.98538,109.322334,-10.534741,WAL
1977432319000,189.914931,-1.57501148363053,-10.5401877198958,-1.12564801636946,-1.4083499,-1.1823297,0.7831292,343.75287,109.67024,-10.763143,WAL
1977437388000,189.92,-1.75495128438189,-11.0362377645762,-0.945708215618113,-1.3860532,-1.1826351,0.77396625,343.51608,110.00326,-10.985517,WAL
1977442349000,189.924961,-1.92093338425017,-11.3813532996333,-0.740978472177619,-1.3640621,-1.1780536,0.7489208,343.23706,110.33601,-11.237492,WAL
1977447389000,189.930001,-2.08359390164536,-11.6492650926752,-0.516124284844881,-1.3048081,-1.1630874,0.7367035,342.96716,110.64405,-11.480756,WAL
1977452370000,189.934982,-2.18501141200348,-11.7820186830965,-0.388306328877936,-1.2082914,-1.1630874,0.73273283,342.679,110.921745,-11.74314,WAL
1977457364000,189.939976,-2.24972307227216,-11.8328636555523,-0.318972358896298,-1.0830641,-1.1670581,0.7519751,342.3998,111.17191,-11.999452,WAL
1977462345000,189.944957,-2.21163138860938,-11.8274664022942,-0.354952811390622,-0.9263771,-1.1780536,0.768163,342.10406,111.38121,-12.280555,WAL
1977467329000,189.949941,-2.08675706299054,-11.7746348989736,-0.479827137009459,-0.7275405,-1.1560625,0.79504114,341.8228,111.55101,-12.559197,WAL
1977472345000,189.954957,-1.80904476487105,-11.8192205137907,-0.696962309469282,-0.48624873,-1.108415,0.8390234,341.54193,111.68661,-12.858193,WAL
1977477351000,189.959963,-1.40806047629194,-11.9433347209001,-0.988153299332869,-0.20463985,-1.0103711,0.84788096,341.28387,111.76406,-13.140467,WAL
1977482321000,189.964933,-0.825189546341705,-12.015050058681,-1.29656462735812,0.10476339,-0.86254174,0.8561276,341.04675,111.80353,-13.411709,WAL
1977487407000,189.970019,-0.0690990234823018,-12.0439450658988,-1.62885919668776,0.37293324,-0.65026605,0.82527894,340.85626,111.78567,-13.653609,WAL
1977492307000,189.974919,0.680698227309756,-11.925318153636,-1.83257328600238,0.53786683,-0.40530908,0.745561,340.6878,111.7124,-13.807077,WAL
1977497384000,189.979996,1.47769195159944,-11.6644838741307,-1.93400883073714,0.5665775,-0.19058995,0.6310238,340.56924,111.60272,-13.923364,WAL
1977502351000,189.984963,2.05760009279368,-11.4943377201382,-1.99924112161895,0.45753807,-0.014660766,0.48166725,340.45764,111.4378,-13.883936,WAL
1977507349000,189.989961,2.44978027541955,-11.4045617001974,-2.03231653374136,0.23487769,0.07880162,0.2910773,340.37418,111.26687,-13.791874,WAL
1977512327000,189.994939,2.57570698721993,-11.4417674234061,-1.91291530545245,-0.014660766,0.08582657,0.083383106,340.25354,111.04672,-13.546227,WAL
1977517349000,189.999961,2.41383410090393,-11.6175152085777,-1.62616919871141,-0.226631,0.043982297,-0.13133603,340.13312,110.83626,-13.247139,WAL
1977522327000,190.004939,2.06007984019838,-11.7668805828817,-1.25474087759894,-0.3115413,-0.101098195,-0.2180789,339.95352,110.61552,-12.886649,WAL
1977527347000,190.009959,1.41114086218427,-11.8799530156458,-0.748371757893445,-0.43401974,-0.2996294,-0.36713,339.72894,110.410446,-12.464864,WAL
1977532295000,190.014907,0.766929971203,-11.896929644133,-0.349708908810816,-0.505491,-0.49632803,-0.45570546,339.46063,110.19969,-12.079818,WAL
1977537415000,190.020027,0.0943135551366822,-11.7904722475081,-0.0690488403611961,-0.51251596,-0.63132924,-0.49693888,339.15167,109.99522,-11.685178,WAL
1977542255000,190.024867,-0.374753669964385,-11.7487104313415,0.0728739278702018,-0.45356745,-0.6609562,-0.5018258,338.83682,109.79485,-11.388017,WAL
1977547400000,190.030012,-0.62335932682034,-11.7925823981005,0.0387515803563514,-0.35033122,-0.57696223,-0.47342056,338.5216,109.59096,-11.095545,WAL
1977552295000,190.034907,-0.726687214740805,-11.9791960903562,0.00121848011448981,-0.2098322,-0.4334089,-0.4352415,338.24268,109.405266,-10.916161,WAL
1977557354000,190.039966,-0.623793190964379,-12.4001259878367,-0.0455515417034463,-0.063224554,-0.26939157,-0.39706242,338.00015,109.20215,-10.739154,WAL
1977562240000,190.044852,-0.491087634583537,-12.8685023504943,-0.0265511056762259,0.12308934,-0.09162979,-0.3885103,337.81125,108.98809,-10.59616,WAL
1977567345000,190.049957,-0.275757110696878,-13.5001385492317,0.140928182130371,0.2910773,0.050701816,-0.40622538,337.6631,108.749535,-10.448921,WAL
1977572277000,190.054889,-0.0585927773283208,-14.0665960227068,0.31543360432381,0.48899764,0.15332718,-0.4538729,337.547,108.43997,-10.260856,WAL
1977577332000,190.059944,0.188920876130326,-14.5276507903759,0.528974809752381,0.7107417,0.19700404,-0.5039638,337.4568,108.08826,-10.065022,WAL
1977582302000,190.064914,0.441053576046901,-14.9170767978783,0.63018883853713,0.9416488,0.17715092,-0.5589417,337.35464,107.62592,-9.812509,WAL
1977587391000,190.070003,0.722242392495812,-15.1483776728085,0.448776700725851,1.1756102,0.17562376,-0.6203337,337.27158,107.11179,-9.546143,WAL
1977592291000,190.074903,0.988990751243981,-15.320557663423,0.265570971961276,1.4407257,0.2049453,-0.69027776,337.17508,106.476524,-9.2234535,WAL
1977597410000,190.080022,1.23981415080257,-15.1484235852729,0.0147475980798556,1.6924021,0.2574797,-0.78038037,337.08713,105.790565,-8.884817,WAL
1977602351000,190.084963,1.43878651943429,-14.944099999913,-0.197628946289817,1.9028453,0.29352075,-0.883922,336.9956,105.047295,-8.484806,WAL
1977607354000,190.089966,1.38874707077459,-14.5145948447346,-0.239328481033943,2.048842,0.31856623,-1.0012082,336.91824,104.26092,-8.063563,WAL
1977612306000,190.094918,1.33921771843342,-14.0894680151436,-0.280602935571802,2.1884248,0.33475417,-1.1038336,336.8495,103.44339,-7.593447,WAL
1977617353000,190.099965,1.14507682594385,-13.5349683242732,-0.23066526576364,2.3704627,0.36835176,-1.1899655,336.7956,102.58393,-7.1045246,WAL
1977622298000,190.10491,0.928187501242533,-12.9691700302668,-0.164655477925129,2.4804184,0.4007276,-1.2070698,336.7525,101.722534,-6.617662,WAL
1977627365000,190.109977,0.113013791006095,-12.4642823284044,0.120754451320811,2.734233,0.42088616,-1.2394456,336.71896,100.81135,-6.1310744,WAL
1977632264000,190.114876,-0.791665807379359,-11.9908492139075,0.439501657948846,3.012482,0.40439278,-1.2760975,336.69086,99.88416,-5.649684,WAL
1977637372000,190.119984,-1.40537834782824,-12.3236872709242,0.230174808344903,3.2907312,0.40286562,-1.3347405,336.6847,98.933136,-5.2026687,WAL
1977642245000,190.124857,-1.92370351719556,-12.8096168000793,-0.0798947277171758,3.5341609,0.42424592,-1.3921618,336.6872,97.941765,-4.755298,WAL
1977647412000,190.130024,-2.61290377664787,-13.4331567823796,-0.803709841148193,3.6807685,0.47678033,-1.4511104,336.72095,96.99955,-4.4574094,WAL
1977652295000,190.134907,-3.29596194048257,-14.0470451769437,-1.57755424691689,3.6893206,0.6044512,-1.5057828,336.79074,96.06739,-4.1512537,WAL
1977657336000,190.139948,-4.05564251197385,-14.5863813955864,-2.18444345913363,3.5515707,0.79259765,-1.5476271,336.90015,95.30955,-3.9462852,WAL
1977662324000,190.144936,-4.83650249685329,-15.0695380939926,-2.68224183326522,3.304781,0.95447695,-1.5500705,337.04648,94.634895,-3.7443705,WAL
1977667341000,190.149953,-5.54581053659976,-15.4082172411452,-2.91692079102715,3.026532,0.9605856,-1.5140295,337.17978,94.36248,-3.7543263,WAL
1977672369000,190.154981,-6.22327644970484,-15.682993681523,-3.03535878394333,2.7727172,0.8216137,-1.45783,337.3208,94.16779,-3.7659037,WAL
1977677348000,190.15996,-6.86137982755874,-15.8365412182397,-2.91212737714058,2.574797,0.63621616,-1.3952162,337.41913,94.30927,-3.9956603,WAL
1977682338000,190.16495,-7.48466381600956,-15.9316989880526,-2.66947496475508,2.4208589,0.4352415,-1.3616186,337.47784,94.46562,-4.21073,WAL
1977687406000,190.170018,-7.90059451900526,-15.7507376799434,-2.4950351177315,2.287385,0.1966986,-1.346347,337.5098,94.70169,-4.4931645,WAL
1977692308000,190.17492,-8.1948339470279,-15.4375146473918,-2.36215241334412,2.2003367,-0.08857546,-1.3548992,337.47556,94.92679,-4.7537074,WAL
1977697421000,190.180033,-8.00894440563434,-15.3957056876368,-2.39663427557819,2.1682663,-0.35979962,-1.3775011,337.416,95.188255,-5.06003,WAL
1977702443000,190.185055,-7.59697885276482,-15.4872535882745,-2.51106924696869,2.2033908,-0.56230146,-1.4312572,337.30045,95.42167,-5.3304505,WAL
1977707359000,190.189971,-6.93388270660522,-15.2936308509985,-2.93527406395289,2.2235496,-0.56169057,-1.6349808,337.19333,95.61327,-5.557448,WAL
1977712350000,190.194962,-6.07729063993856,-14.8971507176651,-3.58628420839734,2.0690005,-0.43310347,-1.8322903,337.07397,95.7846,-5.7507043,WAL
1977717341000,190.199953,-5.2812289840079,-14.3976151922014,-3.63034157795657,1.6777414,0.007941248,-1.9022343,337.04758,95.84529,-5.8217897,WAL
1977722337000,190.204949,-4.52079832892399,-13.8355582875617,-3.30916590091807,1.4789047,0.28680122,-2.0295997,337.01474,95.82493,-5.8104753,WAL
1977727342000,190.209954,-3.83467570330285,-13.197485223176,-3.11542338579959,1.212873,0.4071417,-2.0830505,337.03452,95.67676,-5.6559696,WAL
1977732311000,190.214923,-3.20420589564284,-12.5137358948498,-3.00886508624743,1.1285735,0.3921755,-2.05434,337.09003,95.51701,-5.488205,WAL
1977737357000,190.219969,-2.53664635507912,-11.9372134864727,-2.85582429887698,1.2027937,0.49296826,-1.9501873,337.19806,95.256325,-5.2196074,WAL
1977742346000,190.224958,-1.8439894355998,-11.5079618619704,-2.65095390438999,1.4159856,0.8213083,-1.8548924,337.3603,95.005394,-4.9614472,WAL
1977747411000,190.230023,-1.25064281016949,-11.2689340823245,-2.31146541428571,1.6520851,1.1621711,-1.8075503,337.53787,94.66911,-4.6250334,WAL
1977752403000,190.235015,-0.773147433898305,-11.2255250363196,-1.84843958571429,1.8823812,1.4370605,-1.7715092,337.784,94.35756,-4.320813,WAL
1977757350000,190.239962,-0.412274172414562,-11.1222724005525,-1.44829924047455,2.026851,1.6328428,-1.7718146,338.09314,93.941605,-3.9199908,WAL
1977762351000,190.244963,-0.152393681650355,-10.9616187292818,-1.09864188711523,2.0857995,1.7519615,-1.7602082,338.45007,93.553154,-3.545927,WAL
1977767335000,190.249947,0.0581826967547355,-10.7723461427029,-0.855684733639219,2.0971005,1.7608191,-1.6902641,338.83466,86.87898,-3.1204798,WAL
1977772346000,190.254958,0.218319991462165,-10.5509803365394,-0.72380698253018,2.0879374,1.7971655,-1.616044,339.25113,87.261856,-2.7164524,WAL
1977777345000,190.259957,0.304320209561753,-10.3201245998008,-0.824369479422311,2.0598376,1.8289305,-1.5241088,339.67755,87.59679,-2.3010492,WAL
1977782334000,190.264946,0.29956137936255,-10.0774236633466,-1.20983502370518,1.9960022,1.8854356,-1.4538593,340.11203,87.82726,-1.918329,WAL
1977787275000,190.269887,0.284758551923572,-9.7750513005643,-1.5885772006534,1.9086485,2.0005836,-1.3585643,340.58197,87.93443,-1.5400413,WAL
1977792314000,190.274926,0.256093551155331,-9.38329636323136,-1.97077719426789,1.8280143,2.1438315,-1.2550226,341.06616,87.91206,-1.2021664,WAL
1977797238000,190.27985,0.177225087042362,-9.02189065171554,-2.34491798110983,1.7867808,2.2602015,-1.1246029,341.578,87.80374,-0.87918067,WAL
1977802346000,190.284958,0.0178209049913743,-8.67964094422082,-2.73405167760207,1.7757853,2.3377812,-0.9993755,342.10806,87.625725,-0.6014579,WAL
1977807311000,190.289923,-0.169317754025088,-8.3324154329152,-3.08834286933266,1.7595973,2.4223862,-0.89766645,342.69284,87.38602,-0.3202863,WAL
1977812307000,190.294919,-0.423790771273457,-7.95310647877572,-3.39563106172604,1.7589865,2.4510968,-0.81183994,343.27362,87.11175,-0.0848216,WAL
1977817262000,190.299874,-0.671642788818867,-7.58143413048521,-3.66378303626522,1.7580702,2.5030203,-0.77396625,343.90714,86.81999,0.14174792,WAL
1977822321000,190.304933,-0.915152497270443,-7.2114865650493,-3.86046381244926,1.765706,2.5638015,-0.6951646,344.54318,86.52215,0.3199687,WAL
1977827247000,190.309859,-1.14478171887076,-6.85280024448894,-4.00913064701171,1.7507398,2.6151142,-0.6221663,345.2116,86.23135,0.46683368,WAL
1977832314000,190.314926,-1.35852978372209,-6.48845692215437,-4.03342018830714,1.7180585,2.6462681,-0.57696223,345.88577,85.949936,0.58821934,WAL
1977837404000,190.320016,-1.54293224051211,-6.13417962133783,-4.00764818221517,1.7003434,2.6511552,-0.5354234,346.58737,85.67461,0.6604453,WAL
1977842326000,190.324938,-1.6458515731441,-5.82074328100437,-3.8579474768559,1.6551393,2.6077838,-0.5140431,347.2796,85.42518,0.7166003,WAL
1977847317000,190.329929,-1.75060262502649,-5.53205169251517,-3.68515537587901,1.6105462,2.5537221,-0.5045747,347.99246,85.17141,0.7315994,WAL
1977852322000,190.334934,-1.85679994060302,-5.32889189143628,-3.44967439273673,1.5378532,2.4700336,-0.50640726,348.6811,84.94678,0.73638767,WAL
1977857321000,190.339933,-1.9561027881567,-5.12758186410568,-3.2089281571819,1.4645494,2.3780985,-0.5195409,349.37292,84.70141,0.71917707,WAL
1977862306000,190.344918,-2.02375790223707,-4.93428138678004,-2.94314010808786,1.3729197,2.2794437,-0.5503896,350.03693,84.48833,0.7010724,WAL
1977867283000,190.349895,-2.09700735459208,-4.76088348552211,-2.68991496374722,1.2791518,2.2079725,-0.57604593,350.71185,84.24945,0.6622784,WAL
1977872324000,190.354936,-2.19512122597503,-4.66744160103552,-2.4843430032614,1.1899655,2.16399,-0.61911196,351.3657,84.04011,0.63042253,WAL
1977877314000,190.359926,-2.27988789956157,-4.54595267912695,-2.25633826597408,1.0943651,2.1429152,-0.6609562,352.0313,83.80579,0.58556014,WAL
1977882309000,190.364921,-2.28444714627335,-4.23592052257911,-1.86879801077964,0.98746365,2.1481075,-0.6704246,352.69016,83.605576,0.5352762,WAL
1977887578000,190.37019,-2.28757668053097,-3.90534699908453,-1.45472770803784,0.86376345,2.1352794,-0.68386364,353.3666,83.38252,0.4724542,WAL
1977892291000,190.374903,-2.27380332035398,-3.57478491663106,-1.03234292397925,0.698219,2.1233675,-0.68691796,354.0428,83.20708,0.40004504,WAL
1977897331000,190.379943,-2.25637190757351,-3.24892663314523,-0.581514407805168,0.5225952,2.1093178,-0.68752885,354.74533,82.97119,0.31409955,WAL
1977902334000,190.384946,-2.20419489199089,-3.28213033710524,-0.145124505941986,0.35827246,2.048842,-0.7107417,355.42957,82.78404,0.22782625,WAL
1977907436000,190.390048,-2.15952024806292,-3.31797547294883,0.289813021438975,0.21563543,1.9581286,-0.7101309,356.1431,82.49186,0.121656634,WAL
1977912310000,190.394922,-2.22297126635596,-3.37689427226915,0.579875224992718,0.102319926,1.9318613,-0.70157874,356.8534,82.247025,0.008688001,WAL
1977917540000,190.400152,-2.29464848287276,-3.43791271737575,0.883640323667992,0.044593163,1.8796324,-0.6646214,357.57965,81.86938,-0.10795771,WAL
1977922325000,190.404937,-2.45863476125249,-3.4333575495825,0.956523055924453,-0.12889257,1.8396207,-0.65209866,358.29376,81.575554,-0.2306728,WAL
1977927638000,190.41025,-2.63254898184032,-3.4193761559134,1.03071837715832,-0.19639318,1.8212948,-0.61941737,359.0095,81.28328,-0.37946448,WAL
1977932305000,190.414917,-2.60835682845286,-3.21374308368065,0.950077964104646,-0.32742378,1.7785342,-0.59223384,359.70096,81.066635,-0.53508246,WAL
1977937311000,190.419923,-2.58240741344159,-2.99317330446549,0.863580019440686,-0.4718934,1.7067575,-0.55833083,0.39504266,80.89108,-0.72788393,WAL
1977942343000,190.424955,-2.47315867988558,-2.84811331383118,0.721363394840911,-0.6133087,1.6420058,-0.514654,1.0732515,80.75338,-0.9347371,WAL
1977947241000,190.429853,-2.3413306543511,-2.73040979685838,0.565994783900432,-0.7528914,1.5522085,-0.48930305,1.7195535,80.656685,-1.1457651,WAL
1977952315000,190.434927,-2.2037506894182,-2.65597686529495,0.515553712162984,-0.8698721,1.4834863,-0.45723262,2.3536866,80.60557,-1.3564323,WAL
1977957252000,190.439864,-2.0695667224103,-2.59846952234948,0.501176838896209,-0.9773844,1.3994923,-0.4111123,2.9535367,80.587036,-1.5762973,WAL
1977962352000,190.444964,-2.00768014582809,-2.55034031320755,0.591315031102725,-1.097114,1.3182472,-0.37568212,3.541291,80.57228,-1.7703788,WAL
1977967372000,190.449984,-1.9673652309434,-2.50599382264151,0.708228389509434,-1.2067643,1.2061534,-0.3295618,4.091149,80.57961,-1.9777232,WAL
1977972341000,190.454953,-1.93139017507738,-2.46345752957626,0.904854450400256,-1.3182472,1.07665,-0.30085114,4.619272,80.58761,-2.1560202,WAL
1977977350000,190.459962,-1.90066953807237,-2.42249675152097,1.21718059692603,-1.4425583,0.9202685,-0.267559,5.1027827,80.6243,-2.3440566,WAL
1977982310000,190.464922,-1.89836362462159,-2.43428362031006,1.54059032885056,-1.5503759,0.73273283,-0.24556783,5.53287,80.712,-2.509526,WAL
1977987375000,190.469987,-1.92061231432896,-2.49213009274379,1.88321971358591,-1.6670512,0.5128214,-0.2321288,5.9066553,80.82839,-2.674023,WAL
1977992287000,190.474899,-1.97939825886898,-2.58034155554244,2.22658453380191,-1.7724255,0.2874121,-0.1966986,6.203817,80.999306,-2.8283644,WAL
1977997329000,190.479941,-2.10893540324069,-2.73060457159567,2.59965136026398,-1.91323,0.041233405,-0.1518,6.4307966,81.199554,-2.9783907,WAL
1978002292000,190.484904,-2.21532131267022,-3.09110851702191,3.04436420725281,-2.0344868,-0.17928895,-0.08124508,6.590538,81.40404,-3.1365612,WAL
1978007291000,190.489903,-2.30035591079534,-3.67690217953424,3.57346820345372,-2.1474967,-0.26725355,-0.025045475,6.7156453,81.62773,-3.2975194,WAL
1978012278000,190.49489,-2.28459155099698,-4.73849987563467,4.15531331530979,-2.2379048,-0.41172317,0.027794369,6.7608333,81.82473,-3.4887815,WAL
1978017305000,190.499917,-2.14879380319035,-6.37743712203093,4.80620556899134,-2.2489004,-0.47525316,0.18387043,6.795978,81.99249,-3.722957,WAL
1978022245000,190.504857,-1.81426877393501,-8.40009692718447,5.60951181320586,-2.20278,-0.44990227,0.29565877,6.8278804,82.07679,-3.960766,WAL
1978027315000,190.509927,-1.16007819547256,-11.1130637718447,6.68700208614028,-2.0476203,-0.28955013,0.4370741,6.8696685,82.093315,-4.24813,WAL
1978032283000,190.514895,-0.288412917646527,-13.3339416439038,8.04579634714182,-1.7354681,-0.011911872,0.5152648,6.9629817,81.92787,-4.486665,WAL
1978037356000,190.519968,0.977139206259045,-14.889515883864,9.926547776411,-1.1841623,0.21166481,0.49877146,7.077379,81.66844,-4.7300158,WAL
1978042343000,190.524955,2.32932651133379,-16.2884699587509,11.5083427967701,-0.3903429,0.25045475,0.38240165,7.1906867,81.21032,-4.77023,WAL
1978047307000,190.529919,4.1515342709213,-17.1070760079774,11.9060828742096,0.44868052,0.29352075,0.12095132,7.363557,80.66149,-4.7674384,WAL
1978052297000,190.534909,5.85674149413213,-17.8735641171933,12.1355292994666,1.0537425,0.43127087,-0.1853976,7.412907,80.036285,-4.4686675,WAL
1978057318000,190.53993,6.63020789823554,-18.2247815219532,11.0976640816578,1.3225232,0.8145888,-0.3387248,7.554772,79.29492,-4.176019,WAL
1978062287000,190.544899,7.39566389544522,-18.5723615427165,10.0705475177677,1.328021,1.303281,-0.45356745,7.6901107,78.57674,-3.5546398,WAL
1978067292000,190.549904,7.34614272869688,-18.3717485580902,8.74257703633794,1.1255192,1.6636915,-0.5494733,7.9195127,77.825905,-2.965332,WAL
1978072314000,190.554926,6.90922685311396,-17.910558939033,7.2716267985263,0.8604037,1.8332067,-0.6053675,8.247118,77.085434,-2.422974,WAL
1978077310000,190.559922,5.89085614731808,-16.5497993897653,6.01469922697693,0.6053675,1.8469511,-0.63316184,8.651406,76.493484,-1.7882795,WAL
1978082287000,190.564899,4.63135209869848,-14.8156319023861,4.84918809544469,0.41508293,1.7751744,-0.655153,9.071982,75.95371,-1.2022288,WAL
1978087332000,190.569944,3.28531176078431,-12.6714446832579,4.02143551382604,0.28955013,1.6722436,-0.64934975,9.52166,75.55843,-0.70591736,WAL
1978092337000,190.574949,1.91651688235294,-10.3579887420814,3.37077595173454,0.17287487,1.5482379,-0.6239988,9.925618,75.21404,-0.24074478,WAL
1978097311000,190.579923,0.812728619236835,-8.52178079442411,3.12368409538158,0.035430185,1.3955216,-0.5540548,10.32173,74.98544,0.048057202,WAL
1978102328000,190.58494,-0.184018889625458,-6.88007880568854,3.05603154814606,-0.15302174,1.2220359,-0.42730024,10.656073,74.80761,0.30857363,WAL
1978107313000,190.589925,-1.18571259334681,-5.71919794787234,3.06872468019149,-0.3463606,1.1264355,-0.23579398,10.995534,74.68102,0.3690573,WAL
1978112306000,190.594918,-2.19800858887979,-4.93072622819149,3.14502839671277,-0.4370741,0.97035944,-0.13561209,11.2596655,74.58301,0.4321126,WAL
1978117295000,190.599907,-3.01278087875186,-4.64798161367013,3.37711214947994,-0.63132924,0.8155051,0.093462385,11.510299,74.58049,0.2962245,WAL
1978122329000,190.604941,-3.73867151138187,-4.60977657057949,3.68752589307578,-0.7910705,0.6188065,0.31031954,11.697794,74.59398,0.14996251,WAL
1978127321000,190.609933,-4.16584228832836,-4.8540229238209,3.94608171916418,-0.9053023,0.3481932,0.47800204,11.859407,74.67534,-0.12855792,WAL
1978132320000,190.614932,-4.44213264109453,-5.24464050606965,4.1794995038806,-1.0204504,0.0033597588,0.59956425,11.933311,74.79352,-0.4340387,WAL
1978137313000,190.619925,-4.94418711688596,-7.22065371670041,4.07365179942645,-1.0897835,-0.43768495,0.659429,11.925876,74.89842,-0.8311585,WAL
1978142343000,190.624955,-5.57395745679825,-10.0810299100202,3.78111334632254,-1.0772609,-0.9398162,0.6808093,11.799202,74.9953,-1.2210993,WAL
1978147271000,190.629883,-6.17758555210218,-12.6508798640234,3.27956963267696,-1.0012082,-1.3680327,0.70707655,11.570871,75.06192,-1.6386771,WAL
1978152326000,190.634938,-6.75985434938797,-14.6450219446514,2.17171292719532,-0.8750645,-1.5848899,0.75991637,11.258578,75.09074,-2.0467222,WAL
1978157264000,190.639876,-7.03616776670213,-16.1759943167795,1.60623234410058,-0.70616025,-1.559539,0.85154617,10.951852,75.129944,-2.5440361,WAL
1978162347000,190.644959,-6.85256277702128,-17.0846044087041,1.85103925918762,-0.4071417,-1.2748758,0.9049969,10.6706505,75.07856,-3.027242,WAL
1978167261000,190.649873,-6.26640459059158,-17.823691357304,2.10374999638968,0.036651913,-0.8686504,0.9431759,10.481079,75.05581,-3.5855482,WAL
1978172359000,190.654971,-4.77198293237516,-18.2883030614147,2.4007184243108,0.70616025,-0.5626069,0.9300423,10.358689,74.86574,-4.130624,WAL
1978177242000,190.659854,-3.25188772183385,-17.959588422319,2.21548083442321,1.4187346,-0.43310347,0.81306165,10.297148,74.54894,-4.6167116,WAL
1978182364000,190.664976,-1.42074046525399,-15.5504398222596,0.768048737845331,1.7537941,-0.49846604,0.46700647,10.29389,74.1768,-5.0209465,WAL
1978187320000,190.669932,0.0523733092856431,-13.0471055363953,-0.584345514556142,1.57084,-0.62980205,0.039095376,10.245249,73.81549,-5.176941,WAL
1978192294000,190.674906,0.735789213918502,-10.0761449999402,-1.81354496969413,0.96883225,-0.46517387,-0.226631,10.278189,73.514,-5.2922077,WAL
1978197290000,190.679902,1.23634030530244,-7.51005119668792,-2.67944347068885,0.16523905,-0.23579398,-0.42424592,10.231187,73.48987,-5.1373277,WAL
1978202414000,190.685026,1.20200317101539,-6.10985979376458,-2.48105121007619,-0.59712076,-0.3118467,-0.54061574,10.158057,73.63629,-4.923352,WAL
1978207312000,190.689924,1.16918051610947,-4.77142546677033,-2.29140927165293,-1.1835514,-0.43799037,-0.52473325,10.106438,74.00908,-4.667625,WAL
1978212336000,190.694948,0.847094044514793,-3.87211833372781,-1.98859841408284,-1.389413,-0.81061816,-0.4474588,9.966031,74.48711,-4.374608,WAL
1978217350000,190.699962,0.397220247392505,-3.18546883491124,-1.63817034966469,-1.6862935,-1.212262,-0.34513888,9.775631,75.141075,-4.0857506,WAL
1978222307000,190.704919,-0.0624006774600943,-2.80353445470334,-1.78326939511093,-1.9117028,-1.5885551,-0.27275133,9.477671,75.74552,-3.8075414,WAL
1978227343000,190.709955,-0.536893431653448,-2.5662880447445,-2.18029391389419,-2.0399845,-1.9065105,-0.23609942,9.077835,76.39305,-3.527821,WAL
1978232318000,190.71493,-0.962235320722869,-2.59108509986649,-2.68795912276368,-2.1218405,-2.0787745,-0.1704314,8.620452,77.00952,-3.330692,WAL
1978237326000,190.719938,-1.36930171278848,-2.74201980106809,-3.25510776789052,-2.1395555,-2.1661282,-0.09162979,8.095709,77.632614,-3.1367247,WAL
1978242313000,190.724925,-1.82523000915629,-3.05047528778487,-3.75389577328066,-2.107485,-2.270586,0.009773844,7.556261,78.23457,-3.0276248,WAL
1978247311000,190.729923,-2.31973186591715,-3.47710447666363,-4.20476523684797,-2.0925188,-2.382069,0.10476339,6.9903984,78.8283,-2.9373024,WAL
1978252324000,190.734936,-2.71780093978002,-3.83322451396273,-4.63798152393319,-2.0613647,-2.4474316,0.20738874,6.4460616,79.36703,-2.9421194,WAL
1978257315000,190.739927,-3.0488176923923,-4.1399018689887,-5.05662039250433,-2.0131063,-2.3967297,0.31887165,5.9083986,79.86832,-2.9755266,WAL
1978262307000,190.744919,-3.20584380023694,-4.31197036913812,-5.28461800049363,-1.9727893,-2.2516494,0.4465425,5.397327,80.36447,-3.1229045,WAL
1978267292000,190.749904,-3.2624026092013,-4.40623500153026,-5.40244885250271,-1.9233092,-2.0454822,0.5687156,4.9270573,80.80611,-3.3015122,WAL
1978272339000,190.754951,-3.28197492618629,-4.60147047961336,-5.21101989367311,-1.8264871,-1.8432859,0.72418076,4.512664,81.209145,-3.5830183,WAL
1978277311000,190.759923,-3.2773258488967,-4.85716992472173,-4.82514618736575,-1.7531832,-1.7165314,0.8720101,4.146386,81.547775,-3.8969915,WAL
1978282294000,190.764906,-3.31963313799589,-5.2965783740719,-4.36725835505926,-1.6691893,-1.6896533,1.0338894,3.8016024,81.79798,-4.276702,WAL
1978287373000,190.769985,-3.40062938230973,-5.89213890915859,-3.84316535482417,-1.6355917,-1.7299703,1.2030991,3.484994,81.96358,-4.695862,WAL
1978292366000,190.774978,-3.45082948478195,-6.68790431221674,-3.57281640020143,-1.629483,-1.74738,1.3799446,3.1604788,82.03049,-5.165411,WAL
1978297312000,190.779924,-3.47468226592809,-7.66109818148857,-3.52034018205257,-1.6212363,-1.6639969,1.5534303,2.8650239,81.998375,-5.6754413,WAL
1978302302000,190.784914,-3.30771937210636,-8.6508258135811,-3.65368938341406,-1.5931365,-1.591304,1.7082846,2.5310996,81.865425,-6.242297,WAL
1978307296000,190.789908,-2.97207770163092,-9.64829598892952,-3.95151215384007,-1.5723672,-1.3799446,1.7880026,2.273263,81.65003,-6.8335004,WAL
1978312285000,190.794897,-2.58641363981986,-10.6502382256755,-4.01055941504504,-1.5528195,-1.0897835,1.9792033,2.0432422,81.33556,-7.4964504,WAL
1978317298000,190.79991,-2.14923811182817,-11.6623948306444,-3.83473892204296,-1.5103643,-0.8567385,2.1200078,1.8703458,80.951546,-8.159994,WAL
1978322301000,190.804913,-1.75018155376292,-12.6378809087541,-3.54707910080912,-1.5164729,-0.6783658,2.1713204,1.7388148,80.57268,-8.794506,WAL
1978327300000,190.809912,-1.39081977896276,-13.5759551007994,-3.14104699728992,-1.5943583,-0.59223384,2.1499403,1.658382,80.13162,-9.438802,WAL
1978332266000,190.814878,-1.01393610555356,-14.2434641615799,-2.85620958481947,-1.6811012,-0.54244834,2.0555615,1.5710535,79.73565,-9.985115,WAL
1978337275000,190.819887,-0.6072465526152,-14.5640311687612,-2.72702584612009,-1.7449366,-0.47769663,1.9437732,1.5222038,79.3257,-10.509486,WAL
1978342262000,190.824874,-0.233855774245059,-14.6285909264822,-2.59691964486166,-1.740966,-0.39675698,1.8161024,1.43376,78.99416,-10.913308,WAL
1978347318000,190.82993,0.101067494814229,-14.3415140442688,-2.46295038320158,-1.6957619,-0.31581733,1.6398678,1.3708096,78.69499,-11.2621975,WAL
1978352261000,190.834873,0.433478236227936,-13.9042219895767,-2.39585215081862,-1.6319265,-0.19303341,1.4263704,1.32740475854725,83.2624433346703,-11.3497984554588,WAL
1978372250000,190.854862,1.6672708682114,-11.1960541223625,-2.22439886692861,-1.2379184,-0.17989981,0.52748215,1.1518799,101.73277,-11.704048,WAL
1978377351000,190.859963,1.58056966109249,-10.5120780222836,-1.36702068959377,-1.2663237,-0.7852673,0.2843578,0.97938937,101.61051,-11.556055,WAL
1978382270000,190.864882,1.43551609140394,-9.83551257438424,-0.810598862448276,-1.3698653,-1.4153748,0.07819075,0.64634126,101.43302,-11.352531,WAL
1978387483000,190.870095,1.13548090057143,-9.07804672571429,-0.8647035828,-1.4669929,-1.8979583,-0.08307768,0.1769755,101.20588,-11.096583,WAL
1978392273000,190.874885,0.708124670093545,-8.42885147595884,-1.260529962855,-1.543351,-2.16399,-0.21991149,359.51944,100.92583,-10.807216,WAL
1978397344000,190.879956,-0.145947309808232,-7.86552741571562,-2.59615315845276,-1.5906931,-2.2782218,-0.3100141,358.77017,100.61546,-10.48574,WAL
1978402302000,190.884914,-0.902580087898779,-7.39862840862544,-3.75646849486018,-1.6010778,-2.3011293,-0.37293324,357.9909,100.35542,-10.205935,WAL
1978407295000,190.889907,-1.18978343595904,-7.43629419259551,-4.0436718920835,-1.568702,-2.269059,-0.37904188,357.20056,100.08578,-9.914378,WAL
1978412271000,190.894883,-1.46549296733627,-7.48266893768576,-4.26374823581019,-1.5485435,-2.1716259,-0.3735441,356.57788,100.04701,-9.790684,WAL
1978417304000,190.899916,-1.65321484022753,-7.60617041147894,-3.91300461971918,-1.5146403,-2.024102,-0.36193767,355.97894,100.02135,-9.666223,WAL
1978422305000,190.904917,-1.82305892002088,-7.73831273122271,-3.58525321075565,-1.4807373,-1.9028453,-0.32528573,355.42484,100.08219,-9.600842,WAL
1978427311000,190.909923,-1.9049790638409,-7.92035734213974,-3.36679947806152,-1.4694363,-1.8524488,-0.27091873,354.89252,100.16679,-9.543155,WAL
1978432266000,190.914878,-1.98382222267084,-8.09463798639939,-3.15160363795849,-1.5106697,-1.8081611,-0.19792034,354.3766,100.292175,-9.5255165,WAL
1978437398000,190.92001,-2.01642927064733,-8.14587748729978,-2.95130300582883,-1.5274686,-1.7406605,-0.12461651,353.88348,100.43766,-9.521411,WAL
1978442799000,190.925411,-2.0472011090085,-8.19625568045326,-2.73401279882908,-1.5540411,-1.6395624,-0.040317107,353.38687,100.6164,-9.552026,WAL
1978447307000,190.929919,-1.99828075274788,-8.16364227988669,-2.41603027029273,-1.5796975,-1.5146403,0.058643065,352.92047,100.8234,-9.603633,WAL
1978452340000,190.934952,-1.94366315002833,-8.12723073484419,-2.06101561498584,-1.5949692,-1.3775011,0.15241088,352.45972,101.04595,-9.681281,WAL
1978457403000,190.940015,-1.79777865637555,-8.16813516134489,-1.62125474886868,-1.6462818,-1.2455542,0.23548855,352.0389,101.29804,-9.77755,WAL
1978462264000,190.944876,-1.64027264539015,-8.22227790241066,-1.18319127627405,-1.709201,-1.1398746,0.30390546,351.6552,101.57161,-9.889548,WAL
1978467290000,190.949902,-1.4687159179839,-8.27516417128939,-0.830534496050303,-1.7455474,-1.0803152,0.36926803,351.2547,101.83005,-10.01448,WAL
1978472250000,190.954862,-1.29871543125559,-8.32710832478378,-0.490533586695497,-1.7186694,-1.0549643,0.4098906,350.8805,102.09328,-10.144859,WAL
1978477309000,190.959921,-1.21497125518042,-8.28485084463577,-0.305964942687434,-1.6389514,-1.0351112,0.47342056,350.45523,102.289734,-10.267,WAL
1978482354000,190.964966,-1.14018753688691,-8.23343742875109,-0.137701454513882,-1.5192219,-1.0210613,0.52442783,350.04517,102.47505,-10.390111,WAL
1978487321000,190.969933,-1.11012006797589,-8.19456773886836,-0.118910310569706,-1.366811,-1.0097603,0.5748242,349.54327,102.558205,-10.494844,WAL
1978492247000,190.974859,-1.08718825930391,-8.15787655765118,-0.123496677093136,-1.2061534,-0.9783007,0.6197228,349.07178,102.62902,-10.602817,WAL
1978497307000,190.979919,-1.08921154194083,-8.10766816864805,-0.240532209126348,-1.0574077,-0.9456194,0.6759224,348.5891,102.69454,-10.725745,WAL
1978502320000,190.984932,-1.09806021918717,-8.05457638236107,-0.386535480707769,-0.9416488,-0.91751957,0.7079928,348.13385,102.74442,-10.845395,WAL
1978507312000,190.989924,-1.12291526666667,-8.05652324130502,-0.570027803416436,-0.8912524,-0.87689704,0.72173727,347.68423,102.813286,-10.980956,WAL
1978512305000,190.994917,-1.15725601111111,-8.09086362716733,-0.776072116405048,-0.82802784,-0.8509353,0.7330383,347.25763,102.869736,-11.116339,WAL
1978517296000,190.999908,-1.20027111192262,-8.11792830596131,-0.951221180467825,-0.8179486,-0.84482664,0.7498371,346.85263,102.97036,-11.267289,WAL
1978522318000,191.00493,-1.24773922246348,-8.14166236123174,-1.11261290500395,-0.8353582,-0.8793405,0.7684685,346.4593,103.066574,-11.414802,WAL
1978527307000,191.009919,-1.30427702363024,-8.21470148835827,-1.27334812510651,-0.915687,-0.89736104,0.79290307,346.06827,103.20706,-11.579923,WAL
1978532299000,191.014911,-1.36585400886753,-8.31417251659566,-1.43439554506093,-1.0268645,-0.893085,0.8038987,345.68826,103.35037,-11.738852,WAL
1978537290000,191.019902,-1.43433888578571,-8.51227667428572,-1.507423579,-1.144456,-0.8961393,0.83260936,345.31116,103.54378,-11.921383,WAL
1978542313000,191.024925,-1.50735433499107,-8.76997810142857,-1.528898787625,-1.251052,-0.91690874,0.8542951,344.94205,103.74401,-12.097258,WAL
1978547236000,191.029848,-1.54082156542787,-9.03710582982885,-1.48876036410758,-1.35551,-0.93676186,0.8561276,344.57904,103.99684,-12.291726,WAL
1978552345000,191.034957,-1.5121107841956,-9.33856880792176,-1.34520655787775,-1.4288138,-0.96577793,0.8597928,344.2175,104.25621,-12.485339,WAL
1978557243000,191.039855,-1.48511229689808,-9.59987896307238,-1.16291010620384,-1.4892895,-1.0027353,0.86529064,343.83542,104.53092,-12.68517,WAL
1978562302000,191.044914,-1.45827568434269,-9.81457167669867,-0.885598256314623,-1.5308284,-1.078788,0.8671232,343.44324,104.80278,-12.878417,WAL
1978567287000,191.049899,-1.432021217285,-10.0309070890826,-0.612202009088976,-1.5326608,-1.1716396,0.8585711,343.00922,105.05798,-13.062104,WAL
1978572319000,191.054931,-1.4064070695227,-10.2716808269374,-0.335568999287764,-1.5259414,-1.2394456,0.84604836,342.5719,105.307,-13.237935,WAL
1978577265000,191.059877,-1.39365610144079,-10.5152609923458,-0.0984802735074291,-1.4865406,-1.3026701,0.8216137,342.10635,105.50994,-13.392509,WAL
1978582371000,191.064983,-1.41126952546601,-10.7838646397118,0.0600402392561909,-1.402852,-1.3277156,0.7987063,341.6442,105.69428,-13.536764,WAL
1978587328000,191.06994,-1.42996124317315,-11.0453156742944,0.211025775270786,-1.3045027,-1.3384057,0.75991637,341.16672,105.8293,-13.654441,WAL
1978592315000,191.074927,-1.46639101461262,-11.3159379980386,0.330723861216084,-1.1759156,-1.3423764,0.74006325,340.69675,105.940994,-13.764502,WAL
1978597296000,191.079908,-1.48476665342657,-11.553152006993,0.412164334181818,-1.0140363,-1.35551,0.72326446,340.1728,106.073395,-13.904595,WAL
1978602356000,191.084968,-1.44603854573427,-11.6887003586414,0.37343614561039,-0.820392,-1.3677273,0.72784597,339.66202,106.177986,-14.038257,WAL
1978607315000,191.089927,-1.36953884222135,-11.8186572110577,0.257079192773258,-0.71959925,-1.3857478,0.7309003,339.14975,106.27992,-14.1749,WAL
1978612299000,191.094911,-1.17301944373101,-11.9403120535242,-0.103206266895402,-0.4700608,-1.3729197,0.7501425,338.65628,106.336174,-14.310091,WAL
1978617277000,191.099889,-0.946430087172553,-12.0728723479314,-0.517835631128153,-0.17195857,-1.3387111,0.7654142,338.17035,106.36148,-14.427492,WAL
1978622317000,191.104929,-0.590880271309788,-12.2530826082745,-1.16561819548739,0.129198,-1.2486086,0.75747293,337.71713,106.35247,-14.53495,WAL
1978627309000,191.109921,-0.182404923396226,-12.3366288243268,-1.78172814735299,0.43371433,-1.0341948,0.72204274,337.27643,106.323586,-14.6192,WAL
1978632336000,191.114948,0.430511577358491,-12.0808793935703,-2.31086460533065,0.64599,-0.7602218,0.66828656,336.89206,106.26519,-14.685635,WAL
1978637414000,191.120026,1.05433735849256,-11.8108978066083,-2.83045827086456,0.732122,-0.47983465,0.5867361,336.54117,106.16165,-14.673663,WAL
1978642314000,191.124926,1.73299356560752,-11.3601117726169,-3.08805059325451,0.623388,-0.24007004,0.45662177,336.26718,106.03497,-14.623702,WAL
1978647290000,191.129902,2.36459251654173,-10.9615041453273,-3.32079833490255,0.36865717,-0.022296581,0.29871312,336.02234,105.85378,-14.456968,WAL
1978652324000,191.134936,2.63925017291354,-10.9325927336332,-3.37380235487256,0.070554934,0.12308934,0.10934488,335.82663,105.65336,-14.241756,WAL
1978657297000,191.139909,2.75122612448724,-11.0031516517092,-3.2768014796726,-0.22388211,0.183565,-0.087659165,335.62103,105.39744,-13.905493,WAL
1978662303000,191.144915,1.86487398376505,-11.6956142541165,-2.2427239901974,-0.45081854,0.15363261,-0.26389378,335.4269,105.136604,-13.525097,WAL
1978667375000,191.149987,0.970049848053124,-12.3272495568971,-1.23369968382735,-0.5879578,0.046120327,-0.40469822,335.2011,104.84916,-13.070797,WAL
1978672318000,191.15493,0.136547799828957,-12.1033946690814,-0.714546952222558,-0.65668017,-0.1151481,-0.49174652,334.94696,104.572464,-12.593192,WAL
1978677300000,191.159912,-0.670892680119392,-11.886128632869,-0.234293942045948,-0.6356053,-0.28221974,-0.5216789,334.69177,104.34245,-12.236499,WAL
1978682326000,191.164938,-1.07142078442475,-11.7729358939038,-0.295243874914978,-0.5158757,-0.3933972,-0.51007247,334.4085,104.10999,-11.879613,WAL
1978687319000,191.169931,-1.46931907825615,-11.6604863623372,-0.35579361920767,-0.33353242,-0.37904188,-0.4718934,334.1699,103.95164,-11.666418,WAL
1978692310000,191.174922,-1.49540978997141,-11.9366226119419,-0.359368258328568,-0.118507855,-0.27977628,-0.41996986,333.92926,103.78085,-11.466018,WAL
1978697470000,191.180082,-1.45053801605725,-12.2983221073966,-0.341693511345591,0.07971791,-0.1685988,-0.36163223,333.70288,103.59961,-11.281567,WAL
1978702380000,191.184992,-1.26386433347611,-12.8059438834099,-0.181219630484747,0.25473082,-0.10293079,-0.32436943,333.5054,103.48031,-11.19413,WAL
1978707307000,191.189919,-1.07654432653573,-13.3153232093606,-0.0201901374091099,0.33261612,-0.0033597588,-0.3222314,333.34476,103.342896,-11.099652,WAL
1978712268000,191.19488,-0.874557245411296,-13.8580782171225,0.182145989049565,0.48808134,0.1151481,-0.36254853,333.21283,103.16906,-11.0029745,WAL
1978717326000,191.199938,-0.600457653138426,-14.5636307905271,0.593295390709421,0.634689,0.1563815,-0.4373795,333.09012,102.98192,-10.898869,WAL
1978722341000,191.204953,-0.336841622204416,-15.1659162499767,0.908805346246157,0.7837401,0.1432479,-0.52626044,332.97327,102.69067,-10.716844,WAL
1978727439000,191.210051,-0.0912049632199758,-15.5116269577006,0.977037723020591,0.9242391,0.10445796,-0.6258314,332.8625,102.36696,-10.51534,WAL
1978732357000,191.214969,0.14317218002942,-15.7861030623713,1.01746501428852,1.070236,0.06719518,-0.71685034,332.7377,101.93481,-10.240941,WAL
1978737320000,191.219932,0.362245979476317,-15.6649132897911,0.886952958997745,1.2134838,0.053450707,-0.8176431,332.61188,101.47019,-9.943812,WAL
1978742278000,191.22489,0.565390200473202,-15.5236873541817,0.761841294321572,1.3579534,0.02443461,-0.9034697,332.46094,100.93695,-9.589172,WAL
1978747307000,191.229919,0.570344600966979,-15.1223808107191,0.702388488396256,1.5192219,-0.048563786,-1.0146471,332.2983,100.36936,-9.2098675,WAL
1978752347000,191.234959,0.552276457109964,-14.6910688904327,0.652576350099246,1.6905695,-0.13958271,-1.1279627,332.11615,99.762054,-8.787149,WAL
1978757347000,191.239959,0.395451015466455,-14.0875287951568,0.662080915402938,1.8643607,-0.22296582,-1.2287555,331.922,99.13251,-8.348028,WAL
1978762321000,191.244933,0.219714444202256,-13.4852930672901,0.670939678251229,2.071444,-0.28893927,-1.2852604,331.71207,98.49763,-7.9074736,WAL
1978767334000,191.249946,-0.0996327692798612,-12.8651115579871,0.675567895584691,2.3200662,-0.32528573,-1.3307699,331.4945,97.8507,-7.451817,WAL
1978772462000,191.255074,-0.438850476069318,-12.2459190510868,0.676327102796754,2.6367998,-0.32436943,-1.3930782,331.28442,97.23675,-7.0185547,WAL
1978777349000,191.259961,-0.91235418239407,-11.8380491401382,0.629445553240509,2.9318478,-0.30482176,-1.4737124,331.0786,96.65223,-6.57546,WAL
1978782452000,191.265064,-1.40594182195731,-11.4609799104981,0.566126395844192,3.1942143,-0.25320363,-1.5421293,330.90475,96.19337,-6.1904154,WAL
1978787387000,191.269999,-1.87327250341004,-11.6749911268829,0.334644848028833,3.3759468,-0.15974127,-1.6157386,330.7595,84.17288,-5.788994,WAL
1978792305000,191.274917,-2.33899333246465,-11.8882651212457,0.103960703721652,3.4831536,0.0036651916,-1.6807957,330.66327,84.3077,-5.4801393,WAL
1978797338000,191.27995,-2.87757635879292,-12.4590070603538,-0.47771424530281,3.4892623,0.1160644,-1.7189748,330.59207,84.29596,-5.168303,WAL
1978802679000,191.285291,-3.45768820344859,-13.1090858755276,-1.14259175200718,3.393662,0.4718934,-1.7116444,330.64917,84.144554,-4.866623,WAL
1978807350000,191.289962,-3.96387501399192,-13.5630470887292,-1.71305638861248,3.2284229,0.58032197,-1.6939293,330.66513,83.83902,-4.69055,WAL
1978812285000,191.294897,-4.49867096989672,-14.0426657115402,-2.31576308560395,3.1377094,0.7538077,-1.6242907,330.77563,83.46224,-4.689776,WAL
1978817343000,191.299955,-5.09725027574292,-14.4718321478922,-2.80310560469938,2.9373455,0.83291477,-1.5482379,330.8972,83.12372,-4.6960497,WAL
1978822305000,191.304917,-5.7024528111166,-14.8706086249383,-3.2347228404186,2.7693577,0.8491027,-1.4407257,331.05334,82.77428,-4.7330394,WAL
1978827344000,191.309956,-6.30216652028344,-15.1767615181577,-3.41885220434012,2.6325238,0.7770206,-1.3332134,331.2452,82.45325,-4.7976837,WAL
1978832351000,191.314963,-6.89205754520224,-15.4410331561854,-3.49907729424269,2.5079072,0.6780604,-1.2412782,331.43182,82.15407,-4.8842497,WAL
1978837380000,191.319992,-7.89654529367919,-15.6457450619658,-2.88923650689724,2.434298,0.56291234,-1.215011,331.63907,81.84746,-4.9874725,WAL
1978842348000,191.32496,-9.07392722570066,-15.820697215812,-1.97664739491155,2.4223862,0.39400807,-1.3066407,331.8033,81.56556,-5.072891,WAL
1978847337000,191.329949,-9.1783354709641,-15.4590539875023,-2.17366154354445,2.3780985,0.13041973,-1.5619824,331.95526,81.27818,-5.1505847,WAL
1978852360000,191.334972,-8.75343413315166,-14.8307421535896,-2.9194996359143,2.2479842,-0.16340645,-1.7574593,332.05164,81.02555,-5.2056847,WAL
1978857350000,191.339962,-7.99119116541458,-14.051830990716,-3.44256202868424,2.132836,-0.008552114,-1.8118263,332.2856,80.58457,-5.415391,WAL
1978862347000,191.344959,-6.94430804076406,-13.1428302454381,-3.78471399340519,1.8542814,0.34269542,-1.8249599,332.49573,80.251884,-5.566471,WAL
1978867336000,191.349948,-5.81171508954339,-12.3433040258944,-3.69555512816762,1.5879441,0.64843345,-1.7467692,332.71634,80.04547,-5.6185775,WAL
1978872352000,191.354964,-4.62953704099624,-11.5931671253212,-3.39170202945246,1.5158621,0.8744536,-1.6123788,333.0094,79.85727,-5.691564,WAL
1978877343000,191.359955,-3.52423924601349,-11.1087050345597,-2.94772851191987,1.5876387,1.0231993,-1.4587462,333.3125,79.78832,-5.6528163,WAL
1978882344000,191.364956,-2.45560945807219,-10.766743309996,-2.42528737262991,1.7773124,1.180497,-1.325883,333.67386,79.69102,-5.6591287,WAL
1978887412000,191.370024,-1.60180914359493,-10.6032562160127,-1.80467201632184,1.9620992,1.3261884,-1.2263119,334.0092,79.62194,-5.559754,WAL
1978892312000,191.374924,-0.904330670249703,-10.5474580243757,-1.15369209103448,2.1184807,1.3903292,-1.2241739,334.36163,79.507065,-5.479916,WAL
1978897336000,191.379948,-0.301283559412666,-10.4941866366772,-1.06660963320686,2.1810944,1.3735305,-1.2290609,334.65912,79.385086,-5.312628,WAL
1978902369000,191.384981,0.229808505523618,-10.443386465651,-1.35755567885408,2.2024746,1.398576,-1.2272283,334.98297,79.229126,-5.1607275,WAL
1978907343000,191.389955,0.609397915200941,-10.340207349729,-1.4274230622354,2.225382,1.6016886,-1.2113458,335.274,79.03344,-4.9868603,WAL
1978912343000,191.394955,0.859125469143062,-10.1884119207485,-1.30011101601391,2.276084,1.8689423,-1.1685852,335.58554,78.817245,-4.835084,WAL
1978917331000,191.399943,1.02261995724037,-10.0145960830814,-1.25025750973184,2.350915,2.0595322,-1.1108584,335.88654,78.650375,-4.599524,WAL
1978922353000,191.404965,1.12110747415895,-9.82231126913701,-1.25963726392004,2.439185,2.1227567,-1.0479393,336.21863,78.45439,-4.3954363,WAL
1978927340000,191.409952,1.18429857442375,-9.57075501816338,-1.33012630817813,2.4599543,2.1682663,-1.0146471,336.58832,78.22372,-4.172196,WAL
1978932322000,191.414934,1.21509161547114,-9.26282414834962,-1.45769761603356,2.4226916,2.1716259,-0.9602802,336.95343,77.97263,-3.985657,WAL
1978937311000,191.419923,1.19482786485477,-8.91424640539419,-1.59428210910788,2.3060162,2.1923954,-0.9098838,337.3399,77.70955,-3.7860734,WAL
1978942348000,191.42496,1.07473230408714,-8.48390372676349,-1.74940545903527,2.193617,2.1878138,-0.86406887,337.711,77.45005,-3.6110277,WAL
1978947275000,191.429887,0.88536655401994,-8.07829308072791,-1.97772598949763,2.1148155,2.1557434,-0.8200866,338.09338,77.1923,-3.4240003,WAL
1978952334000,191.434946,0.585227155938438,-7.68436048862646,-2.32476212659955,2.0405953,2.1630738,-0.7510588,338.4744,76.95891,-3.2693102,WAL
1978957242000,191.439854,0.256199204101743,-7.33413782641545,-2.59691234998587,1.9874501,2.1728477,-0.6921103,338.8859,76.71652,-3.1106288,WAL
1978962306000,191.444918,-0.159554208382478,-7.03717117477155,-2.7476801528309,1.9199494,2.1569653,-0.65026605,339.28268,76.49661,-2.9740198,WAL
1978967256000,191.449868,-0.547657740892766,-6.75176187153412,-2.88119097897383,1.8735237,2.1230621,-0.63499445,339.7294,76.28528,-2.8545964,WAL
1978972320000,191.454932,-0.876113223909697,-6.47804895602873,-2.96579308860954,1.7983873,2.068695,-0.6261369,340.15854,76.10137,-2.7494023,WAL
1978977238000,191.45985,-1.16595503355795,-6.23691297880246,-3.040630593531,1.7400496,2.0500638,-0.63591075,340.64188,75.90036,-2.7006817,WAL
1978982310000,191.464922,-1.38104782169811,-6.05922760660377,-3.09674181509434,1.6624697,2.0265455,-0.65301496,341.10486,75.73002,-2.6542535,WAL
1978987328000,191.46994,-1.58595025680112,-5.87053940552497,-3.13735852924632,1.6227635,2.0069978,-0.66675943,341.6015,75.543755,-2.6555526,WAL
1978992313000,191.474925,-1.75797042745471,-5.63162234106696,-3.11824518803924,1.5668694,1.998751,-0.6930266,342.0938,75.39002,-2.6533904,WAL
1978997288000,191.4799,-1.9228769013035,-5.40247963413733,-3.0800261803346,1.5048665,2.005776,-0.6979135,342.60974,75.23094,-2.6918297,WAL
1979002318000,191.48493,-2.06131455100072,-5.20965587738889,-2.96136531561121,1.4767667,1.9886718,-0.70616025,343.1163,75.08392,-2.7255018,WAL
1979007302000,191.489914,-2.19916272629934,-5.0150842240719,-2.87188186830793,1.4162911,1.9730947,-0.7119634,343.649,74.93755,-2.7965603,WAL
1979012306000,191.494918,-2.3396150237202,-4.80908739734271,-2.8672001755764,1.3252722,2.0005836,-0.7165449,344.1874,74.812126,-2.8733158,WAL
1979017295000,191.499907,-2.47091460115939,-4.59565817320294,-2.77971867704406,1.2730432,2.0470095,-0.7287622,344.75067,74.653656,-2.981722,WAL
1979022318000,191.50493,-2.56790888814397,-4.34832289837685,-2.35779361474947,1.2162327,2.0815234,-0.75961095,345.3183,74.52676,-3.090577,WAL
1979027327000,191.509939,-2.65054510497581,-4.08496887925758,-1.93058172386218,1.1206323,2.083356,-0.7867944,345.90927,74.39809,-3.2343297,WAL
1979032304000,191.514916,-2.68348479647547,-3.76498310814493,-1.48354275869286,0.977079,2.0708332,-0.82924956,346.50793,74.30392,-3.372739,WAL
1979037322000,191.519934,-2.71660778653228,-3.45049852075178,-1.05222052527802,0.788627,2.0518963,-0.84391034,347.13696,74.157196,-3.5545323,WAL
1979042312000,191.524924,-2.74918331706106,-3.17128000697244,-0.70319725185315,0.6041457,2.0387628,-0.8552113,347.7657,74.05323,-3.731256,WAL
1979047286000,191.529898,-2.77785485200217,-2.91772409825545,-0.344720890080448,0.43035457,2.0195205,-0.84604836,348.41016,73.88562,-3.9483469,WAL
1979052321000,191.534933,-2.78221340614661,-2.8218347237639,0.0867807853963662,0.258396,1.9755383,-0.8344419,349.04318,73.76915,-4.1661277,WAL
1979057292000,191.539904,-2.78651655860978,-2.72716420130164,0.512797633220645,0.09468412,1.8958203,-0.8206975,349.66962,73.57922,-4.4301057,WAL
1979062308000,191.54492,-2.82055157014115,-2.63796822356135,0.853999523127036,-0.06963864,1.7941113,-0.79473567,350.27435,73.43404,-4.70082,WAL
1979067286000,191.549898,-2.84923314362341,-2.56127471068702,1.18090652050891,-0.22021692,1.738828,-0.75228053,350.86594,73.325325,-4.9816155,WAL
1979072314000,191.554926,-2.79042125452417,-2.61518561755725,1.46026271226463,-0.35888332,1.6533068,-0.73456544,351.3975,73.049866,-5.3285813,WAL
1979077285000,191.559897,-2.72231645262158,-2.66391326018237,1.70363095987842,-0.5109888,1.4993688,-0.7122689,351.93787,72.79689,-5.666364,WAL
1979082307000,191.564919,-2.57613193805091,-2.67761805395137,1.69449443069909,-0.6264423,1.3542882,-0.6924158,352.45444,72.5732,-6.0031285,WAL
1979087561000,191.570173,-2.41895031124601,-2.68225378838358,1.67984226875193,-0.7452556,1.2452488,-0.6743952,352.97565,72.41316,-6.2880917,WAL
1979092308000,191.57492,-2.21781563776109,-2.55128240262373,1.59564634301883,-0.86926126,1.1933253,-0.6264423,353.4658,72.27993,-6.580385,WAL
1979097341000,191.579953,-2.00432566944444,-2.41815444124579,1.50153252819865,-0.98746365,1.0943651,-0.6102544,353.90674,72.18587,-6.813195,WAL
1979102365000,191.584977,-1.78832623240741,-2.35515455258137,1.34853297982604,-1.0464121,0.9969321,-0.5705481,354.32535,72.10006,-7.0615845,WAL
1979107267000,191.589879,-1.57757200462963,-2.29368451790123,1.1992487867284,-1.1749994,0.9126327,-0.52442783,354.70328,72.076645,-7.2602344,WAL
1979112307000,191.594919,-1.38367478682248,-2.31989214748881,1.11658615917454,-1.2922854,0.8194757,-0.4792238,355.04645,72.05909,-7.460846,WAL
1979117263000,191.599875,-1.19486267113874,-2.35293439834908,1.04106125375435,-1.4257594,0.73823065,-0.4269948,355.3632,72.06981,-7.6693707,WAL
1979122322000,191.604934,-1.12095855,-2.43918573732394,1.10005138873239,-1.5632042,0.6236934,-0.36132678,355.61423,72.081474,-7.838391,WAL
1979127240000,191.609852,-1.06022817676056,-2.52794539352311,1.17012493759175,-1.6939293,0.4990769,-0.29810223,355.83466,72.11835,-8.0116825,WAL
1979132319000,191.614931,-1.09964550319458,-2.63024719409487,1.41313064782188,-1.8249599,0.34391713,-0.24373524,355.98288,72.20014,-8.145099,WAL
1979137297000,191.619909,-1.15041088696999,-2.73177805802517,1.67157274615682,-1.9517145,0.16249016,-0.17592919,356.0825,72.301254,-8.284389,WAL
1979142312000,191.624924,-1.30127108057154,-3.11821487375336,1.98380047938243,-2.0555615,-0.035430185,-0.11362094,356.15634,72.44273,-8.378472,WAL
1979147238000,191.62985,-1.46865578586498,-3.55251041086498,2.30047435084388,-2.1905627,-0.23487769,-0.043066,356.17282,72.60882,-8.476269,WAL
1979152353000,191.634965,-1.72631203402807,-4.43922872122501,2.84198567396852,-2.3115141,-0.43127087,0.03970624,356.1571,72.83329,-8.563973,WAL
1979157246000,191.639858,-2.00037227320289,-5.4308283670353,3.42996932549979,-2.4028385,-0.605062,0.11301007,356.08725,73.065895,-8.6527,WAL
1979162310000,191.644922,-2.23967611303116,-6.54423792357136,4.04073516027156,-2.439185,-0.70829827,0.26328292,355.98538,73.253944,-8.7978525,WAL
1979167273000,191.649885,-2.46717975184136,-7.64925576401289,4.63967346181498,-2.3921483,-0.7113526,0.41050145,355.8583,73.42364,-8.952208,WAL
1979172319000,191.654931,-2.42625896696589,-9.60496951974865,5.40906484156194,-2.234545,-0.56413406,0.5665775,355.773,73.50569,-9.160353,WAL
1979177280000,191.659892,-2.32674554256932,-11.7089666317973,6.20043325954518,-1.8698585,-0.3145956,0.6908886,355.70694,73.50405,-9.397951,WAL
1979182326000,191.664938,-0.25077004153253,-14.314149277012,8.41045886236144,-1.2311989,-0.08002335,0.6924158,355.69196,73.35813,-9.647124,WAL
1979187333000,191.669945,2.25424016618795,-17.0040312928193,10.9200908085783,-0.2941316,0.083383106,0.41416663,355.73334,73.09291,-9.851285,WAL
1979192332000,191.674944,4.13510160359766,-18.0062534356753,10.8001649867207,0.6795876,0.18417588,-0.06780604,355.7873,72.712585,-9.88903,WAL
1979197274000,191.679886,5.7887935691279,-18.4386202561688,9.81062420295724,1.0494665,0.51007247,-0.30176744,355.94678,72.286644,-9.939274,WAL
1979202328000,191.68494,6.41667484647798,-18.4404386549794,8.53974863829338,1.5402967,1.0812315,-0.5702427,355.88962,71.97524,-9.325059,WAL
1979207318000,191.68993,6.38639404671032,-18.1729574753406,7.1266411359172,1.7235563,1.6759088,-0.6563747,355.97223,71.61073,-8.781768,WAL
1979212309000,191.694921,5.70919928870293,-16.6721380334728,6.09738062343096,1.6438384,2.122146,-0.68936145,356.08542,71.45861,-7.968782,WAL
1979217306000,191.699918,4.78908830757123,-14.7079635895597,5.21064161745368,1.4440855,2.3448062,-0.70952,356.33975,71.23501,-7.2382436,WAL
1979222319000,191.704931,3.65952581230941,-12.3542545283594,4.63442199344379,1.1948525,2.3521366,-0.71685034,356.69986,71.09216,-6.584244,WAL
1979227304000,191.709916,2.45606842447652,-9.86484443789388,4.18312530199227,0.94806284,2.1878138,-0.7110472,357.07608,70.96471,-5.983428,WAL
1979232307000,191.714919,1.43549422338686,-7.7857529721127,4.02864541829022,0.7134906,1.9364429,-0.70371675,357.51303,70.861244,-5.55661,WAL
1979237327000,191.719939,0.473890327089143,-5.83943008529666,3.97316835991922,0.50701815,1.6783522,-0.66920286,357.88934,70.80026,-5.145664,WAL
1979242309000,191.724921,-0.416769501940424,-4.60017790746101,3.8621288106079,0.29993483,1.3976597,-0.61086524,358.27295,70.705025,-4.922457,WAL
1979247298000,191.72991,-1.27784775752731,-3.69448409963582,3.7238209098702,0.10170906,1.1591167,-0.49418998,358.58087,70.6548,-4.7118545,WAL
1979252351000,191.734963,-2.19067300424165,-3.23256613319409,3.50375723843188,-0.118507855,1.0091494,-0.35277468,358.91177,70.56109,-4.666211,WAL
1979257312000,191.739924,-3.12195281696658,-3.17149869944302,3.21877542039417,-0.36041048,0.9615019,-0.17134771,359.18835,70.516335,-4.6523757,WAL
1979262308000,191.74492,-3.73118079049505,-3.53958512070721,3.19681128039604,-0.623388,0.93034774,0.009468411,359.48157,70.46607,-4.8101735,WAL
1979267294000,191.749906,-4.17243455009901,-4.12492168014144,3.30937607207921,-0.83260936,0.85154617,0.1563815,359.73312,70.45369,-5.0003614,WAL
1979272314000,191.754926,-4.49643328436059,-5.08751498312369,3.59023043712788,-1.0137309,0.5873469,0.2666427,359.9635,70.477875,-5.347103,WAL
1979277305000,191.759917,-4.71688460339623,-6.36012005849057,4.01109175132076,-1.1294898,0.12370021,0.3378085,0.10603567,70.523254,-5.6979866,WAL
1979282312000,191.764924,-4.85474856280992,-8.05326349772727,4.32426455599174,-1.1817188,-0.46517387,0.39492437,0.15556465,70.582565,-6.1041737,WAL
1979287352000,191.769964,-4.94497626528926,-10.0002836795455,4.57595280392562,-1.1685852,-1.1447614,0.42455134,0.048651405,70.63805,-6.4702244,WAL
1979292310000,191.774922,-5.19419055044383,-12.0127917861029,4.06918415806051,-1.0668762,-1.4602734,0.4447099,359.8791,70.67213,-6.8367863,WAL
1979297308000,191.77992,-5.55053888658967,-14.1051953983965,3.06409909516083,-1.0057896,-1.9617938,0.50335294,359.46893,70.69643,-7.138297,WAL
1979302360000,191.784972,-5.9448501446729,-15.7280320843198,2.24098656203531,-0.85918194,-2.107485,0.5748242,359.07755,70.736115,-7.4117517,WAL
1979307279000,191.789891,-6.36065551327103,-16.8482610345794,1.61972442186916,-0.6637051,-1.9382755,0.6243043,358.64188,70.7373,-7.6653466,WAL
1979312271000,191.794883,-6.15562975206145,-17.6460822584737,1.56198958880079,-0.3371976,-1.6209309,0.63071835,358.2621,70.86245,-7.9172807,WAL
1979317277000,191.799889,-5.48093292968286,-18.1924913756194,1.93259780941526,0.21594086,-1.3026701,0.58459806,357.94092,70.86287,-8.165958,WAL
1979322269000,191.804881,-4.48771840739346,-17.6080785083251,1.75327991787909,0.9068295,-1.1939361,0.45356745,357.6853,70.8197,-8.4247875,WAL
1979327260000,191.809872,-3.23711072600595,-16.1158768469772,1.13271322374628,1.3161092,-1.258077,0.15790866,357.49323,70.72594,-8.622792,WAL
1979332276000,191.814888,-2.1849187912296,-13.7938738857454,0.0646929151251362,1.3051136,-1.2550226,-0.21380283,357.32037,70.62752,-8.657494,WAL
1979337319000,191.819931,-1.30585717337224,-10.741045520922,-1.39722484419824,0.8558222,-0.93951076,-0.44806966,357.23352,70.561775,-8.6652975,WAL
1979342273000,191.824885,-0.865131986162951,-8.55925796527915,-1.97841082460051,0.15821409,-0.44135013,-0.49968776,357.14072,70.651184,-8.512376,WAL
1979347282000,191.829894,-0.815448872302229,-7.11844787083251,-1.76548319023969,-0.5653558,-0.21105394,-0.5161811,357.0773,70.885574,-8.313968,WAL
1979352206000,191.834818,-0.766608853805484,-5.70208753841981,-1.55616882178438,-1.1346822,-0.30573806,-0.4166101,357.01068,71.29829,-8.108808,WAL
1979357258000,191.83987,-0.71649923287828,-4.24890874082659,-1.34141329996548,-1.498147,-0.54458636,-0.24007004,356.95932,71.83203,-7.930921,WAL
1979362227000,191.844839,-0.847711431566069,-3.34157709339315,-1.26098268662316,-1.7272215,-0.8775079,-0.1001819,356.84326,72.4108,-7.7691603,WAL
1979367233000,191.849845,-1.19964731859706,-3.06296114029364,-1.33919061615008,-1.9055941,-1.1914927,0.004276057,356.65308,73.04587,-7.6314774,WAL
1979372231000,191.854843,-1.51039700226272,-2.93030722304766,-1.64876977895475,-2.0323486,-1.4816537,0.08827003,356.3805,73.61121,-7.537067,WAL
1979377225000,191.859837,-1.77854765226272,-2.94946087304766,-2.19943622895475,-2.0613647,-1.7198911,0.16707164,356.02823,74.17521,-7.4537983,WAL
1979382203000,191.864815,-2.00549164816034,-3.09217545191712,-2.68318617012006,-2.0460932,-1.9306396,0.24678956,355.6276,74.71093,-7.4346275,WAL
1979387263000,191.869875,-2.19317027190163,-3.36900149664988,-3.10546330625484,-2.0167716,-2.039679,0.3203988,355.18686,75.22693,-7.4294724,WAL
1979392177000,191.874789,-2.3549980538703,-3.6334928281762,-3.54905870096144,-1.9984456,-2.2837198,0.3585779,354.6783,75.75465,-7.4571033,WAL
1979397223000,191.879835,-2.49248588567644,-3.89898638799176,-4.05159995474345,-1.954158,-2.4691174,0.44776422,354.15308,76.23073,-7.519632,WAL
1979402259000,191.884871,-2.58514964222392,-4.11629499933129,-4.48148897654757,-1.9113973,-2.5305092,0.5186246,353.61508,76.71941,-7.6096163,WAL
1979407312000,191.889924,-2.60826368998854,-4.25960219201376,-4.80046307705388,-1.8506162,-2.4691174,0.6075055,353.0609,77.15075,-7.727568,WAL
1979412256000,191.894868,-2.61030481944685,-4.4247743761452,-4.96328557778738,-1.7999145,-2.3203716,0.7098254,352.52652,77.57792,-7.8929296,WAL
1979417300000,191.899912,-2.56391527787381,-4.65208313469701,-4.77772741149525,-1.7354681,-2.1456642,0.80970186,352.02164,77.938126,-8.087045,WAL
1979422272000,191.904884,-2.52618254137759,-4.94190539935207,-4.54406579279306,-1.6905695,-2.019826,0.9007208,351.54587,78.268295,-8.320049,WAL
1979427306000,191.909918,-2.51657132469099,-5.47051990850279,-4.12597989919258,-1.6713274,-1.9474384,1.0064005,351.10956,78.52204,-8.589879,WAL
1979432361000,191.914973,-2.47146684873442,-6.0942633163162,-3.78370210665888,-1.6789632,-1.8912388,1.119716,350.685,78.70355,-8.892442,WAL
1979437325000,191.919937,-2.30948537205997,-7.01524411405763,-3.70502531623832,-1.7150042,-1.7953329,1.2330315,350.29892,78.81292,-9.227326,WAL
1979442302000,191.924914,-2.13960439525932,-7.98314645472042,-3.64717050032415,-1.7537941,-1.6056592,1.3729197,349.93582,78.82774,-9.600115,WAL
1979447303000,191.929915,-1.93099157082658,-9.18145687520259,-3.69568506353323,-1.7779233,-1.3707817,1.5198327,349.62024,78.766525,-10.007505,WAL
1979452361000,191.934973,-1.6565323780649,-10.3490516866987,-3.75239314427083,-1.7699821,-1.171945,1.6462818,349.32175,78.6725,-10.403011,WAL
1979457311000,191.939923,-1.13898771610577,-11.3176671314103,-3.83785927708333,-1.7534887,-0.9972375,1.7654005,349.09085,78.49556,-10.837585,WAL
1979462307000,191.944919,-0.622332291032471,-12.2344956432044,-3.84489335345129,-1.7547104,-0.8029824,1.920255,348.89423,78.29751,-11.251937,WAL
1979467333000,191.949945,-0.126308445074859,-12.9036601954112,-3.52200984238771,-1.733941,-0.6979135,2.0604484,348.72986,78.02554,-11.690053,WAL
1979472326000,191.954938,0.334894882381907,-13.5280442001145,-3.19241597157171,-1.704925,-0.66553766,2.1365013,348.55423,77.80536,-12.034151,WAL
1979477349000,191.959961,0.60573691180647,-13.9090597691574,-2.80681039001813,-1.6899587,-0.66431594,2.1407773,348.4072,77.53275,-12.392249,WAL
1979482339000,191.964951,0.874245806710045,-14.2696756823912,-2.44418001889996,-1.6740762,-0.6087272,2.0592268,348.23947,77.342,-12.630413,WAL
1979487389000,191.970001,1.13484285225702,-14.274592193168,-2.48843236385726,-1.6551393,-0.5516113,1.8939877,348.07825,77.15369,-12.842165,WAL
1979492301000,191.974913,1.38126850717205,-14.2533060402534,-2.5339909951982,-1.6471981,-0.34025195,1.7950275,347.9373,102.98114,-12.980728,WAL
1979497325000,191.979937,1.54348324260319,-13.8993829997957,-2.61264061677564,-1.6215417,-0.086132,1.5329664,347.8284,103.03568,-13.025475,WAL
1979502385000,191.984997,1.70085695778192,-13.5281331688723,-2.63961884273998,-1.5674802,0.16676621,1.2360858,347.7585,103.031525,-12.998792,WAL
1979507349000,191.989961,1.81604997809879,-13.0673610876048,-2.32505326234856,-1.4724907,0.33353242,0.9306532,347.73526,102.964424,-12.898177,WAL
1979512664000,191.995276,1.93371335246637,-12.5622368026906,-1.97630075124066,-1.3909402,0.29657507,0.60903263,347.7031,102.82148,-12.710032,WAL
1979517339000,191.999951,1.91586715142003,-11.8662362197309,-1.41414649909816,-1.3423764,0.0036651916,0.30543262,347.63593,102.61262,-12.448303,WAL
1979522695000,192.005307,1.86310231289772,-11.0484738337864,-0.802087877019781,-1.3286319,-0.45234573,0.09621128,347.46875,102.33733,-12.125318,WAL
1979527343000,192.009955,1.11614192818224,-9.89673629708447,-0.964833468417549,-1.3100005,-0.94897914,-0.02687807,347.19492,102.013824,-11.754026,WAL
1979532324000,192.014936,0.315666524510172,-8.66248400140621,-1.13923875902691,-1.2840388,-1.4172074,-0.12980886,346.747,101.630264,-11.349844,WAL
1979537358000,192.01997,-0.367636668941555,-8.26234561588672,-1.61693779775055,-1.2452488,-1.7886134,-0.27397305,346.18195,101.20949,-10.911331,WAL
1979542245000,192.024857,-1.00682649445973,-8.03674882812814,-2.13862946460133,-1.2556335,-2.021353,-0.42730024,345.52438,100.76889,-10.451216,WAL
1979547340000,192.029952,-1.47744493974561,-7.85385013903073,-2.53199266298394,-1.260215,-2.0937407,-0.52564955,344.88867,100.53664,-10.176431,WAL
1979552335000,192.034947,-1.89935878404976,-7.6850846662334,-2.88728852943088,-1.2528846,-2.03693,-0.54733527,344.22754,100.286995,-9.880583,WAL
1979557350000,192.039962,-2.15417755398587,-7.5121690136226,-3.12143505398587,-1.2373075,-1.9226984,-0.54641896,343.6332,100.18465,-9.694981,WAL
1979562307000,192.044919,-2.33142006599395,-7.33971693440969,-3.29867756599395,-1.2208142,-1.7968601,-0.48747048,343.06137,100.10013,-9.5191145,WAL
1979567336000,192.049948,-2.47605794105253,-7.27440445506291,-3.15208445688037,-1.1902709,-1.670411,-0.37782016,342.55872,100.144325,-9.445793,WAL
1979572303000,192.054915,-2.60431194224086,-7.25540396884362,-2.87182552432594,-1.1643091,-1.5974126,-0.22937989,342.07916,100.222534,-9.399536,WAL
1979577328000,192.05994,-2.71237921290323,-7.41435834310851,-2.69790438032258,-1.1417072,-1.5635096,-0.093462385,341.63562,100.38334,-9.420972,WAL
1979582381000,192.064993,-2.81171684623656,-7.65087628250244,-2.57018464365591,-1.1407908,-1.5283848,0.03726278,341.21716,100.58665,-9.481065,WAL
1979587363000,192.069975,-2.79296245148705,-7.87611196380684,-2.4063226269382,-1.1643091,-1.4816537,0.14049901,340.8095,100.82659,-9.594258,WAL
1979592313000,192.074925,-2.71649470776288,-8.09595653987297,-2.22471187282992,-1.1695015,-1.3249667,0.18234327,340.44794,101.08077,-9.720837,WAL
1979597341000,192.079953,-2.47906777349203,-8.19052455187784,-1.78949142337822,-1.1792754,-1.144456,0.24587326,340.10315,101.37152,-9.892358,WAL
1979602379000,192.084991,-2.16333286372344,-8.22255531875948,-1.23123548834408,-1.2220359,-1.0048733,0.310625,339.796,101.67415,-10.068801,WAL
1979607348000,192.08996,-1.83192463467989,-8.24467745164012,-0.857999465425588,-1.2718215,-0.999681,0.3930918,339.4776,101.96806,-10.250285,WAL
1979612337000,192.094949,-1.48420506876912,-8.25979600021095,-0.616107582048307,-1.3338243,-1.0629056,0.46700647,339.18445,102.27784,-10.440995,WAL
1979617333000,192.099945,-1.15307662339054,-8.25205426584664,-0.657234392242833,-1.3588698,-1.1224649,0.5045747,338.8327,102.488174,-10.58275,WAL
1979622350000,192.104962,-0.828983250778693,-8.23299006398175,-0.838345384924115,-1.3087788,-1.1368202,0.5348125,338.486,102.7049,-10.737442,WAL
1979627351000,192.109963,-0.59924740979206,-8.22021302646503,-1.06621177062382,-1.2018774,-1.1016954,0.56169057,338.07587,102.83465,-10.839356,WAL
1979632338000,192.11495,-0.418682067270918,-8.21070939518456,-1.31805285923988,-1.0757337,-1.035722,0.5842926,337.68558,102.95453,-10.941042,WAL
1979637358000,192.11997,-0.375752443663581,-8.21038171686035,-1.49037422638369,-0.9297369,-0.95203346,0.589485,337.29977,103.04698,-11.00036,WAL
1979642338000,192.12495,-0.408630860760292,-8.21507872887532,-1.61719104950758,-0.82527894,-0.88239485,0.59712076,336.94104,103.12822,-11.059298,WAL
1979647339000,192.129951,-0.526236697344957,-8.22855073211809,-1.69840408060234,-0.77213365,-0.82802784,0.5849035,336.57974,103.20439,-11.094729,WAL
1979652332000,192.134944,-0.69677480364573,-8.24749930067367,-1.75051291618783,-0.7644979,-0.7742717,0.5647449,336.24756,103.26793,-11.122717,WAL
1979657312000,192.139924,-0.914975179955109,-8.23591417405094,-1.75517246737582,-0.79412484,-0.73884153,0.5345071,335.931,103.3592,-11.1597,WAL
1979662312000,192.144924,-1.16731610900751,-8.203203380648,-1.72713460263492,-0.8393288,-0.71837753,0.5271767,335.63248,103.44853,-11.191559,WAL
1979667283000,192.149895,-1.41975160534057,-8.16289922714709,-1.67886999161895,-0.9111055,-0.70524395,0.5296202,335.36102,103.586136,-11.252802,WAL
1979672351000,192.154963,-1.67847860865745,-8.11498686544916,-1.61179263521224,-1.0057896,-0.71593404,0.5488624,335.0938,103.73217,-11.3124,WAL
1979677342000,192.159954,-1.87649544655259,-8.0662184095667,-1.57892628554989,-1.0937542,-0.73731434,0.57910025,334.8485,103.93713,-11.426034,WAL
1979682345000,192.164957,-2.02273176477034,-8.01587482715401,-1.57652897090964,-1.1960741,-0.7367035,0.61941737,334.6119,104.16025,-11.542215,WAL
1979687367000,192.169979,-2.16952344777845,-7.96534005384269,-1.57412255193636,-1.2812898,-0.7339546,0.66706485,334.39145,104.43641,-11.715171,WAL
1979692308000,192.17492,-2.3139475229961,-7.91562035752026,-1.57175494617232,-1.3151928,-0.71929383,0.70188415,334.18,104.71858,-11.888712,WAL
1979697337000,192.179949,-2.36543273465413,-7.94406722283412,-1.54660603720618,-1.3759739,-0.6927212,0.7473936,333.97928,105.02384,-12.071252,WAL
1979702331000,192.184943,-2.32872412755445,-8.04501530542071,-1.50072041009306,-1.4288138,-0.6774496,0.7855727,333.78452,105.33049,-12.254453,WAL
1979707265000,192.189877,-2.26961526055046,-8.19089304587156,-1.38995486605505,-1.4504995,-0.66645396,0.8164214,333.62894,105.688065,-12.494723,WAL
1979712307000,192.194919,-2.17812764764659,-8.40275961547666,-1.18771887846031,-1.459968,-0.68600166,0.8549059,333.47394,106.05212,-12.740937,WAL
1979717298000,192.19991,-2.09386992373502,-8.64604899762353,-0.961979323220121,-1.4523321,-0.73823065,0.8961393,333.27042,106.43121,-13.008684,WAL
1979722349000,192.204961,-2.01723266469948,-8.93822826636301,-0.698538889078127,-1.4285084,-0.79779,0.9211848,333.0645,106.80177,-13.275056,WAL
1979727301000,192.209913,-1.95931023670963,-9.27306444008013,-0.451294311110869,-1.3897184,-0.8622363,0.9279043,332.8139,107.11739,-13.520896,WAL
1979732321000,192.214933,-1.92581391289845,-9.68339413351332,-0.216820178654851,-1.3435981,-0.93676186,0.9370673,332.55252,107.42203,-13.768186,WAL
1979737383000,192.219995,-1.90139220221958,-10.09143440288,0.0150495644676267,-1.2901474,-1.0180069,0.91782504,332.2585,107.681854,-13.997682,WAL
1979742350000,192.224962,-1.94259447825899,-10.4519543854482,0.210760263795149,-1.2159272,-1.1090258,0.91690874,331.9505,107.92688,-14.230199,WAL
1979747289000,192.229901,-1.97516816727513,-10.7715771574766,0.314460386927078,-1.108415,-1.2006557,0.9034697,331.6085,108.15279,-14.46546,WAL
1979752370000,192.234982,-1.98437269215927,-10.9878832039156,0.15798334856143,-0.9755518,-1.2889256,0.9016371,331.24808,108.35653,-14.700322,WAL
1979757304000,192.239916,-1.97487732560816,-11.1964784082972,-0.0603241250731806,-0.8060367,-1.3353515,0.90316427,330.86276,108.53494,-14.944672,WAL
1979762347000,192.244959,-1.85787921657414,-11.4012256335924,-0.669689214359544,-0.59131753,-1.319469,0.9230174,330.47656,108.682274,-15.186808,WAL
1979767334000,192.249946,-1.71499958875185,-11.5939746783424,-1.28132672693636,-0.32345316,-1.2272283,0.9242391,330.10013,108.780594,-15.400519,WAL
1979772353000,192.254965,-1.43993031008387,-11.7409944848545,-1.94054452111495,-0.041233405,-1.0797043,0.9053023,329.75183,108.840225,-15.602242,WAL
1979777351000,192.259963,-1.13829878614329,-11.8629558696646,-2.54829187046494,0.17684549,-0.8875872,0.8558222,329.41418,108.88866,-15.763724,WAL
1979782343000,192.264955,-0.678261672972561,-11.844736211128,-2.87623916070884,0.29016098,-0.784351,0.7632761,329.09967,108.89532,-15.898471,WAL
1979787422000,192.270034,-0.203754106017523,-11.8143590631223,-3.19451728982477,0.2574797,-0.559858,0.62888575,328.86423,108.853485,-15.919476,WAL
1979792314000,192.274926,0.34665104831143,-11.6137880372362,-3.2784774331143,0.17379116,-0.3200934,0.5522222,328.67,108.79713,-15.923395,WAL
1979797528000,192.28014,0.914209666382401,-11.4190714020738,-3.34703793313306,-0.05375614,-0.1591304,0.38148534,328.4444,108.721,-15.819493,WAL
1979802398000,192.28501,1.21703123124334,-11.4642686266111,-3.16172907655781,-0.3436117,-0.067500606,0.19181168,328.26788,108.64695,-15.681916,WAL
1979807669000,192.290281,1.52636666786314,-11.5213720187395,-2.94530012851016,-0.6068946,-0.0580322,0.03145956,328.06488,108.534775,-15.438849,WAL
1979812346000,192.294958,1.38856195440985,-11.7552224547828,-2.39825699936603,-0.77091193,-0.13439035,-0.10903945,327.85663,108.420105,-15.153211,WAL
1979817318000,192.29993,1.24206526095469,-12.0038229183293,-1.81670933246317,-0.84665924,-0.3036,-0.20830505,327.5967,108.27945,-14.808757,WAL
1979822347000,192.304959,0.758961236305598,-11.9593733207262,-1.13260348876652,-0.8671232,-0.50793445,-0.2593123,327.303,108.14895,-14.452521,WAL
1979827247000,192.309859,0.219414645382753,-11.8552501739788,-0.446338122755421,-0.8081747,-0.6765333,-0.2846632,326.97046,108.01509,-14.091232,WAL
1979832336000,192.314948,-0.469281792105915,-11.513052763406,-0.260064266132013,-0.7128797,-0.75869465,-0.2883284,326.60956,107.8572,-13.766508,WAL
1979837304000,192.319916,-1.16715272693018,-11.1323957926469,-0.183026565688161,-0.56321776,-0.72234815,-0.24862215,326.24213,107.692474,-13.4566765,WAL
1979842345000,192.324957,-1.15506046775791,-11.3217690534505,-0.209814997534606,-0.38453966,-0.6215554,-0.1872302,325.9057,107.53015,-13.255077,WAL
1979847242000,192.329854,-0.89917769548348,-11.700854843589,-0.271416397611397,-0.23854288,-0.4990769,-0.10415252,325.59558,107.363335,-13.07088,WAL
1979852336000,192.334948,-0.484621136201371,-12.3807590198825,-0.201062288916748,-0.10751228,-0.39675698,-0.04337143,325.34653,107.27052,-13.026883,WAL
1979857249000,192.339861,-0.0376150003510284,-13.1273054899119,-0.0904628346875612,-0.014049901,-0.30298916,-0.002443461,325.13803,107.17307,-12.994545,WAL
1979862348000,192.34496,0.366446108134051,-13.7213836313585,0.112580489359665,0.043066,-0.1863139,-0.0067195175,324.95053,107.0312,-12.912754,WAL
1979867263000,192.349875,0.732640048931977,-14.2237264370636,0.342625392691003,0.11362094,-0.10567969,-0.05222898,324.78323,106.87237,-12.828911,WAL
1979872348000,192.35496,1.10083291276123,-14.6328606578496,0.345540462206966,0.19242255,-0.06505715,-0.10140363,324.6154,106.61421,-12.64654,WAL
1979877287000,192.359899,1.45420886372539,-14.9862362597678,0.254808803299344,0.31123585,-0.032986723,-0.15790866,324.4701,106.329926,-12.449808,WAL
1979882343000,192.364955,1.79229613969531,-15.239516200824,-0.000833167107406385,0.48747048,0.002443461,-0.20158553,324.31375,105.94692,-12.182539,WAL
1979887364000,192.369976,2.11940599111814,-15.4514469485484,-0.314121466432883,0.6038403,0.074830994,-0.21991149,324.18192,105.555016,-11.909901,WAL
1979892308000,192.37492,2.30678703361473,-15.4925910829943,-0.597291966436127,0.8527679,0.17073683,-0.2489276,324.05594,105.063156,-11.56508,WAL
1979897294000,192.379906,2.4233450781428,-15.4440252522376,-0.869260821521562,1.1194105,0.25534168,-0.29229903,323.9531,104.55112,-11.217473,WAL
1979902389000,192.385001,2.32802677045045,-15.2817020540541,-0.997644462342342,1.3417655,0.34300083,-0.35155296,323.87164,103.9913,-10.809162,WAL
1979907344000,192.389956,2.13802444347347,-15.0726992612613,-1.0546451653954,1.5173893,0.38515055,-0.44959682,323.80478,103.38735,-10.3873205,WAL
1979912336000,192.394948,1.80583608902812,-14.7118306235816,-0.90725861352146,1.6804903,0.3930918,-0.5882632,323.7525,102.748245,-9.930148,WAL
1979917349000,192.399961,1.40793610164776,-14.280771978293,-0.665676450415392,1.858863,0.3811799,-0.7476991,323.70825,102.06372,-9.450478,WAL
1979922345000,192.404957,0.914762855514853,-13.7287650912284,-0.368178450412485,2.031127,0.35460728,-0.90469146,323.6688,101.36911,-8.977068,WAL
1979927344000,192.409956,0.371826919060618,-13.1137581493376,-0.041455926615817,2.2305744,0.3032946,-1.0442741,323.61996,100.62375,-8.476395,WAL
1979932322000,192.414934,-0.243440457886838,-12.574442064997,0.163699115096329,2.44621,0.26328292,-1.1591167,323.57675,99.87224,-8.018148,WAL
1979937376000,192.419988,-0.905999733106875,-12.0640262441695,0.310934511297911,2.6719246,0.23151793,-1.2611313,323.52472,99.079956,-7.535476,WAL
1979942341000,192.424953,-1.55331519196578,-11.9663766019931,0.231073937370138,2.889698,0.21838433,-1.352761,323.48712,98.316895,-7.1265054,WAL
1979947356000,192.429968,-2.20560057202575,-12.0426177376753,0.0531779281647412,3.0903673,0.25534168,-1.4450017,323.4618,97.54098,-6.6971684,WAL
1979952314000,192.434926,-2.90567858685221,-12.2646878774792,-0.241717869966731,3.259577,0.37140608,-1.509448,323.47888,96.88322,-6.3743534,WAL
1979957314000,192.439926,-3.68689595729367,-12.6884855955428,-0.701257552201749,3.3502905,0.5519168,-1.5580118,323.53516,96.27765,-6.0389113,WAL
1979962284000,192.444896,-4.39970805219315,-13.0674174433436,-1.12129060830127,3.3643403,0.73975784,-1.5784758,323.64624,95.91396,-5.848407,WAL
1979967294000,192.449906,-5.0642993952097,-13.4135589987495,-1.51358408515775,3.2950072,0.8894198,-1.5335772,323.80887,95.67316,-5.6728044,WAL
1979972316000,192.454928,-5.72569757110939,-13.7311133941387,-1.78660196117613,3.1523702,0.97158116,-1.4523321,324.01172,84.27903,-5.6899805,WAL
1979977305000,192.459917,-6.37728823472289,-14.0130066116646,-1.92061704954057,2.9761355,0.9807441,-1.3814718,324.2434,84.15376,-5.7207737,WAL
1979982311000,192.464923,-6.99327744372436,-14.2348644069843,-2.01757082642671,2.797152,0.88422745,-1.35551,324.45477,83.83233,-5.9443874,WAL
1979987335000,192.469947,-7.55409737210929,-14.3649751850522,-2.05794993810145,2.7116308,0.6814202,-1.2913691,324.64233,83.48076,-6.1859903,WAL
1979992243000,192.474855,-8.06440801366008,-14.4374407802108,-2.00653859329786,2.591596,0.4569272,-1.2556335,324.84485,83.11558,-6.4271874,WAL
1979997308000,192.47992,-8.4714004318019,-14.3381747096593,-1.66406949675637,2.4599543,0.19394971,-1.2412782,324.98053,82.75039,-6.6659327,WAL
1980002290000,192.484902,-8.79097426606649,-14.1674561963633,-1.4344988532133,2.3270912,-0.113926366,-1.2186762,325.08493,82.34771,-6.9271684,WAL
1980007315000,192.489927,-8.91965775724218,-13.8200096280417,-1.46023555144844,2.2574525,-0.39461896,-1.2006557,325.12424,81.9567,-7.175068,WAL
1980012411000,192.495023,-9.00716026120063,-13.514295391629,-1.56102697930831,2.2489004,-0.55924714,-1.2293663,325.13428,81.51435,-7.447009,WAL
1980017302000,192.499914,-8.57456313263902,-13.781216742975,-2.55508029707212,2.2840252,-0.548557,-1.3710871,325.12097,81.107185,-7.676742,WAL
1980022591000,192.505203,-8.07896291123179,-14.0285255928799,-3.54892788738902,2.2751677,-0.09040806,-1.6362026,325.21594,80.736496,-7.851891,WAL
1980027308000,192.50992,-7.31574747265753,-13.7715249243169,-3.49830647951039,2.053118,0.47800204,-1.8310685,325.35297,80.41427,-8.003653,WAL
1980032299000,192.514911,-6.50819855302129,-13.4995956606327,-3.44474458705284,1.7311921,0.65026605,-1.9242256,325.48224,80.314674,-7.978507,WAL
1980037328000,192.51994,-5.68272641224386,-13.0551447226618,-2.9879957734226,1.5946637,0.61850107,-1.9349157,325.71735,80.24672,-7.9310584,WAL
1980042289000,192.524901,-4.86341283367823,-12.5442784757557,-2.36628152225604,1.5873333,0.4529566,-1.8777997,325.95944,80.21498,-7.8776155,WAL
1980047306000,192.529918,-4.09681576422582,-12.0322488587665,-2.25146505777902,1.7119498,0.42913285,-1.774869,326.18402,80.2722,-7.7187343,WAL
1980052346000,192.534958,-3.35037091682504,-11.5196300549655,-2.33240490350289,1.8839084,0.569021,-1.666135,326.40253,80.301956,-7.5823374,WAL
1980057310000,192.539922,-2.6067325504386,-11.1358941352339,-2.39452379656433,2.0427334,0.80909103,-1.6200147,326.61166,80.3155,-7.3873873,WAL
1980062305000,192.544917,-1.85242401754386,-10.8361685760234,-2.444477917335,2.155438,1.0772609,-1.600467,326.86502,80.27768,-7.2281055,WAL
1980067283000,192.549895,-1.27361095138952,-10.6510394329009,-2.31717271624245,2.250733,1.3072516,-1.5546521,327.1315,80.27371,-6.9956365,WAL
1980072329000,192.554941,-0.775863626287016,-10.5218169551352,-2.09701524148757,2.3335052,1.5928311,-1.4932601,327.48648,80.228966,-6.793268,WAL
1980077309000,192.559921,-0.142891449581602,-10.3305208656875,-1.74264382363513,2.3961189,1.7424932,-1.3970488,327.81396,80.21551,-6.530937,WAL
1980082306000,192.564918,0.569227278341869,-10.1039374075756,-1.31259811187554,2.4239132,2.005776,-1.3466524,328.2497,80.17381,-6.297735,WAL
1980087329000,192.569941,0.961970713032862,-9.84659320083427,-1.33930117918405,2.424524,2.1368067,-1.2678508,328.6366,80.1051,-6.069052,WAL
1980092313000,192.574925,1.11736660006104,-9.56979434520297,-1.69865406969173,2.3606887,2.1386392,-1.196685,329.0531,80.024475,-5.8685546,WAL
1980097308000,192.57992,1.20849766339795,-9.17026761801596,-1.99149900699354,2.270586,2.1884248,-1.1252137,329.51834,79.931046,-5.561974,WAL
1980102325000,192.584937,1.25871757596921,-8.69089527023945,-2.24259904656975,2.2208006,2.366492,-1.0433578,330.0108,79.81144,-5.2972083,WAL
1980107312000,192.589924,1.24436210620108,-8.20084321625527,-2.59175150933173,2.176513,2.4914138,-0.9324858,330.46216,79.72602,-5.0458436,WAL
1980112305000,192.594917,1.1675939546458,-7.69705152026891,-3.0379665906482,2.1526892,2.5824327,-0.82802784,330.94278,79.62582,-4.833723,WAL
1980117293000,192.599905,1.02156802394979,-7.26510835246615,-3.22718219836908,2.118786,2.7000244,-0.7370089,331.4246,79.51901,-4.6670322,WAL
1980122320000,192.604932,0.80743168708115,-6.89869739316003,-3.17007926464367,2.1077905,2.748588,-0.643852,331.89877,79.3934,-4.5413094,WAL
1980127302000,192.609914,0.565682764494196,-6.62510958291874,-3.10245662064677,2.104736,2.7146852,-0.5702427,332.39743,79.287285,-4.408935,WAL
1980132302000,192.614914,0.292160551485167,-6.44423193412567,-3.02304686387507,2.074193,2.6648996,-0.5360342,332.8939,79.18167,-4.301346,WAL
1980137318000,192.61993,0.00569240639179446,-6.27398035371179,-2.93922567591145,2.0186043,2.6068676,-0.5326745,333.42963,79.02782,-4.2082305,WAL
1980142314000,192.624926,-0.30527808589215,-6.12821278165939,-2.84690632354016,1.9465221,2.532342,-0.5439755,333.93845,78.88359,-4.124839,WAL
1980147243000,192.629855,-0.604657758012268,-5.95633486984857,-2.75448840142802,1.8530598,2.4376578,-0.5647449,334.48407,78.71163,-4.0575523,WAL
1980152330000,192.634942,-0.898810027594403,-5.72288086563159,-2.65643776841096,1.7623463,2.3374758,-0.56169057,335.00073,78.55768,-3.996466,WAL
1980157266000,192.639878,-1.17190895162791,-5.5127521604093,-2.56201602009302,1.6658295,2.2293527,-0.57787853,335.53558,78.382706,-3.9583123,WAL
1980162304000,192.644916,-1.41427072883721,-5.34668951067907,-2.4677641787907,1.5622878,2.1496348,-0.5833763,336.04507,78.23445,-3.926308,WAL
1980167290000,192.649902,-1.64788127612985,-5.16771666028008,-2.39949312490982,1.4526376,2.0662518,-0.59773165,336.56476,78.0628,-3.932798,WAL
1980172322000,192.654934,-1.83193156078931,-4.86607852915341,-2.53753077167409,1.3481796,1.9999728,-0.61941737,337.06412,77.92133,-3.937896,WAL
1980177301000,192.659913,-2.00710187632882,-4.64525659675852,-2.58875449332088,1.2315043,2.0094411,-0.6084218,337.59525,77.76248,-3.994673,WAL
1980182306000,192.664918,-2.15933770598786,-4.69003201404017,-2.34696810962167,1.187522,2.0772474,-0.6169739,338.12375,77.61828,-4.0450206,WAL
1980187364000,192.669976,-2.30780986607522,-4.72452728675096,-2.08311735310242,1.078788,2.0705278,-0.64873886,338.6548,77.515205,-4.1155324,WAL
1980192313000,192.674925,-2.40348746546961,-4.65906361629834,-1.6450150679558,0.9819659,2.0463986,-0.70707655,339.19968,77.425705,-4.1842937,WAL
1980197304000,192.679916,-2.49593685910274,-4.57147034237933,-1.2112637802874,0.86070913,2.0305161,-0.7602218,339.77246,77.314514,-4.2846384,WAL
1980202337000,192.684949,-2.57316513438814,-4.39770684898858,-0.805815536641298,0.73456544,2.0253236,-0.8029824,340.34204,77.23606,-4.375903,WAL
1980207312000,192.689924,-2.64110697267321,-4.21957595421937,-0.41543852037946,0.5665775,2.006387,-0.8350528,340.9328,77.1171,-4.4887896,WAL
1980212303000,192.694915,-2.6772011742307,-4.01654571123277,-0.0635193508759676,0.40775254,1.9822577,-0.84116143,341.5193,77.031,-4.6017556,WAL
1980217298000,192.69991,-2.72094911833805,-3.81872444453526,0.29713991198994,0.23609942,1.9352211,-0.84696466,342.11743,76.894394,-4.7428765,WAL
1980222322000,192.704934,-2.84699408164099,-3.67755409827098,0.750901732499214,0.09773844,1.8713857,-0.8396343,342.7011,76.789375,-4.888774,WAL
1980227305000,192.709917,-2.96693124112451,-3.55079396219748,1.15974716261158,-0.038789943,1.7880026,-0.8350528,343.27072,76.60999,-5.071434,WAL
1980232303000,192.714915,-3.06383265093402,-3.48472478987761,1.37997756837214,-0.17073683,1.6927075,-0.8179486,343.8154,76.462746,-5.259755,WAL
1980237583000,192.720195,-3.16313948727331,-3.41488538499839,1.60211989375469,-0.29901853,1.5888605,-0.78893244,344.30966,76.13211,-5.5355153,WAL
1980242316000,192.724928,-3.20691483616268,-3.35165415055263,1.64589534422148,-0.4392121,1.502423,-0.7742717,344.78247,75.84645,-5.8086476,WAL
1980247290000,192.729902,-3.23534039777045,-3.27968851236957,1.67196373673415,-0.55833083,1.426065,-0.7425067,345.2681,75.51464,-6.10299,WAL
1980252315000,192.734927,-3.15379701196825,-3.17239465680014,1.57325334121109,-0.6899723,1.3399329,-0.73731434,345.72775,75.23243,-6.3879476,WAL
1980257247000,192.739859,-3.07376278733613,-3.06708653825916,1.47636982464996,-0.8164214,1.244638,-0.7058548,346.19812,74.98165,-6.669422,WAL
1980262304000,192.744916,-2.94975151345579,-2.96314011076463,1.28152892560871,-0.94225967,1.1414018,-0.68111473,346.64117,74.76884,-6.9442163,WAL
1980267543000,192.750155,-2.81677089653041,-2.86486314997009,1.06785122685942,-1.0598512,1.0454959,-0.6533204,347.0562,74.58459,-7.221769,WAL
1980272324000,192.754936,-2.70721149301097,-2.88312304261216,0.880687184277168,-1.1591167,0.96577793,-0.6224717,347.4443,74.43076,-7.473461,WAL
1980277567000,192.760179,-2.59075775664653,-2.90014502265861,0.683020185536254,-1.258077,0.89736104,-0.59528816,347.81113,74.35554,-7.681429,WAL
1980282299000,192.764911,-2.5308592679003,-2.87875273716012,0.597450976529456,-1.3445144,0.84879726,-0.5714644,348.15842,74.29706,-7.89218,WAL
1980287297000,192.769909,-2.4675937043429,-2.85615792673716,0.507071664057779,-1.3918564,0.79259765,-0.50518554,348.46103,74.28549,-8.085274,WAL
1980292312000,192.774924,-2.39549521941994,-3.0335887824967,0.625099109907717,-1.4987578,0.69058317,-0.4896085,348.73816,74.309425,-8.26317,WAL
1980297278000,192.77989,-2.32315196567285,-3.23132678446405,0.764962664993408,-1.6087136,0.5326745,-0.48747048,348.9796,74.3332,-8.446347,WAL
1980302352000,192.784964,-2.33497837140784,-3.4508834203193,0.949632842902758,-1.7085901,0.36926803,-0.45631635,349.2226,74.41578,-8.586836,WAL
1980307256000,192.789868,-2.35315543768747,-3.66446246627963,1.13140217708757,-1.7947221,0.22021692,-0.42302418,349.4236,74.51353,-8.718273,WAL
1980312264000,192.794876,-2.30727208620416,-3.93975979974232,1.38569843873142,-1.9025398,0.08032878,-0.38515055,349.58694,74.63463,-8.8185,WAL
1980317262000,192.799874,-2.25034650083251,-4.22438752846383,1.65135090628345,-1.9914207,-0.046731193,-0.3475823,349.70865,74.75948,-8.917821,WAL
1980322267000,192.804879,-2.18515929348995,-4.83736458968744,2.07382959986064,-2.0922134,-0.18661933,-0.2764165,349.80103,74.88881,-9.015156,WAL
1980327246000,192.809858,-2.11870892311368,-5.51136140175194,2.524743174348,-2.1563544,-0.29016098,-0.19150625,349.86386,75.01476,-9.118971,WAL
1980332285000,192.814897,-2.05160630529137,-6.56716406039909,3.13805713194679,-2.180789,-0.2919936,-0.058643065,349.9187,75.13382,-9.224913,WAL
1980337285000,192.819897,-1.98505443395215,-7.69379148023429,3.77980680930209,-2.1487186,-0.24281894,0.10445796,349.95142,75.22797,-9.356332,WAL
1980342274000,192.824886,-1.72490265199761,-9.5162164833234,4.65701408654343,-2.01555,-0.12003502,0.29871312,349.9927,75.27308,-9.498354,WAL
1980347279000,192.829891,-1.42002861323793,-11.5026614884914,5.59069091729279,-1.7220291,0.14538592,0.4334089,350.08154,75.254616,-9.674544,WAL
1980352204000,192.834816,-0.675175525370183,-13.4122145515433,7.3953446582207,-1.2040154,0.33658674,0.48808134,350.16498,75.15496,-9.830565,WAL
1980357219000,192.839831,0.196822021422231,-15.3451424504741,9.45907199239459,-0.3921755,0.3475823,0.37018433,350.27036,74.94328,-9.973286,WAL
1980362224000,192.844836,1.72462255108946,-16.4740278004133,11.017040125775,0.5867361,0.31337386,0.031154128,350.3606,74.69229,-9.949224,WAL
1980367218000,192.84983,3.40497745516977,-17.4106964639307,12.4526374532034,1.2935071,0.45478916,-0.38515055,350.50977,74.37106,-9.87919,WAL
1980372230000,192.854842,4.92149063891616,-18.0021443896728,12.3146679778119,1.5925257,0.6151413,-0.55863625,350.5263,73.999596,-9.596508,WAL
1980377223000,192.859835,6.38338048985685,-18.4910698750511,11.7230674206544,1.6300939,1.010982,-0.59131753,350.67545,73.55932,-9.28096,WAL
1980382214000,192.864826,6.59194870864699,-18.2761682165214,10.4402647724842,1.5522085,1.3552046,-0.6203337,350.724,73.19987,-8.659361,WAL
1980387244000,192.869856,6.52514999975238,-17.9040050132726,8.99455179803883,1.3228287,1.5830573,-0.6398814,350.88745,72.8183,-8.098999,WAL
1980392227000,192.874839,5.70805384028174,-16.4320190285551,7.81933592128308,1.0430524,1.6398678,-0.61850107,351.03152,72.6247,-7.37618,WAL
1980397223000,192.879835,4.70614446373501,-14.6877858920617,6.70357328754997,0.8014552,1.5619824,-0.57818395,351.2358,72.42295,-6.716142,WAL
1980402329000,192.884941,3.37457105618274,-12.5408255313706,5.72347499796954,0.59803706,1.4251486,-0.54641896,351.485,72.35821,-6.1068892,WAL
1980407312000,192.889924,1.95020144995939,-10.2976858396954,4.8320327393401,0.43035457,1.2950343,-0.5030475,351.72107,72.30812,-5.542619,WAL
1980412308000,192.89492,0.0526903772617786,-7.83111255506311,4.20667067347529,0.25992316,1.1838568,-0.44776422,351.9873,72.280624,-5.155756,WAL
1980417303000,192.899915,-2.00289524953271,-5.29158842990654,3.67203405607477,0.050396383,1.0977248,-0.35430184,352.21524,72.29021,-4.7965364,WAL
1980422319000,192.904931,-3.08146531859558,-4.44676408127438,3.46650511417425,-0.183565,1.0571023,-0.23518312,352.482,72.29493,-4.663998,WAL
1980427304000,192.909916,-3.67362368010403,-4.43721319625888,3.42352590721216,-0.40133846,1.026559,-0.105374254,352.7142,72.34279,-4.556877,WAL
1980432304000,192.914916,-4.13561914158225,-4.80914613024602,3.57053662691751,-0.6059783,1.0012082,0.038179077,353.0296,72.30827,-4.7843695,WAL
1980437328000,192.91994,-4.53482744182344,-5.37082278668596,3.81191837858177,-0.77488256,0.8933904,0.16462818,353.30298,72.31022,-5.034763,WAL
1980442308000,192.92492,-4.80827547465215,-6.4485916999395,4.17909139249849,-0.9059132,0.6927212,0.29993483,353.5575,72.31735,-5.3965206,WAL
1980447299000,192.929911,-5.00104738964509,-7.87510535037306,4.63210581292599,-1.0155635,0.37568212,0.398895,353.7419,72.34592,-5.76461,WAL
1980452332000,192.934944,-5.24288995285517,-9.82077783837186,4.8632845074096,-1.0528263,-0.1020145,0.4615087,353.8321,72.34963,-6.179157,WAL
1980457314000,192.939926,-5.51156849425015,-12.059765519265,4.95284400480142,-1.031446,-0.7125743,0.49357912,353.79245,72.34623,-6.573306,WAL
1980462304000,192.944916,-5.69499443666635,-13.9064197568088,4.24183234128573,-0.94042706,-1.3350459,0.52534413,353.61343,72.31987,-6.944414,WAL
1980467293000,192.949905,-5.8191428040997,-15.4789639838322,2.97735936839573,-0.7583892,-1.78617,0.54641896,353.31497,72.25255,-7.278166,WAL
1980472317000,192.954929,-5.98200581438909,-16.6872335517883,2.10891711689063,-0.5158757,-1.856114,0.6056729,352.97803,72.23819,-7.584679,WAL
1980477307000,192.959919,-6.1796005297085,-17.5319512125284,1.62975007151127,-0.19792034,-1.676825,0.63132924,352.5998,72.1558,-7.8549204,WAL
1980482307000,192.964919,-5.57602999869333,-18.1249307640071,1.42420644626807,0.025350908,-1.31672,0.64843345,352.28317,72.220726,-8.110673,WAL
1980487351000,192.969963,-4.3758063540289,-18.536163060978,1.41942468234013,0.5742133,-0.9224065,0.6450737,352.03644,72.1122,-8.369908,WAL
1980492311000,192.974923,-3.01073479959816,-17.2508309756028,0.959775329047072,1.1594223,-0.6597345,0.5305365,351.88312,72.01,-8.611276,WAL
1980497301000,192.979913,-1.49277608346728,-14.6355522581324,0.141357790317642,1.4804319,-0.6914995,0.24465153,351.7778,71.85686,-8.800248,WAL
1980502320000,192.984932,-0.426270266094686,-11.8836670341091,-0.882821450339593,1.4123205,-0.80970186,-0.183565,351.68372,71.781105,-8.767001,WAL
1980507318000,192.98993,0.11395461820815,-9.00565494611466,-2.13059744984419,0.93676186,-0.64843345,-0.410196,351.6671,71.741165,-8.730348,WAL
1980512306000,192.994918,0.484318903327826,-6.59280984486345,-2.75106033032365,0.20952678,-0.35369098,-0.52748215,351.6147,71.893265,-8.47677,WAL
1980517294000,192.999906,0.660742858674312,-4.70785914007192,-2.65356294025658,-0.53878313,-0.31795537,-0.65209866,351.54977,72.19984,-8.156245,WAL
1980522300000,193.004912,0.67192849456955,-3.25196973590288,-2.39117998194234,-1.151481,-0.5723807,-0.65179324,351.45285,72.67257,-7.838411,WAL
1980527312000,193.009924,0.438853164254932,-2.43620596825493,-1.88618333490137,-1.5796975,-0.84116143,-0.5687156,351.3586,73.29138,-7.5135646,WAL
1980532308000,193.01492,0.0506692627287792,-1.94061179222059,-1.55385319128153,-1.8973475,-1.1038336,-0.44929138,351.18915,73.9673,-7.1934786,WAL
1980537400000,193.020012,-0.555415117738906,-1.86429006285214,-1.44610488677039,-2.11451,-1.4132367,-0.32742378,350.91928,74.71068,-6.8766303,WAL
1980542297000,193.024909,-1.11939312995839,-1.87781123901632,-1.55983019970127,-2.2272146,-1.7467692,-0.22143865,350.57074,75.3997,-6.6194987,WAL
1980547304000,193.029916,-1.64121211428571,-2.14383651978022,-2.30674746153846,-2.2638667,-2.05098,-0.10751228,350.1326,76.1006,-6.3833513,WAL
1980552287000,193.034899,-2.13324627920105,-2.50861137153976,-3.01759838437734,-2.2198844,-2.3026567,0.010995574,349.64212,76.72723,-6.2589493,WAL
1980557318000,193.03993,-2.58505527194299,-3.04174607355589,-3.68175784808702,-2.151162,-2.50638,0.15149458,349.0729,77.32709,-6.161201,WAL
1980562277000,193.044889,-3.03750074951973,-3.57796325768902,-4.32981073361864,-2.0760255,-2.6762006,0.3032946,348.477,77.92174,-6.1489143,WAL
1980567336000,193.049948,-3.5213003047456,-4.15852255075606,-4.97026906780789,-2.0088303,-2.7458394,0.43676865,347.85114,78.46252,-6.16723,WAL
1980572320000,193.054932,-3.95906702283465,-4.70379542204724,-5.54127622834646,-1.9752327,-2.7363708,0.5403103,347.23022,78.998276,-6.2752666,WAL
1980577311000,193.059923,-4.17672154514752,-5.09829436506973,-5.7725341020776,-1.9587394,-2.6093109,0.58062744,346.62872,79.476,-6.4048443,WAL
1980582309000,193.064921,-4.38226285261529,-5.48949095345378,-5.98165932401677,-1.9110919,-2.3839016,0.6609562,346.08682,79.8992,-6.64125,WAL
1980587328000,193.06994,-4.28150585146736,-5.7869645985027,-5.63620603294071,-1.8603901,-2.1077905,0.7687739,345.60336,80.24907,-6.900946,WAL
1980592499000,193.075111,-4.18850739529873,-6.10680775720862,-5.2618325401665,-1.8121318,-1.8521434,0.91629785,345.17084,80.50232,-7.2454247,WAL
1980597303000,193.079915,-4.23356806836435,-6.56642695184133,-4.6895614746621,-1.7525724,-1.6963727,1.0961977,344.795,80.63776,-7.6311107,WAL
1980602648000,193.08526,-4.2697637782276,-7.09649618618886,-4.07198292076513,-1.7030923,-1.6310102,1.2843442,344.4444,80.64541,-8.060395,WAL
1980607315000,193.089927,-4.10094005923487,-7.82806500234383,-3.80792559759806,-1.6606371,-1.5677856,1.4520267,344.14526,80.53377,-8.533722,WAL
1980612288000,193.0949,-3.92104711846973,-8.60760040468765,-3.52655489519613,-1.6267341,-1.4923438,1.6087136,343.86215,80.276634,-9.058563,WAL
1980617301000,193.099913,-3.31426094674379,-9.42384660017952,-3.68657488732423,-1.6239853,-1.3377949,1.7675385,343.62894,79.922775,-9.625855,WAL
1980622252000,193.104864,-2.68061387512716,-10.2324564421063,-3.88045203793757,-1.6349808,-1.1591167,1.9443841,343.43433,79.47696,-10.234777,WAL
1980627310000,193.109922,-2.09887083899614,-11.1580525057915,-3.61766740595981,-1.6300939,-1.063211,2.0479257,343.23785,79.00704,-10.819765,WAL
1980632282000,193.114894,-1.53319353706564,-12.0772774015444,-3.31597278586279,-1.6780468,-1.0247264,2.0980167,343.0863,78.48092,-11.429811,WAL
1980637323000,193.119935,-1.10657651653994,-12.7972926196307,-3.02364284895823,-1.7800614,-1.0369438,2.0998492,342.89282,78.02974,-11.938454,WAL
1980642247000,193.124859,-0.706119076310852,-13.4771391423916,-2.73959748188012,-1.8668042,-1.0855075,2.0610592,342.70935,77.55668,-12.439233,WAL
1980647338000,193.12995,-0.336860913030681,-13.627299968022,-2.81458932589174,-1.9113973,-1.1059716,1.969735,342.4858,102.78967,-12.788308,WAL
1980652319000,193.134931,0.0177217538837614,-13.6915532528311,-2.94309577126465,-1.8820758,-1.0580186,1.8310685,342.27463,103.12209,-13.104406,WAL
1980657311000,193.139923,0.373087478283861,-13.7559484340733,-3.07188600922923,-1.8139644,-0.91232723,1.6679676,342.05374,103.32305,-13.277203,WAL
1980662238000,193.14485,0.723826044814168,-13.8195051363931,-3.19899929097032,-1.7357736,-0.6966918,1.4874569,341.87018,103.48627,-13.401381,WAL
1980667299000,193.149911,1.10771356277416,-13.480521959099,-3.16452438435092,-1.6395624,-0.59498274,1.280679,341.68048,103.61347,-13.48161,WAL
1980672251000,193.154863,1.48722076269512,-13.0822734303497,-3.10361590958309,-1.5610662,-0.4297437,1.1640037,341.5729,103.7201,-13.532805,WAL
1980677308000,193.15992,1.79185513096902,-12.5493196458255,-2.79183919430487,-1.529912,-0.3585779,0.89919364,341.4119,103.6326,-13.378269,WAL
1980682300000,193.164912,2.07631563236683,-11.9984598951643,-2.43513481591424,-1.4892895,-0.4251622,0.6585127,341.2537,103.52803,-13.202681,WAL
1980687325000,193.169937,2.1731362109068,-11.2481490711359,-1.94762294212462,-1.4596626,-0.6762278,0.46273044,341.026,103.326546,-12.9276705,WAL
1980692268000,193.17488,2.19800650742881,-10.4373765735001,-1.42037224034885,-1.4718798,-1.0815369,0.310625,340.72363,103.08687,-12.609461,WAL
1980697304000,193.179916,1.79288927135622,-9.72804686831739,-1.24407412988182,-1.4996742,-1.5247196,0.16371189,340.29175,102.76686,-12.22253,WAL
1980702339000,193.184951,1.29088834320015,-9.04514512427312,-1.14910095833802,-1.5512923,-1.9654589,0.026572637,339.73657,102.426056,-11.81089,WAL
1980707302000,193.189914,0.784562997786054,-8.41944609948272,-1.50287703422305,-1.600467,-2.2886066,-0.06994407,339.06244,102.10544,-11.424593,WAL
1980712324000,193.194936,0.267094424043037,-7.80743990842127,-2.06015090684875,-1.6163495,-2.4593434,-0.13133603,338.3082,101.77004,-11.018146,WAL
1980717301000,193.199913,-0.352433053709364,-7.43351446424007,-2.88358560097249,-1.6331482,-2.5622742,-0.17440203,337.50696,101.540184,-10.710461,WAL
1980722320000,193.204932,-1.01129819963879,-7.13079248213393,-3.80065451975549,-1.6398678,-2.5692992,-0.16462818,336.69382,101.316124,-10.401014,WAL
1980727308000,193.20992,-1.4203851917912,-7.21800486635354,-4.21785641230786,-1.6035212,-2.4785857,-0.12003502,335.91495,101.2536,-10.213205,WAL
1980732299000,193.214911,-1.6652929970538,-7.56495779026473,-4.30459480311699,-1.5549575,-2.3499987,-0.073303826,335.15277,101.20004,-10.025122,WAL
1980737305000,193.219917,-1.73042068332473,-7.84032441373258,-4.28101573319566,-1.5180001,-2.1887302,-0.040011674,334.48694,101.37822,-9.996184,WAL
1980742314000,193.224926,-1.72629315009465,-8.08797614894166,-4.21497520151437,-1.4975362,-2.0140228,-0.0021380284,333.866,101.57542,-9.976513,WAL
1980747237000,193.229849,-1.66564560469779,-8.29775875689869,-4.05736575621121,-1.4746287,-1.8148806,0.047647487,333.30692,101.82551,-9.998698,WAL
1980752311000,193.234923,-1.51253187722716,-8.46015243454598,-3.7464983988542,-1.4737124,-1.606881,0.119729586,332.80457,102.096596,-10.030063,WAL
1980757242000,193.239854,-1.36892605211711,-8.59974263930325,-3.42502112969517,-1.4859297,-1.3884968,0.20769419,332.35318,102.38401,-10.072149,WAL
1980762305000,193.244917,-1.23415160031502,-8.6985773905309,-3.04765260835727,-1.5210545,-1.2092078,0.25809056,331.95297,102.68562,-10.11487,WAL
1980767263000,193.249875,-1.0871673471555,-8.78262616097766,-2.65303382907712,-1.5928311,-1.1319333,0.30543262,331.5592,102.97128,-10.1521225,WAL
1980772319000,193.254931,-0.842311051833123,-8.78772743699958,-2.09190475903919,-1.6190983,-1.0112875,0.31245756,331.23087,103.25651,-10.179581,WAL
1980777260000,193.259872,-0.626265296139043,-8.78575327083123,-1.57233799803325,-1.6688838,-0.9379836,0.34330627,330.87393,103.51735,-10.202823,WAL
1980782295000,193.264907,-0.480514480179345,-8.76146148846347,-1.13508559073854,-1.6957619,-0.91324353,0.36132678,330.53955,103.77423,-10.217002,WAL
1980787309000,193.269921,-0.377254446999801,-8.72107101519968,-0.737595825209617,-1.7015651,-0.9089675,0.3659083,330.16937,103.97568,-10.211192,WAL
1980792312000,193.274924,-0.391534030872243,-8.63539327339559,-0.447244289783429,-1.6584991,-0.91782504,0.3848451,329.8095,104.17617,-10.210151,WAL
1980797290000,193.279902,-0.423542277133394,-8.55703115266486,-0.206158474337449,-1.5723672,-0.9254609,0.40225476,329.42126,104.34917,-10.215893,WAL
1980802315000,193.284927,-0.510486185895815,-8.49906888979223,-0.109554131436214,-1.4676038,-0.904386,0.43157628,329.04865,104.51251,-10.22572,WAL
1980807303000,193.289915,-0.620102097567696,-8.43882331391924,-0.0348077117087886,-1.3387111,-0.8481864,0.464563,328.69672,104.636925,-10.244852,WAL
1980812304000,193.294916,-0.797570101885986,-8.37056595971496,-0.0211563263957245,-1.2156218,-0.78801614,0.49602258,328.3626,104.7438,-10.267083,WAL
1980817300000,193.299912,-0.97508671517542,-8.3044232283579,-0.0193206168112933,-1.0897835,-0.73426,0.52931476,328.04388,104.90474,-10.3611965,WAL
1980822328000,193.30494,-1.15502019806934,-8.24944350446336,-0.0842965793194935,-1.0082331,-0.68752885,0.5558874,327.74936,105.04941,-10.454983,WAL
1980827328000,193.30994,-1.33609282824724,-8.20404016791082,-0.174563450074649,-0.95722586,-0.6737844,0.5833763,327.46878,105.21206,-10.59674,WAL
1980832301000,193.314913,-1.52333333162138,-8.18981932820743,-0.349953319692445,-0.9456194,-0.7287622,0.6203337,327.19174,105.368385,-10.74463,WAL
1980837318000,193.31993,-1.71223049740221,-8.17547266567135,-0.526894999940281,-0.9416488,-0.81061816,0.64476824,326.90854,105.54974,-10.932271,WAL
1980842310000,193.324922,-1.90018637772469,-8.16119749338111,-0.702954969602867,-0.97433007,-0.8933904,0.68111473,326.6218,105.74037,-11.12983,WAL
1980847305000,193.329917,-2.07682274814264,-8.16746743566122,-0.879925932114908,-1.0439687,-0.97433007,0.72051555,326.30856,105.96508,-11.355102,WAL
1980852331000,193.334943,-2.2103269,-8.2532918,-1.06111022,-1.1178834,-1.0180069,0.7583892,325.99374,106.197395,-11.58486,WAL
1980857308000,193.33992,-2.32441782572161,-8.36664457899734,-1.22033910686479,-1.1780536,-1.0482447,0.79381937,325.6767,106.51406,-11.881683,WAL
1980862305000,193.344917,-2.36076834375237,-8.60292221078618,-1.29303990569692,-1.2534955,-1.0742066,0.84116143,325.36176,106.84747,-12.183584,WAL
1980867297000,193.349909,-2.39185064513329,-8.84570988530688,-1.35128569063856,-1.3261884,-1.0845913,0.8677341,325.05936,107.2045,-12.491584,WAL
1980872315000,193.354927,-2.36205747563546,-9.16846974002893,-1.24204396544741,-1.3600914,-1.0815369,0.8784242,324.76434,107.56219,-12.797139,WAL
1980877296000,193.359908,-2.33422344935839,-9.49308261851512,-1.11774764371219,-1.4086553,-1.0552697,0.895223,324.45764,107.96783,-13.129056,WAL
1980882302000,193.364914,-2.3166462408341,-9.84462403593034,-0.898034120174152,-1.4278975,-1.0396926,0.89888823,324.15738,108.35915,-13.447848,WAL
1980887662000,193.370274,-2.29705198302064,-10.2230365747342,-0.659151651452575,-1.4419475,-1.0384709,0.8961393,323.85004,108.74574,-13.763742,WAL
1980892313000,193.374925,-2.25991073752345,-10.6037350318949,-0.35737841102439,-1.4327844,-1.0531317,0.8753699,323.54984,109.11433,-14.063264,WAL
1980897464000,193.380076,-2.21709544827076,-11.0154309039208,-0.0283141903010912,-1.3860532,-1.0980303,0.84879726,323.22955,109.462,-14.367616,WAL
1980902316000,193.384928,-2.15693890393934,-11.2861356226188,0.220905945980026,-1.3148874,-1.1707232,0.82619524,322.90338,109.78725,-14.658764,WAL
1980907249000,193.389861,-2.09577809742926,-11.5613595256149,0.474286599787683,-1.1997393,-1.273654,0.80481493,322.56534,110.05114,-14.93201,WAL
1980912305000,193.394917,-1.95030943910943,-11.7216475944129,0.512004108452006,-1.0595458,-1.3826935,0.79198676,322.2088,110.28531,-15.197524,WAL
1980917627000,193.400239,-1.77679146249274,-11.8733743510741,0.50538921606735,-0.8671232,-1.4840971,0.786489,321.82953,110.477715,-15.456382,WAL
1980922320000,193.404932,-1.45930465373524,-12.0473391471841,0.240092032336946,-0.6249151,-1.5580118,0.7996226,321.4101,110.63061,-15.731036,WAL
1980927241000,193.409853,-1.12639338463325,-12.2297556742791,-0.038094083396555,-0.34055737,-1.5580118,0.829555,320.97137,110.73487,-15.990068,WAL
1980932297000,193.414909,-0.637214787348692,-12.4314016708317,-0.60229177354549,-0.030543262,-1.4798211,0.83199847,320.53668,110.78618,-16.23609,WAL
1980937304000,193.419916,-0.136359186172394,-12.6326807247169,-1.19208433441527,0.25686884,-1.2916746,0.8228355,320.1392,110.79615,-16.47115,WAL
1980942312000,193.424924,0.586835168161071,-12.5892835085708,-1.78926882145248,0.47678033,-1.0118983,0.77457714,319.77377,110.73438,-16.617601,WAL
1980947239000,193.429851,1.3334473060706,-12.5079217921696,-2.37794372300436,0.5815437,-0.6808093,0.68966687,319.4804,110.636856,-16.730125,WAL
1980952318000,193.43493,2.07057018568616,-12.0938894947824,-2.81764581661744,0.5323691,-0.31978795,0.55863625,319.24567,110.50674,-16.724302,WAL
1980957246000,193.439858,2.78141473177791,-11.6478695948021,-3.22185150561134,0.34025195,0.0012217305,0.40103304,319.0942,110.36021,-16.668932,WAL
1980962304000,193.444916,3.11534869693857,-11.5661877710843,-3.27672995018764,0.05131268,0.22876903,0.17898351,318.97623,110.159454,-16.440828,WAL
1980967266000,193.449878,3.37345712836263,-11.5521088433735,-3.26734419439068,-0.24465153,0.2855795,0.059864793,318.90256,109.98383,-16.193224,WAL
1980972319000,193.454931,3.16380299698207,-11.924332125498,-2.72755367776892,-0.36651915,0.2932153,-0.1704314,318.8401,109.722145,-15.753377,WAL
1980977270000,193.459882,2.86155741623506,-12.3682553545817,-2.0900045314741,-0.56321776,0.16707164,-0.37201694,318.75195,109.5158,-15.300268,WAL
1980982302000,193.464914,2.08680553740673,-12.5760910920632,-1.18476394741739,-0.700357,-0.10567969,-0.50518554,318.59555,109.28082,-14.791502,WAL
1980987362000,193.469974,1.20394630918694,-12.731060763543,-0.217375602422715,-0.7254025,-0.41691554,-0.5647449,318.38715,109.05254,-14.2671795,WAL
1980992311000,193.474923,0.357143900420168,-12.5602009923606,0.233570908326967,-0.6536258,-0.63591075,-0.5500842,318.12433,108.80263,-13.790472,WAL
1980997285000,193.479897,-0.48893297710084,-12.2918215836516,0.53834050381971,-0.49418998,-0.68477994,-0.48991394,317.82626,108.552605,-13.328468,WAL
1981002331000,193.484943,-1.01169617479009,-12.2042709936231,0.426190768064619,-0.27763826,-0.5693264,-0.4083634,317.53955,108.29477,-13.026976,WAL
1981007309000,193.489921,-1.36130404053566,-12.2093378770326,0.106983582179403,-0.06169739,-0.38423425,-0.31306845,317.26956,108.02629,-12.749864,WAL
1981012306000,193.494918,-1.33552007012238,-12.4685417001293,-0.0888791686225251,0.14782938,-0.20922135,-0.23945917,317.06265,107.80681,-12.632649,WAL
1981017314000,193.499926,-1.20668342803701,-12.797791167844,-0.251117953461447,0.34574974,-0.06688975,-0.20799962,316.90643,107.56142,-12.522433,WAL
1981022321000,193.504933,-0.744563833025575,-13.6554456788847,0.00161808497830301,0.5314528,0.08002335,-0.23609942,316.80768,107.358604,-12.467279,WAL
1981027308000,193.50992,-0.188964000171729,-14.6608167751823,0.372017939782107,0.7113526,0.14996742,-0.29260445,316.73093,107.12401,-12.410216,WAL
1981032281000,193.514893,0.162691885441176,-15.1100721152297,0.458903433845689,0.8924741,0.14202617,-0.37232238,316.66443,106.84071,-12.31066,WAL
1981037324000,193.519936,0.386463886176471,-15.2025000241741,0.361611275072522,1.0534371,0.10842858,-0.46303585,316.60974,106.520294,-12.192301,WAL
1981042309000,193.524921,0.53421020438304,-15.0770392998732,0.244428087912031,1.2327261,0.094989546,-0.5558874,316.53546,106.0027,-11.925806,WAL
1981047307000,193.529919,0.638283153580359,-14.8211931378873,0.114336906848976,1.4150693,0.11789699,-0.6563747,316.46222,105.4472,-11.63815,WAL
1981052305000,193.534917,0.65768087887537,-14.4187514163104,0.0644710257055793,1.591304,0.1001819,-0.77518797,316.3656,104.8326,-11.295585,WAL
1981057317000,193.539929,0.557715920822098,-13.8084394676093,0.127606778768826,1.7553213,0.035430185,-0.9126327,316.26294,104.1772,-10.928415,WAL
1981062305000,193.544917,0.37593346811197,-13.1897259601644,0.128308778646374,1.8790215,-0.01282817,-1.0586295,316.1601,103.494774,-10.523606,WAL
1981067298000,193.54991,0.137246311396692,-12.562587176177,0.0861875139718117,2.0066924,-0.096516706,-1.1181889,316.03363,102.7894,-10.117181,WAL
1981072291000,193.554903,-0.207922677527322,-12.0204565068306,0.125564759255464,2.0864103,-0.14660765,-1.2027937,315.90768,102.07157,-9.696337,WAL
1981077311000,193.559923,-0.644205655708431,-11.5466435521077,0.233462698463115,2.2617285,-0.15790866,-1.271516,315.7755,101.32667,-9.272438,WAL
1981082304000,193.564916,-1.12479197570743,-11.2274505306977,0.345721835092451,2.502104,-0.13347405,-1.352761,315.64786,100.61029,-8.881936,WAL
1981087328000,193.56994,-1.65562235494943,-11.0603369656758,0.46368413360711,2.7656925,-0.09743301,-1.4382823,315.52686,99.87351,-8.477855,WAL
1981092309000,193.574921,-2.1712535273146,-11.1866218143623,0.361369384795939,3.018896,-0.06566802,-1.5060883,315.42847,99.19832,-8.150959,WAL
1981097304000,193.579916,-2.67933559367422,-11.5598148423724,0.0736061136257167,3.2293391,-0.0030543262,-1.5717562,315.35803,98.522865,-7.8063693,WAL
1981102341000,193.584953,-3.21528004277365,-12.0505120356004,-0.383881364615515,3.3631186,0.100792766,-1.6190983,315.32483,97.977516,-7.5611715,WAL
1981107313000,193.589925,-3.77695515286929,-12.6931496402763,-1.06699978648502,3.411377,0.25625798,-1.6453656,315.33667,97.49555,-7.310767,WAL
1981112304000,193.594916,-4.37344112013652,-13.2844473640501,-1.77119175872203,3.349374,0.43310347,-1.6389514,315.40402,97.247986,-7.19618,WAL
1981117293000,193.599905,-4.99853217098976,-13.8280043060296,-2.49140522712363,3.196047,0.6236934,-1.6044376,315.53104,97.0897,-7.088797,WAL
1981122311000,193.604923,-5.59442031872362,-14.3032750622111,-3.05750196139698,2.9993484,0.7825184,-1.5488489,315.70642,82.79868,-7.190285,WAL
1981127311000,193.609923,-6.14304127349749,-14.6786474240201,-3.40399949908543,2.7885997,0.8781188,-1.475545,315.92395,82.650154,-7.300635,WAL
1981132321000,193.614933,-6.65333262349973,-15.0077637450876,-3.60455652501328,2.604424,0.90133166,-1.3854424,316.17734,82.37845,-7.5401816,WAL
1981137334000,193.619946,-7.112256533829,-15.2754698364312,-3.61305510855019,2.4602597,0.8686504,-1.2922854,316.44073,82.10606,-7.7815533,WAL
1981142244000,193.624856,-7.56966480242596,-15.4961048757513,-3.54109314863949,2.3667974,0.77488256,-1.2131784,316.6994,81.79843,-8.063572,WAL
1981147301000,193.629913,-8.0830191032674,-15.5013967380614,-3.03832384343788,2.3420575,0.61911196,-1.1911873,316.92813,81.50416,-8.332165,WAL
1981152274000,193.634886,-8.517431361765,-15.5663941713287,-2.51455740516104,2.35794,0.39278635,-1.2253957,317.12183,81.17961,-8.624638,WAL
1981157354000,193.639966,-8.81930834787747,-15.7532706748252,-1.92038598508815,2.3918428,0.063224554,-1.3845261,317.24094,80.90338,-8.862162,WAL
1981162240000,193.644852,-8.85954338417591,-15.7299095017854,-1.79283898913738,2.3701572,-0.10629055,-1.520749,317.36765,80.585,-9.120151,WAL
1981167301000,193.649913,-8.30845764750987,-15.2243680569912,-2.71283339009585,2.336865,-0.26145032,-1.72264,317.40897,80.33954,-9.291991,WAL
1981172271000,193.654883,-7.68302485646438,-14.6578964643799,-3.51117570131926,2.2156084,0.058643065,-1.7938058,317.5643,80.0659,-9.471368,WAL
1981177311000,193.659923,-6.64891164569921,-13.7511368992084,-3.82191906891821,1.9178114,0.42852196,-1.8020525,317.69476,79.85518,-9.597333,WAL
1981182311000,193.664923,-5.61822461711946,-12.8938066155564,-3.98110740260514,1.7073684,0.7367035,-1.7311921,317.8712,79.80745,-9.580778,WAL
1981187334000,193.669946,-4.5709222004466,-12.1374217030145,-3.77075184572013,1.666135,0.94806284,-1.6029104,318.12265,79.75852,-9.581429,WAL
1981192301000,193.674913,-3.56009085363636,-11.4503347681818,-3.51303396909091,1.752267,1.1450669,-1.4679092,318.4164,79.83393,-9.469097,WAL
1981197308000,193.67992,-2.69816042483471,-11.1432101469008,-2.93841368322314,1.8881844,1.2663237,-1.3411547,318.74136,79.87167,-9.397537,WAL
1981202343000,193.684955,-1.86299329790369,-10.875384906397,-2.38630654734208,2.005776,1.3136657,-1.3274102,319.05493,79.98451,-9.240719,WAL
1981207312000,193.689924,-1.15792788476524,-10.7658142032235,-1.93849468598458,2.0693061,1.3008375,-1.3561208,319.37836,80.05947,-9.1148405,WAL
1981212309000,193.694921,-0.479551941762858,-10.6973349603455,-1.61568380670397,2.122146,1.3637567,-1.3906348,319.71036,80.17206,-8.9062,WAL
1981217297000,193.699909,0.0784108104475854,-10.7911101436985,-1.78916804278563,2.140472,1.5741998,-1.4202617,320.07614,80.27392,-8.703048,WAL
1981222309000,193.704921,0.588011320454749,-10.8368263008683,-1.88381218924895,2.1484132,1.8848248,-1.4031575,320.47025,80.41378,-8.4176445,WAL
1981227307000,193.709919,0.840811243183242,-10.6397281060782,-1.57959532474264,2.2128594,2.0726657,-1.3277156,320.88214,80.51408,-8.15593,WAL
1981232297000,193.714909,1.09320652417868,-10.4429453945931,-1.27586540199624,2.2950208,2.1734586,-1.2342533,321.32248,80.681335,-7.814738,WAL
1981237332000,193.719944,1.26543543229641,-10.1749225433841,-1.27450056240418,2.3185391,2.238821,-1.1749994,321.79648,80.81281,-7.503801,WAL
1981242294000,193.724906,1.43064898486119,-9.88697669043339,-1.32066984933094,2.2284365,2.3359487,-1.1233811,322.2976,80.90734,-7.234826,WAL
1981247302000,193.729914,1.60785531951268,-9.4703024887158,-1.53619098470142,2.112983,2.4129176,-1.0861185,322.82538,80.9823,-6.9139915,WAL
1981252382000,193.734994,1.76014947361963,-9.04276736349693,-1.76480569923313,1.9889772,2.500577,-1.0302242,323.37192,81.04807,-6.597953,WAL
1981257314000,193.739926,1.74656642791411,-8.59905425345092,-2.04552211898006,1.921782,2.56991,-0.94897914,323.92508,81.087006,-6.3157134,WAL
1981262472000,193.745084,1.71560136697872,-8.13923417531915,-2.33504541693617,1.8973475,2.6141977,-0.8680395,324.48032,81.148445,-6.0254674,WAL
1981267296000,193.749908,1.48843138365957,-7.75916136510638,-2.55784679497872,1.8765781,2.6074784,-0.82558435,325.02975,81.19524,-5.7603345,WAL
1981272282000,193.754894,1.25363255761702,-7.36632491574468,-2.78813030885106,1.8689423,2.6022859,-0.7684685,325.5619,81.22407,-5.5462995,WAL
1981277310000,193.759922,0.90712105394885,-7.11013669815345,-3.06453036729757,1.8310685,2.56991,-0.74036866,326.0727,81.24865,-5.345779,WAL
1981282302000,193.764914,0.554005575843412,-6.86736985246976,-3.3426088262395,1.7815884,2.6062565,-0.71959925,326.5895,81.25788,-5.171617,WAL
1981287322000,193.769934,0.0819141890390165,-6.56261472283271,-3.42499366695885,1.7785342,2.627637,-0.66981375,327.10266,81.238655,-5.0310187,WAL
1981292246000,193.774858,-0.417119852209514,-6.245047672186,-3.44515664427579,1.7962493,2.5549438,-0.65118235,327.5891,81.21962,-4.894038,WAL
1981297311000,193.779923,-0.815381517909649,-6.11020973507935,-3.33131522056275,1.7632625,2.4174993,-0.66981375,328.08005,81.18944,-4.788071,WAL
1981302349000,193.784961,-1.19587846672671,-6.00216717388764,-3.19978545530133,1.7208074,2.270586,-0.6939429,328.53754,81.1497,-4.6904817,WAL
1981307282000,193.789894,-1.52061254475524,-5.91592160156314,-3.27773403767997,1.6471981,2.1844542,-0.7296785,329.05423,81.08962,-4.5922318,WAL
1981312246000,193.794858,-1.83838838531469,-5.83281115261209,-3.39506663138626,1.568702,2.1731532,-0.73823065,329.54327,81.03693,-4.49962,WAL
1981317293000,193.799905,-2.0533826321855,-5.65896490973853,-3.55628362156882,1.5198327,2.1826215,-0.71593404,330.0704,80.938644,-4.437332,WAL
1981322249000,193.804861,-2.25007050198323,-5.47632611411939,-3.72019015528367,1.4990633,2.2043073,-0.6969972,330.5929,80.85234,-4.378868,WAL
1981327273000,193.809885,-2.51606208967094,-5.31856457629983,-3.63022284320509,1.4844025,2.2479842,-0.7067711,331.1535,80.7605,-4.3506064,WAL
1981332253000,193.814865,-2.79105621433542,-5.16684364578984,-3.4974671032707,1.4398094,2.277611,-0.71837753,331.71127,80.67838,-4.334159,WAL
1981337271000,193.819883,-3.01528642285821,-4.9208170915722,-3.11527767934399,1.3756685,2.293188,-0.75502944,332.29434,80.60563,-4.33012,WAL
1981342269000,193.824881,-3.22877022021929,-4.65840978465899,-2.68830975953354,1.2464706,2.3423629,-0.75900006,332.89053,80.55752,-4.341048,WAL
1981347327000,193.829939,-3.38538616831293,-4.35729893653247,-2.22113743681262,1.0998629,2.386956,-0.7489208,333.51532,80.47713,-4.4054093,WAL
1981352316000,193.834928,-3.51427660543681,-4.04498758829633,-1.74523435602822,0.960891,2.3964243,-0.7495316,334.141,80.42885,-4.4723196,WAL
1981357315000,193.839927,-3.6074522601707,-3.7935733772404,-1.25719766799431,0.8359691,2.3890939,-0.72692966,334.82736,80.30127,-4.598604,WAL
1981362281000,193.844893,-3.68959954759195,-3.56162817821581,-0.769146433651697,0.68630713,2.3448062,-0.7275405,335.50394,80.21618,-4.7235317,WAL
1981367211000,193.849823,-3.78709383682,-3.31443941378957,-0.296835898652802,0.6032294,2.257147,-0.7144069,336.19724,80.030594,-4.9054565,WAL
1981372227000,193.854839,-3.89044214211659,-3.05852937342485,0.180534714431923,0.44806966,2.1569653,-0.6927212,336.87134,79.89578,-5.0938025,WAL
1981377226000,193.859838,-3.95932868731888,-2.80872792544219,0.482537267032078,0.26725355,2.0555615,-0.6704246,337.53888,79.65995,-5.3329015,WAL
1981382221000,193.864833,-4.02147213770361,-2.56015397415809,0.750232329888078,0.09590584,1.9792033,-0.61361414,338.18045,79.447754,-5.590999,WAL
1981387256000,193.869868,-4.01586666603175,-2.42687864630952,0.978517848200397,-0.07941248,1.8790215,-0.58551437,338.77213,79.122696,-5.927584,WAL
1981392221000,193.874833,-3.99699808984127,-2.31838423470238,1.19550663693552,-0.2593123,1.6978999,-0.57604593,339.3177,78.83269,-6.270067,WAL
1981397227000,193.879839,-3.73762838933372,-2.13661437156298,1.22035516513057,-0.41050145,1.5088371,-0.5580254,339.8504,78.50976,-6.649012,WAL
1981402390000,193.885002,-3.41483050145929,-1.93249217265745,1.20136706282642,-0.5305365,1.3460416,-0.54519725,340.33966,78.21864,-7.021978,WAL
1981407312000,193.889924,-3.18262406637278,-1.91066899172187,1.14043967227279,-0.6630942,1.1850786,-0.53023106,340.8805,78.0002,-7.314029,WAL
1981412300000,193.894912,-2.97090370791117,-1.94254086878425,1.0653130896297,-0.79137594,1.0125091,-0.516792,341.36926,77.80181,-7.603576,WAL
1981417296000,193.899908,-2.75884378191393,-1.97446386353238,0.99006601527427,-0.8979719,0.8539896,-0.48655418,341.7936,77.673004,-7.838641,WAL
1981422317000,193.904929,-2.54572270736787,-2.00654660104847,0.914442404317781,-1.0283916,0.6914995,-0.46578476,342.16574,77.571335,-8.06827,WAL
1981427308000,193.90992,-2.36383259621535,-2.07170425063966,0.960396468123667,-1.142318,0.5412266,-0.4447099,342.4932,77.477516,-8.300756,WAL
1981432299000,193.914911,-2.2058653710661,-2.16342723108742,1.10307660081023,-1.2757921,0.38056904,-0.41080686,342.76846,77.4028,-8.535011,WAL
1981437323000,193.919935,-2.11600046808511,-2.30296851627907,1.29787764819396,-1.4046847,0.21533,-0.37415496,342.99933,77.428925,-8.630707,WAL
1981442312000,193.924924,-2.0592617387234,-2.46372801906977,1.51537588034636,-1.5470163,0.040927973,-0.33444872,343.1788,77.47309,-8.729713,WAL
1981447304000,193.929916,-2.04895411600039,-2.63692633462094,1.76557350094403,-1.720502,-0.12675454,-0.2828306,343.29904,77.55332,-8.809763,WAL
1981452353000,193.934965,-2.06292770135825,-2.81858313882092,2.03572972771409,-1.8936822,-0.29718593,-0.22174409,343.36566,77.64589,-8.895335,WAL
1981457308000,193.93992,-2.06574309614716,-3.20253022806336,2.41283271081247,-2.0552561,-0.3643811,-0.1337795,343.4303,77.775154,-8.977576,WAL
1981462308000,193.94492,-2.06084948347471,-3.73593436705161,2.87283255751661,-2.2327125,-0.5030475,-0.08093964,343.42404,77.926125,-9.055765,WAL
1981467299000,193.949911,-2.02138361967786,-4.60761499287794,3.56934724917524,-2.3145685,-0.6169739,0.03848451,343.4,78.02822,-9.18676,WAL
1981472321000,193.954933,-1.96071692408306,-5.69028305292063,4.41401500081506,-2.463314,-0.70463306,0.18570304,343.34012,78.14375,-9.334258,WAL
1981477305000,193.959917,-1.75555596997919,-7.38923209263846,5.3691244464084,-2.5332582,-0.7870999,0.37843102,343.25793,78.19844,-9.509181,WAL
1981482298000,193.96491,-1.4381341451501,-9.57328397453681,6.41614279376796,-2.4846945,-0.788627,0.5546656,343.16837,78.2149,-9.717091,WAL
1981487318000,193.96993,-0.841759111674332,-11.7723369879636,8.03332810343478,-2.2956316,-0.72265357,0.72692966,343.06494,78.13876,-9.942854,WAL
1981492315000,193.974927,-0.0175557800606713,-13.9639681813289,10.1125681165476,-1.9080375,-0.6215554,0.8240572,342.9638,77.99868,-10.189761,WAL
1981497296000,193.979908,1.04663375809317,-15.6052163776224,11.5684937625332,-1.2052372,-0.6001751,0.83108217,342.81488,77.82613,-10.315568,WAL
1981502357000,193.984969,2.3737454083857,-16.7222817132867,12.4230007189008,-0.2302962,-0.57757306,0.6600399,342.69138,77.585686,-10.410481,WAL
1981507308000,193.98992,3.53334669844024,-17.5390451234887,12.2980352921089,0.55741453,-0.44776422,0.34300083,342.50317,77.35872,-10.272417,WAL
1981512308000,193.99492,4.54980525866174,-18.0561129592063,11.1003818541763,0.93523467,-0.06291912,0.05375614,342.39984,77.06146,-10.105167,WAL
1981517299000,193.999911,5.25457944188655,-18.5057389106933,9.79856831018054,1.0671816,0.5580254,-0.11148291,342.31805,76.85072,-9.668466,WAL
1981522318000,194.00493,5.24431008855891,-18.8035525699177,8.24275251481679,1.0115929,1.16492,-0.24648413,342.3725,76.59837,-9.207414,WAL
1981527273000,194.009885,4.95093820825472,-18.5418896097484,7.05462221062893,0.8744536,1.563815,-0.37568212,342.54224,76.59009,-8.557474,WAL
1981532299000,194.014911,4.26981030235849,-17.5239815742138,6.32051785446541,0.72173727,1.7180585,-0.4538729,342.8354,76.5453,-7.9482493,WAL
1981537307000,194.019919,3.59112177216981,-16.5097190509434,5.58904260264151,0.5739079,1.700038,-0.49938235,343.24875,76.65621,-7.3321824,WAL
1981542311000,194.024923,2.33197158878505,-14.2855267516689,4.92949838184246,0.4373795,1.5757269,-0.52106804,343.67914,76.75732,-6.745503,WAL
1981547287000,194.029899,1.01550097251502,-11.9627209479854,4.34273528373559,0.32406402,1.3738359,-0.49693888,344.0817,76.84357,-6.191149,WAL
1981552358000,194.03497,-0.228380108738055,-10.0490576307753,4.39536093378977,0.16982053,1.1282681,-0.43371433,344.48132,76.94395,-5.7697563,WAL
1981557385000,194.039997,-1.44333510020564,-8.2172006186839,4.43801151166275,-0.0143553335,0.9975429,-0.31520647,344.88458,76.9827,-5.5555506,WAL
1981562307000,194.044919,-2.41266328263807,-7.21556205111633,4.36415803914023,-0.22082779,0.7715228,-0.24770586,345.18353,77.05794,-5.333038,WAL
1981567605000,194.050217,-3.43014539537137,-6.20996401095019,4.27102731138076,-0.31703907,0.61178154,0.009468411,345.45618,76.96674,-5.3934007,WAL
1981572301000,194.054913,-4.03746810624327,-6.14395040108621,4.03337919817986,-0.6047566,0.5723807,0.093767814,345.7035,76.9903,-5.4193764,WAL
1981577652000,194.060264,-4.7132607659952,-6.10154554185132,3.77423096702158,-0.70280045,0.54550266,0.25442538,345.90787,76.85731,-5.681062,WAL
1981582302000,194.064914,-4.95674591707434,-6.75938262530456,3.79558938716547,-0.84971356,0.39400807,0.36835176,346.0634,76.80022,-5.943285,WAL
1981587303000,194.069915,-5.2186102698801,-7.46687579828297,3.81856002353957,-0.9486737,0.108123146,0.44990227,346.1905,76.718155,-6.3187165,WAL
1981592312000,194.074924,-5.5529377,-8.92269242933415,3.88647041362381,-0.9950995,-0.29871312,0.51251596,346.2356,76.63356,-6.703089,WAL
1981597269000,194.079881,-5.89282266666667,-10.4570309104429,3.9593028738877,-0.9969321,-0.7809912,0.52106804,346.178,76.54502,-7.071975,WAL
1981602312000,194.084924,-6.26772824094503,-12.3018555945516,3.81388250281582,-0.91415983,-1.2492194,0.528093,346.02615,76.43618,-7.450662,WAL
1981607247000,194.089859,-6.63688784644166,-14.1294233893925,3.65436912123433,-0.75502944,-1.5775595,0.5122105,345.7821,76.301704,-7.8002744,WAL
1981612309000,194.094921,-6.73881497169904,-15.4963115614338,2.77764132233508,-0.528093,-1.6471981,0.48563787,345.5228,76.17318,-8.130779,WAL
1981617269000,194.099881,-6.79033959451731,-16.7469532338527,1.79399056599941,-0.2669481,-1.3897184,0.5195409,345.26813,75.9898,-8.463194,WAL
1981622321000,194.104933,-6.48440850932781,-17.466422507255,1.74059100414569,0.043066,-1.0601566,0.5296202,345.08936,75.85396,-8.751541,WAL
1981627289000,194.109901,-6.10870933254368,-18.0581480364229,1.88617439224163,0.4700608,-0.8604037,0.4709771,344.95526,75.63992,-9.023835,WAL
1981632295000,194.114907,-4.91510842754188,-17.3577044762369,2.13228517746397,0.94989544,-0.9080512,0.36713,344.93073,75.53676,-9.218225,WAL
1981637330000,194.119942,-3.51098432596416,-16.3292655168485,2.40465705265875,1.1640037,-1.1404854,0.1469131,344.9188,75.42292,-9.358012,WAL
1981642308000,194.12492,-2.08378090212657,-14.0845033436408,1.39206271878981,0.945314,-1.3735305,-0.101098195,344.88278,75.36662,-9.392175,WAL
1981647282000,194.129894,-0.645040344251079,-11.4419189333265,-0.0368904950955415,0.46028697,-1.3384057,-0.31337386,344.86594,75.354965,-9.37706,WAL
1981652330000,194.134942,0.159356159874257,-8.90686092089109,-1.45268025526535,-0.15332718,-1.2021828,-0.4859433,344.77747,75.520874,-9.15461,WAL
1981657315000,194.139927,0.792743404265347,-6.43948680158416,-2.84235080784951,-0.7797695,-1.1685852,-0.5561928,344.67102,75.80894,-8.9064865,WAL
1981662309000,194.144921,0.772743716313496,-4.83775933349837,-3.27880317107634,-1.0638218,-1.2082914,-0.537256,344.5047,76.27365,-8.544314,WAL
1981667318000,194.14993,0.573243836855134,-3.46975996875928,-3.45455300524804,-1.5176947,-1.3594806,-0.473726,344.30914,76.90904,-8.178514,WAL
1981672298000,194.15491,0.21466954849021,-2.77340086121658,-3.37579247434649,-1.8649716,-1.6074919,-0.37812558,343.9838,77.610725,-7.8191714,WAL
1981677335000,194.159947,-0.197665259236656,-2.2747634442302,-3.21757104740086,-2.0916026,-1.8594738,-0.32436943,343.60858,78.37694,-7.462095,WAL
1981682347000,194.164959,-0.807815952589672,-2.29476371174151,-3.57844914319646,-2.2495112,-2.071444,-0.28405234,343.18002,79.14033,-7.17425,WAL
1981687387000,194.169999,-1.48547702107703,-2.48042419678815,-4.1075818236465,-2.331978,-2.2162192,-0.2406809,342.6935,79.91264,-6.8982825,WAL
1981692299000,194.174911,-1.98032897020332,-2.8833040702428,-4.43605800177655,-2.3683245,-2.3591616,-0.15057829,342.16257,80.60966,-6.708152,WAL
1981697286000,194.179898,-2.40456482072641,-3.3971009674694,-4.68117210343466,-2.4049764,-2.5448647,-0.039095376,341.57556,81.28312,-6.535013,WAL
1981702337000,194.184949,-2.83225132478201,-4.00850857772493,-4.93625195228894,-2.3863451,-2.7382035,0.07971791,340.98157,81.86609,-6.476172,WAL
1981707372000,194.189984,-3.25749025229885,-4.66786767126437,-5.19426202586207,-2.3341162,-2.839607,0.22388211,340.35965,82.35782,-6.459161,WAL
1981712326000,194.194938,-3.48728284116187,-5.25920035396292,-5.16434105416728,-2.2757785,-2.8032606,0.36743546,339.72958,82.706924,-6.53944,WAL
1981717388000,194.2,-3.61229249374787,-5.8299991631392,-4.96857117811998,-2.2375994,-2.620612,0.50793445,339.1161,82.9199,-6.664211,WAL
1981722297000,194.204909,-3.73352370365397,-6.38354545990853,-4.77871848718435,-2.1713204,-2.3399193,0.66859204,338.55542,82.93389,-6.8941207,WAL
1981727346000,194.209958,-3.85821231209069,-6.95287836933781,-4.58345137849949,-2.0842721,-2.078469,0.8597928,338.04886,82.78744,-7.1752667,WAL
1981732333000,194.214945,-3.84253011328241,-7.5779552442714,-4.21134300717191,-1.9602666,-1.8515326,1.0818423,337.62036,97.5166,-7.5163956,WAL
1981737388000,194.22,-3.69846476946731,-8.26946906507291,-3.66869690554508,-1.8228219,-1.68385,1.2983941,337.26028,97.950485,-7.9091353,WAL
1981742370000,194.224982,-3.36083438480284,-8.94655163762832,-3.4187739085484,-1.6737708,-1.539075,1.5231925,336.97052,98.51414,-8.385654,WAL
1981747350000,194.229962,-2.83920477931498,-9.61917892343855,-3.43707668663533,-1.563815,-1.3377949,1.7867808,336.75854,99.17158,-8.927053,WAL
1981752298000,194.23491,-2.38503704822272,-10.3989737085474,-3.22963194928087,-1.4532484,-1.2125676,2.074193,336.57614,99.8438,-9.490374,WAL
1981757312000,194.239924,-2.01505989128827,-11.3461154239778,-2.70179780543456,-1.3420709,-0.95325524,2.196366,336.50278,100.53178,-10.066834,WAL
1981762303000,194.244915,-1.62103363819029,-12.1976471883329,-2.30170619918926,-1.321607,-0.82527894,2.366492,336.41562,101.213776,-10.630959,WAL
1981767302000,194.249914,-1.19720795527537,-12.9471496667599,-2.04294946214705,-1.3674219,-0.7703011,2.4281893,336.3922,101.886765,-11.184547,WAL
1981772242000,194.254854,-0.758468565336524,-13.5588728317903,-1.96167131435556,-1.4899004,-0.784351,2.3985624,336.40363,102.44446,-11.636834,WAL
1981777310000,194.259922,-0.263674511301363,-13.8971498379278,-2.26965535613232,-1.6346754,-0.818254,2.3258693,336.4309,103.00333,-12.083634,WAL
1981782303000,194.264915,0.22091224627685,-14.1027674862769,-2.71424756378282,-1.7266107,-0.7965683,2.2589796,336.48444,103.41789,-12.387887,WAL
1981787331000,194.269943,0.70454098627685,-14.1171329862769,-3.37504721378282,-1.7547104,-0.6407976,2.1584923,336.5652,103.808624,-12.655671,WAL
1981792243000,194.274855,1.16214388150412,-13.9718770996604,-3.76626576405628,-1.6927075,-0.35735616,2.0134118,336.65344,104.12732,-12.822768,WAL
1981797310000,194.279922,1.60949369993207,-13.5574899232411,-3.74742999672004,-1.5427402,-0.040317107,1.7846428,336.78912,104.39128,-12.931929,WAL
1981802271000,194.284883,2.02723269111111,-13.058352082963,-3.52242045244444,-1.4193454,0.1966986,1.5008959,336.94086,104.61858,-12.94616,WAL
1981807313000,194.289925,2.40875373496296,-12.352538313679,-2.85475866305185,-1.3744467,0.26542094,1.1945469,337.12006,104.78049,-12.888233,WAL
1981812267000,194.294879,2.70588223366641,-11.598113260761,-2.24344989900077,-1.3888022,0.116980694,0.88178396,337.28842,104.82093,-12.693655,WAL
1981817351000,194.299963,2.82283191629516,-10.676549603382,-1.72419335111453,-1.4758505,-0.27183503,0.6001751,337.37964,104.814285,-12.439104,WAL
1981822285000,194.304897,2.83407397242748,-9.81072057236641,-1.34599611523664,-1.5656476,-0.806953,0.38973203,337.3367,104.72057,-12.115714,WAL
1981827344000,194.309956,2.47409618035623,-9.02665976030534,-1.4150329026972,-1.6319265,-1.3768903,0.20463985,337.14587,104.59605,-11.749724,WAL
1981832301000,194.314913,2.07163068831401,-8.33995261879275,-1.63131868716424,-1.6780468,-1.8842138,0.0143553335,336.74222,104.52989,-11.434729,WAL
1981837355000,194.319967,1.51512983407672,-7.87939991822777,-2.28856541334126,-1.7067575,-2.2418754,-0.17165314,336.21005,104.44501,-11.089824,WAL
1981842319000,194.324931,0.971286931913772,-7.50137891355981,-2.92843839928785,-1.72264,-2.443461,-0.30787608,335.60446,104.42937,-10.798398,WAL
1981847347000,194.329959,0.429105651036859,-7.35309007556539,-3.5586660938312,-1.7159204,-2.509129,-0.398895,334.93192,104.397224,-10.477704,WAL
1981852371000,194.334983,-0.0993767207402899,-7.23530267457971,-4.16154708565217,-1.6936239,-2.509129,-0.46792278,334.2914,104.46716,-10.204744,WAL
1981857347000,194.339959,-0.559803686299324,-7.26292822464734,-4.63118268681159,-1.6737708,-2.44621,-0.5039638,333.64728,104.536934,-9.915296,WAL
1981862279000,194.344891,-0.999369327440505,-7.29269421369597,-5.04825161777562,-1.6630806,-2.2785273,-0.53023106,333.00858,104.7788,-9.743199,WAL
1981867351000,194.349963,-1.26830499609519,-7.34931221808645,-4.94917001155901,-1.6340646,-2.1019874,-0.49693888,332.3933,105.026436,-9.573163,WAL
1981872534000,194.355146,-1.54470069905123,-7.42052902820999,-4.81879351549652,-1.5806139,-1.9211712,-0.39920044,331.8427,105.388885,-9.490702,WAL
1981877346000,194.359958,-1.81952838069938,-7.64122394910997,-4.36074755333875,-1.5457945,-1.6914859,-0.30451632,331.35822,105.75991,-9.403209,WAL
1981882322000,194.364934,-2.1037225918135,-7.8694404757929,-3.88709071466522,-1.5467108,-1.4648548,-0.20250183,330.94315,106.176704,-9.38343,WAL
1981887364000,194.369976,-2.28617491522502,-8.06970680781798,-3.4914261894357,-1.6105462,-1.169807,-0.099265605,330.6184,106.615555,-9.369434,WAL
1981892253000,194.374865,-2.4410403728275,-8.25742225859477,-3.12538033518092,-1.6829338,-0.8151997,-0.004581489,330.3798,107.06982,-9.359658,WAL
1981897338000,194.37995,-2.48986583413955,-8.36209367943181,-2.54065812018428,-1.7660115,-0.46853364,0.10415252,330.248,107.53195,-9.408434,WAL
1981902283000,194.384895,-2.51259223590556,-8.44390948517132,-1.92704484534984,-1.8283197,-0.20830505,0.20952678,330.19498,108.01179,-9.45897,WAL
1981907350000,194.389962,-2.4155868056615,-8.44100844457688,-1.1043404834559,-1.8484782,-0.06505715,0.30818152,330.22604,108.48492,-9.541227,WAL
1981912278000,194.39489,-2.27964718166468,-8.40819524791418,-0.23713915527791,-1.8048013,-0.069027774,0.40408736,330.28976,108.95861,-9.63812,WAL
1981917345000,194.399957,-2.0990257738114,-8.40232219224699,0.618910348560959,-1.6762142,-0.20525073,0.47769663,330.35706,109.3649,-9.768895,WAL
1981922327000,194.404939,-1.90607077122707,-8.40702850651016,1.44720494721217,-1.4969252,-0.41691554,0.52931476,330.40164,109.742455,-9.920917,WAL
1981927341000,194.409953,-1.71040717165503,-8.48580460897308,1.85319425463609,-1.2623531,-0.6206391,0.56199604,330.38428,110.01552,-10.116847,WAL
1981932309000,194.414921,-1.5159225526321,-8.5949054552343,2.07614006520439,-1.0140363,-0.75411314,0.5852089,330.33133,110.23894,-10.331186,WAL
1981937339000,194.419951,-1.25203820551523,-8.70959953375052,1.56498053366792,-0.806953,-0.8179486,0.5867361,330.20822,110.37176,-10.580952,WAL
1981942365000,194.424977,-0.958862462553191,-8.82606644255319,0.72963044412766,-0.6432411,-0.7974846,0.5861252,330.07193,110.45447,-10.835921,WAL
1981947250000,194.429862,-0.752563079028133,-8.89708596803069,0.00238808079283886,-0.54275376,-0.7632761,0.58459806,329.9035,110.472916,-11.071845,WAL
1981952355000,194.434967,-0.738135704249459,-8.86342239484556,-0.541043417515247,-0.49663344,-0.6933321,0.569021,329.74765,110.461784,-11.294265,WAL
1981957295000,194.439907,-0.763753789167551,-8.82502636432912,-0.997191575667985,-0.5021312,-0.6114761,0.5580254,329.6018,110.5102,-11.440928,WAL
1981962348000,194.44496,-0.903789298244429,-8.76901200472654,-1.26325902829169,-0.5522222,-0.5876524,0.5390886,329.45892,110.5528,-11.576338,WAL
1981967326000,194.449938,-1.04959533195266,-8.71721760355029,-1.50384196568047,-0.6453791,-0.6038403,0.52778757,329.34537,110.67266,-11.700109,WAL
1981972350000,194.454962,-1.2299037191716,-8.67925816213018,-1.65568067274162,-0.7467828,-0.68600166,0.5366451,329.22195,110.803345,-11.824334,WAL
1981977307000,194.459919,-1.394247240784,-8.65317244614928,-1.79191709537715,-0.8698721,-0.79779,0.54702985,329.1084,111.02031,-11.977297,WAL
1981982354000,194.464966,-1.48993949988121,-8.68666440209859,-1.85890165676104,-0.9789116,-0.8888089,0.5723807,328.98145,111.25538,-12.13729,WAL
1981987335000,194.469947,-1.57917060935013,-8.71621315100417,-1.89161715713338,-1.0821478,-0.9233228,0.5885687,328.86963,111.565796,-12.332661,WAL
1981992307000,194.474919,-1.6378108653183,-8.72523491000379,-1.72922874512126,-1.1585059,-0.9263771,0.6010914,328.74512,111.88857,-12.531995,WAL
1981997538000,194.48015,-1.69857254244101,-8.74030791533158,-1.55425091670065,-1.2296717,-0.9560041,0.61819565,328.62054,112.24218,-12.746443,WAL
1982002391000,194.485003,-1.74369950518497,-8.82153617496844,-1.34215427190989,-1.2873985,-0.9954049,0.64904433,328.4963,112.60248,-12.961457,WAL
1982007669000,194.490281,-1.79415002348422,-8.91026497898732,-1.11464262373045,-1.3445144,-1.0253373,0.6805039,328.34738,112.982994,-13.215153,WAL
1982012342000,194.494954,-1.86871666446358,-8.99725942951032,-0.982079679518652,-1.3747523,-1.0280862,0.711658,328.20062,113.36412,-13.470174,WAL
1982017270000,194.499882,-1.94735231752291,-9.08900106276034,-0.842282934584838,-1.3888022,-0.9993755,0.73823065,328.04654,113.7213,-13.734813,WAL
1982022350000,194.504962,-2.03663293600632,-9.2697680626111,-0.713603556579103,-1.3842206,-0.9602802,0.75533485,327.89923,114.074646,-13.9968815,WAL
1982027244000,194.509856,-2.12457578645072,-9.46416802745408,-0.593260763547304,-1.3329079,-0.9108001,0.766025,327.76706,114.41378,-14.25297,WAL
1982032351000,194.514963,-2.19852543304894,-9.79414590755672,-0.518820315404088,-1.2681563,-0.8741482,0.79504114,327.63348,114.752495,-14.542145,WAL
1982037316000,194.519928,-2.26539508273017,-10.1507842874555,-0.460866532120758,-1.1707232,-0.8512407,0.8072584,327.51077,115.061966,-14.818722,WAL
1982042331000,194.524943,-2.29830456488496,-10.5719463628052,-0.418488068781272,-1.054048,-0.8698721,0.8155051,327.38498,115.33201,-15.105827,WAL
1982047335000,194.529947,-2.31274914657892,-11.024543658093,-0.384784024718175,-0.91965765,-0.93828905,0.82833326,327.25443,115.57195,-15.392952,WAL
1982052395000,194.535007,-2.22531128427099,-11.3288655290133,-0.456225528382916,-0.7849618,-0.99204516,0.83658,327.11578,115.75917,-15.674154,WAL
1982057347000,194.539959,-2.09027882579283,-11.5523677405007,-0.577289150910162,-0.7079928,-1.1026118,0.82863873,326.943,115.92437,-15.959634,WAL
1982062340000,194.544952,-1.78523419395953,-11.7297889785563,-0.934711941132588,-0.535118,-1.2040154,0.81336707,326.74637,116.00862,-16.230108,WAL
1982067373000,194.549985,-1.3776226560455,-11.8802170539615,-1.43452135574147,-0.36071593,-1.2425,0.80848014,326.5382,116.07477,-16.498266,WAL
1982072355000,194.554967,-0.860471457014563,-11.9264520931432,-2.00258691575647,-0.15668693,-1.1869112,0.7883216,326.31924,116.07747,-16.719128,WAL
1982077348000,194.55996,-0.280168091104369,-11.916780427943,-2.61190535806027,0.046731193,-1.031446,0.7593055,326.1188,116.041504,-16.923134,WAL
1982082345000,194.564957,0.361086056565637,-11.7023330172011,-2.93982476571484,0.22449298,-0.8206975,0.70554936,325.92056,116.01385,-17.070728,WAL
1982087399000,194.570011,1.04033472180684,-11.3815764078063,-3.12850505174934,0.3200934,-0.5564982,0.61941737,325.77783,115.9501,-17.176971,WAL
1982092321000,194.574933,1.53729145604285,-11.0591296429871,-3.07496981790622,0.27672195,-0.3210097,0.49510628,325.6734,115.87191,-17.147581,WAL
1982097340000,194.579952,1.94043187894099,-10.7239891639046,-2.87097100080841,0.10873401,-0.110872045,0.3436117,325.62735,115.78057,-17.065165,WAL
1982102418000,194.58503,2.04151765967662,-10.7494492761631,-2.63309452954072,-0.13164146,0.062002823,0.16982053,325.59122,115.66046,-16.838991,WAL
1982107355000,194.589967,1.9711664136296,-10.9745732439242,-2.38452027702609,-0.34880406,0.1518,0.023518313,325.5798,115.552345,-16.571321,WAL
1982112345000,194.594957,1.64018342434555,-11.3591611743858,-2.0326202544704,-0.49968776,0.1441642,-0.081855945,325.5495,115.422424,-16.224295,WAL
1982117353000,194.599965,1.14763548089005,-11.8420509689891,-1.61733477899718,-0.57787853,0.06811147,-0.13194689,325.5174,115.31403,-15.856156,WAL
1982122347000,194.604959,0.530848457732471,-12.0309309557434,-1.29670722953754,-0.5681047,-0.009468411,-0.14782938,325.46277,115.18233,-15.48557,WAL
1982127345000,194.609957,-0.159395970512183,-12.0499723167578,-1.03013008904028,-0.5036584,-0.08155051,-0.15943582,325.3862,115.05473,-15.115709,WAL
1982132324000,194.614936,-0.734574380939281,-11.8571028150914,-0.946349968972293,-0.37873647,-0.13408493,-0.16890424,325.2888,114.88946,-14.8221445,WAL
1982137389000,194.620001,-1.24928303504618,-11.5282612482315,-0.974944899729809,-0.2302962,-0.15210545,-0.17134771,325.1838,114.7083,-14.536438,WAL
1982142457000,194.625069,-1.53946737903835,-11.4310729697993,-1.11065553634015,-0.081855945,-0.11026118,-0.1591304,325.09976,114.53733,-14.368789,WAL
1982147348000,194.62996,-1.67441320790781,-11.48691277727,-1.31074758050864,0.0580322,-0.08032878,-0.1563815,325.00885,114.33567,-14.203863,WAL
1982152346000,194.634958,-1.63137208175669,-11.8388916696402,-1.32840376626801,0.1518,-0.0125227375,-0.15790866,324.9709,114.18967,-14.1293335,WAL
1982157333000,194.639945,-1.45346187116949,-12.4100769642192,-1.20667574545633,0.20250183,0.050396383,-0.17898351,324.93997,114.021706,-14.04928,WAL
1982162342000,194.644954,-1.21336950516934,-13.1127822361854,-0.955333408377897,0.2773328,0.11575896,-0.2312125,324.93686,113.87019,-13.981804,WAL
1982167357000,194.649969,-0.918487703822539,-13.9308415712022,-0.589109224202812,0.36254853,0.19333886,-0.3173445,324.9503,113.69842,-13.89382,WAL
1982172351000,194.654963,-0.635508882418419,-14.6565253495496,-0.180575043985986,0.4550946,0.18478674,-0.42058071,324.93002,113.426956,-13.740358,WAL
1982177345000,194.659957,-0.362624504864865,-15.2980428918919,0.269444758918919,0.57910025,0.14385876,-0.5119051,324.91736,113.122116,-13.566235,WAL
1982182343000,194.664955,-0.108034348861813,-15.7929083907875,0.495725683087667,0.73426,0.103847094,-0.59895337,324.8588,112.660934,-13.302223,WAL
1982187386000,194.669998,0.131172365768202,-16.1517182154532,0.510078071078752,0.915687,0.08368854,-0.6844745,324.79114,112.16042,-13.021732,WAL
1982192345000,194.674957,0.243151405520864,-16.2290804661142,0.5218239959781,1.1172725,0.07880162,-0.766025,324.6867,111.50956,-12.671252,WAL
1982197343000,194.679955,0.231346908039361,-16.0284041346552,0.531267602838118,1.2990049,0.06627888,-0.870483,324.57324,110.81855,-12.301255,WAL
1982202421000,194.685033,0.219353463019138,-15.8245156970504,0.540862367871165,1.4758505,0.01160644,-0.99265605,324.43918,110.04459,-11.871268,WAL
1982207351000,194.689963,0.207709570945546,-15.6265696558153,0.550177490284108,1.640784,-0.07696902,-1.1242975,324.29276,109.230965,-11.422939,WAL
1982212314000,194.694926,-0.127435000450864,-14.8228536965941,0.713644559929736,1.8078557,-0.17440203,-1.2434162,324.13034,108.37692,-10.958435,WAL
1982217356000,194.699968,-0.890816897111349,-13.2159815326437,1.08119883161901,2.031127,-0.2593123,-1.3203852,323.9507,107.47702,-10.483891,WAL
1982222246000,194.704858,-1.53679258522626,-12.1203221244678,1.31827753343895,2.284636,-0.31123585,-1.3713925,323.75974,106.55033,-10.008896,WAL
1982227347000,194.709959,-2.04954011484305,-11.7672040230716,1.36181266673928,2.5809057,-0.32498032,-1.4245378,323.56158,105.56965,-9.522713,WAL
1982232270000,194.714882,-2.56940344118455,-11.6215066671896,1.29001410147088,2.8674014,-0.33169982,-1.4792101,323.37125,104.62212,-9.175237,WAL
1982237378000,194.71999,-3.15461965824672,-11.8277713435968,1.00699962636595,3.1080823,-0.33933565,-1.5323554,323.18585,103.63208,-8.817304,WAL
1982242313000,194.724925,-3.67931095291643,-12.1185384534025,0.598127866776968,3.2623258,-0.32406402,-1.5793921,323.02283,102.674736,-8.533204,WAL
1982247349000,194.729961,-4.13013166755468,-12.6054249871471,-0.100644229143765,3.3350189,-0.2742785,-1.5964963,322.87997,101.714264,-8.244839,WAL
1982252336000,194.734948,-4.59618101997982,-13.0856967931382,-0.7874918629667,3.327383,-0.10873401,-1.5980235,322.8068,100.88046,-8.040342,WAL
1982257349000,194.739961,-5.14844856025227,-13.5604531857719,-1.45602640291625,3.2947018,0.098043874,-1.5851953,322.7729,100.086494,-7.8369894,WAL
1982262325000,194.744937,-5.67893434042553,-13.976767973919,-2.08095400487303,3.2134566,0.28802297,-1.5598444,322.82712,99.51882,-7.725805,WAL
1982267299000,194.749911,-6.1413197993921,-14.1822728391019,-2.55735108382194,3.0805933,0.40866885,-1.5063937,322.93036,99.02114,-7.6265426,WAL
1982272291000,194.754903,-6.60723024273259,-14.3540700873936,-3.00302196300133,2.9205468,0.45112398,-1.4526376,323.108,98.76873,-7.6493273,WAL
1982277313000,194.759925,-7.08576023645502,-14.34420329203,-3.27928661826854,2.7516425,0.47250426,-1.385137,323.31766,98.57942,-7.6873565,WAL
1982282297000,194.764909,-7.53212479806905,-14.3040258499122,-3.45127878373318,2.6141977,0.45234573,-1.3213016,323.56854,98.60751,-7.8513927,WAL
1982287326000,194.769938,-7.87499656434562,-14.1490287741369,-3.23991934004291,2.4911084,0.41172317,-1.2599095,323.8175,98.67091,-8.023334,WAL
1982292285000,194.774897,-8.13103441148468,-14.010727622285,-2.99954633938312,2.398257,0.3295618,-1.2464706,324.08432,98.8928,-8.3011,WAL
1982297314000,194.779926,-7.94952656441535,-13.9486327143707,-2.58398824377665,2.381458,0.17715092,-1.2959507,324.31317,99.10087,-8.561191,WAL
1982302292000,194.784904,-7.69683822360248,-13.8174030807453,-2.31061072999113,2.3655756,0.023518313,-1.4532484,324.5318,99.32077,-8.832432,WAL
1982307281000,194.789893,-7.00439325672878,-13.2662735186335,-2.86645079739722,2.2748623,-0.09162979,-1.5259414,324.7139,99.54188,-9.097334,WAL
1982312281000,194.794893,-6.28109715932707,-12.7327013065809,-3.35987564509649,2.2043073,0.053145275,-1.4953982,324.90814,99.629944,-9.258922,WAL
1982317280000,194.799892,-5.32408177238991,-12.3489477905987,-3.34566255557645,2.0097466,0.41874814,-1.4899004,325.1303,99.70691,-9.383896,WAL
1982322263000,194.804875,-4.36824945362433,-11.9578718866285,-3.27813749895319,1.7660115,0.67256266,-1.4761559,325.3758,99.81506,-9.479318,WAL
1982327269000,194.809881,-3.3882090730792,-11.4749530628086,-2.64844958733952,1.6688838,0.8179486,-1.432479,325.6875,99.926186,-9.573711,WAL
1982332370000,194.814982,-2.40953892595375,-11.0056207142716,-2.04722932775252,1.6878207,0.8313876,-1.3628404,326.00534,99.90411,-9.524024,WAL
1982337272000,194.819884,-1.68572999300257,-10.8014697103182,-1.90803529845819,1.7828102,0.82741696,-1.3002267,326.34824,99.89143,-9.482343,WAL
1982342489000,194.825101,-0.939297803841398,-10.6026980391599,-1.78539438739817,1.8945986,0.9251554,-1.2675453,326.6656,99.628525,-9.246998,WAL
1982347273000,194.829885,-0.50762809801747,-10.6161879894985,-1.94277404247718,2.0088303,1.0238101,-1.2559389,326.97766,99.37883,-9.031731,WAL
1982352511000,194.835123,-0.0419874265526831,-10.6393435382635,-2.10837125734885,2.0809124,1.3011429,-1.2620476,327.38600353036,98.9600036129292,-8.66953999345484,WAL
1982357204000,194.839816,0.249646024484499,-10.8106199120404,-2.13614585147801,2.3026567,1.6615535,-1.2974777,327.75186,98.584755,-8.345034,WAL
1982362340000,194.844952,0.556029698448737,-10.9761956065379,-2.14685546710253,2.346028,2.000889,-1.3548992,328.22046,98.11903,-7.919367,WAL
1982367217000,194.849829,0.690202688515106,-10.8651560512135,-1.91552266563645,2.379931,2.1481075,-1.353372,328.73132,97.663345,-7.511916,WAL
1982372437000,194.855049,0.826817253092569,-10.7473666662448,-1.68230610657205,2.355191,2.1514673,-1.3118331,329.2848,97.1554,-7.0456023,WAL
1982377226000,194.859838,0.868277511907431,-10.6520083337552,-1.64084584342795,2.3246477,2.1838431,-1.273654,329.8801,96.66558,-6.592634,WAL
1982382213000,194.864825,0.911451934690834,-10.5527074350027,-1.59767141613632,2.3115141,2.2229385,-1.2452488,330.47632,96.1649,-6.128336,WAL
1982387258000,194.86987,0.81535711913215,-10.3264549762218,-1.793448550778,2.28036,2.2452352,-1.241889,331.06894,95.695404,-5.6830044,WAL
1982392502000,194.875114,0.68081159594055,-10.0575761350613,-2.05198065178619,2.19209,2.2693644,-1.210124,331.66525,95.26963,-5.268564,WAL
1982397225000,194.879837,0.514773310969648,-9.72954921729788,-2.28281445414988,2.1181753,2.3377812,-1.144456,332.2797,85.13275,-4.864508,WAL
1982402263000,194.884875,0.337661119632913,-9.37964457793894,-2.52904369325813,2.068695,2.4236078,-1.0549643,332.91028,85.4707,-4.5170374,WAL
1982407291000,194.889903,0.0828745732768449,-9.0280043637344,-2.78262384803574,2.0344868,2.468812,-0.9633345,333.53375,85.76833,-4.20371,WAL
1982412225000,194.894837,-0.19011089935295,-8.68222301540595,-3.03377037704514,2.0024164,2.5076017,-0.8933904,334.1655,86.027374,-3.923385,WAL
1982417228000,194.89984,-0.494822729386364,-8.32658755206818,-3.24385045463636,1.9679024,2.495079,-0.84421575,334.79507,86.23442,-3.6986911,WAL
1982422341000,194.904953,-0.951098831272727,-7.93708351163636,-3.22715743927273,1.9263636,2.443461,-0.81581056,335.40826,86.41447,-3.4992867,WAL
1982427206000,194.909818,-1.34258683416076,-7.6226374266844,-3.22346987730496,1.8875736,2.4178047,-0.80481493,336.04895,86.567665,-3.3122358,WAL
1982432277000,194.914889,-1.68701223112687,-7.37866942884161,-3.23782092718676,1.8041905,2.3561072,-0.83169305,336.65277,86.71364,-3.1322334,WAL
1982437236000,194.919848,-1.99829099119718,-7.13192610137911,-3.21837653074139,1.7602082,2.2391264,-0.84971356,337.27237,86.79706,-2.9843855,WAL
1982442293000,194.924905,-2.27303032253521,-6.86666048380282,-3.14258647441315,1.6985108,2.1655173,-0.8695667,337.87857,86.87895,-2.8376424,WAL
1982447225000,194.929837,-2.49690915642652,-6.57249013021504,-3.06210411048459,1.6468927,2.048842,-0.87689704,338.46716,86.90086,-2.727769,WAL
1982452362000,194.934974,-2.63829119661084,-6.19222129987117,-2.96459925869587,1.6276505,1.9281962,-0.883922,339.02768,86.913055,-2.6206694,WAL
1982457276000,194.939888,-2.77287326250236,-5.74862326808832,-2.87133418597849,1.5598444,1.8374827,-0.87995136,339.59143,86.875084,-2.552344,WAL
1982462293000,194.944905,-2.90888044951878,-5.12752325998302,-2.77612906038875,1.5018122,1.8237382,-0.86529064,340.13855,86.82372,-2.4932866,WAL
1982467354000,194.949966,-3.01050671492997,-4.56195793361478,-2.64600502112844,1.4385877,1.8423696,-0.870483,340.69193,86.74484,-2.4488742,WAL
1982472345000,194.954957,-2.98201894760107,-4.22485195148505,-2.39436248971888,1.3649784,1.8680259,-0.8720101,341.23993,86.6648,-2.417888,WAL
1982477324000,194.959936,-2.95446759383886,-3.88659497156398,-2.14733798104265,1.2550226,1.8955148,-0.8713993,341.8169,86.55772,-2.4137468,WAL
1982482339000,194.964951,-2.93025278492488,-3.53790141978421,-1.91487561318947,1.1001683,1.9404135,-0.8695667,342.40326,86.46902,-2.4185946,WAL
1982487367000,194.969979,-2.91239747259318,-3.21957091337398,-1.66317365916019,0.956615,2.0073032,-0.8384125,343.0235,86.360115,-2.428432,WAL
1982492326000,194.974938,-2.91706763242207,-3.01408168643918,-1.3502694882486,0.8231409,2.060143,-0.81031275,343.64902,86.27688,-2.447407,WAL
1982497324000,194.979936,-2.93050474204259,-2.84169929100817,-1.03689594309718,0.6930266,2.0931299,-0.77824235,344.30472,86.182816,-2.4762645,WAL
1982502347000,194.984959,-2.98390543158745,-2.82713532833787,-0.731055692461399,0.56291234,2.0958786,-0.7486154,344.96198,86.10735,-2.5225127,WAL
1982507335000,194.989947,-3.05122781922654,-2.81846067343859,-0.454821286632357,0.42058071,2.0864103,-0.7370089,345.65677,86.00966,-2.568461,WAL
1982512343000,194.994955,-3.17583823945238,-2.83283894320975,-0.287076437434796,0.27580565,2.0598376,-0.71593404,346.34015,85.92582,-2.6376848,WAL
1982517330000,194.999942,-3.27057831043581,-2.84337380992193,-0.120402390992193,0.16676621,2.0247128,-0.70096785,347.05655,85.80396,-2.706469,WAL
1982522376000,195.004988,-3.24670024349244,-2.83859823642652,0.0467445463573476,0.034208454,1.9877555,-0.66675943,347.7577,85.7044,-2.7985551,WAL
1982527388000,195.01,-3.21253463341523,-2.81441495700246,0.209313229201474,-0.06627888,1.915368,-0.6420194,348.47815,85.56721,-2.9005103,WAL
1982532326000,195.014938,-3.13368981793612,-2.70652208353808,0.35455361012285,-0.19303341,1.8020525,-0.6227771,349.1699,85.452835,-3.0207882,WAL
1982537426000,195.020038,-3.05225835601966,-2.59508958968059,0.504558863808354,-0.30634892,1.6667458,-0.6001751,349.84888,85.329926,-3.1413333,WAL
1982542369000,195.024981,-2.92070911628031,-2.39635533383186,0.618767480861019,-0.43004912,1.5888605,-0.5653558,350.5071,85.224365,-3.2784402,WAL
1982547653000,195.030265,-2.77429064015371,-2.17885406230163,0.736210673959477,-0.56046885,1.3332134,-0.52748215,351.07153,85.13216,-3.4247,WAL
1982552351000,195.034963,-2.63957109413115,-2.02617187575606,0.826023712456333,-0.7128797,1.2455542,-0.5103779,351.66605,85.06631,-3.5603454,WAL
1982557619000,195.040231,-2.48742352196548,-1.85535431493287,0.922067446095534,-0.7910705,1.0647382,-0.47555858,352.1539,85.00972,-3.6857724,WAL
1982562346000,195.044958,-2.33857854230523,-1.70650924892684,0.955144120234725,-0.9505063,0.8915578,-0.4269948,352.61664,84.98352,-3.822003,WAL
1982567315000,195.049927,-2.18211340502329,-1.55004402087862,0.989914163348251,-1.1194105,0.70402217,-0.3726278,353.0133,84.97471,-3.9433055,WAL
1982572349000,195.054961,-1.96190666709638,-1.5468215875919,1.14064409967771,-1.3041973,0.5653558,-0.3042109,353.37228,84.97148,-4.0825186,WAL
1982577308000,195.05992,-1.73231790274952,-1.57552020810756,1.31283567293786,-1.4947872,0.41355577,-0.26939157,353.67258,84.977776,-4.2259436,WAL
1982582350000,195.064962,-1.61800739111111,-1.62642553728395,1.45638403283951,-1.6936239,0.21197024,-0.2519819,353.90588,85.01498,-4.3479114,WAL
1982587354000,195.069966,-1.52698676957265,-1.68103790070275,1.59291487010446,-1.8567249,0.03940081,-0.19608775,354.1025,85.032135,-4.4900136,WAL
1982592362000,195.074974,-1.55052487319744,-1.81070407045939,1.78340706896866,-2.043955,-0.11209377,-0.14508049,354.23138,85.082146,-4.5868764,WAL
1982597240000,195.079852,-1.61211129272893,-1.96230138801339,1.98711597989048,-2.2290473,-0.25289822,-0.0720821,354.3127,85.09584,-4.7046237,WAL
1982602337000,195.084949,-1.73458753386847,-2.50934750866538,2.39496113499033,-2.3942864,-0.3848451,0.028405234,354.34296,85.07582,-4.8275256,WAL
1982607250000,195.089862,-1.87109875494197,-3.16005079147002,2.84999839602514,-2.538756,-0.49632803,0.118507855,354.3383,85.00539,-4.9675155,WAL
1982612347000,195.094959,-1.94242904041137,-4.52817847549909,3.6776154599516,-2.6484063,-0.56016344,0.21135938,354.32346,84.85468,-5.1448064,WAL
1982617319000,195.099931,-1.98083666259326,-6.17010552692075,4.64260766910667,-2.6795604,-0.6206391,0.35796702,354.27728,95.375694,-5.3620024,WAL
1982622340000,195.104952,-1.81372592241224,-8.32253843954395,6.03311241224123,-2.6028967,-0.6719518,0.5354234,354.24033,95.67662,-5.6286716,WAL
1982627295000,195.109907,-1.56694521734173,-10.6432262428243,7.57074584173417,-2.3967297,-0.6444628,0.70921457,354.20755,96.02466,-5.93183,WAL
1982632350000,195.114962,-0.849792637055355,-12.72892111965,9.76827178200494,-1.890017,-0.63591075,0.8781188,354.16693,96.33683,-6.2475085,WAL
1982637431000,195.120043,0.0619413843713145,-14.7097441853719,12.2350446066197,-0.93737274,-0.7287622,0.874759,354.09747,96.609764,-6.5512433,WAL
1982642371000,195.124983,1.3300804634636,-16.0691636369787,13.1567568143997,0.22357668,-0.7892379,0.58459806,354.0065,96.69982,-6.695088,WAL
1982647369000,195.129981,2.84292581527214,-17.103505364334,13.2002570282743,0.96791595,-0.7715228,0.36254853,353.8989,83.14319,-6.838787,WAL
1982652339000,195.134951,4.09400113868064,-17.7981314268618,12.0539556545347,1.1600331,-0.3894266,-0.09193522,353.75977,83.16952,-6.6219406,WAL
1982657349000,195.139961,5.2091484532885,-18.3058786496885,10.212776938285,1.3417655,0.24220806,-0.31031954,353.70258,82.927246,-6.415734,WAL
1982662342000,195.144954,5.17625434963115,-18.619260885041,8.47532930188524,1.317331,0.94714653,-0.4111123,353.74847,82.83165,-5.841395,WAL
1982667353000,195.149965,4.41412776567623,-18.8110225107582,6.79373401987705,1.1957687,1.459357,-0.5128214,353.94632,82.55129,-5.257577,WAL
1982672347000,195.154959,3.463635532573,-17.6706534145118,5.84285310925179,1.0900891,1.736079,-0.61819565,354.34827,82.45933,-4.4518456,WAL
1982677345000,195.159957,2.41419420483728,-15.8447190525022,5.26401306355324,0.9611965,1.7864754,-0.7119634,354.8403,82.251526,-3.6934304,WAL
1982682344000,195.164956,1.36851128245803,-13.4825928531462,4.97353167753019,0.81581056,1.6844609,-0.7874053,355.49493,82.12298,-2.9891922,WAL
1982687361000,195.169973,0.321451474039462,-10.7894798609012,4.85561961902425,0.6010914,1.5063937,-0.8347474,356.125,81.96619,-2.3259478,WAL
1982692378000,195.17499,-0.532852735306452,-8.32886806774194,4.75591169915323,0.37293324,1.2767084,-0.8011498,356.71426,81.78229,-1.8553231,WAL
1982697339000,195.179951,-1.24646864047984,-6.05391750080645,4.66970297186492,0.14202617,1.039998,-0.6914995,357.23358,81.62658,-1.4150122,WAL
1982702343000,195.184955,-1.93623096257753,-4.5396768789111,4.45596066822881,-0.038789943,0.84604836,-0.5149594,357.6394,81.425964,-1.216725,WAL
1982707347000,195.189959,-2.60620961048538,-3.53942733369105,4.15871671284828,-0.19181168,0.7266242,-0.28619036,357.989,81.27195,-1.064186,WAL
1982712342000,195.194954,-3.26518392691221,-3.15114249282543,3.83014578614531,-0.3286455,0.6814202,-0.044593163,358.26132,81.09712,-1.104769,WAL
1982717344000,195.199956,-3.91775024765893,-3.2188159186781,3.47727679387487,-0.47586402,0.6737844,0.17195857,358.50098,80.958466,-1.2012773,WAL
1982722345000,195.204957,-4.2969173895549,-3.61844714931751,3.32154356468843,-0.6649268,0.5558874,0.33322698,358.68933,80.854095,-1.4557548,WAL
1982727347000,195.209959,-4.48644504963403,-4.24862755788328,3.30259063541048,-0.8698721,0.28344148,0.4550946,358.82248,80.7763,-1.7548629,WAL
1982732327000,195.214939,-4.71472873934168,-5.25854370810092,3.42768692573174,-1.0809261,-0.16707164,0.535118,358.88312,80.75452,-2.1709297,WAL
1982737401000,195.220013,-4.97811684402286,-6.58506232534739,3.66713072090273,-1.2589933,-0.77640975,0.56505036,358.8174,80.75155,-2.5893643,WAL
1982742387000,195.224999,-5.37391565848917,-8.25042199588039,3.77083523995556,-1.3304645,-1.1227703,0.55955255,358.7106,80.76042,-3.0308945,WAL
1982747345000,195.229957,-5.87941547463433,-10.2020905938252,3.7664395933716,-1.303281,-1.8164078,0.5403103,358.33252,80.762115,-3.434192,WAL
1982752336000,195.234948,-6.23617046043469,-12.2303708476472,3.26302758404727,-1.135293,-2.3811526,0.48655418,357.91913,80.72205,-3.828651,WAL
1982757351000,195.239963,-6.34258338457481,-14.3738304208694,1.93033281706056,-0.88178396,-2.5357015,0.48624873,357.4268,80.62766,-4.2150106,WAL
1982762342000,195.244954,-6.40186034535778,-15.9587774606742,1.03097639395624,-0.55680364,-2.1939225,0.57543504,356.97955,80.49486,-4.6216598,WAL
1982767350000,195.249962,-6.41131438911886,-16.9609120224719,0.586633691523753,-0.21410827,-1.6734654,0.6395759,356.54797,80.28916,-5.006404,WAL
1982772298000,195.25491,-6.01567757394121,-17.73118060857,0.609833134979572,0.25411993,-1.2800682,0.6612616,356.3691,80.252525,-5.260115,WAL
1982777345000,195.259957,-5.10534839850523,-18.2417353297459,1.21190274585351,0.8781188,-1.0763446,0.58368176,356.29047,80.08962,-5.506972,WAL
1982782291000,195.264903,-3.77117981662177,-17.6696161819814,1.20651052958196,1.2290609,-1.2064588,0.2837469,356.29633,80.00707,-5.6357713,WAL
1982787383000,195.269995,-1.82018659563005,-15.6797003795271,0.423193990422029,1.1533136,-1.2892311,-0.04734206,356.37537,79.891266,-5.741958,WAL
1982792323000,195.274935,-0.354890332955442,-13.3750006821767,-0.698512101084385,0.7510588,-1.0629056,-0.2574797,356.47116,79.8116,-5.6744995,WAL
1982797340000,195.279952,0.587668897772082,-10.5567958911672,-2.29944184578076,0.13072516,-0.6236934,-0.3848451,356.6086,79.8389,-5.5529003,WAL
1982802261000,195.284873,1.18864854104218,-8.09967415295285,-3.24638531186104,-0.5467244,-0.44104472,-0.47678033,356.6098,80.10646,-5.2237906,WAL
1982807348000,195.28996,1.31437040099256,-6.03009926947891,-3.27056257320099,-1.1246029,-0.5714644,-0.4541783,356.63956,80.4895,-4.9091544,WAL
1982812242000,195.294854,1.13379147778603,-4.35124574765848,-3.01622367564249,-1.5418239,-0.8384125,-0.36896262,356.54166,81.09679,-4.581054,WAL
1982817347000,195.299959,0.445074489484104,-3.11807002335808,-2.29027882712736,-1.8619173,-1.210735,-0.27030787,356.37128,81.80971,-4.259061,WAL
1982822255000,195.304867,-0.150426854754426,-2.27371506743023,-1.99547336461939,-2.11451,-1.5986344,-0.17928895,356.1036,82.557625,-3.9632657,WAL
1982827345000,195.309957,-0.594148096086826,-2.28834322947884,-2.7415100873362,-2.270586,-1.921782,-0.11209377,355.74414,83.340355,-3.6824603,WAL
1982832329000,195.314941,-1.01486460256473,-2.40907904617275,-3.40141978973729,-2.36863,-2.1276436,-0.03145956,355.3189,83.98812,-3.5420396,WAL
1982837449000,195.320061,-1.41335820876394,-2.79367184753355,-3.90648742005292,-2.3710735,-2.2403483,0.09437868,354.82727,84.60888,-3.431536,WAL
1982842377000,195.324989,-1.79109284022638,-3.19155483747047,-4.38318585729331,-2.3542747,-2.293799,0.23945917,354.35092,85.22125,-3.3913403,WAL
1982847348000,195.32996,-2.14720299950787,-3.71166298375984,-4.8236379363189,-2.3432791,-2.4043655,0.31337386,353.82965,85.75408,-3.3680453,WAL
1982852322000,195.334934,-2.47865229359217,-4.23453521349436,-5.22858015555445,-2.3167064,-2.4657576,0.45814893,353.32266,86.10758,-3.4724054,WAL
1982857348000,195.33996,-2.66601514247929,-4.77740717347041,-5.42555114729015,-2.2681427,-2.4468207,0.5861252,352.81445,86.27935,-3.5960326,WAL
1982862307000,195.344919,-2.82709375285617,-5.32046012611073,-5.54446132682355,-2.1988094,-2.3237314,0.70249504,352.34125,86.18605,-3.8121545,WAL
1982867343000,195.349955,-2.84122194326726,-5.91855173349282,-5.19125764839371,-2.1374176,-2.144748,0.8155051,351.89978,94.1237,-4.064729,WAL
1982872344000,195.354956,-2.8451006366988,-6.51905784029613,-4.83805569095697,-2.0522017,-1.9453003,0.9419542,351.4822,94.65525,-4.4037986,WAL
1982877348000,195.35996,-2.75461819233827,-7.18100817371559,-4.4618392274769,-1.9431623,-1.8069394,1.0867293,351.11093,95.29669,-4.7782674,WAL
1982882312000,195.364924,-2.65767992607651,-7.83844093801322,-4.10415251567194,-1.8283197,-1.7067575,1.2513574,350.76642,96.00055,-5.204938,WAL
1982887455000,195.370067,-2.47025409106749,-8.52895692829962,-3.92165908856399,-1.7180585,-1.5491543,1.4398094,350.49185,96.74374,-5.672797,WAL
1982892349000,195.374961,-2.28788136427581,-9.19589023023578,-3.73097546740638,-1.6209309,-1.3432927,1.6600263,350.25955,97.46731,-6.1650624,WAL
1982897342000,195.379954,-2.06049725551813,-9.97752325866852,-3.36147615464632,-1.4993688,-1.1322387,1.8686367,350.0884,98.20078,-6.696621,WAL
1982902371000,195.384983,-1.83316469117647,-10.7668744202317,-2.99774524144385,-1.4278975,-0.9654725,2.0561724,349.93982,98.92723,-7.248891,WAL
1982907352000,195.389964,-1.62909165617647,-11.5746636558378,-2.7426539809893,-1.4114041,-0.8063421,2.1997259,349.8636,99.66562,-7.832317,WAL
1982912242000,195.394854,-1.42874691794118,-12.367695047549,-2.49222309088235,-1.4330899,-0.66798115,2.2763894,349.80557,100.33039,-8.385278,WAL
1982917346000,195.399958,-1.19747443395714,-13.1194575067648,-2.29383716775627,-1.505172,-0.61361414,2.251344,349.77774,100.99478,-8.935627,WAL
1982922252000,195.404864,-0.970118422076832,-13.824725045477,-2.11752024674106,-1.568702,-0.58459806,2.1679606,349.7899,101.649994,-9.475465,WAL
1982927345000,195.409957,-0.615678389551508,-14.0796203742656,-2.25063579492754,-1.6126842,-0.5537493,2.0320432,349.80356,102.17914,-9.907325,WAL
1982932284000,195.414896,-0.240503326131022,-14.2000469491774,-2.46369817065217,-1.6013832,-0.4370741,1.8759671,349.8512,102.67294,-10.296112,WAL
1982937442000,195.420054,0.226690370894357,-13.9297778798086,-2.72565615210896,-1.559539,-0.21624629,1.6902641,349.88403,103.05971,-10.582299,WAL
1982942438000,195.42505,0.703185602567858,-13.5420415490139,-2.99193285474517,-1.4972308,-0.07941248,1.4834863,349.92215,103.39229,-10.811552,WAL
1982947342000,195.429954,1.07137494307707,-13.0055550833253,-2.98300518945444,-1.4688255,0.23732115,1.3775011,350.05017,103.684235,-10.952375,WAL
1982952327000,195.434939,1.40670135489272,-12.3992111099779,-2.86816744289426,-1.4147639,0.54305923,1.185384,350.20306,103.89175,-11.004562,WAL
1982957348000,195.43996,1.56928257438253,-11.7466950716473,-2.3380760392325,-1.3747523,0.6963864,0.9624182,350.37646,104.06193,-10.967058,WAL
1982962343000,195.444955,1.62786941776893,-11.0729466530925,-1.5666827627475,-1.3564262,0.5766568,0.72418076,350.5472,104.18303,-10.873068,WAL
1982967350000,195.449962,1.46340927286165,-10.3941874040205,-0.865194894140126,-1.3900238,0.14721853,0.49449542,350.63834,104.24283,-10.703977,WAL
1982972412000,195.455024,1.18633874749704,-9.70628814111155,-0.191626744329917,-1.4987578,-0.4999932,0.2669481,350.61658,104.27013,-10.490115,WAL
1982977341000,195.459953,0.931353638764339,-9.01184745537332,-0.368868001911954,-1.6811012,-1.2082914,0.07544186,350.4099,104.19051,-10.24346,WAL
1982982340000,195.464952,0.68085335640974,-8.29406766512377,-1.00475334065949,-1.7996091,-1.7330247,-0.040317107,350.06104,104.096275,-9.9813385,WAL
1982987429000,195.470041,0.287295553504222,-7.77998862355247,-1.63230264828106,-1.8124372,-2.0387628,-0.17012598,349.5278,103.9298,-9.736286,WAL
1982992373000,195.474985,-0.164859119499397,-7.38970788193607,-2.23200254261158,-1.7638733,-2.1945333,-0.28221974,348.8889,103.76031,-9.481012,WAL
1982997308000,195.47992,-0.579192320673565,-7.18234200730009,-2.74297588778928,-1.6978999,-2.3139575,-0.35613444,348.197,103.77984,-9.310007,WAL
1983002340000,195.484952,-0.982668722193791,-7.06447240142992,-3.21898727698965,-1.647809,-2.363743,-0.38759398,347.48184,103.780914,-9.12146,WAL
1983007345000,195.489957,-1.34595216114304,-7.05327261290356,-3.59413022492947,-1.6077974,-2.3667974,-0.40133846,346.7844,103.95282,-9.027749,WAL
1983012343000,195.494955,-1.67602026913593,-7.13328933439557,-3.88419010272699,-1.57084,-2.3417518,-0.37568212,346.08417,104.11734,-8.936431,WAL
1983017346000,195.499958,-1.91243401922052,-7.30491818419339,-3.86974524556487,-1.4920384,-2.266921,-0.31612277,345.42627,104.3982,-8.931394,WAL
1983022351000,195.504963,-2.09214917398125,-7.53192676174642,-3.67111277107055,-1.4474452,-2.1679606,-0.22540927,344.78766,104.68791,-8.93934,WAL
1983027334000,195.509946,-2.20957242863384,-7.7898652098888,-3.48391912339158,-1.4321736,-2.0299053,-0.11911872,344.21027,105.03965,-9.008665,WAL
1983032327000,195.514939,-2.28553260527204,-8.06996849446982,-3.30351343742057,-1.4453071,-1.7785342,-0.03145956,343.6994,105.39668,-9.084339,WAL
1983037410000,195.520022,-2.2838520058986,-8.37371288449399,-3.08963202846715,-1.4660766,-1.6242907,0.03145956,343.18192,105.75764,-9.214558,WAL
1983042399000,195.525011,-2.22729811326692,-8.68475990910436,-2.85870323576642,-1.5015068,-1.2748758,0.07147124,342.797,106.12978,-9.332221,WAL
1983047341000,195.529953,-2.12125123512424,-8.9041973753238,-2.48589109797563,-1.5271631,-0.9193522,0.17104226,342.44513,106.49531,-9.482203,WAL
1983052344000,195.534956,-1.97415261920752,-9.05589248249064,-1.99403024650293,-1.5803084,-0.600786,0.2773328,342.1863,106.875786,-9.620979,WAL
1983057342000,195.539954,-1.82255112482335,-9.14778183236047,-1.37662794926677,-1.6374242,-0.37598756,0.35124752,341.97244,107.21425,-9.744942,WAL
1983062322000,195.544934,-1.66626235431644,-9.17220193681516,-0.619604185887353,-1.6603317,-0.301462,0.40622538,341.81265,107.563286,-9.877929,WAL
1983067293000,195.549905,-1.48873483442395,-9.11440858724965,0.0372124485990482,-1.6084082,-0.3454443,0.44073927,341.647,107.79295,-9.978081,WAL
1983072323000,195.554935,-1.28814036942296,-8.975903053837,0.605563564095776,-1.50731,-0.47616947,0.4746423,341.48343,108.018394,-10.091072,WAL
1983077308000,195.55992,-1.15245851699385,-8.85032515506643,0.939734876208606,-1.3451253,-0.6246097,0.5045747,341.2515,108.044014,-10.168924,WAL
1983082292000,195.564904,-1.08147278762641,-8.73674816597264,1.03911489732302,-1.1591167,-0.7657196,0.52778757,340.9947,108.04551,-10.25977,WAL
1983087377000,195.569989,-1.01416004736457,-8.61030661786237,0.940910771581259,-0.9624182,-0.8436049,0.54733527,340.7018,108.07732,-10.402279,WAL
1983092390000,195.575002,-0.953241430366032,-8.47441150307467,0.631631781780381,-0.7788532,-0.88147855,0.5421429,340.3847,108.067345,-10.547163,WAL
1983097309000,195.579921,-0.907240486525701,-8.35235022046152,0.283758788128157,-0.63591075,-0.8753699,0.54305923,340.0554,108.0369,-10.702582,WAL
1983102339000,195.584951,-0.878615342869169,-8.24262029969298,-0.131305727638903,-0.53969944,-0.87964594,0.56169057,339.7175,107.978226,-10.86002,WAL
1983107281000,195.589893,-0.873401335400478,-8.16135985191273,-0.541996893879259,-0.50426924,-0.874759,0.5571091,339.37738,107.92896,-11.000878,WAL
1983112345000,195.594957,-0.902389355364615,-8.11787770845786,-0.967154472934848,-0.5326745,-0.8344419,0.5662721,339.05392,107.87996,-11.143405,WAL
1983117262000,195.599874,-0.932318926084373,-8.09055220558527,-1.35310667023173,-0.6160576,-0.7855727,0.5671884,338.72412,107.86944,-11.274886,WAL
1983122413000,195.605025,-0.966514899064171,-8.08566722326203,-1.71460694144385,-0.7290677,-0.73548174,0.58246,338.41504,107.87704,-11.404757,WAL
1983127243000,195.609855,-1.03028506677676,-8.15803755654735,-1.93277283108096,-0.86559606,-0.72051555,0.60903263,338.09235,107.94873,-11.541875,WAL
1983132319000,195.614931,-1.15178220554316,-8.36631848237079,-1.95446873253593,-0.9993755,-0.72051555,0.63346726,337.78925,108.045296,-11.674273,WAL
1983137400000,195.620012,-1.25622585138,-8.57579502759991,-1.94203537340473,-1.1294898,-0.7339546,0.6453791,337.4908,108.23153,-11.823084,WAL
1983142388000,195.625,-1.2667732301391,-8.78674260278207,-1.7469087011592,-1.1969905,-0.7641924,0.6563747,337.1959,108.43137,-11.972996,WAL
1983147265000,195.629877,-1.27809857115237,-8.98256629613323,-1.5395816481049,-1.2947289,-0.806953,0.6737844,336.8839,108.68284,-12.1525755,WAL
1983152346000,195.634958,-1.29207059168262,-9.16420183355666,-1.28808600803025,-1.3698653,-0.8671232,0.68661255,336.56577,108.93723,-12.329869,WAL
1983157284000,195.639896,-1.32521513061225,-9.34787053595724,-1.0557941048105,-1.4095715,-0.9502009,0.6924158,336.22208,109.165886,-12.503487,WAL
1983162345000,195.644957,-1.42412979346939,-9.55983101963071,-0.85796463154519,-1.4294246,-1.0280862,0.70463306,335.87216,109.40235,-12.678789,WAL
1983167309000,195.649921,-1.5291346504451,-9.7769253768546,-0.680351135905044,-1.4385877,-1.0815369,0.6976081,335.49265,109.651794,-12.878363,WAL
1983172379000,195.654991,-1.67321306795252,-10.0410688664688,-0.574693664836795,-1.4196508,-1.1163563,0.68111473,335.103,109.892265,-13.07586,WAL
1983177319000,195.659931,-1.81508642731943,-10.3142908368738,-0.47176347941409,-1.3695599,-1.1395692,0.66950834,334.69983,110.11747,-13.291547,WAL
1983182332000,195.664944,-1.96687710538484,-10.6747934434344,-0.367407416105128,-1.3246613,-1.1239921,0.66431594,334.3033,110.3312,-13.497165,WAL
1983187438000,195.67005,-2.10842985087702,-11.0223678657816,-0.267358944781471,-1.2458596,-1.1212431,0.6759224,333.90472,110.51473,-13.715089,WAL
1983192347000,195.674959,-2.17676861122202,-11.2547202218238,-0.20357605422037,-1.146594,-1.1145236,0.6771441,333.51657,110.67648,-13.920286,WAL
1983197353000,195.679965,-2.23163215275636,-11.4873852149862,-0.159459347738741,-1.0464121,-1.1365148,0.6795876,333.10843,110.83653,-14.1598425,WAL
1983202343000,195.684955,-2.11333309248786,-11.6693836230601,-0.359657739150719,-0.91507614,-1.1615603,0.6969972,332.70792,110.96918,-14.396344,WAL
1983207666000,195.690278,-1.9770609119635,-11.8613617703193,-0.584675599664836,-0.766025,-1.2113458,0.71868294,332.29202,111.077126,-14.642837,WAL
1983212346000,195.694958,-1.63489583347919,-11.9823712070571,-1.03533206256401,-0.5674938,-1.2339478,0.7507534,331.88428,111.15276,-14.889239,WAL
1983217318000,195.69993,-1.27138199368774,-12.1109308052323,-1.51410640733637,-0.32375857,-1.2040154,0.7819075,331.47614,111.19917,-15.1117735,WAL
1983222712000,195.705324,-0.718698260831399,-12.1163862668752,-2.13523270097871,-0.038789943,-1.0827587,0.7797695,331.09378,111.199005,-15.321501,WAL
1983227298000,195.70991,-0.222385617667238,-12.0986609210978,-2.6802903457976,0.22052236,-0.8671232,0.74464476,330.75345,111.15897,-15.514375,WAL
1983232287000,195.714899,0.374857204131929,-11.7696436808978,-2.97498871371507,0.40561453,-0.7339546,0.67011917,330.4152,111.07758,-15.623341,WAL
1983237357000,195.719969,0.993186414759505,-11.3737349754466,-3.21520285187357,0.44990227,-0.44440445,0.6310238,330.19012,110.9785,-15.702316,WAL
1983242325000,195.724937,1.43281761606012,-11.0939833036204,-3.28248638428963,0.4392121,-0.16279559,0.5299256,329.9868,110.83383,-15.654743,WAL
1983247261000,195.729873,1.7858205621987,-10.8705638651101,-3.26461282920881,0.29718593,0.054367006,0.39187005,329.84653,110.693344,-15.571486,WAL
1983252303000,195.734915,1.9027622797467,-10.8768604690128,-3.06052683412229,0.052534413,0.2406809,0.2489276,329.76065,110.534424,-15.363074,WAL
1983257324000,195.739936,1.8079197439427,-11.0865118470881,-2.69613196804734,-0.20891592,0.33750305,0.08552113,329.7005,110.37653,-15.106229,WAL
1983262308000,195.74492,1.46173761915881,-11.329065520082,-2.11462067464139,-0.43860126,0.32589662,-0.053145275,329.64374,110.21459,-14.77102,WAL
1983267296000,195.749908,0.95761690013832,-11.5933620594262,-1.39514741501025,-0.593761,0.19822577,-0.16982053,329.57062,110.06794,-14.404076,WAL
1983272341000,195.754953,0.334738262584767,-11.6804859861153,-0.814515164765067,-0.6908886,0.014966198,-0.23151793,329.4591,109.91912,-14.039791,WAL
1983277311000,195.759923,-0.335705671503169,-11.6756975043767,-0.316471114729852,-0.6914995,-0.1591304,-0.26450464,329.30826,109.774376,-13.666741,WAL
1983282296000,195.764908,-0.87480613968744,-11.6617257572834,-0.119123429528458,-0.58123827,-0.29749137,-0.2611449,329.10266,109.60108,-13.382211,WAL
1983287406000,195.770018,-1.36106518194096,-11.6428415319313,-0.0671928558664866,-0.40653083,-0.36285394,-0.23884831,328.8708,109.41783,-13.106744,WAL
1983292322000,195.774934,-1.61902384237288,-11.8273846182756,-0.101096359042004,-0.2049453,-0.3680463,-0.19303341,328.62088,109.23612,-12.963058,WAL
1983297308000,195.77992,-1.74657987754237,-12.1440759931835,-0.189066074768607,0.013133603,-0.35643986,-0.16584991,328.3618,109.01888,-12.826389,WAL
1983302289000,195.784901,-1.75861242932698,-12.6889774391839,-0.282332639656281,0.19730948,-0.32528573,-0.14813483,328.11215,108.82945,-12.787425,WAL
1983307286000,195.789898,-1.61534895459585,-13.5432516830026,-0.383147665938574,0.34666604,-0.26267207,-0.16798794,327.87894,108.604935,-12.742889,WAL
1983312269000,195.794881,-1.4321220363051,-14.3447226627043,-0.33056537826845,0.49296826,-0.1337795,-0.23396139,327.67407,108.3535,-12.696158,WAL
1983317289000,195.799901,-1.22258017498762,-15.1209802555721,-0.182933613018326,0.63346726,-0.056505036,-0.3417791,327.47375,108.067986,-12.631928,WAL
1983322272000,195.804884,-0.99726152254863,-15.6987549376737,-0.0162908346486701,0.7678576,-0.037873644,-0.4633413,327.27844,107.71495,-12.502828,WAL
1983327263000,195.809875,-0.760074946794363,-16.1494091492656,0.163970983728662,0.88208944,-0.04062254,-0.5849035,327.09824,107.326706,-12.343113,WAL
1983332273000,195.814885,-0.552706927236699,-16.3518900366591,0.253278222447241,1.010982,-0.029626964,-0.63713247,326.91742,106.83835,-12.112893,WAL
1983337273000,195.819885,-0.367679928326563,-16.3756114277222,0.276999623418211,1.0864239,-0.022602014,-0.7425067,326.732,106.31753,-11.840759,WAL
1983342272000,195.824884,-0.250118793855587,-16.136242781811,0.30058470437359,1.2415836,-0.05467244,-0.84757555,326.53375,105.69961,-11.512608,WAL
1983347341000,195.829953,-0.183442874596292,-15.6885620096144,0.324397536587854,1.4034629,-0.12522738,-0.9584476,326.32953,105.061356,-11.163459,WAL
1983352327000,195.834939,-0.150669828007552,-15.1095119658154,0.371015371861274,1.6013832,-0.20463985,-1.0619892,326.109081853707,104.344583028457,-10.7601985142285,WAL
1983357321000,195.839933,-0.145917111209381,-14.4108626312233,0.437553377259267,1.8090774,-0.26511553,-1.162782,325.88828,103.62666,-10.356291,WAL
1983362336000,195.844948,-0.242769770111288,-13.6955950500795,0.514102476915739,2.05434,-0.33567044,-1.2638801,325.64014,102.85308,-9.929829,WAL
1983367289000,195.849901,-0.429080897269242,-12.9769665358646,0.598386102571776,2.3218987,-0.37965274,-1.3564262,325.38916,102.04091,-9.486635,WAL
1983372217000,195.854829,-0.683780990152712,-12.3113348123223,0.645706770794102,2.6316075,-0.3735441,-1.4285084,325.14017,101.19909,-9.044315,WAL
1983377230000,195.859842,-1.06299530152712,-11.7197604232227,0.630538171941022,2.9550607,-0.33078352,-1.4880677,324.89816,100.32343,-8.586477,WAL
1983382209000,195.864821,-1.4866382825465,-11.3968954304108,0.617951623868792,3.2430835,-0.28802297,-1.53205,324.66895,99.47025,-8.167294,WAL
1983387263000,195.869875,-1.97134255021459,-11.3771117007971,0.608059712581239,3.4642167,-0.23243423,-1.5845845,324.4674,98.618576,-7.7332234,WAL
1983392225000,195.874837,-2.41839750223793,-11.5402554166667,0.572177557167256,3.5665367,-0.16401732,-1.6395624,324.2921,97.880775,-7.3668804,WAL
1983397224000,195.879836,-2.84131663137024,-11.8785905138889,0.511089222704162,3.563788,-0.060170226,-1.6630806,324.15784,97.223755,-6.9999433,WAL
1983402341000,195.884953,-3.2709374124058,-12.3277596307246,0.299995560231884,3.451694,0.06688975,-1.6548339,324.05835,96.775696,-6.727445,WAL
1983407381000,195.889993,-3.69065147153623,-12.878051422029,-0.0637565545507246,3.2626312,0.18661933,-1.6129897,324.0017,83.533325,-6.465507,WAL
1983412275000,195.894887,-4.09656208176892,-13.3745324671957,-0.480261959318754,3.0601294,0.26267207,-1.5735888,323.97437,83.62768,-6.297481,WAL
1983417347000,195.899959,-4.51489454594542,-13.8351681304432,-1.00200241250242,2.8405235,0.29229903,-1.5189165,323.98007,83.60492,-6.1525836,WAL
1983422302000,195.904914,-4.89975438169722,-14.2748788586635,-1.59622325011827,2.6719246,0.32528573,-1.4984524,323.99524,83.4395,-6.119135,WAL
1983427348000,195.90996,-5.24744730582496,-14.7035411839148,-2.35829015319338,2.5008824,0.45173484,-1.4963144,324.05453,83.24486,-6.0983253,WAL
1983432294000,195.914906,-5.74046037716704,-15.1383567385932,-3.09765125959724,2.2794437,0.5161811,-1.5063937,324.08844,83.00621,-6.193976,WAL
1983437448000,195.92006,-6.58559719185719,-15.6233501943769,-3.85155159424068,2.1868975,0.56138515,-1.5647314,324.16006,82.78543,-6.2700915,WAL
1983442344000,195.924956,-7.12706171380811,-15.7782086733927,-4.3800204090999,2.0583105,0.4822781,-1.6468927,324.1332,82.565956,-6.487129,WAL
1983447357000,195.929969,-6.99410034297725,-15.1323964282888,-4.42750655984174,2.022575,0.5439755,-1.7180585,324.16953,82.37493,-6.669502,WAL
1983452274000,195.934886,-6.66626166475975,-14.3377318075934,-4.39349292939603,1.920255,0.82863873,-1.8237382,324.317,82.25614,-6.8027043,WAL
1983457402000,195.940014,-5.6809313702027,-12.9835345905957,-4.09536739746888,1.6933185,1.0393872,-1.8521434,324.46173,82.1698,-6.91816,WAL
1983462409000,195.945021,-4.71237197326723,-11.8424994659059,-3.85886912038163,1.534799,1.149343,-1.736079,324.67657,82.11805,-6.971729,WAL
1983467321000,195.949933,-3.74875418215321,-11.0988857945936,-3.74006690303994,1.5537357,1.2321151,-1.509448,324.93756,82.05707,-7.044057,WAL
1983472381000,195.954993,-2.76483719398853,-10.4418398136868,-3.61917865134424,1.6780468,1.2709051,-1.271516,325.18134,82.0473,-7.0423985,WAL
1983477297000,195.959909,-1.84873696637056,-10.3002203807107,-3.5085385213198,1.8497,1.396438,-1.0845913,325.46674,81.985115,-7.0930014,WAL
1983482563000,195.965175,-0.885909251453103,-10.1691043615911,-3.35379647804586,2.035403,1.638646,-0.9868528,325.727,81.96358,-7.080591,WAL
1983487357000,195.969969,-0.197315936363439,-10.2589211317248,-2.84483618740354,2.1847596,1.8503108,-0.95417154,326.01126,81.89267,-7.105921,WAL
1983492304000,195.974916,0.432693012268746,-10.302879237559,-2.39423026709019,2.307849,1.9785925,-0.9761627,326.23053,81.86663,-7.0720587,WAL
1983497307000,195.979919,0.73707672655501,-10.1460752298585,-2.24665033898354,2.3860397,2.0030272,-1.0103711,326.48053,81.81933,-7.0473137,WAL
1983502302000,195.984914,0.986601004811899,-10.0055957331584,-2.14031446538349,2.4339926,2.0350976,-1.0198395,326.84555,81.86169,-6.8210845,WAL
1983507321000,195.989933,0.823063571566054,-9.98690584951881,-2.34590430758239,2.4648414,2.1725423,-0.98837996,327.24384,81.87249,-6.609234,WAL
1983512381000,195.994993,0.655045409889424,-9.96722020438737,-2.52507779796683,2.489276,2.4288,-0.960891,327.69104,81.88878,-6.3348103,WAL
1983517304000,195.999916,0.453240713059568,-9.93779019957196,-2.35690730141787,2.510656,2.6203065,-0.929126,328.15402,81.86507,-6.083564,WAL
1983522314000,196.004926,0.247869693129124,-9.90784010326378,-2.18576487043874,2.5375342,2.701246,-0.88361657,328.6157,81.7839,-5.91122,WAL
1983527308000,196.00992,0.168603290206256,-9.8144192568915,-2.10121697049853,2.5185974,2.7091873,-0.8698721,329.1054,81.6918,-5.751975,WAL
1983532310000,196.014922,0.117094488667644,-9.7067193026393,-2.0356602597654,2.4388795,2.7186558,-0.870483,329.612,81.587654,-5.6135497,WAL
1983537401000,196.020013,0.11750053113539,-9.46740205891174,-2.02475808089117,2.393981,2.7504208,-0.86345804,330.1056,81.39225,-5.555486,WAL
1983542306000,196.024918,0.132595080203513,-9.20073156244644,-2.02978959374464,2.3109033,2.7852402,-0.8542951,330.59738,81.21634,-5.506278,WAL
1983547306000,196.029918,0.000276025104218619,-8.87677002154184,-1.96122531583724,2.2547035,2.713158,-0.8222246,331.03146,80.99178,-5.50473,WAL
1983552295000,196.034907,-0.147439084976563,-8.54798511967687,-1.88498526576244,2.225993,2.5900686,-0.7800749,331.45593,80.7751,-5.513752,WAL
1983557310000,196.039922,-0.403902620837916,-8.04019841819818,-2.34202672465753,2.1826215,2.4572055,-0.77274454,331.87466,80.56533,-5.497421,WAL
1983562243000,196.044855,-0.668433539840016,-7.5205836919908,-2.85219353013699,2.094657,2.4339926,-0.75625116,332.28378,80.363716,-5.501041,WAL
1983567297000,196.049909,-0.959106868009455,-7.1834219205949,-2.89655256390229,2.0253236,2.4465153,-0.6985244,332.70786,80.12056,-5.5110693,WAL
1983572259000,196.054871,-1.24695154477494,-6.87685570042352,-2.88017117065892,1.994475,2.4065037,-0.6789767,333.10672,79.892784,-5.5185504,WAL
1983577347000,196.059959,-1.54210545758889,-6.56250484830099,-2.8633738049148,1.9358319,2.3414464,-0.675617,333.59692,79.732895,-5.4877105,WAL
1983582285000,196.064897,-1.82855789891658,-6.25742141516793,-2.84707164452871,1.863139,2.3090706,-0.70157874,334.08002,79.58488,-5.4604526,WAL
1983587420000,196.070032,-1.99391330744837,-5.99623041019869,-2.72745240839777,1.7773124,2.2687535,-0.7351763,334.55786,79.45501,-5.412497,WAL
1983592365000,196.074977,-2.12833265632769,-5.75520267896643,-2.593032962719,1.6985108,2.223855,-0.75716746,335.0204,79.34263,-5.365135,WAL
1983597340000,196.079952,-2.24464417198124,-5.57672737350528,-2.61525963475967,1.6099354,2.1670444,-0.76144356,335.56134,79.17564,-5.385333,WAL
1983602312000,196.084924,-2.35628752727628,-5.41391409441188,-2.67573321197733,1.5473217,2.165212,-0.77640975,336.10284,79.027245,-5.4032655,WAL
1983607316000,196.089928,-2.47176518526849,-5.19104651260385,-2.6765593421074,1.4810427,2.1774292,-0.77366084,336.65884,78.854614,-5.449673,WAL
1983612304000,196.094916,-2.58792104954407,-4.94905508237082,-2.65720003981763,1.4358387,2.1978931,-0.79076505,337.215,78.69809,-5.4930654,WAL
1983617298000,196.09991,-2.67983250401417,-4.69765553628493,-2.4385260508658,1.3640621,2.200642,-0.8072584,337.7858,78.55392,-5.5539203,WAL
1983622340000,196.104952,-2.76534530023613,-4.44111694919323,-2.15823395887446,1.2678508,2.1945333,-0.818254,338.3573,78.42954,-5.6181865,WAL
1983627309000,196.109921,-2.85769776006092,-4.24502754316581,-1.82459782724158,1.1301007,2.1948388,-0.82802784,338.9502,78.3095,-5.7036896,WAL
1983632327000,196.114939,-2.95375573017323,-4.06663410869027,-1.46781114934323,1.0604621,2.1859813,-0.8374963,339.53632,78.19815,-5.7913394,WAL
1983637413000,196.120025,-3.07362860490145,-3.91744012950255,-1.10682183546772,0.92485,2.1688771,-0.84482664,340.13696,78.07215,-5.915674,WAL
1983642368000,196.12498,-3.2022947473042,-3.7887740387736,-0.755464175492752,0.7870999,2.1456642,-0.84879726,340.73087,77.96435,-6.0433064,WAL
1983647308000,196.12992,-3.31296912809419,-3.7276704751029,-0.419555278459366,0.6435465,2.0998492,-0.8417723,341.34152,77.79659,-6.2046113,WAL
1983652293000,196.134905,-3.41807384724801,-3.69111234511343,-0.0859620908366038,0.49205196,2.0088303,-0.84635377,341.93103,77.66541,-6.3637466,WAL
1983657312000,196.139924,-3.50942674771852,-3.65599989499087,0.213329157349422,0.33933565,1.9016235,-0.8371908,342.5121,77.46486,-6.5786552,WAL
1983662307000,196.144919,-3.59188618505374,-3.62204605074021,0.489810669713547,0.18020524,1.7641789,-0.82802784,343.05692,77.301094,-6.790744,WAL
1983667290000,196.149902,-3.63448771516714,-3.50349118701538,0.650676965993185,0.03023783,1.6230689,-0.8081747,343.56354,77.0499,-7.0611053,WAL
1983672342000,196.154954,-3.65676508582742,-3.33863845803481,0.753152926858827,-0.108123146,1.4908166,-0.75686204,344.03076,76.82649,-7.338535,WAL
1983677312000,196.159924,-3.55292464944148,-3.22976179388707,0.847573888645214,-0.24984388,1.3381003,-0.7333437,344.41592,76.523674,-7.6751175,WAL
1983682334000,196.164946,-3.31634472952962,-3.17554557778746,0.9362913528223,-0.3622431,1.1145236,-0.7263188,344.74448,76.24349,-8.0074215,WAL
1983687388000,196.17,-3.07825733103607,-3.12098389794528,1.02557412143062,-0.49296826,0.9062186,-0.7134906,345.02145,75.94225,-8.369464,WAL
1983692337000,196.174949,-2.84511634663866,-3.0675557710084,1.11300198487395,-0.6123924,0.7312057,-0.6951646,345.2492,75.66617,-8.718166,WAL
1983697305000,196.179917,-2.61904300932612,-2.9806742264916,1.12763340366866,-0.743423,0.58032197,-0.66798115,345.4953,75.4369,-9.002091,WAL
1983702299000,196.184911,-2.39740988717899,-2.86985761720409,1.0906945821201,-0.8863655,0.43493605,-0.65057147,345.6966,75.23936,-9.274145,WAL
1983707310000,196.189922,-2.16629681597597,-2.77306026814988,1.0400864870838,-1.0311406,0.3210097,-0.61453044,345.8294,75.108894,-9.464151,WAL
1983712311000,196.194923,-1.92734087835251,-2.69015727400468,0.976689964474086,-1.1936307,0.21288654,-0.5861252,345.92468,75.01464,-9.645063,WAL
1983717290000,196.199902,-1.7390616272622,-2.60999303818252,0.945587237690527,-1.3481796,0.119729586,-0.5525276,346.02014,75.00017,-9.747605,WAL
1983722360000,196.204972,-1.58917338174802,-2.53036488788347,0.940903234603512,-1.5167783,0.04520403,-0.4972443,346.0882,75.014114,-9.856897,WAL
1983727308000,196.20992,-1.52592499171351,-2.42967598135539,0.996993715456881,-1.6694947,0.010079277,-0.4728097,346.13666,75.10675,-9.90171,WAL
1983732339000,196.214951,-1.55300598325839,-2.30200859983138,1.12079245026899,-1.7531832,-0.04886922,-0.4071417,346.15176,75.1988,-9.966094,WAL
1983737682000,196.220294,-1.5883107959258,-2.18864564831622,1.26376419627912,-1.9065105,-0.08155051,-0.28405234,346.17227,75.3578,-10.005139,WAL
1983742372000,196.224984,-1.71724928880424,-2.42172673819145,1.56131453259357,-2.1285598,-0.09040806,-0.24251351,346.18332,75.54512,-10.036292,WAL
1983747299000,196.229911,-1.86279094921476,-2.74294808953686,1.94751653617085,-2.19209,-0.10873401,-0.13561209,346.20825,75.68971,-10.1202755,WAL
1983752296000,196.234908,-2.05905658417525,-3.43705818149445,2.69428337162149,-2.3054054,-0.111177474,-0.00580322,346.23138,75.86479,-10.220855,WAL
1983757305000,196.239917,-2.23888607515942,-4.29306644187187,3.4712407670362,-2.4141395,-0.15088372,0.13713925,346.25546,76.00398,-10.37377,WAL
1983762307000,196.244919,-2.33757799371137,-5.9144340467772,4.38296639260277,-2.4755313,-0.18692477,0.30695978,346.27158,76.10717,-10.567972,WAL
1983767295000,196.249907,-2.37346646272882,-7.69845366109833,5.36363095288587,-2.4361305,-0.22082779,0.46639562,346.31787,76.127945,-10.81669,WAL
1983772319000,196.254931,-1.99806561431429,-10.5957782287086,6.8219186920076,-2.307849,-0.24495697,0.6291912,346.346,76.09156,-11.107519,WAL
1983777293000,196.259905,-1.51154336309025,-13.2812059695446,8.30506075998882,-2.057394,-0.14538592,0.7699956,346.38855,75.955475,-11.398953,WAL
1983782326000,196.264938,-0.263557973698426,-14.7940511440812,10.0648098113067,-1.5082263,-0.022296581,0.89675015,346.4176,75.7174,-11.72016,WAL
1983787673000,196.270285,1.09566635293006,-16.3610049092628,11.835050026465,-0.6224717,0.055283304,0.870483,346.37708,75.4844,-11.841318,WAL
1983792345000,196.274957,2.76377269831968,-17.1504188441504,11.9525222213821,0.44318274,0.10445796,0.6114761,346.3602,75.17121,-11.925984,WAL
1983797271000,196.279883,4.44328823619208,-17.9485677157396,11.9666515014327,1.2260065,0.28863382,0.21655174,346.25446,74.943794,-11.699596,WAL
1983802294000,196.284906,5.19424956575437,-18.3478135826499,10.6500929770774,1.5812247,0.6386596,-0.12492194,346.2314,74.62347,-11.442161,WAL
1983807379000,196.289991,5.84474962664908,-18.6784547352683,9.33215594898857,1.6181821,1.1398746,-0.37018433,346.21286,74.49083,-10.851805,WAL
1983812306000,196.294918,5.11620290442685,-18.0882393278608,8.2393359860256,1.4474452,1.5008959,-0.5170974,346.29843,74.30143,-10.253504,WAL
1983817602000,196.300214,4.30365295269913,-17.3435661319683,7.0880465653963,1.2443326,1.6603317,-0.59620446,346.4922,74.30005,-9.534899,WAL
1983822325000,196.304937,3.21796092790242,-15.3272810157735,6.34800331850691,1.0329732,1.6649132,-0.6401868,346.76953,74.28696,-8.848986,WAL
1983827649000,196.310261,2.00112800404707,-13.036874850553,5.53073932096606,0.82619524,1.5216653,-0.6805039,347.12277,74.30106,-8.283718,WAL
1983832316000,196.314928,1.09277980448776,-10.6329207527176,5.19697426543152,0.6273586,1.4581354,-0.70463306,347.50067,74.3305,-7.748336,WAL
1983837376000,196.319988,0.107941173724927,-8.02653383713016,4.83510343170432,0.5320636,1.3075571,-0.766025,347.8777,74.290634,-7.382097,WAL
1983842355000,196.324967,-0.571997446563745,-5.82751745333607,4.56301343810306,0.3213151,1.1462886,-0.79473567,348.22644,74.3143,-7.0261483,WAL
1983847237000,196.329849,-1.19589564133402,-3.72546035097516,4.30865507421474,0.09285152,0.97127575,-0.75869465,348.5225,74.35342,-6.6726356,WAL
1983852296000,196.334908,-1.64632532100522,-2.89554231465149,3.99727491559981,-0.14446963,0.81122905,-0.66523224,348.8175,74.314064,-6.5003514,WAL
1983857295000,196.339907,-2.06854673939308,-2.23270022964438,3.68401373020389,-0.3481932,0.6933321,-0.50488013,349.06512,74.30864,-6.3512607,WAL
1983862304000,196.344916,-2.49313664395779,-2.33683052880749,3.33490231375672,-0.49938235,0.66859204,-0.30909783,349.31238,74.23716,-6.3489285,WAL
1983867302000,196.349914,-2.91718341168624,-2.63699843868206,2.97755949283297,-0.6747007,0.6939429,-0.12705997,349.52905,74.20411,-6.3844075,WAL
1983872355000,196.354967,-3.29555921858382,-3.22346043743164,2.8693226923911,-0.88331115,0.6939429,0.057421334,349.73404,74.17076,-6.5455894,WAL
1983877309000,196.359921,-3.65342079250424,-3.87208449053366,2.82906315147087,-1.1304061,0.58001655,0.21013765,349.90198,74.168686,-6.744037,WAL
1983882315000,196.364927,-4.01438860125038,-5.02121889316865,3.07951717924164,-1.3707817,0.31398472,0.3277292,350.03506,74.227875,-7.0313125,WAL
1983887450000,196.370062,-4.38432768831961,-6.4509836125953,3.4844506361899,-1.5424347,-0.2012801,0.35216382,350.06152,74.3129,-7.3107247,WAL
1983892338000,196.37495,-4.92735036152327,-8.31718799751763,3.67402064428773,-1.6190983,-0.9230174,0.3475823,349.9655,74.427826,-7.6281047,WAL
1983897302000,196.379914,-5.55316121139633,-10.4091840910578,3.79024265726375,-1.5552629,-1.6636915,0.30757064,349.72202,74.53501,-7.9056296,WAL
1983902302000,196.384914,-6.13338509935524,-12.5330026668053,3.24172923508735,-1.3796391,-2.2510383,0.32467487,349.33038,74.60982,-8.182673,WAL
1983907315000,196.389927,-6.67757497401206,-14.6748142152662,2.19328994811772,-1.1523973,-2.4859161,0.4529566,348.83234,74.633644,-8.448505,WAL
1983912311000,196.394923,-7.0447536254976,-16.1027552100643,1.01143671027355,-0.9071349,-2.2592852,0.6542367,348.35544,74.6567,-8.758988,WAL
1983917302000,196.399914,-7.31796775126059,-17.1517027321629,-0.242421153973665,-0.5897904,-1.6157386,0.8524625,347.93948,74.58196,-9.097178,WAL
1983922373000,196.404985,-6.96381686259337,-17.8231052773415,0.0265128019479027,-0.09712757,-1.2324207,0.9492846,347.5713,74.55074,-9.4499445,WAL
1983927309000,196.409921,-6.34814237854817,-18.3074955389772,0.950024424020303,0.6603453,-0.5693264,0.9599747,347.46964,74.35345,-9.868285,WAL
1983932322000,196.414934,-4.8886762277632,-18.026144648294,1.56394931210265,1.0509937,-0.29352075,0.8341365,347.38828,74.24107,-10.262123,WAL
1983937375000,196.419987,-2.8658912646933,-17.231143735783,1.96850633418878,1.5201381,-0.398895,0.49663344,347.40463,73.9771,-10.598671,WAL
1983942361000,196.424973,-1.28702859784119,-15.3970018102474,1.26242961171129,1.4202617,-0.61575216,0.10445796,347.45255,73.797646,-10.773538,WAL
1983947301000,196.429913,-0.0509257598906698,-12.7538454959696,-0.306807318891874,0.9092729,-0.57787853,-0.13347405,347.55505,73.645744,-10.901529,WAL
1983952287000,196.434899,0.845951269230769,-10.1013212307692,-1.53474457435897,0.23396139,-0.40439278,-0.29535335,347.56433,73.7417,-10.70389,WAL
1983957314000,196.439926,1.1816738094625,-7.45169583070486,-2.19585968487287,-0.45662177,-0.45265114,-0.39828414,347.52792,73.977264,-10.454918,WAL
1983962298000,196.44491,1.20228694697111,-5.55673265245504,-2.44114908628006,-1.0149527,-0.6637051,-0.3622431,347.4459,74.46202,-10.111984,WAL
1983967280000,196.449892,0.937168624069509,-4.33236815073752,-2.31100014978784,-1.3918564,-0.94042706,-0.28038713,347.32437,75.05553,-9.753274,WAL
1983972282000,196.454894,0.534507362673406,-3.4962121418141,-2.17344030800337,-1.6807957,-1.2202033,-0.1966986,347.1157,75.71565,-9.423273,WAL
1983977311000,196.459923,0.0115489916334363,-2.99579510170364,-2.02917593692783,-1.8591684,-1.5204436,-0.15485434,346.81424,76.41663,-9.090544,WAL
1983982296000,196.464908,-0.493644617914394,-2.60532044333823,-2.1083995111624,-1.9938642,-1.7916678,-0.13316862,346.44345,77.066345,-8.833501,WAL
1983987397000,196.470009,-0.990767506949224,-2.36444648195552,-2.52352265858162,-2.0555615,-2.0060816,-0.08857546,345.99826,77.71465,-8.584807,WAL
1983992389000,196.475001,-1.41901285926641,-2.24816464401544,-2.917764496139,-2.0992384,-2.1994202,-0.009468411,345.49054,78.26731,-8.443827,WAL
1983997306000,196.479918,-1.78718097047297,-2.24361936162162,-3.29502321959459,-2.132225,-2.4141395,0.09407325,344.91388,78.799255,-8.31596,WAL
1984002328000,196.48494,-2.15152992483108,-2.29028039983108,-3.70575499493243,-2.1749856,-2.5806003,0.23182335,344.32874,79.27033,-8.284755,WAL
1984007347000,196.489959,-2.50018031544118,-2.40490515367647,-4.14992602205882,-2.2134702,-2.6615398,0.39522982,343.70615,79.68653,-8.288811,WAL
1984012300000,196.494912,-2.73954618356743,-2.64580615575091,-4.55504465661526,-2.2220223,-2.6224444,0.50885075,343.11182,80.035355,-8.366771,WAL
1984017294000,196.499906,-2.8334988191435,-3.06859296679108,-4.91676212209017,-2.1881194,-2.4706445,0.61178154,342.53003,80.29691,-8.489229,WAL
1984022250000,196.504862,-2.86212111853305,-3.49548545092062,-5.12682320947781,-2.133447,-2.377793,0.6722572,341.9753,80.46742,-8.677434,WAL
1984027346000,196.509958,-2.77864613642218,-3.9472323918201,-5.08263070157964,-2.0998492,-2.1859813,0.79443026,341.49905,80.526375,-8.915969,WAL
1984032275000,196.514887,-2.76250866903239,-4.45850513894442,-4.87624117806877,-2.0250182,-2.0665572,0.9428705,341.0191,80.48276,-9.199175,WAL
1984037406000,196.520018,-2.85092276414434,-5.11178699270292,-4.39487536676329,-1.9303342,-2.031127,1.1133019,340.5784,80.32586,-9.522972,WAL
1984042291000,196.524903,-2.87910657709687,-5.7961153196084,-4.10407846916125,-1.8267925,-2.0259347,1.3087788,340.13522,80.055695,-9.8945055,WAL
1984047343000,196.529955,-2.81989859234679,-6.60225496524522,-4.06764286306128,-1.7006488,-1.9101756,1.5534303,339.74463,79.669014,-10.32589,WAL
1984052252000,196.534864,-2.74706206117598,-7.45325365738349,-4.02504762116358,-1.536326,-1.6994271,1.8081611,339.3735,100.82762,-10.82474,WAL
1984057350000,196.539962,-2.62597679063759,-8.53797482557611,-3.95945985189625,-1.3854424,-1.4758505,2.0635028,339.05258,101.413376,-11.386222,WAL
1984062260000,196.544872,-2.42570863673099,-10.0892716286779,-3.82745577347153,-1.2657127,-1.2861768,2.2623394,338.77682,102.035446,-11.966678,WAL
1984067338000,196.54995,-2.04011685776653,-12.7744775715514,-3.54406907708254,-1.2519683,-1.119716,2.3600779,338.5729,102.7028,-12.57899,WAL
1984072338000,196.55495,-1.61478509138125,-14.9385369530723,-3.38617432984357,-1.2947289,-0.93187493,2.3655756,338.421,103.3401,-13.1533165,WAL
1984077352000,196.559964,-1.04530336820366,-15.606204801963,-3.60709385600654,-1.3884968,-0.68966687,2.313652,338.3446,103.984314,-13.722786,WAL
1984082338000,196.56495,-0.484043662697815,-15.9954895990957,-3.75076678447626,-1.4761559,-0.39950588,2.2143865,338.29987,104.39044,-14.056494,WAL
1984087419000,196.570031,0.0751584852298417,-15.6975542324793,-3.70493057422758,-1.5402967,-0.0720821,2.0607538,338.3389,104.76895,-14.349248,WAL
1984092348000,196.57496,0.619165638893328,-15.3092180137835,-3.61498055587295,-1.5384641,0.22235495,1.8613064,338.4238,104.998505,-14.475016,WAL
1984097343000,196.579955,1.17817773123252,-14.4157541019776,-3.29486247062525,-1.5289958,0.5140431,1.6184875,338.5972,105.18802,-14.542569,WAL
1984102340000,196.584952,1.69395480322645,-13.5243381380919,-2.87377786843046,-1.4993688,0.7996226,1.359786,338.7973,105.25974,-14.479708,WAL
1984107342000,196.589954,1.98404662002383,-12.6445517370198,-1.92741292561302,-1.4737124,0.97127575,1.0757337,339.03088,105.27465,-14.346261,WAL
1984112320000,196.594932,2.23599326243147,-11.7630433460133,-0.98650874184861,-1.4908166,0.8772025,0.75411314,339.19034,105.20876,-14.120536,WAL
1984117349000,196.599961,2.26841911484082,-10.836588312494,-0.0415246705395789,-1.5506815,0.43463063,0.45265114,339.27545,105.09369,-13.83645,WAL
1984122309000,196.604921,2.26918660037672,-9.93385907306434,0.829417746495489,-1.6398678,0.08307768,0.3173445,339.29233,104.9471,-13.536299,WAL
1984127346000,196.609958,1.78618124495886,-9.18783103544166,0.767248722553782,-1.6914859,-0.7733554,0.10415252,339.01306,104.72133,-13.168262,WAL
1984132295000,196.614907,1.30940454685207,-8.46405002485207,0.669186455266272,-1.777007,-1.6303993,-0.098043874,338.60605,104.5729,-12.876206,WAL
1984137398000,196.62001,0.764793046784024,-7.93871680828402,-0.318825504911243,-1.8277088,-2.3047945,-0.27763826,338.00165,104.387596,-12.555522,WAL
1984142603000,196.625215,0.211078762629626,-7.42378531742994,-1.31717892238063,-1.8173242,-2.7094927,-0.42271876,337.2586,104.264694,-12.30422,WAL
1984147345000,196.629957,-0.272276450677668,-7.20206262187286,-2.11538018186701,-1.7418822,-2.8496864,-0.5103779,336.40167,104.114845,-12.031939,WAL
1984152693000,196.635305,-0.811286345142937,-6.96075658176383,-2.99895055152279,-1.6108516,-2.8319712,-0.55833083,335.51196,104.03503,-11.805554,WAL
1984157346000,196.639958,-1.156816338537,-6.92745250822123,-3.43190381186472,-1.4871514,-2.7183504,-0.5476407,334.62265,103.94301,-11.568745,WAL
1984162241000,196.644853,-1.52031715901065,-6.89241630792227,-3.8873747358651,-1.3976597,-2.5662448,-0.52473325,333.79068,103.99972,-11.424682,WAL
1984167334000,196.649946,-1.78021851077259,-6.97681762137881,-3.97851541915358,-1.3277156,-2.4275784,-0.49205196,332.99698,104.04883,-11.279075,WAL
1984172329000,196.654941,-2.00902820553187,-7.08624827043777,-3.98348953956535,-1.278541,-2.3075435,-0.42149702,332.25208,104.10465,-11.142201,WAL
1984177348000,196.65996,-2.13215675576833,-7.34091085212517,-3.79242884894909,-1.2522738,-2.1908681,-0.310625,331.57474,104.290085,-11.099651,WAL
1984182270000,196.664882,-2.24223856167212,-7.60510744377394,-3.58547495637553,-1.2705997,-2.0674734,-0.17104226,330.94287,104.49953,-11.077409,WAL
1984187430000,196.670042,-2.32121618051593,-7.90651001063123,-3.40873864596443,-1.3096951,-1.9046779,-0.045814894,330.3687,104.767395,-11.115105,WAL
1984192293000,196.674905,-2.3849262798417,-8.19775524219269,-3.25401441771546,-1.3399329,-1.642922,0.067500606,329.86908,105.06286,-11.174471,WAL
1984197341000,196.679953,-2.25666057964593,-8.41433739358615,-3.03101998586631,-1.3869696,-1.3136657,0.17256944,329.42728,105.386894,-11.276068,WAL
1984202283000,196.684895,-2.05520387236142,-8.59290174523556,-2.78835626393538,-1.4462235,-0.93584555,0.26206118,329.08377,105.73337,-11.383109,WAL
1984207351000,196.689963,-1.7878194398473,-8.69634934430458,-2.35041635945109,-1.5274686,-0.5882632,0.36560285,328.82126,106.10524,-11.516026,WAL
1984212320000,196.694932,-1.49322290285803,-8.75526854916426,-1.82014269540858,-1.5906931,-0.35643986,0.46028697,328.63968,106.49186,-11.649712,WAL
1984217327000,196.699939,-1.27305971144097,-8.73193581970608,-1.137545951151,-1.6166549,-0.2855795,0.5317582,328.4805,106.856316,-11.768164,WAL
1984222373000,196.704985,-1.0824114896045,-8.6747414327843,-0.38925153362659,-1.593442,-0.2519819,0.5479461,328.37775,107.21941,-11.87872,WAL
1984227342000,196.709954,-0.927155054498816,-8.57287884796764,0.0876066123835833,-1.5650368,-0.36071593,0.5900958,328.2266,107.54925,-11.998988,WAL
1984232349000,196.714961,-0.785231995165746,-8.44987909703039,0.451875801298343,-1.4608842,-0.5122105,0.6218608,328.0736,107.849144,-12.115631,WAL
1984237425000,196.720037,-0.686372955264399,-8.38291590465893,0.47890622447415,-1.2867876,-0.66950834,0.63316184,327.89154,108.08836,-12.249692,WAL
1984242376000,196.724988,-0.611806797817967,-8.34563206192255,0.339094636681738,-1.1154399,-0.7825184,0.6432411,327.68427,108.30423,-12.394059,WAL
1984247343000,196.729955,-0.557097536963587,-8.30774319259705,0.0675929094954359,-0.95814216,-0.8512407,0.6374379,327.4546,108.46286,-12.53869,WAL
1984252355000,196.734967,-0.513764128850436,-8.26922484893169,-0.283889052843816,-0.81336707,-0.8875872,0.63041294,327.2057,108.58468,-12.686335,WAL
1984257348000,196.73996,-0.510323390915092,-8.29527782378631,-0.716956176087751,-0.7296785,-0.8866709,0.6221663,326.93695,108.71362,-12.837897,WAL
1984262340000,196.744952,-0.52974547013508,-8.35839980306724,-1.19765237440585,-0.7012733,-0.8402451,0.6065892,326.67377,108.817154,-12.979952,WAL
1984267326000,196.749938,-0.595806614038042,-8.44860709867248,-1.61985135678621,-0.7287622,-0.784351,0.589485,326.40015,108.9436,-13.112998,WAL
1984272414000,196.755026,-0.687525349762235,-8.55480788329701,-2.02051749508619,-0.80664754,-0.72387534,0.58123827,326.14597,109.06942,-13.235841,WAL
1984277348000,196.75996,-0.859815020837894,-8.63963238580953,-2.21940433629217,-0.91782504,-0.66920286,0.5830709,325.9002,109.228035,-13.336259,WAL
1984282343000,196.764955,-1.07878833504826,-8.71579706438452,-2.31937044585531,-1.0601566,-0.66675943,0.61208695,325.6642,109.40789,-13.436219,WAL
1984287401000,196.770013,-1.30056579911408,-8.85149507804101,-2.27576247766275,-1.2046263,-0.6753115,0.6356053,325.4472,109.63596,-13.526971,WAL
1984292323000,196.774935,-1.51640333825403,-9.01571918076847,-2.15376733193311,-1.3371841,-0.6750061,0.6627888,325.23935,109.889946,-13.620342,WAL
1984297345000,196.779957,-1.69783388224988,-9.19821553180687,-1.89794298231956,-1.455081,-0.70371675,0.6908886,325.0078,110.24362,-13.791819,WAL
1984302341000,196.784953,-1.85501749212544,-9.38874093867596,-1.56452322188153,-1.5311338,-0.7504479,0.71593404,324.77707,110.60845,-13.962546,WAL
1984307320000,196.789932,-1.9912908497908,-9.52905348844391,-1.21165304222953,-1.5897768,-0.81000733,0.7458665,324.53876,111.00448,-14.181308,WAL
1984312320000,196.794932,-2.11531804644351,-9.63877006545129,-0.84434177504483,-1.6276505,-0.89644474,0.763887,324.28525,111.4004,-14.399252,WAL
1984317323000,196.799935,-2.22760086947723,-9.6735278549747,-0.506504878617201,-1.6368134,-0.94989544,0.7840455,324.02148,111.79416,-14.663409,WAL
1984322316000,196.804928,-2.33195303408392,-9.65929773068148,-0.188705178430711,-1.6349808,-1.039998,0.8020661,323.73062,112.18225,-14.930401,WAL
1984327319000,196.809931,-2.43907122961778,-9.71270153712746,0.0207895210043778,-1.602605,-1.1163563,0.8179486,323.44598,112.555275,-15.232972,WAL
1984332322000,196.814934,-2.54798221811753,-9.81354496699781,0.153902936884997,-1.5525141,-1.1597277,0.82650065,323.1508,112.914345,-15.533103,WAL
1984337250000,196.819862,-2.63674992094195,-9.95331452289157,0.263786995158817,-1.4532484,-1.1808025,0.82772243,322.84967,113.25288,-15.869256,WAL
1984342337000,196.824949,-2.65275770145674,-10.2628002481928,0.290466750071194,-1.3154984,-1.174083,0.8237518,322.54773,113.56379,-16.197895,WAL
1984347262000,196.829874,-2.66073300511041,-10.653947518612,0.253021050261199,-1.1673635,-1.1652255,0.82711154,322.25064,113.8392,-16.538645,WAL
1984352314000,196.834926,-2.65637230266787,-11.2077569109509,0.109117766295088,-0.9767735,-1.1670581,0.829555,321.95477,114.06962,-16.868591,WAL
1984357225000,196.839837,-2.60787142707896,-11.6908363061434,-0.0482746227909515,-0.7819075,-1.162782,0.84635377,321.65808,114.28448,-17.210548,WAL
1984362249000,196.844861,-2.30464822498847,-11.8683327820362,-0.309588905766409,-0.5717699,-1.1899655,0.86009824,321.3537,114.45373,-17.54571,WAL
1984367229000,196.849841,-2.00408064011375,-12.0442747505764,-0.5686146082381,-0.35643986,-1.1896601,0.86101454,321.04666,114.57561,-17.853851,WAL
1984372255000,196.854867,-1.70073672814982,-12.2218418858943,-0.830032917600092,-0.121256754,-1.1343768,0.852157,320.75037,114.65269,-18.151302,WAL
1984377255000,196.859867,-1.0766989472225,-12.3218968710763,-1.2583510487276,0.12217305,-1.0421361,0.81336707,320.46082,114.69531,-18.440369,WAL
1984382250000,196.864862,0.50536598326567,-12.1940052847807,-2.18674848698881,0.32070425,-0.89888823,0.74281216,320.2012,114.69583,-18.700756,WAL
1984387261000,196.869873,1.89954999353487,-11.9809522355582,-2.96183033597725,0.41905355,-0.6957755,0.6618725,319.9604,114.62367,-18.822,WAL
1984392232000,196.874844,2.65000355767734,-11.4917325327746,-3.21831444477701,0.41630468,-0.45570546,0.5558874,319.7682,114.51643,-18.898573,WAL
1984397240000,196.879852,3.24468761161639,-11.1303452390815,-3.34551362665466,0.28130344,-0.16982053,0.4334089,319.57913,114.32145,-18.706465,WAL
1984402268000,196.88488,3.27937637447996,-11.2257391445295,-3.0159714434579,0.06352998,0.12339478,0.28802297,319.4561,114.11728,-18.462648,WAL
1984407701000,196.890313,3.27216601630435,-11.354116723913,-2.61463479871739,-0.1777618,0.3182608,0.09010262,319.358,113.87712,-18.069801,WAL
1984412340000,196.894952,2.8685994888587,-11.6886970353261,-1.86958897088121,-0.41080686,0.33078352,-0.11911872,319.2829,113.649895,-17.630901,WAL
1984417342000,196.899954,2.43345403288043,-12.0494581298913,-1.06624358807531,-0.56199604,0.27000242,-0.21624629,319.2272,113.4102,-17.165844,WAL
1984422360000,196.904972,1.74519356611977,-12.2970995900682,-0.239783835876339,-0.6047566,0.06047566,-0.37598756,319.1138,113.14857,-16.644669,WAL
1984427339000,196.909951,0.756248834638754,-12.4038877470302,0.605229951326193,-0.625526,-0.1826487,-0.44776422,318.9765,112.924126,-16.13702,WAL
1984432315000,196.914927,-0.180537657491394,-12.4290309862306,1.09650317086919,-0.5332854,-0.4269948,-0.47739118,318.7651,112.6129,-15.704435,WAL
1984437300000,196.919912,-1.03818010024634,-12.326319394148,1.03487616199441,-0.34055737,-0.53969944,-0.45998153,318.52597,112.288826,-15.2812805,WAL
1984442289000,196.924901,-1.56984951948667,-12.3888433877591,0.78033673857848,-0.098043874,-0.50640726,-0.41233405,318.27472,111.9504,-15.029987,WAL
1984447313000,196.929925,-1.80733161891412,-12.6025771433366,0.348119290839092,0.14905111,-0.37293324,-0.3371976,318.02924,111.58532,-14.795183,WAL
1984452284000,196.934896,-1.82084054336882,-12.9615694325938,0.0418069409471694,0.3848451,-0.20708331,-0.27152961,317.82642,111.28363,-14.700888,WAL
1984457292000,196.939904,-1.61088441593871,-13.472144275296,-0.144290498495672,0.5885687,-0.059253927,-0.24465153,317.66354,110.95182,-14.60864,WAL
1984462264000,196.944876,-1.34608785697282,-14.0182907286043,-0.167068748099493,0.7535023,0.07422013,-0.26939157,317.55725,110.65856,-14.544979,WAL
1984467293000,196.949905,-1.01776266348871,-14.6128255483187,-0.0162166125158913,0.9056077,0.183565,-0.35430184,317.4876,110.32858,-14.464187,WAL
1984472360000,196.954972,-0.676938367037037,-15.1242608148148,0.111463388703704,1.070236,0.21502456,-0.48166725,317.42374,109.930786,-14.312663,WAL
1984477310000,196.959922,-0.323770681213282,-15.4471571749681,0.18714217701788,1.2202033,0.19730948,-0.61636305,317.3747,109.4977,-14.134921,WAL
1984482310000,196.964922,0.0351295520659843,-15.6209475740833,0.152129709701878,1.3591752,0.15882497,-0.7452556,317.3094,108.934135,-13.849167,WAL
1984487382000,196.969994,0.401977503746398,-15.6016399020173,-0.0264673153602306,1.5250251,0.13041973,-0.8720101,317.23947,108.32391,-13.533971,WAL
1984492289000,196.974901,0.671044327113614,-15.4556307804114,-0.140429192972576,1.6881261,0.09468412,-0.9981538,317.14462,107.62023,-13.134009,WAL
1984497306000,196.979918,0.83104358705191,-15.1356316807052,-0.178076077952987,1.8567249,0.049785517,-1.1194105,317.04,106.8767,-12.711437,WAL
1984502256000,196.984868,0.862433756939591,-14.7168980559161,-0.125607732371443,2.025629,-0.018936822,-1.2592987,316.91763,106.06647,-12.206504,WAL
1984507317000,196.989929,0.683369942376435,-14.1167928234648,0.0776538930584124,2.1774292,-0.100792766,-1.3955216,316.78165,105.22263,-11.682375,WAL
1984512243000,196.994855,0.409667033979882,-13.5452767071551,0.270119025898653,2.362216,-0.14538592,-1.4963144,316.64197,104.33296,-11.123021,WAL
1984517309000,196.999921,-0.0415170698310875,-12.9789944870943,0.458879733869805,2.4801128,-0.226631,-1.539075,316.4744,103.43236,-10.5580015,WAL
1984522342000,197.004954,-0.510684062266197,-12.4803660617448,0.623372599676529,2.7305677,-0.2660318,-1.6056592,316.31293,102.489914,-10.006674,WAL
1984527346000,197.009958,-1.030439244814,-12.1475400765864,0.728235473435449,3.005457,-0.25625798,-1.6734654,316.1518,101.54002,-9.453103,WAL
1984532339000,197.014951,-1.54843340578235,-11.8888559801324,0.807220573488188,3.2421672,-0.25137106,-1.713477,315.9951,100.64037,-8.984663,WAL
1984537365000,197.019977,-2.06701600629633,-11.9649782450331,0.76915946090936,3.4596353,-0.21899518,-1.7424932,315.8603,99.732666,-8.506505,WAL
1984542334000,197.024946,-2.57066180209059,-12.0981027421603,0.664817234885017,3.5506542,-0.13713925,-1.7626517,315.7596,98.9489,-8.1288805,WAL
1984547345000,197.029957,-3.02929600900946,-12.5471821269288,0.196628185861623,3.549738,-0.024129177,-1.7641789,315.6915,98.226036,-7.755371,WAL
1984552327000,197.034939,-3.49260783649078,-12.9961787912121,-0.31061168910732,3.449556,0.124311075,-1.7406605,315.68143,97.705414,-7.4933457,WAL
1984557346000,197.039958,-4.00273094179726,-13.4633943251339,-1.06864509844475,3.2711835,0.26358834,-1.709201,315.71436,97.29613,-7.241016,WAL
1984562308000,197.04492,-4.5055175082838,-13.8924260786194,-1.80690377626079,3.0320296,0.42363504,-1.6563611,315.81998,97.12591,-7.1236076,WAL
1984567345000,197.049957,-5.00501361745925,-14.0959247420901,-2.47752362982742,2.7766879,0.5626069,-1.5961909,315.9674,82.96255,-7.022597,WAL
1984572361000,197.054973,-5.50147042569154,-14.2942448777114,-3.12776136448756,2.5595255,0.63285637,-1.518611,316.15915,82.81855,-7.1364994,WAL
1984577349000,197.059961,-5.97678493641791,-14.4083201895522,-3.43671575179104,2.388483,0.6227771,-1.4462235,316.3675,82.66271,-7.25669,WAL
1984582410000,197.065022,-6.47487538840606,-14.5353256293343,-3.73389918704417,2.2876904,0.56321776,-1.4141531,316.58548,82.356995,-7.5583773,WAL
1984587456000,197.070068,-7.28021264814981,-14.8817074651913,-3.71225035055999,2.2476788,0.5143485,-1.4831808,316.8005,82.09033,-7.822711,WAL
1984592294000,197.074906,-8.05235328680226,-15.2138111754323,-3.69149389576203,2.172237,0.42577308,-1.68385,316.99707,81.85285,-8.062031,WAL
1984597341000,197.079953,-8.03126562174941,-14.9815069393223,-4.02045512939322,1.996613,0.310625,-1.8454239,317.16843,81.65243,-8.266843,WAL
1984602278000,197.08489,-7.80305921601655,-14.6089244073089,-4.43029562282309,1.8362609,0.4981606,-1.9511036,317.39825,81.514465,-8.410141,WAL
1984607345000,197.089957,-7.05911704017127,-13.7037507220708,-4.27749244974698,1.5601498,0.7870999,-2.017077,317.6414,81.35165,-8.581488,WAL
1984612314000,197.094926,-6.1746145374854,-12.6571669441417,-3.95332936735111,1.35551,0.87781334,-1.9346102,317.87357,81.19893,-8.743407,WAL
1984617342000,197.099954,-5.25656880161959,-11.8754779612878,-3.50304675043452,1.3411547,0.9993755,-1.8457294,318.17593,81.14001,-8.815862,WAL
1984622372000,197.104984,-4.32891599419317,-11.2047136022121,-3.00354147283231,1.4474452,1.0592403,-1.6426166,318.4741,81.0386,-8.9299965,WAL
1984627346000,197.109958,-3.43831854213294,-10.9576361165675,-2.73530705670635,1.6597209,1.1212431,-1.4645494,318.78522,81.0317,-8.941446,WAL
1984632384000,197.114996,-2.548029021875,-10.89062521875,-2.5629928625,1.861001,1.3020593,-1.3451253,319.1391,80.98516,-8.990454,WAL
1984637405000,197.120017,-1.79768870808105,-10.7942846529599,-2.09611071905046,2.0280726,1.5787812,-1.3038919,319.52042,81.01956,-8.949882,WAL
1984642434000,197.125046,-1.10884356096544,-10.6842605426103,-1.49337123280691,2.1371121,1.7965547,-1.3313808,319.93094,81.03237,-8.927021,WAL
1984647338000,197.12995,-0.527245025263983,-10.6152434951024,-1.31176369150749,2.1731532,1.8976529,-1.3692545,320.3543,81.15772,-8.784705,WAL
1984652380000,197.134992,0.026138511775884,-10.5632161693114,-1.32595300258595,2.2266037,1.9590448,-1.344209,320.8207,81.25746,-8.661491,WAL
1984657355000,197.139967,0.341806922326006,-10.5803769464087,-1.37656679750785,2.2779164,2.107485,-1.3054191,321.3371,81.46519,-8.404608,WAL
1984662340000,197.144952,0.520754776829095,-10.6384139920474,-1.44911316768311,2.3393085,2.2809708,-1.2880094,321.87152,81.64269,-8.163057,WAL
1984667343000,197.149955,0.590318334161884,-10.5884555452207,-1.45642894953493,2.4065037,2.384207,-1.2586879,322.41403,81.89024,-7.8234525,WAL
1984672356000,197.154968,0.599819323356422,-10.4791943679003,-1.42792603155551,2.4324653,2.40742,-1.2006557,322.9763,82.08953,-7.512701,WAL
1984677345000,197.159957,0.627122811525424,-10.2781780695807,-1.61953119277431,2.3710735,2.410169,-1.1652255,323.55157,82.29598,-7.1759605,WAL
1984682378000,197.16499,0.66534271212806,-10.0201935434632,-1.94440024313609,2.219579,2.4645357,-1.1468995,324.14066,82.464325,-6.867116,WAL
1984687429000,197.170041,0.694806317359389,-9.68095274655292,-2.04482537222498,2.1065688,2.5094345,-1.1111639,324.72226,82.589615,-6.5812316,WAL
1984692330000,197.174942,0.718085702737824,-9.30382612002778,-2.00757835561948,2.0280726,2.4929411,-1.0439687,325.29236,82.68757,-6.3237076,WAL
1984697341000,197.179953,0.599963204321936,-8.85473245831733,-2.1769851486554,1.9712621,2.3994787,-0.9969321,325.81662,82.784325,-6.094358,WAL
1984702344000,197.184956,0.383683927554745,-8.36235211313869,-2.48989987864964,1.8979583,2.2791383,-0.945314,326.3161,82.85925,-5.8966403,WAL
1984707342000,197.189954,0.0587184036730946,-7.91456668778696,-2.7402594620753,1.8173242,2.2876904,-0.8677341,326.83734,82.91889,-5.701938,WAL
1984712341000,197.194953,-0.371130819977553,-7.50914069809203,-2.9307607379349,1.7788396,2.2886066,-0.80573124,327.31116,82.95903,-5.526109,WAL
1984717335000,197.199947,-0.802976837201735,-7.1296935643167,-3.03479862255965,1.7693712,2.2470677,-0.78038037,327.78708,82.99255,-5.3699846,WAL
1984722402000,197.205014,-1.24316249507001,-6.76606197300335,-3.06829118280418,1.706452,2.1978931,-0.7458665,328.2497,83.01648,-5.242677,WAL
1984727338000,197.20995,-1.54550193291511,-6.4807577951605,-3.0918465673782,1.6355917,2.1343632,-0.74281216,328.7482,83.01768,-5.117298,WAL
1984732377000,197.214989,-1.73815459516865,-6.2527199726658,-3.10757322315464,1.5757269,2.096184,-0.75655663,329.23166,83.016594,-5.004481,WAL
1984737446000,197.220058,-1.92318799857284,-6.01618980658077,-3.1166839604559,1.4944818,2.0622811,-0.7611381,329.74124,82.9779,-4.9363046,WAL
1984742353000,197.224965,-2.01167905663033,-5.71345737776016,-3.05613746496531,1.4242324,2.037541,-0.7654142,330.23712,82.94696,-4.870695,WAL
1984747337000,197.229949,-2.10161832884422,-5.40916330648241,-2.99256440924623,1.3472633,2.0152445,-0.7623598,330.7702,82.91013,-4.7996364,WAL
1984752346000,197.234958,-2.19321969897487,-5.16810691827136,-2.886499564201,1.2739595,1.9960022,-0.7367035,331.29218,82.879295,-4.740271,WAL
1984757431000,197.240043,-2.28823403768502,-4.91584467101835,-2.77646401314387,1.2263119,1.9905044,-0.73823065,331.8326,82.83785,-4.682517,WAL
1984762353000,197.244965,-2.40451840044405,-4.58094570044405,-2.64157411154529,1.1633929,2.033876,-0.74097955,332.37708,82.80745,-4.6390862,WAL
1984767583000,197.250195,-2.52194843736472,-4.22467202908677,-2.48169294416176,1.1026118,2.0613647,-0.7483099,332.9241,82.75354,-4.621324,WAL
1984772370000,197.254982,-2.5611166765711,-3.89391841306246,-2.15093950991077,0.9950995,2.0836613,-0.768163,333.47876,82.724106,-4.606554,WAL
1984777320000,197.259932,-2.60161861600532,-3.55190245331308,-1.80892373812417,0.84971356,2.0891593,-0.77121735,334.0706,82.675545,-4.6047955,WAL
1984782396000,197.265008,-2.63339116520593,-3.34105262402037,-1.53293170458223,0.72143185,2.1013765,-0.7910705,334.66852,82.65066,-4.600099,WAL
1984787360000,197.269972,-2.66364615624148,-3.14655620794618,-1.26928088788981,0.5946773,2.10046,-0.7984009,335.2605,82.653175,-4.603928,WAL
1984792394000,197.275006,-2.65025968594151,-2.97412680954336,-0.937067720112878,0.46700647,2.0845776,-0.79137594,335.8761,82.61417,-4.6306477,WAL
1984797243000,197.279855,-2.6216678522627,-2.81687157503335,-0.593965437317599,0.33353242,2.0421226,-0.7669413,336.48016,82.59894,-4.665823,WAL
1984802354000,197.284966,-2.59613825404448,-2.714952195926,-0.261949494615233,0.20189096,1.9859229,-0.7452556,337.09247,82.54719,-4.7217116,WAL
1984807253000,197.289865,-2.57305370516631,-2.63646517326314,0.0473817344695926,0.06719518,1.9590448,-0.70524395,337.6965,82.51298,-4.7957325,WAL
1984812342000,197.294954,-2.64027849837294,-2.57937564333892,0.228825341068928,0.009162978,1.9352211,-0.67073005,338.2808,82.414185,-4.902372,WAL
1984817306000,197.299918,-2.73872292515531,-2.53249729359038,0.355396709170693,-0.106595986,1.8939877,-0.6374379,338.84787,82.34467,-5.0244546,WAL
1984822337000,197.304949,-2.67586372214485,-2.5833235637883,0.338229345320334,-0.23640485,1.8197676,-0.61453044,339.42136,82.20815,-5.14573,WAL
1984827330000,197.309942,-2.54742575118384,-2.673705904039,0.2621179348846,-0.35124752,1.7492126,-0.57543504,339.97916,82.079384,-5.2869725,WAL
1984832338000,197.31495,-2.36251501752412,-2.57317399067524,0.201174537186495,-0.4569272,1.7040086,-0.52931476,340.55554,81.928535,-5.4410963,WAL
1984837425000,197.320037,-2.1505808507282,-2.38888334391905,0.145887357592207,-0.5925393,1.638646,-0.49174652,341.1019,81.79829,-5.607384,WAL
1984842357000,197.324969,-2.0033221951087,-2.28495314402174,0.18383305201087,-0.7107417,1.5714508,-0.44898596,341.6173,81.70783,-5.7617493,WAL
1984847349000,197.329961,-1.89339713423913,-2.22999069184783,0.283764945923913,-0.8304713,1.4871514,-0.40286562,342.10477,81.63089,-5.929383,WAL
1984852348000,197.33496,-1.84529641156013,-2.20594035578007,0.454679684966,-0.9746355,1.3933836,-0.3576616,342.59955,81.630646,-6.0242715,WAL
1984857352000,197.339964,-1.82667495937439,-2.1966296296872,0.659515795119487,-1.1172725,1.2724323,-0.31337386,343.05692,81.63565,-6.1336837,WAL
1984862363000,197.344975,-1.85610322983747,-2.20221627451702,0.935176206715731,-1.2541064,1.1371256,-0.25625798,343.50217,81.658195,-6.219732,WAL
1984867334000,197.349946,-1.91449797283042,-2.2168149475621,1.25148104342226,-1.3906348,0.9718866,-0.20677789,343.89883,81.6904,-6.316358,WAL
1984872413000,197.355025,-1.99627213746983,-2.30632890811545,1.54842831661303,-1.5360206,0.8026769,-0.1469131,344.2766,81.74712,-6.4221396,WAL
1984877350000,197.359962,-2.08661139308126,-2.4299509611424,1.8242006765889,-1.6814066,0.6267477,-0.092240654,344.6014,81.80583,-6.5375843,WAL
1984882397000,197.365009,-2.16603643925933,-2.62260007366926,2.11670741292859,-1.8237382,0.44318274,-0.041233405,344.89246,81.8574,-6.6872773,WAL
1984887431000,197.370043,-2.23909509390983,-2.84634254027278,2.41350853418261,-1.9550742,0.25473082,0.022296581,345.12872,81.897675,-6.8513556,WAL
1984892344000,197.374956,-2.32624842583702,-3.33872415563276,2.82906203063803,-2.0778582,0.105374254,0.09773844,345.33978,81.89409,-7.0525155,WAL
1984897345000,197.379957,-2.42709834542009,-4.04971592546852,3.34843894273531,-2.198504,-0.033292156,0.16187929,345.49738,81.87461,-7.263325,WAL
1984902356000,197.384968,-2.49242876054181,-5.23856991696113,3.96715549793875,-2.2944098,-0.14263703,0.2602286,345.63327,81.78731,-7.518933,WAL
1984907346000,197.389958,-2.53933515237534,-6.66452530624264,4.63322680074597,-2.3414464,-0.19211712,0.35124752,345.7437,81.672005,-7.78659,WAL
1984912342000,197.394954,-2.40215758516116,-8.81874751372119,5.60184046696936,-2.3182335,-0.3023783,0.40591997,345.81995,81.49171,-8.076368,WAL
1984917336000,197.399948,-2.15398060316336,-11.410288154775,6.7520454801417,-2.2800546,-0.3268129,0.5412266,345.90033,81.25554,-8.41017,WAL
1984922410000,197.405022,-1.51475068574189,-13.4904904285162,8.43286691673107,-2.067168,-0.3023783,0.6630942,345.96906,80.98796,-8.720018,WAL
1984927343000,197.409955,-0.66592110324575,-15.1881495935085,10.3678333075734,-1.6423112,-0.27000242,0.75869465,346.02396,80.67983,-9.049409,WAL
1984932332000,197.414944,0.711429814787043,-16.4512651181764,11.4725606324235,-0.8029824,-0.23457226,0.7312057,346.04773,80.4256,-9.242235,WAL
1984937408000,197.42002,2.54859118407319,-17.3552650917816,11.8808185622376,0.28802297,-0.22693644,0.4392121,346.0631,80.17651,-9.371267,WAL
1984942442000,197.425054,4.07713606937413,-17.9979975668726,11.3549077825892,1.1578951,-0.047036625,-0.029626964,346.0404,80.01989,-9.25474,WAL
1984947351000,197.429963,5.34685880195336,-18.433733205302,10.1414090001993,1.5693128,0.3811799,-0.38331795,346.0913,79.78935,-9.092117,WAL
1984952339000,197.434951,5.63767978695737,-18.5028798199338,8.88618810850691,1.6618589,0.960891,-0.6059783,346.15344,79.76495,-8.544159,WAL
1984957352000,197.439964,5.08161459169749,-18.2552198592564,7.60583585146,1.4874569,1.4236214,-0.73792523,346.33115,79.650665,-7.9661207,WAL
1984962349000,197.444961,4.21573981054171,-17.2354978487844,6.5803163143448,1.244638,1.6841555,-0.8228355,346.61447,79.736275,-7.1685057,WAL
1984967339000,197.449951,3.02501028496923,-15.4084274452739,5.81863497236962,1.0152581,1.7406605,-0.87781334,346.9918,79.74809,-6.4020443,WAL
1984972343000,197.454955,1.77449503461447,-13.290932972448,5.22427600867195,0.8020661,1.6404786,-0.9101892,347.46176,79.80043,-5.7173905,WAL
1984977345000,197.459957,0.468907626895936,-10.8933995159564,4.79699292393459,0.61269784,1.4471397,-0.915687,347.9226,79.83136,-5.060649,WAL
1984982351000,197.464963,-0.628836648924794,-8.64286547121034,4.45419971695065,0.43066,1.1933253,-0.90316427,348.3803,79.81178,-4.583897,WAL
1984987412000,197.470024,-1.51637649757932,-6.52605910458284,4.19790481903643,0.24220806,0.9502009,-0.8539896,348.7797,79.80559,-4.12506,WAL
1984992384000,197.474996,-2.2796694732467,-4.96878935561948,3.92960096161095,0.06658431,0.76174897,-0.71929383,349.13876,79.7155,-3.900185,WAL
1984997330000,197.479942,-2.90928580416625,-4.0431593648646,3.64298455458784,-0.099571034,0.6469063,-0.52198434,349.44193,79.65251,-3.704816,WAL
1985002309000,197.484921,-3.46093238551471,-3.54104630258595,3.34461884751808,-0.27397305,0.62796944,-0.28710666,349.714,79.52799,-3.7105637,WAL
1985007349000,197.489961,-3.9056802519568,-3.62712658634697,3.02899135678193,-0.44318274,0.63224554,-0.06872234,349.95084,79.42578,-3.7655916,WAL
1985012270000,197.494882,-4.26503743561431,-3.91246066687403,2.86817548767496,-0.539394,0.6737844,0.021991149,350.19662,79.3039,-3.9568074,WAL
1985017338000,197.49995,-4.51979113545879,-4.51632074867807,2.92950493794712,-0.7284568,0.6450737,0.18173242,350.40878,79.21449,-4.22816,WAL
1985022288000,197.5049,-4.71181160813406,-5.39052767071736,3.14292506703254,-0.906524,0.47555858,0.32284227,350.60526,79.14498,-4.57686,WAL
1985027345000,197.509957,-4.79724254610937,-6.83810928400627,3.66025755468444,-1.0558805,0.14569137,0.43004912,350.74176,79.086784,-4.9532,WAL
1985032272000,197.514884,-4.96287670059761,-8.46462452848606,4.11022239840637,-1.1603385,-0.36071593,0.49235737,350.79266,79.03363,-5.364259,WAL
1985037479000,197.520091,-5.34035152719123,-10.7145738961155,4.45293012749004,-1.1349876,-1.0036516,0.52412236,350.7081,78.95437,-5.773609,WAL
1985042303000,197.524915,-5.61251734143584,-12.6742319200113,4.39437948934426,-1.0076222,-1.5992452,0.5170974,350.5044,78.8438,-6.146076,WAL
1985047346000,197.529958,-5.71262188920294,-14.4260596054268,3.4388370852459,-0.84635377,-1.971873,0.58032197,350.17874,78.690796,-6.5216694,WAL
1985052330000,197.534942,-5.76855352875399,-16.0122677398163,2.54459850361422,-0.6197228,-1.9459113,0.6924158,349.83234,78.505356,-6.8845816,WAL
1985057342000,197.539954,-5.62478679073482,-16.9323755636981,1.87847883376597,-0.32711834,-1.559539,0.77824235,349.48608,78.26178,-7.2437363,WAL
1985062323000,197.544935,-5.31009185441502,-17.7647624717381,1.42428931284545,0.098043874,-1.1151345,0.7877107,349.28946,78.175896,-7.5088067,WAL
1985067339000,197.549951,-4.16755896651902,-18.2088236145402,1.96548905100626,0.71685034,-0.9263771,0.7495316,349.13358,77.97038,-7.7791605,WAL
1985072317000,197.554929,-3.00017187647942,-18.4305664518709,2.37133418581301,1.2928963,-1.1365148,0.55741453,349.09738,77.878624,-7.903495,WAL
1985077349000,197.559961,-1.49674648674302,-16.5417695574094,1.51495266676868,1.4862351,-1.5726726,0.14721853,349.0586,77.7759,-7.953296,WAL
1985082385000,197.564997,-0.0693346772104534,-14.5606641719462,0.571594661354187,1.2718215,-1.7391334,-0.23762658,348.96533,77.71124,-7.8121896,WAL
1985087394000,197.570006,0.486249986957038,-11.5738032237181,-1.33258873761631,0.6789767,-1.4385877,-0.46822822,348.89154,77.730385,-7.6099424,WAL
1985092492000,197.575104,0.983112875228554,-8.61942354808122,-3.1270737985598,-0.09468412,-1.0415252,-0.6200282,348.8395,78.06691,-7.1419206,WAL
1985097342000,197.579954,0.721354822003757,-6.72479376008587,-3.29742420244208,-0.8335256,-0.87017757,-0.6203337,348.7967,78.52469,-6.6741276,WAL
1985102272000,197.584884,0.455279110169067,-4.79891234672153,-3.47058450989355,-1.4062119,-0.852157,-0.52473325,348.64148,79.13295,-6.2743025,WAL
1985107349000,197.589961,0.147211903721969,-3.51664982296864,-3.03695123137559,-1.7831156,-0.9630291,-0.42363504,348.4916,79.86107,-5.8830028,WAL
1985112246000,197.594858,-0.157820690765945,-2.44220666397437,-2.47696604174352,-1.9382755,-1.1951579,-0.3652974,348.3037,80.6524,-5.5081024,WAL
1985117332000,197.599944,-0.60766888359034,-1.94084660894191,-2.06763634495199,-2.1856759,-1.5531249,-0.26847526,348.03342,81.44721,-5.251921,WAL
1985122324000,197.604936,-1.09450615274367,-1.65801729872951,-1.7245319874309,-2.334727,-1.8695531,-0.19150625,347.70456,82.23263,-5.0043683,WAL
1985127345000,197.609957,-1.53590020406586,-1.65084881934545,-1.87595715326774,-2.3985624,-2.122146,-0.09773844,347.30124,82.90881,-4.843685,WAL
1985132299000,197.614911,-1.95027467684971,-1.76515904960345,-2.24270250435699,-2.3942864,-2.303573,0.0015271631,346.82608,83.55532,-4.704326,WAL
1985137453000,197.620065,-2.32151093449501,-2.61615588866621,-3.03794302037713,-2.3588562,-2.413834,0.15027285,346.37137,84.07422,-4.648674,WAL
1985142425000,197.625037,-2.65527811858031,-3.734980961783,-3.97343122620199,-2.309376,-2.4798074,0.3182608,345.87875,84.50534,-4.62778,WAL
1985147339000,197.629951,-3.05096625406872,-4.41880418896926,-4.50828605822785,-2.24157,-2.5103507,0.47678033,345.43997,84.82155,-4.674421,WAL
1985152349000,197.634961,-3.48478004173408,-4.92111474240982,-4.87360284170553,-2.1881194,-2.437047,0.6258314,345.01614,84.99545,-4.768679,WAL
1985157345000,197.639957,-3.65666465057096,-5.47636506882137,-4.96874859487153,-2.1340578,-2.261423,0.7834347,344.5577,84.946335,-5.004212,WAL
1985162333000,197.644945,-3.63718297096248,-6.07055700887031,-4.86646982778344,-2.0912971,-2.032654,0.93645644,344.14465,95.28314,-5.2824454,WAL
1985167336000,197.649948,-3.5976611629615,-6.70234871608433,-4.60307042269623,-2.0005836,-1.8329011,1.0775663,343.8065,95.73296,-5.663774,WAL
1985172400000,197.655012,-3.54485832420073,-7.36478357321588,-4.23345085211323,-1.9046779,-1.6887369,1.2299771,343.53015,96.312904,-6.0894794,WAL
1985177347000,197.659959,-3.34398126219319,-8.02595929144893,-4.06394391049089,-1.8390098,-1.6249015,1.3924674,343.28006,96.98407,-6.5569253,WAL
1985182361000,197.664973,-3.03982861799287,-8.70555012244656,-4.0211724162114,-1.7880026,-1.5699236,1.5567901,343.08246,97.71711,-7.0625286,WAL
1985187403000,197.670015,-2.63371115139798,-9.41185493575253,-4.10583115585961,-1.7421877,-1.4801265,1.74738,342.91693,98.46847,-7.5973253,WAL
1985192404000,197.675016,-2.1588587638608,-10.128882607674,-4.28152660916121,-1.6853772,-1.237613,1.9868392,342.82706,99.26413,-8.180963,WAL
1985197345000,197.679957,-1.81417021769843,-10.924380820881,-4.10428330312439,-1.572978,-0.9837985,2.208278,342.75378,100.03175,-8.748136,WAL
1985202349000,197.684961,-1.5630731295556,-11.7985702984669,-3.6485886487483,-1.4602734,-0.9083566,2.3215933,342.71332,100.81193,-9.341032,WAL
1985207347000,197.689959,-1.2571550899647,-12.5524515377711,-3.35673981119516,-1.4077389,-0.8512407,2.3405302,342.71585,101.54543,-9.873746,WAL
1985212343000,197.694955,-0.895235830458901,-13.1846040089763,-3.23127445446293,-1.4165965,-0.8539896,2.3344216,342.73495,102.27936,-10.420649,WAL
1985217299000,197.699911,-0.584954383263106,-13.6365488836795,-3.14611835272008,-1.4764613,-0.8552113,2.2812762,342.7686,102.87573,-10.862247,WAL
1985222281000,197.704893,-0.320676200380811,-13.919703884273,-3.09892585262117,-1.527774,-0.8188649,2.20278,342.817,103.45194,-11.285273,WAL
1985227303000,197.709915,-0.00656110850843822,-13.9851272446591,-3.08989587834358,-1.543351,-0.7473936,2.068695,342.85876,103.90909,-11.587318,WAL
1985232322000,197.714934,0.359173695673593,-13.8116375853087,-3.12271825823822,-1.5381587,-0.63224554,1.885741,342.92206,104.33276,-11.846163,WAL
1985237326000,197.719938,0.736945508188586,-13.4965057140447,-3.07905514647146,-1.5103643,-0.4364632,1.6924021,343.01584,104.67089,-12.0063715,WAL
1985242314000,197.724926,1.13047766699752,-12.9986642021836,-2.9368146154938,-1.4553864,-0.16768251,1.4453071,343.15427,104.945854,-12.092125,WAL
1985247273000,197.729885,1.46114432300885,-12.4677445425459,-2.61894053614704,-1.4511104,0.09987647,1.1872166,343.32367,105.15302,-12.072252,WAL
1985252350000,197.734962,1.71174594159292,-11.8719744165127,-2.03735554712632,-1.4666874,0.17715092,0.92057395,343.49976,105.30019,-11.981638,WAL
1985257244000,197.739856,1.83610749503321,-11.2590416641221,-1.50093068463369,-1.5192219,0.04550946,0.66431594,343.66864,105.36489,-11.780097,WAL
1985262333000,197.744945,1.74430707095271,-10.5487959618321,-0.988780878596213,-1.5778649,-0.32834008,0.45234573,343.76962,105.39607,-11.533757,WAL
1985267283000,197.749895,1.53114796837454,-9.88008724744315,-0.655975628431139,-1.6313156,-0.8570439,0.24740042,343.8158,105.2892,-11.172336,WAL
1985272343000,197.754955,1.06922463305531,-9.24013114576507,-0.641540500022838,-1.7052304,-1.4147639,0.062308256,343.72046,105.17652,-10.792814,WAL
1985277296000,197.759908,0.574068808334146,-8.67237120814894,-0.754022044066673,-1.7867808,-1.928807,-0.11575896,343.4073,105.11612,-10.479627,WAL
1985282359000,197.764971,-0.0214481707866264,-8.21391766856419,-1.13212804383371,-1.8545868,-2.3316727,-0.27672195,342.95566,105.04644,-10.147962,WAL
1985287347000,197.769959,-0.527964815181059,-7.79118585779944,-1.58954978635097,-1.8826867,-2.5876253,-0.38881573,342.42328,105.05133,-9.891762,WAL
1985292330000,197.774942,-0.83369971816156,-7.44114167465181,-2.25862186935933,-1.8771889,-2.6810875,-0.44684792,341.81927,105.05124,-9.619916,WAL
1985297306000,197.779918,-1.13319718183643,-7.13944194642248,-2.9127611162569,-1.8301523,-2.6569583,-0.43371433,341.2231,105.1644,-9.44822,WAL
1985302344000,197.784956,-1.39465118133467,-7.17817584980432,-3.47440306919217,-1.7198911,-2.6056457,-0.38240165,340.611,105.26143,-9.273956,WAL
1985307321000,197.789933,-1.63584445041935,-7.23180056982641,-3.93537645851375,-1.5677856,-2.4330764,-0.35430184,340.0037,105.52727,-9.214424,WAL
1985312389000,197.795001,-1.76837685151161,-7.38799930518822,-3.78391087138678,-1.4935656,-2.2821925,-0.2864958,339.41437,105.799995,-9.17702,WAL
1985317317000,197.799929,-1.89040950530612,-7.55268664489796,-3.6449847907483,-1.4095715,-2.1777346,-0.19333886,338.87003,106.14434,-9.205621,WAL
1985322373000,197.804985,-1.93746524034985,-7.86795993702624,-3.59792900656949,-1.3820826,-2.1022928,-0.10476339,338.36716,106.491905,-9.24294,WAL
1985327508000,197.81012,-1.97661661410692,-8.18294629653138,-3.5385392407563,-1.4089607,-1.954158,-0.012217305,337.9288,106.84005,-9.31189,WAL
1985332333000,197.814945,-1.88573709640622,-8.40188336742357,-3.31134053277311,-1.4156802,-1.7345519,0.06261369,337.53992,107.18229,-9.387493,WAL
1985337265000,197.819877,-1.79284221945289,-8.6256756231003,-3.07910342857143,-1.4257594,-1.5460999,0.14355333,337.19217,107.53523,-9.48271,WAL
1985342352000,197.824964,-1.56058590159849,-8.78214843268467,-2.71712604629666,-1.4450017,-1.3665055,0.22204952,336.91113,107.89554,-9.579429,WAL
1985347261000,197.829873,-1.29919768675536,-8.9128422720413,-2.33437898782764,-1.4944818,-1.1997393,0.2764165,336.68518,108.26629,-9.675427,WAL
1985352335000,197.834947,-1.08533506632423,-8.97056925039767,-1.9666589804772,-1.543351,-1.0598512,0.3213151,336.50906,108.59296,-9.745306,WAL
1985372331000,197.854943,-0.311119281654295,-9.10383593743372,-0.551494084920467,-1.409877,-1.071763,0.34666604,335.94315,109.590775,-9.822186,WAL
1985377273000,197.859885,-0.119772291864396,-9.13677272315747,-0.201736887788971,-1.2748758,-1.0986412,0.36651915,335.7487,109.75594,-9.833019,WAL
1985382336000,197.864948,-0.113863416565066,-9.05219866943474,-0.145481248846843,-1.1218541,-1.0839803,0.38912117,335.4979,109.87566,-9.855267,WAL
1985387338000,197.86995,-0.177149686318769,-8.92562640369916,-0.199726619549873,-0.9773844,-1.0592403,0.41722095,335.24786,109.96384,-9.883197,WAL
1985392310000,197.874922,-0.276835838939581,-8.82620833662146,-0.344452112990136,-0.8542951,-1.0277808,0.44715336,334.9898,110.027504,-9.927566,WAL
1985397348000,197.87996,-0.400777347990136,-8.74192795972051,-0.547716202120838,-0.7483099,-0.9804387,0.46944994,334.74792,110.0597,-9.970951,WAL
1985402350000,197.884962,-0.559313568744939,-8.6711328712165,-0.725444509593214,-0.6957755,-0.9645562,0.49174652,334.51572,110.09789,-10.036253,WAL
1985407355000,197.889967,-0.734888360850202,-8.60644756419896,-0.891778529768652,-0.68936145,-0.9443977,0.50243664,334.30167,110.12084,-10.096793,WAL
1985412340000,197.894952,-0.922544095662354,-8.53358204600534,-1.08167763487369,-0.68477994,-0.93309665,0.54061574,334.12173,110.16046,-10.174773,WAL
1985417337000,197.899949,-1.11911551515096,-8.45495344536866,-1.28807759608749,-0.73731434,-0.93676186,0.571159,333.94617,110.21145,-10.250087,WAL
1985422367000,197.904979,-1.27395888789828,-8.42601859057592,-1.44162676578908,-0.81245077,-0.89827734,0.61544675,333.81177,110.32648,-10.370408,WAL
1985427336000,197.909948,-1.40446464938918,-8.42364595811518,-1.56501403525305,-0.9101892,-0.8561276,0.6588182,333.68228,110.461266,-10.495039,WAL
1985432343000,197.914955,-1.53596844246323,-8.42125518115183,-1.68934489824483,-1.0186177,-0.84635377,0.7165449,333.59033,110.663025,-10.657409,WAL
1985437388000,197.92,-1.66847026712042,-8.41884625968586,-1.8146193547644,-1.1322387,-0.8399397,0.77732605,333.51447,110.89128,-10.824698,WAL
1985442422000,197.925034,-1.74581935232896,-8.48746982480216,-1.82001536379846,-1.2379184,-0.84238315,0.82894415,333.436,111.15853,-11.012547,WAL
1985447347000,197.929959,-1.79306545996194,-8.591410857057,-1.76332004450566,-1.3326025,-0.8723156,0.86070913,333.35645,111.4493,-11.208134,WAL
1985452334000,197.934946,-1.72484737295325,-8.82033333734464,-1.55134820856185,-1.3930782,-0.9297369,0.8924741,333.3267,111.78867,-11.431343,WAL
1985457357000,197.939969,-1.5919888247682,-9.11926476109686,-1.25241638843953,-1.4456125,-0.99082345,0.9211848,333.28973,112.142365,-11.659132,WAL
1985462330000,197.944942,-1.53603348233083,-9.45950833646617,-1.02444829522556,-1.462106,-1.0439687,0.93218035,333.20712,112.524925,-11.93258,WAL
1985467331000,197.949943,-1.52655706229719,-9.82908733245944,-0.83728984312129,-1.4630222,-1.0784826,0.93767816,333.1165,112.908066,-12.208145,WAL
1985472415000,197.955027,-1.51692336514642,-10.2048001130293,-0.647025181953898,-1.4395039,-1.0968086,0.9126327,332.95914,113.24261,-12.47779,WAL
1985477344000,197.959956,-1.50758337827463,-10.5690582356549,-0.462561272651365,-1.3912456,-1.1108584,0.8924741,332.7967,113.5638,-12.745655,WAL
1985482342000,197.964954,-1.51411425365292,-10.9688028767018,-0.28279400605906,-1.3261884,-1.1068878,0.8570439,332.62628,113.873276,-13.006588,WAL
1985487349000,197.969961,-1.53250400933845,-11.3917652412272,-0.108092121061745,-1.2327261,-1.1233811,0.8362745,332.44815,114.15519,-13.262232,WAL
1985492312000,197.974924,-1.48788939129022,-11.7267772031266,-0.0285408481451629,-1.1297953,-1.1459832,0.80909103,332.21893,114.34577,-13.500049,WAL
1985497345000,197.979957,-1.3753524104964,-11.9763156013603,-0.0481124924917267,-1.010982,-1.1643091,0.7819075,331.986,114.50215,-13.727152,WAL
1985502335000,197.984947,-1.18536413666208,-12.1174018846758,-0.154771730408644,-0.870483,-1.174083,0.77274454,331.72623,114.59315,-13.948276,WAL
1985507339000,197.989951,-0.921744160736739,-12.1597692485265,-0.343071690039293,-0.78984874,-1.17897,0.75136423,331.4606,114.66166,-14.154093,WAL
1985512342000,197.994954,-0.604107061690893,-12.1770519804986,-0.640307912042622,-0.59803706,-1.1725558,0.7296785,331.18503,114.64955,-14.32704,WAL
1985517332000,197.999944,-0.2294101572307,-12.1674441739043,-1.05343526889827,-0.41050145,-1.1606439,0.68966687,330.9082,114.61325,-14.483961,WAL
1985522318000,198.00493,0.228470755312089,-12.0698502119923,-1.43822242824952,-0.20066923,-1.0937542,0.6533204,330.64343,114.519104,-14.579687,WAL
1985527347000,198.009959,0.778092415716634,-11.8788805029014,-1.79687383143133,0.008552114,-0.9633345,0.5900958,330.39664,114.37336,-14.646378,WAL
1985532345000,198.014957,1.30223254747819,-11.5859843521508,-2.07103029569839,0.18112154,-0.79504114,0.5290093,330.18323,114.1912,-14.624922,WAL
1985537422000,198.020034,1.80438923523513,-11.1472064216384,-2.23679075672315,0.29260445,-0.6188065,0.4447099,330.00406,113.9655,-14.566607,WAL
1985542362000,198.024974,2.14234155875796,-10.8500189388933,-2.30439241305732,0.3203988,-0.43585235,0.36193767,329.84192,113.74147,-14.423303,WAL
1985547353000,198.029965,2.28980713093153,-10.71682435833,-2.25206599020701,0.2733622,-0.24953845,0.2611449,329.7236,113.496765,-14.238022,WAL
1985552291000,198.034903,2.24600698299523,-10.7903806273369,-2.04389878052904,0.15118915,-0.07696902,0.13652839,329.62894,113.24966,-13.955678,WAL
1985557337000,198.039949,1.92884089385442,-11.1604078316925,-1.60659413530231,0.00030543262,0.02107485,0.006414085,329.55756,113.008026,-13.638686,WAL
1985562291000,198.044903,1.53561191281009,-11.5076366318383,-1.18852077695252,-0.13805555,0.020463986,-0.118202426,329.48474,112.77057,-13.275553,WAL
1985567298000,198.04991,1.01568902640053,-11.8345574563825,-0.782823341600131,-0.26358834,-0.07788532,-0.21563543,329.404,112.556046,-12.890477,WAL
1985572685000,198.055297,0.453200752015142,-12.1723152432938,-0.355760606211889,-0.3323107,-0.18784106,-0.27183503,329.30103,112.319046,-12.53802,WAL
1985577314000,198.059926,-0.0937379533853631,-12.1764588018506,-0.181734656971493,-0.30909783,-0.28191432,-0.29352075,329.1729,112.08761,-12.182456,WAL
1985582331000,198.064943,-0.686520732602112,-12.1809496709973,0.00687804282091782,-0.21502456,-0.33567044,-0.29260445,329.02832,111.83644,-11.924427,WAL
1985587405000,198.070017,-1.005463682806,-12.1376648497879,-0.117810120780452,-0.06841691,-0.33658674,-0.2706133,328.877,111.57307,-11.674809,WAL
1985592248000,198.07486,-1.25705914729855,-12.0873457024361,-0.29621415931295,0.116675265,-0.2648101,-0.258396,328.73495,111.28262,-11.425652,WAL
1985597335000,198.079947,-1.23914840292247,-12.3601788286282,-0.46559465872167,0.30268374,-0.22540927,-0.24709499,328.60687,110.99517,-11.289751,WAL
1985602290000,198.084902,-1.14952525908549,-12.7092373992048,-0.62597286789662,0.4896085,-0.13103059,-0.24953845,328.51807,110.6689,-11.144736,WAL
1985607282000,198.089894,-0.90064456832728,-13.2331203030013,-0.664384363429555,0.5708536,-0.020158553,-0.28252518,328.4643,110.37784,-11.035117,WAL
1985612304000,198.094916,-0.606430991141273,-13.8077562446951,-0.668981447122921,0.7254025,0.09560041,-0.3494149,328.43878,110.02611,-10.909507,WAL
1985617315000,198.099927,-0.262004306745029,-14.3812080548536,-0.634394751905182,0.88514376,0.21960606,-0.45112398,328.441,109.64822,-10.735326,WAL
1985622456000,198.105068,0.11416184242727,-14.969570300911,-0.581345664736997,1.0522153,0.28344148,-0.56046885,328.45624,109.229256,-10.540756,WAL
1985627284000,198.109896,0.447297141914219,-15.359263609324,-0.643314956524009,1.2226468,0.312763,-0.6908886,328.47318,108.70892,-10.247743,WAL
1985632362000,198.114974,0.78737422986014,-15.6857375804196,-0.76574270041958,1.3961325,0.34422258,-0.8038987,328.5063,108.1469,-9.932572,WAL
1985637322000,198.119934,1.03519666287222,-15.7913685777871,-0.78262052230279,1.5567901,0.3717115,-0.94134337,328.52255,107.475494,-9.51171,WAL
1985642292000,198.124904,1.20427919411242,-15.696881457319,-0.70305230224219,1.709201,0.35216382,-1.0775663,328.5332,106.76515,-9.073165,WAL
1985647284000,198.129896,1.11589254679376,-15.3778075903139,-0.417315876030233,1.8212948,0.27580565,-1.2348641,328.52164,105.99416,-8.544851,WAL
1985652234000,198.134846,0.851161056325823,-14.9076810305219,0.00716738003562487,1.9352211,0.10903945,-1.3942999,328.47763,105.18688,-8.000472,WAL
1985657213000,198.139825,0.444389616520093,-14.2696557166,0.433835580475489,2.0949624,-0.0580322,-1.5210545,328.4087,104.325096,-7.417197,WAL
1985662213000,198.144825,-0.104669893263202,-13.4636968485167,0.862001239006943,2.313652,-0.18173242,-1.5961909,328.30722,103.42869,-6.826357,WAL
1985667235000,198.149847,-0.687034005026596,-12.8327172380319,1.17393562726064,2.5592198,-0.24098633,-1.6597209,328.18018,102.46861,-6.2691507,WAL
1985672235000,198.154847,-1.2874037143731,-12.3233123178192,1.40589663599924,2.8475482,-0.29352075,-1.7211128,328.0276,101.45587,-5.7089086,WAL
1985677259000,198.159871,-1.87910995732934,-11.9884532201976,1.50965837307588,3.1111367,-0.31795537,-1.7614299,327.88632,100.40635,-5.232155,WAL
1985682263000,198.164875,-2.45690633676911,-11.8320576934095,1.48359239146043,3.3362405,-0.2660318,-1.7620409,327.76404,99.31434,-4.756348,WAL
1985687292000,198.169904,-3.19989889060531,-11.9977771697537,1.19913796871491,3.492011,-0.14874569,-1.7211128,327.68564,98.2273,-4.386103,WAL
1985692235000,198.174847,-4.30267822638915,-12.9016944337407,0.326857669747947,3.5488217,-0.06414085,-1.676825,327.62686,97.14073,-4.023953,WAL
1985697243000,198.179855,-5.31084203708848,-13.7305399647634,-0.477209717294239,3.5020905,0.12095132,-1.6502525,327.67023,96.15824,-3.7723663,WAL
1985702238000,198.18485,-5.87188316069959,-14.2029957911523,-0.954586975349794,3.4434474,0.26175576,-1.6126842,327.7394,95.23065,-3.5447059,WAL
1985707241000,198.189853,-6.39900189566114,-14.6014330329925,-1.4190624631068,3.2791247,0.34972036,-1.5717562,327.94067,94.73743,-3.5462463,WAL
1985712245000,198.194857,-6.82309345376751,-14.7784808644213,-1.84315389223301,3.0610456,0.3155119,-1.5192219,328.15155,94.34408,-3.5630167,WAL
1985717976000,198.200588,-7.3244003169977,-14.975339863382,-2.34785604474926,2.842356,0.18325958,-1.416902,328.42114,94.25887,-3.72434,WAL
1985722294000,198.204906,-7.87800781336552,-15.0570193845057,-2.94230325429606,2.5610526,0.15118915,-1.3979651,328.70322,94.23422,-3.8658488,WAL
1985727219000,198.209831,-8.4726911418059,-15.1648510630248,-3.55218435155398,2.479502,0.13164146,-1.3631458,328.96796,94.312416,-4.0699735,WAL
1985732266000,198.214878,-8.74049323729547,-15.4117315499091,-3.5438155333391,2.379931,0.14202617,-1.395827,329.22546,94.412575,-4.245662,WAL
1985737281000,198.219893,-9.00659736031512,-15.6570467156956,-3.53549977678123,2.3817637,0.13408493,-1.5305228,329.47577,94.5387,-4.4302325,WAL
1985742255000,198.224867,-8.59913704554794,-15.0369029004566,-3.20365604860731,2.3817637,0.042760566,-1.7559321,329.6997,94.63223,-4.564476,WAL
1985747443000,198.230055,-7.98449959126984,-14.1933055048186,-2.88457320975057,2.2886066,-0.23182335,-1.8573358,329.86365,94.72318,-4.6839614,WAL
1985752240000,198.234852,-7.26831574007936,-13.7418923496315,-3.82212311043084,2.2440135,-0.2321288,-1.8008307,330.0846,94.79992,-4.7859316,WAL
1985757242000,198.239854,-6.52152574140212,-13.2711880339664,-4.79973924618292,2.025629,0.3032946,-1.7730364,330.36578,94.7771,-4.775075,WAL
1985762221000,198.244833,-5.48072123552274,-12.6663557751652,-4.37850638080062,1.5922203,0.78893244,-1.7217237,330.63165,85.214005,-4.785978,WAL
1985767239000,198.249851,-4.40678269306257,-12.0453392701127,-3.83686774160513,1.4156802,1.0283916,-1.6065756,330.9756,85.17557,-4.821611,WAL
1985772208000,198.25482,-3.5600193507432,-11.7014413505603,-3.387795918538,1.4489723,1.0238101,-1.4813483,331.30878,85.28158,-4.713132,WAL
1985777232000,198.259844,-2.73850033935513,-11.3970389942831,-2.94769646729934,1.570229,1.0164797,-1.3723087,331.70258,85.35595,-4.6371636,WAL
1985782240000,198.264852,-1.9106195735322,-11.1626474214689,-2.44900270244068,1.6673567,1.1038336,-1.3231341,332.08423,85.540726,-4.4459734,WAL
1985787214000,198.269826,-1.06018609608136,-11.1465001875706,-1.76542638827119,1.7229455,1.1979067,-1.3313808,332.46027,85.698074,-4.2776723,WAL
1985792211000,198.274823,-0.269413178561067,-11.1749289160949,-1.41130883747304,1.7803668,1.2403619,-1.3716979,332.81488,85.960655,-3.9907658,WAL
1985797229000,198.279841,0.451291754385415,-11.2550073818859,-1.43957180514605,1.8096883,1.4187346,-1.3909402,333.22714,86.19671,-3.7197845,WAL
1985802237000,198.284849,1.06706818305369,-11.2986009277537,-1.48817449203514,1.8802432,1.7702875,-1.4547756,333.67236,86.499855,-3.3319285,WAL
1985807243000,198.289855,1.54496899681208,-11.2938696352152,-1.56388154625938,2.0024164,2.1725423,-1.5079209,334.17462,86.74142,-2.9588666,WAL
1985812192000,198.294804,1.88865472617161,-11.1991250754987,-1.61070606271834,2.1355848,2.361605,-1.4691309,334.66907,86.989494,-2.4866173,WAL
1985817250000,198.299862,2.04122736267061,-10.9633306454138,-1.61532947155674,2.2208006,2.3952026,-1.3701707,335.2216,87.115005,-2.039295,WAL
1985822224000,198.304836,2.11103707364892,-10.6496260539415,-1.7373245662434,2.1972823,2.4217753,-1.3026701,335.78488,87.147835,-1.5307847,WAL
1985827222000,198.309834,1.99920321883381,-10.148805028139,-2.12631188954693,2.0879374,2.4736989,-1.2324207,336.35217,87.034195,-1.0747558,WAL
1985832236000,198.314848,1.85173003223091,-9.60961740589296,-2.41716195024053,1.9981402,2.6184738,-1.1475104,336.9411,86.78795,-0.62456316,WAL
1985837265000,198.319877,1.63452420585288,-8.99661466325917,-2.51369783387452,1.9926424,2.7165177,-1.0476339,337.51862,86.46983,-0.22041585,WAL
1985842200000,198.324812,1.38411509476065,-8.43203377420298,-2.62167730935946,1.9862283,2.7345383,-0.9651671,338.1039,86.12845,0.1550472,WAL
1985847233000,198.329845,1.05516855849079,-7.92921514039193,-2.75795516879204,1.9434677,2.7299569,-0.8765916,338.6967,85.77744,0.48021486,WAL
1985852213000,198.334825,0.700465708446018,-7.48323757719764,-2.83765028696165,1.890017,2.6972754,-0.77579886,339.30737,85.38507,0.75970495,WAL
1985857234000,198.339846,0.270205311471386,-7.16172438381514,-2.78091259199607,1.8469511,2.6148088,-0.70921457,339.89157,85.004555,1.0098112,WAL
1985862227000,198.344839,-0.16517488077084,-6.8702729823424,-2.73163604003585,1.7632625,2.533869,-0.66828656,340.50632,84.635666,1.2127751,WAL
1985867225000,198.349837,-0.622801471057066,-6.66052741508814,-2.70303444870033,1.6844609,2.4388795,-0.64965516,341.0857,84.28684,1.3943483,WAL
1985872222000,198.354834,-1.04214427567839,-6.45748194115578,-2.69339278190955,1.6062702,2.3564126,-0.63591075,341.69138,83.94259,1.5066198,WAL
1985877232000,198.359844,-1.34593597296482,-6.27424267653266,-2.74161365427136,1.5241088,2.298686,-0.62125,342.27164,83.631226,1.6060245,WAL
1985882241000,198.364853,-1.64745412989875,-6.11022159662497,-2.77975326980345,1.4511104,2.2375994,-0.61300325,342.8696,83.33368,1.6327299,WAL
1985887245000,198.369857,-1.94239015812984,-6.00080973766131,-2.78926727754616,1.3713925,2.1826215,-0.62980205,343.44968,83.06816,1.6556633,WAL
1985892218000,198.37483,-2.19847257043983,-5.86344369404037,-2.75901194784844,1.2825116,2.1484132,-0.63316184,344.0434,82.82606,1.6241271,WAL
1985897209000,198.379821,-2.33953621970678,-5.63592147063976,-2.60429693476771,1.2455542,2.1044307,-0.6365216,344.61652,82.597374,1.5917085,WAL
1985902330000,198.384942,-2.48702965551217,-5.39976819935917,-2.48332051924502,1.1563679,2.082745,-0.6453791,345.21054,82.40278,1.5065944,WAL
1985907342000,198.389954,-2.64563243075999,-5.15465495173726,-2.56021886189046,1.0662653,2.0922134,-0.6429357,345.79852,82.22465,1.4121509,WAL
1985912281000,198.394893,-2.80001444237955,-4.91966580400197,-2.57929776974435,1.0219775,2.0931299,-0.65240407,346.4015,82.02368,1.2893881,WAL
1985917263000,198.399875,-2.94544818298918,-4.71793512048181,-2.2931216473648,0.96577793,2.0842721,-0.67256266,347.00287,81.8549,1.1617079,WAL
1985922285000,198.404897,-3.07297958523376,-4.4765218953649,-1.93113442813094,0.8695667,2.1090124,-0.7147123,347.62918,81.70169,1.010921,WAL
1985927284000,198.409896,-3.06339410657723,-3.96370111433577,-1.04448168102913,0.7370089,2.112983,-0.7495316,348.2462,81.57711,0.85766846,WAL
1985932274000,198.414886,-3.04524760250195,-3.49575434592455,-0.230283276272479,0.57910025,2.0964894,-0.7800749,348.89194,81.42163,0.6682612,WAL
1985937288000,198.4199,-2.9654677668491,-3.34088755712471,0.0794504287353401,0.4373795,2.076331,-0.7867944,349.53683,81.299904,0.4745008,WAL
1985942265000,198.424877,-2.89185238956346,-3.19487704576467,0.380741059236774,0.30879238,2.0363193,-0.7825184,350.18628,80.99843,0.21492608,WAL
1985947280000,198.429892,-2.88722415881276,-3.14396597589862,0.607526898409945,0.19425514,1.9816469,-0.7626653,350.82364,80.73441,-0.053757016,WAL
1985952556000,198.435168,-2.88623167388393,-3.09358659821429,0.837628574330357,0.06719518,1.9257526,-0.74372846,351.44104,80.37811,-0.35148716,WAL
1985957324000,198.439936,-2.94645974758523,-3.09821953068182,0.9117555421875,-0.023518313,1.8643607,-0.7122689,352.0384,80.04978,-0.66149426,WAL
1985962488000,198.4451,-3.00422909759326,-3.10224368133852,0.978388318143108,-0.129198,1.7983873,-0.6942484,352.65466,79.74069,-0.9538332,WAL
1985967311000,198.449923,-2.96574898652226,-3.09369260011108,0.871499155447561,-0.23823744,1.7406605,-0.6640105,353.25122,79.46098,-1.2612766,WAL
1985972318000,198.45493,-2.92580083886883,-3.08481529061372,0.760532114681107,-0.35369098,1.6801848,-0.63438356,353.8602,79.23018,-1.559444,WAL
1985977310000,198.459922,-2.82519073689865,-3.03586422266591,0.619343854763263,-0.45998153,1.616044,-0.605062,354.44754,79.025986,-1.8671844,WAL
1985982327000,198.464939,-2.71555736210306,-2.98104736832097,0.473165989903023,-0.5635232,1.5485435,-0.5708536,355.01245,78.85023,-2.184581,WAL
1985987318000,198.46993,-2.61431353141437,-2.9534562624767,0.363763959470905,-0.66920286,1.4700472,-0.5332854,355.54855,78.68161,-2.5024378,WAL
1985992276000,198.474888,-2.51598712019052,-2.93379110343756,0.265437584182025,-0.7703011,1.4373659,-0.5109888,356.07562,78.5376,-2.8259254,WAL
1985997307000,198.479919,-2.44082629959872,-2.95986308103967,0.263677041177383,-0.8188649,1.3634512,-0.46883908,356.55847,78.38523,-3.1355238,WAL
1986002270000,198.484882,-2.37147162216142,-2.99454039712722,0.281015735430917,-0.91232723,1.2880094,-0.43066,357.02942,78.27027,-3.448454,WAL
1986007318000,198.48993,-2.31458395857988,-3.02933097573964,0.404719234319527,-1.0140363,1.1957687,-0.38056904,357.47458,78.187164,-3.73671,WAL
1986012321000,198.494933,-2.26570329089982,-3.06354742269945,0.585577429116507,-1.1065824,1.0751228,-0.33475417,357.88754,78.1201,-4.028483,WAL
1986017295000,198.499907,-2.26637993361986,-3.1311441150763,0.844273995938768,-1.2110404,0.9398162,-0.2828306,358.2628,78.10293,-4.3043118,WAL
1986022381000,198.504993,-2.28990113630481,-3.21582031702724,1.14534498260093,-1.3127494,0.77488256,-0.23487769,358.5927,78.09819,-4.582364,WAL
1986027311000,198.509923,-2.31270088644968,-3.29789929375121,1.43718138925536,-1.4364496,0.5714644,-0.18875736,358.89603,78.06998,-4.842564,WAL
1986032368000,198.51498,-2.33608797295731,-3.382092678192,1.73653569117249,-1.5436565,0.37995818,-0.13958271,359.1528,78.05328,-5.1059213,WAL
1986037301000,198.519913,-2.36025430272756,-3.555497843149,2.02914084805862,-1.6459764,0.20433442,-0.09285152,359.36948,78.06565,-5.3553357,WAL
1986042313000,198.524925,-2.38592492076158,-3.80707011432239,2.32692023169323,-1.7363845,0.01863139,-0.022602014,359.5257,78.086075,-5.6102066,WAL
1986047311000,198.529923,-2.40571472547765,-4.25947562697947,2.67046014804052,-1.8414533,-0.116675265,0.07513642,359.6629,78.186035,-5.8548975,WAL
1986052299000,198.534911,-2.42269475867769,-4.80708196363636,3.03553108347107,-1.9144517,-0.22296582,0.15149458,359.75198,78.28012,-6.102204,WAL
1986057310000,198.539922,-2.41910148,-5.79620240666667,3.51915720666667,-1.9507982,-0.29932398,0.26816985,359.8042,78.34247,-6.3798723,WAL
1986062327000,198.544939,-2.38749173947368,-7.38195871326754,4.16188914747807,-1.9251418,-0.36102137,0.40866885,359.8238,78.376564,-6.6767063,WAL
1986067288000,198.5499,-2.23937207020073,-9.15423845529197,4.84020032923358,-1.8445076,-0.31520647,0.52412236,359.8533,78.36666,-6.9776397,WAL
1986072345000,198.554957,-2.00959504796533,-11.0985049986314,5.56046265640511,-1.6664404,-0.12156218,0.73273283,359.89346,78.27612,-7.341016,WAL
1986077312000,198.559924,-1.44415360715573,-13.0150434845754,6.71685333872575,-1.2541064,0.15790866,0.8151997,359.9542,78.08964,-7.6526136,WAL
1986082310000,198.564922,-0.388721088504187,-14.9533860923354,8.52326692006785,-0.58551437,0.29779682,0.7516697,0.02180348,77.80082,-7.971634,WAL
1986087323000,198.569935,0.968675662669104,-16.3665701672761,9.90928154844607,0.26847526,0.42302418,0.49571714,0.118923895,77.43856,-8.141745,WAL
1986092308000,198.57492,2.58814430939874,-17.2926736552407,10.9032665499695,1.0781772,0.4596761,0.30757064,0.223463,76.95823,-8.305346,WAL
1986097307000,198.579919,4.08568352374288,-17.9503972826947,11.0468311217064,1.349096,0.6203337,-0.04428773,0.2793063,76.5565,-8.130757,WAL
1986102290000,198.584902,5.47665072508445,-18.3879523917576,10.503340250941,1.6319265,0.96944314,-0.40622538,0.41537756,75.997246,-7.926068,WAL
1986107312000,198.589924,6.23165606596656,-18.5867196276509,9.6960435879894,1.6206255,1.3185526,-0.6102544,0.4862333,75.56995,-7.4170794,WAL
1986112304000,198.594916,6.28527359679853,-18.5233535982871,8.61394284410685,1.4483615,1.6105462,-0.7290677,0.6806756,75.10971,-6.8932624,WAL
1986117262000,198.599874,5.8105593375047,-17.6501334411875,7.64006393555054,1.181108,1.7058412,-0.7669413,0.8713921,74.827705,-6.1669455,WAL
1986122335000,198.604947,4.81552703854754,-15.9750106348177,6.74088350277151,0.90224797,1.6563611,-0.7635816,1.1309662,74.546326,-5.4852324,WAL
1986127242000,198.609854,3.84121442039368,-14.2706969996773,5.99281294643433,0.64904433,1.4975362,-0.7498371,1.4192337,74.39758,-4.831103,WAL
1986132322000,198.614934,2.81295144136818,-12.3672333759277,5.41981140400129,0.45478916,1.3240504,-0.71868294,1.6940529,74.26878,-4.2201695,WAL
1986137292000,198.619904,1.80695399929009,-10.5049864841885,4.85921737528235,0.2742785,1.1340714,-0.6994407,1.9719307,74.16886,-3.7746263,WAL
1986142312000,198.624924,0.512622548915187,-8.0928931183432,4.48680415969757,0.090713486,0.95142263,-0.66645396,2.1963975,74.105675,-3.3469474,WAL
1986147267000,198.629879,-0.762643505947732,-5.7381969464604,4.14603886005808,-0.12186762,0.77946407,-0.5739079,2.3616984,74.08312,-2.9439042,WAL
1986152297000,198.634909,-1.70320727044157,-4.28152884082307,3.89039856617603,-0.3390302,0.627664,-0.4456262,2.5304594,74.075005,-2.7299447,WAL
1986157282000,198.639894,-2.60580865701895,-2.92405092431413,3.62467104358443,-0.5161811,0.535118,-0.2687807,2.716068,74.03794,-2.7137358,WAL
1986162304000,198.644916,-3.19072611513152,-2.50236622098614,3.22112330248892,-0.6979135,0.5128214,-0.071776666,2.8663206,74.05379,-2.7338707,WAL
1986167919000,198.650531,-3.81997941286058,-2.10046109605369,2.79136092322716,-0.852157,0.5012149,0.12705997,3.0285063,74.05364,-2.9284935,WAL
1986172333000,198.654945,-4.09095391790865,-2.41377542830529,2.64740576715745,-1.0012082,0.44135013,0.27916542,3.158241,74.08836,-3.1613445,WAL
1986177657000,198.660269,-4.41355860928242,-2.88185599934167,2.50489297893351,-1.1633929,0.25350907,0.41050145,3.2619765,74.16349,-3.5261662,WAL
1986182329000,198.664941,-4.60291521306311,-5.28878753098843,3.0687545630584,-1.3130548,-0.07238753,0.49205196,3.301626,74.255806,-3.9071398,WAL
1986187353000,198.669965,-4.80653841027932,-7.87706321912913,3.6750988692749,-1.4086553,-0.29352075,0.5580254,3.319141,74.373055,-4.360461,WAL
1986192392000,198.675004,-5.10795209475807,-10.4285245201613,3.75152091935484,-1.4065173,-0.8026769,0.59773165,3.1619463,74.47986,-4.7851963,WAL
1986197244000,198.679856,-5.41413481572581,-12.8779871468332,3.73781125169158,-1.359786,-1.3359623,0.66645396,2.9292674,74.569984,-5.220765,WAL
1986202292000,198.684904,-5.83080573534893,-14.5682923051911,2.80866491161818,-1.1899655,-1.8051068,0.7510588,2.5633473,74.61544,-5.6356487,WAL
1986207319000,198.689931,-6.27021352078342,-16.0375613827724,1.65521971382392,-0.98440933,-2.076331,0.85062987,2.1047354,74.6126,-6.040781,WAL
1986212306000,198.694918,-6.2148799716672,-17.0348506015435,0.938860205947775,-0.75533485,-1.9862283,0.9202685,1.6440301,74.62332,-6.4386897,WAL
1986217290000,198.699902,-5.95753032286711,-17.8422227719632,0.398930360729464,-0.46670106,-1.473407,0.9443977,1.2404267,74.54882,-6.838454,WAL
1986222319000,198.704931,-4.60877147668998,-18.2989414661033,1.37651152206488,-0.008246681,-0.7110472,0.8979719,0.99170256,74.54316,-7.277852,WAL
1986227337000,198.709949,-3.01249187062937,-18.6723404181235,2.70207693908508,0.689056,-0.23854288,0.75594574,0.8241203,74.39685,-7.6890383,WAL
1986232332000,198.714944,-1.37306233316856,-17.2230820748393,2.28556948725655,1.4077389,-0.38362336,0.47952923,0.70329386,74.23465,-7.999154,WAL
1986237334000,198.719946,0.284487470588235,-15.2008711411765,1.32419072470588,1.6719382,-0.8885035,0.03481932,0.63945234,74.055435,-8.216105,WAL
1986242308000,198.72492,1.1127924318925,-12.3044764835479,-0.394339167187819,1.4639386,-1.3081679,-0.39400807,0.49435914,73.86914,-8.113083,WAL
1986247308000,198.72992,1.65103517662988,-9.07502011731044,-2.39562370632536,0.9285152,-1.2889256,-0.6646214,0.35278967,73.74717,-7.9292026,WAL
1986252294000,198.734906,1.47929109559153,-6.75892150741246,-2.88041267727494,0.23335053,-0.9993755,-0.82772243,0.11534138,73.86905,-7.4922504,WAL
1986257318000,198.73993,1.09918538885204,-4.68945662493904,-2.92733927748952,-0.43401974,-0.8038987,-0.7831292,359.8586,74.11832,-7.0417466,WAL
1986262308000,198.74492,0.514405912834076,-3.52218620997524,-2.54449448625062,-0.9783007,-0.77946407,-0.6068946,359.62283,74.608604,-6.596322,WAL
1986267293000,198.749905,-0.14766970934522,-2.68986266039624,-2.00064663999009,-1.3240504,-0.91721416,-0.4297437,359.38675,75.20964,-6.1696835,WAL
1986272333000,198.754945,-0.730421332482521,-2.13020716646972,-1.86222164753323,-1.5968018,-1.1948525,-0.32589662,359.1283,75.83272,-5.8529415,WAL
1986277309000,198.759921,-1.27007985649631,-1.693787711226,-1.89507045060561,-1.8164078,-1.4651603,-0.24129178,358.81906,76.51044,-5.5744815,WAL
1986282337000,198.764949,-1.81075102572984,-1.4578591476002,-2.21235132360218,-1.9785925,-1.6814066,-0.122478485,358.46332,77.10263,-5.430499,WAL
1986287334000,198.769946,-2.34589689042058,-1.32052081827808,-2.66225262105888,-2.0977113,-1.7605137,0.035124753,358.06265,77.7196,-5.3167033,WAL
1986292307000,198.774919,-2.67710171696216,-1.48836635419485,-3.09319640924877,-2.2018638,-1.917506,0.12186762,357.616,78.30783,-5.2842813,WAL
1986297316000,198.779928,-2.90507205557485,-1.81716975800585,-3.51844888170353,-2.255009,-2.0931299,0.2764165,357.1342,78.86511,-5.313108,WAL
1986302307000,198.784919,-3.01894190907298,-2.26070564589086,-3.96928724930966,-2.2656991,-2.2660046,0.40744713,356.64978,79.398926,-5.4341164,WAL
1986307302000,198.789914,-3.00321669013807,-2.8372973899737,-4.45152757031558,-2.2149973,-2.3542747,0.5338962,356.14322,79.87242,-5.593211,WAL
1986312268000,198.79488,-2.90722613063009,-3.34647234550785,-4.77311096158815,-2.122146,-2.3338106,0.6606508,355.64587,80.30305,-5.8152933,WAL
1986317291000,198.799903,-2.763802457742,-3.82455117193401,-5.00736961399324,-2.0253236,-2.2021692,0.7996226,355.16537,80.64565,-6.0730405,WAL
1986322280000,198.804892,-2.65999696064631,-4.41684059789849,-4.98551672070777,-1.9456058,-2.038152,0.93767816,354.67596,80.96655,-6.3860583,WAL
1986327278000,198.80989,-2.57933643443695,-5.08110353342585,-4.80996172298771,-1.844813,-1.9031507,1.0870347,354.22455,81.16326,-6.742964,WAL
1986332292000,198.814904,-2.48691536377688,-5.96341865732686,-4.6944125862578,-1.7302758,-1.7962493,1.2198979,353.7898,81.29361,-7.1287584,WAL
1986337273000,198.819885,-2.3876641640642,-6.9795630886555,-4.61879238956703,-1.6303993,-1.6969837,1.3497068,353.40057,81.29515,-7.557846,WAL
1986342269000,198.824881,-2.31105546987298,-8.14066737032871,-4.55745299167071,-1.563815,-1.4999796,1.50731,353.05084,81.18153,-8.02408,WAL
1986347331000,198.829943,-2.24994697445942,-9.41924395006303,-4.50574588630854,-1.4807373,-1.20371,1.6606371,352.76852,80.95082,-8.525817,WAL
1986352331000,198.834943,-2.0983295374585,-10.7178285327498,-4.31986537835798,-1.4291192,-0.94714653,1.7785342,352.580179537495,80.5826619997327,-9.04514864015506,WAL
1986362293000,198.844905,-1.51856939347403,-13.1107492542161,-3.68972120214898,-1.4627168,-0.63438356,1.919644,352.20493,79.849144,-10.079865,WAL
1986367296000,198.849908,-1.06608305049244,-13.9649325564229,-3.33881342418811,-1.5164729,-0.55924714,1.9599612,352.11777,79.37837,-10.604771,WAL
1986372241000,198.854853,-0.602751632250735,-14.5649517584721,-3.02972466238981,-1.5732834,-0.550695,1.9694295,352.0202,78.94933,-11.050565,WAL
1986377232000,198.859844,-0.115878418824682,-14.8786104446621,-2.76288067629775,-1.606881,-0.54428095,1.9566014,351.95084,101.50276,-11.491889,WAL
1986382220000,198.864832,0.292796208178716,-14.9522078241629,-2.55921735198337,-1.6114625,-0.5271767,1.892155,351.83505,101.852135,-11.811718,WAL
1986387262000,198.869874,0.591431631590958,-14.674168244935,-2.44594187028151,-1.6022996,-0.43004912,1.8374827,351.74927,102.21026,-12.123729,WAL
1986392227000,198.874839,0.856160091871738,-14.245373690343,-2.37281461012304,-1.5827519,-0.26816985,1.6756034,351.63797,102.43395,-12.29445,WAL
1986397224000,198.879836,1.09704250771812,-13.6788537206376,-2.33266743213087,-1.5705346,-0.05009095,1.4618006,351.57315,102.63463,-12.430919,WAL
1986402268000,198.88488,1.32360227378346,-13.0835578629359,-2.18912549135239,-1.5500705,0.21135938,1.2153164,351.53763,102.75412,-12.479241,WAL
1986407317000,198.889929,1.52458410681265,-12.4512003008921,-1.88520174509327,-1.5406022,0.42821655,0.95294976,351.54935,102.81809,-12.460558,WAL
1986412288000,198.8949,1.67877942640169,-11.8035698202765,-1.45953807172811,-1.5219707,0.48808134,0.6914995,351.5658,102.80831,-12.359189,WAL
1986417289000,198.899901,1.7753391530722,-11.1184558663594,-0.861787554746544,-1.4947872,0.312763,0.44929138,351.56784,102.74209,-12.193152,WAL
1986422290000,198.904902,1.74876250228188,-10.4274726211668,-0.352114010547238,-1.496009,-0.11178834,0.26328292,351.47614,102.60772,-11.96665,WAL
1986427312000,198.909924,1.48556993073826,-9.72231485616933,-0.00946704696437789,-1.5057828,-0.6560693,0.12064589,351.28806,102.4301,-11.696187,WAL
1986432234000,198.914846,1.12109964120527,-9.12671475706215,0.0489841858945386,-1.5259414,-1.1911873,-0.016798794,350.90692,102.170395,-11.38774,WAL
1986437369000,198.919981,0.575177004863713,-8.65390692179601,-0.321463300432154,-1.5628988,-1.6514742,-0.15057829,350.38745,101.88439,-11.054014,WAL
1986442238000,198.92485,0.064220465498991,-8.28668222537149,-0.800422349348743,-1.5940529,-1.9193386,-0.27152961,349.75333,101.650375,-10.774072,WAL
1986447308000,198.92992,-0.456864280043111,-8.03727422041827,-1.50856313580994,-1.5793921,-2.0033326,-0.3662137,349.04636,101.389984,-10.468165,WAL
1986452255000,198.934867,-0.943859006363541,-7.79282076776226,-2.16524021797753,-1.5332718,-1.9376645,-0.39553526,348.3597,101.23904,-10.247026,WAL
1986457319000,198.939931,-1.35636059863488,-7.53819000031503,-2.69996447865169,-1.459968,-1.7935003,-0.36102137,347.68076,101.077194,-10.014478,WAL
1986462253000,198.944865,-1.70140872893677,-7.35526394197658,-3.07786444986417,-1.3707817,-1.6798794,-0.27183503,347.09723,101.11274,-9.908933,WAL
1986467293000,198.949905,-1.91844123254333,-7.32361349738642,-3.12307964724122,-1.3182472,-1.6001616,-0.16554448,346.54953,101.162895,-9.81496,WAL
1986472300000,198.954912,-2.11388071513278,-7.31243089681735,-3.1437863502838,-1.2990049,-1.5430456,-0.03756821,346.074,101.34806,-9.823647,WAL
1986477311000,198.959923,-2.21116293638759,-7.39998473849584,-3.04650392586661,-1.3051136,-1.4905112,0.09010262,345.62466,101.56022,-9.85962,WAL
1986482313000,198.964925,-2.29512192429907,-7.52092563551402,-2.99029070093458,-1.3225232,-1.4694363,0.19364429,345.1949,101.842964,-9.965471,WAL
1986487410000,198.970022,-2.3270557725514,-7.78095742672897,-3.09977783359813,-1.3277156,-1.3472633,0.28038713,344.81516,102.15118,-10.095816,WAL
1986492440000,198.975052,-2.33502417934078,-8.02883099872408,-3.17386988426369,-1.3142766,-1.1291844,0.31031954,344.4571,102.477036,-10.252467,WAL
1986497304000,198.979916,-2.09728711590643,-8.17741650175439,-2.89155722163743,-1.2809844,-0.93492925,0.36682457,344.13425,102.82258,-10.433724,WAL
1986502284000,198.984896,-1.83492351245065,-8.31484419526268,-2.55539240181192,-1.2644911,-0.77457714,0.44929138,343.85843,103.19246,-10.626266,WAL
1986507318000,198.98993,-1.47868263470999,-8.38316473215913,-1.98931097423828,-1.3054191,-0.68477994,0.52412236,343.6222,103.57184,-10.823396,WAL
1986512308000,198.99492,-1.13919664200251,-8.45958151461368,-1.43726475496479,-1.3500122,-0.643852,0.5516113,343.37616,103.899826,-10.990254,WAL
1986517292000,198.999904,-0.853741823150381,-8.57007997241246,-0.921604413465805,-1.3906348,-0.66614854,0.548557,343.14185,104.2368,-11.163306,WAL
1986522311000,199.004923,-0.579334826031196,-8.66827339463758,-0.435784238390356,-1.4025466,-0.75869465,0.52198434,342.8103,104.46364,-11.286022,WAL
1986527312000,199.009924,-0.393795299202773,-8.67803882985014,-0.177005432625548,-1.3457361,-0.84879726,0.5045747,342.4798,104.67878,-11.405107,WAL
1986532326000,199.014938,-0.257346653347009,-8.6846051447381,0.0125866338475336,-1.2455542,-0.9062186,0.4914411,342.06274,104.80394,-11.484546,WAL
1986537330000,199.019942,-0.362509692770728,-8.67546034786757,-0.138299471820628,-1.1236867,-0.91415983,0.48197266,341.64493,104.90678,-11.555802,WAL
1986542322000,199.024934,-0.469140793324391,-8.66280821877794,-0.286831314157973,-1.0009027,-0.88453287,0.46792278,341.24695,104.99327,-11.608377,WAL
1986547307000,199.029919,-0.59720738482464,-8.60589006825633,-0.410154716542474,-0.86529064,-0.8381071,0.4728097,340.85907,105.0538,-11.659131,WAL
1986552400000,199.035012,-0.734751275309491,-8.54527760493221,-0.532818816555315,-0.766025,-0.76144356,0.46639562,340.49127,105.12618,-11.721343,WAL
1986557325000,199.039937,-0.947919433837689,-8.45723004401651,-0.611598348143054,-0.7174612,-0.691194,0.4654793,340.14362,105.18256,-11.780175,WAL
1986562561000,199.045173,-1.17118058058725,-8.36002479633439,-0.69539761729942,-0.68752885,-0.61391956,0.48349985,339.83453,105.25991,-11.861129,WAL
1986567296000,199.049908,-1.33231341872078,-8.22857386403591,-0.771723700850945,-0.711658,-0.5742133,0.4999932,339.54248,105.33489,-11.935511,WAL
1986572338000,199.05495,-1.50389351795399,-8.08860013633813,-0.852998487179727,-0.75808376,-0.54550266,0.537256,339.28268,105.43872,-12.047469,WAL
1986577311000,199.059923,-1.60297291331058,-8.06120886367084,-0.950199376260903,-0.8191703,-0.5326745,0.58062744,339.0392,105.55123,-12.159645,WAL
1986582290000,199.064902,-1.69338424624573,-8.04764713068828,-1.04965183304892,-0.8885035,-0.5271767,0.6417139,338.81216,105.68203,-12.281312,WAL
1986587326000,199.069938,-1.70622317167188,-8.18495920523876,-1.16890522373612,-0.9233228,-0.5177083,0.6640105,338.57166,105.88083,-12.460506,WAL
1986592260000,199.074872,-1.69603627263124,-8.36323020437642,-1.29114811859437,-1.0091494,-0.5174029,0.70249504,338.34296,106.11063,-12.654061,WAL
1986597306000,199.079918,-1.62132593307009,-8.68345978479763,-1.35451792270484,-1.0735956,-0.5030475,0.7449502,338.11713,106.37719,-12.87602,WAL
1986602284000,199.084896,-1.54132126649556,-9.01289036011846,-1.41099178475814,-1.1563679,-0.5119051,0.77763146,337.89517,106.65846,-13.098201,WAL
1986607316000,199.089928,-1.44208488440698,-9.32069461589404,-1.3872994166165,-1.2125676,-0.528093,0.7858781,337.67258,106.95777,-13.319948,WAL
1986612239000,199.094851,-1.34273927790488,-9.61873173178808,-1.35418416505117,-1.2528846,-0.5873469,0.81245077,337.44528,107.26868,-13.549321,WAL
1986617286000,199.099898,-1.24495738417018,-9.88333769931008,-1.24768836891529,-1.2990049,-0.6930266,0.80939645,337.1945,107.55529,-13.741867,WAL
1986622308000,199.10492,-1.14817801602146,-10.141415853967,-1.13247485373706,-1.303281,-0.81092364,0.8136725,336.9317,107.838264,-13.939187,WAL
1986627313000,199.109925,-1.07913187633866,-10.3534300838239,-0.979943322876367,-1.2959507,-0.9285152,0.8032878,336.6139,108.13838,-14.138136,WAL
1986632240000,199.114852,-1.01740035563031,-10.5518531413887,-0.821205107036726,-1.2852604,-1.0451905,0.77763146,336.26822,108.42587,-14.332803,WAL
1986637328000,199.11994,-1.05827198954234,-10.7590879272883,-0.589673009313516,-1.2486086,-1.1420126,0.7367035,335.89597,108.66653,-14.495521,WAL
1986642246000,199.124858,-1.14892400267323,-10.9605366116339,-0.332825779009838,-1.2186762,-1.210124,0.70005155,335.50348,108.89363,-14.651045,WAL
1986647306000,199.129918,-1.27070133685771,-11.0833416684783,-0.179186599120553,-1.1624765,-1.2388347,0.65057147,335.09097,109.095184,-14.792519,WAL
1986652302000,199.134914,-1.39835298752964,-11.1826263076087,-0.0562627935790514,-1.0916162,-1.2641857,0.60231316,334.66327,109.274506,-14.923033,WAL
1986657315000,199.139927,-1.46492374827375,-11.3036107479377,-0.13887101431714,-1.0012082,-1.2724323,0.5723807,334.23706,109.41374,-15.050789,WAL
1986662266000,199.144878,-1.51321246126897,-11.4291616336694,-0.278908529074244,-0.84971356,-1.2699889,0.5751296,333.81107,109.52125,-15.170578,WAL
1986667294000,199.149906,-1.40900835790269,-11.545557615966,-0.614558671782711,-0.61300325,-1.2131784,0.5900958,333.40668,109.59132,-15.295813,WAL
1986672396000,199.155008,-1.26591092268304,-11.66095873453,-1.00230670971941,-0.3118467,-1.1468995,0.61727935,333.01205,109.623856,-15.419618,WAL
1986677311000,199.159923,-1.01884840076688,-11.5818287520031,-1.35928906178939,0.015882496,-1.0146471,0.63804877,332.64252,109.64791,-15.556929,WAL
1986682285000,199.164897,-0.723514797558184,-11.4228030831744,-1.7136893609691,0.34238997,-0.9288206,0.6209445,332.2834,109.61787,-15.684958,WAL
1986687318000,199.16993,-0.326227683095652,-11.1104616886957,-1.9699241693913,0.47555858,-0.7012733,0.59131753,332.0008,109.582466,-15.7697935,WAL
1986692384000,199.174996,0.140321044347826,-10.6935456956522,-2.15852899130435,0.62949663,-0.43157628,0.5045747,331.75726,109.47492,-15.822873,WAL
1986697308000,199.17992,0.531445429033952,-10.475452801163,-2.407154084562,0.6123924,-0.19639318,0.40133846,331.5618,109.37435,-15.813837,WAL
1986702319000,199.184931,0.896024291834553,-10.3539264164322,-2.6952164625211,0.43951756,-0.0061086523,0.2855795,331.43048,109.2544,-15.763948,WAL
1986707316000,199.189928,1.0297563112719,-10.4557399550647,-2.86151377924056,0.2125811,0.15699236,0.19425514,331.33963,109.11277,-15.63148,WAL
1986712306000,199.194918,0.946564878293983,-10.7677080662605,-2.91350837395278,-0.007941248,0.24251351,0.12614368,331.2778,108.980156,-15.469182,WAL
1986717295000,199.199907,0.667146649478431,-10.9957893113725,-2.67512334694118,-0.19333886,0.26145032,0.056199603,331.21725,108.84724,-15.226516,WAL
1986722396000,199.205008,0.283999267268627,-11.187362867451,-2.28718659582353,-0.3484986,0.21899518,-0.01160644,331.15912,108.7366,-14.968044,WAL
1986727310000,199.209922,-0.131300893389766,-11.1837708873546,-1.81851907616571,-0.47128254,0.112399206,-0.076052725,331.07486,108.65113,-14.706178,WAL
1986732304000,199.214916,-0.579123722929159,-11.0752074771588,-1.28927386846685,-0.5381723,-0.043066,-0.12492194,330.96017,108.57867,-14.440133,WAL
1986737316000,199.219928,-0.960223663908928,-11.0097810949627,-0.855823470907561,-0.5381723,-0.16157386,-0.17073683,330.82492,108.51881,-14.227884,WAL
1986742312000,199.224924,-1.27721601800294,-10.9846229853823,-0.513672949439478,-0.4538729,-0.22357668,-0.18448131,330.66098,108.45688,-14.021036,WAL
1986747306000,199.229918,-1.44655278864095,-11.0631677009714,-0.286394136162355,-0.3323107,-0.23457226,-0.17470746,330.49484,108.39641,-13.897582,WAL
1986752286000,199.234898,-1.52453421443686,-11.2053690455901,-0.130431370787727,-0.18509217,-0.23518312,-0.1563815,330.31577,108.31642,-13.778123,WAL
1986757315000,199.239927,-1.46812534656085,-11.5815485373864,-0.000692183191574325,-0.02565634,-0.22357668,-0.12675454,330.14642,108.23308,-13.724276,WAL
1986762305000,199.244917,-1.29637957936508,-12.1540350922432,0.104263577265648,0.102319926,-0.19456059,-0.10598512,329.98526,108.13211,-13.673131,WAL
1986767275000,199.249887,-1.09142088106898,-12.7100854869804,0.282685990308817,0.23457226,-0.12492194,-0.122478485,329.84018,107.99126,-13.627642,WAL
1986772325000,199.254937,-0.852810065171311,-13.2624249113751,0.530134232382823,0.37751472,-0.08460484,-0.16523905,329.69763,107.82701,-13.58136,WAL
1986777245000,199.259857,-0.60813193914325,-13.7750724316172,0.764819717695028,0.52503866,-0.07941248,-0.24556783,329.54825,107.57613,-13.472676,WAL
1986782304000,199.264916,-0.332041760994301,-14.2510901344075,0.993308125564944,0.675617,-0.0729984,-0.28252518,329.41464,107.30542,-13.364091,WAL
1986787320000,199.269932,-0.0557960471205119,-14.630477233914,1.10661992840384,0.7602218,-0.064446285,-0.36102137,329.2594,106.919235,-13.162746,WAL
1986792310000,199.274922,0.224511947680412,-14.8046079226804,0.970713029896907,0.91813046,-0.03604105,-0.43860126,329.11542,106.4959,-12.954303,WAL
1986797388000,199.28,0.509254279181316,-14.9645277945756,0.828136452275239,1.094976,0.029626964,-0.5235115,328.9703,105.974846,-12.665657,WAL
1986802300000,199.284912,0.778601591125063,-14.9125484234053,0.639120782738323,1.3029755,0.07941248,-0.6169739,328.832,105.41671,-12.359187,WAL
1986807336000,199.289948,1.03667449500428,-14.8485877524027,0.456967422995528,1.5109752,0.14019357,-0.7086037,328.70596,104.79581,-11.9814825,WAL
1986812307000,199.294919,1.06838487721953,-14.6537958842897,0.420727007126273,1.6850718,0.18784106,-0.82344633,328.59366,104.13694,-11.578808,WAL
1986817866000,199.300478,1.04826301156118,-14.3695229101869,0.409986225838859,1.8570304,0.2012801,-0.9398162,328.49026,103.423874,-11.116739,WAL
1986822316000,199.304928,0.448870730970464,-13.4447463881857,0.713963758790436,2.0546453,0.18142697,-1.0323622,328.39587,102.6781,-10.639471,WAL
1986827625000,199.310237,-0.25764282089243,-12.3667828186808,1.06488161019035,2.2962425,0.17623462,-1.1099422,328.31573,101.901535,-10.143231,WAL
1986832304000,199.314916,-0.686103809513944,-11.9898956860558,1.1085211663745,2.574186,0.16401732,-1.1792754,328.23364,101.09579,-9.635221,WAL
1986837334000,199.319946,-1.14670624011155,-11.5847359773351,1.15543438877379,2.87687,0.13530666,-1.2522738,328.1697,100.35847,-9.242505,WAL
1986842398000,199.32501,-1.73367286749974,-11.5273406612157,1.01625849732593,3.1655037,0.10293079,-1.3344351,328.10876,99.61434,-8.835383,WAL
1986847245000,199.329857,-2.33998625604237,-11.5989524316569,0.815745340687031,3.397938,0.08399397,-1.4315627,328.05206,98.88157,-8.411444,WAL
1986852300000,199.334912,-2.84277057031527,-11.8258275022519,0.40578365933943,3.5921931,0.12370021,-1.5173893,328.02567,98.28343,-8.072495,WAL
1986857320000,199.339932,-3.30207045853692,-12.0981267038351,-0.0633583064583049,3.6713002,0.23976462,-1.5946637,328.02695,97.763306,-7.716429,WAL
1986862243000,199.344855,-3.7524954285997,-12.3651643471407,-0.523435178494609,3.6163223,0.42943826,-1.6380352,328.08298,82.52646,-7.472914,WAL
1986867288000,199.3499,-4.49124656722592,-12.7333355032183,-1.38241823499842,3.4578028,0.675617,-1.5940529,328.2003,82.68721,-7.242605,WAL
1986872785000,199.355397,-5.35593688601372,-13.156240603468,-2.37658472564787,3.238502,0.93187493,-1.5060883,328.38446,82.73229,-7.024485,WAL
1986877312000,199.359924,-6.02921573736662,-13.5197285982279,-2.61615627425686,3.0213394,1.0250319,-1.416902,328.59702,82.57424,-7.000765,WAL
1986882287000,199.364899,-6.76912346554878,-13.9191880137195,-2.87943625091463,2.8347201,1.0815369,-1.382999,328.85126,82.251144,-7.2559996,WAL
1986887375000,199.369987,-7.40640516255386,-14.2767870920486,-2.77965600861731,2.7522533,0.95630956,-1.3292428,329.0803,81.923584,-7.5227404,WAL
1986892278000,199.37489,-7.99955101292597,-14.6124433416569,-2.61872506815511,2.6181684,0.7049385,-1.2605205,329.28806,81.62122,-7.784594,WAL
1986897300000,199.379912,-8.46234659751651,-14.692618648369,-2.30518382376072,2.5082128,0.3979787,-1.2177598,329.45837,81.234856,-8.155198,WAL
1986902267000,199.384879,-8.88425670602149,-14.706682106534,-1.95828001659604,2.4303274,0.06078109,-1.1896601,329.54904,80.86563,-8.509465,WAL
1986907318000,199.38993,-8.94203354911385,-14.4527215304896,-1.67572542472214,2.3887885,-0.28344148,-1.1905763,329.57547,80.43352,-8.917513,WAL
1986912242000,199.394854,-8.89009414989486,-14.1269200685892,-1.42075052835686,2.4382687,-0.5329799,-1.2055426,329.537,80.02044,-9.295645,WAL
1986917290000,199.399902,-8.00671437775504,-13.9190696729027,-1.48278421397252,2.453235,-0.67347896,-1.3054191,329.4767,79.602486,-9.643829,WAL
1986922312000,199.404924,-6.87733410537855,-13.7503660961707,-1.6421158373575,2.2962425,-0.63132924,-1.3723087,329.40515,79.2147,-9.970771,WAL
1986927310000,199.409922,-5.88513665338054,-13.6369674380638,-2.55216826384712,2.0222695,-0.1863139,-1.4245378,329.43085,78.869576,-10.245349,WAL
1986932242000,199.414854,-4.95505024756038,-13.5453333754001,-3.72966663885925,1.6062702,0.3631594,-1.4895949,329.50735,78.594284,-10.484434,WAL
1986937364000,199.419976,-4.03631461520843,-13.1604897503436,-3.80621671713239,1.3197744,0.6835582,-1.4975362,329.60004,78.509895,-10.547185,WAL
1986942311000,199.424923,-3.17255685785616,-12.6439712821805,-3.30706033806688,1.3319917,0.73792523,-1.4474452,329.77087,78.4445,-10.608538,WAL
1986947307000,199.429919,-2.3517813266474,-12.0872342459538,-2.6929122016474,1.4782939,0.6948592,-1.3692545,329.95892,78.631165,-10.450899,WAL
1986952298000,199.43491,-1.58738428890173,-11.4932143693642,-1.9607487055684,1.6468927,0.6627888,-1.2913691,330.15756,78.79585,-10.311885,WAL
1986957296000,199.439908,-0.900559115431538,-10.9985543481625,-1.52467377198412,1.7757853,0.7965683,-1.2702943,330.34875,79.00148,-10.1124735,WAL
1986962306000,199.444918,-0.329080256739693,-10.6517596286267,-1.52955820321694,1.8777997,1.0537425,-1.2687671,330.5601,79.17062,-9.936076,WAL
1986967290000,199.449902,0.17945551020479,-10.4015654169873,-1.40358616759811,1.9520199,1.3817772,-1.2999213,330.82162,79.377884,-9.648587,WAL
1986972403000,199.455015,0.622205046562139,-10.2696823789919,-1.10213972597153,2.0152445,1.625207,-1.3179418,331.12756,79.5581,-9.378438,WAL
1986977243000,199.459855,0.919877525847953,-10.1556151169591,-0.765080452064328,2.0409007,1.7128662,-1.3219124,331.46527,79.80281,-9.013696,WAL
1986982304000,199.464916,1.00490949806433,-10.0564111312866,-0.316300645999708,2.0436497,1.7626517,-1.3115277,331.85492,80.02515,-8.664011,WAL
1986987322000,199.469934,1.05238014496435,-9.93405122531194,-0.131999470852674,2.0506747,1.6664404,-1.2928963,332.22592,80.264114,-8.227297,WAL
1986992401000,199.475013,1.01769876836007,-9.75630976434938,-0.530835076822995,2.0152445,1.5491543,-1.2928963,332.59976,80.483406,-7.8008704,WAL
1986997359000,199.479971,0.971241900064193,-9.57826358134403,-0.926399032300903,1.915368,1.5409076,-1.2782356,332.98877,80.641426,-7.3727684,WAL
1987002295000,199.484907,0.77210580728987,-9.34593789388165,-1.39579126442126,1.7745636,1.6539177,-1.2244794,333.3741,80.771614,-6.96835,WAL
1987007326000,199.489938,0.564479642904699,-9.10359388234735,-1.86252951339167,1.6972891,1.7754798,-1.1621711,333.72787,80.90511,-6.606129,WAL
1987012307000,199.494919,0.301333318154841,-8.79507745063724,-2.18011985468899,1.6395624,1.9385809,-1.1010846,334.11703,81.03073,-6.274908,WAL
1987017832000,199.500444,0.00351718680024044,-8.45376260649168,-2.52032917662793,1.6181821,2.1025982,-1.029308,334.50885,81.14983,-6.0289564,WAL
1987022324000,199.504936,-0.306778274934883,-8.1865637581647,-2.65823821173112,1.5937474,2.2156084,-0.9615019,334.92038,81.25898,-5.811723,WAL
1987027650000,199.510262,-0.673351775649844,-7.87036355256811,-2.81901992776239,1.5448782,2.2653937,-0.90102625,335.3861,81.34987,-5.623137,WAL
1987032303000,199.514915,-0.963922959723091,-7.6076554635105,-2.89862853909781,1.5167783,2.284636,-0.8555168,335.86307,81.4231,-5.4603,WAL
1987037326000,199.519938,-1.27759995469406,-7.32405719758821,-2.98456751497097,1.4618006,2.287385,-0.8356637,336.40692,81.470085,-5.3095336,WAL
1987042396000,199.525008,-1.55573233433419,-7.08707059543445,-3.01450694598458,1.4126259,2.2983804,-0.82802784,336.9494,81.51006,-5.1764717,WAL
1987047246000,199.529858,-1.80886527983548,-6.87692236458612,-3.02405912696144,1.3497068,2.3081543,-0.8402451,337.4842,81.56026,-5.050257,WAL
1987052297000,199.534909,-1.98419263486273,-6.65849555362918,-3.02273403809703,1.2861768,2.3469443,-0.8564331,338.07477,81.57681,-4.9575887,WAL
1987057316000,199.539928,-2.13332559455622,-6.44157490214366,-3.01821481460135,1.210124,2.3674083,-0.8732319,338.65683,81.609535,-4.8673325,WAL
1987062305000,199.544917,-2.25139303712795,-6.21665232387235,-2.91002387112611,1.1407908,2.3774874,-0.88270026,339.27698,81.61755,-4.807939,WAL
1987067306000,199.549918,-2.35426366339368,-5.98641814059527,-2.74837013945996,1.0772609,2.346028,-0.91751957,339.88672,81.646164,-4.742017,WAL
1987072322000,199.554934,-2.39819657065653,-5.76578581897518,-2.48351369635709,1.0253373,2.2656991,-0.95325524,340.50458,81.6594,-4.6968484,WAL
1987077289000,199.559901,-2.4172389411229,-5.55155829373499,-2.17883482440953,0.9569204,2.2174408,-0.95722586,341.11734,81.68956,-4.656846,WAL
1987082306000,199.564918,-2.41315133666506,-5.34405823703133,-1.83018279811084,0.93523467,2.1200078,-0.9801333,341.7042,81.68622,-4.630066,WAL
1987087351000,199.569963,-2.39918079560482,-5.13915615770602,-1.46229031126747,0.86315256,2.0146337,-1.0005972,342.27008,81.70912,-4.606715,WAL
1987092312000,199.574924,-2.40343789501982,-4.95529713828641,-1.00483278933428,0.7742717,1.9339994,-1.0042624,342.8202,81.68581,-4.607071,WAL
1987097322000,199.579934,-2.41806730888302,-4.77974366272995,-0.487924636493546,0.6704246,1.8362609,-1.0192287,343.3319,81.686066,-4.600173,WAL
1987102297000,199.584909,-2.43558138897316,-4.53795101270332,0.034983386753817,0.5439755,1.751656,-1.0238101,343.8606,81.645386,-4.588179,WAL
1987107319000,199.589931,-2.45477894993514,-4.25958592772179,0.567716064275022,0.3921755,1.6679676,-1.0161743,344.35767,81.63293,-4.5787745,WAL
1987112312000,199.594924,-2.49609739898818,-4.00429569091364,0.949802015718293,0.21899518,1.602605,-0.9896017,344.82074,81.54707,-4.629618,WAL
1987117307000,199.599919,-2.54881196285314,-3.75989152185935,1.25650547409337,0.025961773,1.5372424,-0.9428705,345.2553,81.49555,-4.6911483,WAL
1987122391000,199.605003,-2.61222900851106,-3.61880742371082,1.43815504497847,-0.12736541,1.500285,-0.90224797,345.71188,81.34839,-4.779484,WAL
1987127337000,199.609949,-2.67862907089216,-3.53343600690898,1.55198351817363,-0.2574797,1.4709635,-0.8573494,346.1474,81.23358,-4.8853874,WAL
1987132306000,199.614918,-2.73182006300773,-3.51360953536575,1.54725822317127,-0.37415496,1.4654657,-0.806953,346.59656,81.088486,-5.031547,WAL
1987137334000,199.619946,-2.77889798091725,-3.52644896752289,1.48306106238557,-0.49388456,1.4672983,-0.75411314,347.03534,80.96636,-5.194,WAL
1987142336000,199.624948,-2.78618666338637,-3.55960456898448,1.3589002161265,-0.5876524,1.4746287,-0.7147123,347.55252,80.85779,-5.327413,WAL
1987147320000,199.629932,-2.73930906448635,-3.62054554545276,1.15263858516991,-0.6835582,1.491122,-0.6750061,348.06705,80.76583,-5.4806323,WAL
1987152367000,199.634979,-2.6683084081697,-3.67358669164717,0.938956732743921,-0.7675522,1.5033394,-0.6374379,348.59686,80.67884,-5.641873,WAL
1987157394000,199.640006,-2.56055201132363,-3.71277079875878,0.718545997265235,-0.83658,1.5057828,-0.6068946,349.1235,80.60043,-5.816204,WAL
1987162267000,199.644879,-2.41099062270481,-3.7570935934043,0.571623067786542,-0.9025534,1.4871514,-0.5696318,349.62042,80.54131,-5.9974527,WAL
1987167298000,199.64991,-2.19119554689223,-3.81204242212507,0.516674291661281,-0.96486163,1.4330899,-0.5338962,350.1035,80.48513,-6.188074,WAL
1987172312000,199.654924,-1.98793678281031,-3.88844773020188,0.483290890125924,-1.0164797,1.4016303,-0.5177083,350.6338,80.5056,-6.3034873,WAL
1987177395000,199.660007,-1.81766278514891,-4.01493680853488,0.497885790422746,-1.0720685,1.3350459,-0.49693888,351.13254,80.523796,-6.4313383,WAL
1987182407000,199.665019,-1.65990859039237,-4.15289738307602,0.553877322060183,-1.1395692,1.2342533,-0.48533243,351.6076,80.6091,-6.4940505,WAL
1987187338000,199.66995,-1.52523720517258,-4.31543199744321,0.693192609515193,-1.1728612,1.119716,-0.47311515,352.05374,80.68425,-6.5649147,WAL
1987192296000,199.674908,-1.41570950461347,-4.46027599215423,0.856042161374448,-1.2269229,0.99387777,-0.45051312,352.47046,80.80677,-6.586447,WAL
1987197309000,199.679921,-1.37426724613466,-4.55697448308076,1.08167213220602,-1.3081679,0.82986045,-0.44135013,352.83817,80.93113,-6.6076117,WAL
1987202291000,199.684903,-1.37729313959085,-4.66904078150822,1.34613103172884,-1.3891076,0.64965516,-0.4288274,353.17264,81.08314,-6.5881805,WAL
1987207323000,199.689935,-1.57542889651023,-4.8526788579623,1.79072846670678,-1.4636332,0.46700647,-0.42149702,353.45413,81.23878,-6.5694513,WAL
1987212333000,199.694945,-1.76212592031023,-5.0435687756665,2.18412106258846,-1.563815,0.30268374,-0.38545597,353.70688,81.402626,-6.5386977,WAL
1987217308000,199.69992,-1.90531379961222,-5.26527918041687,2.37811746176442,-1.6743816,0.15210545,-0.31642818,353.90558,81.56406,-6.5183396,WAL
1987222370000,199.704982,-2.04636248413262,-5.5734336672412,2.60405824814965,-1.7935003,0.034513887,-0.2510656,354.0879,81.70354,-6.5454135,WAL
1987227312000,199.709924,-2.15673027660955,-6.36040369988847,2.99274481947683,-1.9098701,-0.061086524,-0.13255776,354.2281,81.82333,-6.6039906,WAL
1987232311000,199.714923,-2.24679860049082,-7.20342248689506,3.43118087203298,-1.9892827,-0.09743301,0.002443461,354.36862,81.90338,-6.707117,WAL
1987237357000,199.719969,-2.22307987427113,-8.30397207696083,4.11428073203102,-2.0137172,-0.07269296,0.12767084,354.49506,81.953674,-6.8381667,WAL
1987242300000,199.724912,-2.12473344864865,-9.48781512776413,4.81685161400491,-1.9443841,-0.005497787,0.26389378,354.63522,81.93541,-7.009673,WAL
1987247307000,199.729919,-1.47438964562162,-11.4624100939558,5.77351668937592,-1.784032,0.13958271,0.4098906,354.79913,81.86434,-7.2163267,WAL
1987252298000,199.73491,-0.772514484100834,-13.3953461565105,6.77696809547439,-1.5042557,0.38148534,0.46181414,354.99966,81.7475,-7.4061375,WAL
1987257315000,199.739927,0.514965323620484,-14.9546268685987,8.3267122254863,-1.0497719,0.61727935,0.4801401,355.23132,81.56395,-7.6216426,WAL
1987262326000,199.744938,1.81080324929227,-16.4518217944721,9.8106296907039,-0.41263947,0.77946407,0.36713,355.42932,81.46858,-7.641249,WAL
1987267292000,199.749904,3.2162693036534,-17.1977652434009,10.4974432587988,0.34116822,0.8368854,0.1414153,355.66083,81.32495,-7.633639,WAL
1987272633000,199.755245,4.71574073978645,-17.9838005652131,11.1765703155374,1.0005972,0.89369583,-0.17867808,355.8121,81.28405,-7.3364663,WAL
1987277326000,199.759938,5.7921351062369,-18.3515690720487,10.5890381864085,1.312444,0.94134337,-0.28771752,355.98575,81.12833,-7.0544076,WAL
1987282700000,199.765312,6.94747141392216,-18.702644757485,9.89059033982036,1.346347,1.2336423,-0.6469063,356.17596,81.11458,-6.4082355,WAL
1987287325000,199.769937,6.69467799256175,-17.8738134279566,8.87527258860404,1.1096367,1.3252722,-0.72082096,356.34146,80.94065,-5.848023,WAL
1987292288000,199.7749,6.42341015467814,-16.9844102088323,7.78575431848802,0.9624182,1.4245378,-0.7840455,356.58267,80.88187,-5.06459,WAL
1987297311000,199.779923,5.38489962454391,-15.3861971943974,6.84302446246635,0.6658431,1.3878858,-0.79626286,356.83466,80.80126,-4.322267,WAL
1987302282000,199.784894,4.20791177694148,-13.6681747954342,5.94129983026617,0.4288274,1.2278391,-0.7877107,357.09958,80.65538,-3.6109452,WAL
1987307279000,199.789891,2.95050675872,-11.6399537288,5.18686378904,0.26908615,0.9954049,-0.7846564,357.37454,80.580864,-2.950402,WAL
1987312251000,199.794863,1.68392436384,-9.5591389136,4.46786396288,0.14844026,0.77824235,-0.7877107,357.61313,80.501526,-2.311652,WAL
1987317277000,199.799889,0.541371612863913,-7.77636027691266,3.88688036574137,0.04642576,0.6026186,-0.7602218,357.83447,80.429535,-1.8421915,WAL
1987322260000,199.804872,-0.561769255150401,-6.07780069552181,3.34223335694941,-0.080634214,0.49693888,-0.70921457,358.0115,80.37111,-1.383455,WAL
1987327279000,199.809891,-1.5754753545601,-5.02729818582645,2.87913485883833,-0.24923302,0.46395215,-0.61666846,358.19427,80.34186,-1.108109,WAL
1987332276000,199.814888,-2.55339227871955,-4.19390079947654,2.44557569208778,-0.41416663,0.48624873,-0.45723262,358.3551,80.33506,-0.8675514,WAL
1987337279000,199.819891,-3.33437614455426,-4.08058294854747,2.27621883577918,-0.5751296,0.5458081,-0.25381452,358.53708,80.36547,-0.82177824,WAL
1987342254000,199.824866,-4.05258893780573,-4.18046706205451,2.18584766526904,-0.7089091,0.548557,-0.050396383,358.7006,80.42889,-0.8213028,WAL
1987347306000,199.829918,-4.42587660224231,-4.97260027832772,2.44256566485851,-0.8029824,0.48075095,0.17684549,358.87494,80.526596,-1.0188509,WAL
1987352193000,199.834805,-4.68166362502809,-5.94315655627745,2.79397401413832,-0.86009824,0.31398472,0.37568212,359.0138,80.63841,-1.2634792,WAL
1987357240000,199.839852,-4.94582509505057,-6.94548877129942,3.15688744544897,-0.8863655,0.08368854,0.54519725,359.12662,80.74152,-1.6606148,WAL
1987362175000,199.844787,-5.20412445200736,-7.92557783037082,3.51174731933803,-0.90316427,-0.22968534,0.6786713,359.16248,80.826355,-2.0937598,WAL
1987367230000,199.849842,-5.45027828629935,-9.87244894622864,3.77830137139069,-0.88147855,-0.42149702,0.78954333,359.17447,80.84956,-2.606946,WAL
1987372201000,199.854813,-5.68873059469652,-11.9717646888627,4.02142911473188,-0.7831292,-0.8246681,0.8530733,359.0362,80.81583,-3.119389,WAL
1987377249000,199.859861,-6.1895317950908,-13.8366454085013,3.8300785193175,-0.6936375,-1.1557571,0.98929626,358.86353,80.694954,-3.6872094,WAL
1987382195000,199.864807,-6.74250777192177,-15.5995519095989,3.53704854951108,-0.453262,-1.314582,1.1621711,358.62384,80.465065,-4.265467,WAL
1987387279000,199.869891,-6.77914444982481,-16.6885355143658,3.37517673412754,-0.11362094,-1.2324207,1.2724323,358.3924,80.19358,-4.8361726,WAL
1987392211000,199.874823,-6.68457486808489,-17.5680332170387,3.25223622849134,0.42943826,-0.90469146,1.278541,358.18774,79.788124,-5.4116364,WAL
1987397245000,199.879857,-5.48647115565347,-18.1018160522772,2.95943238176238,1.1575897,-0.43066,1.1560625,358.1119,79.3354,-5.991136,WAL
1987402304000,199.884916,-4.00901439869307,-18.5479316954455,2.62364671647525,1.7956384,-0.17654006,0.94042706,358.07614,78.79423,-6.5265646,WAL
1987407331000,199.889943,-2.11478743593573,-17.1347999586433,1.19289793198453,2.0454822,-0.18295415,0.5311473,358.1441,78.31496,-6.9104033,WAL
1987412285000,199.894897,-0.143268371462859,-15.2856181234752,-0.486892724030546,1.822211,-0.17745635,0.0290161,358.3041,77.86845,-7.2034626,WAL
1987417304000,199.899916,0.80915620401585,-12.6417853097573,-1.56350691050025,1.1896601,-0.0143553335,-0.35643986,358.5514,77.743935,-7.1775928,WAL
1987422351000,199.904963,1.46989038590391,-9.76423988459634,-2.46842551134225,0.355829,0.06566802,-0.6239988,358.78668,77.779366,-7.048822,WAL
1987427306000,199.909918,1.68670614491559,-7.59101612681586,-2.24102916301531,-0.45906523,-0.16920967,-0.8185594,358.9845,78.275406,-6.600742,WAL
1987432303000,199.914915,1.77595340853946,-5.59469647909305,-1.67736241298587,-1.0693196,-0.58001655,-0.86162543,359.13574,78.90903,-6.136019,WAL
1987437371000,199.919983,1.50840726631972,-4.12916084728005,-1.07771044504517,-1.4162911,-1.0454959,-0.81031275,359.09692,79.625275,-5.649811,WAL
1987442321000,199.924933,1.11739819228201,-2.90027527628633,-0.481887159401021,-1.6441438,-1.4819591,-0.7125743,358.9384,80.44532,-5.156193,WAL
1987447308000,199.92992,0.535466184697509,-2.16269396565836,-0.486315479371293,-1.8338175,-1.9120082,-0.6102544,358.64786,81.24742,-4.669753,WAL
1987452314000,199.934926,-0.132757498434164,-1.64612390521945,-0.761187625345987,-1.9740111,-2.2446244,-0.5036584,358.2502,82.0663,-4.205854,WAL
1987457316000,199.939928,-0.853014055273169,-1.55901961784703,-1.36396056479158,-2.0357084,-2.4611762,-0.38881573,357.85947,82.84532,-3.7798758,WAL
1987462310000,199.944922,-1.59818728782679,-1.684828098017,-2.12848901343586,-2.0454822,-2.6352727,-0.28221974,357.3774,83.61373,-3.3800173,WAL
1987467304000,199.949916,-2.35902856271556,-2.07379341226957,-2.85935177847374,-2.0491474,-2.82403,-0.160963,356.7419,84.25183,-3.1857593,WAL
1987472341000,199.954953,-3.13351987922696,-2.58534009979187,-3.5812541192666,-1.992337,-2.9232957,-0.03848451,356.08356,84.84669,-3.0251234,WAL
1987477334000,199.959946,-3.76347036232761,-3.08314167733902,-4.2973800096835,-1.9706513,-3.0628784,0.014966198,355.53458,85.510735,-2.902796,WAL
1987482318000,199.96493,-4.32701483729537,-3.57565122130172,-5.01246597408473,-1.9104811,-3.08884,0.13103059,354.99265,86.064766,-2.8390293,WAL
1987487314000,199.969926,-4.65276330240822,-3.88012354479687,-5.47338185333333,-1.8558086,-2.987131,0.26358834,354.50177,86.49374,-2.904696,WAL
1987492296000,199.974908,-4.8536053532746,-4.08563619018111,-5.80033390666667,-1.8069394,-2.7937922,0.4184427,354.0391,86.74092,-3.0130572,WAL
1987497388000,199.98,-4.96391920793193,-4.34840329088549,-5.74265431737333,-1.7437148,-2.581822,0.59437186,353.6521,86.71416,-3.2533069,WAL
1987502303000,199.984915,-5.01369992137295,-4.63351170925873,-5.45302070608595,-1.7033978,-2.391232,0.81214535,353.32697,93.56185,-3.5503309,WAL
1987507284000,199.989896,-5.09913288339266,-5.16793947472796,-5.01675392763145,-1.6630806,-2.2675319,1.0375546,353.06757,94.06811,-3.9326093,WAL
1987512314000,199.994926,-5.21670781617004,-5.9272761115631,-4.4484761601139,-1.6319265,-2.2061398,1.2592987,352.86053,94.71427,-4.3731446,WAL
1987517288000,199.9999,-5.2175960745197,-6.88601038948186,-4.18854001296332,-1.5961909,-2.1685717,1.4627168,352.68835,95.44562,-4.8803673,WAL
1987522335000,200.004947,-5.1284875823792,-8.02096687977877,-4.16040031901805,-1.5604553,-2.0195205,1.6432275,352.58478,96.229004,-5.4362106,WAL
1987527309000,200.009921,-4.86114348261146,-9.15356807445746,-4.27420960538455,-1.4990633,-1.7168368,1.7815884,352.53793,97.02169,-6.042371,WAL
1987532308000,200.01492,-4.41774085244711,-10.3055459320803,-4.52634081801507,-1.4425583,-1.2696834,1.8997909,352.59464,97.83216,-6.677929,WAL
1987537344000,200.019956,-3.84688095702613,-11.4424369362434,-4.63363017094936,-1.4150693,-0.8017606,1.9853121,352.6779,98.67439,-7.3481727,WAL
1987542346000,200.024958,-3.00222740444038,-12.5188548594775,-4.4121661234921,-1.4138476,-0.47250426,2.0347922,352.86496,99.51254,-8.021537,WAL
1987547323000,200.029935,-2.21640444541639,-13.3669939060383,-4.01575353916818,-1.4294246,-0.28710666,2.01219,353.06076,100.31413,-8.629337,WAL
1987552345000,200.034957,-1.49151977701994,-13.945067161595,-3.39638993903463,-1.4492778,-0.21166481,1.9437732,353.32895,101.099144,-9.219288,WAL
1987557281000,200.039893,-0.828722853631181,-14.3392919213227,-2.75085656845651,-1.5128077,-0.26083946,1.8277088,353.54385,101.736946,-9.648512,WAL
1987562345000,200.044957,-0.245573064905152,-14.4046446602052,-2.01689215639059,-1.6059648,-0.32070425,1.6832392,353.77957,102.34706,-10.039502,WAL
1987567296000,200.049908,0.236328683723812,-14.2019951298318,-1.5213332452936,-1.7095064,-0.3368922,1.5234979,353.99445,102.746056,-10.228673,WAL
1987572354000,200.054966,0.60318621473591,-13.6159760557687,-1.33075793422839,-1.8472565,-0.32834008,1.4358387,354.19772,103.14573,-10.398046,WAL
1987577240000,200.059852,0.928280535459118,-12.8539001077029,-1.13949268996844,-1.9092593,-0.408058,1.2443326,354.34677,103.36367,-10.398008,WAL
1987582348000,200.06496,1.21776661897031,-11.7200792772463,-0.92720285475392,-1.9740111,-0.6239988,1.0140363,354.45056,103.58154,-10.373417,WAL
1987587276000,200.069888,1.40468859156813,-10.827175184338,-0.853148880866447,-1.9529362,-0.9468411,0.7779369,354.4583,103.74578,-10.287186,WAL
1987592330000,200.074942,1.42345241151386,-10.2877162793177,-1.02202293219616,-1.844813,-1.2425,0.5653558,354.3991,103.86532,-10.156875,WAL
1987597268000,200.07988,1.33403599822316,-9.76151063049293,-1.16299102472297,-1.6288722,-1.4822645,0.3894266,354.23465,103.937515,-9.990372,WAL
1987602350000,200.084962,0.966737846580053,-9.22218653611005,-1.24667925296141,-1.4214834,-1.7507398,0.23976462,353.9662,103.95422,-9.789571,WAL
1987607284000,200.089896,0.59168369143024,-8.73353177636063,-1.38407940950248,-1.3109168,-2.0778582,0.10873401,353.5914,103.97582,-9.593217,WAL
1987612345000,200.094957,0.129227698706066,-8.37961162642391,-1.76159443320027,-1.3026701,-2.3985624,-0.009773844,353.13495,103.952034,-9.371845,WAL
1987617348000,200.09996,-0.310991250971056,-8.03902407946261,-2.17653953318186,-1.3267993,-2.6847527,-0.124311075,352.6052,103.97452,-9.20926,WAL
1987622453000,200.105065,-0.663548879900227,-7.7444210500247,-2.83818878468833,-1.3600914,-2.8991663,-0.20433442,352.0044,103.981705,-9.033231,WAL
1987627282000,200.109894,-0.985531615408163,-7.49251241408163,-3.45257565795918,-1.361924,-2.9953778,-0.23487769,351.39087,104.09075,-8.935621,WAL
1987632346000,200.114958,-1.2329650112449,-7.43807720444898,-4.00682653077551,-1.3500122,-2.9874365,-0.22632557,350.7508,104.19384,-8.828371,WAL
1987637364000,200.119976,-1.45329271114641,-7.42912548864804,-4.50548362403065,-1.3295482,-2.8842003,-0.17440203,350.0711,104.454475,-8.8425665,WAL
1987642345000,200.124957,-1.55134422901056,-7.63859927263384,-4.75506928048211,-1.2791518,-2.6868908,-0.10048734,349.4299,104.7064,-8.85576,WAL
1987647599000,200.130211,-1.64181742600704,-7.8732477845131,-4.99226153187329,-1.2507466,-2.4147503,-0.0076358155,348.8519,105.0659,-8.937632,WAL
1987652326000,200.134938,-1.57542678495307,-8.24060935324599,-4.90816687084474,-1.208597,-2.090381,0.0720821,348.35452,105.41527,-9.018069,WAL
1987657649000,200.140261,-1.49034729805097,-8.65030819690155,-4.80017620353823,-1.1936307,-1.7519615,0.15485434,347.94702,105.81497,-9.127081,WAL
1987662347000,200.144959,-1.18905265457271,-8.92462115342329,-4.41343966092954,-1.1985176,-1.4633276,0.25045475,347.62723,106.217514,-9.240712,WAL
1987667719000,200.150331,-0.843138622810571,-9.22922363753858,-3.95222565279707,-1.2089024,-1.2159272,0.3378085,347.39075,106.6011,-9.333083,WAL
1987672377000,200.154989,-0.520447900491898,-9.34539239641204,-3.24230610862269,-1.2345587,-1.1227703,0.3726278,347.19656,106.98738,-9.4246645,WAL
1987677266000,200.159878,-0.181754267727623,-9.46732220794753,-2.49718016369599,-1.2492194,-1.0186177,0.42546764,347.07666,107.30526,-9.457297,WAL
1987682350000,200.164962,0.0875829640310497,-9.55942371197762,-1.77843874189006,-1.2993103,-1.0140363,0.45173484,346.95404,107.62938,-9.489909,WAL
1987687294000,200.169906,0.33972812428017,-9.64489658714685,-1.08610791751963,-1.3561208,-1.1148291,0.44409904,346.83057,107.95201,-9.525524,WAL
1987692325000,200.174937,0.547924617406732,-9.6426038797648,-0.715386678974047,-1.4117095,-1.2831224,0.41325033,346.65244,108.17975,-9.508284,WAL
1987697308000,200.17992,0.731765527038727,-9.59906274503244,-0.502518263675994,-1.425454,-1.4434745,0.36071593,346.4448,108.399536,-9.488611,WAL
1987702289000,200.184901,0.827193276739752,-9.50581654528122,-0.569441115042898,-1.398576,-1.5613716,0.3118467,346.1184,108.54061,-9.454626,WAL
1987707323000,200.189935,0.886938309977121,-9.3909223336511,-0.753271978421354,-1.3038919,-1.6010778,0.24678956,345.76816,108.65404,-9.405504,WAL
1987712307000,200.194919,0.870832748177259,-9.29601079091188,-0.973466588688978,-1.2049317,-1.5986344,0.19058995,345.32574,108.77106,-9.3723545,WAL
1987717312000,200.199924,0.807060878107666,-9.21261615013816,-1.21874306010439,-1.0903945,-1.5439619,0.15271631,344.88937,108.85068,-9.322403,WAL
1987722328000,200.20494,0.654625816909457,-9.09173034849095,-1.33750417702213,-0.999681,-1.4370605,0.12492194,344.47235,108.933655,-9.253104,WAL
1987727312000,200.209924,0.457748245022133,-8.95247568370221,-1.39032489983903,-0.9602802,-1.3439035,0.12370021,344.0717,108.997406,-9.174851,WAL
1987732308000,200.21492,0.199479107461031,-8.85430499856555,-1.37406246561155,-0.9645562,-1.2709051,0.13133603,343.71887,109.08498,-9.093687,WAL
1987737315000,200.219927,-0.0894103944812088,-8.77635103136655,-1.32362152529406,-0.9972375,-1.2131784,0.14202617,343.39203,109.16875,-9.0049095,WAL
1987742310000,200.224922,-0.429303913755918,-8.71447646512362,-1.2354041089111,-1.0488557,-1.180497,0.16829337,343.08612,109.29461,-8.96104,WAL
1987747309000,200.229921,-0.807061329800105,-8.66410884471331,-1.11955847678064,-1.1203269,-1.185384,0.20433442,342.791,109.4336,-8.919118,WAL
1987752285000,200.234897,-1.088658646385,-8.58397367479917,-1.04704333778637,-1.1814134,-1.1734722,0.24312437,342.5172,109.623825,-8.94623,WAL
1987757315000,200.239927,-1.32753263800456,-8.48842412803729,-0.994491037181394,-1.2351695,-1.1582005,0.30085114,342.25146,109.83172,-8.985055,WAL
1987762307000,200.244919,-1.52995815440317,-8.41246572986627,-1.03008684298167,-1.2770138,-1.1343768,0.36713,342.00186,110.0864,-9.106731,WAL
1987767341000,200.249953,-1.71620648034671,-8.34560702912333,-1.1112719736206,-1.2880094,-1.1203269,0.4465425,341.76398,110.34807,-9.242213,WAL
1987772393000,200.255005,-1.84672081788361,-8.32847700494022,-1.28608915529098,-1.2913691,-1.0940597,0.48655418,341.54535,110.64401,-9.430114,WAL
1987777347000,200.259959,-1.94516102207292,-8.3378524536113,-1.50640774481771,-1.3069462,-1.0348058,0.5729916,341.35492,110.95313,-9.64155,WAL
1987782340000,200.264952,-1.98527609874783,-8.37016998747833,-1.71346523628395,-1.3026701,-0.95417154,0.6554584,341.21008,111.2765,-9.876146,WAL
1987787415000,200.270027,-1.98995749539588,-8.41698395395878,-1.91476543879792,-1.2971723,-0.8888089,0.71959925,341.08698,111.601974,-10.117505,WAL
1987792311000,200.274923,-1.92901647092859,-8.47651654642929,-1.99368269071414,-1.294118,-0.8362745,0.788627,340.98425,111.9891,-10.409283,WAL
1987797341000,200.279953,-1.81207207461056,-8.54960673052802,-1.9790646538944,-1.3014483,-0.8072584,0.84513205,340.90115,112.37069,-10.701119,WAL
1987802335000,200.284947,-1.7114268122393,-8.65821164094781,-1.84472383195927,-1.3078625,-0.8313876,0.88606006,340.81476,112.77901,-11.010828,WAL
1987807351000,200.289963,-1.62205955004406,-8.79461413110741,-1.61895383403505,-1.3213016,-0.8949176,0.9092729,340.73206,113.18165,-11.321685,WAL
1987812343000,200.294955,-1.53937902129032,-9.003875278125,-1.33211156923387,-1.3255776,-0.9645562,0.92057395,340.61642,113.57887,-11.633691,WAL
1987817345000,200.299957,-1.46211587032258,-9.279125959375,-0.989256135120968,-1.3322971,-1.0430524,0.915687,340.48538,113.967285,-11.944428,WAL
1987822375000,200.304987,-1.38267282949427,-9.55026003555907,-0.682138436230739,-1.3121386,-1.1032226,0.9089675,340.30212,114.32372,-12.262242,WAL
1987827350000,200.309962,-1.30266899158435,-9.81380137297511,-0.409184304464638,-1.2718215,-1.1615603,0.89736104,340.10065,114.66505,-12.576296,WAL
1987832328000,200.31494,-1.21177534614496,-10.0668729357012,-0.258686247269227,-1.2223413,-1.1823297,0.8781188,339.86676,114.94077,-12.871515,WAL
1987837393000,200.320005,-1.10905676586774,-10.314331996246,-0.221334024735778,-1.1129965,-1.176221,0.8732319,339.62717,115.185036,-13.162957,WAL
1987842344000,200.324956,-1.0067814212574,-10.5034491271433,-0.241416573598717,-0.9669997,-1.1502593,0.86162543,339.3623,115.35646,-13.42868,WAL
1987847333000,200.329945,-0.901383706206758,-10.6280095446706,-0.332441846583776,-0.79137594,-1.1142182,0.8512407,339.10327,115.48865,-13.684701,WAL
1987852322000,200.334934,-0.773809393732755,-10.7160973825384,-0.516792719889633,-0.59437186,-1.0390818,0.82802784,338.82428,115.57695,-13.92524,WAL
1987857351000,200.339963,-0.617193508494285,-10.7588106796413,-0.820532644363421,-0.3817908,-0.9053023,0.8008443,338.571,115.61458,-14.145844,WAL
1987862312000,200.344924,-0.437942212944289,-10.8367533531062,-1.14198526344689,-0.20097467,-0.8378017,0.7669413,338.30676,115.60411,-14.335182,WAL
1987867351000,200.349963,-0.220348127062124,-10.9673099048096,-1.49980662259519,-0.05681047,-0.6826419,0.71868294,338.1008,115.54515,-14.485383,WAL
1987872310000,200.354922,0.0486346567345882,-11.0677734518474,-1.76005894632009,0.004581489,-0.51923543,0.68752885,337.9143,115.4813,-14.593857,WAL
1987877347000,200.359959,0.399336924979584,-11.1302270347575,-1.89457488817847,0.076052725,-0.40866885,0.6206391,337.7499,115.369156,-14.666296,WAL
1987882240000,200.364852,0.778224332291422,-11.2475557003525,-1.90839068483157,0.089186326,-0.35460728,0.539394,337.6039,115.26736,-14.6790495,WAL
1987887366000,200.369978,1.23490443085781,-11.4590709647474,-1.74014007517626,0.039095376,-0.35308012,0.4297437,337.46698,115.14987,-14.659746,WAL
1987892246000,200.374858,1.42716808988996,-11.6127342475928,-1.59630345281981,-0.061086524,-0.4196644,0.28527406,337.30164,115.002335,-14.552825,WAL
1987897339000,200.379951,1.17797542603655,-11.6846167034781,-1.47649925959914,-0.18509217,-0.49449542,0.09987647,337.12234,114.849884,-14.407896,WAL
1987902262000,200.384874,0.843742653150475,-11.7271932220198,-1.32496634229884,-0.28405234,-0.5870415,-0.098043874,336.86108,114.630165,-14.166688,WAL
1987907351000,200.389963,0.296878244613024,-11.7131712626834,-1.09126364427927,-0.40439278,-0.6273586,-0.27855456,336.58212,114.421875,-13.886797,WAL
1987912266000,200.394878,-0.250584955899288,-11.6533188097101,-0.845064576391815,-0.49754974,-0.65301496,-0.42058071,336.2721,114.217224,-13.618056,WAL
1987917341000,200.399953,-0.879504226538269,-11.4388039712108,-0.523291936834186,-0.56779927,-0.70921457,-0.48716503,335.93784,114.0248,-13.332979,WAL
1987922366000,200.404978,-1.45232617362824,-11.2121861344941,-0.221534748281412,-0.6001751,-0.7910705,-0.51343226,335.59903,113.85958,-13.124063,WAL
1987927338000,200.40995,-1.87806816847059,-10.9477777482353,0.0294289615764706,-0.5815437,-0.8524625,-0.47708577,335.25534,113.70303,-12.921273,WAL
1987932312000,200.414924,-2.26411583291714,-10.7169687888763,0.252127640601589,-0.5329799,-0.89736104,-0.41599923,334.91168,113.578255,-12.837309,WAL
1987937351000,200.419963,-2.37366751187462,-10.7211824012922,0.277408809129486,-0.41874814,-0.9025534,-0.344528,334.57092,113.44277,-12.768703,WAL
1987942292000,200.424904,-2.48108859655985,-10.7253140660962,0.302198301825722,-0.29657507,-0.86254174,-0.28771752,334.2479,113.32578,-12.798467,WAL
1987947342000,200.429954,-2.3427978730969,-11.0194254492508,0.350668984521479,-0.16523905,-0.8045095,-0.24556783,333.93726,113.18997,-12.840508,WAL
1987952275000,200.434887,-2.15873670277722,-11.3639504073926,0.402583689254745,-0.02443461,-0.743423,-0.23151793,333.64456,113.029655,-12.884145,WAL
1987957350000,200.439962,-1.76785925351346,-11.8430216804236,0.407822772715756,0.09896017,-0.6914995,-0.25137106,333.37262,112.85424,-12.943441,WAL
1987962242000,200.444854,-1.35055156067894,-12.3298807441607,0.403186024338876,0.21227567,-0.6401868,-0.28680122,333.12064,112.65158,-12.994257,WAL
1987967347000,200.449959,-0.97902360132108,-12.6970528431936,0.357207737690982,0.27550024,-0.53023106,-0.310625,332.88083,112.39553,-12.994844,WAL
1987972306000,200.454918,-0.633499460913268,-13.0198445307295,0.302651293968983,0.40469822,-0.44684792,-0.35033122,332.64703,112.09509,-12.978042,WAL
1987977320000,200.459932,-0.271863846387237,-13.2926634031906,0.156802653346611,0.5290093,-0.36651915,-0.42363504,332.41742,111.70997,-12.850283,WAL
1987982266000,200.464878,0.0895363058561237,-13.5414194640309,-0.0215506624167658,0.66706485,-0.24923302,-0.49510628,332.22333,111.29361,-12.703155,WAL
1987987381000,200.469993,0.444596265515205,-13.7196703091231,-0.377586881521701,0.81397796,-0.12889257,-0.56046885,332.03693,110.79795,-12.463738,WAL
1987992276000,200.474888,0.776773210441886,-13.8580772651314,-0.788194471465604,0.98349303,0.041233405,-0.6221663,331.89807,110.2646,-12.196582,WAL
1987997338000,200.47995,1.06507014431775,-13.9410544940696,-1.1195280198794,1.1343768,0.1853976,-0.6814202,331.7771,109.676704,-11.8444805,WAL
1988002344000,200.484956,1.32310264552776,-13.9936167456394,-1.40145246314662,1.3154984,0.3155119,-0.74220127,331.702,109.04575,-11.470989,WAL
1988007335000,200.489947,1.47498873592814,-14.0204676047904,-1.45558281281437,1.505172,0.37995818,-0.8063421,331.65454,108.394005,-11.023112,WAL
1988012345000,200.494957,1.57554523592814,-14.0348326047904,-1.39812196281437,1.6966782,0.36071593,-0.8912524,331.6201,107.7019,-10.560659,WAL
1988017341000,200.499953,1.53734157142857,-13.8404693106607,-1.21104511607874,1.8936822,0.26389378,-1.0036516,331.5795,106.96979,-10.0421915,WAL
1988022374000,200.504986,1.42931182142857,-13.5398650234847,-0.957410018875463,2.062892,0.12461651,-1.1191051,331.5212,106.20261,-9.51627,WAL
1988027344000,200.509956,1.15802394513138,-13.1232449783617,-0.831568766151468,2.2452352,-0.012217305,-1.25319,331.42847,105.364555,-8.956746,WAL
1988032344000,200.514956,0.783043368109222,-12.6298498212262,-0.782229198918084,2.4419339,-0.08460484,-1.382388,331.315,104.48469,-8.383639,WAL
1988037432000,200.520044,0.216627212372437,-12.2469166553601,-0.692115774467878,2.651766,-0.080634214,-1.505172,331.18088,103.54285,-7.813178,WAL
1988042371000,200.524983,-0.417776465011177,-11.9297146726601,-0.58638186023909,2.862209,-0.03604105,-1.627345,331.03998,102.553505,-7.2195106,WAL
1988047340000,200.529952,-1.1804729659018,-11.8170609368737,-0.244703737364729,3.0384438,0.026572637,-1.7250835,330.91446,101.571884,-6.677309,WAL
1988052345000,200.534957,-2.02576535973948,-11.8314691182365,0.245181600460922,3.1948252,0.09162979,-1.7681495,330.80905,100.555,-6.12385,WAL
1988057337000,200.539949,-2.88212355109858,-12.078909909197,0.629722999572234,3.2971451,0.14446963,-1.7699821,330.7333,99.58699,-5.681099,WAL
1988062286000,200.544898,-3.73917030681509,-12.465963472098,0.947659779204744,3.3234124,0.17470746,-1.7568485,330.67902,98.61932,-5.2381253,WAL
1988067304000,200.549916,-4.55873575053566,-12.9559218074686,1.04294857460973,3.2968397,0.21563543,-1.7366899,330.6666,97.69542,-4.941524,WAL
1988072333000,200.554945,-5.34005614258749,-13.5259418452199,0.95449720801959,3.1991012,0.22388211,-1.7153096,330.66556,96.822624,-4.656994,WAL
1988077313000,200.559925,-6.00129034776578,-14.0353386381651,0.709921009982166,3.0176742,0.18478674,-1.6884315,330.6901,96.09018,-4.5291257,WAL
1988082342000,200.564954,-6.5929933296344,-14.5125181407906,0.356807928906173,2.7550023,-0.0009162979,-1.5897768,330.68674,95.48314,-4.434133,WAL
1988087436000,200.570048,-7.29236093015653,-15.0787370669705,-0.106617163230632,2.5109615,-0.28008172,-1.4651603,330.66757,95.118706,-4.484123,WAL
1988092314000,200.574926,-8.02822322597583,-15.6757571010501,-0.620332106058054,2.3313673,-0.59559363,-1.3411547,330.59174,94.89538,-4.560104,WAL
1988097339000,200.579951,-9.11272409639255,-16.4092656697052,-1.33194326561288,2.212554,-0.87109387,-1.3616186,330.44586,94.9052,-4.7459536,WAL
1988102338000,200.58495,-10.4451490825252,-17.2310053812064,-2.18153848907099,2.1545217,-0.9993755,-1.6175711,330.25812,94.941185,-4.885493,WAL
1988107325000,200.589937,-11.0345206692015,-17.4633620152091,-3.25276435171103,2.0760255,-0.8765916,-1.9407189,330.06702,95.158,-5.139962,WAL
1988112346000,200.594958,-10.884503547431,-17.1070722076631,-4.55603742400312,1.9062049,-0.44929138,-2.0909917,329.9344,95.34706,-5.3443193,WAL
1988117341000,200.599953,-10.2292816864957,-16.3435964974548,-5.47416954316798,1.6471981,0.0009162979,-2.046704,329.83966,95.76022,-5.7565327,WAL
1988122393000,200.605005,-8.94476013624114,-15.0687326930831,-5.93775617025651,1.5280794,0.3903429,-1.8808541,329.8527,96.11336,-6.1087356,WAL
1988127285000,200.609897,-7.67138186108589,-13.9047931946613,-6.01412358376612,1.5351044,0.68539083,-1.6862935,329.95618,96.365746,-6.3547835,WAL
1988132333000,200.614945,-6.31947851189395,-12.794300797712,-5.61469753589976,1.6258179,0.81183994,-1.5192219,330.12094,96.62686,-6.6076994,WAL
1988137347000,200.619959,-4.96679616179775,-11.830494400715,-5.14454929209397,1.7446312,0.84971356,-1.4089607,330.32727,96.69055,-6.6646333,WAL
1988142351000,200.624963,-3.58639778202247,-11.2969363837589,-4.44945494815117,1.7684549,0.9257663,-1.3521502,330.5794,96.779175,-6.745809,WAL
1988147302000,200.629914,-2.19210552757618,-10.8962952313174,-3.59747336942335,1.7782288,0.92149025,-1.3542882,330.78897,96.70059,-6.666274,WAL
1988152333000,200.634945,-0.701275500825129,-10.8194947638068,-2.30542072360056,1.7168368,0.8597928,-1.3924674,331.0016,96.631485,-6.5947986,WAL
1988157319000,200.639931,0.586518299653671,-10.792877344053,-1.28755935231546,1.6288722,0.82863873,-1.4172074,331.17792,96.43884,-6.399992,WAL
1988162345000,200.644957,0.796082258391055,-11.0500691926578,-1.76860389961409,1.6230689,0.85062987,-1.3970488,331.34744,96.25259,-6.2121825,WAL
1988167360000,200.649972,0.99163336017192,-11.2912041716234,-2.18994636814544,1.6514742,1.0748174,-1.3991868,331.56473,95.77502,-5.755499,WAL
1988172375000,200.654987,1.10077642893983,-11.4335650623456,-2.23739983321806,1.7321084,1.5082263,-1.4184291,331.84595,95.31466,-5.309349,WAL
1988177261000,200.659873,1.20476626560901,-11.5348571688843,-2.24861853285568,1.822211,1.956296,-1.4110987,332.16605,94.84812,-4.8474627,WAL
1988182346000,200.664958,1.2895018832651,-11.2656967205732,-1.90967601018424,1.9104811,2.26631,-1.3906348,332.56372,85.60315,-4.3959312,WAL
1988187336000,200.669948,1.35049586465731,-10.9741662679604,-1.64822296746491,1.9465221,2.4162774,-1.3374895,333.0312,86.04563,-3.9456167,WAL
1988192329000,200.674941,1.28907390182586,-10.5310506887788,-1.77984149851363,1.9080375,2.4312437,-1.2684617,333.53787,86.4526,-3.5206826,WAL
1988197689000,200.680301,1.21323477951952,-10.047508046997,-1.92312925108108,1.8512272,2.3961189,-1.2024882,334.08426,86.827705,-3.0976279,WAL
1988202332000,200.684944,0.946177041661662,-9.46888311871872,-2.08781478792793,1.8161024,2.4034493,-1.1114693,334.63687,87.13019,-2.7167122,WAL
1988207669000,200.690281,0.636534310495123,-8.81159471019043,-2.27212021363679,1.8246545,2.436436,-0.98624194,335.16724,87.34807,-2.3986638,WAL
1988212353000,200.694965,0.307341232787738,-8.40322857876451,-2.32629131542963,1.861001,2.3823745,-0.8582657,335.66217,87.49508,-2.120521,WAL
1988217317000,200.699929,-0.0415303380362285,-7.97045114998607,-2.38370065558755,1.8689423,2.298075,-0.7583892,336.162,87.54995,-1.9124289,WAL
1988222379000,200.704991,-0.413144141905145,-7.57149745934485,-2.39819919019293,1.8619173,2.1939225,-0.6872234,336.62918,87.54249,-1.7430394,WAL
1988227248000,200.70986,-0.773922814561897,-7.1966625923131,-2.40288462419614,1.824349,2.0925188,-0.6310238,337.063,87.493866,-1.6066728,WAL
1988232342000,200.714954,-1.10701539308689,-6.85705814647144,-2.39994879951992,1.7626517,1.9843957,-0.59040123,337.52695,87.36479,-1.4919945,WAL
1988237277000,200.719889,-1.42012590926548,-6.53940960993759,-2.39541096869899,1.7302758,1.8942931,-0.5494733,337.95987,87.20993,-1.4010755,WAL
1988242355000,200.724967,-1.62826826708523,-6.19109588241052,-2.46190131017402,1.6869044,1.8325957,-0.50335294,338.4235,86.99805,-1.3464574,WAL
1988247297000,200.729909,-1.79205119951552,-5.8448120337453,-2.55081201420803,1.6392568,1.8191566,-0.47769663,338.8705,86.78695,-1.304614,WAL
1988252332000,200.734944,-2.00895320969513,-5.57928185062249,-2.4127630043035,1.6019942,1.8127426,-0.4352415,339.3408,86.52687,-1.3163513,WAL
1988257333000,200.739945,-2.24370272838937,-5.34922736936575,-2.18740341341045,1.5818355,1.7873917,-0.42821655,339.79898,86.27727,-1.3316789,WAL
1988262343000,200.744955,-2.47688959000504,-4.99472260487141,-1.88083951523954,1.5247196,1.7324139,-0.42485678,340.26926,86.02736,-1.3719513,WAL
1988267352000,200.749964,-2.70912072284418,-4.58348006747353,-1.53733103509834,1.4935656,1.700038,-0.42852196,340.73663,85.779236,-1.4187608,WAL
1988272368000,200.75498,-2.85722537745733,-4.1496490324897,-1.22997989228958,1.3949108,1.6826283,-0.4370741,341.22354,85.49871,-1.5098759,WAL
1988277348000,200.75996,-2.96950903784579,-3.70987126085933,-0.939913700412007,1.2596041,1.6762142,-0.41874814,341.7024,85.23819,-1.6140581,WAL
1988282339000,200.764951,-2.94940509670707,-3.4562602098406,-0.587610270241577,1.1200215,1.6902641,-0.42302418,342.21753,84.921135,-1.7614723,WAL
1988287364000,200.769976,-2.86213340800802,-3.29549651722821,-0.201777478476281,0.9737192,1.6933185,-0.453262,342.72693,84.645996,-1.9134812,WAL
1988292313000,200.774925,-2.77989713292134,-3.1368621363046,0.173853104637163,0.8304713,1.6374242,-0.4605924,343.24295,84.314575,-2.1067123,WAL
1988297346000,200.779958,-2.69911772015293,-2.97530325804965,0.552506632697392,0.6939429,1.5775595,-0.45906523,343.75833,84.02449,-2.3013563,WAL
1988302341000,200.784953,-2.66558556296779,-2.84163178709742,0.889290187659276,0.55680364,1.4953982,-0.4633413,344.2695,83.67981,-2.4802403,WAL
1988307324000,200.789936,-2.6560097238186,-2.72193379773252,1.20529312955754,0.4129449,1.4236214,-0.45234573,344.7649,83.375786,-2.6702476,WAL
1988312319000,200.794931,-2.69022704068681,-2.67838500297156,1.37444188879268,0.24404067,1.3435981,-0.44257188,345.26578,83.04668,-2.835421,WAL
1988317325000,200.799937,-2.74683404934567,-2.67366769888812,1.4687869853193,0.087659165,1.2724323,-0.43493605,345.74655,82.756386,-3.0087118,WAL
1988322328000,200.80494,-2.77070816746316,-2.71408456411788,1.48248086794106,-0.042455133,1.2003502,-0.42119157,346.2347,82.49288,-3.1804547,WAL
1988327321000,200.809933,-2.77546901583035,-2.78073504934289,1.44915562532855,-0.15760323,1.1273518,-0.39767328,346.69992,82.26395,-3.359956,WAL
1988332311000,200.814923,-2.75673222134164,-2.85882599904027,1.36315758358563,-0.258396,1.0479393,-0.37720928,347.1595,82.04083,-3.5476985,WAL
1988337322000,200.819934,-2.72349526530128,-2.94429242909864,1.24445429664589,-0.3454443,0.9596693,-0.3417791,347.59265,81.837524,-3.747265,WAL
1988342332000,200.824944,-2.66176321943044,-3.05252216816968,1.12011426276575,-0.4266894,0.8857546,-0.30451632,348.01862,81.640564,-3.9380531,WAL
1988347342000,200.829954,-2.58110890735687,-3.17587576947493,0.992016271220212,-0.49021935,0.8164214,-0.2751948,348.41827,81.45655,-4.1362987,WAL
1988352332000,200.834944,-2.47786592793792,-3.3130017940133,0.855584672394679,-0.55771995,0.7528914,-0.2415972,348.81024,81.26803,-4.3127675,WAL
1988357323000,200.839935,-2.35806027605322,-3.46045483370288,0.712739466518847,-0.6218608,0.72265357,-0.20769419,349.18936,81.09167,-4.498632,WAL
1988362237000,200.844849,-2.19571989362022,-3.60153926957568,0.63697720923864,-0.6478226,0.6621779,-0.19058995,349.55472,80.89721,-4.638977,WAL
1988367239000,200.849851,-1.98429048657839,-3.74089060423312,0.627366801259906,-0.7153232,0.61208695,-0.16401732,349.91058,80.72717,-4.793835,WAL
1988372279000,200.854891,-1.76251640920328,-3.88875759123299,0.66980147778124,-0.7791586,0.5580254,-0.13683382,350.24686,80.5901,-4.90601,WAL
1988377251000,200.859863,-1.53499687318999,-4.0420858697829,0.763776941452166,-0.8604037,0.47739118,-0.109650314,350.55795,80.47291,-5.025712,WAL
1988382247000,200.864859,-1.3910690111122,-4.14855478311574,0.892682104179837,-0.95630956,0.37934732,-0.08735373,350.84024,80.39236,-5.091392,WAL
1988387284000,200.869896,-1.3105691278394,-4.21958424603907,1.04894660616079,-1.0467176,0.26236662,-0.06414085,351.09045,80.32797,-5.164037,WAL
1988392228000,200.87484,-1.29147265039663,-4.28254352669947,1.21688335419219,-1.1557571,0.13713925,-0.032375857,351.30084,80.3061,-5.184936,WAL
1988397245000,200.879857,-1.32524392671955,-4.34043705689326,1.40021296722563,-1.2617421,0.03359759,-0.005497787,351.4806,80.30356,-5.209897,WAL
1988402251000,200.884863,-1.37401658912291,-4.41052251290418,1.55093223168199,-1.3808609,-0.06047566,0.026267206,351.62756,80.316444,-5.219086,WAL
1988407263000,200.889875,-1.43571796169287,-4.491208873628,1.67433507594186,-1.5005904,-0.1554652,0.08093964,351.74033,80.348045,-5.2397327,WAL
1988412247000,200.894859,-1.47736888800783,-4.57829957856094,1.79156599304944,-1.6285667,-0.2312125,0.12308934,351.84705,80.38016,-5.2624946,WAL
1988417236000,200.899848,-1.50075540548213,-4.67184589265786,1.90382137460597,-1.7681495,-0.2864958,0.21655174,351.92627,80.42736,-5.31238,WAL
1988422300000,200.904912,-1.48161964021149,-5.08604832632907,2.05779270287156,-1.8936822,-0.31856623,0.29810223,351.9949,80.476265,-5.3807187,WAL
1988427344000,200.909956,-1.41601275107683,-5.84521368084983,2.25461341920838,-2.0002782,-0.3539964,0.35002577,352.04318,80.541725,-5.4628463,WAL
1988432276000,200.914888,-1.29760995979082,-6.65678784398606,2.56909677077281,-2.0638082,-0.33322698,0.44593164,352.10468,80.59631,-5.5774794,WAL
1988437381000,200.919993,-1.09875631762541,-7.59424075673058,3.06623092562464,-1.999362,-0.27488935,0.5488624,352.16373,80.631874,-5.705744,WAL
1988442241000,200.924853,-0.820210362451994,-8.69599018414574,3.62228690684392,-1.8548924,-0.24770586,0.59589905,352.2028,80.66149,-5.8141437,WAL
1988447342000,200.929954,-0.358396081855244,-10.2498025039882,4.36311400268833,-1.643533,-0.19364429,0.600786,352.26266,80.64916,-5.9387774,WAL
1988452256000,200.934868,0.154528145545024,-11.8697250367299,5.16008910183649,-1.3600914,-0.18417588,0.55771995,352.29852,80.60651,-5.99958,WAL
1988457351000,200.939963,0.833826184131122,-13.8160824468799,6.166991847344,-1.0210613,-0.13652839,0.4297437,352.361,80.52449,-6.038205,WAL
1988462255000,200.944867,1.60655976888889,-15.4491905457778,7.13761546607407,-0.83199847,-0.12461651,0.34483343,352.3451,80.45311,-5.967382,WAL
1988467331000,200.949943,2.69642584888889,-16.5534604337778,8.14586147140741,-0.4605924,-0.15302174,0.099571034,352.34076,80.32049,-5.818445,WAL
1988472388000,200.955,3.97926586740332,-17.5606099829572,8.67411242410338,-0.103847094,-0.16279559,-0.23854288,352.2511,80.245834,-5.500559,WAL
1988477396000,200.960008,5.72631081767956,-18.3330828452102,8.04535589034554,0.17562376,-0.047647487,-0.5494733,352.20584,80.12073,-5.1412554,WAL
1988482296000,200.964908,7.11622750993072,-18.836115704388,7.44801369819861,0.35430184,0.24404067,-0.8237518,352.11646,80.0036,-4.5622334,WAL
1988487392000,200.970004,6.56169444203233,-17.7766420046189,6.93856481284065,0.43157628,0.57451874,-0.9624182,352.10043,79.81406,-3.9761782,WAL
1988492623000,200.975235,5.9656792658813,-16.6488045370315,6.41771520290287,0.44837508,0.7867944,-0.9584476,352.0288,79.75041,-3.125024,WAL
1988497342000,200.979954,4.82001851685058,-14.7169057982901,5.99539308539616,0.44532076,0.82833326,-0.9059132,352.03088,79.59594,-2.3127763,WAL
1988502680000,200.985292,3.52449841317647,-12.5310957344941,5.52093821101176,0.44776422,0.7651087,-0.8185594,352.10974,79.382835,-1.6399142,WAL
1988507346000,200.989958,2.40158104894118,-10.6090980938353,5.18027805232941,0.40133846,0.63621616,-0.7021896,352.18475,79.14105,-1.0204787,WAL
1988512304000,200.994916,1.20839110211765,-8.56682113232941,4.81829925534118,0.34666604,0.4886922,-0.59620446,352.30197,78.86298,-0.6006408,WAL
1988517335000,200.999947,0.0959641710973724,-6.74581259277434,4.33333115146832,0.23182335,0.3744604,-0.48899764,352.3863,78.60386,-0.22018236,WAL
1988522393000,201.005005,-1.00365714621329,-4.96302262594668,3.8232940015456,0.086437434,0.30879238,-0.40408736,352.43866,78.36259,0.13199823,WAL
1988527376000,201.009988,-1.88459461819654,-3.76346881037344,3.26782440137638,-0.112399206,0.32650748,-0.2996294,352.54153,78.16132,0.2761601,WAL
1988532244000,201.014856,-2.69139573399453,-2.73963347427386,2.71108452848902,-0.3115413,0.37659842,-0.16829337,352.62833,78.00256,0.38823667,WAL
1988537389000,201.020001,-3.42333816660004,-2.29985583772736,2.27183670542674,-0.50579643,0.43554693,-0.018325957,352.77643,77.92626,0.31276998,WAL
1988542253000,201.024865,-4.08440029412353,-2.04846612755347,1.89475201863882,-0.6924158,0.44440445,0.15454891,352.91467,77.90282,0.19253807,WAL
1988547344000,201.029956,-4.62599596718981,-2.44171236300464,1.65884458650676,-0.872621,0.3827071,0.34391713,353.08002,77.963646,-0.08836346,WAL
1988552265000,201.034877,-5.10978389253776,-2.99527755223571,1.47277230379035,-1.0650436,0.3371976,0.52320606,353.24188,78.07046,-0.41874322,WAL
1988557321000,201.039933,-5.24361944615615,-4.2254782847243,1.45998035428258,-1.2421945,0.21288654,0.600786,353.3917,78.24106,-0.86694723,WAL
1988562245000,201.044857,-5.26242741755908,-5.62666933112972,1.50229813037192,-1.325883,-0.009773844,0.75594574,353.4857,78.41056,-1.3811835,WAL
1988567308000,201.04992,-5.08933994035256,-7.4087359672351,1.68755111189883,-1.4920384,-0.3203988,0.8875872,353.542,78.63955,-1.9721172,WAL
1988572320000,201.054932,-4.85481728202721,-9.28491656160184,1.91747524341828,-1.6227635,-0.6927212,1.0204504,353.5117,78.831856,-2.5904672,WAL
1988577310000,201.059922,-4.86348191570062,-11.3289580647158,1.97685879155881,-1.6719382,-1.0916162,1.1417072,353.3893,78.99974,-3.204891,WAL
1988582262000,201.064874,-4.98802518015382,-13.4417482324142,1.95461891461264,-1.6328428,-1.4669929,1.2733486,353.1722,79.11486,-3.8296008,WAL
1988587313000,201.069925,-5.52959790523588,-15.171240667125,1.40388553717791,-1.5357152,-1.7935003,1.3710871,352.86584,79.20017,-4.3709617,WAL
1988592315000,201.074927,-6.42138577667654,-16.5190563918976,0.405691327116564,-1.3439035,-1.9248364,1.4062119,352.52225,79.203,-4.901559,WAL
1988597307000,201.079919,-6.5908283756549,-17.3817910567578,-0.349831591376234,-1.0680978,-1.7446312,1.3558154,352.19055,79.17842,-5.395219,WAL
1988602293000,201.084905,-6.37328871295558,-17.984556622817,-0.975258158312453,-0.7266242,-1.2996159,1.2366967,351.91415,79.07243,-5.860419,WAL
1988607314000,201.089926,-5.22205572026912,-18.446435,-0.466344690410081,-0.30848694,-0.72173727,1.0283916,351.76913,78.95273,-6.3939314,WAL
1988612308000,201.09492,-3.29142294566425,-18.78353,0.999506039940196,0.09101892,-0.355829,0.7119634,351.70908,78.77575,-6.8498664,WAL
1988617308000,201.09992,-2.02256448659954,-18.3517547106894,2.18291475956623,0.376293,-0.42241332,0.3735441,351.67026,78.651184,-7.2035055,WAL
1988622328000,201.10494,-1.07762443663827,-17.5371513199071,3.23026212904725,0.44684792,-0.6200282,0.0720821,351.7127,78.5298,-7.4756737,WAL
1988627310000,201.109922,-0.596862429992883,-16.224478141637,3.65095725159126,0.3313944,-0.7257079,-0.18692477,351.692,78.49739,-7.399616,WAL
1988632306000,201.114918,-0.411998411145908,-14.5801611964413,3.67041660809354,0.13561209,-0.7651087,-0.3555236,351.64365,78.50608,-7.263273,WAL
1988637327000,201.119939,-0.411239682150665,-12.8188316992614,3.32094797890694,-0.07574729,-0.84574294,-0.42485678,351.51486,78.544205,-6.969083,WAL
1988642320000,201.124932,-0.514831407574594,-11.0059764060069,2.7653196128902,-0.26175576,-0.926988,-0.40378192,351.3774,78.62702,-6.6623106,WAL
1988647306000,201.129918,-0.586869450108332,-9.24696040598779,2.190445969805,-0.4166101,-1.0345002,-0.41233405,351.21234,78.73476,-6.3351955,WAL
1988652294000,201.134906,-0.638618550088635,-7.52042285944455,1.60238822984046,-0.5479461,-1.1230757,-0.40561453,351.02682,78.86763,-6.022848,WAL
1988657317000,201.139929,-0.8264547326322,-6.06073039843719,0.856080333831335,-0.6267477,-1.3875804,-0.376293,350.76837,79.014915,-5.7510247,WAL
1988662310000,201.144922,-1.11314990695891,-4.81525138093179,0.000694689262826842,-0.7837401,-1.67316,-0.28527406,350.4746,79.1983,-5.497277,WAL
1988667292000,201.149904,-1.44952851773528,-3.66255377385002,-0.972620857485657,-1.0268645,-1.9150625,-0.17623462,350.12537,79.42131,-5.2808695,WAL
1988672324000,201.154936,-1.83272415602416,-2.57602427675893,-2.05915026340815,-1.2852604,-2.0589213,-0.037873644,349.71915,79.66742,-5.090609,WAL
1988677308000,201.15992,-2.187722306887,-1.7564467157926,-2.9206815113299,-1.5418239,-2.185065,0.10170906,349.22382,79.989914,-5.005189,WAL
1988682348000,201.16496,-2.52682433894716,-1.13555572034435,-3.61798984855531,-1.8041905,-2.3970351,0.21930063,348.66202,80.355545,-4.9437175,WAL
1988687383000,201.169995,-2.76550351233728,-0.717430651431902,-4.21860475702351,-2.0512855,-2.652377,0.3145956,348.0817,80.79546,-4.9727855,WAL
1988692335000,201.174947,-2.91753409753254,-0.47326022171362,-4.7299804885953,-2.225993,-2.8958068,0.39278635,347.4462,81.24551,-5.024498,WAL
1988697343000,201.179955,-3.01136885804028,-0.517619650271516,-5.36093530011021,-2.3606887,-3.0360003,0.44012842,346.80978,81.714516,-5.1314797,WAL
1988702342000,201.184954,-3.04014819269612,-0.877361613946498,-6.11399510787496,-2.3991733,-2.980106,0.4541783,346.1679,82.152306,-5.2480826,WAL
1988707354000,201.189966,-3.02488294074406,-1.38274406620909,-6.58373972801154,-2.310598,-2.8044822,0.45906523,345.50308,82.56179,-5.433221,WAL
1988712342000,201.194954,-2.96311058220432,-2.03848243358202,-6.75005020651547,-2.1545217,-2.604424,0.49968776,344.86795,82.8852,-5.6361885,WAL
1988717339000,201.199951,-2.92829205976562,-2.75384453929688,-6.66760099558594,-1.9489655,-2.4740043,0.5729916,344.31226,83.15743,-5.8101854,WAL
1988722425000,201.205037,-2.92353535839844,-3.54819757519531,-6.30134229150391,-1.7510452,-2.4367414,0.657291,343.79355,83.31899,-5.9970975,WAL
1988727298000,201.20991,-2.95570820046802,-4.35740220816739,-6.01255504175461,-1.5888605,-2.4239132,0.7654142,343.30585,83.39246,-6.1870747,WAL
1988732335000,201.214947,-3.03981667082683,-5.26046063991924,-5.80007088160962,-1.4504995,-2.368019,0.8765916,342.8475,83.36565,-6.396702,WAL
1988737358000,201.21997,-3.15561450164423,-6.27116181810708,-5.6480969077176,-1.3371841,-2.2119431,0.9767735,342.35168,83.19297,-6.702706,WAL
1988742350000,201.224962,-3.36686905718837,-7.60747061103689,-5.6775741778029,-1.217149,-1.9477439,1.0592403,341.91196,82.936646,-7.0324497,WAL
1988747241000,201.229853,-3.47984260069404,-8.89354705089647,-5.78983049097744,-1.1032226,-1.7690657,1.1609493,341.48026,82.58526,-7.4128466,WAL
1988752344000,201.234956,-3.3526494156738,-10.1749003160787,-6.1243014462406,-1.0451905,-1.2287555,1.2831224,341.23804,97.825386,-7.8187666,WAL
1988757277000,201.239889,-3.13382071531831,-11.3645793755322,-6.33387461540139,-1.0253373,-0.5345071,1.3539828,341.0979,98.28083,-8.241651,WAL
1988762347000,201.244959,-2.54888867066154,-12.4033380773704,-6.12208883151937,-0.98837996,0.07666359,1.4758505,341.09833,98.79729,-8.704122,WAL
1988767311000,201.249923,-1.80651273252865,-13.2981372503757,-5.46327678220928,-0.9841039,0.47800204,1.5735888,341.19836,99.31217,-9.135908,WAL
1988772379000,201.254991,-0.634846249289874,-13.9136043390475,-3.68982058359947,-1.028697,0.62888575,1.5793921,341.40784,99.84526,-9.563637,WAL
1988777320000,201.259932,0.366066122377566,-14.3503566041562,-2.14333923953931,-1.1316279,0.65484756,1.4975362,341.64713,100.28146,-9.876109,WAL
1988782351000,201.264963,0.670061881389084,-13.9691556935403,-1.49191976674011,-1.314582,0.5983425,1.3396275,341.90695,100.71506,-10.159681,WAL
1988787343000,201.269955,0.941866520796203,-13.5215685668346,-0.825935598252615,-1.5460999,0.4868596,1.1111639,342.0375,100.81524,-10.165246,WAL
1988792315000,201.274927,1.07100687645293,-12.7467263847346,-0.0695422427237506,-1.7675385,0.32070425,0.81245077,342.12988,100.879364,-10.111125,WAL
1988797271000,201.279883,1.18926449478009,-11.9753965621073,0.64337256500725,-1.9559906,0.024740042,0.52839845,342.105,100.811104,-9.94484,WAL
1988802333000,201.284945,1.20800891685839,-11.1975024586757,0.971400127532141,-2.0925188,-0.42180246,0.24923302,341.97977,100.69985,-9.711095,WAL
1988807527000,201.290139,1.20601363000815,-10.4294676858876,1.24695960823391,-2.1731532,-1.0183123,0.003970624,341.68494,100.49177,-9.412951,WAL
1988812349000,201.294961,0.955197869638816,-10.0699652589843,0.787130754963339,-2.1697934,-1.6157386,-0.21380283,341.25735,100.24363,-9.063988,WAL
1988817334000,201.299946,0.695903683524939,-9.69831042735584,0.311758122538246,-2.0845776,-2.1343632,-0.3979787,340.67072,100.006134,-8.720392,WAL
1988822366000,201.304978,0.0780178620661987,-9.62625098475426,-0.331336389456369,-1.8967366,-2.47095,-0.56505036,339.96826,99.71756,-8.334093,WAL
1988827282000,201.309894,-0.5972459688666,-9.61680654503511,-0.992433836934805,-1.6496416,-2.6398542,-0.72082096,339.17188,99.37955,-7.9106793,WAL
1988832342000,201.314954,-1.20099652008738,-9.5809044654763,-1.39598991432235,-1.4056009,-2.6508498,-0.8356637,338.34692,99.06421,-7.5035295,WAL
1988837398000,201.32001,-1.78503895070757,-9.53951575847659,-1.74089684641466,-1.2030991,-2.5751023,-0.9315695,337.50803,98.698944,-7.0608687,WAL
1988842354000,201.324966,-2.20208894673678,-9.29027568171977,-2.09674400898031,-1.0769554,-2.4416285,-0.9236283,336.73804,98.51904,-6.7536707,WAL
1988847242000,201.329854,-2.55924390349521,-8.97173169161769,-2.45389891534179,-0.9789116,-2.3506095,-0.82833326,335.98587,98.318825,-6.4439564,WAL
1988852341000,201.334953,-2.87181352649381,-8.69405001237937,-2.74434459921045,-0.9398162,-2.1630738,-0.6918049,335.3382,98.26334,-6.2546835,WAL
1988857252000,201.339864,-3.15604831457257,-8.44190685485915,-3.00107290453261,-0.8604037,-1.9364429,-0.6123924,334.73483,98.19671,-6.072755,WAL
1988862345000,201.344957,-3.21259947372148,-8.3005264186664,-3.19944086496853,-0.76083267,-1.7009543,-0.4596761,334.21146,98.263374,-6.016397,WAL
1988867355000,201.349967,-3.17956855554681,-8.20615187401652,-3.36931425698269,-0.6753115,-1.4566082,-0.3155119,333.76123,98.33332,-5.9730844,WAL
1988872365000,201.354977,-2.96559322886239,-8.36858396000422,-3.27911538428662,-0.6374379,-1.2018774,-0.16523905,333.40103,98.498055,-6.0234284,WAL
1988877302000,201.359914,-2.68119061253694,-8.6330286652596,-3.08452407112706,-0.63591075,-0.96974856,-0.04337143,333.11044,98.67421,-6.0984807,WAL
1988882284000,201.364896,-2.18391703893357,-8.93278728269288,-2.75706473175454,-0.66737026,-0.8503244,0.032070424,332.85565,98.8925,-6.201272,WAL
1988887518000,201.37013,-1.60656609366498,-9.25630263648098,-2.37880031396088,-0.7852673,-0.84391034,0.06994407,332.63916,99.141655,-6.322314,WAL
1988892306000,201.374918,-1.08641092409456,-9.50262191524948,-2.25058085695197,-0.9202685,-0.9083566,0.09193522,332.41534,99.367355,-6.41881,WAL
1988897360000,201.379972,-0.539172786254906,-9.75136683675948,-2.16465100352271,-1.0201449,-0.9828822,0.08124508,332.19202,99.60708,-6.5143976,WAL
1988902386000,201.384998,-0.0783606469271457,-9.89248038702595,-2.14514458658683,-1.0635164,-1.0329732,0.058948494,331.9141,99.7553,-6.5211673,WAL
1988907335000,201.389947,0.333158191125749,-9.97762195568862,-2.15933488095808,-1.0543534,-1.0699304,-0.00061086525,331.61914,99.90142,-6.514201,WAL
1988912320000,201.394932,0.61055366236941,-9.90668089453898,-2.04183438477444,-0.9990701,-1.1187997,-0.076358154,331.2605,99.9484,-6.395897,WAL
1988917421000,201.400033,0.818369810342303,-9.74719440522358,-1.84851703195489,-0.9300423,-1.210124,-0.1554652,330.8797,99.981575,-6.2629013,WAL
1988922410000,201.405022,0.868762226954315,-9.62921242741117,-1.60623956619289,-0.8546005,-1.3457361,-0.24007004,330.44763,99.94187,-6.0389233,WAL
1988927364000,201.409976,0.835046007076142,-9.53288051431472,-1.33651000834518,-0.7831292,-1.5131133,-0.30726522,329.98123,99.88696,-5.8053913,WAL
1988932327000,201.414939,0.677953496277662,-9.46452305447324,-1.07555312432381,-0.71776664,-1.6691893,-0.37690386,329.46335,99.78553,-5.5326834,WAL
1988937388000,201.42,0.453351399294496,-9.40951830300738,-0.814281272801211,-0.68019843,-1.8212948,-0.44440445,328.90247,99.6782,-5.2517085,WAL
1988942348000,201.42496,0.166000694302671,-9.3243370226791,-0.690797737049597,-0.6637051,-1.9419407,-0.48899764,328.31192,99.5613,-4.986593,WAL
1988947348000,201.42996,-0.17907289620178,-9.21269543726155,-0.675573913395507,-0.68111473,-1.9770653,-0.51923543,327.70972,99.4511,-4.711931,WAL
1988952340000,201.434952,-0.479534901155284,-9.0476520524503,-0.840647081972053,-0.71959925,-2.0100522,-0.5198463,327.1,99.356575,-4.490324,WAL
1988957350000,201.439962,-0.758102920816768,-8.85407091783114,-1.10032915676048,-0.7302894,-1.9914207,-0.50823987,326.50543,99.26972,-4.2646627,WAL
1988962340000,201.444952,-0.983527510175543,-8.6306546605177,-1.37804014224933,-0.7538077,-1.9205604,-0.4654793,325.95224,99.236206,-4.102699,WAL
1988967355000,201.449967,-1.17882010528613,-8.38772931389467,-1.66859739485272,-0.75441855,-1.8371773,-0.4156938,325.419,99.209984,-3.9451067,WAL
1988972356000,201.454968,-1.30655037320636,-8.16354258841409,-1.94591679795717,-0.7480045,-1.7119498,-0.3368922,324.93314,99.25095,-3.8483832,WAL
1988977350000,201.459962,-1.39150830317774,-7.95114820704628,-2.21495007858482,-0.743423,-1.5919148,-0.24281894,324.4805,99.303246,-3.7657914,WAL
1988982342000,201.464954,-1.46167443479095,-7.81981361871883,-2.39929592999616,-0.7275405,-1.459357,-0.13988814,324.0632,99.430695,-3.751078,WAL
1988987385000,201.469997,-1.521882090257,-7.74571188891446,-2.52434279248178,-0.7076874,-1.3381003,-0.032375857,323.68634,99.56522,-3.7574167,WAL
1988992313000,201.474925,-1.53236105916709,-7.77373000394109,-2.57858231930929,-0.6939429,-1.2458596,0.06352998,323.3374,99.75221,-3.8019283,WAL
1988997308000,201.47992,-1.49348960893855,-7.90492087575419,-2.5640053922905,-0.69974613,-1.171945,0.14905111,323.02557,99.94638,-3.8667002,WAL
1989002340000,201.484952,-1.41807558716619,-8.07400581737259,-2.5076572500538,-0.6960809,-1.1297953,0.22907446,322.72232,100.16379,-3.9686244,WAL
1989007356000,201.489968,-1.3099999964394,-8.27606038530764,-2.41367856724054,-0.6985244,-1.1007792,0.28344148,322.4422,100.386566,-4.081264,WAL
1989012343000,201.494955,-1.18204619519377,-8.4358470714358,-2.31166956124659,-0.7153232,-1.0861185,0.33169982,322.16928,100.609055,-4.204439,WAL
1989017379000,201.499991,-1.03076695650106,-8.55296655600526,-2.19943009978751,-0.71868294,-1.0748174,0.3735441,321.90918,100.829155,-4.3357196,WAL
1989022342000,201.504954,-0.925189262241379,-8.63507838745211,-2.1219966059387,-0.7293731,-1.0781772,0.4025602,321.6465,101.03017,-4.4535656,WAL
1989027346000,201.509958,-0.860925564793103,-8.6855710960728,-2.07609391697318,-0.73945236,-1.0537425,0.4098906,321.3994,101.22905,-4.570412,WAL
1989032342000,201.514954,-0.793539987939115,-8.72291149198878,-2.06547150026036,-0.75136423,-1.0256428,0.41874814,321.15405,101.39811,-4.660131,WAL
1989037407000,201.520019,-0.72067821306429,-8.74234144266974,-2.10433119873823,-0.7620544,-0.9673051,0.41996986,320.92767,101.56491,-4.742627,WAL
1989042329000,201.524941,-0.6572993529305,-8.7788102591117,-2.09945742571934,-0.7797695,-0.9068295,0.42730024,320.6866,101.71641,-4.8165045,WAL
1989047342000,201.529954,-0.602988383700753,-8.84020514645123,-2.03570104577247,-0.8078693,-0.88117313,0.43279803,320.45596,101.86939,-4.884997,WAL
1989052290000,201.534902,-0.549381626120702,-8.90080397002115,-1.97277134938763,-0.7974846,-0.8381071,0.42943826,320.2355,102.01433,-4.936739,WAL
1989057356000,201.539968,-0.494496453545817,-8.96284795551129,-1.90834090438247,-0.79351395,-0.838718,0.43157628,320.01376,102.165596,-4.989129,WAL
1989062252000,201.544864,-0.451648745668761,-9.06087529308797,-1.8168380021544,-0.7742717,-0.86254174,0.43188173,319.78394,102.31084,-5.045935,WAL
1989067371000,201.549983,-0.427200473659485,-9.23934770147616,-1.6628138989627,-0.73792523,-0.92057395,0.43310347,319.54788,102.44715,-5.1021047,WAL
1989072284000,201.554896,-0.403736054753142,-9.41063798129862,-1.51498806989826,-0.6951646,-1.006095,0.42760566,319.2874,102.5377,-5.1343346,WAL
1989077353000,201.559965,-0.379526582040694,-9.58736715459805,-1.36246840217435,-0.6227771,-1.0897835,0.4098906,319.0153,102.60846,-5.1641126,WAL
1989082242000,201.564854,-0.348667650543275,-9.7394324997544,-1.26108830001965,-0.5531385,-1.1523973,0.3830125,318.71133,102.670746,-5.2010355,WAL
1989087401000,201.570013,-0.300129737040967,-9.860777207486,-1.25138072340112,-0.49541172,-1.1991285,0.33261612,318.3924,102.71216,-5.2270303,WAL
1989092243000,201.574855,-0.269494892062257,-9.96895516138132,-1.25573925053502,-0.45662177,-1.2382239,0.28985557,318.0547,102.70466,-5.259737,WAL
1989097342000,201.579954,-0.274245096653697,-10.0687095570039,-1.2937409368677,-0.44409904,-1.284955,0.23762658,317.70657,102.68437,-5.2760215,WAL
1989102302000,201.584914,-0.320810962216625,-10.2098647581864,-1.40776652443325,-0.42424592,-1.3341297,0.18203785,317.3391,102.64785,-5.2787757,WAL
1989107349000,201.589961,-0.498751010094943,-10.4908230630692,-1.76364662018989,-0.41813725,-1.3933836,0.118202426,316.9609,102.60776,-5.2657595,WAL
1989112311000,201.594923,-0.672179074425175,-10.7351060316641,-2.06639942207716,-0.39064834,-1.4566082,0.06536258,316.5588,102.56009,-5.2483535,WAL
1989117351000,201.599963,-0.841471368267732,-10.8385620488114,-2.16045071280203,-0.35063666,-1.4877623,-0.005192355,316.15363,102.50171,-5.2080326,WAL
1989122329000,201.604941,-1.02095570597493,-10.9228179653162,-2.23048603759837,-0.31795537,-1.5033394,-0.07666359,315.72614,102.47512,-5.17503,WAL
1989127348000,201.60996,-1.28246306251822,-10.8901298566016,-2.1510998226756,-0.3155119,-1.5054774,-0.14782938,315.29895,102.4414,-5.121904,WAL
1989132328000,201.61494,-1.54512928099911,-10.8537941984835,-2.06485686387154,-0.34574974,-1.4856243,-0.21074851,314.87497,102.421234,-5.0796523,WAL
1989137357000,201.619969,-1.85064554209535,-10.7678677843196,-1.8834566617306,-0.4120286,-1.4645494,-0.28955013,314.45486,102.40357,-5.011989,WAL
1989142430000,201.625042,-2.15136843737899,-10.6795183780029,-1.69490077798494,-0.50793445,-1.4373659,-0.3454443,314.06662,102.40133,-4.974233,WAL
1989147345000,201.629957,-2.35389265129975,-10.5740373057099,-1.44596475127286,-0.6078109,-1.4141531,-0.38698313,313.68747,102.41315,-4.916589,WAL
1989152316000,201.634928,-2.55872436389387,-10.4673544144855,-1.19419242395124,-0.65087694,-1.3634512,-0.3912592,313.36282,102.42668,-4.898248,WAL
1989157350000,201.639962,-2.71170582360255,-10.3921078666734,-0.759908426756292,-0.7153232,-1.3191634,-0.38362336,313.04758,102.46989,-4.8694773,WAL
1989162294000,201.644906,-2.85049929082179,-10.3251037482058,-0.295668051137168,-0.7324274,-1.2873985,-0.34666604,312.75018,102.51554,-4.8445873,WAL
1989167351000,201.649963,-2.84556816803468,-10.4594397734104,0.180066099277457,-0.691194,-1.2962561,-0.2950479,312.47025,102.550255,-4.8805165,WAL
1989172291000,201.654903,-2.81366390618497,-10.6280765248555,0.644956387813102,-0.6252206,-1.3408492,-0.22693644,312.19754,102.58814,-4.928852,WAL
1989177348000,201.65996,-2.67251525450617,-10.912657427572,0.985406126286008,-0.53878313,-1.4147639,-0.16584991,311.95828,102.57148,-5.02206,WAL
1989182241000,201.664853,-2.50378316987654,-11.2211963152263,1.27466120761317,-0.41325033,-1.4746287,-0.116675265,311.71915,102.534676,-5.1280527,WAL
1989187348000,201.66996,-2.28503482342518,-11.5291871262779,1.26150818592153,-0.25961772,-1.5167783,-0.083383106,311.48474,102.42657,-5.264668,WAL
1989192251000,201.674863,-2.06559719416805,-11.821770345536,1.1792190331808,-0.10751228,-1.5173893,-0.05589417,311.25375,102.29711,-5.407928,WAL
1989197346000,201.679958,-1.81119934389393,-12.0943242107467,0.84408890897418,0.050701816,-1.452943,-0.05009095,311.03033,102.104515,-5.5437474,WAL
1989202262000,201.684874,-1.55775526039278,-12.3477684902801,0.445149182031702,0.19181168,-1.3365731,-0.047036625,310.82785,101.89053,-5.676904,WAL
1989207352000,201.689964,-1.26843070517401,-12.5643343617273,-0.0517683904268954,0.31490102,-1.1835514,-0.062002823,310.62628,101.64651,-5.767087,WAL
1989212289000,201.694901,-0.979423242117717,-12.7601132067436,-0.559862225365277,0.43096542,-0.9801333,-0.083383106,310.47662,101.380104,-5.8429737,WAL
1989217340000,201.699952,-0.669767970313876,-12.9832171452632,-1.00411673682297,0.5348125,-0.74281216,-0.12461651,310.34158,101.110695,-5.846396,WAL
1989222358000,201.70497,-0.357056347154067,-13.2131524694737,-1.41799974417225,0.6453791,-0.4990769,-0.16462818,310.2707,100.820045,-5.833764,WAL
1989227346000,201.709958,-0.0845654853972603,-13.5044716310502,-1.68118098653475,0.786489,-0.26847526,-0.20005837,310.21082,100.52529,-5.7440753,WAL
1989232335000,201.714947,0.167539209342466,-13.8292988146119,-1.86541136647387,0.93401295,-0.08399397,-0.23487769,310.209,100.207275,-5.6387234,WAL
1989237420000,201.720032,0.398044369950317,-14.0995021481734,-1.84717432974184,1.1233811,0.052839845,-0.28191432,310.20605,99.8723,-5.470619,WAL
1989242371000,201.724983,0.610521674054554,-14.3350747314174,-1.73631659244033,1.3365731,0.1255328,-0.35277468,310.23712,99.498795,-5.288495,WAL
1989247339000,201.729951,0.789665898378762,-14.4833593242476,-1.39772178939102,1.541213,0.13225232,-0.40408736,310.26508,99.0894,-5.064981,WAL
1989252381000,201.734993,0.951125666663289,-14.5812136673422,-0.918235150602898,1.6490307,0.09040806,-0.5149594,310.29694,98.64626,-4.814056,WAL
1989257353000,201.739965,1.03022362622467,-14.4693358687783,-0.420590043419241,1.8564194,-0.029321533,-0.6429357,310.30096,98.112885,-4.531519,WAL
1989262344000,201.744956,1.06783753233327,-14.2483542624434,0.0918991020558725,2.0534234,-0.20433442,-0.7675522,310.27713,97.557175,-4.2336783,WAL
1989267350000,201.749962,0.923517048249951,-13.9466713178762,0.581122987037769,2.243097,-0.39736784,-0.91721416,310.19376,96.88617,-3.9025216,WAL
1989272382000,201.754994,0.666221544670753,-13.5940815555665,1.05759612154439,2.4431555,-0.5867361,-1.0867293,310.06494,96.164246,-3.545679,WAL
1989277348000,201.75996,0.170212514437494,-13.1032012914308,1.53754869264224,2.6493225,-0.80878556,-1.2657127,309.88046,95.33329,-3.161641,WAL
1989282351000,201.764963,-0.491079713573627,-12.513271535498,2.02757100753649,2.83808,-1.0598512,-1.4196508,309.64063,94.46132,-2.7492635,WAL
1989287413000,201.770025,-1.24649353592443,-11.9954114060809,2.34375834638394,3.0439415,-1.2651019,-1.5225816,309.38812,93.52033,-2.3550014,WAL
1989292329000,201.774941,-2.03864243247073,-11.5460639496212,2.52905633190003,3.2510247,-1.3448198,-1.597718,309.11105,92.56706,-1.9333135,WAL
1989297345000,201.779957,-2.75551437531179,-11.2044524963174,2.36101160501817,3.4367278,-1.244638,-1.6328428,308.899,91.72499,-1.5988134,WAL
1989302348000,201.78496,-3.39541767854267,-10.9597830487086,1.89990475229304,3.58303,-0.9324858,-1.6249015,308.74045,88.67159,-1.2624099,WAL
1989307322000,201.789934,-3.91915283116496,-10.8264270951435,1.36380710461813,3.6230419,-0.51343226,-1.5836681,308.72824,88.15794,-1.0640132,WAL
1989312331000,201.794943,-4.33839792295163,-10.7978421165955,0.749231757225147,3.5601227,-0.14049901,-1.4963144,308.8077,87.27315,-0.89462894,WAL
1989317327000,201.799939,-4.74101021672254,-11.0598158359298,0.107998270183396,3.4345899,0.17348573,-1.3716979,309.01773,86.326416,-0.84066075,WAL
1989322346000,201.804958,-5.12963303959771,-11.6190535313055,-0.56498250032045,3.2458324,0.39553526,-1.2583824,309.31686,85.41106,-0.8255133,WAL
1989327316000,201.809928,-5.63928546773414,-12.4318551620002,-1.11672899691386,3.0130928,0.45051312,-1.1930199,309.64197,84.59008,-0.86359054,WAL
1989332321000,201.814933,-6.29529980336345,-13.5466509713302,-1.54120880452187,2.7837129,0.27458394,-1.2098186,309.96906,83.836105,-0.9183889,WAL
1989337327000,201.819939,-7.19210851062173,-14.7343678338338,-1.7526674638305,2.5573874,-0.22174409,-1.3500122,310.16653,83.180435,-0.9280737,WAL
1989342313000,201.824925,-8.88096226037148,-16.1576786806807,-1.25875733169836,2.3380868,-0.5815437,-1.6157386,310.36188,82.60623,-0.8992773,WAL
1989347307000,201.829919,-9.88950817853107,-16.8519446056497,-1.25188887548023,2.1658227,-1.3454307,-1.738828,310.297,82.11073,-0.8904124,WAL
1989352342000,201.834954,-9.99393796619586,-16.57497883258,-1.89662806893597,2.112983,-1.8380935,-1.8383989,310.21927,81.66239,-0.8076351,WAL
1989357178000,201.83979,-9.80877661856657,-15.9642025944279,-2.51340473843046,2.0295997,-1.8463402,-1.6948457,310.15988,81.156265,-0.94135666,WAL
1989362194000,201.844806,-8.88930552116121,-14.4521836935347,-3.14681811367503,1.9135354,-1.6548339,-1.484708,310.01932,80.689926,-1.040107,WAL
1989367196000,201.849808,-7.87776260466152,-13.0207666606295,-3.61775526187648,1.8014416,-1.3445144,-1.3136657,309.86722,80.3106,-1.1364695,WAL
1989372284000,201.854896,-6.70588879468527,-11.6801043423397,-3.85405902244656,1.8002199,-1.0668762,-1.1713341,309.753,79.936035,-1.2810316,WAL
1989377187000,201.859799,-5.56793949113475,-10.6862935291568,-3.68703665256107,1.8445076,-1.0195341,-1.0827587,309.57516,79.662285,-1.3236359,WAL
1989382250000,201.864862,-4.37868073856383,-10.1465897981678,-2.87031680135934,1.8142698,-1.1264355,-1.0647382,309.43146,79.41429,-1.3911438,WAL
1989387229000,201.869841,-3.23703382505383,-9.80329475729105,-2.33072945633196,1.7373008,-1.1468995,-1.0934488,309.24667,79.22952,-1.3079238,WAL
1989392232000,201.874844,-2.13979494088863,-9.79391694764142,-2.26039358271677,1.7110336,-1.0598512,-1.1099422,309.06372,79.04479,-1.2372141,WAL
1989397206000,201.879818,-1.17530313769905,-9.85389879438095,-2.09074099384762,1.7779233,-0.95569867,-1.0833695,308.85657,78.79305,-1.0247161,WAL
1989402247000,201.884859,-0.481038450895238,-10.0699939819048,-1.6953319632381,1.915368,-0.8304713,-1.0607675,308.68378,78.533554,-0.81769705,WAL
1989407343000,201.889955,0.123587800587746,-10.3108179904353,-1.29574436132659,2.0344868,-0.70157874,-1.061073,308.47272,78.307785,-0.434925,WAL
1989412316000,201.894928,0.400863833473801,-10.6178021628084,-0.906237538288744,2.0409007,-0.58368176,-1.0601566,308.29456,78.07258,-0.072198525,WAL
1989417379000,201.899991,0.68315793250901,-10.9303420511505,-0.509681526818686,1.9871446,-0.36896262,-1.0253373,308.15936,77.78903,0.3923513,WAL
1989422397000,201.905009,0.849719528246206,-11.0611871753794,-0.325635645548061,1.89918,-0.070554934,-0.95630956,308.08066,77.50874,0.82373035,WAL
1989427365000,201.909977,0.816289516947724,-10.8773223052277,-0.509500655328836,1.8240436,0.26633725,-0.8735373,308.0713,77.238174,1.2148231,WAL
1989432343000,201.914955,0.782792214966273,-10.693087336706,-0.69373576376054,1.774869,0.550695,-0.8017606,308.13348,76.90793,1.6460217,WAL
1989437378000,201.91999,0.670112537859781,-10.2391402836141,-0.988233643339982,1.7220291,0.77488256,-0.70616025,308.26727,76.6018,2.013912,WAL
1989442421000,201.925033,0.481010942751182,-9.5255494500591,-1.38784457346631,1.6978999,0.92149025,-0.6032294,308.45374,76.30488,2.3313851,WAL
1989447309000,201.929921,0.297721512473404,-8.83389131117021,-1.77517319263298,1.6670512,0.97127575,-0.56505036,308.64154,76.02034,2.6421604,WAL
1989452259000,201.934871,0.223475456561718,-8.35467971371977,-2.01389303584237,1.6493362,1.0436633,-0.48624873,308.86646,75.74829,2.8907151,WAL
1989457230000,201.939842,0.178807326479358,-7.93281376720183,-2.21241809873853,1.6358972,1.1820242,-0.39828414,309.11957,75.48907,3.1077418,WAL
1989462241000,201.944853,0.123722601088114,-7.62072550928445,-2.21664285748078,1.6417004,1.2733486,-0.32803464,309.34903,75.25071,3.2866752,WAL
1989467212000,201.949824,0.0674170943583678,-7.32981382903607,-2.18849012371378,1.6688838,1.348485,-0.26816985,309.60553,75.019264,3.4296863,WAL
1989472258000,201.95487,-0.0793331996665628,-6.89286263446557,-2.08402540523528,1.6878207,1.353372,-0.2144137,309.8496,74.79094,3.5643654,WAL
1989477200000,201.959812,-0.241568895378623,-6.43565283968007,-1.96603578408642,1.679574,1.3295482,-0.16890424,310.10117,74.5708,3.676787,WAL
1989482225000,201.964837,-0.465512608512816,-6.03354612096626,-1.7347910027199,1.6618589,1.3014483,-0.124005646,310.35144,74.32503,3.7704885,WAL
1989487204000,201.969816,-0.694123320062696,-5.64226998746082,-1.49299123416928,1.6352862,1.2269229,-0.09040806,310.57822,74.09171,3.8561976,WAL
1989492225000,201.974837,-0.911815362527031,-5.20323638224694,-1.28252789692102,1.5796975,1.1047498,-0.055588737,310.80133,73.83258,3.906369,WAL
1989497182000,201.979794,-1.12202095202348,-4.75349442343734,-1.08698785046854,1.5070046,0.9947941,-0.01863139,311.0034,73.593765,3.9487793,WAL
1989502244000,201.984856,-1.37472414196032,-4.38419232040272,-0.863781510370151,1.4251486,0.88789266,0.02076942,311.21262,73.31794,3.9320807,WAL
1989507240000,201.989852,-1.63447289359392,-4.04415758740499,-0.637091642345277,1.3359623,0.7974846,0.071776666,311.39172,73.072876,3.9076767,WAL
1989512264000,201.994876,-1.83966024532916,-3.74072152577521,-0.407092526072581,1.2458596,0.7098254,0.11209377,311.5741,72.80058,3.8366823,WAL
1989517274000,201.999886,-2.02739297759953,-3.44973574664971,-0.177119872683165,1.1316279,0.6337727,0.14813483,311.73102,72.56682,3.7583077,WAL
1989522311000,202.004923,-2.19968553954997,-3.22092489803365,0.0637819619906751,0.9999864,0.5726862,0.1881465,311.90912,72.30792,3.6172786,WAL
1989527248000,202.00986,-2.36262335317251,-3.01964882242043,0.303396269570241,0.8527679,0.5018258,0.21685717,312.06213,72.08891,3.476166,WAL
1989532265000,202.014877,-2.49508082304269,-2.88481195174995,0.546523159474004,0.71868294,0.43218717,0.22510384,312.23193,71.83384,3.2984583,WAL
1989537263000,202.019875,-2.61612286833907,-2.77345326603277,0.78860732084564,0.5494733,0.4007276,0.2275473,312.39175,71.631744,3.1173658,WAL
1989542254000,202.024866,-2.69028677772461,-2.73767697397461,0.973156971904297,0.3817908,0.34025195,0.2312125,312.56097,71.39784,2.920441,WAL
1989547265000,202.029877,-2.75121070167969,-2.72361754667969,1.14186965902344,0.2959642,0.30024028,0.23304509,312.72855,71.18815,2.7249265,WAL
1989552323000,202.034935,-2.75820569439586,-2.75461464108513,1.27610996034267,0.1386664,0.2733622,0.22082779,312.91687,70.96792,2.5406673,WAL
1989557322000,202.039934,-2.74538909884883,-2.80160907754774,1.39573197975192,-0.03145956,0.24373524,0.20311269,313.0961,70.775795,2.362149,WAL
1989562310000,202.044922,-2.69061943513109,-2.87859441848047,1.49893265811664,-0.18967366,0.22296582,0.19364429,313.26642,70.52735,2.2200286,WAL
1989567309000,202.049921,-2.59328235213483,-2.98617744545746,1.58602369014446,-0.3494149,0.204029,0.18325958,313.43326,70.328316,2.086288,WAL
1989572337000,202.054949,-2.45769538282741,-3.14602944307603,1.69150380708297,-0.50243664,0.1826487,0.17531833,313.59924,70.14036,1.9662285,WAL
1989577320000,202.059932,-2.30133794735473,-3.33457820141659,1.80647257036716,-0.6386596,0.14569137,0.15882497,313.75977,69.993126,1.8554547,WAL
1989582308000,202.06492,-2.12429879308049,-3.51836738550473,1.94969811734221,-0.7657196,0.0842994,0.13958271,313.9068,69.89473,1.7523073,WAL
1989587356000,202.069968,-1.92834855729589,-3.70032113759892,2.11765548317892,-0.8897252,0.0027488936,0.12370021,314.04105,69.83293,1.659514,WAL
1989592312000,202.074924,-1.72598638276825,-3.81534514154368,2.27833361301356,-1.0164797,-0.10140363,0.10445796,314.13354,69.811874,1.5854328,WAL
1989597307000,202.079919,-1.5113247136418,-3.86304779002792,2.4357520740726,-1.1365148,-0.22449298,0.08399397,314.20132,69.82177,1.527505,WAL
1989602300000,202.084912,-1.32915598523153,-3.9104602746798,2.55434282600985,-1.244638,-0.34972036,0.07849618,314.22845,69.850075,1.5151944,WAL
1989607358000,202.08997,-1.18121277417734,-3.95818387507389,2.63070068630542,-1.3698653,-0.46975538,0.0711658,314.22675,69.91448,1.5214822,WAL
1989612300000,202.094912,-1.05309493821315,-4.01121645364501,2.66773450713154,-1.4990633,-0.58184916,0.070249505,314.18347,69.97259,1.5969223,WAL
1989617297000,202.099909,-0.944074316164818,-4.07283674928685,2.65825446164818,-1.6316211,-0.67164636,0.06963864,314.1158,70.064514,1.6833118,WAL
1989622369000,202.104981,-0.8457039276181,-4.16045337495773,2.60493243326703,-1.751656,-0.7510588,0.0711658,314.00516,70.17719,1.8004743,WAL
1989627383000,202.109995,-0.764519663092989,-4.27984207552461,2.4950949165092,-1.8536706,-0.8060367,0.07544186,313.8779,70.31862,1.922403,WAL
1989632256000,202.114868,-0.690512810663984,-4.44221245533199,2.36776439798793,-1.951409,-0.86406887,0.05467244,313.71555,70.50067,2.070891,WAL
1989637337000,202.119949,-0.620579274197566,-4.67998650852735,2.20458616246048,-2.05434,-0.87017757,0.056199603,313.5508,70.7086,2.2110338,WAL
1989642244000,202.124856,-0.566359094675218,-4.92290512982135,2.08082217786532,-2.1138992,-0.84421575,0.06047566,313.36533,70.97337,2.360276,WAL
1989647312000,202.129924,-0.539679146120018,-5.2030443435639,2.02746224360971,-2.1398609,-0.79473567,0.06414085,313.18506,71.2505,2.5058267,WAL
1989652279000,202.134891,-0.505217774965246,-5.52777374714415,1.9857128216984,-2.1728477,-0.7486154,0.07269296,312.9865,71.61458,2.6391501,WAL
1989657321000,202.139933,-0.417663371318626,-6.17470379241463,2.01003347526947,-2.1948388,-0.6768387,0.058337633,312.8102,71.973206,2.769094,WAL
1989662276000,202.144888,-0.336472626334954,-6.85431271354494,2.05861541527976,-2.2165246,-0.58459806,0.02565634,312.6362,72.37621,2.8854322,WAL
1989667311000,202.149923,-0.281317668866648,-7.791946865723,2.24706153276141,-2.2375994,-0.5021312,0.0143553335,312.4784,72.775894,2.992821,WAL
1989672375000,202.154987,-0.187302749351261,-8.83580016439297,2.51830538918441,-2.2427917,-0.3979787,0.004886922,312.33948,73.2047,3.1104124,WAL
1989677328000,202.15994,0.389967509671214,-11.1262595732653,3.81250785858279,-2.2220223,-0.34422258,0.053450707,312.20575,73.62347,3.2100782,WAL
1989682580000,202.165192,1.01123306065574,-13.4793270811947,5.16702181913999,-2.169488,-0.36896262,0.13775012,312.0689,74.04002,3.3021748,WAL
1989687349000,202.169961,1.68155119180328,-14.7376431421337,6.19013903561926,-2.0366247,-0.44929138,0.16615535,311.93274,74.4165,3.3934047,WAL
1989692247000,202.174859,2.37000122459016,-16.0299962699339,7.24093126172861,-1.856114,-0.63041294,0.17287487,311.77997,74.60175,3.5647073,WAL
1989697309000,202.179921,2.96511020062288,-16.8843814058405,7.86887681761851,-1.5806139,-0.9798279,0.07238753,311.56503,74.71665,3.7681735,WAL
1989702297000,202.184909,3.49836835532276,-17.5065163836758,8.27848119341531,-1.2895365,-1.4511104,-0.13958271,311.27423,74.769295,4.0155168,WAL
1989707259000,202.189871,4.03384596669096,-18.0783428878592,8.49661347396918,-0.9807441,-1.7415768,-0.34972036,310.95367,74.55178,4.4324665,WAL
1989712310000,202.194922,4.59795615174927,-18.4812789972928,7.99798026863807,-0.6239988,-1.7015651,-0.516792,310.6095,74.24799,4.884048,WAL
1989717286000,202.199898,5.11983069354839,-18.6675069495091,7.52023823141655,-0.16676621,-1.4236214,-0.7141015,310.25958,73.77208,5.4818707,WAL
1989722330000,202.204942,5.56697749698925,-18.3468250402057,7.0685745601683,0.3622431,-1.0283916,-0.8176431,309.96414,73.203575,6.0550942,WAL
1989727283000,202.209895,5.8248595376974,-17.8470071513025,6.67522827288433,0.91415983,-0.54061574,-0.6597345,309.70563,72.60759,6.627056,WAL
1989732306000,202.214918,5.09118621885545,-16.324473072277,6.5518672504724,1.3243558,-0.10476339,-0.45906523,309.54858,71.93488,7.154613,WAL
1989740770000,202.223382,3.85491089122689,-13.7589288865569,6.34399791069645,1.4914275,0.3491095,-0.26816985,309.47168,71.2325,7.657782,WAL
1989742498000,202.22511,3.36016310075472,-12.5968034059857,6.23037643005856,1.4914275,0.3491095,-0.26816985,309.38675,70.50194,8.132715,WAL
1989747312000,202.229924,1.65900216134771,-8.5088748776838,5.81901263544939,1.348485,0.5207626,-0.12644911,309.44186,69.83769,8.440913,WAL
1989752461000,202.235073,-0.0797254547848657,-4.38510275354897,5.36738974471399,1.1016954,0.6096435,-0.0027488936,309.5574,69.204865,8.637438,WAL
1989757323000,202.239935,-0.744438213830488,-3.49726966442049,4.80029212219227,0.77274454,0.6533204,0.10476339,309.69427,68.66521,8.779941,WAL
1989762456000,202.245068,-1.43777438550285,-2.61025880202389,4.20686104266227,0.4529566,0.6954701,0.1853976,309.96573,68.16432,8.694428,WAL
1989767328000,202.24994,-1.98689022530314,-2.41890027285128,3.71182479380349,0.15149458,0.72387534,0.27122417,310.23608,67.75655,8.573213,WAL
1989772302000,202.254914,-2.54750233268545,-2.22353546905314,3.20642448554743,-0.11728613,0.6985244,0.37018433,310.5039,67.500725,8.3449335,WAL
1989777310000,202.259922,-3.17742573802565,-2.3239865193004,2.83274207792759,-0.34330627,0.61086524,0.4578435,310.7553,67.3153,8.098971,WAL
1989782240000,202.264852,-3.81400434155195,-2.49759879810485,2.49887216797096,-0.5726862,0.43860126,0.593761,310.9616,67.21093,7.8250146,WAL
1989787331000,202.269943,-4.40184124946237,-3.1736835180008,2.12172615631223,-0.81397796,0.18203785,0.7556403,311.10944,67.237206,7.4799366,WAL
1989792274000,202.274886,-4.93913206182796,-4.06916840213063,1.7399667602051,-1.0586295,-0.11484267,0.92271197,311.18622,67.330414,7.1210923,WAL
1989797309000,202.279921,-5.44724613755189,-5.44466144206743,1.45678576726739,-1.3353515,-0.42485678,1.0729848,311.17236,67.54498,6.684311,WAL
1989802304000,202.284916,-5.9315647157639,-7.04291291199757,1.22915602640478,-1.600467,-0.752586,1.17897,311.06403,67.82045,6.2526975,WAL
1989807314000,202.289926,-6.37731703597265,-9.05006534763651,0.787092785409176,-1.8203784,-1.10139,1.2586879,310.84106,68.30098,5.7166324,WAL
1989812307000,202.294919,-6.80378929927658,-11.2298114266178,0.251633418054306,-2.0015,-1.4504995,1.2858714,310.52585,68.83062,5.204794,WAL
1989817308000,202.29992,-6.96808011631944,-13.1745937314815,-0.464857527927662,-2.1248949,-1.7397442,1.2928963,310.10684,69.55609,4.5921574,WAL
1989822397000,202.305009,-7.00568511689815,-15.0360525493827,-1.28277112722415,-2.1884248,-1.9495764,1.2617421,309.61606,70.292274,4.0128894,WAL
1989827345000,202.309957,-6.46062699502091,-16.3083523216491,-1.7838666946425,-2.1878138,-2.0708332,1.1869112,309.02588,71.222466,3.3873355,WAL
1989832348000,202.31496,-5.53977856154153,-17.2530569244174,-2.10353961221868,-2.098933,-2.0888536,1.0714576,308.41397,72.10986,2.7988029,WAL
1989837364000,202.319976,-4.30330174578751,-17.9193209924327,-1.64290213815962,-1.9367483,-2.069917,0.91751957,307.73126,73.13929,2.261038,WAL
1989842349000,202.324961,-2.86786272182424,-18.3961945122591,-0.669886582181415,-1.8090774,-1.9333885,0.8237518,307.0835,74.11042,1.7403404,WAL
1989847340000,202.329952,-1.64129378304758,-18.6598008022725,0.642747806782997,-1.3671165,-1.7278323,0.59406644,306.42987,74.978424,1.4313759,WAL
1989852350000,202.334962,-0.541219264238612,-18.7912267696054,2.17117002177742,-0.8576548,-1.6175711,0.2782491,305.8037,75.75232,1.1746287,WAL
1989857347000,202.339959,-0.00201123982987876,-17.9877363042628,3.07920742974189,-0.51923543,-1.6536123,-0.0421497,305.20697,76.304695,1.1611485,WAL
1989862343000,202.344955,0.231884574464216,-16.6732412256551,3.64991323908878,-0.4279111,-1.6991217,-0.30970868,304.65723,76.75996,1.2121586,WAL
1989867350000,202.349962,0.396873086275753,-15.0234126694731,3.71042933788629,-0.45540005,-1.7037032,-0.5158757,304.15744,76.93569,1.4621485,WAL
1989872382000,202.354994,0.516203736545166,-13.1427619808835,3.4288090419275,-0.5180137,-1.7143933,-0.64751714,303.65692,77.08189,1.7607512,WAL
1989877345000,202.359957,0.488243385393945,-11.224154186668,2.78154259782073,-0.5910121,-1.8102992,-0.6783658,303.17175,77.104965,2.114201,WAL
1989882349000,202.364961,0.355926503200868,-9.24412650419091,1.86477550356967,-0.68294734,-1.8945986,-0.6356053,302.6925,77.14271,2.4746568,WAL
1989887363000,202.369975,0.0845381890512258,-7.44482435549133,0.768214698176201,-0.768163,-1.9095647,-0.52534413,302.20554,77.165565,2.843839,WAL
1989892324000,202.374936,-0.294258209487742,-5.8112645549133,-0.458138618237991,-0.86834496,-1.856114,-0.39095375,301.71204,77.215195,3.1881738,WAL
1989897339000,202.379951,-0.707404297644511,-4.46979466927132,-1.50099994244963,-1.0180069,-1.7745636,-0.24587326,301.1907,77.37091,3.4869213,WAL
1989902349000,202.384961,-1.14555534281491,-3.39022645518735,-2.37730219315571,-1.16492,-1.7608191,-0.111177474,300.65784,77.55564,3.7474177,WAL
1989907348000,202.38996,-1.53692053546542,-2.44614941476859,-3.17474394643786,-1.3139712,-1.8555032,0.04917465,300.05682,77.9278,3.9152465,WAL
1989912345000,202.394957,-1.86541250552262,-1.68464548898596,-3.8665678124805,-1.428203,-2.0109684,0.20097467,299.43262,78.33742,4.045413,WAL
1989917311000,202.399923,-2.16387745157753,-1.18696584848788,-4.43343323585995,-1.4831808,-2.2269092,0.3304781,298.68668,78.81437,4.1625853,WAL
1989922386000,202.404998,-2.43970814391112,-0.948535924190073,-4.88691738841862,-1.4999796,-2.4758368,0.45265114,297.8748,79.32243,4.244013,WAL
1989927286000,202.409898,-2.76239735987477,-1.10326410765942,-5.34773722095869,-1.4825699,-2.6865854,0.5693264,297.00555,80.047,4.1557074,WAL
1989932333000,202.414945,-3.17637192265726,-1.81989238897366,-5.85563890931337,-1.4810427,-2.7699685,0.6768387,296.09488,80.79651,4.0293565,WAL
1989937290000,202.419902,-3.58296433551893,-2.52374148556067,-6.35448350395854,-1.4477507,-2.8170052,0.7296785,295.1112,81.63504,3.8302746,WAL
1989942344000,202.424956,-3.91235122521827,-3.30036691657868,-6.47560237939086,-1.4123205,-2.7061331,0.8179486,294.14478,82.4962,3.5732152,WAL
1989947348000,202.42996,-4.18966853624366,-4.10312703771574,-6.37343289187817,-1.3179418,-2.543032,0.9224065,293.18045,83.348656,3.2827246,WAL
1989952342000,202.434954,-4.4240289166584,-5.26120347788471,-6.41303505729735,-1.2263119,-2.3762658,1.0192287,292.18774,84.33038,2.8900638,WAL
1989957350000,202.439962,-4.63816004554023,-6.598334211013,-6.52247990619109,-1.1181889,-2.1713204,1.1114693,291.2589,85.299,2.4532878,WAL
1989962342000,202.444954,-4.65839660004012,-7.90296132247518,-6.62292709783372,-1.0183123,-1.8689423,1.1633929,290.39783,86.213455,1.9933197,WAL
1989967352000,202.449964,-4.57659356523919,-9.19737207525825,-6.71916597708354,-0.91874135,-1.4941764,1.1765264,289.62497,87.103004,1.5131874,WAL
1989972371000,202.454983,-4.31900152331128,-10.3880963551814,-6.31404501683704,-0.8970556,-1.0589349,1.1801916,288.94186,87.98637,1.0173606,WAL
1989977350000,202.459962,-3.97492767342153,-11.5158942459411,-5.65934843265183,-0.8897252,-0.5338962,1.2379184,288.40143,88.83949,0.507505,WAL
1989982341000,202.464953,-3.3097266071028,-12.2390872598131,-4.97904432373832,-0.87017757,-0.09560041,1.2815952,287.98193,89.66975,-0.027303683,WAL
1989987372000,202.469984,-2.47669212250467,-12.7614221363551,-4.2810966088972,-0.9300423,0.19547687,1.3329079,287.68198,90.68938,-0.5686943,WAL
1989992311000,202.474923,-1.64630924397641,-13.2351626361626,-3.43020119810447,-1.0601566,0.3576616,1.4031575,287.52716,91.49538,-1.0948998,WAL
1989997341000,202.479953,-0.789005451390059,-13.6815695743471,-2.41056775812974,-1.2104294,0.3726278,1.4666874,287.42227,92.315834,-1.6193306,WAL
1990002349000,202.484961,-0.116005390621258,-13.8922197346648,-1.71235069523996,-1.3634512,0.19456059,1.428203,287.34418,92.97234,-1.9967661,WAL
1990007352000,202.489964,0.448282738779075,-13.9627557005104,-1.20449139743841,-1.5164729,-0.06688975,1.2782356,287.2501,93.63848,-2.3519602,WAL
1990012343000,202.494955,0.82902684396,-13.79482521565,-0.810349164212,-1.6951511,-0.29749137,1.0952814,287.14813,94.12425,-2.558363,WAL
1990017315000,202.499927,1.08139104572,-13.46151451705,-0.496084338084,-1.8289305,-0.44135013,0.8756753,286.9945,94.59591,-2.7106326,WAL
1990022349000,202.504961,1.32919683066233,-12.8740972711413,-0.261136472598167,-1.9352211,-0.5864306,0.61361414,286.77975,94.941086,-2.707186,WAL
1990027346000,202.509958,1.56974682560615,-12.1147133366844,-0.0866197921880544,-2.057394,-0.7788532,0.35918877,286.50656,95.29715,-2.650328,WAL
1990032342000,202.514954,1.7071401435633,-11.4518833233434,0.0970195632374234,-2.1252003,-0.8756753,0.16493362,286.2186,95.58787,-2.4999135,WAL
1990037370000,202.519982,1.76336533647952,-10.8615192135837,0.289122269170672,-2.098933,-1.1655309,0.08246681,285.81802,95.88334,-2.3254244,WAL
1990042342000,202.524954,1.57883337266434,-10.5005649229354,0.285212484478459,-2.0604484,-1.5552629,-0.07666359,285.3499,96.144966,-2.0437376,WAL
1990047346000,202.529958,1.15663052555426,-10.3567371053345,0.0903496445621067,-1.8710803,-1.9715676,-0.25503623,284.78986,96.372505,-1.7506843,WAL
1990052339000,202.534951,0.686736612296809,-10.2402840912101,-0.199394768612282,-1.6105462,-2.2666154,-0.46211955,284.14624,96.55659,-1.4200852,WAL
1990057353000,202.539965,0.151917215577965,-10.1583751738912,-0.613759348725065,-1.3377949,-2.4178047,-0.634689,283.42334,96.699394,-1.0647444,WAL
1990062347000,202.544959,-0.35779911988417,-10.0092790830116,-1.0525797980695,-1.0934488,-2.4269676,-0.75777835,282.65887,96.84997,-0.76368546,WAL
1990067366000,202.549978,-0.841291649258281,-9.77485832981101,-1.52630475781345,-0.90408057,-2.3335052,-0.8200866,281.87933,96.95381,-0.43866634,WAL
1990072307000,202.554919,-1.24364829117305,-9.51020830845916,-1.83680590269067,-0.75961095,-2.1337523,-0.8078693,281.12238,97.09959,-0.20340002,WAL
1990077350000,202.559962,-1.57085581974448,-9.20169843941154,-1.97703771459543,-0.643852,-1.9007072,-0.7458665,280.40222,97.20996,0.03480494,WAL
1990082303000,202.564915,-1.8346701466945,-8.895365485933,-2.02274454658515,-0.56169057,-1.702176,-0.61086524,279.7124,97.37826,0.1681168,WAL
1990087359000,202.569971,-2.0175882750174,-8.57766582751765,-1.93128553268715,-0.5183192,-1.577254,-0.45356745,279.07095,97.526985,0.2794805,WAL
1990092268000,202.57488,-2.12960691494074,-8.36972634505537,-1.85038621938022,-0.5164866,-1.5176947,-0.2742785,278.46527,97.69594,0.28576437,WAL
1990097343000,202.579955,-2.13904974765883,-8.31779017349913,-1.779564924694,-0.56077427,-1.5286902,-0.12858713,277.88,97.86402,0.25740162,WAL
1990102259000,202.584871,-2.07741984633854,-8.30550520888355,-1.7996463879952,-0.65240407,-1.5512923,-0.018325957,277.31622,98.03695,0.15675816,WAL
1990107353000,202.589965,-1.86268318343337,-8.37383136314526,-2.00950267683073,-0.74067414,-1.5173893,0.05131268,276.77014,98.221176,0.028394805,WAL
1990112243000,202.594855,-1.58811810335196,-8.43173714804469,-2.20162233324022,-0.8228355,-1.4648548,0.103847094,276.23608,98.4232,-0.1339504,WAL
1990117349000,202.599961,-1.15395742948923,-8.47564090363128,-2.38211602041101,-0.86559606,-1.3875804,0.17134771,275.72287,98.64021,-0.31691554,WAL
1990122317000,202.604929,-0.762477338836776,-8.51957844152851,-2.53029349980495,-0.8698721,-1.294118,0.24007004,275.22382,98.89953,-0.47372508,WAL
1990127347000,202.609959,-0.429348136132636,-8.56655803502083,-2.62425304355883,-0.86651236,-1.1707232,0.27122417,274.75708,99.16815,-0.6333439,WAL
1990132330000,202.614942,-0.102719780728932,-8.61097762224075,-2.70773710565094,-0.82344633,-1.1227703,0.2782491,274.28827,99.44236,-0.72375804,WAL
1990137368000,202.61998,0.18602005429118,-8.62991151658001,-2.67460305004415,-0.79901177,-1.0158689,0.27977628,273.8726,99.718414,-0.81249005,WAL
1990142517000,202.625129,0.469738993271073,-8.65063002196845,-2.6293335069099,-0.743423,-0.9279043,0.27763826,273.4576,99.97311,-0.823213,WAL
1990147342000,202.629954,0.599423940551631,-8.68640497116036,-2.4504576869641,-0.70952,-0.87781334,0.24587326,273.0608,100.22345,-0.8231566,WAL
1990152685000,202.635297,0.738168692431668,-8.72880988727615,-2.24710970468426,-0.68966687,-0.86498517,0.22296582,272.68744,100.447426,-0.76555544,WAL
1990157352000,202.639964,0.755018849745523,-8.82569786295947,-1.95644502985862,-0.68600166,-0.89949906,0.17959438,272.31195,100.66378,-0.69481456,WAL
1990162287000,202.644899,0.772836618407163,-8.92814957926484,-1.6490890902262,-0.69913524,-0.96883225,0.13194689,271.9396,100.840836,-0.5942661,WAL
1990167353000,202.649965,0.703476067430911,-8.98656328780125,-1.38259077376012,-0.73364913,-1.0506883,0.08093964,271.5516,101.02227,-0.4855366,WAL
1990172304000,202.654916,0.619649809744115,-9.03509432855681,-1.13111208362334,-0.77274454,-1.1172725,0.04886922,271.1471,101.20859,-0.3743875,WAL
1990177344000,202.659956,0.497872476461796,-9.10959982013964,-0.980704981748451,-0.8384125,-1.1734722,0.008246681,270.7392,101.35186,-0.25293124,WAL
1990182290000,202.664902,0.36279136530829,-9.19344349385387,-0.878229639944931,-0.89644474,-1.2299771,-0.02321288,270.31232,101.504974,-0.13163492,WAL
1990187350000,202.669962,0.15936386826087,-9.02742597128042,-0.807588006262465,-0.9370673,-1.2794572,-0.03726278,269.8889,101.62617,-0.035189137,WAL
1990192325000,202.674937,-0.0734428790217391,-8.73760543129238,-0.755325254218189,-0.9642508,-1.323745,-0.029932396,269.45206,101.76041,0.058671337,WAL
1990197338000,202.67995,-0.432460354202724,-8.50501007652244,-0.804048879507211,-0.9859365,-1.3329079,-0.02321288,269.02054,101.88607,0.1217004,WAL
1990202339000,202.684951,-0.854599547811498,-8.30353399208734,-0.904786646228966,-1.0021244,-1.319469,0.005497787,268.58627,102.01725,0.17350753,WAL
1990207345000,202.689957,-1.10138553573288,-8.15940031347617,-0.999210529660593,-1.0051788,-1.29198,0.05589417,268.156,102.154564,0.16738257,WAL
1990212345000,202.694957,-1.25959273437125,-8.04434074199039,-1.09029951143873,-0.9993755,-1.2644911,0.11881329,267.73334,102.29216,0.14997573,WAL
1990217383000,202.699995,-1.4049740948822,-8.01903099163532,-1.12689684561473,-0.97310835,-1.2144,0.18325958,267.31427,102.45257,0.03563992,WAL
1990222365000,202.704977,-1.54194077559889,-8.0379230887448,-1.13634282019402,-0.9407325,-1.1863003,0.2657264,266.90247,102.60799,-0.09994791,WAL
1990227346000,202.709958,-1.62085702155095,-8.12539583413486,-1.11164361983769,-0.9086621,-1.1496484,0.34391713,266.49997,102.77745,-0.2809404,WAL
1990232337000,202.714949,-1.66874586907124,-8.24990655765955,-1.06854370207394,-0.8924741,-1.131017,0.38331795,266.10367,102.941956,-0.4713601,WAL
1990237372000,202.719984,-1.70100960511811,-8.48561035639764,-0.991482314822835,-0.8848383,-1.1273518,0.4569272,265.71808,103.104774,-0.71707237,WAL
1990242350000,202.724962,-1.72447087992126,-8.77653084990157,-0.89763711761811,-0.88239485,-1.1102476,0.52198434,265.34402,103.266045,-0.9661179,WAL
1990247333000,202.729945,-1.6911976649949,-9.06815258654434,-0.786547718760448,-0.87017757,-1.0873401,0.5714644,264.97586,103.41177,-1.238922,WAL
1990252347000,202.734959,-1.62267028943935,-9.36184111987768,-0.664177409649337,-0.8775079,-1.0974194,0.6310238,264.60867,103.566376,-1.5294214,WAL
1990257351000,202.739963,-1.55239199325932,-9.56201243536876,-0.606847528842189,-0.86345804,-1.1261301,0.66920286,264.2508,103.68407,-1.8248396,WAL
1990262349000,202.744961,-1.48122097860825,-9.7138440257732,-0.583123858943299,-0.86009824,-1.183246,0.6973027,263.88577,103.81164,-2.1312797,WAL
1990267337000,202.749949,-1.39573864395023,-9.78932069883413,-0.691483531507789,-0.8338311,-1.2498302,0.7312057,263.51868,103.8944,-2.431753,WAL
1990272364000,202.754976,-1.30140612952875,-9.82233725864603,-0.875431961717449,-0.7703011,-1.3048081,0.75411314,263.14017,103.97033,-2.734081,WAL
1990277345000,202.759957,-1.17501766257392,-9.82963115235041,-1.15509417772878,-0.70616025,-1.3545936,0.76083267,262.74448,104.02688,-3.0265546,WAL
1990282341000,202.764953,-1.0263539885236,-9.82003975373359,-1.50037754244763,-0.59437186,-1.3377949,0.7678576,262.3537,104.058105,-3.3182683,WAL
1990287363000,202.769975,-0.851577474032023,-9.7964766489083,-1.86335105761281,-0.47952923,-1.3020593,0.7583892,261.95084,104.10033,-3.582331,WAL
1990292328000,202.77494,-0.66239719441048,-9.76417740873362,-2.23248336576419,-0.3454443,-1.2403619,0.7452556,261.56073,104.110214,-3.8383527,WAL
1990297331000,202.779943,-0.412802808269078,-9.72607398519475,-2.54760577298291,-0.22876903,-1.1230757,0.700357,261.18423,104.14357,-4.0397263,WAL
1990302360000,202.784972,-0.111313248871224,-9.68300417806041,-2.81559645580286,-0.12461651,-0.9755518,0.6621779,260.83398,104.145386,-4.228195,WAL
1990307321000,202.789933,0.209334736503692,-9.70564076092596,-2.96516361538615,-0.05681047,-0.84116143,0.60994893,260.50107,104.174324,-4.3432903,WAL
1990312313000,202.794925,0.552792545260427,-9.78673510856117,-3.01286605561764,-0.02565634,-0.68630713,0.559858,260.21356,104.18269,-4.4344144,WAL
1990317316000,202.799928,0.858619866983373,-9.88736508076009,-2.92750014643705,-0.032070424,-0.5705481,0.50579643,259.93796,104.200554,-4.437337,WAL
1990322318000,202.80493,1.12885757046714,-10.0058903024545,-2.71889565724466,-0.077579886,-0.516792,0.441961,259.68445,104.21616,-4.417727,WAL
1990327296000,202.809908,1.25547481842033,-10.1388654743578,-2.50400629201024,-0.15057829,-0.5030475,0.34208453,259.44214,104.2085,-4.289276,WAL
1990332299000,202.814911,1.23795485118384,-10.2877855617515,-2.28062657253862,-0.2565634,-0.5384777,0.28008172,259.19897,104.223236,-4.157423,WAL
1990337320000,202.819932,1.12756561571987,-10.4737475768202,-2.07231214614356,-0.30879238,-0.6188065,0.13194689,258.94235,104.16958,-3.9200702,WAL
1990342322000,202.824934,0.812283413815302,-10.7397666321473,-1.89989216706088,-0.45540005,-0.7254025,-0.024740042,258.66412,104.17271,-3.6744945,WAL
1990347259000,202.829871,0.413203476561378,-11.0101258575018,-1.7237840025664,-0.59406644,-0.8213083,-0.18142697,258.35876,104.136116,-3.413187,WAL
1990352337000,202.834949,-0.158464147982771,-11.3025054687724,-1.53177349458004,-0.7144069,-0.87781334,-0.31581733,258.02765,104.13513,-3.12739,WAL
1990357198000,202.83981,-0.736323283715648,-11.55396066273,-1.33606788962071,-0.8054258,-0.9297369,-0.40591997,257.6798,104.14668,-2.8946285,WAL
1990362238000,202.84485,-1.57494105160118,-11.5923289934136,-1.04008516148081,-0.8552113,-0.96577793,-0.45112398,257.31717,104.18253,-2.647517,WAL
1990367214000,202.849826,-2.31931394952503,-11.5762068083317,-0.764671915252325,-0.87781334,-1.0070114,-0.4364632,256.93915,104.21926,-2.5336938,WAL
1990372283000,202.854895,-2.92456323324758,-11.4609214167821,-0.514886512337225,-0.8393288,-1.0128145,-0.39858958,256.5621,104.2548,-2.4179404,WAL
1990377208000,202.85982,-3.36448869305362,-11.366140175005,-0.300246357659956,-0.7464773,-1.0125091,-0.3313944,256.16934,104.26939,-2.4632707,WAL
1990382246000,202.864858,-3.51835892353,-11.3036296109229,-0.136759170623879,-0.61911196,-1.0381655,-0.25900686,255.7732,104.267006,-2.5218453,WAL
1990387242000,202.869854,-3.53353419120284,-11.3818497556891,0.0215961671283617,-0.46731192,-1.0241156,-0.1740966,255.38275,104.225555,-2.710504,WAL
1990392231000,202.874843,-3.27466043170131,-11.7395666093981,0.172213649541917,-0.30451632,-0.9984592,-0.09162979,254.99576,104.15361,-2.9143355,WAL
1990397220000,202.879832,-2.9660918204987,-12.1270584314294,0.251454350035373,-0.13408493,-0.9728029,-0.06383542,254.61641,104.02684,-3.1478484,WAL
1990402285000,202.884897,-2.53479764735672,-12.5911684884508,0.162382731514062,0.026267206,-0.89919364,-0.049785517,254.26517,103.86967,-3.3883548,WAL
1990407331000,202.889943,-2.10497231187178,-13.0371928648595,0.0230627811337554,0.1881465,-0.81581056,-0.06261369,253.9386,103.61599,-3.5686493,WAL
1990412306000,202.894918,-1.68075236875742,-13.428417946478,-0.264464072808666,0.3399465,-0.71776664,-0.100792766,253.63954,103.33044,-3.7333913,WAL
1990417299000,202.899911,-1.25858373807939,-13.8101233329065,-0.565399477400768,0.4813618,-0.5739079,-0.16157386,253.39197,102.97929,-3.789727,WAL
1990422385000,202.904997,-0.841213012741062,-14.1603309761647,-0.915607095612134,0.6010914,-0.40622538,-0.22510384,253.1802,102.60072,-3.8236628,WAL
1990427400000,202.910012,-0.431955253606199,-14.5072982759785,-1.25648928029009,0.7104363,-0.21594086,-0.29779682,253.02386,102.19678,-3.7428467,WAL
1990432304000,202.914916,-0.0400387691078879,-14.8525577069342,-1.57375498774091,0.8188649,-0.12156218,-0.33169982,252.89,101.77048,-3.6522167,WAL
1990437283000,202.919895,0.333140172196708,-15.1801000167537,-1.84208042297231,0.86467975,0.08857546,-0.3839288,252.84424,101.35268,-3.4432292,WAL
1990442315000,202.924927,0.594348113412831,-15.4033146173253,-1.86107735116783,0.9621128,0.2742785,-0.43951756,252.8186,100.90165,-3.2264626,WAL
1990447321000,202.929933,0.811241668201899,-15.5715336933922,-1.82131616946142,1.072374,0.3894266,-0.4914411,252.82947,100.45948,-2.9308858,WAL
1990452325000,202.934937,0.793224088669988,-15.4454102227653,-1.46096396737475,1.1887437,0.40011674,-0.56046885,252.85977,99.99918,-2.6212015,WAL
1990457567000,202.940179,0.769115973533139,-15.2883959964799,-1.07164401742532,1.294118,0.30879238,-0.67011917,252.89682,99.50573,-2.2495916,WAL
1990462345000,202.944957,0.686279417998592,-14.8558051124409,-0.579226816528211,1.4220943,0.13775012,-0.7901542,252.91081,98.989655,-1.8713089,WAL
1990467516000,202.950128,0.594380295528251,-14.377505032531,-0.0637949003796958,1.5570955,-0.054367006,-0.9294315,252.8924,98.40155,-1.4798331,WAL
1990472358000,202.95497,0.482294320509618,-13.8124052534998,0.216420017660389,1.7253889,-0.226631,-1.0647382,252.82977,97.78864,-1.0728275,WAL
1990477428000,202.96004,0.341882884097938,-13.2182153493259,0.506682193764869,1.9257526,-0.34055737,-1.1887437,252.74869,97.088066,-0.6594813,WAL
1990482343000,202.964955,-0.0780517390335052,-12.6116425707772,0.749311085938739,2.1743748,-0.42455134,-1.2965615,252.63095,96.357925,-0.22667232,WAL
1990487628000,202.97024,-0.548806997262332,-11.984000085861,1.01325103107859,2.44285,-0.49541172,-1.3683381,252.50092,95.57409,0.20135951,WAL
1990492315000,202.974927,-1.13604188132571,-11.6447087962981,1.27424430279097,2.7568347,-0.54183745,-1.4398094,252.36258,94.764854,0.65078425,WAL
1990497681000,202.980293,-1.80792550433171,-11.265644776,1.56525758647805,3.0543263,-0.5534439,-1.4935656,252.21075,93.92164,1.044718,WAL
1990502335000,202.984947,-2.38190600321951,-11.13084632,1.65657265346341,3.3228016,-0.50518554,-1.5213599,252.07751,93.130226,1.4466323,WAL
1990507291000,202.989903,-2.99313233594146,-10.987300736,1.75381319320976,3.5164459,-0.41172317,-1.5399913,251.98209,92.43352,1.7590328,WAL
1990512346000,202.994958,-3.58585196904101,-11.0497133411928,1.59956480153557,3.6227365,-0.29046643,-1.5332718,251.92833,92.14072,2.0681129,WAL
1990517256000,202.999868,-4.15883812170596,-11.1289066699029,1.42720312836338,3.6276233,-0.18845193,-1.5112807,251.9154,87.556175,2.372871,WAL
1990522367000,203.004979,-4.78015702222222,-11.3509705253612,1.04675017993224,3.542713,-0.129198,-1.4669929,251.95125,86.90205,2.570051,WAL
1990527247000,203.009859,-5.37627613333333,-11.5791726499253,0.660204159324365,3.3786957,-0.12797627,-1.4391985,252.01984,86.04188,2.760088,WAL
1990532333000,203.014945,-5.91164664038291,-11.9083150573374,0.10380339340373,3.2971451,-0.16707164,-1.3643675,252.10352,85.17953,2.829702,WAL
1990537300000,203.019912,-6.42333244162637,-12.2416153157012,-0.459520404511991,3.1251867,-0.21105394,-1.2852604,252.20242,84.33028,2.886412,WAL
1990542361000,203.024973,-6.92321162675773,-12.6370568179992,-1.4893492903174,2.9657507,-0.19792034,-1.2009611,252.29974,83.58493,2.827524,WAL
1990547241000,203.029853,-7.40201334632382,-13.026669626356,-2.55022398939333,2.805704,0.011301007,-1.135293,252.45215,82.87364,2.745788,WAL
1990552297000,203.034909,-7.87097173882074,-13.6607709968342,-3.27124313130194,2.5302038,0.2510656,-1.1551461,252.58743,82.34204,2.5896804,WAL
1990557262000,203.039874,-8.32726791165414,-14.3193422913534,-3.92040622236842,2.2559254,0.410196,-1.2773192,252.7704,81.842094,2.442585,WAL
1990562313000,203.044925,-8.48875867598881,-14.58203682501,-3.85472019352777,1.9706513,0.4465425,-1.4627168,252.9112,81.6028,2.2645767,WAL
1990567311000,203.049923,-8.59393507640831,-14.7684858871354,-3.65870943623652,1.6948457,0.23273966,-1.5882497,253.03334,81.4251,2.1162755,WAL
1990572317000,203.054929,-6.979733580591,-13.2251178434232,-3.09286751919793,1.5509869,-0.122783914,-1.5766432,253.06372,81.40196,1.9481608,WAL
1990577285000,203.059897,-5.0808298546004,-11.3946846253478,-2.46750737589945,1.4569136,-0.39003745,-1.4953982,253.06042,81.427185,1.8134582,WAL
1990582302000,203.064914,-3.89241371298649,-10.5306202106053,-2.52654457805903,1.4162911,-0.4841107,-1.3704761,253.01617,81.44183,1.6660239,WAL
1990587318000,203.06993,-2.93118792217109,-9.9731089989995,-2.80049405791896,1.4117095,-0.3417791,-1.2657127,252.95914,81.46704,1.5142312,WAL
1990592322000,203.074934,-1.99929996672992,-9.84864068228126,-2.75664070628246,1.4944818,-0.062308256,-1.2116512,252.87039,81.325836,1.6259177,WAL
1990597315000,203.079927,-1.07753805761087,-9.85341674710348,-2.61813766903716,1.6032158,0.15241088,-1.1866057,252.80063,81.18632,1.7098346,WAL
1990602294000,203.084906,-0.456582167135472,-10.0502110629009,-2.23980935231211,1.7259997,0.40194935,-1.2034045,252.70648,81.05076,1.946763,WAL
1990607315000,203.089927,0.0774414758487314,-10.3080159783629,-1.7840476782001,1.8167132,0.59895337,-1.1951579,252.65656,80.89773,2.1577652,WAL
1990612347000,203.094959,0.441583921324409,-10.566820365683,-1.38859906797992,1.9254472,0.77304995,-1.2202033,252.59747,80.664566,2.5318444,WAL
1990617330000,203.099942,0.722268559654193,-10.823307670216,-1.02564482172193,1.9956968,0.96669424,-1.2278391,252.60046,80.41407,2.882285,WAL
1990622448000,203.10506,0.887743508148955,-10.8151143750619,-0.74584895355056,2.0076087,1.208597,-1.2486086,252.66501,80.052086,3.311428,WAL
1990627419000,203.110031,1.00090100474596,-10.7019570458552,-0.510104140254531,1.9679024,1.3350459,-1.2321151,252.75389,79.683556,3.7197192,WAL
1990632337000,203.114949,1.04404521854656,-10.460560923493,-0.606284657149179,1.9449949,1.539075,-1.2159272,252.94278,79.23708,4.1494675,WAL
1990637314000,203.119926,1.05810674853968,-10.1605822695447,-0.845330006303471,1.9272798,1.7223345,-1.1468995,253.16238,78.8064,4.5441036,WAL
1990642312000,203.124924,1.05990737170849,-9.70952326891932,-0.988196636379086,1.9065105,1.9260582,-1.0772609,253.4591,78.33507,4.9318438,WAL
1990647307000,203.129919,1.05512519476157,-9.17870102859142,-1.07905807327302,1.9052887,2.0882428,-0.977079,253.7941,77.87813,5.274218,WAL
1990652342000,203.134954,0.990745382929839,-8.72389233694104,-1.23930224581791,1.9025398,2.1917844,-0.85918194,254.11789,77.463135,5.6024055,WAL
1990657341000,203.139953,0.895296423753916,-8.31482577584734,-1.43474525326118,1.8823812,2.234545,-0.7348709,254.46674,77.069855,5.8868637,WAL
1990662352000,203.144964,0.747656223501744,-7.95624300013196,-1.56757489757753,1.8503108,2.2773056,-0.63529986,254.83365,76.6907,6.145608,WAL
1990667330000,203.149942,0.558922093908003,-7.64168604709209,-1.6484609926666,1.8585575,2.2708917,-0.5674938,255.19453,76.32293,6.37259,WAL
1990672321000,203.154933,0.382808515894595,-7.3404517802133,-1.74136453139366,1.8438967,2.1978931,-0.5112942,255.51884,76.00096,6.568343,WAL
1990677319000,203.159931,0.224217064834334,-7.05796081477532,-1.85039617566784,1.7999145,2.1029036,-0.4810564,255.83289,75.69414,6.750195,WAL
1990682253000,203.164865,0.0253159520908762,-6.82310729666003,-1.8850238650706,1.767844,1.9975294,-0.43585235,256.1248,75.41111,6.884002,WAL
1990687276000,203.169888,-0.222868795695148,-6.63152608481173,-1.84148266609341,1.7333301,1.8930714,-0.40225476,256.38873,75.14672,7.015798,WAL
1990692311000,203.174923,-0.466624334063367,-6.44284417215469,-1.78683304513257,1.6786577,1.7831156,-0.38606682,256.62286,74.91735,7.1232414,WAL
1990697325000,203.179937,-0.696442019952139,-6.26358625698287,-1.70409863751316,1.6132951,1.6841555,-0.376293,256.8286,74.70738,7.2272663,WAL
1990702196000,203.184808,-0.913055754726594,-6.10129958034643,-1.64037586892336,1.5381587,1.570229,-0.3631594,257.0127,74.513374,7.294008,WAL
1990707235000,203.189847,-1.1042720848183,-5.99203326085135,-1.65676588245217,1.4584408,1.4828753,-0.35460728,257.17557,74.34195,7.362643,WAL
1990712175000,203.194787,-1.29651666280255,-5.85338088127389,-1.58050253464968,1.3933836,1.4114041,-0.35155296,257.32108,74.17453,7.409733,WAL
1990717230000,203.199842,-1.50050119420872,-5.66362772282215,-1.36228648168545,1.3313808,1.3365731,-0.35063666,257.43994,74.03133,7.459922,WAL
1990722202000,203.204814,-1.71793823564879,-5.47410327070959,-1.15150652801076,1.2321151,1.3072516,-0.3594942,257.5545,73.92055,7.4861865,WAL
1990727230000,203.209842,-1.9674812229719,-5.27734847066972,-0.945153709920271,1.171945,1.2880094,-0.37995818,257.65076,73.817825,7.518747,WAL
1990732194000,203.214806,-2.19996493145265,-5.09016751586515,-0.736755079196827,1.0305296,1.3063353,-0.40683624,257.79956,73.72597,7.501521,WAL
1990737271000,203.219883,-2.41209608723847,-4.91178433946455,-0.514981499752107,0.88117313,1.3203852,-0.4288274,257.94147,73.65268,7.4895287,WAL
1990742204000,203.224816,-2.57545938068417,-4.76434561976503,-0.281000187399793,0.74372846,1.3472633,-0.45875978,258.16592,73.58624,7.4087977,WAL
1990747226000,203.229838,-2.65855326427091,-4.66463289004838,-0.00679047134416036,0.59498274,1.3640621,-0.47739118,258.3898,73.561584,7.3307104,WAL
1990752439000,203.235051,-2.73602417904357,-4.55930912990118,0.282633222864165,0.45478916,1.3759739,-0.5036584,258.68423,73.534454,7.197481,WAL
1990757321000,203.239933,-2.69532903085864,-4.43722358536173,0.615376137546465,0.29046643,1.3671165,-0.5290093,258.9756,73.55066,7.0698514,WAL
1990762305000,203.244917,-2.6537836358251,-4.3125872981875,0.955071075435973,0.122783914,1.349096,-0.559858,259.3406,73.548386,6.901949,WAL
1990767290000,203.249902,-2.61222990503814,-4.18792600373253,1.29483417041575,-0.039095376,1.3185526,-0.5681047,259.696,73.58706,6.7369766,WAL
1990772374000,203.254986,-2.56360519193688,-4.07553420702396,1.62183722384297,-0.22052236,1.2657127,-0.56779927,260.03088,73.6689,6.585447,WAL
1990777305000,203.259917,-2.48181763228134,-4.04827175039931,1.83084989738285,-0.36010507,1.2021828,-0.56230146,260.35004,73.78154,6.4388947,WAL
1990782380000,203.264992,-2.39517732371045,-4.02133723537061,2.04103460017339,-0.50243664,1.1450669,-0.56321776,260.7658,73.797325,6.2670608,WAL
1990787305000,203.269917,-2.28068736228869,-4.00907046293888,2.1841471159948,-0.62888575,1.0558805,-0.5448918,261.14847,73.84712,6.0963087,WAL
1990792250000,203.274862,-2.16573246701344,-3.99675387620286,2.32784079939315,-0.7266242,0.93554014,-0.5338962,261.5276,73.87273,5.943628,WAL
1990797337000,203.279949,-2.01554748072144,-3.97169559903808,2.40185936360721,-0.818254,0.7965683,-0.5174029,261.8702,73.93097,5.7935886,WAL
1990802273000,203.284885,-1.85924013811623,-3.94327610917836,2.44922513058116,-0.89736104,0.66339964,-0.5039638,262.17572,74.01076,5.6511655,WAL
1990807318000,203.28993,-1.71668008693826,-3.88993410730754,2.40091081236811,-0.95539325,0.5225952,-0.47494772,262.44876,74.0671,5.53527,WAL
1990812284000,203.294896,-1.58194056253419,-3.82953365259867,2.32192550533411,-1.0228939,0.4129449,-0.44043383,262.688,74.14687,5.4227934,WAL
1990817290000,203.299902,-1.46232027431437,-3.78735958106836,2.07363045797176,-1.0784826,0.31795537,-0.4092797,262.88367,74.21836,5.348219,WAL
1990822345000,203.304957,-1.34837761539091,-3.75268130855506,1.75161873299222,-1.1362094,0.2874121,-0.37140608,263.06052,74.310295,5.266316,WAL
1990827313000,203.309925,-1.28727651974969,-3.76855746276666,1.46313942129516,-1.1496484,0.23793201,-0.34788775,263.18134,74.40919,5.220426,WAL
1990832284000,203.314896,-1.24213920818242,-3.8001536421352,1.18328819326823,-1.1951579,0.2171626,-0.29840767,263.2942,74.53583,5.1574273,WAL
1990837377000,203.319989,-1.21642286448153,-4.03737171793802,1.00377550518474,-1.2464706,0.21777347,-0.25442538,263.34473,74.72695,5.128382,WAL
1990842315000,203.324927,-1.20233161346841,-4.37556184034565,0.886348315315852,-1.2883148,0.22082779,-0.21105394,263.38425,74.92944,5.0870514,WAL
1990847307000,203.329919,-1.23300256636669,-4.61777947036195,0.959439407881725,-1.3454307,0.19792034,-0.1777618,263.3595,75.21347,5.0641294,WAL
1990852293000,203.334905,-1.28966787453521,-4.80194180819818,1.14360164710245,-1.4059063,0.14355333,-0.14905111,263.32144,75.509674,5.0319223,WAL
1990857316000,203.339928,-1.34830366561983,-5.10739809652893,1.34626160181818,-1.464244,0.089186326,-0.1133155,263.23486,75.86453,4.999036,WAL
1990862306000,203.344918,-1.40754532708678,-5.48753191481405,1.55854414045455,-1.5280794,0.034208454,-0.07513642,263.12802,76.235275,4.9603267,WAL
1990867299000,203.349911,-1.51801976624036,-5.79415979482573,1.86359724363956,-1.5961909,-0.010995574,-0.038789943,263.03336,76.59609,4.8880997,WAL
1990872367000,203.354979,-1.65543282456312,-6.06898630729278,2.21897606113443,-1.677436,-0.04550946,-0.00061086525,262.92084,76.97662,4.8074493,WAL
1990877321000,203.359933,-1.69914936582139,-6.60095961367144,2.67212978952591,-1.7397442,-0.06811147,0.0983493,262.81378,77.35376,4.6752396,WAL
1990882300000,203.364912,-1.69038735053289,-7.28877817978684,3.18908896602352,-1.8081611,-0.09315695,0.19456059,262.6912,77.752426,4.536302,WAL
1990887293000,203.369905,-1.54532866675291,-8.33979443919793,3.82110872056921,-1.8298469,-0.111177474,0.3023783,262.60995,78.105545,4.321325,WAL
1990892313000,203.374925,-1.22917841836999,-9.84798654915912,4.59852748124191,-1.7837266,-0.08093964,0.43096542,262.52438,78.46456,4.0760226,WAL
1990897303000,203.379915,-0.661460150750507,-11.6222418356998,5.49652384908722,-1.6771306,-0.05222898,0.5366451,262.47922,78.71397,3.7989287,WAL
1990902287000,203.384899,0.0791902829858012,-13.5827871995943,6.47921685444219,-1.5036448,-0.025350908,0.57360244,262.43234,78.93148,3.5112958,WAL
1990907288000,203.3899,1.09974483373487,-15.1309379058345,7.43451479153602,-1.2198979,-0.011301007,0.5864306,262.41852,78.96079,3.2663367,WAL
1990912308000,203.39492,2.2971021731673,-16.4237024722167,8.37427358554277,-0.87109387,-0.0106901415,0.47769663,262.4039,78.91925,3.054138,WAL
1990917301000,203.399913,3.33982308068603,-17.3150910339115,8.84226734652115,-0.4334089,-0.03970624,0.25625798,262.42352,78.60986,3.0405862,WAL
1990922330000,203.404942,4.29254561703372,-17.9533677738258,9.00652971759891,0.024129177,-0.092240654,0.111177474,262.427,78.22666,3.036417,WAL
1990927309000,203.409921,5.13969939390598,-18.4084792710389,8.68933767173534,0.23762658,-0.09162979,-0.18875736,262.47028,77.62368,3.3782883,WAL
1990932300000,203.414912,5.91182548789901,-18.722878476301,7.98656422149352,0.6627888,0.12217305,-0.4709771,262.55832,76.88112,3.7165992,WAL
1990937300000,203.419912,6.05463670113704,-18.2107620499701,7.31813625404947,1.0219775,0.5198463,-0.6053675,262.6635,76.102264,4.2338724,WAL
1990942347000,203.424959,5.51951908755236,-16.803064347696,6.68177997847596,1.2629639,0.9239337,-0.64476824,262.84088,75.27318,4.7399206,WAL
1990947306000,203.429918,4.77050685747138,-15.0231244641494,6.13289741913035,1.3448198,1.212873,-0.6261369,263.02386,74.513954,5.3459644,WAL
1990952300000,203.434912,3.77632106673027,-12.8042177463346,5.66222014082145,1.2815952,1.3875804,-0.5897904,263.28717,73.76067,5.887271,WAL
1990957264000,203.439876,2.77269877513172,-10.7203826898745,5.22239535817607,1.1194105,1.4709635,-0.52503866,263.6076,73.07601,6.318992,WAL
1990962310000,203.444922,1.73575056059009,-8.73444134227416,4.80576436099243,0.8933904,1.4947872,-0.4269948,263.95093,72.45609,6.6959295,WAL
1990967295000,203.449907,0.708692524497441,-6.99988597904811,4.35949378790174,0.6563747,1.4743233,-0.3436117,264.32996,71.9139,6.923812,WAL
1990972396000,203.455008,-0.346335380544524,-5.57484842943705,3.84948035349028,0.41630468,1.4358387,-0.2556471,264.7007,71.45484,7.1141586,WAL
1990977321000,203.459933,-1.26148616528396,-4.55008389665196,3.40006044143323,0.183565,1.382388,-0.17806722,265.08527,71.09872,7.1441684,WAL
1990982301000,203.464913,-2.06215648140061,-3.93699912554681,2.99743761737337,-0.05681047,1.2953397,-0.06261369,265.43872,70.824196,7.144638,WAL
1990987301000,203.469913,-2.84278490131915,-3.54518411943962,2.66480646509868,-0.2770274,1.1856894,0.06291912,265.7763,70.68173,6.9829555,WAL
1990992311000,203.474923,-3.58365303476838,-3.55009052786583,2.45873725996523,-0.5149594,1.0057896,0.22235495,266.05615,70.6207,6.7949963,WAL
1990997264000,203.479876,-4.21820216210891,-3.81111295283168,2.32920466311881,-0.7473936,0.7809912,0.39920044,266.2682,70.70261,6.4610424,WAL
1991002289000,203.484901,-4.71373079552475,-4.46387677164356,2.31014573366337,-0.958753,0.51068336,0.5647449,266.40256,70.85063,6.107588,WAL
1991007284000,203.489896,-5.11453970884401,-5.41734017896936,2.32386943100875,-1.1753048,0.1572978,0.7351763,266.40646,71.13408,5.6245317,WAL
1991012312000,203.494924,-5.36842604784123,-6.87359393662953,2.39093385739156,-1.3753631,-0.21380283,0.8775079,266.31537,71.470764,5.1307287,WAL
1991017291000,203.499903,-5.53062476675054,-8.38209142900791,2.45173831640906,-1.5787812,-0.4465425,0.98471475,266.13068,71.92776,4.52332,WAL
1991022383000,203.504995,-5.54377144317038,-10.0385623164989,2.5043246102624,-1.6713274,-0.98929626,1.0253373,265.74844,72.39662,3.9562294,WAL
1991027268000,203.50988,-5.61025500660793,-11.699931746696,2.4503003529893,-1.8145752,-1.5421293,1.0882565,265.2708,73.00506,3.308483,WAL
1991032301000,203.514913,-6.00459166519824,-13.8485608340675,1.76273912949444,-1.890628,-1.9773707,1.1572843,264.66974,73.596344,2.6871612,WAL
1991037307000,203.519919,-6.38159178004517,-15.7089886572719,1.04485286629677,-1.8826867,-2.2308798,1.2198979,263.94537,74.26357,2.0701857,WAL
1991042312000,203.524924,-6.71108533606992,-16.7068838173426,0.221118632181086,-1.7507398,-2.248595,1.2339478,263.16467,74.88398,1.4714955,WAL
1991047302000,203.529914,-6.78943591103052,-17.6019498992646,-0.380377794920923,-1.4837917,-2.0421226,1.2198979,262.32074,75.63071,0.82781863,WAL
1991052300000,203.534912,-5.90224574928982,-18.1130483900473,-0.134471794546187,-1.1258247,-1.6465873,1.1551461,261.53366,76.26205,0.20034525,WAL
1991057286000,203.539898,-4.928810525208,-18.5304928161648,0.278739535780507,-0.70829827,-1.2770138,0.9957104,260.76764,76.91623,-0.4222154,WAL
1991062311000,203.544923,-3.62753247375198,-18.6162921030111,1.30355561531696,-0.2706133,-1.0699304,0.7852673,260.08566,77.40527,-1.0028561,WAL
1991067302000,203.549914,-2.44998974613639,-18.3756541367808,2.18106323973157,0.04153884,-1.0094548,0.54519725,259.50378,77.76158,-1.3890363,WAL
1991072399000,203.555011,-1.71295363684003,-16.810054224514,2.50863469854929,0.15057829,-1.0149527,0.30543262,258.98083,78.02956,-1.7088304,WAL
1991077339000,203.559951,-1.07569272620204,-15.1999248755824,2.70555932080896,0.10903945,-1.0094548,0.10567969,258.544,78.12865,-1.7852852,WAL
1991082305000,203.564917,-0.778658872647963,-13.1678359032418,2.36609208773669,-0.044898596,-1.0088439,-0.06505715,258.1184,78.23425,-1.7997277,WAL
1991087360000,203.569972,-0.510766208373196,-11.1658135554457,1.93933075550899,-0.269697,-1.1068878,-0.19120082,257.7087,78.29742,-1.6754879,WAL
1991092319000,203.574931,-0.416891152290967,-9.5276938228899,1.12261790090532,-0.52290064,-1.2324207,-0.24617869,257.29846,78.4156,-1.5259115,WAL
1991097328000,203.57994,-0.367479301845222,-7.9216355174883,0.293605204378959,-0.7654142,-1.3478742,-0.25167647,256.86707,78.58414,-1.3195299,WAL
1991102347000,203.584959,-0.601344870966676,-6.61551875020655,-0.562431058452217,-0.9831876,-1.4453071,-0.17684549,256.40555,78.81334,-1.1198809,WAL
1991107892000,203.590504,-0.871968868773865,-5.18405132511667,-1.50229916796776,-1.2012665,-1.5387696,-0.06719518,255.87656,79.18098,-0.9091124,WAL
1991112348000,203.59496,-1.229549020577,-4.1656267117098,-2.19030150330929,-1.4172074,-1.6484199,0.03481932,255.31209,79.60481,-0.71799296,WAL
1991117333000,203.599945,-1.61574273031531,-3.05179435474943,-2.94673814371849,-1.6490307,-1.7263051,0.12980886,254.64941,80.190125,-0.56599784,WAL
1991122327000,203.604939,-1.83320070218444,-2.24814523384402,-3.5423838326579,-1.754405,-1.8985692,0.18173242,253.9239,80.79873,-0.43056718,WAL
1991127448000,203.61006,-2.05262182938917,-1.45129272330004,-4.13845800638686,-1.9480493,-2.0665572,0.29871312,253.20743,81.57893,-0.48368555,WAL
1991132304000,203.614916,-2.21788160195928,-1.02251081488667,-4.52704168375912,-2.0952678,-2.2314909,0.41813725,252.43842,82.374344,-0.5569765,WAL
1991137664000,203.620276,-2.40261404809108,-0.563180904963196,-4.95004454984787,-2.205529,-2.409558,0.5345071,251.61362,83.28487,-0.7376381,WAL
1991142319000,203.624931,-2.62137949425851,-0.515052494927863,-5.16881004170184,-2.2852468,-2.59465,0.6404922,250.73665,84.21076,-0.9605557,WAL
1991147275000,203.629887,-2.85429067604279,-0.463812022288743,-5.4017212721268,-2.3301454,-2.7568347,0.7119634,249.79634,85.17441,-1.2604711,WAL
1991152348000,203.63496,-2.95639765698324,-0.736076603407821,-5.60911969273743,-2.327702,-2.8292224,0.7779369,248.83087,86.05969,-1.6075797,WAL
1991157248000,203.63986,-3.04378377577183,-1.02583064270999,-5.80688836077624,-2.2547035,-2.7748554,0.84604836,247.86003,86.76649,-1.9955714,WAL
1991162344000,203.644956,-3.05933424023093,-1.65231207711942,-5.86260629832878,-2.1093178,-2.6398542,0.93554014,246.87576,87.12255,-2.4732192,WAL
1991167274000,203.649886,-3.06411628530335,-2.30267749735643,-5.89608096337486,-1.9068159,-2.5008824,1.0067059,245.91867,86.982574,-2.985778,WAL
1991172367000,203.654979,-3.04748805114504,-3.11315906035366,-5.66859790973041,-1.6749926,-2.359467,1.1071932,245.00061,93.6112,-3.5634596,WAL
1991177270000,203.659882,-3.02933946564886,-3.90716222230167,-5.42359117644217,-1.4361442,-2.212554,1.2253957,244.14023,94.45762,-4.18173,WAL
1991182345000,203.664957,-3.06640427471378,-5.0527730991512,-5.36611206687722,-1.196685,-2.0433443,1.361924,243.33934,95.408806,-4.8297176,WAL
1991187265000,203.669877,-3.11290832643111,-6.22467480424398,-5.3475104656139,-0.9437868,-1.7498235,1.5042557,242.63669,96.40469,-5.5169606,WAL
1991192329000,203.674941,-3.05081259497883,-7.81202682879613,-5.63272084029038,-0.77396625,-1.2177598,1.6649132,242.06192,97.36708,-6.2055025,WAL
1991197242000,203.679854,-2.96542086050615,-9.43921426163541,-5.97903176067756,-0.6246097,-0.5235115,1.8383989,241.6386,98.33022,-6.9252543,WAL
1991202354000,203.684966,-2.14264900248016,-12.5921043685516,-5.47965790203373,-0.4978552,0.17898351,1.9752327,241.354,99.226494,-7.6021223,WAL
1991207291000,203.689903,-1.19515886805556,-15.9411530930556,-4.81829116180556,-0.42119157,0.82527894,2.03693,241.26926,100.11493,-8.276399,WAL
1991212343000,203.694955,-0.360647298432309,-16.9262547870287,-3.54041209608077,-0.42424592,1.3961325,2.0366247,241.3734,100.93257,-8.842425,WAL
1991217301000,203.699913,0.42811844084154,-17.3466155595345,-2.15180644789615,-0.5644395,1.5867225,2.006387,241.56314,101.74542,-9.3889475,WAL
1991222392000,203.705004,1.02471643812132,-16.9105913093834,-1.14152434358949,-0.6979135,1.7617353,1.8793269,241.88739,102.06359,-9.485075,WAL
1991227399000,203.710011,1.56139276634356,-16.2780796702308,-0.245466560049965,-1.0363328,1.6759088,1.6484199,242.17474,102.411835,-9.553455,WAL
1991232319000,203.714931,2.04017702656798,-15.1733480609661,0.3498201859291,-1.4068227,1.4587462,1.3197744,242.43906,102.45664,-9.398074,WAL
1991237384000,203.719996,2.52202999072848,-13.9261993460265,0.897809757549669,-1.7104226,1.1957687,0.9831876,242.64792,102.52041,-9.204156,WAL
1991242325000,203.724937,2.70256332850679,-12.9044164871795,1.40933903122172,-1.9095647,0.84421575,0.70096785,242.76974,102.468895,-8.898501,WAL
1991247329000,203.729941,2.79411916923077,-11.9310315641026,1.92012516153846,-2.032654,0.3549127,0.462425,242.76422,102.4295,-8.552491,WAL
1991252344000,203.734956,2.64153149385052,-11.3303919114475,2.04334079012299,-2.0625865,-0.2666427,0.22815818,242.5998,102.301926,-8.112891,WAL
1991257351000,203.739963,2.4147053935667,-10.8449838673605,2.04787731212867,-2.000889,-0.98624194,-0.01160644,242.26508,102.16545,-7.653465,WAL
1991262343000,203.744955,1.98009122439828,-10.5123287534206,1.60831721033656,-1.8500054,-1.6505579,-0.25442538,241.76968,101.96894,-7.181794,WAL
1991267300000,203.749912,1.43961035076401,-10.2610519728353,0.93982781426146,-1.6475036,-2.1380284,-0.5155703,241.12447,101.731285,-6.6798162,WAL
1991272339000,203.754951,0.806406568024892,-10.0542106299665,0.260528574255625,-1.393689,-2.3619106,-0.7476991,240.35112,101.47417,-6.19844,WAL
1991277341000,203.759953,0.132230533439923,-9.87534782575395,-0.413647450751556,-1.1578951,-2.3423629,-0.9315695,239.52057,101.16933,-5.6825333,WAL
1991282311000,203.764923,-0.534520703083012,-9.6223114377669,-0.872349243130924,-0.9550878,-2.1557434,-1.0467176,238.69788,100.97475,-5.246545,WAL
1991287326000,203.769938,-1.20483736621185,-9.3071624860952,-1.16748865298406,-0.79290307,-1.9315559,-1.0940597,237.90228,100.74219,-4.787062,WAL
1991292411000,203.775023,-1.7141027973384,-8.94612092015209,-1.2358450338403,-0.70280045,-1.7467692,-1.0797043,237.1476,100.66313,-4.446359,WAL
1991297324000,203.779936,-2.11553818167486,-8.57522974292868,-1.17912045529074,-0.65209866,-1.6484199,-0.97494096,236.44325,100.57682,-4.12162,WAL
1991302326000,203.784938,-2.46834424541608,-8.24504178335684,-1.17528084705219,-0.6563747,-1.6022996,-0.8014552,235.76868,100.60906,-3.9496822,WAL
1991307430000,203.790042,-2.76709381946403,-7.96008068810531,-1.23043461826046,-0.6969972,-1.582141,-0.6087272,235.12637,100.65906,-3.8159952,WAL
1991312257000,203.794869,-2.97211638171832,-7.76187989486073,-1.38927193048254,-0.784351,-1.5745052,-0.4156938,234.50227,100.78789,-3.8245144,WAL
1991317334000,203.799946,-3.03887798563162,-7.69034976500589,-1.76122885469792,-0.82986045,-1.4486669,-0.31948254,233.92612,100.92759,-3.8561158,WAL
1991322246000,203.804858,-3.03664827444169,-7.6579865751861,-2.05250594365261,-0.9025534,-1.1942415,-0.14844026,233.39352,101.168365,-4.020731,WAL
1991327329000,203.809941,-2.87720351960298,-7.71113482679901,-2.19262384597519,-0.95417154,-0.86559606,-0.014660766,232.92331,101.421455,-4.1925797,WAL
1991332270000,203.814882,-2.64875003386454,-7.7683835249004,-2.24321426723108,-0.9969321,-0.5467244,0.11453723,232.51276,101.76698,-4.407519,WAL
1991337323000,203.819935,-2.23424036498008,-7.84068158719124,-2.08415825841634,-1.0409144,-0.32803464,0.23884831,232.17456,102.13801,-4.646144,WAL
1991342278000,203.82489,-1.82103757644013,-7.93021407347203,-1.90501680963477,-1.0308352,-0.19822577,0.34880406,231.91902,102.52346,-4.8752427,WAL
1991347336000,203.829948,-1.38210368168285,-8.06906035924179,-1.66315526910772,-1.0002918,-0.19425514,0.4071417,231.69272,102.91862,-5.118023,WAL
1991352202000,203.834814,-0.959818374931746,-8.1991927320083,-1.43969094955772,-0.93218035,-0.25625798,0.4266894,231.51324,103.243515,-5.2961636,WAL
1991357240000,203.839852,-0.522493923899749,-8.30457231997379,-1.28689089087037,-0.8775079,-0.3744604,0.41996986,231.31973,103.562744,-5.484786,WAL
1991362214000,203.844826,-0.15940527513373,-8.39221439958416,-1.19545907247897,-0.8011498,-0.51007247,0.39492437,231.14441,103.77306,-5.582127,WAL
1991367262000,203.849874,0.0279203609913997,-8.43790354654569,-1.25942392593328,-0.7367035,-0.63255095,0.3539964,230.93817,103.96614,-5.6789565,WAL
1991372266000,203.854878,0.176889081058239,-8.49152980361022,-1.33483871317886,-0.66950834,-0.7171558,0.2996294,230.72742,104.07134,-5.687501,WAL
1991377203000,203.859815,0.147543455002586,-8.58445770797559,-1.46689398957277,-0.6230826,-0.7715228,0.24801129,230.49052,104.15971,-5.692262,WAL
1991382239000,203.864851,0.0801978764158851,-8.6618635930453,-1.5938541179106,-0.61178154,-0.80848014,0.19456059,230.2343,104.22004,-5.642007,WAL
1991387260000,203.869872,-0.111720484935143,-8.6810555664538,-1.69461123933347,-0.6310238,-0.8210029,0.15027285,229.97098,104.27262,-5.5849395,WAL
1991392235000,203.874847,-0.324907088411449,-8.69674601801593,-1.76668395250093,-0.6795876,-0.80878556,0.12095132,229.72249,104.35559,-5.521166,WAL
1991397247000,203.879859,-0.618342738789367,-8.70119186999815,-1.74445399622082,-0.7431176,-0.8014552,0.10567969,229.47058,104.44549,-5.4542966,WAL
1991402271000,203.884883,-0.915922882125128,-8.69835638271795,-1.7135667206359,-0.8249735,-0.80756384,0.099265605,229.21863,104.588745,-5.420974,WAL
1991407319000,203.889931,-1.25804765984,-8.604148018,-1.5747334664,-0.91690874,-0.8344419,0.10873401,228.96513,104.75117,-5.3924456,WAL
1991412285000,203.894897,-1.57739965664391,-8.50443103656591,-1.44269612450137,-0.99265605,-0.8393288,0.14935656,228.70837,104.9575,-5.4372764,WAL
1991417311000,203.899923,-1.78220289697722,-8.35509521518483,-1.34029452661112,-1.022283,-0.8552113,0.17195857,228.44183,105.172516,-5.4840126,WAL
1991422339000,203.904951,-1.98708763481961,-8.20569996848684,-1.23785217997518,-1.0797043,-0.86498517,0.2302962,228.17015,105.43316,-5.6209993,WAL
1991427313000,203.909925,-2.17337583321188,-8.07227932886165,-1.17947518314011,-1.1191051,-0.84635377,0.28252518,227.90419,105.69504,-5.7612543,WAL
1991432353000,203.914965,-2.35307615739833,-7.94604615210076,-1.12600817991539,-1.1404854,-0.80848014,0.35705075,227.6476,105.971985,-5.9224353,WAL
1991437295000,203.919907,-2.44408379299106,-7.90964303134314,-1.07140352253629,-1.1410962,-0.8023715,0.4343252,227.3787,106.265945,-6.1489267,WAL
1991442599000,203.925211,-2.53822496846484,-7.87454824695986,-1.01347079093901,-1.1420126,-0.8078693,0.50488013,227.11107,106.58338,-6.422734,WAL
1991447285000,203.929897,-2.54643140255097,-7.92789011136509,-0.976541816128737,-1.1087204,-0.8240572,0.5696318,226.84782,106.89643,-6.7136474,WAL
1991452299000,203.934911,-2.55521225199781,-7.98496567861388,-0.937027970695803,-1.0852021,-0.8509353,0.64751714,226.58104,107.22059,-7.045824,WAL
1991457296000,203.939908,-2.54551170701118,-8.11542158763977,-0.886799559652463,-1.0488557,-0.8921687,0.6969972,226.30882,107.53431,-7.3862367,WAL
1991462254000,203.944866,-2.5311624748766,-8.26369735262416,-0.834185480412008,-1.0112875,-0.9379836,0.7519751,226.03462,107.84931,-7.747424,WAL
1991467310000,203.949922,-2.50576843089172,-8.54861090764331,-0.804848267388535,-0.9810496,-0.990518,0.7861836,225.75314,108.150475,-8.113069,WAL
1991472280000,203.954892,-2.47820804940166,-8.86096164205752,-0.781881341968732,-0.9505063,-1.0317514,0.8191703,225.4667,108.44707,-8.490681,WAL
1991477309000,203.959921,-2.31174904865182,-9.40119047245017,-0.741141593669402,-0.92087936,-1.0778717,0.8347474,225.16989,108.71819,-8.863667,WAL
1991482261000,203.964873,-2.09862674392341,-10.0127590859711,-0.694810641031653,-0.8542951,-1.1392636,0.8542951,224.8608,108.97625,-9.245134,WAL
1991487281000,203.969893,-1.86122126081694,-10.3315287225416,-0.815865726747352,-0.820392,-1.2116512,0.8756753,224.54645,109.209915,-9.610724,WAL
1991492310000,203.974922,-1.61349064125063,-10.5112549875946,-1.01502178563792,-0.7648033,-1.2822062,0.895223,224.21768,109.42398,-9.979207,WAL
1991497311000,203.979923,-1.3460017460682,-10.5902337701064,-1.3461368916095,-0.698219,-1.312444,0.91446525,223.9129,109.558685,-10.277883,WAL
1991502300000,203.984912,-1.07051069366736,-10.6282325513471,-1.73087429748484,-0.6020077,-1.312444,0.91507614,223.59825,109.67424,-10.573593,WAL
1991507345000,203.989957,-0.745939276872958,-10.6364927205169,-2.1522533281414,-0.4831944,-1.2568552,0.8912524,223.32251,109.76111,-10.796901,WAL
1991512334000,203.994946,-0.405304999308842,-10.6317618403802,-2.58277715403505,-0.34391713,-1.2147056,0.84635377,223.04318,109.81844,-11.010863,WAL
1991517341000,203.999953,-0.0560079067602943,-10.6646661591669,-2.87935238556415,-0.2687807,-1.0980303,0.82894415,222.82597,109.8843,-11.142845,WAL
1991522404000,204.005016,0.300687200678322,-10.7156221801853,-3.11560506445018,-0.11178834,-0.91232723,0.7846564,222.63611,109.88821,-11.244515,WAL
1991527441000,204.010053,0.608546984459043,-10.705597699651,-3.16322652052967,0.002443461,-0.6844745,0.7360926,222.51909,109.9029,-11.235846,WAL
1991532332000,204.014944,0.877798592876206,-10.6575173421782,-3.09110545716485,0.084910266,-0.45142943,0.68111473,222.4523,109.88225,-11.201699,WAL
1991537329000,204.019941,1.04154674529389,-10.6604227732424,-2.84396753903189,0.09987647,-0.24831672,0.59803706,222.48122,109.83255,-11.088139,WAL
1991542344000,204.024956,1.14302670562812,-10.6927117727142,-2.49801336087207,0.058643065,-0.0870483,0.5021312,222.55534,109.769135,-10.946622,WAL
1991547333000,204.029945,1.11531700946852,-10.7951229136223,-2.11097617573816,-0.06047566,-0.0870483,0.3915646,222.610129287712,109.730755584915,-10.8239195136863,WAL
1991552354000,204.034966,0.985370127189471,-10.9539465262736,-1.68744560390351,-0.226631,0.008246681,0.2687807,222.66527,109.69213,-10.70043,WAL
1991557368000,204.03998,0.721728473492315,-11.1520815698562,-1.35285187541894,-0.40439278,-0.07360926,0.14782938,222.76811,109.607994,-10.468242,WAL
1991562342000,204.044954,0.358030126156668,-11.3788032468022,-1.08834402500744,-0.5354234,-0.22174409,0.039095376,222.86375,109.49211,-10.156742,WAL
1991567350000,204.049962,-0.0676735628176412,-11.4307500955401,-0.892086684400397,-0.6414085,-0.37323865,-0.05131268,222.9177,109.35508,-9.835847,WAL
1991572383000,204.054995,-0.545374911756194,-11.3352098886026,-0.753553284578791,-0.68539083,-0.4633413,-0.112704635,222.94225,109.23196,-9.512253,WAL
1991577338000,204.05995,-0.988048918518519,-11.2012966601307,-0.654623785511983,-0.6719518,-0.5314528,-0.14966199,222.90125,109.10258,-9.259264,WAL
1991582350000,204.064962,-1.41109378181818,-11.0301769144385,-0.58807739973262,-0.6239988,-0.5861252,-0.15271631,222.83992,108.97874,-9.01376,WAL
1991587328000,204.06994,-1.69496583270963,-10.9725819260469,-0.55784497055737,-0.54153204,-0.61300325,-0.12644911,222.75404,108.88346,-8.883161,WAL
1991592326000,204.074938,-1.84660196618157,-11.0247068948619,-0.562583595089595,-0.4529566,-0.6041457,-0.103847094,222.66545,108.77733,-8.756135,WAL
1991597343000,204.079955,-1.90667343521637,-11.2091685813589,-0.555899229528099,-0.3622431,-0.5656612,-0.06414085,222.54335,108.69511,-8.7278595,WAL
1991602332000,204.084944,-1.86925129496769,-11.5319345104758,-0.537188183826121,-0.26389378,-0.50946164,-0.019242255,222.43391,108.59477,-8.705599,WAL
1991607317000,204.089929,-1.75152822140688,-11.947215485941,-0.514367524169687,-0.14049901,-0.49205196,0.019547688,222.32797,108.48676,-8.7239485,WAL
1991612350000,204.094962,-1.52958214224552,-12.4855527004017,-0.486033967880866,-0.027183503,-0.45142943,0.027488936,222.24803,108.36123,-8.7387905,WAL
1991617272000,204.099884,-1.26210698374656,-12.9915586225895,-0.430375880192837,0.021991149,-0.39492437,0.022907447,222.19934,108.2067,-8.742199,WAL
1991622439000,204.105051,-0.900159787204332,-13.4898234223425,-0.326962377936734,0.1386664,-0.3145956,-0.017104227,222.16953,108.007774,-8.731893,WAL
1991627314000,204.109926,-0.573565660146767,-13.9730301265371,-0.23641909709044,0.26206118,-0.2171626,-0.07788532,222.19244,107.74496,-8.6513,WAL
1991632354000,204.114966,-0.272015892752876,-14.5043322923443,-0.159835042588259,0.408058,-0.1572978,-0.14446963,222.22696,107.44845,-8.556129,WAL
1991637256000,204.119868,0.0175045354693013,-14.99162951729,-0.116780275201129,0.5519168,-0.10903945,-0.21746802,222.33504,107.05331,-8.359193,WAL
1991642349000,204.124961,0.30762509570118,-15.414516931848,-0.161035949790301,0.68691796,-0.01740966,-0.2932153,222.47034,106.62617,-8.141113,WAL
1991647271000,204.129883,0.552233978927531,-15.7309218214494,-0.184968007757917,0.8023715,0.06658431,-0.3811799,222.66199,106.11322,-7.8427525,WAL
1991652340000,204.134952,0.712572476182242,-15.8205225763552,-0.161388821040412,0.9263771,0.1469131,-0.4728097,222.87646,105.57006,-7.5260935,WAL
1991657294000,204.139906,0.809717385205466,-15.8100614741825,-0.10525513458858,1.0525209,0.2012801,-0.5552765,223.14557,104.97443,-7.1393337,WAL
1991662343000,204.144955,0.705884037354807,-15.4655235295266,0.0646539612591508,1.1737776,0.18570304,-0.6627888,223.41286,104.35306,-6.733584,WAL
1991667342000,204.149954,0.584819919758905,-15.0596521227304,0.238785452114297,1.3161092,0.10598512,-0.75502944,223.70068,103.68951,-6.301949,WAL
1991672390000,204.155002,0.383367767537454,-14.3689591095347,0.440237614352614,1.4908166,0.0061086523,-0.84849185,223.97539,102.99412,-5.857318,WAL
1991677306000,204.159918,0.172921791070486,-13.6793628388894,0.60644340893538,1.6917913,-0.07666359,-0.9440922,224.21399,102.25845,-5.424255,WAL
1991682351000,204.164963,-0.11520162123277,-12.8858423891876,0.625336714458891,1.9315559,-0.14508049,-1.0106765,224.43234,101.48044,-4.990383,WAL
1991687336000,204.169948,-0.412479499045936,-12.1297864063604,0.616773378621908,2.1975877,-0.12705997,-1.0509937,224.61784,100.65384,-4.587789,WAL
1991692339000,204.174951,-0.79811422562819,-11.5654432921084,0.419253180598744,2.4938574,-0.0125227375,-1.0864239,224.8195,99.76879,-4.1761713,WAL
1991697289000,204.179901,-1.18329308992461,-11.0371896338001,0.233123473667874,2.79929,0.10598512,-1.1328496,224.9918,98.85463,-3.808457,WAL
1991702339000,204.184951,-1.61895198642906,-10.8525083697249,0.152621278788799,3.0744848,0.20311269,-1.1872166,225.20212,97.88416,-3.4319506,WAL
1991707491000,204.190103,-2.06742565112615,-10.6978255751944,0.0617573937822442,3.2922583,0.29443705,-1.2351695,225.39255,96.91768,-3.1092827,WAL
1991712348000,204.19496,-2.53722215247955,-10.9468173426927,-0.126161203815776,3.4434474,0.3549127,-1.2638801,225.61494,95.91349,-2.78123,WAL
1991717395000,204.200007,-3.0268091321122,-11.2116069753444,-0.320886124128569,3.4984252,0.48747048,-1.3130548,225.8502,94.93151,-2.4990623,WAL
1991722352000,204.204964,-3.52437194084648,-11.5433157783989,-0.505695177268916,3.5433238,0.625526,-1.3313808,226.11949,93.94691,-2.2234836,WAL
1991727395000,204.210007,-4.02592933853473,-11.8784008554623,-0.703795500415189,3.5167513,0.7324274,-1.3356569,226.38121,93.06326,-2.0057993,WAL
1991732333000,204.214945,-4.45952238591817,-12.1770074090477,-1.02285454011764,3.4223726,0.8206975,-1.319469,226.6908,92.27173,-1.7940576,WAL
1991737276000,204.219888,-4.89355447040913,-12.4759163183981,-1.34223664486636,3.2840116,0.86315256,-1.2944235,227.00148,91.741455,-1.6569306,WAL
1991742360000,204.224972,-5.34303776507463,-12.7673195684577,-1.6750236301592,3.1306844,0.86651236,-1.2657127,227.33798,88.44506,-1.5304363,WAL
1991747284000,204.229896,-5.77940852447761,-13.0441566474627,-1.99878260755224,2.958726,0.7779369,-1.2373075,227.67032,88.25074,-1.415776,WAL
1991752343000,204.234955,-6.17607156361662,-13.2883821436186,-2.09475053850558,2.8356364,0.61727935,-1.212873,227.95183,87.823074,-1.3799254,WAL
1991757295000,204.239907,-6.54587955256144,-13.5130756609417,-2.10411275617412,2.705522,0.376293,-1.1774428,228.19218,87.34896,-1.3546327,WAL
1991762343000,204.244955,-6.7828755368421,-13.5524538496241,-1.91125707794486,2.6169467,0.084910266,-1.1242975,228.34464,86.88072,-1.3938187,WAL
1991767313000,204.249925,-6.95942458526316,-13.5142812601504,-1.63927570882206,2.5470026,-0.21868975,-1.0668762,228.43037,86.43337,-1.4379108,WAL
1991772382000,204.254994,-6.86501406421512,-13.6349984171512,-1.5441347868314,2.5173757,-0.4633413,-1.074512,228.45097,85.98475,-1.5186927,WAL
1991777318000,204.25993,-6.66805106739341,-13.8136390489341,-1.5212320816376,2.4492643,-0.52748215,-1.2208142,228.4447,85.57953,-1.568655,WAL
1991782346000,204.264958,-5.63949192369287,-13.5967252542603,-2.37769272463207,2.2369885,-0.42577308,-1.3344351,228.42108,85.1693,-1.6406924,WAL
1991787349000,204.269961,-4.17817128255228,-13.1699269198296,-3.69520119101472,1.9104811,-0.04520403,-1.3860532,228.4669,84.82439,-1.6896956,WAL
1991792313000,204.274925,-3.14186218250259,-12.5269248856256,-3.82491753567735,1.4850134,0.50732356,-1.4498887,228.59799,84.59103,-1.6789829,WAL
1991797342000,204.279954,-2.38482106943123,-11.7200782623578,-3.12266215098242,1.1252137,0.7467828,-1.4709635,228.75015,84.43302,-1.6656189,WAL
1991802339000,204.284951,-1.77703485423863,-11.1794057208656,-2.68318100911257,1.0512991,0.7742717,-1.427592,228.93236,84.62815,-1.4518932,WAL
1991807348000,204.28996,-1.24371487988882,-10.7746542565019,-2.37842661730197,1.1200215,0.77824235,-1.314582,229.16675,84.86447,-1.2615404,WAL
1991812343000,204.294955,-0.775334150496882,-10.6426165769463,-2.21099008523436,1.2739595,0.816116,-1.2666291,229.42993,84.99086,-0.9768053,WAL
1991817314000,204.299926,-0.344377815496882,-10.6617700769463,-2.12001053523436,1.3600914,0.97066486,-1.2357804,229.7213,85.09361,-0.7282354,WAL
1991822370000,204.304982,-0.0277025225421486,-10.7087486067928,-1.84663036569888,1.5015068,1.2217305,-1.2791518,230.04387,85.065605,-0.41196463,WAL
1991827357000,204.309969,0.220411112560282,-10.7696066757499,-1.48148196173299,1.629483,1.4425583,-1.3494014,230.4007,84.99448,-0.106359765,WAL
1991832335000,204.314947,0.4680769789208,-10.8303549146246,-1.11699253824348,1.7232509,1.6508633,-1.416902,230.81018,84.84529,0.2530474,WAL
1991837346000,204.319958,0.717384664001666,-10.8915058638012,-0.750086853007254,1.7547104,1.7424932,-1.4428637,231.24957,84.65304,0.61047494,WAL
1991842343000,204.324955,0.820839587891019,-10.8013974559031,-0.853744779971746,1.7821994,1.7403551,-1.4575244,231.6853,84.40664,0.98630077,WAL
1991847343000,204.329955,0.816007700908174,-10.5984580008073,-1.30794243890212,1.7708983,1.8029687,-1.4914275,232.16626,84.14081,1.3628676,WAL
1991852339000,204.334951,0.699749812948958,-10.3899058989041,-1.64170800381084,1.7290541,1.9462167,-1.4480561,232.7175,83.7316,1.7813698,WAL
1991857349000,204.339961,0.505537966705499,-10.1767462019943,-1.89276237324514,1.7058412,2.1697934,-1.3677273,233.3107,83.30835,2.1837027,WAL
1991862344000,204.344956,0.338131364537782,-9.85880134236918,-2.10359874151524,1.6994271,2.3295345,-1.280679,233.85696,82.938286,2.561137,WAL
1991867311000,204.349923,0.191710157441168,-9.46204698987191,-2.28308287214775,1.6664404,2.5024095,-1.1847731,234.46706,82.5849,2.8974586,WAL
1991872450000,204.355062,0.0224241764975964,-9.07846296909644,-2.37621605660748,1.6362026,2.6520715,-1.0797043,235.08176,82.283356,3.1754057,WAL
1991877434000,204.360046,-0.155518593175709,-8.72726088374375,-2.39494686057098,1.6420058,2.737898,-0.990518,235.72226,81.989365,3.4211307,WAL
1991882341000,204.364953,-0.357116488587907,-8.41336843075075,-2.38023928027492,1.6417004,2.740036,-0.9062186,236.36264,81.74333,3.6137516,WAL
1991887352000,204.369964,-0.587768112496395,-8.12274695264827,-2.33410884181486,1.6282613,2.670703,-0.86193085,237.00168,81.50659,3.788532,WAL
1991892313000,204.374925,-0.81651063941892,-7.82323236898562,-2.2936821885091,1.6239853,2.545781,-0.8194757,237.60019,81.27631,3.9233925,WAL
1991897345000,204.379957,-1.04905753572937,-7.50348041185282,-2.25976917956168,1.5858061,2.4113905,-0.7987063,238.17172,81.06366,4.0524898,WAL
1991902284000,204.384896,-1.26952229802332,-7.20212201779008,-2.23486780296501,1.5415184,2.3445008,-0.79534656,238.72975,80.857285,4.1438093,WAL
1991907289000,204.389901,-1.48270037481716,-6.91314732664558,-2.22065593777426,1.4828753,2.2589796,-0.79229224,239.23965,80.67027,4.2334847,WAL
1991912276000,204.394888,-1.67181481073051,-6.63367101892445,-2.18127068245868,1.4456125,2.1719313,-0.7825184,239.73697,80.49472,4.2923822,WAL
1991917299000,204.399911,-1.82794302901084,-6.36465020472362,-2.1044075711889,1.3771957,2.0744984,-0.7816021,240.20288,80.34437,4.355649,WAL
1991922303000,204.404915,-1.98348067668647,-6.0966469886653,-2.02783520232686,1.3038919,2.0027218,-0.7669413,240.65492,80.21413,4.3859167,WAL
1991927311000,204.409923,-2.13914265501573,-5.82842954141908,-1.95120162453688,1.2235631,1.9608774,-0.76144356,241.08347,80.10491,4.420563,WAL
1991932241000,204.414853,-2.25649436225551,-5.57086925102567,-1.8430387318004,1.1508701,1.9165897,-0.75991637,241.46582,80.00769,4.461006,WAL
1991937292000,204.419904,-2.32110793399485,-5.31703011592405,-1.68150489883599,1.0769554,1.8732183,-0.7669413,241.8327,79.93318,4.5031986,WAL
1991942254000,204.424866,-2.37690157417615,-5.08130774853205,-1.5234467401438,0.9841039,1.8435913,-0.7644979,242.20609,79.86262,4.5096316,WAL
1991947309000,204.429921,-2.41557595868784,-4.87343271093469,-1.36391459484721,0.8744536,1.8237382,-0.7504479,242.56467,79.818,4.5157843,WAL
1991952266000,204.434878,-2.46029127322356,-4.6861288868078,-1.15092981914143,0.77274454,1.8344283,-0.72265357,242.9267,79.762085,4.516741,WAL
1991957311000,204.439923,-2.52185100305792,-4.53459692463981,-0.800512366774478,0.6872234,1.8240436,-0.70829827,243.27133,79.73159,4.5191503,WAL
1991962262000,204.444874,-2.57522170480297,-4.38376429595909,-0.442226087390956,0.5696318,1.7870862,-0.7339546,243.63252,79.704605,4.5159407,WAL
1991967347000,204.449959,-2.60940281680537,-4.22262557646646,-0.032054900140379,0.42760566,1.7229455,-0.75625116,243.9762,79.70905,4.5096884,WAL
1991972340000,204.454952,-2.64609903814791,-4.07226658937108,0.343417693244915,0.27000242,1.6679676,-0.7669413,244.39035,79.69596,4.466109,WAL
1991977458000,204.46007,-2.69203967213422,-3.93903875081076,0.655814239408567,0.10354166,1.6230689,-0.7672467,244.78455,79.72119,4.4282007,WAL
1991982313000,204.464925,-2.73679648667815,-3.82196968193699,0.934036041801236,-0.054367006,1.5509869,-0.7593055,245.21744,79.71345,4.3686714,WAL
1991987346000,204.469958,-2.79050952335123,-3.75849065713707,1.10982395045487,-0.19211712,1.4624114,-0.752586,245.62845,79.74373,4.311792,WAL
1991992312000,204.474924,-2.83941057863789,-3.70310714215007,1.27092626184914,-0.28221974,1.3860532,-0.7324274,246.06686,79.74545,4.2331357,WAL
1991997346000,204.479958,-2.86804423175609,-3.68401800685013,1.37114427200554,-0.3680463,1.3069462,-0.6942484,246.47394,79.78436,4.15102,WAL
1992002331000,204.484943,-2.89429431537017,-3.66511883643373,1.45007826556291,-0.45478916,1.2614367,-0.6603453,246.8873,79.816826,4.054234,WAL
1992007355000,204.489967,-2.90856149212217,-3.64609586788574,1.41203227880795,-0.52290064,1.1826351,-0.6432411,247.26346,79.86831,3.956138,WAL
1992012307000,204.494919,-2.91553138206481,-3.62475463259231,1.36179731697438,-0.5555819,1.1218541,-0.605062,247.64081,79.92051,3.8340242,WAL
1992017340000,204.499952,-2.87012818462698,-3.58389166007913,1.21650703776375,-0.61911196,1.0677924,-0.5665775,247.99242,79.999054,3.7101882,WAL
1992022396000,204.505008,-2.82374800534215,-3.54321697229189,1.06937955414634,-0.68294734,1.0219775,-0.5103779,248.32187,80.10071,3.569645,WAL
1992027445000,204.510057,-2.72347951199763,-3.52889290893651,0.84019436097561,-0.72387534,1.003957,-0.46975538,248.63812,80.21345,3.4241195,WAL
1992032678000,204.51529,-2.61980521772388,-3.5171107916791,0.606858667126866,-0.7641924,0.98532563,-0.4156938,248.9146,80.37505,3.272953,WAL
1992037354000,204.519966,-2.53208092779851,-3.56723899473881,0.481538290335821,-0.79779,0.977079,-0.36865717,249.18246,80.546715,3.1133645,WAL
1992042330000,204.524942,-2.4387284755597,-3.62058329294776,0.348177684067164,-0.8509353,0.97005403,-0.32742378,249.41138,80.77949,2.9616196,WAL
1992047349000,204.529961,-2.32797112432245,-3.71665740579624,0.361221806911968,-0.9007208,0.9447031,-0.29229903,249.62576,81.02166,2.8005824,WAL
1992052269000,204.534881,-2.21611859850643,-3.81918894051434,0.403166505309594,-0.96669424,0.8875872,-0.24953845,249.82175,81.284096,2.6286616,WAL
1992057354000,204.539966,-2.19705672120472,-3.93156178770859,0.598295109206349,-1.044885,0.78954333,-0.2134974,249.97995,81.594154,2.4730535,WAL
1992062248000,204.54486,-2.20182563239723,-4.04124674513634,0.822434094603175,-1.1307116,0.65240407,-0.16920967,250.10342,81.92524,2.3082516,WAL
1992067339000,204.549951,-2.24096732584642,-4.12567916190656,1.14151569060904,-1.2336423,0.49510628,-0.13622294,250.1965,82.269936,2.163102,WAL
1992072341000,204.554953,-2.28627005289389,-4.20269406752412,1.47222617990354,-1.3426818,0.3313944,-0.103847094,250.24236,82.63953,2.0120046,WAL
1992077384000,204.559996,-2.3491936913435,-4.41916098495856,1.82569723764453,-1.4330899,0.16462818,-0.047647487,250.27003,82.98755,1.8450605,WAL
1992082244000,204.564856,-2.41586788862171,-4.67633246249872,2.17335502276681,-1.5442673,0.03268129,0.004276057,250.25589,83.36876,1.6754192,WAL
1992087342000,204.569954,-2.54667139582302,-5.05722798396516,2.62102690316738,-1.6462818,-0.080634214,0.09193522,250.23648,83.69695,1.4756324,WAL
1992092251000,204.574863,-2.69092447203801,-5.45741381351084,3.07705278992378,-1.740966,-0.14966199,0.21655174,250.18546,84.053,1.2545444,WAL
1992097346000,204.579958,-2.77223103546672,-6.25315117609295,3.62349373420638,-1.7754798,-0.14660765,0.34788775,250.1526,84.342,0.99824494,WAL
1992102309000,204.584921,-2.82839058618551,-7.15638384834581,4.18040923403899,-1.7253889,-0.12034045,0.49327368,250.09839,84.627556,0.7068247,WAL
1992107350000,204.589962,-2.60396077318587,-8.67341970241217,4.84337886253628,-1.6844609,-0.01160644,0.5531385,250.10655,84.80765,0.37871617,WAL
1992112297000,204.594909,-2.27676868871985,-10.3899923587229,5.5309564062256,-1.5008959,0.16371189,0.63255095,250.1306,84.912605,0.0077146986,WAL
1992117339000,204.599951,-0.362979167073858,-13.0952689171208,7.4363355295997,-1.1893547,0.33750305,0.6264423,250.2223,84.82165,-0.3507751,WAL
1992122397000,204.605009,2.17233335190754,-16.1813409344108,9.81688898056756,-0.7351763,0.39706242,0.46120325,250.32532,84.62391,-0.6777465,WAL
1992127434000,204.610046,4.09938836769564,-17.717002698534,10.5617373497832,-0.1469131,0.344528,0.1994475,250.50128,84.193115,-0.86021274,WAL
1992132335000,204.614947,5.60641626739624,-18.2645718063184,10.2855296192443,0.44868052,0.31978795,-0.109650314,250.70068,83.66311,-0.97643137,WAL
1992137341000,204.619953,6.59662074696133,-18.6233966850829,9.41765164640884,0.88147855,0.3866777,-0.45234573,251.06885,82.70758,-0.33808097,WAL
1992142347000,204.624959,7.30446361546961,-18.8791337599543,8.24856991922271,1.0693196,0.65668017,-0.74372846,251.4936,81.68713,0.29614636,WAL
1992147339000,204.629951,7.25562286018163,-18.1474823967709,7.1659004605449,1.0760391,1.0002918,-0.8695667,251.9768,80.718094,1.134741,WAL
1992152348000,204.63496,6.61666521664985,-16.642059037336,6.14453654994955,0.9599747,1.2473868,-0.89552844,252.50967,79.74439,1.9351057,WAL
1992157336000,204.639948,5.69500081779476,-14.7723178635371,5.37639445469432,0.7788532,1.3381003,-0.89766645,253.04523,78.98789,2.7540824,WAL
1992162346000,204.644958,4.56169451539301,-12.6247507347162,4.78593219338031,0.5888741,1.2996159,-0.89919364,253.60095,78.27108,3.5101376,WAL
1992167327000,204.649939,3.41457326244178,-10.4700843661679,4.3619397894064,0.41874814,1.2018774,-0.8772025,254.12881,77.69963,4.145519,WAL
1992172375000,204.654987,2.23604245019324,-8.27111833782579,4.06012096494896,0.2501493,1.0824533,-0.86009824,254.63068,77.180145,4.7527514,WAL
1992177343000,204.659955,1.18833281675619,-6.43575430274545,3.85619514741868,0.06078109,0.99265605,-0.8167268,255.10999,76.7806,5.219479,WAL
1992182349000,204.664961,0.225020189709539,-4.85725663627773,3.72743552911569,-0.13500121,0.9074403,-0.73945236,255.55067,76.43056,5.6633058,WAL
1992187338000,204.66995,-0.610578245355992,-3.7397938662467,3.5778450813556,-0.34422258,0.8576548,-0.62796944,255.96167,76.16768,5.977294,WAL
1992192337000,204.674949,-1.3399869052007,-3.01506102171111,3.40952002666276,-0.5476407,0.82772243,-0.4841107,256.34705,75.96348,6.2567253,WAL
1992197343000,204.679955,-2.02240263097277,-2.72867212467045,3.26242082189935,-0.7079928,0.8032878,-0.29810223,256.68686,75.84646,6.3448515,WAL
1992202353000,204.684965,-2.65486993829501,-2.90410098890599,3.13777387299144,-0.8213083,0.79381937,-0.09040806,257.01202,75.78725,6.3864365,WAL
1992207306000,204.689918,-3.15395678509792,-3.3783885753672,3.08422202808038,-0.86345804,0.729984,0.017104227,257.30038,75.81332,6.304804,WAL
1992212347000,204.694959,-3.47402866315789,-4.30905913684211,3.13346397017544,-0.9468411,0.56199604,0.2284636,257.53516,75.91434,6.1440134,WAL
1992217304000,204.699916,-3.70561972518947,-5.54573719854408,3.22351996778022,-1.044885,0.2751948,0.40317106,257.67798,76.10918,5.862761,WAL
1992222359000,204.704971,-3.83596381763063,-7.21607242241723,3.36834667554846,-1.1456778,-0.105068825,0.56779927,257.73218,76.34353,5.542786,WAL
1992227256000,204.709868,-4.05295856139272,-9.23904980051582,3.38697482923321,-1.2046263,-0.59040123,0.7086037,257.63876,76.65345,5.134977,WAL
1992232348000,204.71496,-4.40124600724134,-11.8899052989783,3.24185505171114,-1.1490375,-1.0897835,0.82558435,257.42404,76.96277,4.7140403,WAL
1992237265000,204.719877,-4.82994108745671,-13.9870651387072,2.75104558365718,-1.0219775,-1.5091426,0.958753,257.07645,77.32783,4.2359757,WAL
1992242356000,204.724968,-5.40679095582916,-15.4925016540977,1.73804123416699,-0.84391034,-1.6911805,1.1044444,256.64838,77.657326,3.7428474,WAL
1992247239000,204.729851,-5.80214372091535,-16.6973971525259,0.838202308552313,-0.6249151,-1.5732834,1.2177598,256.13004,78.07069,3.160274,WAL
1992252345000,204.734957,-5.88749081045283,-17.4607805426161,0.0463704134257733,-0.3100141,-1.106277,1.2513574,255.66095,78.37983,2.5667744,WAL
1992257249000,204.739861,-5.57344698666935,-18.0975692086186,-0.153086172774869,0.17531833,-0.38087448,1.1591167,255.23639,78.78868,1.8826993,WAL
1992262342000,204.744954,-4.14438631257551,-18.4904383673983,1.20231165070681,0.84604836,0.13805555,0.9483683,254.90253,78.99816,1.2370209,WAL
1992267295000,204.749907,-2.67984446657282,-18.4012748294835,2.11778077331218,1.4840971,0.062308256,0.59956425,254.58911,79.16961,0.6755247,WAL
1992272359000,204.754971,-0.997091157807078,-17.1416129875087,2.05527845246357,1.7782288,-0.30757064,0.15760323,254.369,79.20086,0.2171681,WAL
1992277399000,204.760011,0.330257597347525,-15.2807899733663,1.47705174774257,1.679574,-0.68783426,-0.26236662,254.24286,78.956764,0.07485376,WAL
1992282349000,204.764961,0.799615945515842,-11.9952823644554,-0.329977902752475,1.1530081,-0.72356987,-0.5357288,254.13033,78.75546,0.024805542,WAL
1992287316000,204.769928,1.10798929147982,-8.95027801644245,-1.71602349596413,0.39950588,-0.5421429,-0.6881397,254.04556,78.63349,0.31377363,WAL
1992292311000,204.774923,0.947105381278027,-6.6174608892003,-1.87243839310538,-0.33750305,-0.54244834,-0.78038037,253.91226,78.65143,0.6631067,WAL
1992297329000,204.779941,0.716789017243671,-4.43099667427426,-1.98245982068224,-0.9239337,-0.61544675,-0.6942484,253.76869,79.00453,1.0926181,WAL
1992302342000,204.784954,-0.0293117118522139,-3.42681084937934,-1.73845200893363,-1.3249667,-0.81581056,-0.6383542,253.58424,79.4871,1.54931,WAL
1992307368000,204.78998,-0.759867061424663,-2.4560137142061,-1.52353704136184,-1.4611896,-1.0430524,-0.5103779,253.33362,79.979996,1.8761953,WAL
1992312349000,204.794961,-1.28188792403486,-1.90982528589523,-1.65404226963218,-1.6765196,-1.2235631,-0.42363504,253.03133,80.59163,2.1992562,WAL
1992317330000,204.799942,-1.79542774856008,-1.38847539984111,-1.80712531489573,-1.8445076,-1.3622295,-0.3631594,252.7012,81.19147,2.444166,WAL
1992322365000,204.804977,-2.23596094856008,-1.09159432984111,-2.17104396489573,-1.9382755,-1.4871514,-0.26633725,252.30734,81.82282,2.6508982,WAL
1992327276000,204.809888,-2.65242689973615,-0.833778506722955,-2.52544177899736,-2.0054705,-1.6444492,-0.119729586,251.8182,82.51828,2.708212,WAL
1992332299000,204.814911,-2.91050616578716,-0.973395217076517,-2.8808297199912,-2.0491474,-1.8029687,0.0421497,251.28111,83.23622,2.7268841,WAL
1992337262000,204.819874,-3.16550266138962,-1.1113441984591,-3.23197253328056,-2.0589213,-1.958434,0.16523905,250.64224,84.05073,2.6069512,WAL
1992342325000,204.824937,-3.32051889730777,-1.4596270551703,-3.54497616685703,-2.006387,-2.0696115,0.29749137,249.96104,84.88043,2.4274783,WAL
1992347247000,204.829859,-3.44549985121354,-1.84899078460126,-3.83820077819702,-1.9071213,-2.143526,0.4202753,249.23987,85.714584,2.2040925,WAL
1992352329000,204.834941,-3.51877640848091,-2.2831657548111,-4.02411130269579,-1.8133535,-2.1725423,0.5723807,248.45737,86.653076,1.8679522,WAL
1992357275000,204.839887,-3.57935984763873,-2.71190964802243,-4.18256014020071,-1.7385225,-2.158187,0.7351763,247.66455,87.59009,1.4788402,WAL
1992362328000,204.84494,-3.67183461084053,-3.25277592181854,-4.19078577395915,-1.670411,-2.1743748,0.90041536,246.83052,88.5804,1.0125207,WAL
1992367256000,204.849868,-3.76915235223881,-3.80424355858209,-4.16298060820896,-1.5980235,-2.2101104,1.0864239,245.9988,89.50657,0.47987244,WAL
1992372329000,204.854941,-3.94927073129756,-4.65685466457749,-4.07790645134161,-1.5351044,-2.233018,1.2932017,245.16168,90.78898,-0.11133556,WAL
1992377247000,204.859859,-4.14732323946736,-5.56695242673208,-3.97888034497397,-1.50731,-2.1911736,1.4831808,244.34216,91.82354,-0.76023954,WAL
1992382345000,204.864957,-4.26046369024723,-6.81560491088184,-4.17828506483356,-1.4871514,-1.9834795,1.6560557,243.57135,92.899376,-1.4387102,WAL
1992387295000,204.869907,-4.34351730909091,-8.11677923636364,-4.45974469545455,-1.462106,-1.6426166,1.81091,242.86168,93.99483,-2.1650448,WAL
1992392312000,204.874924,-4.10517343404636,-9.49110847169436,-4.74957576787384,-1.4459181,-1.1814134,1.9474384,242.24332,95.06859,-2.8517566,WAL
1992397320000,204.879932,-3.7425219865088,-10.8844535541737,-5.04065118134514,-1.4596626,-0.88697636,2.1157317,241.68062,96.15776,-3.5795488,WAL
1992402353000,204.884965,-3.15183265733741,-12.1334960537847,-4.96341233196487,-1.4645494,-0.2959642,2.2036965,241.33429,97.26678,-4.332317,WAL
1992407335000,204.889947,-2.47851115363663,-13.3106310959242,-4.74211113480707,-1.4715744,0.12950343,2.3145685,241.03601,98.38555,-5.114978,WAL
1992412348000,204.89496,-1.73901725299722,-14.2656974208019,-4.23179303183803,-1.5402967,0.38331795,2.3658812,240.887,99.448456,-5.7786946,WAL
1992417330000,204.899942,-0.976653674632791,-15.1132945345375,-3.59727906431123,-1.6639969,0.5018258,2.3374758,240.82454,100.49451,-6.41869,WAL
1992422401000,204.905013,0.0166631504828538,-15.224122928853,-2.61317820110367,-1.7189748,0.5314528,2.2290473,240.86566,101.34803,-6.879271,WAL
1992427416000,204.910028,1.10045698478518,-14.9827535683879,-1.48205710808041,-1.7238617,0.45753807,2.0018053,240.9025,102.16225,-7.283742,WAL
1992432348000,204.91496,1.56395329340522,-14.3033179621642,-0.83214587988062,-1.7281377,0.3491095,1.6963727,240.98776,102.73041,-7.472458,WAL
1992437411000,204.920023,1.71800005244055,-13.3697016395494,-0.4120184518398,-1.7400496,0.204029,1.3634512,241.02325,103.24537,-7.5961614,WAL
1992442338000,204.92495,1.90602507784669,-12.4262105728955,-0.339211368066287,-1.6957619,0.011911872,1.0543534,241.05118,103.44127,-7.4494486,WAL
1992447350000,204.929962,2.12562176101057,-11.4404654346279,-0.514888724788532,-1.6258179,-0.19822577,0.75655663,241.01361,103.59154,-7.239045,WAL
1992452368000,204.93498,1.98717555852571,-10.6043868473199,-0.425484268990389,-1.5378532,-0.3857614,0.5363397,240.91583,103.66465,-6.9686427,WAL
1992457365000,204.939977,1.61734359310413,-9.86946444714158,-0.164705330438918,-1.3808609,-0.72509706,0.3390302,240.70404,103.67692,-6.6604123,WAL
1992462324000,204.944936,1.22545402111699,-9.15303440917108,-0.3871822576602,-1.2678508,-1.2342533,0.124311075,240.42294,103.71905,-6.3310723,WAL
1992467441000,204.950053,0.802918488147168,-8.42320009847149,-0.9681686537233,-1.2339478,-1.7767016,-0.08124508,240.03017,103.73212,-5.986519,WAL
1992472322000,204.954934,0.348739747902378,-7.86739734436909,-1.76129366156271,-1.2428054,-2.1966715,-0.24251351,239.4975,103.737625,-5.664637,WAL
1992477319000,204.959931,-0.158657192914318,-7.41485438992263,-2.77151646954819,-1.3057245,-2.4526238,-0.35369098,238.86221,103.74844,-5.3380632,WAL
1992482311000,204.964923,-0.66768209049949,-7.11153185910296,-3.68535061155963,-1.3942999,-2.533869,-0.41263947,238.13612,103.91833,-5.101374,WAL
1992487301000,204.969913,-1.17917733535168,-6.99461849896024,-4.47938596385321,-1.4639386,-2.470339,-0.41905355,237.38692,104.10868,-4.870862,WAL
1992492308000,204.97492,-1.61653093954163,-7.00730881805444,-5.02733093051441,-1.498147,-2.287385,-0.38331795,236.60129,104.53153,-4.7743974,WAL
1992497349000,204.979961,-1.9740644194956,-7.16191798318655,-5.30755982790232,-1.5234979,-2.1649065,-0.3109304,235.82358,104.97975,-4.701219,WAL
1992502333000,204.984945,-2.20688583748301,-7.36466307112061,-5.37217931990678,-1.5048665,-1.8738291,-0.26389378,235.1297,105.592354,-4.741185,WAL
1992507406000,204.990018,-2.31539355371917,-7.62413800617596,-5.21177655754515,-1.4813483,-1.5460999,-0.16187929,234.49097,106.218834,-4.815253,WAL
1992512319000,204.994931,-2.39553682002417,-7.94094398041902,-4.82855479242546,-1.4566082,-1.2095132,-0.04428773,233.92245,106.90013,-4.9516335,WAL
1992517425000,205.000037,-2.44479053652297,-8.35960131639807,-4.11930012280419,-1.434617,-0.89461213,0.09040806,233.44824,107.57773,-5.1036034,WAL
1992522377000,205.004989,-2.36615353033841,-8.70897716663368,-3.4369516216505,-1.4343116,-0.6542367,0.21197024,233.05795,108.22917,-5.25672,WAL
1992527441000,205.010053,-2.13101100471007,-8.99690660577875,-2.74592056683159,-1.4902058,-0.43676865,0.31337386,232.75412,108.887985,-5.421021,WAL
1992532271000,205.014883,-1.84249972926997,-9.18992049201372,-2.02820261409113,-1.5335772,-0.2507602,0.40378192,232.56815,109.433,-5.6136203,WAL
1992537338000,205.01995,-1.44782740018618,-9.2755123255267,-1.19130695385595,-1.5894713,-0.10048734,0.4905248,232.43752,109.994446,-5.8152165,WAL
1992542243000,205.024855,-1.07800988350923,-9.32103787335092,-0.387064726912929,-1.6157386,-0.05375614,0.54550266,232.37646,110.42337,-5.981016,WAL
1992547344000,205.029956,-0.715193669070654,-9.30194189875892,0.438819524782566,-1.6319265,-0.15027285,0.58001655,232.3208,110.86146,-6.1620116,WAL
1992552271000,205.034883,-0.393905990508294,-9.26119059870017,1.04835796541857,-1.5809193,-0.34300083,0.56169057,232.31775,111.1348,-6.2711844,WAL
1992557347000,205.039959,-0.125123690770201,-9.1715966629159,1.27470093653119,-1.4807373,-0.5864306,0.5235115,232.274,111.39347,-6.3968005,WAL
1992562247000,205.044859,0.0781672945656812,-9.08528377801483,1.38458265611094,-1.2996159,-0.818254,0.4868596,232.2229,111.46552,-6.457419,WAL
1992567351000,205.049963,0.12286100492228,-8.99589662694301,1.17601199740933,-1.0580186,-0.98715824,0.44929138,232.11937,111.48763,-6.523684,WAL
1992572425000,205.055037,0.127486468186275,-8.90639000886089,0.902554374494437,-0.84329945,-1.0998629,0.41386122,232.01303,111.43149,-6.533365,WAL
1992577369000,205.059981,0.0482394991158807,-8.81781978458206,0.496996375179679,-0.65118235,-1.1371256,0.37904188,231.88129,111.31381,-6.5409336,WAL
1992582311000,205.064923,-0.0557321748277598,-8.73012379408132,0.0966560552432073,-0.5384777,-1.1163563,0.33628133,231.73128,111.190094,-6.5362873,WAL
1992587337000,205.069949,-0.229497627039236,-8.64324098513205,-0.296602598530306,-0.47952923,-1.063211,0.3115413,231.58337,111.03087,-6.5262136,WAL
1992592316000,205.074928,-0.418384754774546,-8.5499385729065,-0.679555098746828,-0.48502702,-1.0064005,0.3023783,231.45047,110.94602,-6.5225043,WAL
1992597344000,205.079956,-0.695661627165723,-8.41834934511029,-1.03202573567441,-0.5500842,-0.97158116,0.30451632,231.32893,110.862854,-6.5117517,WAL
1992602309000,205.084921,-0.969188283371052,-8.28617447362983,-1.37617201072518,-0.59742624,-0.9068295,0.31673363,231.20506,110.855934,-6.53715,WAL
1992607405000,205.090017,-1.24770815014267,-8.1325084872085,-1.69791047535177,-0.7141015,-0.8775079,0.35246924,231.08609,110.888435,-6.569149,WAL
1992612293000,205.094905,-1.50857835498309,-7.98489280670483,-1.99382238711076,-0.8393288,-0.8454375,0.4016439,230.96259,111.0235,-6.6632895,WAL
1992617404000,205.100016,-1.70387414691647,-7.82780724798335,-2.14666252198803,-0.9560041,-0.784351,0.45448375,230.85966,111.18938,-6.761101,WAL
1992622393000,205.105005,-1.89450821186573,-7.67447133476451,-2.29585434998699,-1.0567969,-0.7312057,0.5381723,230.7379,111.46726,-6.9361825,WAL
1992627401000,205.110013,-2.02113890812153,-7.68372086666005,-2.33846283901906,-1.1588113,-0.68966687,0.61086524,230.63359,111.77627,-7.115339,WAL
1992632244000,205.114856,-2.12705145218427,-7.73437474225576,-2.35227760230342,-1.2388347,-0.6713409,0.689056,230.54578,112.10953,-7.3127475,WAL
1992637348000,205.11996,-2.1832651082768,-7.90785673405699,-2.24908129525102,-1.3002267,-0.66737026,0.7473936,230.44302,112.51791,-7.567821,WAL
1992642251000,205.124863,-2.21967142764102,-8.11264228048071,-2.1125574075596,-1.317331,-0.67073005,0.79381937,230.34908,112.935326,-7.8354774,WAL
1992647345000,205.129957,-2.24837494280238,-8.39592375153838,-1.93615437522445,-1.3460416,-0.70463306,0.8313876,230.25363,113.38099,-8.1377735,WAL
1992652325000,205.134937,-2.27243045778271,-8.70383474518309,-1.74852125790376,-1.3414601,-0.732122,0.8588765,230.16193,113.81851,-8.444349,WAL
1992657398000,205.14001,-2.27580948944081,-8.99626727483641,-1.49727761875868,-1.3384057,-0.768163,0.88117313,230.06487,114.22465,-8.759904,WAL
1992662312000,205.144924,-2.27114352804878,-9.27155651219512,-1.23132040162602,-1.3292428,-0.788627,0.88239485,229.96463,114.62179,-9.07272,WAL
1992667384000,205.149996,-2.24352685430082,-9.55286309899087,-1.00851919322441,-1.314582,-0.7883216,0.88606006,229.87866,114.96748,-9.378874,WAL
1992672414000,205.155026,-2.20648985968284,-9.83064092119174,-0.809444942287362,-1.287093,-0.77121735,0.8720101,229.78918,115.299706,-9.674932,WAL
1992677381000,205.159993,-2.12838806282969,-10.103684191883,-0.546392937252096,-1.2345587,-0.77121735,0.8573494,229.71346,115.55738,-9.952828,WAL
1992682350000,205.164962,-2.02622792206093,-10.3761110646085,-0.244777380310775,-1.1725558,-0.82894415,0.85918194,229.6265,115.801384,-10.230098,WAL
1992687336000,205.169948,-1.89228543198119,-10.5764862688615,-0.0315004310993533,-1.0833695,-0.9456194,0.8524625,229.53967,115.965034,-10.483003,WAL
1992692315000,205.174927,-1.74277990717225,-10.740007829904,0.136693291628454,-0.9502009,-1.0149527,0.8582657,229.45132,116.10069,-10.735076,WAL
1992697344000,205.179956,-1.51218285801465,-10.8877848978845,0.00953200061432058,-0.77182823,-1.1447614,0.8622363,229.33832,116.12962,-10.964999,WAL
1992702355000,205.184967,-1.23396940622457,-11.024450850895,-0.297967066413751,-0.657291,-1.2363913,0.86315256,229.21751,116.14264,-11.19344,WAL
1992707353000,205.189965,-0.893736849826601,-11.2326486408867,-0.838003602470936,-0.3921755,-1.2275337,0.84788096,229.10912,116.02253,-11.374359,WAL
1992712347000,205.194959,-0.521490614007882,-11.4776719935961,-1.49768045788768,-0.102319926,-1.1273518,0.83077675,229.00186,115.8723,-11.549546,WAL
1992717434000,205.200046,0.279779572857143,-11.4356071291585,-2.05473106771037,0.16707164,-0.91751957,0.7819075,228.97835,115.677795,-11.629492,WAL
1992722369000,205.204981,1.29252687785714,-11.2321325401174,-2.53104606497065,0.35888332,-0.6560693,0.70157874,228.99254,115.430565,-11.67664,WAL
1992727331000,205.209943,1.66272420969388,-11.2226005408163,-2.65279997244898,0.42943826,-0.41447207,0.59559363,229.12247,115.19395,-11.576867,WAL
1992732331000,205.214943,1.57410331133453,-11.3519392763105,-2.52106617893157,0.37201694,-0.23335053,0.45081854,229.29352,114.93351,-11.428715,WAL
1992737340000,205.219952,1.48532289535814,-11.4815108215286,-2.38909526458583,0.19700404,-0.13622294,0.2733622,229.56491,114.65561,-11.078915,WAL
1992742349000,205.224961,1.39654247938175,-11.6110823667467,-2.2571243502401,-0.02565634,-0.14172074,0.07941248,229.83237,114.39521,-10.69358,WAL
1992747340000,205.229952,0.972248680390879,-11.8355764267101,-2.17416136221498,-0.23762658,-0.22388211,-0.11942416,230.07799,114.16527,-10.274159,WAL
1992752350000,205.234962,0.308033161498371,-12.1286124690554,-2.1253220218241,-0.41386122,-0.3304781,-0.27763826,230.29172,113.97628,-9.8345,WAL
1992757364000,205.239976,-0.441368341349645,-12.1535610609708,-2.10984924988161,-0.5384777,-0.40958515,-0.38087448,230.50119,113.80062,-9.39363,WAL
1992762346000,205.244958,-1.23687633798343,-12.0170537203039,-2.11455639447514,-0.6102544,-0.4596761,-0.4392121,230.67236,113.65557,-8.949915,WAL
1992767368000,205.24998,-1.87933307941922,-11.6766245594426,-2.05225319883064,-0.65270954,-0.45570546,-0.45265114,230.81413,113.57654,-8.602164,WAL
1992772401000,205.255013,-2.4147850330345,-11.1975358790197,-1.9442233507406,-0.63499445,-0.39706242,-0.44073927,230.95024,113.50335,-8.260748,WAL
1992777401000,205.260013,-2.64751965329228,-11.0240160561128,-1.79634600885887,-0.56046885,-0.29718593,-0.3830125,230.97585,113.47135,-8.095163,WAL
1992782350000,205.264962,-2.63810554349985,-11.0946222481875,-1.61747684148376,-0.44409904,-0.1826487,-0.2996294,231.02547,113.428894,-7.9372487,WAL
1992787333000,205.269945,-2.4161197497199,-11.4372013196069,-1.32961648790172,-0.30634892,-0.08399397,-0.20586158,231.04733,113.41811,-7.903156,WAL
1992792313000,205.274925,-2.00364404279115,-12.0231048046192,-0.945264199154791,-0.14385876,-0.03970624,-0.14721853,231.09138,113.37376,-7.876279,WAL
1992797346000,205.279958,-1.56037044765275,-12.7228326593242,-0.460051334007774,-0.06383542,0.055283304,-0.122783914,231.18875,113.28929,-7.8441725,WAL
1992802338000,205.28495,-1.09339872601415,-13.5281201769162,0.121280773716735,0.13225232,0.12156218,-0.09865474,231.29805,113.13696,-7.825743,WAL
1992807340000,205.289952,-0.652511583241621,-14.2435666868434,0.565438814657329,0.32742378,0.12858713,-0.11789699,231.49136,112.84869,-7.7068257,WAL
1992812348000,205.29496,-0.239843674983492,-14.8625682636318,0.862943576638319,0.51068336,0.08582657,-0.16737708,231.69037,112.51569,-7.586394,WAL
1992817386000,205.299998,0.138207053507189,-15.3391219252355,1.00103411866138,0.657291,0.04520403,-0.24465153,231.99266,111.996086,-7.3438067,WAL
1992822433000,205.305045,0.478487113600397,-15.6650242558751,0.97227807923649,0.79412484,0.016798794,-0.31612277,232.28577,111.43936,-7.0988207,WAL
1992827319000,205.309931,0.754170976724732,-15.8501750169767,0.872255697634091,0.9251554,0.004886922,-0.39614612,232.6572,110.768265,-6.7493463,WAL
1992832347000,205.314959,0.976900292461372,-15.8928254315028,0.687437749314044,1.0543534,-0.00061086525,-0.49021935,233.01848,110.07366,-6.390492,WAL
1992837298000,205.31991,1.10337414795502,-15.7982546907155,0.571937143743656,1.1979067,-0.0012217305,-0.59681535,233.43513,109.335106,-5.9559336,WAL
1992842345000,205.324957,1.10818399068564,-15.5192835109961,0.543078067270375,1.3411547,-0.02321288,-0.6939429,233.83987,108.57863,-5.5172305,WAL
1992847273000,205.329885,0.989906300315036,-15.1305353529356,0.579663338306444,1.4902058,-0.0720821,-0.81153446,234.24048,107.803955,-5.043517,WAL
1992852350000,205.334962,0.692839688854415,-14.5642518620525,0.709629967794749,1.6667458,-0.16829337,-0.93676186,234.61546,107.0002,-4.564627,WAL
1992857258000,205.33987,0.338442827368526,-13.9053341033865,0.752729392364542,1.8686367,-0.28313604,-1.0726794,234.95593,106.17823,-4.077147,WAL
1992862345000,205.344957,-0.175902268212151,-12.97854299751,0.616864656349602,2.0781636,-0.398895,-1.1866057,235.26709,105.32445,-3.585101,WAL
1992867303000,205.349915,-0.667749345761778,-12.1027142216485,0.401471405075243,2.3218987,-0.42241332,-1.2663237,235.5664,104.44755,-3.1248558,WAL
1992872448000,205.35506,-1.15722899872725,-11.2546057316809,-0.00562060938329895,2.6328292,-0.30695978,-1.3206906,235.87784,103.51279,-2.652264,WAL
1992877263000,205.359875,-1.65329894901372,-10.625700674627,-0.250018236718134,2.9843822,-0.089186326,-1.3600914,236.07219,102.54717,-2.24412,WAL
1992882350000,205.364962,-2.27769104104336,-10.3964314132372,-0.147578909963152,3.3221905,0.12461651,-1.4175128,236.3092,101.5167,-1.8187118,WAL
1992887292000,205.369904,-2.88416488278396,-10.3171547863384,-0.0509970656350278,3.585779,0.28344148,-1.4657712,236.47353,100.497055,-1.4556596,WAL
1992892315000,205.374927,-3.50027438301231,-10.5989414956315,0.0397477451951946,3.6914587,0.3622431,-1.4822645,236.69022,99.44715,-1.0865041,WAL
1992897298000,205.37991,-4.11843042527881,-10.950740314746,0.112749994448575,3.6984837,0.50640726,-1.5018122,236.91263,98.355736,-0.7799702,WAL
1992902346000,205.384958,-4.76356641315413,-11.5037140461348,0.140398676206272,3.6389244,0.65057147,-1.4926492,237.17574,97.27444,-0.48268318,WAL
1992907351000,205.389963,-5.38001002209576,-12.0635028979592,0.139617293923077,3.5005634,0.73273283,-1.486846,237.44125,96.21561,-0.258935,WAL
1992912352000,205.394964,-5.89221595535714,-12.6743903571429,0.0127405775,3.2989779,0.7150178,-1.4895949,237.73642,95.21223,-0.042017624,WAL
1992917317000,205.399929,-6.37484164556307,-13.2532099637883,-0.114121387721448,3.0757065,0.6087272,-1.4727961,238.01463,94.26029,0.08131855,WAL
1992922448000,205.40506,-6.70725546109232,-13.6736160905292,-0.250997701696379,2.8866436,0.38789943,-1.4379768,238.27005,93.37445,0.19207723,WAL
1992927343000,205.409955,-7.03706607264364,-14.0754688519354,-0.443703216004166,2.7241535,0.051923547,-1.3704761,238.44643,92.57182,0.22120647,WAL
1992932330000,205.414942,-7.4557184899757,-14.4899763286756,-1.04473883653706,2.6224444,-0.31673363,-1.3096951,238.56235,91.82099,0.2385655,WAL
1992937313000,205.419925,-7.87403511230689,-14.9041513350113,-1.64529237516056,2.5870142,-0.5357288,-1.321607,238.61047,91.12791,0.22130206,WAL
1992942349000,205.424961,-8.15717724046033,-15.1745290430042,-2.82675900423985,2.6117544,-0.39675698,-1.3863586,238.6665,90.476105,0.20388158,WAL
1992947302000,205.429914,-8.40617449046033,-15.4091610430042,-4.11005120423985,2.6401596,-0.046731193,-1.4590516,238.73073,89.70344,0.19315983,WAL
1992952350000,205.434962,-8.11157542430494,-15.5910331991355,-4.0039219982513,2.514016,-0.042760566,-1.5592335,238.66968,89.259575,0.16029961,WAL
1992957311000,205.439923,-7.71950485037823,-15.759062888103,-3.63518903275371,2.3722951,-0.052839845,-1.6676621,238.71475,88.773605,0.15560557,WAL
1992962341000,205.444953,-6.8943552686672,-15.3052163946206,-3.74176523877961,2.0476203,0.26542094,-1.6722436,238.7569,88.59084,0.13193032,WAL
1992967270000,205.449882,-5.98476233781614,-14.7130339478121,-3.95968837920514,1.5720617,0.42455134,-1.647809,238.75832,88.48705,0.13737912,WAL
1992972418000,205.45503,-4.89168053133632,-13.9160057241782,-3.85953496444272,1.2797627,0.4978552,-1.5741998,238.82718,88.355545,0.18955685,WAL
1992977308000,205.45992,-3.82134513724956,-13.1189471382999,-3.69101420739156,1.1774428,0.61208695,-1.4923438,238.95486,88.30272,0.23335063,WAL
1992982343000,205.464955,-2.89464876355521,-12.3881878121483,-3.43993314552688,1.2244794,0.75502944,-1.4205672,239.06558,88.31718,0.37581503,WAL
1992987268000,205.46988,-2.04341321630118,-11.7017079945663,-3.1699176550359,1.3610078,0.82863873,-1.395827,239.1891,88.32149,0.50615776,WAL
1992992314000,205.474926,-1.28799653988451,-11.1909920055682,-2.64461685966179,1.5192219,0.9718866,-1.3988814,239.35822,88.23407,0.7621641,WAL
1992997246000,205.479858,-0.601274939513302,-10.777010666323,-2.02120987286038,1.5900823,1.0690142,-1.4141531,239.53564,88.1072,1.0087856,WAL
1993002340000,205.484952,-0.0426510924292796,-10.7995248432974,-1.77295205956061,1.7052304,1.2119566,-1.4294246,239.76721,87.81996,1.3707978,WAL
1993007347000,205.489959,0.456110910912803,-10.9719935306698,-1.66108019178575,1.7721201,1.4309518,-1.5018122,240.05014,87.49593,1.744133,WAL
1993012342000,205.494954,0.727340862051741,-11.1066890885572,-1.30297074642786,1.8442022,1.5286902,-1.5796975,240.36604,87.00163,2.213036,WAL
1993017328000,205.49994,0.903136734087562,-11.2254699960199,-0.842100527800995,1.9107865,1.5635096,-1.5937474,240.72977,86.49467,2.6727443,WAL
1993022391000,205.505003,0.897797349578408,-11.2588017470447,-0.677971579945601,1.9486601,1.5992452,-1.5800029,241.09552,85.90524,3.2267566,WAL
1993027411000,205.510023,0.812298368032221,-11.2537728193326,-0.647795440391254,1.9233092,1.6713274,-1.5204436,241.48698,85.32771,3.756701,WAL
1993032347000,205.514959,0.673267683755197,-10.9563302144813,-0.759453073182233,1.8643607,1.8106046,-1.432479,241.96327,84.70771,4.2707033,WAL
1993037328000,205.51994,0.518469346728527,-10.5790092357773,-0.909413980803164,1.8457294,1.9526308,-1.3298537,242.4653,84.11315,4.748297,WAL
1993042326000,205.524938,0.233246929617892,-9.74374214731981,-1.42090363274629,1.8390098,2.0735822,-1.2159272,242.94403,83.53937,5.1940107,WAL
1993047307000,205.529919,-0.0820601573886274,-8.8021405642883,-2.01696360760594,1.8173242,2.175902,-1.0977248,243.45993,83.00516,5.595172,WAL
1993052299000,205.534911,-0.369990034217545,-8.1534132875512,-2.3438265108677,1.8093829,2.2336287,-0.9642508,243.95465,82.518776,5.94634,WAL
1993057286000,205.539898,-0.638378722525955,-7.70761472235451,-2.48484423144109,1.7986927,2.2626448,-0.8579602,244.47021,82.0644,6.2608724,WAL
1993062299000,205.544911,-0.895232172100148,-7.23548484354532,-2.59186463777731,1.7889189,2.2186625,-0.7806858,244.87447,81.70516,6.5527587,WAL
1993067313000,205.549925,-1.1387214087154,-6.73836099207691,-2.66288239137967,1.7687603,2.1627684,-0.7153232,245.28156,81.37596,6.811061,WAL
1993072320000,205.554932,-1.35150902,-6.28893506180392,-2.68258751505882,1.7708983,2.103209,-0.643852,245.66235,81.09998,7.018304,WAL
1993077310000,205.559922,-1.54359907,-5.87195911631373,-2.66853215270588,1.7489072,2.0631974,-0.57696223,246.03009,80.849686,7.2046566,WAL
1993082308000,205.56492,-1.69656731371799,-5.49099774964184,-2.62019214731626,1.7284433,2.0015,-0.5348125,246.29868,80.59685,7.408114,WAL
1993087304000,205.569916,-1.81863472731822,-5.13888015007359,-2.54507370123638,1.6939293,1.9746219,-0.49510628,246.56413,80.36916,7.5885053,WAL
1993092314000,205.574926,-1.91537791072629,-4.84261664646022,-2.42736586735255,1.6667458,1.9199494,-0.47708577,246.78894,80.14911,7.7515664,WAL
1993097342000,205.579954,-1.98895260348375,-4.59736763645717,-2.27040658084955,1.6102408,1.88849,-0.43554693,247.01094,79.95862,7.892892,WAL
1993102324000,205.584936,-2.08985288011061,-4.27078477098558,-2.09362656492198,1.5647314,1.8741345,-0.3979787,247.24522,79.77667,8.007467,WAL
1993107324000,205.589936,-2.21280216906972,-3.8782927208177,-1.89974492360261,1.5201381,1.8380935,-0.37812558,247.46295,79.61344,8.114088,WAL
1993112345000,205.594957,-2.3200222472632,-3.55323790123253,-1.61125594449728,1.4471397,1.8310685,-0.35460728,247.66165,79.436,8.223941,WAL
1993117354000,205.599966,-2.41313218765528,-3.28787470236801,-1.24347182092391,1.346347,1.8420641,-0.33169982,247.85489,79.27932,8.32596,WAL
1993122354000,205.604966,-2.47513358066165,-3.03035230421053,-0.916821598015038,1.2137892,1.8240436,-0.35033122,248.05222,79.10771,8.431855,WAL
1993127352000,205.609964,-2.50392446571429,-2.7808311,-0.633711002857143,1.0467176,1.7760907,-0.37904188,248.24403,78.96618,8.532395,WAL
1993132327000,205.614939,-2.55010467906502,-2.59893911220721,-0.378501208532413,0.8949176,1.7220291,-0.39187005,248.47876,78.79903,8.619082,WAL
1993137339000,205.619951,-2.61541577876373,-2.48697729659831,-0.149912536899407,0.732122,1.6823229,-0.39645153,248.70477,78.66167,8.710585,WAL
1993142350000,205.624962,-2.6815471173356,-2.39005020869783,0.0733266476691022,0.5839872,1.6423112,-0.40225476,248.9794,78.52035,8.7741375,WAL
1993147335000,205.629947,-2.7484438115604,-2.31359674407967,0.288351882939846,0.4089743,1.5922203,-0.41172317,249.23944,78.412895,8.840552,WAL
1993152286000,205.634898,-2.7908599054509,-2.2737123054509,0.463922396911824,0.23365596,1.5305228,-0.41599923,249.52629,78.3113,8.881688,WAL
1993157299000,205.639911,-2.80048084701403,-2.28333324701403,0.588994747739479,0.05009095,1.4743233,-0.42455134,249.79965,78.24069,8.927586,WAL
1993162365000,205.644977,-2.80392511381226,-2.30964862700933,0.72109613201032,-0.119729586,1.4068227,-0.4251622,250.09749,78.18525,8.94825,WAL
1993167333000,205.649945,-2.7992041828339,-2.3568580846795,0.858003204326255,-0.2724459,1.3353515,-0.4083634,250.37573,78.16192,8.96837,WAL
1993172259000,205.654871,-2.76804550177462,-2.4394968829932,0.995291095844425,-0.41080686,1.2654073,-0.3857614,250.66403,78.1612,8.970506,WAL
1993177317000,205.659929,-2.69641069787045,-2.57799088707483,1.13856082832002,-0.5390886,1.183246,-0.3640757,250.92496,78.18895,8.971392,WAL
1993182246000,205.664858,-2.60229651380491,-2.71114867147747,1.26453187775242,-0.6545421,1.1377366,-0.3359759,251.18379,78.22862,8.941359,WAL
1993187310000,205.669922,-2.46397098020536,-2.84486340370793,1.37058151289218,-0.74372846,1.0393872,-0.29749137,251.39923,78.29258,8.907597,WAL
1993192246000,205.674858,-2.33220844198473,-2.9554318221374,1.45761197824427,-0.79198676,0.92057395,-0.28771752,251.63696,78.36391,8.856531,WAL
1993197311000,205.679923,-2.20553409435516,-3.01389685869827,1.50146070479108,-0.86101454,0.79504114,-0.25228736,251.83829,78.467735,8.7917,WAL
1993202279000,205.684891,-2.08354211315867,-3.07080879163164,1.53755817304722,-0.9254609,0.65301496,-0.23243423,252.02385,78.55977,8.73321,WAL
1993207315000,205.689927,-1.96566933666048,-3.12738770268843,1.55641784288787,-0.9804387,0.52839845,-0.20463985,252.17336,78.67049,8.666702,WAL
1993212280000,205.694892,-1.86276579750803,-3.19080592129855,1.56949720069113,-1.0458013,0.3933972,-0.172264,252.29074,78.78714,8.605107,WAL
1993217327000,205.699939,-1.80160119812129,-3.28020041136961,1.56479223528667,-1.1294898,0.2864958,-0.14110987,252.37642,78.92104,8.539588,WAL
1993222370000,205.704982,-1.7614934773988,-3.37690853991754,1.57353252462519,-1.221425,0.17195857,-0.106901415,252.42258,79.06045,8.483125,WAL
1993227411000,205.710023,-1.80673026451462,-3.50357145881747,1.63686400769303,-1.3240504,0.058948494,-0.07696902,252.43475,79.22017,8.42268,WAL
1993232417000,205.715029,-1.85469614993025,-3.63454802381427,1.70040517555799,-1.4217888,-0.049480084,-0.040317107,252.4112,79.39855,8.361034,WAL
1993237351000,205.719963,-1.93944458107812,-3.82758610332802,1.77102887637505,-1.5354098,-0.14782938,-0.010995574,252.35461,79.59899,8.296098,WAL
1993242460000,205.725072,-2.02894820898832,-4.03024105790932,1.85093073953673,-1.6594155,-0.23884831,0.025045475,252.26596,79.824356,8.2076235,WAL
1993247356000,205.729968,-2.13570184921798,-4.25767266511582,2.00874047067907,-1.7696766,-0.31764993,0.074830994,252.14825,80.071815,8.109194,WAL
1993252572000,205.735184,-2.25253836634569,-4.53435199691664,2.18965809076938,-1.8707749,-0.35796702,0.1591304,252.01602,80.35995,7.9706182,WAL
1993257356000,205.739968,-2.39514060706157,-5.1805187011672,2.5016006697403,-1.9449949,-0.35216382,0.2678644,251.8689,80.67341,7.81171,WAL
1993262685000,205.745297,-2.55425078090999,-5.93026003620178,2.85765870722057,-1.9532416,-0.26389378,0.41355577,251.74588,81.01964,7.590956,WAL
1993267376000,205.749988,-2.6996777706771,-7.20274573266792,3.34645466436471,-1.8939877,-0.14477506,0.6087272,251.62515,81.40017,7.3256783,WAL
1993272348000,205.75496,-2.85381611924287,-8.55145579082816,3.86453044754968,-1.7635679,0.046120327,0.7742717,251.5862,81.80575,6.972951,WAL
1993277377000,205.759989,-2.56768372803655,-10.8595883301222,5.10047464725395,-1.5531249,0.25686884,0.91538155,251.57657,82.225784,6.5745707,WAL
1993282243000,205.764855,-2.1511510834641,-13.3911807681001,6.52131359189592,-1.1139128,0.33108896,0.9804387,251.57312,82.603775,6.1566133,WAL
1993287300000,205.769912,-0.884005480986126,-15.1083137748278,8.72444899760455,-0.7800749,0.38637227,0.9233228,251.67009,82.93854,5.682319,WAL
1993292298000,205.77491,0.687762705579399,-16.4555439055794,11.1800383819743,0.061391957,0.1600467,0.5381723,251.70157,83.01941,5.301755,WAL
1993297313000,205.779925,2.37339014164823,-17.2794226429757,11.9010629333518,0.79381937,-0.0729984,-0.105374254,251.90627,82.691864,5.109748,WAL
1993302293000,205.784905,4.08799872461283,-17.8993192524889,11.9626128503872,1.1472049,-0.038789943,-0.65026605,252.11255,82.1895,5.0088744,WAL
1993307293000,205.789905,5.58764180994993,-18.3774983495259,11.127917838287,1.2757921,0.29168814,-0.90010995,252.59915,80.92829,5.356763,WAL
1993312319000,205.794931,6.91569712240332,-18.7415602227549,9.56399176222435,1.289842,0.7706065,-0.91446525,253.12315,79.64299,5.747678,WAL
1993317349000,205.799961,6.84167072307692,-18.1408299692308,8.26463696846154,1.2067643,1.1334605,-0.9104946,253.6895,78.23752,6.5082135,WAL
1993322320000,205.804932,6.1275760575,-17.1063084675,7.101944588875,1.0968086,1.3432927,-0.91324353,254.3368,76.94098,7.188518,WAL
1993327275000,205.809887,5.19151817874909,-15.4271798408783,6.18740574067021,0.9407325,1.4398094,-0.9049969,254.8949,75.84003,8.027206,WAL
1993332274000,205.814886,4.09542284077427,-13.294775727443,5.43010349013425,0.7703011,1.4569136,-0.8918633,255.4831,74.83923,8.779462,WAL
1993337284000,205.819896,3.027220396364,-11.0339237866084,5.0593608319094,0.5705481,1.3778065,-0.86620694,256.00635,74.084145,9.382774,WAL
1993342319000,205.824931,1.96856272693225,-8.70104462159746,4.87732917539241,0.36102137,1.2486086,-0.8142834,256.51114,73.40953,9.936732,WAL
1993347318000,205.82993,0.957725431445628,-6.65573676213312,4.83301751964979,0.124311075,1.0726794,-0.74128497,256.9668,72.90384,10.34834,WAL
1993352342000,205.834954,-0.0379651683195702,-4.73616003416575,4.85695237349517,-0.110872045,0.90102625,-0.6188065,257.3778,72.47444,10.723544,WAL
1993357299000,205.839911,-1.21326388783488,-3.54505615172704,4.36466812614434,-0.32162055,0.7816021,-0.45142943,257.77194,72.141556,10.952797,WAL
1993362332000,205.844944,-2.5081641627408,-2.7058525162314,3.59314211048395,-0.5018258,0.7501425,-0.24098633,258.13196,71.88562,11.136927,WAL
1993367329000,205.849941,-3.32949526189876,-2.69666253088637,3.13284691681369,-0.6942484,0.81031275,-0.021685716,258.50073,71.70694,11.183772,WAL
1993377307000,205.859919,-4.0000029577839,-4.5520271671423,3.04158998222791,-1.1120802,0.7657196,0.3313944,259.0612,71.74932,10.97033,WAL
1993382347000,205.864959,-4.19949322033064,-5.91045977568392,3.30282694030703,-1.2831224,0.6414085,0.4392121,259.27014,71.952965,10.718942,WAL
1993387335000,205.869947,-4.53931864407283,-7.6872875240946,3.56776989443895,-1.3677273,0.22327125,0.4700608,259.3128,72.30473,10.374735,WAL
1993392340000,205.874952,-4.98040989827825,-9.77417120482881,3.83811616299228,-1.3500122,-0.33475417,0.5015204,259.2685,72.684586,10.021406,WAL
1993397339000,205.879951,-5.39960045733518,-11.918064193625,3.60095708462681,-1.2571607,-0.9334021,0.49632803,259.0733,73.121,9.624976,WAL
1993402335000,205.884947,-5.8021825092061,-14.1062172389626,2.97577039426846,-1.0409144,-1.4312572,0.5012149,258.74402,73.52374,9.250803,WAL
1993407398000,205.89001,-6.11014709495431,-15.7152316166071,2.38875694235201,-0.7877107,-1.6765196,0.52473325,258.2666,73.99633,8.784592,WAL
1993412347000,205.894959,-6.33140200059595,-16.8026760551251,1.85209619106079,-0.5390886,-1.57084,0.63438356,257.74423,74.42009,8.310451,WAL
1993417407000,205.900019,-6.21588390550396,-17.6112469649037,1.99024182344315,-0.27183503,-1.221425,0.7538077,257.08786,74.98287,7.743447,WAL
1993422401000,205.905013,-5.81378346874572,-18.1536146984065,2.70560647220647,0.14813483,-0.7819075,0.7867944,256.49603,75.424446,7.177129,WAL
1993427412000,205.910024,-4.83543474881607,-18.1836959935058,2.9567205936657,0.7495316,-0.5305365,0.7724391,255.8805,75.862564,6.5678,WAL
1993432351000,205.914963,-3.30429772246978,-17.706397330003,2.74406281726446,1.3500122,-0.47433686,0.623388,255.35632,76.14108,6.000437,WAL
1993437334000,205.919946,-1.93420721571415,-16.0742112926687,1.83099398508422,1.59558,-0.6392705,0.2489276,254.93497,76.187584,5.5767183,WAL
1993442346000,205.924958,-0.742528384266381,-13.2048356809464,0.16731672670626,1.4584408,-0.6988298,-0.09896017,254.57813,76.14181,5.202767,WAL
1993447336000,205.929948,-0.0054069127470553,-10.5162568640946,-1.04895098323019,0.97494096,-0.45570546,-0.27580565,254.30437,76.02084,5.098164,WAL
1993452337000,205.934949,0.138015756867638,-8.04460596476343,-1.68479144192454,0.30909783,-0.18784106,-0.36713,254.04214,75.961624,5.073071,WAL
1993457333000,205.939945,0.140770816965393,-6.02991329495899,-1.98828603612723,-0.33567044,-0.19975294,-0.39736784,253.68367,76.05828,5.3642955,WAL
1993462347000,205.944959,-0.0465372682956591,-4.62270119623925,-1.84420289361872,-0.84391034,-0.42149702,-0.33567044,253.33786,76.28818,5.6399555,WAL
1993467275000,205.949887,-0.351719305095573,-3.5597675196593,-1.64814783642666,-1.169807,-0.7293731,-0.25137106,252.95221,76.609665,5.9781485,WAL
1993472424000,205.955036,-0.84497560062989,-2.91023190417946,-1.36489179499851,-1.4230106,-1.0586295,-0.15607607,252.48547,77.03264,6.294983,WAL
1993477294000,205.959906,-1.27076214780919,-2.4824965573788,-1.43672948814728,-1.6371188,-1.4291192,-0.090713486,251.96681,77.47506,6.535427,WAL
1993482346000,205.964958,-1.6515009030409,-2.31797986825027,-2.01958888319246,-1.8194622,-1.5870279,-0.03145956,251.4043,77.96606,6.7449026,WAL
1993487266000,205.969878,-1.98413714677577,-2.27975964001372,-2.61245517593101,-1.9443841,-1.8350391,0.002443461,250.69516,78.42785,6.9717345,WAL
1993492317000,205.974929,-2.24960734143473,-2.48360278365347,-3.27138990505684,-1.9782871,-1.981036,0.07788532,249.95895,78.906166,7.1527157,WAL
1993497242000,205.979854,-2.48137555435198,-2.75215474826303,-3.83631812320099,-2.038152,-2.0717494,0.18387043,249.15541,79.59998,7.1060915,WAL
1993502332000,205.984944,-2.65350756933575,-3.20341987605459,-4.22710445198511,-2.0891593,-2.1456642,0.28985557,248.30743,80.29456,7.026671,WAL
1993507333000,205.989945,-2.78983955520157,-3.6396723753589,-4.59359199744346,-2.087021,-2.1713204,0.4025602,247.36484,81.12888,6.823534,WAL
1993512347000,205.994959,-2.80400412985251,-4.05044681510324,-4.89577078967552,-2.0421226,-2.1713204,0.52381694,246.40549,81.956955,6.5692215,WAL
1993517362000,205.999974,-2.79567127135535,-4.44677239901429,-5.1548640159586,-1.997224,-2.105958,0.63224554,245.39392,82.840324,6.225542,WAL
1993522440000,206.005052,-2.6854187064071,-4.78232408624938,-5.22197455362247,-1.9272798,-1.9856175,0.7440339,244.4031,83.67547,5.826245,WAL
1993527316000,206.009928,-2.58768525933148,-5.11465506239554,-5.24923735738162,-1.8646661,-1.8219056,0.86559606,243.41278,84.46809,5.365026,WAL
1993532332000,206.014944,-2.53497276016713,-5.51608058440111,-5.0586615356546,-1.7913623,-1.6410894,0.98990715,242.47504,85.13663,4.855529,WAL
1993537282000,206.019894,-2.48295384651811,-5.91222419164345,-4.87059329052925,-1.7217237,-1.4899004,1.1087204,241.58362,94.39412,4.3255267,WAL
1993542348000,206.02496,-2.46347848323048,-6.6613749755118,-4.6726205946028,-1.6575829,-1.3387111,1.2260065,240.7609,94.15491,3.7528222,WAL
1993547279000,206.029891,-2.45422719499461,-7.48936599712998,-4.47834334844745,-1.6358972,-1.149343,1.350623,240.01053,94.1844,3.1405516,WAL
1993552314000,206.034926,-2.26101470718374,-8.34284485478587,-4.49727745216104,-1.6001616,-0.9074403,1.5103643,239.32245,94.44777,2.5360696,WAL
1993557282000,206.039894,-2.0027981764555,-9.18791744022104,-4.59586916228538,-1.5265522,-0.66798115,1.675298,238.7039,94.889694,1.8998134,WAL
1993562343000,206.044955,-1.82307082803264,-10.1897589689521,-4.119656463877,-1.4101825,-0.6065892,1.781283,238.0368,95.415245,1.3367448,WAL
1993567369000,206.049981,-1.67937579252662,-11.2435219624838,-3.40597146596676,-1.349096,-0.68539083,1.8038851,237.40862,96.01132,0.75872463,WAL
1993572408000,206.05502,-1.37149479823352,-12.0320061545181,-2.80277153184509,-1.3445144,-0.8237518,1.7962493,236.79149,96.63604,0.23022406,WAL
1993577400000,206.060012,-1.00028317598758,-12.7048272652625,-2.25059416804814,-1.3701707,-0.95539325,1.7895297,236.16483,97.27821,-0.29982105,WAL
1993582341000,206.064953,-0.654615327499255,-13.176522049995,-2.04068602625982,-1.400714,-0.9999864,1.7632625,235.59506,97.79433,-0.75283146,WAL
1993587345000,206.069957,-0.316429643861445,-13.548050025743,-2.01210697415764,-1.4193454,-1.0002918,1.745242,235.00833,98.3221,-1.203631,WAL
1993592316000,206.074928,-0.0909474510089686,-13.7767011899715,-2.11128575527925,-1.4373659,-0.8744536,1.6606371,234.52254,98.73492,-1.5363961,WAL
1993597344000,206.079956,0.070999355896861,-13.9239254573991,-2.28795508116592,-1.4315627,-0.68539083,1.5030339,234.05644,99.141304,-1.8385295,WAL
1993602370000,206.084982,0.149744046624559,-13.7863752073051,-2.19800008686839,-1.4013249,-0.5006041,1.3060299,233.66891,99.50695,-2.046613,WAL
1993607370000,206.089982,0.1872560178349,-13.5097246981003,-1.9776171550235,-1.3842206,-0.34513888,1.0790935,233.32195,99.85769,-2.197045,WAL
1993612344000,206.094956,0.264361472975963,-13.1364647328774,-1.77874612617922,-1.3878858,-0.22052236,0.83077675,233.01764,100.198166,-2.2577758,WAL
1993617386000,206.099998,0.366343917256361,-12.6993969116967,-1.58935013794629,-1.3790283,-0.13775012,0.5861252,232.73712,100.51026,-2.2576165,WAL
1993622405000,206.105017,0.544269796375199,-12.1997710649841,-1.49800896038355,-1.3677273,-0.06536258,0.41355577,232.50526,100.79035,-2.1963313,WAL
1993627440000,206.110052,0.764667675866455,-11.6631503306836,-1.45967897225755,-1.3335189,-0.11362094,0.24678956,232.25278,101.044785,-2.0809398,WAL
1993632331000,206.114943,0.709088111885794,-11.1492343966257,-1.07776032668364,-1.3304645,-0.37140608,0.09896017,231.97644,101.28158,-1.9271733,WAL
1993637355000,206.119967,0.492943103232505,-10.6256831409604,-0.482160723097734,-1.4217888,-0.816116,-0.056199603,231.62788,101.52735,-1.7502998,WAL
1993642313000,206.124925,0.111629137121136,-10.0583402775833,-0.13791577829849,-1.5564847,-1.3002267,-0.19394971,231.21883,101.78771,-1.5375817,WAL
1993647343000,206.129955,-0.379865954246274,-9.45119910123037,0.0596459724367311,-1.6914859,-1.7660115,-0.30298916,230.68997,102.07215,-1.3289801,WAL
1993652338000,206.13495,-0.82339320897943,-8.85547398931962,-0.165389329153481,-1.790446,-2.0977113,-0.3539964,230.08604,102.33217,-1.164091,WAL
1993657407000,206.140019,-1.24585611088805,-8.2553844947587,-0.65506229856606,-1.8451185,-2.2464569,-0.3555236,229.41083,102.61782,-1.0128417,WAL
1993662348000,206.14496,-1.60202590666984,-7.63415770805145,-1.51300773412101,-1.8316795,-2.2434027,-0.30879238,228.72797,102.94248,-0.99050874,WAL
1993667283000,206.149895,-1.92175630424011,-6.99019404868985,-2.61630243154836,-1.7595973,-2.1432207,-0.22510384,228.04008,103.26261,-0.9894823,WAL
1993672344000,206.154956,-2.08543298001159,-6.73676501042874,-3.26764976283314,-1.6615535,-2.0222695,-0.10293079,227.30971,103.67377,-1.1061786,WAL
1993677355000,206.159967,-2.08079891792198,-6.8989537964465,-3.42520463192352,-1.557401,-1.8695531,0.01282817,226.627,104.05926,-1.2427942,WAL
1993682326000,206.164938,-1.95717583372969,-7.16045668331352,-3.52073755410226,-1.4605788,-1.7977765,0.076358154,225.82552,104.60438,-1.4774445,WAL
1993687346000,206.169958,-1.67135199623464,-7.56061017518827,-3.53502873602854,-1.4117095,-1.6636915,0.18448131,225.10266,105.13287,-1.749941,WAL
1993692298000,206.17491,-1.34029049001923,-7.95684546350845,-3.50843239817795,-1.3393221,-1.5399913,0.2910773,224.42096,105.65056,-2.0432312,WAL
1993697330000,206.179942,-0.930532320730843,-8.36172561332119,-3.42062713076222,-1.2819008,-1.3900238,0.38789943,223.7977,106.157234,-2.3561351,WAL
1993702289000,206.184901,-0.526987195100691,-8.73449598943732,-3.24494827413623,-1.2443326,-1.1618657,0.47616947,223.27539,106.617165,-2.6275008,WAL
1993707348000,206.18996,-0.115672321654492,-9.07885208134255,-2.94363613188549,-1.2366967,-0.97127575,0.54641896,222.79597,107.06713,-2.9124668,WAL
1993712239000,206.194851,0.263838176964199,-9.31430764754658,-2.56864032863135,-1.2669345,-0.82772243,0.5897904,222.44057,107.4719,-3.1197662,WAL
1993717392000,206.200004,0.634523467065652,-9.40577578528924,-2.03908997883133,-1.3029755,-0.711658,0.60994893,222.13666,107.871025,-3.3261817,WAL
1993722327000,206.204939,0.929909427743069,-9.4486174057009,-1.58157166906482,-1.3454307,-0.66645396,0.59864795,221.92018,108.198395,-3.4378037,WAL
1993727379000,206.209991,1.12355090111285,-9.41083392971495,-1.20373466529676,-1.3860532,-0.7058548,0.5723807,221.71368,108.52797,-3.549176,WAL
1993732255000,206.214867,1.25862029678326,-9.35144910115299,-0.918340682138359,-1.4269812,-0.8032878,0.52595496,221.55846,108.76185,-3.5739439,WAL
1993737351000,206.219963,1.27280589980622,-9.23323483741886,-0.814312490490263,-1.4395039,-0.9334021,0.4746423,221.38188,108.99192,-3.5993063,WAL
1993742275000,206.224887,1.26422853686874,-9.11445140167999,-0.769934148760247,-1.400714,-1.0720685,0.41996986,221.23074,109.164215,-3.5829878,WAL
1993747332000,206.229944,1.18090620925008,-8.97721483149479,-0.912072339408967,-1.3579534,-1.1530081,0.37110063,221.05779,109.33248,-3.5644197,WAL
1993752293000,206.234905,1.06455460970381,-8.8590560577339,-1.0337854422661,-1.2825116,-1.1569787,0.33261612,220.87825,109.47257,-3.5383902,WAL
1993757414000,206.240026,0.843204765726375,-8.78527272825576,-1.10756877174424,-1.2186762,-1.1304061,0.30451632,220.6847,109.59934,-3.510122,WAL
1993762305000,206.244917,0.615545913678437,-8.71682248517159,-1.16072197186074,-1.1612549,-1.0888673,0.29565877,220.47935,109.736084,-3.495598,WAL
1993767396000,206.250008,0.272197141453283,-8.65879180113073,-1.10269118682801,-1.1184943,-1.0305296,0.2919936,220.28703,109.85562,-3.47406,WAL
1993772395000,206.255007,-0.0638099629693608,-8.60496935864589,-1.03455572363973,-1.0934488,-0.96944314,0.2996294,220.0943,110.00334,-3.4871929,WAL
1993777381000,206.259993,-0.391728307536714,-8.57133668590421,-0.895820997966191,-1.1111639,-0.9242391,0.3277292,219.91742,110.1493,-3.5031404,WAL
1993782287000,206.264899,-0.714385226599577,-8.53824364690086,-0.759312260670893,-1.1151345,-0.8222246,0.34513888,219.75009,110.30094,-3.57251,WAL
1993787361000,206.269973,-1.04841320691511,-8.47157229334396,-0.631052011055201,-1.1285735,-0.7492262,0.3921755,219.59425,110.46004,-3.6556742,WAL
1993792283000,206.274895,-1.37249218415703,-8.40112040573934,-0.508935332308689,-1.1496484,-0.6609562,0.46517387,219.47545,110.62133,-3.738743,WAL
1993797341000,206.279953,-1.68402237918985,-8.2943615784285,-0.397451042332845,-1.1585059,-0.5815437,0.5305365,219.361,110.79478,-3.8917072,WAL
1993802257000,206.284869,-1.98272146623719,-8.18407235402636,-0.29175749818448,-1.1780536,-0.54428095,0.6062838,219.26729,110.978134,-4.0602293,WAL
1993807378000,206.28999,-2.19521428917654,-8.06736906183411,-0.26431433722095,-1.1786644,-0.5323691,0.6817256,219.17229,111.174866,-4.2948384,WAL
1993812247000,206.294859,-2.37164768927611,-7.95593766016131,-0.259671343566663,-1.1743884,-0.5497787,0.7602218,219.08682,111.377335,-4.546292,WAL
1993817368000,206.29998,-2.47012262116461,-7.98636336935424,-0.308245194104143,-1.1676689,-0.57451874,0.82802784,218.9813,111.595566,-4.8705707,WAL
1993822366000,206.304978,-2.54158926382979,-8.05783019858156,-0.370778639361702,-1.1368202,-0.61178154,0.88697636,218.87387,111.80897,-5.2119017,WAL
1993827382000,206.309994,-2.55059987485189,-8.24266691910112,-0.507735094847804,-1.135293,-0.63316184,0.91599244,218.75558,112.058914,-5.593611,WAL
1993832343000,206.314955,-2.5263351120429,-8.48531556067416,-0.682441863409602,-1.1282681,-0.64904433,0.93431836,218.63275,112.30172,-5.985965,WAL
1993837296000,206.319908,-2.45121144784329,-8.75770400237436,-0.837040173605065,-1.1264355,-0.65301496,0.95081174,218.50107,112.558014,-6.3945966,WAL
1993842333000,206.324945,-2.35099318696082,-9.04881350059359,-0.984981368401266,-1.1090258,-0.655153,0.9569204,218.36548,112.80828,-6.8006015,WAL
1993847311000,206.329923,-2.21344187819399,-9.41410308870243,-0.968020855958446,-1.0754282,-0.6747007,0.93951076,218.23146,113.06283,-7.1884665,WAL
1993852284000,206.334896,-2.05645061173709,-9.81847490140845,-0.868117304694836,-1.033584,-0.7128797,0.9236283,218.09203,113.30954,-7.573798,WAL
1993857312000,206.339924,-1.88481324524529,-10.2701597249586,-0.670361539740564,-0.9669997,-0.77182823,0.8906415,217.96011,113.53181,-7.920218,WAL
1993862316000,206.344928,-1.70720189492831,-10.7422317066225,-0.422640474389935,-0.9108001,-0.8527679,0.8481864,217.80904,113.74108,-8.259616,WAL
1993867317000,206.349929,-1.53147097212808,-11.0792075716256,-0.19362511311133,-0.8356637,-0.95569867,0.79901177,217.66022,113.864655,-8.540298,WAL
1993872402000,206.355014,-1.35395091680788,-11.3334936425616,0.0270754696669951,-0.74036866,-1.0537425,0.75228053,217.4865,113.96333,-8.8128195,WAL
1993877364000,206.359976,-1.13645279159574,-11.4798890381373,0.100802523020875,-0.6038403,-1.1081096,0.7110472,217.34064,113.948074,-9.016294,WAL
1993882304000,206.364916,-0.889555007553192,-11.5558571553593,0.0770623475692493,-0.45142943,-1.1786644,0.68661255,217.16107,113.90324,-9.219739,WAL
1993887293000,206.369905,-0.612852528213801,-11.577158211572,-0.135047092842605,-0.34422258,-1.1643091,0.63713247,217.0223,113.77281,-9.349821,WAL
1993892317000,206.374929,-0.314414049283776,-11.5585059177166,-0.484779696370421,-0.14263703,-1.0629056,0.593761,216.88686,113.58214,-9.470013,WAL
1993897308000,206.37992,0.00298510471073546,-11.4494187373981,-0.949347862269846,0.052534413,-0.86467975,0.5384777,216.8142,113.34399,-9.507403,WAL
1993902341000,206.384953,0.342456356698863,-11.2554347944461,-1.52644899115605,0.23273966,-0.59131753,0.45356745,216.7834,113.05722,-9.506092,WAL
1993907433000,206.390045,0.685609086486085,-10.9762987162524,-2.03132734175498,0.33414328,-0.30848694,0.36254853,216.83754,112.765236,-9.404162,WAL
1993912345000,206.394957,1.0163935625879,-10.6408558670892,-2.45529049247301,0.33292156,-0.057726767,0.26908615,216.94981,112.45223,-9.257974,WAL
1993917343000,206.399955,1.15108393705848,-10.4452795213893,-2.73317387698195,0.21471913,0.094989546,0.15607607,217.15108,112.21234,-9.001894,WAL
1993922478000,206.40509,1.09800838157378,-10.3825541259812,-2.87310030937991,0.025045475,0.124005646,0.064446285,217.37788,111.9912,-8.723756,WAL
1993927372000,206.409984,0.63182801973713,-10.5271350142388,-2.81231903745893,-0.18753563,0.07544186,-0.035430185,217.6471,111.8595,-8.363397,WAL
1993932332000,206.414944,-0.265643624804673,-10.882654649142,-2.55218238466594,-0.36987892,-0.004581489,-0.10567969,217.90234,111.768715,-8.001929,WAL
1993937337000,206.419949,-1.0393484332234,-11.1304651085106,-2.2153090906383,-0.50243664,-0.06566802,-0.14844026,218.12752,111.742676,-7.659516,WAL
1993942345000,206.424957,-1.48834170678936,-11.1049541434043,-1.69488497625532,-0.59040123,-0.07849618,-0.16646078,218.33241,111.752106,-7.3222218,WAL
1993947316000,206.429928,-1.81057253113838,-11.1131488370747,-1.24166077579567,-0.589485,-0.10720685,-0.1777618,218.40329,111.77072,-7.171348,WAL
1993952329000,206.434941,-1.95426762787589,-11.1706270358176,-0.877633200728325,-0.54336464,-0.15943582,-0.17440203,218.4622,111.80025,-7.0283284,WAL
1993957279000,206.439891,-1.98330884301463,-11.3575515169373,-0.57031816095009,-0.4343252,-0.18295415,-0.16462818,218.48622,111.7752,-6.9633393,WAL
1993962344000,206.444956,-1.83746841677691,-11.7513204951894,-0.336973458665063,-0.30085114,-0.21319197,-0.14844026,218.49585,111.731834,-6.9085073,WAL
1993967257000,206.449869,-1.63190403922636,-12.2237163270483,-0.173692128997959,-0.17440203,-0.23701571,-0.12308934,218.50157,111.61987,-6.8842716,WAL
1993972410000,206.455022,-1.31534727106619,-12.8616265756633,-0.101747404408592,-0.059253927,-0.23457226,-0.12675454,218.50668,111.47541,-6.857155,WAL
1993977314000,206.459926,-1.00598028106114,-13.4702267412229,-0.010022591530572,0.07849618,-0.21013765,-0.12614368,218.54811,111.23239,-6.7966747,WAL
1993982347000,206.464959,-0.673238192943787,-14.0976830088757,0.127827699778107,0.15210545,-0.14172074,-0.15424347,218.60126,110.97748,-6.723644,WAL
1993987258000,206.46987,-0.344605096201611,-14.6759736229122,0.178353672122224,0.28955013,-0.10354166,-0.20647246,218.70775,110.60587,-6.56999,WAL
1993992313000,206.474925,0.00261296034191391,-15.1944225283946,0.0404177361377481,0.4382958,-0.08002335,-0.2706133,218.82722,110.216805,-6.4038296,WAL
1993997275000,206.479887,0.341364795502066,-15.6065969133276,-0.1409714801941,0.58368176,-0.03970624,-0.33933565,219.02126,109.72446,-6.147187,WAL
1994002338000,206.48495,0.681479923150764,-15.7696656981839,-0.448472841141539,0.73792523,0.035124753,-0.40103304,219.22813,109.19948,-5.877457,WAL
1994007333000,206.489945,0.979074867519065,-15.8615326664972,-0.702517941378749,0.89552844,0.15332718,-0.47219884,219.50531,108.619125,-5.519031,WAL
1994012344000,206.494956,1.13033780006101,-15.6858725327911,-0.765950761211998,1.0497719,0.28130344,-0.54061574,219.80186,108.013145,-5.1500287,WAL
1994017313000,206.499925,1.22489533914212,-15.4612148958997,-0.748179436603304,1.2110404,0.3753767,-0.6258314,220.15883,107.3979,-4.707899,WAL
1994022352000,206.504964,1.13844675061704,-15.067393576035,-0.464820143011545,1.3472633,0.41141775,-0.7263188,220.52762,106.764046,-4.254035,WAL
1994027336000,206.509948,1.01818980182846,-14.6161689999008,-0.198937383227566,1.4941764,0.36682457,-0.8472701,220.90996,106.111694,-3.7668357,WAL
1994032345000,206.514957,0.780360216975706,-13.9550028537432,0.0198658193406049,1.6288722,0.26236662,-0.9654725,221.27832,105.44315,-3.2719462,WAL
1994037304000,206.519916,0.527492675944308,-13.2915874535897,0.196202988064974,1.7754798,0.1554652,-1.0613784,221.61658,104.72724,-2.7834952,WAL
1994042352000,206.524964,0.20239282195681,-12.5818624640083,0.219097351050388,1.967597,0.09865474,-1.1410962,221.93713,103.98107,-2.285772,WAL
1994047290000,206.529902,-0.135035372514912,-11.906800489417,0.261736883775255,2.2284365,0.10170906,-1.2049317,222.20865,103.189995,-1.8208009,WAL
1994052320000,206.534932,-0.672641249867231,-11.4109051103521,0.507367124452569,2.5360072,0.15882497,-1.2672399,222.48347,102.35397,-1.3460809,WAL
1994057473000,206.540085,-1.22711527993431,-10.9261980561362,0.762467064347567,2.8878655,0.19333886,-1.3469579,222.68909,101.46129,-0.920848,WAL
1994062345000,206.544957,-1.82154641424306,-10.9076221922962,1.068970611914,3.196658,0.18142697,-1.4245378,222.9066,100.51923,-0.48670462,WAL
1994067586000,206.550198,-2.45954616059219,-10.9127634894865,1.3693723341296,3.4486396,0.15760323,-1.4691309,223.07617,99.49254,-0.12200603,WAL
1994072379000,206.554991,-3.02201793116388,-11.2804494129118,1.22054713599866,3.604105,0.16462818,-1.493871,223.26439,98.43519,0.2528544,WAL
1994077656000,206.560268,-3.64128843675678,-11.6852644802842,1.05669348055595,3.66061,0.18081611,-1.4999796,223.41603,97.319786,0.5547976,WAL
1994082340000,206.564952,-4.19096875667286,-12.0445886750107,0.911252790373337,3.5775323,0.1957823,-1.4999796,223.58723,96.23813,0.8561192,WAL
1994087310000,206.569922,-4.77421196546512,-12.4258528184332,0.75693164814285,3.499036,0.2275473,-1.4886786,223.77866,95.18616,1.1510992,WAL
1994092316000,206.574928,-5.29552393494282,-12.8443357573062,0.312676040838628,3.30753,0.25717425,-1.4584408,223.99072,94.25682,1.4340795,WAL
1994097244000,206.579856,-5.79371631621542,-13.2641092613625,-0.190129239364676,3.0717359,0.23732115,-1.4208726,224.21341,93.460365,1.7044998,WAL
1994102309000,206.584921,-6.20220733665198,-13.6637382038179,-0.642875168005874,2.8680124,0.121256754,-1.3765849,224.33496,92.785614,1.7975905,WAL
1994107303000,206.589915,-6.57208497665198,-14.0476611815957,-1.06893669156143,2.6896396,-0.0571159,-1.3402383,224.44608,92.29772,1.8802975,WAL
1994112344000,206.594956,-6.84398119889269,-14.4888937514596,-1.56765409900342,2.5583036,-0.28344148,-1.3283265,224.46225,91.99823,1.8857665,WAL
1994117269000,206.599881,-7.07188108715522,-14.9399457169317,-2.0804287484397,2.4538457,-0.41691554,-1.3833044,224.46417,91.903244,1.9023865,WAL
1994122425000,206.605037,-7.24480163765498,-14.9613386590843,-3.32617477998633,2.3704627,-0.3640757,-1.4312572,224.41994,88.08467,1.8665017,WAL
1994127273000,206.609885,-7.38531492805819,-14.8298907926389,-4.73584193421849,2.3655756,0.063224554,-1.4935656,224.45403,87.938095,1.8538386,WAL
1994132329000,206.614941,-7.13548002648987,-14.4608558188319,-5.45026475539333,2.2492058,0.68783426,-1.5500705,224.5246,87.801186,1.8254446,WAL
1994137324000,206.619936,-6.70786243247914,-13.9904764505364,-5.81136391257449,2.0335703,1.2009611,-1.543351,224.69249,87.64576,1.8001482,WAL
1994142349000,206.624961,-5.99419734413258,-13.402802809794,-5.56389024120633,1.7751744,1.3918564,-1.4407257,224.82195,87.689514,1.7575637,WAL
1994147343000,206.629955,-5.15162718066089,-12.7649248115855,-5.03073841622375,1.6172657,1.4349225,-1.3304645,225.05482,87.74576,1.7176807,WAL
1994152311000,206.634923,-4.16647870849189,-12.1660493354697,-4.28448267376327,1.5180001,1.361924,-1.2009611,225.30115,87.86347,1.7020994,WAL
1994157294000,206.639906,-3.10558214033647,-11.5830343434809,-3.42907517537553,1.4914275,1.2400564,-1.065349,225.53717,88.00226,1.660689,WAL
1994162312000,206.644924,-2.18314019596942,-11.307413143155,-3.0300178320957,1.5460999,1.1899655,-0.9810496,225.80766,88.01646,1.6974256,WAL
1994167298000,206.64991,-1.33935064975678,-11.1889029569145,-2.86410406634568,1.629483,1.318858,-0.9575313,226.08751,88.04022,1.7148283,WAL
1994172398000,206.65501,-0.613953378547387,-11.2327545594922,-2.47724304803661,1.7510452,1.4071281,-1.003957,226.39835,87.8693,1.8537754,WAL
1994177439000,206.660051,0.0322063622822556,-11.361036375652,-1.98312096361579,1.8170186,1.565953,-1.0369438,226.76245,87.705284,1.9792956,WAL
1994182330000,206.664942,0.502152625459057,-11.4564751389578,-1.58129004218362,1.9483547,1.5919148,-1.0629056,227.13953,87.41181,2.220437,WAL
1994187344000,206.669956,0.892970027466005,-11.5374983929529,-1.2143030151464,2.0638082,1.679574,-1.105666,227.57672,87.101776,2.4694526,WAL
1994192315000,206.674927,1.13392135388767,-11.6384985211873,-1.03193493175595,2.0778582,1.8481728,-1.1792754,228.10175,86.67222,2.8017771,WAL
1994197341000,206.679953,1.28304427073756,-11.7539483430941,-0.964589068363982,2.0570886,2.0317378,-1.2318097,228.65544,86.23049,3.1313066,WAL
1994202327000,206.684939,1.27176822114094,-11.6692796521911,-0.996014360713581,2.043955,2.1551325,-1.2431108,229.20842,85.6862,3.5211174,WAL
1994207461000,206.690073,1.15530394798658,-11.4509093300434,-1.09306791323036,2.0708332,2.238821,-1.2257011,229.80403,85.139626,3.9056604,WAL
1994212345000,206.694957,0.968479629224155,-11.2060666519445,-1.171148767393,2.1084013,2.2855523,-1.1728612,230.40118,84.57323,4.2885804,WAL
1994217357000,206.699969,0.724592026378738,-10.929347833887,-1.24150095863787,2.0922134,2.300824,-1.1285735,231.0136,84.02065,4.65768,WAL
1994222421000,206.705033,0.460888918521301,-10.5955670509044,-1.32613829702481,2.0228803,2.2858577,-1.071763,231.59363,83.499344,4.991247,WAL
1994227448000,206.71006,0.184890966598794,-10.2196386792527,-1.42130998573688,1.9242256,2.2794437,-1.0015136,232.17892,83.00595,5.2989774,WAL
1994232328000,206.71494,-0.104977813325648,-9.82713095706052,-1.50762669466859,1.8542814,2.2736404,-0.93767816,232.72208,82.55128,5.567876,WAL
1994237360000,206.719972,-0.424396064023055,-9.39661072881844,-1.5909531826609,1.7721201,2.2201898,-0.8680395,233.24664,82.13928,5.8096914,WAL
1994242347000,206.724959,-0.793568548854729,-8.98210684363229,-1.7390897891581,1.7162259,2.1578815,-0.80573124,233.75404,81.78062,6.005892,WAL
1994247333000,206.729945,-1.23106178148834,-8.58350246187519,-1.97241961542299,1.6600263,2.130698,-0.75777835,234.25186,81.45338,6.182402,WAL
1994252341000,206.734953,-1.72566697228571,-8.06557597678818,-2.24518383055172,1.5903877,2.1383338,-0.7098254,234.72855,81.18597,6.310484,WAL
1994257354000,206.739966,-2.28379577257143,-7.41284860681773,-2.56208736717241,1.5586227,2.1007655,-0.68508536,235.17947,80.929924,6.4310384,WAL
1994262297000,206.744909,-2.60556429385291,-6.92143457200878,-2.67951901284303,1.4957036,2.0604484,-0.66614854,235.57054,80.73981,6.4779305,WAL
1994267331000,206.749943,-2.62961858544057,-6.6231612056182,-2.54000402116555,1.4291192,2.042428,-0.65148777,235.95242,80.56334,6.5183215,WAL
1994272362000,206.754974,-2.62988454516098,-6.32367462955201,-2.36599197345742,1.4068227,2.0476203,-0.6469063,236.29883,80.46477,6.484875,WAL
1994277349000,206.759961,-2.59955211474425,-6.02501718673604,-2.1489986351898,1.3970488,2.0384574,-0.64476824,236.63144,80.381645,6.4486933,WAL
1994282239000,206.764851,-2.56980966743368,-5.73216880186135,-1.93622594136011,1.3393221,2.0179935,-0.6398814,236.97406,80.29033,6.4041934,WAL
1994287360000,206.769972,-2.53866220880844,-5.42548647487909,-1.71340202211637,1.2867876,2.003638,-0.6478226,237.31183,80.19994,6.3623962,WAL
1994292247000,206.774859,-2.47732727690161,-5.14006173304755,-1.47712433848071,1.210735,1.9813415,-0.6627888,237.64189,80.12911,6.314148,WAL
1994297361000,206.779973,-2.34550134710398,-4.8568800626458,-1.17929529722859,1.1374311,1.9672915,-0.6533204,237.96513,80.07412,6.2613354,WAL
1994302271000,206.784883,-2.25562795014697,-4.61350260599647,-0.882946681356065,1.0564915,1.9150625,-0.6606508,238.30069,79.941475,6.2520423,WAL
1994307294000,206.789906,-2.24148795414462,-4.42496912910053,-0.557726546907701,0.9596693,1.881465,-0.6640105,238.63158,79.83295,6.238754,WAL
1994312286000,206.794898,-2.2125824160367,-4.21649900738007,-0.173758837030019,0.86926126,1.8274034,-0.6783658,238.97943,79.67986,6.2461114,WAL
1994317332000,206.799944,-2.14511024497856,-3.95142946199262,0.370838344623517,0.7684685,1.7687603,-0.6924158,239.31165,79.55235,6.2555304,WAL
1994322314000,206.804926,-2.10112701031238,-3.73450402777569,0.821273328302597,0.6453791,1.6453656,-0.6924158,239.67685,79.41042,6.2547617,WAL
1994327277000,206.809889,-2.11454336100866,-3.63164524570945,1.04935147692887,0.462425,1.5305228,-0.70829827,240.02502,79.30211,6.263638,WAL
1994332312000,206.814924,-2.13335442524995,-3.53684549727504,1.24133328737502,0.28038713,1.4092661,-0.7174612,240.42975,79.14157,6.265541,WAL
1994337359000,206.819971,-2.18073151758479,-3.49420611417369,1.21764474120761,0.13133603,1.3313808,-0.70616025,240.81125,79.01779,6.267147,WAL
1994342306000,206.824918,-2.22497730008678,-3.45459544992768,1.18552118868962,-0.0018325958,1.2993103,-0.68691796,241.20404,78.89506,6.26583,WAL
1994347358000,206.82997,-2.2529680398033,-3.43126983349725,1.08288837897021,-0.1020145,1.2519683,-0.65209866,241.5666,78.804436,6.259042,WAL
1994352479000,206.835091,-2.27824607247751,-3.41072177002999,0.970902176366451,-0.19211712,1.2305881,-0.6252206,241.92352,78.752075,6.237237,WAL
1994357382000,206.839994,-2.26461879655606,-3.42889147125859,0.766492895250073,-0.28130344,1.2220359,-0.6035349,242.26608,78.728096,6.2071557,WAL
1994362645000,206.845257,-2.2463904507708,-3.44718308073366,0.553211663539705,-0.35918877,1.2229522,-0.5674938,242.58514,78.74731,6.1611676,WAL
1994367340000,206.849952,-2.14924017399917,-3.43626733966158,0.50081601338506,-0.4334089,1.2357804,-0.53786683,242.90057,78.789,6.1098127,WAL
1994392254000,206.874866,-1.63371259242553,-3.37834300034959,0.222778691137384,-0.7831292,1.3814718,-0.3903429,244.28775,79.54768,5.690506,WAL
1994397339000,206.879951,-1.52849232461217,-3.36652052040252,0.166030686656794,-0.87872964,1.3646729,-0.35063666,244.51573,79.79025,5.5955987,WAL
1994402269000,206.884881,-1.42647936093079,-3.35505841103396,0.111012464023695,-0.9654725,1.3041973,-0.32559118,244.7266,80.047615,5.500436,WAL
1994407352000,206.889964,-1.42999043696687,-3.33069792266415,0.293489888441777,-1.0543534,1.2302825,-0.2864958,244.93378,80.34233,5.3863864,WAL
1994412338000,206.89495,-1.47261589042849,-3.30228083829597,0.558714805489585,-1.1414018,1.1224649,-0.23304509,245.10503,80.65911,5.266614,WAL
1994417349000,206.899961,-1.54442739509155,-3.28441767909117,0.875493303918129,-1.2315043,0.9801333,-0.18570304,245.28152,80.9546,5.183118,WAL
1994422398000,206.90501,-1.62786711778353,-3.27051107477711,1.21388761812866,-1.3087788,0.82802784,-0.124311075,245.41592,81.27304,5.085929,WAL
1994427345000,206.909957,-1.72849757968432,-3.28128021660896,1.58372012217923,-1.3921618,0.6649268,-0.06047566,245.55783,81.58804,4.9735723,WAL
1994432305000,206.914917,-1.83975234954175,-3.30546617669043,1.97553052380855,-1.4874569,0.51343226,0.02076942,245.65227,81.9321,4.844481,WAL
1994437299000,206.919911,-1.97379512207165,-3.5614739579511,2.36688903170963,-1.5760323,0.38331795,0.12186762,245.75552,82.25889,4.6854396,WAL
1994442342000,206.924954,-2.12025713777483,-3.93678255358226,2.76050560034117,-1.6728544,0.28008172,0.22052236,245.81693,82.6188,4.508777,WAL
1994447313000,206.929925,-2.22773733812132,-4.53283396796528,3.31194633204505,-1.7556267,0.21166481,0.32589662,245.89413,82.95512,4.2981825,WAL
1994452298000,206.93491,-2.30667157032138,-5.30737583166271,3.99275371129482,-1.7794504,0.16584991,0.47219884,245.94046,83.32018,4.051773,WAL
1994457318000,206.93993,-2.22135001132449,-6.62911556681845,4.70774868907147,-1.7067575,0.17073683,0.5858198,246.00993,83.63864,3.7675302,WAL
1994462312000,206.944924,-2.03670964046723,-8.27194085765195,5.43684114905959,-1.5528195,0.26816985,0.68111473,246.08466,83.95786,3.449168,WAL
1994467328000,206.94994,-1.56572011817796,-10.4652943886315,6.3988042507045,-1.2794572,0.33078352,0.71868294,246.21756,84.12723,3.1227202,WAL
1994472322000,206.954934,-0.910308676309593,-13.0038594862961,7.50654179168114,-0.8374963,0.44898596,0.70616025,246.38686,84.20568,2.786174,WAL
1994477316000,206.959928,0.031251476698029,-14.8954096289987,8.71787330078241,-0.5375614,0.5647449,0.623388,246.6436,84.0874,2.513797,WAL
1994482308000,206.96492,1.22442468233139,-16.2164237472517,10.0199472855304,0.14782938,0.6414085,0.3924809,246.91945,83.71944,2.292863,WAL
1994487285000,206.969897,2.3696514110142,-17.1168348454523,10.4370617492649,0.7626653,0.70341134,0.053450707,247.33029,83.03473,2.2800083,WAL
1994492316000,206.974928,3.48382760306504,-17.6186942081236,9.99523313610765,1.108415,0.8772025,-0.28130344,247.78777,82.25566,2.3196828,WAL
1994497309000,206.979921,4.58958823254423,-18.11676294154,9.55674172972838,1.2266175,1.1395692,-0.5158757,248.45091,81.13555,2.661659,WAL
1994502308000,206.98492,5.69667763506105,-18.6154301953651,9.11772339596312,1.1597277,1.4395039,-0.677755,249.16446,80.03554,3.0276086,WAL
1994507302000,206.989914,5.99922980208436,-18.3621280503392,8.41367869250811,0.98563105,1.6441438,-0.7611381,249.93697,79.0028,3.393899,WAL
1994512316000,206.994928,5.48463200363779,-17.3423748048373,7.43641528881133,0.73792523,1.6869044,-0.8155051,250.73969,78.057755,3.7561643,WAL
1994517308000,206.99992,4.72934530332031,-15.9926618868164,6.55304419521484,0.50701815,1.6136005,-0.8228355,251.5484,77.27959,4.338539,WAL
1994522349000,207.004961,3.68272195458984,-14.2388598347168,5.76571949926758,0.33108896,1.4596626,-0.8185594,252.32042,76.58588,4.8856225,WAL
1994527290000,207.009902,2.18044440698379,-11.9635281736148,5.07834383153394,0.19761491,1.2727377,-0.83016586,253.00705,76.07405,5.356052,WAL
1994532307000,207.014919,-0.0237354831729912,-8.86055680032959,4.50054900021379,0.052534413,1.0613784,-0.8127562,253.62491,75.62879,5.8007565,WAL
1994537263000,207.019875,-2.00408870369735,-6.17740468267067,3.96704053210803,-0.09315695,0.86467975,-0.7504479,254.15503,75.32295,6.137502,WAL
1994542316000,207.024928,-2.98426375187011,-5.45653528732183,3.61957115768942,-0.23671028,0.72295904,-0.6200282,254.62686,75.06683,6.445721,WAL
1994547264000,207.029876,-3.84179218595691,-5.01828589305124,3.3272201380823,-0.3811799,0.66737026,-0.44868052,254.96497,74.96837,6.4445457,WAL
1994552299000,207.034911,-4.46886669328416,-5.21483169177019,3.14471331102484,-0.5326745,0.68600166,-0.24740042,255.27362,74.92713,6.4010277,WAL
1994557349000,207.039961,-4.93568179598652,-5.64744631552869,3.10589575361213,-0.68203104,0.7663304,-0.018936822,255.52356,75.02248,6.1909294,WAL
1994562315000,207.044927,-4.91211704085819,-6.77384249648201,3.49707103322763,-0.8240572,0.7693848,0.16890424,255.74539,75.170456,5.9392138,WAL
1994567362000,207.049974,-4.90266983029013,-8.14701425715417,3.93470024457867,-0.9260717,0.6948592,0.31795537,255.90973,75.43998,5.547503,WAL
1994572458000,207.05507,-4.94132979488068,-10.2926437048223,4.50976757108625,-0.9266826,0.4269948,0.4456262,256.00793,75.72868,5.1237,WAL
1994577364000,207.059976,-5.02973813305924,-12.3114093743808,4.93958487237963,-0.8921687,-0.0021380284,0.49480084,256.0464,76.01964,4.689687,WAL
1994582341000,207.064953,-5.30361350871805,-14.1907613570438,4.93014089900931,-0.7458665,-0.5235115,0.5849035,255.97235,76.281715,4.237022,WAL
1994587336000,207.069948,-5.58477092975755,-15.8960284952994,4.6295250799901,-0.505491,-1.0002918,0.65179324,255.79468,76.49776,3.7878768,WAL
1994592317000,207.074929,-5.8916126556952,-16.835436222662,3.10475811941613,-0.2180789,-1.2669345,0.71685034,255.52708,76.64892,3.344826,WAL
1994597320000,207.079932,-6.06766544167133,-17.6959957371759,1.93072248656967,0.052534413,-1.1169671,0.7696902,255.20177,76.81412,2.8557622,WAL
1994602310000,207.084922,-5.58630617604925,-18.1416978645775,2.53687847817571,0.33414328,-0.48075095,0.82527894,254.94104,76.877235,2.3512044,WAL
1994607361000,207.089973,-5.05567348594823,-18.5589296576862,3.1432213911252,0.73548174,0.11178834,0.77640975,254.58801,77.07273,1.8175397,WAL
1994612346000,207.094958,-3.17934797918648,-17.9133129064976,3.51646896053883,1.3432927,0.32528573,0.6759224,254.32126,77.09478,1.2901404,WAL
1994617349000,207.099961,-1.3759885470139,-16.9158100334835,3.55232593376738,1.9199494,0.10842858,0.44104472,254.18121,76.89353,0.89696,WAL
1994622447000,207.105059,-0.0567182344429215,-13.6271942498531,1.38700181805365,2.0305161,-0.42577308,0.041233405,254.03828,76.635155,0.6045358,WAL
1994627286000,207.109898,1.09099607187098,-10.5325527500445,-0.609703470268131,1.6823229,-0.8246681,-0.35338554,253.9956,76.259,0.61896193,WAL
1994632344000,207.114956,1.08141074399921,-7.60902559723954,-2.01874774337588,1.0070114,-0.82344633,-0.6582073,253.93994,75.953026,0.7284594,WAL
1994637387000,207.119999,1.04368614860839,-4.78123393882791,-3.28799553510388,0.16920967,-0.689056,-0.82650065,253.83505,75.986145,1.1318375,WAL
1994642360000,207.124972,0.679634203872991,-3.002980274755,-2.96594953300666,-0.59895337,-0.71837753,-0.90041536,253.69199,76.178925,1.5900896,WAL
1994647573000,207.130185,0.280877707177717,-1.20337065142344,-2.62101796205429,-1.1594223,-0.9639453,-0.8903361,253.36517,76.57896,1.9647847,WAL
1994652341000,207.134953,-0.284879423052114,-0.313706767038684,-2.21937355641729,-1.6016886,-1.248914,-0.7974846,253.01141,77.15599,2.3350341,WAL
1994657362000,207.139974,-0.880656803690532,0.623164534030076,-1.79641706298118,-1.9792033,-1.5112807,-0.68203104,252.6156,77.754,2.651367,WAL
1994662345000,207.144957,-1.38111653711656,0.743916165603272,-1.88433950347648,-2.2999077,-1.754405,-0.56413406,252.13293,78.4567,2.9500885,WAL
1994667294000,207.149906,-1.87013991013664,0.792377934718349,-2.01650798142777,-2.514016,-1.8826867,-0.5143485,251.59927,79.22513,3.235159,WAL
1994672378000,207.15499,-2.26789743873218,0.32345323214033,-2.4558617801739,-2.579073,-2.098933,-0.3848451,250.98582,79.97371,3.3974385,WAL
1994677249000,207.159861,-2.61690141231422,-0.284945580948337,-2.96993528124558,-2.5961773,-2.26631,-0.24404067,250.3403,80.76442,3.5334127,WAL
1994682331000,207.164943,-2.99378413327679,-1.1266858561587,-3.43587601140326,-2.5271494,-2.42147,-0.089491755,249.5952,81.61591,3.549215,WAL
1994687273000,207.169885,-3.36399163076053,-2.00537112744322,-3.86852810773725,-2.3985624,-2.5589144,0.073303826,248.79504,82.46924,3.5109026,WAL
1994692324000,207.174936,-3.73201507179961,-2.97195810025665,-4.33648638536085,-2.2763894,-2.6471846,0.23487769,247.89075,83.45501,3.350318,WAL
1994697286000,207.179898,-4.08813558575095,-3.95738720595421,-4.80968738037163,-2.1762075,-2.6080892,0.4089743,246.97507,84.433685,3.1189086,WAL
1994702290000,207.184902,-4.32139726673263,-4.78914642453988,-5.10131453413814,-2.108096,-2.4501805,0.57757306,246.00864,85.54226,2.7546306,WAL
1994707366000,207.189978,-4.50418469978231,-5.5635883190184,-5.31777353734415,-2.0641136,-2.198504,0.7654142,245.07889,86.64651,2.3136191,WAL
1994712343000,207.194955,-4.53790930164818,-6.29646700881103,-5.19286784689541,-1.9975294,-1.8961257,0.9599747,244.1593,87.84044,1.7418915,WAL
1994717328000,207.19994,-4.50821684959055,-7.01898144749663,-4.92068777702913,-1.9129245,-1.6282613,1.1780536,243.30983,88.890976,1.0973369,WAL
1994722495000,207.205107,-4.31241315928571,-7.84880876666667,-4.62524429166667,-1.8197676,-1.393689,1.400714,242.52776,91.03232,0.36557633,WAL
1994727320000,207.209932,-4.08320641672619,-8.64644828055556,-4.34561208680556,-1.7272215,-1.1566733,1.6136005,241.8377,92.086525,-0.42262688,WAL
1994732346000,207.214958,-3.60623736343172,-9.46464648854427,-4.28560148284142,-1.679574,-0.8891144,1.8072448,241.26404,93.278076,-1.2078494,WAL
1994737336000,207.219948,-3.05161621235618,-10.2726725205603,-4.30472623821911,-1.6462818,-0.5714644,1.9868392,240.78375,94.490776,-2.0303848,WAL
1994742344000,207.224956,-2.19005106080824,-10.9327724720416,-4.37056831681504,-1.6145169,-0.22999077,2.1954496,240.437,95.6298,-2.8402112,WAL
1994747357000,207.229969,-1.22478996281885,-11.5426635695709,-4.45220730592178,-1.5283848,0.051618114,2.4061983,240.1763,96.75729,-3.673768,WAL
1994752331000,207.234943,-0.623620012226816,-12.3625075390825,-3.94755441262059,-1.3967434,0.118202426,2.4889705,239.99641,97.77392,-4.390172,WAL
1994757389000,207.240001,-0.132453705493207,-13.2685428267375,-3.23703228586336,-1.3240504,0.002443461,2.4410176,239.85193,98.76717,-5.103375,WAL
1994762328000,207.24494,0.248366010881447,-13.9313546308258,-2.74262214210474,-1.2956452,-0.07788532,2.3127358,239.81274,99.60787,-5.6459184,WAL
1994767324000,207.249936,0.595453169025142,-14.5161725988274,-2.31946114069363,-1.2837334,-0.22968534,2.2177463,239.72475,100.40693,-6.175331,WAL
1994772429000,207.255041,0.832358528468451,-14.6669049175472,-2.076920699921,-1.2791518,-0.33383787,1.9782871,239.67668,100.93908,-6.4786296,WAL
1994777376000,207.259988,1.01480962341266,-14.6341571160265,-1.91786075220697,-1.2525792,-0.37659842,1.7357736,239.5981,101.432236,-6.7530737,WAL
1994782338000,207.26495,1.10098722141818,-14.324166111262,-1.98732442256281,-1.210124,-0.3622431,1.5018122,239.54555,101.76461,-6.8936977,WAL
1994787355000,207.269967,1.14293321524881,-13.8814023563876,-2.16442987584635,-1.1679744,-0.24678956,1.2583824,239.4963,102.04491,-6.9647326,WAL
1994792313000,207.274925,1.21857054822594,-13.4031469441272,-2.23737368858075,-1.108415,-0.080634214,1.0064005,239.48114,102.239944,-6.9457374,WAL
1994797348000,207.27996,1.31689689070147,-12.89185008646,-2.24720631256117,-1.078788,0.07727446,0.75655663,239.4821,102.39497,-6.8617067,WAL
1994802324000,207.284936,1.30780095848396,-12.3838440658892,-1.99841432303207,-1.0705414,0.20158553,0.5390886,239.51251,102.55126,-6.734683,WAL
1994807392000,207.290004,1.24176659304179,-11.8650030101069,-1.60692486724976,-1.1004738,0.16126843,0.3408628,239.52544,102.67855,-6.552141,WAL
1994812330000,207.294942,1.09514799993092,-11.2984150777657,-1.14305089037797,-1.1652255,-0.06688975,0.18112154,239.52342,102.811905,-6.344002,WAL
1994817339000,207.299951,0.89158341642554,-10.6829872809632,-0.617570299271687,-1.2571607,-0.45234573,0.058948494,239.45322,102.943665,-6.1112413,WAL
1994822428000,207.30504,0.524613530608484,-10.0854732375215,-0.301273330288549,-1.3613132,-0.90316427,-0.065973446,239.29633,103.057396,-5.869377,WAL
1994827376000,207.309988,0.0544472966427053,-9.52415201893288,-0.147749659805609,-1.486846,-1.3158038,-0.183565,239.0351,103.19415,-5.6254535,WAL
1994832341000,207.314953,-0.397878592280296,-9.02153581990567,-0.259312164999519,-1.6169603,-1.6756034,-0.26633725,238.65385,103.323906,-5.4090533,WAL
1994837354000,207.319966,-0.84150351821157,-8.55480520540957,-0.550441013292906,-1.7363845,-1.8891008,-0.3109304,238.19928,103.48347,-5.197349,WAL
1994842340000,207.324952,-1.20958775086776,-8.13790664707196,-0.991734578717142,-1.8332067,-1.9465221,-0.3005457,237.69357,103.72073,-5.0973396,WAL
1994847339000,207.329951,-1.51083769891404,-7.76377393758246,-1.57479910558206,-1.8695531,-1.8698585,-0.24678956,237.17087,103.975945,-5.008707,WAL
1994852324000,207.334936,-1.72711087344275,-7.49646557779316,-2.0707150725529,-1.8548924,-1.7440202,-0.16279559,236.62433,104.34392,-5.030135,WAL
1994857393000,207.340005,-1.87590366520664,-7.31407464812142,-2.50269400961044,-1.7870862,-1.5812247,-0.05222898,236.11813,104.713234,-5.071922,WAL
1994862343000,207.344955,-1.96157668633836,-7.26046341694797,-2.75061637027403,-1.6878207,-1.4990633,0.050701816,235.59024,105.188484,-5.197766,WAL
1994867349000,207.349961,-1.99489581119936,-7.31758196641184,-2.84581396928118,-1.6114625,-1.3567317,0.09590584,235.12997,105.65237,-5.3272614,WAL
1994872449000,207.355061,-1.96580234145257,-7.49901932855731,-2.90982287920949,-1.5735888,-1.2556335,0.18142697,234.66122,106.18501,-5.525344,WAL
1994877333000,207.359945,-1.88260904797431,-7.78095208942688,-2.94217580790514,-1.4932601,-1.1499538,0.24801129,234.23666,106.68278,-5.722841,WAL
1994882338000,207.36495,-1.63338940768574,-8.1327452912041,-2.81570390546541,-1.425454,-1.097114,0.2959642,233.84521,107.19635,-5.9472117,WAL
1994887352000,207.369964,-1.20965999761837,-8.55191835544169,-2.51954901484961,-1.3665055,-1.0464121,0.32528573,233.48697,107.68909,-6.177601,WAL
1994892298000,207.37491,-0.852581907417617,-8.84005338642487,-2.16406667668394,-1.3222178,-0.97585726,0.3475823,233.16153,108.14836,-6.3927364,WAL
1994897341000,207.379953,-0.592334929328497,-8.92012943274612,-1.69362010051813,-1.3093897,-0.9288206,0.36713,232.8468,108.596436,-6.6124325,WAL
1994902299000,207.384911,-0.380008601208447,-8.95770567931169,-1.26126768447986,-1.3289373,-0.94897914,0.3717115,232.59547,108.941246,-6.748272,WAL
1994907357000,207.389969,-0.218985657962456,-8.94349798083692,-0.858710341200626,-1.3808609,-1.0137309,0.35216382,232.34518,109.28512,-6.882794,WAL
1994912269000,207.394881,-0.103974292871918,-8.92023420505111,-0.618760762435358,-1.4245378,-1.14018,0.31245756,232.10515,109.53863,-6.970827,WAL
1994917351000,207.399963,-0.0503199874167168,-8.88121261455201,-0.609005446301864,-1.4862351,-1.3100005,0.27152961,231.83517,109.80442,-7.0635734,WAL
1994922352000,207.404964,-0.034201831796204,-8.82280654534126,-0.659769663119248,-1.475545,-1.4526376,0.24098633,231.56187,109.98698,-7.124726,WAL
1994927439000,207.410051,-0.0715616580184049,-8.73407711349693,-0.799869027300613,-1.4483615,-1.5198327,0.22052236,231.26295,110.17564,-7.1871204,WAL
1994932240000,207.414852,-0.134210577383384,-8.65950154065001,-0.921966586494122,-1.366811,-1.539075,0.20861048,230.96335,110.35009,-7.2472916,WAL
1994937329000,207.419941,-0.264199913335572,-8.60172884787118,-1.02788381329053,-1.2916746,-1.5128077,0.21227567,230.66098,110.51629,-7.3093066,WAL
1994942251000,207.424863,-0.414974592878832,-8.54618525867905,-1.116813500909,-1.2147056,-1.4431691,0.21502456,230.35857,110.685844,-7.3781524,WAL
1994947342000,207.429954,-0.636569167958611,-8.48960776114496,-1.17339085074944,-1.174083,-1.3585643,0.23640485,230.0732,110.84554,-7.4498415,WAL
1994952291000,207.434903,-0.870304699110299,-8.43399812187691,-1.18332802157221,-1.1407908,-1.2186762,0.2556471,229.8118,111.01484,-7.530942,WAL
1994957375000,207.439987,-1.17689475628682,-8.37465742189722,-1.03003295167581,-1.1224649,-1.065349,0.28924468,229.58333,111.17889,-7.61221,WAL
1994962294000,207.444906,-1.4555826861311,-8.31269812110312,-0.871565971957434,-1.1102476,-1.0067059,0.30176744,229.34851,111.36247,-7.729184,WAL
1994967359000,207.449971,-1.68822793413269,-8.23515017745803,-0.677694974130695,-1.1078042,-0.9117164,0.33292156,229.17201,111.54631,-7.8407903,WAL
1994972415000,207.455027,-1.89605460068253,-8.17096216127145,-0.501962518681747,-1.1099422,-0.8359691,0.39492437,228.99747,111.74002,-8.003891,WAL
1994977343000,207.459955,-2.03410409272621,-8.14335219559282,-0.377718009477379,-1.1081096,-0.7761043,0.45937067,228.84875,111.9325,-8.166203,WAL
1994982314000,207.464926,-2.16222958493514,-8.1126196223467,-0.267323350825472,-1.1184943,-0.7305948,0.5323691,228.70819,112.129196,-8.374073,WAL
1994987353000,207.469965,-2.24759067079403,-8.06993915369497,-0.215158172924528,-1.1117748,-0.7119634,0.6032294,228.58322,112.32476,-8.592371,WAL
1994992331000,207.474943,-2.32163730173965,-8.03413094781044,-0.190203307846431,-1.1133019,-0.7150178,0.67011917,228.46356,112.52584,-8.847136,WAL
1994997339000,207.479951,-2.34561296404719,-8.02933574525095,-0.295695631173765,-1.1090258,-0.7641924,0.72784597,228.3426,112.72806,-9.117316,WAL
1995002309000,207.484921,-2.35447678918595,-8.05285056803671,-0.410558765714286,-1.103528,-0.82772243,0.7828238,228.22067,112.94139,-9.413591,WAL
1995007362000,207.489974,-2.28689069618915,-8.22181605257382,-0.579523867142857,-1.1114693,-0.89552844,0.8246681,228.08853,113.16011,-9.722635,WAL
1995012323000,207.494935,-2.20379225764706,-8.39998688235294,-0.764792505882353,-1.1187997,-0.95814216,0.8552113,227.93991,113.39786,-10.051148,WAL
1995017365000,207.499977,-2.03239069490872,-8.64484603853955,-1.05372646359026,-1.1154399,-1.0143417,0.8772025,227.77795,113.63675,-10.389549,WAL
1995022328000,207.50494,-1.86527172667567,-8.9260137289999,-1.31687963582795,-1.1068878,-1.056186,0.8848383,227.6144,113.88266,-10.715265,WAL
1995027313000,207.509925,-1.7041266618671,-9.37721992969428,-1.49183717459736,-1.1026118,-1.0699304,0.88208944,227.4447,114.12756,-11.041193,WAL
1995032289000,207.514901,-1.54197557947137,-9.83659587312775,-1.63743138960352,-1.094976,-1.0677924,0.86926126,227.28264,114.37071,-11.325092,WAL
1995037299000,207.519911,-1.36818679650514,-10.3720532945668,-1.54818850237885,-1.087951,-1.0775663,0.8359691,227.11174,114.60636,-11.600014,WAL
1995042313000,207.524925,-1.20259453519254,-10.8945152522827,-1.44925900776102,-1.0800097,-1.1157454,0.79443026,226.96231,114.80869,-11.815008,WAL
1995047311000,207.529923,-1.1455899047241,-11.2412934168321,-1.22599091722906,-1.0827587,-1.1505647,0.7257079,226.80525,115.00049,-12.010635,WAL
1995052389000,207.535001,-1.08940748286525,-11.5744865120853,-0.994340365251003,-1.0833695,-1.153619,0.6453791,226.67802,115.10987,-12.129365,WAL
1995057381000,207.539993,-1.05665944505333,-11.6540170493199,-0.704286553332029,-1.0680978,-1.1508701,0.56077427,226.53583,115.20542,-12.230404,WAL
1995062621000,207.545233,-1.01949484326179,-11.7256681083015,-0.419638347511516,-1.0177015,-1.1859949,0.5155703,226.39531,115.2242,-12.29594,WAL
1995067364000,207.549976,-0.952716257522297,-11.6499860427325,-0.397378815832598,-0.9184359,-1.1988231,0.49693888,226.25655,115.221466,-12.343923,WAL
1995072652000,207.555264,-0.874693557237031,-11.5587688340499,-0.380778480517818,-0.82833326,-1.2296717,0.4804455,226.10805,115.1573,-12.375102,WAL
1995077323000,207.559935,-0.725112580624821,-11.3237127076526,-0.55172817317474,-0.5751296,-1.2125676,0.48441613,225.97112,115.03333,-12.403342,WAL
1995082241000,207.564853,-0.567621841387217,-11.0762269380911,-0.731717594816089,-0.24801129,-1.1456778,0.47647488,225.85056,114.86894,-12.421182,WAL
1995087327000,207.569939,-0.329885223904811,-10.7612675963153,-0.946641384462641,0.10476339,-0.99173975,0.43768495,225.75786,114.6384,-12.420626,WAL
1995092302000,207.574914,-0.0860540323746162,-10.4442872790174,-1.1612128798567,0.33292156,-0.7870999,0.3567453,225.69475,114.35885,-12.394135,WAL
1995097309000,207.579921,0.140520354890357,-10.3560274376137,-1.52952511893134,0.4166101,-0.5525276,0.24556783,225.69543,114.058426,-12.314787,WAL
1995102274000,207.584886,0.363626112474385,-10.2877293293115,-1.90743892516518,0.35033122,-0.32345316,0.14508049,225.74658,113.73749,-12.197922,WAL
1995107335000,207.589947,0.273207768583407,-10.5121155985005,-2.10977991725363,0.19730948,-0.1432479,0.06261369,225.8731,113.44585,-12.007846,WAL
1995112246000,207.594858,0.122420537463253,-10.7881724669527,-2.26984639736608,0.021380283,-0.0580322,0.017104227,226.03111,113.17373,-11.793069,WAL
1995117360000,207.599972,-0.0345996009909244,-11.075640360511,-2.43652934977804,-0.16615535,-0.101098195,-0.014049901,226.19829,112.96567,-11.540999,WAL
1995122299000,207.604911,-0.186246543467495,-11.3532711634606,-2.5975084467594,-0.33322698,-0.16920967,-0.03573562,226.37561,112.79618,-11.281384,WAL
1995127312000,207.609924,-0.480929242625051,-11.5420518239032,-2.43429168327183,-0.4783075,-0.22357668,-0.095294975,226.53294,112.66101,-11.019974,WAL
1995132263000,207.614875,-0.811413491328413,-11.7024335719557,-2.18156840590406,-0.5317582,-0.28344148,-0.16554448,226.6641,112.54438,-10.764438,WAL
1995137289000,207.619901,-1.03544751730883,-11.712069191069,-1.88188323932029,-0.51159966,-0.3539964,-0.23884831,226.76233,112.48074,-10.534632,WAL
1995142288000,207.6249,-1.23409672439241,-11.6884204935783,-1.57444987561747,-0.42760566,-0.3912592,-0.2773328,226.8465,112.4132,-10.306762,WAL
1995147311000,207.629923,-1.292701057987,-11.8317927219815,-1.35745243033287,-0.3191771,-0.40011674,-0.27855456,226.89735,112.31768,-10.132235,WAL
1995152308000,207.63492,-1.31626584503644,-12.0155978247489,-1.1642214816427,-0.16798794,-0.36835176,-0.267559,226.94618,112.1901,-9.956376,WAL
1995157376000,207.639988,-1.1663302453646,-12.4624141177682,-0.953856117607473,-0.02687807,-0.3555236,-0.24984388,226.97223,112.015785,-9.822507,WAL
1995162386000,207.644998,-0.968743640151667,-12.9780669587686,-0.741811993963439,0.10873401,-0.2919936,-0.24251351,227.02243,111.80878,-9.684214,WAL
1995167373000,207.649985,-0.706999458549422,-13.5634386572529,-0.454584835204108,0.17989981,-0.22082779,-0.23457226,227.08665,111.55313,-9.546391,WAL
1995172331000,207.654943,-0.430369990472006,-14.1635843130246,-0.149823548814456,0.33322698,-0.17440203,-0.25625798,227.16156,111.24529,-9.401826,WAL
1995177322000,207.659934,-0.136017308906561,-14.7237600994036,0.100642149300199,0.5045747,-0.15454891,-0.2959642,227.28581,110.84701,-9.2074795,WAL
1995182307000,207.664919,0.162953279304175,-15.2694996640159,0.333174824945328,0.6826419,-0.15454891,-0.35369098,227.4159,110.41283,-9.004606,WAL
1995187297000,207.669909,0.489918632801468,-15.5925456761206,0.318557984279056,0.87689704,-0.11881329,-0.41355577,227.61432,109.84415,-8.730285,WAL
1995192323000,207.674935,0.828816405016858,-15.8407525230067,0.218320609556724,1.0485502,-0.06169739,-0.48655418,227.81537,109.24327,-8.442821,WAL
1995197310000,207.679922,1.05130615494378,-15.825886789841,0.150941462750679,1.2269229,0.02321288,-0.56382865,228.0917,108.52865,-8.0838,WAL
1995202321000,207.684933,1.23273172697266,-15.7142404857503,0.095118225213261,1.3637567,0.076358154,-0.6719518,228.36954,107.790215,-7.7062817,WAL
1995207308000,207.68992,1.2220499727337,-15.4068330654876,0.195719151301263,1.496009,0.062308256,-0.79229224,228.65181,106.98766,-7.2646117,WAL
1995212308000,207.69492,1.11558721376453,-15.0003388765033,0.374770109360889,1.598329,-0.004886922,-0.9370673,228.92552,106.16707,-6.8018236,WAL
1995217393000,207.700005,0.950699093908629,-14.4816277161265,0.595306427465834,1.7394388,-0.110872045,-1.0619892,229.17325,105.30878,-6.3097034,WAL
1995222314000,207.704926,0.766679298096447,-13.9341688680203,0.825331165025381,1.9187278,-0.19425514,-1.1572843,229.40305,104.426384,-5.8048472,WAL
1995227311000,207.709923,0.4559077728,-13.3157993351351,1.03289747145946,2.146275,-0.24953845,-1.2357804,229.61105,103.509155,-5.3096943,WAL
1995232305000,207.714917,0.07517534608,-12.6624437632432,1.22561391422703,2.4291058,-0.28985557,-1.312444,229.80162,102.54446,-4.8065324,WAL
1995237299000,207.719911,-0.343909179379226,-12.0700496147482,1.32888152399142,2.7638597,-0.29810223,-1.3799446,230.00455,101.53014,-4.326458,WAL
1995242328000,207.72494,-0.791536609926055,-11.5142046355837,1.37315233849454,3.0921998,-0.28160888,-1.4410311,230.21225,100.458694,-3.8389773,WAL
1995247312000,207.729924,-1.27170091422358,-11.3777891407532,1.14746559956015,3.4058793,-0.27030787,-1.5125023,230.36995,99.31702,-3.3823066,WAL
1995252292000,207.734904,-1.77139498548977,-11.4673567813581,0.775052088183256,3.6187658,-0.2406809,-1.5885551,230.55275,98.13106,-2.9141629,WAL
1995257357000,207.739969,-2.67380210067233,-11.8122403691912,0.273805390192802,3.7363572,-0.19028452,-1.6392568,230.68336,96.912476,-2.4862707,WAL
1995262332000,207.744944,-3.79496276855843,-12.3021593231165,-0.291485635192802,3.7403278,-0.0070249503,-1.6490307,230.87856,95.68598,-2.0514672,WAL
1995267390000,207.750002,-4.65649713953223,-12.774646432972,-0.824829094546492,3.7055085,0.27030787,-1.6218473,231.05537,94.51997,-1.6800008,WAL
1995272370000,207.754982,-5.32758381494581,-13.2235490684541,-1.32360973961209,3.5604281,0.5571091,-1.582141,231.30397,93.40459,-1.3147695,WAL
1995277346000,207.759958,-5.96553960522627,-13.6407771501802,-1.71980964311173,3.3551774,0.7629707,-1.5238034,231.51721,92.46602,-1.0989406,WAL
1995282344000,207.764956,-6.57415384144974,-14.0289488117741,-2.01692848329996,3.136182,0.8179486,-1.4718798,231.78233,91.61049,-0.8973032,WAL
1995287331000,207.769943,-7.14326849545779,-14.3587953070328,-2.2305260294682,2.9477303,0.75686204,-1.4196508,232.02039,91.00355,-0.79519445,WAL
1995292326000,207.774938,-7.67548643375523,-14.6322278373992,-2.36235981853629,2.795014,0.58276546,-1.3720033,232.25085,89.289345,-0.70899856,WAL
1995297341000,207.779953,-8.12875660578521,-14.7705868882048,-2.24983268751099,2.6841419,0.32711834,-1.3384057,232.40773,89.06873,-0.7007147,WAL
1995302336000,207.784948,-8.51208173111502,-14.7939603446692,-1.9319534355321,2.6160305,0.027488936,-1.3154984,232.50967,88.663185,-0.7002279,WAL
1995307371000,207.789983,-8.49399804844591,-14.8825864734011,-1.70447119838613,2.5442538,-0.32803464,-1.2999213,232.50201,88.22662,-0.75429153,WAL
1995312365000,207.794977,-8.07471742029289,-15.0350522287308,-1.57106373709902,2.50638,-0.6640105,-1.3952162,232.42282,87.80301,-0.77554727,WAL
1995317416000,207.800028,-7.53559370229661,-14.8699178777735,-2.35037347053328,2.424524,-0.8713993,-1.5986344,232.29419,87.35618,-0.80030394,WAL
1995322356000,207.804968,-6.89565487240171,-14.3957187399766,-4.00776866087972,2.1740694,-0.91354895,-1.6502525,232.12462,86.965454,-0.83402973,WAL
1995327314000,207.809926,-6.17790231094891,-13.8533520681265,-4.94086327785888,1.8649716,-0.34422258,-1.6178766,232.08249,86.62135,-0.7878923,WAL
1995332293000,207.814905,-5.35778331198087,-13.2212605197584,-4.91685985263025,1.3509285,0.38820487,-1.6282613,232.08238,86.41235,-0.7173372,WAL
1995337476000,207.820088,-4.4779802760184,-12.5465674696671,-4.82113362058695,1.0137309,0.80756384,-1.5900823,232.05006,86.54042,-0.59547335,WAL
1995342331000,207.824943,-3.35276321064389,-11.721747521682,-3.91485015387648,1.0216721,0.93370754,-1.4758505,232.13913,86.70383,-0.5006558,WAL
1995347299000,207.829911,-2.28195324497249,-11.0343068714357,-3.02868075122561,1.2351695,0.93767816,-1.3384057,232.32791,86.92186,-0.32254022,WAL
1995352322000,207.834934,-1.49264807089545,-10.9091731114557,-2.28269107465733,1.4785993,0.9505063,-1.2260065,232.54636,87.109665,-0.17562664,WAL
1995357302000,207.839914,-0.72189418084317,-10.8039462647555,-1.61164899224283,1.6789632,0.9993755,-1.210735,232.84723,87.10118,0.06532565,WAL
1995362325000,207.844937,0.0129597274516416,-10.7657717637139,-1.18218891984922,1.7238617,1.0864239,-1.2443326,233.15833,87.04859,0.28231332,WAL
1995367306000,207.849918,0.660713595967598,-10.7614241938161,-0.868583173841746,1.758681,1.1921035,-1.2797627,233.50667,86.788925,0.590477,WAL
1995372336000,207.854948,0.993815798259409,-10.889906582436,-0.997065463084066,1.7681495,1.3408492,-1.2904528,233.89252,86.504234,0.8915226,WAL
1995377297000,207.859909,1.27245423248049,-10.9991634516448,-1.08636448414008,1.8350391,1.6258179,-1.3118331,234.3801,86.07858,1.2725447,WAL
1995382343000,207.864955,1.32019164555962,-11.0278059692779,-1.00043715555171,1.9569068,1.8399261,-1.3353515,234.89162,85.62194,1.6461809,WAL
1995387332000,207.869944,1.35561669978292,-10.9972962489854,-0.944679895327985,2.0265455,1.9847012,-1.3329079,235.42827,85.14389,2.0407538,WAL
1995392288000,207.8749,1.32873838691836,-10.6568375258141,-1.04323377932987,2.0124955,2.0454822,-1.2632693,236.00143,84.65842,2.4105196,WAL
1995397516000,207.880128,1.28957131608062,-10.2906364412521,-1.15407502186964,1.9721785,2.1029036,-1.1636983,236.5515,84.12189,2.7828388,WAL
1995402234000,207.884846,1.12972443415523,-9.87890950921955,-1.33329721445112,1.9159788,2.2201898,-1.0714576,237.13489,83.60529,3.1245754,WAL
1995407235000,207.889847,0.958414562924566,-9.44198792975454,-1.52787235050888,1.9236146,2.2996023,-1.01312,237.69763,83.099464,3.441677,WAL
1995412250000,207.894862,0.776309980001995,-9.00110327699062,-1.74831477697066,1.9336939,2.3295345,-0.93187493,238.27554,82.628654,3.7165055,WAL
1995417229000,207.899841,0.585359201637456,-8.57335345057109,-1.96324069978338,1.9049833,2.3057108,-0.84635377,238.82811,82.19731,3.9530058,WAL
1995422283000,207.904895,0.332773284888736,-8.1968573229618,-2.15863731715242,1.8732183,2.2623394,-0.7910705,239.38013,81.77731,4.168829,WAL
1995427233000,207.909845,0.0795853091747147,-7.83293372958736,-2.33655022268071,1.8325957,2.204002,-0.732122,239.88464,81.411064,4.3440595,WAL
1995432245000,207.914857,-0.22008624848405,-7.50048573075797,-2.41615047323188,1.7944167,2.1471913,-0.68233645,240.37355,81.06375,4.5035105,WAL
1995437275000,207.919887,-0.512981298577838,-7.17148519007023,-2.48961286236832,1.7415768,2.0616703,-0.6563747,240.81451,80.770996,4.6266,WAL
1995442336000,207.924948,-0.711544050285798,-6.89727954856613,-2.4848852308135,1.6603317,1.9724839,-0.643852,241.23477,80.50446,4.7389812,WAL
1995447522000,207.930134,-0.913081707499766,-6.61844992154308,-2.47937758812225,1.5720617,1.915368,-0.63591075,241.62756,80.277794,4.8113766,WAL
1995452331000,207.934943,-1.0771470248111,-6.38530426371988,-2.46642502653042,1.4758505,1.9000963,-0.6246097,242.00394,80.07958,4.8790836,WAL
1995457272000,207.939884,-1.24571569456267,-6.14575909938127,-2.45311693611137,1.3863586,1.8762726,-0.6203337,242.35672,79.90512,4.9263124,WAL
1995462314000,207.944926,-1.39143340290326,-5.89044858997146,-2.37528556711938,1.3411547,1.8805487,-0.61422503,242.70984,79.74884,4.9675913,WAL
1995467293000,207.949905,-1.5322155711741,-5.63704081448676,-2.29081627595709,1.2626585,1.9086485,-0.6062838,243.05988,79.62701,5.005692,WAL
1995472317000,207.954929,-1.65448085578947,-5.42211533944272,-2.13330931665635,1.1749994,1.9367483,-0.6053675,243.40674,79.51869,5.023139,WAL
1995477258000,207.95987,-1.77167964210526,-5.21701759086687,-1.96727774520124,1.0958922,1.9489655,-0.5897904,243.7526,79.433525,5.032589,WAL
1995482342000,207.964954,-1.93325761702519,-5.03520861926357,-1.73656644577519,1.0030408,1.9770653,-0.58184916,244.11133,79.357796,5.028458,WAL
1995487266000,207.969878,-2.09318660822674,-4.86157139337209,-1.50809647197674,0.92057395,1.9734001,-0.59803706,244.4607,79.30002,5.027018,WAL
1995492316000,207.974928,-2.22584125261024,-4.54604480020274,-1.02053517736442,0.80573124,1.9437732,-0.6114761,244.8122,79.24609,5.018808,WAL
1995497243000,207.979855,-2.35020093015712,-4.21601346350735,-0.50396427440446,0.6606508,1.8875736,-0.63224554,245.15094,79.218346,5.0185146,WAL
1995502321000,207.984933,-2.45317508136882,-3.82884899031881,-0.0479540515852588,0.46731192,1.8319849,-0.65026605,245.4687,79.178345,5.0196137,WAL
1995507314000,207.989926,-2.55107458529785,-3.44191213019401,0.390263517995515,0.27397305,1.7681495,-0.6621779,245.76291,79.17309,5.027811,WAL
1995512311000,207.994923,-2.62598834311277,-3.15487674353554,0.697303759222299,0.0571159,1.6872098,-0.67164636,246.13232,79.15444,5.003064,WAL
1995517236000,207.999848,-2.69554763693835,-2.89055183374299,0.975540532622161,-0.13439035,1.6029104,-0.6658431,246.47665,79.17867,4.9808035,WAL
1995522319000,208.004931,-2.76881869304015,-2.75271968236837,1.23738056880169,-0.28710666,1.518611,-0.6453791,246.87547,79.18193,4.9356484,WAL
1995527254000,208.009866,-2.84032601672383,-2.65260946903369,1.48527242844462,-0.41172317,1.4337007,-0.6249151,247.24503,79.22677,4.8925514,WAL
1995532331000,208.014943,-2.89313006817732,-2.64147027265981,1.5911514342173,-0.54061574,1.3637567,-0.6102544,247.63431,79.26342,4.834031,WAL
1995537305000,208.019917,-2.94026543647338,-2.65089729710073,1.66185458509796,-0.63529986,1.2968669,-0.58123827,247.99408,79.326416,4.7690988,WAL
1995542323000,208.024935,-2.89068171427889,-2.73017988220396,1.64276788784287,-0.7281514,1.2293663,-0.5662721,248.36157,79.38042,4.69628,WAL
1995547299000,208.029911,-2.8178089718532,-2.82582532691389,1.60177697617318,-0.79779,1.1636983,-0.54550266,248.70425,79.45533,4.6164756,WAL
1995552333000,208.034945,-2.73334454522262,-2.88709005514599,1.52998710073722,-0.8695667,1.128879,-0.54428095,249.03885,79.542885,4.53296,WAL
1995557404000,208.040016,-2.64383876355612,-2.93419836128626,1.44519214968474,-0.90377516,1.061073,-0.5366451,249.3393,79.63994,4.446439,WAL
1995562311000,208.044923,-2.50285359038916,-2.98154638848958,1.34402068987576,-0.94806284,1.0158689,-0.52290064,249.63348,79.767715,4.365102,WAL
1995567355000,208.049967,-2.32925365351679,-3.03114632606017,1.22994072987986,-0.9987647,0.9639453,-0.5149594,249.9018,79.90384,4.2867994,WAL
1995572317000,208.054929,-2.15471918698047,-3.05552405483225,1.16343579924887,-1.0604621,0.9083566,-0.48166725,250.146,80.070984,4.2102604,WAL
1995577346000,208.059958,-1.97625299647471,-3.06999432869304,1.11520167056585,-1.1187997,0.8402451,-0.453262,250.36722,80.24812,4.135815,WAL
1995582341000,208.064953,-1.8009655117393,-3.24706426945671,1.18941865296602,-1.1826351,0.7593055,-0.43860126,250.55426,80.45156,4.0838585,WAL
1995587342000,208.069954,-1.62627196031868,-3.49071579285851,1.31354301213285,-1.2574661,0.6603453,-0.4098906,250.71059,80.67495,4.0235915,WAL
1995592319000,208.074931,-1.54011686141811,-3.75790491952663,1.47636404645472,-1.3176364,0.54550266,-0.38912117,250.84552,80.911,3.9899573,WAL
1995597347000,208.079959,-1.5063122725504,-4.04282888639053,1.66470371862401,-1.3842206,0.4202753,-0.36682457,250.94409,81.16756,3.9519792,WAL
1995602348000,208.08496,-1.50918320952285,-4.32309289966921,1.88541558728949,-1.4474452,0.2828306,-0.3539964,251.01822,81.40011,3.9485795,WAL
1995607391000,208.090003,-1.53338930621492,-4.60388290346832,2.12747574538893,-1.5143349,0.14844026,-0.33658674,251.0534,81.64855,3.941646,WAL
1995612343000,208.094955,-1.56007465229759,-5.03300355086533,2.47323369558385,-1.5793921,0.019242255,-0.2932153,251.06769,81.88119,3.9360619,WAL
1995617373000,208.099985,-1.58882214792123,-5.55525088038592,2.88528210009946,-1.6383406,-0.09682214,-0.22876903,251.04372,82.128654,3.9230263,WAL
1995622378000,208.10499,-1.61984553598144,-6.34699236138011,3.37001128544506,-1.7033978,-0.18692477,-0.16218472,251.01639,82.36001,3.9021726,WAL
1995627358000,208.10997,-1.65211070907509,-7.29190036253987,3.89547218077704,-1.7400496,-0.22571471,-0.07666359,250.966,82.60578,3.859346,WAL
1995632342000,208.114954,-1.55913802139554,-8.51084655893827,4.49485371516187,-1.7647897,-0.21991149,0.038179077,250.9403,82.80832,3.7917595,WAL
1995637344000,208.119956,-1.36648487995174,-9.95092839392721,5.15469048823648,-1.7348573,-0.19700404,0.1863139,250.90326,83.02064,3.6920676,WAL
1995642353000,208.124965,-0.859463137929158,-11.8361828801821,5.95523958163649,-1.6643023,-0.032986723,0.33658674,250.94586,83.15719,3.5562305,WAL
1995647349000,208.129961,-0.116237797491837,-14.0516570287919,6.85941840011873,-1.5238034,0.12980886,0.37904188,250.99084,83.27283,3.4123812,WAL
1995652345000,208.134957,0.909766507364646,-15.656766155252,7.83480387159281,-1.282817,0.20372356,0.3726278,251.12085,83.24174,3.2937014,WAL
1995657374000,208.139986,2.17805300538469,-16.7641507692837,8.8759346596836,-1.1093313,0.30970868,0.312763,251.30151,83.193924,3.1774154,WAL
1995662345000,208.144957,3.51028521952376,-17.5787959663077,9.27891328060468,-0.62125,0.3155119,0.122478485,251.54965,82.79643,3.2516325,WAL
1995667373000,208.149985,4.93282286683134,-18.1354409231301,9.08860688360834,0.022296581,0.37812558,-0.16249016,251.83777,82.32698,3.3578362,WAL
1995672438000,208.15505,5.93285198274679,-18.5539059134399,8.68396846240564,0.65209866,0.6200282,-0.4465425,252.30902,81.493034,3.7601647,WAL
1995677438000,208.16005,6.49144427761984,-18.8261615746495,8.07374201401823,1.1301007,0.9987647,-0.65240407,252.83014,80.580215,4.171546,WAL
1995682325000,208.164937,6.58387091475379,-18.4907896604438,7.34960979121821,1.4046847,1.3335189,-0.7632761,253.4347,79.57276,4.7701044,WAL
1995687345000,208.169957,6.11680674864273,-17.4009729540909,6.44753458215068,1.4556919,1.5876387,-0.8191703,254.10901,78.55386,5.338398,WAL
1995692286000,208.174898,5.52922352968701,-16.0494281616928,5.61217726687117,1.2831224,1.7721201,-0.8216137,254.82047,77.65265,5.9002485,WAL
1995697344000,208.179956,4.67295730258916,-14.1102360876573,4.8616848803681,1.0088439,1.8399261,-0.84299403,255.55225,76.80445,6.428092,WAL
1995702265000,208.184877,3.7800182139273,-12.1566339002371,4.30676113503556,0.74281216,1.813048,-0.8445212,256.25577,76.12839,6.876241,WAL
1995707364000,208.189976,2.76710327416041,-10.03433682339,3.98841657350849,0.51343226,1.7269161,-0.84116143,256.94867,75.53198,7.3008657,WAL
1995712240000,208.194852,1.84410762332073,-8.09150255364932,3.74409710369293,0.3145956,1.6126842,-0.82558435,257.58508,75.06827,7.649109,WAL
1995717345000,208.199957,0.953224142396045,-6.2007444009402,3.58771853880004,0.14355333,1.4941764,-0.7644979,258.18484,74.66899,7.974536,WAL
1995722289000,208.204901,0.12275655292126,-4.57743648870079,3.42633069285433,-0.009162978,1.4150693,-0.68111473,258.79047,74.34889,8.236053,WAL
1995727349000,208.209961,-0.65944990196063,-3.35166174814961,3.24031826982283,-0.17348573,1.3552046,-0.56077427,259.35547,74.088646,8.466979,WAL
1995732257000,208.214869,-1.36036283151214,-2.5091233,3.1468332289541,-0.34513888,1.3338243,-0.41508293,259.89777,73.8957,8.57474,WAL
1995737345000,208.219957,-1.9412556339833,-2.5091233,3.26912643630967,-0.49938235,1.3154984,-0.27397305,260.4139,73.753494,8.651438,WAL
1995742270000,208.224882,-2.50353885964574,-2.5091233,3.38750183847676,-0.66675943,1.289842,-0.11301007,260.90375,73.710365,8.606657,WAL
1995747350000,208.229962,-3.08351830865389,-2.5091233,3.5096027609151,-0.80970186,1.276403,0.05100725,261.37973,73.71629,8.522246,WAL
1995752323000,208.234935,-3.57984545335139,-2.65162773784699,3.67235206208531,-0.95569867,1.1600331,0.13103059,261.81775,73.77143,8.429382,WAL
1995757397000,208.240009,-3.69264402156882,-3.58221656363285,4.07654717691266,-1.0320568,0.9309586,0.27458394,262.20102,73.87283,8.284163,WAL
1995762274000,208.244886,-3.78720456447198,-4.5408128247777,4.48095906250375,-1.1924089,0.60139686,0.40683624,262.50208,74.08585,7.9916873,WAL
1995767343000,208.249955,-3.71930295703867,-6.30625593479868,5.09207408649216,-1.3301591,0.1020145,0.54000485,262.67773,74.32475,7.6900654,WAL
1995772347000,208.254959,-3.66260330473468,-8.12575973037341,5.63725139712346,-1.3707817,-0.49296826,0.6771441,262.74146,74.592995,7.34094,WAL
1995777351000,208.259963,-3.70969508418796,-10.7158094778095,5.59872166998392,-1.3371841,-1.1081096,0.816116,262.64804,74.88553,6.9929576,WAL
1995782291000,208.264903,-3.75618457069859,-13.2727330893872,5.56068472912274,-1.2373075,-1.5968018,0.95905846,262.42215,75.1667,6.616373,WAL
1995787354000,208.269966,-4.05722207015268,-14.9287123487676,4.35593809821375,-1.0885619,-1.7730364,1.105666,262.10223,75.433136,6.2256584,WAL
1995792250000,208.274862,-4.39410849665702,-16.3558003439776,2.98031829531983,-0.893085,-1.5549575,1.2403619,261.74863,75.66521,5.810414,WAL
1995797342000,208.279954,-4.58904966306297,-17.2174377126244,1.50846549246575,-0.559858,-0.93676186,1.2360858,261.39276,75.948265,5.336739,WAL
1995802267000,208.284879,-4.74709022899379,-17.9286199438258,0.0768050986301369,0.02107485,-0.16554448,1.0183123,261.14963,76.08581,4.8751645,WAL
1995807431000,208.290043,-3.7397340511401,-18.3740057240864,0.923951554764513,0.81153446,0.15882497,0.64812803,260.81992,76.32902,4.3933573,WAL
1995812246000,208.294858,-2.54135534353281,-18.7229597004879,2.23252589786418,1.5164729,-0.18906279,0.1731803,260.54755,76.37999,4.0154653,WAL
1995817344000,208.299956,-1.38380324891245,-17.9496267873134,2.16967572149618,1.8506162,-0.6768387,-0.31490102,260.23337,76.5031,3.7298117,WAL
1995822340000,208.304952,-0.277795375381325,-16.9002244440299,1.73859394275573,1.7189748,-0.91751957,-0.7076874,259.92773,76.51503,3.5738077,WAL
1995827345000,208.309957,0.150130202457941,-14.1238486803513,0.386890381324728,1.1701124,-0.8054258,-0.9447031,259.73907,76.30287,3.6833217,WAL
1995832371000,208.314983,0.145037297256375,-10.2328711484499,-1.55859881006243,0.45112398,-0.4810564,-0.98563105,259.55914,76.165115,3.846764,WAL
1995837341000,208.319953,-0.225583517145474,-7.20532430575533,-2.14429355912465,-0.21197024,-0.2959642,-0.95142263,259.40775,76.13047,4.22452,WAL
1995842346000,208.324958,-0.738496163221826,-4.46979009684758,-2.22284769274077,-0.7293731,-0.4202753,-0.79137594,259.25226,76.25046,4.564462,WAL
1995847310000,208.329922,-1.37754819411824,-2.50881187864298,-1.96457479753086,-1.0751228,-0.537256,-0.6032294,259.099,76.610725,4.9663415,WAL
1995852331000,208.334943,-2.0966777315417,-0.945067304546823,-1.51572219259259,-1.2073752,-0.7611381,-0.5112942,258.8581,77.033295,5.348101,WAL
1995857394000,208.340006,-2.68459543552953,-0.0236031702293802,-1.39714815314788,-1.4477507,-0.915687,-0.33933565,258.6015,77.53242,5.5793986,WAL
1995862413000,208.345025,-3.19598563213275,0.548778570836506,-1.45344795894583,-1.6710218,-1.0186177,-0.19181168,258.27905,78.05367,5.791515,WAL
1995867274000,208.349886,-3.49118316339219,0.5402378215571,-1.71668129616829,-1.8106046,-1.0916162,-0.070249505,257.93433,78.57267,5.8170595,WAL
1995872361000,208.354973,-3.66504247201352,0.151341959208866,-2.13302874124718,-1.8979583,-1.2159272,0.06872234,257.53104,79.15424,5.7963395,WAL
1995877290000,208.359902,-3.79448761213221,-0.258281938511655,-2.52271199112533,-1.9501873,-1.4364496,0.20586158,257.0529,79.814156,5.6563067,WAL
1995882301000,208.364913,-3.88159102762705,-0.71213639805961,-2.90321620624761,-1.9416351,-1.7098118,0.35735616,256.51236,80.50702,5.4688807,WAL
1995887306000,208.369918,-3.97008833309683,-1.21264654022184,-3.33278332436295,-1.9013181,-1.9596558,0.50946164,255.85327,81.314156,5.213925,WAL
1995892308000,208.37492,-4.06104060832417,-1.79186969275507,-3.84498872418307,-1.8524488,-2.1389446,0.6609562,255.12723,82.14501,4.908992,WAL
1995897278000,208.37989,-4.12867027651332,-2.375253509789,-4.28146845108959,-1.8060231,-2.2333233,0.8032878,254.30322,83.06308,4.5445457,WAL
1995902222000,208.384834,-4.15733141065375,-2.96894257405742,-4.5926435716707,-1.767844,-2.2592852,0.95142263,253.4431,83.9992,4.123174,WAL
1995907369000,208.389981,-4.18611145695364,-3.61457851456954,-4.8954924192053,-1.7327193,-2.2311852,1.1099422,252.51694,85.030846,3.6327846,WAL
1995912209000,208.394821,-4.20006421633554,-4.56338004216336,-4.91874734194261,-1.7211128,-2.1474967,1.2547172,251.60202,86.06839,3.089584,WAL
1995917337000,208.399949,-4.21090080519779,-5.60320719066237,-4.94356175312787,-1.7357736,-2.0705278,1.3930782,250.66618,87.13132,2.5006943,WAL
1995922270000,208.404882,-4.17178556421343,-7.03742883597056,-4.96963844430543,-1.7693712,-1.9746219,1.5192219,249.76813,88.095474,1.8639235,WAL
1995927215000,208.409827,-4.13257517161914,-8.47513936425943,-4.99577856955842,-1.8530598,-1.8011361,1.6062702,248.91653,91.44347,1.2861164,WAL
1995932211000,208.414823,-3.7614281386124,-10.276546710407,-5.2373276967946,-1.9226984,-1.5079209,1.6924021,248.13211,91.81612,0.6718925,WAL
1995937560000,208.420172,-3.29326012623762,-12.2254571831683,-5.50301323094059,-1.9804251,-1.1001683,1.7599027,247.43608,92.72024,0.041460957,WAL
1995942214000,208.424826,-2.50827007029703,-13.2862546039604,-5.23993555742574,-1.9724839,-0.8903361,1.7919732,246.76736,93.7694,-0.52662355,WAL
1995947193000,208.429805,-1.6684622730198,-14.4211300569307,-4.95848653799505,-1.9620992,-0.5543602,1.8051068,246.28271,94.85594,-1.0582151,WAL
1995952219000,208.434831,-0.646715112954683,-14.9980781676737,-3.96584536489426,-1.9504927,-0.2932153,1.8973475,245.84631,95.93051,-1.6074191,WAL
1995957209000,208.439821,0.392787938163142,-15.488954970292,-2.87821712561934,-1.8603901,-0.22327125,1.990199,245.45747,96.95855,-2.1460743,WAL
1995962196000,208.444808,1.03782182447764,-15.5014059756265,-1.79782308545455,-1.7458528,-0.34391713,2.006387,245.16574,97.82116,-2.5323727,WAL
1995967179000,208.449791,1.63345779245602,-15.4545055388698,-0.719112305454546,-1.6444492,-0.559858,1.9062049,244.86902,98.63174,-2.9075682,WAL
1995972255000,208.454867,1.93072481796431,-15.0619886428712,-0.344498347048441,-1.565953,-0.79076505,1.7110336,244.64935,99.161446,-3.1007254,WAL
1995977180000,208.459792,2.16659996112963,-14.6226132530888,-0.103998224181212,-1.4969252,-0.88270026,1.4425583,244.40137,99.63662,-3.2510614,WAL
1995982234000,208.464846,2.18526024300716,-13.9478394960251,0.00806730385317499,-1.4501941,-0.8512407,1.1517864,244.20462,99.89314,-3.2524314,WAL
1995987203000,208.469815,2.15256715885759,-13.2332613050348,0.087464852452645,-1.4223998,-0.7840455,0.872621,243.98193,100.113075,-3.1933851,WAL
1995992264000,208.474876,2.05169229274435,-12.4372355300857,-0.0777837508845082,-1.4520267,-0.75533485,0.6035349,243.7509,100.27512,-3.0154076,WAL
1995997185000,208.479797,1.93495585230674,-11.6444009239344,-0.306392577008979,-1.5008959,-0.79259765,0.40653083,243.51411,100.42625,-2.794178,WAL
1996002231000,208.484843,1.67102967010964,-10.956398702531,-0.514554878426068,-1.4217888,-0.8414669,0.25900686,243.28537,100.55837,-2.5282156,WAL
1996007231000,208.489843,1.3815370991495,-10.2989066439184,-0.715727672769751,-1.2507466,-0.95172805,0.15241088,243.02551,100.677315,-2.2387094,WAL
1996012216000,208.494828,1.00862800361135,-9.78869819174548,-0.741481975494411,-1.078788,-1.1270463,0.07941248,242.71855,100.83432,-1.95385,WAL
1996017208000,208.49982,0.624962828718831,-9.2954144772141,-0.74604941464603,-0.94897914,-1.3240504,0.005192355,242.37381,100.95902,-1.659852,WAL
1996022253000,208.504865,0.21026519005015,-8.80797202447342,-0.912868497111334,-0.90102625,-1.5671748,-0.07422013,241.95294,101.12047,-1.4255426,WAL
1996027213000,208.509825,-0.204236686780341,-8.33153293119358,-1.11773724254764,-0.93615097,-1.8069394,-0.11911872,241.48091,101.27437,-1.2010452,WAL
1996032219000,208.514831,-0.513600523491359,-7.82426828492807,-1.75235774687651,-1.0064005,-1.9795089,-0.14049901,240.95148,101.45611,-1.066664,WAL
1996037264000,208.519876,-0.798163073843777,-7.30645824316887,-2.49875134632616,-1.0812315,-2.022575,-0.124311075,240.39606,101.65196,-0.94291246,WAL
1996042254000,208.524866,-1.07358816011029,-6.91318704319853,-3.29377022665441,-1.1670581,-1.9819523,-0.07880162,239.79099,101.92489,-0.9132247,WAL
1996047236000,208.529848,-1.34644887091503,-6.56236586764706,-4.10748005261438,-1.2721269,-1.8438967,-0.049480084,239.20547,102.224144,-0.8856205,WAL
1996052232000,208.534844,-1.52943404490566,-6.54247682490566,-4.60741982641509,-1.3154984,-1.6792686,0.025045475,238.59843,102.67284,-0.92335844,WAL
1996057227000,208.539839,-1.68619604356504,-6.61848281830189,-5.01595080705065,-1.3854424,-1.4792101,0.10934488,238.04453,103.156586,-0.96942097,WAL
1996062216000,208.544828,-1.68572450613608,-6.89650462006871,-5.11747829615421,-1.4343116,-1.2202033,0.18142697,237.50076,103.78088,-1.069878,WAL
1996067225000,208.549837,-1.63536926192385,-7.23983564809619,-5.12205604128257,-1.4514158,-0.945314,0.26053402,237.02238,104.41106,-1.189305,WAL
1996072299000,208.554911,-1.45033415145693,-7.67069029928209,-4.85249873154561,-1.4523321,-0.6762278,0.3491095,236.59503,105.10003,-1.3724425,WAL
1996077239000,208.559851,-1.20559579736064,-8.13019864767736,-4.4579207167652,-1.4309518,-0.4465425,0.4541783,236.23946,105.78136,-1.5683523,WAL
1996082239000,208.564851,-0.963633679161747,-8.55627526682408,-3.81391344397875,-1.4141531,-0.2602286,0.5369505,235.95401,106.44149,-1.7447788,WAL
1996087233000,208.569845,-0.723653848642267,-8.97035864344746,-3.09867933813459,-1.4101825,-0.15271631,0.5849035,235.71344,107.08992,-1.9298848,WAL
1996092215000,208.574827,-0.488736391,-9.29301416666667,-2.31439495666667,-1.4605788,-0.12186762,0.59650993,235.5261,107.65697,-2.0383995,WAL
1996097228000,208.57984,-0.25396410792515,-9.58528157235529,-1.49987886436128,-1.5198327,-0.1695151,0.569021,235.34308,108.21265,-2.1497512,WAL
1996102215000,208.584827,0.00484451147484491,-9.66988868780152,-0.856078013375603,-1.6065756,-0.2770274,0.52626044,235.26471,108.66422,-2.2496297,WAL
1996107233000,208.589845,0.274531993390765,-9.67935159732204,-0.269389511766073,-1.6698002,-0.4175264,0.47311515,235.15854,109.11486,-2.3462825,WAL
1996112230000,208.594842,0.421893067439245,-9.52340628479615,0.120395784287608,-1.6597209,-0.5665775,0.41691554,235.09402,109.426765,-2.39588,WAL
1996117227000,208.599839,0.518007356611769,-9.29753716780478,0.427961487560153,-1.5815301,-0.7165449,0.35918877,234.9851,109.72779,-2.4439564,WAL
1996122257000,208.604869,0.471610844713062,-9.12401634038783,0.449631960307117,-1.4618006,-0.8155051,0.30665436,234.90126,109.91562,-2.431724,WAL
1996127232000,208.609844,0.368433213450143,-8.97394019362142,0.35583413596417,-1.2797627,-0.86529064,0.26389378,234.78613,110.057205,-2.4170108,WAL
1996132221000,208.614833,0.172686474263535,-8.82362204775474,0.287375727870689,-1.110553,-0.9092729,0.24281894,234.66064,110.128746,-2.3833902,WAL
1996137254000,208.619866,-0.0688585307428515,-8.67206430834234,0.23054160526383,-0.95447695,-0.9263771,0.23182335,234.52792,110.14936,-2.344052,WAL
1996142244000,208.624856,-0.363242106088605,-8.51103072480543,0.16745173795929,-0.8594874,-0.93462384,0.23182335,234.38077,110.168976,-2.328909,WAL
1996147245000,208.629857,-0.688203737783875,-8.34377067800838,0.100547870937138,-0.8216137,-0.9596693,0.2452624,234.22711,110.160164,-2.3178606,WAL
1996152223000,208.634835,-1.03132701189778,-8.21738715639857,-0.017160657108954,-0.7788532,-0.9440922,0.2761111,234.07202,110.15463,-2.3569074,WAL
1996157253000,208.639865,-1.38917665662837,-8.11241829051109,-0.165071854624802,-0.7699956,-0.90377516,0.32742378,233.92209,110.14874,-2.404061,WAL
1996162247000,208.644859,-1.6739987360628,-8.04061753542681,-0.36562027009838,-0.81397796,-0.8060367,0.39064834,233.76935,110.18047,-2.5180938,WAL
1996167234000,208.649846,-1.91604748657458,-7.98841088581934,-0.598176895741827,-0.89949906,-0.7189884,0.46975538,233.63235,110.22342,-2.6450555,WAL
1996172281000,208.654893,-2.16743279520407,-7.95921951498483,-0.793732343319957,-0.9746355,-0.6411031,0.54428095,233.49045,110.32233,-2.8459678,WAL
1996177252000,208.659864,-2.4190468423412,-7.94524101627679,-0.961475008975237,-1.067487,-0.57604593,0.625526,233.37726,110.452995,-3.0595584,WAL
1996182248000,208.66486,-2.55191090428985,-8.07572418052174,-1.11832674446377,-1.1640037,-0.52564955,0.70066243,233.26204,110.66139,-3.3309147,WAL
1996187271000,208.669883,-2.59374074969082,-8.31740779104348,-1.26705505670531,-1.219287,-0.5128214,0.7706065,233.16159,110.88647,-3.6158748,WAL
1996192281000,208.674893,-2.5470764736118,-8.55991640255209,-1.3166844744193,-1.2654073,-0.5235115,0.83260936,233.04716,111.17995,-3.9609478,WAL
1996197346000,208.679958,-2.41167798068986,-8.80653509510517,-1.26832783734423,-1.2986995,-0.56779927,0.8707884,232.93143,111.48622,-4.3153944,WAL
1996202241000,208.684853,-2.28121709008802,-9.05354047722924,-1.20233274873708,-1.317331,-0.64721173,0.9056077,232.80661,111.814415,-4.6884274,WAL
1996207340000,208.689952,-2.14572789831611,-9.31984663126674,-1.11356404698622,-1.3222178,-0.7315111,0.9260717,232.6709,112.1472,-5.066827,WAL
1996212249000,208.694861,-2.00622964649215,-9.59014809277487,-0.974513822240838,-1.3185526,-0.81183994,0.9251554,232.53473,112.449135,-5.4178944,WAL
1996217243000,208.699855,-1.85098109005236,-9.88562084816754,-0.754160971727749,-1.3133603,-0.90133166,0.9334021,232.37651,112.75139,-5.780379,WAL
1996222274000,208.704886,-1.74075612068344,-10.1841156077763,-0.515452703407155,-1.3014483,-0.9963212,0.9098838,232.21326,113.00405,-6.1009846,WAL
1996227251000,208.709863,-1.67866282130474,-10.4802533421184,-0.262303151959114,-1.2983941,-1.0833695,0.88178396,232.02856,113.25555,-6.425153,WAL
1996232230000,208.714842,-1.63790644134387,-10.7372547802372,-0.0433587100948616,-1.2596041,-1.1615603,0.8539896,231.85957,113.43632,-6.702553,WAL
1996237262000,208.719874,-1.61885882964427,-10.956301916996,0.142355643201581,-1.2082914,-1.201572,0.8231409,231.67433,113.60873,-6.971548,WAL
1996242200000,208.724812,-1.5582634878474,-11.1236299117442,0.171166230985158,-1.1334605,-1.2757921,0.818254,231.48636,113.704185,-7.2211447,WAL
1996247240000,208.729852,-1.44768044571172,-11.2390212614802,0.0221194792369758,-1.0821478,-1.3402383,0.7877107,231.28445,113.787735,-7.4541445,WAL
1996252259000,208.734871,-1.27614217540647,-11.3152147381798,-0.230369539951411,-0.9459248,-1.3756685,0.7611381,231.09071,113.78939,-7.6716404,WAL
1996257412000,208.740024,-1.02713623419922,-11.347493453747,-0.613100867635956,-0.75961095,-1.3548992,0.7443393,230.89311,113.7646,-7.879673,WAL
1996262244000,208.744856,-0.749406430492582,-11.3875084053412,-1.01714780851632,-0.52503866,-1.294118,0.7302894,230.70306,113.69549,-8.05151,WAL
1996267336000,208.749948,-0.363530278579624,-11.450213036004,-1.53808061259149,-0.28038713,-1.1893547,0.70707655,230.52875,113.57587,-8.205375,WAL
1996272299000,208.754911,0.0441245014219687,-11.4335525971089,-1.98334637597601,-0.0290161,-1.0042624,0.66706485,230.41641,113.431656,-8.279498,WAL
1996277346000,208.759958,0.528939390905694,-11.2434292433868,-2.29705010814239,0.16554448,-0.7858781,0.61941737,230.33966,113.240395,-8.329123,WAL
1996282320000,208.764932,0.965880923613963,-11.0650466529774,-2.53506131232033,0.28405234,-0.57787853,0.5448918,230.33302,113.04202,-8.25641,WAL
1996287334000,208.769946,1.30201664761994,-10.9081834243046,-2.59332489085309,0.27763826,-0.40408736,0.43860126,230.36845,112.82473,-8.147732,WAL
1996292321000,208.774933,1.58654008995949,-10.7983025804398,-2.63613708975694,0.16707164,-0.29443705,0.32284227,230.48354,112.632744,-7.8904195,WAL
1996297325000,208.779937,1.56342945766782,-10.9739435596065,-2.58529349600694,-0.01985312,-0.23793201,0.18936823,230.61597,112.459114,-7.603095,WAL
1996302360000,208.784972,1.51371787424474,-11.160277475717,-2.52009357799235,-0.23457226,-0.23487769,0.042455133,230.76274,112.30193,-7.26538,WAL
1996307427000,208.790039,1.124027838174,-11.4711015944551,-2.27421779052581,-0.46395215,-0.2779437,-0.0842994,230.89615,112.19706,-6.911875,WAL
1996312660000,208.795272,0.710135032337758,-11.7823817689897,-2.01446114227507,-0.63713247,-0.3390302,-0.19425514,231.0188,112.116974,-6.5430365,WAL
1996317350000,208.799962,0.0890727637168142,-11.8486284513274,-1.65424506106195,-0.69913524,-0.43310347,-0.26328292,231.10779,112.068985,-6.1760974,WAL
1996322331000,208.804943,-0.57052449854351,-11.9189855354904,-1.271678685684,-0.698219,-0.52687126,-0.30207285,231.16151,112.02869,-5.855689,WAL
1996327295000,208.809907,-1.1311357702623,-11.7373491924551,-1.03555965814029,-0.6337727,-0.6160576,-0.3136793,231.18558,111.98993,-5.5480733,WAL
1996332250000,208.814862,-1.66724973273406,-11.4949329123686,-0.835099639754396,-0.49541172,-0.62858033,-0.30634892,231.20236,111.93402,-5.250808,WAL
1996337294000,208.819906,-1.90991819461315,-11.4558970696325,-0.817082228026112,-0.3304781,-0.6123924,-0.26083946,231.1504,111.82543,-5.104147,WAL
1996342335000,208.824947,-2.05465490883946,-11.4839102088975,-0.859102536578336,-0.15974127,-0.5534439,-0.22021692,231.10907,111.68063,-4.9592867,WAL
1996347320000,208.829932,-1.93775289322188,-11.7569827425532,-0.891859766175279,-0.07696902,-0.46639562,-0.19486602,231.03607,111.53261,-4.9147997,WAL
1996352314000,208.834926,-1.71000721547112,-12.1349435382979,-0.920933675486322,0.073303826,-0.3735441,-0.15851954,230.98866,111.325,-4.877836,WAL
1996357333000,208.839945,-1.37582102750123,-12.6994908688072,-0.798408368457599,0.20647246,-0.2452624,-0.16584991,230.96877,111.11506,-4.8531265,WAL
1996362330000,208.844942,-1.00346128190092,-13.3310884383926,-0.619298598532454,0.33200526,-0.1432479,-0.20861048,230.9698,110.86939,-4.821511,WAL
1996367234000,208.849846,-0.614993638805031,-13.9920758018868,-0.510582329685535,0.44715336,-0.09010262,-0.27885997,231.02426,110.5648,-4.7302895,WAL
1996372225000,208.854837,-0.209162883293501,-14.6834909600629,-0.430418226989518,0.59681535,-0.047647487,-0.35216382,231.10179,110.21898,-4.6190505,WAL
1996377240000,208.859852,0.211482360466051,-15.2001273547609,-0.47114887480916,0.75411314,-0.008552114,-0.42455134,231.25375,109.76702,-4.408412,WAL
1996382236000,208.864848,0.634385520779429,-15.661476541583,-0.548040365801527,0.9315695,0.046731193,-0.49571714,231.41818,109.27483,-4.178156,WAL
1996387276000,208.869888,0.93363313466349,-15.8494838546754,-0.583740313662895,1.1218541,0.09987647,-0.59650993,231.65208,108.68519,-3.8529544,WAL
1996392234000,208.874846,1.19286477802263,-15.9578895354378,-0.607306828485209,1.2922854,0.13530666,-0.713796,231.892,108.06514,-3.5107977,WAL
1996397248000,208.87986,1.18520769302118,-15.7646774667462,-0.393902949330749,1.4202617,0.12522738,-0.850019,232.17659,107.39212,-3.0839767,WAL
1996402235000,208.884847,1.09499683417835,-15.4798012269609,-0.109026504790436,1.5271631,0.052534413,-1.0137309,232.44499,106.69613,-2.635452,WAL
1996407351000,208.889963,0.87161901638964,-14.9855813898338,0.245222889477194,1.640784,-0.052534413,-1.1685852,232.73213,105.9821,-2.1320233,WAL
1996412311000,208.894923,0.614559299342868,-14.4439199596057,0.607860686724971,1.784032,-0.13958271,-1.2709051,233.00006,105.256516,-1.6213717,WAL
1996417312000,208.899924,0.149050621965251,-13.8143183764479,0.976427531805019,1.9920316,-0.2275473,-1.3417655,233.233,104.48009,-1.1127266,WAL
1996422425000,208.905037,-0.418125604185328,-13.133707007722,1.35454498629344,2.2800546,-0.3173445,-1.412015,233.44275,103.67182,-0.5986958,WAL
1996427384000,208.909996,-1.03084190073635,-12.568170173791,1.65667996232969,2.6187794,-0.4092797,-1.4810427,233.574,102.77255,-0.11760227,WAL
1996432314000,208.914926,-1.67410648563495,-12.0574867790952,1.92184248630265,2.9498682,-0.4569272,-1.5491543,233.70262,101.83172,0.3686568,WAL
1996437314000,208.919926,-2.27735391954234,-11.9104767694313,1.82914417338998,3.2507193,-0.4541783,-1.6206255,233.78098,100.80359,0.79829043,WAL
1996442307000,208.924919,-2.85908045773873,-11.9197102278652,1.58444966683403,3.4538321,-0.38423425,-1.6548339,233.88199,99.75387,1.2298614,WAL
1996447310000,208.929922,-3.43960380446927,-12.0705323307263,1.04561605448939,3.5048394,-0.22693644,-1.6820174,233.95837,98.671394,1.608526,WAL
1996452303000,208.934915,-4.01758476130015,-12.3036681543931,0.336496584316912,3.552487,0.007941248,-1.674687,234.09778,97.59104,1.9860803,WAL
1996457355000,208.939967,-4.59701538372574,-12.6108436080189,-0.493314520656487,3.5198054,0.30970868,-1.636508,234.24237,96.603195,2.2927787,WAL
1996462312000,208.944924,-5.162884743907,-12.947558734903,-1.36316330592375,3.3961053,0.6026186,-1.5855007,234.4705,95.70797,2.5923142,WAL
1996467307000,208.949919,-5.73041294313093,-13.2349886532708,-2.04038524220201,3.2629366,0.83077675,-1.529912,234.68509,94.972565,2.8033392,WAL
1996472407000,208.955019,-6.30827999505231,-13.4976558577295,-2.6134767353085,3.094338,0.91874135,-1.4752395,234.95825,94.37495,2.9964206,WAL
1996477337000,208.959949,-6.82803219079406,-13.6612210392548,-2.76692922103218,2.9269607,0.82344633,-1.3857478,235.16092,93.94619,3.083599,WAL
1996482306000,208.964918,-7.32585549307562,-13.765526473249,-2.65314100229152,2.751337,0.5766568,-1.2632693,235.35594,93.62232,3.142822,WAL
1996487306000,208.969918,-8.11024330852212,-13.7798677594391,-2.49349267227616,2.561358,0.2742785,-1.1496484,235.42764,93.37283,3.1145082,WAL
1996492290000,208.974902,-9.09790621957439,-13.7283786453859,-2.30157709765617,2.4352143,-0.032986723,-1.0751228,235.43596,93.17478,3.063671,WAL
1996497385000,208.979997,-9.33481881029148,-13.998870410561,-2.19367289111599,2.3588562,-0.28955013,-1.0729848,235.36652,92.97927,2.9523325,WAL
1996502340000,208.984952,-8.93692929317229,-14.5246528895987,-2.1605154437213,2.3817637,-0.48349985,-1.20371,235.2348,87.13705,2.8629138,WAL
1996507347000,208.989959,-8.17650817398452,-14.5281963440039,-2.31644991811412,2.3765712,-0.625526,-1.4602734,235.04272,87.254684,2.7126806,WAL
1996512351000,208.994963,-7.11517187263056,-14.0879038693424,-2.63160643559961,2.160325,-0.49602258,-1.6939293,234.88187,87.28732,2.6013567,WAL
1996517341000,208.999953,-6.06111242424183,-13.5018499882828,-2.88369658443285,1.7244726,-0.25595254,-1.774869,234.72548,87.2257,2.5679362,WAL
1996522384000,209.004996,-5.0006584073651,-12.7457421138243,-3.06915717979519,1.3701707,-0.11881329,-1.7458528,234.58313,87.12346,2.5730896,WAL
1996527345000,209.009957,-3.98436020043032,-12.1012333307087,-3.15239597097601,1.2119566,0.043982297,-1.6584991,234.49342,86.96154,2.7020595,WAL
1996532334000,209.014946,-2.99571493777696,-11.5762883937008,-3.11302526057499,1.2382239,0.22204952,-1.5393804,234.44785,86.840515,2.809527,WAL
1996537339000,209.019951,-2.02597473853562,-11.1435082483509,-2.92173169452507,1.4291192,0.35308012,-1.4025466,234.43001,86.66401,3.0016017,WAL
1996542353000,209.024965,-1.1179805926869,-10.9798581456684,-2.29352633361917,1.5497651,0.61941737,-1.3591752,234.5016,86.5026,3.1788297,WAL
1996547303000,209.029915,-0.315714031260771,-10.8662826451421,-1.8170125010003,1.779756,0.80878556,-1.3417655,234.51688,86.19645,3.4814484,WAL
1996552344000,209.034956,0.377573016242448,-10.8136883948698,-1.52057254437952,1.9480493,0.9618073,-1.3649784,234.60098,85.8912,3.772693,WAL
1996557325000,209.039937,0.927109215255758,-10.7755162662279,-1.26467614195832,2.0668626,1.0974194,-1.3839152,234.77472,85.4437,4.1553273,WAL
1996562352000,209.044964,1.29193498097517,-10.7563150209393,-1.05826150198923,2.1569653,1.3026701,-1.3713925,235.01854,84.9907,4.5224304,WAL
1996567273000,209.049885,1.52954168297893,-10.6765075910497,-0.858721877638701,2.1917844,1.5512923,-1.3622295,235.32745,84.42836,4.9804673,WAL
1996572374000,209.054986,1.59564627463754,-10.5018030249372,-0.65568637428958,2.2223277,1.7009543,-1.35551,235.67647,83.868065,5.4191575,WAL
1996577247000,209.059859,1.6159540341816,-10.2623053657788,-0.599506800901079,2.2085834,1.7531832,-1.3316863,236.07144,83.26092,5.8778496,WAL
1996582334000,209.064946,1.54841853055748,-9.86191630498069,-0.826233116506585,2.1542163,1.7605137,-1.2858714,236.504,82.67162,6.3123984,WAL
1996587256000,209.069868,1.44321495299951,-9.46952658983957,-1.13775071700535,2.047315,1.7999145,-1.1942415,236.9593,82.07681,6.730575,WAL
1996592316000,209.074928,1.24532846315994,-9.05490694278075,-1.66544810524064,1.9211712,1.9178114,-1.0916162,237.4449,81.51582,7.1170545,WAL
1996597273000,209.079885,1.03261507537357,-8.65723362570347,-2.10749122473317,1.8527542,2.085494,-0.98837996,237.90024,80.99821,7.4629965,WAL
1996602348000,209.08496,0.759091583233068,-8.27524385154279,-2.33857139769067,1.8414533,2.2137756,-0.87964594,238.37888,80.523674,7.766191,WAL
1996607360000,209.089972,0.4867993177828,-7.90677929316223,-2.54000718048267,1.8374827,2.2812762,-0.78893244,238.80083,80.13699,8.013358,WAL
1996612353000,209.094965,0.207462328852423,-7.5724908185022,-2.64075173810573,1.8185458,2.2843306,-0.7122689,239.23883,79.781044,8.226129,WAL
1996617288000,209.0999,-0.0718377688387002,-7.23925423196633,-2.72430961867476,1.7989981,2.2299635,-0.6545421,239.63907,79.48075,8.385975,WAL
1996622385000,209.104997,-0.387160963952824,-6.87137714697074,-2.67653341274347,1.7803668,2.1502457,-0.5919284,240.02954,79.20523,8.519768,WAL
1996627328000,209.10994,-0.690461798395086,-6.51844961561324,-2.63292940038637,1.7644843,2.0430388,-0.54153204,240.37894,78.97167,8.609217,WAL
1996632349000,209.114961,-0.966758464810779,-6.20880682381613,-2.62340188624926,1.7253889,1.9666806,-0.49877146,240.71117,78.760315,8.682327,WAL
1996637445000,209.120057,-1.24474031887662,-5.8988440224868,-2.60983023405665,1.6884315,1.93797,-0.47555858,241.03067,78.57214,8.721207,WAL
1996642352000,209.124964,-1.48388092616419,-5.65067910532885,-2.55117304440711,1.6432275,1.8671097,-0.4700608,241.31348,78.400314,8.755607,WAL
1996647691000,209.130303,-1.73858673376671,-5.381756592538,-2.48900956485992,1.6102408,1.7919732,-0.44837508,241.57086,78.248634,8.752482,WAL
1996652345000,209.134957,-1.84876824495514,-5.16955528510346,-2.46860559708845,1.5079209,1.7290541,-0.44226643,241.80997,78.11851,8.753312,WAL
1996657312000,209.139924,-1.96635990075078,-4.9430825962278,-2.44682938137704,1.4758505,1.6930131,-0.43463063,242.02966,77.98771,8.727759,WAL
1996662347000,209.144959,-2.10765546463282,-4.72955770770823,-2.32640603536718,1.3930782,1.6869044,-0.42210788,242.23746,77.89088,8.69954,WAL
1996667253000,209.149865,-2.25122349769345,-4.52578360050271,-2.18283800230655,1.3087788,1.670411,-0.44043383,242.43102,77.798134,8.678915,WAL
1996672359000,209.154971,-2.3732178802687,-4.25229614074594,-1.8921212591939,1.2061534,1.6722436,-0.44257188,242.63458,77.735306,8.635317,WAL
1996677253000,209.159865,-2.48129736095849,-3.97034977818328,-1.56788281712452,1.0940597,1.67316,-0.4596761,242.83215,77.68676,8.601304,WAL
1996682333000,209.164945,-2.58124437284377,-3.70303359369147,-1.23919345776244,0.94806284,1.6890424,-0.47647488,243.04213,77.64812,8.563563,WAL
1996687262000,209.169874,-2.67430321264662,-3.45177484282898,-0.922793538472154,0.7699956,1.6972891,-0.49602258,243.24776,77.63683,8.531459,WAL
1996692314000,209.174926,-2.69714803868218,-3.20152822612576,-0.699746567257045,0.5879578,1.7131716,-0.51159966,243.4613,77.58724,8.536523,WAL
1996697265000,209.179877,-2.69239277473674,-2.95900956629225,-0.519046398299067,0.41416663,1.7592919,-0.5045747,243.68207,77.574234,8.538052,WAL
1996702340000,209.184952,-2.71515396595065,-2.80622682121916,-0.194163143808418,0.26419923,1.8032742,-0.47983465,243.91953,77.53024,8.51654,WAL
1996707374000,209.189986,-2.74780682307692,-2.68960937692308,0.179012629230769,0.09285152,1.8054122,-0.49480084,244.15549,77.52083,8.504058,WAL
1996712347000,209.194959,-2.70604867464591,-2.67555680210949,0.593038620285284,-0.09193522,1.7290541,-0.50732356,244.42114,77.52442,8.46704,WAL
1996717312000,209.199924,-2.62962667645404,-2.708991376444,1.02768907414766,-0.26328292,1.6355917,-0.5119051,244.67696,77.5589,8.433573,WAL
1996722415000,209.205027,-2.58840507463069,-2.79565034323419,1.33653143968879,-0.43127087,1.5457945,-0.5158757,245.01805,77.60744,8.363885,WAL
1996727321000,209.209933,-2.56526937587158,-2.9020742579673,1.57251472633445,-0.57635134,1.4581354,-0.5140431,245.32684,77.686386,8.298572,WAL
1996732328000,209.21494,-2.50679998990336,-2.98401115777129,1.74465051554258,-0.711658,1.4132367,-0.49693888,245.70834,77.749374,8.222772,WAL
1996737360000,209.219972,-2.42918303616871,-3.05192608726596,1.88048037453191,-0.8399397,1.3069462,-0.48441613,246.04231,77.83971,8.154355,WAL
1996742349000,209.224961,-2.30451133616808,-3.06134629598799,1.95695987643822,-0.89919364,1.1948525,-0.47525316,246.39691,77.91642,8.080137,WAL
1996747347000,209.229959,-2.15605598469235,-3.04219072966483,2.00484866723362,-1.0030408,1.071763,-0.45570546,246.71204,78.03234,8.004678,WAL
1996752319000,209.234931,-2.01475911376777,-2.99899231192111,1.9408528645074,-1.0842859,0.9288206,-0.42852196,247.00916,78.135574,7.933167,WAL
1996757327000,209.239939,-1.87564861058687,-2.94334812033259,1.82029045746882,-1.185384,0.8072584,-0.4016439,247.27182,78.26663,7.8605566,WAL
1996762314000,209.244926,-1.75443987679408,-2.92684906377461,1.62363331688366,-1.2647965,0.6927212,-0.36987892,247.50351,78.389496,7.8070626,WAL
1996767303000,209.249915,-1.64495842567441,-2.93680196548276,1.37481196933653,-1.3634512,0.6035349,-0.33658674,247.70253,78.540474,7.749533,WAL
1996772325000,209.254937,-1.57084779397295,-3.0035058877499,1.17235925320953,-1.4456125,0.5497787,-0.2996294,247.8712,78.71636,7.6978765,WAL
1996777312000,209.259924,-1.51468212189338,-3.09711535750686,0.994501275333203,-1.5375478,0.47861293,-0.27458394,248.0047,78.91524,7.6443906,WAL
1996782306000,209.264918,-1.53845997400177,-3.23836347425684,0.917089414952418,-1.6334536,0.38973203,-0.23090707,248.08499,79.16868,7.5846925,WAL
1996787296000,209.269908,-1.60878509702737,-3.40714370098107,0.898336066762484,-1.7208074,0.3100141,-0.2098322,248.14346,79.43392,7.526201,WAL
1996792314000,209.274926,-1.70228576901467,-3.60568453802933,0.978804689522826,-1.8246545,0.21197024,-0.17134771,248.13806,79.75243,7.458227,WAL
1996797309000,209.279921,-1.81098185980169,-3.82307671960339,1.12702661462095,-1.9294178,0.124005646,-0.1328632,248.10785,80.083916,7.3857627,WAL
1996802301000,209.284913,-1.91541346061431,-4.02889038810264,1.39141474618974,-2.038152,0.019547688,-0.065973446,248.03049,80.46217,7.2797074,WAL
1996807340000,209.289952,-2.01860799777411,-4.23058880386859,1.71976104086314,-2.141999,-0.105068825,0.01740966,247.91624,80.85953,7.1600137,WAL
1996812311000,209.294923,-2.17017889757042,-5.45178823143936,2.67372751148001,-2.2339342,-0.2434298,0.09896017,247.78116,81.28277,7.002779,WAL
1996817307000,209.299919,-2.3554300069306,-7.3552429533443,4.04921698518052,-2.2708917,-0.35338554,0.26175576,247.6102,81.73941,6.800026,WAL
1996822314000,209.304926,-2.20383053466197,-9.54014988094006,5.29621521901853,-2.2727242,-0.42455134,0.38026363,247.45586,82.17968,6.5757813,WAL
1996827314000,209.309926,-1.75765981305518,-11.9643444145357,6.42651431830417,-2.2159138,-0.43004912,0.5036584,247.28152,82.64533,6.3050566,WAL
1996832304000,209.314916,-0.872344638508178,-13.8607531096071,8.05676199869336,-2.0360138,-0.42394048,0.6389651,247.23254,82.988655,5.9841876,WAL
1996837298000,209.31991,0.30556117178511,-15.411812144388,10.0214370421038,-1.865277,-0.31490102,0.6753115,247.20535,83.32411,5.662363,WAL
1996842314000,209.324926,1.77595931275458,-16.6307350349287,11.2810639254582,-1.3344351,-0.31245756,0.67103547,247.26718,83.40218,5.41398,WAL
1996847311000,209.329923,3.55956836736253,-17.4689339521385,11.7440222362525,-0.45051312,-0.43157628,0.36132678,247.31851,83.31623,5.252905,WAL
1996852311000,209.334923,5.10910594439326,-18.0734111161891,11.3702185546853,0.52473325,-0.46731192,-0.23579398,247.65924,82.55657,5.465815,WAL
1996857316000,209.339928,6.43404611858472,-18.4532280363955,10.1910220159403,1.1759156,-0.20341812,-0.71837753,248.03067,81.6789,5.7101283,WAL
1996862313000,209.344925,6.99083960324313,-18.3156007853308,8.94222604807775,1.5509869,0.3475823,-0.77518797,248.53754,80.41075,6.2737484,WAL
1996867306000,209.349918,6.06140691589347,-17.1756327195017,7.55577970614261,1.6954565,0.90133166,-0.6728681,249.11188,79.100975,6.848715,WAL
1996872296000,209.354908,4.99597552960146,-15.5601021612413,6.46919859023426,1.6282613,1.3063353,-0.66248333,249.75092,77.910904,7.5154967,WAL
1996877316000,209.359928,3.77226925559274,-13.4052092538282,5.70864802355745,1.4523321,1.5793921,-0.66553766,250.47345,76.81341,8.075472,WAL
1996882330000,209.364942,2.58624423391034,-11.2811216296332,5.1216049012517,1.2052372,1.7003434,-0.64965516,251.14896,75.97873,8.487857,WAL
1996887295000,209.369907,1.44665906928779,-9.2049543198137,4.70637139111197,0.91690874,1.690875,-0.6102544,251.84856,75.23567,8.854943,WAL
1996892311000,209.374923,0.368147447171911,-7.42884335831225,4.42293526345239,0.63804877,1.6053538,-0.57818395,252.51965,74.66434,9.117482,WAL
1996897309000,209.379921,-0.615012586874431,-6.0630741909744,4.31154287577659,0.38881573,1.4462235,-0.5177083,253.15704,74.17759,9.352045,WAL
1996902303000,209.384915,-1.5093453586027,-5.1970711006328,4.12823201517017,0.17165314,1.2608259,-0.39858958,253.71262,73.83627,9.43693,WAL
1996907333000,209.389945,-2.30849359829827,-4.90047986478536,3.86047609093552,-0.019242255,1.0989466,-0.22327125,254.22058,73.567505,9.494711,WAL
1996912310000,209.394922,-3.10146694249234,-4.70610516547498,3.57576837814096,-0.22235495,1.0241156,0.003970624,254.68729,73.423645,9.41152,WAL
1996917306000,209.399918,-3.91274273419816,-5.18505111971399,3.15546877875383,-0.45478916,1.0326678,0.25992316,255.11752,73.36157,9.276299,WAL
1996922398000,209.40501,-4.63315684147126,-5.7998699693646,2.83743137980333,-0.6973027,1.0619892,0.4908302,255.45233,73.478294,8.972761,WAL
1996927315000,209.409927,-4.8735894474565,-6.93524599640696,3.00217226614977,-0.91354895,0.98563105,0.6789767,255.74327,73.67082,8.618486,WAL
1996932414000,209.415026,-5.10370048222471,-8.17950209615972,3.19021516537639,-1.0662653,0.8527679,0.8222246,255.93503,74.0694,8.1046,WAL
1996937291000,209.419903,-5.09418494203932,-10.1682097548131,3.57558674326169,-1.105666,0.42180246,0.86315256,256.0138,74.49393,7.597069,WAL
1996942293000,209.424905,-5.1124253286985,-12.1973482291177,3.90720303318679,-1.0781772,-0.20097467,0.88606006,255.96751,74.9952,7.0248275,WAL
1996947308000,209.42992,-5.42177479102341,-14.1221876246294,3.57821257280442,-0.93462384,-0.8555168,0.86345804,255.79178,75.459015,6.4912057,WAL
1996952349000,209.434961,-5.63142981473001,-15.8814887198447,3.23285420543409,-0.6963864,-1.3402383,0.8353582,255.47879,75.90422,5.965595,WAL
1996957320000,209.439932,-5.23379441280401,-16.5691637881639,2.80481151426325,-0.3885103,-1.5409076,0.77549344,255.06958,76.267494,5.4893847,WAL
1996962402000,209.445014,-4.82728000673119,-17.2721943045988,2.36721083904093,-0.035124753,-1.3811663,0.6881397,254.5615,76.67135,4.9863286,WAL
1996967304000,209.449916,-4.43516398576131,-17.9503240943596,1.94510959741561,0.38362336,-0.9969321,0.59040123,254.07455,76.943535,4.518239,WAL
1996972369000,209.454981,-3.92882926432718,-18.5240788833915,1.54223091764589,0.86315256,-0.7339546,0.45937067,253.62105,77.071815,4.0975547,WAL
1996977315000,209.459927,-2.22314891187232,-17.5649288552618,1.54695574140648,1.3118331,-0.77213365,0.2648101,253.2096,77.05974,3.7331314,WAL
1996982375000,209.464987,-0.529096675299675,-16.4097853625627,1.42074911384706,1.4703526,-1.0946705,-0.070554934,252.75899,77.09418,3.5589516,WAL
1996987287000,209.469899,0.475524572656235,-13.1042578388938,-0.34775472963291,1.2144,-1.4340062,-0.42302418,252.31647,77.094185,3.4604845,WAL
1996992549000,209.475161,1.46083741348227,-9.60846377163672,-2.1716049976882,0.6536258,-1.4107933,-0.6969972,251.99896,77.0197,3.671882,WAL
1996997332000,209.479944,1.28286419030597,-6.96556078955804,-2.99473128264206,-0.0571159,-1.1908818,-0.84421575,251.65817,77.04046,3.946113,WAL
1997002668000,209.48528,1.06390338568346,-4.08124237981987,-3.85614501559246,-0.74220127,-0.9841039,-0.82711154,251.29254,77.28694,4.411033,WAL
1997007389000,209.490001,0.406442424741533,-2.98688813796791,-3.32593459465241,-1.2873985,-0.9275989,-0.711658,250.93872,77.659485,4.8650093,WAL
1997012245000,209.494857,-0.269819050864059,-1.86124013999437,-2.78056246923726,-1.6850718,-1.1053606,-0.62888575,250.4612,78.16557,5.1985216,WAL
1997017344000,209.499956,-0.923306352998627,-1.28849558659541,-2.39637667528927,-2.0143282,-1.3973542,-0.54336464,249.95499,78.78486,5.492658,WAL
1997022297000,209.504909,-1.54658011945872,-0.855924957619141,-2.06148325691312,-2.2440135,-1.6603317,-0.4560109,249.39705,79.45683,5.7595925,WAL
1997027358000,209.50997,-2.05834974660537,-0.844187083814912,-2.19878855339463,-2.3674083,-1.8457294,-0.35155296,248.82341,80.10244,5.9240174,WAL
1997032245000,209.514857,-2.52173446449788,-0.938755421802384,-2.44939453550212,-2.4233024,-1.91323,-0.28924468,248.20021,80.75675,6.0688877,WAL
1997037343000,209.519955,-2.93515698787789,-1.32921028588562,-2.68726675136287,-2.415972,-2.0250182,-0.14905111,247.51653,81.423416,6.0893555,WAL
1997042255000,209.524867,-3.31749262740609,-1.77216012226187,-2.91107303162851,-2.3924537,-2.1664336,0.018020526,246.79584,82.07757,6.0707607,WAL
1997047343000,209.529955,-3.72083036158416,-2.37965065229703,-3.21531997614851,-2.310598,-2.3188446,0.17806722,245.98268,82.793045,5.9288874,WAL
1997052272000,209.534884,-4.11341886732673,-3.00592265762376,-3.52845597881188,-2.2171354,-2.4071145,0.34483343,245.13892,83.48905,5.7192864,WAL
1997057363000,209.539975,-4.4714781192698,-3.62882576039594,-3.85684657797453,-2.141999,-2.3979516,0.50823987,244.2328,84.22384,5.389314,WAL
1997062247000,209.544859,-4.80184928325706,-4.21977154014127,-4.17325854892559,-2.065641,-2.2999077,0.6728681,243.32358,84.89296,4.992312,WAL
1997067337000,209.549949,-4.86639230989359,-4.68349388093184,-4.36233330440034,-1.9960022,-2.1502457,0.84574294,242.37491,85.52926,4.470695,WAL
1997072333000,209.554945,-4.84345793504937,-5.09172613632442,-4.50452633264308,-1.9080375,-1.9877555,1.0345002,241.46063,94.00814,3.8830926,WAL
1997077349000,209.559961,-4.77418393152174,-5.56256357,-4.43131334304348,-1.8249599,-1.897042,1.2391402,240.53017,93.79034,3.1852565,WAL
1997082354000,209.564966,-4.68419309184783,-6.059880845,-4.26080476369565,-1.7455474,-1.8194622,1.4398094,239.65121,93.91501,2.4303448,WAL
1997087343000,209.569955,-4.48523928248248,-6.74814229961962,-4.1882665197998,-1.6630806,-1.7235563,1.6646078,238.806,94.38243,1.6289876,WAL
1997092320000,209.574932,-4.23236832482482,-7.5306105961962,-4.164410597998,-1.5766432,-1.518611,1.8680259,238.02744,95.08035,0.7838365,WAL
1997097350000,209.579962,-3.91216561227115,-8.52465651954478,-4.20388642731321,-1.4929546,-1.2525792,2.0506747,237.32327,95.903244,-0.037215997,WAL
1997102298000,209.58491,-3.5651527015141,-9.60321034636319,-4.27422705820881,-1.3994923,-0.93034774,2.2204952,236.70464,96.795395,-0.8919374,WAL
1997107316000,209.589928,-3.1012237655831,-10.6812427986591,-4.13156138508736,-1.3457361,-0.61758476,2.3811526,236.19736,97.70488,-1.723076,WAL
1997112320000,209.594932,-2.57546064286875,-11.7473738718001,-3.86867967123121,-1.3319917,-0.39828414,2.4672847,235.7639,98.633675,-2.5530045,WAL
1997117309000,209.599921,-1.97739744449032,-12.7650832769095,-3.58386078239457,-1.3613132,-0.23640485,2.4663684,235.4523,99.53306,-3.2842607,WAL
1997122330000,209.604942,-1.3392872263639,-13.7671525723975,-3.28607609619581,-1.4132367,-0.12950343,2.3823745,235.19095,100.42551,-3.987333,WAL
1997127306000,209.609918,-0.723332114843625,-14.4889531475541,-3.02080677569166,-1.4456125,-0.08155051,2.257758,235.03973,101.18871,-4.5585012,WAL
1997132312000,209.614924,-0.113010349919808,-15.0608294346431,-2.77091128016239,-1.4480561,0.0027488936,2.1817052,234.92902,101.934616,-5.0958366,WAL
1997137341000,209.619953,0.71326363862017,-14.7364238099906,-2.35416510508954,-1.4526376,0.12034045,2.0033326,234.9027,102.5032,-5.4214373,WAL
1997142484000,209.625096,1.67883688617531,-13.8961894569274,-1.83424100918944,-1.4944818,0.16646078,1.7739527,234.87106,103.04909,-5.7039385,WAL
1997147317000,209.629929,2.20817872050919,-13.1339469589816,-1.47537004851485,-1.5589281,0.087659165,1.4975362,234.88739,103.45296,-5.7857237,WAL
1997152311000,209.634923,2.42078411798343,-12.3704996783189,-1.21927709278642,-1.6007724,-0.031154128,1.2895365,234.89137,103.83324,-5.8294024,WAL
1997157326000,209.639938,2.51613285947867,-11.6338059218009,-0.839474076495853,-1.5180001,-0.12339478,1.0445796,234.94711,104.047134,-5.6695914,WAL
1997162314000,209.644926,2.51141632330174,-10.9263254952607,-0.358387036776264,-1.4092661,-0.30665436,0.74006325,234.92395,104.2355,-5.4620404,WAL
1997167306000,209.649918,2.36782437231536,-10.2220595290737,-0.197502949495162,-1.3814718,-0.655153,0.473726,234.84207,104.39262,-5.210493,WAL
1997172381000,209.654993,2.08847413546317,-9.50971601915892,-0.341833931940799,-1.4110987,-1.1633929,0.23304509,234.64601,104.51474,-4.919555,WAL
1997177310000,209.659922,1.74071808335683,-8.87535356421389,-0.745653534357673,-1.4703526,-1.6737708,0.022907447,234.3713,104.60146,-4.6061473,WAL
1997182311000,209.664923,1.28613160111832,-8.30824570991448,-1.50629820875858,-1.505172,-2.0708332,-0.1554652,233.97835,104.68286,-4.2771373,WAL
1997187291000,209.669903,0.819652114469381,-7.82843940509783,-2.27245009186674,-1.534188,-2.3197608,-0.2751948,233.46718,104.852615,-4.00006,WAL
1997192317000,209.674929,0.315667965232364,-7.54844820103649,-3.06660689004759,-1.5479325,-2.4569001,-0.3494149,232.87659,105.02865,-3.7220666,WAL
1997197300000,209.679912,-0.1477088347724,-7.37789722096,-3.74144954784,-1.5656476,-2.518292,-0.3866777,232.18329,105.38342,-3.550384,WAL
1997202289000,209.684901,-0.558605555861,-7.3635636244,-4.2526815576,-1.5586227,-2.5085182,-0.3631594,231.47809,105.7397,-3.3969424,WAL
1997207361000,209.689973,-0.918765172550672,-7.40512502123219,-4.69493391139876,-1.536937,-2.4226916,-0.33108896,230.70944,106.23289,-3.3482058,WAL
1997212362000,209.694974,-1.19269012519366,-7.52526744748144,-5.02172161188039,-1.5008959,-2.2336287,-0.29077184,229.98035,106.72127,-3.3153985,WAL
1997217239000,209.699851,-1.39860766645005,-7.63897180529583,-5.10765672689622,-1.4816537,-1.9685133,-0.22266038,229.27838,107.314735,-3.3787363,WAL
1997222384000,209.704996,-1.52286460636275,-7.7536705728031,-4.84480546370514,-1.4492778,-1.6694947,-0.13041973,228.64705,107.89229,-3.4538317,WAL
1997227244000,209.709856,-1.6296115519945,-7.92626315405777,-4.57945262475929,-1.4199562,-1.5314392,-0.064446285,228.01886,108.51263,-3.592566,WAL
1997232308000,209.71492,-1.7201443090784,-8.23121566181961,-4.26973529003734,-1.4370605,-1.289842,0.053145275,227.51628,109.13558,-3.7435744,WAL
1997237261000,209.719873,-1.76700472866732,-8.50143310389105,-3.90632724627432,-1.4853189,-1.0268645,0.15760323,227.08734,109.734314,-3.902018,WAL
1997242322000,209.724934,-1.71985663974708,-8.71359928249027,-3.39712807301556,-1.5045611,-0.6939429,0.24220806,226.75253,110.32457,-4.062417,WAL
1997247244000,209.729856,-1.66053803135363,-8.90618772595719,-2.81929408613205,-1.559539,-0.36254853,0.30543262,226.52129,110.88664,-4.2260933,WAL
1997252300000,209.734912,-1.55835459973872,-9.06189586061702,-1.97263165011557,-1.6142114,-0.04917465,0.3707952,226.38118,111.44708,-4.382691,WAL
1997257399000,209.740011,-1.46497068207441,-9.17846780947012,-1.07486973416009,-1.6865989,0.15210545,0.41599923,226.33235,111.93532,-4.5055294,WAL
1997262334000,209.744946,-1.39836765501691,-9.19178822942503,-0.0980246418545659,-1.7342464,0.20280726,0.44929138,226.3282,112.42302,-4.62519,WAL
1997267286000,209.749898,-1.33744882016569,-9.18282507122651,0.826952114093756,-1.7211128,0.09468412,0.4728097,226.40518,112.7917,-4.7208147,WAL
1997272384000,209.754996,-1.31278599616084,-9.02991545938573,1.42379291855931,-1.6120734,-0.099265605,0.5006041,226.47328,113.13918,-4.828722,WAL
1997277308000,209.75992,-1.29209644512195,-8.89561447371052,1.90423951444422,-1.427592,-0.30879238,0.5271767,226.5603,113.31121,-4.9187884,WAL
1997282300000,209.764912,-1.28731751829268,-8.82871099510196,1.89468181048581,-1.2003502,-0.49846604,0.54611355,226.6012,113.43592,-5.031226,WAL
1997287306000,209.769918,-1.27570445421365,-8.75945616661721,1.82137789848665,-0.96577793,-0.6356053,0.56046885,226.62375,113.435715,-5.148666,WAL
1997292319000,209.774931,-1.22821835305638,-8.67872975994065,1.41299675418398,-0.7510588,-0.7302894,0.56016344,226.60666,113.37612,-5.280362,WAL
1997297305000,209.779917,-1.17857277373004,-8.60699196008708,0.990136228563135,-0.5897904,-0.7819075,0.5516113,226.57962,113.28226,-5.4219522,WAL
1997302333000,209.784945,-1.11334484838897,-8.58835527793904,0.458994548005806,-0.4914411,-0.7840455,0.5366451,226.54013,113.14707,-5.5624027,WAL
1997307352000,209.789964,-1.05268035814371,-8.56278920778443,-0.0709945327305389,-0.4615087,-0.7910705,0.51159966,226.46964,113.04402,-5.7047453,WAL
1997312460000,209.795072,-1.04291617654691,-8.45538407684631,-0.608022114391217,-0.48808134,-0.795652,0.49541172,226.39961,112.931114,-5.8410864,WAL
1997317347000,209.799959,-1.03823156816335,-8.3537536224601,-1.11295521702845,-0.5647449,-0.8023715,0.47616947,226.32437,112.90758,-5.959889,WAL
1997322384000,209.804996,-1.09082570646248,-8.26290888859153,-1.52414566204777,-0.66920286,-0.7834347,0.4822781,226.25713,112.90071,-6.0754485,WAL
1997327428000,209.81004,-1.15142159345828,-8.17954825049558,-1.91820303598847,-0.8011498,-0.7666359,0.5039638,226.16812,113.00681,-6.1895895,WAL
1997332296000,209.814908,-1.30684922748243,-8.19215030852406,-2.08203215900162,-0.9108001,-0.7516697,0.51343226,226.08374,113.13346,-6.298131,WAL
1997337304000,209.819916,-1.46674684276446,-8.20511479221481,-2.25057288374482,-0.95203346,-0.7318166,0.5326745,225.98814,113.34857,-6.4240956,WAL
1997342331000,209.824943,-1.61841012728186,-8.41202796355056,-2.23111424456271,-1.047023,-0.7021896,0.5687156,225.90152,113.60599,-6.553005,WAL
1997347300000,209.829912,-1.76653766879205,-8.65572201335475,-2.17377460901697,-1.131017,-0.6957755,0.6020077,225.81511,113.86801,-6.685218,WAL
1997352336000,209.834948,-1.82315865147338,-8.92988502956748,-1.93828792891819,-1.1927143,-0.6957755,0.63285637,225.72098,114.18981,-6.854658,WAL
1997357298000,209.83991,-1.86113294503047,-9.20519845959445,-1.67246762619119,-1.2473868,-0.70738196,0.6585127,225.62737,114.528076,-7.0299096,WAL
1997362335000,209.844947,-1.89547398932116,-9.43117386621675,-1.34009139432314,-1.2831224,-0.7296785,0.68325275,225.52792,114.85746,-7.23497,WAL
1997367327000,209.849939,-1.92868679186185,-9.64468491663358,-0.998474283406114,-1.3176364,-0.7669413,0.7049385,225.42316,115.196526,-7.44575,WAL
1997372339000,209.854951,-1.96615209648562,-9.80870013817891,-0.721021858873802,-1.3552046,-0.8035932,0.7086037,225.32689,115.484604,-7.6546903,WAL
1997377252000,209.859864,-2.00373262236422,-9.95902194738419,-0.462655561967851,-1.3552046,-0.82253003,0.7144069,225.22766,115.768265,-7.86826,WAL
1997382330000,209.864942,-2.06854837853184,-10.0651675314536,-0.296964806875061,-1.3350459,-0.8332202,0.7076874,225.14693,115.995926,-8.076683,WAL
1997387271000,209.869883,-2.13756009658726,-10.1571830274186,-0.158941471649976,-1.2840388,-0.82863873,0.72295904,225.06801,116.213356,-8.288655,WAL
1997392296000,209.874908,-2.17267263635826,-10.266022273426,-0.0457778739787171,-1.2027937,-0.84329945,0.74128497,224.99628,116.372116,-8.498311,WAL
1997397288000,209.8799,-2.19622539308306,-10.3790758992019,0.057854329391073,-1.0961977,-0.88453287,0.7678576,224.92102,116.50972,-8.712417,WAL
1997402363000,209.884975,-2.20950946554946,-10.5400226598286,0.137520287352403,-0.9630291,-0.96852684,0.784351,224.83746,116.59909,-8.941772,WAL
1997407350000,209.889962,-2.21870902282577,-10.7148145362612,0.206517014955215,-0.82741696,-1.087951,0.81000733,224.73752,116.66196,-9.184603,WAL
1997412349000,209.894961,-2.12634890766299,-10.9521191547643,0.0548144862848546,-0.65393126,-1.1933253,0.8338311,224.63005,116.66312,-9.432885,WAL
1997417339000,209.899951,-1.98255272330993,-11.2205386121364,-0.208811858369107,-0.4538729,-1.2822062,0.8509353,224.49748,116.625275,-9.692447,WAL
1997422338000,209.90495,-1.65526397880039,-11.4765046314651,-0.75184054973058,-0.2171626,-1.2947289,0.8436049,224.3638,116.51323,-9.941006,WAL
1997427348000,209.90996,-1.23538174104228,-11.7265469824975,-1.43591835403736,0.0571159,-1.2241739,0.84879726,224.23238,116.34787,-10.191012,WAL
1997432335000,209.914947,-0.663294299010858,-11.7906577240761,-2.08933505628051,0.19914207,-1.0821478,0.8371908,224.13232,116.162155,-10.382112,WAL
1997437367000,209.919979,0.00395129192847901,-11.7474544026297,-2.73257893953581,0.44806966,-0.8750645,0.79259765,224.06615,115.88282,-10.544067,WAL
1997442347000,209.924959,0.734971015764315,-11.5233133094495,-3.06540110693368,0.56505036,-0.63438356,0.72112644,224.10413,115.648674,-10.581637,WAL
1997447345000,209.929957,1.51048132251082,-11.1909515906209,-3.21953978907115,0.52503866,-0.40317106,0.59498274,224.18463,115.38806,-10.569734,WAL
1997452338000,209.93495,1.90204403978728,-11.260096768958,-3.12502304957652,0.33475417,-0.16279559,0.42088616,224.38809,115.1657,-10.373224,WAL
1997457389000,209.940001,2.07830767351783,-11.5602218763049,-2.88682900237345,0.0711658,0.05131268,0.21991149,224.62518,114.96301,-10.123443,WAL
1997462345000,209.944957,1.72989095381698,-11.877428335695,-2.45372100754416,-0.20830505,0.17867808,0.009468411,224.93367,114.77337,-9.710939,WAL
1997467343000,209.949955,1.04685752070652,-12.2117801217443,-1.89009907621994,-0.44440445,0.19547687,-0.17806722,225.23996,114.6308,-9.258519,WAL
1997472361000,209.954973,0.227335179365079,-12.217953281746,-1.37951623253968,-0.6264423,0.098043874,-0.30970868,225.55751,114.475235,-8.751445,WAL
1997477347000,209.959959,-0.673869071157569,-12.0099829847077,-0.908117101703446,-0.72173727,-0.043066,-0.37018433,225.84506,114.35872,-8.2382555,WAL
1997482327000,209.964939,-1.4783206039886,-11.695163482906,-0.697060575213675,-0.75228053,-0.23487769,-0.3903429,226.04941,114.235954,-7.8273525,WAL
1997487333000,209.969945,-2.20363634895373,-11.2854069650752,-0.71119009504863,-0.6649268,-0.3817908,-0.3662137,226.22325,114.11259,-7.438864,WAL
1997492312000,209.974924,-2.64488067434408,-11.0732472331264,-0.794184453254556,-0.4978552,-0.3811799,-0.32284227,226.29532,113.98241,-7.2313533,WAL
1997497343000,209.979955,-2.80410079100741,-11.0587729060685,-0.94857952553575,-0.28527406,-0.29077184,-0.25137106,226.35992,113.82347,-7.0489044,WAL
1997502341000,209.984953,-2.76381749316905,-11.3129980966979,-0.934429180611138,-0.07147124,-0.15607607,-0.16462818,226.35266,113.694824,-7.017647,WAL
1997507387000,209.989999,-2.5256480837654,-11.8369703596846,-0.753420481192706,0.12675454,-0.05497787,-0.08979719,226.36955,113.51924,-6.9962897,WAL
1997512352000,209.994964,-2.15240059850511,-12.5382612151849,-0.532866249797404,0.3203988,-0.02076942,-0.050701816,226.39429,113.32294,-7.0185146,WAL
1997517349000,209.999961,-1.62527685806452,-13.446608483871,-0.264597911290323,0.46700647,0.0290161,-0.07238753,226.4541,113.089676,-7.03056,WAL
1997522357000,210.004969,-1.11193046165592,-14.2590863614279,0.00945810921170055,0.5867361,0.06566802,-0.14508049,226.56592,112.74153,-6.9788604,WAL
1997527352000,210.009964,-0.618627550381755,-14.9468649246406,0.289312634938027,0.71776664,0.09162979,-0.19272798,226.69154,112.35752,-6.9238477,WAL
1997532332000,210.014944,-0.160269742282117,-15.4831721611253,0.462036185075743,0.78038037,0.064446285,-0.29535335,226.90266,111.83753,-6.718499,WAL
1997537347000,210.019959,0.255472563905174,-15.8185999872123,0.490382236831596,0.89675015,0.024129177,-0.40653083,227.11494,111.27589,-6.5014234,WAL
1997542291000,210.024903,0.574538986318261,-15.9401470217413,0.529893489420231,1.0173961,-0.015882496,-0.5207626,227.41173,110.60822,-6.1618314,WAL
1997547350000,210.029962,0.752569652699806,-15.7225542524242,0.589237046602021,1.1566733,-0.03940081,-0.64996064,227.69386,109.91388,-5.8012943,WAL
1997552294000,210.034906,0.751631053689643,-15.3638737103744,0.709063184822428,1.2748758,-0.089491755,-0.7809912,228.02242,109.174355,-5.351296,WAL
1997557327000,210.039939,0.511305312494752,-14.7988978878586,0.915659016506298,1.387275,-0.20250183,-0.9306532,228.31853,108.413155,-4.884866,WAL
1997562292000,210.044904,0.251966606276969,-14.212236713999,1.10473008931259,1.5057828,-0.355829,-1.0888673,228.60353,107.631775,-4.380954,WAL
1997567305000,210.049917,-0.152721474306071,-13.4317661899649,1.20108432594079,1.6334536,-0.48075095,-1.2055426,228.86307,106.837395,-3.8711007,WAL
1997572310000,210.054922,-0.566099720523521,-12.6819079514416,1.28659811699545,1.8197676,-0.5494733,-1.2864822,229.04047,105.99928,-3.4077444,WAL
1997577315000,210.059927,-1.03432689287272,-12.1045794926024,1.30932767133915,2.072971,-0.58459806,-1.3414601,229.19778,105.1267,-2.9379797,WAL
1997582503000,210.065115,-1.52019337308248,-11.5301712503128,1.32909143825426,2.35794,-0.57635134,-1.400714,229.2702,104.22208,-2.5223374,WAL
1997587292000,210.069904,-1.97481013353864,-11.28300105601,1.30260888122414,2.676506,-0.5708536,-1.4511104,229.34457,103.25707,-2.1035306,WAL
1997592628000,210.07524,-2.48096610938025,-11.0163354120767,1.26704260864999,2.9767463,-0.56505036,-1.5118915,229.3541,102.25413,-1.7417461,WAL
1997597310000,210.079922,-2.90909533386968,-11.1431885953497,0.985587285219698,3.2006285,-0.5036584,-1.5769486,229.39565,101.202034,-1.3654858,WAL
1997602292000,210.084904,-3.36465701614358,-11.2781699193705,0.686097660843427,3.3353243,-0.39003745,-1.6062702,229.38977,100.11889,-1.0496112,WAL
1997607325000,210.089937,-3.86131664019449,-11.6522440046596,0.0781123017423015,3.3954945,-0.18387043,-1.6190983,229.44421,99.01376,-0.717016,WAL
1997612285000,210.094897,-4.36654368719611,-12.1237886724068,-0.653263935534846,3.3625078,0.09132435,-1.6215417,229.56894,97.92113,-0.37717256,WAL
1997617309000,210.099921,-4.83914594823768,-12.5453247345451,-1.28605348195239,3.275765,0.35796702,-1.611768,229.69116,96.89832,-0.10602849,WAL
1997622365000,210.104977,-5.29931332376822,-12.9474129545119,-1.88025029523897,3.1563408,0.46486846,-1.5781704,229.86372,95.919876,0.15667619,WAL
1997627315000,210.109927,-5.80560472498936,-13.2872209412516,-2.35923256608131,2.9752192,0.61361414,-1.5451837,230.049,95.11536,0.3507904,WAL
1997632309000,210.114921,-6.36042558152405,-13.5875370127714,-2.76135039215624,2.8900034,0.64965516,-1.4963144,230.24677,94.34145,0.52521133,WAL
1997637289000,210.119901,-6.82609084564762,-13.8069984388274,-3.05238208014757,2.7049112,0.57848936,-1.428203,230.40364,93.76208,0.61586946,WAL
1997642321000,210.124933,-7.2537461205504,-13.989592453784,-3.292637777585,2.5460863,0.47769663,-1.350623,230.57336,93.21523,0.6887899,WAL
1997647307000,210.129919,-7.65775230056711,-14.0746650567108,-3.28500769905482,2.4550674,0.36926803,-1.3100005,230.65535,92.75648,0.6931821,WAL
1997652311000,210.134923,-8.05348924196597,-14.1128086702816,-3.15627396163566,2.3747387,0.2144137,-1.3078625,230.70464,92.34789,0.68703103,WAL
1997657317000,210.139929,-8.2462723162703,-14.2267048883411,-2.69045506699536,2.3353379,-0.004886922,-1.3542882,230.66615,91.985,0.6387621,WAL
1997662315000,210.144927,-8.33419174579466,-14.3794062543503,-2.05188644738979,2.295937,-0.29932398,-1.5265522,230.56952,91.66539,0.6290372,WAL
1997667307000,210.149919,-8.03748282870632,-14.1916523133457,-1.58467676016743,2.2024746,-0.6814202,-1.6749926,230.38223,91.34558,0.5866295,WAL
1997672323000,210.154935,-7.47167807753334,-13.766129696778,-1.2339715457218,2.1218405,-0.84788096,-1.6798794,230.18115,91.052414,0.5570807,WAL
1997677310000,210.159922,-6.8830191573164,-13.5108574239614,-1.69116963796365,1.9523253,-0.35796702,-1.7040086,230.10847,90.77417,0.5755999,WAL
1997682309000,210.164921,-6.2703822043954,-13.3998725778932,-2.84541287147626,1.5448782,0.22296582,-1.7412714,230.02191,90.64695,0.60024273,WAL
1997687289000,210.169901,-5.48467372307037,-13.0500462324071,-3.49378800061748,1.2999213,0.6389651,-1.700038,230.05667,89.31649,0.6775227,WAL
1997692320000,210.174932,-4.39723065197487,-12.2960170062813,-3.30912775136804,1.2892311,0.8527679,-1.5656476,230.20241,89.17643,0.73689353,WAL
1997697308000,210.17992,-3.39221005548439,-11.6475705572458,-2.99736414571657,1.4340062,1.0180069,-1.4138476,230.31499,89.05112,0.8654024,WAL
1997702307000,210.184919,-2.45791066371097,-11.0965738931145,-2.55656661429143,1.6178766,1.1542299,-1.3057245,230.48088,88.946625,0.965462,WAL
1997707311000,210.189923,-1.35102245034283,-10.8937828913568,-2.02787577842588,1.8438967,1.3460416,-1.2974777,230.73515,88.72117,1.1660875,WAL
1997712310000,210.194922,-0.0749866897151136,-11.037105259295,-1.41297444722356,2.0329595,1.5552629,-1.3393221,231.03415,88.49645,1.3456043,WAL
1997717298000,210.19991,0.752162774375369,-11.0096570461342,-0.836920252941078,2.172237,1.6588045,-1.3878858,231.41359,88.12272,1.6302974,WAL
1997722362000,210.204974,0.990687983818611,-10.7520500809561,-0.302623716540527,2.252871,1.8188512,-1.4208726,231.87013,87.726006,1.9147882,WAL
1997727291000,210.209903,1.12495591900379,-10.5198083974012,-0.0585203204129219,2.2849414,1.8863518,-1.4141531,232.3237,87.105484,2.3914018,WAL
1997732307000,210.214919,1.11195179642664,-10.3117421645912,-0.231908742292727,2.281887,1.8530598,-1.3833044,232.79929,86.484634,2.8579729,WAL
1997737308000,210.21992,1.08144347525953,-10.051862447055,-0.447370096728226,2.2262983,1.9352211,-1.3524556,233.3608,85.785255,3.3441947,WAL
1997742317000,210.224929,0.97135990882308,-9.55386516009179,-0.856251925868211,2.1389446,1.9816469,-1.2962561,233.90677,85.11373,3.8023026,WAL
1997747243000,210.229855,0.849389332848866,-9.0859034388687,-1.27933178283414,2.060143,2.0265455,-1.2070698,234.42593,84.48346,4.244251,WAL
1997752326000,210.234938,0.696416230711971,-8.64610638544633,-1.75737268333497,1.9694295,2.10046,-1.1004738,234.9696,83.89669,4.65244,WAL
1997757262000,210.239874,0.530200836439169,-8.23829931602374,-2.13594991369931,1.890628,2.2235496,-0.9935723,235.46265,83.38493,5.0446105,WAL
1997762314000,210.244926,0.319636114872404,-7.86502547507418,-2.32737239239367,1.8362609,2.339614,-0.88056225,235.97617,82.91685,5.3932056,WAL
1997767263000,210.249875,0.100768311534476,-7.49453682072539,-2.48285869657234,1.8310685,2.3851233,-0.7816021,236.45367,82.53908,5.6759534,WAL
1997772354000,210.254966,-0.156709043901953,-7.10103351515544,-2.56058775585891,1.8167132,2.3872614,-0.69974613,236.94968,82.19812,5.9242043,WAL
1997777274000,210.259886,-0.396832560695974,-6.74319418141601,-2.61939984236002,1.7989981,2.3445008,-0.62980205,237.4255,81.91581,6.115522,WAL
1997782309000,210.264921,-0.619966388664507,-6.43526965800092,-2.63725053666821,1.7809776,2.2785273,-0.57543504,237.89206,81.65389,6.2851696,WAL
1997787279000,210.269891,-0.839841251004153,-6.14626070662106,-2.64401762025409,1.7470746,2.218968,-0.5369505,238.29037,81.41602,6.4277496,WAL
1997792297000,210.274909,-1.05900890491082,-5.96623003627331,-2.56965714552488,1.7061466,2.1572707,-0.5161811,238.66704,81.19388,6.55936,WAL
1997797308000,210.27992,-1.27787082474469,-5.78645050476423,-2.49540040202785,1.6783522,2.0772474,-0.5131268,239.01495,80.996056,6.6540985,WAL
1997802327000,210.284939,-1.46488656397575,-5.59689313632252,-2.46771997299144,1.627345,2.024102,-0.5119051,239.35089,80.817406,6.74279,WAL
1997807333000,210.289945,-1.63556250458963,-5.40315279609352,-2.46310711233523,1.5534303,1.9779817,-0.51893,239.66476,80.65044,6.833428,WAL
1997812306000,210.294918,-1.81255087104045,-5.27644284737372,-2.48962856625075,1.4798211,1.9419407,-0.5140431,239.97229,80.504974,6.8980336,WAL
1997817303000,210.299915,-1.995535500161,-5.19458134775609,-2.53778238955524,1.4162911,1.9385809,-0.5183192,240.27457,80.37121,6.9661446,WAL
1997822374000,210.304986,-2.15153789316171,-5.08783857735318,-2.49183424066774,1.346347,1.9113973,-0.528093,240.5448,80.25744,7.011878,WAL
1997827313000,210.309925,-2.28472341218825,-4.96892296374698,-2.38718868148632,1.3008375,1.8875736,-0.5479461,240.8135,80.15086,7.06038,WAL
1997832307000,210.314919,-2.42876510626069,-4.8165114935113,-2.17063529619989,1.2064588,1.8793269,-0.58123827,241.06934,80.08495,7.086542,WAL
1997837298000,210.31991,-2.57861577978339,-4.64395608483755,-1.88455654368231,1.097114,1.8771889,-0.6310238,241.31921,80.025925,7.122512,WAL
1997842315000,210.324927,-2.6830605554061,-4.51313235100879,-1.63698096113813,0.94806284,1.8945986,-0.68386364,241.57727,79.97942,7.159999,WAL
1997847307000,210.329919,-2.74241783714434,-4.42409629927574,-1.42923019097775,0.77763146,1.9000963,-0.7119634,241.82932,79.95537,7.20385,WAL
1997852312000,210.334924,-2.79782397476905,-4.31496830770835,-1.1490361088209,0.65484756,1.915368,-0.73456544,242.07663,79.88537,7.279189,WAL
1997857357000,210.339969,-2.85061681523791,-4.19018526668322,-0.813082056719976,0.52473325,1.915368,-0.7669413,242.31927,79.843056,7.363378,WAL
1997862411000,210.345023,-2.85460758240129,-4.08977761009824,-0.401760903408275,0.39584067,1.9086485,-0.79351395,242.55154,79.77623,7.463909,WAL
1997867307000,210.349919,-2.82360280446817,-4.01005120344795,0.0500226626903457,0.2501493,1.8570304,-0.79626286,242.76848,79.73586,7.56506,WAL
1997872323000,210.354935,-2.83014204096077,-3.93188296117997,0.5017538498945,0.11636983,1.7608191,-0.7874053,243.07779,79.70458,7.6009054,WAL
1997877326000,210.359938,-2.884125553713,-3.85826921991191,0.938529011969681,-0.028710667,1.6615535,-0.75900006,243.36618,79.707,7.6327577,WAL
1997882309000,210.364921,-2.91550250423094,-3.80245663516968,1.2792359806082,-0.15699236,1.568702,-0.73731434,243.74394,79.68546,7.6287584,WAL
1997887288000,210.3699,-2.92390852206258,-3.76462966464522,1.5230094005465,-0.26633725,1.4795157,-0.70738196,244.0889,79.69624,7.6166463,WAL
1997892261000,210.374873,-2.91995764850361,-3.70964573438597,1.73744819531476,-0.37598756,1.3665055,-0.675617,244.47192,79.68822,7.5774093,WAL
1997897307000,210.379919,-2.87008712961816,-3.58995638491228,1.84716344101135,-0.50518554,1.237613,-0.6429357,244.81992,79.711555,7.532118,WAL
1997902312000,210.384924,-2.78479261108043,-3.42227998813574,1.81774484006413,-0.6374379,1.1142182,-0.61453044,245.18292,79.72693,7.470266,WAL
1997907347000,210.389959,-2.60870022437873,-3.13022455974882,1.43979066129865,-0.75991637,1.0158689,-0.57451874,245.51068,79.774345,7.3988075,WAL
1997912480000,210.395092,-2.43527616165367,-2.85976946214417,1.06484582496277,-0.88056225,0.95081174,-0.5338962,245.82635,79.826645,7.33168,WAL
1997917305000,210.399917,-2.34623545021459,-2.93666822188841,0.838196679828326,-1.001819,0.915687,-0.49449542,246.11703,79.91031,7.2556014,WAL
1997922345000,210.404957,-2.25322712158185,-3.01699355849172,0.601448142734519,-1.0580186,0.8765916,-0.48166725,246.33093,80.03669,7.215662,WAL
1997927341000,210.409953,-2.17777960649961,-3.16810158260572,0.477963849312843,-1.1557571,0.86406887,-0.44104472,246.53549,80.20665,7.1566677,WAL
1997932300000,210.414912,-2.10804876585748,-3.34010446848081,0.389638049874706,-1.2528846,0.8567385,-0.40286562,246.72556,80.386826,7.0955977,WAL
1997937349000,210.419961,-2.07760461546745,-3.53551990778267,0.468691655516397,-1.3536774,0.8246681,-0.36835176,246.85773,80.62096,7.040627,WAL
1997942378000,210.42499,-2.06346010372981,-3.73825669497797,0.614850710842878,-1.4459181,0.77488256,-0.3268129,246.97612,80.87556,6.973299,WAL
1997947340000,210.429952,-2.02690077399583,-3.97540071454924,0.853475590151741,-1.5338826,0.70280045,-0.30298916,247.05453,81.1512,6.9134846,WAL
1997952338000,210.43495,-1.97942993555489,-4.23174344040464,1.1383008190717,-1.6215417,0.5858198,-0.27580565,247.09912,81.44338,6.843129,WAL
1997957367000,210.439979,-1.92874606064217,-4.48850033069044,1.50199381481336,-1.6994271,0.45234573,-0.26145032,247.14798,81.73647,6.7565346,WAL
1997962365000,210.444977,-1.87688810632325,-4.74307564882301,1.90271423665912,-1.7794504,0.29260445,-0.25228736,247.15009,82.03788,6.666794,WAL
1997967340000,210.449952,-1.87792838700484,-5.10523321915075,2.36129921560749,-1.8579466,0.12797627,-0.2171626,247.15497,82.313,6.5703573,WAL
1997972457000,210.455069,-1.91051430045597,-5.54281517301225,2.86870811992021,-1.9440787,-0.031154128,-0.129198,247.11024,82.60446,6.458891,WAL
1997977339000,210.459951,-1.89129377884139,-6.26187787885171,3.50480573676167,-2.0186043,-0.13408493,-0.03604105,247.09172,82.848915,6.347625,WAL
1997982327000,210.464939,-1.82716753782528,-7.26323361003717,4.28911877434944,-2.0491474,-0.20769419,0.07849618,247.03055,83.117096,6.2076216,WAL
1997987362000,210.469974,-1.60133698035661,-8.91727930034671,5.23015451634472,-2.0289888,-0.22143865,0.26267207,247.03745,83.3824,6.0145288,WAL
1997992283000,210.474895,-1.26988079518574,-10.9760424119861,6.25253357934621,-1.9184223,-0.1704314,0.42210788,247.03653,83.65862,5.798447,WAL
1997997322000,210.479934,-0.661499668787041,-12.9660448985579,7.92218458811734,-1.6844609,-0.058337633,0.52534413,247.14128,83.8596,5.566021,WAL
1998002359000,210.484971,0.15803814231529,-14.8624171874753,10.0806183447452,-1.2370021,0.013744468,0.5467244,247.2406,84.03261,5.3178654,WAL
1998007241000,210.489853,1.28130060262425,-16.2111198767396,11.6169445387674,-0.48349985,-0.070249505,0.42455134,247.44267,83.93527,5.1602335,WAL
1998012251000,210.494863,2.72641787141153,-17.1602235397614,12.6995901003976,0.38973203,-0.1255328,0.105374254,247.66098,83.67374,5.058575,WAL
1998017247000,210.499859,4.06562874204304,-17.8692358414671,12.7223103110033,1.03786,-0.183565,-0.09162979,248.08182,82.85236,5.1651754,WAL
1998022282000,210.504894,5.31775962736183,-18.3564454772153,11.7332734124482,1.2241739,-0.015577064,-0.3753767,248.5274,81.87197,5.366133,WAL
1998027247000,210.509859,5.80016656051339,-18.4561660184498,10.4216115258197,1.3961325,0.39736784,-0.5152648,249.12814,80.48851,5.838812,WAL
1998032251000,210.514863,5.63198439346235,-18.2255163900531,8.80706111651459,1.3820826,0.870483,-0.5873469,249.76938,79.167404,6.309396,WAL
1998037238000,210.51985,5.03780554909847,-17.1545626060036,7.3891057920745,1.2415836,1.2235631,-0.64660084,250.42227,77.953735,6.9456754,WAL
1998042251000,210.524863,4.07230800665742,-15.3519838545671,6.12872733984545,1.0033462,1.4172074,-0.6805039,251.14603,76.84939,7.517049,WAL
1998047249000,210.529861,3.024437934375,-13.3638729453125,5.09785389609375,0.7819075,1.4700472,-0.6930266,251.8144,76.03854,8.006151,WAL
1998052232000,210.534844,1.90131138914063,-11.2061648451172,4.27764538072266,0.6035349,1.4416419,-0.6731735,252.49915,75.31564,8.450368,WAL
1998057275000,210.539887,0.843711996043061,-9.12266668963243,3.65414673088934,0.44135013,1.3793337,-0.65270954,253.08865,74.812164,8.762442,WAL
1998062284000,210.544896,-0.119321375298225,-7.1640336742799,3.26335053584521,0.28130344,1.3045027,-0.6020077,253.65596,74.37226,9.047296,WAL
1998067258000,210.54987,-0.999899497429703,-5.58198085298096,3.03775214046768,0.106901415,1.1960741,-0.51923543,254.13678,74.10391,9.18687,WAL
1998072385000,210.554997,-1.79696662776114,-4.48126914167552,3.04249658472316,-0.08399397,1.0659598,-0.38881573,254.58116,73.89582,9.301068,WAL
1998077241000,210.559853,-2.52179770305481,-3.74375712812219,3.02277747610063,-0.2959642,0.94714653,-0.22204952,254.95453,73.80748,9.276585,WAL
1998082344000,210.564956,-3.224337855885,-3.5681220262354,2.95447501572327,-0.5271767,0.86376345,-0.029932396,255.29007,73.79304,9.2140465,WAL
1998087259000,210.569871,-3.77252043553202,-3.62271921343284,2.92696174333173,-0.7449502,0.81397796,0.16676621,255.58972,73.8734,9.023192,WAL
1998092317000,210.574929,-4.08503323938373,-4.1171424880597,2.97360541632162,-0.9257663,0.70188415,0.33964106,255.83578,74.02331,8.795142,WAL
1998097241000,210.579853,-4.35614520976384,-4.79476633713038,3.12112103079976,-1.0797043,0.47311515,0.46761733,255.99677,74.298004,8.449884,WAL
1998102362000,210.584974,-4.54106574945426,-6.07460998034332,3.57368932957928,-1.1930199,0.0888809,0.56291234,256.07022,74.62182,8.084587,WAL
1998107309000,210.589921,-4.71183171197901,-7.57992325370875,3.97569696352811,-1.2632693,-0.4166101,0.61636305,256.0172,75.02554,7.657483,WAL
1998112351000,210.594963,-4.86289362432132,-9.89945696245837,4.28269395830054,-1.215011,-0.68325275,0.65057147,255.91592,75.430374,7.2202096,WAL
1998117282000,210.599894,-5.0997899128711,-12.0636400109174,4.36427596441295,-1.0534371,-1.2492194,0.67347896,255.5788,75.82749,6.769029,WAL
1998122401000,210.605013,-5.59274966189427,-14.021394746696,3.84314715550661,-0.9392053,-1.7058412,0.7266242,255.193,76.219795,6.312723,WAL
1998127309000,210.609921,-5.980747780838,-15.7102651676901,3.21874535411234,-0.679893,-1.8945986,0.7501425,254.69289,76.58208,5.8228526,WAL
1998132335000,210.614947,-6.00682661193787,-16.6143347315333,2.03215357388478,-0.3640757,-1.6777414,0.7449502,254.18103,76.88392,5.339995,WAL
1998137675000,210.620287,-6.00341691348601,-17.5594844909835,0.859898477794004,0.056505036,-1.1746938,0.70341134,253.59982,77.26018,4.7701597,WAL
1998142345000,210.624957,-5.37009123918575,-18.0740612461556,1.62681639678947,0.64660084,-0.6731735,0.5830709,253.095,77.4658,4.2333894,WAL
1998147329000,210.629941,-4.48104455248509,-18.4113205867971,2.28295419856235,1.2812898,-0.5366451,0.3549127,252.5386,77.72555,3.743522,WAL
1998152342000,210.634954,-2.52314156278142,-17.69295400978,2.13270750417604,1.6093245,-0.8335256,-0.026572637,252.03448,77.85051,3.353136,WAL
1998157350000,210.639962,-0.667996703941461,-16.6421381538614,1.75317873728864,1.4905112,-1.1441506,-0.44837508,251.66502,77.76552,3.1384048,WAL
1998162348000,210.64496,0.486856486850588,-13.2911701681005,-0.211018360545832,1.001819,-1.1001683,-0.6985244,251.33446,77.67222,2.9946852,WAL
1998167309000,210.649921,1.51974516548148,-9.93198879564815,-2.00376415353704,0.33353242,-0.82863873,-0.8396343,251.06702,77.56736,3.2245488,WAL
1998172285000,210.654897,1.488858212,-6.2520264675,-2.3258711845,-0.3747658,-0.74464476,-0.87995136,250.76984,77.5974,3.4965389,WAL
1998177246000,210.659858,1.4580643662963,-2.58315727337963,-2.64700723365741,-0.9841039,-0.8035932,-0.7819075,250.45172,77.89423,3.9584937,WAL
1998182308000,210.66492,0.821713557953846,-2.09630101921538,-2.52032970943077,-1.402852,-0.9783007,-0.63194007,250.11482,78.30441,4.4015093,WAL
1998187540000,210.670152,0.112523014446154,-1.87018232358462,-2.35074065416923,-1.6679676,-1.2067643,-0.50488013,249.73257,78.807304,4.81117,WAL
1998192319000,210.674931,-0.535263990030769,-1.66364156547692,-2.19583505495385,-1.8463402,-1.393689,-0.39614612,249.31282,79.307,5.110066,WAL
1998197508000,210.68012,-1.25157358199205,-1.47702442733068,-2.08155868215837,-1.9416351,-1.45783,-0.28191432,248.85287,79.84297,5.371409,WAL
1998202307000,210.684919,-2.06688781032061,-1.74879583677354,-2.61236222454033,-1.999362,-1.4923438,-0.122478485,248.33914,80.404305,5.59009,WAL
1998207298000,210.68991,-2.91482140348332,-2.03144036782777,-3.16440233290215,-2.0421226,-1.6105462,0.05222898,247.76723,81.03939,5.615343,WAL
1998212311000,210.694923,-3.43408820677984,-2.69963378479424,-3.45160130193416,-2.0815234,-1.7269161,0.2134974,247.17583,81.691696,5.588332,WAL
1998217299000,210.699911,-3.90096741867284,-3.42206789104938,-3.6973272191358,-2.072971,-1.9730947,0.29077184,246.50655,82.335,5.5309305,WAL
1998222330000,210.704942,-4.12813245427313,-3.96527319776799,-3.99080309339207,-2.0201313,-2.1966715,0.41783184,245.69725,83.19074,5.248119,WAL
1998227251000,210.709863,-4.33112883483113,-4.48199130116495,-4.28145715301028,-1.9614882,-2.32984,0.52656585,244.84059,84.02338,4.934125,WAL
1998232307000,210.714919,-4.29055332857707,-4.92526082944664,-4.39857625118577,-1.9080375,-2.3393085,0.6337727,243.89432,84.916954,4.5037813,WAL
1998237269000,210.719881,-4.21542286284585,-5.34787074110672,-4.48779369762846,-1.8445076,-2.2201898,0.7449502,242.94778,85.74864,4.0251265,WAL
1998242322000,210.724934,-4.1960076243117,-5.99386754701322,-4.18498066365173,-1.777007,-2.0482311,0.8775079,241.97964,86.52367,3.4596686,WAL
1998247243000,210.729855,-4.18663938244707,-6.65902010505914,-3.82429939002087,-1.6960673,-1.8912388,1.0326678,241.04883,92.91767,2.8442924,WAL
1998252305000,210.734917,-4.15350537301819,-7.58345723081412,-3.56249378883377,-1.6291776,-1.7693712,1.1859949,240.15982,92.73773,2.2034032,WAL
1998257318000,210.73993,-4.11614801527089,-8.54540248832798,-3.32434230321953,-1.591304,-1.6722436,1.3246613,239.31989,92.98117,1.5187746,WAL
1998262311000,210.744923,-3.91660313773027,-9.52911142932137,-3.28974691615921,-1.5842791,-1.5607607,1.4511104,238.52412,93.53181,0.88031113,WAL
1998267258000,210.74987,-3.67693989842512,-10.5103744004963,-3.30783484233082,-1.5943583,-1.4349225,1.5570955,237.76625,94.255066,0.21340804,WAL
1998272313000,210.754925,-3.22295562392479,-11.4250829349678,-3.20609230285685,-1.6194037,-1.2492194,1.6581937,237.1149,95.02587,-0.5042281,WAL
1998277273000,210.759885,-2.6850784562539,-12.2837122140037,-3.05311793676501,-1.6530013,-1.0451905,1.7663169,236.5153,95.87025,-1.2390041,WAL
1998282306000,210.764918,-2.03438234699454,-12.8875910928962,-2.9233681712204,-1.6633861,-0.9233228,1.8420641,235.984,96.71839,-1.933018,WAL
1998287289000,210.769901,-1.35830754408015,-13.4043058041894,-2.80264059987857,-1.6939293,-0.84849185,1.894904,235.50815,97.59612,-2.6310835,WAL
1998292317000,210.774929,-0.889404221867022,-13.7925135153363,-2.69737717298533,-1.717753,-0.80909103,1.9184223,235.11722,98.38886,-3.2186208,WAL
1998297299000,210.779911,-0.480369284499905,-14.1424655583921,-2.59739073937893,-1.7189748,-0.75716746,1.8790215,234.75659,99.1696,-3.786112,WAL
1998302306000,210.784918,-0.151090930786676,-14.2355603749114,-2.5606927037562,-1.6862935,-0.7076874,1.7589865,234.44458,99.82452,-4.183579,WAL
1998307330000,210.789942,0.14301410042523,-14.2142479865344,-2.55216797094259,-1.68385,-0.61727935,1.593442,234.15816,100.46007,-4.5460396,WAL
1998312312000,210.794924,0.418480877626113,-13.9430913204748,-2.4768974884273,-1.6685784,-0.56230146,1.391551,233.90033,100.98133,-4.76664,WAL
1998317312000,210.799924,0.674241283165183,-13.351053239367,-2.31586321543027,-1.6560557,-0.45265114,1.2889256,233.68149,101.481834,-4.962517,WAL
1998322310000,210.804922,0.950360787868365,-12.6313746208068,-2.21125625392781,-1.6221527,-0.36865717,1.0965031,233.45618,101.889626,-5.005679,WAL
1998327284000,210.809896,1.2537686310913,-11.7363218016985,-2.18597228195329,-1.5851953,-0.38637227,0.8897252,233.2271,102.27251,-5.023479,WAL
1998332265000,210.814877,1.4280073702153,-10.9874442609386,-2.09945101149916,-1.5546521,-0.4175264,0.7189884,233.03033,102.60767,-4.953062,WAL
1998337289000,210.819901,1.48529148776664,-10.3668663623375,-1.95624069269769,-1.4596626,-0.47678033,0.55771995,232.81068,102.89223,-4.8419604,WAL
1998342269000,210.824881,1.44565240852752,-9.71093820039663,-1.71069306575112,-1.3539828,-0.6814202,0.3998113,232.58269,103.168365,-4.695725,WAL
1998347263000,210.829875,1.31286672711948,-9.01381318730788,-1.3645017559643,-1.3005321,-1.0531317,0.2574797,232.28339,103.41886,-4.53333,WAL
1998352271000,210.834883,1.05633745196632,-8.38960063615651,-1.39480336136701,-1.3182472,-1.5189165,0.15577064,231.90738,103.65375,-4.3759584,WAL
1998357271000,210.839883,0.672126763506686,-7.8441161884101,-1.81696071649331,-1.3634512,-1.88849,0.06566802,231.4503,103.87281,-4.2096405,WAL
1998362318000,210.84493,0.270661516391228,-7.44100144936362,-2.36258806941453,-1.4443909,-2.1468859,-0.018020526,230.88475,104.089905,-4.0639176,WAL
1998367333000,210.849945,-0.143127037035442,-7.20119204452712,-3.03499449696495,-1.505172,-2.286163,-0.08552113,230.25516,104.31227,-3.9253693,WAL
1998372291000,210.854903,-0.498295265684979,-7.0922339124963,-3.55460194490581,-1.5442673,-2.3005185,-0.09560041,229.571910188641,104.665018317479,-3.89064325109372,WAL
1998377299000,210.859911,-0.786844400897524,-7.14899797980077,-3.89045411225959,-1.5451837,-2.225993,-0.07147124,228.88177,105.021324,-3.855567,WAL
1998382294000,210.864906,-1.04079381523513,-7.29971919924213,-4.14785331865527,-1.5357152,-2.0949624,-0.02321288,228.18027,105.5232,-3.9436724,WAL
1998387302000,210.869914,-1.245833461096,-7.5886386117567,-4.29231319521959,-1.520749,-1.8860464,0.0061086523,227.52713,106.01998,-4.030089,WAL
1998392253000,210.874865,-1.38714964578397,-7.88314876107516,-4.30366442695869,-1.509448,-1.6261233,0.033292156,226.91379,106.583725,-4.1775446,WAL
1998397311000,210.879923,-1.41126097317073,-8.20141755749129,-4.05772976376307,-1.4895949,-1.4248432,0.07238753,226.34956,107.13717,-4.3307147,WAL
1998402298000,210.88491,-1.41445428544599,-8.47791259897209,-3.74007405795667,-1.4880677,-1.2415836,0.13652839,225.83939,107.70795,-4.5123506,WAL
1998407325000,210.889937,-1.37745528534992,-8.68371922008742,-3.27296195338873,-1.4559973,-1.153619,0.20463985,225.36517,108.25907,-4.7014465,WAL
1998412310000,210.894922,-1.34076540759402,-8.88780635083337,-2.80975251609587,-1.4657712,-1.056186,0.226631,224.94229,108.75906,-4.8632736,WAL
1998417308000,210.89992,-1.30397984911379,-9.09242570478889,-2.34533511036073,-1.4709635,-1.0186177,0.28252518,224.53838,109.24734,-5.053891,WAL
1998422320000,210.904932,-1.23540807333333,-9.25481306666667,-1.86534915111111,-1.4899004,-0.9831876,0.3036,224.17357,109.73972,-5.234386,WAL
1998427311000,210.909923,-1.02297321967407,-9.22176747081481,-1.32246006421728,-1.5054774,-0.9944886,0.32345316,223.81262,110.22694,-5.4330015,WAL
1998432297000,210.914909,-0.81308805716202,-9.19235400038325,-0.800500650557057,-1.5192219,-1.0852021,0.33750305,223.50603,110.55737,-5.6078215,WAL
1998437305000,210.919917,-0.615492203794194,-9.18316379016959,-0.391523200011498,-1.5436565,-1.2134838,0.3313944,223.18748,110.888954,-5.7872396,WAL
1998442356000,210.924968,-0.423423753852086,-9.15982976095338,-0.0142846484407641,-1.5525141,-1.368949,0.32589662,222.89308,111.1386,-5.9364953,WAL
1998447310000,210.929922,-0.323647728138801,-8.96443500630915,-0.0766446658138801,-1.5164729,-1.4950926,0.33169982,222.57411,111.37852,-6.0965567,WAL
1998452306000,210.934918,-0.223025801521206,-8.76738369540834,-0.139533371263232,-1.4401149,-1.5589281,0.32467487,222.25932,111.53156,-6.2165527,WAL
1998457333000,210.939945,-0.243240197088325,-8.61340839563452,-0.275780925530964,-1.3451253,-1.5476271,0.32803464,221.93492,111.66834,-6.345246,WAL
1998462246000,210.944858,-0.295784298148223,-8.47488324324873,-0.428636485902538,-1.2421945,-1.4874569,0.33628133,221.60902,111.77997,-6.4738507,WAL
1998467307000,210.949919,-0.428874694139909,-8.39633678356621,-0.506493193045249,-1.1279627,-1.4123205,0.3371976,221.30315,111.88051,-6.584149,WAL
1998472309000,210.954921,-0.579583334171371,-8.33427995447395,-0.564117098571296,-1.0192287,-1.3182472,0.36254853,221.02524,111.95626,-6.6940756,WAL
1998477313000,210.959925,-0.806026392593905,-8.25889932813607,-0.587348095279943,-0.9465357,-1.2486086,0.36896262,220.75621,112.04774,-6.804438,WAL
1998482305000,210.964917,-1.07224164571125,-8.1766144691708,-0.592188369209274,-0.89461213,-1.1835514,0.40011674,220.51949,112.11913,-6.9176154,WAL
1998487295000,210.969907,-1.31878842805344,-8.07909524217557,-0.633760734162214,-0.8906415,-1.1429288,0.42943826,220.28468,112.210846,-7.0612493,WAL
1998492323000,210.974935,-1.55771150362595,-7.97341800477099,-0.693491483864504,-0.8943067,-1.1016954,0.4792238,220.07515,112.29475,-7.209592,WAL
1998497307000,210.979919,-1.74481981979786,-7.91584097463337,-0.765027614972255,-0.9309586,-1.0433578,0.5317582,219.86073,112.41649,-7.4080215,WAL
1998502297000,210.984909,-1.8963482008918,-7.89216468053904,-0.84552706433809,-0.96791595,-0.95905846,0.5925393,219.67178,112.54395,-7.6116967,WAL
1998507333000,210.989945,-1.9734479286829,-7.89956639856162,-0.911673812682147,-0.9990701,-0.93126404,0.6554584,219.46617,112.723564,-7.874856,WAL
1998512314000,210.994926,-1.99138608447871,-7.93095812437717,-0.965488326896681,-1.0403035,-0.86437434,0.69058317,219.2977,112.91722,-8.129999,WAL
1998517309000,210.999921,-1.96053385587961,-8.06748801728075,-1.0434833069123,-1.0525209,-0.8136725,0.75900006,219.12662,113.1459,-8.436786,WAL
1998522314000,211.004926,-1.86601322313441,-8.34110048458744,-1.15292829383498,-1.0946705,-0.8023715,0.8191703,218.96576,113.394,-8.743172,WAL
1998527311000,211.009923,-1.73998775329023,-8.59488222655099,-1.26041142272876,-1.1285735,-0.7852673,0.8671232,218.82378,113.65413,-9.056364,WAL
1998532306000,211.014918,-1.5833789680144,-8.82979522049435,-1.36612231088558,-1.1453724,-0.7602218,0.90010995,218.69136,113.922806,-9.374115,WAL
1998537361000,211.019973,-1.41805541733924,-9.07578901457251,-1.46307897628656,-1.1643091,-0.74036866,0.9236283,218.57823,114.189026,-9.666214,WAL
1998542351000,211.024963,-1.16969084192907,-9.42155182512993,-1.4338595845613,-1.1630874,-0.72112644,0.9236283,218.47202,114.45148,-9.952552,WAL
1998547276000,211.029888,-0.931280794631548,-9.76678110115324,-1.38609761377541,-1.1508701,-0.73823065,0.9239337,218.38254,114.69373,-10.180834,WAL
1998552328000,211.03494,-0.751597759279711,-10.1592467481431,-1.15440107845485,-1.1258247,-0.79473567,0.90102625,218.28433,114.92502,-10.400825,WAL
1998557524000,211.040136,-0.577876269004042,-10.558258381351,-0.915093731913972,-1.0815369,-0.8979719,0.87109387,218.2012,115.09102,-10.556217,WAL
1998562348000,211.04496,-0.515638076602194,-10.8872313213048,-0.683923330181871,-1.0326678,-1.0332786,0.82619524,218.08969,115.241844,-10.708829,WAL
1998567659000,211.050271,-0.448592737585601,-11.2392293073846,-0.438148941623256,-0.9795224,-1.1820242,0.75961095,217.97746,115.29579,-10.805407,WAL
1998572303000,211.054915,-0.418222730807726,-11.3520326155497,-0.390424667909472,-0.89644474,-1.3057245,0.6930266,217.83128,115.324776,-10.9012165,WAL
1998577296000,211.059908,-0.385570395785777,-11.4733131749098,-0.339113880085845,-0.79901177,-1.3866642,0.63316184,217.6812,115.27154,-10.965132,WAL
1998582306000,211.064918,-0.3082421054782,-11.5266097082133,-0.542071620280068,-0.6722572,-1.4398094,0.59803706,217.50275,115.18908,-11.028293,WAL
1998587264000,211.069876,-0.228076179350482,-11.5737661034859,-0.763706840554176,-0.4981606,-1.4294246,0.5644395,217.31575,115.06784,-11.077661,WAL
1998592306000,211.074918,-0.0572095352235872,-11.5483230228993,-1.2401414363656,-0.28099802,-1.3475688,0.54092115,217.14066,114.887794,-11.105639,WAL
1998597247000,211.079859,0.119510076535627,-11.5157692383292,-1.73309615869779,-0.053145275,-1.169807,0.49541172,216.99165,114.66178,-11.107358,WAL
1998602286000,211.084898,0.381439499175986,-11.3678292791838,-2.10792335564057,0.1704314,-0.89980453,0.4456262,216.90065,114.406204,-11.0635605,WAL
1998607312000,211.089924,0.655298222424956,-11.2025693307828,-2.46205095721012,0.33322698,-0.75319684,0.3820962,216.82187,114.110596,-10.99992,WAL
1998612310000,211.094922,0.806400972567554,-11.0110652954896,-2.57234719014692,0.36468655,-0.45845437,0.3399465,216.9051,113.86449,-10.851161,WAL
1998617246000,211.099858,0.932677449008528,-10.8167939103051,-2.63548549175999,0.3118467,-0.22418754,0.21013765,216.99837,113.588486,-10.659223,WAL
1998622362000,211.104974,0.808232884023732,-10.9075009786212,-2.61352912181034,0.18173242,-0.07513642,0.04428773,217.1729,113.3552,-10.397466,WAL
1998627247000,211.109859,0.656832558565264,-11.0313740775718,-2.58141392361479,-0.0067195175,-0.052839845,-0.093462385,217.36343,113.14505,-10.107723,WAL
1998632306000,211.114918,0.329539104688551,-11.2613892456002,-2.52775622873245,-0.22143865,-0.10873401,-0.21166481,217.56122,112.97226,-9.769737,WAL
1998637276000,211.119888,-0.0234127081748072,-11.5061025321337,-2.47128387892031,-0.4147775,-0.18203785,-0.27458394,217.74776,112.83936,-9.422134,WAL
1998642318000,211.12493,-0.551020414696199,-11.4582525630051,-2.26259438656091,-0.57910025,-0.26542094,-0.3005457,217.90662,112.75826,-9.097937,WAL
1998647277000,211.129889,-1.10539457971266,-11.3492733058964,-2.02568237940736,-0.7089091,-0.31429017,-0.30909783,218.04646,112.71823,-8.778177,WAL
1998652303000,211.134915,-1.58639519437013,-11.0711550546627,-1.64065326696179,-0.75625116,-0.3585779,-0.29352075,218.14516,112.71382,-8.532596,WAL
1998657322000,211.139934,-2.04896852064286,-10.7566051329035,-1.22433728780676,-0.7171558,-0.3848451,-0.25900686,218.23363,112.723274,-8.302896,WAL
1998662314000,211.144926,-2.26546089661272,-10.6208484644336,-0.864359981407603,-0.6017023,-0.3979787,-0.20861048,218.24142,112.73334,-8.193329,WAL
1998667287000,211.149899,-2.39989477780391,-10.5446691044411,-0.523794024279262,-0.43890667,-0.38637227,-0.1563815,218.25264,112.72385,-8.097327,WAL
1998672316000,211.154928,-2.25706429665579,-10.7616225713703,-0.179807281598695,-0.2660318,-0.38973203,-0.09682214,218.20145,112.6789,-8.106596,WAL
1998677299000,211.159911,-1.94566967646819,-11.1557317400082,0.160780605823817,-0.09285152,-0.39950588,-0.06719518,218.1557,112.59325,-8.121073,WAL
1998682306000,211.164918,-1.52925395589383,-11.7662368957116,0.371513142616619,0.073303826,-0.3857614,-0.048258353,218.11662,112.43698,-8.172566,WAL
1998687317000,211.169929,-1.0587232693295,-12.4886675596712,0.514098202159057,0.21655174,-0.35063666,-0.05955936,218.08327,112.24359,-8.220746,WAL
1998692318000,211.17493,-0.612423037659551,-13.1718749522212,0.590040122761004,0.35246924,-0.32406402,-0.102319926,218.10255,111.92114,-8.193687,WAL
1998697309000,211.179921,-0.179973292564196,-13.8326966453187,0.628911981091796,0.49388456,-0.29016098,-0.17165314,218.13316,111.56161,-8.150982,WAL
1998702301000,211.184913,0.143984458679832,-14.2943259225731,0.531642410180858,0.63163465,-0.2657264,-0.24923302,218.25824,111.08182,-7.991589,WAL
1998707330000,211.189942,0.41706902444804,-14.6615776323199,0.366850020189657,0.75533485,-0.19608775,-0.28955013,218.40636,110.57678,-7.818235,WAL
1998712314000,211.194926,0.748228769839679,-14.8966360360721,0.0427237864729459,0.8237518,-0.08735373,-0.36957347,218.64935,109.98737,-7.529772,WAL
1998717312000,211.199924,1.11592822438878,-15.0565052625251,-0.376933233446894,0.9584476,0.06688975,-0.43676865,218.92604,109.36247,-7.230386,WAL
1998722282000,211.204894,1.37052460300677,-15.1286753765672,-0.667806160289582,1.0961977,0.20555615,-0.50701815,219.27705,108.721245,-6.8584647,WAL
1998727328000,211.20994,1.24720670059913,-14.9034864993898,-0.528403218913791,1.2293663,0.29840767,-0.5885687,219.65392,108.057106,-6.467255,WAL
1998732299000,211.214911,1.10050115513487,-14.5963052443237,-0.358763211209878,1.3542882,0.27275133,-0.7147123,220.05908,107.38963,-5.9991436,WAL
1998737290000,211.219902,0.919624361020765,-14.1742591944498,-0.14542138927188,1.4785993,0.20799962,-0.8588765,220.46973,106.69972,-5.515887,WAL
1998742247000,211.224859,0.700156478030213,-13.6767463752962,0.0459351994606043,1.636508,0.12370021,-0.9801333,220.85248,105.980644,-5.0411916,WAL
1998747313000,211.229925,0.40315822144846,-13.0252666784163,0.204014921062303,1.8451185,0.021685716,-1.0864239,221.20543,105.22515,-4.5522823,WAL
1998752279000,211.234891,0.0500422334097479,-12.4199398211901,0.314490197087611,2.0992384,-0.05100725,-1.1866057,221.5258,104.4261,-4.0788245,WAL
1998757371000,211.239983,-0.436004798365394,-11.8658461750224,0.338792552482807,2.3695462,-0.07666359,-1.2663237,221.83353,103.581635,-3.5979362,WAL
1998762242000,211.244854,-0.923828676058423,-11.4854060740156,0.371110958520675,2.665205,-0.06994407,-1.3301591,222.08798,102.68425,-3.152426,WAL
1998767344000,211.249956,-1.48317544199151,-11.4034326987072,0.424152459235172,2.9880474,-0.013439035,-1.3976597,222.35785,101.72179,-2.6919568,WAL
1998772288000,211.2549,-2.01562732331597,-11.4341780128396,0.451528444077038,3.3011158,0.06963864,-1.4630222,222.55557,100.71067,-2.2877254,WAL
1998777354000,211.259966,-2.53924730163751,-11.7185579322665,0.424444645593599,3.5213327,0.16768251,-1.5308284,222.78653,99.65417,-1.8679454,WAL
1998782271000,211.264883,-3.06228304130479,-12.0232477438901,0.356593392663098,3.6517525,0.2565634,-1.566564,222.95625,98.546646,-1.5106438,WAL
1998787345000,211.269957,-3.68551853615431,-12.4992619127449,0.052336834519289,3.6456437,0.35185838,-1.5714508,223.1719,97.43755,-1.1458645,WAL
1998792287000,211.274899,-4.29540123441396,-12.9635572194514,-0.264257765785536,3.5408804,0.46028697,-1.5506815,223.37419,96.34896,-0.8488853,WAL
1998797342000,211.279954,-4.93282942294264,-13.4416286129676,-0.684381044523691,3.3622024,0.5308419,-1.5115861,223.61014,95.30746,-0.5611295,WAL
1998802312000,211.284924,-5.54259550665746,-13.8867628194102,-1.123069723957,3.1569517,0.539394,-1.4611896,223.82195,94.37758,-0.36554387,WAL
1998807333000,211.289945,-6.0785083934313,-14.2187445648486,-1.6874382950291,2.9437597,0.54458636,-1.4196508,224.06712,93.522194,-0.18164063,WAL
1998812287000,211.294899,-6.62165813499555,-14.5349921709706,-2.17109541869991,2.8368583,0.5360342,-1.3322971,224.25719,92.77795,-0.1082688,WAL
1998817307000,211.299919,-7.25905081808648,-14.7870948127041,-2.21866199236173,2.6569583,0.52503866,-1.2522738,224.45844,92.13008,-0.04525172,WAL
1998822295000,211.304907,-7.89708860814793,-15.0096784027738,-2.20650071193297,2.4550674,0.44868052,-1.1905763,224.58946,91.62232,-0.070969105,WAL
1998827323000,211.309935,-8.57417788685351,-15.0328663785033,-1.7659288825195,2.3157902,0.21991149,-1.1795808,224.68196,91.1589,-0.101740845,WAL
1998832443000,211.315055,-9.1877859613544,-15.0560439944921,-1.34380978669074,2.250733,-0.0870483,-1.248914,224.7029,90.76199,-0.19319054,WAL
1998837290000,211.319902,-8.86505497643341,-15.0728091438375,-1.25998351478104,2.2223277,-0.48288897,-1.4031575,224.64001,90.437775,-0.2564949,WAL
1998842299000,211.324911,-8.53153743909706,-15.0901346303386,-1.1733555395395,2.1496348,-0.80878556,-1.6065756,224.51776,89.64462,-0.3499332,WAL
1998847306000,211.329918,-7.64870967115097,-14.286156797708,-1.80669054080717,1.9617938,-0.64599,-1.6597209,224.4306,89.3891,-0.43433753,WAL
1998852274000,211.334886,-6.66254756173393,-13.3237004891878,-2.57950014511211,1.6129897,-0.27947086,-1.6132951,224.31651,89.129906,-0.48409027,WAL
1998857382000,211.339994,-5.53258860737489,-12.4416675408253,-3.18347963353819,1.2760975,0.048258353,-1.5354098,224.24846,88.9074,-0.4829154,WAL
1998862248000,211.34486,-4.43246376084285,-11.6233934618086,-3.71990422669008,1.1911873,0.40011674,-1.4165965,224.29523,88.69462,-0.5059323,WAL
1998867343000,211.349955,-3.35845231021726,-11.0470936662752,-3.72141703668037,1.2993103,0.7452556,-1.2861768,224.3983,88.6743,-0.45374787,WAL
1998872285000,211.354897,-2.33943817275396,-10.5700097788217,-3.55930105774124,1.4963144,1.0256428,-1.1737776,224.58157,88.6408,-0.4329971,WAL
1998877361000,211.359973,-1.484283559893,-10.3435189002279,-2.82007585054989,1.6646078,1.1527027,-1.1230757,224.79274,88.75629,-0.28844348,WAL
1998882294000,211.364906,-0.721328150515209,-10.217139184088,-1.89797635290796,1.7986927,1.1389582,-1.1215485,225.03816,88.807434,-0.16509782,WAL
1998887342000,211.369954,-0.0867742483780536,-10.3149146820184,-1.24793804565479,1.8716911,1.135904,-1.1404854,225.33517,88.78854,0.06967306,WAL
1998892288000,211.3749,0.477568882649179,-10.4998677472968,-0.726276324569483,1.8936822,1.1798862,-1.176221,225.63936,88.70016,0.30335742,WAL
1998897347000,211.379959,0.910144551816557,-10.6431405172722,-0.619358158636093,1.9092593,1.3356569,-1.180497,226.03217,88.37272,0.6321895,WAL
1998902347000,211.384959,1.28089648749256,-10.7667244958309,-0.681150147915426,1.9657644,1.4587462,-1.1808025,226.42996,88.00062,0.9621149,WAL
1998907374000,211.389986,1.49079849744304,-10.6868551212815,-0.784241475276092,2.0433443,1.6875153,-1.1676689,226.92131,87.48719,1.3575826,WAL
1998912322000,211.394934,1.63223528797135,-10.5265603020595,-0.902105459178191,2.0677788,1.8872682,-1.1117748,227.44218,86.978584,1.730394,WAL
1998917339000,211.399951,1.64429671981811,-10.328297801061,-1.10307829077302,2.084883,2.024102,-1.0375546,227.96901,86.43089,2.1362817,WAL
1998922358000,211.40497,1.59876241762978,-10.1142863763263,-1.33985658132342,2.0497584,2.1484132,-0.9651671,228.55092,85.90304,2.5144925,WAL
1998927346000,211.409958,1.52128361387174,-9.73541360361962,-1.57785578515535,1.956296,2.2403483,-0.9083566,229.12035,85.3799,2.8774855,WAL
1998932329000,211.414941,1.42143798291662,-9.2411778320431,-1.81748533072497,1.8820758,2.3096814,-0.8405506,229.71758,84.88156,3.206976,WAL
1998937343000,211.419955,1.23575516478728,-8.76667912492614,-2.11597530382115,1.8338175,2.4040601,-0.763887,230.29468,84.43158,3.5018559,WAL
1998942366000,211.424978,1.00835645046287,-8.3024065591885,-2.44286090464841,1.8182404,2.4718661,-0.689056,230.88155,84.007614,3.771086,WAL
1998947339000,211.429951,0.60772731686697,-7.80457138998746,-2.69225911812911,1.817935,2.5066855,-0.63132924,231.45111,83.62627,4.00322,WAL
1998952391000,211.435003,0.103589926935913,-7.27769109058289,-2.90452758199624,1.824349,2.4895813,-0.57971114,232.02145,83.26333,4.211721,WAL
1998957358000,211.43997,-0.370330318280802,-6.79072063559925,-3.08388991114514,1.8035797,2.4565945,-0.5439755,232.55469,82.96311,4.3731813,WAL
1998962350000,211.444962,-0.639574768022923,-6.59705352697362,-2.98469456523071,1.7669277,2.425746,-0.5338962,233.08087,82.67341,4.5255146,WAL
1998967386000,211.449998,-0.907911907164268,-6.3991916543384,-2.88212220575823,1.7394388,2.3906212,-0.52626044,233.56175,82.46526,4.5924125,WAL
1998972368000,211.45498,-1.13372134698679,-6.17338223416486,-2.75040003170972,1.6936239,2.3399193,-0.5290093,234.02722,82.272896,4.6597075,WAL
1998977525000,211.460137,-1.36341385996205,-5.9453252398482,-2.61783016793169,1.6340646,2.2782218,-0.5381723,234.47662,82.09343,4.700866,WAL
1998982344000,211.464956,-1.53021831752056,-5.7993712415108,-2.53859800487034,1.5632042,2.2107213,-0.5317582,234.90686,81.93239,4.739313,WAL
1998987320000,211.469932,-1.7024571597723,-5.6486621533749,-2.45678450759013,1.4819591,2.166739,-0.54428095,235.32706,81.776375,4.7678237,WAL
1998992323000,211.474935,-1.84067790452731,-5.48749065936131,-2.28500312265602,1.4095715,2.1252003,-0.55924714,235.72554,81.638306,4.7966766,WAL
1998997243000,211.479855,-1.9691270284685,-5.32692942209132,-2.09691690203486,1.3313808,2.104736,-0.5714644,236.11475,81.52157,4.828545,WAL
1999002309000,211.484921,-2.07387309200677,-5.20374548344931,-1.994335291593,1.2495248,2.0561724,-0.58459806,236.4827,81.41571,4.845578,WAL
1999007318000,211.48993,-2.16860461514012,-5.09548085193718,-1.92215891768855,1.1933253,2.0366247,-0.6032294,236.85014,81.321526,4.866899,WAL
1999012312000,211.494924,-2.27441005929817,-4.97233224909722,-1.69033225823727,1.0790935,2.007914,-0.61575216,237.19943,81.230034,4.8869376,WAL
1999017316000,211.499928,-2.38684641204733,-4.84034175692135,-1.36768875351423,0.9807441,1.9996674,-0.6536258,237.54648,81.14284,4.918863,WAL
1999022363000,211.504975,-2.47092765179144,-4.59639874191669,-0.928169159682493,0.8622363,1.9898936,-0.6945538,237.87393,81.071236,4.9476843,WAL
1999027360000,211.509972,-2.54062651035052,-4.30366318662977,-0.440276455943295,0.7076874,1.9367483,-0.7098254,238.18282,81.030716,4.981206,WAL
1999032338000,211.51495,-2.5939200709707,-4.00632690958486,-0.0307738128876679,0.5271767,1.8842138,-0.73975784,238.46373,80.95031,5.060131,WAL
1999037345000,211.519957,-2.63783143040293,-3.70382718070818,0.335153163455433,0.35918877,1.8503108,-0.7535023,238.73111,80.90346,5.1378546,WAL
1999042350000,211.524962,-2.66839612298646,-3.55401746579702,0.684623854327503,0.19242255,1.815797,-0.7486154,239.11192,80.84376,5.1543345,WAL
1999047345000,211.529957,-2.69203290330072,-3.48310702612906,1.024993722857,0.02565634,1.7525724,-0.7519751,239.47076,80.82022,5.178863,WAL
1999052337000,211.534949,-2.74291982022081,-3.47835731283071,1.28203474663815,-0.11484267,1.6575829,-0.745561,239.87706,80.77928,5.1732097,WAL
1999057356000,211.539968,-2.80985088591605,-3.51182277079769,1.49238920362045,-0.23518312,1.5787812,-0.74097955,240.2656,80.77193,5.170002,WAL
1999062335000,211.544947,-2.8465947405271,-3.52722975061164,1.56763134938836,-0.3484986,1.5231925,-0.72692966,240.6897,80.75028,5.1454186,WAL
1999067346000,211.549958,-2.86568537971159,-3.53200243532571,1.56285866467429,-0.44990227,1.4740179,-0.70402217,241.0886,80.75592,5.118674,WAL
1999072354000,211.554966,-2.84176881476122,-3.49119642836469,1.50984526435118,-0.54183745,1.4117095,-0.6872234,241.4935,80.76199,5.076787,WAL
1999077351000,211.559963,-2.79098164978292,-3.42194133487699,1.42673910395562,-0.63713247,1.3393221,-0.6588182,241.87598,80.79743,5.0266075,WAL
1999082344000,211.564956,-2.69149996348645,-3.35209102870043,1.29974040435807,-0.71776664,1.2666291,-0.6423248,242.23842,80.85529,4.96973,WAL
1999087343000,211.569955,-2.55052698586572,-3.28160444175501,1.13527183233216,-0.8051204,1.2089024,-0.6047566,242.57794,80.94386,4.9006386,WAL
1999092317000,211.574929,-2.43895846527835,-3.24897472108064,0.965705164746214,-0.89369583,1.146594,-0.5858198,242.8807,81.05641,4.8449407,WAL
1999097346000,211.579958,-2.35517307118297,-3.25390326459271,0.788277443921408,-0.97310835,1.1169671,-0.5522222,243.16953,81.19395,4.7751765,WAL
1999102351000,211.584963,-2.27589396961299,-3.326471457864,0.638326450298921,-1.0592403,1.0586295,-0.535118,243.41437,81.366806,4.72953,WAL
1999107379000,211.589991,-2.19963603596951,-3.45515690440463,0.509641018688508,-1.1029172,1.0167851,-0.5021312,243.64871,81.5534,4.6701164,WAL
1999112347000,211.594959,-2.14678588891755,-3.61510245389424,0.462661728872904,-1.1795808,0.94959,-0.46120325,243.82849,81.78841,4.6228147,WAL
1999117348000,211.59996,-2.11352316071039,-3.80517538497867,0.486420830373053,-1.2773192,0.874759,-0.42577308,243.98802,82.03884,4.569108,WAL
1999122353000,211.604965,-2.09970018096712,-4.00721202386847,0.605066168056093,-1.3545936,0.75900006,-0.3930918,244.09268,82.32167,4.5199337,WAL
1999127353000,211.609965,-2.10433112874275,-4.22023581497099,0.813458963027079,-1.4333953,0.6398814,-0.3494149,244.16812,82.628914,4.459499,WAL
1999132328000,211.61494,-2.13220607386091,-4.43530948253397,1.06814695533573,-1.5173893,0.49388456,-0.30573806,244.1979,82.950424,4.396761,WAL
1999137326000,211.619938,-2.18959797601918,-4.65531192396083,1.38380264193645,-1.6114625,0.3622431,-0.24984388,244.19116,83.293785,4.3201833,WAL
1999142322000,211.624934,-2.25961256209831,-4.97409237494244,1.73108958559415,-1.709201,0.23457226,-0.172264,244.18304,83.64157,4.2188025,WAL
1999147344000,211.629956,-2.34627843627991,-5.4218659911803,2.12108591886075,-1.8133535,0.13927728,-0.06994407,244.14037,84.01777,4.0962844,WAL
1999152283000,211.634895,-2.43304038294007,-6.019017225116,2.59225798066937,-1.930945,0.086437434,0.08032878,244.11008,84.39711,3.9264576,WAL
1999157417000,211.640029,-2.5252685442788,-6.84907062647843,3.19902217065851,-1.9865338,0.081855945,0.2611449,244.05981,84.80473,3.720217,WAL
1999162261000,211.644873,-2.53790714259609,-7.92299255187208,3.88386542708313,-1.9822577,0.1255328,0.4364632,244.04523,85.203354,3.4615564,WAL
1999167341000,211.649953,-2.44127357540967,-9.47879358395074,4.76806286198232,-1.8762726,0.20433442,0.6114761,244.03183,85.624214,3.154159,WAL
1999172341000,211.654953,-2.14808263512167,-11.2934814599824,5.86923766622691,-1.6255124,0.37904188,0.7678576,244.11093,85.958725,2.799283,WAL
1999177318000,211.65993,-1.56585150257989,-13.5152749586631,7.30385463324538,-1.0955868,0.5491679,0.75136423,244.20476,86.19715,2.450394,WAL
1999182244000,211.664856,-0.757152447033534,-15.3289679621668,8.73763748495271,-0.2855795,0.5708536,0.5647449,244.38681,86.11759,2.1543458,WAL
1999187297000,211.669909,0.528112306181332,-16.4339263527276,10.2355727109965,0.605062,0.5876524,0.22815818,244.6091,85.823456,1.9135206,WAL
1999192254000,211.674866,1.80410023088803,-17.3908347683398,11.3581674517375,1.2055426,0.6258314,-0.07452556,244.97961,85.02661,1.8831263,WAL
1999197313000,211.679925,3.15291578089819,-17.9766332485267,11.4369299443203,1.4556919,0.7089091,-0.29932398,245.35707,84.09412,1.9179561,WAL
1999202300000,211.684912,4.27524215963267,-18.4332434110004,11.1744342414029,1.4569136,0.96791595,-0.38545597,245.94038,82.75601,2.2714977,WAL
1999207332000,211.689944,4.89198268171161,-18.5933142019343,10.0633596943142,1.3729197,1.2861768,-0.4972443,246.55069,81.45574,2.6471107,WAL
1999212336000,211.694948,5.04942707151163,-18.0115241104651,8.73159720348837,1.1304061,1.5745052,-0.5873469,247.26825,80.233734,3.235332,WAL
1999217305000,211.699917,3.83020560528183,-15.1979355841545,6.72457119471817,0.86529064,1.7373008,-0.6414085,248.0261,79.11833,3.775549,WAL
1999222347000,211.704959,2.61388594525835,-12.5653620041733,5.02725409453498,0.65240407,1.7513506,-0.6618725,248.73997,78.23583,4.3738933,WAL
1999227314000,211.709926,1.48896702057432,-10.7550933496622,4.54987263496622,0.4877759,1.629483,-0.6945538,249.45003,77.44662,4.9362454,WAL
1999232311000,211.714923,0.382293521937567,-9.00046711547118,4.12365431364126,0.3717115,1.4474452,-0.7110472,250.01915,76.95152,5.3074875,WAL
1999237299000,211.719911,-0.622732316081808,-7.5139640415892,3.91330016677757,0.23915374,1.2623531,-0.6924158,250.54749,76.51111,5.669109,WAL
1999242327000,211.724939,-1.57991093475921,-6.15922253414679,3.71223401150599,0.0842994,1.0668762,-0.6374379,251.00443,76.210655,5.8573813,WAL
1999247308000,211.72992,-2.23500117485386,-5.57052652361511,3.57059289600074,-0.08032878,0.9117164,-0.5384777,251.41559,75.95613,6.032449,WAL
1999252759000,211.735371,-2.93624494486685,-4.98958839301428,3.41423324054419,-0.27366763,0.81153446,-0.3915646,251.74628,75.81372,6.0378647,WAL
1999257330000,211.739942,-3.37974516135662,-5.0867361682748,3.27062370249904,-0.462425,0.7733554,-0.22937989,252.04384,75.72571,6.0157933,WAL
1999262290000,211.744902,-3.86098801276534,-5.19215138710922,3.11479274456773,-0.6411031,0.77671516,-0.04153884,252.28525,75.754524,5.852529,WAL
1999267306000,211.749918,-4.17462146761009,-5.90334574512618,3.1775939714003,-0.78893244,0.77854776,0.13133603,252.50519,75.83826,5.6505194,WAL
1999272953000,211.755565,-4.50923570874571,-6.78841352432842,3.28629245021208,-0.9236283,0.7031059,0.3042109,252.69077,75.98207,5.401575,WAL
1999277312000,211.759924,-4.7073804764694,-8.15013162403555,3.78797804504141,-1.0134255,0.4914411,0.43218717,252.78598,76.22491,5.048848,WAL
1999282241000,211.764853,-4.93143543405373,-9.6899133431125,4.35526602322763,-1.0216721,0.09132435,0.5012149,252.78067,76.52766,4.6261396,WAL
1999287302000,211.769914,-5.32112041001965,-11.9756409356582,4.32699709705305,-0.93492925,-0.4560109,0.52564955,252.66772,76.82375,4.206713,WAL
1999292250000,211.774862,-5.71678008506876,-14.2751206498035,4.24321063968566,-0.7742717,-0.7425067,0.5299256,252.5115,77.092476,3.786027,WAL
1999297309000,211.779921,-5.83544901673832,-15.5709090021952,3.35530843967804,-0.55741453,-1.2125676,0.569021,252.15137,77.29632,3.3556871,WAL
1999302301000,211.784913,-5.91415851495472,-16.7078277560596,2.37143651577792,-0.44623706,-1.3127494,0.61117065,251.81607,77.4683,2.9263175,WAL
1999307329000,211.789941,-5.89430422529813,-17.5159716656729,2.28752716822828,-0.15149458,-1.0852021,0.6954701,251.37048,77.641754,2.4191625,WAL
1999312266000,211.794878,-5.83389462651192,-18.1704095991269,2.57950771922913,0.26267207,-0.8029824,0.7690793,250.91748,77.7269,1.9236741,WAL
1999317308000,211.79992,-4.68910877784408,-17.9721653368624,2.43581437362849,0.8567385,-0.61208695,0.7629707,250.41275,77.866486,1.4242871,WAL
1999322387000,211.804999,-3.2940269492204,-17.5789216843118,2.19237726814244,1.346347,-0.59315014,0.63224554,249.95532,77.885345,0.9567866,WAL
1999327282000,211.809894,-1.90567705692774,-15.4866917167256,0.892911684861041,1.543351,-0.72021013,0.33292156,249.54898,77.77075,0.5736105,WAL
1999332283000,211.814895,-0.472982945285498,-12.7907089695806,-0.78179170829712,1.3387111,-0.75716746,-0.0021380284,249.19528,77.617805,0.25351697,WAL
1999337290000,211.819902,0.167597789042146,-10.2727721310345,-1.77778554413793,0.79779,-0.51251596,-0.22602014,248.9429,77.51265,0.18670353,WAL
1999342267000,211.824879,0.560230363352491,-7.82566704137931,-2.55848505801724,0.067500606,-0.31429017,-0.42424592,248.6906,77.52279,0.21427375,WAL
1999347271000,211.829883,0.65717797452063,-5.9165915366931,-2.72175986110832,-0.6582073,-0.36926803,-0.54458636,248.41605,77.854866,0.55760497,WAL
1999352280000,211.834892,0.609019936919988,-4.27440247764281,-2.58210158927818,-1.2183707,-0.6062838,-0.5299256,248.14188,78.33195,0.9024879,WAL
1999357278000,211.83989,0.360522533381198,-3.23579822588259,-2.22362828030543,-1.5598444,-0.89888823,-0.44409904,247.82256,78.9361,1.1988503,WAL
1999362268000,211.84488,0.0193131701364538,-2.47755525583102,-1.76394348280444,-1.8124372,-1.2779301,-0.34788775,247.40482,79.66178,1.4962033,WAL
1999367288000,211.8499,-0.421158926083037,-2.18390961328588,-1.87742993714907,-2.0744984,-1.6536123,-0.26450464,246.93484,80.40026,1.7357547,WAL
1999372280000,211.854892,-0.90792883423962,-2.12719859833926,-2.27913325577303,-2.2547035,-1.9361374,-0.20586158,246.37677,81.17924,1.959649,WAL
1999377310000,211.859922,-1.35205847688358,-2.18970147413844,-2.87068638830848,-2.355191,-2.094046,-0.12980886,245.77237,81.925606,2.1296585,WAL
1999382341000,211.864953,-1.77073335878345,-2.31815854807939,-3.56530613067049,-2.382069,-2.20278,0.014660766,245.0929,82.69867,2.260691,WAL
1999387321000,211.869933,-2.22728016338711,-2.77748638089676,-4.12941626388202,-2.4071145,-2.3054054,0.18600847,244.30803,83.59318,2.2616153,WAL
1999392276000,211.874888,-2.7063669649807,-3.43035949581312,-4.61789696664357,-2.4040601,-2.356718,0.344528,243.49995,84.491776,2.2103584,WAL
1999397346000,211.879958,-3.14447715399763,-4.20806076190382,-5.04539186687117,-2.3964243,-2.4422393,0.46975538,242.5678,85.55706,2.0110924,WAL
1999402370000,211.884982,-3.54439456353651,-5.05074384822878,-5.42150453435583,-2.3753495,-2.450486,0.52626044,241.64316,86.61725,1.7656697,WAL
1999407358000,211.88997,-3.70899974374264,-5.66097000387407,-5.6236612453315,-2.3295345,-2.3423629,0.61483586,240.64777,87.80382,1.3674448,WAL
1999412349000,211.894961,-3.71368764182032,-6.11569655796391,-5.70804350863084,-2.255009,-2.1120665,0.7272351,239.69376,88.90878,0.92667323,WAL
1999417343000,211.899955,-3.62894597116749,-6.49184797288811,-5.48296435540002,-2.171015,-1.8338175,0.86926126,238.7323,90.716965,0.36752132,WAL
1999422368000,211.90498,-3.4698911169826,-6.80527955133664,-5.00112171177214,-2.0436497,-1.5726726,1.0421361,237.84949,91.770935,-0.24306668,WAL
1999427345000,211.909957,-3.33888863680621,-7.1653117781398,-4.56339109234704,-1.9251418,-1.351234,1.2388347,237.0432,93.00192,-0.89238995,WAL
1999432343000,211.914955,-3.23461770795605,-7.57786197901118,-4.16444152974048,-1.8011361,-1.1475104,1.4321736,236.32843,94.228096,-1.5883027,WAL
1999437339000,211.919951,-3.10878631808611,-8.08410624981577,-3.79081951500158,-1.6594155,-0.9599747,1.6132951,235.70187,95.31599,-2.245728,WAL
1999442360000,211.924972,-2.94679830759027,-8.74724455711127,-3.45671903522476,-1.520749,-0.8002335,1.781283,235.14175,96.38446,-2.944587,WAL
1999447310000,211.929922,-2.75207316338084,-9.44484407911548,-3.09993365274693,-1.3952162,-0.65393126,1.9349157,234.6196,97.30755,-3.582844,WAL
1999452359000,211.934971,-2.514464841543,-10.2051912250614,-2.70550383750369,-1.3008375,-0.5992588,2.055867,234.12683,98.20962,-4.2470007,WAL
1999457302000,211.939914,-2.20689366975666,-11.0064367520278,-2.44553687798378,-1.2400564,-0.56688297,2.115121,233.6592,98.97581,-4.8327866,WAL
1999462309000,211.944921,-1.79942994698725,-11.8908181917729,-2.34367097146582,-1.2360858,-0.52687126,2.1114557,233.21538,99.72895,-5.420757,WAL
1999467291000,211.949903,-1.4343541302441,-12.7653345278031,-2.21935536576522,-1.2498302,-0.48441613,2.0402899,232.86655,100.369995,-5.9599905,WAL
1999472342000,211.954954,-1.1354865165198,-13.6423391513218,-2.05277345738884,-1.2861768,-0.44012842,1.9010127,232.52887,100.991646,-6.4642906,WAL
1999477281000,211.959893,-0.834094687840251,-14.18954131204,-1.94276394092827,-1.3335189,-0.39370266,1.7461584,232.22905,101.482574,-6.82123,WAL
1999482346000,211.964958,-0.510432251651457,-14.256178044451,-1.91420546202532,-1.3637567,-0.3118467,1.5748106,231.94667,101.941956,-7.125713,WAL
1999487266000,211.969878,-0.198433230007794,-14.1579022969603,-1.91878000303975,-1.3429873,-0.14446963,1.3765849,231.73238,102.272766,-7.295616,WAL
1999492317000,211.974929,0.117326147336321,-13.7478864861652,-1.98475957633476,-1.3081679,-0.047647487,1.1597277,231.51279,102.57161,-7.4145155,WAL
1999497243000,211.979855,0.465352480242826,-13.2503583443709,-2.05243862803532,-1.3118331,0.1133155,1.0546589,231.36243,102.80552,-7.4270306,WAL
1999502350000,211.984962,0.926663219257475,-12.4896859139073,-2.13095964980935,-1.3225232,0.23273966,0.88270026,231.21402,102.989136,-7.3675733,WAL
1999507381000,211.989993,1.19404223770865,-11.608292419352,-1.92428596227618,-1.3246613,0.22418754,0.68966687,231.09032,103.14666,-7.2297454,WAL
1999512387000,211.994999,1.06566188641882,-10.4528698162992,-1.119769195478,-1.3588698,0.0009162979,0.47250426,230.92915,103.289986,-7.056075,WAL
1999517371000,211.999983,0.930606359175415,-9.35432747752224,-0.395044226984534,-1.4618006,-0.44501534,0.24312437,230.75488,103.440155,-6.8158526,WAL
1999522388000,212.005,0.711144080508054,-8.8460988243449,-0.545202622888052,-1.6059648,-0.98990715,0.03726278,230.47871,103.591446,-6.554229,WAL
1999527302000,212.009914,0.496187405728023,-8.34830420570558,-0.692278237293052,-1.7266107,-1.4807373,-0.14110987,230.05994,103.68595,-6.2881093,WAL
1999532360000,212.014972,0.205004282516218,-7.90335631177511,-1.08253117552585,-1.7715092,-1.8872682,-0.2843578,229.51248,103.787865,-6.016069,WAL
1999537334000,212.019946,-0.132102324316886,-7.51474728386082,-1.63969348730096,-1.7623463,-2.159714,-0.3726278,228.87076,103.90531,-5.747231,WAL
1999542383000,212.024995,-0.472609876892533,-7.28678255964315,-2.24501840097979,-1.7174476,-2.2953262,-0.42424592,228.13628,104.10133,-5.5461793,WAL
1999547326000,212.029938,-0.804601888809818,-7.19890243290017,-2.86994456804868,-1.679574,-2.3182335,-0.45540005,227.36774,104.30008,-5.3518615,WAL
1999552293000,212.034905,-1.03466932373372,-7.19641471201158,-3.44342893360347,-1.6288722,-2.250122,-0.46089783,226.54933,104.6108,-5.246344,WAL
1999557415000,212.040027,-1.2003069712494,-7.25320467081524,-3.99713200791124,-1.5925257,-2.0793853,-0.43585235,225.76627,104.92142,-5.150548,WAL
1999562325000,212.044937,-1.35978638724832,-7.35214832226437,-4.13678108176247,-1.5274686,-1.8603901,-0.36102137,225.01962,105.35041,-5.1532993,WAL
1999567305000,212.049917,-1.52214775637584,-7.49131503017216,-3.93730846781442,-1.4749341,-1.7143933,-0.2687807,224.31044,105.77673,-5.172751,WAL
1999572290000,212.054902,-1.64126314245508,-7.68355851500675,-3.72208686609201,-1.5180001,-1.5879441,-0.18112154,223.66663,106.31703,-5.262839,WAL
1999577316000,212.059928,-1.71124574270433,-7.93849504444906,-3.48714529818257,-1.5671748,-1.400714,-0.093462385,223.09187,106.84838,-5.3693876,WAL
1999582308000,212.06492,-1.68446104998123,-8.1784444161036,-3.23431849949324,-1.5519031,-1.2162327,-0.01160644,222.55136,107.3517,-5.507471,WAL
1999587302000,212.069914,-1.57674352561937,-8.40734451858108,-2.96502464172297,-1.5451837,-1.0180069,0.06352998,222.07672,107.87062,-5.657401,WAL
1999592323000,212.074935,-1.42160608699025,-8.62572042687913,-2.54805800290387,-1.5293012,-0.9101892,0.13958271,221.63557,108.34069,-5.82127,WAL
1999597312000,212.079924,-1.20122011082923,-8.82607121920537,-1.92697012828389,-1.5357152,-0.7449502,0.17256944,221.27002,108.80954,-5.976349,WAL
1999602290000,212.084902,-0.990257902880817,-8.98786673436747,-1.28861149520185,-1.5286902,-0.62858033,0.23457226,220.95422,109.20918,-6.1239624,WAL
1999607328000,212.08994,-0.785718937566239,-9.1133789006648,-0.623859879772618,-1.5332718,-0.5885687,0.27458394,220.66534,109.60689,-6.2690396,WAL
1999612281000,212.094893,-0.622108700377846,-9.18616819856816,-0.0619592895147658,-1.5418239,-0.6386596,0.28985557,220.46155,109.91118,-6.372071,WAL
1999617305000,212.099917,-0.507289843700905,-9.19095241334394,0.382963677700109,-1.5234979,-0.7452556,0.30482176,220.25706,110.20668,-6.4881353,WAL
1999622294000,212.104906,-0.450550724218513,-9.1857199508346,0.649660111927162,-1.4611896,-0.8717047,0.31245756,220.0904,110.37872,-6.556098,WAL
1999627316000,212.109928,-0.474877856145675,-9.16625836722307,0.669121847951442,-1.3469579,-0.95325524,0.32925636,219.90988,110.52994,-6.6364803,WAL
1999632276000,212.114888,-0.511907091356684,-9.09670219259819,0.585993536617258,-1.2082914,-1.0027353,0.33169982,219.73315,110.5871,-6.6920953,WAL
1999637297000,212.119909,-0.566384225560801,-8.96050946374622,0.368085004541163,-1.054048,-0.9941832,0.37140608,219.55658,110.612785,-6.7638893,WAL
1999642246000,212.124858,-0.632716598309145,-8.82846306853877,0.130664385086481,-0.9059132,-0.9416488,0.3903429,219.377,110.60139,-6.8349533,WAL
1999647308000,212.12992,-0.729093923364811,-8.69835381833996,-0.163286463126243,-0.7770206,-0.86284715,0.42577308,219.21388,110.559456,-6.9163456,WAL
1999652301000,212.134913,-0.835734429282571,-8.57855270920222,-0.444228624032906,-0.6759224,-0.7644979,0.44593164,219.067,110.54067,-7.004369,WAL
1999657323000,212.139935,-0.96915198748613,-8.47733952104458,-0.706463109971303,-0.6151413,-0.66706485,0.47586402,218.94713,110.50352,-7.0951247,WAL
1999662331000,212.144943,-1.10818868354753,-8.38211338761896,-0.93386974207201,-0.6178902,-0.6047566,0.49571714,218.82733,110.515686,-7.2083063,WAL
1999667300000,212.149912,-1.2669213971451,-8.3074150779947,-1.04124778948298,-0.6630942,-0.61086524,0.52748215,218.72044,110.52791,-7.327367,WAL
1999672323000,212.154935,-1.42420288318637,-8.23523439185574,-1.14305778707025,-0.7171558,-0.67011917,0.55955255,218.59926,110.60748,-7.477376,WAL
1999677311000,212.159923,-1.56618978979491,-8.17843998503914,-1.21405121566432,-0.788627,-0.7309003,0.5946773,218.47987,110.70659,-7.634547,WAL
1999682310000,212.164922,-1.69990431871265,-8.15039554638973,-1.28734445236602,-0.88361657,-0.79717916,0.63224554,218.32776,110.86478,-7.8404083,WAL
1999687306000,212.169918,-1.78896757557559,-8.27227161301068,-1.37172022091702,-1.0033462,-0.8781188,0.677755,218.15973,111.05136,-8.061342,WAL
1999692298000,212.17491,-1.86560230077058,-8.40488455548685,-1.44449075500642,-1.1081096,-0.91232723,0.6963864,217.9721,111.28792,-8.309115,WAL
1999697308000,212.17992,-1.84962654203016,-8.61941612519621,-1.43079722368358,-1.1572843,-0.9975429,0.72418076,217.75424,111.544235,-8.580241,WAL
1999702926000,212.185538,-1.83171200857632,-8.85998266384436,-1.41544188257147,-1.2406673,-1.1178834,0.7675522,217.51492,111.8525,-8.872987,WAL
1999707380000,212.189992,-1.81750920829092,-9.05070593958997,-1.40326803256909,-1.3454307,-1.1588113,0.77549344,217.27397,112.173775,-9.16015,WAL
1999712346000,212.194958,-1.80167375561528,-9.26335339970509,-1.38969476379679,-1.3735305,-1.2461652,0.786489,216.99301,112.497536,-9.471941,WAL
1999717305000,212.199917,-1.74936338888889,-9.43741077777778,-1.32053526666667,-1.4343116,-1.3100005,0.78984874,216.70831,112.851616,-9.781709,WAL
1999722285000,212.204897,-1.69372908675999,-9.60895040449111,-1.24635621329834,-1.459357,-1.3316863,0.79351395,216.41348,113.19972,-10.095023,WAL
1999727296000,212.209908,-1.61841361614093,-9.84816281298648,-1.13055754948791,-1.4737124,-1.3096951,0.77182823,216.13408,113.51653,-10.376213,WAL
1999732272000,212.214884,-1.54032394961082,-10.0970731472757,-1.00854250286768,-1.4605788,-1.2385293,0.73914695,215.8625,113.826485,-10.648633,WAL
1999737332000,212.219944,-1.56203702025563,-10.4414130348815,-0.749504493775003,-1.434617,-1.1508701,0.7012733,215.61035,114.09862,-10.88601,WAL
1999742327000,212.224939,-1.59470882350473,-10.7914677911991,-0.478795475724461,-1.4025466,-1.0919216,0.6469063,215.36539,114.35486,-11.102711,WAL
1999747282000,212.229894,-1.67294382472185,-11.094924122569,0.126318552808684,-1.3368785,-1.0839803,0.5900958,215.14438,114.546135,-11.273519,WAL
1999752364000,212.234976,-1.76099330173677,-11.3986948688376,0.804299277584803,-1.2541064,-1.1468995,0.5653558,214.91855,114.71909,-11.437885,WAL
1999757337000,212.239949,-1.55719817363742,-11.5158589337231,0.621853356897334,-1.1078042,-1.2562444,0.57604593,214.68893,114.79553,-11.588248,WAL
1999762301000,212.244913,-1.20019241750819,-11.5374229740436,-0.0082977088957209,-0.8668178,-1.3594806,0.6105598,214.44495,114.82773,-11.742734,WAL
1999767320000,212.249932,-0.839231118150295,-11.5592259390656,-0.645430706320246,-0.52778757,-1.389413,0.6582073,214.19852,114.69905,-11.9018,WAL
1999772315000,212.254927,-0.479995874019455,-11.580924646036,-1.27951704266922,-0.14721853,-1.3127494,0.6719518,213.95387,114.50709,-12.057216,WAL
1999777314000,212.259926,0.0880974573177222,-11.3705541463544,-2.00198068759979,0.22479841,-1.0607675,0.6600399,213.75235,114.245804,-12.199145,WAL
1999782289000,212.264901,0.752434291484832,-11.0510638296966,-2.76267169079298,0.5143485,-0.70432764,0.61178154,213.5996,113.91968,-12.312233,WAL
1999787296000,212.269908,1.26741678247227,-10.8263523783677,-3.08670652381141,0.66248333,-0.50426924,0.5366451,213.55756,113.62116,-12.2534075,WAL
1999792318000,212.27493,1.74379080922345,-10.6262757192948,-3.29631120421949,0.59712076,-0.13316862,0.50579643,213.6624,113.31585,-12.144109,WAL
1999797308000,212.27992,1.84132800279004,-10.7607619866604,-3.09745607850634,0.50610185,0.16646078,0.4364632,213.85497,113.018425,-11.884899,WAL
1999802295000,212.284907,1.83235486956318,-10.9895765091592,-2.78339613447628,0.20861048,0.3268129,0.3231477,214.10028,112.786156,-11.594427,WAL
1999807328000,212.28994,1.61176269296092,-11.3009844040311,-2.16038220688561,-0.14446963,0.36041048,0.17165314,214.41354,112.55724,-11.224208,WAL
1999812305000,212.294917,1.28015476625742,-11.652099176591,-1.38012818082668,-0.47036624,0.29443705,-0.00030543262,214.7214,112.385735,-10.8244505,WAL
1999817306000,212.299918,0.777179738312283,-11.8148231459058,-0.568947026149092,-0.65148777,0.16187929,-0.15210545,215.01215,112.205414,-10.394464,WAL
1999822307000,212.304919,0.199089580827347,-11.8934430575512,0.254253309076864,-0.72265357,-0.05589417,-0.25992316,215.24161,112.07136,-9.959344,WAL
1999827310000,212.309922,-0.372065004637795,-11.9415368191544,0.712333736662895,-0.6704246,-0.3173445,-0.3182608,215.40302,111.870346,-9.56372,WAL
1999832307000,212.314919,-0.938196054081473,-11.9710741730275,0.948631899393066,-0.5018258,-0.5403103,-0.33475417,215.50926,111.65837,-9.182095,WAL
1999837300000,212.319912,-1.28470026318851,-12.1326351026555,0.839217435141222,-0.29077184,-0.6588182,-0.3100141,215.51756,111.36223,-8.920719,WAL
1999842318000,212.32493,-1.52820651776297,-12.3581041969597,0.564145526198743,-0.09590584,-0.6627888,-0.27183503,215.50189,111.03507,-8.675038,WAL
1999847306000,212.329918,-1.62985269068477,-12.6954560700624,0.316033665913983,0.08246681,-0.59986967,-0.2284636,215.43008,110.68462,-8.542438,WAL
1999852295000,212.334907,-1.61564835359231,-13.1263210607472,0.088764117192746,0.25992316,-0.4877759,-0.19272798,215.3796,110.29608,-8.415471,WAL
1999857321000,212.339933,-1.52203312861881,-13.6585405679867,-0.0166716030558915,0.45234573,-0.34972036,-0.1957823,215.33855,109.914215,-8.325871,WAL
1999862312000,212.344924,-1.35885284124073,-14.2739636804526,-0.0120093085048771,0.6249151,-0.23457226,-0.23273966,215.32785,109.50138,-8.229043,WAL
1999867303000,212.349915,-1.12843867125538,-14.7939712890106,-0.0475722349361557,0.8188649,-0.15974127,-0.3145956,215.35843,109.04384,-8.102577,WAL
1999872304000,212.354916,-0.824069831560422,-15.2107225928823,-0.127176397109894,0.9975429,-0.121256754,-0.39553526,215.41347,108.55359,-7.9607153,WAL
1999877288000,212.3599,-0.483432243406483,-15.5228013759985,-0.300582113146635,1.1591167,-0.071776666,-0.4886922,215.52422,107.97621,-7.7418685,WAL
1999882305000,212.364917,-0.0907989765549536,-15.6992654027638,-0.600571552893215,1.3176364,0.03176499,-0.5864306,215.66046,107.36028,-7.4970093,WAL
1999887290000,212.369902,0.315890909598069,-15.8115421346416,-0.889192779477385,1.486846,0.08582657,-0.679893,215.84003,106.67524,-7.1759872,WAL
1999892322000,212.374934,0.776100266584112,-15.7356837709099,-1.15216958809109,1.5564847,0.21288654,-0.72784597,216.07138,105.989716,-6.836823,WAL
1999897242000,212.379854,1.15163458389344,-15.5468570633197,-1.33971095145492,1.6960673,0.35155296,-0.83291477,216.39136,105.259735,-6.403389,WAL
1999902296000,212.384908,1.38967311631148,-15.1253301610656,-1.39426147651639,1.8280143,0.44959682,-0.9282097,216.73732,104.53177,-5.9674673,WAL
1999907303000,212.389915,1.42100432351075,-14.587389670518,-1.32642908511601,1.9877555,0.5213735,-1.0112875,217.14278,103.773415,-5.4562016,WAL
1999912312000,212.394924,1.1393343161663,-13.8650424399091,-1.07201740681693,2.1933117,0.52442783,-1.1004738,217.55127,102.98147,-4.933184,WAL
1999917254000,212.399866,0.805216555302158,-13.1244666200332,-0.829115133810407,2.4401011,0.49754974,-1.2040154,217.97371,102.1435,-4.386475,WAL
1999922321000,212.404933,0.312521969865274,-12.2906757671581,-0.601717612291321,2.7406468,0.47555858,-1.2815952,218.39714,101.25594,-3.8395886,WAL
1999927263000,212.409875,-0.178246527726012,-11.6081842617859,-0.365530722914587,3.0631838,0.48838675,-1.3384057,218.80443,100.32138,-3.3296938,WAL
1999932306000,212.414918,-0.713974076716584,-11.3581776999445,-0.075344983915696,3.385415,0.5137377,-1.38025,219.21489,99.32501,-2.8169413,WAL
1999937412000,212.420024,-1.26751011662142,-11.1493064103153,0.195747605711004,3.6398406,0.5357288,-1.4248432,219.59158,98.283905,-2.3751698,WAL
1999942344000,212.424956,-1.90859019947797,-11.3712191190228,0.240130080511589,3.7803395,0.5656612,-1.4517213,219.99185,97.20884,-1.9350187,WAL
1999947327000,212.429939,-2.55212190777027,-11.6477591081081,0.240520211418919,3.813021,0.6407976,-1.4544702,220.33377,96.0795,-1.5593041,WAL
1999952299000,212.434911,-3.17259914433398,-12.1946983050193,0.0107138243069498,3.7189476,0.68752885,-1.4474452,220.69263,94.96879,-1.1879131,WAL
1999957354000,212.439966,-3.81212484038482,-12.750368282129,-0.235618687802991,3.526525,0.68019843,-1.4456125,220.99709,93.89492,-0.89552546,WAL
1999962315000,212.444927,-4.52257199663286,-13.2918980313709,-0.598294566723831,3.2974505,0.6243043,-1.4285084,221.3166,92.88032,-0.6167012,WAL
1999967309000,212.449921,-5.21066623112255,-13.7894056452188,-0.967384539564443,3.068987,0.48747048,-1.378112,221.5646,91.98312,-0.43736342,WAL
1999972306000,212.454918,-5.76965720417739,-14.0594266673926,-1.35583581709167,2.886949,0.3100141,-1.3096951,221.7968,91.15701,-0.27295074,WAL
1999977321000,212.459933,-6.35335923116544,-14.3314785033125,-1.78096615323318,2.74981,0.17501289,-1.2321151,221.95695,90.48259,-0.21350366,WAL
1999982307000,212.464919,-7.05733367378931,-14.6077216060465,-2.39582983801437,2.6343563,0.12003502,-1.2034045,222.09851,89.74489,-0.15965755,WAL
1999987641000,212.470253,-7.79598714788865,-14.9151084550099,-3.02932738767595,2.5549438,0.15363261,-1.2379184,222.1915,89.25111,-0.17716852,WAL
1999992319000,212.474931,-8.27710825405067,-15.3214920850798,-3.30492099549578,2.4990497,0.1853976,-1.2922854,222.27594,88.765366,-0.19301808,WAL
1999997276000,212.479888,-8.71166334148036,-15.6781915589205,-3.59656913743654,2.4584272,0.24801129,-1.4850134,222.34146,88.397194,-0.2507985,WAL
2000002291000,212.484903,-8.33093242110983,-15.2332926705264,-3.88746459882426,2.287385,0.35521814,-1.6694947,222.43483,88.091064,-0.2871594,WAL
2000007302000,212.489914,-7.95050517445444,-14.7887486366794,-4.1781280399038,2.0638082,0.5375614,-1.6685784,222.54942,87.85452,-0.36821118,WAL
2000012308000,212.49492,-6.97569946547123,-13.9010063759383,-4.00396796651376,1.815186,0.56199604,-1.5766432,222.65271,87.68021,-0.41330516,WAL
2000017300000,212.499912,-5.89415143944954,-12.9340920940367,-3.74479500504587,1.7379116,0.5992588,-1.4117095,222.81122,87.518295,-0.473457,WAL
2000022311000,212.504923,-4.80755532898619,-12.3067119362962,-3.60854849132763,1.7718146,0.6918049,-1.244638,222.99316,87.437096,-0.52282584,WAL
2000027248000,212.50986,-3.73693150867237,-11.7158699786714,-3.48416067659495,1.824349,0.7819075,-1.1090258,223.17749,87.363266,-0.60374177,WAL
2000032309000,212.514921,-2.74188665664567,-11.3348882895271,-3.23274945831109,1.9083431,0.8481864,-1.0170907,223.39255,87.238785,-0.6101575,WAL
2000037290000,212.519902,-1.78957667406854,-11.0191491497811,-2.95265836829294,1.9755383,1.0088439,-0.97494096,223.65347,87.102646,-0.64082843,WAL
2000042319000,212.524931,-1.12924779234854,-10.9436702102968,-2.61485514933156,2.0097466,1.1924089,-0.99387777,223.95398,86.95348,-0.5585066,WAL
2000047241000,212.529853,-0.508023846100313,-10.8900392172182,-2.27966232926899,2.0308216,1.3784174,-1.0387764,224.29677,86.78874,-0.4839759,WAL
2000052280000,212.534892,0.0369626329382356,-10.939833913134,-2.09107848938652,2.0555615,1.6349808,-1.0925325,224.70346,86.54376,-0.31659967,WAL
2000057274000,212.539886,0.555029873079887,-11.0145550971774,-1.94163601726903,2.0964894,1.8280143,-1.1502593,225.14336,86.28309,-0.14103842,WAL
2000062326000,212.544938,0.965546483489209,-10.9885011906475,-1.50350127080336,2.1685717,1.9651535,-1.1670581,225.6328,85.922104,0.10872472,WAL
2000067243000,212.549855,1.35136888167266,-10.9508601996403,-1.04239637964628,2.230269,2.0909917,-1.1814134,226.17317,85.54245,0.36498383,WAL
2000072326000,212.554938,1.33997770588691,-10.7008669688226,-1.22767472135941,2.200642,2.115121,-1.1820242,226.70442,85.1107,0.6731869,WAL
2000077257000,212.559869,1.27596484655306,-10.4310985856894,-1.49287109160534,2.1206186,2.1050417,-1.1707232,227.2604,84.66949,0.9731114,WAL
2000082314000,212.564926,1.09042472780153,-9.95487070627424,-1.78664448781943,2.0222695,2.144748,-1.1398746,227.86736,84.15532,1.3060657,WAL
2000087303000,212.569915,0.88138999323854,-9.44178551635677,-2.081193420702,1.9956968,2.2770002,-1.1181889,228.49617,83.64175,1.6279144,WAL
2000092301000,212.574913,0.554706072078181,-8.91488401874751,-2.29133221615477,1.9990565,2.3988678,-1.0543534,229.08902,83.178474,1.9154118,WAL
2000097279000,212.579891,0.202908359812525,-8.38718673055445,-2.4814930571799,2.0045543,2.4788911,-0.96486163,229.70387,82.727684,2.179981,WAL
2000102297000,212.584909,-0.142985496867749,-7.96569171461717,-2.59358142180974,1.9785925,2.5179865,-0.88147855,230.30875,82.324615,2.3932083,WAL
2000107416000,212.590028,-0.493696233555684,-7.56284858507347,-2.68836813950116,1.9596558,2.5332582,-0.81397796,230.9241,81.929756,2.5787685,WAL
2000112387000,212.594999,-0.766361376226415,-7.20282466084906,-2.70681214226415,1.9138408,2.5094345,-0.77182823,231.52231,81.58773,2.7003484,WAL
2000117280000,212.599892,-1.01392003392453,-6.85801102721698,-2.70239145524528,1.8603901,2.4620924,-0.7357872,232.11258,81.26474,2.8016405,WAL
2000122312000,212.604924,-1.30681194664657,-6.51738148417483,-2.66854438319518,1.8307631,2.3851233,-0.6957755,232.67242,80.9724,2.8471522,WAL
2000127306000,212.609918,-1.62088460127032,-6.18786242894822,-2.61705709801916,1.7843374,2.3026567,-0.6759224,233.21326,80.706375,2.8881853,WAL
2000132311000,212.614923,-1.86734225395768,-5.93057803756857,-2.5690065700431,1.7424932,2.2201898,-0.6575964,233.73141,80.4537,2.8845088,WAL
2000137281000,212.619893,-2.0911513640674,-5.6974435072982,-2.52237961530172,1.6859881,2.1533,-0.65118235,234.22675,80.2238,2.8798537,WAL
2000142281000,212.624893,-2.25619468863413,-5.47228165566817,-2.46855811396379,1.6129897,2.0943515,-0.65209866,234.70557,80.00907,2.8338685,WAL
2000147312000,212.629924,-2.39843311877583,-5.24944167453257,-2.41166281121826,1.5335772,2.039679,-0.6579019,235.16264,79.816605,2.7892373,WAL
2000152319000,212.634931,-2.47007261719644,-5.09087257575246,-2.26670586192218,1.4443909,1.9953914,-0.66828656,235.6062,79.63718,2.7119248,WAL
2000157383000,212.639995,-2.5109983315143,-4.95900074520394,-2.08026652307548,1.3548992,1.9294178,-0.7098254,236.02557,79.4812,2.6481187,WAL
2000162345000,212.644957,-2.58017162381272,-4.80991462294925,-1.98338948166555,1.2263119,1.887879,-0.7464773,236.44002,79.348915,2.5655038,WAL
2000167302000,212.649914,-2.67126285973328,-4.64595030317567,-1.95150754909335,1.106277,1.9220876,-0.73548174,236.8521,79.243225,2.4801397,WAL
2000172310000,212.654922,-2.69092082392944,-4.45021411975348,-1.63355434444799,1.0384709,1.9456058,-0.77824235,237.25873,79.11265,2.4158945,WAL
2000177316000,212.659928,-2.62979054776326,-4.22097511869089,-0.996779601551376,0.9443977,1.9300288,-0.8194757,237.65689,79.026695,2.348942,WAL
2000182309000,212.664921,-2.53896693371201,-3.96004521420526,-0.429766045590834,0.8155051,1.890628,-0.86467975,238.06226,78.95805,2.273041,WAL
2000187297000,212.669909,-2.42764948731916,-3.67711334909215,0.0897155032896398,0.6249151,1.7846428,-0.87964594,238.43784,78.934654,2.205403,WAL
2000192316000,212.674928,-2.38815668846154,-3.45428043755656,0.479382012760181,0.5122105,1.6792686,-0.9059132,238.79834,78.77657,2.1775513,WAL
2000197306000,212.679918,-2.41272894895105,-3.28718861464418,0.749677627363225,0.32711834,1.5916094,-0.92271197,239.12614,78.694374,2.1584692,WAL
2000202301000,212.684913,-2.44994714188381,-3.18809048213665,0.969972852161745,0.13561209,1.5103643,-0.9272934,239.51707,78.567085,2.1601439,WAL
2000207361000,212.689973,-2.49671283190504,-3.13664827194557,1.15703575874349,-0.035430185,1.4272866,-0.91965765,239.87749,78.4864,2.167902,WAL
2000212306000,212.694918,-2.54946210362061,-3.10536341220029,1.27574687891189,-0.20341812,1.3509285,-0.9059132,240.26955,78.41708,2.1554737,WAL
2000217307000,212.699919,-2.60941564224362,-3.0915280505922,1.33570036937891,-0.36865717,1.2901474,-0.8848383,240.63654,78.395355,2.1420057,WAL
2000222287000,212.704899,-2.63017122166527,-3.06636193064178,1.30651709979027,-0.5186246,1.2599095,-0.8720101,241.0191,78.38892,2.1152794,WAL
2000227315000,212.709927,-2.59987419989513,-3.02596567313339,1.16008113427013,-0.6881397,1.2235631,-0.84788096,241.37575,78.43476,2.0826793,WAL
2000232309000,212.714921,-2.54979777981859,-2.98315720325019,0.995915537944067,-0.83169305,1.2070698,-0.8188649,241.73615,78.50654,2.0278554,WAL
2000237300000,212.719912,-2.48205697962018,-2.93799676409675,0.815273639862056,-0.9575313,1.1948525,-0.7816021,242.07957,78.620476,1.9657211,WAL
2000242295000,212.724907,-2.38527415338983,-2.89511745677966,0.621437369491526,-1.0690142,1.2027937,-0.7556403,242.40805,78.792496,1.8967533,WAL
2000247299000,212.729911,-2.24659855376188,-2.85549592337743,0.40847120467962,-1.1658363,1.2027937,-0.7162395,242.72089,78.995346,1.8151789,WAL
2000252291000,212.734903,-2.13546179826503,-2.84378750673048,0.244828795309602,-1.2617421,1.2073752,-0.6789767,243.00555,79.253494,1.7361665,WAL
2000257326000,212.739938,-2.05372611145678,-2.86301930900389,0.134245271547512,-1.3414601,1.2052372,-0.6441574,243.27808,79.53225,1.6480612,WAL
2000262274000,212.744886,-2.02875046962245,-2.89837228901974,0.136085530741254,-1.4379768,1.1713341,-0.59803706,243.51701,79.86733,1.552381,WAL
2000267302000,212.749914,-2.06687385088822,-2.95317465269929,0.264751870610025,-1.5271631,1.1246029,-0.5345071,243.73935,80.22024,1.4442339,WAL
2000272291000,212.754903,-2.10470152573606,-3.00755193837894,0.392420201875996,-1.616044,1.0369438,-0.47433686,243.9148,80.6096,1.3358856,WAL
2000277313000,212.759925,-2.14277941370676,-3.06228890544312,0.520933001959721,-1.7107282,0.91782504,-0.4111123,244.05453,81.022484,1.2141125,WAL
2000282267000,212.764879,-2.21017493779669,-3.1696695498156,0.727393583988653,-1.7980819,0.8454375,-0.37201694,244.1831,81.46236,1.0824512,WAL
2000287295000,212.769907,-2.319456508974,-3.35180539083688,1.04613144128227,-1.8310685,0.68630713,-0.29932398,244.23929,81.910324,0.9337111,WAL
2000292273000,212.774885,-2.43027449413624,-3.56055044580869,1.38888992475015,-1.915368,0.50335294,-0.2406809,244.31885,82.381065,0.78477407,WAL
2000297311000,212.779923,-2.5483604155517,-3.83608434807261,1.79727048218438,-1.994475,0.31978795,-0.16523905,244.34201,82.85496,0.61708194,WAL
2000302291000,212.784903,-2.67489499297662,-4.17179302174508,2.27225495187323,-2.0803015,0.16646078,-0.067500606,244.358,83.3036,0.4200074,WAL
2000307322000,212.789934,-2.8209976837621,-4.62895324470312,2.88494384249242,-2.1361957,0.0421497,0.069027774,244.32028,83.75754,0.19623685,WAL
2000312296000,212.794908,-2.91513404507348,-5.26308764304172,3.52554184428445,-2.1731532,-0.017715093,0.22052236,244.29395,84.15523,-0.06393571,WAL
2000317304000,212.799916,-2.89621290334353,-6.31321703505277,4.24927998556071,-2.1572707,-0.0070249503,0.3915646,244.24258,84.53363,-0.36507604,WAL
2000322313000,212.804925,-2.77255818773476,-7.67884407541203,5.09166336479494,-2.0900755,0.0852157,0.6093381,244.24472,84.76336,-0.72640663,WAL
2000327281000,212.809893,-2.38504428600997,-9.8306854805481,6.22685088875048,-1.9382755,0.23793201,0.76083267,244.25894,84.92611,-1.1139408,WAL
2000332290000,212.814902,-1.87799163334285,-11.9737819106669,7.57877038568224,-1.6032158,0.39828414,0.9095783,244.34702,84.835205,-1.5296165,WAL
2000337309000,212.819921,-0.873144778245972,-14.0079842485213,9.8188438528452,-0.9822713,0.48808134,0.88300574,244.45152,84.60524,-1.9289569,WAL
2000342302000,212.824914,0.246035813528599,-15.7737522859906,11.7000375125725,-0.0983493,0.42180246,0.6630942,244.62784,84.03935,-2.16879,WAL
2000347268000,212.82988,1.75290673240858,-16.6805030858432,12.4271899058672,0.6759224,0.37995818,0.21746802,244.8348,83.39802,-2.327571,WAL
2000352362000,212.834974,3.27781257471264,-17.584834015958,13.0446065987055,1.0995574,0.47952923,-0.18203785,245.2551,82.39662,-2.1601353,WAL
2000357208000,212.83982,4.46898722528736,-18.1234516927798,12.0295185857605,1.2095132,0.72601336,-0.43371433,245.7096,81.348755,-1.9362317,WAL
2000362211000,212.844823,5.33467526324421,-18.4871969459298,10.9162260389126,1.1145236,0.9260717,-0.5900958,246.31155,80.27023,-1.3814098,WAL
2000367234000,212.849846,5.10517468780439,-18.2720402032601,9.60137852927144,0.94959,1.0189233,-0.6988298,246.94632,79.22419,-0.83731884,WAL
2000372230000,212.854842,4.6811669129336,-17.7167968267592,8.28648745673935,0.788627,1.0558805,-0.7495316,247.60565,78.40718,-0.21340804,WAL
2000377232000,212.859844,3.64144469876115,-16.0883736664024,6.94766695931616,0.64568454,1.0622946,-0.75869465,248.26108,77.649506,0.37052158,WAL
2000382238000,212.86485,2.55924459793662,-14.354755123951,5.71849317405469,0.4990769,1.0311406,-0.76052725,248.8537,77.12761,0.8775139,WAL
2000387245000,212.869857,1.33312864848652,-12.2623103476158,4.87110036738079,0.42485678,0.9673051,-0.7528914,249.42267,76.63247,1.3520383,WAL
2000392229000,212.874841,0.126348375935413,-10.261263736679,4.13340366556364,0.24251351,0.86651236,-0.70371675,249.91922,76.36295,1.6809254,WAL
2000397249000,212.879861,-1.03325374159673,-8.57936149567427,3.82194020976777,0.06719518,0.75502944,-0.59712076,250.3821,76.11401,1.9805137,WAL
2000402230000,212.884842,-2.13702109371598,-7.07843554200891,3.52870508129639,-0.1142318,0.66156703,-0.45204028,250.77989,76.0091,2.1083612,WAL
2000407278000,212.88989,-3.05557575536863,-6.2747000756853,3.29906644086096,-0.29077184,0.6215554,-0.2678644,251.1456,75.95574,2.195015,WAL
2000412240000,212.894852,-3.8784683139869,-5.63285556088359,3.09797211956798,-0.44532076,0.63163465,-0.06841691,251.41681,75.959526,2.1015704,WAL
2000417255000,212.899867,-4.3244296031082,-5.6985763246408,3.01347414879288,-0.5910121,0.6203337,0.11759156,251.65796,76.015175,1.9652033,WAL
2000422250000,212.904862,-4.75429035323603,-5.86530217006542,2.9554787445697,-0.68844515,0.51343226,0.28619036,251.80312,76.12566,1.6683795,WAL
2000427252000,212.909864,-5.08698482723704,-6.7235574637544,3.0760202483845,-0.7724391,0.2556471,0.42271876,251.8916,76.27023,1.3408492,WAL
2000432238000,212.91485,-5.46427862659493,-7.98181939800154,3.15848760722521,-0.7870999,-0.1826487,0.51893,251.87642,76.44664,0.93816495,WAL
2000437294000,212.919906,-6.134198820907,-11.7919902966949,3.00496426579554,-0.6933321,-0.7583892,0.5766568,251.74408,76.6029,0.5367566,WAL
2000442328000,212.92494,-6.75909466915462,-15.382094887349,2.86949274945555,-0.50426924,-1.3292428,0.59681535,251.46925,76.73914,0.10413995,WAL
2000447312000,212.929924,-6.85831716933281,-16.4262946909523,2.94981576572956,-0.18875736,-1.6869044,0.61117065,251.09232,76.79485,-0.31501156,WAL
2000452473000,212.935085,-6.90229555638266,-17.422577607365,2.95017741187679,0.25870144,-1.8277088,0.6426302,250.57219,76.92341,-0.80317444,WAL
2000457354000,212.939966,-6.31158753001283,-17.450267126666,2.05950039621878,0.81245077,-1.72264,0.6921103,250.03,76.90583,-1.2743452,WAL
2000462548000,212.94516,-5.59019882128978,-17.3308250011264,1.07906966764292,1.3161092,-1.4227052,0.6936375,249.518,76.78689,-1.7259762,WAL
2000467311000,212.949923,-3.79611214912231,-15.404001258331,-0.218324720557589,1.5100589,-1.0002918,0.56321776,249.08884,76.58873,-2.146151,WAL
2000473043000,212.955655,-1.67385708664155,-13.0778448545832,-1.75170089723752,1.3900238,-0.5907067,0.32345316,248.75285,76.47712,-2.459651,WAL
2000477315000,212.959927,-0.832141522410895,-11.1968281266783,-2.33260323186516,0.9850202,-0.42577308,0.12889257,248.48401,76.39043,-2.7439175,WAL
2000482220000,212.964832,0.134294536238771,-9.03709333024244,-2.99958028040182,0.34238997,-0.10354166,0.031154128,248.48624,76.623184,-2.7691925,WAL
2000487400000,212.970012,0.715124171538462,-7.24818332365098,-2.83466068119977,-0.016187929,-0.021991149,-0.20311269,248.48224,76.903275,-2.6992712,WAL
2000492259000,212.974871,1.16478973641026,-5.67658003287409,-2.49184637657864,-0.67256266,-0.20799962,-0.39706242,248.48563,77.438675,-2.6198294,WAL
2000497344000,212.979956,1.23488187019536,-4.43758325958041,-2.06674518431335,-1.1169671,-0.60994893,-0.50732356,248.37257,77.99797,-2.431447,WAL
2000502322000,212.984934,1.15688675207391,-3.37317973988067,-1.62630232214416,-1.3768903,-1.0580186,-0.5296202,248.19312,78.690575,-2.207108,WAL
2000507406000,212.990018,0.821416397714286,-2.69847054571429,-1.68168721714286,-1.629483,-1.4749341,-0.505491,247.90512,79.38061,-1.9145747,WAL
2000512311000,212.994923,0.37245063104423,-2.24950484886629,-1.98258979101169,-1.8692477,-1.8509218,-0.41538838,247.49637,80.13605,-1.6203027,WAL
2000517344000,212.999956,-0.0991903067608286,-2.11003125160075,-2.62655642278719,-2.0717494,-2.1252003,-0.32895094,247.01544,80.84346,-1.336253,WAL
2000522364000,213.004976,-0.574513762052731,-2.11455813822976,-3.41876215009416,-2.2272146,-2.302962,-0.23854288,246.44887,81.600044,-1.074204,WAL
2000527347000,213.009959,-1.07865213812586,-2.32996841589544,-4.1666709685886,-2.3640485,-2.4401011,-0.14538592,245.78049,82.43724,-0.9043255,WAL
2000532334000,213.014946,-1.60724401742384,-2.70249978652893,-4.88656268550648,-2.4785857,-2.5897632,-0.03848451,245.05168,83.310165,-0.7697034,WAL
2000537268000,213.01988,-2.13152402686876,-3.21612138587668,-5.32721815638994,-2.5103507,-2.748588,0.08155051,244.20413,84.327896,-0.7611497,WAL
2000542370000,213.024982,-2.67432897914227,-3.82204337698932,-5.64280251577678,-2.4975226,-2.8777862,0.2003638,243.31815,85.35692,-0.7987242,WAL
2000547243000,213.029855,-3.14168853967481,-4.44031920790575,-5.90203463849674,-2.4544566,-2.9278772,0.28191432,242.35132,86.471664,-0.9673835,WAL
2000552347000,213.034959,-3.5271701895239,-5.16845124630513,-6.08763716833804,-2.4055874,-2.8258626,0.34880406,241.39244,87.481895,-1.1884971,WAL
2000557399000,213.040011,-3.84064019342181,-5.85527730929025,-6.08485727447586,-2.3698518,-2.6117544,0.42730024,240.43042,88.16303,-1.560688,WAL
2000562356000,213.044968,-3.99586766159838,-6.45335966783035,-5.66482965991537,-2.3087652,-2.3582454,0.559858,239.51625,92.00319,-1.9874882,WAL
2000567336000,213.049948,-4.08867638914192,-7.08056639698525,-5.2199696032639,-2.2446244,-2.1197023,0.73731434,238.66367,92.93884,-2.5295331,WAL
2000572294000,213.054906,-3.95381184675603,-7.79984444226131,-4.69470742697329,-2.172237,-1.9257526,0.9642508,237.88321,94.13748,-3.1328351,WAL
2000577327000,213.059939,-3.8169071993522,-8.53000305498306,-4.16149957435719,-2.065641,-1.8490891,1.2333369,237.20596,95.38747,-3.8100863,WAL
2000582346000,213.064958,-3.68038337155172,-9.25813062844828,-3.62977491465517,-1.9559906,-1.666135,1.3723087,236.61871,96.63474,-4.5058846,WAL
2000587290000,213.069902,-3.49408113714924,-9.97536474890766,-3.1409304185552,-1.881465,-1.473407,1.6496416,236.06987,97.92462,-5.3069263,WAL
2000592333000,213.074945,-3.08610576683173,-10.7069067652199,-2.78922751479755,-1.7186694,-1.3197744,1.8759671,235.57034,99.16282,-6.1174994,WAL
2000597336000,213.079948,-2.68990681967856,-11.4223855804523,-2.45365265040179,-1.5705346,-1.2538009,2.0366247,235.17542,100.170265,-6.8575163,WAL
2000602287000,213.084899,-2.34876150019623,-12.0692322037937,-2.20111653725472,-1.450805,-1.2330315,2.1282544,234.81822,101.15103,-7.617345,WAL
2000607649000,213.090261,-1.98672740815795,-12.7627052619296,-1.93700148895603,-1.38025,-1.2437216,2.1212296,234.51239,101.9705,-8.279696,WAL
2000612336000,213.094948,-1.77160148195457,-13.2724602175453,-1.83411514882267,-1.3735305,-1.2666291,2.031127,234.21008,102.75645,-8.923589,WAL
2000617315000,213.099927,-1.53667048113888,-13.773535064654,-1.75914239263353,-1.409877,-1.2757921,1.8686367,233.93835,103.39259,-9.444744,WAL
2000622299000,213.104911,-1.22629833279145,-13.8001384667905,-2.08725010845332,-1.4150693,-1.181108,1.6948457,233.68594,103.98356,-9.918863,WAL
2000627308000,213.10992,-0.914369341805852,-13.8268753129587,-2.4170036294287,-1.4123205,-0.91751957,1.5280794,233.4886,104.469925,-10.272818,WAL
2000632315000,213.114927,-0.505328559378187,-13.3638741414576,-2.76982450423873,-1.41904,-0.57879484,1.3579534,233.33197,104.91268,-10.561322,WAL
2000637299000,213.119911,-0.0901950809737079,-12.8628508524443,-3.12292657953614,-1.4269812,-0.22540927,1.2092078,233.24718,105.316475,-10.789555,WAL
2000642316000,213.124928,0.375137208,-12.2465466285714,-3.33218150285714,-1.393689,0.0571159,1.0494665,233.23654,105.66851,-10.90662,WAL
2000647581000,213.130193,0.8539695023705,-11.5573246612818,-3.45693876083407,-1.3206906,0.15699236,0.85918194,233.26059,105.97235,-10.965026,WAL
2000652313000,213.134925,1.12054271325724,-10.5507123501317,-2.59355985207199,-1.2892311,0.025045475,0.67256266,233.29456,106.262085,-10.948208,WAL
2000657360000,213.139972,1.40486118226514,-9.47709182300263,-1.67270749524144,-1.3408492,-0.3118467,0.52503866,233.31119,106.53793,-10.884779,WAL
2000662404000,213.145016,1.16040432706095,-8.85459101696958,-1.56309279661613,-1.473407,-0.81336707,0.38087448,233.2286,106.79155,-10.792758,WAL
2000667240000,213.149852,0.760469069424641,-8.39885082498243,-1.71190587395321,-1.6190983,-1.3246613,0.23915374,233.03595,107.03599,-10.688194,WAL
2000672342000,213.154954,0.371267646899589,-8.02984323415541,-2.21324143939127,-1.7266107,-1.7901406,0.105068825,232.72752,107.19024,-10.55844,WAL
2000677293000,213.159905,0.00468249532589551,-7.70966141487571,-2.8164828016833,-1.7760907,-1.9755383,0.04734206,232.35214,107.35717,-10.431604,WAL
2000682343000,213.164955,-0.283703886475731,-7.47636235598432,-3.47430789354839,-1.7828102,-2.2644775,-0.057421334,231.77907,107.59231,-10.369709,WAL
2000687320000,213.169932,-0.532775933397649,-7.28476846219475,-4.14009670322581,-1.7705929,-2.399784,-0.1001819,231.20325,107.83995,-10.319507,WAL
2000692319000,213.174931,-0.709106755503276,-7.30555038132817,-4.6255493308517,-1.7192802,-2.3860397,-0.116675265,230.55998,108.20281,-10.343271,WAL
2000697308000,213.17992,-0.856132704359738,-7.40989134949375,-5.03817053353186,-1.6578883,-2.257758,-0.11789699,229.91508,108.55904,-10.368873,WAL
2000702340000,213.184952,-0.968591685386021,-7.62024794183252,-4.92748123816941,-1.6093245,-2.0305161,-0.11056661,229.29973,109.03412,-10.450814,WAL
2000707450000,213.190062,-1.06739825431209,-7.87902687078166,-4.58871575090857,-1.5619824,-1.8008307,-0.071776666,228.72813,109.50025,-10.537092,WAL
2000712362000,213.194974,-1.12267588379387,-8.22097080707947,-4.12173262356797,-1.5592335,-1.6267341,-0.036651913,228.19798,110.02704,-10.6417675,WAL
2000717348000,213.19996,-1.15638402943727,-8.62065281091166,-3.56795641923155,-1.6001616,-1.5063937,0.03390302,227.72694,110.562485,-10.757245,WAL
2000722342000,213.204954,-1.15297320678846,-8.93214787161825,-3.10004401247879,-1.6698002,-1.4086553,0.08979719,227.31024,111.05633,-10.880531,WAL
2000727348000,213.20996,-1.12904310749725,-9.19537841409604,-2.67887484466407,-1.7418822,-1.3164146,0.14080444,226.93367,111.56595,-11.015578,WAL
2000732329000,213.214941,-1.04335466267542,-9.31418448970217,-2.19506791537607,-1.8197676,-1.2263119,0.18142697,226.6011,112.00304,-11.151253,WAL
2000737344000,213.219956,-0.922133834507824,-9.3529756792529,-1.67139397009591,-1.8668042,-1.1615603,0.22449298,226.29323,112.45164,-11.298534,WAL
2000742355000,213.224967,-0.788602084969843,-9.32466772677925,-1.20702417717732,-1.8875736,-1.1582005,0.26816985,226.02242,112.84745,-11.443977,WAL
2000747340000,213.229952,-0.649431307969441,-9.26228031146964,-0.775114832439686,-1.8994855,-1.2153164,0.2742785,225.75363,113.24642,-11.592399,WAL
2000752287000,213.234899,-0.561183707431079,-9.12117487188782,-0.556792227767815,-1.8897116,-1.3191634,0.28099802,225.5,113.57094,-11.737404,WAL
2000757351000,213.239963,-0.496416234333683,-8.93612511437566,-0.441136056862539,-1.8295414,-1.4147639,0.2843578,225.23436,113.88061,-11.888496,WAL
2000762322000,213.244934,-0.493936617951553,-8.76396572057493,-0.447478206915268,-1.7412714,-1.4691309,0.2843578,224.96388,114.1128,-12.021894,WAL
2000767306000,213.249918,-0.537114539366771,-8.59845023158106,-0.543429179016987,-1.5968018,-1.4700472,0.2959642,224.68643,114.3151,-12.162961,WAL
2000772317000,213.254929,-0.580526370067344,-8.43203808965725,-0.63989994972359,-1.4358387,-1.4456125,0.3295618,224.4094,114.48533,-12.302345,WAL
2000777320000,213.259932,-0.623868894312996,-8.26589162267565,-0.736216706028747,-1.2733486,-1.346347,0.35216382,224.15657,114.61797,-12.43277,WAL
2000782308000,213.26492,-0.740313821215159,-8.22875591778624,-0.733435178712653,-1.1930199,-1.1908818,0.39584067,223.93558,114.7383,-12.567183,WAL
2000787301000,213.269913,-0.908109608451975,-8.28149178955284,-0.661522677729096,-1.0613784,-1.0015136,0.43035457,223.7561,114.80783,-12.688494,WAL
2000792316000,213.274928,-1.06812611233701,-8.29167958676028,-0.532218780280843,-0.9639453,-0.82986045,0.47739118,223.61989,114.93603,-12.836745,WAL
2000797313000,213.279925,-1.22172381814443,-8.27247998004012,-0.364221239120361,-0.8943067,-0.6985244,0.50701815,223.52768,115.039505,-12.970507,WAL
2000802292000,213.284904,-1.32458926089645,-8.30057505718702,-0.247324373044822,-0.87598073,-0.63132924,0.5384777,223.46222,115.14145,-13.12528,WAL
2000807339000,213.289951,-1.39462530785355,-8.36127313031298,-0.163281228830178,-0.8793405,-0.61361414,0.5702427,223.4226,115.23439,-13.2748575,WAL
2000812306000,213.294918,-1.45995320131591,-8.40342972123192,-0.129214049792814,-0.90133166,-0.6444628,0.59315014,223.37668,115.322876,-13.439778,WAL
2000817308000,213.29992,-1.52254248273448,-8.43025379234718,-0.138155380377975,-0.9437868,-0.71593404,0.6203337,223.32831,115.42081,-13.611687,WAL
2000822298000,213.30491,-1.56295221914849,-8.44094592327959,-0.20936459544736,-0.99082345,-0.7959574,0.6356053,223.25992,115.51385,-13.77714,WAL
2000827345000,213.309957,-1.56804591812625,-8.4256650390979,-0.382550477704711,-1.0497719,-0.89888823,0.6426302,223.16795,115.62105,-13.9530325,WAL
2000832307000,213.314919,-1.57503177465525,-8.47567498525915,-0.542448909705183,-1.0965031,-0.9804387,0.6603453,223.05602,115.74343,-14.140701,WAL
2000837306000,213.319918,-1.58413770393723,-8.59405168559201,-0.69269686171184,-1.1239921,-1.0567969,0.66523224,222.91724,115.87232,-14.332829,WAL
2000842296000,213.324908,-1.5667462798574,-8.75710751389326,-0.873478703204362,-1.138042,-1.1377366,0.6814202,222.76094,116.03583,-14.535443,WAL
2000847308000,213.32992,-1.50635123315508,-8.99365478452343,-1.1049930208682,-1.1502593,-1.20371,0.70249504,222.58983,116.20445,-14.743082,WAL
2000852295000,213.334907,-1.44207830653846,-9.27650295163462,-1.29788113400962,-1.1569787,-1.2394456,0.72418076,222.41118,116.3871,-14.95298,WAL
2000857340000,213.339952,-1.37239327384615,-9.61563706846154,-1.45118835146154,-1.1487321,-1.2391402,0.74097955,222.2275,116.56923,-15.166133,WAL
2000862276000,213.344888,-1.29075291617849,-9.97057045429526,-1.57310214421073,-1.1273518,-1.2189816,0.7305948,222.05344,116.7513,-15.354837,WAL
2000867306000,213.349918,-1.18658840919992,-10.3682894989188,-1.65359282319638,-1.1206323,-1.1701124,0.7287622,221.89165,116.93641,-15.543385,WAL
2000872275000,213.354887,-1.1134823981068,-10.774767151353,-1.63112954355386,-1.102001,-1.1478158,0.6963864,221.73631,117.08635,-15.682677,WAL
2000877318000,213.35993,-1.09360553735981,-11.2120583991151,-1.42242240193436,-1.0818423,-1.0870347,0.6762278,221.60747,117.23419,-15.813139,WAL
2000882240000,213.364852,-1.106020592039,-11.5349620803673,-1.16673326246876,-1.0629056,-1.0302242,0.63132924,221.49905,117.33406,-15.883912,WAL
2000887301000,213.369913,-1.16566532021961,-11.7138960253692,-0.827217121862931,-1.0436633,-1.0329732,0.59131753,221.39023,117.42626,-15.950539,WAL
2000892257000,213.374869,-1.21645608695523,-11.8243608173733,-0.532297846747702,-1.0268645,-1.0525209,0.5476407,221.30237,117.449585,-15.968222,WAL
2000897311000,213.379923,-1.24993844987647,-11.7813121649372,-0.321837119988141,-0.97219205,-1.0800097,0.52198434,221.21057,117.45842,-15.982945,WAL
2000902300000,213.384912,-1.24960498612065,-11.7255358205002,-0.218411311237535,-0.8741482,-1.1322387,0.5152648,221.10551,117.40451,-15.994196,WAL
2000907340000,213.389952,-1.16280785615498,-11.6347935743011,-0.38411495969266,-0.7110472,-1.1530081,0.52381694,221.00322,117.32593,-16.003496,WAL
2000912335000,213.394947,-1.076785700564,-11.5448615267288,-0.548339111286579,-0.46792278,-1.1374311,0.52748215,220.8938,117.19293,-16.01836,WAL
2000917308000,213.39992,-0.856122941840768,-11.4740480451722,-0.965842495106343,-0.16432275,-1.087951,0.5421429,220.79405,117.018486,-16.036547,WAL
2000922318000,213.40493,-0.607780268774704,-11.4063182766798,-1.43543588669302,0.14355333,-0.95630956,0.5332854,220.72336,116.79184,-16.03806,WAL
2000927314000,213.409926,-0.267201742083667,-11.3459476647318,-1.88397793278623,0.38881573,-0.7467828,0.4813618,220.71675,116.54337,-16.012356,WAL
2000932299000,213.414911,0.110249242078663,-11.288612681245,-2.32354108400721,0.5164866,-0.5271767,0.39278635,220.7487,116.25267,-15.958658,WAL
2000937296000,213.419908,0.45440515577536,-11.2290307209483,-2.39889884123591,0.5030475,-0.33841935,0.28038713,220.84262,115.96362,-15.834631,WAL
2000942358000,213.42497,0.788832250141858,-11.1677978336572,-2.32353494714341,0.31520647,-0.22357668,0.14080444,220.96664,115.673035,-15.667602,WAL
2000947342000,213.429954,0.648757252418225,-11.2867677802398,-2.09544566516067,0.033292156,-0.13469578,-0.028710667,221.1484,115.40074,-15.4048605,WAL
2000952302000,213.434914,0.270572130039329,-11.496364296307,-1.79016377892566,-0.2519819,-0.1142318,-0.1966986,221.32678,115.1553,-15.108647,WAL
2000957359000,213.439971,-0.25838060402608,-11.5738381230644,-1.30434042046658,-0.49266282,-0.14110987,-0.33505958,221.5022,114.897964,-14.741065,WAL
2000962386000,213.444998,-0.891061575721271,-11.5493156222494,-0.691277454544621,-0.6579019,-0.2180789,-0.4120286,221.65527,114.679245,-14.358703,WAL
2000967306000,213.449918,-1.38554786544396,-11.4333659933042,-0.226662248256186,-0.72204274,-0.3390302,-0.42058071,221.77892,114.48983,-14.018126,WAL
2000972314000,213.454926,-1.80907226284328,-11.2565094817079,0.159629246140708,-0.6789767,-0.40194935,-0.3998113,221.89114,114.3132,-13.67838,WAL
2000977313000,213.459925,-2.0778491809322,-11.2576916850282,0.369390155685028,-0.62888575,-0.52748215,-0.3753767,221.93198,114.1578,-13.459127,WAL
2000982308000,213.46492,-2.21780563401937,-11.4073008042776,0.432129255518563,-0.46089783,-0.5910121,-0.312763,221.98053,113.977936,-13.2618265,WAL
2000987290000,213.469902,-2.19906832948929,-11.7679869670511,0.394999893887974,-0.27214047,-0.6084218,-0.258396,221.95766,113.78416,-13.145283,WAL
2000992319000,213.474931,-2.05438235710825,-12.3000579937009,0.278317648978583,-0.08552113,-0.5946773,-0.21166481,221.9357,113.563545,-13.048234,WAL
2000997309000,213.479921,-1.84791593593425,-12.9068767894841,0.243860069968314,0.09040806,-0.5458081,-0.19456059,221.92676,113.30715,-12.984273,WAL
2001002284000,213.484896,-1.57900386048124,-13.5909508661254,0.291037626978909,0.25228736,-0.46975538,-0.1994475,221.93665,113.01945,-12.922294,WAL
2001007367000,213.489979,-1.27636643987872,-14.1789768726538,0.376938464418135,0.42363504,-0.38087448,-0.23518312,222.00826,112.66698,-12.810993,WAL
2001012349000,213.494961,-0.950297776812013,-14.6382286526133,0.500936401848109,0.59895337,-0.3378085,-0.30390546,222.09004,112.27799,-12.686622,WAL
2001017307000,213.499919,-0.628811070603945,-14.994323447041,0.557187042640364,0.7629707,-0.3472769,-0.376293,222.21898,111.7812,-12.487457,WAL
2001022293000,213.504905,-0.309994977426404,-15.2020371301973,0.513712123823976,0.93431836,-0.3567453,-0.45631635,222.35881,111.24342,-12.267008,WAL
2001027279000,213.509891,-0.00799900107612521,-15.3210417644934,0.427393608274681,1.1016954,-0.3463606,-0.5381723,222.53088,110.59627,-11.962652,WAL
2001032309000,213.514921,0.273052523761808,-15.3165805392665,0.280176143105205,1.2709051,-0.32406402,-0.63285637,222.7026,109.91347,-11.640329,WAL
2001037280000,213.519892,0.549580159303314,-15.2412642429907,0.123912649269329,1.4288138,-0.2959642,-0.71929383,222.90036,109.16618,-11.258982,WAL
2001042324000,213.524936,0.82660779759983,-14.9591066542056,-0.0659025898343245,1.600467,-0.27122417,-0.8258898,223.10138,108.38051,-10.855491,WAL
2001047240000,213.529852,1.01682072746883,-14.6077749443895,-0.211472496507026,1.7626517,-0.25870144,-0.9306532,223.31787,107.55712,-10.403397,WAL
2001052284000,213.534896,1.0741792327924,-14.1154479026321,-0.292730363243618,1.93797,-0.23762658,-1.0369438,223.54295,106.69747,-9.932445,WAL
2001057330000,213.539942,1.01507578579946,-13.5755194581752,-0.3557623619729,2.159714,-0.18234327,-1.1374311,223.78828,105.80421,-9.421796,WAL
2001062377000,213.544989,0.748735884769648,-12.9511490244806,-0.386325954482385,2.4181101,-0.129198,-1.2211196,224.04071,104.8717,-8.900149,WAL
2001067261000,213.549873,0.443855174143531,-12.3389963677318,-0.383953186266946,2.7510316,-0.089186326,-1.2953397,224.28127,103.893745,-8.365979,WAL
2001072318000,213.55493,-0.175154685762179,-11.6540258501833,-0.175925284039392,3.1160235,-0.011911872,-1.3313808,224.55502,102.86653,-7.8284283,WAL
2001077270000,213.559882,-0.8103885902133,-11.1736838604382,0.0662723119988418,3.300505,0.04886922,-1.3710871,224.80275,101.86117,-7.32587,WAL
2001082306000,213.564918,-1.55516307252196,-11.3319487028279,0.4433143482216,3.6004398,0.0580322,-1.4089607,225.07066,100.768684,-6.823837,WAL
2001087289000,213.569901,-2.26544648395455,-11.5396974298385,0.749704358481164,3.8081338,0.024129177,-1.475545,225.3153,99.71399,-6.3886952,WAL
2001092320000,213.574932,-2.84165833573849,-12.0198741401236,0.706488499681084,3.8744128,-0.0015271631,-1.5317446,225.5825,98.65437,-5.952856,WAL
2001097291000,213.579903,-3.39945714240249,-12.5154598551327,0.610026064383795,3.7849212,0.0106901415,-1.5491543,225.78102,97.61807,-5.587054,WAL
2001102288000,213.5849,-3.89658464772878,-13.1300899113231,0.216843369762962,3.6065483,0.057421334,-1.5372424,226.00163,96.64152,-5.2205925,WAL
2001107351000,213.589963,-4.40441080440657,-13.7470072279923,-0.183720762093375,3.3609805,0.07147124,-1.5109752,226.16762,95.80282,-4.914106,WAL
2001112389000,213.595001,-4.9930969640718,-14.2432550541494,-0.626451779179187,3.0976977,0.01038471,-1.466382,226.34247,95.095314,-4.6226244,WAL
2001117416000,213.600028,-5.56975478714175,-14.7217144422067,-1.0514754919098,2.8484647,-0.1142318,-1.41904,226.47997,94.60254,-4.4021764,WAL
2001122297000,213.604909,-6.00424961107669,-14.9912625106291,-1.26872288287288,2.6471846,-0.32925636,-1.3652838,226.5861,94.24598,-4.200735,WAL
2001127251000,213.609863,-6.44524271859024,-15.26484192693,-1.48921941531113,2.5189028,-0.58276546,-1.3170254,226.58488,94.07243,-4.0724277,WAL
2001132309000,213.614921,-6.99337636637984,-15.4748956515058,-2.54243921444376,2.4459045,-0.7788532,-1.317331,226.54811,86.01538,-3.9456615,WAL
2001137259000,213.619871,-7.56639575943454,-15.6545707129687,-3.8827213856177,2.4443772,-0.58123827,-1.3686435,226.56136,86.02965,-3.8189049,WAL
2001142313000,213.624925,-7.86345479788929,-16.0721562921147,-4.29881552082835,2.4483478,-0.18600847,-1.5641204,226.54044,85.988976,-3.6997623,WAL
2001147244000,213.629856,-8.07032654709279,-16.547021312724,-4.43046124189566,2.341141,-0.023518313,-1.7776178,226.51906,85.93067,-3.5598633,WAL
2001152289000,213.634901,-7.56232305733563,-16.0508160665584,-4.36965715353084,2.232407,0.20830505,-1.7849482,226.58609,85.88857,-3.4921954,WAL
2001157355000,213.639967,-6.82394900842127,-15.2410661331169,-4.24659478206169,2.0182989,0.4260785,-1.7418822,226.69948,85.91032,-3.3775918,WAL
2001162330000,213.644942,-6.09883829121855,-14.445861648539,-4.1257429664164,1.7956384,0.60994893,-1.641395,226.83789,85.93894,-3.2839613,WAL
2001167266000,213.649878,-5.37941185903511,-13.6568909277597,-4.00583853183847,1.6600263,0.6966918,-1.4895949,227.00926,85.963806,-3.2153442,WAL
2001172289000,213.654901,-4.23349398327402,-12.8846053505338,-3.39470530266904,1.6328428,0.7742717,-1.3973542,227.21289,85.99037,-3.1566184,WAL
2001177285000,213.659897,-3.00376977212337,-12.1231218064452,-2.68051934889284,1.6850718,0.81306165,-1.246776,227.4249,85.97853,-3.1538339,WAL
2001182305000,213.664917,-1.98562039048054,-11.7492014086577,-2.29310130315727,1.7550159,0.8170323,-1.1386528,227.64899,86.03631,-3.0281,WAL
2001187318000,213.66993,-1.02278049828237,-11.4727428202939,-1.98804318148332,1.861001,0.92149025,-1.0940597,227.90912,86.0528,-2.930881,WAL
2001192315000,213.674927,-0.222231259147671,-11.4005197363726,-1.77835324658077,1.964848,1.1410962,-1.1487321,228.22963,86.0576,-2.711364,WAL
2001197318000,213.67993,0.537535060691774,-11.3815256906838,-1.59316018548067,2.0131063,1.3793337,-1.2345587,228.58492,86.0246,-2.502176,WAL
2001202301000,213.684913,1.09023195847818,-11.3629835979143,-1.44446655137119,2.0164661,1.5592335,-1.3100005,228.97676,85.9716,-2.180128,WAL
2001207413000,213.690025,1.5960604588258,-11.3440742329085,-1.30264547466203,2.0286834,1.7290541,-1.3558154,229.43575,85.8649,-1.853123,WAL
2001212347000,213.694959,1.83936443301815,-11.1366476739788,-1.07790148025719,2.0809124,1.8301523,-1.3206906,229.8919,85.673416,-1.4519974,WAL
2001217302000,213.699914,1.98743094616112,-10.853974669062,-0.817663343532526,2.1310034,1.8790215,-1.2644911,230.38358,85.42262,-1.0548457,WAL
2001222299000,213.704911,2.00536361133977,-10.6092575552289,-0.849717386434271,2.1242838,1.9636264,-1.2269229,230.90077,85.091125,-0.61782813,WAL
2001227317000,213.709929,1.92967632280554,-10.3922875388492,-1.09191692049559,2.0638082,2.0735822,-1.1808025,231.43855,84.71495,-0.20995705,WAL
2001232303000,213.714915,1.78090553229776,-10.0247455914868,-1.40169718815816,1.9779817,2.196366,-1.1279627,232.01018,84.26596,0.19577579,WAL
2001237296000,213.719908,1.59762476068186,-9.58583651573532,-1.74414285364132,1.9117028,2.3310618,-1.0626001,232.61484,83.80772,0.5728763,WAL
2001242317000,213.724929,1.11101973990148,-8.81737742364532,-2.2986066182266,1.883603,2.4269676,-0.9801333,233.21376,83.376595,0.9136259,WAL
2001247309000,213.729921,0.496860822022602,-7.91230077339902,-2.94047193170096,1.8527542,2.5228734,-0.890947,233.8473,82.9599,1.222905,WAL
2001252306000,213.734918,0.0111189696814786,-7.38321891964216,-3.22972449697208,1.8234328,2.5784621,-0.8063421,234.4595,82.58957,1.4829311,WAL
2001257402000,213.740014,-0.406291224105387,-7.07136080316555,-3.31128744986237,1.7935003,2.6007588,-0.7275405,235.08427,82.23194,1.7125374,WAL
2001262387000,213.744999,-0.754462852480757,-6.83098444406009,-3.36124878286191,1.7614299,2.572659,-0.68233645,235.66516,81.98305,1.8483393,WAL
2001267305000,213.749917,-1.06021372209033,-6.63443027776129,-3.39182380140963,1.717753,2.5512786,-0.657291,236.24985,81.75322,1.9643099,WAL
2001272289000,213.754901,-1.3333486512394,-6.40160552517438,-3.40266546313982,1.6924021,2.4981334,-0.64904433,236.81067,81.55049,2.0221624,WAL
2001277321000,213.759933,-1.56088182475588,-6.12236024958687,-3.38715190271488,1.6423112,2.4217753,-0.6407976,237.35527,81.372986,2.0732338,WAL
2001282303000,213.764915,-1.74996365675135,-5.87859596774355,-3.39979616540308,1.5827519,2.35794,-0.6450737,237.88066,81.216675,2.0854096,WAL
2001287301000,213.769913,-1.91273678909782,-5.65837347986597,-3.43330821031206,1.5314392,2.3194554,-0.6453791,238.38846,81.07725,2.0949492,WAL
2001292342000,213.774954,-2.05463625822253,-5.436320206678,-3.38652655719284,1.4764613,2.2791383,-0.64660084,238.87956,80.95711,2.0808563,WAL
2001297310000,213.779922,-2.17830086843947,-5.21752895029491,-3.2818872563431,1.4104879,2.2773056,-0.6423248,239.36752,80.85872,2.0642784,WAL
2001302310000,213.784922,-2.30040937964037,-5.02007144140565,-3.20245396561292,1.3674219,2.28036,-0.63224554,239.84094,80.77708,2.0265281,WAL
2001307367000,213.789979,-2.42213964153132,-4.8374762441222,-3.14158893244393,1.3130548,2.2785273,-0.64660084,240.31052,80.71931,1.9940101,WAL
2001312372000,213.794984,-2.52470850692482,-4.61481738540607,-2.93753264176559,1.2428054,2.298686,-0.6603453,240.79037,80.659874,1.9405628,WAL
2001317304000,213.799916,-2.60925940833804,-4.35671463616921,-2.60377903464292,1.1606439,2.298075,-0.675617,241.26129,80.62124,1.891922,WAL
2001322285000,213.804897,-2.68367704640593,-4.06087699271516,-2.18870841192651,1.069625,2.2678373,-0.7089091,241.73279,80.592926,1.8357122,WAL
2001327281000,213.809893,-2.74022610853121,-3.70615938231439,-1.64378008559149,0.9447031,2.2510383,-0.74036866,242.20462,80.59907,1.782415,WAL
2001332267000,213.814879,-2.7822715563485,-3.38323829916741,-1.12886426293191,0.816116,2.2131648,-0.75961095,242.66278,80.554504,1.7386011,WAL
2001337285000,213.819897,-2.81085112796115,-3.08791693786302,-0.638249682858559,0.6432411,2.162463,-0.7632761,243.1077,80.55809,1.7005432,WAL
2001342268000,213.82488,-2.86040066203336,-2.86254579445989,-0.251678331279786,0.473726,2.0906863,-0.78954333,243.49944,80.45746,1.7000035,WAL
2001347263000,213.829875,-2.93164189912629,-2.70581497366958,0.0332868204229547,0.30115658,1.9926424,-0.80573124,243.86237,80.40698,1.7016776,WAL
2001352320000,213.834932,-3.02393735282317,-2.60566929174087,0.294510950517663,0.12705997,1.9285016,-0.8078693,244.24014,80.30215,1.7111092,WAL
2001357313000,213.839925,-3.13623881045112,-2.56823542367159,0.523792974689304,-0.002443461,1.8668042,-0.7910705,244.58522,80.23312,1.7243159,WAL
2001362301000,213.844913,-3.20180728845238,-2.54848176281746,0.657530476904762,-0.14049901,1.808772,-0.77946407,245.00601,80.193825,1.6877207,WAL
2001367329000,213.849941,-3.20897278702381,-2.55087026234127,0.671861474047619,-0.25900686,1.7715092,-0.7693848,245.40793,80.185,1.6492691,WAL
2001372298000,213.85491,-3.21605420357143,-2.55323073452381,0.686024307142857,-0.3268129,1.6875153,-0.75777835,245.82202,80.17329,1.5763777,WAL
2001377334000,213.859946,-3.22323110309524,-2.55562303436508,0.700378106190476,-0.44135013,1.6093245,-0.732122,246.2194,80.20742,1.4988288,WAL
2001382240000,213.864852,-3.16960215491718,-2.53353350789399,0.649096292234737,-0.5543602,1.5216653,-0.6969972,246.59482,80.26342,1.4093738,WAL
2001387296000,213.869908,-3.02294326779934,-2.47395344118315,0.497854357665878,-0.6533204,1.4358387,-0.6719518,246.9412,80.34616,1.3199569,WAL
2001392271000,213.874883,-2.87856425091016,-2.42704296970053,0.348920806212566,-0.7473936,1.3338243,-0.6383542,247.2615,80.458336,1.2143395,WAL
2001397311000,213.879923,-2.73212857504404,-2.4081480501468,0.19776134126835,-0.8362745,1.2501358,-0.59681535,247.55423,80.5954,1.1036268,WAL
2001402366000,213.884978,-2.61321787358773,-2.42286208330178,0.105298119968118,-0.93645644,1.1511755,-0.5656612,247.78575,80.7785,1.0216198,WAL
2001407404000,213.890016,-2.57235827308957,-2.53101976665338,0.177403258933944,-1.0341948,1.0516045,-0.5311473,247.98434,80.98444,0.93158305,WAL
2001412276000,213.894888,-2.53284497939623,-2.63561369942214,0.247132563626582,-1.1313224,0.9437868,-0.49174652,248.1387,81.242325,0.8513512,WAL
2001417310000,213.899922,-2.4920178200259,-2.74368550926572,0.319180453573777,-1.2409728,0.8210029,-0.45937067,248.25214,81.528625,0.76884615,WAL
2001422290000,213.904902,-2.4704227982804,-2.85844821722638,0.454999071966417,-1.3439035,0.6792821,-0.41722095,248.3325,81.846886,0.67592776,WAL
2001427317000,213.909929,-2.50938098043698,-2.99967178009306,0.800753213194416,-1.4569136,0.5186246,-0.38026363,248.36441,82.19564,0.5811122,WAL
2001432286000,213.914898,-2.55585541555061,-3.15929077012773,1.15305814734856,-1.5906931,0.34116822,-0.35369098,248.38344,82.56806,0.48787266,WAL
2001437299000,213.919911,-2.62554082099865,-3.37763796638281,1.53865016144765,-1.7082846,0.13836098,-0.29657507,248.34106,82.96438,0.381614,WAL
2001442301000,213.924913,-2.69578633733958,-3.60535646673457,1.96637456820126,-1.8325957,-0.044898596,-0.23701571,248.3024,83.34735,0.2634106,WAL
2001447312000,213.929924,-2.76910474964351,-3.87419079829904,2.57247385155836,-1.9709567,-0.20525073,-0.1432479,248.20462,83.762436,0.12418998,WAL
2001452334000,213.934946,-2.81112452342419,-4.30857309199319,3.22907788006814,-2.0971005,-0.30909783,0.005497787,248.09753,84.12519,-0.05113079,WAL
2001457396000,213.940008,-2.75147930224304,-5.28124889608177,4.05034670584895,-2.1917844,-0.3494149,0.124311075,247.957,84.50747,-0.24229828,WAL
2001462318000,213.94493,-2.65429892377821,-6.36756129995093,4.86399452201178,-2.1988094,-0.36254853,0.31215215,247.83972,84.76235,-0.49858955,WAL
2001467307000,213.949919,-2.274507602316,-8.47751343945044,5.79706222253189,-2.151162,-0.28619036,0.40378192,247.73177,85.008415,-0.76056546,WAL
2001472297000,213.954909,-1.849723800126,-10.587650758199,6.7872413166574,-2.057394,-0.09896017,0.5476407,247.70544,85.04712,-1.046952,WAL
2001477303000,213.959915,-0.903685393670558,-12.7018022645914,8.43947685732815,-1.7479908,0.118202426,0.61727935,247.70453,84.99643,-1.3338786,WAL
2001482306000,213.964918,0.0417860700722624,-14.8146868004447,10.0907222448583,-1.1695015,0.23487769,0.54428095,247.78778,84.699905,-1.4920919,WAL
2001487696000,213.970308,1.82279058246762,-16.0257362746899,11.2836695254019,-0.33933565,0.17379116,0.26175576,247.88052,84.281296,-1.6024226,WAL
2001492318000,213.97493,3.40059791151125,-16.9935665144695,12.26776614791,0.528093,0.20005837,-0.14874569,248.03363,83.73237,-1.6534821,WAL
2001497373000,213.979985,5.05966088214773,-17.6788569847008,12.0118817891249,1.1090258,0.535118,-0.4550946,248.36502,82.81011,-1.3916017,WAL
2001502350000,213.984962,6.67136703098811,-18.2315741259014,11.3244679773923,1.3539828,0.9935723,-0.61391956,248.75192,81.79864,-1.0894997,WAL
2001507359000,213.989971,7.23327272955665,-18.3898272438424,10.1189813054187,1.3906348,1.4669929,-0.65270954,249.41965,80.63992,-0.4481845,WAL
2001512260000,213.994872,7.34385194881131,-18.3797748929107,8.72668687684729,1.2513574,1.7965547,-0.64843345,250.17001,79.50391,0.13903204,WAL
2001517279000,213.999891,6.69476706494186,-17.0040462706395,7.6096225918314,1.0115929,1.9361374,-0.64843345,250.9979,78.559746,0.8330289,WAL
2001522283000,214.004895,5.87748692238372,-15.3276931787791,6.56480373241279,0.7651087,1.9129245,-0.63621616,251.8414,77.684875,1.4481851,WAL
2001527292000,214.009904,4.63472197089363,-13.229153430928,5.75585867401073,0.55833083,1.8338175,-0.6301075,252.64471,77.06712,2.0072842,WAL
2001532356000,214.014968,3.24082109535472,-10.9714268664103,5.01473543215262,0.38698313,1.7125608,-0.6411031,253.40808,76.519394,2.530089,WAL
2001537291000,214.019903,1.60892177718631,-8.35483543954373,4.64837448307985,0.20769419,1.5726726,-0.63316184,254.10669,76.12893,2.9417503,WAL
2001542332000,214.024944,-0.131088546562104,-5.57081876181876,4.36920782439005,0.0070249503,1.4147639,-0.5714644,254.75142,75.7957,3.3308566,WAL
2001547265000,214.029877,-1.59999528224198,-3.46087140960538,4.10301777252819,-0.21899518,1.251052,-0.4447099,255.32983,75.59363,3.5653126,WAL
2001552369000,214.034981,-2.41607546905898,-3.1270205070902,3.84865525127927,-0.43463063,1.1371256,-0.26389378,255.86285,75.44889,3.7667203,WAL
2001557329000,214.039941,-3.05418218775833,-3.12121990854346,3.64252655384159,-0.6386596,1.0467176,-0.06383542,256.31378,75.38424,3.7007446,WAL
2001562347000,214.044959,-3.48660914407199,-3.55364691447642,3.49046433289825,-0.82802784,1.0112875,0.14385876,256.73227,75.383255,3.5875068,WAL
2001567238000,214.04985,-3.88383041818182,-4.23991370909091,3.51817050909091,-1.0390818,0.8723156,0.23518312,257.03857,75.48594,3.3634758,WAL
2001572296000,214.054908,-4.2550498249066,-5.38141345987163,3.83370685460293,-1.1404854,0.6065892,0.3817908,257.27817,75.620285,3.080326,WAL
2001577243000,214.059855,-4.61589030504256,-6.78463559476526,4.10872857316738,-1.3252722,0.13469578,0.49602258,257.39563,75.889786,2.7423792,WAL
2001582305000,214.064917,-4.97968457562002,-8.91859912803148,4.30837182410543,-1.4608842,-0.46486846,0.571159,257.3935,76.16887,2.4037943,WAL
2001587286000,214.069898,-5.39061040052178,-11.0442123339367,4.38553496757534,-1.4727961,-1.119716,0.6056729,257.22855,76.46753,2.0227606,WAL
2001592334000,214.074946,-6.21427080644234,-13.3967921230966,3.54643088536897,-1.3374895,-1.7458528,0.66248333,256.89722,76.752075,1.6551181,WAL
2001597280000,214.079892,-6.9412799236577,-15.4042414266015,2.522043807022,-1.1123856,-2.1636846,0.7174612,256.41592,77.0664,1.2485311,WAL
2001602362000,214.084974,-7.42678328919315,-16.494244194132,0.80850255198044,-0.82253003,-2.2220223,0.7501425,255.86151,77.30688,0.85607827,WAL
2001607389000,214.090001,-7.69625833968351,-17.4617652476162,-0.288314560762832,-0.462425,-1.8112154,0.79717916,255.24152,77.65201,0.33960238,WAL
2001612387000,214.094999,-7.18643769951309,-18.0152843681274,0.828435557800771,0.046731193,-1.1814134,0.7626653,254.67876,77.84101,-0.15607685,WAL
2001617317000,214.099929,-6.35491729681547,-18.4268426595682,1.68657793107356,0.84635377,-0.6600399,0.6597345,254.13428,78.10274,-0.70179725,WAL
2001622294000,214.104906,-4.40869710794178,-18.3895946496044,1.73313818661717,1.7540996,-0.68661255,0.3866777,253.63875,78.15025,-1.1697102,WAL
2001627306000,214.109918,-2.57067186694306,-17.7433840417701,1.39796659900674,2.1673498,-0.96883225,-0.073303826,253.31055,77.968796,-1.4739652,WAL
2001632304000,214.114916,-1.30146303227652,-14.2838350167613,-0.703231960908123,2.0060816,-1.0112875,-0.5170974,253.0685,77.700554,-1.6982524,WAL
2001637303000,214.119915,-0.0320002542656969,-10.8235938050727,-2.80485092869812,1.3582588,-0.52626044,-0.7492262,252.98715,77.508835,-1.5958272,WAL
2001642336000,214.124948,0.136700986108997,-7.46357434030886,-3.13301642880483,0.49388456,0.08827003,-0.7968737,252.9502,77.43815,-1.4321647,WAL
2001647292000,214.129904,0.141106232531113,-4.44424764774025,-3.16720769171891,-0.31520647,0.27366763,-0.7049385,252.93564,77.536446,-1.2527238,WAL
2001652315000,214.134927,-0.313514720132872,-3.21542068333489,-2.27597060228315,-0.893085,0.03268129,-0.5549711,252.96371,78.04861,-0.9122427,WAL
2001657615000,214.140227,-0.79408807679958,-1.95351582532004,-1.37872153878279,-1.2556335,-0.441961,-0.44012842,252.88931,78.58246,-0.6723622,WAL
2001662347000,214.144959,-1.23632555310598,-1.3448449216894,-1.22179858734523,-1.5109752,-0.6759224,-0.3417791,252.80035,79.24788,-0.4735236,WAL
2001667287000,214.149899,-1.69900902046977,-0.743599083604775,-1.12507173078715,-1.7250835,-1.0485502,-0.2932153,252.65283,79.8852,-0.25511348,WAL
2001672292000,214.154904,-2.17818863373775,-0.48772650070659,-1.72055699289527,-1.8341229,-1.389413,-0.20708331,252.42868,80.55909,-0.07330674,WAL
2001677383000,214.159995,-2.66030847075077,-0.249400880207235,-2.32043178427559,-2.0451767,-1.6896533,-0.07880162,252.08772,81.27161,0.019175751,WAL
2001682306000,214.164918,-3.0202717246228,-0.459379457644065,-2.78324184191965,-2.2156084,-2.0045543,0.076052725,251.63252,82.003426,0.08522029,WAL
2001687308000,214.16992,-3.38601135409017,-0.672727587714961,-3.25347867075077,-2.3606887,-2.3558018,0.22968534,250.96672,82.83872,-0.010086481,WAL
2001692343000,214.174955,-3.55758146097946,-1.16109224276988,-3.86547157096367,-2.4281893,-2.692694,0.37018433,250.20627,83.70128,-0.15031728,WAL
2001697267000,214.179879,-3.68670849921011,-1.69249960550816,-4.49124087244866,-2.420248,-2.886949,0.49846604,249.37872,84.57864,-0.34111354,WAL
2001702294000,214.184906,-3.68378609794857,-2.23070608221131,-4.8652263548589,-2.3585508,-2.9336803,0.623388,248.44778,85.528435,-0.64552623,WAL
2001707349000,214.189961,-3.66979860184918,-2.77155636955601,-5.21957669421169,-2.2736404,-2.8704557,0.7302894,247.49023,86.41005,-0.99968296,WAL
2001712399000,214.195011,-3.64647054309726,-3.40620909479348,-5.22006170523727,-2.16399,-2.7629435,0.8396343,246.48953,87.21607,-1.4310921,WAL
2001717242000,214.199854,-3.62270276488675,-4.02892513208978,-5.16777249390181,-2.0546453,-2.6535985,0.95905846,245.51135,87.652176,-1.9166436,WAL
2001722296000,214.204908,-3.74580647147147,-4.86923566666667,-4.97716917017017,-1.930945,-2.5552492,1.0940597,244.54926,87.53371,-2.4483552,WAL
2001727316000,214.209928,-3.88580266366366,-5.72671251515152,-4.77154971435071,-1.8032742,-2.4410176,1.2437216,243.63309,93.118744,-3.033979,WAL
2001732310000,214.214922,-3.81125796750903,-6.74065440577617,-4.94923854151625,-1.7052304,-2.2574525,1.464244,242.78922,94.02923,-3.6474123,WAL
2001737343000,214.219955,-3.64719379610108,-7.82944394469314,-5.28731026498195,-1.6184875,-1.8637499,1.7553213,242.05162,95.08061,-4.327258,WAL
2001742383000,214.224995,-3.53210330250903,-9.17374968494583,-5.22767508239878,-1.464244,-1.3793337,2.0427334,241.4198,96.12134,-4.984952,WAL
2001747439000,214.230051,-3.43086326935944,-10.5957114838434,-5.05280581191789,-1.3646729,-0.9334021,2.2867742,240.89847,97.21631,-5.701045,WAL
2001752307000,214.234919,-3.17499672608476,-12.0022018192576,-4.83854322812785,-1.3521502,-0.528093,2.4895813,240.51688,98.32611,-6.4123044,WAL
2001757356000,214.239968,-2.83265522273693,-13.4791612208961,-4.5940135755841,-1.3481796,-0.14966199,2.6212227,240.26364,99.43408,-7.1448526,WAL
2001762339000,214.244951,-2.30900406446763,-14.6159782367259,-4.4704292527676,-1.3875804,0.02443461,2.6441302,240.07837,100.434006,-7.791708,WAL
2001767303000,214.249915,-1.7058838956865,-15.6077757335777,-4.39894844581336,-1.409877,0.34147367,2.6236663,240.04465,101.41669,-8.425222,WAL
2001772293000,214.254905,-0.9948506465625,-16.21670585625,-4.27418871875,-1.4688255,0.6239988,2.497828,240.07573,102.24449,-8.926773,WAL
2001777317000,214.259929,-0.194651636223517,-16.5174172698093,-4.10599382044492,-1.5137241,0.88178396,2.293188,240.18243,103.02535,-9.371643,WAL
2001782307000,214.264919,0.527892342584959,-16.2161370936055,-3.68037167871506,-1.5537357,1.0638218,2.0305161,240.3677,103.621666,-9.606215,WAL
2001787298000,214.26991,1.21511247126483,-15.6202264468128,-3.12771226714257,-1.6197093,1.1691961,1.7443258,240.58505,104.17212,-9.766243,WAL
2001792333000,214.274945,1.90380605648352,-14.7696465032967,-2.50118830967033,-1.7079792,1.1505647,1.426065,240.8374,104.564644,-9.728646,WAL
2001797312000,214.279924,2.58271247499283,-13.8127987927377,-1.84962043116101,-1.779145,0.9593639,1.1136073,241.04456,104.91542,-9.627767,WAL
2001802306000,214.284918,2.9858913785488,-12.8912309462483,-0.948565533587408,-1.8270979,0.50335294,0.77304995,241.21066,105.15237,-9.416939,WAL
2001807374000,214.289986,3.19729014041774,-11.9831764861414,0.142060410732528,-1.829236,-0.25473082,0.44532076,241.2113,105.351295,-9.16601,WAL
2001812369000,214.294981,2.68068739932973,-10.6982719817539,0.47499607979892,-1.8411479,-1.1688906,0.16554448,241.08862,105.45792,-8.842799,WAL
2001817302000,214.299914,1.65157570357475,-9.15020593064606,0.272692046072426,-1.8555032,-1.9877555,-0.07513642,240.75995,105.53487,-8.4947605,WAL
2001822301000,214.304913,0.769836056901895,-8.07569133932835,-0.216212130068079,-1.8707749,-2.5491407,-0.28680122,240.26456,105.501625,-8.1321745,WAL
2001827313000,214.309925,0.111414126505106,-7.69039285261393,-1.1038624142585,-1.8487836,-2.8417451,-0.47586402,239.60785,105.44753,-7.7553635,WAL
2001832306000,214.314918,-0.544511790987146,-7.30655499464004,-1.98814770335721,-1.7880026,-2.8893926,-0.59956425,238.73174,105.51918,-7.5022235,WAL
2001837300000,214.319912,-1.20056907757964,-6.92264026146929,-2.87261009746075,-1.6969837,-2.814867,-0.6789767,237.81754,105.575714,-7.2345395,WAL
2001842375000,214.324987,-1.73624676729489,-6.69133153619789,-3.38618356470347,-1.5986344,-2.7210991,-0.6969972,236.91089,105.62515,-6.966435,WAL
2001847310000,214.329922,-2.12351729075079,-6.6283998985865,-3.49268286640377,-1.5302174,-2.649017,-0.64843345,236.03757,105.675186,-6.7061768,WAL
2001852319000,214.334931,-2.43439395630841,-6.63063521892523,-3.63015231425234,-1.5158621,-2.651766,-0.57726765,235.12659,106.09511,-6.6890674,WAL
2001857391000,214.340003,-2.6755594584891,-6.69210892546729,-3.79565811300623,-1.5464053,-2.6438248,-0.46273044,234.25325,106.52773,-6.707355,WAL
2001862388000,214.345,-2.83338775883115,-6.84901811979841,-3.85686545257999,-1.5619824,-2.6022859,-0.3323107,233.39961,107.02099,-6.823891,WAL
2001867304000,214.349916,-2.90739860706492,-7.10152554583873,-3.81332962206399,-1.5653422,-2.4242187,-0.24953845,232.59775,107.52869,-6.9600964,WAL
2001872282000,214.354894,-2.94328062718394,-7.39961351340206,-3.75412378893109,-1.5671748,-2.1740694,-0.08368854,231.838,108.10262,-7.1898704,WAL
2001877316000,214.359928,-2.89096417444384,-7.7972185542268,-3.65995417399891,-1.5833627,-1.8515326,0.07086037,231.15862,108.68724,-7.4274683,WAL
2001882303000,214.364915,-2.68553428167989,-8.06128388293651,-3.39227891493764,-1.6108516,-1.4727961,0.19211712,230.59157,109.2771,-7.698583,WAL
2001887296000,214.369908,-2.30603424986773,-8.17874817063492,-2.9269396649093,-1.6530013,-1.0412198,0.2932153,230.14182,109.8844,-7.976692,WAL
2001892312000,214.374924,-1.89268826587992,-8.29372463002071,-2.32991220583851,-1.7079792,-0.6658431,0.41538838,229.80435,110.4761,-8.251343,WAL
2001897309000,214.379921,-1.42206159815735,-8.40271251066252,-1.4976460268323,-1.7458528,-0.41050145,0.5323691,229.56058,111.07659,-8.523385,WAL
2001902291000,214.384903,-1.02402159717357,-8.5096168062301,-0.661415356886943,-1.78617,-0.31856623,0.61361414,229.41486,111.58909,-8.730615,WAL
2001907392000,214.390004,-0.717728681289809,-8.61657586166401,0.203983710748408,-1.7800614,-0.3866777,0.6478226,229.2993,112.09791,-8.946447,WAL
2001912331000,214.394943,-0.467566864996159,-8.68613713136163,0.796491651027463,-1.7397442,-0.59803706,0.6542367,229.23383,112.46777,-9.099767,WAL
2001917302000,214.399914,-0.28014045570194,-8.70899399366238,1.05248869973113,-1.6297885,-0.8921687,0.6389651,229.12653,112.81113,-9.269953,WAL
2001922264000,214.404876,-0.140931145565121,-8.71371048003621,1.1289864004204,-1.4569136,-1.162782,0.61086524,228.99844,112.975494,-9.393948,WAL
2001927320000,214.409932,-0.101972814122297,-8.67962201579,0.822189525561702,-1.2672399,-1.3448198,0.5858198,228.81328,113.10111,-9.533204,WAL
2001932240000,214.414852,-0.0868281020858586,-8.6340880803872,0.460533153122896,-1.061073,-1.4104879,0.56138515,228.61275,113.12639,-9.635859,WAL
2001937326000,214.419938,-0.118716754120651,-8.56119992559858,-0.0451297579863449,-0.8735373,-1.3649784,0.5403103,228.39297,113.104355,-9.736988,WAL
2001942340000,214.424952,-0.171486494735801,-8.49847435899761,-0.51339373212431,-0.7504479,-1.2345587,0.5354234,228.17865,113.085144,-9.827094,WAL
2001947312000,214.429924,-0.304941278367818,-8.47099822875278,-0.862731304855329,-0.6795876,-1.0705414,0.5390886,227.98787,113.03098,-9.9029255,WAL
2001952323000,214.434935,-0.439442871445058,-8.44330657777595,-1.21480905565081,-0.6542367,-0.89461213,0.5516113,227.83495,113.042656,-9.966342,WAL
2001957359000,214.439971,-0.653830768870667,-8.38917931709712,-1.41099199641559,-0.6994407,-0.83260936,0.5653558,227.69878,113.05546,-10.024299,WAL
2001962324000,214.444936,-0.887302460754198,-8.32847642649514,-1.56041382500246,-0.78801614,-0.7583892,0.5742133,227.61664,113.07405,-10.06369,WAL
2001967310000,214.449922,-1.09441783458245,-8.3466948344237,-1.65376910212623,-0.8362745,-0.72204274,0.60994893,227.53073,113.1731,-10.142637,WAL
2001972277000,214.454889,-1.29120677620743,-8.39246014354435,-1.72699287991149,-0.9550878,-0.70554936,0.6542367,227.4621,113.31306,-10.219534,WAL
2001977314000,214.459926,-1.41420253061389,-8.50425334814216,-1.69825963603595,-1.0797043,-0.6933321,0.6924158,227.3817,113.512,-10.340137,WAL
2001982313000,214.464925,-1.49637793392569,-8.64926876575121,-1.6160841822496,-1.1856894,-0.6942484,0.7162395,227.3052,113.73648,-10.466238,WAL
2001987288000,214.4699,-1.51631692254999,-8.80765835537517,-1.46184428422095,-1.2696834,-0.70249504,0.7467828,227.21968,114.01282,-10.640073,WAL
2001992358000,214.47497,-1.50670409815878,-8.97588278222134,-1.26958769602059,-1.3252722,-0.7150178,0.7651087,227.13342,114.304955,-10.814674,WAL
2001997313000,214.479925,-1.47556984476847,-9.06513725852217,-1.06051390098522,-1.3692545,-0.7699956,0.7870999,227.03386,114.59949,-11.011684,WAL
2002002319000,214.484931,-1.43306022441379,-9.11709312689655,-0.838518762068966,-1.4074335,-0.84635377,0.7968737,226.92522,114.901634,-11.2107935,WAL
2002007389000,214.490001,-1.42993756581118,-9.20226641154904,-0.637151690870761,-1.402852,-0.9111055,0.8078693,226.8063,115.159996,-11.3982315,WAL
2002012322000,214.494934,-1.44918279692433,-9.30330474152154,-0.454321407495672,-1.3747523,-0.9602802,0.8008443,226.66972,115.41587,-11.587046,WAL
2002017309000,214.499921,-1.47964951771353,-9.45126773396742,-0.32372114150485,-1.3255776,-0.96761054,0.8011498,226.53416,115.62457,-11.77034,WAL
2002022303000,214.504915,-1.51568043527639,-9.62241440427536,-0.220132178265373,-1.2382239,-0.9691377,0.8005389,226.38588,115.811676,-11.953083,WAL
2002027311000,214.509923,-1.58566664749743,-9.88812684984552,-0.159038113699279,-1.1447614,-0.95203346,0.79779,226.24165,115.95109,-12.130748,WAL
2002032305000,214.514917,-1.68417661483007,-10.2329118898043,-0.13441063215242,-1.039998,-0.94897914,0.79504114,226.09312,116.06349,-12.306478,WAL
2002037287000,214.519899,-1.73450321523166,-10.574564345151,-0.140515523997374,-0.9068295,-0.9370673,0.8026769,225.96358,116.12535,-12.475247,WAL
2002042342000,214.524954,-1.75266518259238,-10.9196418198274,-0.167758494003001,-0.7333437,-0.9486737,0.8240572,225.82993,116.15236,-12.645485,WAL
2002047309000,214.529921,-1.69177711338864,-11.336381682348,-0.31797954670062,-0.54000485,-0.97097033,0.8542951,225.69829,116.12483,-12.819182,WAL
2002052316000,214.534928,-1.54071839981098,-11.8449457691904,-0.610026384187756,-0.30726522,-0.9801333,0.8781188,225.56906,116.049675,-12.992416,WAL
2002057397000,214.540009,-1.27794896343498,-12.2450317881665,-1.00612765748945,-0.027794369,-0.95447695,0.87964594,225.45393,115.9002,-13.148477,WAL
2002062314000,214.544926,-0.943791142865362,-12.5475805318374,-1.46220793438819,0.2706133,-0.8848383,0.8695667,225.3505,115.698135,-13.299405,WAL
2002067306000,214.549918,-0.512373898372301,-12.6449802502239,-1.84741753857328,0.39553526,-0.7761043,0.7861836,225.28114,115.45224,-13.364966,WAL
2002072299000,214.554911,0.0204589922614666,-12.5117718189235,-2.14713598739429,0.5543602,-0.6123924,0.6386596,225.23985,115.125946,-13.395161,WAL
2002077312000,214.559924,0.543737341770001,-12.3385807372813,-2.4548976742389,0.5186246,-0.42119157,0.44532076,225.26974,114.81134,-13.285491,WAL
2002082305000,214.564917,1.05155416654395,-12.1209448715485,-2.7692605801861,0.312763,-0.18692477,0.21777347,225.33969,114.48393,-13.110888,WAL
2002087285000,214.569897,1.43166921111869,-12.0544650200253,-3.05692203322939,0.03848451,0.082161374,0.025350908,225.51218,114.16983,-12.760449,WAL
2002092286000,214.574898,1.67902460682128,-12.1478063799454,-3.3182786207367,-0.2275473,0.31978795,-0.10873401,225.72284,113.890945,-12.360389,WAL
2002097253000,214.579865,1.65969769378315,-12.2867951661756,-3.19298278609311,-0.41691554,0.44318274,-0.20097467,225.9826,113.6491,-11.877987,WAL
2002102327000,214.584939,1.27790460863288,-12.4920096128462,-2.53916215580436,-0.54825157,0.36071593,-0.25595254,226.23462,113.45721,-11.384689,WAL
2002107299000,214.589911,0.73049903106267,-12.5203833851045,-1.78761847069936,-0.6105598,0.1414153,-0.3032946,226.47527,113.29331,-10.86533,WAL
2002112306000,214.594918,-0.0824770841053587,-12.2881038598244,-0.863342056215562,-0.5919284,-0.093462385,-0.3436117,226.67604,113.14961,-10.360969,WAL
2002117246000,214.599858,-0.764247588473253,-12.1806830318865,-0.194423039171902,-0.45020768,-0.2144137,-0.35918877,226.84143,112.95058,-9.903491,WAL
2002122289000,214.604901,-1.28370591717114,-12.2496381126975,0.13196231128498,-0.20005837,-0.22693644,-0.35735616,226.96895,112.72706,-9.470211,WAL
2002127250000,214.609862,-1.56408093051643,-12.4798791784038,0.368055127328212,0.07086037,-0.17470746,-0.3323107,227.02101,112.42452,-9.201339,WAL
2002132306000,214.614918,-1.32022269201878,-13.0874584610329,0.413520228712761,0.32895094,-0.12064589,-0.3100141,227.07486,112.06789,-8.939555,WAL
2002137647000,214.620259,-1.05505322128361,-13.7430191914352,0.46911941260374,0.54336464,-0.099571034,-0.301462,227.09453,111.6468,-8.773003,WAL
2002142383000,214.624995,-0.653541576835233,-14.6263447693925,0.684931899614916,0.7162395,-0.07849618,-0.32375857,227.13416,111.17716,-8.601234,WAL
2002147379000,214.629991,-0.22531111898942,-15.4779090079106,0.842447426025907,0.8570439,-0.0571159,-0.40011674,227.2143,110.59807,-8.355996,WAL
2002152335000,214.634947,0.220545921152971,-15.9613113573618,0.68287755572036,1.0021244,-0.07452556,-0.5006041,227.2924,109.9821,-8.104604,WAL
2002157314000,214.639926,0.673124031932237,-16.3915397533632,0.480929402228201,1.1218541,-0.0852157,-0.5510005,227.43367,109.25795,-7.762545,WAL
2002162344000,214.644956,1.15795761676532,-16.4971471973094,0.0296981221285501,1.1826351,-0.067500606,-0.6569856,227.57266,108.51581,-7.3872614,WAL
2002167321000,214.649933,1.59765142064152,-16.5507355732106,-0.353022097647758,1.3377949,-0.004581489,-0.7501425,227.78047,107.71423,-6.9269505,WAL
2002172336000,214.654948,1.7925960039996,-16.2892247465597,-0.343512603112563,1.5241088,0.0842994,-0.8402451,228.00026,106.90403,-6.4511375,WAL
2002177302000,214.659914,1.91278205473146,-15.9772846797167,-0.269531628392682,1.7241671,0.1731803,-0.9266826,228.28316,106.1002,-5.8847885,WAL
2002182342000,214.664954,1.47122778363171,-15.2508568772379,0.304963723171355,1.8805487,0.19853121,-1.0503827,228.57076,105.27595,-5.30369,WAL
2002187301000,214.669913,1.02118088002172,-14.5306845926521,0.858009685969022,2.0512855,0.12217305,-1.2027937,228.83293,104.3987,-4.691692,WAL
2002192349000,214.674961,0.386521142001322,-13.7362181665093,1.28263813949377,2.2244658,-0.016798794,-1.3423764,229.08499,103.50116,-4.0722184,WAL
2002197691000,214.680303,-0.28543450099239,-12.9081846173516,1.71957953820396,2.436436,-0.15577064,-1.4450017,229.26785,102.52574,-3.5072262,WAL
2002202379000,214.684991,-0.882226476785388,-12.4526180493151,1.8380268173516,2.7097983,-0.25320363,-1.5091426,229.43304,101.50802,-2.934145,WAL
2002207665000,214.690277,-1.55544788112117,-11.978009359083,1.95015592870353,2.997821,-0.29932398,-1.561677,229.50949,100.4187,-2.4471142,WAL
2002212364000,214.694976,-2.1579519683587,-12.0777044691774,1.76376979045463,3.28279,-0.32162055,-1.5995506,229.58261,99.2769,-1.9581419,WAL
2002217314000,214.699926,-2.79263918517627,-12.1827248554228,1.56742772100751,3.4935384,-0.29565877,-1.6395624,229.61586,98.09931,-1.5465938,WAL
2002222335000,214.704947,-3.34073156584486,-12.678830370014,0.802380537612748,3.6077702,-0.19058995,-1.6722436,229.68607,96.891846,-1.1302629,WAL
2002227286000,214.709898,-3.87294784037883,-13.2015429375626,-0.000695851728803334,3.6080756,0.01160644,-1.6872098,229.8128,95.68442,-0.71092135,WAL
2002232348000,214.71496,-4.46006772264962,-13.7032883304026,-0.823891473453891,3.5023959,0.23976462,-1.6698002,229.94116,94.536674,-0.3831628,WAL
2002237297000,214.719909,-5.03777409991008,-14.1910241720452,-1.62889245610451,3.3466253,0.41050145,-1.6362026,230.13104,93.434975,-0.060097147,WAL
2002242333000,214.724945,-5.66449236412831,-14.4429347686232,-2.22675603135725,3.1462615,0.50426924,-1.5848899,230.28659,92.5213,0.1829469,WAL
2002247247000,214.729859,-6.27936164503705,-14.6677747044657,-2.79115077987519,2.9123,0.5225952,-1.5360206,230.48409,91.71591,0.4124206,WAL
2002252384000,214.734996,-6.76295194534081,-14.645270470023,-3.05114698840957,2.716823,0.47494772,-1.4944818,230.63559,91.13901,0.55124056,WAL
2002257292000,214.739904,-7.20047334808327,-14.5841118088279,-3.24873724227805,2.5228734,0.42424592,-1.4608842,230.80156,90.788956,0.67640585,WAL
2002262355000,214.744967,-7.66451429407242,-14.4436459109852,-3.36485930839571,2.4376578,0.30970868,-1.3857478,230.88286,89.29374,0.7034861,WAL
2002267274000,214.749886,-8.11720380364151,-14.2959261417156,-3.46492757129274,2.3209825,0.16340645,-1.3368785,230.94785,89.13667,0.73074067,WAL
2002272303000,214.754915,-8.11657209309564,-14.3919752691945,-3.33921988075835,2.283109,0.07819075,-1.3530666,230.97353,88.915504,0.7091795,WAL
2002277324000,214.759936,-8.0576108623373,-14.5189688714394,-3.18501366143181,2.2883012,0.122478485,-1.5296066,231.00177,88.63663,0.7239356,WAL
2002282306000,214.764918,-7.59159763269553,-14.3316676088372,-3.39549232230003,2.1875083,0.19761491,-1.675298,230.99442,88.409424,0.6898281,WAL
2002287299000,214.769911,-7.00679574558635,-14.0534148446592,-3.71147397519479,2.0030272,0.46883908,-1.745242,231.06276,88.18052,0.6873026,WAL
2002292342000,214.774954,-6.16410057230385,-13.5657358038998,-3.61586087720174,1.6865989,0.64934975,-1.7898352,231.12715,87.970085,0.7343285,WAL
2002297311000,214.779923,-5.24938591993346,-13.0160273787081,-3.38278451594122,1.46852,0.7318166,-1.7394388,231.24388,87.78734,0.7748606,WAL
2002302355000,214.784967,-4.22209556775059,-12.4694206048312,-3.13580351941778,1.4199562,0.7831292,-1.6105462,231.37982,87.67726,0.8781524,WAL
2002307335000,214.789947,-3.13895831720863,-11.9376988024156,-2.88471265970889,1.4993688,0.8539896,-1.4520267,231.54271,87.59776,0.9567098,WAL
2002312318000,214.79493,-2.25017710136596,-11.5745765391766,-2.70247268975526,1.6707164,1.0024298,-1.3332134,231.71101,87.42991,1.1391063,WAL
2002317306000,214.799918,-1.46625981337507,-11.3026974183267,-2.55747064968697,1.8732183,1.2403619,-1.2599095,231.92354,87.24687,1.2834057,WAL
2002322294000,214.804906,-0.7870108262054,-11.1954335732181,-2.28593617110151,2.0347922,1.5039502,-1.2589933,232.17,86.94771,1.5484657,WAL
2002327284000,214.809896,-0.198688752223758,-11.2315588021598,-1.90404295684665,2.149024,1.7018706,-1.3066407,232.46655,86.61499,1.7981291,WAL
2002332268000,214.81488,0.29558472266756,-11.2849301168006,-1.85195506754987,2.1930063,1.9230038,-1.3329079,232.81943,86.193924,2.154358,WAL
2002337292000,214.819904,0.749173931262181,-11.3470004726605,-1.95699675186067,2.2134702,2.200642,-1.3845261,233.24908,85.74092,2.5180116,WAL
2002342278000,214.82489,1.11417278234431,-11.3236206358588,-1.93534120832011,2.2409592,2.4269676,-1.4004086,233.7262,85.189964,2.9411278,WAL
2002347262000,214.829874,1.43603857315748,-11.2573537988893,-1.85014144830424,2.293799,2.502104,-1.3775011,234.24347,84.631485,3.3536832,WAL
2002352277000,214.834889,1.61270085226395,-11.062071199247,-1.78590130186268,2.287385,2.559831,-1.3671165,234.78488,84.041214,3.7977917,WAL
2002357266000,214.839878,1.70737771770534,-10.7969760155553,-1.73382900362628,2.2455406,2.5735753,-1.3347405,235.33682,83.46223,4.216974,WAL
2002362276000,214.844888,1.6212374104076,-10.3944242073605,-1.78551167815592,2.1273382,2.5986207,-1.2577715,235.8966,82.87318,4.6467023,WAL
2002367292000,214.849904,1.42638903446775,-9.90967951563118,-1.89956930522359,2.0329595,2.653904,-1.1777482,236.47015,82.30221,5.053827,WAL
2002372287000,214.854899,1.16568239098692,-9.37634347104656,-2.06998777795306,1.9865338,2.6853635,-1.0906999,237.046825879699,81.761468075188,5.41670911804511,WAL
2002377267000,214.859879,0.86290198371489,-8.81207105280877,-2.27642899303578,1.96271,2.738509,-0.98654735,237.62177,81.22235,5.7785015,WAL
2002382308000,214.86492,0.538515156134459,-8.25137511360477,-2.3623900331281,1.9074267,2.7531698,-0.88117313,238.1909,80.75628,6.065714,WAL
2002387315000,214.869927,0.200429154355809,-7.70377090993049,-2.33858107688183,1.8591684,2.7076602,-0.7825184,238.75381,80.31823,6.318793,WAL
2002392325000,214.874937,-0.182346084002481,-7.22548410592379,-2.47591906811867,1.7852536,2.6481009,-0.71929383,239.30957,79.956215,6.510135,WAL
2002397314000,214.879926,-0.604285282389363,-6.81302652579877,-2.76037251190712,1.704314,2.6386325,-0.6630942,239.86122,79.628136,6.6711736,WAL
2002402371000,214.884983,-0.996496733686908,-6.44012580683162,-2.83121813192035,1.674687,2.5729644,-0.6218608,240.37328,79.31947,6.783994,WAL
2002407405000,214.890017,-1.35293630929416,-6.11220144928036,-2.69339481453076,1.632232,2.4755313,-0.59986967,240.86935,79.04202,6.8853607,WAL
2002412399000,214.895011,-1.6591211146148,-5.80923926944864,-2.57509236664464,1.5430456,2.362216,-0.5925393,241.33632,78.85518,6.9214845,WAL
2002417307000,214.899919,-1.91206382836103,-5.5341086146148,-2.47746537952228,1.466382,2.2638667,-0.5919284,241.77655,78.68154,6.955083,WAL
2002422298000,214.90491,-2.16172374926501,-5.23965564216716,-2.40091078882822,1.402852,2.1743748,-0.59681535,242.1996,78.52196,6.9388294,WAL
2002427317000,214.909929,-2.39892472469551,-4.91665869818354,-2.36558301537169,1.3286319,2.1105394,-0.593761,242.59851,78.38686,6.92193,WAL
2002432307000,214.914919,-2.57246537419544,-4.61637126813926,-2.31896307542422,1.2519683,2.0479257,-0.61208695,242.98236,78.25944,6.883716,WAL
2002437294000,214.919906,-2.67027603647357,-4.34157001102009,-2.25841358076848,1.1508701,2.0115793,-0.6411031,243.35243,78.15642,6.848317,WAL
2002442320000,214.924932,-2.73134557905207,-4.09530829911702,-2.23550837588552,1.0574077,1.9905044,-0.65484756,243.7244,78.07542,6.7729244,WAL
2002447310000,214.929922,-2.73619564837105,-3.8964530767482,-2.26945916498528,0.9425651,2.0069978,-0.66553766,244.09425,78.02152,6.703675,WAL
2002452308000,214.93492,-2.74921153786746,-3.63121491398107,-2.00609900369706,0.8371908,2.005165,-0.68966687,244.4654,77.97436,6.6244698,WAL
2002457398000,214.94001,-2.77349948604883,-3.27175307800698,-1.33575122811161,0.77488256,1.9932534,-0.71929383,244.83505,77.94413,6.5484347,WAL
2002462294000,214.944906,-2.77925586862597,-3.01909241305991,-0.876119452137592,0.6386596,1.969735,-0.7535023,245.21255,77.95906,6.468027,WAL
2002467307000,214.949919,-2.76110863808354,-2.8875248495086,-0.658352515085995,0.48349985,1.9486601,-0.79137594,245.58495,77.99113,6.396243,WAL
2002472267000,214.954879,-2.75598834452334,-2.80089442226167,-0.458434733495876,0.30940324,1.9425515,-0.80756384,245.91663,77.88455,6.370862,WAL
2002477318000,214.95993,-2.78124281711392,-2.81604715855696,-0.291755103642059,0.15424347,1.9254472,-0.80939645,246.23587,77.8087,6.3530684,WAL
2002482240000,214.964852,-2.80478351897797,-2.85189716649695,-0.15476977493242,0.029626964,1.9159788,-0.7993172,246.51814,77.69012,6.368204,WAL
2002487289000,214.969901,-2.82716523771524,-2.92351841405295,-0.0562905565047213,-0.09315695,1.89918,-0.79137594,246.79076,77.60941,6.3845477,WAL
2002492294000,214.974906,-2.84642071057525,-3.01740363968623,0.0486797825339919,-0.22357668,1.8952094,-0.77304995,247.15958,77.587906,6.335506,WAL
2002497312000,214.979924,-2.85572855144296,-3.18959889012202,0.178989645070114,-0.32834008,1.8692477,-0.7449502,247.50974,77.5921,6.28412,WAL
2002502315000,214.984927,-2.85422803426722,-3.34196614161917,0.292692600455995,-0.43249258,1.8191566,-0.732122,247.8829,77.631905,6.2152033,WAL
2002507392000,214.990004,-2.79786072882813,-3.39833329991305,0.325573500834702,-0.5335908,1.758681,-0.7150178,248.23659,77.700096,6.140144,WAL
2002512386000,214.994998,-2.73787184211645,-3.44259541835954,0.355465190556736,-0.63438356,1.676825,-0.6969972,248.60876,77.80075,6.035562,WAL
2002517301000,214.999913,-2.642851554983,-3.3975859350935,0.365467309553761,-0.71837753,1.5992452,-0.6560693,248.95528,77.92624,5.923954,WAL
2002522294000,215.004906,-2.55393134111715,-3.34588676392552,0.37252217776571,-0.8026769,1.4905112,-0.6273586,249.2849,78.07966,5.8108425,WAL
2002527316000,215.009928,-2.49329999292087,-3.27126340880528,0.367858224158262,-0.88056225,1.3738359,-0.5821546,249.57971,78.25834,5.6874094,WAL
2002532300000,215.014912,-2.44631503375657,-3.19765694352743,0.368852885660153,-0.9761627,1.2421945,-0.5363397,249.84674,78.46143,5.5711474,WAL
2002537302000,215.019914,-2.47482598719373,-3.12637941108025,0.402115684517409,-1.0708468,1.1160508,-0.48288897,250.07242,78.68867,5.4468493,WAL
2002542351000,215.024963,-2.52445748258575,-3.05627435599756,0.451715442520804,-1.1655309,0.98440933,-0.42546764,250.26202,78.943245,5.3221226,WAL
2002547312000,215.029924,-2.69802965197889,-2.99841708367161,0.59635884988837,-1.2684617,0.9071349,-0.36346483,250.42159,79.2289,5.1856046,WAL
2002552353000,215.034965,-2.88316849722704,-2.95520745802041,0.771391218852301,-1.3942999,0.73884153,-0.33964106,250.51846,79.53922,5.0504065,WAL
2002557403000,215.040015,-3.11133922512998,-2.98780319988446,1.08337974234547,-1.45783,0.5497787,-0.27977628,250.57611,79.87037,4.8927584,WAL
2002562317000,215.044929,-3.3251902049644,-3.03121264744858,1.38769941526899,-1.5851953,0.3417791,-0.21960606,250.60692,80.24929,4.698245,WAL
2002567306000,215.049918,-3.45748874575752,-3.1965860084553,1.70427100288766,-1.7263051,0.12858713,-0.16279559,250.5734,80.6525,4.4966717,WAL
2002572350000,215.054962,-3.58855007788805,-3.38327421035133,2.03908615332473,-1.8701639,-0.1020145,-0.09285152,250.51851,81.07048,4.23539,WAL
2002577319000,215.059931,-3.68300644787614,-3.81777395613339,2.55859653346566,-2.0112739,-0.30879238,-0.004886922,250.40009,81.529854,3.9610417,WAL
2002582438000,215.06505,-3.77465664202571,-4.3107110769948,3.10870247403082,-2.111761,-0.47494772,0.10293079,250.25264,81.97948,3.6432576,WAL
2002587296000,215.069908,-3.79292117723035,-5.32895412292669,3.81188388492492,-2.1563544,-0.59864795,0.22327125,250.04822,82.45805,3.3038325,WAL
2002592632000,215.075244,-3.77639009592627,-6.55509209705069,4.61080780562212,-2.1401663,-0.6924158,0.38026363,249.85847,82.87832,2.905597,WAL
2002597312000,215.079924,-3.3385225239447,-8.87661601778802,5.61872926921659,-2.0399845,-0.68875057,0.5580254,249.64987,83.290054,2.4717786,WAL
2002603305000,215.085917,-2.7440065540414,-11.8248984707686,6.95753088436841,-1.767844,-0.5531385,0.6649268,249.50687,83.50785,2.0214314,WAL
2002607382000,215.089994,-1.67003571648764,-13.3441745075714,8.82107604552425,-1.2162327,-0.3304781,0.71959925,249.37762,83.60272,1.5428324,WAL
2002612248000,215.09486,-0.388225047972398,-15.1574679083765,11.0452631326433,-0.35308012,-0.29657507,0.56016344,249.31375,83.27253,1.227595,WAL
2002617305000,215.099917,1.3199979742889,-16.3419131893008,11.9821193627545,0.65179324,-0.32375857,0.21013765,249.28973,82.74287,0.96344864,WAL
2002622278000,215.10489,3.12676483146677,-17.2704537716097,12.4395288530542,1.3921618,-0.12858713,-0.22174409,249.33975,82.05046,0.7730061,WAL
2002627316000,215.109928,4.76048886986711,-17.9215424158854,11.8799417404966,1.7006488,0.27947086,-0.54305923,249.64359,80.77152,0.98234695,WAL
2002632285000,215.114897,6.2753163927475,-18.4215818901823,10.8259358069434,1.7040086,0.8436049,-0.6591236,250.0476,79.46461,1.2150486,WAL
2002637288000,215.1199,6.3012167172239,-18.1160642275076,9.64691504006238,1.5259414,1.3439035,-0.6750061,250.59409,78.125114,1.810754,WAL
2002642329000,215.124941,5.75534506209182,-17.4996067794132,8.41399817837996,1.2782356,1.6249015,-0.6795876,251.23822,76.89137,2.3502443,WAL
2002647311000,215.129923,4.80277086617448,-15.9638988326921,7.31581191582614,1.0140363,1.6905695,-0.6597345,251.93202,75.94115,2.9566238,WAL
2002652326000,215.134938,3.64914773734013,-13.9812649676614,6.2670634035562,0.8927795,1.709201,-0.6545421,252.66916,75.06329,3.496506,WAL
2002657401000,215.140013,2.53746335029799,-11.8081332521048,5.54140982674298,0.6713409,1.6169603,-0.66156703,253.32535,74.46999,3.9294116,WAL
2002662397000,215.145009,1.46024427168669,-9.61748579207265,4.93038239073881,0.4905248,1.461495,-0.6582073,253.95407,73.91923,4.330787,WAL
2002667307000,215.149919,0.562761834493279,-7.58509298588998,4.5810801684622,0.32162055,1.2800682,-0.61422503,254.51797,73.53114,4.6001205,WAL
2002672327000,215.154939,-0.266838512536944,-5.57296844017542,4.36107552168939,0.10415252,1.0894781,-0.5109888,255.02444,73.21655,4.851624,WAL
2002677313000,215.159925,-0.973572895820832,-4.05862661315902,4.09711021637377,-0.14263703,0.9062186,-0.34697145,255.46294,73.007324,4.969971,WAL
2002682308000,215.16492,-1.58357099906772,-2.94627725985855,3.79467420672953,-0.37812558,0.78954333,-0.17440203,255.85461,72.86336,5.0633106,WAL
2002687290000,215.169902,-2.08169316586156,-2.54779177027982,3.46897045092784,-0.59742624,0.754724,-0.011911872,256.1925,72.76956,5.018029,WAL
2002692411000,215.175023,-2.53913728845361,-2.49000924206186,3.12227593525773,-0.7840455,0.72692966,0.15118915,256.48492,72.74234,4.934844,WAL
2002697310000,215.179922,-3.00184446709684,-2.84191997798246,2.98901468563688,-0.979217,0.6560693,0.29718593,256.73254,72.80528,4.755749,WAL
2002702308000,215.18492,-3.48751904869471,-3.42190033512954,2.96072298251404,-1.1899655,0.44012842,0.42119157,256.91858,72.92915,4.554097,WAL
2002707324000,215.189936,-3.89561287256141,-4.49434828577107,3.21857045114667,-1.4052955,0.09132435,0.50335294,257.00967,73.18107,4.274666,WAL
2002712312000,215.194924,-4.25104506267455,-5.87225661972276,3.65677456363266,-1.5082263,-0.48808134,0.5213735,256.9696,73.45741,4.0160966,WAL
2002717306000,215.199918,-4.78268840488134,-7.87287033955238,4.13405055859541,-1.4694363,-1.2287555,0.5525276,256.74377,73.805145,3.6884332,WAL
2002722311000,215.204923,-5.41154637608528,-10.2172151882404,4.63343768723712,-1.3350459,-2.0289888,0.5290093,256.342,74.14395,3.4193277,WAL
2002727311000,215.209923,-5.9228790538598,-12.2222810291385,4.43715465658784,-1.1319333,-2.6481009,0.516792,255.77954,74.46232,3.113145,WAL
2002732311000,215.214923,-6.34752630892737,-13.9774900663007,3.72536496064189,-0.8891144,-2.738509,0.59559363,255.13849,74.72686,2.8077304,WAL
2002737282000,215.219894,-6.33767353336787,-15.5049772414793,3.10268901628509,-0.5296202,-2.2058344,0.72021013,254.4635,74.94618,2.3838086,WAL
2002742354000,215.224966,-4.58151749309023,-16.1842923799855,2.81083498135295,-0.050701816,-1.2773192,0.79351395,253.87717,75.04971,1.9384322,WAL
2002747240000,215.229852,-2.88976307416347,-16.8386957251632,2.52968379549363,0.68111473,-0.82711154,0.7840455,253.21298,75.20121,1.4095416,WAL
2002752327000,215.234939,-1.12841335474464,-17.5200198792603,2.23696662757174,1.1322387,-0.3979787,0.62949663,252.81688,75.26319,0.8590377,WAL
2002757333000,215.239945,0.401381623952211,-16.6669326171115,1.24183748306195,1.8225164,-0.6704246,0.22388211,252.38715,75.02447,0.4271026,WAL
2002762402000,215.245014,1.56600867135562,-12.9251593533096,-1.10144810580981,1.9523253,-1.1429288,-0.2996294,252.05243,74.802086,0.07874356,WAL
2002767291000,215.249903,2.3106418629393,-9.51227781469649,-2.91679541853035,1.5598444,-1.219287,-0.6994407,251.88144,74.68329,0.3294013,WAL
2002772306000,215.254918,2.03083384456869,-6.55172897284345,-3.55313280271566,0.8576548,-0.8790351,-0.93615097,251.72514,74.61333,0.66745096,WAL
2002777300000,215.259912,1.69130576826458,-3.84716827359835,-3.99807141997937,0.051618114,-0.48258355,-0.93554014,251.45815,74.80343,1.1111842,WAL
2002782306000,215.264918,0.972138377979561,-2.65155252415151,-3.26991455189387,-0.657291,-0.39553526,-0.7651087,251.19936,75.15516,1.5613133,WAL
2002787666000,215.270278,0.20788312684962,-1.40998716508577,-2.53332859740759,-1.1294898,-0.64721173,-0.63255095,250.92064,75.616516,1.9515454,WAL
2002792350000,215.274962,-0.396277108561013,-0.751316232927393,-2.36525401282025,-1.4425583,-0.9941832,-0.52870387,250.62413,76.23287,2.2991278,WAL
2002797524000,215.280136,-1.05434705778894,-0.0752740931818351,-2.215539848874,-1.709201,-1.2443326,-0.42332962,250.32422,76.82235,2.5230489,WAL
2002802301000,215.284913,-1.55244532788945,-0.0582450941702029,-2.50077564799926,-1.9404135,-1.3707817,-0.2764165,249.94818,77.49515,2.7159383,WAL
2002807369000,215.289981,-2.08088619723618,-0.0401787414402568,-2.80338712590731,-2.1615467,-1.4880677,-0.10629055,249.49826,78.21713,2.7949,WAL
2002812323000,215.294935,-2.4799747622341,-0.37393638867064,-3.07882883711849,-2.34389,-1.6765196,0.04153884,248.98122,79.00277,2.840921,WAL
2002817249000,215.299861,-2.86296237812147,-0.747228158909876,-3.35031365121776,-2.4336872,-1.96271,0.18081611,248.39087,79.8377,2.8417346,WAL
2002822306000,215.304918,-3.07909449905698,-1.23406861967441,-3.6869839842168,-2.4288,-2.2592852,0.3475823,247.69232,80.80221,2.6978455,WAL
2002827315000,215.309927,-3.27908938999404,-1.72453245717689,-4.02507060095295,-2.346028,-2.4856107,0.49693888,246.92422,81.786606,2.5116909,WAL
2002832308000,215.31492,-3.30751925711177,-2.18999307298714,-4.26055352848665,-2.2177463,-2.5616634,0.61483586,246.06845,82.85774,2.2092354,WAL
2002837260000,215.319872,-3.32159185169139,-2.6496949720178,-4.48571376824926,-2.104736,-2.5234842,0.7367035,245.17575,83.92952,1.8475789,WAL
2002842370000,215.324982,-3.35427879360684,-3.25204883320778,-4.45286905115545,-2.0100522,-2.4333818,0.8536842,244.23988,85.07042,1.3977027,WAL
2002847248000,215.32986,-3.38756897102718,-3.84176099444162,-4.39104438628728,-1.8897116,-2.3942864,0.9104946,243.30382,86.17276,0.91192514,WAL
2002852332000,215.334944,-3.53879676347514,-4.76708892025281,-4.06773354659938,-1.8307631,-2.3527474,1.0445796,242.38084,87.30519,0.34724036,WAL
2002857335000,215.339947,-3.69698434621262,-5.70265558349212,-3.72876012130931,-1.7107282,-2.3515258,1.1737776,241.46655,88.2927,-0.24702995,WAL
2002862369000,215.344981,-3.68844381707418,-6.91704604948197,-3.77461525859925,-1.6242907,-2.3218987,1.3243558,240.57986,88.86327,-0.876554,WAL
2002867242000,215.349854,-3.64492851272275,-8.14998037958972,-3.90032623881061,-1.5384641,-2.1591032,1.5534303,239.74161,91.58547,-1.5735453,WAL
2002872348000,215.35496,-3.53917421207413,-9.63283167100337,-3.84490505730064,-1.4306464,-1.8997909,1.7938058,238.93706,92.47582,-2.256617,WAL
2002877341000,215.359953,-3.42728493290902,-11.1097703242231,-3.76434475013104,-1.344209,-1.5903877,2.0277672,238.19992,93.500534,-2.9972239,WAL
2002882341000,215.364953,-3.20360589553049,-12.7970984741019,-3.77093768462824,-1.3286319,-1.2565498,2.2159138,237.52661,94.53967,-3.7374465,WAL
2002887260000,215.369872,-2.94779637233709,-14.5238128455514,-3.80537366397243,-1.3585643,-0.90316427,2.3044891,236.95552,95.58713,-4.4957767,WAL
2002892400000,215.375012,-2.35154346117951,-15.6234055816124,-3.884393575695,-1.4071281,-0.5561928,2.3084598,236.49954,96.558205,-5.1948066,WAL
2002897280000,215.379892,-1.72049347071088,-16.5282201805004,-3.96791483383638,-1.4651603,-0.22785273,2.2766948,236.14485,97.51756,-5.88059,WAL
2002902349000,215.384961,-1.01701060904254,-16.7131502228092,-3.93915808512405,-1.488984,0.05497787,2.214081,235.90547,98.35284,-6.438245,WAL
2002907435000,215.390047,-0.300248837839826,-16.7269339017074,-3.88402260190548,-1.4440855,0.32436943,2.0925188,235.75443,99.13763,-6.9451227,WAL
2002912391000,215.395003,0.404614775843991,-16.1737048893352,-3.64840908950428,-1.3912456,0.57940567,1.9156734,235.71524,99.76512,-7.2686396,WAL
2002917269000,215.399881,1.10083173671916,-15.4132978516013,-3.34720875326075,-1.3906348,0.8164214,1.6688838,235.7378,100.337845,-7.5254064,WAL
2002922296000,215.404908,1.5583418321936,-14.5927031529646,-2.74557916676454,-1.4306464,0.98837996,1.3695599,235.8229,100.74657,-7.5887527,WAL
2002927317000,215.409929,1.95001849551051,-13.7638058656943,-2.07153093667361,-1.4691309,0.9737192,1.0341948,235.90454,101.097984,-7.5779977,WAL
2002932308000,215.41492,2.22923854880166,-12.8702812624519,-1.18554141213236,-1.534799,0.6918049,0.6704246,236.01242,101.35349,-7.4401813,WAL
2002937292000,215.419904,2.45991310092711,-11.9475825623829,-0.206351419296775,-1.5958854,0.11453723,0.34300083,236.01224,101.57064,-7.242725,WAL
2002942324000,215.424936,2.44459081129388,-10.9797637849549,0.468606504230692,-1.6600263,-0.27122417,0.10170906,235.99863,101.67813,-6.9289165,WAL
2002947312000,215.429924,2.30564359239719,-10.0023419209629,0.981273999745236,-1.690875,-1.1585059,0.01740966,235.66983,101.78219,-6.6332917,WAL
2002952340000,215.434952,1.83677887982634,-9.21803748075253,0.845033765894838,-1.6872098,-1.9654589,-0.12736541,235.25479,101.75296,-6.2502337,WAL
2002957373000,215.439985,1.20899217710564,-8.52979694587554,0.393957392691751,-1.67316,-2.554333,-0.2773328,234.6559,101.73791,-5.8911157,WAL
2002962414000,215.445026,0.520617864278361,-7.99863578649372,-0.541468185417953,-1.6511687,-2.862209,-0.40653083,233.89786,101.69464,-5.550305,WAL
2002967305000,215.449917,-0.183382927959646,-7.57912856372246,-1.74212709322627,-1.6200147,-2.8615983,-0.48472157,233.07755,101.655235,-5.211603,WAL
2002972303000,215.454915,-0.749724571699887,-7.28697562910869,-2.61594678747649,-1.5577064,-2.69697,-0.50915617,232.19647,101.74859,-4.9861817,WAL
2002977315000,215.459927,-1.23711522995487,-7.06584464347499,-3.30641689059797,-1.5079209,-2.477364,-0.4877759,231.34892,101.84974,-4.7637033,WAL
2002982313000,215.464925,-1.63549146820277,-6.93839843380813,-3.74398982672811,-1.4697418,-2.2498167,-0.43127087,230.50543,102.18014,-4.674394,WAL
2002987289000,215.469901,-1.9549162718894,-6.89347940222036,-3.95860333087558,-1.4395039,-2.0512855,-0.33414328,229.72993,102.514595,-4.6073275,WAL
2002992346000,215.474958,-2.19262000219791,-6.99353499220475,-3.90348190839113,-1.416902,-1.9349157,-0.22235495,228.98187,103.00737,-4.6769786,WAL
2002997309000,215.479921,-2.37369435664746,-7.17925227509036,-3.68526417493406,-1.4126259,-1.842675,-0.10354166,228.29361,103.507,-4.7759085,WAL
2003002309000,215.484921,-2.48903550715607,-7.40337236080226,-3.54325164256645,-1.4285084,-1.6713274,0.0125227375,227.6648,104.074,-4.9616303,WAL
2003007414000,215.490026,-2.55567511649304,-7.66041037822997,-3.45757223715315,-1.4123205,-1.4379768,0.12461651,227.09038,104.63808,-5.175861,WAL
2003012367000,215.494979,-2.4958689458578,-7.88279076292983,-3.23918196580002,-1.3952162,-1.1927143,0.2321288,226.55931,105.17865,-5.427847,WAL
2003017306000,215.499918,-2.3283733766471,-8.08114056108471,-2.90419096545522,-1.402852,-1.0012082,0.33444872,226.08836,105.72601,-5.7006626,WAL
2003022293000,215.504905,-2.09122231742661,-8.24411102467208,-2.52921612129919,-1.4373659,-0.8445212,0.41874814,225.69942,106.26607,-5.997476,WAL
2003027314000,215.509926,-1.73581475785967,-8.34422629398293,-2.08871092256923,-1.502423,-0.7272351,0.473726,225.35838,106.81583,-6.302822,WAL
2003032309000,215.514921,-1.3802812063745,-8.41984501992032,-1.62168532270916,-1.5467108,-0.6774496,0.5235115,225.07709,107.29829,-6.5840645,WAL
2003037293000,215.519905,-1.02314656715965,-8.46622610164221,-1.12076928172578,-1.575116,-0.72234815,0.54458636,224.80293,107.78804,-6.869173,WAL
2003042368000,215.52498,-0.705831346436734,-8.50469130064409,-0.634901685171307,-1.557401,-0.7687739,0.5537493,224.57964,108.18772,-7.085131,WAL
2003047311000,215.529923,-0.464862140186994,-8.52927997839186,-0.197222919833576,-1.5149459,-0.88697636,0.5555819,224.32448,108.58223,-7.3132515,WAL
2003052305000,215.534917,-0.305089966440319,-8.52746278464942,0.0942040178994902,-1.4822645,-1.0329732,0.5494733,224.08873,108.86637,-7.477064,WAL
2003057379000,215.539991,-0.239657815608349,-8.49474653842455,0.215720863239685,-1.3927728,-1.1533136,0.5357288,223.82777,109.11871,-7.6460624,WAL
2003062322000,215.544934,-0.250297792465972,-8.39994006007697,0.0888081802703464,-1.2757921,-1.2449434,0.5329799,223.5674,109.27633,-7.777272,WAL
2003067309000,215.549921,-0.375827403135267,-8.20716229221815,-0.417793483185018,-1.1517864,-1.29198,0.5332854,223.2877,109.40512,-7.9108114,WAL
2003072268000,215.55488,-0.515308502851023,-8.02146318185713,-0.86777953285852,-1.0512991,-1.2819008,0.5537493,223.01302,109.49252,-8.034313,WAL
2003077320000,215.559932,-0.701851608996466,-7.85046567002249,-1.1631394779758,-0.958753,-1.2140946,0.5742133,222.74478,109.54965,-8.155098,WAL
2003082242000,215.564854,-0.877377253168253,-7.70262605885614,-1.40576873811328,-0.89858276,-1.1218541,0.61666846,222.46463,109.68907,-8.318672,WAL
2003087294000,215.569906,-1.0472485896258,-7.58192793005636,-1.58011030337245,-0.89552844,-1.0393872,0.6737844,222.20715,109.823235,-8.48454,WAL
2003092329000,215.574941,-1.22229992879647,-7.48589493460763,-1.72480855548939,-0.9202685,-0.95814216,0.73273283,221.96106,110.019455,-8.678633,WAL
2003097311000,215.579923,-1.41477797467102,-7.47214641388916,-1.77063668671597,-0.99112886,-0.8912524,0.79351395,221.7412,110.23228,-8.880037,WAL
2003102319000,215.584931,-1.59535741805424,-7.47881765376446,-1.80011368597573,-1.065349,-0.8332202,0.8561276,221.52899,110.50804,-9.127093,WAL
2003107387000,215.589999,-1.70120903277072,-7.60768046817751,-1.73108003882989,-1.1655309,-0.7892379,0.9114109,221.3369,110.81155,-9.38022,WAL
2003112624000,215.595236,-1.80898602249357,-7.76010441241278,-1.65482685727139,-1.2562444,-0.7703011,0.97066486,221.1478,111.164635,-9.683558,WAL
2003117303000,215.599915,-1.89126635777635,-8.06454183767903,-1.54374833375872,-1.3723087,-0.8072584,1.0195341,220.95914,111.54982,-9.99551,WAL
2003122277000,215.604889,-1.97873427564267,-8.38817333015057,-1.42566656928939,-1.4798211,-0.85918194,1.056186,220.76303,111.94774,-10.310649,WAL
2003127317000,215.609929,-2.02929920145455,-8.75234247666667,-1.30411438484848,-1.5732834,-0.9462303,1.0751228,220.54948,112.36867,-10.636499,WAL
2003132244000,215.614856,-2.07219455927273,-9.11457004222222,-1.18496061313131,-1.6646078,-1.0387764,1.0800097,220.3218,112.81163,-10.969542,WAL
2003137284000,215.619896,-2.06176039476687,-9.50133957859532,-1.12325229277985,-1.7220291,-1.0800097,1.072374,220.08296,113.22949,-11.306317,WAL
2003142296000,215.624908,-2.04287433472359,-9.88850400668896,-1.07131557835924,-1.7467692,-1.1203269,1.0635164,219.81926,113.65519,-11.648458,WAL
2003147344000,215.629956,-1.9827962342651,-10.2763799440938,-0.912214620018034,-1.738828,-1.1365148,1.0372492,219.55765,114.04149,-11.974326,WAL
2003152246000,215.634858,-1.91694745855125,-10.6526591535918,-0.738185565434325,-1.6917913,-1.1456778,1.0027353,219.28506,114.41508,-12.294423,WAL
2003157348000,215.63996,-1.81656626410867,-10.9476031240333,-0.615410010227047,-1.5992452,-1.1374311,0.9728029,219.01299,114.72399,-12.580937,WAL
2003162251000,215.644863,-1.71414587055324,-11.2129645092207,-0.508334172962522,-1.4844025,-1.128879,0.9416488,218.73506,115.00595,-12.854909,WAL
2003167334000,215.649946,-1.55704979520015,-11.4310458949794,-0.511424657473361,-1.3075571,-1.1160508,0.91721416,218.47667,115.18751,-13.084705,WAL
2003172318000,215.65493,-1.39209743271575,-11.6326546038207,-0.538916725861572,-1.0900891,-1.1120802,0.9059132,218.21693,115.32744,-13.306462,WAL
2003177319000,215.659931,-1.15413345747958,-11.9391295349943,-0.734670674134188,-0.8179486,-1.0958922,0.9114109,217.97768,115.36451,-13.485804,WAL
2003182265000,215.664877,-0.894602269967952,-12.2770099030291,-0.984408188514422,-0.49968776,-1.0366384,0.9104946,217.75072,115.338875,-13.652648,WAL
2003187292000,215.669904,-0.559424179729833,-12.4769722110921,-1.22563807584665,-0.15821409,-0.93401295,0.86926126,217.54967,115.20759,-13.748015,WAL
2003192356000,215.674968,-0.204185870780061,-12.6430576334665,-1.46553924685122,0.13744467,-0.7788532,0.7840455,217.37735,115.01305,-13.818055,WAL
2003197312000,215.679924,0.239748760251102,-12.4157984954955,-1.646235032212,0.32925636,-0.57543504,0.66828656,217.2582,114.73024,-13.778908,WAL
2003202321000,215.684933,0.727082857803335,-12.0296091081081,-1.80714726095457,0.38423425,-0.37232238,0.52778757,217.17564,114.406784,-13.697322,WAL
2003207316000,215.689928,1.18979003929198,-11.6680479621785,-2.03005414124054,0.2919936,-0.17104226,0.3747658,217.17003,114.03837,-13.488569,WAL
2003212317000,215.694929,1.63901907036006,-11.3202577927383,-2.29089686919818,0.08155051,0.029626964,0.2415972,217.21336,113.681786,-13.237034,WAL
2003217309000,215.699921,1.85015908553814,-11.2479312061747,-2.38754966794112,-0.1414153,0.1853976,0.1255328,217.3273,113.33303,-12.882746,WAL
2003222330000,215.704942,1.92829399470465,-11.3306625236093,-2.39214583624546,-0.34269542,0.25289822,0.019547688,217.46184,113.0225,-12.498063,WAL
2003227315000,215.709927,1.68574416233169,-11.5162310418893,-2.00738188585168,-0.53023106,0.20372356,-0.058948494,217.63034,112.76466,-12.044014,WAL
2003232310000,215.714922,1.17967673547767,-11.7871556144475,-1.30195455063048,-0.6731735,0.040927973,-0.1255328,217.77457,112.5425,-11.585092,WAL
2003237291000,215.719903,0.558267429426626,-11.8086128427909,-0.599864624334353,-0.75900006,-0.06261369,-0.19211712,217.92862,112.3415,-11.115722,WAL
2003242366000,215.724978,-0.132419466063357,-11.7078881413204,0.114804488416066,-0.7678576,-0.29077184,-0.22052236,217.99841,112.16449,-10.681967,WAL
2003247313000,215.729925,-0.668952952707665,-11.5805036216846,0.499308636275138,-0.7058548,-0.49296826,-0.2556471,218.00655,111.94449,-10.308877,WAL
2003252320000,215.734932,-1.13947257796561,-11.4360867201982,0.72292189838531,-0.53969944,-0.60231316,-0.24801129,217.9831,111.71264,-9.965019,WAL
2003257329000,215.739941,-1.45565613477907,-11.5596243693749,0.756130904739361,-0.3191771,-0.63529986,-0.22235495,217.88031,111.44404,-9.747132,WAL
2003262315000,215.744927,-1.66470192622684,-11.8659004096925,0.658900285295255,-0.10842858,-0.65179324,-0.17684549,217.76294,111.147644,-9.550535,WAL
2003267306000,215.749918,-1.73721371218807,-12.3495508005588,0.561958968845746,0.054061573,-0.6637051,-0.12644911,217.62154,110.84741,-9.461536,WAL
2003272315000,215.754927,-1.72797001025147,-12.9411480140669,0.464900035772232,0.183565,-0.6606508,-0.099571034,217.48921,110.512695,-9.378671,WAL
2003277314000,215.759926,-1.63110282112138,-13.6170439861334,0.389588966937299,0.25870144,-0.6337727,-0.11301007,217.35847,110.17485,-9.324181,WAL
2003282312000,215.764924,-1.46276775042203,-14.3625284302653,0.331874079815113,0.33078352,-0.5030475,-0.19303341,217.26125,109.809296,-9.24815,WAL
2003287333000,215.769945,-1.27622933239764,-14.9025665765173,0.356126323591134,0.44165558,-0.38453966,-0.30909783,217.184,109.39852,-9.135946,WAL
2003292363000,215.774975,-1.07572913096506,-15.2802528247024,0.444719434606524,0.5705481,-0.29901853,-0.40866885,217.13625,108.96839,-8.998717,WAL
2003297310000,215.779922,-0.841080452884228,-15.5427557297297,0.466982330332795,0.72265357,-0.2321288,-0.50488013,217.14204,108.453514,-8.785597,WAL
2003302327000,215.784939,-0.564893489794272,-15.6978081486486,0.423373859014724,0.91965765,-0.18875736,-0.5815437,217.16762,107.90075,-8.549882,WAL
2003307343000,215.789955,-0.276261481192034,-15.6873238790648,0.299889306926977,1.1435398,-0.15057829,-0.6575964,217.24197,107.26356,-8.244717,WAL
2003312320000,215.794932,0.0218090233403887,-15.5222386948239,0.102704202713104,1.3787229,-0.14844026,-0.73975784,217.3224,106.58341,-7.9236145,WAL
2003317306000,215.799918,0.275390420005086,-15.2772982968162,-0.0682748108791578,1.6236799,-0.18600847,-0.8402451,217.43184,105.83162,-7.5369663,WAL
2003322303000,215.804915,0.470102263478792,-14.9268170222765,-0.204573103343912,1.8674151,-0.22785273,-0.9669997,217.54451,105.03016,-7.1304507,WAL
2003327276000,215.809888,0.426749153244883,-14.2914318177913,-0.310995732594558,2.0943515,-0.2648101,-1.0937542,217.66597,104.183334,-6.6748805,WAL
2003332266000,215.814878,0.104698676899166,-13.317229212282,-0.38345709429113,2.3463335,-0.28771752,-1.2064588,217.78505,103.279564,-6.2018943,WAL
2003337284000,215.819896,-0.249758167021691,-12.4055650924055,-0.456205377123737,2.6190848,-0.28955013,-1.3041973,217.91124,102.335655,-5.6940217,WAL
2003342290000,215.824902,-0.930738347700631,-12.223642518999,-0.527499321753243,2.7495046,-0.24648413,-1.35551,218.0538,101.38229,-5.179799,WAL
2003347378000,215.82999,-1.6228732177155,-12.0387399913338,-0.599961085691503,2.9956832,-0.17715092,-1.4651603,218.14485,100.39378,-4.706161,WAL
2003352338000,215.83495,-2.29759588974258,-11.8584890995846,-0.670599912172196,3.1991012,-0.071776666,-1.5531249,218.27487,99.40227,-4.2291856,WAL
2003357302000,215.839914,-2.95967972061548,-11.7971584239618,-0.793633148521064,3.334408,0.00030543262,-1.6224581,218.41832,98.3736,-3.7331142,WAL
2003362336000,215.844948,-3.5742433351957,-12.2484787585898,-1.14412658921422,3.388164,0.08552113,-1.6789632,218.61086,97.32964,-3.2214413,WAL
2003367306000,215.849918,-4.1772203628004,-12.700734967428,-1.49170900049652,3.3454034,0.18600847,-1.7314975,218.68016,96.37028,-2.8694978,WAL
2003372288000,215.8549,-4.76473238490566,-13.1840107358491,-1.84705893207547,3.2308662,0.31673363,-1.7354681,218.79947,95.436195,-2.5181224,WAL
2003402203000,215.884815,-7.55353996991547,-14.6598064982596,-2.43933789138074,2.157576,0.07147124,-1.3497068,219.2564,92.02993,-1.4956826,WAL
2003407219000,215.889831,-7.9527083808828,-14.8768522993046,-2.45716747746649,2.1493294,-0.07971791,-1.3029755,219.19304,91.79451,-1.4925205,WAL
2003412231000,215.894843,-7.98656829723874,-15.1574071186133,-2.17661331477376,2.2327125,-0.21380283,-1.3200798,219.0956,91.615906,-1.4895828,WAL
2003417217000,215.899829,-7.93488701092728,-15.3493354189618,-2.08753519031108,2.28036,-0.3359759,-1.4828753,218.9538,91.515335,-1.4902403,WAL
2003422239000,215.904851,-7.32024291845651,-14.9681604447196,-3.25011823984545,2.207667,-0.29535335,-1.6826283,218.82857,88.52908,-1.4697701,WAL
2003427214000,215.909826,-6.6629479602377,-14.5415036077882,-4.28847924332786,2.0292943,0.21991149,-1.7663169,218.79109,88.5113,-1.4272249,WAL
2003432224000,215.914836,-5.61980786766837,-13.7255363471833,-4.44147294735723,1.6920967,0.49480084,-1.815186,218.70494,88.48456,-1.3362256,WAL
2003437364000,215.919976,-4.54648915047274,-12.8831499256689,-4.52998069619795,1.4633276,0.9398162,-1.7733418,218.76207,88.57849,-1.1843657,WAL
2003442231000,215.924843,-3.49163891170791,-12.0205165208208,-3.7658003079662,1.4483615,1.2018774,-1.7229455,218.84686,88.68549,-1.0235275,WAL
2003447300000,215.929912,-2.42880488537292,-11.1539682000362,-2.99328431432839,1.5201381,1.2669345,-1.5604553,218.96436,88.828316,-0.80413085,WAL
2003452331000,215.934943,-1.84006276618392,-10.7091409141926,-2.53101269172701,1.7284433,1.1826351,-1.387275,219.11513,88.900116,-0.6080366,WAL
2003457347000,215.939959,-1.25307599022448,-10.2656398874004,-2.07011933872194,1.9602666,1.1087204,-1.2916746,219.34494,88.821915,-0.3182833,WAL
2003462369000,215.944981,-0.735721512217054,-9.92273003410853,-1.79001649705426,2.0894647,1.1365148,-1.2525792,219.58095,88.619484,-0.06840265,WAL
2003467288000,215.9499,-0.239075701690956,-9.60137112857881,-1.54169358162274,2.162463,1.2663237,-1.2544118,219.82686,88.323944,0.15967293,WAL
2003472310000,215.954922,0.0348460104662797,-9.68365616730038,-1.58949308064839,2.1960607,1.4257594,-1.2305881,220.14688,87.90167,0.43809256,WAL
2003477273000,215.959885,0.28690461381629,-9.79779573193916,-1.66083046994197,2.2311852,1.6377298,-1.2177598,220.52081,87.44846,0.71177524,WAL
2003482308000,215.96492,0.41510462755343,-9.81099595979311,-1.57944692854494,2.2311852,1.8469511,-1.1988231,220.92944,86.89618,1.0215379,WAL
2003487259000,215.969871,0.530784271466771,-9.81562323870401,-1.48690318635698,2.2406538,2.0308216,-1.1328496,221.39111,86.34202,1.30445,WAL
2003492337000,215.974949,0.528721797865804,-9.88056265723525,-1.44909398189167,2.2589796,2.1526892,-1.0778717,221.87282,85.77586,1.6053212,WAL
2003497259000,215.979871,0.509668813455942,-9.95201123686338,-1.42051459977769,2.221106,2.2333233,-1.0555751,222.39355,85.23283,1.8874387,WAL
2003502308000,215.98492,0.540344235776386,-9.76323845311314,-1.40098068794609,2.1453588,2.3005185,-1.0647382,222.95287,84.68587,2.1687336,WAL
2003507316000,215.989928,0.576760847014047,-9.54473926100987,-1.38277231102885,2.0433443,2.3057108,-1.0461067,223.5143,84.16957,2.4289808,WAL
2003512401000,215.995013,0.544336615267738,-9.20929764707689,-1.72175824190642,1.9285016,2.3362541,-0.98532563,224.08253,83.66875,2.6681018,WAL
2003517241000,215.999853,0.496879099592505,-8.8628573153476,-2.129892840043,1.8649716,2.405282,-0.93126404,224.66032,83.18998,2.8964634,WAL
2003522308000,216.00492,0.336115672500473,-8.47363697465481,-2.31308417287687,1.8463402,2.4483478,-0.850019,225.23349,82.72966,3.0970876,WAL
2003527316000,216.009928,0.15468708084547,-8.08356568280688,-2.44461990383961,1.8429805,2.4523184,-0.7684685,225.81026,82.295074,3.276437,WAL
2003532309000,216.014921,-0.180841639819534,-7.6430210111651,-2.73899526826971,1.8194622,2.441323,-0.73884153,226.36748,81.93595,3.4332204,WAL
2003537315000,216.019927,-0.57540228928706,-7.18190790235002,-3.0955259636589,1.7858646,2.454762,-0.7180721,226.92766,81.59487,3.5650787,WAL
2003542340000,216.024952,-0.933510969797883,-6.87048946860443,-3.17227717021174,1.779145,2.4541512,-0.68569624,227.46782,81.27879,3.6553407,WAL
2003547303000,216.029915,-1.27202845842156,-6.62346314148219,-3.13568065784408,1.7629571,2.4071145,-0.67164636,227.99611,80.9795,3.743609,WAL
2003552321000,216.034933,-1.56480090940179,-6.42616918304595,-3.07527765985936,1.7140878,2.339003,-0.6826419,228.49722,80.761566,3.7725656,WAL
2003557385000,216.039997,-1.83108803958193,-6.25798808927849,-3.0005303661497,1.6447546,2.2730296,-0.6948592,228.98373,80.559944,3.7977803,WAL
2003562401000,216.045013,-2.0310529175687,-6.12011758204006,-2.91509868458314,1.5601498,2.211332,-0.72692966,229.45569,80.382774,3.7849624,WAL
2003567306000,216.049918,-2.17983013475547,-6.00634652968794,-2.82320681080578,1.4746287,2.130698,-0.7583892,229.90265,80.22755,3.7772048,WAL
2003572288000,216.0549,-2.29284440746382,-5.87450752301164,-2.75297077733652,1.3924674,2.0925188,-0.79381937,230.35252,80.09053,3.7375662,WAL
2003577322000,216.059934,-2.35054294226961,-5.71714833075835,-2.7162536872484,1.3005321,2.065641,-0.8371908,230.7828,79.97879,3.7102716,WAL
2003582309000,216.064921,-2.36976668563686,-5.56053020067751,-2.61615524261518,1.2235631,2.0378466,-0.8524625,231.21028,79.874565,3.6576765,WAL
2003587293000,216.069905,-2.3605272796748,-5.40346020284553,-2.46832469898374,1.1108584,2.0189097,-0.8912524,231.63353,79.80126,3.6229942,WAL
2003592345000,216.074957,-2.39236832458478,-5.28579931747389,-2.31639108260567,1.0238101,2.0137172,-0.9300423,232.05902,79.73664,3.5806952,WAL
2003597336000,216.079948,-2.46367281318747,-5.20974124262556,-2.16427463508702,0.93126404,2.0186043,-0.97494096,232.48157,79.70269,3.5497835,WAL
2003602329000,216.084941,-2.46928158515181,-5.07369686856024,-1.89917000246817,0.8393288,2.0442605,-1.0021244,232.92282,79.65845,3.518443,WAL
2003607405000,216.090017,-2.40738605422135,-4.87372633222331,-1.51351262476004,0.752586,2.035403,-1.0045679,233.35338,79.638824,3.4923184,WAL
2003612389000,216.095001,-2.35376434958544,-4.69475656799771,-1.07364379094253,0.6469063,1.969735,-1.0167851,233.78632,79.619064,3.4591107,WAL
2003617307000,216.099919,-2.30887842491185,-4.53765592537882,-0.570922100142952,0.50885075,1.8564194,-1.0094548,234.19824,79.635635,3.4223335,WAL
2003622286000,216.104898,-2.29836368151936,-4.38028024536158,-0.152676272563915,0.3930918,1.777007,-0.98654735,234.6192,79.5843,3.3883994,WAL
2003627317000,216.109929,-2.35366898205155,-4.22441993886048,0.0987111688594386,0.28344148,1.7602082,-0.94225967,235.01897,79.57317,3.3476574,WAL
2003632308000,216.11492,-2.44153633269906,-4.11482230600117,0.255680563196721,0.17073683,1.7559321,-0.883922,235.38092,79.44571,3.3081732,WAL
2003637291000,216.119903,-2.57192215837237,-4.06359937078454,0.292933661803279,0.12583824,1.7623463,-0.8564331,235.73398,79.333145,3.2659993,WAL
2003642327000,216.124939,-2.70794676531237,-4.04705524295631,0.321741990081666,0.034513887,1.784032,-0.8005389,236.15079,79.25665,3.1688147,WAL
2003647308000,216.12992,-2.84916365766639,-4.08601158497346,0.336350628507554,-0.064751714,1.7901406,-0.75869465,236.55692,79.19663,3.0694745,WAL
2003652302000,216.134914,-2.96289894318973,-4.08820256193414,0.290096919166252,-0.16584991,1.7605137,-0.72418076,236.95659,79.17137,2.9384243,WAL
2003657360000,216.139972,-3.04000891055616,-4.0400088952343,0.159973928494677,-0.26816985,1.7336355,-0.68477994,237.34836,79.177216,2.795669,WAL
2003662250000,216.144862,-3.07457105245529,-3.94672355265399,0.055044211678683,-0.37293324,1.7061466,-0.6450737,237.7521,79.23388,2.59887,WAL
2003667307000,216.149919,-3.05165962231999,-3.7817621934904,-0.0228542172831867,-0.4700608,1.6701056,-0.602924,238.13495,79.317825,2.3950114,WAL
2003672257000,216.154869,-3.02003733178454,-3.62336043544408,-0.0751771458338816,-0.57451874,1.6059648,-0.56505036,238.48837,79.459885,2.1611984,WAL
2003677319000,216.159931,-2.96522083595806,-3.46887733285362,-0.0701938212195724,-0.6918049,1.525636,-0.52473325,238.81526,79.631966,1.9215182,WAL
2003682241000,216.164853,-2.87134935748792,-3.34768590019892,0.0434861584342143,-0.8051204,1.4159856,-0.5036584,239.09616,79.83123,1.6874851,WAL
2003687287000,216.169899,-2.69740455555556,-3.27902354379085,0.368487986732026,-0.9236283,1.2730432,-0.47586402,239.33313,80.06313,1.4498246,WAL
2003692329000,216.174941,-2.54416276749012,-3.22030349068182,0.673099058826087,-1.029308,1.102001,-0.44409904,239.56308,80.33528,1.2097197,WAL
2003697326000,216.179938,-2.45431601620553,-3.19193075181818,0.914267097217391,-1.1542299,0.9086621,-0.419359,239.73668,80.64189,0.97468066,WAL
2003702310000,216.184922,-2.35925805344559,-3.19970158542771,1.15316959131067,-1.2596041,0.7266242,-0.37720928,239.9202,80.92187,0.78113484,WAL
2003707350000,216.189962,-2.24387049872155,-3.33515652275231,1.38896149402349,-1.3720033,0.52503866,-0.33169982,240.03621,81.23483,0.5901542,WAL
2003712263000,216.194875,-2.15369075969832,-3.503170337807,1.61278167350609,-1.4743233,0.36010507,-0.28680122,240.14389,81.532005,0.41770893,WAL
2003717302000,216.199914,-2.11636142672597,-3.76447586350803,1.82742548426803,-1.5815301,0.2180789,-0.23457226,240.19403,81.857414,0.2379406,WAL
2003722286000,216.204898,-2.07139369883237,-4.08797016560057,2.12168811110773,-1.6951511,0.10567969,-0.15118915,240.23077,82.17043,0.06484582,WAL
2003727318000,216.20993,-1.99799966183369,-4.64087144776119,2.70394712046908,-1.8026633,0.02321288,-0.07452556,240.23022,82.504745,-0.11680145,WAL
2003732291000,216.214903,-1.8819948550297,-5.33871546761832,3.34368281719678,-1.9071213,-0.01038471,-0.026267206,240.2313,82.82888,-0.30110005,WAL
2003737324000,216.219936,-1.6372541157693,-6.48853512895191,4.17949549867791,-1.9394971,-0.067500606,0.110872045,240.19286,83.149734,-0.52783084,WAL
2003742384000,216.224996,-1.34441248209197,-7.87336514437431,5.06890867339946,-1.9782871,-0.10445796,0.22388211,240.19452,83.38644,-0.72898525,WAL
2003747314000,216.229926,-0.857186094445446,-10.2101594595732,6.14742908097385,-1.9569068,-0.1301143,0.36010507,240.17467,83.5967,-0.9714207,WAL
2003752347000,216.234959,-0.352206821732701,-12.4819736581991,7.35053585380095,-1.8484782,-0.116980694,0.48533243,240.22003,83.62126,-1.1704822,WAL
2003757333000,216.239945,0.181868558815166,-14.2245078767773,8.99802292322275,-1.6081028,-0.027488936,0.5421429,240.27406,83.5943,-1.3844229,WAL
2003762451000,216.245063,0.809735045901148,-15.9355394728907,10.6298104409386,-1.2043208,0.064751714,0.59437186,240.41391,83.33857,-1.5012985,WAL
2003767305000,216.249917,2.15580469249126,-16.8267304801797,11.6184752450325,-0.5723807,0.11942416,0.5329799,240.56285,82.97813,-1.5996791,WAL
2003772376000,216.254988,3.54485174338286,-17.7225569221687,12.5159311389846,0.22479841,0.16493362,0.24862215,240.86697,82.27258,-1.5009706,WAL
2003777319000,216.259931,4.69069332523861,-18.1697143303159,11.7520367672931,0.8436049,0.25320363,-0.12095132,241.18881,81.50045,-1.375686,WAL
2003782521000,216.265133,5.82813306294368,-18.6149142484619,10.9143372565073,1.0760391,0.49877146,-0.40958515,241.67432,80.57886,-0.97104144,WAL
2003787287000,216.269899,6.02686285735921,-18.7099595211548,9.73059864126834,1.0919216,0.8549059,-0.57696223,242.20282,79.59789,-0.55218655,WAL
2003792325000,216.274937,6.23693434377662,-18.8104291149077,8.47930297539044,0.9663888,1.1523973,-0.65393126,242.77933,78.77228,0.022532795,WAL
2003797315000,216.279927,5.40182209089198,-17.5489463787636,7.40795459333835,0.79229224,1.3503176,-0.6649268,243.40825,77.979004,0.5609451,WAL
2003802333000,216.284945,4.4703560769665,-16.1607901923692,6.34535957075649,0.60903263,1.3973542,-0.65118235,244.05942,77.24747,1.0618804,WAL
2003807330000,216.289942,3.15270390453435,-14.1922172939896,5.42559188573856,0.4709771,1.321607,-0.6356053,244.67259,76.73449,1.5384512,WAL
2003812271000,216.294883,1.75077084097908,-12.096855255283,4.55126837251779,0.3631594,1.1908818,-0.63438356,245.26688,76.27361,1.9859369,WAL
2003817305000,216.299917,0.362589245674567,-10.1521361355136,4.0589340780078,0.24740042,1.0247264,-0.63591075,245.77005,75.959015,2.3030512,WAL
2003822269000,216.304881,-1.00192419906991,-8.25512956045604,3.61677467686769,0.11178834,0.86834496,-0.59712076,246.2292,75.68474,2.6041903,WAL
2003827316000,216.309928,-2.13409941695179,-7.16654167282271,3.17859699008554,-0.052839845,0.799928,-0.47494772,246.64621,75.54938,2.7275693,WAL
2003832242000,216.314854,-3.2116856659409,-6.19442133281493,2.75214797978227,-0.21044308,0.70738196,-0.38637227,247.00969,75.44977,2.858142,WAL
2003837301000,216.319913,-4.07315404008256,-6.05735173333989,2.39394195059957,-0.27580565,0.7067711,-0.16584991,247.30917,75.41882,2.7596312,WAL
2003842314000,216.324926,-4.88005970544525,-6.08566429408296,2.05419210859053,-0.45906523,0.75625116,0.074830994,247.58823,75.46901,2.6338613,WAL
2003847310000,216.329922,-5.25736111907827,-6.66651544351152,2.16686173736356,-0.6432411,0.8023715,0.3145956,247.78674,75.598206,2.317657,WAL
2003852261000,216.334873,-5.53603724638492,-7.36541798442019,2.37918647397145,-0.81031275,0.7538077,0.52503866,247.95743,75.776115,1.9464916,WAL
2003857325000,216.339937,-5.61044031718683,-8.6918778554938,2.91790231066695,-0.9450085,0.57360244,0.72173727,248.04697,76.06411,1.4101377,WAL
2003862246000,216.344858,-5.5802176138307,-10.2785763563489,3.59791597643224,-1.0048733,0.21227567,0.87598073,248.06113,76.36148,0.8450702,WAL
2003867305000,216.349917,-5.64255111376623,-12.123897044955,4.08495474953047,-0.93767816,-0.25625798,0.97433007,247.98239,76.63848,0.22202949,WAL
2003872305000,216.354917,-5.72865630857143,-14.0038595824176,4.51069680747253,-0.7715228,-0.8011498,1.026559,247.77591,76.87142,-0.3968542,WAL
2003877315000,216.359927,-6.03921319566838,-15.4218874890702,4.01832265038783,-0.5174029,-1.278541,1.0351112,247.4805,76.99179,-0.9864031,WAL
2003882271000,216.364883,-6.40258195348041,-16.7080221593634,3.30114761370001,-0.20677789,-1.5204436,0.9975429,247.10214,77.01815,-1.5469917,WAL
2003887291000,216.369903,-6.1922546881686,-17.4637696656977,2.42425727363372,0.16768251,-1.2843442,0.94042706,246.73718,76.93893,-2.088639,WAL
2003892398000,216.37501,-5.83681327808139,-18.098824125969,1.49537003428295,0.5662721,-0.7690793,0.86406887,246.39322,76.750145,-2.5999548,WAL
2003897336000,216.379948,-4.75748301951405,-18.21283815798,1.69288918505955,1.0268645,-0.5522222,0.73853606,246.02548,76.5742,-3.0998511,WAL
2003902351000,216.384963,-3.43037205129109,-18.1716520822296,2.23746232479276,1.5039502,-0.6786713,0.5439755,245.72443,76.27892,-3.5481756,WAL
2003907393000,216.390005,-1.8233642715343,-16.2956490756757,1.54006998076299,1.7006488,-1.0943651,0.19639318,245.42477,76.103516,-3.8448231,WAL
2003912329000,216.394941,-0.113348766403326,-13.5389864594595,0.232989170758836,1.3878858,-1.4453071,-0.19547687,245.13318,75.954056,-4.0539823,WAL
2003917308000,216.39992,0.874696791891253,-10.5495647782703,-1.42538578755615,0.7449502,-1.3875804,-0.4914411,244.93286,75.84865,-4.0121484,WAL
2003922314000,216.404926,1.59249695420804,-7.46585743685973,-3.21988614896868,-0.031154128,-1.1621711,-0.6966918,244.70581,75.89242,-3.8761392,WAL
2003927317000,216.409929,1.54666594605583,-5.23151073525485,-3.75017985242719,-0.75747293,-1.0818423,-0.77946407,244.51466,76.23369,-3.5312574,WAL
2003932307000,216.414919,1.16969541703074,-3.37082295238673,-3.7308480433657,-1.3811663,-1.0036516,-0.77732605,244.38785,76.76122,-3.1793652,WAL
2003937298000,216.41991,0.610002493691012,-2.19665643465831,-3.15154860769532,-1.6380352,-1.0797043,-0.7101309,244.09363,77.47354,-2.7848392,WAL
2003942345000,216.424957,-0.0288372988603877,-1.28335212502448,-2.34235164386137,-2.0693061,-1.3261884,-0.6582073,243.76767,78.40788,-2.3886707,WAL
2003947312000,216.429924,-0.548233661456967,-0.777295587940767,-2.05879938256808,-2.4016168,-1.6279559,-0.6075055,243.37808,79.31029,-2.066112,WAL
2003952334000,216.434946,-1.02143759573246,-0.452266647082091,-2.01578077684357,-2.6557367,-1.9404135,-0.5305365,242.90584,80.31087,-1.7604252,WAL
2003957329000,216.439941,-1.47164038654144,-0.493157325484121,-2.17467690939194,-2.7913487,-2.20278,-0.41905355,242.38773,81.226,-1.5573382,WAL
2003962324000,216.444936,-1.9116514745062,-0.715478701006971,-2.43405181203524,-2.797152,-2.4517076,-0.27366763,241.77466,82.1732,-1.3848276,WAL
2003967338000,216.44995,-2.34902205547359,-1.15376925076424,-2.77073206869283,-2.7382035,-2.7000244,-0.105068825,241.0749,83.11776,-1.3230293,WAL
2003972297000,216.454909,-2.7787659616406,-1.72831831766303,-3.15376484824432,-2.6316075,-2.8890872,0.09040806,240.31079,84.038124,-1.3207374,WAL
2003977316000,216.459928,-3.24066181278966,-2.44266291685729,-3.57077941386375,-2.4736989,-3.0027082,0.30726522,239.49222,84.94908,-1.4616807,WAL
2003982308000,216.46492,-3.72087563071109,-3.25569811606166,-4.00820193686723,-2.3393085,-2.9956832,0.51251596,238.64728,85.775604,-1.6731011,WAL
2003987259000,216.469871,-4.05627598457127,-4.03595398952918,-4.37010593255018,-2.2101104,-2.846632,0.6973027,237.80402,86.47824,-2.038541,WAL
2003992340000,216.474952,-4.28132344293775,-4.81461815599852,-4.68067135365831,-2.1175644,-2.604424,0.88453287,236.9876,86.87689,-2.482218,WAL
2003997310000,216.479922,-4.41687985161222,-5.57851733226554,-4.83346800358272,-2.0131063,-2.3493876,1.0922271,236.21307,86.79596,-3.0865576,WAL
2004002339000,216.484951,-4.42195479621707,-6.35499244161222,-4.75226793603793,-1.8894062,-2.108096,1.3179418,235.50836,93.76362,-3.7611554,WAL
2004007328000,216.48994,-4.34020325831337,-7.13614462252036,-4.62295185742214,-1.7666223,-1.8628336,1.5537357,234.90765,94.68883,-4.5372863,WAL
2004012311000,216.494923,-4.17099519065644,-7.92730653953043,-4.44459751356013,-1.6346754,-1.6157386,1.777007,234.3862,95.79588,-5.3712387,WAL
2004017302000,216.499914,-3.872135546176,-8.76027112624156,-4.30369031822606,-1.4996742,-1.3206906,1.9978348,233.99893,96.98935,-6.2503443,WAL
2004022301000,216.504913,-3.38235931561383,-9.65423165077473,-4.21809813337306,-1.4068227,-0.9642508,2.2351558,233.71176,98.23761,-7.1782045,WAL
2004027278000,216.50989,-2.84095463542176,-10.5738158435208,-4.17343877185208,-1.3393221,-0.7648033,2.362216,233.47678,99.41344,-8.06766,WAL
2004032303000,216.514915,-2.20852526424205,-11.5494234841076,-4.19304922341076,-1.3093897,-0.3885103,2.5583036,233.41226,100.632545,-9.010048,WAL
2004037286000,216.519898,-1.41145464223757,-12.8225104129834,-3.93768817472376,-1.2819008,-0.04520403,2.6511552,233.44937,101.712975,-9.81911,WAL
2004042360000,216.524972,-0.366346863318863,-14.5387889106156,-3.30007649954617,-1.2965615,0.20647246,2.644741,233.57779,102.788994,-10.621399,WAL
2004047243000,216.529855,0.406073593776176,-15.4574998824389,-2.88340529141911,-1.3573426,0.2611449,2.5033257,233.77985,103.70843,-11.259953,WAL
2004052349000,216.534961,0.844246781593455,-15.2574637412097,-2.75957372601539,-1.4401149,0.19914207,2.2855523,234.02133,104.588615,-11.849147,WAL
2004057298000,216.53991,1.23871268905181,-14.8787061867058,-2.58433370948192,-1.50731,0.15241088,2.0308216,234.32388,105.14174,-12.158932,WAL
2004062314000,216.544926,1.58150058840665,-14.1461735673509,-2.30259023593353,-1.4969252,0.172264,1.7742581,234.61737,105.63543,-12.400574,WAL
2004067239000,216.549851,1.88406755877944,-13.3848487601713,-1.98197870695931,-1.4388931,0.22571471,1.527774,234.9082,106.01878,-12.522227,WAL
2004072296000,216.554908,2.11033149122056,-12.4986481489196,-1.54359227940432,-1.3680327,0.26175576,1.2867876,235.18478,106.34014,-12.573239,WAL
2004077261000,216.559873,2.22804442543246,-11.6672863230677,-1.14224754720128,-1.3243558,0.2678644,1.0326678,235.45575,106.5667,-12.529402,WAL
2004082307000,216.564919,2.01060564556044,-10.9473223770623,-0.828169259714029,-1.3353515,0.13194689,0.7706065,235.67918,106.73947,-12.423921,WAL
2004087282000,216.569894,1.79622634911509,-10.237488720428,-0.518510226767323,-1.3695599,-0.17073683,0.5195409,235.84077,106.83455,-12.260779,WAL
2004092353000,216.574965,1.57771028634637,-9.51395777112289,-0.202875863737626,-1.4315627,-0.636827,0.28496864,235.8996,106.891716,-12.049842,WAL
2004097286000,216.579898,1.25213372837895,-8.87250124421053,-0.0690135003849624,-1.4715744,-1.1734722,0.069027774,235.84373,106.91531,-11.801568,WAL
2004102355000,216.584967,0.561069381557895,-8.41016931508772,-0.477812124503258,-1.5161675,-1.6939293,-0.13713925,235.6445,106.918144,-11.52478,WAL
2004107311000,216.589923,-0.0464194195218336,-7.97772594578147,-0.991840071981822,-1.5653422,-2.1142046,-0.3585779,235.29489,106.940956,-11.314395,WAL
2004112318000,216.59493,-0.458565583884608,-7.59874106030429,-1.84929347183363,-1.599856,-2.4037547,-0.50915617,234.82898,106.95178,-11.095728,WAL
2004117330000,216.599942,-0.843066548483151,-7.27602117384486,-2.66039091038925,-1.5818355,-2.547308,-0.5739079,234.28586,107.092896,-10.976172,WAL
2004122294000,216.604906,-1.13150599375525,-7.14289506216746,-3.30827047723327,-1.5201381,-2.56991,-0.56596667,233.69456,107.22606,-10.85426,WAL
2004127292000,216.609904,-1.41949880996109,-7.02512030428016,-3.91988021540856,-1.4419475,-2.5283713,-0.5561928,233.07639,107.51718,-10.810149,WAL
2004132308000,216.61492,-1.68118045595331,-7.09054104513619,-4.07408552249027,-1.4034629,-2.4349089,-0.49571714,232.47298,107.821434,-10.789925,WAL
2004137603000,216.620215,-1.95440611032817,-7.17799825770083,-4.23522200822428,-1.3643675,-2.3402247,-0.37323865,231.86467,108.24404,-10.850919,WAL
2004142339000,216.624951,-2.16899448963157,-7.4382436984095,-4.3630617324844,-1.3973542,-2.1783454,-0.31337386,231.30289,108.67845,-10.90827,WAL
2004147464000,216.630076,-2.39323960446323,-7.73524517715297,-4.47325933537161,-1.4312572,-1.8924606,-0.17501289,230.83821,109.19745,-11.059199,WAL
2004152324000,216.634936,-2.50763025389304,-8.20653474262682,-4.23075111653559,-1.4523321,-1.4770721,-0.050396383,230.45915,109.72775,-11.205527,WAL
2004157625000,216.640237,-2.60264510652597,-8.70095514088679,-3.94713102826067,-1.4770721,-1.0002918,0.03604105,230.20413,110.31703,-11.386846,WAL
2004162310000,216.644922,-2.32022547434046,-8.89615653540683,-3.46120320122188,-1.5018122,-0.57787853,0.13836098,230.05832,110.92722,-11.578097,WAL
2004167301000,216.649913,-2.01935965059706,-9.10410747671943,-2.943537078543,-1.5552629,-0.18692477,0.25625798,230.07571,111.52568,-11.769692,WAL
2004172295000,216.654907,-1.63872943466401,-9.2932565850672,-1.8652121104231,-1.5827519,0.09682214,0.3866777,230.1828,112.129845,-11.96202,WAL
2004177289000,216.659901,-1.24354722952713,-9.47894489009457,-0.684426599113987,-1.6102408,0.1704314,0.44837508,230.33475,112.74091,-12.147908,WAL
2004182308000,216.66492,-0.860519636814002,-9.58515834045288,0.555126173296747,-1.600467,0.02565634,0.47250426,230.53275,113.24101,-12.294423,WAL
2004187257000,216.669869,-0.485591353972115,-9.67420412706418,1.78770276207851,-1.5409076,-0.28344148,0.44257188,230.69688,113.72381,-12.448722,WAL
2004192334000,216.674946,-0.236934667947709,-9.65993458865177,2.32437920927481,-1.396438,-0.66248333,0.4129449,230.81715,113.974045,-12.553856,WAL
2004197242000,216.679854,-0.0277579184588854,-9.62190218043896,2.67617647837564,-1.1948525,-0.9786061,0.35643986,230.85992,114.17979,-12.665622,WAL
2004202380000,216.684992,0.0247614603621652,-9.4936366938244,2.39731198448661,-0.96761054,-1.2006557,0.32436943,230.86008,114.14643,-12.732725,WAL
2004207312000,216.689924,0.042333189686942,-9.35306276748512,2.00194805747768,-0.72418076,-1.2935071,0.29077184,230.80385,114.05169,-12.799885,WAL
2004212352000,216.694964,0.000631990831578944,-9.15677454331984,1.42478457035223,-0.5216789,-1.2959507,0.2828306,230.71089,113.845566,-12.8383255,WAL
2004217303000,216.699915,-0.0665549292789474,-8.9408167340081,0.781709773888664,-0.36071593,-1.2223413,0.2846632,230.61339,113.59195,-12.869112,WAL
2004222336000,216.704948,-0.200890921308448,-8.72589172730845,0.111348718208251,-0.27855456,-1.1673635,0.29779682,230.51839,113.38152,-12.907076,WAL
2004227334000,216.709946,-0.360753974074656,-8.51430841807466,-0.561016530624754,-0.2678644,-1.029308,0.3023783,230.46901,113.15318,-12.92544,WAL
2004232347000,216.714959,-0.555028962685765,-8.31653804744852,-1.09472535493882,-0.28130344,-0.87781334,0.31612277,230.44312,113.02474,-12.96449,WAL
2004237298000,216.71991,-0.762554079916443,-8.12787850074605,-1.55694033325376,-0.35002577,-0.754724,0.35246924,230.45241,112.91332,-12.998582,WAL
2004242367000,216.724979,-0.960029728301887,-7.98561111320755,-1.9354184754717,-0.44684792,-0.677755,0.39370266,230.50305,112.94495,-13.065211,WAL
2004247312000,216.729924,-1.14539055201726,-7.87154310487756,-2.25861174474107,-0.56505036,-0.6053675,0.4437936,230.59074,113.00367,-13.13129,WAL
2004252397000,216.735009,-1.28437311299236,-7.85325184479718,-2.44640412045855,-0.70524395,-0.56688297,0.49571714,230.69391,113.196205,-13.246706,WAL
2004257387000,216.739999,-1.39674995671174,-7.88134604350382,-2.56346333062904,-0.82650065,-0.52534413,0.54702985,230.82014,113.41528,-13.365946,WAL
2004262333000,216.744945,-1.44591948492953,-7.96960957317148,-2.54223490109042,-0.9288206,-0.49205196,0.5882632,230.96158,113.74125,-13.526392,WAL
2004267302000,216.749914,-1.46060535650653,-8.09199193854542,-2.44432903946096,-1.0329732,-0.50762904,0.6249151,231.10059,114.0956,-13.696669,WAL
2004272307000,216.754919,-1.49859781055568,-8.2998228628559,-2.22518636012461,-1.1038336,-0.54275376,0.6554584,231.25514,114.497795,-13.888342,WAL
2004277320000,216.759932,-1.54729153502862,-8.54676949684851,-1.95041461619938,-1.1530081,-0.5946773,0.6743952,231.39668,114.91299,-14.0857115,WAL
2004282242000,216.764854,-1.59510133192784,-8.78923335731363,-1.68063074953271,-1.1908818,-0.677755,0.6921103,231.53593,115.326035,-14.292354,WAL
2004287287000,216.769899,-1.70650833517987,-9.03476894438314,-1.45216815627897,-1.2134838,-0.7440339,0.6945538,231.65915,115.736626,-14.4989,WAL
2004292331000,216.774943,-1.82482226183206,-9.27682040618722,-1.23463085990358,-1.2327261,-0.8176431,0.6881397,231.75233,116.14602,-14.712504,WAL
2004297313000,216.779925,-1.94942075076336,-9.49247205082362,-1.06690206706509,-1.2583824,-0.8741482,0.6765333,231.83096,116.48332,-14.921044,WAL
2004302329000,216.784941,-2.0749853140491,-9.71350423889322,-0.902218422398675,-1.2608259,-0.89644474,0.66553766,231.8913,116.7759,-15.132872,WAL
2004307394000,216.790006,-2.20258428038776,-9.96397598967264,-0.765167610410172,-1.2721269,-0.89675015,0.66675943,231.93962,117.06917,-15.3431015,WAL
2004312421000,216.795033,-2.32937642083292,-10.2067510291128,-0.624180356038686,-1.2684617,-0.87689704,0.6569856,231.96875,117.3161,-15.548756,WAL
2004317308000,216.79992,-2.4540829379552,-10.3868827721307,-0.43943013517517,-1.2434162,-0.8585711,0.66431594,231.99796,117.557785,-15.754044,WAL
2004322458000,216.80507,-2.57583001294984,-10.5728192167753,-0.256587308889204,-1.1786644,-0.84696466,0.6722572,232.03049,117.75867,-15.953304,WAL
2004327289000,216.809901,-2.57145984480967,-10.6995500316426,-0.230367107724568,-1.0916162,-0.8579602,0.6792821,232.06139,117.94479,-16.149355,WAL
2004332287000,216.814899,-2.56693860689525,-10.830661729574,-0.203240515834514,-1.0277808,-0.929126,0.69913524,232.08492,118.09828,-16.362726,WAL
2004337336000,216.819948,-2.41549079968115,-11.0764729142088,-0.414421154559586,-0.8362745,-1.0354166,0.7254025,232.09634,118.201645,-16.578714,WAL
2004342299000,216.824911,-2.2544696373057,-11.3274767875648,-0.641745326528497,-0.57879484,-1.1203269,0.7669413,232.09756,118.27923,-16.803278,WAL
2004347320000,216.829932,-1.88368163706741,-11.3926259859972,-1.02250186153231,-0.27366763,-1.1780536,0.7849618,232.09314,118.29346,-17.02428,WAL
2004352254000,216.834866,-1.50086413480696,-11.4398873694739,-1.41004550214043,0.06963864,-1.1716396,0.7742717,232.08487,118.244675,-17.243292,WAL
2004357321000,216.839933,-0.924208232904885,-11.2086682214752,-1.66862370549733,0.36071593,-1.0922271,0.7440339,232.13437,118.15054,-17.419476,WAL
2004362255000,216.844867,-0.344888140359897,-10.9563834447301,-1.90689243907455,0.5491679,-0.93676186,0.6768387,232.20258,117.999176,-17.56653,WAL
2004367338000,216.84995,0.0716066507326636,-10.9356048746876,-2.14623260047537,0.59498274,-0.73884153,0.5919284,232.35637,117.82975,-17.62885,WAL
2004372259000,216.854871,0.452691302396472,-10.9448434764028,-2.37719298884587,0.49418998,-0.5137377,0.49480084,232.55182,117.64175,-17.647501,WAL
2004377294000,216.859906,0.842604169928939,-10.9542960997795,-2.61350381092379,0.29229903,-0.2724459,0.38973203,232.73456,117.410446,-17.565626,WAL
2004382293000,216.864905,1.22972917981867,-10.9636811373683,-2.84812502235727,0.048258353,-0.035124753,0.28680122,232.96747,117.19822,-17.43753,WAL
2004387287000,216.869899,1.12753518353079,-11.2392170490551,-2.70968032072848,-0.16982053,0.11575896,0.1881465,233.19284,116.97209,-17.210398,WAL
2004392342000,216.874954,0.909490013061784,-11.5805050300597,-2.48215498356017,-0.34269542,0.18295415,0.09987647,233.4475,116.7769,-16.94732,WAL
2004397310000,216.879922,0.575745452977451,-11.6447538941555,-2.10886752443626,-0.46517387,0.13927728,0.031154128,233.7041,116.59625,-16.63231,WAL
2004402279000,216.884891,0.207837418422457,-11.6316145135757,-1.69278098056144,-0.5412266,0.0106901415,-0.028710667,233.94228,116.43503,-16.304459,WAL
2004407332000,216.889944,-0.204930218637884,-11.5075428407987,-1.35403224910955,-0.56382865,-0.15607607,-0.069027774,234.1691,116.267044,-15.9936695,WAL
2004412286000,216.894898,-0.635070954737183,-11.3129546400432,-1.0775132296816,-0.5357288,-0.28802297,-0.079107046,234.36253,116.10577,-15.692615,WAL
2004417310000,216.899922,-0.859032820174237,-11.2938360516836,-0.970551619596711,-0.4596761,-0.3213151,-0.080634214,234.56859,115.94927,-15.456168,WAL
2004422318000,216.90493,-1.00926198650157,-11.3360883555208,-0.923605031468285,-0.3576616,-0.3210097,-0.053450707,234.74686,115.78794,-15.241351,WAL
2004427319000,216.909931,-0.973434326688633,-11.6372638377265,-0.861092220411862,-0.28496864,-0.2950479,-0.039095376,234.97394,115.669136,-15.093547,WAL
2004432305000,216.914917,-0.860352647570017,-12.0453411390033,-0.792259925687809,-0.15210545,-0.25411993,-0.0030543262,235.20676,115.52269,-14.961161,WAL
2004437438000,216.92005,-0.637172208928915,-12.6443056599884,-0.594230656858023,-0.038789943,-0.20830505,0.028405234,235.46957,115.38523,-14.852094,WAL
2004442409000,216.925021,-0.38955704612984,-13.2771002660374,-0.364957344492391,0.06688975,-0.17440203,0.026572637,235.73619,115.219864,-14.743206,WAL
2004447366000,216.929978,-0.0849682461602734,-13.806842585169,0.00382180695214587,0.15485434,-0.11728613,-0.016493361,236.02202,114.986786,-14.6067095,WAL
2004452303000,216.934915,0.242746401253323,-14.2916806420433,0.430299789331561,0.2574797,-0.08155051,-0.09162979,236.3047,114.723816,-14.462772,WAL
2004457318000,216.93993,0.5638425406656,-14.7541423312,0.7136728347104,0.38728857,-0.09560041,-0.18081611,236.57178,114.32355,-14.243722,WAL
2004462310000,216.944922,0.8749094972608,-15.1926955216,0.8870543983072,0.5314528,-0.09437868,-0.27977628,236.84338,113.89179,-14.003241,WAL
2004467309000,216.949921,1.11573643371865,-15.5142637935443,0.819743885798393,0.6994407,-0.08460484,-0.36774087,237.0979,113.298096,-13.682835,WAL
2004472301000,216.954913,1.32648617415752,-15.7858967151744,0.651144068995886,0.8753699,-0.027183503,-0.45631635,237.35709,112.66962,-13.340912,WAL
2004477311000,216.959923,1.31926539294891,-15.8246607066029,0.590604109036948,1.078788,0.059864793,-0.5589417,237.60974,111.92198,-12.926801,WAL
2004482310000,216.964922,1.2000679942934,-15.7436065591575,0.585836215082163,1.2611313,0.10842858,-0.6814202,237.85919,111.14253,-12.494449,WAL
2004487295000,216.969907,0.892866646096448,-15.4279678307204,0.673858273284382,1.4193454,0.112399206,-0.829555,238.10425,110.30381,-12.002166,WAL
2004492312000,216.974924,0.482861874205199,-14.9845905801746,0.812115682008335,1.5632042,0.08399397,-0.9669997,238.34634,109.432304,-11.493126,WAL
2004497311000,216.979923,0.0604431246933334,-14.3961740417778,0.9494687344,1.7287487,0.05497787,-1.067487,238.60452,108.55031,-10.988697,WAL
2004502302000,216.984914,-0.369147373582222,-13.7258243285926,1.08637119893333,1.9355265,0.055588737,-1.131017,238.86017,107.63285,-10.472064,WAL
2004507301000,216.989913,-0.791887902113095,-13.0467579169643,1.19772791303571,2.1954496,0.05589417,-1.1823297,239.1597,106.73822,-10.012342,WAL
2004512327000,216.994939,-1.21209685364087,-12.3591427794643,1.29322999053571,2.4791965,0.059253927,-1.2235631,239.46515,105.803505,-9.55094,WAL
2004517305000,216.999917,-1.62182389985339,-11.8738605935881,1.30606269542567,2.7763824,0.064751714,-1.2611313,239.85265,104.905655,-9.169896,WAL
2004522300000,217.004912,-2.02860188719578,-11.5185145066953,1.26398220050826,3.0686815,0.06994407,-1.2907583,240.2493,103.96094,-8.789873,WAL
2004527318000,217.00993,-2.46489247302893,-11.4206301015315,1.09239426778219,3.1881058,0.07727446,-1.3466524,240.64296,103.043915,-8.451928,WAL
2004532304000,217.014916,-2.92081475465116,-11.5334820697674,0.817035276744186,3.3942728,0.12614368,-1.3988814,241.06339,102.06728,-8.112897,WAL
2004537287000,217.019899,-3.37550404264107,-11.7515164816754,0.382793733856894,3.497509,0.24404067,-1.4590516,241.4975,101.15173,-7.8121343,WAL
2004542342000,217.024954,-3.83548590942408,-12.1129313376963,-0.269629738219895,3.5332446,0.4465425,-1.491733,241.98474,100.24032,-7.5079865,WAL
2004547310000,217.029922,-4.30334480915739,-12.480534827663,-0.974827604578696,3.5280523,0.6930266,-1.5057828,242.50888,99.414635,-7.243491,WAL
2004552301000,217.034913,-4.79981431146794,-12.8706173165872,-1.79045587240064,3.4428365,0.929126,-1.4724907,243.10126,98.648605,-6.9870677,WAL
2004557310000,217.039922,-5.3216513058392,-13.2083475129374,-2.38743710252801,3.3093624,1.108415,-1.4312572,243.6339,97.989395,-6.7536516,WAL
2004562312000,217.044924,-5.86778669455735,-13.4885388546644,-2.74836127964707,3.140458,1.1542299,-1.3707817,244.20622,97.41473,-6.542363,WAL
2004567308000,217.04992,-6.42674253384677,-13.7561173718744,-2.87510626645329,2.9614747,1.0341948,-1.3267993,244.70273,96.98373,-6.3750052,WAL
2004572283000,217.054895,-6.99859216227245,-14.008683960192,-2.73690924554911,2.792265,0.7883216,-1.2843442,245.18185,96.63045,-6.231582,WAL
2004577317000,217.059929,-7.47989477210091,-14.1157705700469,-2.53444193356267,2.6554313,0.4700608,-1.2308935,245.53932,96.39336,-6.148078,WAL
2004582306000,217.064918,-7.84672675406322,-14.0538381219464,-2.26289094711337,2.5763242,0.12644911,-1.187522,245.82379,96.210724,-6.078949,WAL
2004587314000,217.069926,-8.03147970297572,-13.927007545419,-1.83616153707909,2.5525005,-0.22540927,-1.1475104,245.97318,96.1193,-6.070779,WAL
2004592359000,217.074971,-8.00310365207518,-13.7236460448316,-1.2260759488841,2.588847,-0.623388,-1.1294898,246.01749,96.07572,-6.0698805,WAL
2004597243000,217.079855,-7.67784846318896,-13.5790182404569,-1.0514084610376,2.6053402,-0.906524,-1.1933253,245.98195,83.90697,-6.086799,WAL
2004602308000,217.08492,-6.90673092530224,-13.5051386702523,-1.47621572453118,2.5008824,-0.84421575,-1.2993103,245.94092,83.85453,-6.0950923,WAL
2004607286000,217.089898,-6.13772846565892,-13.4813286844882,-2.27128198896216,2.2586741,-0.54733527,-1.378112,245.90689,83.76954,-6.083486,WAL
2004612344000,217.094956,-5.331796177133,-13.5648700956681,-3.91263228913463,1.9352211,0.22296582,-1.4718798,246.0372,83.68836,-6.0422425,WAL
2004617241000,217.099853,-4.56072576063069,-13.4649994809519,-4.80287605785917,1.5109752,0.59864795,-1.5173893,246.11493,83.72793,-5.9005494,WAL
2004622341000,217.104953,-3.77627343862501,-12.9962415042601,-4.31976825646851,1.4040737,0.95081174,-1.5332718,246.41202,83.76749,-5.7521534,WAL
2004627247000,217.109859,-2.87326284457314,-12.4294443139291,-3.64262234238642,1.3787229,0.91965765,-1.4718798,246.65256,84.030075,-5.510066,WAL
2004632341000,217.114953,-1.57267420890664,-11.5575142777833,-2.41997155067399,1.5201381,0.7128797,-1.3878858,246.93948,84.27624,-5.277501,WAL
2004637296000,217.119908,-0.579505277019539,-10.9570876613201,-1.58835718173423,1.681712,0.6936375,-1.3249667,247.28369,84.563354,-4.973705,WAL
2004642406000,217.125018,-0.203685193175853,-10.9285442852143,-1.58359996894138,1.8188512,0.92179567,-1.3182472,247.63718,84.8185,-4.685824,WAL
2004647392000,217.130004,0.135957106593139,-10.8796044092531,-1.51328068484713,1.9663752,1.2605205,-1.3518448,248.0975,85.09615,-4.263105,WAL
2004652306000,217.134918,0.395474508661098,-10.7727443365096,-1.26139614227151,2.081218,1.5268577,-1.3930782,248.6027,85.31588,-3.8533225,WAL
2004657747000,217.140359,0.682823752586976,-10.6544240972346,-0.982498340856378,2.122146,1.6487253,-1.4248432,249.1127,85.5184,-3.3889484,WAL
2004662315000,217.144927,0.789262365016521,-10.4828807957345,-0.705202786440372,2.1044307,1.6814066,-1.455081,249.67422,85.65138,-2.9277434,WAL
2004667241000,217.149853,0.879012220564734,-10.2844861087414,-0.398163874689096,2.0983222,1.6395624,-1.4605788,250.2492,85.70085,-2.4776225,WAL
2004672294000,217.154906,0.79433985066072,-9.93822162268405,-0.635949354894618,2.0717494,1.6239853,-1.4547756,250.81032,85.64945,-1.9877803,WAL
2004677249000,217.159861,0.659437447401235,-9.5567740552887,-1.03135289521419,2.0030272,1.6453656,-1.3808609,251.3703,85.51896,-1.5285847,WAL
2004682341000,217.164953,0.432704874803371,-9.15460284363296,-1.54526441947566,1.954158,1.7672331,-1.2956452,251.95251,85.27712,-1.0584457,WAL
2004687346000,217.169958,0.178384469513109,-8.75566862338743,-2.08881200166459,1.917506,1.9798143,-1.196685,252.56671,84.98399,-0.62880665,WAL
2004692338000,217.17495,-0.0914789850384388,-8.4139431011236,-2.40128847545831,1.8713857,2.1725423,-1.0989466,253.16891,84.727516,-0.23005506,WAL
2004697308000,217.17992,-0.363567527912478,-8.0855601235955,-2.66399456357185,1.8438967,2.3051,-1.0115929,253.81158,84.44413,0.12922215,WAL
2004702349000,217.184961,-0.615717455298809,-7.72611356715988,-2.77481438504035,1.813048,2.3606887,-0.9398162,254.42789,84.232414,0.44822723,WAL
2004707429000,217.190041,-0.863455676859147,-7.35684354486933,-2.84492907412567,1.7803668,2.357329,-0.87964594,255.05984,84.014755,0.7362993,WAL
2004712438000,217.19505,-1.10452891990202,-7.00839283784446,-2.84554900649112,1.743104,2.3270912,-0.8335256,255.66837,83.843956,0.9957022,WAL
2004717357000,217.199969,-1.34011852089712,-6.67183614307001,-2.82150911348234,1.6951511,2.314874,-0.8029824,256.2751,83.67726,1.2363002,WAL
2004722338000,217.20495,-1.55361727568758,-6.41224801086425,-2.81911296985416,1.632232,2.2650883,-0.79443026,256.843,83.521416,1.4448984,WAL
2004727361000,217.209973,-1.76078080028384,-6.17683489238524,-2.82382132563375,1.5995506,2.204002,-0.76083267,257.39813,83.36928,1.634288,WAL
2004732325000,217.214937,-1.93159678278073,-5.92333002869879,-2.76067117205249,1.5149459,2.182927,-0.76144356,257.941,83.2289,1.7987576,WAL
2004737382000,217.219994,-2.09168768510468,-5.65651185815887,-2.66849765907042,1.4523321,2.1606305,-0.768163,258.4616,83.09207,1.9541236,WAL
2004742324000,217.224936,-2.22264229085546,-5.42932969301868,-2.54614434167158,1.3671165,2.1132884,-0.75777835,258.9607,82.98212,2.0843282,WAL
2004747314000,217.229926,-2.34481486017699,-5.21317829970501,-2.40987499781711,1.2846496,2.0546453,-0.7623598,259.4472,82.88589,2.2192016,WAL
2004752304000,217.234916,-2.39083957469136,-5.01223896392747,-2.33439842920525,1.1994339,1.9847012,-0.77671516,259.91714,82.7913,2.3381476,WAL
2004757330000,217.239942,-2.40012448919753,-4.81725580777392,-2.28797371124614,1.0894781,1.9306396,-0.78893244,260.3715,82.72509,2.4569554,WAL
2004762306000,217.244918,-2.43064666702227,-4.68678316956766,-2.13804937800861,0.9932669,1.8955148,-0.79259765,260.81516,82.6469,2.5685928,WAL
2004767308000,217.24992,-2.47547457604342,-4.597127023863,-1.91839230082351,0.9236283,1.863139,-0.8258898,261.24234,82.58616,2.6915445,WAL
2004772291000,217.254903,-2.52957309430911,-4.47276186413272,-1.58563425450651,0.8176431,1.8246545,-0.86254174,261.6488,82.53832,2.826291,WAL
2004777320000,217.259932,-2.59531264275514,-4.30588502813944,-1.11534405625367,0.6914995,1.7886134,-0.91415983,262.04486,82.50666,2.9733047,WAL
2004782304000,217.264916,-2.60789919736762,-4.08494544046394,-0.70528281215532,0.5317582,1.7580702,-0.9459248,262.45435,82.46632,3.102664,WAL
2004787295000,217.269907,-2.57897450245083,-3.81980338531518,-0.33890498925769,0.36651915,1.7394388,-0.9651671,262.85513,82.45331,3.2413318,WAL
2004792320000,217.274932,-2.54752943049129,-3.63272783684159,0.0358076655291917,0.20158553,1.704925,-0.9682214,263.29425,82.402824,3.3477046,WAL
2004797315000,217.279927,-2.5145617911785,-3.50556665430737,0.412581528594073,0.06169739,1.6694947,-0.9691377,263.72592,82.38472,3.4568555,WAL
2004802303000,217.284915,-2.49201479885013,-3.41501302835057,0.787541317851,-0.06566802,1.6242907,-0.94989544,264.1874,82.33684,3.54797,WAL
2004807322000,217.289934,-2.47808129053049,-3.35463449229877,1.16374631406706,-0.17287487,1.5683966,-0.9108001,264.6331,82.32033,3.6325042,WAL
2004812306000,217.294918,-2.48764794377204,-3.32946396338407,1.43564994091331,-0.2968805,1.5427402,-0.86620694,265.10605,82.26051,3.7116525,WAL
2004817307000,217.299919,-2.52321028036013,-3.3427998860219,1.59568054839428,-0.41874814,1.4877623,-0.84971356,265.553,82.22675,3.7878768,WAL
2004822278000,217.30489,-2.54901986288441,-3.34870377423118,1.69990351134677,-0.47403142,1.4391985,-0.8023715,266.0291,82.13699,3.8431807,WAL
2004827318000,217.30993,-2.55413832226935,-3.33846685546129,1.68454813319194,-0.5864306,1.3701707,-0.7623598,266.48236,82.09104,3.8961263,WAL
2004832304000,217.314916,-2.50167726912566,-3.29994071612041,1.60011858094861,-0.6921103,1.3069462,-0.71868294,266.9351,82.027084,3.932856,WAL
2004837295000,217.319907,-2.37388819735617,-3.22421381850678,1.42500025994653,-0.799928,1.237613,-0.66950834,267.36368,81.99575,3.9573698,WAL
2004842350000,217.324962,-2.24142853287616,-3.14285382085518,1.19130227458653,-0.89980453,1.1780536,-0.6200282,267.7727,81.99531,3.9691935,WAL
2004847311000,217.329923,-2.10727215626261,-3.05661036799113,0.884658992244857,-0.9950995,1.1395692,-0.57818395,268.16486,82.02361,3.969763,WAL
2004852285000,217.334897,-1.98171587312736,-3.01925905530499,0.607502157860123,-1.073901,1.1200215,-0.535118,268.5184,82.09442,3.9918664,WAL
2004857310000,217.339922,-1.8669768921518,-3.04794373814822,0.368462548432347,-1.1722504,1.097114,-0.48258355,268.85623,82.19685,4.0002975,WAL
2004862274000,217.344886,-1.76649822866242,-3.08065557734304,0.23162975499545,-1.2730432,1.073901,-0.4364632,269.15033,82.3689,4.0255303,WAL
2004867310000,217.349922,-1.68311810687898,-3.12015151856233,0.236018186798908,-1.3674219,1.0320568,-0.39278635,269.4282,82.564316,4.037864,WAL
2004872247000,217.354859,-1.62162954694397,-3.18436147836375,0.288758417198642,-1.4883732,0.93492925,-0.32834008,269.64386,82.8195,4.0738025,WAL
2004877322000,217.359934,-1.63710140390492,-3.34939467313243,0.53115101524618,-1.5980235,0.8078693,-0.27855456,269.83493,83.08748,4.1036644,WAL
2004882236000,217.364848,-1.66326459568949,-3.51268612069426,0.798988436753767,-1.7253889,0.63041294,-0.24495697,269.9791,83.373276,4.1396437,WAL
2004887294000,217.369906,-1.71407849080679,-3.68822505740988,1.14544667661644,-1.8399261,0.42119157,-0.21655174,270.07336,83.67245,4.167031,WAL
2004892317000,217.374929,-1.76666796110139,-3.89641189722079,1.50069688236747,-1.9624046,0.21319197,-0.15974127,270.14215,83.96069,4.1745367,WAL
2004897311000,217.379923,-1.82574351126094,-4.21148137812661,1.88961094233659,-2.0891593,0.004886922,-0.09743301,270.1474,84.26176,4.17674,WAL
2004902253000,217.384865,-1.9134176972261,-4.53945419175813,2.34947111937737,-2.2131648,-0.16829337,0.021991149,270.14056,84.54065,4.1352043,WAL
2004907316000,217.389928,-2.07791291020754,-4.91682561917781,3.01228985926961,-2.3112087,-0.32559118,0.1423316,270.07513,84.83556,4.079099,WAL
2004912263000,217.394875,-2.09578470590255,-6.10672166925718,4.02819743854296,-2.355191,-0.42088616,0.2773328,270.01373,85.09948,3.984843,WAL
2004917302000,217.399914,-1.74605907811576,-9.433715917536,6.01150987906932,-2.3432791,-0.4978552,0.3549127,269.90912,85.372375,3.875945,WAL
2004922274000,217.404886,-1.24757264144389,-12.4599543543729,8.05214712974422,-2.2742512,-0.44073927,0.49021935,269.87955,85.5938,3.7030306,WAL
2004927321000,217.409933,-0.0611528850371287,-14.3941182048267,10.4947759297649,-2.0289888,-0.31764993,0.61086524,269.8426,85.7968,3.5162737,WAL
2004932304000,217.414916,1.23587245591204,-16.0408787975754,12.4383686382859,-1.5888605,-0.2565634,0.6612616,270.0003,85.61937,3.3923235,WAL
2004937310000,217.419922,2.91186495030542,-16.9149176473076,13.001538228174,-0.81153446,-0.3481932,0.5390886,270.13287,85.29621,3.291809,WAL
2004942345000,217.424957,4.53557905893207,-17.7419853917122,13.2956496320998,0.14477506,-0.52931476,0.16401732,270.4214,84.21929,3.5723789,WAL
2004947311000,217.429923,5.73177077174518,-18.2175204602618,11.8053126427172,0.8576548,-0.50518554,-0.25870144,270.71793,83.06063,3.8764405,WAL
2004952320000,217.434932,6.62206887200371,-18.5438440282004,10.2703848089054,1.2076806,-0.110872045,-0.516792,271.0821,81.569016,4.5780454,WAL
2004957318000,217.43993,6.13365174745826,-18.2019520827458,8.60088589981447,1.3857478,0.4642576,-0.60903263,271.49802,80.05704,5.267155,WAL
2004962547000,217.445159,5.55806519573244,-17.7146076777066,6.88441880598328,1.3997977,1.0396926,-0.6273586,271.9466,78.721535,6.1088614,WAL
2004967308000,217.44992,4.28561853925508,-15.7688041936149,5.67138605870344,1.2968669,1.4624114,-0.63132924,272.50488,77.460495,6.8711777,WAL
2004972277000,217.454889,2.96820764975712,-13.6852984756122,4.50963291463269,1.1389582,1.7085901,-0.6056729,273.07208,76.553764,7.4425507,WAL
2004977324000,217.459936,1.67878391785487,-11.327770221083,3.80718571735019,0.93828905,1.8164078,-0.57543504,273.70654,75.7269,7.9547753,WAL
2004982306000,217.464918,0.4781464526104,-9.0745607811126,3.21022664654942,0.7330383,1.8246545,-0.56230146,274.30606,75.14193,8.267108,WAL
2004987289000,217.469901,-0.388517049912063,-7.16333975205506,3.05970089508698,0.535118,1.7507398,-0.550695,274.90533,74.622955,8.554121,WAL
2004992359000,217.474971,-1.2579446969104,-5.30273016432544,2.91857864840371,0.3286455,1.629483,-0.5235115,275.45502,74.27828,8.670381,WAL
2004997311000,217.479923,-1.99055561266735,-4.27707488226571,2.8941583015448,0.12492194,1.4874569,-0.44257188,275.9726,73.99402,8.769934,WAL
2005002292000,217.484904,-2.7147486631985,-3.36635508265256,2.85649026624468,-0.08368854,1.3112222,-0.30482176,276.444,73.79213,8.753978,WAL
2005007316000,217.489928,-3.36667241356938,-3.19504662034418,2.73752615982593,-0.2932153,1.1917981,-0.12614368,276.88373,73.65724,8.707681,WAL
2005012289000,217.494901,-3.97498838266113,-3.11407645701467,2.64335218578734,-0.5109888,1.1450669,0.08124508,277.28748,73.58799,8.574579,WAL
2005017303000,217.499915,-4.30857608225589,-3.70248827320533,2.72674902602277,-0.6221663,1.0494665,0.18417588,277.63965,73.55066,8.432134,WAL
2005022451000,217.505063,-4.61358892500722,-4.36975628926336,2.85439183771786,-0.8356637,0.956615,0.3820962,277.9425,73.65533,8.16584,WAL
2005027316000,217.509928,-4.46105180401541,-5.7425918304285,3.46902727113144,-1.0476339,0.75136423,0.5338962,278.18347,73.78788,7.9008846,WAL
2005032661000,217.515273,-4.29710587371059,-7.28570289463029,4.13626999640413,-1.2342533,0.344528,0.6264423,278.32007,74.03961,7.531162,WAL
2005037326000,217.519938,-4.23250176246023,-9.38317872852598,4.54542854316013,-1.3662001,-0.27091873,0.689056,278.33163,74.33681,7.1612678,WAL
2005042304000,217.524916,-4.16356301309168,-11.6213855240528,4.98203974267811,-1.3817772,-0.9841039,0.7107417,278.21198,74.638405,6.7664547,WAL
2005047344000,217.529956,-4.36873246049278,-13.494005519966,4.30485191401869,-1.2776246,-1.6639969,0.754724,277.92328,74.941376,6.39383,WAL
2005052269000,217.534881,-4.60026464684225,-15.2794744688002,3.51675218660436,-1.0870347,-2.1203132,0.8023715,277.49625,75.21781,6.0522523,WAL
2005057302000,217.539914,-4.91031948413467,-16.49635917909,2.04077259584167,-0.852157,-2.1923954,0.8536842,276.97327,75.49277,5.68086,WAL
2005062248000,217.54486,-5.23639053242982,-17.5153309390126,0.39513368768635,-0.5476407,-1.8258762,0.79626286,276.45187,75.68128,5.337304,WAL
2005067308000,217.54992,-4.56032063495069,-18.0454424741617,1.01573465185799,-0.12644911,-1.2009611,0.6719518,275.89548,75.991295,4.9308934,WAL
2005072270000,217.554882,-3.79643698134122,-18.5140818428008,1.85460059466272,0.4541783,-0.7654142,0.51159966,275.4005,76.14872,4.554436,WAL
2005077317000,217.559929,-2.07531657970176,-17.6435475365344,1.98339866597077,1.056186,-0.84971356,0.2415972,274.84067,76.4147,4.211502,WAL
2005082242000,217.564854,-0.274774093719057,-16.6213649860821,2.01622103201113,1.319469,-1.2324207,-0.12339478,274.34616,76.56968,3.9496446,WAL
2005087295000,217.569907,0.485477572046332,-13.8418131853282,0.421397988803089,1.2165382,-1.5531249,-0.47067168,273.92322,76.49394,3.872048,WAL
2005092347000,217.574959,1.07857774917375,-10.7969210949807,-1.42328353698842,0.8167268,-1.4611896,-0.74067414,273.53156,76.40439,3.8808494,WAL
2005097310000,217.579922,0.964699807283763,-8.15400384218513,-2.46578790652504,0.2012801,-1.1242975,-0.9074403,273.16568,76.26563,4.2258058,WAL
2005102238000,217.58485,0.692561488942843,-5.60927238401619,-3.32517188078907,-0.4783075,-0.8151997,-0.9083566,272.8221,76.24343,4.585563,WAL
2005107306000,217.589918,0.0991462209035603,-4.19468316962202,-3.03453448772315,-1.0354166,-0.65576386,-0.78801614,272.45276,76.42604,5.1226625,WAL
2005112279000,217.594891,-0.551565646304977,-3.06899936318939,-2.49306629251022,-1.4132367,-0.6914995,-0.7199047,272.10715,76.706665,5.6552005,WAL
2005117303000,217.599915,-1.09162710672868,-2.37980715675836,-2.19917834003562,-1.5635096,-0.84971356,-0.5897904,271.70795,77.10709,6.1081524,WAL
2005122314000,217.604926,-1.60447618114981,-1.7909803939343,-1.96174817534138,-1.7763962,-1.0534371,-0.46517387,271.2691,77.589714,6.5391874,WAL
2005127353000,217.609965,-2.04989136675978,-1.57896933128492,-2.03560649776536,-1.9205604,-1.2217305,-0.34330627,270.83115,78.00831,6.8630686,WAL
2005132290000,217.614902,-2.46968200431963,-1.46105058353951,-2.18182572132881,-2.019215,-1.3713925,-0.21533,270.32297,78.45516,7.1513257,WAL
2005137336000,217.619948,-2.81670941307093,-1.61964430134948,-2.30213925988754,-2.0790799,-1.5476271,-0.092240654,269.7788,78.9546,7.288943,WAL
2005142417000,217.625029,-3.14503646868512,-1.85115698961938,-2.41579090086505,-2.0952678,-1.7886134,0.044898596,269.1587,79.46718,7.3860373,WAL
2005147308000,217.62992,-3.43810398061376,-2.16440397434701,-2.67891124517827,-2.0873265,-2.0647244,0.17562376,268.45096,80.082825,7.3405905,WAL
2005152346000,217.634958,-3.71602455763234,-2.58128463973582,-3.11016724740292,-2.076331,-2.2907448,0.30970868,267.677,80.70686,7.2487035,WAL
2005157367000,217.639979,-3.88684835494289,-3.00417425851713,-3.57471957835762,-2.035403,-2.3890939,0.44898596,266.8178,81.375725,7.0682254,WAL
2005162335000,217.644947,-3.9430644349744,-3.43047987450768,-4.07129524547066,-1.9834795,-2.3738225,0.6068946,265.91763,82.04636,6.8329105,WAL
2005167317000,217.649929,-3.95756607416799,-3.87148950220109,-4.42070820944709,-1.9474384,-2.2867742,0.7779369,264.94327,82.79449,6.4923368,WAL
2005172299000,217.654911,-3.91975972107765,-4.32936679609086,-4.58453595882198,-1.8967366,-2.1798725,0.9437868,263.97626,83.51988,6.0933046,WAL
2005177424000,217.660036,-3.84889134293314,-5.03922444706508,-4.7025384252527,-1.8359555,-2.1038198,1.0955868,262.97992,84.2508,5.6209216,WAL
2005182308000,217.66492,-3.64982144302181,-6.69814013530768,-4.60715058804753,-1.8023579,-2.057394,1.241889,262.011,84.90478,5.090069,WAL
2005188107000,217.670719,-3.41790825833172,-8.63302695814808,-4.50144057287841,-1.7696766,-1.9877555,1.3787229,261.04578,94.60915,4.548748,WAL
2005192326000,217.674938,-3.29684306240093,-9.66793917610671,-4.50534598202204,-1.7479908,-1.8167132,1.5228871,260.13284,94.304886,3.9579446,WAL
2005197249000,217.679861,-3.15557642111927,-10.8755411787164,-4.50990306408274,-1.7183639,-1.5812247,1.6297885,259.1801,94.395935,3.594675,WAL
2005202305000,217.684917,-2.7824592779212,-11.8728327615489,-4.4204445875,-1.6820174,-1.3448198,1.7101172,258.28033,94.62466,3.1981363,WAL
2005207329000,217.689941,-2.36687935152368,-12.8160590193129,-4.31304761607143,-1.65911,-1.2296717,1.7718146,257.41736,94.97607,2.7779717,WAL
2005212387000,217.694999,-1.83001836993737,-13.3651518892037,-3.85637712719952,-1.6398678,-0.97433007,1.8081611,256.73358,95.38904,2.2755601,WAL
2005217281000,217.699893,-1.28020931329158,-13.7938167118501,-3.3252056038473,-1.627345,-0.7855727,1.8551978,256.07178,95.886566,1.7623215,WAL
2005222325000,217.704937,-0.784137379476999,-14.0235472452758,-2.89737438919641,-1.6432275,-0.66645396,1.8753563,255.52505,96.42555,1.2940226,WAL
2005227304000,217.709916,-0.315408541213972,-14.1873750200897,-2.51055935755869,-1.7198911,-0.59131753,1.863139,255.0255,97.01364,0.83479476,WAL
2005232287000,217.714899,0.114145122368614,-14.092104052869,-1.99959576764922,-1.7760907,-0.4859433,1.7837266,254.6564,97.530365,0.4638569,WAL
2005237305000,217.719917,0.527511965618378,-13.8702971882933,-1.42491501573482,-1.8365663,-0.36071593,1.6255124,254.31326,98.076904,0.12861939,WAL
2005242306000,217.724918,0.784551815780323,-13.3030034403764,-0.825534901640417,-1.9092593,-0.33200526,1.4291192,254.02301,98.572235,-0.08882321,WAL
2005247294000,217.729906,0.994622558054817,-12.6337085195336,-0.2197494331847,-1.9630154,-0.4361578,1.2229522,253.72354,99.07079,-0.2589248,WAL
2005252319000,217.734931,1.16368407854015,-12.0087818592701,-0.276594968035037,-1.9813415,-0.6365216,1.0103711,253.44986,99.490005,-0.31806642,WAL
2005257335000,217.739947,1.3226395319708,-11.3963358259854,-0.486977148192701,-1.9419407,-0.8390234,0.8313876,253.13762,99.89775,-0.33789995,WAL
2005262312000,217.744924,1.3313311810421,-10.6240899764498,-0.561304641236385,-1.7669277,-0.98715824,0.6646214,252.81367,100.190834,-0.2882966,WAL
2005267292000,217.749904,1.29389219487783,-9.80043384456874,-0.594063688160141,-1.5033394,-1.1270463,0.52015173,252.42749,100.441376,-0.2093492,WAL
2005272300000,217.754912,0.998492848790354,-9.18526402489304,-0.7105573577324,-1.2455542,-1.3677273,0.40500367,251.95831,100.689705,-0.06595573,WAL
2005277319000,217.759931,0.601214655371451,-8.65244378335278,-0.860120932078958,-1.0928379,-1.6780468,0.27488935,251.4225,100.89256,0.104387544,WAL
2005282307000,217.764919,0.250729797867955,-8.19359722967536,-1.29302244633141,-1.0158689,-1.9963076,0.11881329,250.79573,101.07667,0.30101633,WAL
2005287297000,217.769909,-0.0776301158444533,-7.77006061904003,-1.86884198074686,-0.9801333,-2.2770002,-0.015882496,250.08813,101.234474,0.5074948,WAL
2005292368000,217.77498,-0.406805764382423,-7.43952586674584,-2.58460420079177,-0.9810496,-2.470339,-0.10934488,249.28752,101.42799,0.6466891,WAL
2005297313000,217.779925,-0.725520836843824,-7.16768036466746,-3.34858301334125,-1.0415252,-2.576935,-0.17195857,248.42874,101.63363,0.7987021,WAL
2005302305000,217.784917,-0.988991972974013,-7.1086284425409,-4.0624592827334,-1.1505647,-2.6126707,-0.19303341,247.46707,101.96171,0.92783296,WAL
2005307315000,217.789927,-1.21988614082772,-7.1732791412897,-4.74590583441771,-1.2586879,-2.5912905,-0.15118915,246.49338,102.30921,1.0447712,WAL
2005312318000,217.79493,-1.41412065963415,-7.47660153780488,-5.33270453060976,-1.3060299,-2.4929411,-0.1151481,245.35088,102.79787,1.2354139,WAL
2005317350000,217.799962,-1.5806324545122,-7.97123946707317,-5.84693233247967,-1.35551,-2.2308798,-0.056199603,244.26703,103.31824,1.3999215,WAL
2005322339000,217.804951,-1.57517613439683,-8.31167263061679,-5.77287807241021,-1.3466524,-1.8371773,-0.013439035,243.22437,103.945076,1.5004002,WAL
2005327341000,217.809953,-1.45414257808273,-8.55136643859301,-5.3029830555462,-1.280679,-1.3866642,0.021380283,242.27463,104.56217,1.5904311,WAL
2005332291000,217.814903,-1.33436726745603,-8.78856842769383,-4.8379729928759,-1.2330315,-0.9388999,0.08277224,241.43591,105.23312,1.6249179,WAL
2005337330000,217.819942,-1.21243842094129,-9.03003526063909,-4.36460214322021,-1.217149,-0.537256,0.18692477,240.71439,105.88086,1.6545428,WAL
2005342304000,217.824916,-1.06461771420985,-9.22260127226791,-3.54157479106311,-1.2522738,-0.27214047,0.28496864,240.08461,106.51232,1.66955,WAL
2005347327000,217.829939,-0.893037926642227,-9.37988343099178,-2.42154014960864,-1.3439035,-0.11209377,0.33567044,239.53986,107.14183,1.6832707,WAL
2005352329000,217.834941,-0.689426051332082,-9.45739465389553,-1.2624287666377,-1.4682146,-0.0693332,0.35094208,239.14594,107.61705,1.7092487,WAL
2005357316000,217.839928,-0.458339137711069,-9.46682647091933,-0.0692656796247656,-1.5879441,-0.17623462,0.3387248,238.7549,108.10716,1.7234138,WAL
2005362323000,217.844935,-0.252577123288008,-9.39383002299306,0.820397272225966,-1.6569719,-0.41630468,0.31337386,238.50325,108.43675,1.6848166,WAL
2005367369000,217.849981,-0.0705817290279485,-9.2405706505451,1.41906634453122,-1.6362026,-0.7174612,0.29077184,238.204,108.76857,1.631748,WAL
2005372330000,217.854942,0.030650431575534,-9.04773650087379,1.68895539633981,-1.5039502,-0.95630956,0.2666427,237.97247,108.90589,1.5994878,WAL
2005377327000,217.859939,0.053881162438835,-8.81078312718447,1.63784777834951,-1.2684617,-1.1246029,0.24740042,237.67688,109.00443,1.550731,WAL
2005382333000,217.864945,0.0358008179520336,-8.58495885170381,1.44438952826022,-1.0247264,-1.2415836,0.23396139,237.36774,108.979744,1.538345,WAL
2005387346000,217.869958,-0.0361616080849405,-8.37386882072549,1.0653874417108,-0.82253003,-1.3069462,0.22418754,237.02669,108.89975,1.5201483,WAL
2005392280000,217.874892,-0.134167209958868,-8.19170057849378,0.649908872408187,-0.6365216,-1.3109168,0.2275473,236.67123,108.77922,1.5049114,WAL
2005397334000,217.879946,-0.271630172442856,-8.04001747155029,0.166418469738517,-0.505491,-1.276403,0.24190263,236.3102,108.61833,1.4882605,WAL
2005402273000,217.884885,-0.435965957034228,-7.92154150616705,-0.313140846369624,-0.45570546,-1.2556335,0.27152961,235.92297,108.49928,1.445785,WAL
2005407328000,217.88994,-0.65335784876659,-7.84907764482587,-0.81555765956691,-0.4437936,-1.1936307,0.30207285,235.55916,108.355545,1.4076761,WAL
2005412238000,217.89485,-0.874400125790189,-7.80852456093249,-1.24214487290918,-0.46120325,-1.097114,0.32406402,235.17413,108.29254,1.3379662,WAL
2005417306000,217.899918,-1.11955143520641,-7.81795335463817,-1.57687079077222,-0.5348125,-1.0064005,0.36865717,234.81021,108.242775,1.2603037,WAL
2005422253000,217.904865,-1.3613644515805,-7.85223917902511,-1.86967373877893,-0.66828656,-0.9447031,0.42302418,234.41667,108.300674,1.1409628,WAL
2005427316000,217.909928,-1.61442515731167,-7.94295886558346,-2.09408599123584,-0.82436264,-0.93462384,0.4841107,234.03912,108.38596,1.0122797,WAL
2005432239000,217.914851,-1.82963587144933,-8.04369049903119,-2.281567993354,-0.9837985,-0.9315695,0.5525276,233.64455,108.57094,0.8300012,WAL
2005437301000,217.919913,-1.97053234056384,-8.17989027368727,-2.39428522749467,-1.1374311,-0.91507614,0.6075055,233.26108,108.797646,0.6380569,WAL
2005442322000,217.924934,-2.08717497232807,-8.32672494498217,-2.46688107678044,-1.2596041,-0.89766645,0.67256266,232.85394,109.09841,0.3842847,WAL
2005447349000,217.929961,-2.12641507362201,-8.51311575904228,-2.4080210784921,-1.3509285,-0.88208944,0.7281514,232.45522,109.43232,0.12114713,WAL
2005452293000,217.934905,-2.15359547841543,-8.69767403223977,-2.30142077250638,-1.4059063,-0.8885035,0.7828238,232.0427,109.8018,-0.18411827,WAL
2005457400000,217.940012,-2.14897141510825,-8.89188440143708,-2.05172111249882,-1.4495832,-0.8949176,0.829555,231.63918,110.19176,-0.4984069,WAL
2005462305000,217.944917,-2.14379338239367,-9.07619332888229,-1.80456972472799,-1.45783,-0.9416488,0.87017757,231.23497,110.565254,-0.8393869,WAL
2005467346000,217.949958,-2.13424310567755,-9.25287414619189,-1.5085109470821,-1.4764613,-0.9944886,0.8924741,230.83037,110.95196,-1.1859763,WAL
2005472331000,217.954943,-2.12543043365531,-9.42273760068644,-1.21948837624516,-1.4795157,-1.0497719,0.9059132,230.44853,111.2838,-1.5486742,WAL
2005477351000,217.959963,-2.12071599031135,-9.56181363010542,-0.953122135323364,-1.4627168,-1.0965031,0.91751957,230.0568,111.61425,-1.9170212,WAL
2005482347000,217.964959,-2.11602408613876,-9.70022475420446,-0.688029358501594,-1.4269812,-1.144456,0.9266826,229.67363,111.880135,-2.292239,WAL
2005487328000,217.96994,-2.11134626894827,-9.83822031247855,-0.423732496742339,-1.3744467,-1.1829406,0.93187493,229.28069,112.13657,-2.6684244,WAL
2005492354000,217.974966,-2.1063257030685,-9.98089396848848,-0.158656984089265,-1.271516,-1.2421945,0.9468411,228.87761,112.369705,-3.05844,WAL
2005497345000,217.979957,-2.09644910242794,-10.1784264969522,0.0783815962930055,-1.1490375,-1.3289373,0.96944314,228.45778,112.58341,-3.4536114,WAL
2005502294000,217.984906,-2.04086681418093,-10.4050726381418,0.217761129584352,-0.97158116,-1.3756685,1.0030408,228.06601,112.65264,-3.8516693,WAL
2005507388000,217.99,-1.60669884224939,-10.8917222612225,-0.426334144410758,-0.7602218,-1.4437801,1.0329732,227.6457,112.68363,-4.2596,WAL
2005512341000,217.994953,-1.17029494951474,-11.3473932792498,-1.05930201777315,-0.6414085,-1.4630222,1.0329732,227.2406,112.64999,-4.657773,WAL
2005517350000,217.999962,-0.551447131287089,-11.5901719587179,-1.78287789069167,-0.36774087,-1.3921618,1.035722,226.8423,112.524445,-5.0537953,WAL
2005522418000,218.00503,0.0860155385321101,-11.8111025688073,-2.49322056972477,-0.09193522,-1.2287555,1.0256428,226.50096,112.415764,-5.3161974,WAL
2005527356000,218.009968,0.846429289369636,-11.7224650547499,-2.91774613397455,0.18753563,-0.98654735,0.9941832,226.19669,112.23685,-5.552321,WAL
2005532564000,218.015176,1.63145929176783,-11.6173902686752,-3.3288489492778,0.4361578,-0.68569624,0.93309665,225.9862,112.05041,-5.585359,WAL
2005537330000,218.019942,2.15320984600798,-11.3868493251218,-3.2803139226584,0.5702427,-0.40500367,0.8536842,225.82863,111.82307,-5.584492,WAL
2005542309000,218.024921,2.69827824918919,-11.1460051459459,-3.22960978972973,0.5513059,-0.1695151,0.73426,225.7716,111.599434,-5.3259044,WAL
2005547344000,218.029956,2.89976291769671,-11.2503428067531,-3.07232737154055,0.40561453,-0.029626964,0.57848936,225.74927,111.37758,-5.0320787,WAL
2005552242000,218.034854,2.99403920430108,-11.4530371182796,-2.88848856344086,0.14049901,0.014049901,0.36713,225.74347,111.19439,-4.692287,WAL
2005557406000,218.040018,2.65402149382147,-11.8503332191073,-2.60135629573036,-0.17348573,-0.034208454,0.10781772,225.74179,111.04906,-4.140037,WAL
2005562250000,218.044862,2.2133930463851,-12.2738499819255,-2.30617797160642,-0.45081854,-0.12522738,-0.13958271,225.71992,110.97497,-3.5594053,WAL
2005567308000,218.04992,1.45343759766414,-12.4836006335227,-1.89202094870581,-0.659429,-0.2742785,-0.3286455,225.67232,110.93177,-2.954711,WAL
2005572297000,218.054909,0.508320450782828,-12.5389001079545,-1.41443511786616,-0.79351395,-0.43218717,-0.45142943,225.58148,110.957184,-2.3383117,WAL
2005577354000,218.059966,-0.400801873104575,-12.3075582630719,-1.08221045882353,-0.8524625,-0.5705481,-0.5155703,225.45372,110.9592,-1.8649112,WAL
2005582343000,218.064955,-1.27793849645521,-11.9631326451365,-0.815854826643599,-0.82344633,-0.65118235,-0.52198434,225.29489,110.98469,-1.4021933,WAL
2005587333000,218.069945,-1.7447668986592,-11.8278429618771,-0.681900450335201,-0.7257079,-0.6591236,-0.47983465,225.07497,110.9558,-1.1575636,WAL
2005592342000,218.074954,-1.97516220387232,-11.8134432145787,-0.624301624031919,-0.5720753,-0.57787853,-0.39492437,224.86469,110.90827,-0.92933244,WAL
2005597345000,218.079957,-2.20528153147889,-11.7990607159296,-0.566771792130278,-0.3866777,-0.43585235,-0.28924468,224.60257,110.819336,-0.9032564,WAL
2005602345000,218.084957,-2.43526287028217,-11.784686841605,-0.509276457429458,-0.19028452,-0.3539964,-0.18478674,224.3583,110.68723,-0.89796746,WAL
2005607368000,218.08998,-2.27753334234628,-12.2404363868084,-0.289988792788318,-0.013133603,-0.226631,-0.13683382,224.17177,110.50903,-0.89051324,WAL
2005612356000,218.094968,-1.90266896491507,-12.9569494318069,0.0184439419489421,0.06963864,-0.124005646,-0.060170226,224.01741,110.30803,-0.91219294,WAL
2005617346000,218.099958,-1.4661464103262,-13.6680543065839,0.406143233560136,0.24312437,-0.047036625,-0.058643065,223.8525,110.02868,-1.0029876,WAL
2005622280000,218.104892,-0.998071130502301,-14.3678035273164,0.836394254132479,0.42730024,-0.0009162979,-0.11911872,223.7123,109.72907,-1.0870078,WAL
2005627277000,218.109889,-0.531289949130817,-14.9371003672812,1.07410740547264,0.6160576,-0.04153884,-0.20891592,223.6287,109.296,-1.0811003,WAL
2005632345000,218.114957,-0.062556131700322,-15.4247728819627,1.18773986583748,0.7984009,-0.09987647,-0.31337386,223.55064,108.821976,-1.0504103,WAL
2005637307000,218.119919,0.341298127306495,-15.7438666287521,1.11271036079309,0.9728029,-0.13958271,-0.42180246,223.52881,108.1973,-0.9039088,WAL
2005642331000,218.124943,0.708395265666098,-15.9467356579661,0.895350190914567,1.1472049,-0.12736541,-0.54183745,223.50177,107.53804,-0.7286881,WAL
2005647312000,218.129924,0.919276712112509,-15.9250408119243,0.777135526187977,1.3020593,-0.1020145,-0.6533204,223.5211,106.812195,-0.44158122,WAL
2005652302000,218.134914,1.01866800358522,-15.7404572673071,0.729806357187283,1.4395039,-0.086437434,-0.7831292,223.53732,106.067825,-0.12379042,WAL
2005657342000,218.139954,0.939786421736422,-15.3644027856726,0.80045756489196,1.59558,-0.105374254,-0.91599244,223.56816,105.323,0.280295,WAL
2005662312000,218.144924,0.722047809589254,-14.8455365271559,0.962603355333852,1.7412714,-0.17592919,-1.0375546,223.5883,104.57738,0.7029449,WAL
2005667340000,218.149952,0.422319501865493,-14.2159062661437,1.11360229325552,1.9074267,-0.27152961,-1.1478158,223.59511,103.83001,1.1584857,WAL
2005672349000,218.154961,0.0460104534162441,-13.4862335007175,1.25127633303358,2.132225,-0.3662137,-1.2305881,223.586,103.06798,1.6238027,WAL
2005677345000,218.159957,-0.36142806836894,-12.7853604202958,1.34966979343673,2.403144,-0.4266894,-1.2977833,223.53606,102.27907,2.0672395,WAL
2005682335000,218.164947,-0.813001685583402,-12.122725732539,1.39384549054026,2.719572,-0.46700647,-1.3796391,223.47302,101.46739,2.5250041,WAL
2005687325000,218.169937,-1.28801194370094,-11.6734400011774,1.33844903666601,3.0164526,-0.47861293,-1.45783,223.3725,100.62393,2.9296498,WAL
2005692330000,218.174942,-1.79122177405808,-11.466512322606,1.16914474648744,3.2669072,-0.453262,-1.5332718,223.28455,99.77452,3.3515382,WAL
2005697312000,218.179924,-2.31992579183673,-11.4284194370162,0.857478062209712,3.4300084,-0.37934732,-1.6093245,223.17802,98.92984,3.7255135,WAL
2005702341000,218.184953,-2.89126271107872,-11.6172513847391,0.349085066557756,3.4978144,-0.3115413,-1.6514742,223.09642,98.13801,4.1085353,WAL
2005707343000,218.189955,-3.44679243505878,-11.8747754776252,-0.276156946957424,3.4935384,-0.1020145,-1.6688838,223.03731,97.4219,4.4333076,WAL
2005712336000,218.194948,-3.98528282400474,-12.2195982822286,-1.05082721034278,3.476434,0.17684549,-1.6707164,223.03906,96.82065,4.764913,WAL
2005717252000,218.199864,-4.52645124230219,-12.5580936568674,-1.75559215933951,3.3799174,0.4981606,-1.6392568,223.06506,96.36281,5.0071435,WAL
2005722340000,218.204952,-5.10315450438103,-12.9069059962776,-2.39740734948936,3.2293391,0.7489208,-1.5784758,223.17088,96.041176,5.240986,WAL
2005727243000,218.209855,-5.65130041037337,-13.2339246075041,-2.87309663159831,3.0433307,0.90377516,-1.5222762,223.24522,95.8453,5.390525,WAL
2005732325000,218.214937,-6.20181817857274,-13.551702899393,-3.03422369891484,2.888171,0.9117164,-1.4501941,223.36461,95.73516,5.518058,WAL
2005737299000,218.219911,-6.74089234927824,-13.8405708471625,-3.12231861487603,2.7363708,0.7819075,-1.3713925,223.40764,95.651726,5.553437,WAL
2005742360000,218.224972,-7.29100007261708,-13.9954552931129,-2.77516329338843,2.5992317,0.5119051,-1.2977833,223.42247,95.60404,5.572859,WAL
2005747359000,218.229971,-7.74802909458092,-14.0364042946913,-2.33143999468212,2.5060747,0.1554652,-1.235475,223.35501,95.50372,5.4997663,WAL
2005752313000,218.234925,-8.03175578222468,-13.8574385948109,-1.69414579376208,2.454762,-0.27397305,-1.1927143,223.19672,84.57927,5.4191833,WAL
2005757309000,218.239921,-8.23108031813677,-13.722444579782,-1.10305070921705,2.440712,-0.70005155,-1.2113458,222.97148,84.6978,5.2791667,WAL
2005762313000,218.244925,-7.94611119702676,-13.8411814656095,-0.799083448325074,2.3970351,-0.98746365,-1.3515394,222.67049,84.762634,5.172769,WAL
2005767291000,218.249903,-7.57163805137274,-13.9011255829507,-0.699800268255984,2.2580633,-1.1145236,-1.493871,222.3146,84.796906,5.057603,WAL
2005772305000,218.254917,-6.58641051699072,-13.5727169110405,-1.95713819499756,2.0778582,-0.79351395,-1.5070046,222.01245,84.79797,4.952543,WAL
2005777310000,218.259922,-5.61587969981554,-13.2422179770445,-3.14610379670014,1.7809776,-0.04184427,-1.5460999,221.81178,84.69561,4.937101,WAL
2005782310000,218.264922,-4.78166295458086,-12.8839952367288,-3.64172646527977,1.4263704,0.4978552,-1.5561792,221.64621,84.60683,4.9191236,WAL
2005787299000,218.269911,-3.9449480866,-12.48236416465,-3.94174934207,1.3213016,0.69027776,-1.5036448,221.36969,84.47569,5.067334,WAL
2005792485000,218.275097,-3.0460058094,-11.76718338935,-2.94347654713,1.3878858,0.6743952,-1.389413,221.18776,84.38066,5.193227,WAL
2005797379000,218.279991,-2.21705044077647,-11.1433863920588,-2.094706853,1.5326608,0.6597345,-1.294118,220.9062,84.20293,5.4617105,WAL
2005802307000,218.284919,-1.49062524686275,-10.8009952328431,-1.761569125,1.6759088,0.70952,-1.2617421,220.64781,84.02879,5.7023067,WAL
2005807346000,218.289958,-0.767058765244603,-10.4944035097049,-1.39766559329372,1.7479908,0.9275989,-1.2348641,220.58463,83.73571,5.979706,WAL
2005812317000,218.294929,-0.220184986005149,-10.5698341765201,-0.836648526490394,1.8955148,1.2177598,-1.2852604,220.56458,83.420265,6.259843,WAL
2005817302000,218.299914,0.330874466101193,-10.6359674093599,-0.311115396419765,1.996613,1.4492778,-1.3646729,220.60403,82.988785,6.6337047,WAL
2005822297000,218.304909,0.915910700443831,-10.5840692164908,-0.245062918507742,2.087632,1.5525141,-1.4101825,220.69978,82.54781,7.0007687,WAL
2005827500000,218.310112,1.47360388130314,-10.530815039648,-0.195834999142772,2.123673,1.5360206,-1.4086553,220.90196,81.99961,7.4266796,WAL
2005832317000,218.314929,1.45992048649397,-10.4897648075934,-0.35091411343682,2.083356,1.5824465,-1.396438,221.16068,81.44532,7.8497944,WAL
2005837545000,218.320157,1.43305882338318,-10.4241269829373,-0.542553626993854,2.0030272,1.5720617,-1.4013249,221.3544,80.80334,8.367959,WAL
2005842331000,218.324943,1.26066926347124,-10.104575320888,-1.00506218266398,1.8808541,1.6077974,-1.4062119,221.58974,80.185295,8.86706,WAL
2005847289000,218.329901,1.08208434118888,-9.77353956233373,-1.48419244154665,1.7806722,1.7281377,-1.3405437,221.76556,79.59385,9.357637,WAL
2005852308000,218.33492,0.827609808143228,-9.37001906237366,-1.95039700066416,1.7140878,1.8680259,-1.2534955,221.97679,79.03089,9.825779,WAL
2005857304000,218.339916,0.560495318721725,-8.95553091645009,-2.4109391392338,1.6636915,2.0347922,-1.1566733,222.24547,78.50966,10.254016,WAL
2005862312000,218.344924,0.245012993710803,-8.58749497675219,-2.7319270206822,1.5858061,2.2003367,-1.0531317,222.47964,78.07899,10.619129,WAL
2005867272000,218.349884,-0.0818391925862577,-8.23729620746093,-3.00741686871129,1.5378532,2.3374758,-0.9669997,222.76231,77.67924,10.947575,WAL
2005872345000,218.354957,-0.426834586232412,-7.90326178382367,-3.0558467520122,1.5231925,2.4165828,-0.8961393,223.07034,77.38037,11.172807,WAL
2005877308000,218.35992,-0.768236479909476,-7.58524375100856,-3.01843272504182,1.5158621,2.440712,-0.84757555,223.40234,77.10676,11.373343,WAL
2005882343000,218.364955,-1.0680426809252,-7.28912087245419,-3.02067268648243,1.502423,2.3774874,-0.80848014,223.71925,76.91052,11.502415,WAL
2005887340000,218.369952,-1.34596479320116,-7.00640700393512,-3.03983971145489,1.4792101,2.3435845,-0.79534656,224.0513,76.72487,11.621244,WAL
2005892318000,218.37493,-1.59491995105578,-6.72917952653386,-3.00846987992032,1.452943,2.295937,-0.77274454,224.36307,76.58018,11.687631,WAL
2005897333000,218.379945,-1.83410163477092,-6.4517287474502,-2.95584994247012,1.4425583,2.245846,-0.7620544,224.6639,76.43921,11.752979,WAL
2005902340000,218.384952,-2.01048703088924,-6.18207531419657,-2.93026385351014,1.4068227,2.2165246,-0.75777835,224.96463,76.338066,11.77466,WAL
2005907337000,218.389949,-2.15980154206318,-5.91610886857449,-2.91626562722309,1.3790283,2.1731532,-0.7696902,225.24643,76.23838,11.798408,WAL
2005912315000,218.394927,-2.27812847430372,-5.66896444846514,-2.77957715139256,1.3338243,2.1456642,-0.7809912,225.53726,76.16379,11.788449,WAL
2005917306000,218.399918,-2.38015683199837,-5.43089831433218,-2.57552043600325,1.2690725,2.0958786,-0.7901542,225.80858,76.09639,11.78191,WAL
2005922287000,218.404899,-2.42923470972044,-5.20734497915638,-2.42972651926306,1.1960741,2.0280726,-0.80756384,226.08533,76.045364,11.754714,WAL
2005927353000,218.409965,-2.4531979456584,-4.98688264802924,-2.30990998926208,1.1050552,1.9825631,-0.82558435,226.35365,76.00754,11.729481,WAL
2005932323000,218.414935,-2.4926307755413,-4.73710957307538,-1.9871796234563,0.999681,1.9489655,-0.82924956,226.6299,75.96587,11.695558,WAL
2005937338000,218.41995,-2.54077397121091,-4.46750742597233,-1.55389056080593,0.9098838,1.887879,-0.8381071,226.8843,75.933525,11.66896,WAL
2005942354000,218.424966,-2.59814804513019,-4.18039130002982,-1.05334779333135,0.81214535,1.8377881,-0.8481864,227.15053,75.90211,11.641125,WAL
2005947349000,218.429961,-2.65995196149871,-3.88563462248062,-0.520884238501292,0.6969972,1.78617,-0.8622363,227.39702,75.88796,11.617344,WAL
2005952341000,218.434953,-2.68461283519665,-3.62128135304452,-0.123921091367538,0.5308419,1.7412714,-0.8713993,227.64005,75.825745,11.617678,WAL
2005957332000,218.439944,-2.6893839781094,-3.37317913164304,0.20052024365542,0.35918877,1.7153096,-0.8549059,227.87032,75.788765,11.61392,WAL
2005962289000,218.444901,-2.70287869244698,-3.21996681090346,0.543107060437688,0.18692477,1.6749926,-0.8350528,227.99638,75.64159,11.698294,WAL
2005967312000,218.449924,-2.721511167309,-3.11748846667958,0.901781547330299,0.05589417,1.6303993,-0.7831292,228.11475,75.53176,11.765572,WAL
2005972296000,218.454908,-2.78253036536301,-3.07695191820688,1.2044793166956,-0.070554934,1.5509869,-0.75441855,228.2405,75.39034,11.830392,WAL
2005977348000,218.45996,-2.87639929047279,-3.08189248841009,1.47126469094251,-0.21197024,1.4627168,-0.7147123,228.3506,75.291985,11.876347,WAL
2005982341000,218.464953,-2.96444788085717,-3.0925817172721,1.58829579614966,-0.33353242,1.3857478,-0.6780604,228.5574,75.20852,11.871946,WAL
2005987342000,218.469954,-3.04977757329506,-3.10680325842819,1.61673897746214,-0.46028697,1.3255776,-0.6429357,228.73862,75.16002,11.859529,WAL
2005992311000,218.474923,-3.03230778710966,-3.0999536927705,1.51131029172504,-0.5885687,1.2660183,-0.61575216,228.97417,75.14824,11.796185,WAL
2005997348000,218.47996,-2.94535788434744,-3.07880369122132,1.31391060280898,-0.6960809,1.2403619,-0.5751296,229.19376,75.16582,11.721029,WAL
2006002340000,218.484952,-2.85918478238418,-3.05784264144298,1.11827446084572,-0.799928,1.17897,-0.5589417,229.37836,75.21251,11.630007,WAL
2006007404000,218.490016,-2.77176879914259,-3.0365792688313,0.919816643757977,-0.84879726,1.1420126,-0.52687126,229.55287,75.28088,11.524354,WAL
2006012349000,218.494961,-2.67070956167333,-3.02871591507229,0.696464494543217,-0.93279123,1.1047498,-0.48991394,229.72372,75.39068,11.402009,WAL
2006017347000,218.499959,-2.55292448908028,-3.03362362002461,0.441263673035989,-1.003957,1.094976,-0.43218717,229.88174,75.51805,11.266704,WAL
2006022334000,218.504946,-2.43349352643017,-3.079036218429,0.26717994440308,-1.0928379,1.0876455,-0.39522982,229.9104,75.648834,11.190112,WAL
2006027354000,218.509966,-2.31167650684144,-3.15868587401813,0.159418699768054,-1.1664472,1.070236,-0.35063666,229.92595,75.8041,11.095625,WAL
2006032344000,218.514956,-2.20769674239437,-3.26055202514084,0.162481996957746,-1.2455542,1.0262536,-0.31245756,229.92175,76.01195,10.982348,WAL
2006037416000,218.520028,-2.11973652637827,-3.38760557411469,0.279762230551308,-1.3295482,0.9392053,-0.26389378,229.89218,76.24443,10.855977,WAL
2006042334000,218.524946,-2.06662631510516,-3.53997597556405,0.471368422984704,-1.4071281,0.82558435,-0.22999077,229.84065,76.501724,10.733268,WAL
2006047350000,218.529962,-2.04366396864245,-3.72367493908222,0.742324312652008,-1.4886786,0.68569624,-0.19547687,229.74915,76.78224,10.600449,WAL
2006052239000,218.534851,-2.03757078354945,-3.91453238691697,1.02411226404877,-1.5778649,0.5109888,-0.16768251,229.63829,77.067184,10.464627,WAL
2006057401000,218.540013,-2.05670584900329,-4.13458583944262,1.34940859655119,-1.6633861,0.33933565,-0.14844026,229.48238,77.36737,10.325452,WAL
2006062245000,218.544857,-2.11601013228669,-4.33244292696246,1.69370240102389,-1.7498235,0.1554652,-0.086437434,229.35887,77.70593,10.150193,WAL
2006067333000,218.549945,-2.26330721133106,-4.52250341803998,2.13559334046806,-1.8283197,-0.028405234,0.009162978,229.1791,78.06439,9.964726,WAL
2006072257000,218.554869,-2.39203658000597,-4.84958229981109,2.60811828654802,-1.894904,-0.17073683,0.116980694,229.02882,78.4484,9.745805,WAL
2006077360000,218.559972,-2.48921372235037,-5.56383512557168,3.21547619992046,-1.9511036,-0.24587326,0.24953845,228.83662,78.866264,9.495438,WAL
2006082275000,218.564887,-2.51198996671623,-6.45312638705521,3.82697324168897,-1.9358319,-0.26236662,0.39278635,228.674,79.30247,9.182674,WAL
2006087331000,218.569943,-2.34401385078799,-7.91211965417782,4.52767380285459,-1.8493946,-0.20219639,0.5739079,228.50217,79.774185,8.82193,WAL
2006092411000,218.575023,-2.04847442736645,-9.66559102759847,5.37906530464964,-1.6505579,-0.008552114,0.73426,228.41772,80.23322,8.401201,WAL
2006097344000,218.579956,-1.43855305546824,-12.1008570013098,6.58122932835625,-1.2611313,0.118202426,0.7831292,228.32309,80.66233,7.9659925,WAL
2006102328000,218.58494,-0.691489645040203,-14.4264649807448,7.91485404824376,-0.9859365,0.28099802,0.7632761,228.34523,81.02006,7.5212097,WAL
2006107416000,218.590028,0.994255329111299,-15.8492957585696,10.116117066441,-0.19792034,0.30909783,0.5564982,228.3594,81.18215,7.127681,WAL
2006112326000,218.594938,2.65755559560947,-17.0431316787984,11.7500224170999,0.7510588,0.28252518,0.1432479,228.52634,80.96735,6.925218,WAL
2006117331000,218.599943,4.47127054120932,-17.6800080498748,11.8284784184479,1.4236214,0.4529566,-0.29657507,228.7514,80.5829,6.7916393,WAL
2006122332000,218.604944,6.15716311511076,-18.2671031673259,11.7406043912184,1.6972891,0.8546005,-0.56413406,229.31268,79.55958,7.046756,WAL
2006127351000,218.609963,7.17913564744858,-18.5950857839201,10.7709184031843,1.7088956,1.2718215,-0.6612616,229.91406,78.44929,7.3361316,WAL
2006132303000,218.614915,7.81480110590245,-18.4348021807743,9.66095465980262,1.5216653,1.5656476,-0.68630713,230.6728,77.15649,7.9313726,WAL
2006137348000,218.61996,5.97169782235718,-15.0374389548301,7.50608234484722,1.2208142,1.7116444,-0.7104363,231.48776,75.964836,8.478705,WAL
2006142516000,218.625128,4.1135423255618,-11.6396533174157,5.40316535674157,0.9077458,1.7082846,-0.7147123,232.3117,74.945244,9.073947,WAL
2006147349000,218.629961,2.78554999901685,-9.59194515702247,4.86918266320225,0.6218608,1.6362026,-0.70371675,233.13074,74.05133,9.61337,WAL
2006152524000,218.635136,1.38183242305755,-7.45139756556869,4.3197560479752,0.3735441,1.5060883,-0.7125743,233.78165,73.49128,9.955144,WAL
2006157442000,218.640054,0.273036399806239,-6.05969880953304,4.07335691052122,0.14752395,1.3234396,-0.6957755,234.38965,73.00869,10.282695,WAL
2006162677000,218.645289,-0.900687818726103,-4.61668427007367,3.81091364728154,-0.0729984,1.1172725,-0.63163465,234.8957,72.696236,10.464545,WAL
2006167339000,218.649951,-1.80004139932855,-4.18782596402126,3.57358415288632,-0.2669481,0.8897252,-0.50518554,235.33746,72.443344,10.635787,WAL
2006172311000,218.654923,-2.75919755607573,-3.73045069639094,3.32047341798004,-0.43463063,0.70616025,-0.31123585,235.68073,72.33954,10.632471,WAL
2006177349000,218.659961,-3.48786300701192,-3.93142458501452,2.94881411723931,-0.6017023,0.5983425,-0.09560041,235.97028,72.30353,10.598085,WAL
2006182247000,218.664859,-4.14568211890213,-4.26503289446058,2.56352010804367,-0.7819075,0.58551437,0.12736541,236.21962,72.34127,10.514145,WAL
2006187338000,218.66995,-4.50136508602814,-4.89631923623049,2.57434306758528,-0.956615,0.5549711,0.32498032,236.34256,72.56164,10.245067,WAL
2006192304000,218.674916,-4.7763221893043,-5.57454678635575,2.67516071518597,-1.0919216,0.49968776,0.4868596,236.4383,72.84249,9.92746,WAL
2006197332000,218.679944,-4.90821612256067,-6.85374602782008,3.13712233452127,-1.1682798,0.28527406,0.5458081,236.38373,73.30007,9.4874325,WAL
2006202240000,218.684852,-4.9893462246624,-8.2949987405828,3.70503314889837,-1.1838568,-0.04795292,0.62949663,236.26175,73.799034,9.010022,WAL
2006207383000,218.689995,-5.27420997755503,-10.4484397336871,3.9188395240566,-1.104139,-0.5225952,0.6640105,235.99915,74.3371,8.49301,WAL
2006212250000,218.694862,-5.59941960784198,-12.6653615816627,4.01502820306604,-0.9288206,-1.0106765,0.6951646,235.63037,74.85812,7.97926,WAL
2006217348000,218.69996,-5.98395447422986,-14.4369884957543,3.64289316311216,-0.69974613,-1.3399329,0.75991637,235.17587,75.34587,7.420096,WAL
2006222263000,218.704875,-6.36969782523697,-15.9567246455371,3.12237175750395,-0.41905355,-1.4010195,0.8576548,234.65765,75.76992,6.8634753,WAL
2006227356000,218.709968,-6.26920075349914,-16.9777007380928,2.96529696827107,-0.108123146,-1.2895365,0.92057395,234.03336,76.23231,6.224988,WAL
2006232285000,218.714897,-5.97925534367133,-17.7524734276508,2.96054381609103,0.33169982,-1.0735956,0.9071349,233.43002,76.56019,5.598244,WAL
2006237345000,218.719957,-5.00109474310079,-18.1812519037387,2.45035674822702,0.90041536,-0.82527894,0.8594874,232.78714,76.90705,4.902589,WAL
2006242351000,218.724963,-3.78615807894585,-18.4722814876662,1.76204655687994,1.3845261,-0.698219,0.7089091,232.19574,77.099304,4.267529,WAL
2006247370000,218.729982,-2.37402867151038,-16.4906836201043,0.483080784026997,1.5491543,-0.7287622,0.31887165,231.67844,77.169914,3.7783222,WAL
2006252321000,218.734933,-0.885498649033643,-13.416651817875,-1.06848130596175,1.3472633,-0.7443393,-0.09254608,231.22794,77.16789,3.3605947,WAL
2006257429000,218.740041,-0.221496666847912,-10.5914315267533,-1.92929258467297,0.8042041,-0.50732356,-0.33841935,230.88518,77.24508,3.1968906,WAL
2006262338000,218.74495,0.0748787053526399,-8.01203959396178,-2.46647301387904,0.09773844,-0.32803464,-0.52503866,230.5526,77.39314,3.143888,WAL
2006267344000,218.749956,0.197865560701324,-6.12501763758705,-2.30554836497303,-0.59559363,-0.42485678,-0.61269784,230.24544,77.71594,3.3215373,WAL
2006272349000,218.754961,0.235477657047572,-4.59232448442374,-1.80718802088279,-1.106277,-0.72082096,-0.5879578,229.93478,78.163605,3.5088475,WAL
2006277336000,218.759948,0.0358726099874974,-3.60243981329444,-1.33858968937279,-1.4419475,-1.0735956,-0.49846604,229.58958,78.67598,3.7003322,WAL
2006282370000,218.764982,-0.300660648576787,-2.90928171998333,-0.881507209731194,-1.6975945,-1.4220943,-0.36682457,229.15573,79.29793,3.87794,WAL
2006287338000,218.76995,-0.67218609506168,-2.64571887405522,-1.09335926788721,-1.8829921,-1.758681,-0.26328292,228.69295,79.85768,4.063026,WAL
2006292343000,218.774955,-1.06168574995692,-2.54247803319953,-1.56263593750734,-2.002111,-1.9306396,-0.15790866,228.16963,80.466515,4.2077794,WAL
2006297345000,218.779957,-1.45839538265194,-2.75742198979409,-2.22051974795583,-2.0540345,-2.1520782,-0.10048734,227.57686,81.05912,4.3342123,WAL
2006302346000,218.784958,-1.85858069566299,-3.12425854744852,-2.96848518698896,-2.05434,-2.3054054,0.036957346,226.94475,81.67537,4.393284,WAL
2006307381000,218.789993,-2.32384663876531,-3.70799584241058,-3.65714073522783,-2.0522017,-2.413834,0.15057829,226.18088,82.3856,4.3490696,WAL
2006312358000,218.79497,-2.81426266148947,-4.38990756090152,-4.30635807496325,-2.0460932,-2.4834726,0.27458394,225.37907,83.10439,4.249134,WAL
2006317344000,218.799956,-3.18957963783703,-5.01382629293375,-4.87304896872807,-2.0280726,-2.5167649,0.39614612,224.45377,83.98247,4.0091114,WAL
2006322347000,218.804959,-3.49692826438809,-5.60451205446527,-5.39169965380375,-1.9932534,-2.4459045,0.52931476,223.5396,84.860306,3.7105575,WAL
2006327316000,218.809928,-3.61649381090799,-5.99778941089789,-5.57422170972629,-1.9117028,-2.277611,0.65270954,222.55319,85.887955,3.247393,WAL
2006332310000,218.814922,-3.62615476216544,-6.27795714868195,-5.55973048459752,-1.8497,-2.055867,0.7703011,221.61427,86.88178,2.7294433,WAL
2006337329000,218.819941,-3.54934767781353,-6.51100098938053,-5.34697347631179,-1.7788396,-1.8054122,0.90010995,220.68344,87.86792,2.086298,WAL
2006342314000,218.824926,-3.4255905856083,-6.71584037433628,-5.02691192339322,-1.7232509,-1.5454891,1.0604621,219.84174,91.512794,1.3916391,WAL
2006347250000,218.829862,-3.28905357934079,-7.01154342750638,-4.67736734907789,-1.6792686,-1.3106114,1.2131784,219.08836,91.71782,0.6581424,WAL
2006352340000,218.834952,-3.12647136980577,-7.46103526584265,-4.2661301512164,-1.6288722,-1.135904,1.3548992,218.41713,92.543205,-0.11700976,WAL
2006357183000,218.839795,-2.97276387130284,-8.0022508003275,-3.87891445444683,-1.6001616,-1.0045679,1.4746287,217.85037,93.515686,-0.88712496,WAL
2006362241000,218.844853,-2.81412462678334,-8.78553161395968,-3.48231642079623,-1.5583172,-0.93951076,1.5809193,217.3352,94.54969,-1.6865165,WAL
2006367189000,218.849801,-2.53110557579039,-9.48483299922653,-3.27529283739727,-1.5360206,-0.8897252,1.6639969,216.8955,95.521164,-2.4578955,WAL
2006372215000,218.854827,-2.04246904097457,-10.0898121770279,-3.34975179069902,-1.5012014,-0.752586,1.7821994,216.51457,96.502655,-3.2544737,WAL
2006377214000,218.859826,-1.58655188688007,-10.7032984676886,-3.21445072822362,-1.4236214,-0.7012733,1.8362609,216.13988,97.36199,-3.9768252,WAL
2006382231000,218.864843,-1.19181781027953,-11.3435377378018,-2.64160493321311,-1.4062119,-0.7791586,1.824349,215.77382,98.223595,-4.6978784,WAL
2006387210000,218.869822,-0.814502950990688,-11.8918726725545,-2.16224383160219,-1.434617,-0.8399397,1.7989981,215.47821,99.00239,-5.3042397,WAL
2006392269000,218.874881,-0.46102988280503,-12.2686003810118,-1.85993130808294,-1.484708,-0.9443977,1.7852536,215.15337,99.76385,-5.90109,WAL
2006397231000,218.879843,-0.161143638155762,-12.6161510122554,-1.695236738051,-1.5021176,-0.9914343,1.7605137,214.8466,100.334755,-6.364052,WAL
2006402262000,218.884874,0.000760997575607825,-12.9018648734928,-1.92856997334453,-1.5625933,-0.91996306,1.6859881,214.54433,100.902435,-6.7997456,WAL
2006407329000,218.889941,0.16202951948688,-13.1259115158406,-2.13533020295432,-1.5971072,-0.7663304,1.5607607,214.27638,101.33842,-7.1143646,WAL
2006412271000,218.894883,0.313812128099125,-13.1489088655005,-2.25031704730807,-1.59558,-0.59895337,1.3732251,214.02951,101.74696,-7.383555,WAL
2006417270000,218.899882,0.46623491604522,-13.111730895478,-2.32310323748513,-1.5851953,-0.47739118,1.183246,213.83842,102.13746,-7.58473,WAL
2006422261000,218.904873,0.613173935382785,-12.7894134617215,-2.19038401467672,-1.5601498,-0.41722095,0.9841039,213.66908,102.482025,-7.726088,WAL
2006427282000,218.909894,0.759472056886801,-12.4418898913064,-2.04802113121825,-1.5225816,-0.4016439,0.7651087,213.54012,102.78541,-7.7781577,WAL
2006432267000,218.914879,0.896749104428256,-11.9751475856417,-1.86040920128439,-1.5048665,-0.46975538,0.5534439,213.39432,103.05131,-7.781872,WAL
2006437275000,218.919887,1.02761592540597,-11.4918789799895,-1.66088819728654,-1.498147,-0.66553766,0.36560285,213.2165,103.25877,-7.724757,WAL
2006442310000,218.924922,1.06803017448926,-10.8199921219487,-1.31736726470403,-1.5354098,-0.9645562,0.19883664,212.98055,103.442566,-7.63104,WAL
2006447271000,218.929883,0.98136931535247,-10.090187140207,-1.07985085286077,-1.5949692,-1.3100005,0.05375614,212.68192,103.594734,-7.4891768,WAL
2006452332000,218.934944,0.233665872247608,-8.99229381580746,-1.36378886422574,-1.6771306,-1.6633861,-0.076052725,212.29195,103.74356,-7.332581,WAL
2006457318000,218.93993,-0.449210583283215,-8.02321580963686,-1.65306560728919,-1.7461584,-1.9599612,-0.17195857,211.81378,103.87394,-7.171412,WAL
2006462316000,218.944928,-0.752232788485008,-7.8506617603095,-2.01080014899323,-1.7690657,-2.137723,-0.23457226,211.27347,104.00645,-7.0091214,WAL
2006467291000,218.949903,-1.0538605337589,-7.67890177723556,-2.36688845331047,-1.6997325,-2.1792617,-0.27091873,210.63208,104.28263,-7.0137873,WAL
2006472304000,218.954916,-1.29906012393665,-7.58730476431916,-2.56416589679251,-1.5961909,-2.141999,-0.28160888,209.97083,104.55155,-7.024585,WAL
2006477277000,218.959889,-1.53151827569479,-7.51139981300926,-2.73020742668592,-1.5231925,-2.0421226,-0.2687807,209.32526,104.80972,-7.0404077,WAL
2006482309000,218.964921,-1.65853603826594,-7.59076707394748,-2.82512205948312,-1.4480561,-1.915368,-0.22113322,208.69237,105.15313,-7.1337824,WAL
2006487311000,218.969923,-1.76336791882034,-7.70059110270946,-2.90499403301376,-1.3927728,-1.8353447,-0.14935656,208.08372,105.48578,-7.2412906,WAL
2006492331000,218.974943,-1.76756113800019,-7.92917688599007,-2.90720123800019,-1.3435981,-1.6862935,-0.099265605,207.52158,105.85538,-7.39081,WAL
2006497245000,218.979857,-1.76315101756162,-8.16291326923437,-2.90279111756162,-1.3191634,-1.5460999,0.0036651916,206.99352,106.229706,-7.574883,WAL
2006502313000,218.984925,-1.68687292942912,-8.36741901598478,-2.60073458029496,-1.2794572,-1.4199562,0.09040806,206.5118,106.608955,-7.781071,WAL
2006507300000,218.989912,-1.59144476270219,-8.55827544433872,-2.2190218659372,-1.2608259,-1.3213016,0.1704314,206.07274,106.99462,-8.008242,WAL
2006512313000,218.994925,-1.42251604503298,-8.69006682842127,-1.81355755686315,-1.2470814,-1.2932017,0.23640485,205.6617,107.36017,-8.245924,WAL
2006517269000,218.999881,-1.22198343538747,-8.79277870269992,-1.402710161892,-1.2770138,-1.3335189,0.28710666,205.26729,107.734474,-8.499555,WAL
2006522287000,219.004899,-0.945659697128137,-8.83373654326877,-1.12752307666062,-1.3255776,-1.3888022,0.32467487,204.90714,108.04871,-8.740532,WAL
2006527318000,219.00993,-0.642259196383933,-8.85212434185669,-0.902271156725503,-1.3457361,-1.409877,0.34513888,204.55072,108.362755,-8.990111,WAL
2006532306000,219.014918,-0.372038072092433,-8.82311682549183,-0.723759166416155,-1.320996,-1.4495832,0.35705075,204.20369,108.61439,-9.200029,WAL
2006537356000,219.019968,-0.115297497677943,-8.76774160690122,-0.567701203680649,-1.3048081,-1.5418239,0.35796702,203.83978,108.87026,-9.41769,WAL
2006542326000,219.024938,0.0205220141991128,-8.72439893753224,-0.713940924460951,-1.2858714,-1.6142114,0.36041048,203.50685,109.06378,-9.574264,WAL
2006547298000,219.02991,0.113857596444444,-8.68509972222222,-0.969385644444444,-1.2321151,-1.6120734,0.36102137,203.17245,109.2419,-9.731884,WAL
2006552305000,219.034917,0.115942299691655,-8.61130840489497,-1.18791528005396,-1.1636983,-1.5399913,0.35185838,202.8612,109.36682,-9.843717,WAL
2006557326000,219.039938,0.0927754308498747,-8.52790794025824,-1.39641707060127,-1.0797043,-1.4107933,0.34972036,202.57123,109.47473,-9.9528675,WAL
2006562314000,219.044926,0.0163938598219402,-8.43091734609087,-1.47661380474826,-1.0143417,-1.2718215,0.36163223,202.31961,109.593025,-10.049087,WAL
2006567326000,219.049938,-0.0818438738743348,-8.32776718563242,-1.5060851033156,-0.9783007,-1.1655309,0.38362336,202.09938,109.69834,-10.139797,WAL
2006572297000,219.054909,-0.250420032411551,-8.25818695945688,-1.45096037487091,-0.95386606,-1.0607675,0.3998113,201.91685,109.82951,-10.224046,WAL
2006577319000,219.059931,-0.443571521120673,-8.19840220558424,-1.36818121893287,-0.96577793,-0.96791595,0.42852196,201.7658,109.96386,-10.309923,WAL
2006582307000,219.064919,-0.662839710081625,-8.14373666115867,-1.23301533067888,-0.96577793,-0.88270026,0.45540005,201.63228,110.11275,-10.406323,WAL
2006587292000,219.069904,-0.895696453720884,-8.09146263915986,-1.07144123875174,-0.98990715,-0.8509353,0.5012149,201.515,110.27441,-10.511804,WAL
2006592329000,219.074941,-1.10126933601268,-8.00951296686834,-0.936231474070873,-1.0134255,-0.80878556,0.52198434,201.39967,110.4563,-10.631287,WAL
2006597313000,219.079925,-1.28920394797849,-7.91325375319312,-0.817053422788822,-1.0231993,-0.77579886,0.5665775,201.29726,110.647156,-10.766375,WAL
2006602324000,219.084936,-1.43705182226792,-7.88835147101449,-0.779658195742264,-1.0564915,-0.7641924,0.61941737,201.17654,110.86047,-10.944192,WAL
2006607308000,219.08992,-1.55390158513514,-7.9163955,-0.803028167837838,-1.0913107,-0.7556403,0.6786713,201.06886,111.08005,-11.130882,WAL
2006612314000,219.094926,-1.62998933238489,-7.9770389508536,-0.879921766249353,-1.1267409,-0.7461719,0.7339546,200.94669,111.325775,-11.363787,WAL
2006617306000,219.099918,-1.66956093962752,-8.06607474433523,-1.00358300143611,-1.1511755,-0.729984,0.7861836,200.83363,111.58132,-11.607315,WAL
2006622288000,219.1049,-1.66020372858839,-8.21167328380651,-1.16033124339697,-1.1869112,-0.72082096,0.8344419,200.70132,111.86371,-11.86772,WAL
2006627319000,219.109931,-1.61730844415867,-8.39755303214957,-1.34144460571768,-1.2266175,-0.70738196,0.8723156,200.57816,112.15426,-12.133939,WAL
2006632309000,219.114921,-1.5610593194472,-8.63401034386764,-1.4583682342976,-1.2461652,-0.72692966,0.893085,200.4454,112.46009,-12.406063,WAL
2006637300000,219.119912,-1.49476549912819,-8.90865626273033,-1.52939727451952,-1.2718215,-0.7632761,0.9056077,200.31395,112.77543,-12.682446,WAL
2006642322000,219.124934,-1.42814816220597,-9.24559778829808,-1.52391626220597,-1.2800682,-0.81061816,0.9095783,200.18324,113.09268,-12.938863,WAL
2006647314000,219.129926,-1.36199838968176,-9.62832157086381,-1.45776648968176,-1.2986995,-0.88025683,0.9068295,200.03647,113.412636,-13.198437,WAL
2006652305000,219.134917,-1.33872192937814,-10.0455983596137,-1.27854482424362,-1.284955,-0.9431759,0.8790351,199.888,113.69659,-13.42492,WAL
2006657299000,219.139911,-1.35286203163497,-10.4933687565783,-1.00045590044348,-1.2742649,-1.0186177,0.8332202,199.71461,113.976006,-13.65038,WAL
2006662310000,219.144922,-1.40464327656915,-10.8439463215145,-0.734413049588965,-1.2516629,-1.099252,0.79412484,199.5382,114.20245,-13.839297,WAL
2006667305000,219.149917,-1.49321232114423,-11.0963676893168,-0.481991228620626,-1.2247849,-1.1676689,0.7556403,199.34012,114.413765,-14.020169,WAL
2006672284000,219.154896,-1.57692839285116,-11.2691203219594,-0.256568003229014,-1.1670581,-1.221425,0.72051555,199.12611,114.54499,-14.174711,WAL
2006677321000,219.159933,-1.65266375266904,-11.2893168256228,-0.0798521633024911,-1.0534371,-1.2669345,0.6948592,198.8931,114.65092,-14.326157,WAL
2006682306000,219.164918,-1.69719780694416,-11.3048381017259,-0.0565546917667005,-0.89736104,-1.2983941,0.6951646,198.64697,114.701515,-14.484216,WAL
2006687305000,219.169917,-1.70205815447716,-11.314558999797,-0.231527331862741,-0.65576386,-1.3072516,0.72082096,198.39503,114.707726,-14.642888,WAL
2006692307000,219.174919,-1.63294699580228,-11.3350003911338,-0.514703585766968,-0.5021312,-1.2825116,0.7360926,198.13441,114.69283,-14.807401,WAL
2006697312000,219.179924,-1.4778123181836,-11.3679079225186,-0.923695024644959,-0.1881465,-1.185384,0.73456544,197.89272,114.592384,-14.9653425,WAL
2006702301000,219.184913,-1.23632526105426,-11.3145733323035,-1.33649060838,0.16218472,-1.0140363,0.7199047,197.68317,114.47205,-15.111424,WAL
2006707312000,219.189924,-0.874945467561305,-11.1431490445067,-1.75810031907704,0.4202753,-0.766025,0.65576386,197.51816,114.30004,-15.224371,WAL
2006712242000,219.194854,-0.483035158877722,-10.9735684720826,-2.16019285692351,0.5696318,-0.49235737,0.5699373,197.43352,114.0953,-15.27168,WAL
2006717307000,219.199919,-0.00907414986041316,-10.7975260214033,-2.54838956802531,0.5580254,-0.22510384,0.46486846,197.4102,113.86311,-15.273368,WAL
2006722254000,219.204866,0.432076907867118,-10.688196658485,-2.91523091331993,0.40591997,0.007330383,0.35460728,197.50154,113.63824,-15.161955,WAL
2006727320000,219.209932,0.791379388298773,-10.842183334744,-3.23860309425518,0.17379116,0.17348573,0.25717425,197.64108,113.42403,-15.011094,WAL
2006732241000,219.214853,1.01028274397121,-11.0494019069309,-3.41767744667258,-0.07422013,0.24648413,0.15302174,197.87325,113.22922,-14.734412,WAL
2006737305000,219.219917,0.929000276772158,-11.3984384688948,-3.28380047417924,-0.33383787,0.23304509,0.048563786,198.11523,113.07629,-14.4326725,WAL
2006742319000,219.224931,0.765552287551451,-11.6825438119667,-3.00471860391527,-0.5647449,0.106595986,-0.065973446,198.36961,112.93028,-14.051968,WAL
2006747314000,219.229926,0.395771800702741,-11.8122072122277,-2.36120449494027,-0.7715228,-0.1020145,-0.16249016,198.58243,112.83093,-13.667978,WAL
2006752262000,219.234874,0.0241534334288991,-11.835431452695,-1.7312028109633,-0.8900307,-0.33933565,-0.23915374,198.73816,112.73694,-13.281812,WAL
2006757296000,219.239908,-0.367457802465596,-11.5912502204702,-1.10923202114679,-0.90041536,-0.5314528,-0.27305678,198.83893,112.66592,-12.909846,WAL
2006762297000,219.244909,-0.737575864379307,-11.4220100731826,-0.546146622277007,-0.8035932,-0.63224554,-0.28527406,198.85999,112.570335,-12.612357,WAL
2006767307000,219.249919,-1.03095904277395,-11.5524028238377,-0.206194611309327,-0.6560693,-0.64873886,-0.26542094,198.85193,112.471436,-12.334502,WAL
2006772305000,219.254917,-1.25299149189741,-11.7428810269419,0.0884476811455789,-0.47678033,-0.600786,-0.20647246,198.77196,112.33333,-12.15387,WAL
2006777319000,219.259931,-1.03248822974011,-12.3129053449194,0.104868139235467,-0.30085114,-0.5476407,-0.15424347,198.69307,112.16705,-11.982464,WAL
2006782299000,219.264911,-0.813480203106009,-12.8790643204934,0.121177249982902,-0.13744467,-0.47128254,-0.08827003,198.61534,111.96575,-11.875389,WAL
2006787298000,219.26991,-0.593636603679531,-13.4473833403517,0.137548584245237,0.016493361,-0.42821655,-0.064751714,198.54713,111.73058,-11.771211,WAL
2006792392000,219.275004,-0.364697343428398,-14.0243151513956,0.163601847038835,0.07544186,-0.29810223,-0.05009095,198.53258,111.493004,-11.669429,WAL
2006797321000,219.279933,-0.0687170696328884,-14.5494413302488,0.33068748973301,0.23426682,-0.16646078,-0.07360926,198.53215,111.198074,-11.561212,WAL
2006802367000,219.284979,0.232928650930417,-15.063086905459,0.483438291262016,0.39767328,-0.086437434,-0.13347405,198.63089,110.78448,-11.325683,WAL
2006807324000,219.289936,0.513433057831378,-15.2891652753329,0.420638793134315,0.559858,-0.05955936,-0.20250183,198.75128,110.34025,-11.080845,WAL
2006812247000,219.294859,0.792013488570421,-15.5136929765411,0.358270035966135,0.72295904,-0.027488936,-0.27550024,198.92937,109.78847,-10.750098,WAL
2006817305000,219.299917,1.04549623812166,-15.6266979181692,0.200841593718249,0.87872964,0.022296581,-0.35369098,199.11671,109.205605,-10.405836,WAL
2006822265000,219.304877,1.28549517927482,-15.7066976962552,0.0220188748912225,1.0442741,0.07880162,-0.42821655,199.31279,108.58836,-10.0499525,WAL
2006827317000,219.309929,1.34433593828342,-15.588965120754,0.00234403103970912,1.2156218,0.1423316,-0.5366451,199.56247,107.90488,-9.612265,WAL
2006832307000,219.314919,1.34890853726916,-15.415206072816,0.0297796445302842,1.3707817,0.15149458,-0.6536258,199.81,107.194016,-9.1653,WAL
2006837299000,219.319911,1.25585965533808,-14.9800599685647,0.08065591367586,1.5213599,0.10842858,-0.79473567,200.09198,106.444,-8.658896,WAL
2006842317000,219.324929,1.11809412615658,-14.424247518189,0.14241287669227,1.6734654,0.054061573,-0.9257663,200.36961,105.66347,-8.138946,WAL
2006847312000,219.329924,0.869239821021648,-13.7338231350171,0.253863586785036,1.8527542,-0.018325957,-1.0451905,200.61943,104.84544,-7.604645,WAL
2006852263000,219.334875,0.567607667480061,-12.9819936651158,0.388922753487467,2.1022928,-0.092240654,-1.1496484,200.85248,103.97967,-7.0568643,WAL
2006857312000,219.339924,0.186988313011452,-12.2227580539565,0.475061204488806,2.3744333,-0.11911872,-1.2516629,201.05954,103.08727,-6.5259023,WAL
2006862313000,219.344925,-0.247824196942123,-11.4766592096358,0.519530671245229,2.6520715,-0.122478485,-1.3356569,201.25742,102.14199,-5.9862227,WAL
2006867306000,219.349918,-0.714358968153568,-11.0680437906491,0.553266973057113,2.9336803,-0.09590584,-1.4080443,201.41034,101.15842,-5.4879556,WAL
2006872295000,219.354907,-1.20018237388197,-10.863725679464,0.580509406845957,3.1963525,-0.073303826,-1.4679092,201.57101,100.121506,-4.9793,WAL
2006877315000,219.359927,-1.75333939755649,-10.9576439300465,0.505160264508596,3.4208453,-0.021685716,-1.5293012,201.69173,99.06267,-4.52239,WAL
2006882308000,219.36492,-2.36339503157098,-11.3298812843551,0.334551446526111,3.5619552,0.008552114,-1.5894713,201.82611,97.97252,-4.0561147,WAL
2006887299000,219.369911,-2.92390283909544,-11.7592617635109,-0.0368352811805289,3.6047158,0.1255328,-1.6001616,201.95717,96.902534,-3.659434,WAL
2006892340000,219.374952,-3.46514210228057,-12.2218594945381,-0.513310784735531,3.5839465,0.3136793,-1.6007724,202.13205,95.83239,-3.253058,WAL
2006897312000,219.379924,-4.00060335803944,-12.6358797994754,-1.01681069698824,3.4886515,0.53878313,-1.5625933,202.31075,94.85355,-2.9328642,WAL
2006902307000,219.384919,-4.53970701601088,-13.0216172550277,-1.5466194233071,3.3237178,0.72112644,-1.5161675,202.54565,93.93817,-2.619063,WAL
2006907289000,219.389901,-5.1277061768377,-13.3803660302094,-2.00294851478534,3.1102204,0.84788096,-1.462106,202.80424,93.21977,-2.3992164,WAL
2006912315000,219.394927,-5.76779974848168,-13.7180534971204,-2.39607686670157,2.903137,0.87017757,-1.3979651,203.09537,92.61601,-2.1990476,WAL
2006917343000,219.399955,-6.32644966204539,-14.0280785657108,-2.61493652464153,2.7333164,0.829555,-1.3414601,203.37943,92.252,-2.090313,WAL
2006922332000,219.404944,-6.83005180994208,-14.3184439558921,-2.72382354595955,2.601675,0.73548174,-1.2843442,203.65892,92.0255,-2.0001814,WAL
2006927354000,219.409966,-7.26510244351178,-14.4947478302355,-2.58943160056531,2.497828,0.58062744,-1.2382239,203.87645,88.000275,-1.9978057,WAL
2006932332000,219.414944,-7.62852245276231,-14.5600815752463,-2.22601167659101,2.4556782,0.35246924,-1.2009611,204.04698,87.94169,-2.0043273,WAL
2006937270000,219.419882,-7.92793755617488,-14.6921539290501,-1.8105054929433,2.424524,0.03634648,-1.2070698,204.12007,87.78176,-2.0674405,WAL
2006942375000,219.424987,-7.917536627763,-15.1809979988299,-1.09284091121796,2.3979516,-0.3576616,-1.3561208,204.10692,87.625275,-2.0908291,WAL
2006947270000,219.429882,-7.70669120127786,-15.3897634478455,-0.935774987476969,2.3200662,-0.6762278,-1.5482379,204.00575,87.39274,-2.134059,WAL
2006952293000,219.434905,-6.98238669230312,-14.9466034885587,-2.11753490876275,2.1789563,-0.60231316,-1.6007724,203.90936,87.15958,-2.1679943,WAL
2006957363000,219.439975,-6.21767793771817,-14.4624139986221,-3.10500027472901,1.9083431,-0.108123146,-1.6389514,203.85408,86.9252,-2.134373,WAL
2006962337000,219.444949,-5.38189871901525,-13.8935590114826,-3.55133261059159,1.5378532,0.3659083,-1.6459764,203.82034,86.73043,-2.0928738,WAL
2006967321000,219.449933,-4.48857457004811,-13.2796427971981,-3.86972825560807,1.3628404,0.6533204,-1.5952746,203.85884,86.74095,-1.9887961,WAL
2006972328000,219.45494,-3.06813189868343,-12.2517440240527,-2.98346909914761,1.389413,0.78801614,-1.505172,203.98463,86.77872,-1.8974591,WAL
2006977275000,219.459887,-1.66471070930036,-11.236162791628,-2.10783018422652,1.491733,0.86498517,-1.4181237,204.1272,86.896614,-1.7253567,WAL
2006982285000,219.464897,-0.834063516191133,-10.9109852952683,-1.59792981842399,1.5946637,0.89827734,-1.348485,204.29381,86.98711,-1.5778416,WAL
2006987333000,219.469945,-0.230667596717213,-10.8614527356557,-1.23319051864754,1.636508,0.9584476,-1.3332134,204.48865,87.054924,-1.4426987,WAL
2006992327000,219.474939,0.30864093700864,-10.9422654904757,-1.0677048139898,1.7278323,1.0818423,-1.3548992,204.79814,87.02095,-1.1258574,WAL
2006997325000,219.479937,0.806870152021443,-11.1166455908192,-1.04279331905902,1.7681495,1.2779301,-1.3994923,205.14626,86.946236,-0.814443,WAL
2007002315000,219.484927,1.13401242850692,-11.1247480629324,-1.01615917302075,1.8011361,1.502423,-1.4471397,205.55792,86.74947,-0.42485783,WAL
2007007315000,219.489927,1.3732485449558,-11.0465365909877,-0.98855502236741,1.8643607,1.6969837,-1.4456125,206.01826,86.4809,-0.046278797,WAL
2007012312000,219.494924,1.48057547984966,-10.8351622046356,-1.01993892887868,1.9724839,1.8460348,-1.4230106,206.51485,86.0998,0.38640636,WAL
2007017308000,219.49992,1.49056622798079,-10.5254488039257,-1.09486959202339,2.0677788,1.9868392,-1.3869696,207.0646,85.670586,0.80334723,WAL
2007022295000,219.504907,1.36858240128158,-10.122106983841,-1.28379728733284,2.0760255,2.0830505,-1.3203852,207.6294,85.1829,1.2274883,WAL
2007027319000,219.509931,1.17644864734398,-9.66634788131501,-1.53401805523774,2.0289888,2.151162,-1.2250903,208.22383,84.67797,1.6223559,WAL
2007032310000,219.514922,0.937531898474227,-9.18336440329897,-1.93860042542268,1.9336939,2.2241604,-1.1407908,208.82466,84.16901,1.9941876,WAL
2007037299000,219.519911,0.651844888453608,-8.67109799793814,-2.49519749036082,1.8322903,2.3310618,-1.0424415,209.44943,83.685936,2.3252227,WAL
2007042345000,219.524957,0.344840972388784,-8.20513749644308,-2.87470058470227,1.7690657,2.4507914,-0.95172805,210.06381,83.24723,2.6006985,WAL
2007047315000,219.529927,0.0288812956227088,-7.78542958918062,-3.11049135959576,1.7427986,2.5402832,-0.84849185,210.69337,82.8423,2.8377297,WAL
2007052305000,219.534917,-0.257168295896649,-7.43276376310449,-3.19711657224175,1.7369953,2.581211,-0.77091193,211.29628,82.520935,3.011435,WAL
2007057364000,219.539976,-0.520960682194724,-7.13299977085581,-3.15874675038361,1.720502,2.5793786,-0.7290677,211.90724,82.22231,3.1619804,WAL
2007062307000,219.544919,-0.778704458725932,-6.84010919689155,-3.12125672677325,1.707063,2.5332582,-0.6927212,212.49347,81.97347,3.2484472,WAL
2007067309000,219.549921,-1.03952468332822,-6.54372266017918,-3.08331921957135,1.6667458,2.468812,-0.66706485,213.07042,81.74528,3.3252323,WAL
2007072285000,219.554897,-1.22994987456807,-6.22677953924376,-3.03852523333992,1.6151277,2.4016168,-0.64812803,213.62729,81.52761,3.3933988,WAL
2007077317000,219.559929,-1.35364944056669,-5.88422697136934,-2.9861908932866,1.5641204,2.359467,-0.6169739,214.16933,81.329895,3.4511685,WAL
2007082311000,219.564923,-1.46542967745498,-5.56359032424634,-2.85166547391304,1.5409076,2.346639,-0.59650993,214.7038,81.14809,3.4377096,WAL
2007087297000,219.569909,-1.56519571275495,-5.26429192070441,-2.62837938695652,1.5195273,2.3069327,-0.59223384,215.21584,80.98588,3.4215298,WAL
2007092291000,219.574903,-1.67228752003471,-4.97314838041843,-2.41657493637678,1.457219,2.2583687,-0.58368176,215.7274,80.836525,3.3797922,WAL
2007097350000,219.579962,-1.78906603833398,-4.68820878991516,-2.21571600391438,1.3912456,2.1951442,-0.58123827,216.22145,80.69844,3.3395252,WAL
2007102286000,219.584898,-1.9173838353134,-4.46262829473527,-2.01924892118804,1.2956452,2.11451,-0.5757405,216.71022,80.551155,3.283939,WAL
2007107370000,219.589982,-2.07215009771531,-4.31269867530545,-1.81611819862918,1.2052372,2.0555615,-0.57910025,217.18474,80.423836,3.2306907,WAL
2007112264000,219.594876,-2.21530375403757,-4.15310249808203,-1.57739343381528,1.106277,2.0091357,-0.59650993,217.65294,80.29194,3.1645653,WAL
2007117349000,219.599961,-2.35420837885315,-3.96150978105636,-1.25647576783712,1.0235047,1.9462167,-0.61819565,218.09676,80.18312,3.102892,WAL
2007122260000,219.604872,-2.48180152336467,-3.77039977211124,-0.934301386306306,0.8970556,1.9098701,-0.6374379,218.53749,80.08048,3.0243218,WAL
2007127358000,219.60997,-2.601324113396,-3.56004007755582,-0.575733785945946,0.74464476,1.9049833,-0.6765333,218.96692,80.00692,2.9581938,WAL
2007132244000,219.614856,-2.69271188284945,-3.36429120592637,-0.244140258653098,0.5723807,1.8915442,-0.70096785,219.38148,79.909386,2.878175,WAL
2007137384000,219.619996,-2.73200126746483,-3.17275505208022,0.0750866336545944,0.3912592,1.8707749,-0.7141015,219.7875,79.85592,2.8068619,WAL
2007142291000,219.624903,-2.76655541753695,-3.02293081408867,0.373061436256158,0.20463985,1.8542814,-0.7174612,220.1582,79.756874,2.7375398,WAL
2007147349000,219.629961,-2.79518952794089,-2.94657305345813,0.664175597990148,0.05375614,1.8329011,-0.70402217,220.5129,79.70014,2.6703937,WAL
2007152276000,219.634888,-2.81680279135375,-2.91907457396495,0.925247147929906,-0.094989546,1.7907515,-0.6826419,220.83432,79.59588,2.5973532,WAL
2007157408000,219.64002,-2.82153504284614,-3.02318203146543,1.13346206293087,-0.2144137,1.7412714,-0.66339964,221.13762,79.5298,2.5267577,WAL
2007162313000,219.644925,-2.82155330227536,-3.12451364870806,1.31900299969148,-0.32895094,1.6694947,-0.6478226,221.48466,79.49261,2.4391634,WAL
2007167345000,219.649957,-2.80296842630158,-3.23602271048978,1.45374304728114,-0.42149702,1.5800029,-0.627664,221.80217,79.48455,2.3512027,WAL
2007172313000,219.654925,-2.77591395437357,-3.3304264092049,1.56714258484426,-0.50640726,1.4950926,-0.6084218,222.16553,79.49122,2.2237113,WAL
2007177348000,219.65996,-2.68474422882874,-3.31123263246094,1.53835209509404,-0.6102544,1.4080443,-0.5864306,222.49278,79.52941,2.0968716,WAL
2007182294000,219.664906,-2.58912799238787,-3.28534545754699,1.50262640822632,-0.70341134,1.3539828,-0.5766568,222.82614,79.57207,1.9619367,WAL
2007187363000,219.669975,-2.44005108924251,-3.19951345699795,1.40324193191885,-0.7461719,1.2617421,-0.552833,223.11417,79.62981,1.8251951,WAL
2007192691000,219.675303,-2.28488326031247,-3.11113781722289,1.29632007709624,-0.8359691,1.1863003,-0.5164866,223.40277,79.73025,1.6885204,WAL
2007197346000,219.679958,-2.18597223493575,-3.07816740370713,1.14383216203199,-0.96486163,1.1044444,-0.49449542,223.65549,79.851776,1.5559154,WAL
2007202303000,219.684915,-2.08064421070537,-3.04305798592031,0.981451368267542,-1.0091494,1.0253373,-0.4465425,223.88512,79.978966,1.4278827,WAL
2007207366000,219.689978,-2.02033853015066,-3.07803854053367,0.863722260714286,-1.1023064,0.96486163,-0.40683624,224.08904,80.15371,1.3006154,WAL
2007212272000,219.694884,-1.97343150629878,-3.12920992833545,0.761379596428571,-1.1927143,0.8924741,-0.35888332,224.25763,80.338875,1.1632591,WAL
2007217405000,219.700017,-1.97519308231228,-3.24301731344643,0.742859930832548,-1.294118,0.7965683,-0.3222314,224.38765,80.56093,1.0271752,WAL
2007222332000,219.704944,-2.00978249012462,-3.39125768423919,0.782390718735993,-1.3903292,0.66920286,-0.28008172,224.4787,80.80443,0.8822493,WAL
2007227354000,219.709966,-2.06662569964427,-3.54303236826087,0.955593092033597,-1.5015068,0.5109888,-0.24556783,224.52655,81.08887,0.72787863,WAL
2007232345000,219.714957,-2.13274924918972,-3.69417178326087,1.18702533296542,-1.613906,0.33353242,-0.20372356,224.52374,81.39635,0.56714714,WAL
2007237343000,219.719955,-2.26953490836085,-4.25006649089144,1.7634706463391,-1.7076738,0.16768251,-0.15149458,224.4707,81.72335,0.39436108,WAL
2007242395000,219.725007,-2.44336810591377,-5.01587257160614,2.51988024253253,-1.7977765,0.021685716,-0.09254608,224.3656,82.07428,0.21425842,WAL
2007247344000,219.729956,-2.58294432583985,-6.04376125839846,3.20168491463514,-1.8793269,-0.13041973,-0.015882496,224.2334,82.42997,0.018555919,WAL
2007252346000,219.734958,-2.70448901683751,-7.25920816837511,3.85316432029839,-1.9294178,-0.27122417,0.10934488,224.05476,82.7912,-0.20359302,WAL
2007257383000,219.739995,-2.63739129624,-8.8390633384,4.64197008088,-1.9407189,-0.3652974,0.24801129,223.92096,83.07324,-0.4734724,WAL
2007262347000,219.744959,-2.46624999988,-10.5932620108,5.49292313556,-1.8985692,-0.37415496,0.3885103,223.7634,83.33318,-0.7758188,WAL
2007267339000,219.749951,-1.87384650525045,-12.559955943271,6.67655447495474,-1.7638733,-0.2837469,0.5326745,223.62683,83.46024,-1.1177716,WAL
2007272341000,219.754953,-1.04028665055321,-14.6462648867431,8.04975994467914,-1.5018122,-0.057726767,0.64873886,223.51923,83.51155,-1.4888327,WAL
2007277348000,219.75996,0.380969590977064,-16.0621553999192,9.53835934737799,-1.0082331,0.094989546,0.6591236,223.46983,83.33689,-1.7977257,WAL
2007282346000,219.764958,2.11720196975851,-17.1116328846115,11.0859758820855,-0.27366763,0.3036,0.5714644,223.49501,83.02525,-2.1080859,WAL
2007287340000,219.769952,3.65585507090729,-17.8012666993555,11.245244328706,0.14844026,0.32070425,0.24831672,223.63461,82.56009,-2.1305258,WAL
2007292335000,219.774947,5.09781736674269,-18.3135422105107,10.7187386395637,0.89675015,0.37384954,-0.1591304,223.84271,81.85652,-2.1118279,WAL
2007297346000,219.779958,5.88539640531496,-18.4958887628937,9.69174579598425,1.3805555,0.6780604,-0.5103779,224.32036,81.00189,-1.7028513,WAL
2007302332000,219.784944,6.31777781043307,-18.5005886567913,8.40400058322835,1.57084,1.1441506,-0.66553766,224.86115,80.06202,-1.2854981,WAL
2007307345000,219.789957,6.0932218140327,-17.4761079708058,7.31490959688595,1.5366315,1.6114625,-0.70157874,225.5674,79.18342,-0.6649117,WAL
2007312369000,219.794981,5.46113040258856,-15.8139413316466,6.35038451537563,1.3942999,1.9159788,-0.70524395,226.34691,78.296196,-0.084494576,WAL
2007317347000,219.799959,4.58281067022342,-13.8571383460575,5.55501982049895,1.1817188,2.0302107,-0.70341134,227.16695,77.60811,0.47574863,WAL
2007322349000,219.804961,3.50773648827773,-11.6541966059513,4.87829913525699,0.95447695,1.9963076,-0.6973027,228.00592,76.97135,0.98400366,WAL
2007327331000,219.809943,2.55980502891245,-9.74434166508434,4.47622930591968,0.7281514,1.8689423,-0.68569624,228.80296,76.47667,1.3892566,WAL
2007332306000,219.814918,1.7064115747759,-8.05286216448193,4.28105853744578,0.51068336,1.7058412,-0.66950834,229.56587,76.04518,1.7764939,WAL
2007337337000,219.819949,0.832450758819923,-6.35471293148666,4.0916965895654,0.30207285,1.5293012,-0.6203337,230.24107,75.72467,2.0210743,WAL
2007342341000,219.824953,-0.167649730857358,-4.81332100373279,3.99890393371343,0.076052725,1.3313808,-0.5335908,230.85416,75.470314,2.2577019,WAL
2007347302000,219.829914,-1.12528094211125,-3.50835415949718,3.86342777190933,-0.14874569,1.1490375,-0.4089743,231.39163,75.28371,2.3516643,WAL
2007352338000,219.83495,-1.97022775638424,-3.02143571634168,3.56268401294665,-0.37293324,1.0225884,-0.24037547,231.87508,75.163216,2.420278,WAL
2007357304000,219.839916,-2.74141033551269,-2.6840315066521,3.29012507246033,-0.6020077,0.9440922,-0.054061573,232.25157,75.09927,2.354621,WAL
2007362334000,219.844946,-3.25869256234914,-2.94953916996104,3.1161717263613,-0.8246681,0.90377516,0.122478485,232.59012,75.100395,2.2521617,WAL
2007367335000,219.849947,-3.75001655606092,-3.27622484879605,2.97064012780408,-1.0409144,0.79045963,0.29810223,232.81807,75.22244,1.993704,WAL
2007372337000,219.854949,-4.0162002662482,-4.21772601570282,3.09387328693147,-1.2339478,0.55863625,0.4352415,232.98851,75.399254,1.7087942,WAL
2007377300000,219.859912,-4.27804259110079,-5.25305356912362,3.25916393335268,-1.3897184,0.3930918,0.5360342,233.09625,75.67904,1.3059001,WAL
2007382345000,219.864957,-4.53041332364094,-6.92150519550203,3.68912891400658,-1.4440855,-0.042455133,0.5693264,233.05554,75.97402,0.91948706,WAL
2007387322000,219.869934,-4.79686340619013,-8.61825297126013,4.0571272039241,-1.4437801,-0.61575216,0.6200282,232.90126,76.308365,0.47584772,WAL
2007392408000,219.87502,-5.27694057848194,-10.9558246713338,3.76549162564481,-1.3521502,-1.2403619,0.65026605,232.60774,76.613625,0.061738085,WAL
2007397250000,219.879862,-5.73398612866618,-13.1812517597642,3.48784721549374,-1.2030991,-1.7418822,0.72112644,232.16919,76.88544,-0.38432053,WAL
2007402240000,219.884852,-6.23781424415613,-14.9492290749357,2.17332456986914,-0.98715824,-1.9489655,0.79290307,231.63805,77.09045,-0.8143908,WAL
2007407236000,219.889848,-6.62739079225366,-16.5399487423533,0.926410286734084,-0.74006325,-1.78617,0.872621,231.06819,77.22263,-1.254895,WAL
2007412252000,219.894864,-5.97170626376905,-17.1118781897978,1.37150997177942,-0.42088616,-1.4294246,0.8732319,230.46619,77.39642,-1.7662952,WAL
2007417240000,219.899852,-5.31968185625685,-17.6806150486201,1.81412504933247,0.12308934,-0.97402465,0.82344633,229.89577,77.63877,-2.3615558,WAL
2007422250000,219.904862,-4.66478163940919,-18.2518603699313,2.2586923184866,0.85918194,-0.6783658,0.6963864,229.39813,77.69767,-2.918962,WAL
2007427213000,219.909825,-3.95913303934571,-18.5804622316534,2.58016619053935,1.4367551,-0.66950834,0.42149702,228.97092,77.63285,-3.402366,WAL
2007432249000,219.914861,-2.60878364066215,-16.2682841799784,1.580433709274,1.5625933,-0.7657196,0.06841691,228.62053,77.49221,-3.81101,WAL
2007437352000,219.919964,-1.29205126843611,-13.8750364165167,0.542452038832234,1.2360858,-0.6973027,-0.24953845,228.45879,77.3066,-3.9532115,WAL
2007442262000,219.924874,-0.652678268493102,-10.9602479542092,-0.759800232113577,0.5900958,-0.40133846,-0.39187005,228.35234,77.19762,-4.043672,WAL
2007447358000,219.92997,-0.0505996618619094,-8.06519700918307,-1.99331427860236,-0.12858713,-0.19211712,-0.48288897,228.32071,77.313515,-3.9324617,WAL
2007452247000,219.934859,-0.209588323343061,-6.84628406446358,-1.76289594920276,-0.7470882,-0.30451632,-0.45051312,228.28024,77.573555,-3.8200243,WAL
2007457509000,219.940121,-0.380706821341388,-5.53437571610728,-1.51489814815945,-1.1792754,-0.57604593,-0.34422258,228.15485,78.008606,-3.678308,WAL
2007462251000,219.944863,-0.534915091487352,-4.35211243448327,-1.29140792152559,-1.430341,-0.9230174,-0.22082779,227.97156,78.55478,-3.5453491,WAL
2007467527000,219.950139,-0.712867284005668,-3.07811066505432,-1.06679842444969,-1.6368134,-1.2913691,-0.15149458,227.70079,79.19566,-3.4180403,WAL
2007472236000,219.954848,-0.998319479083609,-2.76283512955125,-1.34372962063297,-1.8167132,-1.4514158,-0.11484267,227.38487,79.88102,-3.316852,WAL
2007477224000,219.959836,-1.30068421661786,-2.42888007092112,-1.63706850501653,-1.9529362,-1.7098118,-0.0870483,226.97052,80.473274,-3.273429,WAL
2007482249000,219.964861,-1.63599193527097,-2.24122314084166,-2.29172533797558,-2.0115793,-1.863139,-0.0033597588,226.53418,81.07351,-3.2647798,WAL
2007487218000,219.96983,-1.97216110790191,-2.07794086811989,-2.99287826684832,-2.1273382,-2.0173824,0.1160644,226.02034,81.704445,-3.2752757,WAL
2007492291000,219.974903,-2.26896604670721,-2.34140585473724,-3.50388260206215,-2.2360723,-2.1972823,0.22449298,225.40926,82.33694,-3.361582,WAL
2007497240000,219.979852,-2.55271822917419,-2.65218198515632,-3.97680274940606,-2.3020456,-2.3832908,0.3203988,224.74835,82.942856,-3.4869487,WAL
2007502328000,219.98494,-2.7361289730694,-3.1169993699674,-4.37671478897997,-2.2849414,-2.5103507,0.42485678,223.97812,83.54912,-3.7114303,WAL
2007507290000,219.989902,-2.88663514603633,-3.60835782615743,-4.74412706121099,-2.2131648,-2.5164595,0.51923543,223.18959,84.05791,-3.9751515,WAL
2007512356000,219.994968,-2.91144751371406,-4.05007250476574,-5.04956927140559,-2.1248949,-2.4132233,0.61819565,222.36163,84.43563,-4.3427835,WAL
2007517345000,219.999957,-2.86821325905892,-4.4535924656847,-5.31377875589182,-2.0366247,-2.2275202,0.74281216,221.56032,84.591324,-4.7620635,WAL
2007522354000,220.004966,-2.78675748468271,-4.87819137750149,-5.35976177951064,-1.9272798,-2.003638,0.87017757,220.7871,84.499214,-5.258867,WAL
2007527354000,220.009966,-2.68674107330416,-5.31159584338572,-5.29784696948478,-1.8148806,-1.7767016,1.0247264,220.07872,84.14655,-5.8123813,WAL
2007532327000,220.014939,-2.66220170592066,-5.9677936104989,-5.05059228284913,-1.7183639,-1.5598444,1.1774428,219.43745,96.40499,-6.4004884,WAL
2007537339000,220.019951,-2.67662739876778,-6.74677871456622,-4.70437645788419,-1.6465873,-1.3582588,1.3161092,218.87292,97.12606,-7.033797,WAL
2007542364000,220.024976,-2.65959223333661,-7.67389581297732,-4.38067499588692,-1.6190983,-1.1780536,1.4520267,218.39488,97.94277,-7.683649,WAL
2007547347000,220.029959,-2.62680055187003,-8.66701431654069,-4.07149659937175,-1.577254,-0.97127575,1.5864171,218.00003,98.84216,-8.369094,WAL
2007552336000,220.034948,-2.27174007915621,-10.1838925453756,-3.52609094483491,-1.5415184,-0.72082096,1.738828,217.70506,99.767136,-9.072842,WAL
2007557383000,220.039995,-1.71644334381155,-12.0364373099054,-2.83080349770226,-1.4712689,-0.5500842,1.8536706,217.461,100.71547,-9.793061,WAL
2007562346000,220.044958,-1.22722464120341,-13.1826125600164,-2.32692903841257,-1.4477507,-0.54641896,1.9013181,217.26772,101.615204,-10.486966,WAL
2007567343000,220.049955,-0.780070689881918,-13.796834625937,-1.96330931884177,-1.452943,-0.61269784,1.9107865,217.11209,102.51484,-11.185114,WAL
2007572340000,220.054952,-0.354782412714709,-14.1281643774926,-1.83387814185587,-1.4984524,-0.6600399,1.8875736,217.01381,103.15971,-11.691203,WAL
2007577346000,220.059958,0.0569559972754196,-14.2748762523198,-1.85754125182626,-1.5628988,-0.6606508,1.8585575,216.9104,103.79177,-12.185007,WAL
2007582337000,220.064949,0.386342482512653,-14.1250689604049,-1.88120531080679,-1.5842791,-0.5849035,1.779756,216.83954,104.2624,-12.540759,WAL
2007587354000,220.069966,0.658116832684331,-13.7579352858986,-1.90504519665575,-1.6087136,-0.44593164,1.6557503,216.78348,104.714424,-12.866421,WAL
2007592310000,220.074922,0.90745806260002,-13.2486465319569,-1.88901405647535,-1.6282613,-0.28191432,1.4837917,216.77512,105.0577,-13.061192,WAL
2007597335000,220.079947,1.14515168183345,-12.6163816030821,-1.84147531277289,-1.6142114,-0.115453534,1.2858714,216.80003,105.36092,-13.207898,WAL
2007602329000,220.084941,1.39160553191658,-11.9827410889592,-1.87542596637343,-1.5720617,0.03481932,1.063211,216.87146,105.594246,-13.261393,WAL
2007607366000,220.089978,1.64908027319363,-11.339053613423,-1.98032307212612,-1.5134187,0.160963,0.9007208,216.97522,105.79192,-13.272631,WAL
2007612344000,220.094956,1.61552805857129,-10.7494028149392,-1.62274781975101,-1.4074335,0.24831672,0.768163,217.10957,105.9239,-13.205649,WAL
2007617352000,220.099964,1.31224959549452,-10.1997108603893,-0.831380552326845,-1.2513574,0.15699236,0.56077427,217.21402,105.98658,-13.077818,WAL
2007622339000,220.104951,0.957969063576841,-9.61805316427045,-0.328261933971245,-1.2034045,-0.22907446,0.30207285,217.2623,106.01871,-12.892375,WAL
2007627354000,220.109966,0.547396275088401,-8.99752851641733,-0.118309938197008,-1.3002267,-0.80909103,0.06994407,217.21582,106.01551,-12.674638,WAL
2007632349000,220.114961,0.128654799134008,-8.45006711396211,-0.249839755357322,-1.4395039,-1.421178,-0.10140363,216.9871,105.9586,-12.499376,WAL
2007637345000,220.119957,-0.302949435557783,-7.99448469319435,-0.825312054926331,-1.5415184,-1.894904,-0.24465153,216.62526,105.87328,-12.295002,WAL
2007642282000,220.124894,-0.698173306575534,-7.64059098682898,-1.45380745555777,-1.5781704,-2.1768184,-0.33353242,216.1069,105.84475,-12.187134,WAL
2007647336000,220.129948,-1.06038529689683,-7.4087752726801,-2.17823153705847,-1.5479325,-2.2828035,-0.3915646,215.51137,105.80605,-12.070586,WAL
2007652276000,220.134888,-1.35862199107057,-7.28415789983677,-2.80941318116179,-1.4969252,-2.2907448,-0.40133846,214.85925,105.9079,-12.048399,WAL
2007657360000,220.139972,-1.58768926269803,-7.29818241770523,-3.35169483162746,-1.455081,-2.1853704,-0.37323865,214.21956,106.00822,-12.028221,WAL
2007662241000,220.144853,-1.76799537061111,-7.35270390888246,-3.74224774172067,-1.4068227,-2.0088303,-0.3042109,213.60225,106.24694,-12.076317,WAL
2007667348000,220.14996,-1.87526212453394,-7.49410085937593,-3.88364479403848,-1.3716979,-1.8212948,-0.2049453,213.02727,106.49701,-12.141299,WAL
2007672265000,220.154877,-1.94714505660964,-7.66421556749611,-3.93926231710731,-1.3426818,-1.7324139,-0.09468412,212.47772,106.84957,-12.262688,WAL
2007677347000,220.159959,-1.95660642861586,-7.91021153604199,-3.83045644024106,-1.3417655,-1.5879441,-0.03756821,212.00406,107.21208,-12.387959,WAL
2007682245000,220.164857,-1.90726880073801,-8.14134598892989,-3.67904866494465,-1.3377949,-1.4312572,0.07544186,211.5714,107.62524,-12.570552,WAL
2007687353000,220.169965,-1.69260778795253,-8.36576431584721,-3.39120774522788,-1.3539828,-1.2479976,0.15485434,211.19234,108.0453,-12.751762,WAL
2007692300000,220.174912,-1.44311710550678,-8.54544660335196,-3.01886481731844,-1.382388,-1.0332786,0.226631,210.88625,108.46613,-12.949699,WAL
2007697337000,220.179949,-1.07738314847566,-8.62725564385475,-2.3884550724162,-1.4110987,-0.86406887,0.29749137,210.62659,108.901474,-13.160891,WAL
2007702290000,220.184902,-0.7444291201,-8.7032585625,-1.77700046725,-1.4636332,-0.7806858,0.37018433,210.42169,109.285194,-13.3433895,WAL
2007707351000,220.189963,-0.478786008988462,-8.76850409855769,-1.17580812166346,-1.5109752,-0.77763146,0.40286562,210.24452,109.67418,-13.527967,WAL
2007712298000,220.19491,-0.233418941465552,-8.81222402648347,-0.610051369755078,-1.5583172,-0.8210029,0.40622538,210.10214,109.95742,-13.671363,WAL
2007717353000,220.199965,-0.0454440657785743,-8.76884534219434,-0.128064533151135,-1.5790867,-0.9309586,0.37995818,209.94128,110.240135,-13.819123,WAL
2007722326000,220.204938,0.111408586130653,-8.72192061306533,0.262038747386935,-1.5677856,-1.0665708,0.36346483,209.77655,110.415695,-13.944678,WAL
2007727338000,220.20995,0.144514572107597,-8.65570877938713,0.28095646706375,-1.4929546,-1.1939361,0.35308012,209.58253,110.57522,-14.07031,WAL
2007732327000,220.214939,0.162236281610811,-8.58402889189189,0.264992840864865,-1.3674219,-1.2672399,0.34269542,209.39218,110.65564,-14.177602,WAL
2007737325000,220.219937,0.0963779706118919,-8.48053713562654,0.0580095690240786,-1.201572,-1.282817,0.3481932,209.1863,110.71324,-14.288402,WAL
2007742379000,220.224991,0.0205242158587965,-8.38513360882044,-0.164213879693868,-1.0393872,-1.2302825,0.35338554,208.9874,110.746254,-14.384701,WAL
2007747356000,220.229968,-0.116270291791543,-8.35321472180235,-0.469721599178226,-0.8958339,-1.1129965,0.3726278,208.8089,110.75457,-14.479419,WAL
2007752562000,220.235174,-0.265140080759193,-8.31433816548043,-0.778004746619217,-0.77366084,-0.97097033,0.408058,208.65352,110.7779,-14.585867,WAL
2007757371000,220.239983,-0.471061087764395,-8.21347883602519,-0.929293674979469,-0.7012733,-0.81245077,0.43585235,208.54086,110.78586,-14.682027,WAL
2007762304000,220.244916,-0.68229176515193,-8.11001885012319,-1.08448358631262,-0.675617,-0.6881397,0.46792278,208.44595,110.836555,-14.788665,WAL
2007767348000,220.24996,-0.926285815580286,-8.04039517110493,-1.19491983966614,-0.6942484,-0.57543504,0.49938235,208.39664,110.886795,-14.88891,WAL
2007772316000,220.254928,-1.17211592209857,-7.97893764447536,-1.29419740166932,-0.75686204,-0.535118,0.52198434,208.36469,110.94461,-14.988463,WAL
2007777337000,220.259949,-1.37641095137708,-7.91985617328878,-1.39610469307412,-0.7874053,-0.4908302,0.5693264,208.36656,111.07602,-15.14147,WAL
2007782268000,220.26488,-1.56767553402187,-7.86247692831106,-1.49651854653706,-0.8720101,-0.45204028,0.61300325,208.37851,111.23075,-15.292622,WAL
2007787369000,220.269981,-1.66044424970679,-7.94083802036675,-1.54751403916038,-0.96486163,-0.4184427,0.66339964,208.38527,111.44771,-15.49356,WAL
2007792309000,220.274921,-1.73090415531974,-8.04212406858419,-1.58714775618542,-1.0571023,-0.40133846,0.7131852,208.39896,111.68433,-15.699081,WAL
2007797344000,220.279956,-1.77574548796105,-8.2985210688502,-1.57282397584342,-1.14018,-0.42424592,0.74128497,208.40088,111.98162,-15.933001,WAL
2007802284000,220.284896,-1.80831814833284,-8.61494101770434,-1.53559808521688,-1.212262,-0.46486846,0.75686204,208.4016,112.294464,-16.171371,WAL
2007807383000,220.289995,-1.82922885918852,-8.93324178446314,-1.43599213376546,-1.2791518,-0.5390886,0.75686204,208.38048,112.624146,-16.419428,WAL
2007812323000,220.294935,-1.84327420070262,-9.23755800613558,-1.30958401125186,-1.3231341,-0.6386596,0.7593055,208.33823,112.95862,-16.671944,WAL
2007817344000,220.299956,-1.86080933943853,-9.50147355378666,-1.1486464044546,-1.344209,-0.7593055,0.74464476,208.25142,113.2564,-16.897009,WAL
2007822352000,220.304964,-1.88007839407895,-9.73992774342105,-0.970407755921053,-1.3445144,-0.8717047,0.73914695,208.13757,113.554115,-17.128239,WAL
2007827346000,220.309958,-1.89929358155384,-9.97771532789273,-0.792667378369827,-1.3384057,-0.9602802,0.7128797,207.99667,113.808655,-17.329739,WAL
2007832353000,220.314965,-1.91855878853957,-10.2161219028726,-0.614464320620731,-1.3219124,-1.0302242,0.6939429,207.829,114.05661,-17.535978,WAL
2007837364000,220.319976,-1.99738095721432,-10.4305035334968,-0.464113949367337,-1.2971723,-1.070236,0.6646214,207.64029,114.28855,-17.731976,WAL
2007842369000,220.324981,-2.10551576182442,-10.6326687139774,-0.327770090907308,-1.2541064,-1.0910053,0.6462954,207.4375,114.50828,-17.927212,WAL
2007847345000,220.329957,-2.19557902025628,-10.8194711436175,-0.185868405131001,-1.1710287,-1.0916162,0.63438356,207.23979,114.65039,-18.084433,WAL
2007852347000,220.334959,-2.27585039640217,-10.9989011915229,-0.0394909943840316,-1.0626001,-1.1123856,0.63132924,207.03168,114.77633,-18.24039,WAL
2007857323000,220.339935,-2.23686887456509,-11.0508685874825,-0.0719074361107779,-0.91324353,-1.1600331,0.6533204,206.81085,114.86689,-18.392271,WAL
2007862350000,220.344962,-2.11653645677864,-11.0171758261348,-0.22593297410098,-0.7302894,-1.2403619,0.68386364,206.57742,114.932335,-18.548075,WAL
2007867341000,220.349953,-1.89788095623863,-11.073191938726,-0.611362437735086,-0.47311515,-1.2932017,0.71868294,206.33653,114.94605,-18.70915,WAL
2007872328000,220.35494,-1.61296562871587,-11.189089516178,-1.15221867320526,-0.17592919,-1.294118,0.7348709,206.0913,114.924515,-18.872519,WAL
2007877347000,220.359959,-1.15670643085533,-11.1571689344408,-1.68030397842381,-0.01160644,-1.2431108,0.75319684,205.8684,114.89589,-19.023397,WAL
2007882348000,220.36496,-0.597876631276575,-11.0340369264313,-2.19651122375161,0.2910773,-1.0952814,0.7495316,205.67664,114.79361,-19.160717,WAL
2007887355000,220.369967,0.0432864768094622,-10.8647010875658,-2.66640825251963,0.5439755,-0.8671232,0.6960809,205.57944,114.68143,-19.235199,WAL
2007892333000,220.374945,0.735097240876652,-10.6656874656595,-3.10234370108339,0.6649268,-0.59131753,0.623388,205.54115,114.54158,-19.2853,WAL
2007897342000,220.379954,1.2906912470928,-10.6125337719753,-3.43839604821848,0.6239988,-0.31245756,0.528093,205.59824,114.34015,-19.21494,WAL
2007902348000,220.38496,1.74589144304033,-10.66415422685,-3.70119213361394,0.44440445,-0.046731193,0.44623706,205.72746,114.13601,-19.110691,WAL
2007907351000,220.389963,1.92511295641767,-10.9213534976065,-3.6601960261494,0.20799962,0.16126843,0.3494149,205.93935,113.87067,-18.8629,WAL
2007912350000,220.394962,1.87259284520794,-11.3510633397826,-3.36417361287524,-0.055283304,0.2782491,0.24037547,206.18977,113.62673,-18.582287,WAL
2007917341000,220.399953,1.59989080576797,-11.6798752289338,-2.83423281690935,-0.32589662,0.28099802,0.10170906,206.48114,113.355644,-18.190855,WAL
2007922347000,220.404959,1.13601349561296,-11.9230727753875,-2.10013571808361,-0.5342017,0.16187929,-0.05681047,206.75252,113.10138,-17.772276,WAL
2007927347000,220.409959,0.661791444430618,-12.0491654008187,-1.50626747086369,-0.698219,-0.056505036,-0.21319197,206.98596,112.82847,-17.317564,WAL
2007932332000,220.414944,0.173248858478919,-12.0061738058535,-1.1154333906754,-0.77549344,-0.2874121,-0.32650748,207.16481,112.56626,-16.85235,WAL
2007937718000,220.42033,-0.350148458698225,-11.9596505321217,-0.706012232375317,-0.7516697,-0.46883908,-0.39064834,207.26726,112.29718,-16.45884,WAL
2007942373000,220.424985,-0.701864711426693,-11.9177797974077,-0.643205758673805,-0.6588182,-0.52931476,-0.40408736,207.33281,112.027824,-16.068916,WAL
2007947247000,220.429859,-1.07012787271532,-11.8739392042829,-0.577444479872264,-0.4810564,-0.49388456,-0.36254853,207.35481,111.79319,-15.800481,WAL
2007952343000,220.434955,-1.18149730755471,-12.0102616753568,-0.507953467783064,-0.29565877,-0.3857614,-0.30298916,207.3854,111.54805,-15.541077,WAL
2007957290000,220.439902,-1.23108258065652,-12.1815559042816,-0.440337203396765,-0.10323623,-0.2507602,-0.23701571,207.44221,111.28463,-15.29784,WAL
2007962352000,220.444964,-1.07991614511027,-12.7774698205768,-0.358161677651931,0.05467244,-0.1133155,-0.18661933,207.51128,111.05251,-15.126742,WAL
2007967289000,220.449901,-0.858162555208063,-13.5135030641653,-0.273234769098892,0.21135938,-0.040317107,-0.17684549,207.60606,110.79387,-14.9605255,WAL
2007972332000,220.454944,-0.557728416496148,-14.1600509678056,-0.0496563906142603,0.3839288,0.08307768,-0.19700404,207.76942,110.50722,-14.791938,WAL
2007977325000,220.459937,-0.231896621877345,-14.7597701285799,0.224231202361248,0.46578476,0.15607607,-0.25259277,207.94012,110.20864,-14.616587,WAL
2007982340000,220.464952,0.108499844976636,-15.1889494649533,0.368740628049065,0.6407976,0.1731803,-0.32162055,208.1526,109.78171,-14.3647,WAL
2007987374000,220.469986,0.455804532067757,-15.5456411016355,0.45791345390771,0.8078693,0.19639318,-0.398895,208.3862,109.338234,-14.095071,WAL
2007992312000,220.474924,0.737532988402849,-15.7616508793489,0.375623212990844,0.9691377,0.22143865,-0.4914411,208.65205,108.764114,-13.73363,WAL
2007997335000,220.479947,0.992001336520855,-15.9084594238047,0.199452831897253,1.1404854,0.27885997,-0.5867361,208.93333,108.15687,-13.356265,WAL
2008002339000,220.484951,1.04394752888175,-15.8626278111241,0.242352163608027,1.3182472,0.3191771,-0.68233645,209.2467,107.45487,-12.901954,WAL
2008007395000,220.490007,1.00149835561075,-15.7258473988895,0.388565911513735,1.4654657,0.31642818,-0.80939645,209.56157,106.72146,-12.425259,WAL
2008012356000,220.494968,0.794293644841493,-15.3591367197796,0.664145223604615,1.6032158,0.22479841,-0.9578367,209.87793,105.93537,-11.897429,WAL
2008017318000,220.49993,0.49300198476042,-14.8602764977653,1.01482896485812,1.7443258,0.08124508,-1.0888673,210.17766,105.12186,-11.357844,WAL
2008022344000,220.504956,0.142029065941366,-14.2060496779975,1.29504879813967,1.9529362,-0.05681047,-1.1786644,210.45093,104.26793,-10.82624,WAL
2008027352000,220.509964,-0.227006800613616,-13.4913348627642,1.54262979215935,2.228131,-0.17104226,-1.2412782,210.69382,103.37971,-10.285855,WAL
2008032343000,220.514955,-0.658303553083871,-12.7763748412903,1.66217525470968,2.5326474,-0.2666427,-1.2953397,210.88533,102.47468,-9.785258,WAL
2008037369000,220.519981,-1.12649585141042,-12.0549764742432,1.71472745991067,2.860682,-0.35094208,-1.359786,211.05974,101.53338,-9.278317,WAL
2008042358000,220.52497,-1.61398944558262,-11.6755798453185,1.60735472112318,3.1456506,-0.38637227,-1.4172074,211.21248,100.61775,-8.826755,WAL
2008047350000,220.529962,-2.11446814191371,-11.4838076304667,1.41090513755993,3.37106,-0.36896262,-1.4856243,211.37451,99.6909,-8.361131,WAL
2008052329000,220.534941,-2.64170895450255,-11.5557811001637,0.97981722613811,3.5280523,-0.25961772,-1.5335772,211.48694,98.82971,-7.949854,WAL
2008057370000,220.539982,-3.19501009522296,-11.8115083161899,0.380020210480208,3.5732563,-0.04184427,-1.566564,211.65662,98.024574,-7.526661,WAL
2008062328000,220.54494,-3.71668149670318,-12.0939154162998,-0.324900534322515,3.53355,0.2843578,-1.563815,211.8482,97.37544,-7.1635776,WAL
2008067320000,220.549932,-4.22084492571926,-12.4071821995495,-1.14233052374486,3.4306192,0.43890667,-1.5198327,212.07167,96.85114,-6.809265,WAL
2008072297000,220.554909,-4.7840635584825,-12.7145099460024,-1.82815011207239,3.3545666,0.68630713,-1.4963144,212.39651,83.466484,-6.53229,WAL
2008077320000,220.559932,-5.40115344421241,-13.0206626951074,-2.41653811825776,3.1441233,0.8555168,-1.4416419,212.75536,83.65031,-6.282696,WAL
2008082330000,220.564942,-5.99107579588973,-13.2963449738168,-2.7803152123308,2.9315424,0.9092729,-1.378112,213.16562,83.68395,-6.1240883,WAL
2008087361000,220.569973,-6.56233448749135,-13.5486510405098,-2.96121373752594,2.7302623,0.84696466,-1.3478742,213.59259,83.67004,-5.972089,WAL
2008092322000,220.574934,-7.05893915827729,-13.76779878036,-2.96109137910404,2.5659394,0.6783658,-1.3072516,213.96507,83.576096,-5.9138637,WAL
2008097341000,220.579953,-7.50100182826345,-13.9626865702136,-2.79947704776503,2.4569001,0.45723262,-1.2712106,214.30107,83.475334,-5.8578973,WAL
2008102339000,220.584951,-7.87922277481687,-14.0061109093249,-2.4829278296179,2.3787093,0.1563815,-1.2547172,214.5042,83.32814,-5.858084,WAL
2008107342000,220.589954,-8.19699726895664,-13.9017672577212,-2.01338087739062,2.32984,-0.16065755,-1.248914,214.63731,83.18201,-5.856001,WAL
2008112346000,220.594958,-8.29703861740614,-13.9433338962457,-1.46548019593857,2.3503041,-0.46639562,-1.2993103,214.66547,82.991325,-5.875696,WAL
2008117344000,220.599956,-8.16634908088737,-14.1393678354949,-0.83537210112628,2.3515258,-0.806953,-1.4831808,214.59735,82.8401,-5.846062,WAL
2008122331000,220.604943,-7.72602758614476,-13.9853404277705,-1.14535121837021,2.2180517,-1.0354166,-1.6129897,214.45534,82.64128,-5.832736,WAL
2008127351000,220.609963,-6.87415308519371,-13.3692951139253,-2.69508931898088,1.9877555,-0.72234815,-1.6588045,214.38087,82.48032,-5.792468,WAL
2008132282000,220.614894,-5.59637966001195,-12.7514135718411,-3.51605370487902,1.5540411,-0.15485434,-1.7125608,214.30786,82.36235,-5.681594,WAL
2008137369000,220.619981,-3.67543794453848,-12.0965470376382,-3.40448388654784,1.2357804,0.29016098,-1.7085901,214.29651,82.25896,-5.5802255,WAL
2008142311000,220.624923,-2.27468613229495,-11.5923448777603,-3.13344087124408,1.20371,0.6035349,-1.625207,214.37689,82.342476,-5.4419446,WAL
2008147327000,220.629939,-1.48858735469243,-11.2608576916404,-2.63620974592863,1.3515394,0.8240572,-1.5085317,214.55417,82.44042,-5.326861,WAL
2008152238000,220.63485,-0.795386179061476,-11.0681883181731,-2.17628469859318,1.5482379,1.0045679,-1.4205672,214.77985,82.59688,-5.033447,WAL
2008157361000,220.639973,-0.199721359395837,-11.087098200713,-1.74135473451532,1.7376062,1.1609493,-1.4135422,215.06155,82.70434,-4.7613215,WAL
2008162245000,220.644857,0.341448082657768,-11.0895248178428,-1.36572743764844,1.8875736,1.2345587,-1.4269812,215.39352,82.74367,-4.423885,WAL
2008167341000,220.649953,0.844378504477378,-11.0559959486701,-1.06396921556581,2.0280726,1.3805555,-1.45783,215.79172,82.71996,-4.096051,WAL
2008172266000,220.654878,1.24933810324963,-11.0146439419005,-0.851061722520926,2.0720549,1.5366315,-1.4627168,216.23195,82.63201,-3.7062316,WAL
2008177355000,220.659967,1.44610725745938,-10.9474546090596,-0.846262477301822,2.1471913,1.6233743,-1.4584408,216.69516,82.46847,-3.3203397,WAL
2008182280000,220.664892,1.57341660550648,-10.8363395491449,-0.884136713493704,2.1731532,1.6765196,-1.4434745,217.20328,82.24318,-2.8855028,WAL
2008187378000,220.66999,1.50460079118587,-10.5748397421537,-1.05847025348619,2.1401663,1.785559,-1.4181237,217.75124,81.97376,-2.4682543,WAL
2008192329000,220.674941,1.42345143715558,-10.2956067555417,-1.2617636760203,2.0943515,1.8732183,-1.4010195,218.2997,81.66346,-2.0372975,WAL
2008197361000,220.679973,1.23875613564326,-9.83137217837166,-1.71102239779366,2.0363193,1.9303342,-1.3377949,218.86668,81.33233,-1.6378378,WAL
2008202332000,220.684944,1.03945369599376,-9.36269104659323,-2.13712425125256,1.9248364,2.0237966,-1.239751,219.4453,81.01475,-1.2744082,WAL
2008207359000,220.689971,0.767275971108295,-8.84649228492056,-2.49377091341261,1.8365663,2.1755965,-1.138042,220.05188,80.689575,-0.9419767,WAL
2008212312000,220.694924,0.493928875217799,-8.37312668823185,-2.82210770480094,1.7846428,2.3283129,-1.0277808,220.64845,80.41855,-0.67197967,WAL
2008217348000,220.69996,0.183321848138954,-8.11428719759953,-3.01035444625293,1.7690657,2.4630086,-0.9184359,221.27567,80.15563,-0.44089305,WAL
2008222304000,220.704916,-0.119124898152288,-7.86122354448526,-3.18154874383997,1.7537941,2.5448647,-0.86162543,221.90215,79.94251,-0.2689858,WAL
2008227339000,220.709951,-0.391982577866375,-7.62187465001489,-3.20548361329296,1.7201965,2.5488353,-0.81031275,222.53712,79.739624,-0.1311756,WAL
2008232307000,220.714919,-0.662820931256076,-7.38472165992611,-3.22200614062804,1.6945401,2.5176811,-0.7852673,223.1706,79.56533,-0.04722222,WAL
2008237364000,220.719976,-0.95944593779895,-7.13047166836477,-3.14667281889948,1.6759088,2.4694228,-0.75991637,223.79541,79.40222,0.021825863,WAL
2008242667000,220.725279,-1.26726699249167,-6.85671524644263,-3.0619629056918,1.6551393,2.3863451,-0.7519751,224.39778,79.2506,0.055152077,WAL
2008247351000,220.729963,-1.50719646658593,-6.54435432308003,-2.93068067640529,1.6270396,2.3051,-0.7489208,224.98363,79.11071,0.08453215,WAL
2008252521000,220.735133,-1.76233310277629,-6.20080674938205,-2.79219058507971,1.5928311,2.211332,-0.7452556,225.53761,78.9554,0.072261706,WAL
2008257361000,220.739973,-1.8868676118216,-5.89362149414293,-2.73822566872649,1.5354098,2.1087067,-0.73945236,226.06342,78.8194,0.06262771,WAL
2008262333000,220.744945,-2.01479851656815,-5.57805845921547,-2.68278898192728,1.4697418,2.065641,-0.74220127,226.5864,78.66693,0.017355507,WAL
2008267342000,220.749954,-2.1480477079592,-5.28054548166183,-2.52896639927007,1.3817772,1.9843957,-0.7415904,227.06627,78.541824,-0.023461701,WAL
2008272270000,220.754882,-2.28017906122388,-4.99268785014499,-2.35436412189781,1.3384057,1.9165897,-0.7452556,227.5352,78.42691,-0.061212167,WAL
2008277340000,220.759952,-2.39185369455191,-4.80247934840111,-2.15371149005132,1.2486086,1.8872682,-0.73273283,227.99599,78.33286,-0.12488329,WAL
2008282245000,220.764857,-2.49385068122779,-4.6448476461212,-1.95435388419858,1.1591167,1.8866574,-0.7266242,228.44305,78.25492,-0.18407561,WAL
2008287357000,220.769969,-2.6160505388985,-4.42616543036332,-1.62094453150711,1.0684034,1.8512272,-0.74006325,228.87721,78.16056,-0.26145542,WAL
2008292310000,220.774922,-2.73914901320646,-4.19820531920415,-1.26076764632834,0.95539325,1.8545868,-0.75594574,229.31754,78.10143,-0.34214324,WAL
2008297348000,220.77996,-2.82077646749103,-3.9368620300359,-0.851392251424013,0.8228355,1.858863,-0.7761043,229.75119,78.02505,-0.43746763,WAL
2008302285000,220.784897,-2.88206975573395,-3.66811470206422,-0.431769021880734,0.6575964,1.8338175,-0.7849618,230.17177,77.992744,-0.529132,WAL
2008307407000,220.790019,-2.88847817916748,-3.38563435949342,-0.150643383258394,0.464563,1.8383989,-0.784351,230.58754,77.89902,-0.6448073,WAL
2008312322000,220.794934,-2.86999399617122,-3.11299237078343,0.0526827792833301,0.2837469,1.8493946,-0.7507534,230.98665,77.85094,-0.76223224,WAL
2008317341000,220.799953,-2.87939590113498,-2.93704099432509,0.401691152690515,0.13347405,1.8212948,-0.7147123,231.36932,77.72849,-0.89982903,WAL
2008322355000,220.804967,-2.90372609732469,-2.81539001337657,0.825036876336644,-0.00580322,1.7418822,-0.6908886,231.7271,77.65777,-1.0335934,WAL
2008327332000,220.809944,-2.92111924233227,-2.74145084410942,1.13028311655351,-0.13805555,1.6530013,-0.6731735,232.09581,77.57685,-1.1870966,WAL
2008332340000,220.814952,-2.93548444233227,-2.68877839410942,1.38406846655351,-0.26725355,1.5537357,-0.64660084,232.42519,77.53645,-1.3368112,WAL
2008337333000,220.819945,-2.96554271002646,-2.67829486081545,1.50662887853572,-0.40622538,1.4630222,-0.61575216,232.78636,77.506935,-1.4769135,WAL
2008342319000,220.824931,-3.00298257083211,-2.68765483823385,1.56746878062335,-0.5198463,1.3808609,-0.5891795,233.11197,77.50559,-1.6142417,WAL
2008347316000,220.829928,-2.95648774940523,-2.65194854281324,1.52352296147898,-0.61117065,1.2892311,-0.5448918,233.44492,77.49644,-1.77811,WAL
2008352329000,220.834941,-2.86130833148295,-2.59008177208565,1.41882550237906,-0.6918049,1.1982121,-0.5021312,233.74573,77.51314,-1.9415846,WAL
2008357302000,220.839914,-2.73508110538804,-2.52299846553633,1.24539762541275,-0.77518797,1.1200215,-0.4633413,234.03003,77.541374,-2.1272967,WAL
2008362322000,220.844934,-2.58774125170539,-2.45170508560554,1.02676431735541,-0.84238315,1.0913107,-0.40775254,234.29155,77.58151,-2.3246624,WAL
2008367336000,220.849948,-2.4372590352,-2.4063834184,0.8088953988,-0.91507614,1.0384709,-0.38973203,234.512,77.65603,-2.5007691,WAL
2008372323000,220.854935,-2.28534919903614,-2.37876351373494,0.592538958192771,-0.94225967,1.0012082,-0.33475417,234.71582,77.727165,-2.699545,WAL
2008377209000,220.859821,-2.14920069086465,-2.39699220393115,0.449622255381403,-1.0299188,0.94225967,-0.2846632,234.89673,77.85452,-2.90031,WAL
2008382254000,220.864866,-2.02126608805377,-2.46095940257664,0.370893275755169,-1.1117748,0.88453287,-0.23396139,235.05652,77.9785,-3.1115103,WAL
2008387245000,220.869857,-1.94229557769347,-2.57376893453718,0.395418944267071,-1.1917981,0.81489426,-0.19181168,235.17267,78.12937,-3.3289618,WAL
2008392262000,220.874874,-1.90341090935761,-2.72930750637329,0.50721230102175,-1.2864822,0.7162395,-0.14110987,235.25269,78.29511,-3.5539389,WAL
2008397249000,220.879861,-1.92428245703055,-2.96585952067867,0.689924630490596,-1.3912456,0.5751296,-0.10598512,235.29271,78.4728,-3.7795937,WAL
2008402250000,220.884862,-1.99100656642452,-3.26611803783461,0.928224992745547,-1.5128077,0.40378192,-0.07360926,235.2857,78.667625,-4.007081,WAL
2008407286000,220.889898,-2.06849105804479,-3.49533606064911,1.22012502650686,-1.6319265,0.21563543,-0.036651913,235.2716,78.89914,-4.221657,WAL
2008412253000,220.894865,-2.1529563213574,-3.66426648927691,1.54860091439282,-1.751656,0.04153884,0.021991149,235.20369,79.14417,-4.440996,WAL
2008417247000,220.899859,-2.23782776624298,-4.0626750244162,1.87119993686077,-1.8695531,-0.108123146,0.108123146,235.1191,79.38926,-4.672058,WAL
2008422237000,220.904849,-2.32258381846487,-4.6653844723421,2.18668072688935,-1.9651535,-0.22632557,0.20341812,234.98605,79.63283,-4.914186,WAL
2008427249000,220.909861,-2.39647132712255,-5.40674698860633,2.66347135450541,-2.0399845,-0.31398472,0.36774087,234.84032,79.82848,-5.190366,WAL
2008432252000,220.914864,-2.45883266021225,-6.28460408386063,3.30147667545054,-2.0436497,-0.3494149,0.52564955,234.66855,79.9938,-5.487613,WAL
2008437221000,220.919833,-2.30972685515812,-7.68801636487659,4.89770390744312,-1.9709567,-0.26419923,0.66553766,234.5106,80.07553,-5.8246937,WAL
2008442279000,220.924891,-1.94077974499614,-9.66351818622252,7.51302541689163,-1.7739527,-0.1282817,0.8249735,234.34691,80.07575,-6.207659,WAL
2008447218000,220.92983,-0.889940340743695,-11.5743459734822,9.19015836377231,-1.3622295,0.08246681,0.9101892,234.26135,79.91639,-6.5903697,WAL
2008452249000,220.934861,1.1346090904197,-13.4956262428472,9.68728972500249,-0.66889745,0.21197024,0.8353582,234.1878,79.65059,-6.9636846,WAL
2008457237000,220.939849,3.1418546802911,-15.4004853133287,10.1801721002393,0.25045475,0.23548855,0.48380527,234.30002,79.060814,-7.0703692,WAL
2008462252000,220.944864,5.15996547283421,-17.3156553691556,10.6757224434254,1.0775663,0.2125811,0.23060162,234.43478,78.3625,-7.175418,WAL
2008467243000,220.949855,6.40518284762851,-18.5249569978226,10.5006193408123,1.3423764,0.2837469,-0.267559,234.63531,77.70989,-7.1101646,WAL
2008472342000,220.954954,6.56698594916217,-18.7468588355581,9.34950669525703,1.5830573,0.6936375,-0.5552765,234.93826,76.89051,-7.0471635,WAL
2008477246000,220.959858,6.37051665105057,-18.3567217783251,8.27052830569016,1.629483,1.2165382,-0.64660084,235.5527,76.38923,-6.2303767,WAL
2008482348000,220.96496,5.33405896903589,-16.5245005862069,7.21442215334272,1.500285,1.5952746,-0.6774496,236.2189,75.82917,-5.4557576,WAL
2008487288000,220.9699,4.26302251420684,-14.620046063985,6.26745672480528,1.2791518,1.7763962,-0.69027776,236.91904,75.39992,-4.758544,WAL
2008492418000,220.97503,3.00367675378093,-12.3580670666469,5.44888195018239,1.0219775,1.8048013,-0.6881397,237.65529,74.98437,-4.129219,WAL
2008497359000,220.979971,1.83175579266436,-10.2616518591041,4.80245376322828,0.77732605,1.7189748,-0.6817256,238.35724,74.63434,-3.6842356,WAL
2008502335000,220.984947,0.74435068484429,-8.33641018952586,4.47266711790891,0.56016344,1.5958854,-0.6640105,239.04265,74.33506,-3.2656004,WAL
2008507337000,220.989949,-0.314804015065246,-6.49470544807252,4.16923667086363,0.3381139,1.4495832,-0.6389651,239.66055,74.10495,-3.0464818,WAL
2008512349000,220.994961,-1.19933503522263,-5.13683073349935,4.011455376153,0.12034045,1.2901474,-0.5864306,240.231,73.92699,-2.8358965,WAL
2008517301000,220.999913,-2.05857859729138,-3.92371937068313,3.8199672144991,-0.11301007,1.112691,-0.47342056,240.73589,73.778915,-2.8204823,WAL
2008522342000,221.004954,-2.84700475186218,-3.44297167015535,3.41613914003187,-0.33505958,0.95386606,-0.32467487,241.18881,73.68151,-2.8167179,WAL
2008527346000,221.009958,-3.57976775032403,-3.07355746786486,3.03887811833578,-0.54092115,0.8576548,-0.14996742,241.54861,73.603165,-2.937924,WAL
2008532332000,221.014944,-4.02124752599153,-3.32936821966647,2.79957127210749,-0.73853606,0.84391034,0.029932396,241.87231,73.57345,-3.0937808,WAL
2008537334000,221.019946,-4.4641440037069,-3.58599986437397,2.55949649376134,-0.958753,0.8790351,0.19853121,242.12076,73.62535,-3.393781,WAL
2008542396000,221.025008,-4.55147375560431,-4.29734293147188,2.70373458727563,-1.1673635,0.8051204,0.3231477,242.32124,73.71245,-3.7199502,WAL
2008547387000,221.029999,-4.56577306019146,-5.08857181541683,2.92299079002792,-1.3405437,0.58093286,0.41416663,242.47522,73.83106,-4.072072,WAL
2008552332000,221.034944,-4.52622263297924,-6.4805944529213,3.42028871361661,-1.4590516,0.22174409,0.47678033,242.52701,74.01167,-4.508471,WAL
2008557352000,221.039964,-4.47515258044423,-8.01734128633511,3.98206011564462,-1.4859297,-0.016493361,0.5195409,242.54039,74.189415,-4.9541383,WAL
2008562346000,221.044958,-4.55991830708092,-10.2421538488852,4.43555506862097,-1.3808609,-0.58032197,0.54275376,242.37567,74.348915,-5.353089,WAL
2008567242000,221.049854,-4.68575328973988,-12.6426978224608,4.84693873963666,-1.2974777,-1.1475104,0.5864306,242.13611,74.49519,-5.7494493,WAL
2008572349000,221.054961,-5.03212990559284,-14.413115541387,4.15027093847875,-1.1273518,-1.6123788,0.6899723,241.78621,74.554596,-6.0986533,WAL
2008577254000,221.059866,-5.41592867010991,-15.939172633596,3.21361894183445,-0.9486737,-1.7870862,0.7984009,241.3579,74.57295,-6.436164,WAL
2008582331000,221.064943,-5.44461277973985,-16.9361248227237,2.13076394200828,-0.73823065,-1.599856,0.86529064,240.92737,74.57317,-6.757761,WAL
2008587257000,221.069869,-5.35163817035869,-17.7124634906386,1.04296028412495,-0.4428773,-1.0943651,0.86132,240.54214,74.497986,-7.0874667,WAL
2008592336000,221.074948,-4.59042193605415,-18.2221512252526,1.41408274616894,0.02687807,-0.5726862,0.74006325,240.21303,74.51492,-7.4513855,WAL
2008597295000,221.079907,-3.59334972069067,-18.6088666264103,2.34592589171981,0.6591236,-0.41447207,0.56169057,239.9325,74.415,-7.7877336,WAL
2008602339000,221.084951,-2.36854976372555,-17.3802244359124,2.56252985462774,1.1841623,-0.64476824,0.25350907,239.6937,74.40875,-8.047342,WAL
2008607361000,221.089973,-1.05325860885255,-15.4189890075912,2.44551109626277,1.3319917,-1.0326678,-0.09896017,239.47319,74.36624,-8.226323,WAL
2008612356000,221.094968,-0.226742956053485,-12.6526033063209,1.28793701422204,1.0760391,-1.282817,-0.42241332,239.32002,74.306244,-8.168145,WAL
2008617370000,221.099982,0.332625212394651,-9.41799633063209,-0.458264518577796,0.5207626,-1.2137892,-0.6203337,239.16933,74.31853,-8.044134,WAL
2008622339000,221.104951,0.26739430440948,-6.88407073989245,-1.45160428103963,-0.11148291,-1.0363328,-0.68019843,239.03821,74.44078,-7.745788,WAL
2008627353000,221.109965,-0.110362173192591,-4.66534887739494,-2.08279228518223,-0.7147123,-0.9245446,-0.6478226,238.91798,74.69952,-7.4325943,WAL
2008632326000,221.114938,-0.495991824738425,-3.16891142429345,-2.16701877680898,-1.1753048,-0.93737274,-0.5195409,238.69965,75.130264,-7.1494594,WAL
2008637347000,221.119959,-0.891159379410704,-2.03159982312087,-1.96461591633594,-1.5146403,-1.0613784,-0.37323865,238.4762,75.670975,-6.888064,WAL
2008642343000,221.124955,-1.28931316422732,-1.37946593215354,-1.86470833489531,-1.7660115,-1.2547172,-0.24709499,238.16907,76.2658,-6.731708,WAL
2008647300000,221.129912,-1.68688719938185,-0.977158925722831,-1.81737812791625,-1.956296,-1.4327844,-0.14996742,237.82187,76.90896,-6.608943,WAL
2008652343000,221.134955,-1.97846229015737,-0.815267144663805,-2.00944880363376,-2.083356,-1.6038266,-0.0571159,237.41861,77.49734,-6.579053,WAL
2008657394000,221.140006,-2.20913676323319,-0.787586219456366,-2.33239312374821,-2.1496348,-1.6801848,0.056505036,236.98325,78.08564,-6.587632,WAL
2008662350000,221.144962,-2.43733467821701,-0.998599529328804,-2.62490469884703,-2.2003367,-1.840537,0.11301007,236.47661,78.63516,-6.6685433,WAL
2008667345000,221.149957,-2.66878407599341,-1.39748030897673,-2.90067415468396,-2.2094996,-2.0457878,0.23671028,235.92441,79.12916,-6.8079557,WAL
2008672345000,221.154957,-2.86838346662393,-1.91415042833613,-3.23344692272413,-2.1923954,-2.2742512,0.35979962,235.28323,79.59554,-7.0039625,WAL
2008677349000,221.159961,-3.04799182788243,-2.50496731394615,-3.60211665973962,-2.1233675,-2.4416285,0.4908302,234.5954,79.972946,-7.246825,WAL
2008682343000,221.164955,-3.19167687826734,-3.11066027502233,-4.00480439306341,-2.05434,-2.522568,0.63224554,233.85591,80.259315,-7.578609,WAL
2008687352000,221.169964,-3.31068613525851,-3.72950808330852,-4.43323742992954,-2.0060816,-2.4914138,0.7797695,233.09897,80.41979,-7.9629145,WAL
2008692342000,221.174954,-3.36681877634366,-4.37137176204394,-4.75268748667124,-1.9581286,-2.3548856,0.9428705,232.3369,80.4514,-8.433111,WAL
2008697419000,221.180031,-3.37635612699098,-5.04375548061985,-4.9958901771479,-1.9162843,-2.1862867,1.0998629,231.5963,80.328766,-8.957724,WAL
2008702337000,221.184949,-3.37812315009313,-5.87914920448976,-5.08203045881776,-1.8695531,-1.9801197,1.239751,230.89685,80.06354,-9.549582,WAL
2008707372000,221.189984,-3.37339619278502,-6.89543510479365,-5.03948823790805,-1.824349,-1.7461584,1.3585643,230.26312,79.64152,-10.190531,WAL
2008712309000,221.194921,-3.32810218133216,-7.93841462640958,-4.99113059530626,-1.7989981,-1.4941764,1.4651603,229.70813,79.09542,-10.864618,WAL
2008717292000,221.199904,-3.23980700245399,-9.03978107321063,-4.93536520129516,-1.8185458,-1.1939361,1.5714508,229.2484,78.42598,-11.574018,WAL
2008722300000,221.204912,-3.07897430774194,-10.1292960645161,-4.82584553483871,-1.8139644,-0.86284715,1.6691893,228.89941,102.30611,-12.2733555,WAL
2008727308000,221.20992,-2.82191473644665,-11.1956173191067,-4.64495175324069,-1.7849482,-0.62980205,1.7327193,228.62169,103.10662,-12.983474,WAL
2008732302000,221.214914,-2.40676457487346,-12.0688825713707,-4.39878879710468,-1.758681,-0.5030475,1.8005253,228.4421,103.90504,-13.648334,WAL
2008737299000,221.219911,-1.76727271577242,-12.6744615043531,-4.05966444287305,-1.7220291,-0.45142943,1.8875736,228.31827,104.74189,-14.319967,WAL
2008742279000,221.224891,-1.17627584299764,-13.1378082754237,-3.5699048150473,-1.6627752,-0.5332854,1.9141463,228.22218,105.48151,-14.886698,WAL
2008747295000,221.229907,-0.641371412079227,-13.4218286483051,-2.87878923341545,-1.6514742,-0.6924158,1.9037615,228.12404,106.23431,-15.453386,WAL
2008752294000,221.234906,-0.0781475681242741,-13.5063712648084,-2.35936292568719,-1.6545285,-0.8008443,1.842675,228.04272,106.82058,-15.868542,WAL
2008757298000,221.23991,0.52946244898374,-13.3022882682927,-2.08570655460705,-1.6569719,-0.8188649,1.7284433,227.94211,107.38477,-16.258608,WAL
2008762247000,221.244859,0.957590040252366,-13.0148861823344,-1.82416120189274,-1.6566665,-0.75900006,1.6340646,227.84546,107.79081,-16.525827,WAL
2008767310000,221.249922,1.04499405354214,-12.5472748949076,-1.57505977656602,-1.6597209,-0.6478226,1.4306464,227.7516,108.13742,-16.726255,WAL
2008772309000,221.254921,1.1330484373179,-12.0704115302335,-1.35153191053682,-1.6362026,-0.54611355,1.2421945,227.68471,108.35905,-16.809175,WAL
2008777322000,221.259934,1.23364507162243,-11.4859928689882,-1.28446750434045,-1.5833627,-0.48563787,1.0546589,227.63007,108.52911,-16.834703,WAL
2008782284000,221.264896,1.31779103843578,-10.919798819454,-1.21916667099073,-1.5234979,-0.44104472,0.86162543,227.5858,108.64365,-16.811424,WAL
2008787295000,221.269907,1.28483128058036,-10.4418828683036,-1.16148712700893,-1.4556919,-0.43585235,0.6835582,227.53935,108.711174,-16.741833,WAL
2008792344000,221.274956,1.25162157844265,-9.96034272913805,-1.10337018077782,-1.4022411,-0.5513059,0.52778757,227.45734,108.743256,-16.638252,WAL
2008797312000,221.279924,1.03919280207912,-9.53623878472861,-1.08478000161914,-1.3414601,-0.7657196,0.38637227,227.33954,108.72946,-16.496672,WAL
2008802245000,221.284857,0.782771377718491,-9.12770288224471,-1.07608775609936,-1.319469,-1.0855075,0.25289822,227.14961,108.68284,-16.328394,WAL
2008807313000,221.289925,0.365204417940999,-8.71743668031306,-1.22403816550271,-1.3332134,-1.459357,0.10354166,226.86815,108.62901,-16.16284,WAL
2008812336000,221.294948,-0.14644077124423,-8.31680883313265,-1.47020704903672,-1.3826935,-1.8548924,-0.030543262,226.48285,108.55405,-15.984842,WAL
2008817310000,221.299922,-0.608013698622879,-7.91694906514535,-1.91094779121937,-1.4611896,-2.1533,-0.14263703,225.99933,108.52516,-15.859662,WAL
2008822296000,221.304908,-1.04387007052089,-7.51425578184344,-2.46998094085723,-1.5338826,-2.3328943,-0.21746802,225.4358,108.48535,-15.725746,WAL
2008827337000,221.309949,-1.33479197493278,-7.21213472687694,-3.15003549569804,-1.6420058,-2.42147,-0.23609942,224.80196,108.57469,-15.70264,WAL
2008832308000,221.31492,-1.52679255749741,-6.98074937911065,-3.89342237983454,-1.7101172,-2.4034493,-0.1853976,224.15494,108.674446,-15.687945,WAL
2008837298000,221.31991,-1.69023978284281,-7.00232246956563,-4.48737236510836,-1.7122552,-2.2580633,-0.08155051,223.52357,108.9298,-15.7760725,WAL
2008842336000,221.324948,-1.84091479170058,-7.14843162107505,-5.01245201511309,-1.636508,-2.008525,0.021991149,222.93689,109.20129,-15.878225,WAL
2008847312000,221.329924,-1.96015464632572,-7.43658286484638,-5.15825292710199,-1.5583172,-1.7150042,0.10567969,222.41571,109.59426,-16.023024,WAL
2008852306000,221.334918,-2.05688567993836,-7.83732541605509,-5.01545944614273,-1.5115861,-1.5668694,0.18081611,221.93388,110.00665,-16.192963,WAL
2008857298000,221.33991,-2.01601166768838,-8.24594038048106,-4.75249144229459,-1.491733,-1.2953397,0.21533,221.58241,110.48595,-16.367199,WAL
2008862311000,221.344923,-1.82696138607918,-8.66491668747339,-4.35906276193061,-1.5008959,-1.0931433,0.28771752,221.26393,110.989944,-16.569561,WAL
2008867309000,221.349921,-1.50393595951824,-8.94565013545933,-3.89061856164424,-1.5222762,-0.88025683,0.37232238,221.03256,111.480705,-16.776865,WAL
2008872296000,221.354908,-1.09406285304467,-9.13661371679345,-3.37361942317145,-1.5314392,-0.6606508,0.43860126,220.86696,111.98047,-16.984783,WAL
2008877306000,221.359918,-0.718030186914694,-9.29717915558061,-2.62068369270951,-1.5344934,-0.46822822,0.4908302,220.75945,112.40879,-17.158873,WAL
2008882309000,221.364921,-0.371423371580233,-9.43222067305524,-1.6798937492578,-1.5738943,-0.3933972,0.5186246,220.68384,112.84986,-17.335947,WAL
2008887297000,221.369909,-0.0766016351498929,-9.57663492880086,-0.816153618308351,-1.6245961,-0.4382958,0.50579643,220.62762,113.16645,-17.435846,WAL
2008892331000,221.374943,0.151370456734475,-9.7357853238758,-0.0462101452890792,-1.6334536,-0.57604593,0.4343252,220.56194,113.471954,-17.528309,WAL
2008897273000,221.379885,0.353672002762842,-9.8687319368306,0.642998303693989,-1.5894713,-0.7504479,0.36987892,220.45483,113.61115,-17.581842,WAL
2008902302000,221.384914,0.458943625565027,-9.89504982054645,1.03250320253552,-1.4611896,-0.9245446,0.30573806,220.30246,113.71857,-17.626629,WAL
2008907319000,221.389931,0.504430728228806,-9.87855448901766,1.27055278701748,-1.2773192,-1.0430524,0.2602286,220.09908,113.663895,-17.640638,WAL
2008912312000,221.394924,0.441860574685485,-9.7846992493691,1.23479849223292,-1.0961977,-1.1029172,0.22418754,219.86333,113.57664,-17.64778,WAL
2008917263000,221.399875,0.35396211285616,-9.68409879627756,1.16203889247421,-0.9300423,-1.1282681,0.21105394,219.59499,113.40362,-17.645117,WAL
2008922300000,221.404912,0.163663037169128,-9.55235368187336,0.942463039439612,-0.788627,-1.1319333,0.20372356,219.32248,113.202225,-17.634743,WAL
2008927284000,221.409896,-0.0831248756750789,-9.35555905520505,0.651328647097792,-0.68966687,-1.1187997,0.19150625,219.04707,112.998245,-17.634949,WAL
2008932304000,221.414916,-0.526125754164204,-8.93650407429852,0.112543815718081,-0.64476824,-1.1074986,0.19761491,218.78136,112.789085,-17.635086,WAL
2008937323000,221.419935,-0.969038385466379,-8.51753257047983,-0.426133688005977,-0.6160576,-1.0793989,0.23090707,218.53528,112.635994,-17.682867,WAL
2008942318000,221.42493,-1.26116799305556,-8.26287795833333,-0.830555214907407,-0.6383542,-1.0299188,0.27152961,218.30956,112.49402,-17.72727,WAL
2008947291000,221.429903,-1.52174503030303,-8.04238945454546,-1.20638747131313,-0.68844515,-0.9443977,0.31245756,218.11406,112.365875,-17.771893,WAL
2008952303000,221.434915,-1.67967591025075,-7.92756345147442,-1.41322737197593,-0.7287622,-0.8933904,0.37659842,217.93538,112.44049,-17.967068,WAL
2008957838000,221.44045,-1.8409560522012,-7.81651535856574,-1.62032126048805,-0.7788532,-0.75808376,0.44684792,217.81363,112.53562,-18.156115,WAL
2008962308000,221.44492,-1.89212139074701,-7.85915310358566,-1.66295905002988,-0.82833326,-0.7141015,0.48441613,217.66014,112.71038,-18.384499,WAL
2008967304000,221.449916,-1.94930752751992,-7.90680817609562,-1.7106141723008,-0.8689558,-0.657291,0.5626069,217.55524,112.95936,-18.65549,WAL
2008972300000,221.454912,-1.91068379339623,-8.06088888648123,-1.67126359339623,-0.93737274,-0.6365216,0.63194007,217.45425,113.222534,-18.926693,WAL
2008977252000,221.459864,-1.86456011792453,-8.2223213894184,-1.62513991792453,-1.0002918,-0.6658431,0.6954701,217.35915,113.50252,-19.210176,WAL
2008982313000,221.464925,-1.81908959337934,-8.42804163800821,-1.56802613355091,-1.0494665,-0.73975784,0.74036866,217.2409,113.79251,-19.493446,WAL
2008987331000,221.469943,-1.77427755255502,-8.63865866505035,-1.50977049451697,-1.0885619,-0.8176431,0.77091193,217.11508,114.09612,-19.785597,WAL
2008992406000,221.475018,-1.7584375394745,-8.9211271834043,-1.41269479127635,-1.1337659,-0.893085,0.79626286,216.97289,114.387825,-20.068695,WAL
2008997300000,221.479912,-1.75357007045384,-9.21804238705992,-1.30561037117042,-1.1731668,-0.97219205,0.8014552,216.80708,114.6812,-20.353582,WAL
2009002306000,221.484918,-1.80943498107655,-9.60698153399143,-1.19797303974669,-1.1997393,-1.0186177,0.79381937,216.624,114.94013,-20.60825,WAL
2009007331000,221.489943,-1.88114067347737,-10.0192893822872,-1.09041464153474,-1.2266175,-1.0491611,0.77854776,216.42326,115.19991,-20.86103,WAL
2009012313000,221.494925,-1.96880629046606,-10.4329801879123,-0.947307018291126,-1.2406673,-1.0552697,0.7431176,216.21265,115.41292,-21.07279,WAL
2009017308000,221.49992,-2.06551699519047,-10.8503629831879,-0.784425850968291,-1.2449434,-1.0323622,0.72112644,216.00386,115.62487,-21.27988,WAL
2009022296000,221.504908,-2.14120076315072,-11.1100016162442,-0.553210004497138,-1.2217305,-1.0070114,0.6963864,215.79262,115.78862,-21.455162,WAL
2009027323000,221.509935,-2.21118179136913,-11.3243188805306,-0.299528608222949,-1.1591167,-0.9950995,0.6844745,215.58643,115.94302,-21.623995,WAL
2009032312000,221.514924,-2.20660248314088,-11.401233034642,-0.142844814884527,-1.0656544,-1.0381655,0.679893,215.3661,116.048935,-21.769997,WAL
2009037324000,221.519936,-2.14613774881377,-11.3760393953391,-0.0571863833791728,-0.9443977,-1.1142182,0.6945538,215.14369,116.14305,-21.916945,WAL
2009042394000,221.525006,-1.96008500471295,-11.3477540080415,-0.23452842936991,-0.766025,-1.1936307,0.7125743,214.8941,116.17757,-22.051556,WAL
2009047328000,221.52994,-1.71959243274634,-11.318894829092,-0.532739113138233,-0.53878313,-1.2366967,0.73273283,214.63954,116.193985,-22.190392,WAL
2009052310000,221.534922,-1.33374572991396,-11.3355396849768,-0.929624801578897,-0.2657264,-1.2428054,0.7470882,214.37978,116.172134,-22.323977,WAL
2009057311000,221.539923,-0.885464827597617,-11.3717646651224,-1.36884956287889,-0.11759156,-1.180497,0.74372846,214.13472,116.14158,-22.45201,WAL
2009062315000,221.544927,-0.292080202283342,-11.2996037483134,-1.77821468650752,0.15974127,-1.0577132,0.7247916,213.93146,116.0488,-22.53246,WAL
2009067309000,221.549921,0.402857004006227,-11.1506882143228,-2.16539393458225,0.38240165,-0.86590147,0.68630713,213.77272,115.944496,-22.594822,WAL
2009072298000,221.55491,1.02905806190207,-10.954609310501,-2.49066087545995,0.5045747,-0.6197228,0.6062838,213.68773,115.76533,-22.552198,WAL
2009077322000,221.559934,1.62372906678932,-10.7321753722049,-2.78572666657232,0.48166725,-0.3408628,0.516792,213.67018,115.571266,-22.482738,WAL
2009082310000,221.564922,1.9498298745682,-10.7043055058567,-2.8979451556482,0.34116822,-0.05681047,0.4147775,213.745,115.29627,-22.28075,WAL
2009087303000,221.569915,2.04950802706968,-10.8419559834227,-2.8552261102839,0.121256754,0.15454891,0.2782491,213.87177,115.010086,-22.035717,WAL
2009092297000,221.574909,1.90991745121855,-11.1521005248663,-2.60541246415692,-0.111177474,0.2406809,0.122478485,214.06537,114.670334,-21.673952,WAL
2009097313000,221.579925,1.54823403548643,-11.6232407729344,-2.16282614642362,-0.3286455,0.19792034,-0.05009095,214.26836,114.32576,-21.269545,WAL
2009102310000,221.584922,1.05052226418012,-11.9616257790313,-1.669691405532,-0.48197266,0.049785517,-0.18142697,214.45844,113.95813,-20.819557,WAL
2009107309000,221.589921,0.417286871819685,-12.1711525289827,-1.12492271135188,-0.57543504,-0.14844026,-0.2779437,214.60591,113.58731,-20.343933,WAL
2009112315000,221.594927,-0.17577006677513,-12.2462175481578,-0.782779276123348,-0.59528816,-0.32711834,-0.33750305,214.68243,113.20101,-19.888926,WAL
2009117298000,221.59991,-0.715667814517421,-12.1554374457349,-0.691999991894273,-0.5155703,-0.41355577,-0.36254853,214.72118,112.81007,-19.433598,WAL
2009122298000,221.60491,-1.07879080296245,-12.1241779481819,-0.709538574318835,-0.38362336,-0.40133846,-0.35613444,214.7038,112.45869,-19.090494,WAL
2009127290000,221.609902,-1.22089157236699,-12.1668085301694,-0.861112693728327,-0.2049453,-0.32253686,-0.32742378,214.68509,112.09892,-18.758062,WAL
2009132242000,221.614854,-1.22909974193626,-12.3669193788508,-0.957754647909223,-0.020463986,-0.21013765,-0.2846632,214.67398,111.81745,-18.548758,WAL
2009137295000,221.619907,-1.05151582655722,-12.792185812168,-0.981120954490584,0.1591304,-0.09193522,-0.24862215,214.69597,111.52433,-18.346012,WAL
2009142317000,221.624929,-0.823922485652791,-13.3067081452223,-0.912490283337748,0.31795537,0.058337633,-0.25228736,214.76724,111.245705,-18.161287,WAL
2009147376000,221.629988,-0.503067759016083,-13.9896707521287,-0.678724681403974,0.4746423,0.19150625,-0.3109304,214.872,110.94408,-17.968962,WAL
2009152237000,221.634849,-0.185884417507776,-14.635342297582,-0.457544009499147,0.6383542,0.22357668,-0.35735616,214.99045,110.57146,-17.723461,WAL
2009157321000,221.639933,0.175603284990469,-15.275272880907,-0.237720415837664,0.700357,0.26358834,-0.45234573,215.14832,110.17514,-17.446384,WAL
2009162264000,221.644876,0.51646854785858,-15.8056883297883,-0.0844313377004886,0.85918194,0.28771752,-0.5555819,215.32492,109.63953,-17.075077,WAL
2009167311000,221.649923,0.831379152083932,-16.0603952405864,-0.116848603137108,0.9972375,0.3182608,-0.6536258,215.5152,109.09323,-16.687252,WAL
2009172293000,221.654905,1.08783909848332,-16.2435756893832,-0.119367293418605,1.149343,0.3484986,-0.7641924,215.71683,108.41809,-16.197887,WAL
2009177379000,221.659991,1.06321442467139,-16.0712029726997,0.0333057922093023,1.2889256,0.3222314,-0.8668178,215.9122,107.728065,-15.700298,WAL
2009182290000,221.664902,0.979920053709353,-15.8247316203357,0.228961469466667,1.4401149,0.21135938,-1.0238101,216.0969,106.94528,-15.114393,WAL
2009187299000,221.669911,0.630209028633093,-15.2173390791367,0.6430929,1.5748106,0.018020526,-1.1701124,216.25131,106.15145,-14.524908,WAL
2009192312000,221.674924,0.276304940364418,-14.5922086113215,1.03928105134609,1.7143933,-0.16737708,-1.2956452,216.37083,105.331474,-13.9244795,WAL
2009197314000,221.679926,-0.111078797524823,-13.8174408488075,1.27465344088443,1.9205604,-0.30298916,-1.3796391,216.45517,104.49272,-13.3162,WAL
2009202301000,221.684913,-0.513974126952559,-13.0618225432981,1.49591522964574,2.193617,-0.39003745,-1.4294246,216.513,103.702,-12.784041,WAL
2009207307000,221.689919,-1.01553726600373,-12.4013484092604,1.6399284225606,2.488665,-0.43127087,-1.4813483,216.562,102.90797,-12.241311,WAL
2009212336000,221.694948,-1.51058685015397,-11.8159328039138,1.73877877184861,2.8002062,-0.44776422,-1.5314392,216.59283,102.18472,-11.76344,WAL
2009217307000,221.699919,-1.96929480043707,-11.5085509917552,1.67730245879607,3.085175,-0.44104472,-1.5653422,216.64207,101.4963,-11.282479,WAL
2009222280000,221.704892,-2.43148317785563,-11.3115170954118,1.55153457414667,3.3194418,-0.3894266,-1.5894713,216.69179,100.930275,-10.866782,WAL
2009227320000,221.709932,-2.91332028824151,-11.5617019600691,1.16235845880783,3.4605515,-0.28344148,-1.6065756,216.78545,100.447945,-10.447223,WAL
2009232292000,221.714904,-3.42396590514271,-11.8697486263821,0.687710253108768,3.4999523,-0.0983493,-1.611768,216.92624,79.86709,-10.091221,WAL
2009237299000,221.719911,-4.20486109274878,-12.6424239568012,-0.475412482283363,3.4565809,0.116980694,-1.611768,217.13048,80.071846,-9.736422,WAL
2009242329000,221.724941,-4.98934337628353,-13.4186486246679,-1.64387810221994,3.3353243,0.33444872,-1.6056592,217.37189,80.12625,-9.445353,WAL
2009247324000,221.729936,-5.50820618812027,-13.7334304513927,-2.27042750210293,3.159395,0.4196644,-1.5745052,217.65335,80.09415,-9.16599,WAL
2009252242000,221.734854,-5.95130415312673,-13.9245706397344,-2.74827856264527,2.971554,0.5503896,-1.5491543,218.0235,80.00227,-8.894794,WAL
2009257308000,221.73992,-6.40342020795929,-14.0525272495674,-3.11187150323664,2.8777862,0.59956425,-1.4828753,218.35735,79.84638,-8.754306,WAL
2009262296000,221.744908,-6.84586195094148,-14.1351813287532,-3.38900524015267,2.6896396,0.5992588,-1.4150693,218.71577,79.70303,-8.622865,WAL
2009267307000,221.749919,-7.26131998580253,-14.1610301814884,-3.42462244663202,2.5375342,0.56046885,-1.3368785,219.01994,79.52811,-8.560386,WAL
2009272322000,221.754934,-7.66159005463281,-14.15632102814,-3.33044124818119,2.422997,0.49388456,-1.2773192,219.31383,79.36148,-8.507479,WAL
2009277320000,221.759932,-7.79338829773196,-14.3156868742268,-2.86869783051546,2.3402247,0.39920044,-1.2556335,219.55719,79.18726,-8.505275,WAL
2009282313000,221.764925,-7.75888131441237,-14.5769551219588,-2.17855569336083,2.3133466,0.27672195,-1.3411547,219.77365,79.03593,-8.480328,WAL
2009287288000,221.7699,-7.40283816805162,-14.3486378139603,-2.1417406425457,2.245846,0.087964594,-1.5491543,219.9234,78.88429,-8.456989,WAL
2009292321000,221.774933,-6.88450706853065,-13.8774281707889,-2.42446662526151,2.090381,-0.19547687,-1.6355917,220.00981,78.74923,-8.4300585,WAL
2009297314000,221.779926,-6.24118471883813,-13.4637528683023,-2.68682810406091,1.9480493,-0.1554652,-1.6264287,220.1361,78.60234,-8.353879,WAL
2009302308000,221.78492,-5.52185295854484,-13.0816076505922,-2.93859414974619,1.6316211,0.042760566,-1.6468927,220.23419,78.54248,-8.239691,WAL
2009307309000,221.789921,-4.62013311746766,-12.5678423888947,-3.00662171830897,1.35551,0.25625798,-1.6621643,220.32646,78.53928,-8.084671,WAL
2009312327000,221.794939,-3.53356988863182,-11.9209583886844,-2.89038485918603,1.244027,0.49938235,-1.6038266,220.48247,78.55249,-7.9564195,WAL
2009317308000,221.79992,-2.62551258651237,-11.438727830008,-2.56417671564246,1.2910637,0.7425067,-1.4886786,220.66078,78.632286,-7.7718124,WAL
2009322304000,221.804916,-1.82840193284118,-11.0616514405427,-2.09641121368715,1.4150693,0.9831876,-1.3906348,220.90547,78.70509,-7.6133957,WAL
2009327278000,221.80989,-1.10929430452491,-10.9051051002352,-1.62951178185537,1.5796975,1.1759156,-1.3478742,221.18661,78.78978,-7.368779,WAL
2009332276000,221.814888,-0.438588739928403,-10.9002093401862,-1.15952827433773,1.7705929,1.3133603,-1.3610078,221.5187,78.82651,-7.1486077,WAL
2009337282000,221.819894,0.182841194310996,-10.9067874591207,-1.13448569355701,1.8897116,1.4767667,-1.3875804,221.91711,78.822716,-6.858674,WAL
2009342290000,221.824902,0.77522085944511,-10.9200494961748,-1.36878508203521,1.9636264,1.7989981,-1.42973,222.40092,78.77743,-6.579354,WAL
2009347274000,221.829886,1.19377445035844,-10.7990704448591,-1.35506309187862,2.0674734,1.9572122,-1.4080443,222.89325,78.66081,-6.237165,WAL
2009352295000,221.834907,1.41571320219974,-10.5204668259845,-1.05284869262496,2.119397,2.1239784,-1.3753631,223.47968,78.52254,-5.908063,WAL
2009357279000,221.839891,1.52564764400716,-10.2526312134764,-0.943912228920692,2.2272146,2.122146,-1.2990049,224.04596,78.37929,-5.5241942,WAL
2009362282000,221.844894,1.48755354305307,-9.99549630550586,-1.09152663393957,2.2611177,2.058005,-1.2547172,224.6398,78.21902,-5.1516557,WAL
2009367266000,221.849878,1.38692741485149,-9.71696413162493,-1.38044349321491,2.189952,2.037541,-1.2116512,225.24754,77.9913,-4.7813854,WAL
2009372292000,221.854904,1.19536714752475,-9.40392658590565,-1.87569695652301,2.0781636,2.0983222,-1.1453724,225.85455,77.73828,-4.437899,WAL
2009377244000,221.859856,0.978384151121747,-9.0743809282082,-2.21788309237212,1.9895881,2.2229385,-1.0668762,226.4627,77.486374,-4.1256948,WAL
2009382348000,221.86496,0.700573670316083,-8.69421969977066,-2.29099116185063,1.9257526,2.3170118,-0.9654725,227.07184,77.23806,-3.8455303,WAL
2009387283000,221.869895,0.417896898503857,-8.3602135201831,-2.45122186660168,1.9098701,2.3377812,-0.85918194,227.67314,77.04075,-3.6249077,WAL
2009392387000,221.874999,0.098852919390523,-8.07846017326439,-2.78683952492159,1.8616118,2.3835962,-0.7870999,228.30144,76.86132,-3.4328897,WAL
2009397495000,221.880107,-0.222600766732243,-7.79860067972665,-3.11060603568026,1.8255708,2.436436,-0.70249504,228.9251,76.66241,-3.3165202,WAL
2009402309000,221.884921,-0.590162526661835,-7.59811238359909,-3.05332362263409,1.8270979,2.4327707,-0.64721173,229.54074,76.464745,-3.2131495,WAL
2009407378000,221.88999,-0.969505187615051,-7.38542128429886,-2.99194323456957,1.8075503,2.3921483,-0.6059783,230.14731,76.31903,-3.1855366,WAL
2009412317000,221.894929,-1.24693617575347,-7.15920839913373,-2.91938445776936,1.777007,2.3359487,-0.59315014,230.74516,76.17835,-3.1646142,WAL
2009417269000,221.899881,-1.52509739325934,-6.9324000963725,-2.84663469815918,1.7281377,2.2635612,-0.5833763,231.32431,76.019356,-3.2068083,WAL
2009422306000,221.904918,-1.75856454217546,-6.65934081467101,-2.76674640690575,1.6627752,2.1826215,-0.58184916,231.8834,75.87806,-3.2462776,WAL
2009427256000,221.909868,-1.97868349149378,-6.38302122219917,-2.68712882095436,1.604743,2.1126773,-0.5757405,232.42284,75.75204,-3.2857368,WAL
2009432310000,221.914922,-2.14507300278862,-6.08153588539691,-2.62803491184235,1.5326608,2.05434,-0.57818395,232.94235,75.618515,-3.366058,WAL
2009437288000,221.9199,-2.29574176508645,-5.78019859216397,-2.57485767440045,1.4636332,2.0295997,-0.5842926,233.44955,75.50455,-3.4445431,WAL
2009442430000,221.925042,-2.39002063164442,-5.48070253932039,-2.4897721554915,1.4013249,2.0161607,-0.5919284,233.94241,75.379196,-3.554391,WAL
2009447334000,221.929946,-2.45176614774474,-5.20047226747573,-2.39477902709345,1.3234396,1.9981402,-0.6035349,234.42525,75.28195,-3.6591377,WAL
2009452307000,221.934919,-2.52386831454135,-4.83939181265775,-2.01283053317009,1.2867876,1.9892827,-0.61666846,234.91463,75.16069,-3.7991457,WAL
2009457313000,221.939925,-2.60062536251648,-4.44206184923714,-1.50262238884912,1.2110404,1.9617938,-0.64965516,235.39337,75.07758,-3.9277432,WAL
2009462317000,221.944929,-2.61061296001982,-4.14809007635282,-1.10463379004599,1.1407908,1.9868392,-0.6814202,235.88736,74.97447,-4.072005,WAL
2009467307000,221.949919,-2.57035520774034,-3.932592895778,-0.792044565757582,1.0396926,1.9758437,-0.72173727,236.36343,74.90697,-4.200229,WAL
2009472291000,221.954903,-2.53014586157582,-3.71735483004955,-0.479831200255897,0.9089675,1.9779817,-0.75655663,236.8228,74.71888,-4.3473372,WAL
2009477325000,221.959937,-2.48953313111992,-3.49995747393459,-0.164485678198216,0.7473936,1.9645426,-0.77946407,237.271,74.572525,-4.484004,WAL
2009482308000,221.96492,-2.46822037293639,-3.32449026094656,0.144377314061272,0.6038403,1.953547,-0.7861836,237.72449,74.45913,-4.624265,WAL
2009487287000,221.969899,-2.46336715286514,-3.18374677752672,0.450130408622697,0.46120325,1.91323,-0.79320854,238.16144,74.393364,-4.7538886,WAL
2009492453000,221.975065,-2.47464250653092,-3.14348415844046,0.734301253913859,0.3381139,1.8472565,-0.77121735,238.4283,74.07478,-4.898943,WAL
2009497317000,221.979929,-2.49649741654312,-3.17845206010134,0.979076410359388,0.20066923,1.7928895,-0.75686204,238.68454,73.811295,-5.0315447,WAL
2009502338000,221.98495,-2.52245162644776,-3.22086739287663,1.1582500573227,0.06627888,1.7201965,-0.7467828,238.9866,73.56825,-5.1739526,WAL
2009507379000,221.989991,-2.5528397284935,-3.27151426487621,1.24434982962652,-0.059253927,1.6374242,-0.7360926,239.26361,73.36534,-5.3102236,WAL
2009512358000,221.99497,-2.544245605557,-3.28101834933886,1.24978437334716,-0.20830505,1.5512923,-0.7147123,239.6117,73.23134,-5.4523826,WAL
2009517355000,221.999967,-2.50288771113992,-3.25620358677729,1.18774746694322,-0.33261612,1.4727961,-0.6963864,239.93149,73.125275,-5.587726,WAL
2009522447000,222.005059,-2.44574355684629,-3.21690260212972,1.08949490060234,-0.464563,1.3967434,-0.66737026,240.2398,73.05235,-5.737124,WAL
2009527342000,222.009954,-2.34489713224696,-3.13622560987415,0.887801998752286,-0.59131753,1.3231341,-0.63285637,240.51837,73.00911,-5.8841243,WAL
2009532322000,222.014934,-2.23517700009502,-3.05923030116876,0.687963045610034,-0.7180721,1.2647965,-0.59589905,240.77676,73.003105,-6.039865,WAL
2009537341000,222.019953,-2.11186058977575,-2.99072109424173,0.496137552360319,-0.8313876,1.219287,-0.5647449,241.00906,73.02318,-6.1955338,WAL
2009542270000,222.024882,-1.99435129616217,-2.94447218206189,0.334575675815069,-0.93767816,1.1976013,-0.5128214,241.1975,73.06628,-6.370212,WAL
2009547507000,222.030119,-1.88112682413696,-2.96334291918916,0.249657294702286,-1.0613784,1.1572843,-0.47403142,241.3595,73.14008,-6.5408363,WAL
2009552231000,222.034843,-1.78766058205258,-2.98372409286367,0.190498835795351,-1.1609493,1.1114693,-0.45265114,241.42838,73.1918,-6.7174177,WAL
2009557307000,222.039919,-1.75805226529286,-3.03307125311136,0.269454266427774,-1.2208142,1.0574077,-0.40408736,241.47325,73.257965,-6.9031606,WAL
2009562222000,222.044834,-1.73662577471663,-3.09124100162204,0.379998694086379,-1.3319917,0.97097033,-0.3555236,241.48679,73.37748,-7.0664954,WAL
2009567227000,222.049839,-1.76004376086574,-3.21535629642369,0.70550859641196,-1.4474452,0.86376345,-0.312763,241.47182,73.506165,-7.2323594,WAL
2009572380000,222.054992,-1.78415422692496,-3.34314173380887,1.04064396637874,-1.568091,0.73945236,-0.26847526,241.51382,73.674576,-7.443952,WAL
2009577214000,222.059826,-1.8067721180428,-3.46301652603088,1.35503255136213,-1.6942347,0.5653558,-0.22540927,241.50153,73.86167,-7.6502185,WAL
2009582370000,222.064982,-1.83607084949786,-3.60768577007625,1.69495322228938,-1.817935,0.36835176,-0.17684549,241.46579,74.074036,-7.8683624,WAL
2009587236000,222.069848,-1.9270709770225,-3.9500196844151,2.07195378938999,-1.9453003,0.15454891,-0.10170906,241.36493,74.29825,-8.0885315,WAL
2009592948000,222.07556,-2.03432908272637,-4.36477704847761,2.52842080751244,-2.0790799,-0.042760566,-0.005497787,241.30533,74.53923,-8.249641,WAL
2009597523000,222.080135,-2.13024011108458,-4.99255827534328,3.21287654258706,-2.2052236,-0.2049453,0.09743301,241.18573,74.783554,-8.421469,WAL
2009602221000,222.084833,-2.22872973102488,-5.63721755486567,3.91573403840796,-2.273335,-0.36468655,0.22907446,241.0252,74.96711,-8.617482,WAL
2009607259000,222.089871,-2.12964649624573,-7.15603221501707,4.70103526484642,-2.2611177,-0.4886922,0.38698313,240.81805,75.12604,-8.840703,WAL
2009612209000,222.094821,-2.00592283131901,-8.75492246295924,5.4766874451315,-2.16399,-0.48288897,0.5296202,240.59332,75.24636,-9.093368,WAL
2009617252000,222.099864,-1.57847903916968,-11.3170746973526,6.9036821099278,-1.8842138,-0.35643986,0.6814202,240.38815,75.20714,-9.364787,WAL
2009622212000,222.104824,-1.12118942184116,-13.9512535020056,8.38511025914561,-1.3439035,-0.19272798,0.7840455,240.18896,75.067795,-9.65932,WAL
2009627247000,222.109859,0.116372739590376,-15.4201103636906,10.2851977697355,-0.47128254,-0.12003502,0.7122689,240.01698,74.73484,-9.889617,WAL
2009632189000,222.114801,1.41981442988666,-16.723552299662,12.1956576353152,0.57940567,-0.087964594,0.37843102,239.89258,74.29562,-10.067963,WAL
2009637220000,222.119832,2.87820728731153,-17.4562071011357,12.0450176749559,1.3017539,0.15668693,-0.039095376,239.95547,73.77995,-10.011217,WAL
2009642214000,222.124826,4.34381495889955,-18.1023854255923,11.6095490890934,1.6132951,0.35308012,-0.20189096,240.02527,73.1577,-9.9388685,WAL
2009647242000,222.129854,5.39640970643603,-18.4810712852356,10.274068493495,1.681712,0.88086766,-0.42730024,240.42252,72.48781,-9.47701,WAL
2009652262000,222.134874,6.36777698516657,-18.8080194421447,8.77200344914252,1.6575829,1.4590516,-0.5317582,240.88503,71.76026,-9.073047,WAL
2009657285000,222.139897,5.89709816257033,-17.9961222214984,7.62621268966538,1.4581354,1.8689423,-0.5925393,241.49255,71.26833,-8.4723215,WAL
2009662288000,222.1449,5.11676004007502,-16.9414833029316,6.56211493564308,1.2186762,2.0387628,-0.6310238,242.17944,70.78242,-7.9318943,WAL
2009667308000,222.14992,3.95509480070443,-15.137395648371,5.81456095773408,0.9605856,2.0088303,-0.657291,242.91336,70.572876,-7.3362722,WAL
2009672317000,222.154929,2.70198355262694,-13.1521291470502,5.14811220905,0.7293731,1.8686367,-0.68111473,243.6455,70.40062,-6.7769003,WAL
2009677288000,222.1599,1.49428393751523,-10.8607029185966,4.76125099474722,0.5207626,1.672549,-0.6963864,244.32187,70.31625,-6.346335,WAL
2009682320000,222.164932,0.283228859022667,-8.43859308593673,4.45729994525476,0.32284227,1.4590516,-0.65240407,244.93979,70.27491,-5.9298396,WAL
2009687308000,222.16992,-0.727037922385128,-6.50029610375233,4.34233562305281,0.09010262,1.2455542,-0.56321776,245.46715,70.23818,-5.701058,WAL
2009692405000,222.175017,-1.68828117385774,-4.69258490545704,4.29451275963554,-0.13255776,1.0363328,-0.43127087,245.92355,70.24019,-5.4820137,WAL
2009697343000,222.179955,-2.43660534400988,-3.63009488554961,4.09560502140799,-0.34238997,0.893085,-0.25595254,246.31477,70.173454,-5.5167065,WAL
2009702304000,222.184916,-3.11141531016879,-2.85259625313915,3.83154869905311,-0.5271767,0.86315256,-0.064751714,246.66043,70.146126,-5.5809455,WAL
2009707294000,222.189906,-3.52568353426862,-2.71211253840871,3.67642452290788,-0.7119634,0.83658,0.108123146,246.92928,70.07858,-5.7866163,WAL
2009712326000,222.194938,-3.85190197767095,-2.79248507603257,3.55822944330423,-0.8756753,0.7272351,0.26511553,247.14748,70.03673,-6.0255594,WAL
2009717309000,222.199921,-4.08280985386667,-3.31740580906667,3.59786577013333,-1.0360274,0.49693888,0.3933972,247.28036,70.014336,-6.3575506,WAL
2009722297000,222.204909,-4.27624533135802,-4.0250965491358,3.70166040938272,-1.1743884,0.07452556,0.4822781,247.31677,70.01046,-6.6912947,WAL
2009727282000,222.209894,-4.48881938655404,-5.23532404058487,3.91750729551472,-1.2461652,-0.50335294,0.5198463,247.23694,70.0293,-7.0513387,WAL
2009732333000,222.214945,-4.71342965180794,-6.70245919762893,4.18990719656194,-1.2495248,-1.1942415,0.54550266,247.00125,70.04765,-7.381935,WAL
2009737288000,222.2199,-5.25194715546918,-9.84307236479734,3.38561417357024,-1.1850786,-1.8408424,0.57848936,246.61072,70.06552,-7.691771,WAL
2009742329000,222.224941,-5.96676011576902,-13.9309091127152,2.00513142531927,-1.0433578,-2.0949624,0.6398814,246.13509,70.04908,-7.9891267,WAL
2009747305000,222.229917,-6.4326505974212,-16.365473008596,1.18110296446991,-0.8194757,-2.3475552,0.68508536,245.49641,70.01804,-8.24378,WAL
2009752311000,222.234923,-6.6586434343932,-17.1941133799797,0.897504111137813,-0.68294734,-2.149024,0.8347474,244.90305,69.94867,-8.558694,WAL
2009757277000,222.239889,-6.32595038836087,-17.9018433445613,0.82611822705428,-0.28405234,-1.640784,0.9434814,244.37436,70.128105,-8.963206,WAL
2009762327000,222.244939,-4.83179575040764,-18.3843312441536,1.18928072651791,0.3378085,-1.0320568,0.9483683,243.92996,70.1868,-9.386715,WAL
2009767302000,222.249914,-3.2742481983166,-17.5815542011478,0.936125243582975,1.087951,-0.6713409,0.83016586,243.56036,70.162254,-9.81847,WAL
2009772299000,222.254911,-1.61270120087996,-15.3249620539455,-0.0113685396001914,1.5656476,-0.6545421,0.46761733,243.28865,70.07207,-10.179599,WAL
2009777257000,222.259869,-0.304951432186394,-12.8382007158867,-0.981895734589068,1.5674802,-0.7272351,0.01160644,243.16365,70.00083,-10.313835,WAL
2009782312000,222.264924,0.437486461221982,-9.87320840586905,-2.02416430874361,1.1316279,-0.6017023,-0.30176744,243.12119,69.953476,-10.396106,WAL
2009787288000,222.2699,0.91098879455062,-7.32996217122934,-2.59165900542355,0.44165558,-0.376293,-0.48380527,243.04776,70.07646,-10.238481,WAL
2009792381000,222.274993,0.885795254607438,-5.47067965475207,-2.26414306508264,-0.27977628,-0.3023783,-0.559858,242.98569,70.34338,-10.026407,WAL
2009797302000,222.279914,0.776275071375931,-4.06832781692474,-1.8515569001813,-0.84940815,-0.46303585,-0.5503896,242.88983,70.77559,-9.754799,WAL
2009802307000,222.284919,0.541406803872991,-3.21340725689925,-1.29257042921403,-1.2315043,-0.75686204,-0.47861293,242.77646,71.34199,-9.477256,WAL
2009807257000,222.289869,0.237542476595245,-2.56018562499755,-0.965212064284317,-1.4996742,-1.0577132,-0.37201694,242.60892,71.906,-9.226449,WAL
2009812316000,222.294928,-0.203291403530966,-2.24259560250465,-1.0410544728598,-1.7333301,-1.4153748,-0.28924468,242.33757,72.54904,-8.964974,WAL
2009817237000,222.299849,-0.607222090216554,-2.05014267666987,-1.31304938768046,-1.9300288,-1.765706,-0.23304509,241.98633,73.12048,-8.749587,WAL
2009822299000,222.304911,-0.966489696308951,-2.11546410831569,-2.04091626775746,-2.0790799,-2.0460932,-0.15454891,241.54532,73.71928,-8.548624,WAL
2009827297000,222.309909,-1.35200070829223,-2.25358744494451,-2.72255582916153,-2.1520782,-2.2101104,-0.04642576,241.04568,74.29171,-8.450964,WAL
2009832310000,222.314922,-1.83544053076449,-2.62356693403206,-3.28985754759556,-2.1954496,-2.3451116,0.076052725,240.46805,74.86905,-8.373496,WAL
2009837290000,222.319902,-2.29015890507641,-2.99389699297383,-3.84162341248902,-2.2033908,-2.4181101,0.23640485,239.81705,75.49213,-8.390978,WAL
2009842415000,222.325027,-2.69536059794484,-3.38185598208326,-4.38045549684701,-2.2043073,-2.5607471,0.3930918,239.10052,76.08211,-8.44346,WAL
2009847392000,222.330004,-3.08104725736687,-3.75886004001629,-4.89342163548518,-2.1774292,-2.6410758,0.47525316,238.36255,76.65602,-8.614016,WAL
2009852308000,222.33492,-3.2632103606761,-4.13756753636086,-5.13790371099684,-2.1572707,-2.588847,0.59406644,237.61322,77.146065,-8.853933,WAL
2009857417000,222.340029,-3.42979627724388,-4.53759448262315,-5.35227152898157,-2.1120665,-2.454762,0.6942484,236.84958,77.57948,-9.201218,WAL
2009862318000,222.34493,-3.32577792127531,-4.99622104758739,-5.0969536698499,-2.0595322,-2.2904391,0.7831292,236.11035,77.89522,-9.596964,WAL
2009867322000,222.349934,-3.22065755954767,-5.48049693934536,-4.82954459171677,-1.992337,-2.105958,0.89461213,235.41089,78.08273,-10.068555,WAL
2009872301000,222.354913,-3.12965090435156,-6.16304666325985,-4.47916900247161,-1.9092593,-1.9312505,1.042747,234.76062,78.11378,-10.591485,WAL
2009877645000,222.360257,-3.03604350302826,-6.90768916660237,-4.10882395562735,-1.8197676,-1.7644843,1.2140946,234.17822,77.99393,-11.139777,WAL
2009882316000,222.364928,-3.04035763484425,-7.81365752367634,-3.90605971522808,-1.7519615,-1.5879441,1.3723087,233.65558,77.73073,-11.735324,WAL
2009888168000,222.37078,-3.02348734830805,-8.94499873045508,-3.67200697526254,-1.674687,-1.3854424,1.5305228,233.21356,77.33504,-12.357128,WAL
2009892390000,222.375002,-2.77043091540257,-9.72132452275379,-3.71918696312719,-1.6349808,-1.1768318,1.704925,232.83084,76.82232,-13.027742,WAL
2009897613000,222.380225,-2.45077970833025,-10.668967039615,-3.75590228456127,-1.5848899,-0.95447695,1.8823812,232.51097,76.2375,-13.70409,WAL
2009902305000,222.384917,-2.08894230074047,-11.3760054924102,-3.54379070529434,-1.5241088,-0.7861836,2.0152445,232.2427,75.58168,-14.406985,WAL
2009907324000,222.389936,-1.70188732446316,-12.1323196430026,-3.31689641366161,-1.4899004,-0.68539083,2.1013765,232.03561,105.04191,-15.04147,WAL
2009912316000,222.394928,-1.31020783530862,-12.866826777755,-2.94784173530862,-1.5167783,-0.6582073,2.1184807,231.86365,105.70046,-15.680542,WAL
2009917241000,222.399853,-0.922689948639211,-13.5885787752901,-2.56032384863921,-1.5522085,-0.6808093,2.0766363,231.71321,106.3768,-16.312931,WAL
2009922300000,222.404912,-0.560723581667815,-13.8369522822684,-2.4759877794329,-1.6169603,-0.70646566,1.9877555,231.58205,106.932846,-16.809072,WAL
2009927252000,222.409864,-0.210538891605789,-14.0237173254898,-2.42929651862755,-1.6530013,-0.6743952,1.8845193,231.46518,107.47729,-17.278208,WAL
2009932313000,222.414925,0.131889382031805,-13.9116507186155,-2.6586881750608,-1.6404786,-0.5204572,1.7583756,231.37462,107.87909,-17.602688,WAL
2009937291000,222.419903,0.466360931943873,-13.7555641083255,-2.92626540753976,-1.57084,-0.39400807,1.5909985,231.28503,108.24244,-17.880962,WAL
2009942355000,222.424967,0.788033804963255,-13.4089655629993,-3.05091933110022,-1.4966198,-0.10842858,1.4886786,231.29198,108.51803,-18.060066,WAL
2009947246000,222.429858,1.09235266886782,-13.0098591295133,-3.12076306114602,-1.4715744,0.1826487,1.2644911,231.3325,108.718735,-18.15336,WAL
2009952306000,222.434918,1.31601806385671,-12.4106916712742,-2.65459337201402,-1.4086553,0.33841935,1.0161743,231.43346,108.850136,-18.158306,WAL
2009957265000,222.439877,1.51942709145332,-11.7912187784484,-2.10446436822739,-1.3997977,0.25137106,0.7635816,231.5404,108.93211,-18.099428,WAL
2009962317000,222.444929,1.59277896485987,-11.0253910649831,-1.43221481730828,-1.4156802,-0.08002335,0.5476407,231.62149,108.94564,-17.958939,WAL
2009967242000,222.449854,1.63151481538856,-10.2458312135818,-0.74949494614516,-1.4611896,-0.59742624,0.36957347,231.61086,108.91772,-17.771479,WAL
2009972299000,222.454911,1.34771441452221,-9.56990478516178,-0.560468554560891,-1.5216653,-1.1527027,0.19211712,231.4568,108.815704,-17.534864,WAL
2009977254000,222.459866,1.01199320616923,-8.92979646849354,-0.466466628374682,-1.5723672,-1.6420058,0.010079277,231.16132,108.68119,-17.268602,WAL
2009982310000,222.464922,0.581930209069041,-8.31672604411337,-0.888012170348837,-1.6172657,-2.0045543,-0.13958271,230.70499,108.51569,-17.01141,WAL
2009987347000,222.469959,0.121181603872716,-7.72075779491279,-1.49900487225914,-1.6633861,-2.196977,-0.25259277,230.15276,108.32716,-16.730757,WAL
2009992339000,222.474951,-0.315147260987762,-7.42733286363636,-1.97375976660839,-1.67316,-2.2623394,-0.30482176,229.52031,108.20794,-16.531557,WAL
2009997282000,222.479894,-0.742735497435023,-7.20204440454545,-2.41514119730964,-1.642922,-2.2653937,-0.32345316,228.85315,108.07686,-16.320518,WAL
2010002309000,222.484921,-1.07309814799533,-7.18985210509926,-2.8156185344492,-1.6022996,-2.1719313,-0.2883284,228.2167,108.09199,-16.211891,WAL
2010007285000,222.489897,-1.36525597874659,-7.25013860163488,-3.19588754386921,-1.539075,-2.0234911,-0.23945917,227.60062,108.108086,-16.105587,WAL
2010012318000,222.49493,-1.56243206438616,-7.45562198009375,-3.41366039238057,-1.4782939,-1.8570304,-0.17959438,227.03726,108.25662,-16.099297,WAL
2010017306000,222.499918,-1.71488160127655,-7.72240869452478,-3.55658178968784,-1.4382823,-1.6508633,-0.10567969,226.53564,108.42345,-16.108109,WAL
2010022299000,222.504911,-1.782604516,-8.00640681786047,-3.51216701609302,-1.4245378,-1.462106,-0.032986723,226.0905,108.6799,-16.177004,WAL
2010027319000,222.509931,-1.81241885377778,-8.29958125176227,-3.38297172534367,-1.4300356,-1.2864822,0.06261369,225.70863,108.963524,-16.268202,WAL
2010032312000,222.514924,-1.72729776689928,-8.55130243021501,-3.16387304767069,-1.4553864,-1.0891727,0.15088372,225.39594,109.290115,-16.386532,WAL
2010037286000,222.519898,-1.60600900028291,-8.78938741512637,-2.91680329446435,-1.4501941,-0.999681,0.22602014,225.10812,109.63576,-16.52672,WAL
2010042330000,222.524942,-1.35589451570354,-8.88401133570251,-2.40228499752781,-1.466382,-0.8680395,0.26083946,224.88078,109.97668,-16.66756,WAL
2010047312000,222.529924,-1.03644072646786,-8.89384036804697,-1.74371878986403,-1.4856243,-0.8402451,0.32162055,224.655,110.340775,-16.837917,WAL
2010052323000,222.534935,-0.758520625325678,-8.87373295941398,-1.14717299665413,-1.5234979,-0.93034774,0.35216382,224.4221,110.65033,-16.98047,WAL
2010057292000,222.539904,-0.501789303796773,-8.84075836651158,-0.584248331434369,-1.5558738,-1.1148291,0.34483343,224.17094,110.96532,-17.133572,WAL
2010062313000,222.544925,-0.242371319213027,-8.80743869837656,-0.015432725866165,-1.5512923,-1.3448198,0.31978795,223.86118,111.17567,-17.257814,WAL
2010067307000,222.549919,0.0156516672460899,-8.77429820392002,0.550324122213423,-1.5225816,-1.5784758,0.29840767,223.49805,111.38424,-17.392494,WAL
2010072291000,222.554903,0.114010160356579,-8.61546827616306,0.371495422908348,-1.4388931,-1.7272215,0.2660318,223.08905,111.57,-17.524055,WAL
2010077321000,222.559933,0.127429606228991,-8.38733776172347,-0.210013890444795,-1.3148874,-1.7669277,0.26511553,222.64827,111.74504,-17.665861,WAL
2010082307000,222.564919,0.0103476679825686,-8.25231047013586,-0.60947132389131,-1.1859949,-1.702176,0.25870144,222.15544,111.7123,-17.72929,WAL
2010087300000,222.569912,-0.237256366752115,-8.20818289674443,-0.832560112604461,-1.0635164,-1.5430456,0.28038713,221.68947,111.669395,-17.794718,WAL
2010092360000,222.574972,-0.488182947116124,-8.16346318487567,-1.05864248209946,-0.95386606,-1.323745,0.30757064,221.29384,111.67566,-17.831236,WAL
2010097364000,222.579976,-0.736332474416816,-8.1192383947193,-1.28222275422456,-0.8915578,-1.099252,0.33750305,220.95334,111.6764,-17.863932,WAL
2010102304000,222.584916,-1.00670164883497,-8.07994391392259,-1.34469486622376,-0.86467975,-0.9083566,0.39492437,220.67546,111.67888,-17.899853,WAL
2010107291000,222.589903,-1.29640419029463,-8.04315650606586,-1.3033087202773,-0.86284715,-0.77824235,0.45234573,220.45132,111.682976,-17.933462,WAL
2010112314000,222.594926,-1.55371223016811,-8.02281631309221,-1.25781568956699,-0.9095783,-0.68875057,0.5131268,220.2742,111.82575,-18.075335,WAL
2010117306000,222.599918,-1.77777144924096,-8.01794536209883,-1.20910724771268,-0.9419542,-0.6356053,0.57818395,220.13017,111.978455,-18.22621,WAL
2010122300000,222.604912,-1.95460145253711,-8.04939084466867,-1.16942970964393,-0.98868537,-0.59742624,0.64751714,220.00545,112.20693,-18.467697,WAL
2010127318000,222.60993,-2.09447658374891,-8.11000338692151,-1.13679216442224,-1.026559,-0.59742624,0.7272351,219.8902,112.45276,-18.723724,WAL
2010132310000,222.614922,-2.18563859195231,-8.23959328464978,-1.12757979731744,-1.0864239,-0.6047566,0.79504114,219.76724,112.74862,-19.04644,WAL
2010137318000,222.61993,-2.22852438724292,-8.4397274438152,-1.14187506241431,-1.1389582,-0.61178154,0.8604037,219.6488,113.06165,-19.381716,WAL
2010142403000,222.625015,-2.23884638156001,-8.68763176201128,-1.151557443688,-1.1542299,-0.623388,0.88147855,219.51381,113.39416,-19.753765,WAL
2010147320000,222.629932,-2.21594756537639,-8.97157679575958,-1.15613720692472,-1.1798862,-0.6569856,0.91751957,219.37444,113.74797,-20.138262,WAL
2010152293000,222.634905,-2.18710203880854,-9.22965469217508,-1.14517548395748,-1.2403619,-0.70371675,0.9443977,219.21199,114.089806,-20.510527,WAL
2010157290000,222.639902,-2.1504348463174,-9.44965861287233,-1.11309169052773,-1.2800682,-0.77213365,0.95447695,219.03435,114.42958,-20.880077,WAL
2010162257000,222.644869,-2.11701399690041,-9.67578928661628,-1.07518783625753,-1.3170254,-0.86406887,0.9605856,218.82513,114.73866,-21.215366,WAL
2010167308000,222.64992,-2.08924823482254,-9.92105247134794,-1.02428406797092,-1.3344351,-0.9447031,0.94806284,218.59988,115.04245,-21.542597,WAL
2010172255000,222.654867,-2.06618943778199,-10.1911588961628,-0.925191619570947,-1.3203852,-1.0079277,0.93615097,218.34932,115.31124,-21.841421,WAL
2010177321000,222.659933,-2.05596045426945,-10.5645171148008,-0.664352353083491,-1.2880094,-1.071763,0.90469146,218.0753,115.56752,-22.129059,WAL
2010182242000,222.664854,-2.0382060742268,-10.8796472525773,-0.395314785180412,-1.2394456,-1.1026118,0.8750645,217.79178,115.78332,-22.388493,WAL
2010187320000,222.669932,-2.00446133465504,-11.1110395511499,-0.0867912355035686,-1.1710287,-1.1194105,0.85154617,217.49628,115.9831,-22.637667,WAL
2010192366000,222.674978,-1.92138695826235,-11.3358515019875,0.108664035472648,-1.0751228,-1.169807,0.82863873,217.17572,116.116714,-22.857067,WAL
2010197337000,222.679949,-1.74566803620102,-11.5476158197047,0.0906415841716827,-0.9416488,-1.2321151,0.81122905,216.85275,116.23227,-23.06697,WAL
2010202253000,222.684865,-1.53581066185583,-11.7581179940265,0.00859750365698087,-0.7626653,-1.2770138,0.8219192,216.51756,116.28627,-23.254436,WAL
2010207292000,222.689904,-1.18402956213425,-11.9779810378657,-0.318754371012048,-0.5012149,-1.2861768,0.84696466,216.18411,116.31627,-23.436338,WAL
2010212265000,222.694877,-0.805167287475005,-12.1145821941465,-0.678208873532085,-0.1740966,-1.244638,0.86101454,215.88614,116.28049,-23.562431,WAL
2010217304000,222.699916,-0.318293469401018,-11.9917669888202,-1.16069642118706,0.16523905,-1.1099422,0.8344419,215.62271,116.21495,-23.674229,WAL
2010222444000,222.705056,0.185615740685225,-11.8432151244111,-1.65381809985011,0.4541783,-0.88208944,0.7715228,215.4308,116.06101,-23.678793,WAL
2010227326000,222.709938,0.756274497858672,-11.4077124987152,-2.13437280421842,0.5983425,-0.59773165,0.65026605,215.2981,115.87264,-23.64871,WAL
2010232290000,222.714902,1.28119468232002,-11.0386239966146,-2.61454624107365,0.571159,-0.45356745,0.51068336,215.2178,115.612236,-23.504036,WAL
2010237354000,222.719966,1.54924468563631,-11.0185201895122,-3.06353008846898,0.4007276,-0.15607607,0.3747658,215.2654,115.329704,-23.30742,WAL
2010242394000,222.725006,1.81602430978997,-10.9985116611165,-3.51038605033163,0.2846632,0.1441642,0.30543262,215.38489,115.00793,-23.02637,WAL
2010247319000,222.729931,1.98771976915878,-11.1035595185637,-3.82529584925237,0.03359759,0.39400807,0.17867808,215.5661,114.67475,-22.683977,WAL
2010252320000,222.734932,1.93900287687926,-11.522525402604,-3.83991091693622,-0.20891592,0.5122105,0.056199603,215.79123,114.34271,-22.32061,WAL
2010257262000,222.739874,1.74733667434268,-11.9133271536864,-3.64115170878505,-0.44868052,0.47342056,-0.048258353,216.07375,114.0044,-21.872265,WAL
2010262318000,222.74493,1.22441714945794,-12.2602643084112,-2.95230573046729,-0.6640105,0.28771752,-0.1414153,216.33354,113.672554,-21.400581,WAL
2010267243000,222.749855,0.661075862992863,-12.3994306177662,-2.23869304846451,-0.8268061,0.040927973,-0.2275473,216.54965,113.3309,-20.899439,WAL
2010272294000,222.754906,-0.0060981920698302,-12.2128081521991,-1.43621803470679,-0.86254174,-0.14538592,-0.2883284,216.71611,112.99767,-20.395172,WAL
2010277313000,222.759925,-0.603594175333794,-12.030465643887,-0.757228849521529,-0.7800749,-0.2657264,-0.30390546,216.77809,112.67803,-19.964499,WAL
2010282313000,222.764925,-1.0575608798568,-11.8554992208177,-0.336363832239285,-0.5717699,-0.267559,-0.27152961,216.81604,112.355354,-19.544739,WAL
2010287341000,222.769953,-1.34426791899079,-11.9282977554031,0.0433206091726179,-0.31887165,-0.21227567,-0.21655174,216.79356,112.08921,-19.283426,WAL
2010292424000,222.775036,-1.22533808975756,-12.6007091116332,0.32234837734035,-0.043676864,-0.13530666,-0.15302174,216.78322,111.809494,-19.039825,WAL
2010297386000,222.779998,-1.06957810350877,-13.2679097894737,0.543357784210526,0.21227567,-0.106901415,-0.08735373,216.77007,111.58701,-18.939241,WAL
2010302307000,222.784919,-0.735143092460083,-13.978583963631,0.529422973086931,0.4184427,-0.12156218,-0.07147124,216.77501,111.3449,-18.840925,WAL
2010307299000,222.789911,-0.401460175262954,-14.6723971339026,0.50249519433922,0.5879578,-0.105068825,-0.11453723,216.80315,111.00533,-18.684278,WAL
2010312312000,222.794924,-0.103328407063846,-15.1894696487483,0.390695789776829,0.7244862,-0.046731193,-0.19181168,216.84825,110.65283,-18.522518,WAL
2010317307000,222.799919,0.19147176555036,-15.6860754346386,0.261851872832651,0.852157,0.009468411,-0.28985557,216.90477,110.17862,-18.237509,WAL
2010322342000,222.804954,0.459199763728814,-15.9444092881356,-0.0951187881355932,0.9550878,0.0693332,-0.39950588,216.98451,109.68819,-17.932701,WAL
2010327591000,222.810203,0.722459456387547,-16.1924420149401,-0.445701046893899,1.058324,0.1563815,-0.49602258,217.09888,109.11188,-17.530706,WAL
2010332303000,222.814915,0.774940842324208,-16.1682197719628,-0.510293529026659,1.1820242,0.21197024,-0.6065892,217.22375,108.51369,-17.106123,WAL
2010337304000,222.819916,0.830641056897477,-16.142511911791,-0.578847646842011,1.3008375,0.29932398,-0.659429,217.39133,107.87968,-16.621437,WAL
2010342340000,222.824952,0.62944879864598,-15.8207631918195,-0.407115606854725,1.3585643,0.321926,-0.7703011,217.5541,107.2194,-16.10589,WAL
2010347253000,222.829865,0.363999705623615,-15.4273301914165,-0.174847641798308,1.4978416,0.23701571,-0.90408057,217.71292,106.54413,-15.585232,WAL
2010352330000,222.834942,0.0182253327983417,-14.7390320145099,0.103053477331951,1.6282613,0.09712757,-1.0351112,217.86462,105.85577,-15.041023,WAL
2010357259000,222.839871,-0.335886813118152,-13.9981917838318,0.38261570240154,1.808772,-0.06261369,-1.1517864,217.98743,105.14542,-14.48116,WAL
2010362340000,222.844952,-0.824305764789148,-13.1673238655264,0.559998903308758,2.0463986,-0.22571471,-1.2522738,218.0699,104.465256,-13.962192,WAL
2010367262000,222.849874,-1.33399558110685,-12.3425528457682,0.69900520673351,2.3231206,-0.34391713,-1.348485,218.12712,103.77317,-13.425942,WAL
2010372341000,222.854953,-1.85040631763828,-11.7497114813967,0.585056947936729,2.5977044,-0.3915646,-1.4367551,218.17944,103.16362,-12.964447,WAL
2010377297000,222.859909,-2.35090783713689,-11.2633751387784,0.38202332448269,2.8499918,-0.35613444,-1.4969252,218.23848,102.57472,-12.492581,WAL
2010382248000,222.86486,-2.90514715006168,-11.1915813233964,0.135614995182977,3.0857859,-0.26206118,-1.5409076,218.35588,102.15434,-12.143265,WAL
2010387248000,222.86986,-3.48597738238076,-11.2801827831003,-0.130188648937089,3.2678237,-0.11026118,-1.565953,218.52258,78.20705,-11.785347,WAL
2010392266000,222.874878,-4.05885482383971,-11.6713607188714,-0.444993543052546,3.3677,0.08032878,-1.572978,218.74547,78.406654,-11.51403,WAL
2010397203000,222.879815,-4.61953374317113,-12.1450376560008,-0.768833928207933,3.3738089,0.2938262,-1.5699236,219.0375,78.53059,-11.24141,WAL
2010402250000,222.884862,-5.1431788252331,-12.549281539627,-1.02228137117327,3.29348,0.49541172,-1.557401,219.38835,78.522705,-11.042899,WAL
2010407239000,222.889851,-5.64899437584499,-12.929803268648,-1.25430689133644,3.155119,0.59712076,-1.5357152,219.7824,78.457054,-10.850133,WAL
2010412346000,222.894958,-6.08540000404975,-13.1743948763861,-1.47267023949474,2.9712486,0.59773165,-1.5066991,220.18031,78.321915,-10.713556,WAL
2010417326000,222.899938,-6.48548156436216,-13.3675378211359,-1.67960899911291,2.7827966,0.47067168,-1.459357,220.57304,78.16083,-10.585993,WAL
2010422335000,222.904947,-6.81774007568019,-13.5479409833022,-1.86423678330223,2.6303856,0.27091873,-1.3961325,220.9376,77.9548,-10.521764,WAL
2010427358000,222.90997,-7.12013444440625,-13.7227626968864,-2.03905849688636,2.4871378,0.07147124,-1.3249667,221.26294,77.74822,-10.465104,WAL
2010432346000,222.914958,-7.45058104147876,-13.824295725957,-2.40354555672784,2.3857343,0.00580322,-1.2861768,221.5397,77.52748,-10.447202,WAL
2010437370000,222.919982,-7.79875688710016,-13.8898938331411,-2.86778007024646,2.3075435,-0.024129177,-1.284955,221.76749,77.315475,-10.427961,WAL
2010442402000,222.925014,-7.92515997797798,-14.0224990501411,-2.84135818660479,2.2797492,-0.01863139,-1.3289373,221.97157,77.095894,-10.433942,WAL
2010447368000,222.92998,-7.98142142742743,-14.1739731218491,-2.66391761536082,2.2379048,-0.04337143,-1.4908166,222.16164,76.92108,-10.397839,WAL
2010452283000,222.934895,-7.73130535958081,-14.0704168831858,-2.94092463131812,2.173764,-0.10934488,-1.632232,222.31674,76.75975,-10.386617,WAL
2010457305000,222.939917,-7.22504532870983,-13.7568040938053,-3.59503070483465,2.0567832,0.09162979,-1.6526959,222.54178,76.62788,-10.367916,WAL
2010462284000,222.944896,-6.53130345693471,-13.3389440646758,-3.96909163594706,1.8286251,0.43860126,-1.6505579,222.78203,76.54583,-10.309079,WAL
2010467264000,222.949876,-5.54997648329441,-12.7607569809254,-3.93196036601046,1.5793921,0.64568454,-1.6172657,223.03694,76.48836,-10.252545,WAL
2010472310000,222.954922,-4.51025584749065,-12.1554919327888,-3.75996443463885,1.5100589,0.7816021,-1.534799,223.30148,76.52148,-10.152152,WAL
2010477343000,222.959955,-3.44304301543003,-11.5388803417142,-3.49909020661287,1.5790867,0.94134337,-1.4162911,223.6261,76.557785,-10.081707,WAL
2010482260000,222.964872,-2.54054201578947,-11.1148088245614,-3.00308498245614,1.7180585,1.1334605,-1.2980887,223.9656,76.63174,-9.94297,WAL
2010487294000,222.969906,-1.72359231070574,-10.8168622112241,-2.31108049214514,1.8710803,1.2525792,-1.2525792,224.32646,76.67675,-9.82354,WAL
2010492284000,222.974896,-1.02095216802074,-10.6628214301981,-1.88416444002962,2.0002782,1.3399329,-1.2431108,224.71547,76.72991,-9.616833,WAL
2010497338000,222.97995,-0.393645598781707,-10.618013850861,-1.65564559825958,2.116648,1.4807373,-1.2745703,225.15332,76.74909,-9.423118,WAL
2010502347000,222.984959,0.155757588215768,-10.6160121153729,-1.62097213203117,2.1997259,1.6847663,-1.3139712,225.64348,76.734116,-9.1466875,WAL
2010507345000,222.989957,0.601417841991701,-10.6741416222042,-1.85833469379617,2.251344,1.9822577,-1.3301591,226.20038,76.69019,-8.884793,WAL
2010512347000,222.994959,0.961919150451189,-10.7090187362592,-1.90602807723544,2.3463335,2.2617285,-1.3234396,226.80542,76.63501,-8.547146,WAL
2010517349000,222.999961,1.21243830902379,-10.7139309751846,-1.70954246970878,2.366492,2.3961189,-1.3176364,227.4532,76.568954,-8.218603,WAL
2010522331000,223.004943,1.37040131017516,-10.613817995867,-1.55188749507971,2.3539693,2.4294112,-1.3063353,228.134,76.527306,-7.849936,WAL
2010527341000,223.009953,1.43178066305845,-10.4013505121039,-1.43385022869514,2.2950208,2.4129176,-1.2815952,228.83565,76.47014,-7.4969764,WAL
2010532301000,223.014913,1.42516383516266,-10.1188103524177,-1.49607565899337,2.1844542,2.3732114,-1.2522738,229.5351,76.40095,-7.120969,WAL
2010537412000,223.020024,1.33320353718976,-9.73644963482646,-1.78647648292297,2.118786,2.3295345,-1.1792754,230.22258,76.30645,-6.769141,WAL
2010542324000,223.024936,1.1779480988879,-9.34254533026615,-2.06361661913525,2.0302107,2.3698518,-1.1016954,230.9191,76.20591,-6.428378,WAL
2010547355000,223.029967,0.930059807730286,-8.90397374166419,-2.34487450738102,1.9776763,2.4135287,-1.0189233,231.59726,76.08764,-6.112702,WAL
2010552243000,223.034855,0.651491929451306,-8.5386990995569,-2.53553244396154,1.9743165,2.42147,-0.93218035,232.26633,75.9795,-5.8418427,WAL
2010557310000,223.039922,0.303801559779391,-8.25505649363628,-2.60415558880928,1.9428569,2.388483,-0.8738427,232.93042,75.87799,-5.589525,WAL
2010562250000,223.044862,-0.0411918115060241,-7.98140259939759,-2.72027468674699,1.890017,2.405282,-0.8231409,233.60062,75.77997,-5.4056954,WAL
2010567311000,223.049923,-0.411029640596386,-7.70889061536145,-2.97332163795181,1.8573358,2.4141395,-0.77488256,234.25356,75.67665,-5.2368655,WAL
2010572255000,223.054867,-0.764515338081337,-7.48282720002013,-3.13732107650493,1.8445076,2.381458,-0.7473936,234.89844,75.55957,-5.132385,WAL
2010577288000,223.0599,-1.10415746859271,-7.35667460410711,-3.08880070700624,1.7886134,2.3246477,-0.7480045,235.53546,75.46183,-5.0334864,WAL
2010582272000,223.064884,-1.41682983935503,-7.20680787076739,-3.03809534550612,1.7464638,2.2531765,-0.75502944,236.15625,75.371346,-4.9971514,WAL
2010587302000,223.069914,-1.67573816273514,-6.99584555544939,-2.98056019590923,1.7009543,2.1728477,-0.7516697,236.75594,75.29876,-4.9595194,WAL
2010592376000,223.074988,-1.94199430350495,-6.72327849895578,-2.90403950845365,1.6358972,2.1242838,-0.7473936,237.34628,75.21492,-4.972007,WAL
2010597353000,223.079965,-2.2146554501135,-6.32077861641696,-2.78718476361573,1.5628988,2.0983222,-0.7669413,237.9195,75.150734,-4.9751487,WAL
2010602272000,223.084884,-2.46856727402624,-5.93153303600122,-2.66929272270924,1.5039502,2.0726657,-0.77549344,238.4783,75.06716,-5.024947,WAL
2010607303000,223.089915,-2.5567659279162,-5.62773809897285,-2.52229511971931,1.4248432,2.0595322,-0.79259765,239.03233,75.01464,-5.0658855,WAL
2010612297000,223.094909,-2.63936789161011,-5.32623826369627,-2.34019037086653,1.3292428,2.0793853,-0.8002335,239.5904,74.92542,-5.1646934,WAL
2010617341000,223.099953,-2.68687982157962,-5.02216166383397,-1.89357783226124,1.2721269,2.0836613,-0.82253003,240.13864,74.85338,-5.2524447,WAL
2010622301000,223.104913,-2.73235280032628,-4.72004495936326,-1.46350721745304,1.1841623,2.078469,-0.8539896,240.68979,74.77222,-5.359344,WAL
2010627370000,223.109982,-2.76595108859007,-4.37926141196361,-1.11792408785446,1.0659598,2.0567832,-0.88239485,241.23376,74.71913,-5.459357,WAL
2010632327000,223.114939,-2.79871107246418,-4.05089549357624,-0.781616087816681,0.89461213,2.0540345,-0.89552844,241.75652,74.584564,-5.5775247,WAL
2010637337000,223.119949,-2.83057931214536,-3.78229241785748,-0.462934423085682,0.81336707,2.0427334,-0.91782504,242.26581,74.46404,-5.6814456,WAL
2010642780000,223.125392,-2.86248379902393,-3.49406933771938,-0.118371313847959,0.65087694,2.006387,-0.8933904,242.69928,74.269585,-5.8172,WAL
2010647452000,223.130064,-2.845686829939,-3.30510384110746,0.150379687259503,0.4334089,1.9950858,-0.8903361,243.13033,74.12105,-5.936767,WAL
2010652244000,223.134856,-2.82845843185359,-3.11128477865791,0.426033539422806,0.35888332,1.9504927,-0.86742866,243.52151,73.87167,-6.0924997,WAL
2010657349000,223.139961,-2.83695853006671,-3.03481999561507,0.679448806646066,0.2275473,1.8768835,-0.8396343,243.89117,73.70098,-6.2393556,WAL
2010662250000,223.144862,-2.8507713788503,-2.98877727851677,0.914266586923681,0.0888809,1.7986927,-0.7987063,244.2353,73.55392,-6.385273,WAL
2010667349000,223.149961,-2.84637426090588,-3.0084440133032,0.997314652534879,-0.03268129,1.7162259,-0.7837401,244.65244,73.45268,-6.517035,WAL
2010672264000,223.154876,-2.83712495333071,-3.04544143676557,1.03431212428768,-0.15118915,1.6355917,-0.75441855,245.03574,73.38153,-6.654913,WAL
2010677344000,223.159956,-2.75899708065632,-3.04418160799644,0.975347208658693,-0.27488935,1.5628988,-0.71959925,245.44327,73.327286,-6.7978477,WAL
2010682289000,223.164901,-2.66069681526144,-3.03013872690521,0.886408863991302,-0.3943135,1.4932601,-0.68325275,245.81966,73.29812,-6.941184,WAL
2010687362000,223.169974,-2.55007819537377,-2.97614469399154,0.798419326629055,-0.5002986,1.4419475,-0.6585127,246.18515,73.29288,-7.0885286,WAL
2010692424000,223.175036,-2.43612003341796,-2.90776990153268,0.711811148293371,-0.6264423,1.368949,-0.6243043,246.5145,73.316124,-7.2390175,WAL
2010697353000,223.179965,-2.31433631171303,-2.85497318003556,0.65845105117967,-0.7501425,1.3072516,-0.59040123,246.82487,73.37397,-7.3854303,WAL
2010702374000,223.184986,-2.18358814846266,-2.80971407927212,0.623249619380883,-0.88147855,1.2342533,-0.56138515,247.10194,73.45914,-7.530669,WAL
2010707340000,223.189952,-2.07325792129865,-2.78007595218072,0.625996898744377,-1.010982,1.1575897,-0.52778757,247.33965,73.57678,-7.66279,WAL
2010712351000,223.194963,-1.9700145624291,-2.75661157471152,0.64476843012126,-1.1450669,1.0586295,-0.48747048,247.54053,73.71944,-7.7952294,WAL
2010717343000,223.199955,-1.88738073171735,-2.72654755625816,0.739206855430091,-1.2739595,0.95264435,-0.44593164,247.72754,73.8962,-7.9227147,WAL
2010722344000,223.204956,-1.81527351982335,-2.69289759766135,0.873806965893807,-1.4208726,0.8268061,-0.4092797,247.87097,74.099396,-8.049082,WAL
2010727397000,223.210009,-1.77495361729457,-2.67514226698309,1.07846602787007,-1.5555683,0.7510588,-0.36010507,248.00992,74.32843,-8.171408,WAL
2010732336000,223.214948,-1.7515679186987,-2.66578795824187,1.31232264754277,-1.675298,0.59986967,-0.3378085,248.08429,74.57972,-8.281077,WAL
2010737371000,223.219983,-1.76435573611524,-2.68067532887833,1.60587521479061,-1.749518,0.4361578,-0.29077184,248.13788,74.82435,-8.3852825,WAL
2010742388000,223.225,-1.79765225536086,-2.70921511027621,1.92932688188298,-1.890017,0.25900686,-0.23518312,248.13695,75.09822,-8.487168,WAL
2010747403000,223.230015,-1.8311975861267,-2.88926181539695,2.29755814739374,-2.012801,0.08735373,-0.16615535,248.13046,75.34881,-8.593584,WAL
2010752335000,223.234947,-1.86434007241379,-3.15440190344828,2.68579909655172,-2.1386392,-0.08674286,-0.08246681,248.06403,75.60897,-8.708998,WAL
2010757337000,223.239949,-1.92352785453482,-3.74989791396528,3.25299876048371,-2.268448,-0.23945917,0.02565634,247.96698,75.828705,-8.834931,WAL
2010762344000,223.244956,-1.99834910500293,-4.54487381615955,3.92638996586698,-2.3582454,-0.44012842,0.1740966,247.79645,76.032364,-8.983554,WAL
2010767337000,223.249949,-1.96083512212066,-5.86477573522243,4.75271062632541,-2.3890939,-0.5164866,0.28130344,247.626,76.17077,-9.147224,WAL
2010772320000,223.254932,-1.83966608308958,-7.57568291453382,5.69298253318099,-2.3273966,-0.5852089,0.43554693,247.38847,76.26017,-9.354142,WAL
2010777363000,223.259975,-1.53279911248521,-9.95080070118343,6.93190778532544,-2.1303926,-0.54641896,0.5858198,247.16876,76.22226,-9.566597,WAL
2010782338000,223.26495,-1.10991790600099,-12.7136245115878,8.3415115779783,-1.7198911,-0.43951756,0.7156286,246.94354,76.10128,-9.810532,WAL
2010787354000,223.269966,-0.221129347962673,-14.6902191868771,9.76872725298026,-1.0198395,-0.28313604,0.74006325,246.77396,75.825905,-9.981975,WAL
2010792414000,223.275026,1.01945733867012,-16.0823285722591,11.2129221542896,-0.052839845,-0.17592919,0.5216789,246.63379,75.45565,-10.113268,WAL
2010797371000,223.279983,2.38928800237572,-17.0867332952685,11.490459171691,0.8518516,-0.0033597588,0.1328632,246.65887,75.019,-10.003979,WAL
2010802334000,223.284946,3.89327199506888,-17.7841636014174,10.7930278747255,1.4086553,0.40317106,-0.27214047,246.80386,74.509605,-9.858483,WAL
2010807329000,223.289941,5.02973207698374,-18.2994044424107,9.64018472524584,1.6239853,0.945314,-0.514654,247.15938,73.950806,-9.410256,WAL
2010812338000,223.29495,5.82370919855905,-18.6450186148379,8.07091247687664,1.6206255,1.4703526,-0.6068946,247.63614,73.33356,-8.967114,WAL
2010817339000,223.299951,5.83538435441351,-18.3904342579976,6.75363165669431,1.4740179,1.813048,-0.6582073,248.23396,72.9356,-8.324441,WAL
2010822326000,223.304938,4.96771504383886,-17.4614622203791,5.72091642890995,1.3090842,1.947133,-0.68936145,248.90793,72.51746,-7.7396607,WAL
2010827338000,223.30995,3.93347917243276,-15.995373639836,4.89614777292271,1.1319333,1.9596558,-0.6927212,249.62456,72.36324,-7.1250644,WAL
2010832340000,223.314952,2.69770053707629,-13.8638944517548,4.34052645317468,1.0311406,1.887879,-0.68539083,250.3385,72.20264,-6.549761,WAL
2010837323000,223.319935,1.54152945155347,-11.5921974513661,3.9659268381733,0.8356637,1.7504344,-0.6844745,251.01233,72.141266,-6.120348,WAL
2010842399000,223.325011,0.460000713661202,-9.0876047431694,3.81413333770492,0.63713247,1.5943583,-0.657291,251.64728,72.087944,-5.712643,WAL
2010847326000,223.329938,-0.468826909504831,-6.87353059891304,3.7234896205314,0.41386122,1.4288138,-0.5900958,252.22093,72.022446,-5.4955044,WAL
2010852342000,223.334954,-1.22786981800725,-4.95416728586957,3.7186549557971,0.17501289,1.260215,-0.49693888,252.73944,72.003975,-5.286186,WAL
2010857262000,223.339874,-1.89699951654433,-3.49499440961947,3.68862171972185,-0.062002823,1.1142182,-0.3631594,253.23894,71.934265,-5.2839766,WAL
2010862346000,223.344958,-2.47069042073595,-2.64856526949971,3.618086007147,-0.2837469,1.0118983,-0.20311269,253.68465,71.9106,-5.3033996,WAL
2010867239000,223.349851,-3.00389762774107,-2.09006686871589,3.5228224126975,-0.5161811,0.95386606,-0.04153884,254.0723,71.843765,-5.449168,WAL
2010872328000,223.35494,-3.5172558997223,-2.06673231985062,3.36414794823327,-0.7538077,0.92271197,0.12217305,254.41992,71.82032,-5.629235,WAL
2010877275000,223.359887,-3.91359340100503,-2.18740998894472,3.27367971105528,-0.9923506,0.8536842,0.25778514,254.70796,71.80183,-5.90067,WAL
2010882343000,223.364955,-3.98188416619096,-2.7825156358995,3.3907496961005,-1.2302825,0.6719518,0.3494149,254.94171,71.828606,-6.1888,WAL
2010887368000,223.36998,-4.00789407802735,-3.4836841255865,3.57592725977838,-1.4731015,0.29871312,0.39492437,255.0661,71.89981,-6.543584,WAL
2010892318000,223.37493,-3.91797713283418,-4.48223630438255,3.94979294710991,-1.6166549,-0.24373524,0.3930918,255.08524,71.99082,-6.878252,WAL
2010897322000,223.379934,-3.84513989399015,-6.33501534605911,4.21163464876847,-1.6475036,-0.93187493,0.39584067,254.96492,72.11554,-7.1780667,WAL
2010902344000,223.384956,-3.82618632173399,-10.7227701435961,4.12634327674877,-1.5766432,-1.6526959,0.41172317,254.68167,72.23754,-7.4333305,WAL
2010907326000,223.389938,-3.93099766272266,-14.4120770470694,3.67585836954921,-1.4367551,-2.1908681,0.46792278,254.26672,72.33797,-7.6260576,WAL
2010912343000,223.394955,-4.47127953601353,-15.7938603952632,1.93548128932232,-1.237613,-2.4242187,0.5158757,253.7388,72.39826,-7.787904,WAL
2010917330000,223.399942,-4.88380711443902,-17.0125165623415,0.598467261955122,-1.0369438,-2.2204952,0.5723807,253.26108,72.68359,-7.874412,WAL
2010922326000,223.404938,-4.8371283897561,-17.6613512253659,0.710496279180488,-0.75319684,-1.9767599,0.5897904,252.73343,72.88643,-7.949141,WAL
2010927381000,223.409993,-4.59006398859149,-18.2287733001316,0.913498771812198,-0.29779682,-1.3723087,0.52748215,252.3419,73.2506,-8.115616,WAL
2010932329000,223.414941,-3.40073461419921,-18.3618447556823,1.53727289255989,0.018936822,-0.83291477,0.46853364,251.99704,73.54785,-8.295304,WAL
2010938309000,223.420921,-1.97737836083496,-18.2546301867797,2.15229310934334,0.70280045,-0.88361657,0.05131268,251.68665,73.69909,-8.331354,WAL
2010942379000,223.424991,-1.14256778444879,-15.6230703128941,1.24544300639704,1.1261301,-0.9944886,-0.14049901,251.49542,73.795784,-8.439405,WAL
2010947527000,223.430139,-0.16717952380084,-12.3354389066187,0.139906396112777,1.0754282,-1.0922271,-0.5103779,251.36795,73.91961,-8.21476,WAL
2010952307000,223.434919,-0.107681146212358,-9.71293314977004,-0.450500608626275,0.7189884,-0.8347474,-0.677755,251.31143,74.00619,-8.018697,WAL
2010957509000,223.440121,-0.0604524878572398,-6.95120579202793,-1.03241252198623,0.16890424,-0.364992,-0.634689,251.27267,74.20635,-7.748947,WAL
2010962316000,223.444928,-0.212252908223451,-5.42873700378237,-0.89400621341286,-0.39614612,-0.17134771,-0.548557,251.23587,74.509964,-7.454554,WAL
2010967631000,223.450243,-0.392576410608949,-3.78489480853113,-0.745822679455253,-0.84207773,-0.27855456,-0.40561453,251.20047,74.86584,-7.243039,WAL
2010972286000,223.454898,-0.817561219626459,-3.19078336217899,-0.719803221867704,-1.1010846,-0.54336464,-0.21777347,251.1608,75.29473,-7.0758786,WAL
2010977256000,223.459868,-1.27130439917899,-2.55646888562257,-0.692023049105058,-1.2712106,-0.92057395,-0.05955936,251.08328,75.724144,-6.9709444,WAL
2010982344000,223.464956,-1.68010371837132,-2.38262665630236,-1.25680804773037,-1.4504995,-1.2284501,0.059253927,250.93362,76.192474,-6.901029,WAL
2010987293000,223.469905,-2.07252798696669,-2.25797428524255,-1.86160308506721,-1.632232,-1.4584408,0.14996742,250.68579,76.676346,-6.8556747,WAL
2010992380000,223.474992,-2.4066254848619,-2.36702789872005,-2.48490899395631,-1.7647897,-1.577254,0.23701571,250.38516,77.1283,-6.8959146,WAL
2010997291000,223.479903,-2.71893289940333,-2.50733990910403,-3.08689295576942,-1.8796324,-1.6807957,0.3268129,250.01262,77.58971,-6.957878,WAL
2011002337000,223.484949,-2.97479610832758,-2.68445118365072,-3.68767061894425,-1.9853121,-1.8124372,0.4370741,249.55783,78.084595,-7.111876,WAL
2011007274000,223.489886,-3.20805062841638,-2.86638979018254,-4.27080704094721,-2.0607538,-1.9459113,0.55833083,249.06123,78.546616,-7.298251,WAL
2011012337000,223.494949,-3.36734856691329,-3.16549321728322,-4.89415083711157,-2.1022928,-2.037541,0.7076874,248.47313,78.99905,-7.568935,WAL
2011017255000,223.499867,-3.49744274179738,-3.49072865449344,-5.50745197500247,-2.1041253,-2.0512855,0.84665924,247.86343,79.37104,-7.8795133,WAL
2011022334000,223.504946,-3.43223836701366,-3.9542709050998,-5.77048937530322,-2.085494,-2.0231857,0.95417154,247.18866,79.67049,-8.26835,WAL
2011027393000,223.510005,-3.29342908921784,-4.46323814428421,-5.89541754172476,-2.0347922,-1.9147571,1.0140363,246.5339,79.83752,-8.696016,WAL
2011032419000,223.515031,-2.9731062908557,-5.1595188412557,-5.82181387291139,-2.0069978,-1.740966,1.0375546,245.88008,79.90059,-9.176095,WAL
2011037329000,223.519941,-2.56835900538734,-5.93568154778734,-5.65039147797468,-1.9795089,-1.534799,1.0885619,245.27393,79.7951,-9.692417,WAL
2011042352000,223.524964,-2.23517299926145,-6.81366445790251,-5.32549667282127,-1.9617938,-1.3435981,1.1435398,244.72661,79.58108,-10.195018,WAL
2011047348000,223.52996,-1.94305724824225,-7.72770368980798,-4.92972713131462,-1.9596558,-1.212873,1.2275337,244.2308,79.216286,-10.726461,WAL
2011052222000,223.534834,-1.76235986664946,-8.72935519359835,-4.56840874057821,-1.9651535,-1.135293,1.3408492,243.79874,78.80223,-11.19719,WAL
2011057264000,223.539876,-1.63771798245741,-9.83118915415591,-4.20943994543108,-1.949271,-1.0806206,1.4535538,243.40753,101.72425,-11.692096,WAL
2011062255000,223.544867,-1.42334735698427,-10.7831118908418,-3.87551466697502,-1.890628,-1.0235047,1.5738943,243.07175,102.25549,-12.129127,WAL
2011067214000,223.549826,-1.16951327844588,-11.6666503302498,-3.55334073635523,-1.817935,-0.9602802,1.7079792,242.76154,102.86776,-12.598074,WAL
2011072236000,223.554848,-0.881275435514481,-12.2183384290798,-3.07908395196204,-1.7095064,-0.9935723,1.8115209,242.45767,103.43948,-13.010333,WAL
2011077213000,223.559825,-0.584466356098646,-12.6423510834239,-2.55613471643768,-1.6374242,-1.0937542,1.8790215,242.15775,104.052505,-13.445282,WAL
2011082207000,223.564819,-0.335357457406209,-12.9725671553359,-2.22758904863732,-1.59558,-1.2067643,1.9285016,241.86395,104.59707,-13.823806,WAL
2011087285000,223.569897,-0.102324695162624,-13.2687133575921,-1.97513686415094,-1.5827519,-1.2751812,1.9233092,241.55748,105.14352,-14.202136,WAL
2011092290000,223.574902,0.0427848878133307,-13.3669631790461,-1.99701323741204,-1.5583172,-1.2244794,1.863139,241.27011,105.58042,-14.500241,WAL
2011097215000,223.579827,0.153416097080825,-13.3900113318999,-2.12147335908913,-1.5528195,-1.0390818,1.740966,241.00346,105.99921,-14.774354,WAL
2011102185000,223.584797,0.281616572718264,-13.3140849292439,-2.27307613375285,-1.5671748,-0.7583892,1.5714508,240.787,106.33395,-14.97351,WAL
2011107233000,223.589845,0.420549073433753,-13.1847338686949,-2.44075322510158,-1.5613716,-0.4202753,1.352761,240.63806,106.6221,-15.115697,WAL
2011112211000,223.594823,0.649544674819911,-12.8409824204775,-2.51819626187778,-1.5314392,-0.09682214,1.1285735,240.5741,106.86147,-15.183712,WAL
2011117219000,223.599831,0.93098109107244,-12.3751563387293,-2.54731035398624,-1.4743233,0.060170226,0.90133166,240.55077,107.04482,-15.185261,WAL
2011122259000,223.604871,1.07847673689777,-11.7583153960047,-2.29137753772033,-1.4208726,0.24801129,0.79045963,240.63322,107.211876,-15.1417885,WAL
2011127216000,223.609828,1.157504189953,-11.0796097711516,-1.90088918314728,-1.400714,0.19456059,0.58184916,240.67355,107.30229,-15.014317,WAL
2011132199000,223.614811,1.01775863952648,-10.3929109807384,-1.46961323844302,-1.3558154,-0.115453534,0.4147775,240.70486,107.367004,-14.855196,WAL
2011137283000,223.619895,0.73934328434992,-9.68954610914928,-1.00558776548957,-1.3228287,-0.61422503,0.25717425,240.65213,107.39211,-14.657272,WAL
2011142260000,223.624872,0.323811119839636,-9.0885729234805,-0.957784975955256,-1.3634512,-1.2244794,0.093767814,240.4607,107.379166,-14.448925,WAL
2011147218000,223.62983,-0.169713883553752,-8.53864473638883,-1.13639405481093,-1.4618006,-1.7617353,-0.076052725,240.13727,107.34175,-14.221882,WAL
2011152211000,223.634823,-0.622747707470878,-8.06054008837117,-1.62655592108588,-1.5531249,-2.104736,-0.18753563,239.68654,107.31941,-14.046265,WAL
2011157227000,223.639839,-1.04953485477986,-7.62901088497532,-2.31889949668312,-1.5879441,-2.2461514,-0.2602286,239.13857,107.28455,-13.8589525,WAL
2011162209000,223.644821,-1.41797027242206,-7.37835550947242,-2.91955388818945,-1.5699236,-2.2699752,-0.3032946,238.50592,107.343575,-13.75045,WAL
2011167215000,223.649827,-1.74850212669864,-7.25380744996003,-3.4608597009992,-1.5387696,-2.2043073,-0.30726522,237.86774,107.412254,-13.646578,WAL
2011172204000,223.654816,-1.97896611099256,-7.2316320722592,-3.80384737689898,-1.5070046,-2.101682,-0.2941316,237.22876,107.62603,-13.628214,WAL
2011177197000,223.659809,-2.13810650052858,-7.28311852368833,-4.00511297823023,-1.4590516,-1.9743165,-0.24220806,236.62503,107.85069,-13.625198,WAL
2011182194000,223.664806,-2.24564964940727,-7.39961599535865,-4.08345434794053,-1.400714,-1.8084666,-0.16065755,236.06828,108.19392,-13.698213,WAL
2011187231000,223.669843,-2.30864939304802,-7.57407684725738,-4.05437769109906,-1.3231341,-1.625207,-0.0720821,235.56033,108.544266,-13.786886,WAL
2011192256000,223.674868,-2.34724684316589,-7.79632434353104,-3.93635391349058,-1.2779301,-1.430341,0.019547688,235.10677,108.95028,-13.917503,WAL
2011197195000,223.679807,-2.36591843704727,-8.05305875939998,-3.74963787719333,-1.2675453,-1.2363913,0.09193522,234.71179,109.36493,-14.06047,WAL
2011202190000,223.684802,-2.2579696313853,-8.26582806643129,-3.37826996958097,-1.2935071,-1.0458013,0.15088372,234.39334,109.796005,-14.216997,WAL
2011207226000,223.689838,-2.02943952613584,-8.43610550617857,-2.83159024849949,-1.3466524,-0.9016371,0.23732115,234.12306,110.249176,-14.393589,WAL
2011212199000,223.694811,-1.73096630988396,-8.64397182800827,-2.13694465005881,-1.4492778,-0.82253003,0.30909783,233.89471,110.68851,-14.561331,WAL
2011217195000,223.699807,-1.30506253539342,-8.92156947353362,-1.17105574014306,-1.5332718,-0.8005389,0.34605515,233.6923,111.140656,-14.737805,WAL
2011222228000,223.70484,-0.876004549602607,-9.20122298632968,-0.198013529653473,-1.5748106,-0.75686204,0.35063666,233.53372,111.50619,-14.872566,WAL
2011227233000,223.709845,-0.622865173328781,-9.16701760600888,0.110389944240355,-1.5940529,-0.75900006,0.3662137,233.3699,111.888824,-15.022498,WAL
2011232196000,223.714808,-0.417484334557038,-9.07800190842126,0.277782684502887,-1.563815,-0.8072584,0.36957347,233.20241,112.262886,-15.170776,WAL
2011237243000,223.719855,-0.374182792727454,-8.96253131106908,0.171934471476608,-1.4404203,-0.8686504,0.3811799,233.05615,112.40095,-15.223765,WAL
2011242208000,223.72482,-0.344396158303971,-8.84773673753359,0.0602003392314124,-1.2819008,-0.91446525,0.38637227,232.90225,112.48532,-15.260436,WAL
2011247214000,223.729826,-0.454145775041306,-8.71890062346969,-0.135440276319896,-1.099252,-0.91996306,0.39706242,232.74684,112.5415,-15.303475,WAL
2011252210000,223.734822,-0.567827631725564,-8.59325633251304,-0.335124131024707,-0.9166033,-0.9275989,0.40225476,232.58138,112.57928,-15.350002,WAL
2011257219000,223.739831,-0.733095669361158,-8.50353956600059,-0.590109092952062,-0.77854776,-0.9230174,0.4098906,232.4227,112.591064,-15.39858,WAL
2011262372000,223.744984,-0.907205072783023,-8.41272821843668,-0.854677580453616,-0.6731735,-0.89919364,0.41172317,232.26096,112.61106,-15.458188,WAL
2011267211000,223.749823,-1.1192251253149,-8.3450618242967,-1.12985256991142,-0.62125,-0.8576548,0.43554693,232.11209,112.62009,-15.522338,WAL
2011272492000,223.755104,-1.34911937222847,-8.26973747644835,-1.42573387222847,-0.61941737,-0.83108217,0.45814893,231.96077,112.673035,-15.614668,WAL
2011277215000,223.759827,-1.52473882127312,-8.17268457985082,-1.60135332127312,-0.66523224,-0.786489,0.48441613,231.83188,112.73042,-15.707181,WAL
2011282428000,223.76504,-1.71061434173336,-8.06975227171579,-1.78443225545579,-0.7535023,-0.7367035,0.52412236,231.69316,112.86075,-15.846439,WAL
2011287219000,223.769831,-1.78674181671872,-8.02497143158306,-1.82473501157525,-0.85154617,-0.70280045,0.5815437,231.56833,113.009476,-15.992228,WAL
2011292509000,223.775121,-1.8678635879861,-7.98192230377304,-1.8603309662067,-0.95722586,-0.679893,0.64476824,231.44983,113.232506,-16.176495,WAL
2011297231000,223.779843,-1.87659110889704,-8.08228861198495,-1.69887169265657,-1.0885619,-0.6765333,0.6924158,231.33928,113.48492,-16.367249,WAL
2011302208000,223.78482,-1.88578993811638,-8.1880749559008,-1.52869320801891,-1.2040154,-0.7141015,0.73273283,231.2126,113.772865,-16.581211,WAL
2011307226000,223.789838,-1.83882500020885,-8.42373816161114,-1.31321972829438,-1.2947289,-0.7840455,0.7706065,231.08104,114.085915,-16.806011,WAL
2011312197000,223.794809,-1.78674454264545,-8.66993738040776,-1.09542862506216,-1.3658947,-0.83016586,0.79137594,230.94696,114.416985,-17.03435,WAL
2011317235000,223.799847,-1.78562887739183,-8.9867072666399,-0.825063907278386,-1.4114041,-0.9089675,0.8045095,230.78754,114.73382,-17.26917,WAL
2011322182000,223.804794,-1.79038506950105,-9.30537233661279,-0.553960758397751,-1.4251486,-0.98990715,0.8060367,230.61497,115.05443,-17.506594,WAL
2011327260000,223.809872,-1.86158288024844,-9.63274682296606,-0.347844420830647,-1.4492778,-1.0797043,0.81092364,230.41292,115.32793,-17.729391,WAL
2011332233000,223.814845,-1.93835442833302,-9.95338083292243,-0.15365753228902,-1.4465289,-1.1542299,0.8063421,230.19272,115.59265,-17.951885,WAL
2011337386000,223.819998,-2.0298546365357,-10.2992283590479,-0.0234984679782048,-1.4214834,-1.2067643,0.80481493,229.96092,115.80071,-18.158825,WAL
2011342305000,223.824917,-2.11991931178664,-10.6324676856897,0.0845791047050951,-1.3756685,-1.2583824,0.8008443,229.7101,115.99998,-18.366444,WAL
2011347290000,223.829902,-2.19091971321447,-10.9686651818645,0.178219347048395,-1.303281,-1.2910637,0.7852673,229.44408,116.13931,-18.555851,WAL
2011352271000,223.834883,-2.25410117345899,-11.3040136077433,0.265701500091696,-1.2000448,-1.3338243,0.7816021,229.16504,116.26474,-18.748817,WAL
2011357292000,223.839904,-2.2144591626058,-11.4489733259154,0.228607438553495,-1.065349,-1.3732251,0.7812967,228.88153,116.34088,-18.936672,WAL
2011362274000,223.844886,-2.14185950655254,-11.530647802758,0.151470201537803,-0.9080512,-1.4355333,0.79381937,228.58485,116.39646,-19.128105,WAL
2011367299000,223.849911,-1.95044892931249,-11.5331629515428,-0.197786138240837,-0.72021013,-1.4694363,0.8167268,228.2935,116.398254,-19.307556,WAL
2011372306000,223.854918,-1.69723859372541,-11.4934439312487,-0.689311917589563,-0.50610185,-1.4669929,0.8231409,228.00012,116.36937,-19.482721,WAL
2011377301000,223.859913,-1.28660416756032,-11.5481232573727,-1.299570127042,-0.2706133,-1.3973542,0.82527894,227.73012,116.303894,-19.639662,WAL
2011382318000,223.86493,-0.8142938940423,-11.6387685064045,-1.95794212490517,-0.00030543262,-1.2266175,0.8142834,227.49588,116.198135,-19.780008,WAL
2011387358000,223.86997,-0.198974818884161,-11.5892957119622,-2.45276922327187,0.25228736,-0.98929626,0.79351395,227.31224,116.0777,-19.881792,WAL
2011392332000,223.874944,0.463185979640662,-11.4856921130969,-2.87619170911584,0.44257188,-0.689056,0.75441855,227.19936,115.92113,-19.95173,WAL
2011397313000,223.879925,1.16517183889644,-11.1926669721497,-3.03643814964991,0.50426924,-0.4092797,0.6927212,227.1773,115.74003,-19.928658,WAL
2011402314000,223.884926,1.89591357929773,-10.772240391368,-3.02142286795903,0.46273044,-0.16126843,0.5888741,227.22768,115.53278,-19.86198,WAL
2011407377000,223.889989,2.3875554583423,-10.5809940461395,-2.90228596164008,0.27885997,0.01740966,0.45204028,227.35356,115.28984,-19.677252,WAL
2011412345000,223.894957,2.76001909235737,-10.4971897345631,-2.73933322810451,0.014049901,0.09621128,0.28344148,227.50722,115.04461,-19.44759,WAL
2011417353000,223.899965,2.78223953764658,-10.7470527416094,-2.45216893823292,-0.23854288,0.10262536,0.09101892,227.69237,114.744705,-19.102627,WAL
2011422335000,223.904947,2.61342548499798,-11.1763226518399,-2.10007117498989,-0.44104472,0.029932396,-0.01282817,227.86516,114.47189,-18.74046,WAL
2011427398000,223.91001,2.15341041412109,-11.5168174040039,-1.72816472158203,-0.5290093,-0.13591751,-0.18173242,227.99532,114.12019,-18.275541,WAL
2011432365000,223.914977,1.5634558137207,-11.8048265222168,-1.35653974780273,-0.6243043,-0.3368922,-0.30695978,228.0837,113.80296,-17.808268,WAL
2011437418000,223.92003,0.830894221100324,-11.8498152297735,-1.1438313707786,-0.6646214,-0.505491,-0.38789943,228.1168,113.43516,-17.3291,WAL
2011442367000,223.924979,0.0369070918446602,-11.7505669587379,-1.03104909685894,-0.6545421,-0.6078109,-0.44226643,228.09987,113.06685,-16.842455,WAL
2011447349000,223.929961,-0.657590438943881,-11.5927436001405,-1.08694880438711,-0.5864306,-0.62888575,-0.453262,228.03789,112.71565,-16.437258,WAL
2011452329000,223.934941,-1.25608082954723,-11.3820752515812,-1.29761735292641,-0.49021935,-0.54092115,-0.41141775,227.97968,112.36867,-16.04181,WAL
2011457332000,223.939944,-1.61931242252002,-11.2659893974122,-1.43951849821319,-0.364992,-0.35430184,-0.3387248,227.94142,112.12263,-15.798455,WAL
2011462361000,223.944973,-1.76768501636886,-11.2363142692545,-1.51865062400904,-0.21746802,-0.1414153,-0.25350907,227.9458,111.87283,-15.569348,WAL
2011467341000,223.949953,-1.68453860217286,-11.5213155216803,-1.42823807831,-0.076358154,0.020158553,-0.17501289,227.97873,111.72362,-15.454094,WAL
2011472327000,223.954939,-1.43552870985031,-12.0331699516176,-1.21611851900531,0.054061573,0.15515977,-0.13408493,228.07057,111.56033,-15.340492,WAL
2011477327000,223.959939,-1.12921323624689,-12.67671639181,-0.870370975247987,0.19761491,0.29077184,-0.15271631,228.20523,111.39816,-15.242737,WAL
2011482438000,223.96505,-0.759470989257529,-13.4648507782527,-0.383868042478879,0.37384954,0.34025195,-0.21410827,228.35376,111.20542,-15.141671,WAL
2011487423000,223.970035,-0.434692576175242,-14.1564544820116,0.0413488302978723,0.53878313,0.31581733,-0.30024028,228.52432,110.89531,-14.968243,WAL
2011492317000,223.974929,-0.149127745278143,-14.7638462661509,0.41303636387234,0.70707655,0.2602286,-0.38240165,228.69751,110.544754,-14.780924,WAL
2011497279000,223.979891,0.129589823676925,-15.2402460149329,0.662188209846635,0.8539896,0.22235495,-0.47861293,228.8877,110.02569,-14.494217,WAL
2011502305000,223.984917,0.396698769700131,-15.5267812618303,0.735036137040662,1.022283,0.1872302,-0.5821546,229.06209,109.46661,-14.193845,WAL
2011507284000,223.989896,0.551967229976581,-15.6259177002342,0.783840364824356,1.1725558,0.14110987,-0.6927212,229.24123,108.77697,-13.812275,WAL
2011512321000,223.994933,0.566088524355972,-15.4847047564403,0.802668737669789,1.3182472,0.04428773,-0.8142834,229.39677,108.055466,-13.415606,WAL
2011517277000,223.999889,0.515895667379572,-15.2233676871877,0.821367654451329,1.450805,-0.032070424,-0.8784242,229.55165,107.26811,-12.9668455,WAL
2011522322000,224.004934,0.361380416430142,-14.7598216318209,0.84068206838297,1.5293012,-0.16646078,-1.0012082,229.66054,106.45243,-12.49064,WAL
2011527267000,224.009879,0.08084207968009,-14.1157583865445,0.842092368231653,1.6887369,-0.29138273,-1.103528,229.75183,105.61515,-12.019289,WAL
2011532313000,224.014925,-0.416348237802427,-13.1485678271039,0.814902280539346,1.8942931,-0.3848451,-1.1936307,229.8195,104.75957,-11.5349455,WAL
2011538165000,224.020777,-0.987645007301945,-12.0677980489616,0.771765900873038,2.1432207,-0.453262,-1.3313808,229.86429,103.8982,-11.058913,WAL
2011542306000,224.024918,-1.3342433216521,-11.7472875287097,0.61523761468659,2.5405886,-0.45875978,-1.3762794,229.91713,103.00876,-10.595452,WAL
2011547249000,224.029861,-1.74796838029321,-11.3647027661874,0.428394021684992,2.676506,-0.41080686,-1.4410311,229.94711,102.22437,-10.203857,WAL
2011552309000,224.034921,-2.26702947563452,-11.4271110139594,0.195376574492386,2.9339857,-0.3555236,-1.488984,229.99854,101.390915,-9.80957,WAL
2011557266000,224.039878,-2.80459086641937,-11.6263796073799,-0.0455992123662632,3.1352658,-0.2883284,-1.5451837,230.08597,100.57657,-9.398873,WAL
2011562319000,224.044931,-3.32794131326858,-12.0211068917484,-0.445367538275586,3.2846224,-0.18142697,-1.591304,230.20094,99.85504,-9.043107,WAL
2011567270000,224.049882,-3.8312424915682,-12.4816753276587,-0.896439345367515,3.340822,-0.0067195175,-1.641395,230.37444,99.17104,-8.673231,WAL
2011572331000,224.054943,-4.37607080582463,-12.9376637064718,-1.3424233706263,3.3093624,0.19058995,-1.6606371,230.56398,98.61918,-8.364628,WAL
2011577437000,224.060049,-4.93754351475992,-13.3919463386221,-1.78649730728601,3.186884,0.35613444,-1.6438384,230.81235,98.147125,-8.056113,WAL
2011582341000,224.064953,-5.4224960553061,-13.7342533146873,-2.11978606887086,2.9987376,0.4361578,-1.6007724,231.07181,97.816444,-7.802637,WAL
2011587327000,224.069939,-5.9044548746439,-14.0630659282143,-2.43959048875578,2.7962356,0.43951756,-1.5519031,231.36761,82.43694,-7.559648,WAL
2011592396000,224.075008,-6.36155549464286,-14.3481902295225,-2.80741892584433,2.611449,0.398895,-1.4862351,231.63441,82.572655,-7.384097,WAL
2011597417000,224.080029,-6.80022053928571,-14.6095224617624,-3.19008417859084,2.4486532,0.36346483,-1.4052955,231.90869,82.65338,-7.2286835,WAL
2011602342000,224.084954,-7.21393656982843,-14.7686597267499,-3.32908781714759,2.3322835,0.34391713,-1.3393221,232.1401,82.65721,-7.1360173,WAL
2011607371000,224.089983,-7.62710059007604,-14.8766459563268,-3.33847794751414,2.2608123,0.3005457,-1.3011429,232.35655,82.63435,-7.056497,WAL
2011612348000,224.09496,-7.91805561438385,-15.0898799026853,-3.15558585675479,2.2547035,0.20769419,-1.3307699,232.51033,82.58401,-7.0088234,WAL
2011617345000,224.099957,-8.12724777976686,-15.3787650645296,-2.8368161072856,2.2476788,0.16157386,-1.3973542,232.66672,82.53298,-6.9572616,WAL
2011622335000,224.104947,-7.97848768421053,-15.2192744135338,-3.06767445488722,2.2088888,0.08399397,-1.6074919,232.76353,82.49251,-6.8849583,WAL
2011627420000,224.110032,-7.64124372299169,-14.8242170005936,-3.58799401117926,2.0693061,0.13530666,-1.7443258,232.88702,82.45826,-6.8114066,WAL
2011632333000,224.114945,-7.01242723494687,-14.1668449693034,-3.63720789086974,1.8603901,0.43096542,-1.8167132,233.05066,82.44847,-6.6994367,WAL
2011637329000,224.119941,-6.20746664226682,-13.3477619763872,-3.43949836733569,1.5448782,0.6420194,-1.8509218,233.2088,82.48971,-6.5583725,WAL
2011642359000,224.124971,-5.28118334874332,-12.6680190496735,-3.33248052883436,1.3335189,0.73823065,-1.7880026,233.39624,82.585945,-6.4044356,WAL
2011647417000,224.130029,-4.27462373132792,-12.0784627538096,-3.28454899693252,1.3225232,0.83199847,-1.6740762,233.64005,82.689,-6.261011,WAL
2011652343000,224.134955,-3.32516575397024,-11.7169240090254,-3.03351575652424,1.4517213,1.0021244,-1.5723672,233.90997,82.828064,-6.0569506,WAL
2011657354000,224.139966,-2.38058364168987,-11.4957539133941,-2.6372520831397,1.597718,1.2116512,-1.4963144,234.21304,82.936165,-5.8854823,WAL
2011662344000,224.144956,-1.5921740039428,-11.3300808032686,-2.10162876081716,1.7675385,1.3869696,-1.4837917,234.53552,83.07642,-5.626944,WAL
2011667340000,224.149952,-0.951950280429009,-11.2176743754852,-1.4271946338713,1.88849,1.4526376,-1.5528195,234.88443,83.18658,-5.3750157,WAL
2011672330000,224.154942,-0.445062157582634,-11.1485780457819,-1.11534979567834,1.9651535,1.4856243,-1.5812247,235.30028,83.2789,-5.0484715,WAL
2011677404000,224.160016,-0.042320328949186,-11.115016552146,-1.10576071167242,2.0402899,1.6200147,-1.563815,235.76355,83.32251,-4.7277284,WAL
2011682340000,224.164952,0.220113406416369,-11.0181246063766,-1.16299515385379,2.1178699,1.7962493,-1.5311338,236.24274,83.2907,-4.3284144,WAL
2011687345000,224.169957,0.367698766468018,-10.8610174177592,-1.28201562475169,2.1853704,1.9737056,-1.4379768,236.76013,83.17839,-3.965741,WAL
2011692388000,224.175,0.435665240181746,-10.627712282497,-1.46731743151916,2.2437081,2.1242838,-1.3365731,237.29514,83.020195,-3.571147,WAL
2011697371000,224.179983,0.426237900316081,-10.3260370130383,-1.7124284156855,2.2968533,2.230269,-1.2238685,237.86514,82.785126,-3.220338,WAL
2011702344000,224.184956,0.416930117589105,-9.99704236008886,-1.80537654353328,2.3087652,2.3316727,-1.1349876,238.4678,82.518135,-2.8905869,WAL
2011707352000,224.189964,0.407665041866126,-9.63570497768763,-1.73588849979716,2.2742512,2.3487768,-1.040609,239.07117,82.20862,-2.6034758,WAL
2011712318000,224.19493,0.382527799841624,-9.23447650781726,-1.61039302611168,2.21683,2.3322835,-0.9575313,239.64569,81.898865,-2.3368595,WAL
2011717343000,224.199955,0.333671505273096,-8.76545627177665,-1.40031088702538,2.1111503,2.2608123,-0.9193522,240.2056,81.59331,-2.0888681,WAL
2011722271000,224.204883,0.205641850472706,-8.29249131956092,-1.47080973860759,2.055867,2.1239784,-0.84971356,240.74265,81.25422,-1.8775175,WAL
2011727324000,224.209936,-0.0336362585087026,-7.79000694790348,-1.91586710506329,1.9480493,2.05098,-0.7693848,241.27307,80.95005,-1.6843145,WAL
2011732243000,224.214855,-0.30069180467162,-7.35523514315007,-2.22299461893016,1.8887954,2.058616,-0.68508536,241.76978,80.593544,-1.5041275,WAL
2011737307000,224.219919,-0.627367630502229,-6.99012696341753,-2.34790004751857,1.8564194,2.0299053,-0.623388,242.23093,80.25446,-1.3395662,WAL
2011742332000,224.224944,-0.938644961721544,-6.65019647874939,-2.44334235273083,1.8261817,1.9908098,-0.5907067,242.67679,79.98492,-1.2312003,WAL
2011747324000,224.229936,-1.22824541144113,-6.34658313629702,-2.49472307972643,1.7537941,1.9495764,-0.57604593,243.10948,79.73679,-1.1356922,WAL
2011752239000,224.234851,-1.48266723201111,-6.08452883395612,-2.54801878571429,1.700038,1.9165897,-0.5705481,243.52371,79.50016,-1.0870438,WAL
2011757307000,224.239919,-1.6826303992814,-5.88921587352688,-2.60847278571429,1.6249015,1.892155,-0.5699373,243.9255,79.29314,-1.0407985,WAL
2011762251000,224.244863,-1.85341222637979,-5.70200742750234,-2.64065441955098,1.5580118,1.8497,-0.5647449,244.29623,79.0963,-1.0254335,WAL
2011767308000,224.24992,-1.95308087117867,-5.52079179569691,-2.5908200261927,1.5015068,1.8099937,-0.5653558,244.65813,78.92133,-1.0083859,WAL
2011772275000,224.254887,-2.0524249947975,-5.34816220264354,-2.54114790856508,1.4343116,1.7785342,-0.5681047,245.00375,78.77094,-1.0205388,WAL
2011777337000,224.259949,-2.16519984597653,-5.21488263842656,-2.48476053650206,1.382388,1.758681,-0.5702427,245.33835,78.63547,-1.0318412,WAL
2011782275000,224.264887,-2.26024219242178,-5.06878260698903,-2.41408493117635,1.3377949,1.7354681,-0.58246,245.6564,78.50171,-1.0467625,WAL
2011787316000,224.269928,-2.3043798242178,-4.86280746989029,-2.28657646176351,1.2632693,1.7296649,-0.6044512,245.9711,78.39433,-1.0586985,WAL
2011792374000,224.274986,-2.35081727601295,-4.64396685174139,-2.13550392638085,1.1795808,1.7712038,-0.61911196,246.28653,78.28878,-1.0812627,WAL
2011797389000,224.280001,-2.40264732315314,-4.39423992551751,-1.92347151727656,1.0793989,1.8032742,-0.63224554,246.5951,78.21184,-1.0976785,WAL
2011802327000,224.284939,-2.45454627549285,-4.15852955813684,-1.71540522021647,0.97127575,1.7953329,-0.6579019,246.89911,78.12907,-1.1074765,WAL
2011807309000,224.289921,-2.50987478449942,-3.95565806957866,-1.50792321515269,0.8426886,1.8096883,-0.68691796,247.21484,78.08242,-1.1160467,WAL
2011812304000,224.294916,-2.55633191481829,-3.73286006834445,-1.23256988942154,0.6930266,1.8038851,-0.7021896,247.49823,78.01343,-1.1044366,WAL
2011817307000,224.299919,-2.55183264442671,-3.39991387144333,-0.575675918950136,0.61850107,1.7666223,-0.7021896,247.77298,77.960075,-1.0888659,WAL
2011822587000,224.305199,-2.54574494039214,-3.07321857604003,0.0848296807944329,0.4728097,1.7211128,-0.7110472,248.01923,77.90954,-1.0508784,WAL
2011827362000,224.309974,-2.52483962317773,-3.06160448666633,0.305497075712399,0.33628133,1.6807957,-0.70952,248.25229,77.877,-1.0155741,WAL
2011832305000,224.314917,-2.50319878904353,-3.04958177592828,0.533928265886118,0.183565,1.6319265,-0.70829827,248.58414,77.777954,-1.0167167,WAL
2011837293000,224.319905,-2.48136094144867,-3.03744961303906,0.76443904407477,0.061086524,1.5858061,-0.6844745,248.89961,77.708084,-1.0225472,WAL
2011842394000,224.325006,-2.44888243733294,-3.02389458121069,0.982537470056997,-0.052839845,1.529912,-0.6627888,249.19402,77.67817,-1.0247042,WAL
2011847327000,224.329939,-2.3281766877555,-3.00068194638365,1.03824784211871,-0.17989981,1.4523321,-0.6261369,249.46219,77.6845,-1.0336447,WAL
2011852428000,224.33504,-2.19904534824176,-2.9769977378022,1.08237914791209,-0.27488935,1.3686435,-0.58246,249.79115,77.65443,-1.0624763,WAL
2011857309000,224.339921,-2.02159408203796,-2.95831867254745,0.95629535992008,-0.39003745,1.2925909,-0.5516113,250.09482,77.6636,-1.0938393,WAL
2011862443000,224.345055,-1.83610733309928,-2.93882674029864,0.821279073678784,-0.49235737,1.244638,-0.52320606,250.3963,77.682755,-1.131315,WAL
2011867309000,224.349921,-1.67457243815661,-2.92225907207359,0.663886104442272,-0.6065892,1.2116512,-0.5006041,250.6749,77.7349,-1.1719626,WAL
2011872267000,224.354879,-1.50998345148876,-2.90537816392321,0.503517353625455,-0.7131852,1.1817188,-0.46883908,250.91858,77.82736,-1.189867,WAL
2011877329000,224.359941,-1.33279935416281,-2.91360827148297,0.366687120811979,-0.8393288,1.1673635,-0.4266894,251.15091,77.95366,-1.2157571,WAL
2011882260000,224.364872,-1.15784451058969,-2.92818788406916,0.240330831929608,-0.96486163,1.1765264,-0.3915646,251.37544,78.10579,-1.2478528,WAL
2011887303000,224.369915,-1.04101066444748,-2.95276608158254,0.257371777667121,-1.1047498,1.17897,-0.3463606,251.56682,78.31642,-1.2705072,WAL
2011892407000,224.375019,-0.934314856592997,-2.97943997087767,0.301828369688949,-1.237613,1.1569787,-0.30757064,251.7468,78.555,-1.2997615,WAL
2011897369000,224.379981,-0.906180862362889,-2.99690517709054,0.459098869666449,-1.3713925,1.1059716,-0.26939157,251.87546,78.82959,-1.308568,WAL
2011902314000,224.384926,-0.915030203907316,-3.01017915013548,0.671483353185088,-1.5228871,0.9963212,-0.22052236,251.9729,79.13904,-1.3268539,WAL
2011907305000,224.389917,-0.950847673984824,-3.17406515278917,1.03255109085316,-1.6609426,0.8668178,-0.17715092,252.04477,79.4614,-1.3323534,WAL
2011912322000,224.394934,-1.01243354829522,-3.48199458864848,1.53509187049836,-1.8295414,0.7883216,-0.17165314,252.09421,79.8279,-1.338526,WAL
2011917304000,224.399916,-1.07358978226261,-3.78777582234413,2.03412678462879,-1.9107865,0.5858198,-0.16737708,252.1268,80.18568,-1.3494629,WAL
2011922290000,224.404902,-1.13479511798349,-4.09380256485849,2.53356236910377,-2.0824397,0.3567453,-0.11911872,252.12192,80.606766,-1.369925,WAL
2011927369000,224.409981,-1.21318088600231,-4.7848613481408,3.07549076308048,-2.2391264,0.10567969,-0.025350908,252.06458,81.04922,-1.3990726,WAL
2011932311000,224.414923,-1.29921864766154,-5.68825760054536,3.62300355794084,-2.3671029,-0.084910266,0.04734206,251.95396,81.52173,-1.4302639,WAL
2011937273000,224.419885,-1.36342771591064,-6.78072770232172,4.23797179454687,-2.4419339,-0.24220806,0.14874569,251.87326,81.848526,-1.4826974,WAL
2011942382000,224.424994,-1.33001681956882,-8.73765347495854,5.16393166932007,-2.4269676,-0.33169982,0.29749137,251.75081,82.17075,-1.564475,WAL
2011947404000,224.430016,-1.19341518706456,-10.7203152264001,6.25974215296926,-2.2489004,-0.28588495,0.4111123,251.66327,82.354774,-1.6550776,WAL
2011952309000,224.434921,-0.529897623232866,-12.9585180061673,8.27833071787526,-1.8738291,-0.20311269,0.48166725,251.55585,82.467674,-1.7713983,WAL
2011957305000,224.439917,0.268398691721359,-15.0840490967185,10.2947916799079,-1.1878275,-0.24617869,0.40775254,251.47491,82.309685,-1.8285745,WAL
2011962321000,224.444933,1.88623395813472,-16.1902619119171,12.0555126010363,-0.18051068,-0.40225476,0.004886922,251.3946,81.98941,-1.8072395,WAL
2011967421000,224.450033,3.53305455088063,-17.2773847827789,13.6449742270059,0.8054258,-0.45051312,-0.51343226,251.49484,81.21016,-1.5396792,WAL
2011972304000,224.454916,5.13454596453033,-17.8264666658513,12.5422332455969,1.4123205,-0.02107485,-0.784351,251.693,80.311226,-1.2652332,WAL
2011977676000,224.460288,6.74956950859138,-18.375671895617,11.2807412658642,1.6759088,0.6411031,-0.73884153,252.1355,79.062645,-0.6939283,WAL
2011982312000,224.464924,6.49255606689332,-18.2328866738951,9.64890879731692,1.6844609,1.2938126,-0.66156703,252.69052,77.7865,-0.14690216,WAL
2011988385000,224.470997,6.12147070962296,-17.9770012069968,7.53733570093791,1.5628988,1.7669277,-0.65087694,253.35934,76.74354,0.49293226,WAL
2011992361000,224.474973,5.2464978745076,-16.5449032118739,6.63379257236916,1.3808609,2.0265455,-0.61666846,254.11066,75.756645,1.0184178,WAL
2011997278000,224.47989,4.16444520090039,-14.7738705554305,5.5164078733821,1.1710287,2.0717494,-0.57787853,254.81085,75.08881,1.4180799,WAL
2012002307000,224.484919,2.27326185015017,-11.3880520358106,4.71416390594917,0.9596693,2.0247128,-0.5549711,255.53601,74.49192,1.7710068,WAL
2012007316000,224.489928,0.0382224420793225,-7.31049072660762,4.06766489006546,0.7480045,1.9804251,-0.52870387,256.25327,73.9718,2.0831985,WAL
2012012316000,224.494928,-1.14659524673059,-5.0722211781627,3.83335027343025,0.5467244,1.8759671,-0.50732356,256.87375,73.6066,2.2607162,WAL
2012017306000,224.499918,-1.68365277643468,-3.96854327817301,3.85305879265904,0.44409904,1.750129,-0.43463063,257.4609,73.28125,2.4132485,WAL
2012022290000,224.504902,-2.14448223131495,-3.51063563360312,3.74997248117506,0.22907446,1.6053538,-0.33536503,257.99817,73.03887,2.3319666,WAL
2012027322000,224.509934,-2.57303476384892,-3.36136458156475,3.58625569748201,-0.006414085,1.484708,-0.183565,258.4946,72.8347,2.2250903,WAL
2012032310000,224.514922,-2.85639598231805,-3.67897448989737,3.63737143459185,-0.2275473,1.4126259,-0.018020526,258.9627,72.65927,2.0443575,WAL
2012037302000,224.519914,-3.07245435783824,-4.21912040519725,3.79041287204595,-0.45631635,1.3521502,0.13622294,259.38715,72.553085,1.8355497,WAL
2012042372000,224.524984,-3.11341072591352,-5.20310287609674,4.18722442510732,-0.6478226,1.2415836,0.27885997,259.74573,72.52374,1.5441681,WAL
2012047345000,224.529957,-3.01368200375877,-6.5095492873207,4.76565107608627,-0.7892379,0.9636399,0.38759398,260.02896,72.54074,1.2419744,WAL
2012052306000,224.534918,-2.96961486543304,-8.21754502447539,5.22182784358069,-0.86926126,0.5155703,0.45478916,260.23703,72.607025,0.9132998,WAL
2012057298000,224.53991,-2.95593476653949,-10.1601204958222,5.61399091660626,-0.8881981,-0.06566802,0.48380527,260.32428,72.68776,0.6045035,WAL
2012062314000,224.544926,-3.06372060144338,-12.226760365928,5.51543951224842,-0.8005389,-0.6762278,0.48838675,260.294,72.732895,0.34690744,WAL
2012067304000,224.549916,-3.27259394683879,-14.3786413112421,5.00540018972352,-0.6908886,-1.2647965,0.48349985,260.10962,72.77077,0.13650998,WAL
2012072279000,224.554891,-3.60437701284047,-15.8533775877339,4.25449068380582,-0.50610185,-1.6728544,0.4352415,259.8151,72.800224,-0.0144031625,WAL
2012077333000,224.559945,-4.03484900466926,-16.8443595773578,3.30834924865666,-0.2773328,-1.8182404,0.39461896,259.43597,72.78525,-0.13387525,WAL
2012082244000,224.564856,-4.31345210685352,-17.623619012578,2.44918024818263,0.013133603,-1.7180585,0.3747658,258.9696,72.88109,-0.25930214,WAL
2012087311000,224.569923,-4.39515305318411,-18.1570792161038,1.65139261523225,0.44929138,-1.464244,0.35063666,258.51605,72.86809,-0.36848778,WAL
2012092353000,224.574965,-4.08518020106486,-17.8793742023233,0.89684066016941,0.94714653,-1.128879,0.2782491,258.0508,72.94196,-0.5304605,WAL
2012097356000,224.579968,-3.2039193317909,-16.4183364402711,0.205746547603098,1.2458596,-0.9071349,0.049785517,257.6472,72.94332,-0.6454512,WAL
2012102244000,224.584856,-2.42458461044949,-14.4507986940551,-0.643485486063799,1.278541,-0.7089091,-0.24404067,257.3227,73.01188,-0.74688697,WAL
2012107296000,224.589908,-1.79320967736104,-11.2658630865152,-1.89220477375447,1.0442741,-0.58184916,-0.45998153,257.05957,73.06701,-0.81046826,WAL
2012112247000,224.594859,-1.32200089840512,-8.40643451655047,-2.82206108078503,0.8213083,-0.20250183,-0.505491,256.9519,73.15258,-0.7662111,WAL
2012117306000,224.599918,-1.28498506844618,-6.27339840828001,-2.88683879529176,0.18967366,0.14110987,-0.550695,256.88525,73.42068,-0.6734994,WAL
2012122323000,224.604935,-1.24339025828894,-4.32260413106654,-2.78110151105192,-0.49449542,0.18936823,-0.5488624,256.8287,73.80766,-0.5274091,WAL
2012127337000,224.609949,-1.17818233193356,-3.16892552264703,-1.85314267591142,-0.9914343,0.07422013,-0.49235737,256.80783,74.31739,-0.40395093,WAL
2012132304000,224.614916,-1.20994424378399,-2.24812533908978,-1.02365846244252,-1.3289373,-0.15393804,-0.39461896,256.74823,74.87274,-0.31603104,WAL
2012137323000,224.619935,-1.52637909678466,-1.97296466189295,-0.450406910350157,-1.5723672,-0.48563787,-0.24251351,256.61026,75.5425,-0.24722628,WAL
2012142410000,224.625022,-1.87246349722115,-1.7685305032034,-0.09655536253956,-1.7754798,-0.94042706,-0.077579886,256.4526,76.14928,-0.13966726,WAL
2012147312000,224.629924,-2.32090085997684,-1.90895028919336,-0.785065346854496,-1.9370537,-1.3454307,0.08002335,256.19275,76.80833,-0.06143756,WAL
2012152284000,224.634896,-2.76436940279159,-2.07815925124353,-1.51175021755152,-2.0549507,-1.6383406,0.22937989,255.83151,77.392944,-0.08131512,WAL
2012157302000,224.639914,-3.08146085206578,-2.55623548592021,-2.57034746698812,-2.1056526,-1.8289305,0.38453966,255.37202,78.002686,-0.13490488,WAL
2012162277000,224.644889,-3.39495179305879,-3.06139004797354,-3.59151215585577,-2.1178699,-2.0137172,0.5180137,254.78577,78.77429,-0.25689277,WAL
2012167307000,224.649919,-3.70463421968695,-3.82886400809652,-4.39040334694866,-2.1056526,-2.2256875,0.6270532,254.12238,79.547066,-0.41422725,WAL
2012172921000,224.655533,-4.03952252837468,-4.68219834045845,-5.25170920054712,-2.0662518,-2.4251351,0.72173727,253.30057,80.47067,-0.68692,WAL
2012177351000,224.659963,-4.2076067409018,-5.32652130140553,-5.65991374653335,-2.0253236,-2.515543,0.79137594,252.4443,81.371185,-0.9933949,WAL
2012182273000,224.664885,-4.39435854542968,-6.04240338126592,-6.11345387640789,-2.0039434,-2.459038,0.8436049,251.50157,82.38744,-1.3922882,WAL
2012187319000,224.669931,-4.38193856926292,-6.59495245478723,-6.13633535946049,-2.0118847,-2.2632558,0.92179567,250.57529,83.33431,-1.8344617,WAL
2012192313000,224.674925,-4.33196787855243,-7.10828850398936,-6.07727879538374,-2.0494528,-2.0118847,1.0369438,249.68552,84.18005,-2.318486,WAL
2012197358000,224.67997,-4.22572256830509,-7.59936309272183,-5.80701745161515,-2.0607538,-1.7284433,1.174083,248.83456,84.92527,-2.87297,WAL
2012202287000,224.684899,-4.10335889016949,-8.06999167896311,-5.47287100795613,-2.026851,-1.475545,1.328021,248.05652,85.37841,-3.4763324,WAL
2012207345000,224.689957,-3.87707792553946,-8.56281402246527,-5.22420325515814,-1.9764545,-1.3655893,1.4782939,247.33401,85.4676,-4.100402,WAL
2012212289000,224.694901,-3.62048861238546,-9.04800120070943,-5.01426646911026,-1.92392,-1.1371256,1.5592335,246.72879,85.17503,-4.750787,WAL
2012217340000,224.699952,-3.25420595859321,-9.54419146996114,-4.64498396381389,-1.8170186,-0.93462384,1.6936239,246.16458,95.40339,-5.401674,WAL
2012222326000,224.704938,-2.84982759828634,-10.0342029520773,-4.21681850379596,-1.6841555,-0.8164214,1.8026633,245.64914,96.15425,-6.0599194,WAL
2012227371000,224.709983,-2.40549394260267,-10.4804236897575,-3.7788960070757,-1.5848899,-0.7284568,1.9419407,245.20383,96.96405,-6.691225,WAL
2012232333000,224.714945,-1.9540410670955,-10.8989582005938,-3.34625380103909,-1.5308284,-0.74128497,2.0118847,244.76874,97.817276,-7.321301,WAL
2012237353000,224.719965,-1.55013297367234,-11.403743226619,-2.8740943606542,-1.5103643,-0.8374963,1.9908098,244.3701,98.58797,-7.87288,WAL
2012242386000,224.724998,-1.16957033532287,-11.9474042061284,-2.38479957370993,-1.5690074,-0.96974856,1.9254472,243.9609,99.36917,-8.420563,WAL
2012247343000,224.729955,-0.78469178528582,-12.3855806641213,-2.12013280237565,-1.6554449,-1.0735956,1.8270979,243.56433,100.01979,-8.856675,WAL
2012252349000,224.734961,-0.388102900400891,-12.7516626643334,-2.02352777995546,-1.7098118,-1.0815369,1.7391334,243.1597,100.65645,-9.270859,WAL
2012257336000,224.739948,-0.0633989644662613,-12.8936252267517,-2.15835430620951,-1.7238617,-0.9944886,1.629483,242.79012,101.15333,-9.569216,WAL
2012262349000,224.744961,0.228489848224858,-12.9271208406259,-2.4071775316356,-1.7125608,-0.77396625,1.4853189,242.45714,101.62304,-9.826958,WAL
2012267338000,224.74995,0.547776914868776,-12.8525735287895,-2.67722346146093,-1.6756034,-0.45662177,1.3240504,242.20107,102.001884,-9.989819,WAL
2012272330000,224.754942,0.881727547372518,-12.7237638882347,-2.95869614354855,-1.6215417,-0.14874569,1.1578951,242.00308,102.3428,-10.104692,WAL
2012277376000,224.759988,1.17882076879006,-12.4684885340696,-2.94782345566512,-1.5546521,0.059253927,0.97341377,241.89624,102.65149,-10.1577215,WAL
2012282345000,224.764957,1.45098869120402,-12.1540876885909,-2.78827680842126,-1.4953982,0.11484267,0.7770206,241.82625,102.91484,-10.156403,WAL
2012287360000,224.769972,1.53955551618379,-11.3575059444932,-2.2568753354502,-1.4703526,0.0067195175,0.58032197,241.80322,103.1613,-10.100471,WAL
2012292400000,224.775012,1.52072137395376,-10.2792532315872,-1.50821959532729,-1.4770721,-0.22266038,0.4083634,241.75165,103.37189,-10.001676,WAL
2012297438000,224.78005,1.22763172291521,-9.57387263119431,-1.09420653531885,-1.5088371,-0.5375614,0.26206118,241.66107,103.5304,-9.847135,WAL
2012302347000,224.784959,0.761695037140855,-9.13146798808689,-0.910655688437281,-1.5561792,-0.7174612,0.11636983,241.5337,103.66809,-9.653611,WAL
2012307338000,224.78995,0.302938869802514,-8.73004405505685,-0.944711029413525,-1.629483,-1.1200215,0.04062254,241.24368,103.7674,-9.483446,WAL
2012312348000,224.79496,-0.14690168459605,-8.36155770556553,-1.13613255574506,-1.6575829,-1.4715744,-0.09437868,240.90787,103.83615,-9.268011,WAL
2012317341000,224.799953,-0.540729997090909,-8.15525251936759,-1.43549901304348,-1.7067575,-1.6991217,-0.18661933,240.45361,103.9562,-9.119071,WAL
2012322335000,224.804947,-0.895175969090909,-8.06545970849802,-1.81357466847826,-1.7171422,-1.8038851,-0.24037547,239.93555,104.06607,-8.963666,WAL
2012327371000,224.809983,-1.14891066203163,-8.04127427869407,-2.06876930811131,-1.7033978,-1.7925841,-0.24740042,239.34467,104.252,-8.873162,WAL
2012332318000,224.81493,-1.31721067324706,-8.06932422477375,-2.22104083848431,-1.6673567,-1.6963727,-0.22540927,238.7568,104.44157,-8.788098,WAL
2012337302000,224.819914,-1.48379499920239,-8.13797599839371,-2.28619830838595,-1.5971072,-1.5876387,-0.16462818,238.17102,104.72694,-8.7853985,WAL
2012342408000,224.82502,-1.64088773260219,-8.39257489204608,-1.95034478083527,-1.5231925,-1.5131133,-0.09162979,237.61212,105.01509,-8.798235,WAL
2012347277000,224.829889,-1.72998000775283,-8.64003867184801,-1.72004665578584,-1.4596626,-1.5421293,-0.02565634,237.05573,105.34654,-8.868468,WAL
2012352381000,224.834993,-1.72059985284974,-8.90737279274611,-1.63093513523316,-1.4789047,-1.666135,0.026267206,236.50284,105.69158,-8.963201,WAL
2012357275000,224.839887,-1.64324044479921,-9.08702357729301,-1.56923076322261,-1.5060883,-1.7974709,0.06505715,235.9538,105.99824,-9.087084,WAL
2012362350000,224.844962,-1.39263865575607,-9.0822047176004,-1.56441150095191,-1.5338826,-1.8915442,0.102319926,235.39035,106.317665,-9.234227,WAL
2012367287000,224.849899,-1.164704723377,-9.02726320825186,-1.57848678006453,-1.5653422,-1.9367483,0.14813483,234.83464,106.63461,-9.398832,WAL
2012372355000,224.854967,-0.97330965529983,-8.83586808401773,-1.64333965579129,-1.6065756,-1.933083,0.2144137,234.27756,106.968704,-9.584628,WAL
2012397324000,224.879936,-0.0698243051243632,-7.88979720305664,-1.97221379912097,-1.7082846,-1.491122,0.40866885,231.93942,108.64211,-10.398826,WAL
2012402345000,224.884957,-0.156282464441115,-7.67845508264909,-2.10190104812706,-1.6658295,-1.4370605,0.42332962,231.56949,108.975494,-10.539184,WAL
2012407326000,224.889938,-0.24877006665107,-7.48444459418616,-2.20480691336984,-1.5888605,-1.3393221,0.43096542,231.24986,109.327095,-10.674504,WAL
2012412358000,224.89497,-0.383098963503235,-7.38369809312096,-2.15203488414136,-1.5473217,-1.2027937,0.44623706,230.96065,109.67613,-10.8091955,WAL
2012417310000,224.899922,-0.512046076691197,-7.30221101471837,-2.07645131480328,-1.4605788,-1.0656544,0.47311515,230.69173,110.03252,-10.963323,WAL
2012422333000,224.904945,-0.620971743928673,-7.33851935720351,-1.84044561952071,-1.3888022,-0.9260717,0.49938235,230.46461,110.379875,-11.109903,WAL
2012427553000,224.910165,-0.735350695060453,-7.39379142017154,-1.5765381107678,-1.3154984,-0.7583892,0.5348125,230.2828,110.721344,-11.275845,WAL
2012432346000,224.914958,-0.858678443432882,-7.71634095401467,-1.04528019778857,-1.251052,-0.6123924,0.5708536,230.13673,111.046524,-11.437737,WAL
2012437353000,224.919965,-0.978009801922508,-8.05083324923593,-0.49319943256433,-1.2034045,-0.5317582,0.6065892,230.0164,111.33149,-11.612607,WAL
2012442457000,224.925069,-0.992467059301982,-8.36407432899537,0.0369003770541259,-1.1490375,-0.49388456,0.6200282,229.92517,111.59605,-11.7793665,WAL
2012447497000,224.930109,-1.00635602958586,-8.64943965090873,0.541283111373523,-1.0922271,-0.5235115,0.63255095,229.84836,111.76845,-11.938852,WAL
2012452340000,224.934952,-1.01556855166352,-8.66786459886781,0.822265255993644,-1.0274754,-0.5723807,0.63346726,229.77658,111.92264,-12.093202,WAL
2012457523000,224.940135,-1.02991844272127,-8.68824406143245,1.09821271509123,-0.97158116,-0.6536258,0.64660084,229.70758,111.97916,-12.231988,WAL
2012462350000,224.944962,-1.09721358726708,-8.71516217546584,1.05783563773292,-0.91721416,-0.7370089,0.6588182,229.62537,112.02012,-12.371063,WAL
2012467666000,224.950278,-1.17204154792539,-8.748455323563,1.00335550243624,-0.86162543,-0.8151997,0.68386364,229.53258,112.01433,-12.512804,WAL
2012472337000,224.954949,-1.25292581613057,-8.85488193376475,0.743674395736582,-0.8445212,-0.8912524,0.68691796,229.41801,112.00447,-12.654425,WAL
2012477305000,224.959917,-1.33895301468405,-8.96807555386372,0.467481773582033,-0.80878556,-0.93584555,0.70921457,229.29391,111.99798,-12.805721,WAL
2012482343000,224.964955,-1.36290522654611,-9.11718308742132,0.0662674069457488,-0.78984874,-0.9642508,0.72021013,229.15437,111.99166,-12.955514,WAL
2012487300000,224.969912,-1.3771340303327,-9.26895722559696,-0.346369626350285,-0.7461719,-0.9779953,0.7324274,229.01068,111.977325,-13.109571,WAL
2012492342000,224.974954,-1.30688044003257,-9.49000147418335,-0.723024628349459,-0.7144069,-0.9798279,0.7281514,228.85718,112.00245,-13.271179,WAL
2012497246000,224.979858,-1.22589918803525,-9.71494986617492,-1.08294159515471,-0.6704246,-0.9602802,0.7131852,228.70818,112.01653,-13.427724,WAL
2012502347000,224.984959,-1.10982913360996,-9.98438986178621,-1.36206759388461,-0.61575216,-0.93676186,0.6786713,228.5552,112.062004,-13.574458,WAL
2012507267000,224.989879,-0.988799175103734,-10.2543798440032,-1.60412746229006,-0.59315014,-0.91813046,0.6582073,228.40889,112.1055,-13.715493,WAL
2012512347000,224.994959,-0.843406776923077,-10.4095033117975,-1.70207497765614,-0.55924714,-0.8906415,0.627664,228.26978,112.145065,-13.811483,WAL
2012517320000,224.999932,-0.6944463,-10.5212234993647,-1.74862509631512,-0.54244834,-0.904386,0.57726765,228.12335,112.17724,-13.896487,WAL
2012522331000,225.004943,-0.573119917516883,-10.6388440985974,-1.79408362684675,-0.50976706,-0.9083566,0.54336464,227.99791,112.19433,-13.947283,WAL
2012527433000,225.010045,-0.46143790612987,-10.7606787984416,-1.83977173205195,-0.4728097,-0.91507614,0.50701815,227.86546,112.19917,-13.985352,WAL
2012532331000,225.014943,-0.359118983494708,-10.8241911084869,-2.02225381969816,-0.4120286,-0.9092729,0.47525316,227.74933,112.17085,-13.991199,WAL
2012537359000,225.019971,-0.255302047712662,-10.8760996404351,-2.24404449731478,-0.31123585,-0.883922,0.4700608,227.63824,112.12705,-13.994921,WAL
2012542422000,225.025034,-0.147062386789324,-10.8780316395839,-2.54317730237464,-0.1704314,-0.80848014,0.4560109,227.54974,112.0428,-13.965618,WAL
2012547369000,225.029981,-0.0401387642114611,-10.8640852839761,-2.85929938862722,0.0033597588,-0.6951646,0.39767328,227.47699,111.92459,-13.919703,WAL
2012552338000,225.03495,-0.0231070792511177,-10.8550250454545,-2.98179090968703,0.11178834,-0.6062838,0.2938262,227.42175,111.79674,-13.846271,WAL
2012557343000,225.039955,-0.042156027947839,-10.8478815454545,-3.02703218127173,0.10140363,-0.5271767,0.16035213,227.38913,111.64584,-13.742815,WAL
2012562344000,225.044956,-0.061189752709538,-10.8407437545455,-3.07223729599603,-0.015882496,-0.43554693,-0.00030543262,227.36882,111.500565,-13.594577,WAL
2012567343000,225.049955,-0.0802158655037258,-10.8336088181818,-3.11742433229011,-0.18784106,-0.34391713,-0.13347405,227.3617,111.35618,-13.415274,WAL
2012572330000,225.054942,-0.262724055290709,-11.0046320883117,-3.28526480392607,-0.39187005,-0.20799962,-0.20616703,227.38489,111.233635,-13.2077,WAL
2012577379000,225.059991,-0.523571021466533,-11.260649174026,-3.51229825898102,-0.56230146,-0.061391957,-0.20433442,227.4311,111.137474,-12.982381,WAL
2012582343000,225.064955,-1.00086988689165,-11.3292439253996,-3.43628761705151,-0.70249504,0.08735373,-0.15790866,227.50758,111.09635,-12.752883,WAL
2012587354000,225.069966,-1.58333423659167,-11.3150371915335,-3.22319091098283,-0.7993172,0.17348573,-0.09101892,227.60696,111.09241,-12.529612,WAL
2012592325000,225.074937,-2.14691963555861,-11.0982028739446,-2.71446724506185,-0.80756384,0.18509217,-0.064446285,227.71167,111.1429,-12.338113,WAL
2012597347000,225.079959,-2.70879589491459,-10.7724088821912,-2.04399297202042,-0.73792523,0.12186762,-0.039095376,227.82086,111.209755,-12.1697855,WAL
2012602344000,225.084956,-3.00236124833023,-10.6203250152776,-1.47966402051709,-0.6151413,0.06780604,-0.034208454,227.91432,111.30613,-12.086814,WAL
2012607348000,225.08996,-3.13377111051807,-10.5733929741455,-0.977490788355695,-0.54825157,-0.03268129,-0.031154128,227.97508,111.400375,-12.023161,WAL
2012612347000,225.094959,-2.76752846105105,-11.252523483984,-0.513770248114114,-0.3820962,-0.1337795,-0.02107485,227.98758,111.43239,-12.045991,WAL
2012617341000,225.099953,-2.03983682423423,-12.4589594069069,-0.0781127942882883,-0.25137106,-0.23060162,-0.0061086523,227.97353,111.45682,-12.078986,WAL
2012622334000,225.104946,-1.40417554912768,-13.3840162963918,0.119062648308882,-0.1441642,-0.34269542,0.004886922,227.92596,111.400475,-12.132726,WAL
2012627431000,225.110043,-0.823529452208565,-14.1195015734536,0.143256234838422,-0.07238753,-0.43004912,0.0015271631,227.85985,111.32343,-12.191376,WAL
2012632342000,225.114954,-0.367014727418571,-14.6869388638794,0.0930491303597472,0.008246681,-0.4569272,-0.020463986,227.86182,111.0285,-12.101878,WAL
2012637368000,225.11998,0.021419079070491,-15.1596115627613,-0.0145891516587263,0.11148291,-0.45814893,-0.067500606,227.84859,110.71667,-12.011108,WAL
2012642376000,225.124988,0.334126080779692,-15.5281775120882,-0.185536531157449,0.26083946,-0.45142943,-0.13439035,227.88416,110.28327,-11.810177,WAL
2012647349000,225.129961,0.574004499289816,-15.7968409941574,-0.415819819940566,0.36774087,-0.40408736,-0.21013765,227.93132,109.84269,-11.597081,WAL
2012652338000,225.13495,0.749287231636679,-15.9907671367748,-0.607994098027518,0.49388456,-0.3109304,-0.2837469,228.0168,109.31711,-11.308759,WAL
2012657353000,225.139965,0.864816150356009,-16.1155382425671,-0.765113425555662,0.65087694,-0.19792034,-0.36346483,228.119,108.766594,-11.003678,WAL
2012662345000,225.144957,0.853360875300786,-16.2020804703299,-0.826419436645899,0.8051204,-0.071776666,-0.44837508,228.25247,108.18121,-10.64511,WAL
2012667342000,225.149954,0.682291986998264,-16.2411817018691,-0.767767232080482,0.9407325,0.022602014,-0.5357288,228.40451,107.57159,-10.271516,WAL
2012672320000,225.154932,0.486129827580266,-16.2120857462803,-0.656689948880188,1.0644327,0.070249505,-0.63071835,228.57205,106.9331,-9.863727,WAL
2012677398000,225.16001,0.257636359909945,-16.1073599492952,-0.485319865524667,1.2024882,0.042760566,-0.7467828,228.73857,106.26336,-9.439092,WAL
2012682317000,225.164929,-0.0302447077251374,-15.8468880028986,-0.31152907524058,1.3454307,-0.027794369,-0.86498517,228.89444,105.57455,-9.025518,WAL
2012687357000,225.169969,-0.411364283857071,-15.3741067855072,-0.123381434197101,1.5070046,-0.14019357,-0.9810496,229.02774,104.85179,-8.597891,WAL
2012692295000,225.174907,-0.741510683221437,-14.7591808404005,-0.0231881304407146,1.6829338,-0.2602286,-1.0998629,229.14542,104.10519,-8.184277,WAL
2012697347000,225.179959,-1.02169717682568,-13.9281194022379,-0.0326859762275226,1.8994855,-0.30634892,-1.1997393,229.25616,103.31722,-7.7573633,WAL
2012702243000,225.184855,-1.29565618217084,-13.1763941279381,-0.0278428315341105,2.1508565,-0.34055737,-1.2479976,229.3141,102.51027,-7.375473,WAL
2012707349000,225.189961,-1.58533215885725,-12.4802371800115,0.000190328617427864,2.2944098,-0.3155119,-1.3289373,229.38344,101.67776,-6.9644165,WAL
2012712244000,225.194856,-1.88465820928232,-11.9185157984614,0.0554735509193238,2.5922067,-0.2284636,-1.4052955,229.45439,100.81408,-6.5929337,WAL
2012717346000,225.199958,-2.25065716941998,-11.5970306650471,0.184067803634376,2.8909197,-0.15332718,-1.475545,229.5425,99.92703,-6.2067823,WAL
2012722261000,225.204873,-2.62418669321499,-11.3987543260355,0.232359408090039,3.1725287,-0.089491755,-1.5354098,229.60988,99.01121,-5.838899,WAL
2012727442000,225.210054,-3.06457823333333,-11.4379,0.114921684666667,3.3939674,-0.03940081,-1.5775595,229.7114,98.06279,-5.460121,WAL
2012732257000,225.214869,-3.46620096925134,-11.4852129668251,-0.0460707199939592,3.5393531,0.05467244,-1.6267341,229.80815,97.10033,-5.095299,WAL
2012737367000,225.219979,-3.87328625,-11.5627530925926,-0.346538531240741,3.606243,0.1863139,-1.6643023,229.94821,96.15213,-4.7265115,WAL
2012742332000,225.224944,-4.26504729325781,-11.6549636623424,-0.654285073634204,3.602883,0.32253686,-1.6572775,230.08786,95.29563,-4.402662,WAL
2012747350000,225.229962,-4.65139524337658,-11.7910632739814,-1.00551050783848,3.4965928,0.43768495,-1.645671,230.27553,94.53041,-4.075205,WAL
2012752283000,225.234895,-5.04027163519872,-11.9187448044849,-1.34518716008609,3.3411274,0.5021312,-1.616044,230.46268,93.95866,-3.8060527,WAL
2012757348000,225.23996,-5.54043899078987,-11.981872735459,-1.63169076880569,3.1447344,0.50579643,-1.5653422,230.67894,93.56182,-3.5524538,WAL
2012762281000,225.244893,-6.01612407309895,-12.0416720483903,-1.92248859808414,2.9266553,0.45631635,-1.5042557,230.87003,86.60693,-3.3628833,WAL
2012767346000,225.249958,-6.38018667931069,-12.0847845720916,-2.34882484408454,2.74981,0.4083634,-1.416902,231.07172,86.61566,-3.1996765,WAL
2012772344000,225.254956,-6.73254456248571,-12.1285410737143,-2.73731128171429,2.6117544,0.441961,-1.3228287,231.2624,86.47695,-3.1152282,WAL
2012777431000,225.260043,-7.00164913952381,-12.1888573904762,-2.71411262380952,2.4611762,0.50915617,-1.2342533,231.45436,86.27864,-3.0560336,WAL
2012782674000,225.265286,-7.26596664873919,-12.254228060879,-2.69474472552233,2.323426,0.4810564,-1.1756102,231.59389,86.05611,-3.0546575,WAL
2012787377000,225.269989,-7.19701162190202,-12.3880822853026,-2.78398050806916,2.2159138,0.39736784,-1.1881329,231.73883,85.839355,-3.0559142,WAL
2012792340000,225.274952,-7.12424449492075,-12.5293364881124,-2.87814958924712,2.1361957,0.45142943,-1.2822062,231.89838,85.61467,-3.0775285,WAL
2012797343000,225.279955,-6.55406796152161,-12.5432674710217,-3.06304855568612,1.9639318,0.5357288,-1.4165965,232.04486,85.44048,-3.0803394,WAL
2012802267000,225.284879,-5.83089976379207,-12.5150920115515,-3.27436396233818,1.6334536,0.7556403,-1.4596626,232.24628,85.31895,-3.083136,WAL
2012807347000,225.289959,-5.06033807431436,-12.0905734621056,-3.00354203005013,1.491733,0.8713993,-1.4712689,232.42331,85.23353,-3.0405483,WAL
2012812305000,225.294917,-4.29954640131721,-11.5351487968151,-2.56480318563845,1.3723087,0.8509353,-1.4013249,232.61955,85.20842,-3.0090826,WAL
2012817339000,225.299951,-3.51392306134872,-11.0609065654466,-2.4965585288144,1.4202617,0.91232723,-1.289842,232.85129,85.24446,-2.9074163,WAL
2012822315000,225.304927,-2.73185215941914,-10.6295827874478,-2.58661517062861,1.5525141,1.1343768,-1.1841623,233.11667,85.27189,-2.8281755,WAL
2012827413000,225.310025,-2.06240654219676,-10.5938133975701,-2.38890345706243,1.7708983,1.3420709,-1.1582005,233.40297,85.23806,-2.6729822,WAL
2012832337000,225.314949,-1.47085807661004,-10.7288912075267,-2.07682666958712,1.9767599,1.5060883,-1.1914927,233.73581,85.157974,-2.537386,WAL
2012837343000,225.319955,-0.976226268641673,-10.8831893545592,-1.72086722274868,2.1499403,1.6349808,-1.2281445,234.08893,85.05743,-2.3252609,WAL
2012842436000,225.325048,-0.525970210184627,-11.0485890391861,-1.33952793622833,2.2898283,1.7052304,-1.2916746,234.47188,84.90103,-2.1035614,WAL
2012847342000,225.329954,-0.09280155165361,-11.0657370717764,-0.941132700940081,2.3344216,1.7275269,-1.3417655,234.88268,84.67894,-1.8064829,WAL
2012852349000,225.334961,0.348839695999365,-10.9692868586703,-0.509644091954266,2.2867742,1.6737708,-1.3545936,235.29297,84.41697,-1.50966,WAL
2012857349000,225.339961,0.598996827817729,-10.965119974004,-0.433358137057769,2.1749856,1.6560557,-1.4001031,235.73251,84.07837,-1.1419039,WAL
2012862361000,225.344973,0.751981543327689,-11.0081467959163,-0.538535126786853,2.0448713,1.6997325,-1.4144585,236.17615,83.727425,-0.789798,WAL
2012867343000,225.349955,0.715519044035329,-10.8450387986261,-0.672741059607458,1.983174,1.7351627,-1.4043792,236.62776,83.28976,-0.38975573,WAL
2012872321000,225.354933,0.579844186520118,-10.5736894353288,-0.822451258665358,1.9434677,1.7137824,-1.349096,237.0774,82.85912,-0.009205387,WAL
2012877379000,225.359991,0.367282525085581,-10.2312396861365,-1.1231816406783,1.9205604,1.7159204,-1.246776,237.51753,82.42906,0.36216292,WAL
2012882344000,225.364956,0.11265759457735,-9.8540173611662,-1.50983431451805,1.861001,1.8075503,-1.1386528,237.97629,82.00988,0.7034571,WAL
2012887360000,225.369972,-0.156145215698995,-9.43446464718509,-1.94163149558006,1.813659,1.9596558,-1.0259482,238.42673,81.601715,0.9879693,WAL
2012892332000,225.374944,-0.430253631154552,-8.99310395716655,-2.39693023118353,1.8096883,2.0726657,-0.9221011,238.88785,81.19963,1.2345377,WAL
2012897342000,225.379954,-0.678641352368106,-8.56610364088729,-2.68352121660671,1.8283197,2.0983222,-0.8368854,239.32588,80.85892,1.4138391,WAL
2012902348000,225.38496,-0.90378625238809,-8.15413605135891,-2.82723073151479,1.8350391,2.1120665,-0.79259765,239.78764,80.5278,1.5668238,WAL
2012907336000,225.389948,-1.19902516064183,-7.59880079311354,-2.76746459289895,1.8206838,2.0845776,-0.73273283,240.20815,80.27248,1.6502174,WAL
2012912350000,225.394962,-1.55499240822279,-6.91965273244245,-2.53795935583301,1.7849482,2.0118847,-0.6750061,240.6156,80.0272,1.7210088,WAL
2012917340000,225.399952,-1.78633623619028,-6.40602674551172,-2.37481008765595,1.7412714,1.9062049,-0.6264423,240.99155,79.80799,1.74983,WAL
2012922324000,225.404936,-1.89284581760828,-6.05745006227812,-2.27798323681915,1.6820174,1.8212948,-0.57451874,241.34787,79.610596,1.762738,WAL
2012927354000,225.409966,-1.9403955240786,-5.79486490515202,-2.17964809850425,1.6212363,1.7620409,-0.5332854,241.6923,79.38034,1.7322804,WAL
2012932334000,225.414946,-1.93340181051911,-5.61535956611595,-2.08173603564376,1.5598444,1.702176,-0.49327368,242.0069,79.174065,1.6914003,WAL
2012937370000,225.419982,-1.92632945279108,-5.43383569314694,-1.9827229536025,1.4895949,1.6594155,-0.45448375,242.31248,78.963646,1.6246705,WAL
2012942376000,225.424988,-1.91929922586763,-5.253393177642,-1.88429970326523,1.4046847,1.6307048,-0.4382958,242.6008,78.77984,1.5556675,WAL
2012947341000,225.429953,-1.94220912401956,-5.0821050893823,-1.69906181272328,1.325883,1.5855007,-0.45570546,242.8648,78.61677,1.4909219,WAL
2012952350000,225.434962,-2.00443968839437,-4.91934802876958,-1.39748272388983,1.2159272,1.5583172,-0.4804455,243.122,78.49062,1.4249038,WAL
2012957283000,225.439895,-2.06294394738061,-4.74399258891462,-1.06424242903039,1.0965031,1.5549575,-0.52656585,243.38104,78.339775,1.3819716,WAL
2012962354000,225.444966,-2.11916859260974,-4.54252114736131,-0.67067030382055,0.9407325,1.5506815,-0.57696223,243.63022,78.232864,1.3491741,WAL
2012967279000,225.449891,-2.16303281134695,-4.32249436398753,-0.345468301500654,0.7535023,1.5375478,-0.6282749,243.8677,78.09518,1.3346833,WAL
2012972341000,225.454953,-2.18741555030681,-4.04940748395534,-0.121146943179761,0.5662721,1.5241088,-0.6747007,244.10278,78.00309,1.3335115,WAL
2012977315000,225.459927,-2.21995277683706,-3.81983026517572,0.134977907479233,0.3848451,1.5424347,-0.6985244,244.37576,77.88915,1.33634,WAL
2012982351000,225.464963,-2.26810444860224,-3.65611420910543,0.45759468953754,0.22449298,1.5332718,-0.7101309,244.6351,77.822464,1.3510581,WAL
2012987237000,225.469849,-2.31938701535742,-3.48852291496465,0.726883808150039,0.06841691,1.486846,-0.71776664,244.93907,77.7676,1.3468854,WAL
2012992357000,225.474969,-2.38197861315789,-3.29593359210526,0.924287911842105,-0.100792766,1.4395039,-0.72295904,245.23534,77.76127,1.3460656,WAL
2012997245000,225.479857,-2.44618939813481,-3.14230497933485,1.06798459236159,-0.26145032,1.4184291,-0.72173727,245.58954,77.754974,1.3244455,WAL
2013002344000,225.484956,-2.52329535599526,-3.05074172356656,1.11617575312346,-0.33261612,1.3710871,-0.698219,245.91705,77.77033,1.3020962,WAL
2013007290000,225.489902,-2.57353207595608,-2.96035920833018,1.15973280009466,-0.47586402,1.3332134,-0.6750061,246.2698,77.81687,1.2679759,WAL
2013012348000,225.49496,-2.56436131484286,-2.86406712635365,1.19641550939038,-0.6072,1.2745703,-0.64996064,246.5972,77.87889,1.2303467,WAL
2013017304000,225.499916,-2.54857701830986,-2.76324589366197,1.21402889683099,-0.7275405,1.1826351,-0.6081163,246.90381,77.968666,1.1750525,WAL
2013022327000,225.504939,-2.50152667949922,-2.63150484673318,1.14815837336659,-0.8426886,1.0751228,-0.5702427,247.18315,78.09211,1.1180893,WAL
2013027410000,225.510022,-2.44257078686808,-2.50152505949746,1.08503533028218,-0.9560041,0.94806284,-0.51007247,247.43552,78.23913,1.0442793,WAL
2013032345000,225.514957,-2.3247586227939,-2.39313781540532,1.0426229197228,-1.0729848,0.8362745,-0.45234573,247.65471,78.417564,0.965802,WAL
2013037396000,225.520008,-2.20564822668389,-2.29351191123584,1.00697087031592,-1.1722504,0.71776664,-0.39645153,247.8245,78.626434,0.8857383,WAL
2013042373000,225.524985,-2.096740331969,-2.26036610977548,1.01644111343135,-1.2767084,0.6059783,-0.32742378,247.95547,78.86802,0.7915587,WAL
2013047300000,225.529912,-1.98569894845667,-2.23576941225762,1.02745169193708,-1.3573426,0.49480084,-0.2593123,248.05704,79.135216,0.70223093,WAL
2013052347000,225.534959,-1.84702758045113,-2.27402350526316,1.05136058120301,-1.4590516,0.3830125,-0.20250183,248.11887,79.43515,0.60242015,WAL
2013057315000,225.539927,-1.7120504517831,-2.31344480426966,1.08075414694675,-1.5641204,0.2837469,-0.14110987,248.15797,79.755066,0.50169396,WAL
2013062337000,225.544949,-1.58987527503664,-2.36983340022472,1.16533694274548,-1.6636915,0.20555615,-0.089186326,248.16455,80.09842,0.39175707,WAL
2013067447000,225.550059,-1.46921688004614,-2.42994625726644,1.25831179221453,-1.7672331,0.12522738,-0.030848695,248.14536,80.46383,0.28966954,WAL
2013072290000,225.554902,-1.39788978677432,-2.51910521695502,1.42771373183391,-1.8747455,0.057726767,0.016187929,248.10162,80.85371,0.17851922,WAL
2013077681000,225.560293,-1.31619866326069,-2.6285932989412,1.62074357803248,-1.9651535,-0.043676864,0.06688975,248.03683,81.24778,0.07763708,WAL
2013082347000,225.564959,-1.19676815318668,-2.94094991059827,1.88257203348067,-2.0329595,-0.1282817,0.108123146,247.95232,81.65973,-0.03248609,WAL
2013087586000,225.570198,-1.07477305430825,-3.32683114545809,2.19132097018791,-2.1056526,-0.22632557,0.15760323,247.85074,82.05511,-0.13875543,WAL
2013092323000,225.574935,-1.1012740580664,-4.07327668420796,2.6374214768377,-2.160325,-0.27122417,0.2489276,247.73393,82.45654,-0.2679783,WAL
2013097670000,225.580282,-1.13150227246986,-4.93525854920101,3.15153997154472,-2.1697934,-0.32467487,0.32345316,247.60307,82.79986,-0.3680097,WAL
2013102346000,225.584958,-1.16498039619662,-6.12373139529016,3.8378411802168,-2.127949,-0.32162055,0.36254853,247.4714,83.135086,-0.48417738,WAL
2013107258000,225.58987,-1.20014817715167,-7.37218704541632,4.55878034552846,-2.096184,-0.3277292,0.45478916,247.33589,83.369675,-0.62103516,WAL
2013112351000,225.594963,-0.960286232848784,-9.68417484717038,5.94074961918693,-1.9981402,-0.32895094,0.5626069,247.19998,83.56427,-0.77163494,WAL
2013117242000,225.599854,-0.672053593327953,-12.1176138671442,7.40081327786745,-1.7928895,-0.3747658,0.6160576,247.04749,83.71023,-0.92862344,WAL
2013122322000,225.604934,0.155944667588167,-13.9638265317017,9.52168258710734,-1.3768903,-0.50732356,0.625526,246.92615,83.62937,-1.0720298,WAL
2013127337000,225.609949,1.07688405055695,-15.6529865827712,11.7337880693775,-0.677755,-0.7467828,0.473726,246.76459,83.42098,-1.1739116,WAL
2013132334000,225.614946,2.39875363950954,-16.7165724244626,12.5552368477142,0.15118915,-1.0638218,0.05131268,246.66441,82.85049,-1.0643703,WAL
2013137243000,225.619855,3.81259334732062,-17.5848030636795,12.9680020548996,0.8170323,-1.0494665,-0.50671273,246.60446,82.17902,-0.8795408,WAL
2013142370000,225.624982,5.513957196854,-18.1236605347229,11.4919701946041,1.1902709,-0.5357288,-0.83199847,246.81827,81.05267,-0.42339364,WAL
2013147253000,225.629865,7.19465759368852,-18.5381424349859,9.57442365666699,1.3087788,0.18509217,-0.82741696,247.10464,79.887856,0.038757913,WAL
2013152344000,225.634956,7.10767862106516,-18.6133687294456,7.64017396073589,1.328021,0.8509353,-0.7648033,247.60913,78.685776,0.70098096,WAL
2013157267000,225.639879,6.3595422780125,-18.5572578567887,5.79321225091739,1.3240504,1.320996,-0.78954333,248.24686,77.52146,1.293179,WAL
2013162350000,225.644962,5.1657621559761,-17.2318607290837,4.57289677788845,1.2702943,1.6380352,-0.8210029,248.92004,76.68433,1.9480479,WAL
2013167322000,225.649934,3.83308639143426,-15.4391516549801,3.64808625669323,1.1505647,1.8127426,-0.82772243,249.65317,75.89399,2.5301178,WAL
2013172326000,225.654938,2.69061094459113,-13.1239578581281,3.36715442953695,0.9492846,1.8319849,-0.8142834,250.29855,75.42815,2.953567,WAL
2013177326000,225.659938,1.62914227464039,-10.6047386463054,3.34828388766502,0.7296785,1.7724255,-0.7861836,250.95364,75.00909,3.3428333,WAL
2013182345000,225.664957,0.704068220062696,-8.20657576504196,3.47536795740722,0.5045747,1.6716328,-0.7330383,251.54784,74.75155,3.568126,WAL
2013187327000,225.669939,-0.149907176050157,-5.88588585570836,3.66835665213874,0.27000242,1.5690074,-0.63591075,252.11041,74.56301,3.7685618,WAL
2013192319000,225.674931,-0.88788083165969,-4.25186652622408,3.68600039982478,0.04642576,1.5213599,-0.49235737,252.67596,74.398254,3.8455431,WAL
2013197325000,225.679937,-1.57855943620753,-2.90317649567799,3.62999947218923,-0.04917465,1.4312572,-0.3998113,253.18951,74.26382,3.9176226,WAL
2013202340000,225.684952,-2.34501516849206,-2.10412032811032,3.43218799198561,-0.2275473,1.3613132,-0.21166481,253.68747,74.14487,3.856235,WAL
2013207347000,225.689959,-3.15002964081143,-1.60098627665634,3.15905796826222,-0.35643986,1.2791518,-0.01160644,254.1452,74.042274,3.7744243,WAL
2013212349000,225.694961,-3.83052632200021,-1.5533890621907,3.00946111574697,-0.50793445,1.142318,0.18448131,254.56052,73.989235,3.5858653,WAL
2013217359000,225.699971,-4.44647980983539,-1.74711635839114,2.92501598115747,-0.69027776,0.9450085,0.36010507,254.91946,73.985855,3.3610728,WAL
2013222328000,225.70494,-4.70558849814743,-2.59659712445002,3.17711029341953,-0.89552844,0.64996064,0.4999932,255.16544,74.08016,3.01893,WAL
2013227383000,225.709995,-4.83170694372829,-3.71764887391934,3.5648073813682,-1.0821478,0.21991149,0.589485,255.30615,74.21699,2.6722264,WAL
2013232345000,225.714957,-4.6316575179189,-5.37429256340058,4.08662535963359,-1.1914927,-0.3359759,0.6542367,255.306,74.43147,2.2489066,WAL
2013237400000,225.720012,-4.25298115177028,-7.36234248414986,4.6945003475916,-1.2211196,-0.89675015,0.7244862,255.17519,74.66614,1.8361105,WAL
2013242314000,225.724926,-4.0836364737051,-9.87675913097837,4.78860864973209,-1.1478158,-1.3170254,0.8167268,254.91498,74.880325,1.4049194,WAL
2013247323000,225.729935,-3.99319862581861,-12.6803378827148,4.67913083637626,-0.98440933,-1.536326,0.89644474,254.55083,75.063446,0.98591286,WAL
2013252309000,225.734921,-4.13473510016676,-14.5611429813616,4.17020970979988,-0.732122,-1.5088371,0.93554014,254.15878,75.17418,0.61692315,WAL
2013257308000,225.73992,-4.38364092018835,-16.0263992142437,3.47515201577398,-0.37659842,-1.3344351,0.9147707,253.74811,75.19728,0.25302687,WAL
2013262317000,225.744929,-3.58001235857313,-17.2662866206589,2.71220907193888,0.19456059,-0.98563105,0.7987063,253.3711,75.22058,-0.090518825,WAL
2013267313000,225.749925,-2.19847771904148,-18.3772125087319,1.91462201244295,0.872621,-0.7510588,0.6010914,253.02371,75.103004,-0.39810246,WAL
2013272290000,225.754902,-1.13084796911111,-17.33924825,0.856179794583333,1.3921618,-0.7812967,0.24281894,252.66412,75.03688,-0.6563887,WAL
2013277359000,225.759971,-0.230264245031746,-14.9842451607143,-0.381520801815476,1.5549575,-0.84207773,-0.20799962,252.3904,74.87924,-0.8332476,WAL
2013282310000,225.764922,0.230363692702756,-12.3331132135634,-1.38935292835614,1.3417655,-0.7632761,-0.5879578,252.1958,74.86967,-0.7213245,WAL
2013287309000,225.769921,0.434468540743605,-9.43767219155265,-2.28171839140393,0.7892379,-0.61911196,-0.7987063,252.02689,74.91047,-0.5383583,WAL
2013292315000,225.774927,0.389760875011543,-7.09891920855563,-2.4548879555146,0.089491755,-0.31398472,-0.8723156,251.9422,75.126175,-0.23890874,WAL
2013297317000,225.779929,0.176011093638762,-5.14264423814143,-2.13890998036667,-0.24312437,-0.19700404,-0.9285152,251.85289,75.38316,0.10194062,WAL
2013302306000,225.784918,-0.205555535127137,-3.7455643936029,-1.77906573575739,-0.8063421,-0.27580565,-0.852157,251.71869,75.874016,0.39398897,WAL
2013307288000,225.7899,-0.733445465968819,-2.83375436391068,-1.38074882248039,-1.1404854,-0.46670106,-0.6918049,251.57721,76.38847,0.67008924,WAL
2013312314000,225.794926,-1.22585985756497,-2.23224587971126,-1.29771726513956,-1.3573426,-0.7153232,-0.56107974,251.42685,76.90682,0.9178868,WAL
2013317316000,225.799928,-1.68230025292589,-1.90028918477382,-1.48213758702599,-1.5375478,-0.9425651,-0.43768495,251.21222,77.50864,1.1273562,WAL
2013322286000,225.804898,-2.08581916874263,-1.78252500862475,-1.77583911361493,-1.649947,-1.1178834,-0.30634892,251.00378,78.1061,1.2691308,WAL
2013327321000,225.809933,-2.43633222699411,-1.9104148988998,-2.20213871489194,-1.709201,-1.2348641,-0.17440203,250.72728,78.73697,1.3747822,WAL
2013332268000,225.81488,-2.76850038991246,-2.13740852865101,-2.63937061579785,-1.7547104,-1.3161092,-0.032986723,250.36644,79.42632,1.3769926,WAL
2013337323000,225.819935,-3.0911744367688,-2.50824296657382,-3.11134186490251,-1.7760907,-1.4181237,0.12950343,249.9489,80.130196,1.3330708,WAL
2013342279000,225.824891,-3.35395581554476,-2.86341860166551,-3.60093921616933,-1.7910569,-1.5705346,0.2724459,249.42111,80.92451,1.1912467,WAL
2013347337000,225.829949,-3.54604267974621,-3.21397706364628,-4.13878212504213,-1.8008307,-1.738217,0.4196644,248.84709,81.72956,0.99622464,WAL
2013352248000,225.83486,-3.64926411735377,-3.50786568575032,-4.59298684334077,-1.8106046,-1.8432859,0.5635232,248.18887,82.63814,0.6972668,WAL
2013357343000,225.839955,-3.62559848732176,-3.73978905775536,-4.95743799063925,-1.8081611,-1.831374,0.7079928,247.50952,83.53987,0.34650102,WAL
2013362254000,225.844866,-3.58557607814713,-4.0654543504819,-5.19373949493509,-1.78617,-1.7424932,0.8576548,246.76692,84.5173,-0.09814303,WAL
2013367328000,225.84994,-3.50911227543273,-4.61025858303501,-5.20329740789732,-1.774869,-1.6438384,1.0152581,246.03133,85.44351,-0.59797513,WAL
2013372257000,225.854869,-3.46286384711358,-5.2561354145658,-5.15482564649965,-1.7675385,-1.5329664,1.1850786,245.3018,86.31047,-1.1628256,WAL
2013377397000,225.860009,-3.48236072878503,-6.21148332901277,-4.96473089751461,-1.785559,-1.4654657,1.3283265,244.59666,86.94081,-1.774536,WAL
2013382329000,225.864941,-3.4888820713007,-7.19094080909351,-4.85757495183775,-1.7864754,-1.4471397,1.46852,243.9292,87.15689,-2.4218569,WAL
2013387369000,225.869981,-3.46590212843268,-8.34453466093125,-4.93111076901543,-1.8069394,-1.4242324,1.5784758,243.29355,86.85719,-3.1042979,WAL
2013392363000,225.874975,-3.40916378544945,-9.48619364188472,-4.97027300707734,-1.8002199,-1.3365731,1.6227635,242.70435,93.80664,-3.7786925,WAL
2013397352000,225.879964,-3.21541028394323,-10.621035792604,-4.87339632857971,-1.7999145,-1.2137892,1.6942347,242.14017,94.697556,-4.4845047,WAL
2013402277000,225.884889,-2.99327918666995,-11.6889475800295,-4.74916543310379,-1.7525724,-1.0812315,1.715615,241.61151,95.63852,-5.1448307,WAL
2013407342000,225.889954,-2.51131566109198,-12.3570153498278,-4.38649972356124,-1.7266107,-0.95111716,1.7391334,241.12485,96.63247,-5.811075,WAL
2013412283000,225.894895,-2.03468153503314,-12.9721598642794,-4.02113426405183,-1.6823229,-0.84635377,1.74738,240.69565,97.55456,-6.4044657,WAL
2013417355000,225.899967,-1.46769367304877,-13.1643595137007,-3.50700119276882,-1.6554449,-0.78984874,1.7482964,240.29596,98.469154,-6.985994,WAL
2013422389000,225.905001,-0.928878817176921,-13.3546387049357,-3.00066226789324,-1.6441438,-0.7663304,1.756543,239.94885,99.238976,-7.4597006,WAL
2013427397000,225.910009,-0.679451448322049,-13.5381793741537,-2.54416319019723,-1.6291776,-0.788627,1.6850718,239.6065,99.970764,-7.9006567,WAL
2013432568000,225.91518,-0.42636768322721,-13.7065501908246,-2.09485699282183,-1.6310102,-0.7742717,1.5577064,239.32535,100.54923,-8.224902,WAL
2013437339000,225.919951,-0.245663930759343,-13.611681162547,-1.94125876595808,-1.6670512,-0.6792821,1.396438,239.05977,101.09853,-8.512645,WAL
2013442630000,225.925242,-0.0469414376040935,-13.4834825414869,-1.75498759401023,-1.7492126,-0.5537493,1.1917981,238.83487,101.52694,-8.694072,WAL
2013447359000,225.929971,0.107550034228956,-13.0518150374235,-1.36875891442761,-1.847562,-0.5290093,0.97066486,238.60257,101.92456,-8.826179,WAL
2013452644000,225.935256,0.273900533317381,-12.5679019307044,-0.947978309532925,-1.9349157,-0.66431594,0.7611381,238.37067,102.263626,-8.885002,WAL
2013457344000,225.939956,0.347138166357198,-12.1198598556662,-0.702416804938744,-1.9853121,-0.9221011,0.56291234,238.10214,102.574776,-8.895076,WAL
2013462313000,225.944925,0.42456748520291,-11.6461745214395,-0.442800822741195,-2.0118847,-1.244638,0.3848451,237.78201,102.82061,-8.850937,WAL
2013467349000,225.949961,0.46448689597351,-11.0328782310312,-0.781833481116367,-1.9526308,-1.5467108,0.2302962,237.38916,103.03235,-8.77816,WAL
2013472341000,225.954953,0.500670366596026,-10.4132359589404,-1.17080587059603,-1.8212948,-1.7644843,0.1337795,236.92763,103.22024,-8.694036,WAL
2013477420000,225.960032,0.331444891276393,-9.68281987236074,-1.32885434134748,-1.6578883,-1.9813415,0.05589417,236.40096,103.35837,-8.595465,WAL
2013482244000,225.964856,0.125573533330504,-8.9671716669496,-1.42688830913528,-1.5803084,-2.0894647,-0.042455133,235.84601,103.4749,-8.480465,WAL
2013487340000,225.969952,-0.304147774599279,-8.46149786765995,-1.83739274466842,-1.5500705,-2.3084598,-0.13927728,235.20532,103.64048,-8.399859,WAL
2013492281000,225.974893,-0.741902687272373,-7.99609550744961,-2.26593175167981,-1.5491543,-2.4132233,-0.18142697,234.5723,103.79588,-8.316014,WAL
2013497349000,225.979961,-1.0766758935782,-7.67387030450237,-2.81386775971564,-1.575116,-2.425746,-0.23823744,233.89166,103.999825,-8.264398,WAL
2013502244000,225.984856,-1.3821635446248,-7.38689706299368,-3.36004265742496,-1.593442,-2.372906,-0.2519819,233.20969,104.20935,-8.224391,WAL
2013507348000,225.98996,-1.56209027188249,-7.27507471582734,-3.7002645058753,-1.5796975,-2.3295345,-0.22113322,232.48703,104.53728,-8.273206,WAL
2013512251000,225.994863,-1.70753467066347,-7.204698441247,-3.98176980015987,-1.5467108,-2.2770002,-0.15515977,231.79204,104.873245,-8.334375,WAL
2013517344000,225.999956,-1.79772613594232,-7.3208301879264,-4.20470672846345,-1.5066991,-2.2073615,-0.07269296,231.09906,105.33374,-8.478194,WAL
2013522255000,226.004867,-1.87256523369468,-7.47050828574838,-4.40583681893585,-1.4633276,-2.0931299,-0.0018325958,230.44327,105.79469,-8.638624,WAL
2013527370000,226.009982,-1.85059324685817,-7.79494927612208,-4.63984350949531,-1.4101825,-1.8891008,0.06566802,229.82716,106.308914,-8.844528,WAL
2013532282000,226.014894,-1.80836592046679,-8.14215183554758,-4.86974808703371,-1.3649784,-1.6181821,0.11728613,229.2714,106.820526,-9.058031,WAL
2013537344000,226.019956,-1.68861295502684,-8.41294004940406,-4.78303862614867,-1.3478742,-1.3310753,0.18570304,228.78064,107.361,-9.292961,WAL
2013542367000,226.024979,-1.55293524005095,-8.66241213615686,-4.62547733946866,-1.3313808,-1.0708468,0.258396,228.36684,107.894135,-9.527789,WAL
2013547345000,226.029957,-1.33581473494191,-8.86702766175156,-4.16674953735478,-1.310306,-0.8524625,0.3191771,228.02753,108.429344,-9.743181,WAL
2013552347000,226.034959,-1.0694481276338,-9.04777637955516,-3.52937220797339,-1.3536774,-0.73823065,0.35735616,227.73863,108.97615,-9.9604845,WAL
2013557297000,226.039909,-0.78175130969365,-9.22312352150538,-2.81960688470278,-1.4104879,-0.72112644,0.36193767,227.50246,109.4651,-10.142724,WAL
2013562326000,226.044938,-0.473961593081761,-9.39900333333333,-2.04768987044025,-1.4731015,-0.75747293,0.33567044,227.28465,109.95873,-10.321638,WAL
2013567302000,226.049914,-0.191678762043288,-9.48908100635425,-1.3426203476807,-1.5118915,-0.88331115,0.3118467,227.07372,110.33291,-10.45603,WAL
2013572289000,226.054901,0.0786045517106831,-9.53175768467037,-0.669282995095314,-1.5222762,-1.0360274,0.26450464,226.84091,110.7012,-10.583191,WAL
2013577372000,226.059984,0.230024023151605,-9.46997155328395,-0.378758208359506,-1.4514158,-1.1566733,0.20677789,226.60844,110.90987,-10.651043,WAL
2013582312000,226.064924,0.304784597512099,-9.34848512167901,-0.327360321110123,-1.346347,-1.1921035,0.15851954,226.35649,111.10411,-10.716196,WAL
2013587310000,226.069922,0.256218757636986,-9.25006360825723,-0.243826850837139,-1.2257011,-1.2241739,0.13561209,226.10066,111.15622,-10.729829,WAL
2013592312000,226.074924,0.124065746335616,-9.16803785064688,-0.139015841217656,-1.1609493,-1.2046263,0.10567969,225.8498,111.18952,-10.728774,WAL
2013597313000,226.079925,-0.0658425782367378,-9.08634304115537,-0.0301442502208797,-1.0577132,-1.1844677,0.079107046,225.60947,111.185265,-10.7145195,WAL
2013602309000,226.084921,-0.314239303039456,-9.00504934019256,0.0827633549631867,-0.98624194,-1.171945,0.050701816,225.37509,111.17036,-10.692392,WAL
2013607284000,226.089896,-0.606510611408696,-8.9079206901087,0.176425603296739,-0.93615097,-1.1856894,0.055588737,225.13045,111.13924,-10.68769,WAL
2013612321000,226.094933,-0.978785032208696,-8.7820816476087,0.239345228571739,-0.9193522,-1.1890492,0.054367006,224.89513,111.096634,-10.672706,WAL
2013617313000,226.099925,-1.29400547368823,-8.69011444113719,0.182259010656363,-0.9080512,-1.2290609,0.070554934,224.63875,111.065254,-10.701691,WAL
2013622287000,226.104899,-1.56212865422629,-8.62649213146346,0.0232028805762259,-0.9056077,-1.2681563,0.109650314,224.3896,111.03787,-10.736675,WAL
2013627380000,226.109992,-1.79236152490508,-8.56361427993843,-0.176396041180092,-0.9095783,-1.2803736,0.16798794,224.11597,111.04652,-10.82095,WAL
2013632313000,226.114925,-1.96203657781426,-8.50543980831196,-0.413941150687532,-0.9263771,-1.25319,0.21624629,223.84981,111.06372,-10.911846,WAL
2013637308000,226.11992,-2.07200600005762,-8.46418932353789,-0.640120294151541,-0.9080512,-1.1991285,0.27885997,223.5691,111.1351,-11.063606,WAL
2013642392000,226.125004,-2.11876346945165,-8.44081063766446,-0.855204350657832,-0.9049969,-1.1520919,0.3408628,223.3015,111.22181,-11.224402,WAL
2013647403000,226.130015,-2.10233630954468,-8.45876709506573,-1.08985118313965,-0.90010995,-1.1184943,0.4111123,223.03108,111.36164,-11.425111,WAL
2013652304000,226.134916,-2.00397560180987,-8.53030218070109,-1.34916567015622,-0.8897252,-1.106277,0.46914452,222.7745,111.50637,-11.634143,WAL
2013657277000,226.139889,-1.88013519286459,-8.62764604694346,-1.59573211621114,-0.88300574,-1.0965031,0.528093,222.52814,111.69615,-11.869673,WAL
2013662318000,226.14493,-1.698833203599,-8.7837671736908,-1.80725112998122,-0.88056225,-1.0821478,0.5833763,222.29312,111.891426,-12.114573,WAL
2013667279000,226.149891,-1.5107535369652,-8.95318528769728,-1.95558068214489,-0.8940013,-1.0937542,0.6239988,222.05302,112.10811,-12.343453,WAL
2013672287000,226.154899,-1.30555966451797,-9.14925910553337,-2.01029901003993,-0.90224797,-1.1145236,0.6356053,221.81845,112.324715,-12.575041,WAL
2013677282000,226.159894,-1.11656759265654,-9.41336495683378,-1.97624486079675,-0.9068295,-1.146594,0.6533204,221.59453,112.544785,-12.787915,WAL
2013682314000,226.164926,-0.966191606136884,-9.8544678576035,-1.71559317525484,-0.9034697,-1.1588113,0.64660084,221.37091,112.75985,-12.994063,WAL
2013687241000,226.169853,-0.859999473986546,-10.2143320225212,-1.41192215024861,-0.89461213,-1.2110404,0.6267477,221.14182,112.93974,-13.152034,WAL
2013692437000,226.175049,-0.826039487885347,-10.456903713659,-0.999550832553378,-0.8912524,-1.2788464,0.57910025,220.90388,113.11221,-13.301588,WAL
2013697306000,226.179918,-0.807305121643836,-10.5882750770548,-0.726000653424657,-0.8918633,-1.3558154,0.52870387,220.67186,113.2033,-13.403505,WAL
2013702309000,226.184921,-0.816420937929985,-10.5153484515791,-0.689537388280061,-0.9083566,-1.4150693,0.473726,220.42418,113.28931,-13.495602,WAL
2013707302000,226.189914,-0.818415624450867,-10.44334175,-0.719962778034682,-0.9059132,-1.4398094,0.43493605,220.17972,113.29967,-13.556208,WAL
2013712315000,226.194927,-0.793638344157721,-10.3739654107143,-1.00242421630884,-0.84665924,-1.4248432,0.42760566,219.9322,113.30023,-13.61272,WAL
2013717278000,226.19989,-0.747572717020057,-10.3115593255014,-1.31070541088825,-0.72295904,-1.3732251,0.44440445,219.68962,113.28823,-13.668963,WAL
2013722292000,226.204904,-0.642088788424069,-10.2656963106017,-1.70053720639924,-0.548557,-1.2843442,0.47708577,219.46722,113.256,-13.722955,WAL
2013727336000,226.209948,-0.505935266136436,-10.1974920278269,-2.09911214107027,-0.34513888,-1.1713341,0.5183192,219.27086,113.230515,-13.784116,WAL
2013732314000,226.214926,-0.239727664005956,-10.0333310694276,-2.52060757805491,-0.12308934,-0.990518,0.54428095,219.12369,113.16739,-13.834932,WAL
2013737565000,226.220177,0.0431604239288363,-9.86542335832415,-2.92814166793625,0.07941248,-0.75961095,0.5635232,219.02388,113.105385,-13.87506,WAL
2013742316000,226.224928,0.321346653128596,-9.76965430319735,-2.90077901272928,0.24801129,-0.54519725,0.54733527,218.97145,113.00284,-13.89674,WAL
2013747504000,226.230116,0.611096209663582,-9.69972581589548,-2.86256955401198,0.30207285,-0.38973203,0.47128254,218.97078,112.90576,-13.862629,WAL
2013752306000,226.234918,0.711233008385411,-10.0502048963527,-2.72738491520958,0.22052236,-0.3109304,0.33933565,219.00183,112.791916,-13.796936,WAL
2013757277000,226.239889,0.752417854279392,-10.4168096563402,-2.61933316973254,0.051618114,-0.29871312,0.16310102,219.05748,112.634995,-13.656147,WAL
2013762320000,226.244932,0.529385318259573,-10.8047931573023,-2.64488893854628,-0.13591751,-0.3268129,-0.014049901,219.11069,112.48179,-13.478579,WAL
2013767423000,226.250035,0.303699212507216,-11.1973927617856,-2.6707487617183,-0.3100141,-0.36865717,-0.16340645,219.1626,112.294556,-13.240126,WAL
2013772286000,226.254898,0.0886273856850106,-11.571527952184,-2.69539236745719,-0.4605924,-0.36987892,-0.25167647,219.20685,112.1312,-12.975635,WAL
2013777469000,226.260081,-0.160556464732786,-11.9316727210222,-2.69329978779029,-0.5699373,-0.32345316,-0.3051272,219.24205,111.98572,-12.687169,WAL
2013782313000,226.264925,-0.640404897715242,-11.7905409315485,-2.34047011761485,-0.68416905,-0.31398472,-0.33078352,219.26079,111.873085,-12.393966,WAL
2013787356000,226.269968,-1.12646136884298,-11.6330307440538,-1.96509847993935,-0.7324274,-0.32711834,-0.3378085,219.2752,111.77753,-12.144247,WAL
2013792404000,226.275016,-1.45171525479011,-11.3490062414479,-1.49325130541078,-0.81336707,-0.39584067,-0.3368922,219.27509,111.719826,-11.903893,WAL
2013797715000,226.280327,-1.78300344016468,-11.0565751743824,-0.99865502301409,-0.84604836,-0.47983465,-0.29077184,219.24144,111.68621,-11.763127,WAL
2013802306000,226.284918,-1.82322950494053,-10.947964631473,-0.61248453402269,-0.754724,-0.5510005,-0.27183503,219.1912,111.640625,-11.625978,WAL
2013807311000,226.289923,-1.86708301271729,-10.8295599773102,-0.191490568132479,-0.6914995,-0.6114761,-0.22602014,219.10983,111.61686,-11.571188,WAL
2013812318000,226.29493,-1.69063035337304,-11.1260262535168,0.181965236295308,-0.5225952,-0.6621779,-0.17623462,219.01643,111.55099,-11.530061,WAL
2013817246000,226.299858,-1.45317979163158,-11.5379304440908,0.535718067480439,-0.34574974,-0.7079928,-0.13408493,218.91417,111.475815,-11.505602,WAL
2013822292000,226.304904,-1.1499787728016,-12.0650349498051,0.76026772387109,-0.160963,-0.7510588,-0.11636983,218.79312,111.31664,-11.489371,WAL
2013827318000,226.30993,-0.834247354453845,-12.6141327362867,0.952452073368191,0.017715093,-0.7874053,-0.12186762,218.66714,111.12385,-11.480981,WAL
2013832312000,226.314924,-0.606511901230382,-13.1037017453982,1.02897788625266,0.18295415,-0.80970186,-0.14935656,218.5694,110.80884,-11.415639,WAL
2013837241000,226.319853,-0.414439505963961,-13.5655903989537,1.06098997919008,0.31306845,-0.7987063,-0.19242255,218.47498,110.465576,-11.344135,WAL
2013842385000,226.324997,-0.26991545091535,-13.9772159206156,0.958700827014986,0.43188173,-0.7626653,-0.24709499,218.42316,110.00056,-11.197315,WAL
2013847267000,226.329879,-0.161031155947752,-14.3322736567436,0.793007299210207,0.54153204,-0.67073005,-0.31215215,218.3938,109.51383,-11.031597,WAL
2013852307000,226.334919,-0.0278117969098219,-14.5917535519816,0.472305432499713,0.6563747,-0.52656585,-0.38545597,218.41557,108.95512,-10.798728,WAL
2013857311000,226.339923,0.11440460879954,-14.7981965755313,0.0823572337426766,0.79229224,-0.35094208,-0.44898596,218.4757,108.37532,-10.545859,WAL
2013862317000,226.344929,0.270156454763743,-14.8764321875456,-0.3136421710581,0.94042706,-0.16737708,-0.5009095,218.58202,107.760086,-10.245586,WAL
2013867330000,226.349942,0.435409568374883,-14.8664166454574,-0.714255773759466,1.1123856,-0.014660766,-0.5653558,218.73032,107.114914,-9.921763,WAL
2013872286000,226.354898,0.547700908641495,-14.7695981424679,-0.920763946438303,1.3084733,0.08093964,-0.65118235,218.9121,106.45264,-9.563719,WAL
2013877340000,226.359952,0.637193177510705,-14.6282946765278,-1.0385169330868,1.4953982,0.1469131,-0.7464773,219.12837,105.760414,-9.187069,WAL
2013882309000,226.364921,0.66734704415372,-14.3577790525348,-1.00644274057645,1.6942347,0.15943582,-0.79717916,219.35129,105.05815,-8.789001,WAL
2013887307000,226.369919,0.66245488896157,-14.0055436743663,-0.884138758605887,1.8035797,0.1554652,-0.90041536,219.5832,104.3292,-8.358881,WAL
2013892307000,226.374919,0.559494106337662,-13.5318002370629,-0.716127017839161,1.9947804,0.124005646,-1.003957,219.81291,103.55753,-7.9213934,WAL
2013897312000,226.379924,0.406265186337662,-12.9954987370629,-0.524590882839161,2.20278,0.0888809,-1.1203269,220.03937,102.75804,-7.4642267,WAL
2013902308000,226.38492,0.111876368782556,-12.4149753585706,-0.290598953440339,2.4324653,0.05955936,-1.2373075,220.23445,101.89949,-6.993822,WAL
2013907301000,226.389913,-0.254981266868565,-11.8115915204926,-0.0347640236335554,2.685058,0.013439035,-1.3451253,220.419,100.99208,-6.507603,WAL
2013912286000,226.394898,-1.31388174578447,-11.4023609694929,0.460502461882726,2.9550607,-0.036651913,-1.4434745,220.57837,100.03373,-6.0249624,WAL
2013917313000,226.399925,-2.71581586756339,-11.0828721155903,1.07563675815214,3.227812,-0.08857546,-1.5180001,220.7347,99.02745,-5.530887,WAL
2013922292000,226.404904,-3.58775365517611,-11.1528916549907,1.17595591762123,3.4831536,-0.093767814,-1.5522085,220.89041,98.00034,-5.0770435,WAL
2013927334000,226.409946,-4.20022446809445,-11.4261484753634,1.01105996169382,3.6596937,-0.031154128,-1.5683966,221.06718,96.95229,-4.615445,WAL
2013932309000,226.414921,-4.76901121566877,-11.769333514804,0.681791393960899,3.7293322,0.07880162,-1.5784758,221.12949,95.93386,-4.2903666,WAL
2013937311000,226.419923,-5.31832874936554,-12.1610598390826,0.245038966056772,3.6783252,0.17134771,-1.5775595,221.22357,94.978035,-3.9684901,WAL
2013942315000,226.424927,-5.89290982581091,-12.5999788062321,-0.337789453408061,3.5063665,0.2415972,-1.5464053,221.30962,94.214554,-3.7247205,WAL
2013947386000,226.429998,-6.50234840863554,-13.095792959481,-1.0866757979783,3.306308,0.2666427,-1.4789047,221.42578,93.6314,-3.495826,WAL
2013952308000,226.43492,-7.21296504244835,-13.5847215686294,-1.55664311694636,3.087313,0.2611449,-1.3814718,221.51558,93.35865,-3.3557644,WAL
2013957299000,226.439911,-8.01044574898632,-14.0854657083131,-1.86728965744495,2.8808405,0.19394971,-1.2739595,221.60666,86.69871,-3.2399445,WAL
2013962315000,226.444927,-9.12007660633125,-14.7106486832887,-1.8697391546889,2.7030787,0.0061086523,-1.1771374,221.61853,86.560486,-3.2142005,WAL
2013967309000,226.449921,-10.4869567571698,-15.4368033917337,-1.60870296796666,2.584571,-0.29168814,-1.1487321,221.58714,86.350876,-3.195109,WAL
2013972271000,226.454883,-11.1268275772444,-15.8089736916444,-1.38541914926222,2.4904976,-0.6600399,-1.2757921,221.44014,86.087456,-3.2379553,WAL
2013977359000,226.459971,-11.1051712401778,-15.8609488553778,-1.19051202520889,2.4471262,-1.0943651,-1.5176947,221.19788,85.83868,-3.2435195,WAL
2013982308000,226.46492,-10.7465182263547,-15.6192822317625,-1.3186241217636,2.3689353,-1.2739595,-1.6261233,220.89075,85.4759,-3.3743622,WAL
2013987307000,226.469919,-9.49431148350072,-14.6048361162123,-2.28551794634146,2.2944098,-1.396438,-1.7412714,220.4904,85.175575,-3.4167173,WAL
2013992296000,226.474908,-8.26016465872754,-13.7829902142788,-3.07321531589121,2.0546453,-1.1572843,-1.6740762,220.1528,84.88771,-3.4678729,WAL
2013997313000,226.479925,-7.0374087970374,-13.1809463156872,-3.65659114997572,1.7107282,-0.88056225,-1.5968018,219.80331,84.66217,-3.480732,WAL
2014002259000,226.484871,-5.84902236559108,-12.5692847808742,-3.95892080803755,1.4147639,-0.6072,-1.5378532,219.50697,84.64767,-3.4039254,WAL
2014007302000,226.489914,-4.66370360393077,-11.9175957462599,-3.84558363608096,1.3607023,-0.40194935,-1.4895949,219.27307,84.64237,-3.351617,WAL
2014012243000,226.494855,-3.59364588990188,-11.434284372547,-3.59111845808463,1.432479,-0.24984388,-1.4333953,219.05391,84.77278,-3.2065675,WAL
2014017307000,226.499919,-2.67168837722813,-11.2360135557032,-3.05578828776574,1.5555683,-0.06658431,-1.3704761,218.90576,84.88634,-3.088527,WAL
2014022298000,226.50491,-1.78908203126236,-11.1631076152802,-2.47420523982936,1.645671,0.096516706,-1.3567317,218.7935,85.00539,-2.8608792,WAL
2014027409000,226.510021,-0.925366172978476,-11.2770045208455,-1.79557142692457,1.7290541,0.20555615,-1.366811,218.7236,85.07866,-2.654741,WAL
2014032248000,226.51486,-0.220037534397267,-11.4338425622255,-1.19883021509029,1.8133535,0.32925636,-1.3979651,218.73512,85.0855,-2.3561518,WAL
2014037306000,226.519918,0.285870221491459,-11.6986166430454,-0.66928186584285,1.8677205,0.42760566,-1.4327844,218.77722,85.05574,-2.0634925,WAL
2014042314000,226.524926,0.700066596675792,-11.8671550330465,-0.25068800089167,1.9260582,0.5036584,-1.4828753,218.89575,84.9096,-1.6640542,WAL
2014047318000,226.52993,0.901539143723113,-11.8062449829879,-0.0913841638013297,1.9511036,0.52870387,-1.4908166,219.03502,84.71474,-1.2770164,WAL
2014052278000,226.53489,1.05012588238332,-11.6883225865731,0.00214715308779109,1.9230038,0.56169057,-1.4773777,219.2218,84.40261,-0.82511705,WAL
2014057304000,226.539916,1.03605597173341,-11.3834750938322,-0.110411818690441,1.8102992,0.6462954,-1.4559973,219.43852,84.06825,-0.3859188,WAL
2014062290000,226.544902,1.0120752948519,-11.0453740521862,-0.343346759055007,1.6633861,0.75533485,-1.3897184,219.66597,83.68491,0.0570355,WAL
2014067311000,226.549923,0.944254217022214,-10.5494325671721,-1.10633394439175,1.5592335,1.0354166,-1.2916746,219.97144,83.29929,0.4662697,WAL
2014072291000,226.554903,0.87698694604196,-10.0575407935473,-1.86309080218441,1.5467108,1.4056009,-1.1594223,220.30016,82.90942,0.83631635,WAL
2014077326000,226.559938,0.689175527031825,-9.42242107036155,-2.20800442450747,1.5894713,1.5610662,-1.0140363,220.64674,82.528336,1.1643165,WAL
2014082303000,226.564915,0.491651515499212,-8.7886336565577,-2.49827538049429,1.5839735,1.774869,-0.9502009,221.1138,82.16252,1.4564162,WAL
2014087302000,226.569914,0.274811724547066,-8.22767852067743,-2.61140915921623,1.5812247,1.890628,-0.82253003,221.5109,81.88112,1.6670437,WAL
2014092459000,226.575071,0.0481587136211614,-7.65348674926523,-2.72266265252863,1.5564847,1.9233092,-0.70188415,221.91359,81.639465,1.8356762,WAL
2014097310000,226.579922,-0.201382758786865,-7.16852883287727,-2.76032931306375,1.5445728,1.9138408,-0.59498274,222.33127,81.405235,1.9671341,WAL
2014102324000,226.584936,-0.453195600739182,-6.67878221514588,-2.79540080795966,1.5317446,1.8680259,-0.52870387,222.73232,81.194435,2.0510707,WAL
2014107302000,226.589914,-0.625891295751909,-6.3380580973272,-2.78139841624241,1.5430456,1.8335121,-0.46914452,223.12819,80.99164,2.1056352,WAL
2014112539000,226.595151,-0.80430388519179,-5.97776785102122,-2.75826808954867,1.5338826,1.781894,-0.4175264,223.49942,80.80541,2.1151137,WAL
2014117307000,226.599919,-0.927137403318721,-5.62746511896981,-2.63543463317724,1.536937,1.7189748,-0.36987892,223.8537,80.6214,2.1101396,WAL
2014122588000,226.6052,-1.06373701611133,-5.24241035574285,-2.49741602432379,1.5173893,1.6316211,-0.2959642,224.18015,80.448105,2.0659156,WAL
2014127323000,226.609935,-1.19261189253234,-4.93133282781262,-2.3507653620835,1.4923438,1.5360206,-0.23701571,224.48346,80.28225,2.0151813,WAL
2014132641000,226.615253,-1.33769291174707,-4.58261169345199,-2.18331372706323,1.4773777,1.4474452,-0.19364429,224.7664,80.098724,1.9388238,WAL
2014137303000,226.619915,-1.47152952040281,-4.28984412020609,-1.9825587048993,1.4150693,1.395827,-0.16462818,225.02907,79.94226,1.852342,WAL
2014142339000,226.624951,-1.61610291405152,-3.97358983044496,-1.76569849648712,1.3344351,1.3545936,-0.13713925,225.27501,79.77036,1.7436013,WAL
2014147307000,226.629919,-1.73067091595477,-3.65583778712312,-1.45851999170854,1.2027937,1.31672,-0.12339478,225.50467,79.63475,1.632829,WAL
2014152240000,226.634852,-1.83947878691374,-3.33930594442002,-1.13704228974037,1.0671816,1.2974777,-0.09773844,225.72412,79.52812,1.512195,WAL
2014157298000,226.63991,-1.93579880225557,-3.08176612602726,-0.861605506050799,0.92485,1.2889256,-0.082161374,225.93597,79.407265,1.3758366,WAL
2014162290000,226.644902,-2.02956640166716,-2.83328182358537,-0.594367791428852,0.7620544,1.2727377,-0.070249505,226.13643,79.33366,1.2350193,WAL
2014167291000,226.649903,-2.16729572548559,-2.60271371353967,-0.155416145592316,0.61391956,1.2388347,-0.049785517,226.31432,79.217026,1.0872778,WAL
2014172340000,226.654952,-2.31178797515475,-2.37221423654927,0.3090232052508,0.4578435,1.2024882,-0.036957346,226.48265,79.15047,0.9404686,WAL
2014177468000,226.66008,-2.44616946099163,-2.1666919777095,0.779176046159551,0.30451632,1.1496484,-0.038179077,226.58208,79.03771,0.81332517,WAL
2014182393000,226.665005,-2.48114776165907,-2.1866795780909,1.21890356761309,0.13713925,1.1166617,-0.035124753,226.67223,78.976585,0.68413985,WAL
2014187315000,226.669927,-2.51486305763435,-2.21742494986499,1.62553385912377,0.061391957,1.024421,-0.03604105,226.74467,78.81091,0.553481,WAL
2014192374000,226.674986,-2.54440266482885,-2.29338380130651,1.90826947622158,-0.100792766,0.9089675,-0.023823744,226.7969,78.72204,0.42428836,WAL
2014197331000,226.679943,-2.57334669188224,-2.3678111637488,2.18530455310513,-0.25686884,0.77671516,-0.022602014,226.93137,78.60629,0.24624783,WAL
2014202231000,226.684843,-2.5810221689568,-2.47712963292739,2.36779503311121,-0.4007276,0.64599,-0.012217305,227.0273,78.53325,0.0708325,WAL
2014207213000,226.689825,-2.57244430283207,-2.58214325747906,2.52335290997208,-0.5332854,0.514654,-0.0067195175,227.08124,78.500786,-0.094188355,WAL
2014212253000,226.694865,-2.47617959920223,-2.62546232887914,2.55704567183885,-0.6600399,0.39675698,0.00580322,227.13779,78.45815,-0.2743236,WAL
2014217225000,226.699837,-2.37618199488092,-2.65977804404585,2.56836174542939,-0.7684685,0.28160888,0.009162978,227.16933,78.417015,-0.45501828,WAL
2014222215000,226.704827,-2.24394842496294,-2.64088754814705,2.44085070085977,-0.89552844,0.16707164,0.0125227375,227.16292,78.41485,-0.6312725,WAL
2014227230000,226.709842,-2.10764183939666,-2.62891816155229,2.29954996757567,-0.98624194,0.06872234,0.021380283,227.13194,78.42679,-0.7877044,WAL
2014232226000,226.714838,-1.94514508043153,-2.67193196988313,2.05580490398562,-1.106277,-0.0061086523,0.028710667,227.0719,78.48037,-0.9389368,WAL
2014237221000,226.719833,-1.78444906365789,-2.72829023678603,1.80315485288547,-1.2134838,-0.0711658,0.029321533,226.99406,78.56836,-1.0806273,WAL
2014242264000,226.724876,-1.63675532909145,-2.89504115841965,1.47441731882214,-1.312444,-0.099571034,0.034513887,226.90189,78.683914,-1.2236258,WAL
2014247208000,226.72982,-1.49219089197447,-3.0718269288919,1.16181247872752,-1.4104879,-0.105374254,0.035124753,226.77995,78.86393,-1.338651,WAL
2014252303000,226.734915,-1.34593212331271,-3.41152484607426,0.954219260587894,-1.5054774,-0.056199603,0.022296581,226.66362,79.066666,-1.4537977,WAL
2014257530000,226.740142,-1.19774847997139,-3.76002510018121,0.75485054368145,-1.6029104,-0.017715093,0.003970624,226.51378,79.32997,-1.5616137,WAL
2014262316000,226.744928,-1.08409090801144,-4.07914056259418,0.732993335860753,-1.6982054,0.021380283,-0.01282817,226.37637,79.61359,-1.6704125,WAL
2014267260000,226.749872,-0.966681163805436,-4.40879096923224,0.710414557033858,-1.8084666,0.03481932,-0.026267206,226.18965,79.90736,-1.7724794,WAL
2014272305000,226.754917,-0.897475182105668,-4.89850389597729,0.777489979222404,-1.8939877,0.011301007,-0.026267206,226.00322,80.21382,-1.8759564,WAL
2014277308000,226.75992,-0.832921344552016,-5.39649045985949,0.851265764680974,-1.9843957,-0.0015271631,-0.029932396,225.8236,80.544876,-1.9782841,WAL
2014282312000,226.764924,-0.678701171395282,-5.99706116367109,1.05381277526502,-2.0237966,-0.025045475,-0.06505715,225.6383,80.89268,-2.0500078,WAL
2014287238000,226.76985,-0.512003825980327,-6.60528131328431,1.27457416325088,-2.1053472,-0.06627888,-0.10048734,225.44406,81.26673,-2.1226013,WAL
2014292334000,226.774946,-0.267358424588534,-7.35140970591284,1.7854626383224,-2.1960607,-0.13805555,-0.12797627,225.2638,81.64715,-2.1923816,WAL
2014297246000,226.779858,-0.00861649172625342,-8.10773212622171,2.36763195349059,-2.288912,-0.23304509,-0.14966199,225.06578,82.03975,-2.2543182,WAL
2014302306000,226.784918,0.136251843181818,-9.26316630681818,2.90656080227273,-2.3667974,-0.38026363,-0.09162979,224.86343,82.413574,-2.2950294,WAL
2014307260000,226.789872,0.258674534618896,-10.4544334371278,3.42450292809647,-2.3851233,-0.47983465,0.01740966,224.6476,82.779755,-2.3465335,WAL
2014312316000,226.794928,0.461035693180465,-12.3099746275065,4.12021235872543,-2.350915,-0.57604593,0.14110987,224.4521,83.0818,-2.341342,WAL
2014317244000,226.799856,0.671850925104229,-14.2307355153365,4.82761457814175,-2.2128594,-0.5708536,0.226631,224.25706,83.34439,-2.3603973,WAL
2014322318000,226.80493,1.3646099307845,-15.5540262062382,6.09907987400756,-1.9000963,-0.59986967,0.21746802,224.07956,83.506775,-2.336909,WAL
2014327335000,226.809947,2.14571173468809,-16.7302206011342,7.4660079952741,-1.4587462,-0.70096785,0.009162978,223.88756,83.60817,-2.282059,WAL
2014332287000,226.814899,3.34842343979186,-17.5042650834609,8.73836660606061,-0.9062186,-0.95386606,-0.42455134,223.71584,83.58552,-2.0785186,WAL
2014337266000,226.819878,4.72038376553413,-18.1367281338639,9.98869912121212,-0.17928895,-1.1270463,-0.9437868,223.54794,83.42371,-1.8010399,WAL
2014342282000,226.824894,6.219184207418,-18.5331414247471,10.04248309155,0.6429357,-1.0164797,-1.3793337,223.5421,82.944046,-1.2511151,WAL
2014347281000,226.829893,7.75026650638602,-18.851098664555,9.70985217523245,1.2684617,-0.65057147,-1.3900238,223.56586,82.301384,-0.7148593,WAL
2014352269000,226.834881,7.73061986634845,-17.7154357243437,8.87131202147971,1.6694947,-0.21960606,-1.1291844,223.7851,81.31928,0.054021683,WAL
2014357266000,226.839878,7.32611530031822,-16.2163879006563,7.90525914518695,1.8145752,0.22327125,-0.91782504,224.10817,80.24142,0.76489645,WAL
2014362272000,226.844884,6.03125357314172,-14.1460312958375,6.75665481005947,1.7638733,0.6637051,-0.7855727,224.59839,79.181496,1.57004,WAL
2014367291000,226.849903,4.49256993875124,-11.9166079108028,5.55619581555996,1.5909985,1.0742066,-0.63132924,225.16689,78.15467,2.2269871,WAL
2014372286000,226.854898,2.9338691878424,-9.80572086378523,4.66525179798531,1.3384057,1.2174544,-0.4615087,225.72658,77.27709,2.7633085,WAL
2014377307000,226.859919,1.35902830218341,-7.71547721834061,3.85874221179039,1.0552697,1.4187346,-0.37751472,226.39713,76.48542,3.2210736,WAL
2014382313000,226.864925,0.0797202170722714,-6.32770399996313,3.35445138661504,0.91996306,1.520749,-0.23701571,226.98952,75.89579,3.4074306,WAL
2014387298000,226.86991,-1.10410745484882,-5.16147970119838,2.94517268501106,0.6747007,1.5421293,-0.12889257,227.60634,75.428604,3.565229,WAL
2014392387000,226.874999,-2.1997477862942,-4.31400987894957,2.67967430889307,0.45265114,1.5036448,-0.023518313,228.15294,75.11214,3.485534,WAL
2014397312000,226.879924,-3.18668589076167,-3.71691216420799,2.52176416477297,0.20372356,1.4181237,0.07849618,228.67917,74.8796,3.3834906,WAL
2014402308000,226.88492,-4.00239259229962,-3.73295997891765,2.4594031096692,-0.052534413,1.2779301,0.25137106,229.07152,74.786934,3.1153324,WAL
2014407295000,226.889907,-4.73028877762343,-4.03843777676394,2.44269733251049,-0.27458394,1.1334605,0.4202753,229.42827,74.75534,2.8289773,WAL
2014412312000,226.894924,-5.4625637248401,-4.34575321927344,2.42589105939936,-0.47769663,0.9837985,0.58459806,229.6767,74.82822,2.3914535,WAL
2014417311000,226.899923,-6.19221141492105,-4.65196607498501,2.40914508385968,-0.65057147,0.8249735,0.7330383,229.86736,74.950005,1.9248412,WAL
2014422304000,226.904916,-6.33009013386843,-5.6871811831101,2.70121505211739,-0.77396625,0.56291234,0.8240572,229.98273,75.1107,1.4509349,WAL
2014427323000,226.909935,-6.18807927370494,-7.07415524041757,3.14144906956864,-0.8707884,0.19364429,0.870483,230.0128,75.300316,0.9703567,WAL
2014432309000,226.914921,-5.79537602920337,-8.86571978453709,3.58004616887845,-0.93584555,-0.16340645,0.9025534,229.8938,75.572845,0.28576264,WAL
2014437289000,226.919901,-5.26794860583284,-10.877411497984,4.01879118708162,-0.979217,-0.4868596,0.91324353,229.67606,75.83403,-0.37606946,WAL
2014442357000,226.924969,-4.93477532983342,-12.9014910118122,4.14711811666835,-0.9306532,-0.74281216,0.8906415,229.38641,76.04151,-0.9866935,WAL
2014447314000,226.929926,-4.73827244310954,-14.8665203795053,4.07043390219081,-0.729984,-0.8906415,0.82772243,229.03835,76.18822,-1.5674577,WAL
2014452307000,226.934919,-4.59536752850856,-16.1956187697312,3.95574061281929,-0.39278635,-0.8762862,0.6783658,228.7135,76.277824,-2.014047,WAL
2014457291000,226.939903,-4.48577793662107,-17.1316957887688,3.81875370640008,0.07574729,-0.840856,0.46395215,228.3642,76.26344,-2.4056656,WAL
2014462315000,226.944927,-4.08355918846231,-17.8343978532294,3.69526473317337,0.559858,-0.7593055,0.27855456,228.05888,76.244865,-2.711352,WAL
2014467306000,226.949918,-3.42885969861028,-18.3218382145571,3.58535165572885,0.88331115,-0.70952,0.069027774,227.77505,76.1493,-2.938311,WAL
2014472283000,226.954895,-2.46884287298528,-18.1684056614956,3.15699773858393,0.9981538,-0.73639804,-0.23854288,227.52512,76.0594,-3.05143,WAL
2014477327000,226.959939,-1.21989622224145,-17.4382525533015,2.43645170485282,0.9673051,-0.88789266,-0.40225476,227.2646,75.92748,-3.131505,WAL
2014482310000,226.964922,-0.36064440908651,-14.5160641845744,1.22135881507012,0.7309003,-0.95630956,-0.68600166,227.0957,75.907135,-3.0028107,WAL
2014487305000,226.969917,0.159005640918428,-9.57938867746395,-0.455693739443018,0.28924468,-0.8881981,-0.87109387,226.93208,75.955345,-2.8577476,WAL
2014492323000,226.974935,0.171961871952698,-6.34095950024843,-1.18842629758521,-0.2706133,-0.8023715,-0.9990701,226.80246,76.17602,-2.5259478,WAL
2014497298000,226.97991,-0.325174626258571,-4.85428459589586,-0.961163867892279,-0.8054258,-0.8668178,-1.0485502,226.65724,76.50365,-2.1745899,WAL
2014502334000,226.984946,-0.745639602443574,-3.83818378545886,-0.881508046123282,-1.201572,-1.1029172,-1.0064005,226.42424,76.94025,-1.8096468,WAL
2014507334000,226.989946,-1.07594721791733,-3.34404361659401,-0.960781872071078,-1.4746287,-1.3878858,-0.9309586,226.15672,77.48632,-1.4425616,WAL
2014512577000,226.995189,-1.42230778350312,-2.82588823552232,-1.04390840595994,-1.6621643,-1.6523905,-0.8191703,225.8433,78.05511,-1.1529574,WAL
2014517319000,226.999931,-1.73557152601843,-2.3572456993709,-1.11909170248882,-1.7876972,-1.8600847,-0.6771441,225.45537,78.6727,-0.89369804,WAL
2014522311000,227.004923,-2.29023739918924,-2.11377748505043,-1.56979716875618,-1.8542814,-2.028378,-0.54305923,224.99477,79.31647,-0.66644514,WAL
2014527361000,227.009973,-2.88795927381847,-1.90816119772592,-2.08622892276053,-1.8869628,-2.1514673,-0.40408736,224.47777,79.976036,-0.48830464,WAL
2014532375000,227.014987,-3.47458653506577,-2.37978274132178,-2.86295525194097,-1.8762726,-2.2504275,-0.24281894,223.8781,80.64286,-0.44257498,WAL
2014537328000,227.01994,-4.05286342741418,-2.96566861437279,-3.67710824197947,-1.8277088,-2.3173172,-0.0720821,223.2433,81.30191,-0.45239374,WAL
2014542348000,227.02496,-4.48589326372327,-3.53502120605469,-4.36410692537007,-1.7580702,-2.3102922,0.09590584,222.50117,82.0178,-0.60053486,WAL
2014547320000,227.029932,-4.63273516072163,-4.05386203027344,-4.78994789000822,-1.7171422,-2.264172,0.2648101,221.74373,82.71456,-0.8135215,WAL
2014552181000,227.034793,-4.71773663141809,-4.52671549755501,-5.11412004400978,-1.6844609,-2.1939225,0.4465425,220.88506,83.52754,-1.2282405,WAL
2014557244000,227.039856,-4.70785733403627,-4.96140262235126,-5.29688629767726,-1.6169603,-2.0824397,0.6267477,220.0525,84.24268,-1.7106869,WAL
2014562192000,227.044804,-4.66397845766871,-5.44924723312883,-5.37918368726994,-1.5754215,-1.9449949,0.8145888,219.22229,84.88052,-2.2974646,WAL
2014567225000,227.049837,-4.57033810319018,-6.0357306809816,-5.32497102110429,-1.5204436,-1.8805487,1.0204504,218.41197,85.27528,-2.9541323,WAL
2014572207000,227.054819,-4.43145488566068,-6.72194048419909,-5.30247167181513,-1.4605788,-1.7690657,1.1258247,217.66124,85.413086,-3.6435468,WAL
2014577268000,227.05988,-4.23520783833695,-7.54522039141813,-5.31683114725459,-1.4373659,-1.6716328,1.318858,216.9382,85.18366,-4.423294,WAL
2014582178000,227.06479,-3.97738117350079,-8.44527061849682,-5.32876466115965,-1.4062119,-1.5317446,1.4822645,216.2906,84.68547,-5.207192,WAL
2014587224000,227.069836,-3.62233580604647,-9.50560921331414,-5.33836047783956,-1.3655893,-1.3466524,1.6358972,215.70135,83.95254,-6.0425653,WAL
2014592196000,227.074808,-3.22343853489946,-10.6135406339382,-5.2226597189897,-1.317331,-1.102001,1.7730364,215.20473,96.88755,-6.8654914,WAL
2014597230000,227.079842,-2.75056314070623,-11.8241018445316,-4.92947704075527,-1.3057245,-0.8503244,1.8493946,214.78207,97.818115,-7.7041063,WAL
2014602246000,227.084858,-2.24194441890593,-12.8011982467196,-4.45713202130845,-1.3417655,-0.627664,1.8634444,214.46742,98.71463,-8.461342,WAL
2014607294000,227.089906,-1.67014660911107,-13.4176676379597,-3.69324582356311,-1.4001031,-0.47891834,1.8020525,214.21936,99.62566,-9.200409,WAL
2014612262000,227.094874,-1.11002488614785,-13.8630686886086,-2.93492853644007,-1.493871,-0.47891834,1.6951511,214.04184,100.39906,-9.791493,WAL
2014617307000,227.099919,-0.550238767666359,-13.7590376125295,-2.14231098143135,-1.6212363,-0.5864306,1.5561792,213.88266,101.152756,-10.339966,WAL
2014622308000,227.10492,-0.0788930200357037,-13.6163272356442,-1.46529035698701,-1.7779233,-0.8042041,1.4214834,213.71812,101.70306,-10.71029,WAL
2014627333000,227.109945,0.183607223864921,-13.3729174915204,-1.05960814782307,-1.8787161,-1.0436633,1.2739595,213.51395,102.21929,-11.034687,WAL
2014632308000,227.11492,0.419872157822159,-13.1175105539705,-0.681934182282454,-1.9498819,-1.2681563,1.0818423,213.26096,102.56573,-11.21422,WAL
2014637303000,227.119915,0.592746490375654,-12.8218048913457,-0.368030796462197,-2.0076087,-1.4446963,0.84329945,212.94867,102.877815,-11.346721,WAL
2014642313000,227.124925,0.73063510862314,-12.4899866476357,-0.069943455419312,-2.005776,-1.6410894,0.593761,212.56761,103.085106,-11.396403,WAL
2014647311000,227.129923,0.689814146091159,-11.9819920209893,0.14323283380271,-1.9911152,-1.89918,0.3472769,212.11478,103.24883,-11.395179,WAL
2014652413000,227.135025,0.638404711128205,-11.4615101397436,0.327318062602564,-1.9776763,-2.1902573,0.13561209,211.59692,103.32974,-11.330236,WAL
2014657298000,227.13991,0.472312263810651,-10.9401645366864,0.101247811710059,-1.9410243,-2.4770586,-0.03359759,211.00809,103.368355,-11.228435,WAL
2014662550000,227.145162,0.279336375447231,-10.3887153718883,-0.161790478162802,-1.8579466,-2.7159069,-0.15454891,210.34488,103.37809,-11.127466,WAL
2014667306000,227.149918,-0.0655555772077615,-9.99640096734501,-0.63601693725982,-1.7684549,-2.809064,-0.23335053,209.65198,103.36437,-11.008791,WAL
2014673110000,227.155722,-0.491602672739239,-9.51310528026518,-1.20239355,-1.6688838,-2.9565878,-0.29046643,208.88196,103.39196,-10.911076,WAL
2014677326000,227.159938,-0.856257454822252,-9.11353679679093,-1.48170355,-1.59558,-2.9749138,-0.32834008,208.13635,103.40928,-10.809173,WAL
2014682248000,227.16486,-1.28197634415161,-8.64705765171022,-1.80778605,-1.564426,-2.9999592,-0.37232238,207.33049,103.525826,-10.7780695,WAL
2014687305000,227.169917,-1.56952213802088,-8.20862910228218,-2.09915761532847,-1.5357152,-3.0909781,-0.4184427,206.51192,103.6317,-10.751168,WAL
2014692297000,227.174909,-1.82130288051372,-7.78457708269426,-2.37744157445255,-1.5219707,-3.2177327,-0.42088616,205.68904,103.74457,-10.738669,WAL
2014697313000,227.179925,-1.97732063880081,-7.38866426310976,-2.7829733015752,-1.5082263,-3.3237178,-0.39370266,204.82368,103.965225,-10.822077,WAL
2014702313000,227.184925,-2.08437846400407,-7.00909566554878,-3.25013463287602,-1.4813483,-3.3976326,-0.32711834,203.94453,104.19552,-10.93071,WAL
2014707287000,227.189899,-2.17206538555566,-6.82008963245554,-3.71392561257738,-1.4471397,-3.447418,-0.23884831,203.02412,104.518005,-11.112987,WAL
2014712319000,227.194931,-2.25256433212145,-6.71117924353935,-4.18271399107792,-1.4309518,-3.4443636,-0.13897185,202.11154,104.85957,-11.328,WAL
2014717317000,227.199929,-2.23763454063725,-6.84802343155091,-4.86366748875264,-1.4107933,-3.317609,-0.028710667,201.19212,105.27535,-11.584118,WAL
2014722327000,227.204939,-2.17494110571917,-7.10844246612725,-5.65456988738567,-1.3548992,-3.0369165,0.07971791,200.33134,105.703804,-11.867178,WAL
2014727370000,227.209982,-1.96224895559968,-7.56093084114377,-6.26784898617951,-1.2840388,-2.6410758,0.17867808,199.52473,106.19763,-12.174477,WAL
2014732360000,227.214972,-1.68231367134631,-8.09707790329627,-6.78976196433678,-1.2000448,-2.1664336,0.28619036,198.83572,106.70235,-12.49964,WAL
2014737312000,227.219924,-1.31230384207413,-8.62974151685725,-6.78464825550079,-1.128879,-1.6936239,0.398895,198.26808,107.264534,-12.80897,WAL
2014742324000,227.224936,-0.891177360449527,-9.16916221658123,-6.51493807856861,-1.0934488,-1.2996159,0.49663344,197.82785,107.83393,-13.121717,WAL
2014747309000,227.229921,-0.532261023594608,-9.61350777583625,-5.80401820054918,-1.0958922,-1.0302242,0.5537493,197.51863,108.39098,-13.361559,WAL
2014752310000,227.234922,-0.207072264449326,-10.0056468469795,-4.83323406756865,-1.1487321,-0.84879726,0.56596667,197.30746,108.957726,-13.59465,WAL
2014757291000,227.239903,0.0690972542175628,-10.3124550387612,-3.84546326272002,-1.2415836,-0.72326446,0.5354234,197.18806,109.4181,-13.719942,WAL
2014762322000,227.244934,0.319339571651438,-10.5719657482447,-2.83522583320189,-1.3432927,-0.71685034,0.47708577,197.08841,109.8845,-13.835244,WAL
2014767307000,227.249919,0.513203199231858,-10.7089415196584,-1.85134666989388,-1.457219,-0.7684685,0.38789943,197.02008,110.19422,-13.866254,WAL
2014772346000,227.254958,0.66440426644431,-10.7479611745502,-0.870978371679806,-1.5418239,-0.9275989,0.3436117,196.92224,110.51366,-13.902222,WAL
2014777310000,227.259922,0.743454644983788,-10.6992588085066,-0.194192006606904,-1.5610662,-1.1414018,0.2593123,196.81087,110.6674,-13.886747,WAL
2014782314000,227.264926,0.770875414913218,-10.5850057396529,0.271960834045394,-1.5265522,-1.353372,0.17287487,196.65202,110.81691,-13.873376,WAL
2014787307000,227.269919,0.79908386450564,-10.4536846610101,0.528635627151712,-1.428203,-1.539075,0.0983493,196.4558,110.8291,-13.859432,WAL
2014792339000,227.274951,0.828465319292755,-10.3018799436033,0.553120190704197,-1.2791518,-1.6303993,0.036957346,196.22546,110.81229,-13.836483,WAL
2014797310000,227.279922,0.775529497440178,-10.1697635418753,0.349897187128548,-1.1227703,-1.6325374,-0.01160644,195.94754,110.71798,-13.78767,WAL
2014802309000,227.284921,0.642322884956409,-10.0543180305138,-0.0763639820923762,-0.9783007,-1.5989398,-0.06811147,195.65732,110.588715,-13.726535,WAL
2014807283000,227.289895,0.499029452220833,-9.91576777802083,-0.444964385870833,-0.8866709,-1.5537357,-0.11759156,195.37561,110.44012,-13.656853,WAL
2014812320000,227.294932,0.333210037539583,-9.72984922223958,-0.711280408514583,-0.8533788,-1.5329664,-0.160963,195.10185,110.27186,-13.574577,WAL
2014817325000,227.299937,0.186758487684146,-9.52779329504183,-1.0072588495001,-0.84879726,-1.5491543,-0.17806722,194.79936,110.14771,-13.486992,WAL
2014822307000,227.304919,0.0650699203754336,-9.30388588961437,-1.34311924607223,-0.8894198,-1.5873333,-0.18387043,194.50314,110.02727,-13.3947525,WAL
2014827307000,227.309919,-0.0505047762858265,-9.09851857047507,-1.62152591715744,-0.91538155,-1.6148223,-0.17562376,194.1937,109.9593,-13.32805,WAL
2014832311000,227.314923,-0.158692233706321,-8.91507049627012,-1.83319708182175,-0.9624182,-1.6136005,-0.1554652,193.89006,109.91081,-13.268125,WAL
2014837275000,227.319887,-0.255349884950467,-8.74634268250457,-1.94392323652977,-0.99173975,-1.577254,-0.13469578,193.57294,109.91783,-13.231426,WAL
2014842320000,227.324932,-0.33899611596422,-8.59299156872175,-1.9206881898817,-1.0064005,-1.5372424,-0.106901415,193.26608,109.939896,-13.206279,WAL
2014847266000,227.329878,-0.436432051162533,-8.49160842408039,-1.828786974758,-1.0079277,-1.4996742,-0.0729984,192.97108,110.01678,-13.217702,WAL
2014852307000,227.334919,-0.565502201823546,-8.48270685553609,-1.60180157777266,-0.9947941,-1.4737124,-0.035124753,192.6916,110.10017,-13.239133,WAL
2014857310000,227.339922,-0.697274019428628,-8.49195959249825,-1.38526400351613,-0.9767735,-1.4618006,0.004886922,192.41838,110.206276,-13.292328,WAL
2014862559000,227.345171,-0.852935628558586,-8.58736518789332,-1.19947430887024,-0.9593639,-1.4465289,0.048258353,192.16061,110.31667,-13.356625,WAL
2014867288000,227.3499,-0.986931555547198,-8.66609005255735,-1.0622386384355,-0.9193522,-1.4428637,0.069027774,191.85768,110.40208,-13.416078,WAL
2014872332000,227.354944,-1.10047381662279,-8.7160484634261,-1.05769695178639,-0.89919364,-1.4306464,0.12980886,191.57256,110.503716,-13.498528,WAL
2014877351000,227.359963,-1.20940029222374,-8.75945040061916,-1.06040653076923,-0.86406887,-1.3878858,0.20280726,191.29103,110.60515,-13.601981,WAL
2014882315000,227.364927,-1.25430045102319,-8.70457264870396,-1.1751513,-0.8197812,-1.3310753,0.26816985,191.02501,110.71017,-13.718628,WAL
2014887322000,227.369934,-1.28738070714423,-8.64920107862514,-1.30458692850945,-0.7788532,-1.2666291,0.34116822,190.76797,110.83548,-13.863406,WAL
2014892324000,227.374936,-1.25043260369263,-8.59377904401273,-1.51241988383147,-0.732122,-1.2073752,0.3979787,190.53223,110.958664,-14.016871,WAL
2014897317000,227.379929,-1.20365751221923,-8.54531131356694,-1.72426691188979,-0.69058317,-1.1313224,0.45723262,190.31873,111.10648,-14.186364,WAL
2014902309000,227.384921,-1.03184285920934,-8.58349211500449,-1.99153411668164,-0.6392705,-1.039998,0.5045747,190.13171,111.249306,-14.360482,WAL
2014907353000,227.389965,-0.852129905755895,-8.63081475866852,-2.25046990783634,-0.62125,-0.94714653,0.552833,189.97852,111.4178,-14.539771,WAL
2014912319000,227.394931,-0.602417572207252,-8.78158456528631,-2.37297026501882,-0.6044512,-0.84971356,0.5830709,189.85565,111.57869,-14.71674,WAL
2014917446000,227.400058,-0.347633847496744,-8.9396336587653,-2.48294488061995,-0.593761,-0.79168135,0.59986967,189.76518,111.745865,-14.857773,WAL
2014922301000,227.404913,-0.141741231081879,-9.1172667142485,-2.39412847934358,-0.5900958,-0.7651087,0.59742624,189.6944,111.90904,-14.994035,WAL
2014927328000,227.40994,0.0714456242667361,-9.30119284605366,-2.30216554438656,-0.57635134,-0.820392,0.5674938,189.63156,112.03218,-15.066737,WAL
2014932311000,227.414923,0.207392642930699,-9.5823831232953,-2.10686018046201,-0.54702985,-0.92057395,0.5177083,189.56175,112.14353,-15.133671,WAL
2014937245000,227.419857,0.316985287775304,-9.89362587633361,-1.8789075037202,-0.5317582,-1.0662653,0.44043383,189.4589,112.24074,-15.192157,WAL
2014942600000,227.425212,0.32716385448978,-10.1910880691737,-1.71022678700182,-0.5122105,-1.2425,0.3203988,189.32654,112.2571,-15.178325,WAL
2014947358000,227.42997,0.273222039370215,-10.4320283301634,-1.60593924497672,-0.50762904,-1.4358387,0.20250183,189.14392,112.25941,-15.158911,WAL
2014952378000,227.43499,0.208253471030351,-10.68191085623,-1.50155642504992,-0.49205196,-1.5891659,0.08277224,188.91948,112.17837,-15.076714,WAL
2014957346000,227.439958,0.0372478082188498,-10.8719170159744,-1.4730555506889,-0.48563787,-1.6945401,-0.03023783,188.64978,112.08193,-14.9807825,WAL
2014962471000,227.445083,-0.166716057961063,-11.0423328232044,-1.47972884601421,-0.46028697,-1.7828102,-0.12186762,188.33127,111.9478,-14.865492,WAL
2014967298000,227.44991,-0.645082725914233,-10.9369299889503,-1.86080062162589,-0.43310347,-1.8063285,-0.1600467,188.00378,111.80865,-14.744239,WAL
2014972336000,227.454948,-1.14435997330352,-10.8269197384899,-2.25852997847935,-0.41080686,-1.8084666,-0.22632557,187.64392,111.65822,-14.623188,WAL
2014977346000,227.459958,-1.57822433033532,-10.6583549938368,-2.45940471271284,-0.3747658,-1.7993035,-0.28221974,187.28653,111.50262,-14.502377,WAL
2014982248000,227.46486,-1.98525209172673,-10.4769093047112,-2.60161919350256,-0.37048978,-1.7299703,-0.33750305,186.94862,111.34515,-14.366028,WAL
2014987304000,227.469916,-2.40208964681888,-10.3150720919469,-2.58094301411922,-0.3726278,-1.6001616,-0.3744604,186.58719,111.29508,-14.312274,WAL
2014992321000,227.474933,-2.81517868158196,-10.1590157380588,-2.53045429946504,-0.42332962,-1.45783,-0.39614612,186.2528,111.25191,-14.246901,WAL
2014997310000,227.479922,-3.21772691742543,-10.0154523638933,-2.29274663464155,-0.50335294,-1.3179418,-0.4147775,185.91809,111.27716,-14.236611,WAL
2015002246000,227.484858,-3.61350810549451,-9.87692898681319,-2.00085804395604,-0.589485,-1.1957687,-0.38789943,185.62611,111.32128,-14.22735,WAL
2015007302000,227.489914,-3.82047430046083,-9.75240513203767,-1.492045775556,-0.6936375,-1.0910053,-0.35216382,185.33028,111.44493,-14.284072,WAL
2015012305000,227.494917,-3.9884713516129,-9.63240730995792,-0.949655218793829,-0.77488256,-1.0412198,-0.29260445,185.06114,111.59034,-14.351878,WAL
2015017304000,227.499916,-3.91449010894449,-9.69759520161059,-0.368746985056083,-0.8359691,-1.0809261,-0.20647246,184.75822,111.78645,-14.503582,WAL
2015022358000,227.50497,-3.798486879072,-9.79503793020803,0.225189472430256,-0.86193085,-1.1722504,-0.13164146,184.46088,111.9979,-14.669172,WAL
2015027318000,227.50993,-3.52818759073111,-10.0914642924442,0.610727236286326,-0.8258898,-1.325883,-0.06352998,184.08655,112.188774,-14.881621,WAL
2015032280000,227.514892,-3.21322819513613,-10.4451880544509,0.940223283199755,-0.7693848,-1.4914275,-0.019547688,183.68904,112.387764,-15.115968,WAL
2015037305000,227.519917,-2.83909267164909,-10.8121692775647,0.912803719348035,-0.66248333,-1.641395,-0.0036651916,183.23601,112.49303,-15.337239,WAL
2015042375000,227.524987,-2.44805047423778,-11.1845906725791,0.796422088092042,-0.4914411,-1.733941,0.0021380284,182.75682,112.57968,-15.575146,WAL
2015047310000,227.529922,-2.0991390719894,-11.4898150962578,0.448343354754359,-0.30298916,-1.7730364,0.00030543262,182.27235,112.55562,-15.749929,WAL
2015052323000,227.534935,-1.75646568606098,-11.7786394465178,0.00776339316243502,-0.13408493,-1.7773124,-0.021380283,181.7726,112.501205,-15.923232,WAL
2015057293000,227.539905,-1.43270441041049,-12.0584737653813,-0.519695027286958,0.043676864,-1.7345519,-0.05497787,181.31863,112.34622,-16.000118,WAL
2015062321000,227.544933,-1.11018474320161,-12.3395269859344,-1.0818007159491,0.18875736,-1.6884315,-0.09865474,180.86557,112.164604,-16.06699,WAL
2015067308000,227.54992,-0.816996079315831,-12.6640094184566,-1.64127577474145,0.3136793,-1.5711454,-0.13041973,180.50421,111.94241,-16.050426,WAL
2015072305000,227.554917,-0.536222122951472,-13.011407258751,-2.20282373716189,0.3744604,-1.4077389,-0.1853976,180.16945,111.699936,-16.009794,WAL
2015077321000,227.559933,-0.255943006991176,-13.458987565209,-2.67723987408126,0.46486846,-1.2134838,-0.25137106,179.95973,111.440605,-15.889627,WAL
2015082312000,227.564924,0.0221400458935324,-13.954902191215,-3.10363378526132,0.53878313,-0.9605856,-0.30665436,179.81636,111.173965,-15.74605,WAL
2015087306000,227.569918,0.236817867885179,-14.4411176901069,-3.37260291037548,0.6267477,-0.70005155,-0.36651915,179.76898,110.87543,-15.505022,WAL
2015092320000,227.574932,0.409397846235695,-14.9225249993852,-3.53609980934456,0.7492262,-0.4373795,-0.41263947,179.79585,110.55935,-15.243902,WAL
2015097306000,227.579918,0.493607879250926,-15.3144019950157,-3.4665204092851,0.8927795,-0.19272798,-0.45662177,179.93663,110.19322,-14.891166,WAL
2015102306000,227.584918,0.484515692789329,-15.6144444805374,-3.14829364577993,1.0552697,0.0012217305,-0.5002986,180.13478,109.804344,-14.524424,WAL
2015107292000,227.589904,0.326314775090734,-15.752160183924,-2.63697905700256,1.2330315,0.09132435,-0.56382865,180.39508,109.35304,-14.096094,WAL
2015112318000,227.59493,-0.0847273372384714,-15.6185714860162,-1.79434268783091,1.3909402,0.04153884,-0.66950834,180.66202,108.87273,-13.655905,WAL
2015117307000,227.599919,-0.469296370264273,-15.2081620427678,-1.04176795930845,1.5250251,-0.09743301,-0.8258898,180.87907,108.31018,-13.175399,WAL
2015122319000,227.604931,-0.832411321444422,-14.5206641726851,-0.368794946113375,1.6319265,-0.2706133,-0.9969321,181.06477,107.71734,-12.683159,WAL
2015127331000,227.609943,-1.15452463076271,-13.8480913284746,0.17129985418678,1.7400496,-0.45937067,-1.1530081,181.12462,107.05619,-12.225454,WAL
2015132312000,227.614924,-1.43750304995763,-13.1931987350847,0.587682362614068,1.8686367,-0.63041294,-1.2696834,181.1393,106.36425,-11.753411,WAL
2015137243000,227.619855,-1.75251393498911,-12.5517949429194,1.017396961122,2.0030272,-0.7791586,-1.3500122,181.03423,105.6302,-11.329668,WAL
2015142339000,227.624951,-2.28414153376906,-11.9297909498911,1.56497334678649,2.1746802,-0.90224797,-1.4291192,180.89246,104.86083,-10.889995,WAL
2015147242000,227.629854,-2.79110008929196,-11.4510607572967,2.03722693485867,2.3768766,-1.0054842,-1.4932601,180.64903,104.06831,-10.500387,WAL
2015152306000,227.634918,-3.30460237143909,-11.2233332228156,2.40337642186723,2.627026,-1.0549643,-1.5250251,180.39723,103.24861,-10.106029,WAL
2015157278000,227.63989,-3.8088855966581,-11.029493907455,2.70500886075407,2.935513,-1.0690142,-1.5091426,180.06955,102.42077,-9.783206,WAL
2015162319000,227.644931,-4.32081712708869,-11.0088099328406,2.66881171619537,3.2537737,-1.0622946,-1.4553864,179.74939,101.58785,-9.465518,WAL
2015167283000,227.649895,-4.78379315525647,-11.0067658019765,2.44676644453647,3.3829718,-1.0290025,-1.4144585,179.39595,100.822845,-9.223873,WAL
2015172297000,227.654909,-5.14534115715765,-11.0519592845176,1.74174759779765,3.5598173,-0.96577793,-1.29198,179.07425,100.10689,-9.019143,WAL
2015177326000,227.659938,-5.53638803126631,-11.1844603041027,0.96180971533563,3.6163223,-0.7883216,-1.1472049,178.78687,99.55947,-8.893901,WAL
2015182314000,227.664926,-6.06998181771584,-11.7629355198873,-0.185167632278944,3.569591,-0.539394,-1.0115929,178.5556,99.135345,-8.798168,WAL
2015187300000,227.669912,-6.64209453990522,-12.3587279868694,-1.38064295401323,3.45597,-0.32834008,-0.90408057,178.34973,98.9266,-8.786309,WAL
2015192326000,227.674938,-7.34063892318096,-13.0145046281963,-2.73971553093099,3.3377676,-0.092240654,-0.8350528,178.2329,98.829636,-8.798069,WAL
2015197318000,227.67993,-7.98378319076185,-13.6518814892022,-3.79451998170366,3.18047,0.19364429,-0.8023715,178.18712,98.90042,-8.897547,WAL
2015202308000,227.68492,-8.44723655008998,-14.2395595065987,-3.80407581673665,2.9956832,0.269697,-0.81031275,178.1492,80.99838,-8.998551,WAL
2015207279000,227.689891,-8.71201690105305,-14.5977265940791,-3.67568051454401,2.8759537,0.061391957,-0.79229224,178.05565,80.81172,-9.173121,WAL
2015212314000,227.694926,-8.24256692638585,-14.1091155082456,-3.0289890861216,2.7995954,-0.28496864,-0.7254025,177.94495,80.621254,-9.346219,WAL
2015217327000,227.699939,-7.65810992595102,-13.5577427397154,-2.4126516392508,2.7250698,-0.5543602,-0.64965516,177.75143,80.40334,-9.54189,WAL
2015222341000,227.704953,-6.62626211702642,-12.7582929329203,-1.90137569483109,2.5934284,-0.7425067,-0.61453044,177.48553,80.18961,-9.731592,WAL
2015227357000,227.709969,-5.60537317258467,-11.973825037816,-1.4970704334399,2.3811526,-0.9245446,-0.56382865,177.12671,80.00441,-9.880981,WAL
2015232353000,227.714965,-4.65409943271056,-11.2806860674893,-1.71218259997003,2.2342396,-0.97249746,-0.50885075,176.75748,79.81165,-10.035891,WAL
2015237315000,227.719927,-3.73707154723082,-10.6489237631474,-1.9783956540964,2.1520782,-0.904386,-0.49205196,176.38646,79.71306,-10.081764,WAL
2015242372000,227.724984,-2.97831535122243,-10.3637858703223,-2.58250100855204,2.1499403,-0.67103547,-0.5235115,176.05646,79.609985,-10.1322565,WAL
2015247324000,227.729936,-2.28113244977045,-10.1185298381053,-3.05240125929308,2.1618521,-0.35308012,-0.5861252,175.78754,79.60461,-10.084102,WAL
2015252349000,227.734961,-1.86777007565286,-10.0876464416251,-2.74831858244064,2.1682663,-0.06994407,-0.6545421,175.5849,79.60375,-10.0314,WAL
2015257310000,227.739922,-1.4596724163499,-10.057156385916,-2.44810879938293,2.108096,0.113926366,-0.73273283,175.46071,79.71043,-9.876473,WAL
2015262340000,227.744952,-1.04589873638742,-10.026242259688,-2.14372355270277,2.0100522,0.1572978,-0.8246681,175.38644,79.83738,-9.703663,WAL
2015267320000,227.749932,-0.62766125588785,-10.0059861771028,-1.81287607695794,1.9630154,0.16920967,-0.874759,175.34515,79.964836,-9.513585,WAL
2015272339000,227.754951,-0.111064122878505,-10.100321331028,-1.15253020117944,1.8374827,0.1994475,-0.91324353,175.3285,80.12431,-9.305613,WAL
2015277745000,227.760357,0.42967444491018,-10.1972750197253,-0.459147001433603,1.7947221,0.2565634,-0.9092729,175.32556,80.35853,-8.995316,WAL
2015282345000,227.764957,0.387556349101796,-10.1307728106979,-0.441413062823429,1.8032742,0.32925636,-0.89919364,175.34586,80.59771,-8.683521,WAL
2015287514000,227.770126,0.340228427964072,-10.056044567554,-0.421485513111256,1.7867808,0.46700647,-0.88056225,175.4033,80.857155,-8.30132,WAL
2015292348000,227.77496,0.295967802934132,-9.98615942006743,-0.40284945675439,1.7935003,0.6310238,-0.8341365,175.49855,81.084694,-7.939746,WAL
2015297694000,227.780306,0.242934278855803,-9.89542364712778,-0.392368386377491,1.8164078,0.8188649,-0.7812967,175.62802,81.28366,-7.5848565,WAL
2015302345000,227.784957,0.112389943153673,-9.53860252579132,-0.592536366848378,1.8695531,0.97402465,-0.73914695,175.80186,81.44987,-7.2496457,WAL
2015307289000,227.789901,-0.0263783208135014,-9.15930267116061,-0.805314370599844,1.91323,1.0412198,-0.6533204,175.98393,81.550735,-6.951892,WAL
2015312351000,227.794963,-0.175163500713192,-8.56602769090367,-1.07082962184313,1.926669,1.0867293,-0.5671884,176.20728,81.621376,-6.674291,WAL
2015317252000,227.799864,-0.319811462211651,-7.97343759302117,-1.33212919210259,1.9352211,1.1325442,-0.49541172,176.4511,81.654434,-6.4230375,WAL
2015322332000,227.804944,-0.480169453608751,-7.50961194976072,-1.38975569408145,1.9297233,1.180497,-0.4089743,176.68849,81.62957,-6.2205625,WAL
2015327279000,227.809891,-0.637489493907608,-7.07466826971384,-1.42214513659537,1.9343048,1.2027937,-0.3484986,176.93127,81.58237,-6.034255,WAL
2015332300000,227.814912,-0.783485821407898,-6.70350713651386,-1.4077745259733,1.9141463,1.1820242,-0.301462,177.18301,81.465645,-5.8995667,WAL
2015337250000,227.819862,-0.925112757268229,-6.34943984307721,-1.38564523925871,1.8735237,1.1365148,-0.25686884,177.4305,81.33709,-5.781937,WAL
2015342318000,227.82493,-1.08171189088472,-6.04101389490617,-1.30521860723861,1.8341229,1.0699304,-0.21838433,177.66508,81.15128,-5.7037835,WAL
2015347254000,227.829866,-1.23885983898123,-5.76220320707775,-1.20383290257373,1.7828102,0.98563105,-0.20616703,177.87894,80.97308,-5.628872,WAL
2015352194000,227.834806,-1.34953527216305,-5.48962917515363,-1.10212728537485,1.7220291,0.8903361,-0.20005837,178.07433,80.753784,-5.5905504,WAL
2015357190000,227.839802,-1.45243982443671,-5.21521691636624,-0.999222681933634,1.6410894,0.850019,-0.20647246,178.25964,80.55275,-5.5511894,WAL
2015362215000,227.844827,-1.57007064436711,-4.98818527635478,-0.881591855632892,1.6007724,0.7507534,-0.20647246,178.39786,80.314415,-5.5354424,WAL
2015367196000,227.849808,-1.68864994397932,-4.76999934921945,-0.763012556020682,1.5015068,0.655153,-0.20647246,178.52452,80.11299,-5.516493,WAL
2015372212000,227.854824,-1.77827140313606,-4.57287543043649,-0.624324560016713,1.4043792,0.5983425,-0.21777347,178.63257,79.886215,-5.5116086,WAL
2015377213000,227.859825,-1.86302217805741,-4.37983191399921,-0.483073266842312,1.2776246,0.5543602,-0.22724187,178.71614,79.693405,-5.5042896,WAL
2015382227000,227.864839,-1.92787823897016,-4.23840284839087,-0.283757032939341,1.1487321,0.5296202,-0.2415972,178.78409,79.49126,-5.5119853,WAL
2015387198000,227.86981,-1.98823342167934,-4.10840698074898,-0.0748352641652038,0.9960158,0.5140431,-0.25167647,178.84169,79.329994,-5.517352,WAL
2015392264000,227.874876,-2.03285935935344,-3.98971260772161,0.186503701747143,0.8323039,0.48747048,-0.2687807,178.87624,79.18619,-5.527312,WAL
2015397205000,227.879817,-2.0718330801812,-3.87766321121178,0.454448220656852,0.6762278,0.43768495,-0.28710666,178.89963,79.08267,-5.533046,WAL
2015402250000,227.884862,-2.12113560480769,-3.7891409895,0.689399332605769,0.50915617,0.37568212,-0.30543262,178.90105,78.96873,-5.541344,WAL
2015407246000,227.889858,-2.17174172211538,-3.7063310405,0.914826322586539,0.32925636,0.31398472,-0.33933565,178.88951,78.90325,-5.5388584,WAL
2015412257000,227.894869,-2.23967987362861,-3.70953774945144,1.11329408873425,0.16187929,0.23823744,-0.376293,178.82149,78.83591,-5.5198817,WAL
2015417259000,227.899871,-2.31267330150345,-3.73873512060138,1.30307715364689,0.009468411,0.18600847,-0.4007276,178.74469,78.81284,-5.495176,WAL
2015422264000,227.904876,-2.36118602841401,-3.80123472805982,1.44659910448642,-0.14355333,0.14844026,-0.42913285,178.60048,78.813484,-5.442979,WAL
2015427282000,227.909894,-2.40373900413223,-3.87215628842975,1.5789858822314,-0.29810223,0.118202426,-0.4541783,178.44937,78.85353,-5.3870697,WAL
2015432252000,227.914864,-2.4024381326003,-3.96824348493314,1.69988080432888,-0.4370741,0.10048734,-0.464563,178.27791,78.85137,-5.335369,WAL
2015437247000,227.919859,-2.38822234775632,-4.07249247482912,1.81834577698861,-0.58459806,0.089491755,-0.46089783,178.10678,78.8895,-5.284834,WAL
2015442283000,227.924895,-2.28333679018626,-4.19654385199279,1.90258523827358,-0.73273283,0.09315695,-0.462425,177.93298,78.92794,-5.2383647,WAL
2015447256000,227.929868,-2.14979854326056,-4.32531297897056,1.9741235812838,-0.8558222,0.08460484,-0.44684792,177.7573,78.99121,-5.2019086,WAL
2015452301000,227.934913,-1.92778939608671,-4.37491781680414,2.04788248674468,-0.97249746,0.089491755,-0.4370741,177.5997,79.05626,-5.1693635,WAL
2015457298000,227.93991,-1.67992952107232,-4.39786778304239,2.12132247456359,-1.0876455,0.089491755,-0.4364632,177.44238,79.147095,-5.142682,WAL
2015462317000,227.944929,-1.43674326880752,-4.43134436664666,2.23625153233293,-1.14018,0.06566802,-0.42546764,177.29132,79.2505,-5.0992208,WAL
2015467311000,227.949923,-1.19751473157263,-4.46962095858343,2.37021952917167,-1.2299771,0.0067195175,-0.40744713,177.13405,79.385735,-5.0607805,WAL
2015472285000,227.954897,-0.964497762729607,-4.5296970931266,2.37515402577523,-1.3329079,-0.06841691,-0.41141775,176.99869,79.53121,-4.98126,WAL
2015477387000,227.959999,-0.728058657752321,-4.60207636470472,2.3172504573573,-1.4465289,-0.16462818,-0.40530908,176.84294,79.6927,-4.9097867,WAL
2015482378000,227.96499,-0.585452636499017,-4.6166288050014,2.29544394540601,-1.5473217,-0.23579398,-0.39003745,176.71222,79.89481,-4.8088226,WAL
2015487302000,227.969914,-0.488287086700384,-4.60337892376136,2.2910273336986,-1.6438384,-0.3200934,-0.34513888,176.55197,80.11282,-4.71648,WAL
2015492290000,227.974902,-0.415076896907152,-4.6375970323362,2.26085492072249,-1.7201965,-0.4370741,-0.3118467,176.38797,80.3684,-4.5796924,WAL
2015497318000,227.97993,-0.365235078701998,-4.71734415172342,2.20602900709036,-1.7910569,-0.5323691,-0.30176744,176.20929,80.6362,-4.450083,WAL
2015502306000,227.984918,-0.357710383037366,-4.86401535874029,2.08253832755272,-1.8500054,-0.5934556,-0.29779682,176.01991,80.9215,-4.308739,WAL
2015507292000,227.989904,-0.379792312693304,-5.05833640796337,1.91029928177026,-1.8924606,-0.63346726,-0.29443705,175.81386,81.210815,-4.171057,WAL
2015512312000,227.994924,-0.383845738191489,-5.2991244355406,1.78800813398828,-1.9190332,-0.675617,-0.3100141,175.59648,81.51846,-4.0168033,WAL
2015517306000,227.999918,-0.363078667340426,-5.60024691409032,1.73609042975467,-1.9214766,-0.657291,-0.3463606,175.39096,81.823975,-3.8628807,WAL
2015522307000,228.004919,-0.34094966055936,-5.90906444415083,1.80531533605941,-1.9199494,-0.62888575,-0.35216382,175.17343,82.11141,-3.7072961,WAL
2015527318000,228.00993,-0.317808863525894,-6.22377916588871,1.96267272109172,-1.921782,-0.61911196,-0.34055737,174.96419,82.393616,-3.5523014,WAL
2015532307000,228.014919,-0.211720468095329,-6.71551067604385,2.21315983102955,-1.9456058,-0.569021,-0.35277468,174.76947,82.6955,-3.3748922,WAL
2015537308000,228.01992,-0.0245290430162059,-7.38209472882745,2.55558316377502,-1.9868392,-0.55771995,-0.3912592,174.57474,82.994804,-3.1987834,WAL
2015542320000,228.024932,0.100470564479934,-8.06195308959867,2.92335223510318,-1.988061,-0.52687126,-0.35094208,174.39697,83.2771,-3.0337107,WAL
2015547328000,228.02994,0.135285928080473,-8.75826036160946,3.32621568738982,-1.9816469,-0.50243664,-0.2874121,174.2284,83.560486,-2.8712034,WAL
2015552305000,228.034917,0.2536092299483,-9.46616988983893,3.89657961057864,-1.9572122,-0.5158757,-0.23060162,174.07645,83.84767,-2.6721768,WAL
2015557290000,228.039902,0.462455596785643,-10.1923859586399,4.65127451155299,-1.9257526,-0.54244834,-0.19853121,173.93188,84.117455,-2.49109,WAL
2015562318000,228.04493,0.86476269001998,-11.3763598933067,5.42543235879121,-1.885741,-0.63499445,-0.10323623,173.76239,84.35824,-2.3348055,WAL
2015567317000,228.049929,1.48172623566434,-13.0646395524476,6.20978919230769,-1.7489072,-0.70005155,-0.07849618,173.59824,84.56255,-2.1740453,WAL
2015572329000,228.054941,2.11501218549618,-14.5586470229008,7.12046572137405,-1.5317446,-0.87017757,-0.11209377,173.3923,84.703636,-1.9758224,WAL
2015577402000,228.060014,2.77285364490185,-15.8434253031625,8.18449128176118,-1.2449434,-1.1407908,-0.22968534,173.14359,84.78784,-1.7637508,WAL
2015582305000,228.064917,3.39383474775215,-16.8905708432361,8.82864149581997,-0.97341377,-1.3820826,-0.40500367,172.91432,84.798584,-1.3815465,WAL
2015587341000,228.069953,3.99052523723843,-17.4258734644876,8.4234812065068,-0.6606508,-1.4059063,-0.5992588,172.67686,84.70335,-0.97790116,WAL
2015592318000,228.07493,4.58022511137926,-17.9549046690087,8.02306763225905,-0.28680122,-1.244027,-0.7809912,172.48747,84.42533,-0.40423888,WAL
2015597347000,228.079959,5.17608620582455,-18.4894632238684,7.61847051252991,0.18997909,-0.82894415,-0.86132,172.36812,83.99108,0.15589838,WAL
2015602242000,228.084854,5.37478111504257,-18.5572341721854,7.10693292412488,0.71776664,-0.21685717,-0.8222246,172.34999,83.42249,0.692094,WAL
2015607348000,228.08996,4.77799850134342,-17.6736256556291,6.32510133460738,1.1731668,0.3830125,-0.68325275,172.44655,82.737434,1.1796118,WAL
2015612249000,228.094861,4.12339273965642,-16.5034803452344,5.62755994990169,1.4486669,0.9297369,-0.56291234,172.79863,82.05641,1.80954,WAL
2015617347000,228.099959,3.13309750821691,-14.0681621049364,5.10209722464038,1.5268577,1.3903292,-0.41874814,173.27713,81.32657,2.3297887,WAL
2015622308000,228.10492,2.24997552926875,-11.7508933098186,4.67155560094445,1.4208726,1.7107282,-0.27458394,173.79938,80.702805,2.683075,WAL
2015627380000,228.109992,1.54594502992332,-9.51162209949504,4.43082270623714,1.1930199,1.8707749,-0.13561209,174.38867,80.12529,2.9621656,WAL
2015632308000,228.11492,0.863563598631706,-7.42493193065099,4.16138556335142,0.8894198,1.9263636,-0.029932396,174.94942,79.66391,3.067514,WAL
2015637346000,228.119958,0.175276543172594,-5.7914618587402,3.68637028820575,0.5644395,1.9058995,0.06352998,175.51974,79.2941,3.1287594,WAL
2015642399000,228.125011,-0.574929230507206,-4.28384202434962,3.14827607759686,0.24709499,1.8445076,0.1282817,176.02821,79.019844,3.0680983,WAL
2015647350000,228.129962,-1.5821491246603,-3.40086059494666,2.34072530614823,-0.0143553335,1.7577647,0.21838433,176.51175,78.831696,2.9779055,WAL
2015652570000,228.135182,-2.60430284394383,-2.56916745611469,1.55962697311293,-0.23365596,1.6249015,0.3115413,176.90425,78.76092,2.7793946,WAL
2015657353000,228.139965,-3.07781788484494,-2.96227426844158,1.66237074817632,-0.43096542,1.5418239,0.41630468,177.27507,78.76019,2.557115,WAL
2015662656000,228.145268,-3.59774564032349,-3.42523959619484,1.78601262992708,-0.5332854,1.1914927,0.54000485,177.38205,78.96616,2.1753347,WAL
2015667347000,228.149959,-3.95055818002992,-4.40807448750935,2.10102384958863,-0.84788096,1.0543534,0.6093381,177.51433,79.27589,1.7769672,WAL
2015672278000,228.15489,-4.3214212440445,-5.44119298017016,2.43215161001309,-0.96944314,0.75228053,0.75625116,177.45027,79.53682,1.252898,WAL
2015677381000,228.159993,-4.72645244773354,-7.08676902309815,2.81022836860465,-1.20371,0.39736784,0.8961393,177.32385,79.89218,0.7235229,WAL
2015682248000,228.16486,-5.11686220035475,-8.76782717812377,3.17767272034884,-1.4446963,-0.07727446,1.0112875,177.06725,80.25353,0.18254842,WAL
2015687342000,228.169954,-5.46028033508687,-10.8492163686305,3.02996295754635,-1.6649132,-0.68752885,1.0931433,176.57233,80.661995,-0.4139084,WAL
2015692337000,228.174949,-5.78064280247501,-12.9710373911482,2.75138701277298,-1.8402315,-1.378112,1.1319333,175.9152,81.06614,-1.0039177,WAL
2015697348000,228.17996,-5.70168136617806,-14.6185688840138,1.89196443344811,-1.9422461,-2.0289888,1.119716,175.04341,81.427246,-1.6377959,WAL
2015702318000,228.18493,-5.49097263012297,-16.0935279828824,0.847786257353665,-1.9761491,-2.4764478,1.0522153,174.04176,81.736176,-2.2456884,WAL
2015707343000,228.189955,-5.22672642769231,-17.0520189230769,0.156175624615385,-1.9037615,-2.6746736,0.97249746,172.94284,82.04048,-2.8566718,WAL
2015712326000,228.194938,-4.94435229976331,-17.790898556213,-0.385041470295858,-1.7342464,-2.6010642,0.84391034,171.81763,82.246124,-3.422162,WAL
2015717346000,228.199958,-4.42891041876303,-18.2827498033357,-0.0567420777067408,-1.452943,-2.2461514,0.6621779,170.84164,82.50447,-3.876983,WAL
2015722371000,228.204983,-3.80783937537973,-18.6601705543532,0.669433358260697,-1.1499538,-1.767844,0.45570546,169.94699,82.665955,-4.2852583,WAL
2015727369000,228.209981,-3.19600351189659,-18.4347413019592,1.59755302089073,-0.8533788,-1.4257594,0.23823744,169.19481,82.84748,-4.568685,WAL
2015732340000,228.214952,-2.59022747174308,-17.9299272658049,2.61679534455666,-0.59223384,-1.2990049,0.012217305,168.53706,82.968315,-4.790961,WAL
2015737306000,228.219918,-2.17184516160808,-16.8010055144448,2.91618613400626,-0.37843102,-1.2513574,-0.19303341,167.97736,83.08322,-4.85144,WAL
2015742408000,228.22502,-1.82745505605639,-15.3554178336234,2.89492750469892,-0.20922135,-1.1902709,-0.3494149,167.47227,83.17644,-4.866614,WAL
2015747287000,228.229899,-1.50731726129032,-13.8354478709677,2.57626413172043,-0.093767814,-1.0998629,-0.46486846,167.0191,83.24493,-4.777069,WAL
2015752348000,228.23496,-1.18988124897361,-12.0398021026393,1.77082933257087,-0.029932396,-1.0644327,-0.47739118,166.57774,83.29495,-4.679495,WAL
2015757261000,228.239873,-0.973701677441606,-10.2787766873372,0.695346984673492,-0.06811147,-1.0308352,-0.45723262,166.1932,83.35926,-4.539955,WAL
2015762356000,228.244968,-0.934903290422423,-8.4164540192625,-1.01178241891462,-0.1459968,-1.0070114,-0.3839288,165.82191,83.405655,-4.419151,WAL
2015767242000,228.249854,-1.04924031093227,-6.73843985146414,-2.47872471249004,-0.34147367,-0.97066486,-0.28252518,165.4826,83.55154,-4.2896876,WAL
2015772352000,228.254964,-1.4976714350757,-5.21767346630478,-3.64367065133466,-0.5864306,-0.9477574,-0.19486602,165.15248,83.70779,-4.183917,WAL
2015777279000,228.259891,-1.89990925963808,-3.92909615755311,-4.50392086538159,-0.8875872,-1.0155635,-0.1459968,164.85056,83.99795,-4.10543,WAL
2015782350000,228.264962,-2.2485688370181,-2.98819275462234,-4.81914735173092,-1.2238685,-1.1685852,-0.12186762,164.53128,84.32382,-4.047502,WAL
2015787269000,228.269881,-2.51268828933598,-2.1389557165114,-5.07080991892963,-1.5515977,-1.3179418,-0.09896017,164.1812,84.687454,-4.0831738,WAL
2015792380000,228.274992,-2.5951561232111,-1.42100075634787,-5.19208624950446,-1.8374827,-1.389413,-0.038179077,163.80905,85.03827,-4.1417418,WAL
2015797287000,228.279899,-2.66748897618591,-0.8433537043977,-5.21551444466699,-2.0690005,-1.3949108,0.051923547,163.38852,85.286705,-4.286744,WAL
2015802347000,228.284959,-2.72321516593196,-0.555434608029708,-4.98332159138476,-2.2250767,-1.4926492,0.16432275,162.92192,85.39647,-4.4636297,WAL
2015807310000,228.289922,-2.76070730219194,-0.400750793388626,-4.72502522677725,-2.334727,-1.647809,0.2687807,162.43044,85.29724,-4.6973577,WAL
2015812354000,228.294966,-2.72255141935229,-0.810927090458136,-4.32677264091627,-2.3796256,-1.7935003,0.3472769,161.91698,95.017555,-4.9680576,WAL
2015817315000,228.299927,-2.68502339897808,-1.21435385686611,-3.93507337873223,-2.3011293,-2.0146337,0.42913285,161.33008,95.53465,-5.3004017,WAL
2015822351000,228.304963,-2.64692803300257,-1.62387959676343,-3.53745243852686,-2.127949,-2.3301454,0.5357288,160.68042,96.19014,-5.6785917,WAL
2015827327000,228.309939,-2.60832906317979,-2.09219619625663,-3.1659109131226,-1.9150625,-2.7214046,0.689056,159.95313,96.94304,-6.111997,WAL
2015832351000,228.314963,-2.56330201823854,-2.96772168121036,-2.92576674309036,-1.7037032,-3.1004465,0.86437434,159.14874,97.752495,-6.601754,WAL
2015837328000,228.31994,-2.54445015243007,-3.92085291727535,-2.83885970848434,-1.455081,-3.3417382,1.0650436,158.2704,98.50514,-7.1362033,WAL
2015842383000,228.324995,-2.62092843637208,-5.20748763180002,-3.31122561857634,-1.2458596,-3.3731978,1.2614367,157.35515,99.27811,-7.7321625,WAL
2015847285000,228.329897,-2.69337042981771,-6.49118616987179,-3.79943689969952,-1.0613784,-3.1395419,1.4230106,156.45995,100.001526,-8.34929,WAL
2015852332000,228.334944,-2.73694089166667,-8.46153820512821,-4.84512768076923,-0.95905846,-2.8985555,1.5656476,155.5708,100.74276,-9.019003,WAL
2015857384000,228.339996,-2.74513419327987,-10.4439725276622,-5.88220411755152,-0.945314,-2.2067506,1.6200147,154.91281,101.47402,-9.646343,WAL
2015862351000,228.344963,-2.32503308807228,-12.51550598792,-6.78518011196833,-0.9755518,-1.3771957,1.7046194,154.38033,102.22603,-10.3033,WAL
2015867295000,228.349907,-1.89753488749064,-14.4996804569288,-7.55782261423221,-1.0491611,-0.5739079,1.772731,154.10733,102.97266,-10.846828,WAL
2015872352000,228.354964,-1.36244782712734,-15.7149632607678,-7.02726992144195,-1.1169671,0.054061573,1.781283,154.0347,103.712135,-11.361297,WAL
2015877747000,228.360359,-0.782772786905931,-16.9191072708727,-6.35502335,-1.2516629,0.4098906,1.7363845,154.19653,104.35843,-11.651261,WAL
2015882347000,228.364959,-0.10458148392142,-16.0203989973555,-3.56736585,-1.4587462,0.5015204,1.6163495,154.45898,105.00535,-11.90272,WAL
2015887290000,228.369902,0.624179301003022,-15.0546783460521,-0.5718460625,-1.7376062,0.40194935,1.423316,154.74612,105.43586,-11.94143,WAL
2015892352000,228.374964,0.836198665738887,-13.6268062940529,0.642569390783941,-2.0137172,0.14813483,1.1523973,154.99666,105.864815,-11.936999,WAL
2015897265000,228.379877,0.939834927993592,-12.1570563722467,1.4669485327493,-2.2385156,-0.29168814,0.84299403,155.1448,106.29303,-11.892668,WAL
2015902322000,228.384934,0.94666112399581,-11.0040397587212,1.14975498437745,-2.3417518,-0.8527679,0.5522222,155.00075,106.31003,-11.708276,WAL
2015907277000,228.389889,0.933694607942436,-9.94510855460424,0.60948405231624,-2.3069327,-1.4068227,0.301462,154.72862,106.307236,-11.492139,WAL
2015912305000,228.394917,0.689331653294926,-9.1686620458864,-0.0300913460713564,-2.1108449,-1.8530598,0.089491755,154.30319,106.32223,-11.333695,WAL
2015917299000,228.399911,0.317121615364868,-8.56442539741257,-0.716504648155448,-1.7336355,-2.1661282,-0.1160644,153.75397,106.250786,-11.140917,WAL
2015922314000,228.404926,-0.124245283793445,-8.23424018784038,-1.33651504670264,-1.3301591,-2.3906212,-0.29535335,153.12737,106.16892,-10.934134,WAL
2015927343000,228.409955,-0.601141599098921,-8.04348128923656,-1.92309760172294,-0.98532563,-2.5173757,-0.42058071,152.44586,105.99899,-10.707941,WAL
2015932304000,228.414916,-0.953498907574541,-7.98986699397651,-2.3087604120771,-0.6954701,-2.5512786,-0.5143485,151.71858,105.85669,-10.504893,WAL
2015937314000,228.419926,-1.24491324534183,-8.00913394207409,-2.59294953114145,-0.47555858,-2.5784621,-0.5708536,150.971,105.64995,-10.2975445,WAL
2015942368000,228.42498,-1.53888691062644,-8.02857010089348,-2.87963452270856,-0.34788775,-2.6306913,-0.5757405,150.21036,105.52671,-10.167458,WAL
2015947346000,228.429958,-1.82843991929023,-8.04771398664793,-3.16200846177091,-0.2843578,-2.679255,-0.50793445,149.4602,105.38142,-10.054405,WAL
2015952244000,228.434856,-2.07027197824404,-8.21838467070686,-3.31298395365655,-0.27397305,-2.6942213,-0.4596761,148.70738,105.248505,-9.951105,WAL
2015957251000,228.439863,-2.29493583365248,-8.47235299062946,-3.40089591925036,-0.3051272,-2.7397306,-0.35094208,147.954,105.141785,-9.898069,WAL
2015962249000,228.444861,-2.47149808231002,-8.8359670100073,-3.52768308921088,-0.3924809,-2.737287,-0.2519819,147.19954,105.19641,-9.953867,WAL
2015967241000,228.449853,-2.62598879979151,-9.24960362003544,-3.67220671902429,-0.5122105,-2.6471846,-0.18020524,146.47084,105.27939,-10.034047,WAL
2015972232000,228.454844,-2.52127942960507,-9.53144378541027,-3.62664464176977,-0.6649268,-2.431549,-0.13652839,145.77457,105.42854,-10.159385,WAL
2015977271000,228.459883,-2.33499373937444,-9.77504798841928,-3.52156041904385,-0.80939645,-2.119397,-0.13255776,145.14175,105.60361,-10.284899,WAL
2015982239000,228.464851,-1.95974256867985,-9.79999240756928,-3.26550840139068,-0.9465357,-1.7763962,-0.08002335,144.58234,105.84766,-10.437429,WAL
2015987248000,228.46986,-1.51658862142644,-9.75234147760008,-2.95577715756432,-1.0775663,-1.4333953,0.02443461,144.1228,106.12496,-10.588242,WAL
2015992262000,228.474874,-1.12776235170109,-9.6974646140876,-2.51126935671955,-1.1743884,-1.1481212,0.12034045,143.74869,106.390114,-10.693276,WAL
2015997253000,228.479865,-0.760563581472613,-9.64023866357378,-2.0200813092188,-1.2370021,-0.9505063,0.20219639,143.45967,106.68388,-10.808093,WAL
2016002248000,228.48486,-0.464490764850282,-9.49037417580789,-1.59388955090424,-1.2831224,-0.87598073,0.23732115,143.22018,106.94311,-10.860211,WAL
2016007247000,228.489859,-0.194815478559146,-9.30585925298942,-1.19174225655697,-1.2800682,-0.8918633,0.24740042,143.02023,107.20767,-10.921637,WAL
2016012250000,228.494862,0.0134815944239631,-9.12279195491885,-0.863102305820477,-1.2250903,-0.97402465,0.23823744,142.80649,107.41261,-10.943302,WAL
2016017249000,228.499861,0.195732579331797,-8.94054129553196,-0.565745414621318,-1.1102476,-1.1029172,0.2144137,142.58002,107.59683,-10.969462,WAL
2016022236000,228.504848,0.289164880283505,-8.82367775366772,-0.438672439716495,-0.9660834,-1.271516,0.19700404,142.30185,107.72587,-10.979761,WAL
2016027276000,228.509888,0.346580157603093,-8.73277015255749,-0.381257162396907,-0.8313876,-1.4520267,0.1731803,141.9866,107.82257,-10.9937935,WAL
2016032238000,228.51485,0.393153324642082,-8.66633801271938,-0.51334025968448,-0.7098254,-1.6148223,0.14752395,141.614,107.866325,-11.001833,WAL
2016037251000,228.519863,0.435756049598698,-8.60953447500493,-0.731087492015382,-0.6209445,-1.7037032,0.12614368,141.21387,107.88203,-11.013921,WAL
2016042276000,228.524888,0.481804600785714,-8.59990426190476,-1.02631443895238,-0.56199604,-1.6960673,0.118507855,140.78723,107.87893,-11.023779,WAL
2016047242000,228.529854,0.528985576541667,-8.61405834722222,-1.35658124461111,-0.5534439,-1.6667458,0.122478485,140.34482,107.86477,-11.037623,WAL
2016052248000,228.53486,0.527524188026915,-8.59465439976252,-1.62471766178508,-0.56688297,-1.568702,0.13408493,139.9354,107.86465,-11.030587,WAL
2016057243000,228.539855,0.499123540317633,-8.55678710013853,-1.85665628062537,-0.6301075,-1.4248432,0.15851954,139.55289,107.876495,-11.025746,WAL
2016062238000,228.54485,0.396000051446434,-8.54549325677703,-2.00073455810743,-0.7189884,-1.2980887,0.18051068,139.21384,107.93999,-11.003404,WAL
2016067250000,228.549862,0.247158631796539,-8.55029468960688,-2.0919599770131,-0.8164214,-1.1786644,0.19394971,138.9195,108.02161,-10.979269,WAL
2016072233000,228.554845,0.103643542616565,-8.49935329962621,-2.02643957645091,-0.91721416,-1.0803152,0.21502456,138.66533,108.165665,-10.957163,WAL
2016077263000,228.559875,-0.0385107064312414,-8.41406051091875,-1.86533138788117,-1.0112875,-1.0259482,0.23335053,138.43867,108.329735,-10.935707,WAL
2016082250000,228.564862,-0.186139699611592,-8.31757542635196,-1.68465100552734,-1.0800097,-1.0076222,0.2666427,138.21634,108.539276,-10.937102,WAL
2016087250000,228.569862,-0.338742934349168,-8.21266057723334,-1.48912804964645,-1.1249083,-1.0051788,0.31215215,138.01297,108.76524,-10.946283,WAL
2016092256000,228.574868,-0.469443618545385,-8.12330784839762,-1.31637439332182,-1.1511755,-1.0030408,0.3539964,137.79083,109.00563,-10.994828,WAL
2016097354000,228.579966,-0.58655777818461,-8.04367006409518,-1.15709916712723,-1.1355985,-1.0064005,0.4098906,137.57738,109.24991,-11.060386,WAL
2016102343000,228.584955,-0.695535167996051,-7.96701801733465,-1.01359298990721,-1.1246029,-0.9822713,0.46609017,137.34177,109.506546,-11.170929,WAL
2016107344000,228.589956,-0.799548957709773,-7.89137189409674,-0.881211810179664,-1.1071932,-0.96486163,0.52595496,137.11208,109.759995,-11.297365,WAL
2016112332000,228.594944,-0.908217146630942,-7.89489257350402,-0.765132395069961,-1.0760391,-0.9605856,0.5861252,136.86053,110.013084,-11.465025,WAL
2016117345000,228.599957,-1.02255722445172,-7.98064755724918,-0.6650848543376,-1.0512991,-0.9560041,0.6444628,136.6217,110.265,-11.6446,WAL
2016122322000,228.604934,-1.14587616653402,-8.13518650635737,-0.599736957585169,-1.0341948,-0.977079,0.6954701,136.36372,110.50944,-11.863017,WAL
2016127353000,228.609965,-1.28149167166845,-8.3690066627196,-0.571678577886053,-1.0128145,-0.99296147,0.73914695,136.11464,110.74771,-12.090723,WAL
2016132264000,228.614876,-1.40010107197764,-8.62287421453529,-0.55736882152341,-0.99021256,-1.0149527,0.77640975,135.8298,110.995384,-12.3558445,WAL
2016137340000,228.619952,-1.50201273019866,-8.92375579944095,-0.562221755216133,-0.9682214,-1.0375546,0.79168135,135.54344,111.234055,-12.623378,WAL
2016142322000,228.624934,-1.58466351138973,-9.23194873806646,-0.568972273365559,-0.9334021,-1.0571023,0.79229224,135.23038,111.46549,-12.9140215,WAL
2016147345000,228.629957,-1.64279560596173,-9.56136395750252,-0.57866096759718,-0.8924741,-1.0751228,0.7831292,134.91272,111.684044,-13.202188,WAL
2016152268000,228.63488,-1.68546710879227,-9.85016375256039,-0.587995603516908,-0.8481864,-1.1166617,0.7828238,134.56866,111.89233,-13.503931,WAL
2016157353000,228.639965,-1.70899272618357,-10.0995355916908,-0.59740585047343,-0.80970186,-1.1722504,0.7693848,134.21434,112.08227,-13.796186,WAL
2016162248000,228.64486,-1.71394921636308,-10.3209540311387,-0.677408761963977,-0.7263188,-1.2241739,0.732122,133.83879,112.242905,-14.086141,WAL
2016167345000,228.649957,-1.68414584833622,-10.5146763382518,-0.900934157020454,-0.6383542,-1.2632693,0.70402217,133.45152,112.38819,-14.372288,WAL
2016172272000,228.654884,-1.61563375821792,-10.6652426243099,-1.11126572828087,-0.5161811,-1.2617421,0.6606508,133.0535,112.48464,-14.635067,WAL
2016177393000,228.660005,-1.47788634752542,-10.7602407701695,-1.3202617979661,-0.38698313,-1.2565498,0.59956425,132.64232,112.54935,-14.8824415,WAL
2016182243000,228.664855,-1.30021852660739,-10.8464331045248,-1.52669928239478,-0.23762658,-1.2315043,0.548557,132.24748,112.600426,-15.095697,WAL
2016187344000,228.669956,-1.0058173302786,-10.9284789754001,-1.76318551274452,-0.1001819,-1.1563679,0.49693888,131.86427,112.61364,-15.283083,WAL
2016192308000,228.67492,-0.695863144142683,-10.9713544950783,-1.98188102647417,0.022602014,-1.0595458,0.44043383,131.52023,112.59745,-15.411944,WAL
2016197351000,228.679963,-0.324600507011531,-10.9260785952001,-2.17656758505672,0.1432479,-0.91965765,0.37598756,131.20587,112.5422,-15.5126915,WAL
2016202285000,228.684897,0.0384429617029305,-10.8585908631488,-2.34466051632829,0.18692477,-0.7742717,0.30207285,130.97029,112.45816,-15.524514,WAL
2016207322000,228.689934,0.4080148748439,-10.6645660283471,-2.39547657205516,0.18875736,-0.64843345,0.19394971,130.7612,112.341064,-15.5009365,WAL
2016212334000,228.694946,0.752972353128859,-10.4858563035252,-2.43759961093408,0.094989546,-0.54641896,0.05467244,130.63158,112.218605,-15.376707,WAL
2016217345000,228.699957,0.829434245038837,-10.4762983774149,-2.38025320198168,-0.05497787,-0.49418998,-0.080634214,130.51437,112.09065,-15.222795,WAL
2016222374000,228.704986,0.87377101477997,-10.4882312200303,-2.31847367162367,-0.25259277,-0.47616947,-0.23060162,130.4457,111.94864,-14.969976,WAL
2016227416000,228.710028,0.53183491837127,-10.7568950953971,-2.20612332374304,-0.4364632,-0.5009095,-0.34880406,130.37025,111.82132,-14.695818,WAL
2016232387000,228.714999,0.170315881650438,-11.010763654372,-2.08201315410642,-0.59131753,-0.5503896,-0.4025602,130.2852,111.720245,-14.406621,WAL
2016237344000,228.719956,-0.399332207497787,-11.1695183198584,-1.84388149716731,-0.7107417,-0.6227771,-0.4175264,130.17978,111.643295,-14.108583,WAL
2016242482000,228.725094,-1.01906079908207,-11.3113087248189,-1.57524639131686,-0.77732605,-0.70402217,-0.38087448,130.01031,111.60298,-13.878328,WAL
2016247355000,228.729967,-1.89897326382852,-11.2186859401608,-1.10287231729681,-0.7672467,-0.72601336,-0.32253686,129.83844,111.5782,-13.659171,WAL
2016252495000,228.735107,-2.74854090238375,-11.1470775126862,-0.624138821002257,-0.7452556,-0.754724,-0.26633725,129.56377,111.59494,-13.57053,WAL
2016257325000,228.739937,-2.6274191995395,-11.3851448327765,-0.402778416397291,-0.6542367,-0.75411314,-0.24190263,129.29547,111.59936,-13.492898,WAL
2016262329000,228.744941,-2.50193410615801,-11.6317884911061,-0.173443537589165,-0.5213735,-0.74372846,-0.18509217,128.89355,111.64973,-13.629051,WAL
2016267343000,228.749955,-2.1809114792038,-12.1745771354724,0.00778435366904337,-0.37690386,-0.7706065,-0.1518,128.48457,111.67517,-13.765938,WAL
2016272262000,228.754874,-1.82636283881957,-12.7670462804516,0.175728429817786,-0.20555615,-0.7910705,-0.122783914,128.0878,111.67366,-13.912554,WAL
2016277437000,228.760049,-1.46976180956167,-13.4019060084737,0.268912004293336,-0.032375857,-0.7858781,-0.12889257,127.67123,111.58467,-14.029912,WAL
2016282304000,228.764916,-1.13818932628936,-14.0016620550267,0.337176931213516,0.15118915,-0.7626653,-0.1518,127.257866,111.46176,-14.147299,WAL
2016287339000,228.769951,-0.839323961832335,-14.4720803652695,0.211613019046707,0.31978795,-0.7180721,-0.19211712,126.84367,111.23516,-14.183153,WAL
2016292290000,228.774902,-0.550671145239521,-14.9168896686627,0.0649206167904192,0.4822781,-0.6374379,-0.24495697,126.446526,110.971855,-14.202886,WAL
2016297347000,228.779959,-0.258443897693621,-15.231564285786,-0.176325806039578,0.6075055,-0.52687126,-0.29993483,126.08314,110.618904,-14.136817,WAL
2016302242000,228.784854,0.0240983444058262,-15.5188154736313,-0.421195765255048,0.7287622,-0.40225476,-0.3576616,125.74611,110.23402,-14.0493965,WAL
2016307340000,228.789952,0.301175632572106,-15.6639021588305,-0.680997624231529,0.8368854,-0.25686884,-0.4089743,125.47117,109.80837,-13.883954,WAL
2016312255000,228.794867,0.566188509893323,-15.784785234196,-0.932062451034176,0.9300423,-0.09743301,-0.45570546,125.234886,109.3639,-13.698796,WAL
2016317356000,228.799968,0.744375315645003,-15.6565464863538,-1.00459070396623,1.0439687,0.050396383,-0.49174652,125.082504,108.88655,-13.44233,WAL
2016322260000,228.804872,0.901139340251325,-15.4951718592185,-1.04608708480267,1.1795808,0.15851954,-0.5513059,124.960976,108.38622,-13.1667385,WAL
2016327367000,228.809979,0.933002672011385,-15.1545063358634,-0.854879969108159,1.348485,0.22571471,-0.6151413,124.918564,107.85587,-12.832076,WAL
2016332253000,228.814865,0.937675821397184,-14.7946736379706,-0.625895473536403,1.5503759,0.23732115,-0.6969972,124.88603,107.291374,-12.483467,WAL
2016337301000,228.819913,0.825420495519022,-14.2972674813221,-0.381964418782235,1.756543,0.21594086,-0.8032878,124.87634,106.684944,-12.098825,WAL
2016342328000,228.82494,0.688675269598898,-13.7751491902221,-0.137480515881391,1.992337,0.20097467,-0.9101892,124.866646,106.03272,-11.701738,WAL
2016347314000,228.829926,0.386644319839228,-13.1591907188158,0.20856180950061,2.2498167,0.16554448,-0.95386606,124.80988,105.33995,-11.319215,WAL
2016352289000,228.834901,-0.0729500193890676,-12.4513098340171,0.652308081304579,2.391232,0.14202617,-1.0256428,124.74552,104.615135,-10.90977,WAL
2016357222000,228.839834,-0.591036333915187,-12.0083504964497,1.09087574937475,2.6963592,0.092240654,-1.0888673,124.62671,103.83445,-10.542379,WAL
2016362237000,228.844849,-1.14520196968935,-11.6720621044379,1.53610281519823,3.0356948,0.015271631,-1.1459832,124.49241,103.03333,-10.167202,WAL
2016367244000,228.849856,-1.68937074196346,-11.555919745432,1.85639980613193,3.372587,-0.0571159,-1.1979067,124.27799,102.231834,-9.863968,WAL
2016372245000,228.854857,-2.22827895627129,-11.5509755339114,2.11349364261381,3.6798522,-0.11759156,-1.2305881,124.0477,101.41525,-9.5581045,WAL
2016377297000,228.859909,-2.75649867950089,-11.7805989554367,1.98403782798574,3.8967094,-0.14110987,-1.2571607,123.72133,100.677795,-9.350812,WAL
2016382250000,228.864862,-3.26851066458705,-12.0906244809863,1.71628834994058,4.0039163,-0.13683382,-1.2962561,123.39038,99.98701,-9.134412,WAL
2016387235000,228.869847,-3.71678615978616,-12.5096853586774,1.03855492864865,4.001778,-0.06841691,-1.3191634,122.99705,99.473366,-9.013865,WAL
2016392258000,228.87487,-4.14063367270567,-12.9763937163647,0.186097797459459,3.8756344,0.05222898,-1.3304645,122.625435,99.072,-8.885953,WAL
2016397250000,228.879862,-4.59934237529096,-13.2842684103253,-0.778719313566697,3.7015378,0.21502456,-1.3271047,122.272736,98.881546,-8.839892,WAL
2016402235000,228.884847,-5.07422930352134,-13.5217121967572,-1.79497736378156,3.5216382,0.41355577,-1.3100005,121.96991,81.20641,-8.793505,WAL
2016407243000,228.889855,-5.4570700575234,-13.5783264463643,-2.43714223066955,3.3783903,0.589485,-1.2406673,121.74533,81.14144,-8.830025,WAL
2016412255000,228.894867,-5.7949555149428,-13.5476093533317,-2.89789525836333,3.234226,0.73914695,-1.1456778,121.57288,81.02942,-8.874965,WAL
2016417214000,228.899826,-6.10474419021,-13.5875472584951,-3.21918488327925,3.0353894,0.7657196,-1.073901,121.4937,80.86461,-8.978495,WAL
2016422292000,228.904904,-6.30125738047511,-13.9746184536215,-2.8857082426376,2.8130345,0.56138515,-1.0421361,121.39348,80.69307,-9.086406,WAL
2016427244000,228.909856,-6.49289450497153,-14.3520852827405,-2.56050613069246,2.638327,0.16035213,-1.061073,121.30562,80.51316,-9.216174,WAL
2016432213000,228.914825,-6.68518951135737,-14.7308479390192,-2.23418761408192,2.5335636,-0.106901415,-1.196685,121.20165,80.37563,-9.308747,WAL
2016437295000,228.919907,-5.83044637915955,-14.2856051325589,-2.97058348438674,2.3677137,-0.0852157,-1.3332134,121.07015,80.26752,-9.384875,WAL
2016442366000,228.924978,-4.8828150209284,-13.7438855761212,-3.65531493839496,2.0702224,0.16737708,-1.3933836,120.93398,80.198715,-9.437071,WAL
2016447295000,228.929907,-4.02861059531865,-13.1682263184992,-3.58567865851692,1.7675385,0.2919936,-1.4117095,120.76166,80.13988,-9.466554,WAL
2016452268000,228.93488,-3.18833217708817,-12.5562161968291,-3.47963784460557,1.6496416,0.45723262,-1.4144585,120.75392,80.21071,-9.391932,WAL
2016457281000,228.939893,-2.49215281980858,-11.7208005222351,-3.12226575611949,1.5283848,0.5207626,-1.3836098,120.754265,80.30091,-9.321185,WAL
2016462261000,228.944873,-1.80698462663317,-10.9255962286432,-2.78261573592965,1.5415184,0.5305365,-1.2855659,120.80154,80.450584,-9.178322,WAL
2016467301000,228.949913,-1.22486878020101,-10.7218561281407,-2.70500039442211,1.6551393,0.58551437,-1.1945469,120.88359,80.59118,-9.047211,WAL
2016472315000,228.954927,-0.642293211712884,-10.5410284723196,-2.60927682933227,1.7684549,0.7641924,-1.1523973,120.99933,80.76754,-8.857868,WAL
2016477332000,228.959944,-0.0169964609570528,-10.6276077589348,-2.28700843555912,1.8371773,0.9428705,-1.1481212,121.13454,80.91868,-8.689904,WAL
2016482295000,228.964907,0.582498505479452,-10.720391834638,-1.97845394726027,1.8854356,1.1172725,-1.1859949,121.3501,81.115524,-8.455442,WAL
2016487292000,228.969904,0.947734711643836,-10.9030096932485,-1.79583584417808,1.8723019,1.2831224,-1.2290609,121.61626,81.30555,-8.22914,WAL
2016492494000,228.975106,1.31378882791622,-11.0878190078542,-1.60454457737807,1.8817704,1.4446963,-1.2901474,121.971344,81.568,-7.8780274,WAL
2016497417000,228.980029,1.47379377471153,-11.1929653707941,-1.40796703449045,1.8924606,1.6001616,-1.3787229,122.37144,81.83458,-7.5174966,WAL
2016502670000,228.985282,1.6356560339698,-11.2893581435947,-1.2114245854944,1.8817704,1.6807957,-1.4196508,122.814896,82.12341,-7.0977564,WAL
2016507300000,228.989912,1.59246018623478,-11.0431413739893,-1.31509477341452,1.8478674,1.8206838,-1.4147639,123.31771,82.40137,-6.679209,WAL
2016512257000,228.994869,1.54621357344374,-10.7795352126644,-1.42608680830005,1.8289305,1.9654589,-1.3603969,123.840675,82.65792,-6.239732,WAL
2016517309000,228.999921,1.39101481807655,-10.2634102300294,-1.78132366296369,1.8106046,2.1746802,-1.2886202,124.41837,82.88446,-5.821008,WAL
2016522278000,229.00489,1.22756529278705,-9.7310318626104,-2.15492253611384,1.8072448,2.4333818,-1.1856894,125.04601,83.06452,-5.440434,WAL
2016527397000,229.010009,1.01358377343109,-9.11729826823069,-2.39575948273705,1.8289305,2.6380215,-1.0656544,125.71753,83.20239,-5.101409,WAL
2016532247000,229.014859,0.804728835014663,-8.52705658690127,-2.60461437374389,1.8497,2.7284296,-0.9462303,126.42135,83.3014,-4.8016067,WAL
2016537338000,229.01995,0.560410015162165,-7.94200049663621,-2.63109667891355,1.8820758,2.7250698,-0.8390234,127.14404,83.38525,-4.5752287,WAL
2016542279000,229.024891,0.318089612400843,-7.38133715453359,-2.61684254632995,1.8851302,2.706744,-0.79290307,127.87722,83.45722,-4.368678,WAL
2016547335000,229.029947,0.0469421459363957,-6.9298349176384,-2.57865677929918,1.894904,2.636189,-0.72387534,128.62177,83.48025,-4.214121,WAL
2016552299000,229.034911,-0.22369758975265,-6.50987666844327,-2.53666093976247,1.8790215,2.564107,-0.66981375,129.34819,83.50582,-4.0668917,WAL
2016557332000,229.039944,-0.463866320234661,-6.20639347286017,-2.51710863291018,1.8490891,2.5054638,-0.6197228,130.09515,83.46428,-3.9361625,WAL
2016562284000,229.044896,-0.691911825678015,-5.93729989740335,-2.50342586353145,1.8051068,2.470339,-0.57787853,130.81496,83.424995,-3.8168032,WAL
2016567341000,229.049953,-0.89583552562699,-5.69388452199443,-2.4473211426453,1.7440202,2.4107797,-0.5494733,131.55064,83.32535,-3.7168217,WAL
2016572321000,229.054933,-1.08569420934514,-5.4660539825836,-2.37612424157046,1.65911,2.3570235,-0.535118,132.26712,83.24052,-3.6242266,WAL
2016577419000,229.060031,-1.22356953025977,-5.27192760737656,-2.32092391978981,1.5858061,2.314874,-0.5271767,132.97986,83.13272,-3.563817,WAL
2016582383000,229.064995,-1.33669094981162,-5.09753204045211,-2.27378993755701,1.4923438,2.2773056,-0.52198434,133.67033,83.05394,-3.5053442,WAL
2016587339000,229.069951,-1.48494126564464,-4.92510491267378,-2.1542900175776,1.3994923,2.211332,-0.537256,134.37285,82.94258,-3.4602225,WAL
2016592355000,229.074967,-1.64960906606361,-4.75128904971434,-2.00334452589983,1.3081679,2.143526,-0.54428095,135.05724,82.85681,-3.418278,WAL
2016597340000,229.079952,-1.83083531053612,-4.63821750372594,-1.82750492067895,1.219287,2.0830505,-0.5522222,135.73524,82.770706,-3.3868458,WAL
2016602346000,229.084958,-2.02434793458911,-4.56378944386255,-1.63399234843718,1.1294898,2.0329595,-0.58551437,136.3924,82.716644,-3.3449273,WAL
2016607344000,229.089956,-2.20113064271012,-4.39843900236326,-1.23656524985706,1.0274754,1.969735,-0.6407976,137.01729,82.658165,-3.3180914,WAL
2016612365000,229.094977,-2.37067034879931,-4.18765972855918,-0.737110246054889,0.88606006,1.8784106,-0.7104363,137.6166,82.64302,-3.2756884,WAL
2016617343000,229.099955,-2.50524190326667,-3.96107777822218,-0.302806999743482,0.68783426,1.817935,-0.75961095,138.20848,82.62154,-3.2489321,WAL
2016622335000,229.104947,-2.61536267403413,-3.72081450643912,0.08762110437127,0.48075095,1.7644843,-0.8151997,138.77434,82.6511,-3.1987858,WAL
2016627357000,229.109969,-2.66234849569225,-3.56898480929673,0.465972767481467,0.2782491,1.7101172,-0.8558222,139.28851,82.64002,-3.166462,WAL
2016632352000,229.114964,-2.67672525861551,-3.46355548140653,0.834975340037067,0.08277224,1.6270396,-0.9083566,139.77693,82.69017,-3.1134155,WAL
2016637340000,229.119952,-2.64582945861715,-3.43741590430158,1.12714377486237,-0.09865474,1.5519031,-0.9434814,140.23218,82.716,-3.0730772,WAL
2016642362000,229.124974,-2.5919768614351,-3.45087900673696,1.38294286171503,-0.269697,1.5018122,-0.95233893,140.6672,82.79275,-3.024769,WAL
2016647344000,229.129956,-2.56125656341775,-3.4998469708023,1.6420727855714,-0.34666604,1.3991868,-0.9584476,141.03868,82.82917,-2.9659119,WAL
2016652346000,229.134958,-2.55106228729517,-3.58140171202383,1.90712556148117,-0.5002986,1.2938126,-0.9691377,141.3908,82.93021,-2.9028018,WAL
2016657344000,229.139956,-2.5654188749635,-3.69440172025698,2.02853513113988,-0.6389651,1.2021828,-0.9660834,141.69556,82.99672,-2.826216,WAL
2016662348000,229.14496,-2.59340824944028,-3.82501844394043,2.07051914414485,-0.7806858,1.1111639,-0.9578367,141.96632,83.10261,-2.7462904,WAL
2016667342000,229.149954,-2.58789705098552,-3.92675757127916,2.02543114844127,-0.89888823,1.0445796,-0.9379836,142.2023,83.18275,-2.6629066,WAL
2016672376000,229.154988,-2.55880828650442,-4.00917545044248,1.91877256471239,-1.0097603,1.0033462,-0.9068295,142.41513,83.29333,-2.584894,WAL
2016677333000,229.159945,-2.5050414147541,-4.07249769180328,1.75836449016393,-1.1026118,0.9575313,-0.8781188,142.6165,83.40477,-2.5168476,WAL
2016682425000,229.165037,-2.43280405796958,-4.12547168974916,1.55609959950622,-1.181108,0.9224065,-0.8396343,142.80385,83.53417,-2.4609892,WAL
2016687340000,229.169952,-2.35091497731602,-4.17054582616643,1.33738284174122,-1.255328,0.88300574,-0.7974846,143.00015,83.683525,-2.4111311,WAL
2016692333000,229.174945,-2.25891495359307,-4.21194617787398,1.09818288573353,-1.3326025,0.8546005,-0.745561,143.18382,83.84533,-2.3751645,WAL
2016697346000,229.179958,-2.18575936867714,-4.27628476887988,0.868494550988343,-1.3927728,0.8304713,-0.6948592,143.38762,84.04336,-2.345264,WAL
2016702345000,229.184957,-2.13237683900659,-4.36363779655347,0.650111323041054,-1.4431691,0.806953,-0.63194007,143.57706,84.246475,-2.332763,WAL
2016707317000,229.189929,-2.12895940770068,-4.50583491861823,0.626771346095219,-1.5121969,0.7675522,-0.56688297,143.77963,84.50224,-2.3192692,WAL
2016712349000,229.194961,-2.17188864836187,-4.70140170844304,0.784178661466891,-1.5543466,0.7153232,-0.5128214,143.9662,84.75016,-2.3190365,WAL
2016717344000,229.199956,-2.23369722273676,-4.83619992009341,1.04345603863659,-1.6007724,0.6282749,-0.44684792,144.1484,85.04067,-2.3318126,WAL
2016722304000,229.204916,-2.31394334894167,-4.91172554386366,1.40220323211766,-1.6484199,0.5149594,-0.3903429,144.30331,85.32404,-2.3546731,WAL
2016727283000,229.209895,-2.39198343095551,-4.95922876114767,1.75615965595332,-1.6807957,0.3735441,-0.33108896,144.41385,85.553505,-2.3970692,WAL
2016732316000,229.214928,-2.46810878141616,-4.97614554985523,2.10718241442485,-1.7308867,0.21563543,-0.28069258,144.48293,85.77621,-2.4496455,WAL
2016737239000,229.219851,-2.55149225422189,-5.07367163064344,2.48425714995725,-1.7898352,0.12583824,-0.21074851,144.53125,85.87741,-2.5418365,WAL
2016742303000,229.224915,-2.67589653716332,-5.52463733898033,3.01815895671227,-1.8295414,-0.05222898,-0.16065755,144.50479,85.96705,-2.6375554,WAL
2016747273000,229.229885,-2.75524167301602,-6.11056150880637,3.51352815594036,-1.8894062,-0.20433442,-0.03634648,144.44019,85.9379,-2.7836318,WAL
2016752309000,229.234921,-2.74630959323085,-7.00377014019817,3.95566647837763,-1.9339994,-0.3005457,0.0842994,144.33585,85.89591,-2.940529,WAL
2016757261000,229.239873,-2.6866666384195,-8.06738701092896,4.45152455140815,-1.9230038,-0.3313944,0.22479841,144.1913,85.71041,-3.1597748,WAL
2016762323000,229.244935,-2.36062856979823,-10.120408352459,5.2768085406053,-1.8286251,-0.27030787,0.41508293,144.03662,85.48142,-3.4255972,WAL
2016767261000,229.249873,-1.84214345491984,-12.1175917659919,6.21227685651822,-1.6566665,-0.14508049,0.5748242,143.8713,85.16359,-3.7275608,WAL
2016772297000,229.254909,-0.738934038080567,-14.1385151190283,7.54003324218623,-1.3726143,0.10629055,0.71593404,143.74951,84.77963,-4.0754046,WAL
2016777294000,229.259906,0.511571775231706,-15.8314477142322,8.75501220725194,-0.893085,0.40561453,0.766025,143.65431,84.33027,-4.388278,WAL
2016782313000,229.264925,2.1508504278024,-16.763674883819,9.72326773671882,-0.1414153,0.56505036,0.61086524,143.58678,83.81541,-4.6740346,WAL
2016787278000,229.26989,3.77281988405326,-17.621643643663,10.4982403488159,0.7675522,0.7058548,0.28496864,143.59586,83.30047,-4.7564244,WAL
2016792332000,229.274944,5.42571119300742,-18.1332523740218,10.2571934684419,1.488984,0.9098838,-0.14049901,143.67667,82.720695,-4.769591,WAL
2016797290000,229.279902,6.77388194061388,-18.4899730585971,9.88124201972482,1.8350391,1.1835514,-0.45875978,143.89195,82.17408,-4.467415,WAL
2016802306000,229.284918,6.94489872745117,-18.217270711248,8.89211703252189,1.890628,1.4367551,-0.61269784,144.17203,81.51379,-4.122324,WAL
2016807317000,229.289929,6.99675936111338,-17.759194846146,7.89841643913132,1.7284433,1.6313156,-0.6979135,144.65334,81.001305,-3.4923286,WAL
2016812321000,229.294933,6.11727115760604,-15.848751012133,6.86257466384584,1.4596626,1.7589865,-0.7425067,145.18991,80.44189,-2.8822896,WAL
2016817281000,229.299893,5.20884024439148,-13.9120522164891,5.88324219200785,1.1429288,1.8054122,-0.7357872,145.82559,80.02875,-2.2601218,WAL
2016822315000,229.304927,4.06871683895121,-11.6903886864835,5.17122844175547,0.84574294,1.7314975,-0.72265357,146.45787,79.645294,-1.6629575,WAL
2016827555000,229.310167,2.87773501263575,-9.38281447565589,4.45082137172056,0.5549711,1.5937474,-0.70738196,147.05878,79.365776,-1.1962819,WAL
2016832314000,229.314926,1.73300471709579,-7.36215701293472,4.10786573532642,0.29901853,1.3909402,-0.66248333,147.61378,79.142654,-0.7487568,WAL
2016837480000,229.320092,0.505922865955968,-5.24483868476246,3.74889810254925,0.0852157,1.1551461,-0.59131753,148.05252,78.97191,-0.47610208,WAL
2016842351000,229.324963,-0.471554118578602,-4.12772210547509,3.56421354490151,-0.11178834,1.0320568,-0.5381723,148.46278,78.86487,-0.20892228,WAL
2016847647000,229.330259,-1.52902895106207,-2.94825894212414,3.36076965931034,-0.21013765,0.80664754,-0.28893927,148.67366,78.74998,-0.17339997,WAL
2016852307000,229.334919,-2.34156489110805,-2.69382855554943,3.12275399954023,-0.5009095,0.6404922,-0.19211712,148.87059,78.74725,-0.10670981,WAL
2016857273000,229.339885,-3.20745619545747,-2.42269093758161,2.86910898528736,-0.59864795,0.58032197,0.016798794,148.91205,78.76286,-0.3204835,WAL
2016862319000,229.344931,-3.84886668561446,-2.57187612245183,2.79264719960068,-0.8127562,0.5696318,0.19792034,148.91112,78.886024,-0.5456472,WAL
2016867239000,229.349851,-4.41332172844165,-2.8258809334731,2.7644245137666,-1.0210613,0.52442783,0.37140608,148.8664,79.02129,-0.81997764,WAL
2016872303000,229.354915,-4.73212216689121,-3.41521564012181,2.96835589093845,-1.1908818,0.37201694,0.5152648,148.73604,79.10155,-1.2432233,WAL
2016877333000,229.359945,-4.97660156423364,-4.09086787210483,3.23506081462582,-1.3219124,0.061086524,0.6261369,148.53677,79.200356,-1.6965543,WAL
2016882320000,229.364932,-5.12101869289277,-5.36960986702475,3.62161301677537,-1.3845261,-0.42913285,0.68691796,148.20226,79.261955,-2.2478325,WAL
2016887277000,229.369889,-5.20753070448878,-6.99512170665644,4.07693847523499,-1.3478742,-0.9954049,0.7293731,147.75145,79.28601,-2.8074577,WAL
2016892336000,229.374948,-5.3874415172439,-9.3993723658043,4.11826979559775,-1.239751,-1.500285,0.78801614,147.14041,79.22997,-3.4133584,WAL
2016897314000,229.379926,-5.64107601795326,-12.3882814466722,3.80495646970582,-1.078788,-1.7935003,0.8762862,146.42572,79.09717,-4.021343,WAL
2016902310000,229.384922,-6.06979009739986,-14.4556739303283,3.12859693490613,-0.88117313,-1.784032,0.9761627,145.63702,78.890434,-4.652281,WAL
2016907298000,229.38991,-6.60210328812368,-15.9614955968276,2.23661273974501,-0.61575216,-1.491733,1.0531317,144.84647,78.577995,-5.2916446,WAL
2016912320000,229.394932,-6.47367768523308,-16.9981145433584,2.03978113702256,-0.14905111,-0.9483683,1.0375546,144.21553,78.27779,-5.9079285,WAL
2016917312000,229.399924,-5.96085620625564,-17.7505728411028,2.25066093299248,0.5531385,-0.45631635,0.93187493,143.66327,77.83939,-6.5075936,WAL
2016922303000,229.404915,-4.5005046237177,-18.255510028924,2.33597264905515,1.2000448,-0.35155296,0.6805039,143.24315,77.44312,-7.0480103,WAL
2016927332000,229.409944,-2.48525151971654,-18.6223424142885,2.34990305663324,1.3845261,-0.47433686,0.25534168,142.92445,77.04456,-7.492893,WAL
2016932310000,229.414922,-0.822027782940416,-17.152352040386,1.57821364988561,1.1319333,-0.5519168,-0.14049901,142.70392,76.72303,-7.773196,WAL
2016937311000,229.419923,0.592913260688352,-14.2605358538745,0.196621311867104,0.5516113,-0.52931476,-0.28771752,142.49179,76.47985,-7.9869776,WAL
2016942335000,229.424947,1.3105295953094,-11.4238984408965,-0.810462443494645,0.19761491,-0.43004912,-0.49846604,142.42221,76.53337,-7.7989264,WAL
2016947314000,229.429926,1.46184384444665,-8.66714108647362,-1.50556254240381,-0.5155703,-0.4804455,-0.60048056,142.31885,76.80044,-7.6032023,WAL
2016952307000,229.434919,1.45651794690392,-6.43780160509493,-1.70940291533251,-1.0793989,-0.7623598,-0.6227771,142.2992,77.288864,-7.24407,WAL
2016957296000,229.439908,1.31520139217632,-4.67362332689629,-1.48603151933022,-1.4440855,-1.1459832,-0.5531385,142.24075,77.88318,-6.8852906,WAL
2016962318000,229.44493,0.943195748115534,-3.50429157703417,-1.48529225568862,-1.7098118,-1.4801265,-0.40958515,142.11575,78.56184,-6.540444,WAL
2016967304000,229.449916,0.282438021813516,-3.11264246877673,-1.76881737100086,-1.9425515,-1.7550159,-0.2773328,141.89973,79.2988,-6.2031164,WAL
2016972300000,229.454912,-0.379644930574146,-2.72020786290948,-2.05291112874251,-2.0451767,-1.8832976,-0.15821409,141.57462,79.94468,-5.947367,WAL
2016977324000,229.459936,-1.04543851600161,-2.32557386373472,-2.33859708528657,-2.0778582,-1.9098701,-0.03634648,141.20091,80.59516,-5.7276525,WAL
2016982310000,229.464922,-1.62460317868852,-2.24615378360656,-2.73394276557377,-2.0616703,-1.89918,0.079107046,140.80525,81.22486,-5.5449777,WAL
2016987308000,229.46992,-2.11147693707288,-2.52504257847126,-3.25863182828363,-2.048842,-1.9019289,0.20861048,140.40082,81.819954,-5.404744,WAL
2016992288000,229.4749,-2.53987113042147,-2.85589200346974,-3.74864784504541,-1.9911152,-1.9065105,0.3368922,139.88884,82.266624,-5.476355,WAL
2016997315000,229.479927,-2.89852108337585,-3.25875893336055,-4.20064501721604,-1.9214766,-1.8942931,0.45753807,139.3785,82.63881,-5.591807,WAL
2017002308000,229.48492,-3.17226357497884,-3.65898247728342,-4.55498276576992,-1.8613064,-1.8402315,0.5766568,138.87198,82.907455,-5.8161716,WAL
2017007303000,229.489915,-3.35675052408993,-4.05945452318691,-4.80696512810648,-1.7800614,-1.7712038,0.700357,138.37335,83.04957,-6.0860224,WAL
2017012256000,229.494868,-3.46125520188389,-4.43342234952391,-4.88297028513361,-1.7104226,-1.6633861,0.8194757,137.90533,83.05174,-6.441156,WAL
2017017307000,229.499919,-3.41668145854408,-4.77020189879185,-4.62543289453261,-1.6355917,-1.5351044,0.95081174,137.46654,82.90284,-6.844052,WAL
2017022303000,229.504915,-3.38372948858254,-5.17708695678281,-4.36577653276387,-1.5790867,-1.4364496,1.104139,137.0608,82.599304,-7.3144937,WAL
2017027324000,229.509936,-3.36746257813769,-5.69762983206191,-4.09737168236637,-1.5445728,-1.3655893,1.2522738,136.69138,82.16372,-7.826604,WAL
2017032496000,229.515108,-3.34105264190031,-6.26803196386293,-3.84463153570093,-1.543351,-1.3457361,1.400714,136.33765,98.38188,-8.376518,WAL
2017037308000,229.51992,-3.19748989485981,-7.22033026168224,-3.90205653457944,-1.5613716,-1.3316863,1.4740179,136.01216,99.0022,-8.948532,WAL
2017042352000,229.524964,-3.01900403756449,-8.21508930658036,-3.97608639743016,-1.5613716,-1.2556335,1.6019942,135.71286,99.69677,-9.5641365,WAL
2017047315000,229.529927,-2.63499117582011,-9.16818169122944,-4.15189959750803,-1.5445728,-1.1187997,1.724778,135.44583,100.43182,-10.194849,WAL
2017052409000,229.535021,-2.2429659426639,-10.1524349385878,-4.29272496679592,-1.4999796,-0.93828905,1.8191566,135.25168,101.143974,-10.782492,WAL
2017057300000,229.539912,-1.89237227904229,-11.1704243196411,-3.9463551882406,-1.4559973,-0.6969972,1.9388863,135.1267,101.900955,-11.400587,WAL
2017062291000,229.544903,-1.53461047672468,-12.209227223104,-3.59290363134638,-1.4147639,-0.52564955,1.9947804,135.09344,102.55279,-11.890872,WAL
2017067309000,229.549921,-1.176415559151,-13.1251132712716,-3.33241304308322,-1.4327844,-0.48991394,2.003638,135.09915,103.22461,-12.389087,WAL
2017072303000,229.554915,-0.820231828653882,-14.011120094582,-3.09198899594117,-1.4819591,-0.47219884,2.0088303,135.15697,103.90546,-12.887506,WAL
2017077340000,229.559952,-0.496660720824594,-14.5484950233395,-2.72601739777915,-1.4963144,-0.44623706,1.9346102,135.24344,104.39501,-13.221702,WAL
2017082245000,229.564857,-0.197215655216944,-14.9155565578861,-2.31548796101172,-1.5085317,-0.40500367,1.7986927,135.33923,104.867905,-13.530536,WAL
2017087308000,229.56992,0.0955786033918831,-14.7697531534621,-1.97900903408524,-1.5210545,-0.32559118,1.627345,135.4673,105.16318,-13.679828,WAL
2017092362000,229.574974,0.381949648415457,-14.434162320514,-1.6747397785985,-1.5583172,-0.21197024,1.4107933,135.60963,105.41787,-13.776413,WAL
2017097312000,229.579924,0.707568362997486,-13.7917013588186,-1.59219327819439,-1.6355917,-0.06963864,1.221425,135.77878,105.52211,-13.7523155,WAL
2017102311000,229.584923,1.06858231564202,-12.9192507267491,-1.66239043201718,-1.6905695,0.0842994,1.0430524,135.97476,105.58853,-13.675755,WAL
2017107303000,229.589915,1.28997273147112,-12.13237068339,-1.52544196527084,-1.6328428,0.0842994,0.7867944,136.16086,105.50649,-13.481446,WAL
2017112312000,229.594924,1.4433853458325,-11.384483831701,-1.28573468336998,-1.5949692,-0.07880162,0.5131268,136.33499,105.40469,-13.246535,WAL
2017117307000,229.599919,1.46883979500344,-10.6915546975557,-1.01496950743987,-1.5635096,-0.42210788,0.2837469,136.43224,105.33405,-12.977753,WAL
2017122302000,229.604914,1.43127344293708,-10.0247508819083,-0.728525468601158,-1.5738943,-0.8921687,0.10476339,136.43849,105.22903,-12.671075,WAL
2017127322000,229.609934,1.18714581467332,-9.50831825875312,-0.67701861796409,-1.5763378,-1.3768903,-0.071776666,136.31934,105.09931,-12.346124,WAL
2017132315000,229.614927,0.824642858244389,-9.08380816917706,-0.762874580280299,-1.5485435,-1.6096299,-0.24831672,136.13586,104.941895,-11.992021,WAL
2017137307000,229.619919,0.4484885927477,-8.76585781656174,-1.17531394951864,-1.5265522,-1.9975294,-0.32834008,135.718,104.858215,-11.718912,WAL
2017142359000,229.624971,0.0595579972067796,-8.50813291118644,-1.7891682211661,-1.5167783,-2.228742,-0.43860126,135.27702,104.739,-11.400923,WAL
2017147310000,229.629922,-0.324991742286181,-8.34943931751378,-2.35145108868136,-1.4990633,-2.284636,-0.49846604,134.77444,104.6632,-11.155465,WAL
2017152306000,229.634918,-0.715648817395387,-8.26154122933252,-2.88860466128802,-1.4587462,-2.2223277,-0.52778757,134.24635,104.57434,-10.902468,WAL
2017157299000,229.639911,-1.04223721761496,-8.25726733515199,-3.29882557209665,-1.4352279,-2.0928242,-0.50701815,133.7581,104.604576,-10.7224865,WAL
2017162317000,229.644929,-1.3278414005456,-8.30876930241621,-3.62656799935698,-1.416902,-1.9306396,-0.46761733,133.308,104.634254,-10.5453415,WAL
2017167307000,229.649919,-1.56261545661538,-8.35268792843672,-3.70805395595037,-1.4117095,-1.7269161,-0.4129449,132.88467,104.80267,-10.431682,WAL
2017172277000,229.654889,-1.75630935507692,-8.39048262024814,-3.58994791188089,-1.389413,-1.5653422,-0.33841935,132.5041,104.98114,-10.335238,WAL
2017177308000,229.65992,-1.8938175494613,-8.4033820252051,-3.37461316647227,-1.3888022,-1.4379768,-0.23518312,132.16656,105.25871,-10.300427,WAL
2017182317000,229.664929,-1.9791653741623,-8.39389874102995,-3.07589585428487,-1.4107933,-1.3445144,-0.12003502,131.87325,105.55518,-10.287775,WAL
2017187307000,229.669919,-2.04869364475618,-8.36362759471324,-2.78356902462067,-1.450805,-1.2678508,-0.016493361,131.59708,105.88561,-10.340535,WAL
2017192312000,229.674924,-2.10358281442886,-8.31331203693101,-2.49540109876897,-1.5008959,-1.1899655,0.069027774,131.35692,106.2375,-10.416762,WAL
2017197315000,229.679927,-2.11099090658288,-8.23055689533327,-2.06642171027094,-1.5479325,-1.1670581,0.13622294,131.1093,106.597176,-10.553816,WAL
2017202305000,229.684917,-2.05191397426599,-8.10255750932317,-1.4411915200989,-1.5946637,-1.2351695,0.21013765,130.86746,106.97636,-10.716472,WAL
2017207291000,229.689903,-1.93249258853503,-8.01950353797158,-0.949919765409113,-1.645671,-1.3478742,0.27397305,130.60841,107.35438,-10.9292,WAL
2017212296000,229.694908,-1.74461636496815,-7.98662502841744,-0.60704567088682,-1.6557503,-1.4498887,0.31581733,130.34009,107.73181,-11.156598,WAL
2017217284000,229.699896,-1.54230603943536,-7.98007255106488,-0.464537264324913,-1.6142114,-1.5033394,0.35124752,130.04367,108.0507,-11.434376,WAL
2017222280000,229.704892,-1.31954739052006,-8.00850991173848,-0.58776550720951,-1.5008959,-1.4822645,0.40683624,129.74567,108.35512,-11.7243595,WAL
2017227291000,229.709903,-1.14464144610802,-8.01561795154885,-0.77190473375695,-1.3347405,-1.398576,0.45723262,129.40807,108.606064,-11.989276,WAL
2017232317000,229.714929,-1.03950572978554,-7.99172349324861,-1.04430175798253,-1.1685852,-1.3319917,0.50946164,129.07735,108.834694,-12.265006,WAL
2017237240000,229.719852,-0.980369982268417,-7.98278344956413,-1.25264158794904,-1.0848967,-1.185384,0.5320636,128.81583,109.037224,-12.484301,WAL
2017242320000,229.724932,-0.989690826027397,-7.99676452054795,-1.37381260547945,-0.9282097,-1.0290025,0.5742133,128.58238,109.195984,-12.713371,WAL
2017247245000,229.729857,-1.0244930382177,-8.0104858555622,-1.43999679035088,-0.83199847,-0.8940013,0.61453044,128.38399,109.41166,-12.922029,WAL
2017252307000,229.734919,-1.12113939431818,-8.02498309659091,-1.38684135,-0.7791586,-0.8078693,0.65209866,128.22052,109.604904,-13.129507,WAL
2017257266000,229.739878,-1.24684480890358,-8.06391144945568,-1.31308190229393,-0.7583892,-0.745561,0.6814202,128.09367,109.80737,-13.3320465,WAL
2017262347000,229.744959,-1.45022437836314,-8.16323591213064,-1.18537841494946,-0.77518797,-0.74189585,0.6948592,127.97732,110.00525,-13.533834,WAL
2017267280000,229.749892,-1.6215231437452,-8.23716284420568,-1.08509706224098,-0.8054258,-0.7657196,0.6979135,127.85145,110.21102,-13.751865,WAL
2017272344000,229.754956,-1.71457181189563,-8.24181536991558,-1.05718244236378,-0.8561276,-0.79045963,0.7125743,127.72906,110.42369,-13.971451,WAL
2017277332000,229.759944,-1.79161009596827,-8.24114684759683,-1.03952547958003,-0.93645644,-0.8338311,0.7348709,127.56872,110.646614,-14.230614,WAL
2017282346000,229.764958,-1.79609148422772,-8.21425865842277,-1.07089524419039,-1.0369438,-0.8912524,0.7516697,127.398506,110.87975,-14.4891,WAL
2017287581000,229.770193,-1.80011621853204,-8.19334522713164,-1.10683198833303,-1.1462886,-0.9465357,0.77824235,127.21123,111.135376,-14.771343,WAL
2017292346000,229.774958,-1.7959503017893,-8.26000019951616,-1.17765261645974,-1.2507466,-0.9822713,0.81000733,127.01555,111.40737,-15.055883,WAL
2017297319000,229.779931,-1.79160253600511,-8.32956476985576,-1.25156468018989,-1.3454307,-0.9935723,0.82741696,126.78804,111.73322,-15.349264,WAL
2017302342000,229.784954,-1.73872954315789,-8.58602463859649,-1.23205646002005,-1.4178182,-0.9941832,0.8533788,126.55824,112.074,-15.649154,WAL
2017307272000,229.789884,-1.67719795368421,-8.87474965614035,-1.19419089691228,-1.4648548,-0.9932669,0.8750645,126.32853,112.421165,-15.946958,WAL
2017312351000,229.794963,-1.63861761852762,-9.24665350373501,-1.04879027541773,-1.4682146,-1.0128145,0.89644474,126.09555,112.782036,-16.240944,WAL
2017317251000,229.799863,-1.60633093384116,-9.6202561084136,-0.887356948309416,-1.4596626,-1.0665708,0.9098838,125.85629,113.141914,-16.535122,WAL
2017322379000,229.804991,-1.5273383646805,-10.0492492053626,-0.688362256795767,-1.4456125,-1.131017,0.9095783,125.597466,113.47909,-16.808825,WAL
2017327277000,229.809889,-1.44059817614547,-10.4684941544072,-0.490787247050544,-1.4052955,-1.1701124,0.9062186,125.33316,113.80167,-17.082073,WAL
2017332313000,229.814925,-1.38330214375911,-10.8360150072851,-0.297020549698883,-1.361924,-1.2388347,0.89827734,125.01229,114.08983,-17.35286,WAL
2017337292000,229.819904,-1.33235389149102,-11.188020392812,-0.107122563363769,-1.3310753,-1.2980887,0.8707884,124.68206,114.35937,-17.614658,WAL
2017342323000,229.824935,-1.30632403160004,-11.4379902979661,0.0437082724526601,-1.2760975,-1.3524556,0.84207773,124.30376,114.570145,-17.857388,WAL
2017347311000,229.829923,-1.28717992668069,-11.6581469548141,0.182502408431019,-1.1911873,-1.3912456,0.8060367,123.91051,114.75539,-18.089561,WAL
2017352298000,229.83491,-1.20776470648938,-11.7859379834293,0.131386035425481,-1.0845913,-1.4159856,0.7641924,123.47217,114.8856,-18.306177,WAL
2017357308000,229.83992,-1.11254786187736,-11.8906764627902,0.0314082774943441,-0.9486737,-1.4092661,0.7339546,123.02994,114.984634,-18.512142,WAL
2017362323000,229.844935,-0.92460003479078,-11.9878387944406,-0.328449700552379,-0.7464773,-1.3814718,0.7275405,122.561165,115.0289,-18.70969,WAL
2017367343000,229.849955,-0.710592652656049,-12.0829528719953,-0.761220184590365,-0.48197266,-1.2996159,0.7318166,122.10848,115.03075,-18.892225,WAL
2017372345000,229.854957,-0.3616607769538,-12.1087311090909,-1.27049259022355,-0.16920967,-1.171945,0.7315111,121.69664,114.9774,-19.0357,WAL
2017377355000,229.859967,0.0292328079344262,-12.1134982,-1.80439602032787,0.1563815,-0.99173975,0.72356987,121.32362,114.8751,-19.16341,WAL
2017382347000,229.864959,0.562008517185069,-11.8798990004925,-2.25464422658328,0.41691554,-0.7495316,0.6740898,121.06981,114.74572,-19.20889,WAL
2017387329000,229.869941,1.14001831708855,-11.5697480326997,-2.67757814512952,0.55955255,-0.46822822,0.59986967,120.876656,114.576485,-19.227232,WAL
2017392290000,229.874902,1.55637977679141,-11.2616360995068,-2.91185211003771,0.54825157,-0.1826487,0.48258355,120.85056,114.379166,-19.115147,WAL
2017397359000,229.879971,1.91784883839087,-10.9471105562325,-3.07615633589595,0.38759398,0.06078109,0.3491095,120.88462,114.168274,-18.964558,WAL
2017402327000,229.884939,1.99015197855578,-10.9993889667331,-3.00734629772908,0.13652839,0.19058995,0.19394971,121.06517,113.94243,-18.66942,WAL
2017407343000,229.889955,1.9135985759263,-11.2434033778884,-2.81596271621514,-0.1432479,0.20219639,0.02565634,121.26512,113.72512,-18.333681,WAL
2017412348000,229.89496,1.53905171202464,-11.6393661053216,-2.34773144815712,-0.40133846,0.10781772,-0.12950343,121.50634,113.53424,-17.923035,WAL
2017417335000,229.899947,1.00372823752398,-12.11681684227,-1.73042147207917,-0.57971114,-0.08827003,-0.2556471,121.70373,113.36125,-17.491606,WAL
2017422344000,229.904956,0.386911337615534,-12.2991466356311,-1.19441742298447,-0.6814202,-0.3100141,-0.33505958,121.814896,113.193695,-17.066235,WAL
2017427375000,229.909987,-0.272652645157282,-12.3318906304854,-0.698575026357282,-0.6768387,-0.4007276,-0.3894266,121.89429,113.0309,-16.629538,WAL
2017432390000,229.915002,-0.792866404034119,-12.2084758975414,-0.578541941075765,-0.5702427,-0.5323691,-0.4016439,121.7604,112.84037,-16.311085,WAL
2017437338000,229.91995,-1.22083866141495,-11.9897345745108,-0.692667876377321,-0.49449542,-0.550695,-0.39461896,121.62934,112.65558,-15.990518,WAL
2017442359000,229.924971,-1.3915150543016,-11.935629837739,-0.907221227165431,-0.29749137,-0.43799037,-0.35888332,121.38052,112.44744,-15.811885,WAL
2017447350000,229.929962,-1.39617729676161,-11.9869148942645,-1.18229664802965,-0.111177474,-0.27000242,-0.30848694,121.14599,112.23518,-15.641083,WAL
2017452338000,229.93495,-1.23947348469235,-12.3187243704352,-1.31320784278139,0.076358154,-0.10995574,-0.25411993,120.93017,112.062706,-15.552289,WAL
2017457343000,229.939955,-0.956533749074537,-12.8702170330165,-1.33239018755378,0.22602014,0.028710667,-0.2302962,120.75968,111.86851,-15.459683,WAL
2017462342000,229.944954,-0.612357466376627,-13.5230317970414,-1.18112063860947,0.36163223,0.15974127,-0.26206118,120.67052,111.668724,-15.34559,WAL
2017467358000,229.94997,-0.219153041863018,-14.2573296763314,-0.89687643387574,0.4822781,0.27855456,-0.33841935,120.6171,111.44248,-15.218574,WAL
2017472341000,229.954953,0.148203163780094,-14.8722989693155,-0.632562746117231,0.6200282,0.32589662,-0.42577308,120.589676,111.13794,-15.020749,WAL
2017477398000,229.96001,0.500663195982986,-15.3962256546027,-0.380125179082415,0.7623598,0.33383787,-0.516792,120.5798,110.79967,-14.800117,WAL
2017482346000,229.964958,0.831316379159597,-15.7325750056892,-0.23935707295239,0.9068295,0.3408628,-0.61269784,120.55888,110.32846,-14.485907,WAL
2017487340000,229.969952,1.15114676376884,-15.8996504495459,-0.201168380132748,1.054048,0.34880406,-0.70371675,120.53671,109.82343,-14.15599,WAL
2017492362000,229.974974,1.23686047341216,-15.7934359732265,-0.0739137839134258,1.1988231,0.34300083,-0.81214535,120.49,109.20716,-13.747963,WAL
2017497334000,229.979946,1.08797358361345,-15.4165662436975,0.140111098613445,1.3377949,0.2611449,-0.93554014,120.42043,108.558174,-13.326543,WAL
2017502335000,229.984947,0.938218286774477,-15.0374983600743,0.355384316134942,1.4737124,0.119729586,-1.0595458,120.34339,107.83906,-12.8424015,WAL
2017507351000,229.989963,0.788013813880203,-14.6572935001954,0.571303224170901,1.627345,-0.013133603,-1.1673635,120.24272,107.08631,-12.346218,WAL
2017512270000,229.994882,0.54940931758517,-14.1627921933868,0.781440569839679,1.8084666,-0.13652839,-1.2473868,120.10241,106.30155,-11.844133,WAL
2017517338000,229.99995,0.160349139288577,-13.4624834611222,0.995423666633267,2.0677788,-0.23945917,-1.3109168,119.929565,105.47317,-11.335592,WAL
2017522267000,230.004879,-0.236728765600871,-12.8350127808355,1.13167483697288,2.3640485,-0.30024028,-1.3600914,119.67757,104.62494,-10.892079,WAL
2017527380000,230.009992,-0.67782214336765,-12.2678929117007,1.16075794741635,2.6868908,-0.32620203,-1.427592,119.40972,103.729164,-10.436757,WAL
2017532261000,230.014873,-1.11291966320495,-11.8311131472183,1.11868766617214,2.97583,-0.32925636,-1.4608842,119.0998,102.85292,-10.057904,WAL
2017537350000,230.019962,-1.59031826922967,-11.5530170833096,0.95646481703281,3.1123583,-0.3051272,-1.5192219,118.795715,101.96097,-9.657648,WAL
2017542362000,230.024974,-2.22661560474194,-11.5540543312838,0.556552208962176,3.3411274,-0.2489276,-1.5555683,118.49119,101.10896,-9.331071,WAL
2017547351000,230.029963,-3.26818555094094,-12.2306294743805,-0.43160397130613,3.4712417,-0.12461651,-1.5909985,118.22181,100.29379,-8.989376,WAL
2017552311000,230.034923,-4.24692087903274,-12.8624997425653,-1.34468253409432,3.5146132,0.07544186,-1.6074919,117.99867,99.60756,-8.724414,WAL
2017557351000,230.039963,-4.86554406437369,-13.2346406857915,-1.81348297626915,3.4859025,0.3549127,-1.5952746,117.84483,98.99061,-8.4583845,WAL
2017562317000,230.044929,-5.47528371611393,-13.5770863808386,-2.2374991983667,3.374725,0.5742133,-1.5641204,117.78819,98.673485,-8.364947,WAL
2017567346000,230.049958,-6.09403377552037,-13.7689466624838,-2.42456317330943,3.195436,0.7113526,-1.5137241,117.79712,98.4308,-8.278515,WAL
2017572320000,230.054932,-6.68743460805264,-13.9571619916528,-2.58995787994697,2.9837713,0.72326446,-1.4511104,117.841736,98.37876,-8.31162,WAL
2017577330000,230.059942,-7.1586099299617,-14.1362088530885,-2.62294009294903,2.7913487,0.61636305,-1.3747523,117.89598,98.37647,-8.356181,WAL
2017582302000,230.064914,-7.62568073253536,-14.3006740228509,-2.64568928454842,2.6096163,0.43676865,-1.2986995,117.90351,98.53874,-8.535183,WAL
2017587308000,230.06992,-8.0904415558809,-14.329128841923,-2.56506747875161,2.4654522,0.22937989,-1.2189816,117.873985,81.279625,-8.72025,WAL
2017592333000,230.074945,-8.54333077824431,-14.3674822624744,-2.4784599557758,2.395508,0.032070424,-1.1624765,117.84206,81.104805,-8.887295,WAL
2017597316000,230.079928,-8.81825993291671,-14.5305758865345,-2.32002610088859,2.415972,-0.21410827,-1.1426234,117.73699,80.919876,-9.053518,WAL
2017602594000,230.085206,-9.04992594106784,-14.6697508827939,-2.21252085383068,2.4810293,-0.45540005,-1.2324207,117.608376,80.74335,-9.19445,WAL
2017607338000,230.08995,-8.57225905213019,-14.4080718774913,-2.81064305533004,2.5247061,-0.48716503,-1.4495832,117.472336,80.59454,-9.294158,WAL
2017612293000,230.094905,-8.0733468610075,-14.1347541137319,-3.43536807818614,2.4446826,-0.4147775,-1.5995506,117.31674,80.43991,-9.380662,WAL
2017617347000,230.099959,-7.24109221358012,-13.9230493861505,-3.96452742276991,2.3011293,0.07941248,-1.65911,117.278244,80.31604,-9.428235,WAL
2017622258000,230.10487,-6.3682231183197,-13.7306432468569,-4.45727615062862,1.8988746,0.39950588,-1.736079,117.2134,80.25632,-9.423268,WAL
2017627415000,230.110027,-5.25735618303423,-13.2365662821418,-4.01101670418751,1.5283848,0.8958339,-1.7531832,117.38741,80.28194,-9.360201,WAL
2017632249000,230.114861,-4.17683833594194,-12.7144672606649,-3.39811803014612,1.4001031,1.1624765,-1.7391334,117.58437,80.331665,-9.284945,WAL
2017637346000,230.119958,-3.10183925781327,-12.2651329640443,-2.90908898048398,1.4126259,1.212262,-1.6533068,117.86265,80.48706,-9.1395,WAL
2017642278000,230.12489,-2.07916352080925,-11.8579136647399,-2.47873233410405,1.534799,1.2501358,-1.5402967,118.20877,80.63129,-9.009838,WAL
2017647350000,230.129962,-1.26309679348138,-11.7081247623072,-2.05649720548295,1.7434094,1.3759739,-1.4511104,118.491516,80.81755,-8.823059,WAL
2017652302000,230.134914,-0.545463940624939,-11.6522051647833,-1.65108114526874,1.9688187,1.534188,-1.4422529,118.79562,80.98023,-8.649743,WAL
2017657355000,230.139967,-0.00112273661601453,-11.559772736005,-1.5730287232029,2.1248949,1.6701056,-1.4929546,119.1514,81.22318,-8.346815,WAL
2017662302000,230.144914,0.457684049958271,-11.4553291449492,-1.6289808083458,2.2021692,1.7931949,-1.5259414,119.54757,81.433266,-8.061204,WAL
2017667296000,230.149908,0.90285081021148,-11.3205709959718,-1.66944478418933,2.2333233,2.008525,-1.5088371,120.027176,81.68556,-7.6727853,WAL
2017672316000,230.154928,1.26111789722054,-11.0397669577039,-1.63071318398792,2.2840252,2.1813998,-1.426065,120.52668,81.889046,-7.3058295,WAL
2017677331000,230.159943,1.54756819256649,-10.7560347281854,-1.57704832018584,2.3695462,2.2421808,-1.3350459,121.06296,82.108574,-6.8790646,WAL
2017682343000,230.164955,1.52706235174624,-10.4587004912955,-1.45913993620634,2.3881776,2.250733,-1.284955,121.629524,82.28423,-6.476507,WAL
2017687270000,230.169882,1.47954443001631,-10.0986025662604,-1.47983299533634,2.3133466,2.2159138,-1.2104294,122.19563,82.426025,-6.067749,WAL
2017692368000,230.17498,1.36710400652529,-9.56919573946838,-1.81715421688897,2.16399,2.2672265,-1.1129965,122.78331,82.525696,-5.691672,WAL
2017697290000,230.179902,1.23766896505263,-9.08333485864662,-2.11611419969925,2.0653355,2.35794,-0.99204516,123.36856,82.5615,-5.3496056,WAL
2017702331000,230.184943,1.03269060572136,-8.67337781892968,-2.3296333462981,2.031127,2.4529295,-0.8894198,123.96377,82.57085,-5.0395813,WAL
2017707671000,230.190283,0.815207945489494,-8.24127087083765,-2.55386256535381,2.0302107,2.4840834,-0.7974846,124.55588,82.57707,-4.7882323,WAL
2017712281000,230.194893,0.619692385421653,-7.91679836862339,-2.70361923849053,1.9871446,2.511267,-0.72326446,125.167625,82.575226,-4.568274,WAL
2017717291000,230.199903,0.407212351595213,-7.56417207012155,-2.86636998304909,1.9440787,2.516154,-0.65026605,125.74553,82.57697,-4.421211,WAL
2017722295000,230.204907,0.122670656481689,-7.33551730441702,-2.85107682273794,1.9065105,2.4984388,-0.6215554,126.32143,82.58385,-4.284084,WAL
2017727370000,230.209982,-0.179761246073651,-7.12728544172192,-2.80149775357544,1.8613064,2.4263568,-0.61727935,126.879585,82.597374,-4.1596656,WAL
2017732365000,230.214977,-0.476153003271066,-6.89710143285279,-2.72679784428426,1.8212948,2.3200662,-0.61178154,127.498474,82.56975,-4.040543,WAL
2017737247000,230.219859,-0.765695363072081,-6.66926498566497,-2.65085236188832,1.7394388,2.2290473,-0.59986967,128.09563,82.56571,-3.9225793,WAL
2017742308000,230.22492,-1.01089459622899,-6.41782159666761,-2.65566135998291,1.672549,2.1676552,-0.6105598,128.71866,82.51164,-3.8158462,WAL
2017747279000,230.229891,-1.24592054544859,-6.16923634235261,-2.66922053765309,1.593442,2.1007655,-0.6093381,129.30763,82.48163,-3.7128673,WAL
2017752308000,230.23492,-1.58377707570497,-5.58818722746613,-2.69132292041144,1.5079209,2.0335703,-0.6056729,129.91138,82.41665,-3.632718,WAL
2017757315000,230.239927,-1.9446731944004,-4.92895033272454,-2.71538259801305,1.4379768,1.9813415,-0.61178154,130.49506,82.37352,-3.5486453,WAL
2017762314000,230.244926,-2.13954011000598,-4.6246689722942,-2.73148673415388,1.3362677,1.9575176,-0.6093381,131.09998,82.31974,-3.4947612,WAL
2017767277000,230.249889,-2.29585660589994,-4.40203633027706,-2.74569736515846,1.2357804,1.9788979,-0.6059783,131.69823,82.289276,-3.4395568,WAL
2017772285000,230.254897,-2.40225798470964,-4.12533828758657,-2.43792740591369,1.1548407,2.0112739,-0.6252206,132.33208,82.22903,-3.4304314,WAL
2017777391000,230.260003,-2.49778112519979,-3.83008490303676,-2.04280887666489,1.042747,2.0964894,-0.63529986,132.98315,82.20625,-3.4284613,WAL
2017782330000,230.264942,-2.54769181986988,-3.56286907867149,-1.67185950118841,0.93462384,2.1255057,-0.6404922,133.64119,82.18671,-3.445997,WAL
2017787304000,230.269916,-2.56518728223412,-3.30793580248701,-1.30695498403117,0.79717916,2.144137,-0.6579019,134.31802,82.211136,-3.460597,WAL
2017792312000,230.274924,-2.58280233561572,-3.05125991846372,-0.939556145687077,0.63407815,2.154827,-0.6722572,134.9838,82.195045,-3.4950469,WAL
2017797312000,230.279924,-2.60038924993441,-2.79499405981426,-0.572744206445774,0.47128254,2.1517727,-0.6780604,135.64804,82.21865,-3.5283139,WAL
2017802308000,230.28492,-2.61189275689553,-2.68038116517804,-0.219793658443832,0.3295618,2.130698,-0.68844515,136.31357,82.278336,-3.5560167,WAL
2017807300000,230.289912,-2.62129810523313,-2.61454367771001,0.128204480481999,0.18845193,2.0809124,-0.70157874,136.96666,82.38285,-3.5800877,WAL
2017812311000,230.294923,-2.66450451783591,-2.60880120781807,0.438883826309948,0.062002823,2.0292943,-0.6994407,137.57742,82.400604,-3.616681,WAL
2017817311000,230.299923,-2.72144149762188,-2.62778025062426,0.733058420047562,-0.069027774,1.960572,-0.7125743,138.16643,82.45954,-3.6439078,WAL
2017822301000,230.304913,-2.78382310914203,-2.64003002021328,0.961378627643238,-0.19303341,1.9211712,-0.7150178,138.72629,82.48831,-3.6747186,WAL
2017827394000,230.310006,-2.85002238232671,-2.64948700281144,1.16470498293359,-0.25809056,1.8374827,-0.7049385,139.24985,82.534645,-3.7025,WAL
2017832377000,230.314989,-2.86159196426577,-2.62415020143309,1.25830832091941,-0.38789943,1.7525724,-0.6969972,139.74104,82.57409,-3.7332215,WAL
2017837299000,230.319911,-2.8440461747627,-2.58028540705379,1.293400128941,-0.50762904,1.6630806,-0.689056,140.20218,82.62428,-3.7647743,WAL
2017842308000,230.32492,-2.78563730872634,-2.51527435341675,1.25556029220404,-0.6401868,1.5787812,-0.66523224,140.62726,82.66064,-3.8103669,WAL
2017847313000,230.329925,-2.68312001843653,-2.4281348466795,1.13766548598011,-0.7528914,1.4850134,-0.6450737,141.01917,82.718285,-3.8546383,WAL
2017852308000,230.33492,-2.57529349225994,-2.35741973984481,0.978580614374394,-0.8546005,1.3939945,-0.6078109,141.38618,82.783,-3.9055123,WAL
2017857298000,230.33991,-2.46405022678952,-2.29716285206596,0.793175107390883,-0.9593639,1.303281,-0.5858198,141.72165,82.871,-3.9552588,WAL
2017862308000,230.34492,-2.36632790038887,-2.29060426853126,0.661656227669758,-1.0516045,1.2208142,-0.5564982,142.04085,82.98815,-4.001327,WAL
2017867310000,230.349922,-2.28035145555888,-2.32881612708146,0.575679832715126,-1.142318,1.1209377,-0.5161811,142.3239,83.118576,-4.053695,WAL
2017872337000,230.354949,-2.25666193950402,-2.41953371154134,0.622591385360012,-1.2385293,1.02717,-0.4728097,142.60034,83.29549,-4.0965686,WAL
2017877354000,230.359966,-2.28543109626266,-2.55378964290205,0.780821597330473,-1.3350459,0.90377516,-0.41630468,142.83452,83.47502,-4.151021,WAL
2017882346000,230.364958,-2.31405689465596,-2.68737656922309,0.938263339039968,-1.4315627,0.7623598,-0.3707952,143.0419,83.68019,-4.194149,WAL
2017887302000,230.369914,-2.34247625700314,-2.82000012828701,1.09456968357367,-1.5442673,0.58276546,-0.3203988,143.19814,83.884895,-4.2506447,WAL
2017892295000,230.374907,-2.37617780558826,-3.06263255549346,1.3737380889532,-1.6511687,0.38759398,-0.2648101,143.3089,84.07851,-4.3188753,WAL
2017897315000,230.379927,-2.41455763674284,-3.40325375736952,1.76233412986728,-1.7602082,0.17134771,-0.21380283,143.35838,84.265,-4.3962817,WAL
2017902303000,230.384915,-2.45165713518887,-3.90245226816245,2.26721720301051,-1.8548924,-0.034513887,-0.14385876,143.32312,84.38152,-4.479954,WAL
2017907300000,230.389912,-2.48790078349901,-4.54577829111995,2.87882994499669,-1.9474384,-0.19333886,-0.049785517,143.23627,84.47884,-4.582949,WAL
2017912296000,230.394908,-2.53792231193317,-5.61776850190931,3.56814902243437,-2.0131063,-0.3203988,0.04917465,143.05475,84.509,-4.673159,WAL
2017917308000,230.39992,-2.60765209348345,-7.30124313339214,4.37004099018367,-2.0228803,-0.41538838,0.22449298,142.8348,84.488785,-4.811961,WAL
2017922292000,230.404904,-2.5220421338831,-9.09503694675926,5.39358413268711,-1.9862283,-0.4382958,0.2941316,142.54906,84.402084,-4.878637,WAL
2017927312000,230.409924,-2.27164857196181,-11.0286317152778,6.66409969962384,-1.9336939,-0.43004912,0.4428773,142.24506,84.24889,-5.022596,WAL
2017932259000,230.414871,-1.75764782951986,-12.8916925471251,8.11089672934203,-1.724778,-0.3555236,0.61666846,141.89247,83.99186,-5.1108875,WAL
2017937313000,230.419925,-0.839545938786801,-14.732678205493,9.87537355562142,-1.2370021,-0.21410827,0.69974613,141.56938,83.66657,-5.2299423,WAL
2017942287000,230.424899,0.393524306234769,-16.2030212063363,11.2319895136068,-0.43157628,-0.13164146,0.6084218,141.22498,83.17394,-5.35025,WAL
2017947318000,230.42993,2.16459370378757,-17.1472655243704,12.0001054081032,0.46089783,-0.14782938,0.21960606,140.90425,82.622955,-5.4132085,WAL
2017952272000,230.434884,3.83872443969436,-17.8702169649475,11.9534308343362,1.0509937,-0.038789943,-0.21380283,140.62865,81.961,-5.340993,WAL
2017957306000,230.439918,5.44110799006686,-18.3122536107927,10.7700612409265,1.3799446,0.40958515,-0.44440445,140.46675,81.18483,-5.237215,WAL
2017962247000,230.444859,6.40491079089473,-18.5913392148924,9.60192989387715,1.5146403,1.0366384,-0.5702427,140.48027,80.48598,-4.813727,WAL
2017967309000,230.449921,6.06021393588781,-18.5386771183093,8.39070312218053,1.455081,1.5488489,-0.65301496,140.61081,79.737976,-4.387478,WAL
2017972301000,230.454913,5.55465137327626,-18.0279465035824,7.30413605110263,1.2690725,1.8393153,-0.698219,141.03418,79.28843,-3.7165248,WAL
2017977324000,230.459936,4.65943779625942,-16.4434187891505,6.46263543640086,1.0476339,1.9230038,-0.74220127,141.54634,78.820816,-3.086523,WAL
2017982319000,230.464931,3.72106872911418,-14.7499714890388,5.66510358382105,0.8219192,1.8472565,-0.76174897,142.13635,78.509056,-2.5186267,WAL
2017987304000,230.469916,2.52294185509374,-12.4200177959528,5.08261491330225,0.6243043,1.7107282,-0.7629707,142.72665,78.226974,-1.9788254,WAL
2017992311000,230.474923,1.356442667971,-10.1347333068914,4.55476063744432,0.47647488,1.5262468,-0.7483099,143.24657,78.006805,-1.5783335,WAL
2017997314000,230.479926,0.423213007415495,-8.19713053047428,4.38736534390777,0.33169982,1.3503176,-0.6954701,143.7234,77.8313,-1.1950707,WAL
2018002291000,230.484903,-0.505166768835706,-6.26959724679885,4.22083998393746,0.14660765,1.1884383,-0.5842926,144.07133,77.66826,-0.99752426,WAL
2018007299000,230.489911,-1.28654394489696,-4.85453874033366,4.12316786790972,-0.052839845,1.0687088,-0.44073927,144.37373,77.549995,-0.8198437,WAL
2018012253000,230.494865,-2.03148606475957,-3.55088999411187,4.03936174512267,-0.24953845,1.0115929,-0.2648101,144.6372,77.48231,-0.67954296,WAL
2018017309000,230.499921,-2.64375292938584,-3.06585898900067,3.79213833530708,-0.47036624,1.0189233,-0.0842994,144.7822,77.41595,-0.7403259,WAL
2018022301000,230.504913,-3.21174371294433,-2.79560530046948,3.50814294352783,-0.66920286,1.0494665,-0.00580322,144.90935,77.398636,-0.81947815,WAL
2018027325000,230.509937,-3.52806254269053,-3.02688713440579,3.39360208156043,-0.7819075,1.0024298,0.14355333,144.89696,77.38676,-1.0785846,WAL
2018032281000,230.514893,-3.74280413915142,-3.44682626523225,3.34588182091293,-0.99265605,0.83169305,0.26236662,144.84937,77.448746,-1.3427367,WAL
2018037305000,230.519917,-3.90525276272701,-5.7243809146905,4.04222845145003,-1.1774428,0.4813618,0.35735616,144.77034,77.47446,-1.7140337,WAL
2018042337000,230.524949,-4.04729927591518,-8.69819760477323,5.01822674092422,-1.2773192,-0.06291912,0.43676865,144.57863,77.514084,-2.0919967,WAL
2018047329000,230.529941,-4.35645263801577,-11.3575340073718,5.0839753706051,-1.2651019,-0.7309003,0.50610185,144.24115,77.55942,-2.492063,WAL
2018052307000,230.534919,-4.76158105445889,-13.8419948379236,4.63003645877956,-1.1273518,-1.4489723,0.5729916,143.73064,77.5704,-2.8785372,WAL
2018057302000,230.539914,-4.99500871582336,-15.3320246814693,3.44002925159719,-0.90224797,-2.0317378,0.6395759,142.97887,77.52899,-3.2395153,WAL
2018062321000,230.544933,-5.14577288877425,-16.3437316260834,1.88874546318613,-0.6994407,-2.186592,0.7150178,142.1524,77.4299,-3.5996077,WAL
2018067241000,230.549853,-5.22448088357856,-17.2506974685855,0.855409087917517,-0.47158796,-1.7507398,0.8173377,141.41197,77.35991,-3.9884133,WAL
2018072298000,230.55491,-5.08404390387713,-17.9112706055204,1.35474017904629,-0.1133155,-1.1230757,0.8054258,140.70049,77.190346,-4.357062,WAL
2018077321000,230.559933,-4.35159035866993,-18.1563364680685,1.7138119798533,0.5015204,-0.64934975,0.7131852,140.23322,77.147064,-4.703753,WAL
2018082310000,230.564922,-2.706788588,-17.76382732,1.85866668,1.282817,-0.657291,0.5164866,139.82146,76.96453,-5.013611,WAL
2018087242000,230.569854,-1.36558432510319,-16.4744076285178,1.34819160412758,1.7437148,-0.99204516,0.15332718,139.4629,76.71042,-5.218706,WAL
2018092310000,230.574922,-0.564251781020638,-13.3237133257036,-0.500336959174484,1.7046194,-1.3255776,-0.29871312,139.12613,76.423874,-5.3303714,WAL
2018097265000,230.579877,0.0237939217182131,-10.3134607376861,-2.08882169902635,1.1979067,-1.217149,-0.63163465,138.87355,76.26367,-5.169369,WAL
2018102307000,230.584919,-0.142138240526919,-7.52487858266514,-2.84934406118748,0.4175264,-0.7538077,-0.7742717,138.6485,76.21484,-4.9486933,WAL
2018107309000,230.589921,-0.321111423932305,-4.92188243138875,-3.43974865871578,-0.39187005,-0.45662177,-0.7877107,138.53008,76.471565,-4.604146,WAL
2018112288000,230.5949,-0.605927274962668,-3.54527260039821,-2.8084068985565,-1.0177015,-0.46914452,-0.6786713,138.45352,76.88445,-4.2715015,WAL
2018117294000,230.599906,-0.902188611725207,-2.2743010339876,-2.18975221818182,-1.4462235,-0.5555819,-0.49693888,138.43742,77.44051,-4.025275,WAL
2018122297000,230.604909,-1.28166297455234,-1.95669753519284,-1.70715980606061,-1.5995506,-0.8035932,-0.41447207,138.36726,78.09158,-3.77457,WAL
2018127341000,230.609953,-1.66424716126033,-1.63649124938017,-1.22061250909091,-1.8726074,-1.1230757,-0.2770274,138.1803,78.73281,-3.6498435,WAL
2018132313000,230.614925,-1.90972918000922,-1.58449215290917,-1.43314330810512,-2.0842721,-1.4361442,-0.17867808,137.92105,79.39459,-3.5291617,WAL
2018137244000,230.619856,-2.11873937925311,-1.60190965435685,-1.82503736348548,-2.243097,-1.6951511,-0.07696902,137.57808,80.10004,-3.4406443,WAL
2018142324000,230.624936,-2.39243325117695,-1.7444518492289,-2.34988566294643,-2.339003,-1.9083431,0.038789943,137.10414,80.71326,-3.4558468,WAL
2018147324000,230.629936,-2.69851010791396,-1.96307821895292,-2.94260608705357,-2.4168882,-2.1438315,0.19394971,136.54382,81.33506,-3.5083106,WAL
2018152310000,230.634922,-3.06032353627288,-2.42739379001664,-3.47169600249584,-2.468812,-2.3561072,0.38637227,135.9277,81.977394,-3.6368432,WAL
2018157313000,230.639925,-3.45424277437604,-3.02765154607027,-3.96878432818831,-2.4788911,-2.5573874,0.5549711,135.2434,82.57508,-3.8072612,WAL
2018162318000,230.64493,-3.75135162076469,-3.7303463115014,-4.51665058423998,-2.4706445,-2.6743681,0.68691796,134.52814,83.15366,-4.069009,WAL
2018167311000,230.649923,-3.98421849791731,-4.49831187599213,-5.09634083316755,-2.4254405,-2.651766,0.7779369,133.79422,83.612495,-4.3798075,WAL
2018172289000,230.654901,-3.98248105076142,-5.07180651916244,-5.3957163963198,-2.3344216,-2.4840834,0.87689704,133.0736,83.92301,-4.796164,WAL
2018177326000,230.659938,-3.86475764779383,-5.55682728358063,-5.56052911130418,-2.2290473,-2.2797492,0.9978484,132.37384,84.025085,-5.2590446,WAL
2018182313000,230.664925,-3.70885437227388,-6.06496027332582,-5.44753344151404,-2.0949624,-2.0705278,1.1432343,131.748,83.9154,-5.785902,WAL
2018187306000,230.669918,-3.52920935553677,-6.59042172687142,-5.16908376874237,-1.9672915,-1.8558086,1.2858714,131.19096,83.57045,-6.3572373,WAL
2018192295000,230.674907,-3.34575759601146,-7.22376287118914,-4.95546763914289,-1.8497,-1.6597209,1.4364496,130.71786,83.06001,-6.939831,WAL
2018197318000,230.67993,-3.15695332563912,-7.97387750754217,-4.80748596699905,-1.7782288,-1.4165965,1.5830573,130.33195,97.61152,-7.564592,WAL
2018202308000,230.68492,-2.88594642032748,-8.73016170946486,-4.73555325607029,-1.7009543,-1.1756102,1.7272215,130.01593,98.343445,-8.180106,WAL
2018207304000,230.689916,-2.56111513957668,-9.49447039996006,-4.71166862507987,-1.6334536,-0.9425651,1.8915442,129.78134,99.163445,-8.837385,WAL
2018212317000,230.694929,-2.17437745820999,-10.2645780029603,-4.5674102922538,-1.5372424,-0.74464476,2.0564778,129.62764,99.97021,-9.463773,WAL
2018217312000,230.699924,-1.74954482188672,-11.0339972747188,-4.34555328115256,-1.4379768,-0.6783658,2.1389446,129.51566,100.802155,-10.102713,WAL
2018222292000,230.704904,-1.31473780165036,-11.8153718840795,-3.98535628481075,-1.4071281,-0.61361414,2.1484132,129.49017,101.552505,-10.646409,WAL
2018227322000,230.709934,-0.867252319488092,-12.615132936555,-3.51882883022038,-1.3988814,-0.6273586,2.1239784,129.47023,102.303925,-11.192772,WAL
2018232309000,230.714921,-0.447859456201024,-13.1450098663564,-3.15534091850163,-1.450805,-0.6762278,2.0796907,129.47452,102.89912,-11.588324,WAL
2018237305000,230.719917,-0.0471041747231271,-13.4656145081433,-2.87035931433225,-1.5039502,-0.679893,2.0112739,129.49059,103.475655,-11.961488,WAL
2018242297000,230.724909,0.319064405442445,-13.668868265041,-2.73562694740709,-1.5222762,-0.6017023,1.8958203,129.50673,103.82092,-12.140149,WAL
2018247316000,230.729928,0.636399266347567,-13.6995776399744,-2.82263816135662,-1.5183055,-0.44135013,1.7314975,129.54288,104.14149,-12.283995,WAL
2018252310000,230.734922,0.928503064135405,-13.5905344717175,-2.83630572057444,-1.4865406,-0.21868975,1.5378532,129.60535,104.25246,-12.237095,WAL
2018257302000,230.739914,1.19939311018464,-13.3570085068875,-2.7849299644197,-1.4654657,0.0290161,1.3096951,129.71457,104.32935,-12.140127,WAL
2018262320000,230.744932,1.46817839747779,-13.0227710839375,-2.57878083253344,-1.4648548,0.23548855,1.0613784,129.87198,104.31519,-11.91376,WAL
2018267308000,230.74992,1.73158406785459,-12.5837621426529,-2.20806170127642,-1.4984524,0.27672195,0.79259765,130.04256,104.2681,-11.63321,WAL
2018272293000,230.754905,1.83400225312289,-11.6562878432297,-1.60728418249639,-1.5925257,0.06963864,0.5326745,130.19862,104.14322,-11.246805,WAL
2018277361000,230.759973,1.78729330010586,-10.2550197404485,-0.780536011610047,-1.6853772,-0.37659842,0.31887165,130.28812,104.006966,-10.829945,WAL
2018282309000,230.764921,1.52962184140491,-9.28992254654483,-0.478738242920236,-1.7540996,-0.92271197,0.1414153,130.23541,103.74551,-10.2846365,WAL
2018287305000,230.769917,1.00589652547116,-8.8162926162193,-0.802081712076908,-1.8188512,-1.4376713,-0.009468411,130.06769,103.51183,-9.742758,WAL
2018292283000,230.774895,0.48323558692501,-8.37906452827817,-1.24174710452451,-1.8616118,-1.8591684,-0.16065755,129.70366,103.42897,-9.375504,WAL
2018297316000,230.779928,-0.0468238324738165,-8.0054986954336,-1.91820381126938,-1.8548924,-2.0723603,-0.30115658,129.25731,103.34238,-8.996959,WAL
2018302309000,230.784921,-0.489895318853033,-7.76610272347875,-2.48082697826252,-1.8264871,-2.1523838,-0.3921755,128.73001,103.29433,-8.651934,WAL
2018307301000,230.789913,-0.824687533286647,-7.69823949039462,-2.90157940131542,-1.7559321,-2.083356,-0.41355577,128.19942,103.243805,-8.308251,WAL
2018312249000,230.794861,-1.11157414143005,-7.67539589483829,-3.18630882831892,-1.6542231,-2.0173824,-0.4089743,127.653015,103.421455,-8.1177845,WAL
2018317323000,230.799935,-1.30345962120628,-7.75306373114893,-3.17717143019932,-1.5888605,-1.8765781,-0.40011674,127.155525,103.59718,-7.9235864,WAL
2018322307000,230.804919,-1.49194153512129,-7.82935393536104,-3.16819610654381,-1.5653422,-1.7061466,-0.34972036,126.6868,103.90485,-7.823611,WAL
2018327306000,230.809918,-1.68099071001316,-7.9058737449229,-3.15919377047762,-1.4892895,-1.613906,-0.28710666,126.24135,104.19171,-7.731994,WAL
2018332360000,230.814972,-1.86150678999499,-7.9901020018027,-3.1392293765348,-1.4856243,-1.5674802,-0.20769419,125.83518,104.510254,-7.6611414,WAL
2018337281000,230.819893,-1.90870506942414,-8.15529580731097,-2.98819494150225,-1.493871,-1.4679092,-0.113926366,125.47902,104.82526,-7.6078014,WAL
2018342347000,230.824959,-1.93999587675181,-8.31950438604513,-2.82200357219958,-1.4718798,-1.3096951,-0.042455133,125.13221,105.16542,-7.640416,WAL
2018347271000,230.829883,-1.76188876227015,-8.40855826140543,-2.53140774868303,-1.457219,-1.1624765,0.053450707,124.8214,105.52139,-7.7022576,WAL
2018352390000,230.835002,-1.57408959428261,-8.5010963756295,-2.21207971987756,-1.4257594,-1.0363328,0.14844026,124.53691,105.85697,-7.7876277,WAL
2018357274000,230.839886,-1.3616314467167,-8.58885067166979,-1.69017167954972,-1.4138476,-0.9401216,0.23762658,124.295074,106.19917,-7.890228,WAL
2018362518000,230.84513,-1.13206185029189,-8.67995071356295,-1.12565130501537,-1.4202617,-0.89980453,0.3005457,124.075485,106.47619,-7.9746046,WAL
2018367283000,230.849895,-0.905626018272037,-8.72434986904067,-0.561781598362327,-1.4333953,-0.9428705,0.33505958,123.86718,106.753006,-8.0740185,WAL
2018372646000,230.855258,-0.654161997244486,-8.77140675748475,0.0554699774291882,-1.4566082,-1.0659598,0.34697145,123.64998,106.90688,-8.142048,WAL
2018377289000,230.859901,-0.508101078316283,-8.75054092810887,0.222396729219334,-1.4395039,-1.2379184,0.35216382,123.41161,107.0535,-8.224466,WAL
2018382300000,230.864912,-0.350463502449554,-8.72802129188175,0.402553945075551,-1.3811663,-1.3903292,0.34422258,123.089966,107.153046,-8.322886,WAL
2018387303000,230.869915,-0.270682565482846,-8.6768661648212,0.258845838239063,-1.2938126,-1.4740179,0.34697145,122.74313,107.238846,-8.432564,WAL
2018392291000,230.874903,-0.205649281340534,-8.6205042094754,0.0550748951430387,-1.1746938,-1.4495832,0.34422258,122.385605,107.29623,-8.540836,WAL
2018397314000,230.879926,-0.247511185793005,-8.5812438452623,-0.181472496346076,-1.0155635,-1.3359623,0.35063666,122.006065,107.325775,-8.648562,WAL
2018402304000,230.884916,-0.349539807254982,-8.55209272793819,-0.434114799186661,-0.86926126,-1.183246,0.3659083,121.64679,107.32671,-8.751906,WAL
2018407298000,230.88991,-0.520569749056393,-8.50066502903406,-0.585896287649358,-0.7504479,-0.99082345,0.3903429,121.35637,107.319786,-8.825989,WAL
2018412324000,230.894936,-0.726611007254792,-8.4379569562628,-0.688916921425647,-0.68508536,-0.9025534,0.42332962,121.082596,107.29221,-8.902198,WAL
2018417310000,230.899922,-0.944589452371276,-8.36090725830894,-0.759018407043224,-0.64843345,-0.7318166,0.43799037,120.88535,107.299835,-8.972825,WAL
2018422293000,230.904905,-1.17469011354916,-8.270510043482,-0.800107820018943,-0.64599,-0.6087272,0.46883908,120.70385,107.30604,-9.052997,WAL
2018427322000,230.909934,-1.40738477616827,-8.17249169945083,-0.840253419343073,-0.6542367,-0.52687126,0.51251596,120.55275,107.340294,-9.161357,WAL
2018432303000,230.914915,-1.63969204089732,-8.04892424263807,-0.874852381570822,-0.6731735,-0.49968776,0.5717699,120.42421,107.382484,-9.275673,WAL
2018437289000,230.919901,-1.84654914094939,-7.96197956028024,-0.919703932629873,-0.7284568,-0.51068336,0.6301075,120.29131,107.46512,-9.4302845,WAL
2018442320000,230.924932,-1.9843270394624,-7.97575733574493,-0.993185468912401,-0.7993172,-0.5299256,0.6872234,120.16757,107.56287,-9.595817,WAL
2018447336000,230.929948,-2.08716813814561,-8.03822607283209,-1.08147012856871,-0.88117313,-0.57787853,0.7296785,120.02183,107.712456,-9.8167715,WAL
2018452308000,230.93492,-2.03045012158376,-8.32408463656375,-1.23801175288736,-0.98746365,-0.65026605,0.76052725,119.86736,107.88743,-10.047553,WAL
2018457312000,230.939924,-1.97336706549457,-8.61178299797027,-1.39556088564894,-1.0821478,-0.72692966,0.79290307,119.67629,108.12892,-10.31891,WAL
2018462355000,230.944967,-1.91583911748142,-8.90172361279302,-1.55433791932533,-1.1664472,-0.8026769,0.816116,119.468445,108.389114,-10.594555,WAL
2018467657000,230.950269,-1.85524073159492,-9.20254448750681,-1.71108992360862,-1.2385293,-0.84757555,0.82711154,119.251205,108.663765,-10.872165,WAL
2018472328000,230.95494,-1.79952872163929,-9.3870906181988,-1.64493188224488,-1.2925909,-0.89736104,0.83658,119.00512,108.96058,-11.157693,WAL
2018477412000,230.960024,-1.73889077288861,-9.58795392978906,-1.57292428595003,-1.3231341,-0.94714653,0.8454375,118.77016,109.27039,-11.389411,WAL
2018482303000,230.964915,-1.67692904406467,-9.82416488170282,-1.44113491424478,-1.3252722,-0.9966267,0.83199847,118.52413,109.5732,-11.6157055,WAL
2018487313000,230.969925,-1.60819007015964,-10.1285803155956,-1.21527835161686,-1.3161092,-1.0341948,0.8191703,118.27204,109.87139,-11.841983,WAL
2018492295000,230.974907,-1.54586765736572,-10.4366946869438,-0.956872514781698,-1.2809844,-1.0635164,0.8026769,118.00234,110.11693,-12.040181,WAL
2018497317000,230.979929,-1.49047638024291,-10.7539356520783,-0.654738320862737,-1.2339478,-1.0922271,0.77549344,117.72408,110.344734,-12.230586,WAL
2018502309000,230.984921,-1.47832957245557,-11.0344191027868,-0.344515548875202,-1.1523973,-1.1291844,0.75594574,117.38986,110.552475,-12.4411745,WAL
2018507290000,230.989902,-1.50241178206785,-11.2848742839257,-0.026630170763328,-1.0699304,-1.1863003,0.7330383,117.04228,110.73653,-12.642934,WAL
2018512285000,230.994897,-1.47188720519581,-11.4299143197945,0.0710954428708802,-0.9486737,-1.212873,0.70463306,116.65199,110.854225,-12.848788,WAL
2018517313000,230.999925,-1.39720376138038,-11.4905949103335,-0.0082557707716169,-0.8790351,-1.2654073,0.6976081,116.240395,110.96004,-13.05608,WAL
2018522302000,231.004914,-1.23012214053069,-11.5521432823577,-0.293032433468908,-0.7107417,-1.2962561,0.6795876,115.77723,110.97569,-13.26876,WAL
2018527328000,231.00994,-0.966886993923435,-11.6155144539194,-0.790254332493417,-0.5006041,-1.29198,0.6768387,115.31165,110.96722,-13.479068,WAL
2018532313000,231.014925,-0.625184235956165,-11.6132553996446,-1.34119069110475,-0.22693644,-1.2156218,0.66767573,114.86258,110.919,-13.665622,WAL
2018537315000,231.019927,-0.209004897620693,-11.5517746023299,-1.94654246942442,0.07269296,-1.0525209,0.6291912,114.43805,110.815384,-13.830343,WAL
2018542288000,231.0249,0.275695190409899,-11.3203934026489,-2.44194128925947,0.3359759,-0.83016586,0.5830709,114.12006,110.70524,-13.926914,WAL
2018547316000,231.029928,0.838960292962104,-10.9107460465004,-2.83296827568639,0.49174652,-0.56016344,0.5198463,113.857956,110.5469,-13.989045,WAL
2018552309000,231.034921,1.29666690269347,-10.5731914890452,-3.14142933760804,0.50915617,-0.27275133,0.44104472,113.76085,110.39226,-13.934394,WAL
2018557349000,231.039961,1.62168161063317,-10.3257918186935,-3.34516989398995,0.3839288,-0.013744468,0.3640757,113.72622,110.226364,-13.8469095,WAL
2018562258000,231.04487,1.76317237799502,-10.3525212979682,-3.34346385958405,0.17745635,0.18112154,0.26389378,113.82854,110.09382,-13.64475,WAL
2018567344000,231.049956,1.67447719796818,-10.7399790562584,-3.07271030349818,-0.06169739,0.2742785,0.14385876,113.964226,109.97926,-13.409418,WAL
2018572290000,231.054902,1.46825031701342,-11.1590576090803,-2.66108142859226,-0.28924468,0.22937989,0.03481932,114.15083,109.909386,-13.109326,WAL
2018577385000,231.059997,1.0270850355629,-11.6713785331519,-1.95426816702314,-0.45662177,0.080634214,-0.06383542,114.32083,109.86396,-12.786494,WAL
2018582240000,231.064852,0.562464506006994,-12.0409417192964,-1.30807730322773,-0.5525276,-0.12339478,-0.15577064,114.40247,109.80159,-12.468504,WAL
2018587343000,231.069955,-0.0407501957416169,-12.1213703951862,-0.699835826295001,-0.5714644,-0.3454443,-0.23915374,114.426216,109.74973,-12.145986,WAL
2018592259000,231.074871,-0.569624276230702,-12.1358484360618,-0.30499511573745,-0.49541172,-0.5131268,-0.3042109,114.27849,109.61479,-11.903043,WAL
2018597355000,231.079967,-1.01505787273522,-12.0268596472473,-0.271824529816487,-0.37415496,-0.5870415,-0.34788775,114.089645,109.467285,-11.659256,WAL
2018602241000,231.084853,-1.35605091036715,-11.9658907551208,-0.301312236895652,-0.22113322,-0.56505036,-0.34055737,113.777145,109.26058,-11.521928,WAL
2018607297000,231.089909,-1.4823647873913,-12.0173517978261,-0.493122236478261,-0.08002335,-0.46670106,-0.3213151,113.46565,109.02789,-11.37921,WAL
2018612327000,231.094939,-1.53552077101041,-12.1392351668774,-0.642684436594379,0.05222898,-0.39492437,-0.27183503,113.1218,108.81418,-11.323133,WAL
2018617312000,231.099924,-1.33588681584168,-12.5060044936789,-0.647327132937859,0.09896017,-0.2602286,-0.24740042,112.82591,108.5918,-11.254609,WAL
2018622280000,231.104892,-1.12095983360747,-12.8919305618715,-0.602530866346514,0.20586158,-0.116980694,-0.23732115,112.571396,108.36691,-11.201785,WAL
2018627398000,231.11001,-0.811854367878814,-13.4015370709903,-0.285071212539458,0.3203988,-0.006414085,-0.24831672,112.34833,108.135635,-11.143406,WAL
2018632300000,231.114912,-0.51579438487728,-13.8896361541674,0.0189903785043463,0.46028697,0.02565634,-0.29993483,112.146255,107.84968,-11.039777,WAL
2018637307000,231.119919,-0.201989392880367,-14.3817554814956,0.311903333601033,0.6102544,-0.01038471,-0.3652974,111.956406,107.53859,-10.928242,WAL
2018642267000,231.124879,0.111443366343119,-14.8678032275031,0.598081078284976,0.7770206,-0.04886922,-0.44043383,111.77269,107.18966,-10.799864,WAL
2018647314000,231.129926,0.429992795801976,-15.1975894364707,0.666081767471804,0.9691377,-0.053450707,-0.54183745,111.55496,106.70719,-10.600262,WAL
2018652290000,231.134902,0.743914009272382,-15.4591907539675,0.64705620356323,1.146594,-0.056505036,-0.6597345,111.32457,106.18736,-10.381369,WAL
2018657289000,231.139901,0.978648479992115,-15.1986702237335,0.804026986713976,1.3161092,-0.061391957,-0.79717916,111.06654,105.54405,-10.086512,WAL
2018662373000,231.144985,1.18499629457914,-14.7235903167751,1.03436876585847,1.4596626,-0.081855945,-0.93645644,110.80191,104.86355,-9.765182,WAL
2018667314000,231.149926,0.896667034549527,-14.1216034097063,1.20368211836735,1.5732834,-0.1414153,-1.0806206,110.538376,104.11504,-9.367537,WAL
2018672314000,231.154926,0.393753570139373,-13.4518465655052,1.35145762857143,1.7461584,-0.18478674,-1.1945469,110.27419,103.322815,-8.947995,WAL
2018677428000,231.16004,-0.120626321259333,-12.7668192652563,1.50260242040816,1.9727893,-0.21868975,-1.2657127,109.98947,102.468956,-8.495136,WAL
2018682373000,231.164985,-0.618007737560976,-12.1044297463415,1.6487524,2.2446244,-0.22968534,-1.3127494,109.70142,101.57368,-8.026647,WAL
2018687308000,231.16992,-1.09063274591041,-11.6309585793971,1.6557308738567,2.5744915,-0.21685717,-1.3503176,109.41486,100.63175,-7.5499625,WAL
2018692290000,231.174902,-1.55659304449244,-11.2411649157667,1.59748582483801,2.91566,-0.21594086,-1.3903292,109.12702,99.65108,-7.0688004,WAL
2018697312000,231.179924,-2.12088271200409,-11.1678297897751,1.41333494875256,3.2494977,-0.20219639,-1.4065173,108.78836,98.74582,-6.7491946,WAL
2018702306000,231.184918,-2.76150450441718,-11.3634393570552,1.12481063276074,3.5280523,-0.18570304,-1.434617,108.45721,97.83566,-6.418752,WAL
2018707289000,231.189901,-3.35755058438567,-11.7146083614903,0.682235798219568,3.7229183,-0.16615535,-1.4963144,108.1146,97.03669,-6.159488,WAL
2018712343000,231.194955,-3.93113315543231,-12.1826519801858,0.122419330388699,3.8151588,-0.0693332,-1.5238034,107.80671,96.331375,-5.9033117,WAL
2018717308000,231.19992,-4.50938966885348,-12.6713843295845,-0.527478301297511,3.8114936,0.10170906,-1.557401,107.5118,95.865234,-5.7327986,WAL
2018722290000,231.204902,-5.10559888484848,-13.1930671212121,-1.28764516323232,3.7394116,0.33292156,-1.5726726,107.26889,95.56505,-5.560878,WAL
2018727370000,231.209982,-5.67252347245509,-13.5973775414246,-1.90116856997944,3.556763,0.57910025,-1.5503759,107.194374,84.542274,-5.4124217,WAL
2018732378000,231.21499,-6.19975191796407,-13.8974260719457,-2.38124657687908,3.2931745,0.73975784,-1.5143349,107.16932,84.50987,-5.267924,WAL
2018737282000,231.219894,-6.71870282436349,-14.1819001737949,-2.81731593204186,3.019507,0.7825184,-1.4752395,107.28825,84.37171,-5.1648107,WAL
2018742292000,231.224904,-7.25465530086545,-14.4522909376069,-3.18910265248063,2.7953193,0.70616025,-1.4364496,107.42268,84.18106,-5.0749826,WAL
2018747240000,231.229852,-7.73176957649663,-14.6741708063832,-3.47888346516004,2.59465,0.54092115,-1.389413,107.6263,83.96019,-5.0405674,WAL
2018752308000,231.23492,-8.10783864422101,-14.8040038878332,-3.60871673360391,2.4544566,0.36560285,-1.3390167,107.80439,83.73453,-5.017128,WAL
2018757260000,231.239872,-8.42351607994897,-14.8953676308739,-3.61204648990006,2.3582454,0.17562376,-1.2944235,107.98287,83.49873,-5.0425887,WAL
2018762342000,231.244954,-8.45973573059749,-14.791881988518,-2.92904076408675,2.3426683,-0.062002823,-1.2641857,108.09413,83.26112,-5.071663,WAL
2018767276000,231.249888,-8.30461458286703,-14.8259287398515,-2.53918764345305,2.4291058,-0.33933565,-1.260215,108.17169,82.99098,-5.1306996,WAL
2018772284000,231.254896,-7.65076105392207,-15.2114097189948,-2.85635545706583,2.479502,-0.5149594,-1.4520267,108.21125,82.76386,-5.1354017,WAL
2018777378000,231.25999,-6.94582683346073,-15.3837420303841,-3.20742140024842,2.3011293,-0.35063666,-1.68385,108.259544,82.510086,-5.127688,WAL
2018782371000,231.264983,-6.17370036365374,-15.105045231416,-3.60947525912479,1.9193386,0.0729984,-1.8182404,108.33437,82.3043,-5.0949016,WAL
2018787288000,231.2699,-5.39815609794466,-14.7307324193676,-3.78171257657115,1.4645494,0.3820962,-1.8811595,108.42225,82.26069,-4.944831,WAL
2018792291000,231.274903,-4.55542190687747,-13.9968911928854,-3.16623239330039,1.2699889,0.53786683,-1.8729129,108.58434,82.249565,-4.786314,WAL
2018797297000,231.279909,-3.70429624773537,-13.2919648718575,-2.63533349955216,1.2977833,0.56107974,-1.8194622,108.78942,82.37477,-4.5444174,WAL
2018802306000,231.284918,-2.82056997618321,-12.7060683871756,-2.44979973169466,1.4779885,0.6227771,-1.7354681,109.04224,82.49369,-4.323209,WAL
2018807297000,231.289909,-1.99251315271852,-12.2128294842003,-2.23004011137579,1.6911805,0.6951646,-1.6530013,109.256386,82.56624,-4.033227,WAL
2018812314000,231.294926,-1.33382528134176,-12.0166250286825,-1.89368891934857,1.7974709,0.90408057,-1.632232,109.52403,82.604195,-3.7626376,WAL
2018817322000,231.299934,-0.689306018068159,-11.7962645819939,-1.61232211558494,1.9489655,1.1285735,-1.6313156,109.78137,82.57831,-3.430298,WAL
2018822332000,231.304944,-0.10359123492472,-11.4643594721261,-1.57815544457782,1.9669861,1.3228287,-1.6539177,110.08851,82.540596,-3.1120305,WAL
2018827307000,231.309919,0.410856468525896,-11.1493586223108,-1.44749619165339,1.9370537,1.5225816,-1.6523905,110.41615,82.45362,-2.7453814,WAL
2018832328000,231.31494,0.67906048498008,-10.885944159761,-0.954192393535857,1.9281962,1.6826283,-1.6551393,110.78738,82.33717,-2.388697,WAL
2018837308000,231.31992,0.908660411808376,-10.6307258537557,-0.61054911504227,1.9318613,1.6658295,-1.6282613,111.18512,82.1875,-1.9770715,WAL
2018842289000,231.324901,0.996731490667574,-10.398959551064,-0.83304444617627,1.9144517,1.6392568,-1.5861117,111.62195,82.02404,-1.5871152,WAL
2018847328000,231.32994,1.06079392027574,-10.1313108105799,-1.0612172288376,1.840537,1.7330247,-1.5176947,112.1091,81.76294,-1.1790065,WAL
2018852349000,231.334961,0.98152871078975,-9.67493554443279,-1.30621872842799,1.736079,1.9538525,-1.4049901,112.61723,81.49634,-0.812386,WAL
2018857697000,231.340309,0.897101238108797,-9.1888381687397,-1.56717631054498,1.6914859,2.185065,-1.2751812,113.16932,81.231346,-0.46900356,WAL
2018862363000,231.344975,0.823440320470553,-8.76473002457665,-1.79485545754533,1.676825,2.362216,-1.1508701,113.7581,80.98187,-0.17333168,WAL
2018867321000,231.349933,0.722125400464286,-8.31667008,-2.02624709,1.6303993,2.4672847,-1.0241156,114.40241,80.73471,0.07891431,WAL
2018872355000,231.354967,0.481983384033835,-7.87716478736842,-2.19842446210526,1.5995506,2.504853,-0.9074403,115.06301,80.49291,0.2868401,WAL
2018877409000,231.360021,0.241491458994605,-7.43510581020108,-2.36786677253556,1.5876387,2.4984388,-0.81306165,115.77997,80.27398,0.45684367,WAL
2018882441000,231.365053,0.0193283332349191,-6.97187203215302,-2.43876979958803,1.5818355,2.463925,-0.7339546,116.48539,80.07186,0.5948808,WAL
2018887663000,231.370275,-0.209927935167321,-6.49562351477846,-2.51055830244906,1.575116,2.3829854,-0.6646214,117.191246,79.88142,0.6866895,WAL
2018892316000,231.374928,-0.389037858807254,-6.15823051811554,-2.53971579762572,1.563815,2.3084598,-0.6087272,117.87838,79.70464,0.7601284,WAL
2018897249000,231.379861,-0.578925942477099,-5.80053448275379,-2.57062788094971,1.5302174,2.2498167,-0.5555819,118.55851,79.53316,0.7940777,WAL
2018902341000,231.384953,-0.781756633790765,-5.46314554794056,-2.60832126850504,1.5018122,2.201253,-0.50640726,119.211914,79.37407,0.81582355,WAL
2018907286000,231.389898,-0.980121735785379,-5.14198271628603,-2.64610507303281,1.4758505,2.1743748,-0.49296826,119.84841,79.2335,0.8342465,WAL
2018912349000,231.394961,-1.1868967988254,-4.82565414931316,-2.6847299848696,1.4520267,2.1160371,-0.45937067,120.51365,79.05584,0.82425797,WAL
2018917247000,231.399859,-1.38767423406331,-4.52215366991838,-2.7220839387816,1.3976597,2.0748038,-0.4297437,121.17104,78.90287,0.81127936,WAL
2018922372000,231.404984,-1.55555304759242,-4.24340051643602,-2.69156390938389,1.3524556,2.0470095,-0.42088616,121.82106,78.75751,0.76826906,WAL
2018927376000,231.409988,-1.70999465377251,-3.97994119708057,-2.64613992151659,1.2831224,2.0518963,-0.41630468,122.46385,78.642975,0.7177845,WAL
2018932408000,231.41502,-1.86203533884514,-3.75194656010499,-2.52061058530184,1.2082914,2.0754147,-0.39553526,123.123,78.53363,0.6316225,WAL
2018937243000,231.419855,-2.00693940052493,-3.5462762223299,-2.37103210458308,1.1472049,2.0885482,-0.39736784,123.779045,78.44687,0.5496269,WAL
2018942339000,231.424951,-2.09824678719192,-3.31860852718994,-2.12146408662773,1.0549643,2.0967948,-0.41416663,124.446,78.377335,0.43868172,WAL
2018947273000,231.429885,-2.16372516228843,-3.09411142951599,-1.84551972214194,0.9275989,2.107485,-0.4266894,125.11517,78.34168,0.3249309,WAL
2018952341000,231.434953,-2.21103532116099,-2.83360750817515,-1.42841191537612,0.7761043,2.0867157,-0.43799037,125.77916,78.31054,0.19181426,WAL
2018957287000,231.439899,-2.24909244905092,-2.56720741425128,-0.966968941669177,0.5839872,2.035403,-0.44990227,126.43652,78.33258,0.062468916,WAL
2018962367000,231.444979,-2.30530624429183,-2.4030854873395,-0.499546723224843,0.40042216,1.9578232,-0.46883908,127.07469,78.34272,-0.0724632,WAL
2018967318000,231.44993,-2.36665715188614,-2.28510311298895,-0.0464942697103613,0.22693644,1.8802432,-0.4868596,127.69724,78.408714,-0.20208693,WAL
2018972310000,231.454922,-2.48595015918289,-2.29304083542108,0.5797428301561,0.07391469,1.7913623,-0.4813618,128.28064,78.4309,-0.3374338,WAL
2018977327000,231.459939,-2.62947029572172,-2.35322675527077,1.27882476902486,-0.080634214,1.690875,-0.47861293,128.83806,78.505005,-0.462735,WAL
2018982395000,231.465007,-2.71328196323529,-2.43860006011029,1.64350497086397,-0.22418754,1.5873333,-0.46609017,129.35287,78.528725,-0.5979137,WAL
2018987322000,231.469934,-2.7614691503268,-2.53497433366013,1.81216027663399,-0.37048978,1.4941764,-0.44623706,129.8391,78.59697,-0.7316716,WAL
2018992293000,231.474905,-2.75810319103023,-2.62090123647574,1.9026236941428,-0.5109888,1.398576,-0.43310347,130.2692,78.5565,-0.87874866,WAL
2018997373000,231.479985,-2.72907555777645,-2.70314611316627,1.95584088706245,-0.63346726,1.312444,-0.4147775,130.66998,78.54967,-1.0287994,WAL
2019002343000,231.484955,-2.62352749054338,-2.74222800090063,1.92467941175823,-0.7733554,1.2345587,-0.3933972,131.04158,78.54514,-1.1841984,WAL
2019007303000,231.489915,-2.4809248847193,-2.76124158240769,1.85337805921145,-0.90102625,1.1838568,-0.3857614,131.39156,78.56838,-1.3376244,WAL
2019012355000,231.494967,-2.31916423518072,-2.75474338795181,1.71906372128514,-0.9642508,1.0977248,-0.36987892,131.70967,78.58952,-1.4849333,WAL
2019017312000,231.499924,-2.15234416415663,-2.73567834789157,1.55700988539157,-1.0864239,1.0173961,-0.35735616,132.00986,78.65922,-1.6302345,WAL
2019022318000,231.50493,-2.03065227211132,-2.75796211731734,1.430540731124,-1.1939361,0.9459248,-0.3378085,132.29361,78.74175,-1.7464851,WAL
2019027392000,231.510004,-1.93030338142394,-2.80096862080834,1.32063486738126,-1.3011429,0.88056225,-0.32253686,132.55138,78.85403,-1.859912,WAL
2019032386000,231.514998,-1.90207822197957,-2.89776806251757,1.26568055665948,-1.4046847,0.8228355,-0.30940324,132.80328,79.01553,-1.9419674,WAL
2019037301000,231.519913,-1.91090195761552,-3.02129999287656,1.23920953402381,-1.4895949,0.7626653,-0.28680122,133.03079,79.19594,-2.025951,WAL
2019042293000,231.524905,-1.94323992257043,-3.24086554377968,1.26638187828427,-1.5793921,0.67073005,-0.25503623,133.24397,79.41688,-2.0904162,WAL
2019047316000,231.529928,-1.99907477857972,-3.55557120183602,1.34759621429777,-1.6639969,0.56046885,-0.22815818,133.43074,79.65368,-2.154315,WAL
2019052306000,231.534918,-2.04938484247909,-3.92126190172159,1.5396603122184,-1.7397442,0.44043383,-0.19914207,133.59862,79.904366,-2.2256608,WAL
2019057296000,231.539908,-2.09639746599115,-4.32086861249385,1.80293069952779,-1.7898352,0.3210097,-0.18081611,133.73174,80.16366,-2.2946622,WAL
2019062337000,231.544949,-2.15608443370558,-4.80274420020304,2.22092472395939,-1.8396207,0.19242255,-0.15057829,133.82404,80.41612,-2.3691535,WAL
2019067310000,231.549922,-2.22377539508629,-5.3346021073198,2.74311249373604,-1.8777997,0.052839845,-0.08124508,133.87437,80.66712,-2.4526603,WAL
2019072321000,231.554933,-2.27585746356709,-6.24796607811324,3.31521400404167,-1.91323,-0.09254608,0.022296581,133.87761,80.84385,-2.534663,WAL
2019077441000,231.560053,-2.3184252235748,-7.43040195194367,3.93008076511045,-1.9074267,-0.21288654,0.14385876,133.84277,81.00548,-2.635699,WAL
2019082326000,231.564938,-2.26510853734313,-8.97784253588361,4.53608934621177,-1.890017,-0.32650748,0.25778514,133.79541,80.972015,-2.7512581,WAL
2019087300000,231.569912,-2.13225996565957,-10.9041452069071,5.16933360037185,-1.8460348,-0.37720928,0.38698313,133.72154,80.919014,-2.9021432,WAL
2019092287000,231.574899,-1.83703421701451,-12.847534803369,6.12670395378748,-1.6859881,-0.31642818,0.5308419,133.66014,80.6467,-3.0568666,WAL
2019097314000,231.579926,-1.27089064370166,-14.8264877278313,7.62621954842674,-1.3347405,-0.1881465,0.61666846,133.59332,80.32465,-3.2315826,WAL
2019102307000,231.584919,-0.301340441959632,-16.2552107178054,8.91253872623899,-0.7189884,-0.12308934,0.5500842,133.56113,79.78999,-3.3248444,WAL
2019107302000,231.589914,1.08574019724249,-17.1346014597745,9.99137920761869,0.12858713,-0.028710667,0.40561453,133.56372,79.15,-3.4279053,WAL
2019112304000,231.594916,2.71091049068074,-17.8661436754617,10.3673244403166,0.5448918,0.07666359,-0.087659165,133.5898,78.43387,-3.3434865,WAL
2019117308000,231.59992,4.71884389108179,-18.3567469261214,9.60360154934037,1.1688906,0.34238997,-0.5946773,133.69328,77.520004,-3.2386842,WAL
2019122336000,231.604948,5.81401571222993,-18.4179947197225,8.8943116133994,1.5115861,0.88514376,-0.89980453,133.89761,76.69565,-2.9173136,WAL
2019127394000,231.610006,5.95323718729435,-18.0291347774034,8.24141073680872,1.6679676,1.4315627,-0.91629785,134.19583,75.809875,-2.5850856,WAL
2019132338000,231.61495,5.6928267310231,-17.0969704686469,7.57945780858086,1.6679676,1.7476854,-0.9092729,134.70749,75.151726,-1.954279,WAL
2019137314000,231.619926,5.00081865739745,-15.560173572843,6.88744968803395,1.5259414,1.8936822,-0.9257663,135.32072,74.495705,-1.3858097,WAL
2019142281000,231.624893,4.20841270420203,-13.8364401492445,6.22956898971228,1.3249667,1.9407189,-0.906524,136.02107,73.933685,-0.86127824,WAL
2019147317000,231.629929,3.21009372303871,-11.7249949906852,5.62558606083627,1.0977248,1.8982637,-0.87872964,136.72702,73.42683,-0.3732707,WAL
2019152260000,231.634872,2.25464763001409,-9.73499273043682,5.14317268196336,0.8597928,1.7867808,-0.818254,137.40106,72.99946,-0.01588702,WAL
2019157299000,231.639911,1.31624377234382,-7.82645162265852,4.81223785990606,0.63621616,1.643533,-0.77213365,138.04494,72.641685,0.32858336,WAL
2019162263000,231.644875,0.410997945728291,-6.11358390343137,4.53901063382353,0.4129449,1.4795157,-0.7031059,138.59903,72.337425,0.52667296,WAL
2019167313000,231.649925,-0.459882182823129,-4.80726383690476,4.398702325,0.20005837,1.3014483,-0.6093381,139.09773,72.10232,0.71444607,WAL
2019172340000,231.654952,-1.28949178908651,-3.79222647451346,4.22374646425179,0.006414085,1.138042,-0.47403142,139.4795,71.880745,0.7528195,WAL
2019177414000,231.660026,-2.0360974608809,-3.4619100194804,3.96130315761244,-0.17012598,1.0345002,-0.30543262,139.81213,71.72152,0.76611894,WAL
2019182316000,231.664928,-2.75426724320464,-3.2666051305869,3.7050623924335,-0.33658674,0.9801333,-0.11636983,140.06018,71.58327,0.6084925,WAL
2019187309000,231.669921,-3.46699336672187,-3.81104880698685,3.4278911480178,-0.52870387,0.98715824,0.06505715,140.2708,71.50581,0.41265452,WAL
2019192283000,231.674895,-4.06108368592731,-4.49567281267474,3.27580346803355,-0.72601336,0.9819659,0.2321288,140.40068,71.47335,0.08290144,WAL
2019197317000,231.679929,-4.20585739739049,-5.74871417806772,3.61028068325567,-0.9062186,0.8481864,0.34513888,140.47667,71.48293,-0.26753265,WAL
2019202287000,231.684899,-4.28818981578441,-7.15297328700674,4.06612233439846,-1.0262536,0.72051555,0.42424592,140.52666,71.55225,-0.7354898,WAL
2019207293000,231.689905,-4.2097483493744,-9.01249414533205,4.85976393820982,-1.0412198,0.3231477,0.45265114,140.45726,71.626785,-1.1820515,WAL
2019212311000,231.694923,-4.16621481013844,-10.9639873184039,5.61091490384772,-0.9798279,-0.20433442,0.50426924,140.30617,71.7089,-1.6512833,WAL
2019217308000,231.69992,-4.26364033845684,-13.2583529507329,6.18085281519748,-0.77182823,-0.786489,0.56413406,140.02573,71.73399,-2.084137,WAL
2019222324000,231.704936,-4.37318788566195,-15.2820801679374,6.32491123914249,-0.45845437,-1.2400564,0.6032294,139.6312,71.682816,-2.4623735,WAL
2019227385000,231.709997,-4.52196630161402,-16.4147173346866,5.07709094428161,-0.1328632,-1.3616186,0.64996064,139.16533,71.5547,-2.8262062,WAL
2019232403000,231.715015,-4.6196102022083,-17.4077429656819,4.0397775502835,0.19303341,-1.1163563,0.66798115,138.72917,71.36366,-3.1749253,WAL
2019237304000,231.719916,-4.55424632622103,-17.9586664573759,3.67093866462747,0.5842926,-0.8454375,0.6291912,138.27586,71.06359,-3.4974468,WAL
2019242291000,231.724903,-4.29141746533942,-18.3180898457803,3.24988665848305,1.0842859,-0.75716746,0.5225952,137.93527,70.85846,-3.7724135,WAL
2019247318000,231.72993,-3.23945232088958,-17.8739270321453,2.64208452294843,1.5271631,-0.9236283,0.2706133,137.62137,70.57031,-3.9851031,WAL
2019252304000,231.734916,-2.25900163696008,-17.0423851161135,1.88923918980279,1.7067575,-1.1716396,-0.07727446,137.37442,70.30348,-4.1057253,WAL
2019257293000,231.739905,-1.65228807511303,-13.8847171917268,0.243758522847523,1.5479325,-1.2483032,-0.44073927,137.15834,70.031265,-4.147114,WAL
2019262359000,231.744971,-1.10281375327756,-10.7062222225798,-1.36401664468144,1.0757337,-0.9202685,-0.66737026,137.07309,69.8995,-4.02758,WAL
2019267313000,231.749925,-1.3732464964972,-7.93646733014618,-2.17095305883975,0.3032946,-0.47678033,-0.7654142,137.02133,69.91138,-3.8564146,WAL
2019272314000,231.754926,-1.64624491168521,-5.14043498919739,-2.98554510712513,-0.56016344,-0.29657507,-0.7290677,137.007,70.15595,-3.6149464,WAL
2019277383000,231.759995,-1.72633080597252,-3.23298218155391,-2.56109729809725,-1.187522,-0.38148534,-0.6200282,137.03958,70.55071,-3.389631,WAL
2019282439000,231.765051,-1.78695084087993,-1.46752879247174,-1.9819620367736,-1.5586227,-0.60994893,-0.44165558,137.06757,71.10548,-3.2016466,WAL
2019287307000,231.769919,-2.01485132520623,-0.788575253235564,-1.19380615424381,-1.8124372,-0.904386,-0.2932153,136.9965,71.771774,-3.0753431,WAL
2019292524000,231.775136,-2.25716975912402,-0.121760396575702,-0.413962274549869,-2.0418172,-1.2180653,-0.16279559,136.7911,72.39823,-3.0050933,WAL
2019297318000,231.77993,-2.45781115974556,-0.206475660823541,-0.440714461299408,-2.2308798,-1.5280794,-0.050701816,136.49236,73.0794,-2.952248,WAL
2019302662000,231.785274,-2.67955634599263,-0.323364522604308,-0.507611635101882,-2.3463335,-1.7944167,0.0852157,136.06018,73.65891,-2.9756527,WAL
2019307296000,231.789908,-2.83457677550941,-0.861630097465554,-1.28702025519891,-2.3765712,-1.9141463,0.15454891,135.57779,74.261345,-3.0080001,WAL
2019312250000,231.794862,-3.00030211168252,-1.43706550054337,-2.12025079122841,-2.3655756,-2.1499403,0.28924468,134.96736,74.864746,-3.1074917,WAL
2019317319000,231.799931,-3.18847098694273,-2.30787731234844,-3.0002012874557,-2.3252585,-2.3521366,0.41386122,134.32756,75.45604,-3.2297413,WAL
2019322317000,231.804929,-3.37596637474352,-3.1962480855997,-3.87071523502145,-2.2742512,-2.557082,0.54305923,133.61078,76.02122,-3.3864636,WAL
2019327309000,231.809921,-3.62233717116161,-4.19778754081546,-4.64518738283075,-2.2299635,-2.6700919,0.66675943,132.88437,76.693375,-3.5904713,WAL
2019332250000,231.814862,-3.88360159609259,-5.222747888299,-5.38376179870461,-2.1945333,-2.645352,0.79168135,132.13142,77.32453,-3.8410094,WAL
2019337280000,231.819892,-3.93358083278948,-5.974275,-5.7862701546722,-2.1557434,-2.4587326,0.88270026,131.42679,78.06751,-4.1402473,WAL
2019342257000,231.824869,-3.95243329342431,-6.6765297,-6.13504107012756,-2.1038198,-2.1600194,1.0033462,130.75542,78.74204,-4.504117,WAL
2019347278000,231.82989,-3.75146438629593,-7.33052253530288,-5.64869939309831,-2.058616,-1.8191566,1.1337659,130.1771,79.45476,-4.936127,WAL
2019352247000,231.834859,-3.51518256428997,-7.96848326720953,-5.02491536129096,-2.0277672,-1.4740179,1.2730432,129.68579,80.05677,-5.42852,WAL
2019357278000,231.83989,-2.91657168142645,-9.08090481426449,-4.74653858751857,-1.9990565,-1.185384,1.4071281,129.30307,80.590034,-5.957503,WAL
2019362245000,231.844857,-2.25688677230312,-10.2683381230312,-4.5392089223477,-1.9822577,-0.9370673,1.5351044,129.01279,80.95794,-6.5389476,WAL
2019367276000,231.849888,-1.70235888479081,-10.804203828793,-4.01881761624577,-1.9382755,-0.7144069,1.6646078,128.80595,81.109695,-7.1182995,WAL
2019372292000,231.854904,-1.17460806354524,-11.1910617067011,-3.43136656697156,-1.8527542,-0.59589905,1.7580702,128.64915,81.09458,-7.7241955,WAL
2019377290000,231.859902,-0.648751084959634,-11.5765313386359,-2.84602359562537,-1.7391334,-0.5516113,1.8506162,128.59323,81.04228,-8.202205,WAL
2019382284000,231.864896,-0.123314960298469,-11.9616924714655,-2.26114908604096,-1.5864171,-0.66828656,1.8839084,128.5327,80.86947,-8.682502,WAL
2019387306000,231.869918,0.202128250875645,-12.1708154853868,-1.78746577329513,-1.4828753,-0.86559606,1.8698585,128.49702,80.69399,-9.045853,WAL
2019392309000,231.874921,0.476699969618911,-12.3355589713467,-1.34357481332378,-1.4373659,-1.0919216,1.8173242,128.42422,80.46537,-9.400222,WAL
2019397322000,231.879934,0.717885491652927,-12.4322473204864,-1.35043635807914,-1.4291192,-1.1963795,1.7418822,128.37662,80.29635,-9.623169,WAL
2019402305000,231.884917,0.944099056914674,-12.5010947777205,-1.53730840917148,-1.466382,-1.3326025,1.6869044,128.25627,80.12458,-9.832409,WAL
2019407289000,231.889901,0.974111884056894,-12.4512587808504,-1.52912910721578,-1.4712689,-1.3161092,1.5943583,128.19864,80.046936,-9.922296,WAL
2019412314000,231.894926,0.945492519278422,-12.3654004623848,-1.46235064750719,-1.4737124,-1.1936307,1.4999796,128.13208,79.98153,-9.99836,WAL
2019417315000,231.899927,0.9420476445704,-12.1895975448088,-1.5974835400506,-1.4657712,-1.0522153,1.3487904,128.08447,79.99797,-9.992372,WAL
2019422277000,231.904889,0.946671569996108,-11.9861444398171,-1.79631242992118,-1.4724907,-0.9263771,1.1914927,128.06847,80.03348,-9.963733,WAL
2019427424000,231.910036,0.968307772129152,-11.8490432276225,-2.01953180671082,-1.5033394,-0.80573124,1.0192287,128.09378,80.104935,-9.894953,WAL
2019432366000,231.914978,0.995966437825071,-11.7476284971267,-2.24080103600857,-1.496009,-0.5491679,0.8668178,128.19489,99.795334,-9.794254,WAL
2019437285000,231.919897,0.952461832973633,-11.4781574631986,-2.00834101888425,-1.4159856,-0.3213151,0.6786713,128.30377,99.65629,-9.647938,WAL
2019442302000,231.924914,0.869310433513183,-11.1113127684007,-1.52410644055787,-1.3787229,-0.28955013,0.46944994,128.42973,99.482346,-9.458889,WAL
2019447304000,231.929916,0.681820174772637,-10.6272334701463,-1.16348168192962,-1.4288138,-0.4804455,0.28924468,128.54752,99.29277,-9.238588,WAL
2019452278000,231.93489,0.446376140454725,-10.0904210597074,-0.862113286140767,-1.5399913,-0.84696466,0.13836098,128.62201,99.074326,-8.976023,WAL
2019457292000,231.939904,0.140294664836951,-9.50486432451184,-0.939815169759143,-1.6914859,-1.29198,-0.013439035,128.63013,98.81774,-8.683773,WAL
2019462336000,231.944948,-0.20443621279215,-8.89200957537913,-1.22230301739518,-1.8270979,-1.6673567,-0.14294247,128.55476,98.55024,-8.369992,WAL
2019467279000,231.949891,-0.527418961599365,-8.44164687994841,-1.63786488090088,-1.9236146,-1.9037615,-0.21410827,128.3544,98.34199,-8.110807,WAL
2019472341000,231.954953,-0.849674379370969,-8.06648382389126,-2.14289196743725,-1.9715676,-2.0045543,-0.24617869,128.0934,98.134705,-7.840596,WAL
2019477308000,231.95992,-1.07962032474023,-7.80540548837209,-2.50162208055418,-1.9538525,-1.9795089,-0.2501493,127.74774,98.05895,-7.659589,WAL
2019482335000,231.964947,-1.26066132473033,-7.60530750697674,-2.78271207124196,-1.8930714,-1.8649716,-0.2434298,127.40834,98.000015,-7.480947,WAL
2019487316000,231.969928,-1.37298020423566,-7.54687853530997,-2.99252533926646,-1.8173242,-1.6954565,-0.20952678,127.03168,98.096275,-7.3851466,WAL
2019492300000,231.974912,-1.44190218806315,-7.5790421277628,-3.15793814843088,-1.7198911,-1.4727961,-0.14660765,126.709236,98.219826,-7.3025746,WAL
2019497307000,231.979919,-1.43390276989422,-7.66858499548413,-3.13976265008137,-1.6300939,-1.3545936,-0.06047566,126.38935,98.44374,-7.2797403,WAL
2019502310000,231.984922,-1.3559325007323,-7.80990621010984,-2.95458315905208,-1.582141,-1.138042,-0.009773844,126.16573,98.6882,-7.262189,WAL
2019507290000,231.989902,-1.26324409107041,-8.01929189133753,-2.69290175611524,-1.5048665,-0.9972375,0.09285152,125.953865,98.992744,-7.2953253,WAL
2019512334000,231.994946,-1.15725050870063,-8.28658010160275,-2.36570428036634,-1.432479,-0.95569867,0.17715092,125.77935,99.309425,-7.337151,WAL
2019517304000,231.999916,-0.996728796728097,-8.5082222733813,-2.03400354692027,-1.3921618,-0.94714653,0.22815818,125.650375,99.6026,-7.3848777,WAL
2019522316000,232.004928,-0.769671514615157,-8.68324564028777,-1.688687267823,-1.3701707,-0.9483683,0.26236662,125.53536,99.90288,-7.4509263,WAL
2019527330000,232.009942,-0.53831095416621,-8.83742667360731,-1.34472005669406,-1.366811,-0.97035944,0.28893927,125.44567,100.149666,-7.530259,WAL
2019532343000,232.014955,-0.301556573560731,-8.96457237689498,-1.00274148302283,-1.3594806,-1.0094548,0.3145956,125.3546,100.3938,-7.617398,WAL
2019537250000,232.019862,-0.0827756068526282,-9.0477381847791,-0.682618455485327,-1.3603969,-1.0980303,0.3036,125.29549,100.53828,-7.6781726,WAL
2019542294000,232.024906,0.0989603366666667,-8.99581366666667,-0.402225873333333,-1.368949,-1.2452488,0.2950479,125.20889,100.685104,-7.7473187,WAL
2019547242000,232.029854,0.254968050870573,-8.91469292026701,-0.267561916906175,-1.3530666,-1.3921618,0.26633725,125.07128,100.79516,-7.798912,WAL
2019552306000,232.034918,0.37636778861209,-8.7798044114593,-0.370976520139996,-1.3264939,-1.5131133,0.24740042,124.90025,100.90255,-7.8538723,WAL
2019557261000,232.039873,0.468193708953248,-8.6402134087712,-0.524996833971866,-1.2705997,-1.5653422,0.24465153,124.66024,100.999306,-7.8971543,WAL
2019562359000,232.044971,0.463143804586264,-8.46851658647083,-0.878490756609433,-1.1927143,-1.5775595,0.23640485,124.39986,101.07891,-7.936901,WAL
2019567244000,232.049856,0.418931251766321,-8.31837152776083,-1.19384624975595,-1.110553,-1.5418239,0.2406809,124.138824,101.164604,-7.961764,WAL
2019572317000,232.054929,0.270721544899329,-8.19980343624161,-1.46062368187919,-1.0580186,-1.4767667,0.2489276,123.88689,101.23775,-7.9858055,WAL
2019577381000,232.059993,0.108058533424023,-8.11014979797395,-1.62194514995658,-1.0280862,-1.3933836,0.2657264,123.684715,101.33587,-8.013239,WAL
2019582353000,232.064965,-0.0802917971152919,-8.07799225470333,-1.57600612450555,-1.0088439,-1.3069462,0.27947086,123.50609,101.424675,-8.040041,WAL
2019587289000,232.069901,-0.282244349087397,-8.09656040878803,-1.49710425055529,-1.0308352,-1.2486086,0.31795537,123.3418,101.57038,-8.091658,WAL
2019592297000,232.074909,-0.532352985533559,-8.26793170226943,-1.31647021250604,-1.0852021,-1.1630874,0.34666604,123.21386,101.716194,-8.139154,WAL
2019597305000,232.079917,-0.779299659459973,-8.43718196824491,-1.12319979273626,-1.1297953,-1.1172725,0.37904188,123.06059,101.90779,-8.2418785,WAL
2019602306000,232.084918,-1.0115276892375,-8.59655401502187,-0.872757767208595,-1.1478158,-1.031446,0.3979787,122.94728,102.1018,-8.340614,WAL
2019607334000,232.089946,-1.245953250938,-8.74530181939587,-0.621943257412825,-1.1847731,-0.93645644,0.4474588,122.802,102.33203,-8.4968405,WAL
2019612345000,232.094957,-1.4900963408903,-8.76564695739269,-0.382886494448331,-1.2055426,-0.8720101,0.50915617,122.67682,102.56073,-8.654636,WAL
2019617304000,232.099916,-1.73062787769055,-8.75576831163669,-0.181611958603796,-1.2116512,-0.8197812,0.591623,122.54237,102.79321,-8.869336,WAL
2019622288000,232.1049,-1.96778782538011,-8.61821575593759,-0.129436779027129,-1.1939361,-0.7816021,0.675617,122.42649,103.02924,-9.092515,WAL
2019627370000,232.109982,-2.18901286046721,-8.47224543122118,-0.0934962882193704,-1.1557571,-0.79045963,0.75533485,122.24444,103.31385,-9.392362,WAL
2019632324000,232.114936,-2.31744419291157,-8.30575993833968,-0.131550031435733,-1.106277,-0.83016586,0.8378017,122.069595,103.5998,-9.706065,WAL
2019637306000,232.119918,-2.42466128390191,-8.17506808948878,-0.180097571658262,-1.0531317,-0.8970556,0.9129381,121.8677,103.90106,-10.072395,WAL
2019642297000,232.124909,-2.43411402963512,-8.20815240344112,-0.274625098083655,-1.0149527,-0.990518,0.97310835,121.65004,104.2,-10.448601,WAL
2019647312000,232.129924,-2.42983461287461,-8.26992373718607,-0.405508166735132,-0.9947941,-1.0852021,1.0070114,121.379364,104.54973,-10.867104,WAL
2019652307000,232.134919,-2.35391131238913,-8.47982985659602,-0.722599608598637,-0.9755518,-1.1417072,1.0228939,121.09599,104.88997,-11.286251,WAL
2019657574000,232.140186,-2.26583222645689,-8.70987454983956,-1.05659009550771,-0.97158116,-1.176221,1.0348058,120.782555,105.24728,-11.701128,WAL
2019662288000,232.1449,-2.08826134555429,-9.02296007349136,-1.350983957758,-0.9465357,-1.1484267,1.0311406,120.47321,105.58495,-12.102517,WAL
2019667269000,232.149881,-1.89239315159007,-9.36738608502406,-1.6457611285175,-0.9266826,-1.0836749,1.0180069,120.20061,105.936806,-12.470799,WAL
2019672305000,232.154917,-1.59656681145607,-9.8771179627253,-1.75043816896291,-0.8927795,-1.024421,0.9984592,119.93738,106.26641,-12.823175,WAL
2019677784000,232.160396,-1.27038906547373,-10.4275762125976,-1.85602717364423,-0.87109387,-0.98990715,0.9673051,119.732254,106.56991,-13.106848,WAL
2019682494000,232.165106,-0.927733752791728,-10.8416174143279,-1.82747258744461,-0.8885035,-0.94806284,0.92149025,119.54783,106.855255,-13.368537,WAL
2019687316000,232.169928,-0.578871844983941,-11.2432429703608,-1.7983720645222,-0.88361657,-0.90133166,0.85918194,119.38752,107.10447,-13.558526,WAL
2019692296000,232.174908,-0.243208938152062,-11.3756172744845,-1.77000615631443,-0.86193085,-0.87781334,0.79290307,119.232994,107.33348,-13.728224,WAL
2019697411000,232.180023,0.114193645367433,-11.4957589521351,-1.76160211712811,-0.7690793,-0.8127562,0.72112644,119.10836,107.50931,-13.830195,WAL
2019702307000,232.184919,0.61145775600244,-11.4165489782262,-2.00803390269357,-0.625526,-0.70157874,0.68661255,119.00407,107.66047,-13.91851,WAL
2019707300000,232.189912,1.11857370869864,-11.3357696890662,-2.25934801734397,-0.53023106,-0.5720753,0.61666846,118.924644,107.760956,-13.93178,WAL
2019712388000,232.195,1.19569313130774,-11.0664535083145,-2.28389238723055,-0.3436117,-0.42852196,0.5510005,118.87992,107.810875,-13.930086,WAL
2019717645000,232.200257,1.22819803112935,-10.7781226749044,-2.28238612863937,-0.13591751,-0.24831672,0.47128254,118.87835,107.8197,-13.89657,WAL
2019722310000,232.204922,1.06571024716031,-10.6572986093444,-2.13656383203395,-0.021991149,-0.05589417,0.376293,118.977,107.782265,-13.754973,WAL
2019727376000,232.209988,0.889255131707545,-10.5260885951693,-1.97820675709223,-0.015882496,0.057421334,0.2959642,119.09499,107.7362,-13.602659,WAL
2019732374000,232.214986,0.499251527126769,-10.7141827588594,-1.80777043821676,-0.11178834,0.07727446,0.19608775,119.232315,107.6664,-13.416946,WAL
2019737241000,232.219853,0.0802931977477012,-10.9549632403141,-1.63922395034611,-0.26206118,-0.012217305,0.1337795,119.365585,107.60081,-13.22396,WAL
2019742305000,232.224917,-0.395732970068493,-11.1968289897757,-1.48689669681358,-0.44440445,-0.12583824,0.08399397,119.456406,107.558784,-13.052991,WAL
2019747252000,232.229864,-0.866017492054795,-11.4319715773278,-1.34110854788565,-0.5870415,-0.21319197,0.043676864,119.52434,107.53032,-12.875326,WAL
2019752307000,232.234919,-1.27692091819631,-11.4466684284006,-1.13713300047633,-0.6765333,-0.24984388,0.025350908,119.519356,107.54524,-12.766434,WAL
2019757271000,232.239883,-1.67012064433483,-11.4277191560538,-0.928689748203288,-0.6713409,-0.26358834,0.005192355,119.49304,107.561844,-12.653071,WAL
2019762289000,232.244901,-1.92619810252215,-11.3846564533061,-0.722131723531016,-0.56382865,-0.28344148,-0.004276057,119.40004,107.604324,-12.623248,WAL
2019767272000,232.249884,-2.1585539028143,-11.3381853320674,-0.517658639654299,-0.4343252,-0.31948254,-0.004581489,119.29849,107.63778,-12.593876,WAL
2019772319000,232.254931,-2.23715381359157,-11.5439566580154,-0.398367698233974,-0.30024028,-0.3622431,0.0143553335,119.14045,107.67668,-12.648131,WAL
2019777370000,232.259982,-2.27963125003415,-11.8082611122061,-0.299253490950337,-0.21563543,-0.37751472,0.01985312,118.9805,107.695274,-12.697908,WAL
2019782367000,232.264979,-2.16177818159604,-12.3008117575008,-0.189157487225487,-0.17165314,-0.42577308,0.035124753,118.76343,107.70675,-12.805487,WAL
2019787268000,232.26988,-2.0020828434684,-12.8476474394267,-0.0778546301721827,-0.10629055,-0.44348818,0.046120327,118.55239,107.69761,-12.909137,WAL
2019792291000,232.274903,-1.69031671778017,-13.570903075431,0.0431575476616379,-0.06169739,-0.45020768,0.03940081,118.3055,107.685326,-13.024381,WAL
2019797294000,232.279906,-1.34768037170846,-14.3265805438871,0.165192406684953,-0.04153884,-0.41996986,0.024740042,118.066154,107.66656,-13.135354,WAL
2019802308000,232.28492,-0.989966222782678,-14.8779972560698,0.27367402282529,0.06078109,-0.376293,-0.033292156,117.819435,107.56795,-13.191725,WAL
2019807312000,232.289924,-0.629040858676048,-15.3718951801605,0.378152420308195,0.22418754,-0.40194935,-0.119729586,117.56111,107.4481,-13.235854,WAL
2019812345000,232.294957,-0.22504166256451,-15.7327774485907,0.221524957371973,0.3924809,-0.45020768,-0.21166481,117.29848,107.243614,-13.202676,WAL
2019817334000,232.299946,0.187497638328702,-16.0504796027193,-0.0108247598938071,0.5726862,-0.4783075,-0.3155119,117.03129,106.99262,-13.142446,WAL
2019822317000,232.304929,0.549626634277977,-16.1972946004449,-0.224431110566786,0.7498371,-0.46211955,-0.44348818,116.76592,106.63683,-12.991746,WAL
2019827440000,232.310052,0.90552648353806,-16.2922011608473,-0.437971020122836,0.9221011,-0.40469822,-0.5684101,116.502525,106.23909,-12.815328,WAL
2019832330000,232.314942,1.10135966773288,-16.1365587940516,-0.507264437514029,1.0781772,-0.35155296,-0.7134906,116.28598,105.7688,-12.538836,WAL
2019837303000,232.319915,1.23944325455481,-15.8737549067527,-0.520627375023382,1.2211196,-0.30757064,-0.86132,116.08,105.25599,-12.231238,WAL
2019842308000,232.32492,1.18846298333793,-15.3423970146419,-0.44888247706313,1.3732251,-0.2669481,-0.9850202,115.92708,104.68368,-11.843728,WAL
2019847318000,232.32993,0.979744448441379,-14.5889743440849,-0.306342990983554,1.536326,-0.22968534,-1.1047498,115.78126,104.06856,-11.424867,WAL
2019852307000,232.334919,0.699783685637422,-13.7032592571773,-0.163113333451114,1.7599027,-0.20922135,-1.2034045,115.65288,103.406944,-10.975198,WAL
2019857299000,232.339911,0.383051127323831,-12.7482628982132,-0.0191439983296527,2.0399845,-0.1695151,-1.2709051,115.539215,102.70751,-10.510343,WAL
2019862327000,232.344939,0.00475486599221792,-11.9286772529183,0.0569689573229572,2.3408356,-0.070249505,-1.3130548,115.428345,101.998726,-10.07274,WAL
2019867314000,232.349926,-0.39943575963035,-11.1853377363813,0.0987817796595331,2.6752844,0.083383106,-1.3341297,115.34614,101.255486,-9.629946,WAL
2019872329000,232.354941,-0.988416058446434,-10.8072563537395,0.337099169922033,3.0149255,0.21777347,-1.3860532,115.264114,100.524734,-9.232551,WAL
2019877403000,232.360015,-1.69936927053614,-10.657582144961,0.701930426836077,3.292869,0.27458394,-1.4398094,115.20704,99.79298,-8.836135,WAL
2019882321000,232.364933,-2.29744816008023,-10.7796197482041,0.895597158531579,3.4910948,0.27977628,-1.5091426,115.15595,99.13761,-8.503739,WAL
2019887310000,232.369922,-2.8278767876481,-11.1272958927605,0.958000523742887,3.6004398,0.3118467,-1.5558738,115.131645,98.52593,-8.17026,WAL
2019892289000,232.374901,-3.37470051640916,-11.6203398350559,0.912756933551412,3.619682,0.3390302,-1.5748106,115.02692,98.117516,-7.9773493,WAL
2019897316000,232.379928,-3.95436128854555,-12.3487625800746,0.697307876735216,3.588528,0.4089743,-1.582141,114.945595,97.80234,-7.7808237,WAL
2019902309000,232.384921,-4.48279179473391,-12.9945315592087,0.366840543733631,3.4440582,0.4474588,-1.5952746,114.83105,82.30198,-7.6933556,WAL
2019907292000,232.389904,-4.96589875870716,-13.566282099192,-0.071944794215659,3.2265902,0.43890667,-1.5864171,114.72287,82.314804,-7.611983,WAL
2019912337000,232.394949,-5.46150546488913,-14.1113228841536,-0.565682165713359,2.950479,0.34116822,-1.5781704,114.627045,82.23457,-7.5652924,WAL
2019917310000,232.399922,-5.96119933637642,-14.5904107845322,-1.13749682311952,2.688418,0.19150625,-1.568702,114.513954,82.11639,-7.5195274,WAL
2019922339000,232.404951,-6.35571008508906,-14.9700760916491,-1.52446684294197,2.4810293,-0.05375614,-1.534188,114.40401,81.96322,-7.509552,WAL
2019927346000,232.409958,-6.64501451631871,-15.2501962118368,-1.73111285839877,2.3383923,-0.37568212,-1.5008959,114.228775,81.81194,-7.4945188,WAL
2019932366000,232.414978,-6.8857554632062,-15.40695313196,-2.13148700348766,2.2672265,-0.7144069,-1.4318681,114.04346,81.64371,-7.5205283,WAL
2019937307000,232.419919,-7.05947414027126,-15.4021280232511,-2.77328052758515,2.264783,-0.87689704,-1.3768903,113.81656,81.47686,-7.5433235,WAL
2019942285000,232.424897,-7.20560546711818,-15.559008367393,-3.84842214801728,2.3631322,-0.80878556,-1.3548992,113.591385,81.294586,-7.571296,WAL
2019947323000,232.429935,-7.31926359766392,-15.9094544759521,-5.44437430663526,2.4211645,-0.12339478,-1.5131133,113.502144,81.147804,-7.5675855,WAL
2019952295000,232.434907,-7.19235729383978,-15.959786873807,-6.21078416890003,2.0867157,0.7965683,-1.720502,113.59541,81.09584,-7.513605,WAL
2019957291000,232.439903,-6.74032982907548,-15.6092350901379,-5.88329499624024,1.6951511,1.3814718,-1.8240436,113.78791,81.05682,-7.452029,WAL
2019962280000,232.444892,-6.12005515162959,-15.1219545612002,-5.26903950683911,1.4941764,1.4767667,-1.7968601,114.24177,81.165146,-7.3332562,WAL
2019967315000,232.449927,-5.17213448194516,-14.3686070774961,-4.10160028676668,1.3991868,1.2947289,-1.738217,114.76773,81.333595,-7.20046,WAL
2019972335000,232.454947,-4.20585639739475,-13.5647210073304,-3.18147211229321,1.3701707,1.0213667,-1.6502525,115.27125,81.519745,-7.0388074,WAL
2019977344000,232.459956,-3.21271365627538,-12.6903748758791,-2.59699093103517,1.459357,0.87872964,-1.5711454,115.745186,81.687325,-6.8911443,WAL
2019982241000,232.464853,-2.30764925543557,-12.0006663187823,-2.2841335290829,1.5879441,1.0009027,-1.5143349,116.12541,81.826225,-6.709824,WAL
2019987310000,232.469922,-1.47579731762589,-11.5498863503733,-2.37243069532836,1.7330247,1.1166617,-1.5103643,116.45685,81.93727,-6.5364256,WAL
2019992264000,232.474876,-0.742152555511482,-11.1643639993041,-2.29495484272791,1.9049833,1.38025,-1.5250251,116.82447,82.03505,-6.3004084,WAL
2019997317000,232.479929,-0.179291651869967,-10.8997714580972,-1.83312018711602,1.9761491,1.5506815,-1.536937,117.19428,82.1136,-6.073885,WAL
2020002241000,232.484853,0.353002842095339,-10.6676915691356,-1.49732283191839,2.044566,1.7602082,-1.5451837,117.665375,82.214485,-5.759984,WAL
2020007292000,232.489904,0.858149313053568,-10.4946320601431,-1.44119543811642,2.0613647,1.9776763,-1.5213599,118.18142,82.291084,-5.465756,WAL
2020012329000,232.494941,1.26695912919421,-10.3227826417355,-1.33923027853719,2.1111503,2.0992384,-1.4410311,118.71691,82.31242,-5.123033,WAL
2020017313000,232.499925,1.3606456632438,-10.1551328268595,-1.08775605050413,2.1493294,2.133447,-1.3610078,119.28096,82.30537,-4.8011765,WAL
2020022363000,232.504975,1.38583847079689,-9.9769605728863,-1.0416187542585,2.1270328,2.2418754,-1.2983941,119.90678,82.28232,-4.443526,WAL
2020027334000,232.509946,1.25167098756074,-9.7826495451895,-1.47187983801361,2.1056526,2.4288,-1.2119566,120.552925,82.21181,-4.1299095,WAL
2020032319000,232.514931,1.09926485608306,-9.52770378806785,-1.82819077222655,2.065641,2.564107,-1.1114693,121.2198,82.08412,-3.826514,WAL
2020037308000,232.51992,0.889668347923572,-9.08056429830376,-1.94463324433613,2.0305161,2.622139,-1.006095,121.90372,81.935745,-3.5616307,WAL
2020042278000,232.52489,0.686133256181681,-8.63778865039578,-2.06957751390878,1.9843957,2.6349673,-0.9049969,122.63406,81.80593,-3.330794,WAL
2020047319000,232.529931,0.504163103273652,-8.2010604848285,-2.23789998111572,1.9657644,2.6254988,-0.8145888,123.358986,81.66686,-3.1329854,WAL
2020052379000,232.534991,0.292345319855624,-7.74134771014535,-2.40588622839723,1.9315559,2.6477954,-0.7110472,124.110435,81.50769,-2.9779575,WAL
2020057288000,232.5399,-0.262577885919422,-7.03966781595942,-2.55722886428641,1.9230038,2.6160305,-0.6236934,124.82785,81.34555,-2.8437965,WAL
2020062636000,232.545248,-0.840684623424124,-6.30874943715953,-2.70579569915694,1.928807,2.5454755,-0.5671884,125.57655,81.156166,-2.734259,WAL
2020067313000,232.549925,-1.04816440273485,-6.04732502545859,-2.65185104943487,1.9010127,2.4743097,-0.5299256,126.30063,80.981415,-2.642919,WAL
2020073413000,232.556025,-1.31698651740549,-5.71036093920553,-2.5874287802725,1.8478674,2.357329,-0.5164866,127.06049,80.74564,-2.611057,WAL
2020077372000,232.559984,-1.4734177679716,-5.53210200690846,-2.60561845173671,1.7849482,2.2562308,-0.49266282,127.79563,80.52499,-2.5921023,WAL
2020082325000,232.564937,-1.66912476066014,-5.30908697996546,-2.62837506774132,1.7110336,2.1917844,-0.46944994,128.52197,80.28844,-2.602584,WAL
2020087310000,232.569922,-1.82283445529647,-5.11405320852765,-2.58458305962692,1.6493362,2.1700988,-0.45845437,129.22641,80.07309,-2.6160483,WAL
2020092273000,232.574885,-1.96306671978681,-4.92858476015989,-2.52125226049301,1.5836681,2.1108449,-0.45204028,129.89638,79.885994,-2.6316645,WAL
2020097316000,232.579928,-2.11976832544744,-4.77283936988274,-2.50283858656655,1.5567901,2.0528126,-0.44165558,130.57376,79.688675,-2.67856,WAL
2020102286000,232.584898,-2.2813289057807,-4.63575744538161,-2.50773435862991,1.488984,2.0140228,-0.42943826,131.23595,79.52784,-2.7275972,WAL
2020107291000,232.589903,-2.40458461668948,-4.46895487543997,-2.32398702130426,1.4223998,2.0164661,-0.43676865,131.90161,79.35195,-2.797652,WAL
2020112336000,232.594948,-2.51323190770434,-4.289450934298,-2.06417825189675,1.3677273,1.9932534,-0.44990227,132.5461,79.19794,-2.8683746,WAL
2020117309000,232.599921,-2.61227198784878,-4.07408724982498,-1.71330693714371,1.2687671,1.9709567,-0.46578476,133.20079,79.06527,-2.962567,WAL
2020122392000,232.605004,-2.70963957506751,-3.83553650355036,-1.30923161794179,1.1468995,1.958434,-0.49418998,133.85086,78.962166,-3.0508919,WAL
2020127359000,232.609971,-2.72095672939596,-3.66708592377351,-0.922285901007065,0.9987647,1.9559906,-0.51343226,134.48706,78.84676,-3.1569562,WAL
2020132393000,232.615005,-2.69457075965768,-3.5255609675092,-0.533691869071549,0.8359691,1.9480493,-0.53878313,135.11786,78.776596,-3.2542937,WAL
2020137310000,232.619922,-2.66879805143298,-3.38732532786844,-0.154129522026072,0.6771441,1.9205604,-0.55741453,135.72441,78.67448,-3.3664498,WAL
2020142307000,232.624919,-2.64260601909643,-3.24684058284406,0.231608336055329,0.5311473,1.865277,-0.5830709,136.32024,78.619415,-3.4694068,WAL
2020147312000,232.629924,-2.617167,-3.20463710938345,0.513509400677773,0.39400807,1.7925841,-0.59681535,136.90698,78.603386,-3.570387,WAL
2020152306000,232.634918,-2.592197,-3.21371706844179,0.740509145115573,0.24831672,1.7150042,-0.6044512,137.47514,78.63328,-3.663515,WAL
2020157305000,232.639917,-2.567202,-3.22280611836822,0.967736162024776,0.11362094,1.6270396,-0.6246097,137.97217,78.56256,-3.7360997,WAL
2020162329000,232.644941,-2.542082,-3.23194062263515,1.196099541291,-0.008246681,1.527774,-0.6252206,138.43996,78.527336,-3.80844,WAL
2020167315000,232.649927,-2.52599897963438,-3.25746261678426,1.31248736611075,-0.12705997,1.4511104,-0.60994893,138.89519,78.52055,-3.8798926,WAL
2020172376000,232.654988,-2.5208173791533,-3.30409664237759,1.29176107239684,-0.22479841,1.3839152,-0.5830709,139.32106,78.53951,-3.9504077,WAL
2020177390000,232.660002,-2.47684898277294,-3.31757178888449,1.22191031867089,-0.3210097,1.3454307,-0.548557,139.69916,78.495636,-4.0056553,WAL
2020182328000,232.66494,-2.40669935043513,-3.30821840039557,1.11902411962025,-0.41905355,1.3048081,-0.52015173,140.05215,78.47573,-4.0634475,WAL
2020187306000,232.669918,-2.3114525707138,-3.27347235000483,0.965761752361634,-0.50762904,1.2837334,-0.49632803,140.40718,78.468155,-4.1303906,WAL
2020192290000,232.674902,-2.19619416476384,-3.21814840950449,0.77212764769632,-0.5543602,1.251052,-0.4783075,140.7418,78.47186,-4.200794,WAL
2020197311000,232.679923,-2.0606980452158,-3.16800267084691,0.60715435875,-0.6377433,1.2321151,-0.44135013,141.08429,78.51816,-4.274632,WAL
2020202307000,232.684919,-1.90484873043567,-3.12417009397394,0.47565651625,-0.7348709,1.185384,-0.41386122,141.405,78.57739,-4.347135,WAL
2020207290000,232.689902,-1.79384083004713,-3.12408304721554,0.409447396976051,-0.8384125,1.1371256,-0.3827071,141.73862,78.68898,-4.4160523,WAL
2020212333000,232.694945,-1.72416327495431,-3.16588955116861,0.404802229870155,-0.9392053,1.0693196,-0.35430184,142.04842,78.81942,-4.4874215,WAL
2020217290000,232.699902,-1.69783591663358,-3.22192452056372,0.508981238951965,-1.0433578,0.9810496,-0.31245756,142.35033,78.996574,-4.5431986,WAL
2020222391000,232.705003,-1.72692558920206,-3.29949708199682,0.761091926921397,-1.1716396,0.8561276,-0.2761111,142.61821,79.19923,-4.5986953,WAL
2020227363000,232.709975,-1.77574520599782,-3.37097626515317,1.04766868485179,-1.2782356,0.70921457,-0.23304509,142.85913,79.40953,-4.6476464,WAL
2020232326000,232.714938,-1.85113680218103,-3.43694381955983,1.38693086275602,-1.3933836,0.54061574,-0.20647246,143.05458,79.6468,-4.6936307,WAL
2020237243000,232.719855,-1.92318916744365,-3.54473387840493,1.71206589450973,-1.5082263,0.38056904,-0.1518,143.19934,79.81979,-4.748105,WAL
2020242295000,232.724907,-1.99309192309767,-3.72182093076479,2.02895840951647,-1.6319265,0.22602014,-0.09621128,143.294,80.01398,-4.8019724,WAL
2020247248000,232.72986,-2.06950563909662,-3.92782536784744,2.39202534695905,-1.7687603,0.07666359,-0.01863139,143.33331,80.10546,-4.8715115,WAL
2020252308000,232.73492,-2.16486987675007,-4.20937678889514,2.87792864486927,-1.8918496,-0.045814894,0.102319926,143.32965,80.20466,-4.96328,WAL
2020257263000,232.739875,-2.23914741533985,-4.6622347540636,3.38160301169196,-1.9776763,-0.108123146,0.2489276,143.29433,80.192314,-5.078502,WAL
2020262318000,232.74493,-2.22908490775307,-5.92004914805654,4.0205727162752,-2.0140228,-0.10995574,0.38728857,143.23393,80.178024,-5.2230253,WAL
2020267263000,232.749875,-2.13138557543042,-7.40226551860442,4.72058977612923,-1.9669861,-0.03023783,0.52626044,143.17793,79.94823,-5.4038887,WAL
2020272320000,232.754932,-1.77824052566336,-9.64375526337857,5.65250028144622,-1.8035797,0.14172074,0.66675943,143.13403,79.68724,-5.628293,WAL
2020277390000,232.760002,-1.24807374527168,-11.8261385884393,6.85283086473988,-1.4547756,0.36132678,0.72784597,143.10278,79.28187,-5.8395863,WAL
2020282323000,232.764935,-0.342367122807322,-13.8059496638728,8.60962851897881,-0.8167268,0.5045747,0.643852,143.08937,78.793,-6.052166,WAL
2020287294000,232.769906,0.717725637195674,-15.5898305579154,10.2071468385447,0.016798794,0.49266282,0.52870387,143.10062,78.19134,-6.2138176,WAL
2020292294000,232.774906,2.32327683680236,-16.6115449138643,11.1817776153392,0.419359,0.43066,0.13194689,143.15213,77.635216,-6.273391,WAL
2020297308000,232.77992,3.88893626157006,-17.5381967219266,11.8724966579856,1.0213667,0.48441613,-0.24556783,143.19496,76.87525,-6.168085,WAL
2020302304000,232.784916,5.25110799650891,-18.0250052271073,11.2829667925884,1.317331,0.677755,-0.50488013,143.28603,76.15997,-6.0006046,WAL
2020307469000,232.790081,6.53864906611465,-18.489852543949,10.6146807146497,1.348485,1.0277808,-0.63529986,143.50063,75.49293,-5.529215,WAL
2020312346000,232.794958,6.25107443133758,-18.4501873127389,9.25118023757962,1.2476922,1.3643675,-0.69974613,143.79063,74.806244,-5.05514,WAL
2020317311000,232.799923,5.85246785013512,-18.1638050460414,7.93289540952858,1.0228939,1.5656476,-0.7339546,144.28069,74.37474,-4.379305,WAL
2020322344000,232.804956,4.87794938401561,-16.5476488497648,6.97285008021219,0.79381937,1.5980235,-0.77091193,144.82272,73.95738,-3.745728,WAL
2020327328000,232.80994,3.70376973636207,-14.5906381891449,6.05894232926051,0.61391956,1.4969252,-0.77732605,145.44774,73.72695,-3.1775436,WAL
2020332276000,232.814888,1.4712408889723,-10.8288674993528,5.33929917209423,0.4636467,1.3182472,-0.7846564,146.05687,73.53966,-2.6278806,WAL
2020337279000,232.819891,-0.786103861126931,-7.02528246276642,4.61165674782121,0.3042109,1.1319333,-0.7788532,146.609,73.403275,-2.2197325,WAL
2020342280000,232.824892,-1.49575392938128,-5.77780229993719,4.37013288561034,0.13805555,0.97035944,-0.7431176,147.11302,73.30511,-1.8190962,WAL
2020347471000,232.830083,-1.91471466466709,-5.00753909082915,4.21920295744347,-0.057421334,0.84849185,-0.63529986,147.56729,73.25273,-1.4407403,WAL
2020352263000,232.834875,-2.30147248464196,-4.2964812410804,4.07987407750209,-0.25045475,0.7693848,-0.4810564,147.80988,73.10004,-1.4647989,WAL
2020357585000,232.840197,-2.77477648373055,-3.56789159649399,3.89564016072484,-0.43768495,0.7370089,-0.31215215,148.0245,73.002205,-1.5209465,WAL
2020362274000,232.844886,-3.69907046434902,-3.63422843202679,3.39147988742367,-0.6258314,0.75777835,-0.11759156,148.21315,72.95598,-1.6242359,WAL
2020367631000,232.850243,-4.70475657109959,-3.74908541506787,2.85585878265975,-0.8023715,0.7583892,0.05131268,148.34132,72.92015,-1.9015176,WAL
2020372288000,232.8549,-4.74896802822937,-4.49387899182553,3.05651088693762,-0.97005403,0.6957755,0.21594086,148.4294,72.92177,-2.224234,WAL
2020377285000,232.859897,-4.79640729197804,-5.29304873695287,3.27181227518682,-1.1239921,0.5329799,0.3484986,148.40135,72.9727,-2.6815507,WAL
2020382273000,232.864885,-4.8562310288844,-6.46341171903079,3.62640458685512,-1.2434162,0.408058,0.45631635,148.35173,73.036255,-3.1763678,WAL
2020387301000,232.869913,-4.93887480039374,-8.31074460504795,4.2340797834629,-1.2932017,0.035430185,0.49693888,148.1808,73.09903,-3.656206,WAL
2020392289000,232.874901,-5.14012667486345,-10.4735325932312,4.63773967344972,-1.2904528,-0.46303585,0.5580254,147.93764,73.15278,-4.1535006,WAL
2020397321000,232.879933,-5.53754219993574,-13.1935056321088,4.72031955221163,-1.1887437,-1.0458013,0.61453044,147.56311,73.166595,-4.621298,WAL
2020402306000,232.884918,-5.69483514626806,-15.1390243449925,4.0634491449726,-1.0033462,-1.5690074,0.6630942,147.07254,73.12387,-5.054325,WAL
2020407294000,232.889906,-5.63295183617339,-16.3909705919283,2.72105850373692,-0.7699956,-1.7910569,0.7031059,146.5035,73.01945,-5.4703274,WAL
2020412322000,232.894934,-5.53581708041734,-17.3340825337079,2.01707067953451,-0.50610185,-1.5528195,0.79137594,145.96141,72.93979,-5.9038725,WAL
2020417313000,232.899925,-5.40634859769262,-17.9670387703652,1.935553499689,-0.121256754,-1.1410962,0.80909103,145.4187,72.759,-6.310802,WAL
2020422304000,232.904916,-4.60907339970772,-18.4315498000779,1.85043422839049,0.47158796,-0.7318166,0.7339546,145.04848,72.69323,-6.6496024,WAL
2020427377000,232.909989,-3.16540055234801,-18.7439515060405,1.76050052526306,1.1404854,-0.55833083,0.5928447,144.73676,72.50284,-6.976491,WAL
2020432390000,232.915002,-1.63532141363409,-17.4537550258077,0.988817485045514,1.5296066,-0.6627888,0.2742785,144.51402,72.30816,-7.193793,WAL
2020437305000,232.919917,-0.0250441576072823,-14.4874544421326,-0.494332659297789,1.5042557,-0.89552844,-0.21533,144.3329,72.08917,-7.3173623,WAL
2020442269000,232.924881,1.05421844682586,-11.4389237382062,-1.71471143220734,1.070236,-0.8530733,-0.5308419,144.29262,72.008606,-7.2252755,WAL
2020447317000,232.929929,1.50002054707824,-8.27607513211027,-2.62508628408076,0.35918877,-0.5833763,-0.7272351,144.27942,72.04869,-7.039071,WAL
2020452266000,232.934878,1.65413438542894,-5.6888948136123,-3.08834758405073,-0.3866777,-0.5729916,-0.820392,144.27151,72.37132,-6.628148,WAL
2020457285000,232.939897,1.38051397395386,-3.84555701453111,-2.905933876151,-1.0064005,-0.79137594,-0.7641924,144.27362,72.84466,-6.217042,WAL
2020462262000,232.944874,0.969414446671813,-2.37959664086655,-2.59496247230532,-1.389413,-1.0839803,-0.64568454,144.23921,73.46454,-5.7782583,WAL
2020467312000,232.949924,0.334718790201679,-1.45555448270771,-2.07693885221461,-1.7009543,-1.3976597,-0.5103779,144.12749,74.22175,-5.3443794,WAL
2020472261000,232.954873,-0.299524470653753,-0.796382212267958,-1.83233917514124,-1.9813415,-1.7327193,-0.40133846,143.86946,74.962814,-4.97905,WAL
2020477309000,232.959921,-0.972590750266344,-0.650063446973366,-2.14448596271186,-2.180789,-1.9859229,-0.32070425,143.53618,75.75818,-4.630352,WAL
2020482243000,232.964855,-1.57187258809312,-0.602786161744106,-2.54984264561507,-2.262034,-2.0659463,-0.2733622,143.09068,76.458565,-4.4058285,WAL
2020487304000,232.969916,-2.06912974248792,-0.746225695748249,-3.16663261187728,-2.269059,-2.1450534,-0.14813483,142.5624,77.17897,-4.215812,WAL
2020492253000,232.974865,-2.54911225392923,-1.02086395944461,-3.74273269476425,-2.2757785,-2.1884248,0.0290161,141.99266,77.90667,-4.160236,WAL
2020497310000,232.979922,-3.02542611518658,-1.60458189846688,-4.2704137490888,-2.2635612,-2.2681427,0.24190263,141.37967,78.60997,-4.1541667,WAL
2020502261000,232.984873,-3.46679933030607,-2.21790286552935,-4.76596788329152,-2.2290473,-2.3576343,0.4251622,140.7405,79.33471,-4.2730107,WAL
2020507293000,232.989905,-3.83433332801806,-2.97715092124436,-5.20120553475163,-2.1713204,-2.4199426,0.56779927,140.07793,80.005714,-4.4519086,WAL
2020512292000,232.994904,-4.09531613267961,-3.66401105255153,-5.5413392386632,-2.0906863,-2.3988678,0.6737844,139.40823,80.6493,-4.756142,WAL
2020517310000,232.999922,-4.04242227536522,-4.14967231298779,-5.60385014268561,-1.9975294,-2.2748623,0.79076505,138.74724,81.186646,-5.119863,WAL
2020522320000,233.004932,-3.95481068698907,-4.64227810381168,-5.54769052181621,-1.9272798,-2.091908,0.92087936,138.11494,81.630394,-5.5814605,WAL
2020527307000,233.009919,-3.76665151590663,-5.15501223795922,-5.14785203767359,-1.8594738,-1.919644,1.0800097,137.51816,81.90142,-6.0996165,WAL
2020532330000,233.014942,-3.57134487270469,-5.75795617023052,-4.75838644887719,-1.7889189,-1.752267,1.2596041,136.98859,82.01064,-6.6542487,WAL
2020537345000,233.019957,-3.35659468942766,-6.65513468712242,-4.4147859463434,-1.7284433,-1.57084,1.4486669,136.51965,81.91884,-7.2678905,WAL
2020542304000,233.024916,-3.12024887609431,-7.59638374084759,-4.10885185029845,-1.6694947,-1.3570372,1.6383406,136.11954,81.64525,-7.8962364,WAL
2020547362000,233.029974,-2.78774540587943,-8.76255535537207,-3.92573413569439,-1.6114625,-1.1242975,1.8167132,135.78699,81.20395,-8.578555,WAL
2020552325000,233.034937,-2.41771943037975,-9.90629753164557,-3.77701978481013,-1.5735888,-0.850019,2.0140228,135.5526,80.66438,-9.253891,WAL
2020557337000,233.039949,-1.87233110465464,-11.0592673432672,-3.7483151571215,-1.5158621,-0.59589905,2.2226331,135.39087,80.00742,-9.977741,WAL
2020562350000,233.044962,-1.34632004986084,-12.2243195502982,-3.65628770648111,-1.4703526,-0.4120286,2.3704627,135.32999,100.621956,-10.621596,WAL
2020567318000,233.04993,-0.90175822417495,-13.4255826910537,-3.3157722455666,-1.462106,-0.3313944,2.417194,135.32281,101.30548,-11.283297,WAL
2020572304000,233.054916,-0.472668983958672,-14.5221782967091,-2.97386826240314,-1.4767667,-0.36682457,2.361605,135.3869,101.84927,-11.7796,WAL
2020577376000,233.059988,-0.114861223690807,-15.1355630161198,-2.62535417427533,-1.5283848,-0.43066,2.2275202,135.471,102.39462,-12.255225,WAL
2020582366000,233.064978,0.24416644277648,-15.6351524458969,-2.31856006746856,-1.563815,-0.44929138,2.1465805,135.58844,102.77903,-12.571644,WAL
2020587304000,233.069916,0.660209880565634,-15.2285110052687,-2.32796224625478,-1.5806139,-0.3998113,1.9727893,135.70447,103.107635,-12.820563,WAL
2020592294000,233.074906,1.08063449671952,-14.8175873947512,-2.3374634354292,-1.577254,-0.25381452,1.7580702,135.85432,103.28003,-12.925981,WAL
2020597319000,233.079931,1.50400798292659,-14.4037815545007,-2.34703126621104,-1.5690074,-0.023518313,1.5066991,136.03743,103.405914,-12.975723,WAL
2020602345000,233.084957,1.91733380842187,-13.9674565877766,-2.33753912637684,-1.5488489,0.23762658,1.2492194,136.26427,103.47705,-12.962383,WAL
2020607301000,233.089913,2.19954672847256,-13.2596113829808,-2.0923377051467,-1.5170839,0.44073927,0.96669424,136.53299,103.48467,-12.875454,WAL
2020612611000,233.095223,2.48006094457898,-12.5037258778206,-1.79054661947716,-1.4825699,0.453262,0.64996064,136.84683,103.314545,-12.594449,WAL
2020617312000,233.099924,2.47593133470006,-11.8636421678591,-1.0720014990066,-1.4804319,0.17806722,0.35277468,137.126,103.09575,-12.253618,WAL
2020623531000,233.106143,2.44245069709016,-10.9612121221311,-0.200610551446721,-1.4700472,-0.6429357,-0.0076358155,137.25716,102.71803,-11.786402,WAL
2020627354000,233.109966,2.16860995132172,-9.90336216987705,-0.380670196878074,-1.5176947,-0.93676186,-0.09621128,137.46239,102.36821,-11.325372,WAL
2020632247000,233.114859,1.81812531385246,-8.54943598196721,-0.61112581945082,-1.5021176,-1.4511104,-0.23884831,137.3271,101.888954,-10.816698,WAL
2020637305000,233.119917,0.725710954370629,-8.12401250874126,-1.19540981993007,-1.4367551,-1.8093829,-0.36896262,137.1628,101.417656,-10.31077,WAL
2020642276000,233.124888,-0.453349653117716,-7.84658619376457,-1.81961842511655,-1.3640621,-1.988061,-0.505491,136.91322,100.9332,-9.791817,WAL
2020647313000,233.129925,-1.05160874409881,-7.6590797410796,-2.33581212772187,-1.3185526,-2.03693,-0.589485,136.60847,100.54075,-9.358706,WAL
2020652241000,233.134853,-1.50738567251194,-7.49595928402968,-2.81557734980177,-1.2641857,-1.9898936,-0.6252206,136.29367,100.1354,-8.917109,WAL
2020657297000,233.139909,-1.80452600352364,-7.50926912246077,-3.04176420645037,-1.2363913,-1.8967366,-0.6035349,135.86002,100.06529,-8.712859,WAL
2020662294000,233.144906,-2.06713819816116,-7.55534139510927,-3.21683889062289,-1.2266175,-1.7547104,-0.5403103,135.4614,100.00351,-8.51486,WAL
2020667312000,233.149924,-2.21667801507425,-7.69464597114038,-3.14108791378537,-1.241889,-1.5732834,-0.44348818,135.06995,100.102165,-8.4158745,WAL
2020672290000,233.154902,-2.33244406214626,-7.8593900148501,-2.99415415633698,-1.2571607,-1.396438,-0.30940324,134.72388,100.23519,-8.34714,WAL
2020677382000,233.159994,-2.4275966839049,-8.11379180875237,-2.7528756232064,-1.276403,-1.2751812,-0.16584991,134.40315,100.4622,-8.351704,WAL
2020682377000,233.164989,-2.50811192228067,-8.41069217062908,-2.46603992885546,-1.3289373,-1.235475,-0.09437868,134.11374,100.71926,-8.374772,WAL
2020687306000,233.169918,-2.5007047758317,-8.67805638923679,-2.19430325575342,-1.3530666,-1.1459832,0.022296581,133.87317,101.014206,-8.469037,WAL
2020692321000,233.174933,-2.46310969584149,-8.94122170381605,-1.92173903623288,-1.3970488,-1.0558805,0.096516706,133.64774,101.3287,-8.571292,WAL
2020697319000,233.179931,-2.24341490534045,-9.05890489052069,-1.44956285193591,-1.4318681,-0.93401295,0.13500121,133.46332,101.62678,-8.706947,WAL
2020702307000,233.184919,-1.94415273243299,-9.11287026589299,-0.890285977333881,-1.4440855,-0.8680395,0.19425514,133.29471,101.943565,-8.866477,WAL
2020707289000,233.189901,-1.67916484030672,-9.0674133366103,-0.387802280228077,-1.4272866,-0.9117164,0.2611449,133.15016,102.20112,-9.027529,WAL
2020712415000,233.195027,-1.41855747843099,-8.98537012426268,0.109282186551317,-1.4040737,-1.0464121,0.2938262,133.0006,102.45764,-9.193253,WAL
2020717312000,233.199924,-1.21982457465261,-8.88558799425012,0.229632285543843,-1.3515394,-1.2296717,0.30909783,132.90546,102.53606,-9.322465,WAL
2020722294000,233.204906,-1.03693370751318,-8.77585365539051,0.215915466927647,-1.2672399,-1.378112,0.31245756,132.7783,102.607765,-9.45724,WAL
2020727310000,233.209922,-0.872481728729395,-8.60869941988328,0.0578255940360397,-1.1368202,-1.4856243,0.30757064,132.5629,102.65174,-9.5918865,WAL
2020732316000,233.214928,-0.720317677741374,-8.40745022422443,-0.187600308707894,-0.977079,-1.5467108,0.3051272,132.31621,102.67745,-9.729007,WAL
2020737308000,233.21992,-0.664070423869445,-8.22473636111876,-0.444720850180889,-0.79809546,-1.5280794,0.31642818,132.07152,102.66387,-9.8370495,WAL
2020742308000,233.22492,-0.654655559535981,-8.05056102686787,-0.708337228474243,-0.6582073,-1.4596626,0.3323107,131.82253,102.634,-9.944533,WAL
2020747318000,233.22993,-0.70568734929315,-7.90233428440567,-0.892200084703083,-0.5497787,-1.3570372,0.35002577,131.58055,102.63389,-10.041114,WAL
2020752306000,233.234918,-0.790930108337464,-7.76973453260633,-1.02953571181917,-0.50976706,-1.2333369,0.37201694,131.365,102.6291,-10.138737,WAL
2020757278000,233.23989,-0.916950465060066,-7.66023226457954,-1.15952228736804,-0.50488013,-1.1273518,0.4111123,131.18213,102.64719,-10.232388,WAL
2020762340000,233.244952,-1.071366452581,-7.56317067193302,-1.28746696326902,-0.5177083,-1.0198395,0.44348818,131.03563,102.66679,-10.32431,WAL
2020767310000,233.249922,-1.20934665389923,-7.47240806196947,-1.37886400071085,-0.5687156,-0.906524,0.4868596,130.91382,102.74407,-10.444803,WAL
2020772308000,233.25492,-1.32943418402676,-7.38734623997491,-1.42389683757056,-0.63132924,-0.8258898,0.54367006,130.8148,102.834785,-10.572654,WAL
2020777387000,233.259999,-1.41388483949995,-7.30501440407299,-1.47387052344994,-0.70616025,-0.75686204,0.5928447,130.72498,102.9798,-10.724295,WAL
2020782325000,233.264937,-1.46156125688073,-7.22873203669725,-1.52631458256881,-0.79809546,-0.72295904,0.6221663,130.64946,103.141556,-10.880203,WAL
2020787302000,233.269914,-1.46580523621571,-7.24565625108322,-1.59096717072989,-0.84757555,-0.66339964,0.68416905,130.58519,103.345215,-11.066339,WAL
2020792311000,233.274923,-1.4301230390516,-7.34824243403068,-1.66679178730823,-0.9459248,-0.62796944,0.7415904,130.52502,103.570145,-11.253522,WAL
2020797312000,233.279924,-1.36035895525003,-7.49592799800403,-1.746501870241,-1.0348058,-0.6035349,0.79381937,130.46887,103.82937,-11.458803,WAL
2020802309000,233.284921,-1.23334104039707,-7.7194797403546,-1.83287410539335,-1.1154399,-0.5830709,0.8527679,130.42511,104.109055,-11.674219,WAL
2020807287000,233.289899,-1.12337528405432,-7.96881374180407,-1.89280243262852,-1.1979067,-0.5928447,0.89858276,130.38226,104.40453,-11.879606,WAL
2020812331000,233.294943,-1.0296693099709,-8.24993185974782,-1.92559953823472,-1.2556335,-0.64873886,0.9251554,130.33498,104.70828,-12.090094,WAL
2020817263000,233.299875,-0.955012856428571,-8.55523562142857,-1.918302825,-1.325883,-0.7333437,0.9492846,130.28401,105.02315,-12.280038,WAL
2020822318000,233.30493,-0.902183643184524,-8.91063170922619,-1.855868309375,-1.3796391,-0.84421575,0.96577793,130.21252,105.33936,-12.472456,WAL
2020827341000,233.309953,-0.855708053008788,-9.3064961309371,-1.72095985813173,-1.4135422,-0.9621128,0.95478237,130.1182,105.64448,-12.637746,WAL
2020832378000,233.31499,-0.817601320125407,-9.76377684595635,-1.48279272165498,-1.430341,-1.0433578,0.9300423,130.00589,105.947105,-12.802098,WAL
2020837238000,233.31985,-0.815138570288809,-10.1918473940718,-1.20228506733802,-1.4465289,-1.1136073,0.88697636,129.863,106.21923,-12.942954,WAL
2020842313000,233.324925,-0.87054685232852,-10.616644565362,-0.823661813965419,-1.4477507,-1.1597277,0.83016586,129.70526,106.47508,-13.072422,WAL
2020847245000,233.329857,-0.945076620786698,-10.9869033620903,-0.46664663607601,-1.4541647,-1.1780536,0.7770206,129.50589,106.71754,-13.201006,WAL
2020852307000,233.334919,-1.07864966603895,-11.2494434510214,-0.130411089491687,-1.4266758,-1.1551461,0.7293731,129.30637,106.93598,-13.3135395,WAL
2020857272000,233.339884,-1.20680459135107,-11.4852333555556,0.167962302253521,-1.3637567,-1.1383474,0.6976081,129.05807,107.102905,-13.431014,WAL
2020862345000,233.344957,-1.32338377207094,-11.6170186222222,0.314953549014085,-1.2140946,-1.1523973,0.70646566,128.81061,107.243546,-13.545902,WAL
2020867271000,233.349883,-1.40417467123343,-11.7365405251105,0.3755789695681,-0.9651671,-1.1667526,0.7495316,128.5105,107.36595,-13.7048,WAL
2020872324000,233.354936,-1.38959304094014,-11.8337513937324,0.190878187227802,-0.63346726,-1.1676689,0.786489,128.21304,107.44522,-13.8617935,WAL
2020877384000,233.359996,-1.31605872203538,-11.9157837245334,-0.0829797567534992,-0.2510656,-1.1456778,0.78801614,127.88783,107.49672,-14.051315,WAL
2020882400000,233.365012,-1.09193467106337,-11.9578068637247,-0.582589709459565,0.086437434,-1.0445796,0.7812967,127.58805,107.50746,-14.239645,WAL
2020887304000,233.369916,-0.825765170256009,-11.9336070783662,-1.09011837193668,0.20066923,-0.83077675,0.74006325,127.3459,107.50305,-14.401231,WAL
2020892308000,233.37492,-0.376229823001759,-11.6620131936682,-1.68013353812781,0.3277292,-0.5311473,0.66950834,127.15641,107.4397,-14.53878,WAL
2020897322000,233.379934,0.0645175304396738,-11.4005952143996,-2.26885753722696,0.32162055,-0.2134974,0.589485,127.10255,107.38548,-14.597513,WAL
2020902307000,233.384919,0.453887856398238,-11.1947208364114,-2.84172418501922,0.17379116,0.094989546,0.5039638,127.1287,107.32023,-14.620672,WAL
2020907535000,233.390147,0.843511823453608,-11.0041210451031,-3.41086118015464,-0.038789943,0.33353242,0.43401974,127.3189,107.25612,-14.536671,WAL
2020912334000,233.394946,0.976769519566151,-11.1324432748067,-3.55398980908505,-0.27214047,0.45998153,0.37415496,127.55964,107.203896,-14.425914,WAL
2020917302000,233.399914,1.06174096410691,-11.2953023516505,-3.59455752724643,-0.47861293,0.49235737,0.31642818,127.93329,107.18031,-14.225217,WAL
2020922300000,233.404912,0.880344169193178,-11.6103597827865,-3.09332960557495,-0.63041294,0.43249258,0.23304509,128.30783,107.1724,-14.003575,WAL
2020927418000,233.41003,0.690819675048762,-11.8884018308327,-2.53455257550638,-0.7174612,0.2919936,0.14294247,128.67857,107.18574,-13.750509,WAL
2020932311000,233.414923,0.493082514692423,-11.9587084228245,-1.80072797469055,-0.7510588,0.10415252,0.06688975,129.01,107.21019,-13.489471,WAL
2020937529000,233.420141,0.280703255628768,-12.0321457619249,-1.03951151772078,-0.70066243,-0.07574729,0.00061086525,129.22044,107.20972,-13.261307,WAL
2020942301000,233.424913,0.068030276070862,-12.0804804944474,-0.604498596959281,-0.58459806,-0.22479841,-0.028099801,129.38135,107.20146,-13.03715,WAL
2020947302000,233.429914,-0.141335162671031,-12.1603156215195,-0.198663555217039,-0.42485678,-0.3436117,-0.03390302,129.3893,107.142685,-12.880664,WAL
2020952306000,233.434918,-0.265051330139222,-12.425421968191,-0.110294864036511,-0.25503623,-0.4089743,-0.040317107,129.36853,107.056496,-12.725569,WAL
2020957844000,233.440456,-0.390339127272339,-12.7408101441672,-0.0233885274412455,-0.09315695,-0.44073927,-0.04520403,129.26132,106.928474,-12.622741,WAL
2020962374000,233.444986,-0.362582931367029,-13.245047738537,-0.0742748878891022,0.023823744,-0.43035457,-0.06688975,129.1478,106.77465,-12.517344,WAL
2020967283000,233.449895,-0.325152252145851,-13.786876314097,-0.131724401392478,0.15302174,-0.37568212,-0.10995574,129.0093,106.59382,-12.42833,WAL
2020972318000,233.45493,-0.209784218251699,-14.2944952900756,-0.214789387376782,0.28191432,-0.26511553,-0.18081611,128.88904,106.384834,-12.324042,WAL
2020977764000,233.460376,-0.0805085336342716,-14.8326964047668,-0.296418609336347,0.41874814,-0.14385876,-0.2657264,128.7898,106.134705,-12.18852,WAL
2020982314000,233.464926,0.0672167071403328,-15.1863418126156,-0.291942080571194,0.5674938,-0.08399397,-0.31612277,128.70473,105.85766,-12.04394,WAL
2020987409000,233.470021,0.233622727765137,-15.5743926513653,-0.271421177690938,0.64476824,0.03940081,-0.4016439,128.68369,105.53089,-11.829099,WAL
2020992296000,233.474908,0.404939370122675,-15.8522032267511,-0.0676932773644638,0.8051204,0.14263703,-0.5128214,128.67212,105.15495,-11.597202,WAL
2020997504000,233.480116,0.569017460754013,-16.0839300194102,0.156439056640538,0.9569204,0.24770586,-0.6282749,128.69841,104.74033,-11.315369,WAL
2021002308000,233.48492,0.496031395162374,-15.517214924972,0.448383314524076,1.0989466,0.2950479,-0.7458665,128.73398,104.2859,-11.008166,WAL
2021007263000,233.489875,0.420751221347518,-14.9326867624113,0.749504005159574,1.2464706,0.29046643,-0.87872964,128.76738,103.74949,-10.645541,WAL
2021012346000,233.494958,0.157631640256593,-14.1576606429081,1.10958533354954,1.3946054,0.226631,-1.0048733,128.79492,103.17863,-10.262721,WAL
2021017293000,233.499905,-0.122160111770695,-13.3809977618369,1.466560989553,1.5613716,0.09560041,-1.1301007,128.79913,102.565735,-9.85669,WAL
2021022327000,233.504939,-0.418308871861964,-12.6875152051574,1.54468767711414,1.767844,-0.03390302,-1.2339478,128.74992,101.91236,-9.462071,WAL
2021027358000,233.50997,-0.715214376640121,-12.0023481420174,1.59950101354759,1.9978348,-0.15118915,-1.3158038,128.66772,101.223114,-9.052427,WAL
2021032390000,233.515002,-1.07816030500771,-11.556379107455,1.5103721751054,2.2534819,-0.19883664,-1.3939945,128.5243,100.51314,-8.680636,WAL
2021037244000,233.519856,-1.44144279901285,-11.1739762457584,1.395651366509,2.5167649,-0.19303341,-1.4517213,128.36809,99.781715,-8.301553,WAL
2021042304000,233.524916,-1.82481132803624,-11.1619949697084,1.18607622989337,2.7925704,-0.17684549,-1.518611,128.18332,99.07498,-7.962773,WAL
2021047329000,233.529941,-2.20627493023497,-11.211948600453,0.963555819777296,3.030808,-0.17287487,-1.5897768,128.00323,98.37478,-7.613921,WAL
2021052307000,233.534919,-2.63503959631728,-11.568187429126,0.701781693931382,3.2189543,-0.124311075,-1.6383406,127.84327,97.77249,-7.3232155,WAL
2021057262000,233.539874,-3.0781541572238,-12.0212598192215,0.427946901989298,3.3460143,-0.03481932,-1.6924021,127.70246,97.22018,-7.0183887,WAL
2021062337000,233.544949,-3.57669190380485,-12.5297809944768,-0.134715905823872,3.33227,0.061086524,-1.7308867,127.58208,96.84001,-6.7868156,WAL
2021067243000,233.549855,-4.06685735373837,-13.0295577284443,-0.730603483007057,3.2436945,0.16615535,-1.750129,127.49472,96.552986,-6.5529494,WAL
2021072334000,233.554946,-4.55882610212147,-13.4179342418098,-1.33642703705998,3.0619621,0.2180789,-1.7464638,127.43926,83.56574,-6.3966575,WAL
2021077346000,233.559958,-5.04093354843706,-13.782893751056,-1.93117610880315,2.8463266,0.30879238,-1.7394388,127.42624,83.61476,-6.241355,WAL
2021082374000,233.564986,-5.48683969589169,-14.0171723772176,-2.36850247264239,2.7440066,0.3323107,-1.7098118,127.44873,83.583984,-6.126477,WAL
2021087243000,233.569855,-5.90770925676937,-14.2058384239029,-2.74583395985061,2.5525005,0.30604348,-1.6756034,127.48229,83.53702,-6.0170918,WAL
2021092311000,233.574923,-6.25802089019533,-14.3201960682723,-3.01618368613692,2.415972,0.21777347,-1.6071864,127.54811,83.44892,-5.9522653,WAL
2021097321000,233.579933,-6.58559037673051,-14.4157371388204,-3.25731119514508,2.3383923,0.111177474,-1.5231925,127.59852,83.35031,-5.8998857,WAL
2021102307000,233.584919,-6.74349021945076,-14.4178653552307,-3.53194208728638,2.3032675,0.035430185,-1.4492778,127.67087,83.23697,-5.8607383,WAL
2021107288000,233.5899,-6.83773508915341,-14.3848794540156,-3.81938913669861,2.307849,0.038789943,-1.3921618,127.73264,83.10582,-5.8390207,WAL
2021112330000,233.594942,-6.93337828268888,-14.4549563113226,-4.2146534049772,2.3887885,0.21930063,-1.4107933,127.85122,82.9586,-5.804895,WAL
2021117312000,233.599924,-7.02798782599643,-14.5684877237755,-4.64985787717628,2.300824,0.5555819,-1.5683966,128.0162,82.85167,-5.750367,WAL
2021122317000,233.604929,-6.76544154477949,-14.3827192357823,-4.62116637750712,2.0818288,0.90285885,-1.6856827,128.26976,82.75809,-5.6779246,WAL
2021127402000,233.610014,-6.33016784229447,-14.052676464198,-4.37243845475886,1.8738291,1.2647965,-1.7171422,128.62238,82.69001,-5.5952544,WAL
2021132349000,233.614961,-5.73200946560088,-13.5669087703969,-3.84731059944873,1.6230689,1.3979651,-1.668273,129.0388,82.6986,-5.488587,WAL
2021137307000,233.619919,-5.04272930084528,-12.9954170470415,-3.17548037170158,1.5085317,1.3475688,-1.5809193,129.49843,82.71697,-5.3904963,WAL
2021142289000,233.624901,-4.16824620714668,-12.4056697018295,-2.73455266108912,1.5406022,1.2754866,-1.452943,129.98058,82.74406,-5.2742014,WAL
2021147323000,233.629935,-3.07479952562319,-11.7918954683856,-2.55918866363539,1.6276505,1.3460416,-1.3139712,130.47908,82.760254,-5.190708,WAL
2021152307000,233.634919,-2.18914092144813,-11.5263441244296,-2.42884652172194,1.7208074,1.5916094,-1.2104294,130.98106,82.73782,-5.072973,WAL
2021157301000,233.639913,-1.43252946129196,-11.4875437678734,-2.32699495271271,1.8350391,1.8994855,-1.1774428,131.51332,82.67698,-4.981675,WAL
2021162339000,233.644951,-0.761031048753939,-11.4903964998568,-2.00495970590089,1.949271,2.112372,-1.2040154,132.08263,82.63766,-4.8122807,WAL
2021167314000,233.649926,-0.151427477905089,-11.5176922579968,-1.55913030386709,2.0448713,2.2088888,-1.2342533,132.69728,82.56815,-4.6595135,WAL
2021172327000,233.654939,0.369781812573537,-11.4510528864294,-1.37595008241101,2.147802,2.2314909,-1.2528846,133.34929,82.507,-4.4298925,WAL
2021177360000,233.659972,0.811940171791804,-11.3020642428956,-1.42401079108585,2.1804836,2.2510383,-1.244027,134.017,82.43241,-4.2065554,WAL
2021182326000,233.664938,1.04303858757434,-11.1010829736023,-1.36473139255193,2.196366,2.3405302,-1.2348641,134.70425,82.31056,-3.9109564,WAL
2021187304000,233.669916,1.09538374473419,-10.8524437389972,-1.21205801370665,2.2244658,2.3661866,-1.1817188,135.36578,82.15568,-3.6366742,WAL
2021192285000,233.674897,1.03680538276092,-10.5680648460153,-1.29038692480349,2.2397375,2.284636,-1.1148291,136.03151,81.9875,-3.3129349,WAL
2021197319000,233.679931,0.757863105885371,-10.2101762980895,-1.82721927956332,2.2171354,2.2149973,-1.0360274,136.69453,81.801926,-3.0166607,WAL
2021202305000,233.684917,0.495823890525025,-9.82617542031403,-2.2550420305103,2.1716259,2.3112087,-0.9639453,137.38945,81.54822,-2.7274349,WAL
2021207287000,233.689899,0.247667121486752,-9.41414153042198,-2.58279617443572,2.1209242,2.4828618,-0.890947,138.07185,81.28907,-2.4691536,WAL
2021212346000,233.694958,0.0199048097361771,-8.98747806246841,-2.73262798713232,2.0641136,2.5329528,-0.81581056,138.7839,81.03455,-2.2513897,WAL
2021217313000,233.699925,-0.177233366788638,-8.55954437753967,-2.67973729456181,2.028378,2.4996605,-0.73945236,139.507,80.78514,-2.0619273,WAL
2021222307000,233.704919,-0.418859089901525,-8.19799094651477,-2.70057818449508,2.0002782,2.440712,-0.6646214,140.27563,80.52735,-1.9197208,WAL
2021227416000,233.710028,-0.711727409847461,-7.90039884852288,-2.79977555049237,1.9526308,2.40742,-0.61850107,141.0319,80.2874,-1.7932174,WAL
2021232326000,233.714938,-1.00645827352941,-7.62183680933063,-2.92137292697769,1.8781052,2.435825,-0.5708536,141.79427,80.026245,-1.7160137,WAL
2021237306000,233.719918,-1.32305977620321,-7.3492077516135,-3.07967365535681,1.8451185,2.449875,-0.5305365,142.53477,79.772224,-1.649867,WAL
2021242261000,233.724873,-1.62897671673409,-7.06892724994677,-3.16405711869278,1.8231273,2.4098635,-0.5131268,143.2787,79.52531,-1.6286287,WAL
2021247319000,233.729931,-1.91258034894614,-6.75438496135831,-3.01967717096019,1.767844,2.3231206,-0.5152648,144.00742,79.304504,-1.6132834,WAL
2021252243000,233.734855,-2.13102397396318,-6.45912592198252,-2.88081118300167,1.6673567,2.2504275,-0.5296202,144.74316,79.107216,-1.6478633,WAL
2021257297000,233.739909,-2.25254452307978,-6.17557805237121,-2.74128760349637,1.5485435,2.1728477,-0.5491679,145.45013,78.93938,-1.6775837,WAL
2021262346000,233.744958,-2.35588904662221,-5.89721933215425,-2.60597170977095,1.4364496,2.098933,-0.5821546,146.13898,78.76904,-1.7366893,WAL
2021267312000,233.749924,-2.39725615778487,-5.63982378183048,-2.48646662597854,1.3341297,2.0378466,-0.62125,146.80843,78.63812,-1.7870399,WAL
2021272315000,233.754927,-2.42553245000859,-5.35514680047243,-2.3395945867205,1.2434162,2.008525,-0.63407815,147.46445,78.50582,-1.8571221,WAL
2021277396000,233.760008,-2.37955599020787,-4.92464046143274,-2.04283773863597,1.2003502,1.9856175,-0.64599,148.10493,78.396996,-1.9155246,WAL
2021282332000,233.764944,-2.33489159233809,-4.50641977859474,-1.75454964531867,1.1242975,1.9743165,-0.6630942,148.74057,78.29821,-1.9802177,WAL
2021287308000,233.76992,-2.35450173363672,-4.25441394972299,-1.42738949645825,1.0491611,1.9572122,-0.67011917,149.3662,78.217,-2.044878,WAL
2021292270000,233.774882,-2.3874104755837,-4.03815700055402,-1.09360157851207,0.94806284,1.9614882,-0.6933321,149.99437,78.171555,-2.1023946,WAL
2021297317000,233.779929,-2.35310771124794,-3.82168072584117,-0.602570847249103,0.86620694,1.9636264,-0.7031059,150.606,78.07806,-2.1611476,WAL
2021302271000,233.784883,-2.30250365564821,-3.61006417655386,-0.0827303101056918,0.79534656,1.9004018,-0.7296785,151.2006,78.01634,-2.2070296,WAL
2021307292000,233.789904,-2.2804321630779,-3.46032491266014,0.265266942259887,0.66737026,1.8112154,-0.7507534,151.7808,77.93027,-2.2622247,WAL
2021312344000,233.794956,-2.26888243159067,-3.3332773436938,0.550161495480226,0.48563787,1.7162259,-0.76052725,152.34013,77.883316,-2.3111215,WAL
2021317295000,233.799907,-2.2719850272175,-3.2191727087043,0.796976891141058,0.3286455,1.6148223,-0.7593055,152.8512,77.76423,-2.343972,WAL
2021322336000,233.804948,-2.32531182454435,-3.13918273544681,0.935626386004639,0.18845193,1.525636,-0.74128497,153.3353,77.692795,-2.375526,WAL
2021327313000,233.809925,-2.38712891798735,-3.1103456168929,1.03927716191458,0.07391469,1.462106,-0.7067711,153.78215,77.579605,-2.4047165,WAL
2021332308000,233.81492,-2.46192058545946,-3.15114111060337,1.09707084900149,-0.014660766,1.3997977,-0.68477994,154.19994,77.49891,-2.4314024,WAL
2021339753000,233.822365,-2.56948833242613,-3.20968245357698,1.16729812659409,-0.12186762,1.3054191,-0.6563747,154.59106,77.41578,-2.478498,WAL
2021342325000,233.824937,-2.58590578956898,-3.21789111071984,1.1071010408798,-0.2950479,1.2770138,-0.65057147,154.97893,77.376205,-2.5265825,WAL
2021347350000,233.829962,-2.61798110922017,-3.23392863099311,0.989492037880471,-0.36254853,1.2501358,-0.63071835,155.3435,77.30794,-2.606293,WAL
2021352338000,233.83495,-2.58099739792208,-3.1975003125603,0.838114517378479,-0.4831944,1.2180653,-0.6087272,155.69359,77.30167,-2.6865656,WAL
2021357362000,233.839974,-2.52743829558442,-3.14840460079777,0.67743736416141,-0.59742624,1.1979067,-0.5839872,156.03351,77.30981,-2.7726233,WAL
2021362327000,233.844939,-2.47151873379018,-3.08774380246901,0.537882026776177,-0.70554936,1.1713341,-0.5717699,156.37563,77.36351,-2.8743858,WAL
2021367354000,233.849966,-2.41329940692331,-3.01982109403406,0.406888341218382,-0.82558435,1.1542299,-0.5476407,156.70808,77.44726,-2.9856293,WAL
2021372321000,233.854933,-2.34932802120924,-3.01945560177674,0.401487394694735,-0.929126,1.1517864,-0.5384777,157.05164,77.587204,-3.0941892,WAL
2021392279000,233.874891,-2.07940913118329,-3.15127645809386,0.627465938105685,-1.2373075,0.8762862,-0.38545597,158.28853,78.410545,-3.5546587,WAL
2021397346000,233.879958,-2.0108812718907,-3.18474355294098,0.684838083584354,-1.3048081,0.73426,-0.34788775,158.5362,78.67058,-3.6647844,WAL
2021402231000,233.884843,-2.01765647573627,-3.27459258483644,0.865986144634668,-1.3790283,0.58551437,-0.29168814,158.74722,78.93919,-3.789992,WAL
2021407222000,233.889834,-2.08097783644146,-3.41097688581474,1.14849658046469,-1.4688255,0.4175264,-0.23701571,158.90788,79.21778,-3.9166756,WAL
2021412231000,233.894843,-2.21563565126329,-3.9935797298171,1.66526129880902,-1.5409076,0.26816985,-0.18020524,159.02626,79.42496,-4.031036,WAL
2021417243000,233.899855,-2.39938316068056,-4.88373480663547,2.34308579902169,-1.6267341,0.09621128,-0.113926366,159.08467,79.64309,-4.153839,WAL
2021422279000,233.904891,-2.51900844304991,-5.91135164353444,3.05678916695321,-1.72264,-0.036957346,0.014660766,159.09285,79.767555,-4.3089714,WAL
2021427258000,233.90987,-2.44448061592164,-7.32241227987913,3.85920570449099,-1.8237382,-0.16493362,0.0983493,159.05016,79.90282,-4.4621654,WAL
2021432226000,233.914838,-2.37011744155465,-8.73035548963218,4.65984948004585,-1.8845193,-0.24923302,0.20952678,158.97734,79.76598,-4.6858244,WAL
2021437224000,233.919836,-2.29530521420235,-10.1468007719079,5.46532806100865,-1.8732183,-0.2751948,0.34147367,158.8754,79.624016,-4.9323936,WAL
2021442237000,233.924849,-1.81660184630667,-11.6252849866095,6.46227405740858,-1.7540996,-0.21655174,0.47158796,158.78027,79.44706,-5.219795,WAL
2021447229000,233.929841,-0.745782673574524,-13.1826285581146,7.73328971266495,-1.5008959,-0.06047566,0.5882632,158.6942,79.216705,-5.5391984,WAL
2021452248000,233.93486,0.330828189394751,-14.7483952619175,9.01117985163364,-1.0922271,0.18967366,0.6227771,158.63129,78.75216,-5.7961535,WAL
2021457266000,233.939878,1.40722454531821,-16.3138499978575,10.2888153800945,-0.47128254,0.4202753,0.49968776,158.60553,78.21663,-6.037062,WAL
2021462284000,233.944896,2.70521163073501,-17.5736503877356,11.1543646273035,0.3036,0.5195409,0.24251351,158.62593,77.602455,-6.259726,WAL
2021467286000,233.949898,4.50120055032832,-18.1367991962508,11.0833369689684,0.9663888,0.55863625,-0.11942416,158.7018,76.93264,-6.416471,WAL
2021472239000,233.954851,5.78206697491392,-18.5623912368913,10.6546086002951,1.1881329,0.7067711,-0.27947086,158.86548,76.303185,-6.091884,WAL
2021477365000,233.959977,6.37608162174127,-18.8086903680275,9.68390203974422,1.3869696,0.9944886,-0.5296202,159.11653,75.580734,-5.687267,WAL
2021482288000,233.9649,6.5058159701184,-18.4001921999624,8.71591462140575,1.3686435,1.2669345,-0.6973027,159.50752,75.04803,-5.0149937,WAL
2021487281000,233.969893,5.94416160136253,-16.9713435789325,7.67797759792332,1.2321151,1.5109752,-0.75961095,159.9848,74.48676,-4.3788056,WAL
2021492242000,233.974854,5.23305466828723,-15.398975341131,6.67018357170464,1.0308352,1.6340646,-0.75502944,160.58954,74.10286,-3.6816723,WAL
2021497290000,233.979902,4.04314623858828,-13.3338448049227,5.71628988439788,0.82833326,1.6151277,-0.72418076,161.22034,73.737656,-3.0334716,WAL
2021502312000,233.984924,2.8560480567745,-11.2934166879512,4.89148524416315,0.65057147,1.4895949,-0.691194,161.85579,73.45665,-2.5067954,WAL
2021507298000,233.98991,1.66957463466479,-9.30103698803563,4.36764612618847,0.5174029,1.351234,-0.65087694,162.47462,73.20866,-2.0114882,WAL
2021512309000,233.994921,0.494554756635912,-7.35664623222143,3.88391512817601,0.38912117,1.2046263,-0.6041457,163.01141,73.005104,-1.7029566,WAL
2021517312000,233.999924,-0.588741034066714,-5.71470003099463,3.62159236199939,0.27275133,1.0848967,-0.55771995,163.51189,72.833786,-1.4021299,WAL
2021522340000,234.004952,-1.62540018984015,-4.25179978851623,3.36976620225557,0.092240654,0.9779953,-0.48655418,163.89268,72.67638,-1.3082353,WAL
2021527320000,234.009932,-2.43921750964009,-3.56894162199667,3.16865043820732,-0.10934488,0.8979719,-0.37384954,164.23898,72.55848,-1.2307868,WAL
2021532311000,234.014923,-3.1847425166037,-3.02386005973355,2.98246402336449,-0.31978795,0.86009824,-0.24037547,164.49158,72.44006,-1.3460234,WAL
2021537314000,234.019926,-3.53725241430702,-3.26204240422549,2.88242740186916,-0.54702985,0.8885035,-0.0842994,164.72536,72.38068,-1.497243,WAL
2021542309000,234.024921,-3.84665604529457,-3.56278640359602,2.83011667997322,-0.75686204,0.9025534,0.05589417,164.90778,72.35896,-1.8240649,WAL
2021547324000,234.029936,-3.89258914781943,-4.25637682727621,3.07356226724369,-0.98899084,0.8417723,0.19058995,165.05396,72.39579,-2.1863465,WAL
2021552440000,234.035052,-3.94209918596624,-4.9973442525128,3.33817722912953,-1.1893547,0.67164636,0.29901853,165.12842,72.4767,-2.6170292,WAL
2021557290000,234.039902,-4.02137612888299,-6.10722209719325,3.78741379085909,-1.3497068,0.36254853,0.37995818,165.13087,72.59097,-3.0589573,WAL
2021562745000,234.045357,-4.11514135994863,-7.38398639740983,4.29027962331157,-1.4413365,-0.1142318,0.43982297,165.04085,72.719925,-3.5061607,WAL
2021567312000,234.049924,-4.35388699186557,-9.44375325655571,4.62733219099861,-1.416902,-0.4092797,0.48380527,164.90169,72.83564,-3.9577513,WAL
2021572403000,234.055015,-4.61461980688116,-11.7045613311326,4.87962614568533,-1.3625349,-1.0396926,0.5122105,164.53343,72.93453,-4.3577456,WAL
2021577336000,234.059948,-4.81230512594383,-13.5364451471081,3.8692346729217,-1.1911873,-1.5525141,0.589485,164.10417,72.96671,-4.7649436,WAL
2021582665000,234.065277,-5.02585977124791,-15.5153847082946,2.77773332316347,-0.9560041,-1.8029687,0.6398814,163.58745,72.98802,-5.142598,WAL
2021587309000,234.069921,-5.28374577912363,-16.4557840923493,2.02199194445002,-0.7031059,-1.5830573,0.74464476,163.05325,72.93205,-5.5452538,WAL
2021592297000,234.074909,-5.56155662288178,-17.4568611379725,1.21250841516093,-0.33322698,-1.1081096,0.79076505,162.52756,72.77182,-5.938353,WAL
2021597320000,234.079932,-4.99923639634244,-17.9987993757034,1.7466336772709,0.1966986,-0.6630942,0.72784597,162.12338,72.73822,-6.3045235,WAL
2021602258000,234.08487,-4.37674612246785,-18.4929898706793,2.38337974676447,0.9092729,-0.43127087,0.61819565,161.79791,72.54803,-6.6774592,WAL
2021607291000,234.089903,-3.15913251335705,-17.5286195918838,2.19687846737186,1.464244,-0.5002986,0.34483343,161.56927,72.41169,-6.9866977,WAL
2021612312000,234.094924,-1.89677595634196,-16.4466001273199,1.9425575507068,1.6258179,-0.70829827,-0.09315695,161.39478,72.22351,-7.2122245,WAL
2021617313000,234.099925,-0.97509182212348,-13.8275692418148,0.507897791066417,1.3481796,-0.68111473,-0.44806966,161.31337,72.026436,-7.293764,WAL
2021622265000,234.104877,-0.118880506651076,-10.9750101750234,-1.11136196983162,0.7171558,-0.26847526,-0.5861252,161.30211,71.91208,-7.3259635,WAL
2021627326000,234.109938,0.173689731254181,-8.50806972470736,-1.78422078467809,-0.028405234,0.01282817,-0.64568454,161.32202,71.989685,-7.1285553,WAL
2021632245000,234.114857,0.227848538185619,-6.28755919575669,-2.05009134658236,-0.7012733,-0.0067195175,-0.61941737,161.37532,72.21531,-6.932077,WAL
2021637307000,234.119919,0.166172597428743,-4.76452498989362,-1.73294942122642,-1.1496484,-0.24953845,-0.53969944,161.46077,72.697014,-6.6615443,WAL
2021642260000,234.124872,0.0757225160337214,-3.46966061914894,-1.27117796037736,-1.4309518,-0.61666846,-0.43371433,161.49748,73.30131,-6.397792,WAL
2021647315000,234.129927,-0.393463943803804,-2.69510901696697,-0.874739241441442,-1.6698002,-1.0235047,-0.31764993,161.4219,73.94913,-6.165617,WAL
2021652277000,234.134889,-0.94524909232032,-2.06721559984985,-0.503711279279279,-1.881465,-1.5012014,-0.20525073,161.2142,74.65118,-5.9330654,WAL
2021657306000,234.139918,-1.48437156527832,-1.94787182148696,-1.00551996072402,-2.0497584,-1.8945986,-0.12736541,160.8824,75.28207,-5.7418275,WAL
2021662363000,234.144975,-2.02164385916699,-1.95258473289218,-1.72188298643441,-2.1484132,-2.173764,-0.0580322,160.44159,75.935936,-5.5604386,WAL
2021667314000,234.149926,-2.4088100503681,-2.17218346715747,-2.43812092700067,-2.1923954,-2.2721133,-0.028405234,159.90605,76.50068,-5.484486,WAL
2021672348000,234.15496,-2.75912389153839,-2.46257518871785,-3.17101448453007,-2.2061398,-2.4361305,0.047647487,159.26709,77.06127,-5.428676,WAL
2021677356000,234.159968,-3.1304153216616,-2.93290781764397,-3.78863013520403,-2.1859813,-2.6120598,0.14721853,158.56654,77.672676,-5.4741464,WAL
2021682284000,234.164896,-3.50666442553236,-3.48242954738278,-4.34310240357705,-2.1502457,-2.7320948,0.26328292,157.82925,78.25459,-5.552964,WAL
2021687310000,234.169922,-3.83211881410658,-3.97578578761755,-4.76299035266458,-2.103209,-2.7553077,0.36346483,157.06429,78.873245,-5.72061,WAL
2021692319000,234.174931,-4.13757193258229,-4.44571345459444,-5.13423340830721,-2.0592268,-2.6603181,0.45937067,156.29388,79.42911,-5.9345,WAL
2021697318000,234.17993,-4.24450653942249,-4.8841635860127,-5.24555828517305,-2.000889,-2.4782803,0.5555819,155.53813,79.94786,-6.2484202,WAL
2021702306000,234.184918,-4.27385483637108,-5.30971287026418,-5.25534096569732,-1.9544634,-2.2516494,0.68966687,154.82089,80.35897,-6.6194496,WAL
2021707290000,234.189902,-4.20176167990119,-5.83500462391304,-5.05639514249012,-1.8952094,-2.0363193,0.8555168,154.15257,80.64856,-7.091493,WAL
2021712365000,234.194977,-4.09610424190711,-6.40171111847826,-4.78744972994071,-1.8167132,-1.8161024,1.0262536,153.555,80.774506,-7.6199656,WAL
2021717311000,234.199923,-3.92131409017474,-7.08553670782011,-4.65371647135491,-1.7592919,-1.5876387,1.2009611,153.03041,80.733635,-8.204024,WAL
2021722359000,234.204971,-3.71820870428721,-7.82871818094147,-4.56139562231452,-1.7018706,-1.3457361,1.3561208,152.58183,80.51513,-8.839896,WAL
2021727336000,234.209948,-3.39773241482956,-8.62301823402735,-4.51076386815677,-1.6505579,-1.108415,1.502423,152.21013,80.15344,-9.490643,WAL
2021732310000,234.214922,-3.0136573240151,-9.44950889722392,-4.48159362737293,-1.6200147,-0.86620694,1.6511687,151.92084,79.65206,-10.186879,WAL
2021737312000,234.219924,-2.56652617738302,-10.1661869046794,-4.33640957634315,-1.5775595,-0.6795876,1.7996091,151.71024,79.10092,-10.848655,WAL
2021742309000,234.224921,-2.09193574153668,-10.8296918940882,-4.13827958482573,-1.5228871,-0.6102544,1.9113973,151.54805,78.46126,-11.534995,WAL
2021747313000,234.229925,-1.59841600775274,-11.4907267326855,-3.80141209906967,-1.4883732,-0.6429357,1.9602666,151.44287,102.129585,-12.1215725,WAL
2021752306000,234.234918,-1.0942466972762,-12.1481242919165,-3.37632818732686,-1.5060883,-0.72143185,1.958434,151.35486,102.768074,-12.715196,WAL
2021757285000,234.239897,-0.668230642295613,-12.608671306507,-3.03592383476298,-1.5509869,-0.8258898,1.9303342,151.27113,103.29674,-13.172009,WAL
2021762379000,234.244991,-0.270832173819806,-12.9821296498184,-2.72949616207675,-1.604743,-0.8888089,1.8524488,151.18253,103.82741,-13.606552,WAL
2021767346000,234.249958,-0.01122614057274,-13.1751441480742,-2.5503356242267,-1.6230689,-0.90133166,1.7935003,151.07993,104.22213,-13.902798,WAL
2021772389000,234.255001,0.181533134782479,-13.2763433001397,-2.43468009021153,-1.6325374,-0.86101454,1.6255124,150.97478,104.57655,-14.143179,WAL
2021777376000,234.259988,0.355650792431365,-13.2051079452894,-2.38201280154059,-1.6123788,-0.75411314,1.4135422,150.87679,104.794556,-14.250914,WAL
2021782347000,234.264959,0.520199566890184,-13.040558812463,-2.36320724246494,-1.5968018,-0.6105598,1.1664472,150.79886,104.96821,-14.302324,WAL
2021787335000,234.269947,0.776556400787117,-12.5416471418906,-2.01576005859539,-1.5732834,-0.48747048,0.9071349,150.73792,105.0408,-14.248848,WAL
2021792302000,234.274914,1.08932483143511,-11.834518913665,-1.46274916918239,-1.5696182,-0.47616947,0.64873886,150.68109,105.06171,-14.132318,WAL
2021797343000,234.279955,1.17191221558787,-11.155024503687,-1.10437240558173,-1.5723672,-0.6075055,0.39614612,150.60849,105.003716,-13.924839,WAL
2021802345000,234.284957,1.02963523332651,-10.5172305696436,-0.9424709748771,-1.5830573,-0.89675015,0.1908954,150.48822,104.90956,-13.673069,WAL
2021807326000,234.289938,0.686975469987246,-9.91017368488178,-0.923878581359757,-1.5870279,-1.2562444,0.038789943,150.27863,104.70146,-13.347148,WAL
2021812392000,234.295004,0.177682513012852,-9.3152052098499,-1.01907355724517,-1.6065756,-1.6258179,-0.09896017,149.98387,104.46576,-12.989671,WAL
2021817342000,234.299954,-0.31485835536678,-8.78310752638417,-1.30792805822507,-1.629483,-1.924531,-0.22388211,149.59253,104.24489,-12.661188,WAL
2021822401000,234.305013,-0.813584525508695,-8.28438143713772,-1.78244415786528,-1.6539177,-2.1539109,-0.33475417,149.12259,104.01231,-12.320048,WAL
2021827391000,234.310003,-1.19692503607108,-7.86842325153011,-2.21231418063179,-1.7104226,-2.24157,-0.398895,148.5865,103.909706,-12.087655,WAL
2021832448000,234.31506,-1.48855623554788,-7.51464142221125,-2.61390472820336,-1.7095064,-2.2440135,-0.419359,148.01833,103.798454,-11.850903,WAL
2021837345000,234.319957,-1.70520264900086,-7.30456925270102,-2.85819099421551,-1.6560557,-2.162463,-0.37323865,147.44629,103.8693,-11.736363,WAL
2021842347000,234.324959,-1.8609258274118,-7.22212759814514,-2.96353314291041,-1.568702,-2.064419,-0.2602286,146.88646,103.95584,-11.641533,WAL
2021847345000,234.329957,-1.97917984222064,-7.26918632061301,-3.08514307939714,-1.4703526,-1.9743165,-0.1151481,146.34917,104.171555,-11.635991,WAL
2021852348000,234.33496,-2.04239566432559,-7.50746149472242,-3.23102594889881,-1.378112,-1.8726074,0.02565634,145.85161,104.40613,-11.66179,WAL
2021857292000,234.339904,-2.02270478323218,-7.78887082654659,-3.3254600356206,-1.3063353,-1.7183639,0.15057829,145.39679,104.704605,-11.753664,WAL
2021862333000,234.344945,-1.89038815534456,-8.13856503602193,-3.35381353882146,-1.2589933,-1.6346754,0.2510656,144.9592,105.01893,-11.879265,WAL
2021867242000,234.349854,-1.67598772670488,-8.44891993034777,-3.25590872566544,-1.2153164,-1.4581354,0.28771752,144.601,105.34915,-12.01275,WAL
2021872400000,234.355012,-1.30169405444919,-8.72244174557995,-2.93440007324655,-1.205848,-1.2867876,0.3707952,144.27539,105.70742,-12.184007,WAL
2021877291000,234.359903,-0.931587101872969,-8.97239246646972,-2.56320339462334,-1.2147056,-1.1664472,0.45234573,143.99667,106.0314,-12.317759,WAL
2021882311000,234.364923,-0.519713655806992,-9.20910165603151,-2.04244386966027,-1.2400564,-1.1511755,0.4999932,143.7423,106.363655,-12.461559,WAL
2021887257000,234.369869,-0.14263233128511,-9.39001224595998,-1.53145725268565,-1.2791518,-1.1704178,0.5155703,143.5233,106.59119,-12.532919,WAL
2021892296000,234.374908,0.168377133466718,-9.44107356329357,-1.01620275125818,-1.3133603,-1.2544118,0.5006041,143.29411,106.82239,-12.611699,WAL
2021897264000,234.379876,0.452368908409812,-9.46405774054834,-0.608198635963444,-1.3686435,-1.3878858,0.4596761,143.06505,106.88468,-12.601367,WAL
2021902307000,234.384919,0.652149660236652,-9.38042835440115,-0.584968312373256,-1.4187346,-1.572978,0.398895,142.79971,106.94627,-12.591802,WAL
2021907289000,234.389901,0.83337944443196,-9.28519820661673,-0.595657055118602,-1.4404203,-1.7281377,0.33261612,142.45067,106.97134,-12.542245,WAL
2021912347000,234.394959,0.908971675405743,-9.10377692384519,-0.832512639200999,-1.3976597,-1.8307631,0.28802297,142.06767,106.987404,-12.493614,WAL
2021917290000,234.399902,0.960181983047966,-8.92548111596843,-1.07882115679012,-1.2928963,-1.8784106,0.24312437,141.65387,106.97503,-12.402746,WAL
2021922388000,234.405,0.925598104408015,-8.73774037887067,-1.39007608518519,-1.1847731,-1.8387043,0.2134974,141.24136,106.95072,-12.310016,WAL
2021927346000,234.409958,0.870742909705537,-8.56839047041821,-1.63637702645651,-1.1114693,-1.736079,0.18692477,140.85397,106.940834,-12.202139,WAL
2021932308000,234.41492,0.750558335045615,-8.43962094553338,-1.70934625955198,-1.0467176,-1.6041322,0.17867808,140.49327,106.91284,-12.092919,WAL
2021937590000,234.420202,0.610089836204832,-8.31845208734256,-1.77743006458807,-1.0143417,-1.462106,0.17989981,140.1942,106.91711,-11.983147,WAL
2021942296000,234.424908,0.344871817743134,-8.38824674127607,-1.73090057061739,-1.0158689,-1.3054191,0.18784106,139.94429,106.91894,-11.870247,WAL
2021947279000,234.429891,0.062182224335904,-8.46097945129963,-1.66760081082548,-1.0329732,-1.1548407,0.19608775,139.72618,106.9615,-11.7820215,WAL
2021952307000,234.434919,-0.2449868120994,-8.52057917937732,-1.43837020734076,-1.0607675,-1.0354166,0.20341812,139.55043,107.01023,-11.692719,WAL
2021957839000,234.440451,-0.582756008848271,-8.58037143015889,-1.18519477757815,-1.1133019,-0.9645562,0.23273966,139.3738,107.10581,-11.655342,WAL
2021962318000,234.44493,-0.85449404091806,-8.57591661834043,-0.971368089739329,-1.1410962,-0.9425651,0.28160888,139.22365,107.207115,-11.624009,WAL
2021967387000,234.449999,-1.15629492230182,-8.56990961400698,-0.741994424352908,-1.1517864,-0.89919364,0.30634892,139.04594,107.3404,-11.655364,WAL
2021972328000,234.45494,-1.37930839409935,-8.55206864058818,-0.675090396785748,-1.1957687,-0.8686504,0.37293324,138.87993,107.50074,-11.711854,WAL
2021977686000,234.460298,-1.62021153478552,-8.53104145815779,-0.604258557918422,-1.2162327,-0.8200866,0.4437936,138.6811,107.681335,-11.83256,WAL
2021982348000,234.46496,-1.75700842580429,-8.38141955869399,-0.67693186191306,-1.217149,-0.8038987,0.52412236,138.48886,107.876274,-11.972853,WAL
2021987303000,234.469915,-1.90240280482574,-8.22239413787821,-0.754172578621218,-1.2195925,-0.84482664,0.5983425,138.26884,108.10632,-12.175111,WAL
2021992313000,234.474925,-1.93301951800278,-8.17754270499304,-0.931811645633579,-1.2226468,-0.8698721,0.67164636,138.06424,108.3448,-12.3933115,WAL
2021997289000,234.479901,-1.94249915929978,-8.15384360175055,-1.12614444070022,-1.2027937,-0.88056225,0.732122,137.857,108.583466,-12.62575,WAL
2022002309000,234.484921,-1.91932957880317,-8.26541952065094,-1.22895319081265,-1.1957687,-0.90377516,0.7870999,137.63145,108.86503,-12.901593,WAL
2022007289000,234.489901,-1.88985638053353,-8.40296169389226,-1.31246054316613,-1.1905763,-0.95203346,0.82741696,137.39926,109.14253,-13.186081,WAL
2022012391000,234.495003,-1.81823398577726,-8.6616775800764,-1.26602689882457,-1.1780536,-1.0079277,0.8530733,137.17197,109.44139,-13.471667,WAL
2022017243000,234.499855,-1.74540935821334,-8.92111486129885,-1.20685688001763,-1.1756102,-1.0891727,0.86742866,136.92667,109.736084,-13.763033,WAL
2022022335000,234.504947,-1.67635584777942,-9.29095585492228,-1.01075010695781,-1.1591167,-1.1557571,0.88239485,136.68182,110.018036,-14.043913,WAL
2022027302000,234.509914,-1.61033808494634,-9.66945798316062,-0.79509204800148,-1.1285735,-1.2113458,0.87598073,136.41783,110.28523,-14.320952,WAL
2022032406000,234.515018,-1.55496694173478,-10.0518472794238,-0.526096214701675,-1.0848967,-1.2831224,0.86498517,136.10492,110.55624,-14.592745,WAL
2022037275000,234.519887,-1.50732749762975,-10.4139067760523,-0.249787538381692,-1.0366384,-1.3542882,0.8390234,135.77689,110.80676,-14.8569145,WAL
2022042338000,234.52495,-1.44865060779604,-10.6861976516389,-0.147973401941136,-0.96791595,-1.4068227,0.80573124,135.40929,111.00241,-15.10585,WAL
2022047313000,234.529925,-1.38768205380451,-10.9160021033566,-0.115144160972537,-0.86467975,-1.3997977,0.7788532,135.03857,111.17196,-15.34551,WAL
2022052343000,234.534955,-1.27167457494536,-11.0115789367177,-0.348180581276575,-0.72601336,-1.3277156,0.745561,134.64088,111.2676,-15.56171,WAL
2022057318000,234.53993,-1.13441113216769,-11.0494449833102,-0.688972573900258,-0.5531385,-1.1924089,0.7104363,134.26256,111.32879,-15.760639,WAL
2022062366000,234.544978,-0.948145857060346,-11.0745710035849,-1.18228838607847,-0.34574974,-1.0919216,0.6774496,133.87967,111.35167,-15.933533,WAL
2022067334000,234.549946,-0.744417932981478,-11.0935223256323,-1.73188000546106,-0.25595254,-0.88361657,0.6646214,133.56674,111.36154,-16.081963,WAL
2022072428000,234.55504,-0.50426114710608,-11.1603353281579,-2.23351807779225,-0.067500606,-0.6377433,0.61422503,133.33644,111.32246,-16.163475,WAL
2022077425000,234.560037,-0.254989799005309,-11.2466212997095,-2.69850507055995,0.093767814,-0.40622538,0.5589417,133.16154,111.2696,-16.225609,WAL
2022082432000,234.565044,0.0488136902164056,-11.2369354163232,-2.95361802101195,0.16737708,-0.23487769,0.49571714,133.11758,111.206375,-16.19686,WAL
2022087346000,234.569958,0.368886685232894,-11.1884395432811,-3.11850403999382,0.15241088,-0.12064589,0.4111123,133.11784,111.11637,-16.137587,WAL
2022092291000,234.574903,0.605787988655856,-11.1692141962489,-2.99428966364169,0.04062254,-0.081855945,0.30818152,133.2125,111.0218,-15.986931,WAL
2022097346000,234.579958,0.818592906585914,-11.1597565021002,-2.7672976958777,-0.1432479,-0.12736541,0.18295415,133.30586,110.92571,-15.8112545,WAL
2022102338000,234.58495,0.818103759242454,-11.3259844225686,-2.43886826981653,-0.35094208,-0.2134974,0.040011674,133.41412,110.84421,-15.56158,WAL
2022107318000,234.58993,0.728721502978891,-11.5659051820872,-2.0672262155652,-0.55863625,-0.30848694,-0.09468412,133.49562,110.78027,-15.292242,WAL
2022112361000,234.594973,0.383535390971165,-11.82107579165,-1.5667073113336,-0.70005155,-0.41630468,-0.20372356,133.52646,110.69701,-14.986514,WAL
2022117347000,234.599959,-0.0801956859571485,-12.0792350769924,-1.01214230676812,-0.7715228,-0.54000485,-0.27000242,133.51729,110.63106,-14.6731415,WAL
2022122421000,234.605033,-0.600065974856136,-12.1008403461538,-0.508425536186142,-0.75991637,-0.6808093,-0.2782491,133.41698,110.543045,-14.390322,WAL
2022127425000,234.610037,-1.13472512773928,-12.0117306538462,-0.0394263022108044,-0.6753115,-0.79045963,-0.24923302,133.28838,110.45668,-14.115735,WAL
2022132326000,234.614938,-1.54920701143752,-11.8889507547983,0.174749527790834,-0.5458081,-0.8362745,-0.19639318,133.03589,110.34991,-13.95067,WAL
2022137346000,234.619958,-1.9117039052879,-11.7430104277321,0.254781320211516,-0.39645153,-0.81214535,-0.13164146,132.77739,110.23357,-13.805675,WAL
2022142327000,234.624939,-1.94514485945017,-11.9541419398625,0.207596207941581,-0.23945917,-0.75655663,-0.09162979,132.4208,110.11336,-13.788463,WAL
2022147354000,234.629966,-1.75051134930261,-12.416396793208,0.0713527274663432,-0.103847094,-0.70341134,-0.052839845,132.07779,109.98219,-13.788032,WAL
2022152343000,234.634955,-1.46065823132996,-12.9949745432907,0.0336997612049985,0.0067195175,-0.6432411,-0.036651913,131.7152,109.87817,-13.864464,WAL
2022157325000,234.639937,-1.11049833909551,-13.6479752591491,0.0573592144780323,0.12308934,-0.6065892,-0.04642576,131.36418,109.751785,-13.940254,WAL
2022162374000,234.644986,-0.785148856617328,-14.1854176205842,0.0727285439915137,0.25473082,-0.49235737,-0.06078109,131.0763,109.584366,-13.958031,WAL
2022167349000,234.649961,-0.484255299384251,-14.6320566648905,0.0821314658140912,0.33841935,-0.3979787,-0.11453723,130.79193,109.39873,-13.960453,WAL
2022172366000,234.654978,-0.138718092562292,-14.9973961175201,-0.0620500769472239,0.51007247,-0.35033122,-0.18600847,130.54796,109.09979,-13.869297,WAL
2022177363000,234.659975,0.236838535491466,-15.2978416003531,-0.320245253219541,0.6588182,-0.29993483,-0.2666427,130.33002,108.78498,-13.756773,WAL
2022182344000,234.664956,0.61403488516987,-15.4822052972238,-0.590974114909726,0.8399397,-0.19700404,-0.35063666,130.15355,108.3806,-13.561373,WAL
2022187346000,234.669958,0.995326061294894,-15.5659030999806,-0.874617521083285,0.9923506,-0.06688975,-0.4352415,129.9967,107.94855,-13.344475,WAL
2022192286000,234.674898,1.28238967246525,-15.5518395093009,-1.01574053941128,1.1557571,0.07574729,-0.52534413,129.92258,107.447754,-13.028199,WAL
2022197350000,234.679962,1.47074656028209,-15.4229637112633,-0.995913509484873,1.3228287,0.19120082,-0.6197228,129.87396,106.91344,-12.691522,WAL
2022202338000,234.68495,1.53931061729937,-15.1585819209776,-0.889927223341857,1.4828753,0.25228736,-0.7357872,129.89978,106.32627,-12.263131,WAL
2022207329000,234.689941,1.49700330236035,-14.7637139590873,-0.701894803036979,1.6352862,0.26145032,-0.8622363,129.93726,105.70337,-11.815984,WAL
2022212339000,234.694951,1.33108604224138,-14.2041288037813,-0.488794298362069,1.8044959,0.22296582,-0.9950995,129.98286,105.022934,-11.325107,WAL
2022217345000,234.699957,1.03051242413793,-13.4667836963166,-0.249274676206897,1.999362,0.16890424,-1.1108584,130.02063,104.3039,-10.818802,WAL
2022222330000,234.704942,0.649233280892594,-12.7362132375674,-0.0597068571397744,2.250122,0.10293079,-1.1976013,130.01598,103.5383,-10.316584,WAL
2022227355000,234.709967,0.158322128612065,-12.0045673229034,0.0677412296184404,2.5399778,0.07422013,-1.282817,130.0027,102.72473,-9.79649,WAL
2022232306000,234.714918,-0.330148188016003,-11.4715988681578,0.213556349663575,2.850908,0.07391469,-1.361924,129.93951,101.89669,-9.328507,WAL
2022237307000,234.719919,-0.830945181360247,-11.223377293417,0.392101371403892,3.1774156,0.101098195,-1.4398094,129.87682,101.022484,-8.847495,WAL
2022242256000,234.724868,-1.35420898888889,-11.0672187257384,0.553272754149086,3.4636059,0.10598512,-1.5128077,129.7697,100.177734,-8.437883,WAL
2022247319000,234.729931,-2.0151858025641,-11.3137741723466,0.647698005420318,3.670384,0.08124508,-1.5552629,129.66658,99.327675,-8.023364,WAL
2022252238000,234.73485,-2.63104132210204,-11.6302260856705,0.557519210210587,3.73819,0.06872234,-1.5919148,129.52406,98.56736,-7.686455,WAL
2022257307000,234.739919,-3.21188792515555,-12.1134904842539,0.0928419520283335,3.6728272,0.08857546,-1.5839735,129.39188,97.87706,-7.357501,WAL
2022262281000,234.744893,-3.7931684804112,-12.595884051245,-0.446093774096498,3.6004398,0.16493362,-1.5705346,129.23624,97.366394,-7.1268644,WAL
2022267313000,234.749925,-4.41552737376795,-13.1087077057547,-1.24271314615559,3.3832772,0.31123585,-1.5274686,129.11418,96.984505,-6.912447,WAL
2022272239000,234.754851,-5.01002085442912,-13.5321461376848,-1.96370616372384,3.12763,0.4615087,-1.4657712,129.02167,96.81828,-6.811579,WAL
2022277325000,234.759937,-5.5898160254439,-13.7882220249975,-2.57249123203055,2.8728993,0.591623,-1.3857478,128.96852,83.2625,-6.7303505,WAL
2022282261000,234.764873,-6.1327138028169,-14.0239899844976,-3.01979283644957,2.6548204,0.6597345,-1.2867876,128.93535,83.1684,-6.8002706,WAL
2022287307000,234.769919,-6.63975862535211,-14.2341170819548,-3.12942411462331,2.485,0.6392705,-1.1829406,128.91241,83.05147,-6.885939,WAL
2022292273000,234.774885,-7.15089959225753,-14.4008474236621,-3.17507864303902,2.3918428,0.54336464,-1.0961977,128.9255,82.88071,-7.032577,WAL
2022297323000,234.779935,-7.72658830150088,-14.3858291491564,-2.93479111224511,2.350915,0.37843102,-1.0302242,128.91052,82.70222,-7.188883,WAL
2022302277000,234.784889,-8.18593138723445,-14.3635153679818,-2.71303376015744,2.3515258,0.19517145,-1.0106765,128.92845,82.51275,-7.340554,WAL
2022307292000,234.789904,-8.33169123975721,-14.3179656221548,-2.5308347292868,2.3671029,0.017715093,-1.0622946,128.89856,82.33275,-7.478679,WAL
2022312331000,234.794943,-8.31766939622642,-14.2008431498154,-2.42224872712264,2.3890939,-0.10873401,-1.2046263,128.86356,82.13409,-7.6048026,WAL
2022317287000,234.799899,-7.40267958490566,-13.6849449960008,-2.73373449599057,2.361605,-0.11789699,-1.3264939,128.81194,81.946396,-7.7135086,WAL
2022322311000,234.804923,-6.47732904028566,-13.1479908245743,-2.99053895761765,2.147802,0.115453534,-1.3610078,128.81152,81.76974,-7.8029413,WAL
2022327341000,234.809953,-5.55994767423549,-12.5525745912836,-3.00377036294635,1.7742581,0.24373524,-1.319469,128.77908,81.62187,-7.874096,WAL
2022332638000,234.81525,-4.58326353170248,-11.9284585150413,-2.99967420178512,1.6041322,0.33414328,-1.2311989,128.82016,81.57131,-7.8536053,WAL
2022337270000,234.819882,-3.61052582036364,-11.4152053527273,-2.79437288581818,1.6108516,0.48747048,-1.1710287,128.91354,81.53577,-7.8398976,WAL
2022342277000,234.824889,-2.62805917313164,-10.9272442155881,-2.56626382959327,1.707063,0.6872234,-1.1181889,129.02357,81.581985,-7.75303,WAL
2022347274000,234.829886,-1.9424943514426,-10.7258894448006,-2.31217338800842,1.8249599,0.89827734,-1.0937542,129.17944,81.61436,-7.6801763,WAL
2022352268000,234.83488,-1.28792266865459,-10.5731987113157,-2.03158868256608,1.9263636,1.0170907,-1.1148291,129.32967,81.713615,-7.523946,WAL
2022357275000,234.839887,-0.760987812806653,-10.6254175426195,-1.63757431517672,1.9633209,1.2134838,-1.1343768,129.56288,81.795746,-7.383615,WAL
2022362267000,234.844879,-0.248958290473,-10.6822798185849,-1.28700946041585,1.9746219,1.3417655,-1.1914927,129.77806,81.93182,-7.166602,WAL
2022367270000,234.849882,0.199574700268033,-10.7625432611352,-1.14064602493102,1.9764545,1.3961325,-1.2134838,130.02966,82.0527,-6.9617705,WAL
2022372313000,234.854925,0.624818504519573,-10.8270908766311,-1.01300290854093,1.981036,1.5146403,-1.2253957,130.38312,82.196915,-6.6481953,WAL
2022382314000,234.864926,1.14646745918113,-10.7645341288714,-0.999886034394477,2.000889,1.8093829,-1.2009611,131.18921,82.44723,-5.973213,WAL
2022387347000,234.869959,1.27587598027615,-10.690586333589,-1.1061859478857,2.022575,1.9422461,-1.1664472,131.64975,82.53592,-5.62262,WAL
2022392488000,234.8751,1.39129506489673,-10.6064957546921,-1.22674175263605,2.035403,2.0491474,-1.1349876,132.15489,82.61029,-5.242171,WAL
2022397314000,234.879926,1.30411664973121,-10.4277794574177,-1.47955929316231,1.994475,2.0955732,-1.1160508,132.67615,82.65725,-4.8786163,WAL
2022402192000,234.884804,1.21599888985193,-10.247137497595,-1.73510093482977,1.9312505,2.1951442,-1.0781772,133.24863,82.685875,-4.522112,WAL
2022407219000,234.889831,0.990312216494157,-9.82895536460768,-2.28621766888147,1.863139,2.3280075,-1.0259482,133.83812,82.69576,-4.1856766,WAL
2022412209000,234.894821,0.743687279640969,-9.39569971427147,-2.8163537871846,1.8551978,2.4877486,-0.945314,134.45677,82.67649,-3.8792596,WAL
2022417231000,234.899843,0.431913340797846,-9.03116396828563,-2.91708077292311,1.8710803,2.5787675,-0.87689704,135.07271,82.68448,-3.605048,WAL
2022422221000,234.904833,0.118193332862641,-8.66270666888692,-3.02558200254589,1.8817704,2.5912905,-0.8426886,135.79012,82.66722,-3.3552856,WAL
2022427262000,234.909874,-0.234330308553385,-8.23396175942372,-3.21137155450957,1.8396207,2.5885415,-0.80481493,136.51807,82.64543,-3.1304157,WAL
2022432226000,234.914838,-0.575243010485285,-7.81875652722666,-3.37679411446112,1.7935003,2.5854871,-0.75441855,137.2824,82.570595,-2.9531088,WAL
2022437226000,234.919838,-0.841213581524069,-7.48745985016566,-3.32546635184175,1.7837266,2.545781,-0.71685034,138.02621,82.494125,-2.7829463,WAL
2022442313000,234.924925,-1.10702477622052,-7.15517246431706,-3.26923085945328,1.7592919,2.5189028,-0.711658,138.8048,82.40268,-2.6607957,WAL
2022447240000,234.929852,-1.24938196829402,-6.94810751908941,-3.11824605704882,1.6878207,2.5158484,-0.7266242,139.57146,82.32794,-2.5439577,WAL
2022452277000,234.934889,-1.39491742120132,-6.73641965038398,-2.96389037413604,1.6029104,2.4819455,-0.7461719,140.33571,82.22176,-2.4621532,WAL
2022457294000,234.939906,-1.59098023501117,-6.43150846516374,-2.71122653432125,1.5641204,2.359467,-0.7538077,141.06833,82.12712,-2.37739,WAL
2022462313000,234.944925,-1.79649021544068,-6.109231213196,-2.44032699692936,1.4923438,2.2180517,-0.7583892,141.78084,82.07046,-2.2865736,WAL
2022467313000,234.949925,-1.94837908463987,-5.77455537962595,-2.25987111157979,1.4196508,2.111761,-0.7678576,142.46834,81.98547,-2.212838,WAL
2022472242000,234.954854,-2.08456281399721,-5.44114030431755,-2.1049033908078,1.3261884,2.0418172,-0.7632761,143.12083,81.92957,-2.1388955,WAL
2022477335000,234.959947,-2.18127412233677,-5.14193035556903,-1.88181441032949,1.2260065,1.9727893,-0.7816021,143.7442,81.83688,-2.087498,WAL
2022482274000,234.964886,-2.26254528247423,-4.86465198029109,-1.64756209311704,1.1120802,1.8988746,-0.7870999,144.34167,81.77713,-2.0395324,WAL
2022487311000,234.969923,-2.34333783635118,-4.69074564441617,-1.47121102729764,0.9944886,1.842675,-0.8002335,144.92975,81.7066,-2.0095737,WAL
2022492267000,234.974879,-2.42231063161398,-4.54673642096506,-1.31326543677205,0.8735373,1.820073,-0.8206975,145.50345,81.67368,-1.9759195,WAL
2022497315000,234.979927,-2.43840079026683,-4.12744107822923,-0.514615429836264,0.7657196,1.7629571,-0.82986045,146.048,81.622635,-1.9564863,WAL
2022502241000,234.984853,-2.43363276679806,-3.63156106124924,0.467608358035173,0.6188065,1.6588045,-0.8350528,146.57008,81.62069,-1.931019,WAL
2022507304000,234.989916,-2.48942471232746,-3.46132958933841,0.830724424397906,0.43127087,1.5476271,-0.82863873,147.07434,81.62353,-1.9215044,WAL
2022512300000,234.994912,-2.56229782836744,-3.39301113222275,0.999243427958115,0.25992316,1.4660766,-0.8142834,147.55406,81.66521,-1.911136,WAL
2022517311000,234.999923,-2.63843987883197,-3.36444829524098,1.06003653915328,0.103847094,1.4071281,-0.79809546,147.95628,81.58331,-1.8965315,WAL
2022522255000,235.004867,-2.7149845583106,-3.35488025401637,1.06960463033242,-0.032986723,1.3735305,-0.7831292,148.33798,81.54385,-1.885029,WAL
2022527319000,235.009931,-2.77243514049513,-3.3686166328793,1.02239984409922,-0.1441642,1.3713925,-0.7519751,148.7065,81.496796,-1.8969817,WAL
2022532265000,235.014877,-2.81952899730563,-3.39216343834758,0.951759206407835,-0.24617869,1.3799446,-0.7305948,149.0639,81.48511,-1.9107237,WAL
2022537301000,235.019913,-2.80623982923516,-3.37981987270289,0.840615431884409,-0.3472769,1.4132367,-0.7128797,149.43806,81.485405,-1.9529865,WAL
2022542293000,235.024905,-2.76487667353348,-3.35086579760339,0.712389955864336,-0.44868052,1.423316,-0.70188415,149.80266,81.51254,-1.9995084,WAL
2022547294000,235.029906,-2.70770348712983,-3.31617772969567,0.565864735049698,-0.5522222,1.4367551,-0.68966687,150.18619,81.57096,-2.0666852,WAL
2022552310000,235.034922,-2.62402351073881,-3.27187641152782,0.388659960945794,-0.64721173,1.4511104,-0.6722572,150.56714,81.65216,-2.1389663,WAL
2022557302000,235.039914,-2.5060791096419,-3.24264397980659,0.256156655505553,-0.6927212,1.4691309,-0.6618725,150.96397,81.76861,-2.209697,WAL
2022562338000,235.04495,-2.33983657387016,-3.23340833963041,0.182271100124473,-0.784351,1.4773777,-0.6389651,151.35593,81.918686,-2.2884738,WAL
2022567262000,235.049874,-2.1868955396813,-3.23505637161013,0.138678795784534,-0.8735373,1.4895949,-0.6169739,151.765,82.10765,-2.3598316,WAL
2022572308000,235.05492,-2.0498916819826,-3.25867766004497,0.152851608309708,-0.95447695,1.4712689,-0.5882632,152.16191,82.31277,-2.4377005,WAL
2022577305000,235.059917,-1.94606263409857,-3.2917473905803,0.199567848372051,-1.03786,1.4343116,-0.5543602,152.55981,82.554794,-2.488632,WAL
2022582315000,235.064927,-1.91983697052929,-3.34856965404027,0.326325083846224,-1.1133019,1.3634512,-0.528093,152.9375,82.80955,-2.542042,WAL
2022587281000,235.069893,-1.89578277474232,-3.4125141666045,0.463479081662904,-1.1985176,1.2589933,-0.49174652,153.2915,83.080734,-2.5740275,WAL
2022592298000,235.07491,-1.89106629240208,-3.55400873530971,0.718169325031903,-1.2873985,1.1273518,-0.4447099,153.61197,83.36287,-2.6114378,WAL
2022597397000,235.080009,-1.88725891718589,-3.69460677344234,0.979661199862306,-1.3643675,0.9807441,-0.40408736,153.88931,83.62023,-2.641654,WAL
2022602310000,235.084922,-1.89535720703959,-3.79178582888124,1.26310003404475,-1.4434745,0.8127562,-0.35308012,154.11719,83.88671,-2.682071,WAL
2022607295000,235.089907,-1.90357417730637,-3.89038904308089,1.55069266347676,-1.5308284,0.65118235,-0.28191432,154.28261,84.092476,-2.717444,WAL
2022612318000,235.09493,-1.96604902336383,-4.20405651161154,1.95773916755806,-1.6157386,0.47800204,-0.18784106,154.39145,84.29932,-2.7681494,WAL
2022617249000,235.099861,-2.04675621282799,-4.58860287900875,2.39925526618076,-1.7085901,0.34483343,-0.09712757,154.46104,84.50963,-2.8343709,WAL
2022622306000,235.104918,-2.14666066644136,-5.22215707403846,3.03464420777799,-1.7977765,0.24556783,0.04184427,154.45148,84.624435,-2.9107406,WAL
2022627300000,235.109912,-2.25138371489909,-5.93245273365385,3.72672717158225,-1.851838,0.16065755,0.17654006,154.40475,84.729385,-3.0093014,WAL
2022632306000,235.114918,-2.33274856541239,-6.97040006555476,4.5230226920777,-1.8643607,0.08582657,0.33414328,154.31094,84.68119,-3.1461337,WAL
2022637306000,235.119918,-2.40092480867487,-8.18783197850097,5.37522507181938,-1.7843374,0.11789699,0.50885075,154.2179,84.59428,-3.327272,WAL
2022642289000,235.124901,-2.16094677774169,-10.0448545107948,6.40236791233282,-1.6142114,0.27397305,0.6093381,154.09535,84.33421,-3.5381918,WAL
2022647322000,235.129934,-1.76956294665648,-12.2319992795185,7.52586962642339,-1.2592987,0.40744713,0.677755,153.9675,83.99891,-3.78934,WAL
2022652306000,235.134918,-0.970899911819376,-14.0726921357713,8.94688511977978,-0.65270954,0.45540005,0.66859204,153.83801,83.48058,-4.085439,WAL
2022657317000,235.139929,0.124725852530559,-15.6918910632387,10.5951716898677,-0.2669481,0.45845437,0.50518554,153.72913,82.96968,-4.3527584,WAL
2022662323000,235.144935,1.50309046056296,-16.8080161626667,11.458542741037,0.53023106,0.42455134,0.17012598,153.65033,82.24504,-4.503503,WAL
2022667314000,235.149926,3.0609460540642,-17.5963856497778,11.8126008304691,1.0629056,0.46028697,-0.18325958,153.59903,81.54885,-4.5986705,WAL
2022672307000,235.154919,4.22566496591566,-18.1520157218371,11.4035175304737,1.282817,0.6252206,-0.43371433,153.60663,80.74623,-4.435783,WAL
2022677320000,235.159932,5.10854857943385,-18.5403002287695,10.4374302319469,1.3038919,0.8927795,-0.573297,153.6743,79.90461,-4.2260404,WAL
2022682311000,235.164923,4.83377763799833,-17.5133657796673,8.86177856732646,1.1801916,1.1175779,-0.63255095,153.88287,79.19237,-3.7207057,WAL
2022687306000,235.169918,3.42016409116253,-15.0906631312146,6.67912370811263,0.97066486,1.2351695,-0.6536258,154.15004,78.49341,-3.2342157,WAL
2022692285000,235.174897,2.28907527680962,-13.1575995167566,5.14148687550168,0.7651087,1.2394456,-0.6603453,154.55151,78.03128,-2.616456,WAL
2022697321000,235.179933,1.67497731621473,-12.1210019885912,4.80250477412651,0.5842926,1.1899655,-0.66859204,154.97101,77.60016,-2.0381765,WAL
2022702305000,235.184917,1.06722031947031,-11.0951080091678,4.46702288507691,0.4251622,1.104139,-0.6704246,155.35678,77.37091,-1.697635,WAL
2022707295000,235.189907,0.45873167305083,-10.0679790048895,4.13113712537435,0.28527406,1.0015136,-0.6597345,155.7213,77.1826,-1.3647494,WAL
2022712356000,235.194968,-0.721042385711662,-8.43160896388124,3.80714275852464,0.12950343,0.9114109,-0.59986967,156.06877,77.03989,-1.0547825,WAL
2022717312000,235.199924,-2.61451223724518,-6.04903307529844,3.51174215087236,-0.04734206,0.8078693,-0.48624873,156.3779,76.93806,-0.7642652,WAL
2022722299000,235.204911,-3.82160328559623,-4.78300539406169,3.30097548861343,-0.24098633,0.7357872,-0.31642818,156.58737,76.878494,-0.6922386,WAL
2022727326000,235.209938,-4.21943785327184,-4.83389127039493,3.18995182430095,-0.42302418,0.72356987,-0.12339478,156.77425,76.86541,-0.6565407,WAL
2022732273000,235.214885,-4.53170423891189,-5.13536596309876,3.19448517859255,-0.6200282,0.73364913,0.08460484,156.80301,76.84122,-0.9803516,WAL
2022737317000,235.219929,-4.71738443820225,-5.86380353033708,3.38968738202247,-0.8029824,0.7107417,0.26206118,156.80234,76.85129,-1.3454063,WAL
2022742273000,235.224885,-4.87737307838536,-6.86931270825214,3.69217787572082,-0.96669424,0.59773165,0.42394048,156.7526,76.88122,-1.8231517,WAL
2022747320000,235.229932,-4.99751149907536,-8.44553060016902,4.2111763709485,-1.0861185,0.4596761,0.5308419,156.67639,76.92278,-2.330057,WAL
2022752243000,235.234855,-5.27837939302326,-10.2899449767442,4.62069772325581,-1.0980303,0.044593163,0.5693264,156.46678,76.94854,-2.8636146,WAL
2022757330000,235.239942,-5.90780090004969,-12.8318393007354,4.84341615866627,-1.0677924,-0.54336464,0.6020077,156.15866,76.959114,-3.4004567,WAL
2022762285000,235.244897,-6.37726693812907,-14.90142302388,4.50481119060588,-0.93370754,-1.2315043,0.6270532,155.68127,76.90702,-3.909735,WAL
2022767353000,235.249965,-6.55447290378922,-16.1610215634498,2.98658777008092,-0.7360926,-1.7892243,0.6377433,155.07462,76.80284,-4.385949,WAL
2022772244000,235.254856,-6.62703162132791,-17.1976536779476,1.9454395330389,-0.46120325,-1.9822577,0.6826419,154.38956,76.65683,-4.909304,WAL
2022777386000,235.259998,-6.45597770439659,-17.8378831997817,1.9161159971318,-0.1328632,-1.645671,0.7693848,153.70482,76.42286,-5.4266605,WAL
2022782292000,235.264904,-5.90632008152735,-18.3564553450605,2.04749680779623,0.2669481,-1.0751228,0.852157,153.13495,76.30016,-5.914157,WAL
2022787346000,235.269958,-4.3578819246646,-18.6561534199268,2.58786087196735,0.8454375,-0.7312057,0.81489426,152.61069,76.0383,-6.378816,WAL
2022792304000,235.274916,-2.80107015094565,-18.4777846782799,2.80595858283496,1.491733,-0.67073005,0.64812803,152.20474,75.70384,-6.7839646,WAL
2022797352000,235.279964,-1.00610619518216,-15.6722513969739,1.29491657313558,1.820073,-0.9456194,0.2779437,151.82498,75.34201,-7.101315,WAL
2022802322000,235.284934,0.574458436871002,-12.8747321904898,-0.225700093778287,1.6762142,-1.2883148,-0.16340645,151.52592,75.060165,-7.129051,WAL
2022807331000,235.289943,1.09204034867755,-9.85168690827843,-1.94791961204239,1.1032226,-1.1976013,-0.45753807,151.28911,74.84458,-7.1033697,WAL
2022812435000,235.295047,1.56241359818295,-6.85970316993043,-3.56534748530786,0.2968805,-0.87017757,-0.6545421,151.13689,74.943695,-6.800502,WAL
2022817350000,235.299962,1.33270846283875,-5.03672410732011,-3.47737526238189,-0.49113566,-0.6951646,-0.7330383,150.98167,75.201225,-6.45471,WAL
2022822304000,235.304916,1.07671811790967,-3.32237413510404,-3.31520877073545,-1.1203269,-0.7507534,-0.6963864,150.89542,75.73449,-6.0523267,WAL
2022827393000,235.310005,0.637441220243552,-2.44849348517595,-2.61890816340972,-1.5210545,-0.9627236,-0.602924,150.81023,76.414635,-5.6487513,WAL
2022832562000,235.315174,0.191698175966159,-1.61748981904285,-1.97453658910693,-1.824349,-1.2599095,-0.51007247,150.6446,77.14419,-5.3041744,WAL
2022837354000,235.319966,-0.21723185063376,-1.40153806077293,-1.99291545398478,-2.068695,-1.5326608,-0.43004912,150.41754,77.95588,-4.9740734,WAL
2022842475000,235.325087,-0.645512233070692,-1.1916470503713,-2.03586709864018,-2.2427917,-1.7238617,-0.3472769,150.07341,78.67375,-4.743915,WAL
2022847352000,235.329964,-0.947306801822741,-1.24569981639502,-2.3601836477481,-2.3203716,-1.7968601,-0.25442538,149.67937,79.418724,-4.5361104,WAL
2022852667000,235.335279,-1.27976808268187,-1.32133870131518,-2.7133692692909,-2.3399193,-2.0534234,-0.13041973,149.14752,80.14144,-4.4173365,WAL
2022857335000,235.339947,-1.65391624657408,-1.77360569279868,-3.01762159262393,-2.3112087,-2.1587977,-0.047036625,148.63391,80.85691,-4.326234,WAL
2022862318000,235.34493,-2.05331219787547,-2.2563919864067,-3.34240508173457,-2.3127358,-2.4058928,0.10598512,147.98831,81.56244,-4.3337274,WAL
2022867348000,235.34996,-2.54691788063006,-2.96535140856335,-3.69350704583049,-2.250122,-2.6569583,0.24465153,147.3085,82.20827,-4.369442,WAL
2022872243000,235.354855,-3.0498566679606,-3.71061523017653,-4.04099193849605,-2.176513,-2.7870727,0.36835176,146.58835,82.79248,-4.452857,WAL
2022877373000,235.359985,-3.3063854745821,-4.28661456047198,-4.32558535334317,-2.0949624,-2.7467556,0.47494772,145.83148,83.28319,-4.6505847,WAL
2022882250000,235.364862,-3.45793908879056,-4.76423830442478,-4.56898970967552,-2.0186043,-2.533869,0.5876524,145.08646,83.64618,-4.8991456,WAL
2022887344000,235.369956,-3.47082685041546,-5.34831338292121,-4.35676239189108,-1.9129245,-2.2678373,0.7174612,144.35619,83.81568,-5.2817926,WAL
2022892299000,235.374911,-3.42332155058564,-5.9516308891781,-3.95771777411152,-1.7956384,-2.0231857,0.8784242,143.68538,83.79179,-5.719393,WAL
2022897346000,235.379958,-3.38179398422002,-6.75245839591223,-3.62679268327823,-1.6823229,-1.815186,1.0690142,143.08873,83.566154,-6.2321124,WAL
2022902355000,235.384967,-3.34334482795311,-7.62237249486023,-3.32881103216111,-1.6007724,-1.6282613,1.2452488,142.56578,83.15804,-6.793975,WAL
2022907327000,235.389939,-3.0940521044095,-8.52403411759337,-3.31814045113834,-1.5464053,-1.4330899,1.4184291,142.11682,82.6056,-7.393412,WAL
2022912428000,235.39504,-2.75482381399236,-9.46418113220575,-3.41990895597441,-1.5097535,-1.2382239,1.5741998,141.73293,98.05504,-8.036582,WAL
2022917341000,235.399953,-2.42809795811716,-10.3696785411041,-3.51792672979515,-1.4914275,-0.97249746,1.7614299,141.44676,98.77535,-8.702004,WAL
2022922346000,235.404958,-2.09525388959377,-11.2921321400327,-3.61777996772978,-1.4517213,-0.7473936,1.9318613,141.21701,99.54878,-9.396778,WAL
2022927375000,235.409987,-1.64153133488644,-12.0975366339799,-3.50923454408812,-1.4071281,-0.6450737,2.048842,141.0362,100.36404,-10.116162,WAL
2022932324000,235.414936,-1.14258149085681,-12.8367210878253,-3.31057852915489,-1.3946054,-0.6270532,2.1041253,140.90807,101.20877,-10.852871,WAL
2022937350000,235.419962,-0.689584166298387,-13.3694998935484,-2.99659820556452,-1.430341,-0.6582073,2.1001546,140.8804,101.84797,-11.366076,WAL
2022942336000,235.424948,-0.270809317602823,-13.7738343362903,-2.6211449165121,-1.4993688,-0.68111473,2.0436497,140.86678,102.4844,-11.866715,WAL
2022947346000,235.429958,0.0448100913223803,-13.890017396113,-2.4209921464436,-1.5726726,-0.6948592,1.9495764,140.88023,102.946754,-12.199042,WAL
2022952353000,235.434965,0.304212804505109,-13.8515875926668,-2.31530958504308,-1.5940529,-0.6731735,1.8851302,140.89893,103.40045,-12.517302,WAL
2022957335000,235.439947,0.516912337527734,-13.6738371266838,-2.35694450351624,-1.613906,-0.59498274,1.7198911,140.93817,103.6609,-12.661462,WAL
2022962367000,235.444979,0.707841409857369,-13.420856018126,-2.47627512388075,-1.5809193,-0.43279803,1.5161675,141.00493,103.89352,-12.774952,WAL
2022967351000,235.449963,0.908271119651472,-13.1531777508122,-2.52773757445112,-1.5418239,-0.1908954,1.2873985,141.1142,104.014404,-12.772643,WAL
2022972339000,235.454951,1.1152063314266,-12.8756962487939,-2.54184678339076,-1.509448,0.040011674,1.0241156,141.25954,104.079575,-12.704957,WAL
2022977406000,235.460018,1.2964611753453,-12.5028705872139,-2.30195209549132,-1.4703526,0.15424347,0.7791586,141.43738,104.08575,-12.551363,WAL
2022982350000,235.464962,1.4552834195442,-12.0824588934491,-1.90956760409432,-1.4703526,0.086132,0.5458081,141.61957,104.04421,-12.334862,WAL
2022987342000,235.469954,1.561385735697,-11.524970770147,-1.51867245987158,-1.4941764,-0.1826487,0.3454443,141.77066,103.94625,-12.041963,WAL
2022992293000,235.474905,1.6275705525777,-10.8763602834543,-1.13480080761586,-1.509448,-0.5849035,0.19517145,141.85672,103.82343,-11.717912,WAL
2022997350000,235.479962,1.49302671142257,-10.1365050519685,-0.914130096897638,-1.5424347,-1.0091494,0.050396383,141.8403,103.60281,-11.331608,WAL
2023002351000,235.484963,1.09077066475171,-9.30182318834646,-0.924186485725984,-1.570229,-1.3860532,-0.0729984,141.72469,103.3797,-10.940873,WAL
2023007338000,235.48995,0.614449434147102,-8.6279871202338,-1.14877366136873,-1.6145169,-1.674687,-0.16279559,141.47997,103.17815,-10.5768175,WAL
2023012403000,235.495015,0.0615742596074038,-8.08928842427667,-1.574062270453,-1.6502525,-1.8493946,-0.25259277,141.169,102.974464,-10.204424,WAL
2023017340000,235.499952,-0.402453245227071,-7.61471337069254,-2.05969936222047,-1.6496416,-1.8533652,-0.2864958,140.81099,102.874016,-9.9353695,WAL
2023022350000,235.504962,-0.790035131888484,-7.18931856949069,-2.63161896974682,-1.5916094,-1.7434094,-0.24984388,140.4501,102.78002,-9.675461,WAL
2023027326000,235.509938,-1.18314440256002,-7.00081273018229,-2.94547817895209,-1.5149459,-1.5754215,-0.18509217,140.07567,102.8611,-9.535487,WAL
2023032343000,235.514955,-1.58995598600458,-7.11089127740811,-2.93590619872497,-1.4654657,-1.3817772,-0.10323623,139.75237,102.95366,-9.411296,WAL
2023037276000,235.519888,-1.82339147966966,-7.30596488758848,-2.86973206579519,-1.4740179,-1.2070698,-0.0018325958,139.45067,103.23579,-9.391056,WAL
2023042334000,235.524946,-1.83253531249646,-7.62599927522416,-2.72343059734781,-1.4828753,-1.0873401,0.106901415,139.19618,103.5298,-9.392358,WAL
2023047244000,235.529856,-1.79904504779167,-7.94927658541667,-2.5828728253125,-1.5128077,-1.0464121,0.16126843,138.94212,103.89512,-9.480849,WAL
2023052352000,235.534964,-1.661462238375,-8.31616400625,-2.4401944134375,-1.5354098,-0.9443977,0.2489276,138.7497,104.28566,-9.600855,WAL
2023057265000,235.539877,-1.49854769740442,-8.62476348247751,-2.16543527400675,-1.5259414,-0.8060367,0.31612277,138.58469,104.646545,-9.726803,WAL
2023062354000,235.544966,-1.27934364790105,-8.87136778185907,-1.65395901544228,-1.4923438,-0.64660084,0.39278635,138.46294,105.01826,-9.8715725,WAL
2023067247000,235.549859,-1.05887626305441,-9.06785414168378,-1.18376795089836,-1.4608842,-0.5717699,0.46211955,138.379,105.3302,-9.995396,WAL
2023072308000,235.55492,-0.800113687882957,-9.14249713675565,-0.765766944671458,-1.4532484,-0.5925393,0.49968776,138.31749,105.640045,-10.12512,WAL
2023077327000,235.559939,-0.561079347225022,-9.16156535635932,-0.427662778476134,-1.4431691,-0.6542367,0.51893,138.27217,105.85923,-10.248045,WAL
2023082355000,235.564967,-0.361218518621405,-9.05687672190928,-0.261112079691669,-1.450805,-0.7632761,0.5112942,138.20772,106.075325,-10.373709,WAL
2023087304000,235.569916,-0.205189394304283,-8.92650570057977,-0.177575703267253,-1.4123205,-0.93676186,0.48747048,138.06998,106.254616,-10.485501,WAL
2023092298000,235.57491,-0.151522027558444,-8.72525319786796,-0.298327288952684,-1.3329079,-1.0940597,0.4550946,137.90608,106.41781,-10.596106,WAL
2023097295000,235.579907,-0.102090624854369,-8.52084810194175,-0.434768426019418,-1.2373075,-1.2049317,0.4392121,137.68503,106.56258,-10.688285,WAL
2023102347000,235.584959,-0.0786042005747573,-8.2953780776699,-0.669632629576699,-1.1285735,-1.2660183,0.41080686,137.43303,106.674355,-10.7737255,WAL
2023107317000,235.589929,-0.0687745325814837,-8.08310811237752,-0.897228618576285,-1.0332786,-1.2925909,0.39584067,137.16968,106.7921,-10.858225,WAL
2023112396000,235.595008,-0.204940989030194,-7.97125712722455,-1.09175213504299,-0.9660834,-1.3075571,0.39828414,136.89441,106.88659,-10.942255,WAL
2023117287000,235.599899,-0.341053112496124,-7.87483729488372,-1.27340350124031,-0.92087936,-1.2901474,0.39003745,136.65292,106.97834,-11.011831,WAL
2023122348000,235.60496,-0.541438508657364,-7.90990476772093,-1.39363470964341,-0.89827734,-1.2388347,0.38423425,136.42012,107.05843,-11.08115,WAL
2023127372000,235.609984,-0.742484198269896,-7.95176503910035,-1.48470323944637,-0.9086621,-1.1490375,0.38545597,136.19858,107.20327,-11.183546,WAL
2023132356000,235.614968,-0.953061302491349,-8.0302153116955,-1.42689780719723,-0.9434814,-1.0442741,0.40011674,135.99954,107.34541,-11.282557,WAL
2023137323000,235.619935,-1.16292014612457,-8.10839799708477,-1.36928954435986,-0.9960158,-0.93951076,0.4269948,135.83572,107.51179,-11.409987,WAL
2023142360000,235.624972,-1.4058160277954,-8.12915945816812,-1.21942522287867,-1.0690142,-0.87964594,0.46609017,135.6928,107.68955,-11.53823,WAL
2023147314000,235.629926,-1.65037012975813,-8.13856533039255,-1.05482145224029,-1.1340714,-0.76083267,0.49113566,135.59898,107.87347,-11.656157,WAL
2023152337000,235.634949,-1.90184942388444,-8.19880070980509,-0.892083281319877,-1.1588113,-0.6747007,0.5510005,135.47485,108.12455,-11.85153,WAL
2023157337000,235.639949,-2.15294806838825,-8.26986606055209,-0.731001160017809,-1.2153164,-0.6096435,0.61636305,135.38203,108.39292,-12.043266,WAL
2023162366000,235.644978,-2.31915036810881,-8.31888314806264,-0.664161457404136,-1.2461652,-0.57360244,0.68966687,135.26599,108.69145,-12.30486,WAL
2023167274000,235.649886,-2.46069709796226,-8.36134803904838,-0.621697423667938,-1.2574661,-0.55771995,0.7528914,135.16681,108.99725,-12.570598,WAL
2023172335000,235.654947,-2.5426257251676,-8.44033788693604,-0.644509211114332,-1.2260065,-0.5543602,0.8127562,135.03017,109.32346,-12.899965,WAL
2023177328000,235.65994,-2.60760633160899,-8.52697851458598,-0.68349752069759,-1.20371,-0.6026186,0.8707884,134.8871,109.65386,-13.23866,WAL
2023182341000,235.664953,-2.64854984195283,-8.70497315804717,-0.776731724917253,-1.1820242,-0.6808093,0.91904676,134.70836,110.0044,-13.615039,WAL
2023187340000,235.669952,-2.67330905957799,-8.94266144042201,-0.905479734128051,-1.1640037,-0.74036866,0.93218035,134.52205,110.343216,-13.988404,WAL
2023192295000,235.674907,-2.62807392938836,-9.21936479960219,-1.02039424731477,-1.1301007,-0.79412484,0.9388999,134.30914,110.68555,-14.377091,WAL
2023197386000,235.679998,-2.5456428168175,-9.52484454589756,-1.13191861480855,-1.0974194,-0.84574294,0.9379836,134.07986,111.01357,-14.759871,WAL
2023202346000,235.684958,-2.40431061838132,-9.88524487638414,-1.16201549746326,-1.0699304,-0.9108001,0.9410379,133.82913,111.34606,-15.133219,WAL
2023207344000,235.689956,-2.23085229643648,-10.2803444741293,-1.15237887650493,-1.0329732,-0.97524637,0.93737274,133.56387,111.656815,-15.497323,WAL
2023212405000,235.695017,-2.02706217815028,-10.6845775103791,-1.06300875355813,-0.9914343,-1.035722,0.93187493,133.28749,111.952644,-15.827638,WAL
2023217360000,235.699972,-1.81433028008966,-11.0822934030796,-0.93814442437969,-0.9068295,-1.1090258,0.90285885,132.98828,112.21642,-16.146997,WAL
2023222339000,235.704951,-1.58219560877331,-11.355722286948,-0.838302369063788,-0.8426886,-1.1517864,0.8503244,132.6857,112.44426,-16.418507,WAL
2023227509000,235.710121,-1.32953334547596,-11.5597957334642,-0.75084232635525,-0.73945236,-1.2043208,0.8023715,132.35889,112.635315,-16.682638,WAL
2023232392000,235.715004,-1.0437872167791,-11.6476122919009,-0.791960846804081,-0.6188065,-1.2232577,0.75777835,132.02383,112.76631,-16.894941,WAL
2023237340000,235.719952,-0.723144629637726,-11.6673445409119,-0.915284930668332,-0.44806966,-1.1777482,0.70738196,131.68924,112.85297,-17.08705,WAL
2023242323000,235.724935,-0.393041547586823,-11.6086334071244,-1.05748170214328,-0.23732115,-1.1365148,0.67073005,131.3574,112.865166,-17.227114,WAL
2023247353000,235.729965,-0.0560620579956341,-11.5082562583846,-1.21043692480651,-0.13255776,-1.0158689,0.6441574,131.05943,112.856705,-17.344305,WAL
2023252326000,235.734938,0.27709877733975,-11.4090165842925,-1.36165885767017,0.06688975,-0.8381071,0.57787853,130.81886,112.76937,-17.379665,WAL
2023257351000,235.739963,0.613743297259377,-11.3087392140306,-1.51446203736853,0.1881465,-0.64599,0.49113566,130.61401,112.669,-17.392256,WAL
2023262405000,235.745017,0.916526915573123,-11.1383255225296,-1.7648881543083,0.22235495,-0.44990227,0.40103304,130.45375,112.54694,-17.37962,WAL
2023267337000,235.749949,1.19189611956522,-10.9329657173913,-2.06359371086957,0.15577064,-0.2593123,0.31703907,130.34126,112.40712,-17.332579,WAL
2023272345000,235.754957,1.29396583567599,-10.9353213480846,-2.32484433535432,0.03573562,-0.109650314,0.22999077,130.36551,112.23112,-17.145218,WAL
2023277403000,235.760015,1.27980082261429,-11.0769709856711,-2.56092721257432,-0.099571034,-0.015577064,0.13072516,130.41998,112.0537,-16.92738,WAL
2023282347000,235.764959,1.09347772780963,-11.320714214143,-2.61729288411906,-0.2275473,-0.009773844,0.03481932,130.55002,111.9004,-16.645367,WAL
2023287344000,235.769956,0.768451690914902,-11.6505202069517,-2.53603633371954,-0.36651915,-0.063224554,-0.05009095,130.6809,111.76193,-16.343977,WAL
2023292287000,235.774899,0.326680970211129,-11.9261311163181,-2.35929108507301,-0.48441613,-0.14721853,-0.13072516,130.8216,111.654434,-16.01963,WAL
2023297354000,235.779966,-0.228664219396212,-12.165504374704,-2.09598090076953,-0.5833763,-0.21655174,-0.21135938,130.94154,111.561035,-15.683731,WAL
2023302354000,235.784966,-0.697825229284784,-12.3102657318441,-1.88956356051287,-0.60903263,-0.25289822,-0.27214047,130.99886,111.47869,-15.388312,WAL
2023307345000,235.789957,-1.09522284286287,-12.3725084963438,-1.73156208915156,-0.56169057,-0.22021692,-0.29535335,131.0508,111.400154,-15.090178,WAL
2023312368000,235.79498,-1.30769017272379,-12.4458816905218,-1.54455604623265,-0.42730024,-0.15974127,-0.2864958,131.00862,111.335915,-14.891817,WAL
2023317317000,235.799929,-1.35306655634275,-12.5275591431307,-1.33582475739588,-0.26389378,-0.10720685,-0.2657264,130.97223,111.25769,-14.695298,WAL
2023322340000,235.804952,-1.25349902460601,-12.773152527664,-1.11371292836313,-0.10140363,-0.06963864,-0.23915374,130.89723,111.17779,-14.575168,WAL
2023327397000,235.810009,-0.963296849895136,-13.2326392849296,-0.876714423898931,0.06658431,-0.0021380284,-0.23273966,130.84653,111.066185,-14.453035,WAL
2023332292000,235.814904,-0.473070126727507,-13.9024122941176,-0.587361943270608,0.23640485,0.076052725,-0.27091873,130.77417,110.9028,-14.339582,WAL
2023337330000,235.819942,0.311838509110207,-14.8931201764706,-0.209265711957643,0.40225476,0.14752395,-0.32498032,130.71964,110.70816,-14.221956,WAL
2023342309000,235.824921,0.912255079951373,-15.6226609586668,-0.0424625795040016,0.5696318,0.16707164,-0.35521814,130.66109,110.41211,-14.049309,WAL
2023347325000,235.829937,1.2675098880154,-16.0022478130888,-0.168991693757066,0.65026605,0.20433442,-0.44715336,130.62091,110.085106,-13.843105,WAL
2023352295000,235.834907,1.45288237052777,-16.1908566576399,-0.177575094633722,0.81306165,0.26236662,-0.5342017,130.6007,109.57156,-13.500375,WAL
2023357336000,235.839948,1.42425414391184,-16.138372065428,-0.0344341050417078,0.95905846,0.33841935,-0.63041294,130.59174,109.03926,-13.136267,WAL
2023362253000,235.844865,1.21304129869591,-15.8981652811697,0.269363532911282,1.0977248,0.3885103,-0.73761976,130.62604,108.43975,-12.690188,WAL
2023367310000,235.849922,0.725010222880854,-15.3718570819008,0.824379308980834,1.2351695,0.3817908,-0.86132,130.66046,107.80579,-12.225701,WAL
2023372260000,235.854872,0.267840331939877,-14.7799250651814,1.29176857144664,1.3356569,0.25045475,-1.0085385,130.65674,107.13017,-11.751433,WAL
2023377433000,235.860045,-0.175564241247203,-14.0328847825664,1.65323968405487,1.4498887,0.06994407,-1.1414018,130.63414,106.42028,-11.263188,WAL
2023382379000,235.864991,-0.586857115328608,-13.3444716243557,1.92929460483247,1.6145169,-0.073303826,-1.2202033,130.49255,105.68737,-10.861068,WAL
2023387351000,235.869963,-0.976935718572349,-12.7001843588918,2.07831341724043,1.844813,-0.17867808,-1.2547172,130.313,104.9195,-10.451224,WAL
2023392337000,235.874949,-1.37550429112344,-12.0982208733901,2.19313623808203,2.1539109,-0.23426682,-1.2702943,130.0446,104.1489,-10.128433,WAL
2023397343000,235.879955,-1.81245865977809,-11.713511707549,2.13614222880919,2.489276,-0.27305678,-1.287093,129.75848,103.34533,-9.805355,WAL
2023402334000,235.884946,-2.24717872282769,-11.4153522169858,1.99589691831124,2.820365,-0.30268374,-1.3048081,129.42201,102.56551,-9.567003,WAL
2023407346000,235.889958,-2.67839171581738,-11.6085730595974,1.37381911638684,3.1340442,-0.31978795,-1.3494014,129.08598,101.75871,-9.319997,WAL
2023412396000,235.895008,-3.11287408106038,-11.803258864703,0.747024842700049,3.378085,-0.29443705,-1.3897184,128.73872,101.031624,-9.149889,WAL
2023417348000,235.89996,-3.53892490733432,-11.9941666086402,0.132394101453117,3.5219436,-0.18997909,-1.4269812,128.41795,100.32758,-8.967843,WAL
2023422346000,235.904958,-3.96158571626123,-12.1947683474584,-0.489974441721161,3.5747833,0.027183503,-1.4465289,128.14946,99.66987,-8.773811,WAL
2023427455000,235.910067,-4.30287382091726,-12.4976617981515,-1.15122003034266,3.530801,0.3295618,-1.4553864,127.944534,99.092636,-8.572857,WAL
2023432250000,235.914862,-4.62318630121196,-12.7819393663789,-1.77182535377975,3.412904,0.602924,-1.4422529,127.84362,98.83349,-8.534522,WAL
2023437351000,235.919963,-5.11616578812057,-13.0627477742317,-2.26127538256501,3.2100968,0.72173727,-1.3988814,127.789116,98.64851,-8.500439,WAL
2023442264000,235.924876,-5.63524528968676,-13.3269221845942,-2.68302744431639,2.987131,0.850019,-1.3796391,127.81813,98.517265,-8.460532,WAL
2023447334000,235.929946,-6.15011196787457,-13.5016064119462,-2.83574441438527,2.8704557,0.883922,-1.3435981,127.87396,98.51775,-8.499882,WAL
2023452288000,235.9349,-6.64603705735192,-13.6385760045794,-2.88769853384769,2.6762006,0.7965683,-1.2886202,127.93128,98.54656,-8.543777,WAL
2023457342000,235.939954,-7.1054505629127,-13.7441160026952,-2.82307106117047,2.516154,0.59223384,-1.2327261,128.00253,81.364944,-8.634898,WAL
2023462373000,235.944985,-7.54603071477524,-13.8368696475118,-2.71640432120512,2.3796256,0.34116822,-1.187522,128.03374,81.26677,-8.728938,WAL
2023467352000,235.949964,-7.82492497894261,-13.6939673367173,-2.52429868481254,2.31915,0.08460484,-1.1682798,128.01839,81.13226,-8.853233,WAL
2023472314000,235.954926,-8.02553236973565,-13.4360435841793,-2.29025647120314,2.3240368,-0.13072516,-1.1578951,127.94175,80.99312,-8.97751,WAL
2023477348000,235.95996,-7.94310119479882,-13.3151263012758,-1.5991575873209,2.4147503,-0.3631594,-1.1820242,127.809326,80.86261,-9.075932,WAL
2023482346000,235.964958,-7.72233109852797,-13.2634565947007,-0.692590163128557,2.5088236,-0.68233645,-1.2519683,127.59158,80.73759,-9.156129,WAL
2023487340000,235.969952,-7.11213537063326,-13.0205434166418,-0.469949973220002,2.503631,-0.99082345,-1.3826935,127.33104,80.623924,-9.197467,WAL
2023492333000,235.974945,-6.28024597703549,-12.6687729412466,-0.6363278320847,2.3854287,-1.0885619,-1.4547756,127.044815,80.50255,-9.231337,WAL
2023497335000,235.979947,-5.59040385208651,-12.7937455967103,-1.70567413405422,2.2317963,-0.66339964,-1.4666874,126.76501,80.37918,-9.2330675,WAL
2023502346000,235.984958,-4.98621233387146,-13.2079094020713,-3.32334841559549,1.8374827,0.20830505,-1.577254,126.5945,80.31656,-9.192499,WAL
2023507344000,235.989956,-4.29851350621813,-13.1376227073362,-3.57071373777952,1.3955216,0.7611381,-1.6481144,126.46363,80.33239,-9.095442,WAL
2023512359000,235.994971,-3.56368413867203,-12.8126019148686,-3.09966928779914,1.2620476,1.0073168,-1.6056592,126.4958,80.35063,-9.010983,WAL
2023517346000,235.999958,-2.79373086833617,-12.467380096464,-2.41501963357708,1.3261884,1.087951,-1.5109752,126.762665,80.55111,-8.811701,WAL
2023522349000,236.004961,-1.99702464281278,-12.1074221897225,-1.59431614745067,1.4950926,1.1429288,-1.4627168,127.08826,80.7523,-8.617871,WAL
2023527418000,236.01003,-1.3142590513827,-11.9212255845347,-1.11154257047756,1.6471981,1.2308935,-1.4871514,127.39217,80.98211,-8.38081,WAL
2023532334000,236.014946,-0.724221692352556,-11.8440965727392,-0.845447330788827,1.7580702,1.350623,-1.5470163,127.71946,81.19094,-8.152828,WAL
2023537260000,236.019872,-0.115752020575943,-11.7553682129119,-0.637758172728974,1.8555032,1.4278975,-1.5845845,128.02588,81.416985,-7.842805,WAL
2023542342000,236.024954,0.602726525834286,-11.6035770778667,-0.73389262694043,1.9068159,1.5943583,-1.5864171,128.39133,81.62861,-7.5380955,WAL
2023547281000,236.029893,1.23061966923077,-11.4126068461538,-0.865227656923077,2.008525,1.7956384,-1.600467,128.83112,81.87205,-7.1084466,WAL
2023552350000,236.034962,1.65222491532735,-11.0790291051727,-1.12004405188013,2.0363193,1.9242256,-1.559539,129.29372,82.07431,-6.7070026,WAL
2023557286000,236.039898,1.99942227817852,-10.7394383933105,-1.33898738001209,2.01555,1.997224,-1.4792101,129.81598,82.29708,-6.2308564,WAL
2023562339000,236.044951,1.98479657686883,-10.305542180536,-1.39261495148096,2.0320432,1.9663752,-1.3833044,130.33989,82.45641,-5.783028,WAL
2023567305000,236.049917,1.84282681283318,-9.79667111451821,-1.54997150511065,2.0250182,1.981036,-1.278541,130.90999,82.61723,-5.320615,WAL
2023572308000,236.05492,1.05830700342959,-8.86951150044656,-2.23464325066984,2.007914,2.068695,-1.1658363,131.48509,82.71989,-4.899552,WAL
2023577317000,236.059929,0.331670764957349,-8.02184668345916,-2.82849406822237,1.93797,2.1719313,-1.0534371,132.06503,82.78088,-4.519671,WAL
2023582316000,236.064928,-0.0673221629198941,-7.622853745779,-2.91298677508579,1.8793269,2.2058344,-0.9550878,132.64197,82.80247,-4.1767135,WAL
2023587294000,236.069906,-0.451403384392172,-7.24227530490697,-3.00047365357177,1.8289305,2.1972823,-0.8622363,133.28331,82.78546,-3.9448724,WAL
2023592290000,236.074902,-0.728154909158392,-6.99781148371734,-3.11578680494553,1.7742581,2.1429152,-0.79779,133.91109,82.768555,-3.735166,WAL
2023597503000,236.080115,-1.01205313857988,-6.73730633715976,-3.21810176331361,1.7562376,2.0674734,-0.7415904,134.56438,82.681755,-3.5776496,WAL
2023602347000,236.084959,-1.21792619593688,-6.43078413187377,-3.09915290059172,1.7214183,2.0766363,-0.7199047,135.21867,82.608376,-3.4315336,WAL
2023607637000,236.090249,-1.44071459243512,-6.09892386134732,-2.97117388299282,1.6676621,2.065641,-0.6942484,135.86742,82.50749,-3.3277595,WAL
2023612364000,236.094976,-1.61569355034051,-5.83645542448923,-2.87951815344193,1.6255124,1.999362,-0.6603453,136.4969,82.41141,-3.2330148,WAL
2023617320000,236.099932,-1.79914938181484,-5.56127167727775,-2.78342215266888,1.6001616,1.9281962,-0.6404922,137.12445,82.280815,-3.168551,WAL
2023622340000,236.104952,-1.9140956839207,-5.21514086475771,-2.75611628436123,1.5476271,1.8680259,-0.6267477,137.73125,82.16908,-3.112157,WAL
2023627388000,236.11,-2.01594988863245,-4.85402148640107,-2.7422271295633,1.473407,1.8435913,-0.6200282,138.32361,82.07282,-3.059972,WAL
2023632336000,236.114948,-2.10117880964868,-4.54200890442398,-2.60911480142128,1.4129313,1.8506162,-0.6078109,138.91235,81.94744,-3.0429087,WAL
2023637244000,236.119856,-2.18115587564808,-4.24562322887599,-2.43975176176559,1.3408492,1.8613064,-0.60139686,139.49211,81.84978,-3.027327,WAL
2023642301000,236.124913,-2.21344526915663,-4.00062240207831,-2.22891338951807,1.3045027,1.8661933,-0.6026186,140.08255,81.737175,-3.0346444,WAL
2023647253000,236.129865,-2.22772970096386,-3.78159439798193,-2.00988523626506,1.212262,1.8768835,-0.6053675,140.67513,81.66334,-3.0459263,WAL
2023652348000,236.13496,-2.29303043017523,-3.54047458518959,-1.68900324156024,1.135293,1.8832976,-0.6200282,141.2617,81.5643,-3.0716975,WAL
2023657262000,236.139874,-2.37223325179685,-3.30286621762202,-1.34889718210078,1.022283,1.91323,-0.6441574,141.85635,81.50564,-3.0972977,WAL
2023662371000,236.144983,-2.43351845300389,-3.03680279183023,-0.968621928723722,0.9080512,1.9263636,-0.67011917,142.44745,81.425964,-3.1248438,WAL
2023667291000,236.149903,-2.48515698284348,-2.77391533422337,-0.593068358334164,0.76174897,1.9443841,-0.6945538,143.04721,81.39125,-3.1493452,WAL
2023672348000,236.15496,-2.5392765464078,-2.57815870219471,-0.24672628211405,0.5839872,1.9422461,-0.7153232,143.63411,81.33253,-3.185925,WAL
2023677390000,236.160002,-2.59362242106547,-2.41059249966235,0.083877449812418,0.41141775,1.9260582,-0.7128797,144.21988,81.3142,-3.2243779,WAL
2023682344000,236.164956,-2.63254451,-2.31016531708333,0.358312241770833,0.24678956,1.9120082,-0.7079928,144.79192,81.27001,-3.2722352,WAL
2023687344000,236.169956,-2.66247201,-2.25031021291667,0.602720340729167,0.089186326,1.887879,-0.6933321,145.35329,81.26966,-3.32435,WAL
2023692297000,236.174909,-2.69738421930654,-2.26639685549645,0.880412464213948,-0.050701816,1.858863,-0.66431594,145.89491,81.23636,-3.3955972,WAL
2023697374000,236.179986,-2.73569896603625,-2.3190797322695,1.18214124473995,-0.17287487,1.8063285,-0.64812803,146.41954,81.23955,-3.4669921,WAL
2023702344000,236.184956,-2.72664659345327,-2.41494438698651,1.42093003426287,-0.30543262,1.7256943,-0.63316184,146.91586,81.229645,-3.5500162,WAL
2023707325000,236.189937,-2.69327190204898,-2.53413994101949,1.63071432087956,-0.43890667,1.6313156,-0.6062838,147.38818,81.247246,-3.6394708,WAL
2023712357000,236.194969,-2.6246753946664,-2.62351982239106,1.6983570992855,-0.55771995,1.5323554,-0.5705481,147.81482,81.232506,-3.73419,WAL
2023717351000,236.199963,-2.53804168189594,-2.69571440713495,1.6887311479521,-0.691194,1.428203,-0.5335908,148.20712,81.25021,-3.8334684,WAL
2023722330000,236.204942,-2.40728905773371,-2.76174482776204,1.63460083195467,-0.81581056,1.3139712,-0.49632803,148.55196,81.24841,-3.924488,WAL
2023727430000,236.210042,-2.25047908322946,-2.82631376543909,1.55619577246459,-0.9294315,1.1835514,-0.46486846,148.85576,81.270935,-4.0195208,WAL
2023732335000,236.214947,-2.06948067990415,-2.91507596182109,1.3919934114377,-1.035722,1.1282681,-0.4260785,149.14702,81.3174,-4.106888,WAL
2023737353000,236.219965,-1.8596496699148,-3.02766807161874,1.15145550127796,-1.1337659,1.0308352,-0.40439278,149.38338,81.38437,-4.191123,WAL
2023742343000,236.224955,-1.76877453253546,-3.159242455526,1.00002637783688,-1.1942415,0.9410379,-0.36835176,149.61034,81.47641,-4.2521434,WAL
2023747357000,236.229969,-1.73566509323286,-3.30114008781521,0.891238283628842,-1.3060299,0.86009824,-0.3387248,149.8068,81.59841,-4.3132935,WAL
2023752344000,236.234956,-1.75106593347516,-3.48203270616465,0.968865615723333,-1.4126259,0.7825184,-0.29871312,149.99397,81.77714,-4.3427615,WAL
2023757338000,236.23995,-1.793658363962,-3.6855299289531,1.15106658620621,-1.5228871,0.68966687,-0.26236662,150.14935,81.97348,-4.3750467,WAL
2023762367000,236.244979,-1.83654929966851,-3.89045334373145,1.33454449580942,-1.6206255,0.56596667,-0.22999077,150.27795,82.20816,-4.405347,WAL
2023767355000,236.249967,-1.87909055783198,-4.09370607646448,1.5165265624431,-1.7201965,0.39584067,-0.19303341,150.36281,82.452545,-4.4416666,WAL
2023772326000,236.254938,-1.92641105496228,-4.3539622868253,1.79842754178758,-1.8206838,0.21319197,-0.14508049,150.42412,82.687195,-4.4959054,WAL
2023777386000,236.259998,-1.97797278779261,-4.6586451111627,2.15467209895531,-1.9376645,0.036651913,-0.10170906,150.43556,82.92781,-4.5539637,WAL
2023782344000,236.264956,-2.07310269809264,-5.13273257990716,2.63700730179635,-2.0604484,-0.13500121,-0.022907447,150.36473,83.08009,-4.6195474,WAL
2023787329000,236.269941,-2.20800331798365,-5.76387483230397,3.23924244020587,-2.1630738,-0.2941316,0.07819075,150.24501,83.22665,-4.7000694,WAL
2023792283000,236.274895,-2.31951517924528,-6.84206277374052,3.96299663518771,-2.205529,-0.41722095,0.21899518,150.05716,83.27325,-4.793273,WAL
2023797353000,236.279965,-2.41396066981132,-8.33902307436296,4.81300590235363,-2.1560488,-0.46975538,0.3155119,149.84456,83.30062,-4.902207,WAL
2023802331000,236.284943,-2.3309862046316,-10.2417213847167,5.81162711467518,-2.0357084,-0.48441613,0.45998153,149.59929,83.138794,-5.0815845,WAL
2023807344000,236.289956,-2.0633801525489,-12.6112522226614,6.98909373367792,-1.7568485,-0.39675698,0.6096435,149.3655,82.91806,-5.291658,WAL
2023812372000,236.294984,-1.21166631207146,-14.4823961810719,8.48685873398358,-1.1780536,-0.33567044,0.6056729,149.09055,82.55273,-5.543356,WAL
2023817352000,236.299964,0.165451693239981,-15.8733311014003,10.2600708622308,-0.28802297,-0.37232238,0.35735616,148.81308,82.10837,-5.760293,WAL
2023822340000,236.304952,1.65969499474602,-16.9652529727092,11.1709463289841,0.57848936,-0.39492437,-0.058337633,148.54045,81.576614,-5.842522,WAL
2023827433000,236.310045,3.33085933466135,-17.6988164302789,11.0057733386454,1.1606439,-0.13775012,-0.4034765,148.35039,80.969696,-5.8764114,WAL
2023832330000,236.314942,4.60659751328194,-18.2451147688507,10.4436787981026,1.5357152,0.11636983,-0.5522222,148.17812,80.265015,-5.5972733,WAL
2023837344000,236.319956,5.48923082683071,-18.6010161096946,9.35225006759561,1.7088956,0.72418076,-0.5815437,148.20486,79.48154,-5.299161,WAL
2023842306000,236.324918,5.81217523519763,-18.3796140956522,8.34340289337945,1.7110336,1.2886202,-0.6239988,148.41547,78.865616,-4.695559,WAL
2023847355000,236.329967,5.33437584248024,-17.3141214304348,7.42125019066205,1.5726726,1.6701056,-0.67164636,148.75475,78.19935,-4.148503,WAL
2023852283000,236.334895,4.70942696232087,-15.9327892864014,6.69235111043191,1.344209,1.8325957,-0.69974613,149.29689,77.75451,-3.4963543,WAL
2023857349000,236.339961,3.80512844784047,-13.9491657395531,6.22561635233991,1.0852021,1.7989981,-0.7171558,149.88702,77.32285,-2.891051,WAL
2023862290000,236.344902,2.87085348919922,-11.9456979023438,5.81259333635742,0.7974846,1.6511687,-0.7104363,150.48917,77.004875,-2.386845,WAL
2023867334000,236.349946,1.83304191833984,-9.78988048046875,5.45879402452148,0.5357288,1.4404203,-0.66645396,151.05699,76.73566,-1.9072075,WAL
2023872239000,236.354851,0.801215102462272,-7.82427798693408,5.13760711227164,0.33200526,1.2119566,-0.5757405,151.51962,76.47568,-1.5809171,WAL
2023877380000,236.359992,-0.327968592772041,-6.04006989591938,4.8492008404587,0.1423316,1.0088439,-0.43982297,151.92265,76.27975,-1.2758719,WAL
2023882244000,236.364856,-1.33957574164365,-4.65776732831492,4.56361306008287,-0.05222898,0.84788096,-0.27183503,152.19118,76.07707,-1.160788,WAL
2023887341000,236.369953,-2.27384161067482,-3.88723881282557,4.23613835299921,-0.2565634,0.7519751,-0.059864793,152.40807,75.92878,-1.0876535,WAL
2023892282000,236.374894,-3.05638367641602,-3.37377351672852,3.9155363569043,-0.46028697,0.7663304,0.15393804,152.51141,75.79341,-1.2363993,WAL
2023897352000,236.379964,-3.55899768081055,-3.41644821174805,3.57887989040039,-0.68416905,0.81061816,0.33078352,152.58046,75.71593,-1.4289716,WAL
2023902290000,236.384902,-4.01182104697143,-3.86868787624762,3.39223552206667,-0.8927795,0.7370089,0.46639562,152.52249,75.70918,-1.8125461,WAL
2023907350000,236.389962,-4.36256925954286,-5.59935370062857,3.6368362594,-1.0974194,0.528093,0.56016344,152.42052,75.74411,-2.224448,WAL
2023912404000,236.395016,-4.71478436518234,-7.41362332537108,3.91268813268456,-1.246776,0.1572978,0.61453044,152.25525,75.78496,-2.7169292,WAL
2023917339000,236.399951,-5.0678638470461,-9.60178670490514,4.33545429694289,-1.3023647,-0.32375857,0.62888575,151.99199,75.82875,-3.2018058,WAL
2023922300000,236.404912,-5.41125932822636,-11.7453091649413,4.66861736425121,-1.2415836,-0.9147707,0.65576386,151.56174,75.8913,-3.712416,WAL
2023927466000,236.410078,-5.67587065431332,-13.5250340453761,4.2759682968599,-1.0958922,-1.5531249,0.6939429,150.98083,75.913414,-4.189793,WAL
2023932293000,236.414905,-5.92311782253278,-15.1879709400449,3.90908539939614,-0.9279043,-1.8478674,0.70371675,150.31815,75.90864,-4.6672287,WAL
2023937348000,236.41996,-5.88971485723002,-16.3582594236323,2.74130794793573,-0.8378017,-2.2101104,0.7296785,149.46257,75.8571,-5.102492,WAL
2023942271000,236.424883,-5.78424160970104,-17.3554622836079,1.40850742191377,-0.59528816,-2.0748038,0.8151997,148.66875,75.69348,-5.560497,WAL
2023947336000,236.429948,-4.90184424107892,-17.9508406609391,1.70399427382617,-0.23335053,-1.5158621,0.795652,147.96832,75.60168,-5.9840617,WAL
2023952243000,236.434855,-3.88780087702298,-18.4390832392607,2.33307657592408,0.28527406,-0.9416488,0.6630942,147.3247,75.39712,-6.3935356,WAL
2023957348000,236.43996,-2.3748853916786,-17.8664198225021,2.10785157643859,0.893085,-0.8042041,0.473726,146.84021,75.288086,-6.7118025,WAL
2023962304000,236.444916,-0.807743642099437,-17.0783207603779,1.7002135531921,1.2883148,-1.0164797,0.17348573,146.44142,75.12742,-6.9619102,WAL
2023967350000,236.449962,0.311717217214704,-14.2109481893557,0.0533339890729144,1.3289373,-1.3301591,-0.23609942,146.09384,74.982056,-6.9710455,WAL
2023972242000,236.454854,1.22959734752373,-10.7050239134518,-1.97641125431226,1.0177015,-1.4743233,-0.5671884,145.75302,74.85919,-6.9135647,WAL
2023977387000,236.459999,1.22606419624129,-7.6917043121334,-2.96935956583619,0.40317106,-1.2681563,-0.74464476,145.51859,74.96304,-6.598668,WAL
2023982263000,236.464875,0.91002113153899,-5.05343171128985,-3.54190139893085,-0.269697,-1.1178834,-0.82986045,145.25038,75.18049,-6.220991,WAL
2023987346000,236.469958,0.384079696340612,-3.28557726231927,-3.37184189326952,-0.8744536,-1.1157454,-0.74189585,145.08112,75.67668,-5.771626,WAL
2023992270000,236.474882,-0.203668278300927,-1.96431968932097,-2.90164349195334,-1.3264939,-1.2293663,-0.5983425,144.91963,76.30475,-5.324812,WAL
2023997332000,236.479944,-0.860676074779301,-1.25739993116805,-2.49202675449905,-1.6526959,-1.4446963,-0.4841107,144.69417,77.00299,-4.9667225,WAL
2024002318000,236.48493,-1.5297776821099,-0.832042479581623,-2.1192415851066,-1.887879,-1.6713274,-0.39645153,144.42157,77.78568,-4.6383944,WAL
2024007329000,236.489941,-2.01845287919526,-0.737081556680183,-2.16021815961738,-2.0616703,-1.8283197,-0.29535335,144.03772,78.487015,-4.4485626,WAL
2024012459000,236.495071,-2.44241921699938,-0.777945793642129,-2.37475542100229,-2.1536055,-1.9150625,-0.1554652,143.60037,79.215034,-4.2924886,WAL
2024017434000,236.500046,-2.83427928592908,-1.08986868691348,-2.61517921688889,-2.1704042,-1.9950858,0.0125227375,143.06282,79.842285,-4.284434,WAL
2024022304000,236.504916,-3.2135662147234,-1.45592456484255,-2.85774634133333,-2.1474967,-2.1077905,0.20280726,142.4823,80.45119,-4.327339,WAL
2024027364000,236.509976,-3.57791179460435,-1.91067615503962,-3.23785973475078,-2.0977113,-2.223244,0.4089743,141.85579,81.00492,-4.492817,WAL
2024032330000,236.514942,-3.92132825066693,-2.39241321736035,-3.6719001376191,-2.0308216,-2.2592852,0.6206391,141.21234,81.4831,-4.725215,WAL
2024037342000,236.519954,-4.11165019287179,-2.87626630660092,-4.07016814887218,-1.9975294,-2.2812762,0.72082096,140.52773,81.88742,-5.0560236,WAL
2024042355000,236.524967,-4.22884719171956,-3.3591174778049,-4.44988593759398,-1.9184223,-2.2412646,0.88331115,139.84448,82.13868,-5.4785557,WAL
2024047347000,236.529959,-4.20933930820873,-3.86199940380429,-4.61824869438511,-1.8668042,-2.1190915,1.0045679,139.1821,82.29262,-5.9806705,WAL
2024052346000,236.534958,-4.11194423512359,-4.37819224874377,-4.66694630720171,-1.817935,-1.9749273,1.1325442,138.54013,82.27255,-6.5435953,WAL
2024057364000,236.539976,-4.02222455084275,-5.06963237517351,-4.53612697796946,-1.7559321,-1.8707749,1.255328,137.94183,82.11392,-7.1572776,WAL
2024062348000,236.54496,-3.93704178431489,-5.84101064088836,-4.31843741120365,-1.7153096,-1.8329011,1.3784174,137.37445,81.78574,-7.816893,WAL
2024067346000,236.549958,-3.82678443429592,-6.84737021162052,-4.2735074080778,-1.702176,-1.7809776,1.5070046,136.86595,81.33746,-8.486736,WAL
2024072349000,236.554961,-3.70316311932123,-7.97898084390196,-4.3210540294929,-1.7006488,-1.6551393,1.638646,136.40137,80.75343,-9.196545,WAL
2024077365000,236.559977,-3.34653405453657,-9.09684297770825,-4.46721345191631,-1.6905695,-1.5082263,1.7525724,135.97534,80.09974,-9.897452,WAL
2024082362000,236.564974,-2.85993339592296,-10.2010519747751,-4.66840411401056,-1.7055358,-1.2699889,1.8869628,135.62534,100.65049,-10.638952,WAL
2024087340000,236.569952,-2.36026993178302,-11.3452772441028,-4.54511179159584,-1.7253889,-0.97066486,2.0448713,135.37563,101.40342,-11.337192,WAL
2024092300000,236.574912,-1.85218971938688,-12.5156761897622,-4.20034300160443,-1.7192802,-0.745561,2.1401663,135.18707,102.20172,-12.044769,WAL
2024097289000,236.579901,-1.33942738227962,-13.5281580061827,-3.7325336662146,-1.7614299,-0.6395759,2.1856759,135.11624,102.89781,-12.607625,WAL
2024102313000,236.584925,-0.821248425119665,-14.3725978179099,-3.13278950793777,-1.8344283,-0.6239988,2.1749856,135.09467,103.62229,-13.16863,WAL
2024107284000,236.589896,-0.310565432230634,-14.9460195330291,-2.70627970083999,-1.9083431,-0.67347896,2.1252003,135.11208,104.16293,-13.543673,WAL
2024112440000,236.595052,0.216857115897542,-15.2481355749248,-2.45024941242352,-1.9468275,-0.7098254,2.021964,135.13994,104.69605,-13.893798,WAL
2024117424000,236.600036,0.675144438806858,-15.1924351661877,-2.30516246255079,-1.9300288,-0.6612616,1.8637499,135.17303,104.997,-14.0453205,WAL
2024122347000,236.604959,1.09096533377267,-14.8887454388069,-2.23508023278169,-1.8622227,-0.5888741,1.6615535,135.19876,105.2657,-14.159459,WAL
2024127366000,236.609978,1.40992345145562,-14.4105985049116,-2.12762473897125,-1.779756,-0.49632803,1.459968,135.25195,105.349754,-14.10631,WAL
2024132337000,236.614949,1.6394949121361,-13.7984086237721,-1.99158239025719,-1.6893479,-0.46181414,1.3487904,135.30574,105.4142,-14.036255,WAL
2024137349000,236.619961,1.85566548054596,-13.1420082668321,-1.85044920412171,-1.6249015,-0.37720928,1.1123856,135.39856,105.3194,-13.800057,WAL
2024142296000,236.624908,2.03457964974104,-12.405903954467,-1.70220606128615,-1.5219707,-0.30940324,0.8454375,135.49216,105.19614,-13.542506,WAL
2024147316000,236.629928,2.1590496465042,-11.6622587710747,-1.49498427900519,-1.4379768,-0.37598756,0.5723807,135.55914,104.97644,-13.195503,WAL
2024152313000,236.634925,2.21162734982022,-10.9261705253696,-1.21775623906312,-1.4040737,-0.62949663,0.3463606,135.58736,104.72253,-12.812716,WAL
2024157313000,236.639925,2.13698474970348,-10.2112180386397,-1.02967093996108,-1.4043792,-1.0173961,0.19303341,135.53688,104.455475,-12.407731,WAL
2024162325000,236.644937,1.90125968951075,-9.52183350750556,-0.954061009560786,-1.4428637,-1.4862351,0.06963864,135.39067,104.16889,-11.980447,WAL
2024167270000,236.649882,1.593186485123,-8.88428153135494,-1.04172176025771,-1.5137241,-1.9236146,-0.04428773,135.12292,103.90287,-11.578028,WAL
2024172307000,236.654919,1.07991210399258,-8.34746227295002,-1.55970509717493,-1.5693128,-2.2091942,-0.15515977,134.7719,103.63426,-11.169543,WAL
2024177331000,236.659943,0.566274271209669,-7.87297976651683,-2.09518455757667,-1.5903877,-2.3041837,-0.2489276,134.34506,103.41231,-10.818687,WAL
2024182317000,236.664929,0.051141360607332,-7.59633436304066,-2.68663348002198,-1.5790867,-2.2907448,-0.29779682,133.88092,103.19624,-10.468931,WAL
2024187313000,236.669925,-0.488875947627376,-7.36782342509506,-3.22702345980989,-1.5522085,-2.2018638,-0.30115658,133.40111,103.168655,-10.235009,WAL
2024192299000,236.674911,-1.10617576328897,-7.29973893155894,-3.59467996188213,-1.5085317,-2.0845776,-0.25045475,132.94917,103.15044,-10.012192,WAL
2024197348000,236.67996,-1.65622520080047,-7.27932268772918,-3.88899813350774,-1.498147,-1.9220876,-0.18142697,132.50186,103.3474,-9.905787,WAL
2024202340000,236.684952,-1.72249970447634,-7.56793739339057,-3.68376101196226,-1.475545,-1.7632625,-0.08735373,132.09705,103.55835,-9.821538,WAL
2024207302000,236.689914,-1.78837592387532,-7.85481763567659,-3.47975728657991,-1.4416419,-1.5833627,0.026267206,131.71968,103.92591,-9.869817,WAL
2024212312000,236.694924,-1.85488939811734,-8.1444730193632,-3.27378012733655,-1.4037683,-1.4391985,0.13255776,131.38492,104.308105,-9.940058,WAL
2024217311000,236.699923,-1.92125683479116,-8.43349243314552,-3.06825521335301,-1.3750577,-1.3448198,0.22388211,131.09474,104.712715,-10.039568,WAL
2024222303000,236.704915,-1.73061838728324,-8.57821714285714,-2.76466035813377,-1.3747523,-1.2299771,0.28619036,130.85909,105.12825,-10.153269,WAL
2024227346000,236.709958,-1.40160053265896,-8.64800866071429,-2.40573170427333,-1.3768903,-1.1508701,0.33658674,130.64786,105.54974,-10.286173,WAL
2024232307000,236.714919,-1.01139003321737,-8.76006293573586,-2.05390426087908,-1.3585643,-0.98471475,0.36896262,130.48807,105.88422,-10.4405775,WAL
2024237296000,236.719908,-0.593370000976982,-8.88945008634517,-1.70057788708468,-1.3747523,-0.88117313,0.43127087,130.34102,106.23271,-10.613347,WAL
2024242339000,236.724951,-0.293345220092471,-8.97238209891612,-1.20712275338346,-1.4052955,-0.7984009,0.4831944,130.27028,106.51171,-10.763004,WAL
2024247362000,236.729974,-0.0256032976004297,-9.04284045220193,-0.681033372180451,-1.3869696,-0.7687739,0.5198463,130.21808,106.78238,-10.91683,WAL
2024252342000,236.734954,0.131965957094807,-9.07046561858337,-0.321307968180462,-1.3845261,-0.78801614,0.49693888,130.17247,106.97906,-11.0004835,WAL
2024257355000,236.739967,0.256142422041982,-9.08479346279347,-0.0108667970851572,-1.3775011,-0.86162543,0.46822822,130.12251,107.170395,-11.090827,WAL
2024262334000,236.744946,0.24690136824641,-9.02105099395314,0.0502031358318216,-1.3439035,-0.9611965,0.43371433,129.9648,107.33743,-11.155377,WAL
2024267323000,236.749935,0.192730519652305,-8.93076630914588,0.0276319476606198,-1.278541,-1.0341948,0.39767328,129.79419,107.485435,-11.2136755,WAL
2024272306000,236.754918,0.0836578194242046,-8.81385259213688,-0.0695710877712198,-1.1869112,-1.0742066,0.36560285,129.56535,107.58999,-11.259281,WAL
2024277324000,236.759936,-0.0595459591185235,-8.67988795828126,-0.212774868243391,-1.0903945,-1.0641272,0.34208453,129.3305,107.67035,-11.298599,WAL
2024282306000,236.764918,-0.265340003549331,-8.53787105330267,-0.358982120443144,-0.9950995,-1.044885,0.32895094,129.0785,107.749916,-11.3525,WAL
2024287305000,236.769917,-0.525527263798077,-8.38776259855769,-0.509090157211538,-0.91751957,-1.0085385,0.32895094,128.83563,107.807236,-11.401465,WAL
2024292294000,236.774906,-0.815118787277767,-8.23995336190853,-0.648009106988715,-0.86284715,-0.98868537,0.3381139,128.58804,107.89114,-11.475748,WAL
2024297354000,236.779966,-1.12691960871907,-8.09124886774896,-0.782323305761235,-0.84299403,-0.95569867,0.36193767,128.35742,107.96537,-11.550113,WAL
2024302329000,236.784941,-1.40489455002977,-7.95353243654228,-0.902960977352124,-0.86284715,-0.89675015,0.40469822,128.14264,108.08991,-11.6799135,WAL
2024307347000,236.789959,-1.66721119725089,-7.81998939259627,-1.01742645782056,-0.9111055,-0.83199847,0.46273044,127.94317,108.21952,-11.815678,WAL
2024312377000,236.794989,-1.88110525893924,-7.78013136920673,-1.11905769852928,-0.95081174,-0.7635816,0.5311473,127.753006,108.41756,-12.02075,WAL
2024317392000,236.800004,-2.06210863590404,-7.80220492927659,-1.21176669692067,-1.01312,-0.6771441,0.593761,127.59132,108.63325,-12.229122,WAL
2024322347000,236.804959,-2.19196109486992,-7.88049621937102,-1.24078233264027,-1.0708468,-0.59559363,0.657291,127.43932,108.91627,-12.4986725,WAL
2024327435000,236.810047,-2.25814512479365,-8.03831969578936,-1.18478036302372,-1.1407908,-0.5757405,0.71776664,127.29964,109.2154,-12.774145,WAL
2024332300000,236.814912,-2.26963981056797,-8.25808427416608,-1.10354493314635,-1.1905763,-0.59498274,0.74372846,127.170395,109.54117,-13.073486,WAL
2024337339000,236.819951,-2.23096812292898,-8.5529568830011,-0.992363610352599,-1.2247849,-0.6545421,0.77732605,127.04101,109.8786,-13.382691,WAL
2024342321000,236.824933,-2.18785183232141,-8.83476708295762,-0.872672479065224,-1.2702943,-0.7357872,0.8051204,126.8656,110.248505,-13.711967,WAL
2024347320000,236.829932,-2.13988627456167,-9.10817046167719,-0.743165397986174,-1.3106114,-0.8341365,0.8194757,126.67156,110.613846,-14.041547,WAL
2024352293000,236.834905,-2.0876643327593,-9.42168085758116,-0.622333223177949,-1.3313808,-0.9242391,0.8185594,126.43322,110.95989,-14.361624,WAL
2024357307000,236.839919,-2.03063564063737,-9.77811005928345,-0.508275953069081,-1.3429873,-0.9990701,0.81092364,126.17405,111.29983,-14.680136,WAL
2024362206000,236.844818,-2.01239198990914,-10.1484844749662,-0.376402024289581,-1.3399329,-1.0604621,0.7874053,125.87978,111.59631,-14.980721,WAL
2024367231000,236.849843,-2.03564900711386,-10.5531567686062,-0.218254190730717,-1.3112222,-1.0928379,0.7498371,125.57287,111.87365,-15.270261,WAL
2024372253000,236.854865,-2.07184366246746,-10.9213922417491,-0.0389443522311296,-1.2705997,-1.1270463,0.72021013,125.21767,112.13333,-15.552255,WAL
2024377244000,236.859856,-2.12658357865695,-11.2349023874024,0.170062354378969,-1.2073752,-1.1575897,0.700357,124.8543,112.36723,-15.8218975,WAL
2024382222000,236.864834,-2.15046930786643,-11.4222738428585,0.357504856253858,-1.1181889,-1.2147056,0.6927212,124.44663,112.54573,-16.084543,WAL
2024387228000,236.86984,-2.14150074350388,-11.4760854163315,0.523423404657188,-0.97005403,-1.2944235,0.7058548,124.025795,112.693985,-16.345207,WAL
2024392213000,236.874825,-2.09763439249947,-11.5026870974012,0.606164507777308,-0.77763146,-1.3839152,0.7290677,123.55404,112.78672,-16.614609,WAL
2024397275000,236.879887,-1.9849667643989,-11.4770808425945,0.529345700576801,-0.5348125,-1.4691309,0.77182823,123.06476,112.8461,-16.891417,WAL
2024402209000,236.884821,-1.72539126021192,-11.4412660016756,0.246638059085309,-0.2406809,-1.4862351,0.8005389,122.520744,112.881134,-17.186125,WAL
2024407255000,236.889867,-1.27527330841457,-11.3912526339757,-0.298742939017298,0.05467244,-1.4141531,0.8194757,121.98092,112.879585,-17.4804,WAL
2024412232000,236.894844,-0.831310358336208,-11.3419231589375,-0.836666289702331,0.34147367,-1.2504412,0.81581056,121.474915,112.84534,-17.75391,WAL
2024417257000,236.899869,-0.383065667931595,-11.2921179324824,-1.37977756902568,0.56169057,-0.98440933,0.7629707,121.01674,112.76978,-17.997375,WAL
2024422195000,236.904807,0.153966180502749,-11.155132337392,-1.93358963970935,0.6737844,-0.82833326,0.6924158,120.56597,112.67947,-18.230835,WAL
2024427283000,236.909895,0.862093216857816,-10.8728387663001,-2.53645453931657,0.66339964,-0.4831944,0.6444628,120.244995,112.57495,-18.41716,WAL
2024432195000,236.914807,1.41417164723767,-10.7050517348906,-2.96876395439377,0.589485,-0.13194689,0.5311473,120.1901,112.42906,-18.373823,WAL
2024437253000,236.919865,1.73746074067482,-10.7275023533556,-3.13489857791991,0.39187005,0.10873401,0.37659842,120.1958,112.28798,-18.292377,WAL
2024442229000,236.924841,1.9694760568698,-10.8214804687083,-3.20993077679581,0.14905111,0.24678956,0.18875736,120.39918,112.130455,-18.04545,WAL
2024447259000,236.929871,1.85561920783064,-11.2076036554311,-2.92776385253314,-0.122783914,0.2171626,0.011301007,120.60903,111.98332,-17.760939,WAL
2024452285000,236.934897,1.63528431298443,-11.5569698253983,-2.56747188326883,-0.34666604,0.06291912,-0.12950343,120.85684,111.82283,-17.384628,WAL
2024457300000,236.939912,1.11658013680317,-11.8033543245432,-1.98825224687247,-0.52442783,-0.16646078,-0.25289822,121.05708,111.67737,-16.98152,WAL
2024462393000,236.945005,0.585631638457166,-12.0306738534308,-1.40918258138855,-0.625526,-0.39400807,-0.3286455,121.14609,111.528786,-16.593218,WAL
2024467313000,236.949925,0.0117231119041818,-11.9158923308973,-0.983533785286236,-0.6374379,-0.5552765,-0.35521814,121.1788,111.392494,-16.207148,WAL
2024472310000,236.954922,-0.523551837083732,-11.8158171364229,-0.584502495960351,-0.569021,-0.59589905,-0.3463606,121.0408,111.2507,-15.933923,WAL
2024477315000,236.959927,-0.481875518459264,-11.9158401096426,-0.588670123471003,-0.4352415,-0.5479461,-0.3203988,120.88122,111.10338,-15.671864,WAL
2024482261000,236.964873,-0.440690489105295,-12.0146839908704,-0.592788622105904,-0.27397305,-0.45875978,-0.2874121,120.62446,110.9687,-15.530049,WAL
2024487308000,236.96992,-0.279595156352485,-12.5511975314115,-0.567919896071571,-0.10048734,-0.35705075,-0.26297748,120.38823,110.8135,-15.393691,WAL
2024492270000,236.974882,-0.0859247090139165,-13.2077880159046,-0.534854213200795,0.06536258,-0.24556783,-0.26145032,120.18289,110.63506,-15.257642,WAL
2024497321000,236.979933,0.0765357677409762,-13.918315886726,-0.41188139663993,0.22327125,-0.108123146,-0.28619036,120.01011,110.431404,-15.11268,WAL
2024502272000,236.984884,0.224953326332094,-14.6279371036878,-0.263463826909909,0.35277468,0.018020526,-0.33750305,119.8654,110.20127,-14.958125,WAL
2024507296000,236.989908,0.47270803001514,-15.237094638626,-0.217019608819076,0.50610185,0.13316862,-0.40378192,119.752975,109.887474,-14.743107,WAL
2024512358000,236.99497,0.761703204655564,-15.8059100650076,-0.212432386866011,0.6780604,0.2284636,-0.4596761,119.66932,109.54542,-14.516202,WAL
2024517311000,236.999923,0.994736015573384,-16.1178553898065,-0.221645000268995,0.8894198,0.3286455,-0.5186246,119.59804,109.10843,-14.235938,WAL
2024522332000,237.004944,1.19896745345918,-16.2767019162813,-0.239798898487022,1.1151345,0.37568212,-0.5742133,119.53724,108.638336,-13.947463,WAL
2024527328000,237.00994,1.21325500446046,-16.1833776497857,-0.0614676446357616,1.3277156,0.46517387,-0.61666846,119.52927,108.08467,-13.588677,WAL
2024532313000,237.014925,1.03192706165271,-15.8300213525516,0.319785898162252,1.4315627,0.4859433,-0.7351763,119.50882,107.49853,-13.206812,WAL
2024537308000,237.01992,0.809011172899787,-15.2989904178089,0.72778285754899,1.5879441,0.43371433,-0.88361657,119.50584,106.84184,-12.781533,WAL
2024542301000,237.024913,0.532275585117271,-14.5367536336684,1.16958873376993,1.6985108,0.30970868,-1.0305296,119.48327,106.16887,-12.339932,WAL
2024547316000,237.029928,0.2441881386838,-13.8040418106336,1.49575045631048,1.8277088,0.17470746,-1.146594,119.38132,105.456825,-11.925365,WAL
2024552310000,237.034922,-0.0543858182051816,-13.1123455309541,1.68484732321299,2.0234911,0.07880162,-1.2134838,119.25419,104.71384,-11.499263,WAL
2024557306000,237.039918,-0.404480029359508,-12.5944980291493,1.76401243807258,2.2773056,0.017715093,-1.2651019,119.03515,103.9568,-11.124401,WAL
2024562329000,237.044941,-0.800341319693635,-12.2224837724569,1.74970420892326,2.5833492,-0.029932396,-1.3161092,118.79563,103.17144,-10.7429905,WAL
2024567309000,237.049921,-1.22287117454545,-12.1272474025974,1.61268449480519,2.9049697,-0.07147124,-1.3665055,118.50755,102.40425,-10.415786,WAL
2024572302000,237.054914,-1.6736711562963,-12.2790475714286,1.36428454603175,3.1688635,-0.10995574,-1.4217888,118.21113,101.630066,-10.080637,WAL
2024577308000,237.05992,-2.12067131752988,-12.5789644860558,0.877861260796813,3.3851097,-0.089186326,-1.4834863,117.90134,100.92316,-9.802046,WAL
2024582314000,237.064926,-2.56144504058637,-13.0638157092655,0.094263412730616,3.4999523,-0.003970624,-1.5375478,117.60453,100.253136,-9.51496,WAL
2024587306000,237.069918,-2.9867157537823,-13.487729823897,-0.753981702264714,3.5121698,0.17959438,-1.5760323,117.35492,99.72423,-9.291898,WAL
2024592297000,237.074909,-3.3968828933495,-13.848854580916,-1.67239934058017,3.4275649,0.42119157,-1.5848899,117.15241,99.27158,-9.065851,WAL
2024597269000,237.079881,-3.86311883172026,-14.1542177895723,-2.46947664314705,3.2598825,0.6783658,-1.5589281,117.06088,98.99231,-8.9109955,WAL
2024602309000,237.084921,-4.45082327130815,-14.3551427474243,-3.04211169778333,3.0503557,0.852157,-1.5204436,117.01767,98.776855,-8.760497,WAL
2024607299000,237.089911,-5.00815993233813,-14.4652383892766,-3.42597511271089,2.8368583,0.874759,-1.4837917,117.08506,98.697655,-8.697043,WAL
2024612334000,237.094946,-5.53630963965197,-14.4524607592086,-3.55801255065807,2.6728408,0.8228355,-1.457219,117.18022,81.356766,-8.639088,WAL
2024617306000,237.099918,-6.04546886339565,-14.416124851238,-3.63314627224861,2.552195,0.7315111,-1.4340062,117.33443,81.34919,-8.634844,WAL
2024622303000,237.104915,-6.49040957093482,-14.25168996857,-3.41067594372916,2.4459045,0.6737844,-1.4196508,117.48068,81.338936,-8.629674,WAL
2024627302000,237.109914,-6.88035722915144,-14.0803333828904,-3.11891045519115,2.4010057,0.5045747,-1.4107933,117.58127,81.2772,-8.672578,WAL
2024632316000,237.114928,-7.01317438920281,-13.8763646751951,-2.5022598290329,2.356718,0.23396139,-1.3976597,117.63241,81.21785,-8.711992,WAL
2024637294000,237.119906,-7.06935376580157,-13.6761712567516,-1.94038375768052,2.3530529,-0.083383106,-1.423316,117.62472,81.12974,-8.768966,WAL
2024642298000,237.12491,-6.69761364072975,-13.4880065760391,-1.66043133082743,2.3399193,-0.33261612,-1.5366315,117.55643,81.06754,-8.795812,WAL
2024647356000,237.129968,-6.31862780267244,-13.3088749259661,-1.51048784631636,2.2565362,-0.49663344,-1.6245961,117.39753,80.98989,-8.816539,WAL
2024652307000,237.134919,-5.90766547930661,-13.2703468840737,-3.00878784203684,2.1288655,-0.23243423,-1.647809,117.291214,80.92517,-8.821809,WAL
2024657307000,237.139919,-5.4926358657277,-13.2314375305164,-4.52191649859155,1.7922786,0.5128214,-1.7146988,117.27712,80.95348,-8.7352295,WAL
2024662325000,237.144937,-4.81549003468887,-12.828939719714,-4.50165747348703,1.3521502,1.0024298,-1.749518,117.26575,80.991005,-8.653882,WAL
2024667631000,237.150243,-4.05240580074469,-12.3302541359565,-4.17845440730603,1.176221,1.1722504,-1.6942347,117.37356,81.02635,-8.585138,WAL
2024672305000,237.154917,-3.4172603762705,-11.7761906407366,-3.57934544287008,1.2324207,1.1679744,-1.565953,117.727776,81.19538,-8.439313,WAL
2024677771000,237.160383,-2.68807026066019,-11.1611076516505,-2.90007664605825,1.400714,1.1939361,-1.4431691,118.10146,81.39685,-8.260774,WAL
2024682316000,237.164928,-2.22322319308738,-10.9920724827184,-2.55778016421359,1.5564847,1.2742649,-1.3665055,118.48387,81.569855,-8.108111,WAL
2024687289000,237.169901,-1.71460174819417,-10.8071193704854,-2.18324982225243,1.7067575,1.382999,-1.3637567,118.856804,81.76299,-7.8930364,WAL
2024692286000,237.174898,-1.19843899822089,-10.766533028086,-1.80549752902549,1.767844,1.4758505,-1.391551,119.24333,81.933754,-7.6964707,WAL
2024697298000,237.17991,-0.680309308825587,-10.7377479674163,-1.42649519871064,1.8044959,1.5803084,-1.4159856,119.65932,82.08786,-7.507524,WAL
2024702309000,237.184921,-0.300079603543571,-10.7155080816668,-1.29373459174735,1.8402315,1.7250835,-1.4391985,120.10374,82.278305,-7.2510314,WAL
2024707309000,237.189921,0.0682257624866528,-10.6938433001991,-1.1810765065062,1.9065105,1.8759671,-1.4471397,120.57428,82.4536,-7.000423,WAL
2024712322000,237.194934,0.0778854612855402,-10.4672233885814,-1.32071148891145,2.0201313,1.9556851,-1.4019357,121.055695,82.63793,-6.6930885,WAL
2024717245000,237.199857,-0.0513751722380179,-10.165615278686,-1.55529563826158,2.1013765,1.9575176,-1.3322971,121.55073,82.79356,-6.400665,WAL
2024722304000,237.204916,-0.184206686557677,-9.85567511456641,-1.79636027599513,2.1096232,1.9694295,-1.2864822,122.07429,82.95049,-6.065064,WAL
2024727311000,237.209923,-0.315672864102356,-9.54892073588546,-2.03494707993501,2.0857995,2.0702224,-1.208597,122.614456,83.049805,-5.7702584,WAL
2024732314000,237.214926,-0.422090220679934,-9.25679592112355,-2.21919677808872,2.0448713,2.186592,-1.1340714,123.18349,83.11165,-5.4870753,WAL
2024737240000,237.219852,-0.519883247645108,-8.97319607348673,-2.38544488716832,2.0005836,2.2589796,-1.0589349,123.757935,83.13983,-5.235728,WAL
2024742301000,237.224913,-0.628611242660596,-8.68076174027517,-2.54178670539444,1.9682078,2.2910502,-1.0015136,124.39686,83.14914,-5.0229597,WAL
2024747255000,237.229867,-0.73661878903296,-8.39430697535385,-2.69205800603781,1.9376645,2.2974641,-0.9437868,125.0359,83.14347,-4.836904,WAL
2024752308000,237.23492,-0.820081435599133,-8.11349674816631,-2.81695164297162,1.9138408,2.2944098,-0.8958339,125.695984,83.12461,-4.6574354,WAL
2024757301000,237.239913,-0.896718478094655,-7.83850497837277,-2.93416122353163,1.885741,2.2623394,-0.8713993,126.33662,83.10362,-4.4897323,WAL
2024762326000,237.244938,-0.976725226371019,-7.54214453685931,-2.97956348497152,1.8435913,2.2455406,-0.8585711,127.03036,83.05721,-4.3227305,WAL
2024767271000,237.249883,-1.05663633771356,-7.24247800622232,-2.9945468558321,1.7910569,2.2382102,-0.86498517,127.70677,83.016136,-4.1591077,WAL
2024772306000,237.254918,-1.14197491880358,-6.94162690422044,-2.90626084390956,1.7287487,2.2317963,-0.8772025,128.41261,82.96345,-3.9944942,WAL
2024777331000,237.259943,-1.22811203444183,-6.64241355141781,-2.79292250146962,1.6676621,2.2269092,-0.90194255,129.1086,82.92376,-3.8267925,WAL
2024782315000,237.264927,-1.31253694141571,-6.31181430412915,-2.57055346606644,1.6059648,2.1978931,-0.9221011,129.8143,82.8733,-3.6633618,WAL
2024787308000,237.26992,-1.39666085318224,-5.96542199678154,-2.29838804850461,1.534799,2.1594086,-0.91813046,130.50838,82.83886,-3.501637,WAL
2024792299000,237.274911,-1.50734217465181,-5.64138047935837,-1.94762965169532,1.4648548,2.107485,-0.9272934,131.19623,82.78287,-3.3405437,WAL
2024797321000,237.279933,-1.62745190779944,-5.3226277575449,-1.56882194271444,1.3747523,2.0314324,-0.9184359,131.85919,82.746124,-3.1860876,WAL
2024802309000,237.284921,-1.7590505077748,-5.05636024373945,-1.25433351031675,1.278541,1.9324722,-0.89736104,132.49146,82.67356,-3.0426497,WAL
2024807296000,237.289908,-1.89657672600536,-4.81450371756529,-0.969796464392811,1.1615603,1.8298469,-0.87964594,133.09541,82.62891,-2.9005394,WAL
2024812315000,237.294927,-2.04087911711177,-4.54361230680514,-0.687281280545994,1.0317514,1.7699821,-0.8576548,133.6662,82.53658,-2.7846923,WAL
2024817311000,237.299923,-2.18758707715134,-4.25966126178042,-0.408062905305638,0.9111055,1.7305813,-0.84482664,134.2088,82.47245,-2.6709752,WAL
2024822305000,237.304917,-2.29690608850174,-3.99147802090592,-0.15926493190089,0.7663304,1.6844609,-0.83077675,134.72447,82.38599,-2.5849664,WAL
2024827314000,237.309926,-2.38512077430314,-3.73147688763066,0.072879015356175,0.6921103,1.6374242,-0.81031275,135.22394,82.31235,-2.5053706,WAL
2024832311000,237.314923,-2.48117537304136,-3.56456321339295,0.230625775665075,0.50518554,1.6200147,-0.7703011,135.71135,82.24297,-2.4621017,WAL
2024837306000,237.319918,-2.58325437263489,-3.46734511370796,0.33270474480439,0.3277292,1.6218473,-0.7360926,136.18674,82.191444,-2.424513,WAL
2024842290000,237.324902,-2.67770618266877,-3.43696960252665,0.350901308132649,0.1777618,1.6096299,-0.7113526,136.6376,82.13488,-2.4138503,WAL
2024847316000,237.329928,-2.76796742814844,-3.4512213781287,0.312896553351757,0.03756821,1.6145169,-0.66737026,137.08806,82.12055,-2.4207532,WAL
2024852310000,237.334922,-2.82518651323251,-3.49011100228833,0.274958503263357,-0.067500606,1.6267341,-0.6270532,137.54695,82.09608,-2.4523013,WAL
2024857279000,237.339891,-2.8583285221172,-3.54692588878719,0.237081943574769,-0.14996742,1.6398678,-0.5870415,138.0019,82.099915,-2.4978075,WAL
2024862354000,237.344966,-2.84059977257699,-3.61270174899144,0.206748958533897,-0.2302962,1.6239853,-0.5580254,138.45766,82.12498,-2.5685878,WAL
2024867356000,237.349968,-2.78403789681196,-3.68340403217554,0.183181516040539,-0.2874121,1.6215417,-0.54000485,138.9158,82.16247,-2.6493719,WAL
2024872274000,237.354886,-2.67599820301575,-3.71097028989627,0.184459302825586,-0.35246924,1.5974126,-0.5299256,139.36931,82.2198,-2.7422595,WAL
2024877365000,237.359977,-2.516788912937,-3.70160504041491,0.207872441197657,-0.4266894,1.5641204,-0.52015173,139.81459,82.29099,-2.839941,WAL
2024882353000,237.364965,-2.32701670247059,-3.68588288901961,0.211654936719608,-0.48899764,1.5134187,-0.5143485,140.25275,82.37602,-2.928265,WAL
2024887366000,237.369978,-2.09638744494118,-3.66234931137255,0.192828064772549,-0.55741453,1.4575244,-0.5009095,140.67485,82.47746,-3.0196886,WAL
2024892320000,237.374932,-1.88708064929089,-3.63321955411283,0.202166302061141,-0.6096435,1.3982705,-0.49510628,141.07957,82.5879,-3.0761824,WAL
2024897310000,237.379922,-1.70258448131106,-3.59556722839584,0.251114258655846,-0.6765333,1.3435981,-0.47861293,141.4644,82.71418,-3.136888,WAL
2024902235000,237.384847,-1.52049157002836,-3.55840536383549,0.299424616617554,-0.73639804,1.2748758,-0.47067168,141.82967,82.86285,-3.1472294,WAL
2024907263000,237.389875,-1.32464630939453,-3.52477263226562,0.383061987151367,-0.816116,1.2006557,-0.4654793,142.17319,83.02943,-3.1582713,WAL
2024912312000,237.394924,-1.1263222796875,-3.49171864375,0.472780020078125,-0.90224797,1.1264355,-0.44684792,142.4925,83.206924,-3.172037,WAL
2024917235000,237.399847,-1.04187870538278,-3.43608037978469,0.60954771041866,-1.003957,1.0861185,-0.43676865,142.79971,83.399605,-3.1303537,WAL
2024922224000,237.404836,-0.980330888700773,-3.37453265491351,0.759020964420317,-1.0549643,0.96852684,-0.40866885,143.0592,83.59339,-3.0933685,WAL
2024927321000,237.409933,-1.03085958494756,-3.24734110583575,1.02311114456148,-1.1655309,0.8582657,-0.36865717,143.30135,83.7997,-3.0000813,WAL
2024932275000,237.414887,-1.14203045156215,-3.08852538467976,1.34074227731756,-1.2748758,0.7464773,-0.310625,143.50613,84.00958,-2.9162402,WAL
2024937217000,237.419829,-1.26619279275442,-3.07568836933075,1.60343538550885,-1.3881912,0.64476824,-0.24007004,143.67928,84.169495,-2.8045022,WAL
2024942248000,237.42486,-1.39499501891593,-3.08901286709071,1.86103983783186,-1.5271631,0.537256,-0.17562376,143.81682,84.35448,-2.7059395,WAL
2024947208000,237.42982,-1.53516545788932,-3.19524126986217,2.1380925351368,-1.6609426,0.44776422,-0.095294975,143.91698,84.4443,-2.630024,WAL
2024952209000,237.434821,-1.68295483293561,-3.34795690254063,2.42874492471714,-1.813659,0.40133846,0.019242255,143.99554,84.561005,-2.5839953,WAL
2024957216000,237.439828,-1.69245457921061,-3.85377748888219,2.89254188125942,-1.9663752,0.35338554,0.10170906,144.04045,84.61709,-2.582303,WAL
2024962249000,237.444861,-1.64888715800944,-4.49760691623983,3.4250324219544,-2.0735822,0.29932398,0.20341812,144.0643,84.68176,-2.6197503,WAL
2024967202000,237.449814,-1.49833635731767,-5.43513784014762,4.00424739417306,-2.1303926,0.27458394,0.36285394,144.05583,84.68489,-2.7316215,WAL
2024972211000,237.454823,-1.30733132274449,-6.49265366174614,4.60987319423133,-2.0983222,0.23945917,0.5002986,144.02347,84.67648,-2.865509,WAL
2024977254000,237.459866,-0.823894987421833,-8.23270028908376,5.38984535173874,-1.9843957,0.17195857,0.5873469,143.9564,84.57139,-3.048825,WAL
2024982237000,237.464849,-0.208199261372241,-10.2721923138796,6.24123703504687,-1.752267,0.21991149,0.59742624,143.90495,84.41959,-3.2498527,WAL
2024987228000,237.46984,1.3857452793806,-13.0716595443259,7.83360872388943,-1.350623,0.30787608,0.54367006,143.83173,84.1528,-3.44303,WAL
2024992249000,237.474861,3.42388377798332,-16.2244783961203,9.76447703274491,-0.8023715,0.3848451,0.40683624,143.76567,83.820335,-3.6142771,WAL
2024997220000,237.479832,5.04525446663274,-17.7185500535423,10.1855698658388,-0.11789699,0.47525316,0.13836098,143.73447,83.43319,-3.646774,WAL
2025002221000,237.484833,6.4444266514658,-18.2694429869707,9.73705489576547,0.50671273,0.68600166,-0.20066923,143.76605,82.97276,-3.626714,WAL
2025007209000,237.489821,6.791431188838,-18.5680666129643,8.99334850064722,0.8741482,1.0005972,-0.45662177,143.91072,82.489006,-3.2247589,WAL
2025012248000,237.49486,6.604032620233,-18.7410508719506,8.08999122094992,0.9990701,1.1664472,-0.59620446,144.09068,81.90584,-2.7948482,WAL
2025017196000,237.499808,5.71041715683553,-17.8359675395063,7.21475342857143,0.9611965,1.4291192,-0.63529986,144.51985,81.45534,-2.1354594,WAL
2025022217000,237.504829,4.42808302567661,-16.3486499758104,6.33285064285714,0.90102625,1.5354098,-0.6560693,144.95879,80.93525,-1.4923856,WAL
2025027271000,237.509883,2.95311922803592,-14.4937024123389,5.52354007399453,0.7458665,1.518611,-0.6395759,145.47919,80.541664,-0.9003448,WAL
2025032195000,237.514807,1.41561729187817,-12.4912672538071,4.77780570558376,0.5861252,1.4291192,-0.59498274,146.00433,80.14504,-0.34977612,WAL
2025037215000,237.519827,-0.0741591745117676,-10.4695359764647,4.2090090211317,0.45662177,1.3179418,-0.52015173,146.45924,79.82281,-0.0051533775,WAL
2025042226000,237.524838,-1.50639104967451,-8.46537285097646,3.77645578742113,0.31856623,1.2064588,-0.4578435,146.88382,79.549835,0.32050657,WAL
2025047224000,237.529836,-2.65056049687717,-6.91739329673838,3.4629893421037,0.204029,1.1294898,-0.3924809,147.18878,79.34151,0.39580917,WAL
2025052235000,237.534847,-3.60206976335878,-5.67567340839695,3.22986954449291,0.0421497,1.0684034,-0.31612277,147.45926,79.19434,0.45408934,WAL
2025057202000,237.539814,-4.31417600464978,-4.91699033853383,3.01259742374357,-0.1282817,1.0363328,-0.20830505,147.61133,79.088066,0.26977128,WAL
2025062225000,237.544837,-4.8614648510091,-4.50295445676692,2.80319994345073,-0.35369098,1.0231993,-0.054061573,147.73781,79.044655,0.056618866,WAL
2025067213000,237.549825,-5.11759056442585,-4.51379678888557,2.75495476634797,-0.57360244,1.0494665,0.09987647,147.80145,78.98436,-0.31796914,WAL
2025072210000,237.554822,-5.14142064580221,-4.86647988317897,2.83597658518076,-0.78801614,1.0384709,0.27977628,147.83638,78.97147,-0.73804784,WAL
2025077239000,237.559851,-5.11555271683663,-5.63977298774245,3.11992291495701,-0.96791595,0.9315695,0.42485678,147.82872,78.96777,-1.2677215,WAL
2025082215000,237.564827,-5.04885003881224,-6.74989371271746,3.5677827154769,-1.1252137,0.6600399,0.52503866,147.7625,78.98481,-1.8247614,WAL
2025087212000,237.569824,-5.05678305882179,-8.36392715793219,3.97878875196204,-1.2357804,0.26083946,0.6160576,147.61523,79.00093,-2.4077885,WAL
2025092227000,237.574839,-5.127991547949,-10.4052346019373,4.35856681537017,-1.3008375,-0.23304509,0.6780604,147.35916,79.005806,-2.9883459,WAL
2025097226000,237.579838,-5.42239381254054,-12.4241409861425,4.3624664897887,-1.3038919,-0.7840455,0.72418076,146.94344,78.99042,-3.5530353,WAL
2025102261000,237.584873,-5.92472678118919,-14.4429503389681,4.0212593107715,-1.2385293,-1.2791518,0.7993172,146.39853,78.92572,-4.112386,WAL
2025107254000,237.589866,-6.27133522377622,-15.9134381678322,3.23910381258741,-1.0876455,-1.6001616,0.8848383,145.7423,78.83365,-4.645597,WAL
2025112299000,237.594911,-6.46440193520116,-16.8480575212061,1.98855685499955,-0.85154617,-1.6618589,0.93370754,145.02513,78.666245,-5.1642876,WAL
2025117253000,237.599865,-6.46853903581081,-17.6432871220191,1.02376674236486,-0.52595496,-1.5097535,0.9425651,144.32545,78.49187,-5.7003074,WAL
2025122260000,237.604872,-6.02066542314189,-18.1483359084857,0.690243790726351,-0.32895094,-0.95203346,0.9092729,143.73697,78.26869,-6.2335334,WAL
2025127306000,237.609918,-5.17987082773183,-18.536137997762,0.777758412005449,0.106901415,-0.33169982,0.82650065,143.33658,78.07922,-6.7233834,WAL
2025132285000,237.614897,-3.38891944069281,-18.6196545819792,1.90986236197431,0.66920286,-0.11026118,0.6588182,142.99695,77.821556,-7.1667123,WAL
2025137263000,237.619875,-1.69820860586011,-18.0317340434783,2.6212932536862,1.151481,-0.376293,0.3820962,142.77362,77.60872,-7.468629,WAL
2025142253000,237.624865,-0.347908400009949,-15.1266862173913,1.88433370229828,1.3680327,-0.7993172,0.04917465,142.58214,77.37151,-7.6948724,WAL
2025147274000,237.629886,0.790857490105668,-12.1944654009894,0.93548297715658,1.2055426,-1.2305881,-0.3032946,142.3601,77.21788,-7.610951,WAL
2025152313000,237.634925,1.12926288616715,-9.21835276138329,-0.775086555043228,0.68019843,-1.2913691,-0.4999932,142.13466,77.13031,-7.480071,WAL
2025157293000,237.639905,1.38021828518592,-6.45585038501825,-2.27571436177138,0.008552114,-1.1322387,-0.58001655,141.9176,77.24387,-7.1682525,WAL
2025162324000,237.644936,1.10935205369366,-4.78788493099911,-2.59885302564355,-0.6243043,-1.0302242,-0.59681535,141.68198,77.484985,-6.8254576,WAL
2025167321000,237.649933,0.814223543670699,-3.2500698534671,-2.85862186748303,-1.1129965,-1.0238101,-0.52870387,141.5344,77.95462,-6.4715652,WAL
2025172308000,237.65492,0.320985503058916,-2.62060411122258,-2.65193153956919,-1.4963144,-1.1426234,-0.41905355,141.3809,78.54392,-6.1283126,WAL
2025177374000,237.659986,-0.175991030258595,-2.01250427800456,-2.48109412274844,-1.7528778,-1.3435981,-0.33383787,141.17159,79.17879,-5.8441305,WAL
2025182315000,237.664927,-0.621379467264441,-1.72182979589815,-2.69206762640444,-1.926669,-1.582141,-0.27030787,140.91231,79.87158,-5.580923,WAL
2025187371000,237.669983,-1.0696688780627,-1.45172029273748,-2.9219613258774,-2.0787745,-1.78617,-0.18936823,140.55371,80.51496,-5.4238167,WAL
2025192299000,237.674911,-1.41418653414132,-1.52680742393074,-3.31948166279832,-2.1847596,-1.953547,-0.09040806,140.13358,81.165504,-5.287783,WAL
2025197305000,237.679917,-1.76415718883482,-1.60308302838559,-3.72329392063641,-2.238821,-2.1514673,0.020158553,139.61954,81.77917,-5.243738,WAL
2025202313000,237.684925,-2.09690942106049,-1.95217200379014,-3.94021781135176,-2.2385156,-2.3802364,0.13103059,139.04482,82.3559,-5.2315893,WAL
2025207299000,237.689911,-2.42677279200896,-2.32215400982076,-4.140810660941,-2.2159138,-2.5619688,0.25259277,138.42334,82.87295,-5.260417,WAL
2025212364000,237.694976,-2.74767752055228,-2.86001929846121,-4.28511760439502,-2.1584923,-2.6279423,0.37384954,137.76439,83.2958,-5.3811197,WAL
2025217357000,237.699969,-3.06014112348229,-3.43454888419056,-4.41111070748314,-2.0824397,-2.6887233,0.42730024,137.05492,83.61209,-5.526095,WAL
2025222305000,237.704917,-3.20947749297902,-3.99754951323789,-4.49501570027456,-2.0598376,-2.6355782,0.53969944,136.35147,83.74209,-5.786918,WAL
2025227339000,237.709951,-3.34184365501079,-4.56956039599921,-4.57538081013924,-2.0030272,-2.4904976,0.6579019,135.66002,83.71779,-6.0772715,WAL
2025232312000,237.714924,-3.47465224013049,-5.27898544490472,-4.48248206263463,-1.9428569,-2.3047945,0.79473567,134.99411,83.49174,-6.4594817,WAL
2025237242000,237.719854,-3.60667050245443,-6.0075307970174,-4.36024297812759,-1.8503108,-2.1426098,0.9462303,134.3689,83.10957,-6.8903737,WAL
2025242299000,237.724911,-3.72723318192122,-6.815181037121,-4.14171614042694,-1.772731,-2.014939,1.1047498,133.79831,97.41871,-7.381999,WAL
2025247251000,237.729863,-3.84369989997166,-7.61253021479173,-3.91774172221593,-1.68385,-1.8738291,1.2538009,133.2876,98.05429,-7.9192324,WAL
2025252313000,237.734925,-3.79151187120303,-8.43780074129813,-3.92188321946265,-1.6001616,-1.6511687,1.389413,132.84747,98.77561,-8.509315,WAL
2025257286000,237.739898,-3.69477469315853,-9.25127215270981,-3.98784032370049,-1.505172,-1.4010195,1.518611,132.4679,99.553406,-9.136887,WAL
2025262311000,237.744923,-3.50999040186342,-10.1479618964882,-3.76234168538958,-1.4395039,-1.1688906,1.6142114,132.15695,100.3472,-9.789273,WAL
2025267325000,237.749937,-3.27400503135047,-11.0869875332241,-3.36411632452135,-1.4535538,-0.9932669,1.7015651,131.91405,101.16942,-10.464129,WAL
2025272306000,237.754918,-2.50681205948553,-12.0694813917155,-2.85124372010592,-1.4984524,-0.81306165,1.8069394,131.77979,101.95359,-11.09846,WAL
2025277375000,237.759987,-1.46925458553055,-13.0932655096463,-2.27278251768489,-1.5222762,-0.6731735,1.8936822,131.69492,102.74315,-11.735804,WAL
2025282310000,237.764922,-0.905476154234354,-13.4443373787748,-1.97135518073025,-1.5711454,-0.6301075,1.9230038,131.66301,103.413956,-12.2863865,WAL
2025287307000,237.769919,-0.676398477369252,-13.3054285655141,-1.86656432205021,-1.6316211,-0.6407976,1.8591684,131.65991,104.06917,-12.816684,WAL
2025292278000,237.77489,-0.448512719575292,-13.167242511738,-1.76231870297907,-1.6982054,-0.675617,1.7366899,131.77696,104.33174,-13.03354,WAL
2025297290000,237.779902,-0.218747397092224,-13.0279167218516,-1.6572132829862,-1.7256943,-0.7101309,1.5900823,131.88193,104.57224,-13.222064,WAL
2025302310000,237.784922,-0.0586802790452561,-12.5724557395792,-1.67879633439857,-1.6954565,-0.7501425,1.4049901,131.95515,104.76647,-13.355608,WAL
2025307286000,237.789898,0.0595566022250893,-11.9387061373561,-1.77338586707027,-1.6151277,-0.77854776,1.2092078,132.0128,104.9184,-13.445358,WAL
2025312393000,237.795005,0.16470988245614,-11.3370910906433,-1.79517522923977,-1.5213599,-0.7874053,0.9999864,132.05888,104.948814,-13.414374,WAL
2025317329000,237.799941,0.25685631394152,-10.7842126653021,-1.77213859009747,-1.4761559,-0.763887,0.9071349,132.10193,104.964554,-13.368503,WAL
2025322317000,237.804929,0.286162226316411,-10.1983834911452,-1.48612365501771,-1.328021,-0.7489208,0.72356987,132.13991,104.900475,-13.246243,WAL
2025327366000,237.809978,0.267132975504723,-9.58469030770366,-0.996120788134593,-1.1863003,-0.88056225,0.5561928,132.13875,104.820786,-13.113987,WAL
2025332312000,237.814924,0.168014382140188,-9.01886577426523,-0.755022098161802,-1.1108584,-1.196685,0.40378192,132.0525,104.74889,-12.971862,WAL
2025337328000,237.81994,-0.00179716533824865,-8.47546847621452,-0.716208005443895,-1.1285735,-1.6245961,0.25900686,131.89223,104.63991,-12.801357,WAL
2025342325000,237.824937,-0.200805763722008,-7.93218096278586,-1.11660107270567,-1.2189816,-2.094046,0.10354166,131.58664,104.501236,-12.645099,WAL
2025347339000,237.829951,-0.424234262805663,-7.38549477886348,-1.8677011021087,-1.3530666,-2.529593,-0.025045475,131.1691,104.350716,-12.47746,WAL
2025352313000,237.834925,-0.658218000138244,-6.99564140316974,-2.83683702046016,-1.4999796,-2.833804,-0.1133155,130.61227,104.271996,-12.359235,WAL
2025357349000,237.839961,-0.905862641236299,-6.73370933120371,-4.01314910297225,-1.6111571,-2.9410107,-0.15851954,129.9954,104.193275,-12.234195,WAL
2025362324000,237.844936,-1.12413398381669,-6.71468646941502,-4.87353570518658,-1.7143933,-2.867096,-0.16554448,129.3615,104.25744,-12.155851,WAL
2025367318000,237.84993,-1.31822386848461,-6.92297798906265,-5.45107131609423,-1.7614299,-2.6484063,-0.14172074,128.75024,104.33238,-12.079637,WAL
2025372331000,237.854943,-1.34184800614093,-7.24334788712026,-5.66141062740949,-1.7492126,-2.362216,-0.09621128,128.18867,104.603096,-12.037765,WAL
2025377347000,237.859959,-1.18798700646705,-7.67928736144812,-5.48889980819179,-1.6985108,-2.0182989,-0.03756821,127.711464,104.90134,-12.002423,WAL
2025382285000,237.864897,-1.03651858214695,-8.10844787265845,-5.31907157348345,-1.6221527,-1.6166549,0.048258353,127.35886,105.291595,-11.987926,WAL
2025387346000,237.869958,-0.881277250538193,-8.54829828724643,-5.1450131093565,-1.5421293,-1.2318097,0.17715092,127.10543,105.711845,-11.992836,WAL
2025392248000,237.87486,-0.692728493916204,-8.99852135477032,-4.66540727585058,-1.496009,-0.8961393,0.3200934,126.970955,106.1433,-11.992198,WAL
2025397294000,237.879906,-0.429273002929833,-9.50591715971731,-3.60670660170621,-1.4532484,-0.6435465,0.42149702,126.92767,106.58782,-12.003486,WAL
2025402247000,237.884859,-0.141157743189336,-9.88755174051372,-2.65305874210936,-1.4300356,-0.49663344,0.49174652,126.96628,106.95742,-11.99585,WAL
2025407308000,237.88992,0.20309016699747,-10.0808964173964,-1.8230911805215,-1.4682146,-0.4550946,0.5158757,127.051315,107.3424,-11.995684,WAL
2025412282000,237.894894,0.545629427408573,-10.1935862603225,-0.923580013920566,-1.5155567,-0.40653083,0.51923543,127.19864,107.53807,-11.98707,WAL
2025417319000,237.899931,0.901299712357452,-10.1461635886748,0.162399934344278,-1.5274686,-0.43493605,0.50518554,127.336006,107.73329,-11.981309,WAL
2025422260000,237.904872,1.19247787147088,-10.0711988361303,1.02887804333662,-1.5528195,-0.6383542,0.46517387,127.34527,107.87949,-11.959218,WAL
2025427330000,237.909942,1.34585803395854,-9.9226118005923,1.41712160153011,-1.5653422,-0.9410379,0.4120286,127.31785,108.01903,-11.938936,WAL
2025432270000,237.914882,1.44841859662618,-9.76180706940428,1.62858151361095,-1.5079209,-1.2198979,0.3408628,127.12934,108.047325,-11.896231,WAL
2025437308000,237.91992,1.42051344777328,-9.5525188172354,1.37278461526894,-1.3817772,-1.4141531,0.267559,126.87754,108.0514,-11.85399,WAL
2025442291000,237.924903,1.36199537778313,-9.35523623527711,1.0826832271094,-1.2205088,-1.5128077,0.21777347,126.528496,108.01389,-11.814964,WAL
2025447306000,237.929918,1.17219925874699,-9.19784402515663,0.633653265200964,-1.040609,-1.5335772,0.17531833,126.14436,107.93143,-11.766568,WAL
2025452293000,237.934905,0.97415046839318,-9.04226897953862,0.189493989540622,-0.8765916,-1.45783,0.15332718,125.7779,107.85417,-11.716308,WAL
2025457287000,237.939899,0.705515754960883,-8.89356048264795,-0.237443330928786,-0.7449502,-1.3478742,0.14782938,125.416,107.73988,-11.659157,WAL
2025462358000,237.94497,0.427368590637402,-8.74937164341551,-0.645872988779314,-0.66767573,-1.208597,0.16523905,125.12243,107.66522,-11.619352,WAL
2025467404000,237.950016,0.116025713518598,-8.64974207739885,-0.890796084420582,-0.64660084,-1.0784826,0.18570304,124.85968,107.5745,-11.573625,WAL
2025472275000,237.954887,-0.184519501393351,-8.55356775792458,-1.12722501800533,-0.6722572,-0.958753,0.22113322,124.65072,107.56962,-11.573916,WAL
2025477305000,237.959917,-0.522143524516129,-8.4406035141129,-1.33952691824597,-0.73273283,-0.86315256,0.26939157,124.47608,107.573746,-11.57742,WAL
2025482251000,237.964863,-0.861160553032258,-8.32600589072581,-1.54007216086694,-0.8191703,-0.7974846,0.3118467,124.33071,107.594124,-11.583985,WAL
2025487341000,237.969953,-1.11877560100118,-8.23335943736437,-1.65377884958572,-0.90377516,-0.74006325,0.364992,124.22609,107.70488,-11.667157,WAL
2025492265000,237.974877,-1.34669562741665,-8.14963395225883,-1.74215600417242,-0.98349303,-0.6933321,0.41783184,124.14151,107.83782,-11.756646,WAL
2025497331000,237.979943,-1.49952628070175,-8.13821339181287,-1.75087545964912,-1.0467176,-0.6621779,0.4868596,124.07731,108.06131,-11.932929,WAL
2025502247000,237.984859,-1.62551986702349,-8.14754594687283,-1.73687618852215,-1.0989466,-0.65301496,0.54825157,124.02459,108.30056,-12.114307,WAL
2025507330000,237.989942,-1.705328638791,-8.17759993298969,-1.64672156582943,-1.1313224,-0.65148777,0.6044512,123.97862,108.59685,-12.357551,WAL
2025512302000,237.994914,-1.76780496415183,-8.21330094329897,-1.5351566891284,-1.1517864,-0.6731735,0.62888575,123.93169,108.896,-12.60021,WAL
2025517421000,238.000033,-1.80653940842389,-8.27350685265676,-1.381110873871,-1.1633929,-0.72204274,0.6808093,123.85865,109.232666,-12.8883705,WAL
2025522330000,238.004942,-1.82997301982853,-8.34380817625361,-1.21238877388097,-1.1725558,-0.79901177,0.7162395,123.77329,109.56195,-13.171475,WAL
2025527342000,238.009954,-1.87258263290832,-8.47778888737098,-1.05693755179114,-1.1695015,-0.8549059,0.7440339,123.644585,109.89746,-13.47458,WAL
2025532367000,238.014979,-1.92615054653916,-8.64823183287796,-0.910843278870674,-1.1792754,-0.91599244,0.77396625,123.496994,110.23256,-13.7838335,WAL
2025537342000,238.019954,-1.98479985848232,-8.82744177353993,-0.771102263377036,-1.1997393,-0.990518,0.7834347,123.30529,110.543495,-14.097983,WAL
2025542346000,238.024958,-2.04667808589591,-9.01307660488677,-0.633066138085022,-1.1948525,-1.035722,0.7849618,123.10743,110.84472,-14.411195,WAL
2025547322000,238.029934,-2.10890690855064,-9.25558610612492,-0.500450607374166,-1.1798862,-1.061073,0.7892379,122.84565,111.15695,-14.744325,WAL
2025552350000,238.034962,-2.17217545118254,-9.53299408914494,-0.3690468205943,-1.1362094,-1.0888673,0.78801614,122.57158,111.451164,-15.071137,WAL
2025557329000,238.039941,-2.22643438353851,-9.83082740366447,-0.261951581697681,-1.0763446,-1.1432343,0.79229224,122.25265,111.724,-15.408532,WAL
2025562396000,238.045008,-2.27737260234755,-10.145718316347,-0.164705726401374,-0.9981538,-1.1786644,0.7883216,121.93165,111.97367,-15.735311,WAL
2025567452000,238.050064,-2.2635720553222,-10.4124542018236,-0.150644614460609,-0.8958339,-1.2153164,0.7846564,121.56284,112.194595,-16.072693,WAL
2025572361000,238.054973,-2.2057757595021,-10.6388239281836,-0.193991904219855,-0.752586,-1.2379184,0.79381937,121.18947,112.38761,-16.405195,WAL
2025577325000,238.059937,-2.06746026375126,-10.8896865735086,-0.395182232985844,-0.58184916,-1.2092078,0.80848014,120.79978,112.532486,-16.730433,WAL
2025582293000,238.064905,-1.87984391956522,-11.1542735130435,-0.693444079869565,-0.3830125,-1.135293,0.8228355,120.41798,112.644005,-17.04703,WAL
2025587288000,238.0699,-1.54779517530412,-11.4285556028088,-1.13520819841757,-0.14874569,-1.0112875,0.8393288,120.067276,112.707985,-17.333698,WAL
2025592301000,238.074913,-1.12995808035803,-11.7086965795668,-1.662252707568,0.09193522,-0.79137594,0.83658,119.765884,112.73453,-17.597935,WAL
2025597274000,238.079886,-0.0876017955083909,-11.6864028832182,-2.18449611931886,0.31306845,-0.52626044,0.820392,119.56499,112.71842,-17.789162,WAL
2025602316000,238.084928,1.38052930745311,-11.4671366062192,-2.71359538678184,0.45112398,-0.23945917,0.7657196,119.43151,112.66896,-17.94623,WAL
2025607316000,238.089928,2.20805580748506,-11.4845714670324,-2.80666686651318,0.4392121,-0.10415252,0.657291,119.404625,112.60845,-17.985407,WAL
2025612303000,238.094915,2.59174162368962,-11.6670559938278,-2.59610744009013,0.3827071,0.1469131,0.5821546,119.49227,112.52995,-17.990656,WAL
2025617311000,238.099923,2.68772344006534,-11.9932426058806,-2.13837546337986,0.1826487,0.35155296,0.40622538,119.76524,112.35075,-17.701754,WAL
2025622302000,238.104914,2.54103176875557,-12.4380498546679,-1.47589672623503,-0.10629055,0.44593164,0.17837265,120.063896,112.17524,-17.375748,WAL
2025627292000,238.109904,2.1083994256171,-12.7359423543046,-0.693900466944612,-0.36957347,0.39736784,-0.04734206,120.35372,111.94494,-16.954514,WAL
2025632322000,238.114934,1.40753211606462,-12.9002834470199,0.205143154458158,-0.5757405,0.21777347,-0.25411993,120.611145,111.72204,-16.488499,WAL
2025637309000,238.119921,0.641972431915394,-12.8149152655699,0.841352280023502,-0.6921103,-0.06383542,-0.40225476,120.69711,111.44916,-16.037733,WAL
2025642302000,238.124914,-0.186818063200157,-12.5105573967881,1.2534062887593,-0.70188415,-0.38728857,-0.47739118,120.70676,111.178825,-15.577429,WAL
2025647287000,238.129899,-0.807757412867625,-12.3178311085999,1.37915853484004,-0.6123924,-0.6579019,-0.5128214,120.46751,110.87875,-15.253964,WAL
2025652312000,238.134924,-1.21267052645729,-12.2424978975638,1.2002434614617,-0.44135013,-0.7644979,-0.4831944,120.18425,110.570526,-14.947165,WAL
2025657287000,238.139899,-1.41588523146332,-12.3329200910161,1.02910754547862,-0.22204952,-0.6988298,-0.42760566,119.758766,110.29894,-14.812803,WAL
2025662388000,238.145,-1.36797305335426,-12.6395584311495,0.861414772008631,-0.0021380284,-0.5488624,-0.35918877,119.33414,110.00918,-14.694514,WAL
2025667395000,238.150007,-1.23128151824149,-13.0833911026799,0.770199010692562,0.20891592,-0.39920044,-0.2855795,118.92841,109.761734,-14.653078,WAL
2025672310000,238.154922,-0.976159501720365,-13.7117469417846,0.779648000760815,0.43096542,-0.2565634,-0.23671028,118.57045,109.48715,-14.614326,WAL
2025677306000,238.159918,-0.719893505678074,-14.27762043502,0.816027604158136,0.63591075,-0.124005646,-0.24617869,118.27957,109.18304,-14.5462675,WAL
2025682316000,238.164928,-0.467294385525982,-14.7407189082578,0.890871777776153,0.8585711,-0.06261369,-0.29138273,118.013535,108.84758,-14.477518,WAL
2025687259000,238.169871,-0.186932802766477,-15.1226686641579,0.849737038369609,1.0748174,-0.05467244,-0.36285394,117.776596,108.431854,-14.338379,WAL
2025692301000,238.174913,0.156846510919447,-15.3731368858828,0.594358123001424,1.2858714,-0.023823744,-0.45937067,117.56348,107.976555,-14.177022,WAL
2025697257000,238.179869,0.499779209156843,-15.5552152601399,0.313852327937063,1.5063937,0.042455133,-0.5497787,117.36793,107.433495,-13.948375,WAL
2025702313000,238.184925,0.857731755554446,-15.6374477412587,-0.0199142085664336,1.7229455,0.13225232,-0.6612616,117.18627,106.8491,-13.689337,WAL
2025707258000,238.18987,1.12893870481232,-15.6480787295476,-0.236111143426372,1.9230038,0.18417588,-0.7189884,117.06793,106.21758,-13.362736,WAL
2025712339000,238.194951,1.27880507379211,-15.5450454388835,-0.278261080179981,2.0244074,0.28252518,-0.8588765,116.98307,105.54478,-12.9846115,WAL
2025717246000,238.199858,1.29507118306358,-15.3166834483982,-0.246669093230951,2.169488,0.33383787,-1.0241156,116.96178,104.81912,-12.534011,WAL
2025722309000,238.204921,1.01308452096205,-14.7813868563825,-0.0459328043505175,2.2919664,0.33933565,-1.185384,116.95141,104.07313,-12.055797,WAL
2025727309000,238.209921,0.664484185882161,-14.2271894933399,0.199556326591812,2.430022,0.30818152,-1.3075571,116.95263,103.29055,-11.538092,WAL
2025732344000,238.214956,0.13646460405655,-13.604599008744,0.566017688548174,2.6117544,0.22174409,-1.4220943,116.93516,102.4743,-10.993004,WAL
2025737303000,238.219915,-0.38358487087358,-12.9914061163684,0.92694755824859,2.864958,0.09437868,-1.5366315,116.85961,101.66473,-10.480645,WAL
2025742336000,238.224948,-1.05558431734235,-12.6213165780784,1.09885618947683,3.1639764,-0.043066,-1.6194037,116.75775,100.84471,-9.95908,WAL
2025747262000,238.229874,-1.74064509715934,-12.3069389053113,1.23023771480008,3.440393,-0.099265605,-1.6872098,116.64463,100.021736,-9.422266,WAL
2025752347000,238.234959,-2.38145928969191,-12.444355339188,0.955378162608696,3.6670241,-0.05497787,-1.7540996,116.447395,99.30531,-8.983367,WAL
2025757258000,238.23987,-2.98633960394472,-12.6745713674057,0.60328366173913,3.7684276,0.08460484,-1.7831156,116.26988,98.66175,-8.544486,WAL
2025762381000,238.244993,-3.60901219405212,-13.0655003363835,-0.0841757226934552,3.7378845,0.31673363,-1.7800614,116.08771,98.23245,-8.221837,WAL
2025767246000,238.249858,-4.19754194763278,-13.487203026855,-0.844166889801074,3.5634825,0.54641896,-1.7269161,115.954414,82.06867,-7.912834,WAL
2025772347000,238.254959,-4.87073014253941,-13.9889923375882,-1.53246604289721,3.3261611,0.6939429,-1.6597209,115.89334,82.1574,-7.7226725,WAL
2025777326000,238.259938,-5.54855524624311,-14.5008191894401,-2.16418062808239,3.0839531,0.70738196,-1.5748106,115.86443,82.15202,-7.558093,WAL
2025782351000,238.264963,-6.17489900587057,-14.9039750917652,-2.69447046802244,2.8597655,0.6044512,-1.4822645,115.87401,82.02329,-7.534606,WAL
2025787332000,238.269944,-6.76747124067321,-15.2480493183731,-3.1675725545582,2.6554313,0.47952923,-1.366811,115.88059,81.86887,-7.5381427,WAL
2025792288000,238.2749,-7.38421113643119,-15.5721344339641,-3.36407993928465,2.468812,0.3680463,-1.2657127,115.8518,81.6351,-7.7073655,WAL
2025797371000,238.279983,-8.03049779082532,-15.8952778618845,-3.42677937128703,2.3038783,0.21166481,-1.239751,115.775955,81.42565,-7.8665953,WAL
2025802345000,238.284957,-8.73879903752071,-16.0396016963259,-3.21791347057792,2.2036965,0.09896017,-1.2776246,115.80254,81.23657,-8.007188,WAL
2025807304000,238.289916,-9.48396212620602,-16.0951414330962,-2.87078811012572,2.19209,-0.18753563,-1.35551,115.7322,81.0708,-8.123642,WAL
2025812321000,238.294933,-9.69948206715731,-16.0796253183073,-2.78513282143514,2.2046127,-0.49877146,-1.6203201,115.69982,80.95282,-8.164206,WAL
2025817316000,238.299928,-9.5527905124195,-16.0160591821527,-2.87803752382705,2.2033908,-0.5558874,-1.8942931,115.65581,80.86607,-8.169487,WAL
2025822304000,238.304916,-8.96526882396083,-15.4495259540175,-3.06124557231449,1.9520199,-0.21166481,-1.9523253,115.6745,80.75466,-8.185516,WAL
2025827365000,238.309977,-8.11845892251128,-14.5887585365268,-3.29853835748296,1.5656476,-0.03390302,-1.9016235,115.62838,80.70404,-8.1465225,WAL
2025832310000,238.314922,-7.0273885474644,-13.6338716943961,-3.48176921745723,1.42973,0.17440203,-1.7763962,115.70637,80.66824,-8.093762,WAL
2025837333000,238.319945,-5.71155536767749,-12.5743048113923,-3.62961564677799,1.4517213,0.44440445,-1.611768,115.84336,80.64251,-8.06984,WAL
2025842289000,238.324901,-4.50866395583144,-11.7584330469878,-3.60454086317143,1.5964963,0.7834347,-1.4477507,116.06541,80.66061,-8.009093,WAL
2025847313000,238.329925,-3.35210312457216,-11.0825830376892,-3.46651509824909,1.8240436,1.0989466,-1.3322971,116.34962,80.63436,-7.987857,WAL
2025852311000,238.334923,-2.40524128975898,-10.6755478874262,-2.95776678107637,2.0161607,1.3338243,-1.2864822,116.68855,80.668915,-7.8907723,WAL
2025857284000,238.339896,-1.60771885848417,-10.458880376343,-2.18790406893815,2.1533,1.312444,-1.2962561,117.038895,80.66177,-7.8147583,WAL
2025862326000,238.344938,-0.83765573102138,-10.3626249070828,-1.56014131062924,2.232407,1.2904528,-1.3503176,117.40952,80.708954,-7.658473,WAL
2025867316000,238.349928,-0.111316685576046,-10.3819938330125,-1.08075753709596,2.2382102,1.3261884,-1.3942999,117.78776,80.74228,-7.507499,WAL
2025872307000,238.354919,0.505572673174414,-10.3599274622987,-0.935616676958272,2.2009475,1.4370605,-1.4001031,118.12402,80.77546,-7.2947974,WAL
2025877323000,238.359935,1.03306825512903,-10.3027814154466,-1.07188635997438,2.2073615,1.5250251,-1.3729197,118.46201,80.79198,-7.086986,WAL
2025882310000,238.364922,1.33388766704085,-10.1826861827253,-1.2655808174618,2.1844542,1.5430456,-1.2971723,118.85006,80.810165,-6.760802,WAL
2025887306000,238.369918,1.23442665928698,-9.94895324810311,-1.56396389265149,2.0934353,1.7302758,-1.2409728,119.30756,80.81685,-6.454183,WAL
2025892293000,238.374905,1.14438210896587,-9.63581407080999,-1.89703222414671,2.0176878,1.9575176,-1.2070698,119.79699,80.839745,-6.0918584,WAL
2025897347000,238.379959,1.06548049246052,-9.21171781772797,-2.28167741151299,1.949271,2.0937407,-1.16492,120.307976,80.8472,-5.7600746,WAL
2025902321000,238.384933,0.928894598810438,-8.77646060118168,-2.63415663280158,1.9214766,2.1496348,-1.0937542,120.851585,80.85987,-5.474022,WAL
2025907330000,238.389942,0.725771061248646,-8.31825178286558,-2.96009909437715,1.9107865,2.2962425,-1.0543534,121.454865,80.87386,-5.2056584,WAL
2025912342000,238.394954,0.478778284913107,-7.86665687926362,-3.2082613512813,1.8945986,2.434298,-0.958753,122.060555,80.90406,-4.996194,WAL
2025917424000,238.400036,0.172952336706922,-7.41747529039764,-3.3611742655081,1.8869628,2.5549438,-0.8738427,122.697334,80.93042,-4.803318,WAL
2025922241000,238.404853,-0.125112048746518,-6.97935826350975,-3.44228845905293,1.8686367,2.6245825,-0.816116,123.423775,80.9283,-4.618627,WAL
2025927298000,238.40991,-0.450738209586015,-6.50022264419364,-3.42833306256844,1.8490891,2.6502388,-0.75319684,124.160255,80.919136,-4.463323,WAL
2025932247000,238.414859,-0.75284339652134,-6.07835066208352,-3.41486425376778,1.8356501,2.6325238,-0.6960809,124.96151,80.85974,-4.335665,WAL
2025937335000,238.419947,-1.02565976160624,-5.75186535381368,-3.40144706467187,1.8194622,2.5873199,-0.64996064,125.752106,80.80425,-4.2229156,WAL
2025942293000,238.424905,-1.28002269872055,-5.44443207632007,-3.37544902289805,1.7965547,2.5167649,-0.6261369,126.561195,80.69763,-4.1513886,WAL
2025947316000,238.429928,-1.46564040056864,-5.20019818830219,-3.2679861509342,1.758681,2.4324653,-0.6059783,127.34558,80.59982,-4.0902395,WAL
2025952282000,238.434894,-1.64414814510417,-4.96266123072917,-3.16376799354167,1.7058412,2.3335052,-0.60231316,128.1235,80.475876,-4.0635586,WAL
2025957295000,238.439907,-1.79917574451042,-4.74262212307292,-3.06875106935417,1.6575829,2.2656991,-0.61575216,128.88168,80.36677,-4.036839,WAL
2025962373000,238.444985,-1.9600995694499,-4.54415990535363,-2.98759867735756,1.5885551,2.2156084,-0.6032294,129.61736,80.24291,-4.039639,WAL
2025967377000,238.449989,-2.12956951640472,-4.41705756802554,-2.94993866183694,1.5076154,2.1664336,-0.59040123,130.33093,80.14273,-4.0374074,WAL
2025972292000,238.454904,-2.29110731007121,-4.2602762266531,-2.82591784415056,1.4391985,2.1539109,-0.6041457,131.04697,80.03012,-4.0533695,WAL
2025977350000,238.459962,-2.43893886020346,-3.97939607043744,-2.37256760614446,1.3607023,2.1688771,-0.6261369,131.75365,79.946945,-4.0712113,WAL
2025982312000,238.464924,-2.56165349504951,-3.71044363168317,-1.94266944108911,1.2892311,2.1563544,-0.63041294,132.45532,79.85978,-4.115917,WAL
2025987303000,238.469915,-2.61844306968317,-3.45962324922772,-1.5546077760297,1.1658363,2.1239784,-0.6795876,133.15594,79.82026,-4.1428337,WAL
2025992303000,238.474915,-2.66557564182891,-3.20874526069813,-1.18687147671583,0.9605856,2.1096232,-0.7263188,133.84178,79.74311,-4.1960073,WAL
2025997394000,238.480006,-2.6799577919174,-2.95466045895772,-0.884846124621436,0.7309003,2.097406,-0.75991637,134.51819,79.71324,-4.239554,WAL
2026002389000,238.485001,-2.7000197417991,-2.73726720592505,-0.579726593914165,0.5421429,2.0906863,-0.77274454,135.1769,79.65947,-4.289394,WAL
2026007294000,238.489906,-2.74149201239945,-2.64049859056308,-0.247948560469492,0.45478916,2.05098,-0.7770206,135.82106,79.64488,-4.331617,WAL
2026012363000,238.494975,-2.79404509667231,-2.54981969071436,0.0982040104911826,0.27763826,1.9776763,-0.7831292,136.44147,79.648056,-4.376287,WAL
2026017373000,238.499985,-2.89443123087576,-2.5067970831623,0.456725976191093,0.118202426,1.8750509,-0.78801614,137.0394,79.671104,-4.4184427,WAL
2026022306000,238.504918,-2.98543690478549,-2.46870110077281,0.788292717853958,-0.06047566,1.7803668,-0.7877107,137.6011,79.6819,-4.466022,WAL
2026027300000,238.509912,-3.03282280505301,-2.45448534553651,1.00152924431784,-0.20311269,1.677436,-0.78038037,138.12766,79.72435,-4.510233,WAL
2026032300000,238.514912,-3.06906306373727,-2.44548032023668,1.19261603035501,-0.34574974,1.5567901,-0.7498371,138.60054,79.738525,-4.571453,WAL
2026037305000,238.519917,-3.02948986343455,-2.47186242316301,1.23218918474452,-0.47555858,1.4309518,-0.70554936,139.03761,79.781845,-4.6346655,WAL
2026042847000,238.525459,-2.97891815576802,-2.495461421307,1.26992200676613,-0.5842926,1.3161092,-0.6609562,139.42946,79.80463,-4.7084403,WAL
2026047290000,238.529902,-2.84033417982769,-2.43287519843455,1.2118061383589,-0.6936375,1.2024882,-0.602924,139.77882,79.85018,-4.793624,WAL
2026052447000,238.535059,-2.68052509487492,-2.36174518108603,1.14300644270897,-0.8017606,1.0858129,-0.5708536,140.08978,79.90844,-4.8687835,WAL
2026057286000,238.539898,-2.54319108627212,-2.31327428505186,1.06222171439902,-0.9221011,0.9783007,-0.5170974,140.36299,79.98231,-4.9621563,WAL
2026062415000,238.545027,-2.39762668657718,-2.2618985409396,0.97659557852349,-1.040609,0.86070913,-0.48258355,140.60631,80.08941,-5.0293565,WAL
2026067396000,238.550008,-2.28359558194304,-2.25427122456069,0.905577901745102,-1.1612549,0.7492262,-0.44409904,140.81415,80.21323,-5.108544,WAL
2026072243000,238.554855,-2.18046354189053,-2.25895904011311,0.839948415481721,-1.2840388,0.62980205,-0.3930918,140.98035,80.3531,-5.1958075,WAL
2026077351000,238.559963,-2.12720740371151,-2.31133570394348,0.914206389380008,-1.4300356,0.50793445,-0.35155296,141.12161,80.538475,-5.2566123,WAL
2026082249000,238.564861,-2.09258591859975,-2.37563285101223,1.02796282155209,-1.5619824,0.37384954,-0.30573806,141.21994,80.73258,-5.327864,WAL
2026087305000,238.569917,-2.14025606276175,-2.47753099937277,1.20544770426517,-1.7116444,0.22235495,-0.25320363,141.28639,80.96186,-5.3878903,WAL
2026092295000,238.574907,-2.20020463132298,-2.58359389959471,1.38990498275596,-1.8680259,0.049785517,-0.20158553,141.30441,81.20336,-5.4551306,WAL
2026097322000,238.579934,-2.32263848615752,-2.73000713603819,1.64773651073986,-2.0073032,-0.03604105,-0.14844026,141.29552,81.42861,-5.5180116,WAL
2026102279000,238.584891,-2.4585970946253,-2.8840936473031,1.91965377499761,-2.1725423,-0.23182335,-0.113926366,141.20331,81.67252,-5.5813046,WAL
2026107298000,238.58991,-2.53839734053691,-3.16684533718121,2.22170714893576,-2.2525656,-0.38759398,-0.051923547,141.08643,81.84528,-5.666017,WAL
2026112337000,238.594949,-2.59391900402685,-3.50460172885906,2.5363296027325,-2.3942864,-0.5354234,0.035430185,140.91353,82.03424,-5.763356,WAL
2026117312000,238.599924,-2.62572766981382,-4.15880053395709,2.96803806053303,-2.5118778,-0.68233645,0.16707164,140.67256,82.12295,-5.901007,WAL
2026122329000,238.604941,-2.64389109693791,-5.01248217777148,3.47661435191381,-2.5567765,-0.7849618,0.310625,140.39949,82.183304,-6.065855,WAL
2026127359000,238.609971,-2.54057245158328,-6.20488570666781,4.09797669154724,-2.5222626,-0.8237518,0.46883908,140.10835,82.11663,-6.2535257,WAL
2026132317000,238.614929,-2.32461642904831,-7.69620496460997,4.81511384383421,-2.368019,-0.7367035,0.6609562,139.8189,81.9859,-6.4934263,WAL
2026137291000,238.619903,-1.72847539746512,-9.6028934867361,5.98530672361957,-2.0094411,-0.52656585,0.79717916,139.53958,81.709015,-6.686756,WAL
2026142299000,238.624911,0.712437874926311,-13.5140096195716,9.34980836559245,-1.3662001,-0.39736784,0.84482664,139.25562,81.34055,-6.912286,WAL
2026147309000,238.629921,2.9977286006755,-16.9634564494674,12.1501678453278,-0.37995818,-0.34116822,0.6844745,138.99275,80.85476,-7.07017,WAL
2026152309000,238.634921,4.30814299402442,-17.5357258700961,11.4410516246644,0.61850107,-0.25411993,0.25289822,138.77832,80.30667,-7.1686583,WAL
2026157294000,238.639906,5.6146261441933,-18.106278482463,10.734062752663,1.2174544,0.057421334,-0.17531833,138.57869,79.77781,-6.8168836,WAL
2026162364000,238.644976,5.79036473305126,-18.4787897795926,9.42292965659746,1.4764613,0.5897904,-0.39706242,138.49779,79.104904,-6.4518275,WAL
2026167248000,238.64986,5.73053513234281,-18.7963482957788,8.04224116619108,1.5265522,1.1786644,-0.52778757,138.55525,78.362564,-6.0464067,WAL
2026172307000,238.654919,5.12723505857409,-17.8602639635601,7.11239183700839,1.4340062,1.6221527,-0.6411031,138.88756,77.89832,-5.374274,WAL
2026177284000,238.659896,4.38984566076421,-16.6031484417521,6.33058153140727,1.2696834,1.8533652,-0.68233645,139.33394,77.396614,-4.760595,WAL
2026182315000,238.664927,3.40073475332859,-14.7150318301657,5.63038654043094,1.0564915,1.8332067,-0.7076874,139.93427,77.11549,-4.152333,WAL
2026187312000,238.669924,2.28691594709828,-12.5068494549243,4.98349622078463,0.8436049,1.6789632,-0.70280045,140.55482,76.852036,-3.5896418,WAL
2026192310000,238.674922,1.24734921195516,-10.3472018175369,4.57453402454597,0.643852,1.486846,-0.69027776,141.1357,76.64836,-3.158311,WAL
2026197321000,238.679933,0.239626717400681,-8.20465662429058,4.27494063950057,0.43799037,1.3848315,-0.6426302,141.68976,76.49393,-2.7545388,WAL
2026202310000,238.684922,-0.630943413512527,-6.46993386499645,4.10806713540927,0.2284636,1.1798862,-0.600786,142.09409,76.343864,-2.5075448,WAL
2026207295000,238.689907,-1.40087146564256,-5.03660858099199,4.04027487706664,0.121256754,0.95905846,-0.48258355,142.45331,76.21824,-2.2930694,WAL
2026212324000,238.694936,-2.14359469514321,-4.2057446388543,3.76223003860523,-0.09407325,0.77671516,-0.32620203,142.6718,76.11031,-2.270872,WAL
2026217314000,238.699926,-2.85774069939809,-3.79411893814861,3.3456449428186,-0.30543262,0.68019843,-0.14477506,142.83923,76.02865,-2.2802727,WAL
2026222310000,238.704922,-3.40611409379023,-3.84359399496403,3.03208740147671,-0.5335908,0.6750061,0.04886922,142.88342,75.95149,-2.4623358,WAL
2026227357000,238.709969,-3.87737642885271,-4.1226912794964,2.7667162943582,-0.7431176,0.72051555,0.21624629,142.89807,75.91768,-2.6828725,WAL
2026232312000,238.714924,-4.15218343240084,-4.74141119306889,2.86737993745303,-0.929126,0.70463306,0.35002577,142.8593,75.91362,-3.0314152,WAL
2026237308000,238.71992,-4.28203630409186,-5.63539699757829,3.25194369983299,-1.0845913,0.5225952,0.4364632,142.77281,75.93782,-3.4021845,WAL
2026242300000,238.724912,-4.39288945243496,-6.94561711375203,3.81314625411227,-1.1902709,0.16737708,0.49205196,142.62917,75.97853,-3.8481555,WAL
2026247324000,238.729936,-4.49376661320881,-8.50004415013819,4.47801929236634,-1.1930199,-0.30268374,0.53878313,142.39445,76.00515,-4.294331,WAL
2026252309000,238.734921,-4.77714489125984,-10.5223765496063,4.95010068433071,-1.104139,-0.86009824,0.6035349,141.99992,75.99123,-4.7424517,WAL
2026257291000,238.739903,-5.21387559246063,-12.9455272015748,5.26473453017717,-0.960891,-1.3481796,0.6844745,141.48872,75.93318,-5.1778116,WAL
2026262289000,238.744901,-5.31288482423496,-14.7904972101374,4.75424261280909,-0.7635816,-1.6514742,0.7076874,140.83607,75.808716,-5.593796,WAL
2026267313000,238.749925,-5.0804066138702,-16.071407301658,3.43230759873046,-0.5665775,-1.6013832,0.79137594,140.14319,75.61225,-6.0321655,WAL
2026272308000,238.75492,-4.84034596952727,-17.1160536684675,2.51410830727273,-0.29901853,-1.1328496,0.8509353,139.50984,75.36914,-6.477359,WAL
2026277315000,238.759927,-4.58626748421818,-17.8185053363117,2.19028285818182,0.14538592,-0.66339964,0.7874053,138.90622,75.03212,-6.89788,WAL
2026282311000,238.764923,-3.80405271391729,-18.2868717328912,2.15891496100212,0.763887,-0.5348125,0.6386596,138.49486,74.86454,-7.2036414,WAL
2026287306000,238.769918,-2.43818682555034,-18.4983612382795,2.4497122487888,1.2840388,-0.786489,0.38423425,138.1252,74.62997,-7.452282,WAL
2026292295000,238.774907,-1.17203960568309,-17.7911489662092,2.31051866450717,1.4468343,-1.1722504,0.03970624,137.82736,74.45676,-7.5633154,WAL
2026297322000,238.779934,-0.125896476281971,-14.9280194959451,1.16426609154086,1.2473868,-1.3469579,-0.31520647,137.539,74.28631,-7.591689,WAL
2026302264000,238.784876,0.531529260454085,-12.0121789388607,-0.144345159272248,1.0259482,-1.4990633,-0.43768495,137.21346,74.186104,-7.3891187,WAL
2026307307000,238.789919,0.570690716312589,-8.86457888576931,-1.78912529836509,0.42394048,-1.2944235,-0.6044512,136.96938,74.27788,-7.103274,WAL
2026312285000,238.794897,0.453358835467223,-6.2699146413623,-2.76359055071625,-0.23457226,-1.0592403,-0.7113526,136.76021,74.51477,-6.7282567,WAL
2026317316000,238.799928,0.101406407961294,-4.41416559616735,-2.77730297291528,-0.8353582,-0.99296147,-0.64812803,136.56656,74.87989,-6.3709006,WAL
2026322270000,238.804882,-0.283790309085768,-2.90462832610745,-2.65980953692743,-1.2944235,-1.0662653,-0.49357912,136.44029,75.42989,-6.0300827,WAL
2026327303000,238.809915,-0.769879631159284,-2.15050846277097,-2.21914918286522,-1.6108516,-1.2473868,-0.3567453,136.29698,76.09067,-5.704763,WAL
2026332327000,238.814939,-1.23820485863659,-1.5133216555589,-1.87083278930326,-1.8536706,-1.4288138,-0.24617869,136.0682,76.74356,-5.485539,WAL
2026337283000,238.819895,-1.62361586242607,-1.40864219113784,-1.94220520109273,-2.008525,-1.5711454,-0.15332718,135.79007,77.441605,-5.2956433,WAL
2026342319000,238.824931,-1.99355978836288,-1.35718163581262,-2.08313140642765,-2.0744984,-1.6013832,-0.03481932,135.41725,78.041,-5.2327256,WAL
2026347274000,238.829886,-2.26144381277607,-1.54987013685253,-2.5249051614539,-2.0937407,-1.5922203,0.103847094,135.00833,78.64727,-5.2029424,WAL
2026352312000,238.834924,-2.53328612995718,-1.81093686030276,-2.93425980631411,-2.1093178,-1.6667458,0.22327125,134.54094,79.21855,-5.259477,WAL
2026357276000,238.839888,-2.79841900086645,-2.40275130782791,-3.13310936062145,-2.082745,-1.8298469,0.3222314,134.04482,79.74862,-5.3552523,WAL
2026362316000,238.844928,-3.06673185754268,-3.00771993552997,-3.3532870208416,-2.0409007,-1.9761491,0.4334089,133.53574,80.269325,-5.52701,WAL
2026367280000,238.849892,-3.32622564726082,-3.62578690551806,-3.66939775295752,-2.0002782,-2.0402899,0.54336464,133.00052,80.72881,-5.733878,WAL
2026372323000,238.854935,-3.55165678311032,-4.23550845512935,-3.994496630449,-1.9602666,-1.9850066,0.6704246,132.45938,81.11374,-6.0159225,WAL
2026377293000,238.859905,-3.54222141865398,-4.72614794873625,-4.33888753162851,-1.924531,-1.8576412,0.8020661,131.91975,81.40164,-6.340618,WAL
2026382299000,238.864911,-3.50777757670721,-5.29873514213198,-4.60565497073077,-1.8579466,-1.7171422,0.95722586,131.40944,81.57894,-6.7454367,WAL
2026387305000,238.869917,-3.28737808244421,-6.45583265482234,-4.27505577728187,-1.7684549,-1.5882497,1.135293,130.93425,81.61306,-7.205024,WAL
2026392515000,238.875127,-3.05901307124537,-7.64709014096784,-3.96437679286645,-1.72264,-1.5091426,1.320996,130.51526,81.548676,-7.697758,WAL
2026397278000,238.87989,-2.86249806672678,-8.57939406311993,-4.08319992317403,-1.7055358,-1.4676038,1.4025466,130.12964,81.34912,-8.21714,WAL
2026402508000,238.88512,-2.63735542454886,-9.59283906529509,-4.20706614342254,-1.7211128,-1.366811,1.6126842,129.8072,81.02204,-8.756361,WAL
2026407289000,238.889901,-2.32202544689216,-10.3991258942551,-4.24298978802197,-1.7571539,-1.1887437,1.6792686,129.52953,80.638374,-9.275675,WAL
2026412289000,238.894901,-1.99225136442333,-11.2423457530294,-4.28055896246186,-1.7773124,-0.97035944,1.7941113,129.33609,80.199585,-9.785931,WAL
2026417318000,238.89993,-1.57310348101415,-11.9285455,-3.92542931721698,-1.7641789,-0.7651087,1.8829921,129.19994,100.30221,-10.300417,WAL
2026422281000,238.904893,-1.12902161078102,-12.5493977115385,-3.43823266755261,-1.7269161,-0.6188065,1.9956968,129.11943,100.88328,-10.845345,WAL
2026427315000,238.909927,-0.65377408354466,-13.0973661789507,-2.8540978095253,-1.6801848,-0.63804877,2.055867,129.09848,101.38141,-11.268779,WAL
2026432316000,238.914928,-0.160179720243598,-13.571017521549,-2.1959719883198,-1.6178766,-0.7431176,2.067168,129.1013,101.91626,-11.701009,WAL
2026437339000,238.919951,0.207269054597242,-13.8623935577653,-1.9589700086748,-1.6209309,-0.8924741,2.060143,129.1113,102.30605,-11.995582,WAL
2026442302000,238.924914,0.49227620915051,-14.0381475436738,-1.98272058752748,-1.6209309,-1.0036516,1.9691241,129.10269,102.67573,-12.265126,WAL
2026447318000,238.92993,0.726724935403603,-13.997938979795,-1.98316251316811,-1.6096299,-0.9505063,1.8438967,129.11565,102.83476,-12.364599,WAL
2026452311000,238.934923,0.926616815465313,-13.8218441641286,-1.96888453096447,-1.575116,-0.76083267,1.679574,129.13368,102.9651,-12.433238,WAL
2026457286000,238.939898,1.14042589188159,-13.4348090152403,-1.9182916693728,-1.5216653,-0.5491679,1.4440855,129.18555,103.00121,-12.39876,WAL
2026462327000,238.944939,1.36681126260258,-12.9018596815162,-1.84282987913247,-1.4816537,-0.3622431,1.1979067,129.28123,103.002464,-12.32262,WAL
2026467309000,238.949921,1.53584398105303,-12.3171523579921,-1.71925459879223,-1.4468343,-0.18509217,0.97402465,129.4105,102.960434,-12.179517,WAL
2026472304000,238.954916,1.66222747293829,-11.6852353698811,-1.55676151759766,-1.3976597,-0.07880162,0.7464773,129.56796,102.86491,-11.976201,WAL
2026477288000,238.9599,1.71374226977306,-11.0388358476571,-1.3472930756619,-1.3811663,-0.10262536,0.5497787,129.71887,102.738174,-11.7193985,WAL
2026482317000,238.964929,1.66820160495902,-10.3658459586048,-1.07404921886951,-1.3799446,-0.3378085,0.3622431,129.83463,102.57232,-11.417269,WAL
2026487305000,238.969917,1.474794504163,-9.7532938308414,-0.910622067502199,-1.3790283,-0.7058548,0.22021692,129.8834,102.408455,-11.10834,WAL
2026492299000,238.974911,1.15230518505815,-9.18776883953875,-0.840515692298446,-1.3909402,-0.9095783,0.0720821,129.91068,102.218704,-10.759859,WAL
2026497321000,238.979933,0.767579740878288,-8.66599805384379,-1.02087838564439,-1.4162911,-1.3139712,0.0067195175,129.75502,102.047295,-10.454479,WAL
2026502310000,238.984922,0.322512618718395,-8.19647692609274,-1.46105467400143,-1.4337007,-1.6694947,-0.12156218,129.55656,101.84368,-10.106688,WAL
2026507284000,238.989896,-0.149419269030607,-7.87468071236845,-1.85727732623347,-1.4932601,-1.885741,-0.21777347,129.23843,101.760506,-9.863362,WAL
2026512329000,238.994941,-0.653234942570242,-7.67875233832191,-2.22114423701844,-1.5482379,-1.9837849,-0.2846632,128.86009,101.67075,-9.610443,WAL
2026517299000,238.999911,-0.996437398821761,-7.51959669928239,-2.71304849581071,-1.6093245,-2.0405953,-0.33292156,128.4356,101.69684,-9.42902,WAL
2026522308000,239.00492,-1.16390521645656,-7.39864771043445,-3.36431214740109,-1.6823229,-1.9807305,-0.321926,128.02808,101.74527,-9.254486,WAL
2026527298000,239.00991,-1.3254274627325,-7.41819046094014,-3.80410706317213,-1.645671,-1.7901406,-0.23151793,127.618355,101.932884,-9.188061,WAL
2026532317000,239.014929,-1.47984980407508,-7.64982401538722,-3.93008311450795,-1.5497651,-1.5522085,-0.15241088,127.24822,102.12902,-9.123663,WAL
2026537510000,239.020122,-1.63050169074775,-7.88889786839298,-4.03701993085055,-1.462106,-1.3072516,-0.080634214,126.94622,102.44511,-9.090156,WAL
2026542303000,239.024915,-1.66166372121036,-8.10257985830666,-3.85895145097469,-1.4162911,-1.1215485,0.007330383,126.702324,102.77867,-9.0803,WAL
2026547659000,239.030271,-1.69618647357955,-8.33982663094815,-3.65190577610085,-1.3811663,-1.0274754,0.09315695,126.49712,103.16095,-9.120182,WAL
2026552349000,239.034961,-1.72011146931818,-8.51527714098011,-3.30100558877841,-1.4095715,-1.0158689,0.15210545,126.32691,103.56024,-9.174785,WAL
2026557290000,239.039902,-1.7453168859375,-8.70011743310547,-2.93132588183594,-1.4581354,-0.956615,0.20463985,126.19782,103.94168,-9.254595,WAL
2026562396000,239.045008,-1.62232647467105,-8.74968190714713,-2.50838449958134,-1.4853189,-0.8940013,0.24037547,126.07844,104.32774,-9.345033,WAL
2026567298000,239.04991,-1.44918213717105,-8.74500248101076,-2.08722266094498,-1.505172,-0.84635377,0.27305678,125.97756,104.72602,-9.446079,WAL
2026572310000,239.054922,-1.1870922310224,-8.70581209154605,-1.29521919870471,-1.5289958,-0.870483,0.30482176,125.86582,105.09379,-9.596537,WAL
2026577303000,239.059915,-0.891735129704066,-8.65291216105836,-0.36065634550567,-1.5619824,-0.9477574,0.31306845,125.756714,105.45798,-9.745094,WAL
2026582311000,239.064923,-0.713086855295957,-8.56076420675281,0.088778078027303,-1.5479325,-1.0616838,0.31429017,125.61563,105.771324,-9.904221,WAL
2026587305000,239.069917,-0.633342698684869,-8.43616401083785,0.128650166741351,-1.475545,-1.1664472,0.3268129,125.45977,106.070786,-10.067579,WAL
2026592297000,239.074909,-0.594849247240627,-8.36098410137637,0.0474367813868059,-1.3542882,-1.1881329,0.3371976,125.20252,106.26618,-10.224147,WAL
2026597322000,239.079934,-0.581145359153299,-8.31530406103465,-0.107873843743711,-1.2690725,-1.2238685,0.34513888,124.91461,106.447624,-10.387844,WAL
2026602309000,239.084921,-0.606534252970297,-8.24685322673267,-0.267913534346535,-1.0903945,-1.2183707,0.36865717,124.61799,106.59664,-10.550852,WAL
2026607291000,239.089903,-0.667945295247525,-8.15709879722772,-0.433250926645545,-0.91751957,-1.1737776,0.3817908,124.3243,106.72149,-10.710142,WAL
2026612304000,239.094916,-0.729290185180488,-8.08369354365854,-0.603053834839024,-0.7816021,-1.1023064,0.40439278,124.04803,106.849045,-10.873604,WAL
2026617311000,239.099923,-0.790106164616585,-8.02755579239024,-0.776145512206829,-0.6805039,-1.0042624,0.43127087,123.79469,106.94513,-11.034085,WAL
2026622276000,239.104888,-0.882060644150184,-7.97714843857694,-0.912230967733825,-0.63591075,-0.87995136,0.45265114,123.59054,107.043655,-11.197506,WAL
2026627344000,239.109956,-1.01629325859202,-7.93240431021623,-1.00578704624539,-0.64904433,-0.77121735,0.4822781,123.41287,107.13626,-11.361499,WAL
2026632381000,239.114993,-1.15163384804857,-7.89097317259323,-1.09144037259323,-0.689056,-0.6603453,0.51068336,123.262474,107.286934,-11.542595,WAL
2026637305000,239.119917,-1.3070488685516,-7.88688330588031,-1.08735050588031,-0.7510588,-0.5412266,0.5384777,123.14828,107.445564,-11.719385,WAL
2026642273000,239.124885,-1.46385265040763,-7.88275689283608,-1.08322409283608,-0.8240572,-0.46211955,0.57971114,123.05366,107.658714,-11.933428,WAL
2026647306000,239.129918,-1.60565435542896,-7.90283520016555,-1.09274081846334,-0.9129381,-0.42180246,0.63224554,122.98535,107.88835,-12.146248,WAL
2026652307000,239.134919,-1.74090756679326,-7.9308185442789,-1.10673251487,-1.0042624,-0.40866885,0.6927212,122.935905,108.135475,-12.362317,WAL
2026657321000,239.139933,-1.83780738472688,-8.05554008358312,-1.12088393823703,-1.1023064,-0.42638394,0.7467828,122.86929,108.433784,-12.621154,WAL
2026662337000,239.144949,-1.91832734047525,-8.22131650961349,-1.1350933334648,-1.1707232,-0.46792278,0.7874053,122.803795,108.743095,-12.884362,WAL
2026667288000,239.1499,-1.95263761904169,-8.35697082202863,-1.12824557461108,-1.2431108,-0.54305923,0.820392,122.70334,109.096054,-13.176199,WAL
2026672313000,239.154925,-1.96547167184639,-8.4810336898391,-1.11113350420482,-1.2922854,-0.66798115,0.86254174,122.582115,109.45495,-13.477893,WAL
2026677295000,239.159907,-1.97680413512178,-8.65860580608666,-1.09635538109777,-1.3344351,-0.8072584,0.88789266,122.41804,109.83809,-13.796312,WAL
2026682318000,239.16493,-1.98631043745862,-8.91289949286103,-1.08447250317672,-1.3545936,-0.9425651,0.89644474,122.22392,110.21702,-14.119647,WAL
2026687304000,239.169916,-1.99574671527098,-9.16532002287437,-1.07267715591127,-1.3677273,-1.0641272,0.8906415,121.97867,110.60643,-14.454312,WAL
2026692301000,239.174913,-2.00520381118522,-9.41829743733017,-1.06085578601848,-1.3759739,-1.1166617,0.8854492,121.71861,110.985435,-14.785949,WAL
2026697278000,239.17989,-2.00754598603426,-9.71118502371542,-1.03553171146245,-1.3720033,-1.1939361,0.8750645,121.41072,111.37003,-15.130524,WAL
2026702313000,239.184925,-1.99777215650147,-10.0777036311949,-0.986662512769839,-1.3585643,-1.2159272,0.84299403,121.10527,111.73358,-15.457516,WAL
2026707260000,239.189872,-2.0084849759328,-10.4308092664583,-0.869631694652276,-1.3252722,-1.2131784,0.8194757,120.76861,112.07364,-15.779715,WAL
2026712325000,239.194937,-2.05112596323501,-10.7814133356124,-0.642212922553233,-1.2883148,-1.2006557,0.79504114,120.42914,112.39037,-16.085083,WAL
2026717273000,239.199885,-2.09319142719148,-11.0671874277538,-0.399500641675871,-1.2241739,-1.1801916,0.7800749,120.07275,112.67297,-16.371532,WAL
2026722311000,239.204923,-2.13679342269304,-11.2512846184356,-0.113665798739833,-1.1304061,-1.1927143,0.7648033,119.711266,112.92678,-16.645517,WAL
2026727265000,239.209877,-2.0537787429205,-11.418706760251,-0.0548835101799163,-0.98837996,-1.2009611,0.768163,119.31052,113.14113,-16.933422,WAL
2026732325000,239.214937,-1.73747966727197,-11.5646909359833,-0.403623516121339,-0.78954333,-1.2018774,0.7797695,118.90969,113.31731,-17.212214,WAL
2026737645000,239.220257,-1.40100119796509,-11.7154591944367,-0.780405572482031,-0.50426924,-1.181108,0.799928,118.46125,113.435295,-17.508842,WAL
2026742304000,239.224916,-1.01783234781107,-11.7862618169514,-1.33849928049099,-0.16126843,-1.1071932,0.7974846,118.02812,113.49966,-17.78946,WAL
2026747303000,239.229915,-0.606700971567255,-11.8622314048352,-1.93732101183609,0.1591304,-0.9642508,0.77182823,117.69806,113.51568,-17.976927,WAL
2026752309000,239.234921,-0.00591658072809342,-11.6295470503385,-2.46104762062604,0.41813725,-0.7302894,0.70554936,117.41273,113.47121,-18.134207,WAL
2026757269000,239.239881,0.627988891943872,-11.3358995731528,-2.964443184555,0.57971114,-0.4529566,0.61269784,117.17749,113.377945,-18.257908,WAL
2026762377000,239.244989,1.07500652101048,-11.0698064389955,-3.2343056126755,0.58001655,-0.17684549,0.51893,117.12107,113.27446,-18.254677,WAL
2026767250000,239.249862,1.44875487670556,-10.8252554591655,-3.42810097785248,0.4279111,0.06780604,0.41172317,117.12643,113.14884,-18.20523,WAL
2026772309000,239.254921,1.46998150131772,-10.9763903499268,-3.25353901171303,0.16065755,0.22571471,0.28344148,117.29647,113.03207,-18.01994,WAL
2026777272000,239.259884,1.37719534606149,-11.2501096096633,-2.96590213387994,-0.13897185,0.25167647,0.12034045,117.483894,112.92048,-17.79292,WAL
2026782320000,239.264932,1.04935339139937,-11.5762309606884,-2.40579114648934,-0.4266894,0.1872302,-0.01740966,117.73438,112.84096,-17.490782,WAL
2026787307000,239.269919,0.633687550997457,-11.9171699027968,-1.74726428261295,-0.6478226,0.11301007,-0.12308934,117.97358,112.783325,-17.158892,WAL
2026792287000,239.274899,0.109117200084401,-12.0220940092344,-1.11791217052924,-0.77671516,-0.039095376,-0.16218472,118.105194,112.7327,-16.850002,WAL
2026797299000,239.279911,-0.472341711185582,-12.0125619526363,-0.498324858683348,-0.79504114,-0.22388211,-0.22082779,118.19175,112.68437,-16.523039,WAL
2026802310000,239.284922,-0.92488436603353,-11.9479885020351,-0.186114318763446,-0.768163,-0.38728857,-0.24281894,118.10612,112.61995,-16.296179,WAL
2026807301000,239.289913,-1.30934222298672,-11.8553483546855,-0.0332575702006008,-0.63591075,-0.48655418,-0.2452624,117.981636,112.534225,-16.074556,WAL
2026812328000,239.29494,-1.51193359404484,-11.9169795366744,-0.0558810593720199,-0.4529566,-0.49632803,-0.20586158,117.707504,112.44153,-15.990074,WAL
2026817312000,239.299924,-1.58941080187684,-12.0816183947449,-0.196308502991783,-0.26175576,-0.44684792,-0.14569137,117.42465,112.32631,-15.91672,WAL
2026822309000,239.304921,-1.47715438605413,-12.3741270385245,-0.295144210833093,-0.0888809,-0.37690386,-0.0983493,117.09434,112.2255,-15.932169,WAL
2026827294000,239.309906,-1.25185547942791,-12.7419617529616,-0.368711206532794,0.07147124,-0.31123585,-0.06505715,116.78224,112.10126,-15.956371,WAL
2026832315000,239.314927,-0.962157893501537,-13.3059886202693,-0.315676240436765,0.21471913,-0.24037547,-0.059864793,116.502014,111.97248,-15.985625,WAL
2026837305000,239.319917,-0.622731004982508,-14.025371734867,-0.158627985374748,0.3717115,-0.14752395,-0.09437868,116.24785,111.81228,-16.0052,WAL
2026842317000,239.324929,-0.291513796019111,-14.6295376614127,0.0230367864880308,0.51159966,-0.105068825,-0.16737708,116.01901,111.59175,-15.962888,WAL
2026847337000,239.329949,0.0352731454644862,-15.1741821929859,0.217214540561521,0.66706485,-0.11942416,-0.26633725,115.79728,111.33183,-15.901646,WAL
2026852346000,239.334958,0.33705375624321,-15.5691888696274,0.22602924820547,0.80481493,-0.13744467,-0.3652974,115.57348,110.96875,-15.757853,WAL
2026857325000,239.339937,0.623342123288859,-15.8781981460974,0.130599787778519,0.9630291,-0.12095132,-0.47586402,115.34989,110.56008,-15.585431,WAL
2026862361000,239.344973,0.879964194364891,-15.9978542855671,-0.00501482894200062,1.1215485,-0.070249505,-0.5910121,115.10759,110.04698,-15.330657,WAL
2026867446000,239.350058,1.11073696885753,-15.9527032363243,-0.175585980935407,1.2678508,-0.018020526,-0.7162395,114.86594,109.49666,-15.047808,WAL
2026872328000,239.35494,1.15741830475528,-15.7051509102843,-0.18733676810858,1.4202617,0.008857546,-0.8509353,114.65161,108.87695,-14.685654,WAL
2026877354000,239.359966,1.09046807860558,-15.3160027125967,-0.0994645867838825,1.5577064,-0.018936822,-1.01312,114.43056,108.21823,-14.29085,WAL
2026882271000,239.364883,0.965380525883712,-14.8319279248171,0.0192531784729496,1.679574,-0.09773844,-1.1582005,114.23474,107.52017,-13.841435,WAL
2026887349000,239.369961,0.684492784120139,-14.0688499038313,0.225237490658741,1.844813,-0.13133603,-1.269378,114.039604,106.781425,-13.367201,WAL
2026892291000,239.374903,0.3751404520189,-13.3117502049414,0.418739949441874,2.0702224,-0.19150625,-1.3084733,113.7981,106.0294,-12.911525,WAL
2026897292000,239.379904,-0.0727277334934541,-12.4914444303573,0.588458422228566,2.201253,-0.22724187,-1.385137,113.54993,105.252625,-12.42543,WAL
2026902326000,239.384938,-0.531301730375223,-11.7208426143538,0.734006043308517,2.5054638,-0.21838433,-1.4523321,113.2652,104.46702,-12.002879,WAL
2026907326000,239.389938,-1.02088441848322,-11.1979872440937,0.767278660938058,2.8237245,-0.15974127,-1.4929546,112.98701,103.6744,-11.574067,WAL
2026912427000,239.395039,-1.52803223696221,-10.8220955232897,0.770956841346999,3.1187725,-0.09621128,-1.5323554,112.67054,102.92584,-11.22045,WAL
2026917310000,239.399922,-2.04544565015559,-11.1177602688071,0.648533128335885,3.3481524,-0.03604105,-1.5806139,112.37403,102.17207,-10.857208,WAL
2026922539000,239.405151,-2.59952198388244,-11.4343752502346,0.517434706190664,3.4917057,0.061391957,-1.6212363,112.069115,101.534325,-10.588338,WAL
2026927299000,239.409911,-3.10390204671277,-11.7225923685354,0.398094777062485,3.5359936,0.20861048,-1.629483,111.80109,100.94049,-10.317939,WAL
2026932297000,239.414909,-3.63007736547464,-12.0558884165746,0.232160839065796,3.479183,0.3585779,-1.6145169,111.565056,100.404854,-10.044074,WAL
2026937313000,239.419925,-4.13192310160723,-12.6252903259669,-0.24555781109995,3.3429601,0.46517387,-1.5903877,111.36317,99.946014,-9.775727,WAL
2026942312000,239.424924,-4.63092268079394,-13.1742091954166,-0.730627100517787,3.1364875,0.5103779,-1.5552629,111.09194,99.80441,-9.738301,WAL
2026947290000,239.429902,-5.12004413993671,-13.5947621293508,-1.27460331300221,2.9034426,0.49541172,-1.5222762,110.837944,99.71702,-9.703709,WAL
2026952486000,239.435098,-5.62704395064781,-14.0205677734151,-1.85390538988231,2.702468,0.42119157,-1.4773777,110.638466,80.29649,-9.703505,WAL
2026957291000,239.439903,-6.05485100237365,-14.2617784407576,-2.52292268124815,2.5488353,0.38148534,-1.4132367,110.44837,80.276886,-9.712981,WAL
2026962513000,239.445125,-6.52424906370319,-14.5138905582779,-3.20873310714036,2.4312437,0.38545597,-1.3503176,110.32098,80.21118,-9.758642,WAL
2026967315000,239.449927,-7.0232419100455,-14.5943730111131,-3.21678137343367,2.3558018,0.39858958,-1.2922854,110.18789,80.12999,-9.813292,WAL
2026972240000,239.454852,-7.53501612250613,-14.6769169678421,-3.22503579065453,2.331978,0.355829,-1.25319,110.12019,80.02504,-9.896454,WAL
2026977304000,239.459916,-7.36697713469613,-14.6017306519337,-3.06176335116022,2.339614,0.23273966,-1.287093,110.03507,79.93322,-9.964394,WAL
2026982251000,239.464863,-6.94342065976896,-14.4684772064289,-2.83808744203918,2.298075,0.16340645,-1.4700472,109.95581,79.88266,-9.991049,WAL
2026987310000,239.469922,-6.371860934704,-14.0622856541266,-2.81530756955381,2.1218405,0.06078109,-1.565953,109.849655,79.790115,-10.059802,WAL
2026992292000,239.474904,-5.75963783726062,-13.5660141390104,-2.86632621347332,2.0091357,0.18478674,-1.5775595,109.79083,79.7307,-10.093504,WAL
2026997290000,239.479902,-4.96766737920852,-12.9945975619727,-2.90228237935918,1.7024814,0.37934732,-1.5766432,109.71116,79.76443,-10.0434065,WAL
2027002319000,239.484931,-4.08724960305344,-12.3850768015267,-2.9313070740458,1.4544702,0.5335908,-1.5561792,109.65655,79.800125,-9.994655,WAL
2027007357000,239.489969,-3.21867678643942,-11.9184440988172,-2.81456524501257,1.3900238,0.6780604,-1.4941764,109.65902,79.90571,-9.880185,WAL
2027012399000,239.495011,-2.35521749855639,-11.5136983353823,-2.6346778424979,1.4648548,0.8436049,-1.4065173,109.71297,80.001915,-9.783168,WAL
2027017339000,239.499951,-1.64873413946047,-11.2158666986047,-2.34094566911628,1.6035212,1.0146471,-1.3206906,109.80754,80.16835,-9.612815,WAL
2027022340000,239.504952,-1.04480436473798,-10.9931053593798,-1.94987646316279,1.7767016,1.1499538,-1.2819008,109.94158,80.311874,-9.460541,WAL
2027027370000,239.509982,-0.531029827250815,-11.0084017088427,-1.76696672291157,1.9117028,1.2815952,-1.2935071,110.109634,80.52839,-9.218717,WAL
2027032358000,239.51497,-0.0784496159802363,-11.1689943730644,-1.71343571626936,2.0137172,1.4248432,-1.3381003,110.321594,80.72547,-8.98774,WAL
2027037338000,239.51995,0.279988298547118,-11.1223302781822,-1.57800078656305,2.0711386,1.6417004,-1.4315627,110.57907,80.97876,-8.672836,WAL
2027042318000,239.52493,0.589618914824907,-10.9675152752312,-1.3997286413732,2.0885482,1.8304577,-1.450805,110.868546,81.20296,-8.378238,WAL
2027047326000,239.529938,0.738198507650458,-10.8017296973894,-1.34593356376046,2.1190915,1.926669,-1.4110987,111.23401,81.47267,-8.005027,WAL
2027052345000,239.534957,0.786092080103627,-10.6293128445596,-1.36988028497409,2.133447,2.0253236,-1.35551,111.65057,81.7204,-7.645011,WAL
2027057321000,239.539933,0.762144890645566,-10.4109130983306,-1.39880335635434,2.1276436,2.1410828,-1.3310753,112.11123,81.97042,-7.2428036,WAL
2027062372000,239.544984,0.692127853584869,-10.1588514802663,-1.43147805748335,2.0775528,2.1700988,-1.2965615,112.56916,82.17916,-6.8709135,WAL
2027067326000,239.549938,0.591850093835494,-9.80857695417203,-1.64783930194002,1.9895881,2.194228,-1.2385293,113.06036,82.362495,-6.5143275,WAL
2027072344000,239.554956,0.463420575003464,-9.36620868989409,-2.02361448936949,1.9123137,2.2617285,-1.1661417,113.565926,82.51643,-6.18351,WAL
2027077334000,239.559946,0.300145761891868,-8.93632820626188,-2.3470715983295,1.8741345,2.3768766,-1.0708468,114.0836,82.63526,-5.8923244,WAL
2027082342000,239.564954,0.10344809683395,-8.51414784495349,-2.62532678864659,1.8536706,2.4721715,-0.97585726,114.608055,82.73259,-5.6311617,WAL
2027087341000,239.569953,-0.135254453390066,-8.10041534203478,-2.81555339608235,1.8497,2.504853,-0.9266826,115.137856,82.83791,-5.4016924,WAL
2027092286000,239.574898,-0.4097621508331,-7.69811967563462,-2.92440991587048,1.8417587,2.5329528,-0.8436049,115.68597,82.915855,-5.2159553,WAL
2027097305000,239.579917,-0.691482418609094,-7.30371763800153,-2.94081156695644,1.8295414,2.5146267,-0.7770206,116.24884,82.993454,-5.043644,WAL
2027102348000,239.58496,-0.977529587695835,-6.92078368616737,-2.86699294423003,1.8102992,2.4627032,-0.7370089,116.803566,83.06324,-4.8898306,WAL
2027107323000,239.589935,-1.20871343053892,-6.56352489670659,-2.83562366467066,1.7776178,2.3671029,-0.70249504,117.365524,83.10688,-4.767385,WAL
2027112381000,239.594993,-1.37374574592195,-6.22845902875284,-2.86062854511666,1.7263051,2.310598,-0.6728681,117.91689,83.15569,-4.6552405,WAL
2027117342000,239.599954,-1.49750258108349,-5.93198700599188,-2.82191891740121,1.6743816,2.276084,-0.64476824,118.54169,83.134995,-4.5665073,WAL
2027122348000,239.60496,-1.58296824365653,-5.6660938390512,-2.71746089638506,1.6285667,2.205529,-0.63224554,119.13154,83.125595,-4.4800777,WAL
2027127321000,239.609933,-1.65213593238095,-5.44555461142857,-2.64830632666667,1.5778649,2.1212296,-0.63285637,119.76789,83.088104,-4.4067826,WAL
2027132346000,239.614958,-1.70402106647799,-5.27260413433962,-2.61804002477987,1.4999796,2.0323486,-0.63591075,120.37537,83.06919,-4.335121,WAL
2027137325000,239.619937,-1.77598472747671,-5.11340644602032,-2.58064539748095,1.4135422,1.9724839,-0.6337727,120.99473,83.02447,-4.2708735,WAL
2027142288000,239.6249,-1.91181260315411,-4.9926707549746,-2.52027744689881,1.3234396,1.9327776,-0.64660084,121.58898,83.00495,-4.2007856,WAL
2027147291000,239.629903,-2.03701727635227,-4.81779219226714,-2.44170426522164,1.2421945,1.8713857,-0.6579019,122.17378,82.98331,-4.1366377,WAL
2027152314000,239.634926,-2.14034620287053,-4.54068281625659,-2.32898180884593,1.1404854,1.8613064,-0.6930266,122.75771,82.9972,-4.063203,WAL
2027157299000,239.639911,-2.25693414666667,-4.29551708666667,-2.1675506,1.031446,1.8310685,-0.713796,123.338524,83.00138,-4.0074835,WAL
2027162360000,239.644972,-2.40873611302908,-4.11769184325727,-1.88563252013423,0.8854492,1.7880026,-0.75686204,123.909645,83.05108,-3.9355736,WAL
2027167386000,239.649998,-2.55835396015188,-3.94301263142786,-1.61135063686055,0.7174612,1.7638733,-0.78893244,124.48834,83.09642,-3.8805888,WAL
2027172319000,239.654931,-2.69239731569724,-3.79319952504381,-1.40634321729116,0.5537493,1.7531832,-0.81122905,125.05528,83.18363,-3.816231,WAL
2027177296000,239.659908,-2.82763627384628,-3.64205015742302,-1.19950722961696,0.38362336,1.7577647,-0.82344633,125.6101,83.25195,-3.7723932,WAL
2027182335000,239.664947,-2.99865521073129,-3.50407121782778,-1.0009607354392,0.22113322,1.7650951,-0.8353582,126.15926,83.36271,-3.7231297,WAL
2027187392000,239.670004,-3.18726150724794,-3.373094644299,-0.807115378169624,0.08093964,1.743104,-0.838718,126.69718,83.510704,-3.672645,WAL
2027192291000,239.674903,-3.33159770014059,-3.27732990309299,-0.540292346294437,0.016798794,1.713477,-0.8378017,127.22301,83.62573,-3.649223,WAL
2027197299000,239.679911,-3.47127020658767,-3.1858202449287,-0.251314723510745,-0.119729586,1.6649132,-0.8240572,127.73262,83.78918,-3.6279483,WAL
2027202312000,239.684924,-3.52104299711609,-3.11161773300882,0.258040757880235,-0.21746802,1.5940529,-0.80573124,128.23024,83.90198,-3.6364346,WAL
2027207310000,239.689922,-3.55181585938648,-3.04127988014328,0.811951011803821,-0.33017266,1.5008959,-0.7834347,128.70311,84.044495,-3.6493132,WAL
2027212310000,239.694922,-3.44084282804328,-2.98236013474602,1.07423256087566,-0.44776422,1.3866642,-0.7583892,129.12875,84.14585,-3.6914303,WAL
2027217307000,239.699919,-3.25385184382326,-2.92961918034265,1.17971466994289,-0.5363397,1.2852604,-0.71868294,129.52669,84.254395,-3.7437725,WAL
2027222308000,239.70492,-3.04959674184838,-2.84451513631809,1.21334866943491,-0.6392705,1.1814134,-0.6933321,129.84875,84.290474,-3.8002958,WAL
2027227311000,239.709923,-2.83619667131855,-2.74226090974297,1.20890283753364,-0.7305948,1.0641272,-0.66706485,130.13364,84.33035,-3.8680115,WAL
2027232320000,239.714932,-2.63020564963426,-2.66310766835577,1.15835709181597,-0.8151997,0.9624182,-0.63224554,130.37709,84.38473,-3.9080691,WAL
2027237305000,239.719917,-2.43282681267889,-2.60743679699989,1.06219811704654,-0.91538155,0.86926126,-0.605062,130.58586,84.451996,-3.952928,WAL
2027242294000,239.724906,-2.2722936246467,-2.57708954538986,1.04778063491452,-1.0143417,0.7984009,-0.5699373,130.76447,84.54892,-3.9648132,WAL
2027247292000,239.729904,-2.13511776292124,-2.56289881126594,1.08562224683269,-1.1328496,0.732122,-0.52412236,130.91425,84.65512,-3.9872103,WAL
2027252309000,239.734921,-2.09189352405729,-2.58446029078242,1.21663517782325,-1.2623531,0.6560693,-0.48502702,131.03745,84.80854,-3.9792802,WAL
2027257319000,239.739931,-2.115268740076,-2.63121062518757,1.41298626990159,-1.3988814,0.57726765,-0.4370741,131.13759,84.96331,-3.9867685,WAL
2027262321000,239.744933,-2.16210199568345,-2.7248771182554,1.66063722823741,-1.5500705,0.46670106,-0.38240165,131.20427,85.13456,-3.9682672,WAL
2027267313000,239.749925,-2.22897883405276,-2.8586308448741,1.9520294661271,-1.7287487,0.32803464,-0.32834008,131.23805,85.30807,-3.9626365,WAL
2027272307000,239.754919,-2.28884340067409,-3.10519325023874,2.32705204742065,-1.8952094,0.17165314,-0.25961772,131.21123,85.4482,-3.9705317,WAL
2027277300000,239.759912,-2.34256538807228,-3.44990901660893,2.77473473036233,-2.0555615,0.021380283,-0.18203785,131.14493,85.57587,-3.9960809,WAL
2027282315000,239.764927,-2.41958715793264,-4.07133767155264,3.39566263268375,-2.1719313,-0.049785517,-0.07147124,131.0294,85.640114,-4.0448623,WAL
2027287339000,239.769951,-2.53169323240839,-5.11086637750477,4.27722394460919,-2.218968,-0.19822577,-0.008246681,130.8489,85.68427,-4.101779,WAL
2027292298000,239.77491,-2.40096564650864,-6.56226641795556,5.28532482413827,-2.254398,-0.30665436,0.15790866,130.60695,85.65243,-4.1850085,WAL
2027297340000,239.779952,-2.03375153286914,-8.45079614524444,6.44419488590617,-2.1740694,-0.3286455,0.32406402,130.34999,85.586975,-4.288492,WAL
2027302307000,239.784919,-1.19149293035923,-10.5984573919393,8.00446486098131,-1.9679024,-0.22999077,0.50243664,130.00717,85.47156,-4.3707895,WAL
2027307320000,239.789932,0.16856186030958,-13.070859036215,10.0235150303738,-1.5748106,-0.121256754,0.59589905,129.66765,85.30432,-4.4825354,WAL
2027312345000,239.794957,1.65015085354343,-15.0263796869723,11.503419513269,-0.93523467,-0.15790866,0.57635134,129.22423,85.1198,-4.4378824,WAL
2027317357000,239.799969,3.28099607684459,-16.3001763632891,12.2754176515883,-0.12736541,-0.25809056,0.39278635,128.80978,84.8055,-4.3934298,WAL
2027322300000,239.804912,4.65820692031795,-17.2676888140752,12.2385317840248,0.5198463,-0.2687807,0.105068825,128.36794,84.334946,-4.116287,WAL
2027327286000,239.809898,5.75521536913532,-17.8786801946491,11.1924394044203,0.88789266,-0.118507855,-0.067500606,127.97316,83.64292,-3.8633125,WAL
2027332266000,239.814878,6.31661866479213,-18.1131167603937,10.0326124753163,1.0351112,0.27183503,-0.19761491,127.72405,82.907455,-3.3969915,WAL
2027337283000,239.819895,5.96680987643101,-17.7054086784495,8.66715178803977,1.0351112,0.81122905,-0.25534168,127.58616,82.06287,-2.9625635,WAL
2027342256000,239.824868,5.62006897459329,-17.3012762703354,7.31366643866238,0.9624182,1.2770138,-0.32070425,127.686646,81.45058,-2.3659837,WAL
2027347280000,239.829892,5.26977211337618,-16.892999331191,5.94630058399277,0.86926126,1.5589281,-0.38973203,127.895584,80.8136,-1.8174012,WAL
2027352253000,239.834865,4.65985748590584,-15.9426424062836,4.87886875669962,0.7870999,1.6465873,-0.45081854,128.1867,80.182205,-1.3086122,WAL
2027357282000,239.839894,3.61808893792698,-14.0995136601742,4.26134998596457,0.70432764,1.6190983,-0.5021312,128.5275,79.57721,-0.82979953,WAL
2027362255000,239.844867,2.60135431061271,-12.196093939874,3.82216232578736,0.61178154,1.5723672,-0.5308419,128.99716,79.32326,-0.3937498,WAL
2027367280000,239.849892,1.6001219096297,-10.1155516297958,3.71193488877648,0.52412236,1.5409076,-0.5320636,129.45444,79.0818,0.025232427,WAL
2027372284000,239.854896,0.631534873210467,-8.11030488154974,3.63692916267183,0.398895,1.4816537,-0.48747048,129.83943,78.87702,0.30959347,WAL
2027377288000,239.8599,-0.251668833947663,-6.3048604077487,3.66620661335913,0.19333886,1.4337007,-0.42088616,130.21008,78.72131,0.5779991,WAL
2027382282000,239.864894,-1.08197346516039,-4.80080912990237,3.65909616630405,-0.03481932,1.3326025,-0.36132678,130.44958,78.553474,0.70362777,WAL
2027387307000,239.869919,-1.78894756,-4.03566642,3.56065672,-0.14996742,1.2272283,-0.23365596,130.66132,78.419365,0.79046583,WAL
2027392293000,239.874905,-2.45761452255566,-3.38624957647628,3.47849455643756,-0.37232238,1.1325442,-0.099265605,130.75801,78.31934,0.7497165,WAL
2027397287000,239.879899,-2.92060156413897,-3.42740390735721,3.4939274506615,-0.59040123,1.0635164,0.03940081,130.82039,78.2549,0.67590034,WAL
2027402298000,239.88491,-3.28778222066713,-3.61292826257547,3.55129374506582,-0.7959574,0.99204516,0.17867808,130.89192,78.206566,0.4361322,WAL
2027407282000,239.889894,-3.40116829466495,-4.1704096532911,3.71664848975552,-0.98990715,0.87017757,0.30085114,130.9195,78.210655,0.16982608,WAL
2027412398000,239.89501,-3.50921317661023,-4.89450861195252,3.93699375887008,-1.1991285,0.6188065,0.38056904,130.88133,78.25104,-0.17986308,WAL
2027417405000,239.900017,-3.59304375406699,-6.00195431961722,4.28555218468899,-1.346347,0.22021692,0.43279803,130.75995,78.31324,-0.5401768,WAL
2027422283000,239.904895,-3.69444803941338,-7.16767858651594,4.60320278733068,-1.4095715,-0.33292156,0.45173484,130.50182,78.384056,-0.90103304,WAL
2027427292000,239.909904,-4.02177310449129,-9.34658848518179,4.68137017338833,-1.3955216,-0.98349303,0.48991394,130.09987,78.454216,-1.2521363,WAL
2027432308000,239.91492,-4.33680069736964,-11.4976577098243,4.6389665197602,-1.3045027,-1.5097535,0.58246,129.54376,78.478325,-1.5953779,WAL
2027437305000,239.919917,-4.55919738651362,-13.4191651411841,3.73158823241008,-1.1636983,-1.8442022,0.6533204,128.86319,78.46607,-1.9140912,WAL
2027442652000,239.925264,-4.79871392833318,-15.437903458777,2.76051876210308,-0.9822713,-1.9135354,0.72082096,128.12097,78.44904,-2.2553215,WAL
2027447324000,239.929936,-5.0432333251484,-16.3485274557618,1.90891661258834,-0.6774496,-1.6633861,0.70952,127.38727,78.345406,-2.5852427,WAL
2027452288000,239.9349,-5.30303518426458,-17.3160654525582,1.00408932872892,-0.1881465,-1.3035865,0.6221663,126.78209,78.34978,-2.8981972,WAL
2027457288000,239.9399,-5.02078840652685,-17.8785841670272,0.930327360650804,0.40561453,-1.0259482,0.49021935,126.23779,78.23341,-3.1931407,WAL
2027462371000,239.944983,-4.63165007472021,-18.3730181369322,1.01273310197498,0.86590147,-0.9251554,0.22785273,125.766655,78.03312,-3.4249473,WAL
2027467338000,239.94995,-3.69600815532294,-17.4298669710852,0.792323407226812,1.0253373,-0.9166033,-0.077579886,125.43445,77.92913,-3.6180081,WAL
2027472257000,239.954869,-2.56827453022906,-15.9792921073977,0.465059520300413,0.88606006,-0.890947,-0.3454443,125.15379,77.80267,-3.744976,WAL
2027477294000,239.959906,-1.64788291017544,-13.7074347192982,-0.328467657894737,0.46181414,-0.8268061,-0.49174652,124.91489,77.75921,-3.7500668,WAL
2027482321000,239.964933,-0.896036021855796,-10.8806859902647,-1.44647365079404,-0.051618114,-0.6075055,-0.514654,124.736855,77.79106,-3.7246041,WAL
2027487308000,239.96992,-0.488620951596071,-8.4974906961326,-1.97661411393493,-0.30848694,-0.47158796,-0.55924714,124.594925,77.929855,-3.516611,WAL
2027492298000,239.97491,-0.288158606691222,-6.37063414917127,-2.15262985457336,-0.7910705,-0.56077427,-0.5170974,124.447365,78.25701,-3.332829,WAL
2027497351000,239.979963,-0.669853869997071,-4.5845111116556,-1.80981457279383,-1.1294898,-0.79198676,-0.3912592,124.34107,78.702385,-3.1076472,WAL
2027502314000,239.984926,-1.33333940943967,-3.01163283010543,-1.21592539455291,-1.328021,-1.0690142,-0.27275133,124.194695,79.23259,-2.890189,WAL
2027507281000,239.989893,-1.81072359398467,-2.30462371190453,-1.3150386031823,-1.4886786,-1.3264939,-0.17470746,123.97858,79.81245,-2.699649,WAL
2027512403000,239.995015,-2.1819362081498,-2.13805390645193,-1.86709831826914,-1.5946637,-1.5622878,-0.070249505,123.68589,80.41942,-2.5356932,WAL
2027517368000,239.99998,-2.47238406728698,-2.14536935620631,-2.3865220728037,-1.6719382,-1.7498235,0.025350908,123.26975,80.90002,-2.5212421,WAL
2027522308000,240.00492,-2.70924400097298,-2.27944112420178,-2.89152535581901,-1.7486018,-1.8613064,0.13530666,122.803764,81.39475,-2.5396862,WAL
2027527287000,240.009899,-2.92030822402202,-2.49388825428378,-3.38749046043659,-1.8237382,-1.9428569,0.23457226,122.294174,81.9529,-2.6352086,WAL
2027532317000,240.014929,-3.09711789831933,-2.81493732044818,-3.8713907929972,-1.8771889,-2.0494528,0.35124752,121.74114,82.49802,-2.770933,WAL
2027537265000,240.019877,-3.21482898784461,-3.11732435567766,-4.32560857480239,-1.9055941,-2.1352794,0.47219884,121.17986,83.0847,-2.9741328,WAL
2027542301000,240.024913,-3.23342495426065,-3.40091387509158,-4.74866801224214,-1.9031507,-2.16399,0.5934556,120.6023,83.618126,-3.220007,WAL
2027547263000,240.029875,-3.22338730230777,-3.72343897659982,-5.06468012294669,-1.8784106,-2.0998492,0.74464476,120.040985,84.12213,-3.537414,WAL
2027552314000,240.034926,-3.1405161871813,-4.16216925399577,-5.12805253542276,-1.8463402,-1.9401081,0.9059132,119.499695,84.49392,-3.9042108,WAL
2027557297000,240.039909,-3.05678947856703,-4.67063422207552,-5.07653567362028,-1.8167132,-1.767844,1.0552697,119.00248,84.74524,-4.3126464,WAL
2027562374000,240.044986,-2.96691616627057,-5.36394234393979,-4.75983919725376,-1.7730364,-1.6035212,1.1872166,118.55338,84.77129,-4.772611,WAL
2027567543000,240.050155,-2.8700443084686,-6.10540096128642,-4.4521821144067,-1.7611245,-1.4953982,1.3063353,118.15411,84.596085,-5.255827,WAL
2027572311000,240.054923,-2.72273195165843,-7.17341493527573,-4.32788743502369,-1.7620409,-1.4175128,1.4123205,117.80169,84.20857,-5.7783914,WAL
2027577419000,240.060031,-2.56863528683938,-8.31522460310881,-4.20000393067358,-1.7825048,-1.2953397,1.5274686,117.49925,96.321594,-6.3081346,WAL
2027582314000,240.064926,-2.46742964007772,-9.37990866139896,-4.14332858080311,-1.8197676,-1.2244794,1.5861117,117.21449,96.95703,-6.8510666,WAL
2027587271000,240.069883,-2.36494212404145,-10.4580779927461,-4.08593538176166,-1.8319849,-1.0564915,1.7018706,117.019005,97.63187,-7.3748827,WAL
2027592312000,240.074924,-2.00070358851889,-11.3533206220676,-4.04213964024851,-1.8325957,-0.8903361,1.7989981,116.8538,98.35635,-7.903221,WAL
2027597273000,240.079885,-1.5473226806163,-12.1609053411531,-4.00435797600398,-1.8481728,-0.73731434,1.9260582,116.74514,99.14595,-8.463995,WAL
2027602309000,240.084921,-1.01983548498904,-12.8874961885768,-3.76223711703039,-1.8044959,-0.62796944,2.0497584,116.699646,99.87869,-8.965888,WAL
2027607306000,240.089918,-0.470176525661481,-13.5720716225332,-3.44243563916675,-1.7785342,-0.5684101,2.1157317,116.6934,100.6336,-9.475131,WAL
2027612333000,240.094945,-0.0554656347789922,-14.0166256605088,-3.23767115970597,-1.7629571,-0.5412266,2.1288655,116.746086,101.264984,-9.858728,WAL
2027617309000,240.099921,0.322486163669601,-14.3991866431957,-3.06252264955992,-1.7333301,-0.47769663,2.0549507,116.83068,101.88133,-10.225629,WAL
2027622309000,240.104921,0.586779377076923,-14.4214508888278,-2.7929177929304,-1.6829338,-0.37140608,1.9297233,116.95877,102.29922,-10.422392,WAL
2027627304000,240.109916,0.810189973615385,-14.3163166594322,-2.49065652891941,-1.6508633,-0.26939157,1.733941,117.100296,102.680855,-10.57573,WAL
2027632316000,240.114928,1.07991298049538,-13.9689039896885,-2.29635386384607,-1.629483,-0.16676621,1.4972308,117.28636,102.88914,-10.568269,WAL
2027637307000,240.119919,1.38477853007973,-13.4303078674391,-2.189650878516,-1.5928311,-0.043982297,1.2333369,117.497635,103.04886,-10.502499,WAL
2027642295000,240.124907,1.63277745918405,-12.8180859005907,-1.96189737827211,-1.5344934,0.062308256,0.9935723,117.72573,103.06517,-10.317646,WAL
2027647317000,240.129929,1.85473947587225,-12.1655174676943,-1.67334671949418,-1.434617,0.013744468,0.7489208,117.93152,103.02751,-10.074642,WAL
2027652313000,240.134925,1.93821487725777,-11.4635432451142,-1.3195296481691,-1.3735305,-0.24984388,0.4914411,118.108894,102.89465,-9.724043,WAL
2027657296000,240.139908,1.88912904694507,-10.7125305180004,-0.902300269903312,-1.3454307,-0.6737844,0.2751948,118.215965,102.734436,-9.346151,WAL
2027662376000,240.144988,1.70340838072153,-9.94562743517475,-0.820096414543405,-1.3521502,-1.1615603,0.1020145,118.24448,102.44234,-8.871441,WAL
2027667331000,240.149943,1.42132597439787,-9.19664950189608,-0.995182103843394,-1.3906348,-1.5879441,-0.04184427,118.16414,102.15074,-8.386579,WAL
2027672305000,240.154917,0.959877950513139,-8.64371887912088,-1.44311823957955,-1.389413,-1.8533652,-0.18478674,117.94026,101.89176,-7.959492,WAL
2027677287000,240.159899,0.38542325380602,-8.21515738461538,-2.06316458220736,-1.3790283,-1.9352211,-0.24740042,117.65349,101.65159,-7.542168,WAL
2027682313000,240.164925,-0.180235228761534,-7.87871897272914,-2.63320271701866,-1.38025,-2.0286834,-0.38698313,117.24928,101.52917,-7.184894,WAL
2027687305000,240.169917,-0.729182438209965,-7.63365343243797,-3.14784065870412,-1.3979651,-2.083356,-0.4709771,116.842896,101.42543,-6.840142,WAL
2027692293000,240.174905,-1.20869068503937,-7.54294632402535,-3.53977961870559,-1.42973,-2.0289888,-0.49877146,116.41352,101.53922,-6.616493,WAL
2027697315000,240.179927,-1.63819031496063,-7.57065595890148,-3.83996752275783,-1.4178182,-1.9068159,-0.48747048,115.99331,101.64972,-6.386753,WAL
2027702309000,240.184921,-1.98117614853042,-7.62363990596678,-3.94558786869163,-1.3817772,-1.7562376,-0.45478916,115.565,101.93869,-6.272059,WAL
2027707303000,240.189915,-2.23504773152462,-7.70356265862577,-3.84686002813329,-1.3451253,-1.6114625,-0.37598756,115.175804,102.23803,-6.173285,WAL
2027712387000,240.194999,-2.4482377820495,-7.79642996978431,-3.71479006394991,-1.3399329,-1.5442673,-0.2761111,114.79223,102.636284,-6.167206,WAL
2027717373000,240.199985,-2.60485720526787,-7.900842736885,-3.54867850792168,-1.3286319,-1.4477507,-0.160963,114.464714,103.03656,-6.182764,WAL
2027722282000,240.204894,-2.7483545020529,-8.06264291101461,-3.23427629443348,-1.3002267,-1.4086553,-0.070554934,114.12466,103.44259,-6.270993,WAL
2027727296000,240.209908,-2.88105358499803,-8.30434507720095,-2.7176978099092,-1.3179418,-1.3610078,0.013133603,113.82291,103.86681,-6.3858776,WAL
2027732269000,240.214881,-2.95387819699963,-8.48958493583826,-2.29911271182607,-1.3765849,-1.2449434,0.063224554,113.537834,104.28109,-6.5433936,WAL
2027737318000,240.21993,-2.9404864609675,-8.59671910376662,-2.01342111569424,-1.4263704,-1.1215485,0.12675454,113.27721,104.70324,-6.7244077,WAL
2027742268000,240.22488,-2.79483423065801,-8.64207482250629,-1.61359764274099,-1.473407,-1.058324,0.20738874,113.00945,105.06011,-6.9524417,WAL
2027747312000,240.229924,-2.21784158937552,-8.49529621940486,-0.818967510519698,-1.5070046,-1.0390818,0.2864958,112.771126,105.426636,-7.189981,WAL
2027752244000,240.234856,-1.75995738177468,-8.35869262572283,-0.286066769363908,-1.5027285,-1.0491611,0.34208453,112.53625,105.7447,-7.444812,WAL
2027757304000,240.239916,-1.5135575287338,-8.23307648614158,-0.252247172195414,-1.432479,-1.0754282,0.39064834,112.3097,106.05656,-7.714767,WAL
2027762358000,240.24497,-1.30439421254545,-8.13208058709091,-0.277260745789091,-1.3118331,-1.0986412,0.43249258,112.11801,106.17323,-7.909683,WAL
2027767349000,240.249961,-1.16969120609091,-8.07993779518182,-0.416309025738182,-1.1597277,-1.1209377,0.46853364,111.92153,106.26697,-8.112924,WAL
2027772284000,240.254896,-1.04541333346351,-8.03370475005139,-0.560407587346351,-0.9978484,-1.1242975,0.49266282,111.76036,106.295746,-8.281961,WAL
2027777294000,240.259906,-0.981308735775951,-8.02384231017472,-0.752721282577595,-0.82527894,-1.1218541,0.50976706,111.59343,106.28901,-8.455311,WAL
2027782325000,240.264937,-0.930617865243394,-8.01411939346314,-0.953154677223922,-0.7602218,-1.1233811,0.5296202,111.44417,106.28893,-8.609179,WAL
2027787305000,240.269917,-0.939462086662031,-8.00527521821975,-1.18310454492907,-0.6621779,-1.1129965,0.5348125,111.29517,106.24193,-8.758567,WAL
2027792533000,240.275145,-0.955411175895814,-7.99489366179866,-1.42101328123055,-0.59498274,-1.1004738,0.5403103,111.150826,106.22598,-8.900525,WAL
2027797350000,240.279962,-1.05264705666968,-7.97174227888186,-1.59696393644485,-0.59742624,-1.0638218,0.54244834,111.01355,106.20563,-9.036986,WAL
2027802518000,240.28513,-1.15960520045198,-7.94857636011299,-1.78053934146893,-0.64996064,-1.0213667,0.5546656,110.877144,106.24254,-9.176661,WAL
2027807325000,240.289937,-1.28964957798493,-7.94640895532957,-1.89107707595104,-0.7309003,-0.97402465,0.5726862,110.75224,106.287674,-9.312204,WAL
2027812375000,240.294987,-1.42626786517891,-7.94413198546139,-2.00720263433145,-0.84879726,-0.92057395,0.59712076,110.62715,106.41487,-9.469798,WAL
2027817374000,240.299986,-1.56150644293785,-7.94187801073446,-2.12215543954802,-0.981355,-0.8723156,0.6404922,110.51751,106.56689,-9.630755,WAL
2027822243000,240.304855,-1.69322811429379,-7.93968265107345,-2.2341188739548,-1.1249083,-0.8396343,0.6753115,110.42086,106.74712,-9.789492,WAL
2027827290000,240.309902,-1.77266148265278,-8.06475143675007,-2.21129015377174,-1.2492194,-0.79351395,0.7339546,110.34143,106.96859,-9.964328,WAL
2027832333000,240.314945,-1.83555253817319,-8.22647093864757,-2.14839914515859,-1.3643675,-0.7690793,0.7761043,110.268166,107.217766,-10.138842,WAL
2027837307000,240.319919,-1.84564804883651,-8.44475058144444,-1.94839051419812,-1.452943,-0.77579886,0.80756384,110.18015,107.577095,-10.374964,WAL
2027842337000,240.324949,-1.82627978065538,-8.69895935412374,-1.66755039804996,-1.4999796,-0.7987063,0.82711154,110.09959,107.94894,-10.61311,WAL
2027847348000,240.32996,-1.80698467293059,-8.95220789485852,-1.3877711093783,-1.5189165,-0.8527679,0.8341365,109.99315,108.32477,-10.866398,WAL
2027852313000,240.334925,-1.78786669052118,-9.20313166351711,-1.11056013986028,-1.527774,-0.9263771,0.84421575,109.87947,108.702446,-11.122615,WAL
2027857344000,240.339956,-1.79637246646434,-9.46752137632777,-0.812984050751138,-1.5079209,-1.0277808,0.8374963,109.73601,109.07634,-11.380186,WAL
2027862434000,240.345046,-1.81948794066768,-9.74028435811836,-0.503236484021244,-1.4724907,-1.1175779,0.83169305,109.57921,109.43984,-11.63909,WAL
2027867339000,240.349951,-1.85757552665305,-10.0172196327305,-0.246962228567484,-1.4291192,-1.1942415,0.8246681,109.35047,109.6751,-11.892731,WAL
2027872305000,240.354917,-1.90844510788604,-10.3085636111435,-0.0203614253601712,-1.3591752,-1.2318097,0.806953,109.10802,109.885735,-12.1384,WAL
2027877298000,240.35991,-1.94676753809972,-10.6245076716839,0.181535891085607,-1.278541,-1.284955,0.79901177,108.78738,110.046814,-12.404917,WAL
2027882319000,240.364931,-1.97189825452075,-10.9662857299049,0.357451029891502,-1.2232577,-1.3356569,0.79229224,108.45701,110.18986,-12.66191,WAL
2027887306000,240.369918,-1.96864371751019,-11.2301427157204,0.422703124760863,-1.1258247,-1.3842206,0.79198676,108.06706,110.28532,-12.941732,WAL
2027892297000,240.374909,-1.94488026479069,-11.439261496669,0.408445043203739,-0.97127575,-1.4333953,0.7959574,107.663704,110.35336,-13.216017,WAL
2027897381000,240.379993,-1.82176997402213,-11.5854735456341,0.151986875080996,-0.7993172,-1.4785993,0.8042041,107.21208,110.38316,-13.5024605,WAL
2027902310000,240.384922,-1.63060374318451,-11.6787253180561,-0.272308981556697,-0.58001655,-1.4740179,0.81092364,106.762,110.37181,-13.779464,WAL
2027907339000,240.389951,-1.34862671067028,-11.7652363805695,-0.809974832599768,-0.34513888,-1.3994923,0.81122905,106.31218,110.32921,-14.048142,WAL
2027912401000,240.395013,-0.991757946501356,-11.8450619239636,-1.43919068972491,-0.09010262,-1.2217305,0.7874053,105.89297,110.23925,-14.2938175,WAL
2027917388000,240.4,-0.560137036019408,-11.7792163155742,-1.99970663170012,0.15088372,-0.99296147,0.75625116,105.559715,110.151405,-14.485046,WAL
2027922309000,240.404921,-0.0534865131043669,-11.5684859960042,-2.49290623713253,0.30909783,-0.7290677,0.7031059,105.28516,110.026,-14.641644,WAL
2027927288000,240.4099,0.457986606549466,-11.2831453560841,-2.89326766271975,0.36651915,-0.45356745,0.6310238,105.15962,109.917625,-14.7013,WAL
2027932319000,240.414931,0.972846417304378,-10.8720878566012,-3.12993719255429,0.31887165,-0.19547687,0.54825157,105.100426,109.789825,-14.725001,WAL
2027937415000,240.420027,1.48147487958241,-10.4757024450913,-3.35587971909255,0.14996742,0.023518313,0.43066,105.18794,109.686356,-14.629886,WAL
2027942332000,240.424944,1.81708327827745,-10.3338957110018,-3.40787529125678,-0.08399397,0.18478674,0.29657507,105.32409,109.58618,-14.497023,WAL
2027947381000,240.429993,2.12618450710796,-10.2195350687748,-3.3813420248548,-0.34697145,0.21563543,0.1386664,105.53413,109.51127,-14.256551,WAL
2027952313000,240.434925,2.00425961982115,-10.4808028467779,-2.40158892585968,-0.57787853,0.16401732,-0.013133603,105.75406,109.45441,-13.98056,WAL
2027958220000,240.440832,1.78767521611353,-10.7867456958249,-1.26774923851206,-0.75747293,0.02107485,-0.14966199,105.963196,109.41271,-13.639347,WAL
2027962437000,240.445049,0.887874714110239,-10.9314958650586,-0.876531592002325,-0.8756753,-0.15790866,-0.2302962,106.136406,109.39633,-13.2844515,WAL
2027967283000,240.449895,-0.146138383520295,-11.0978367045433,-0.4269606375356,-0.91782504,-0.34697145,-0.2846632,106.10572,109.27772,-12.969064,WAL
2027972308000,240.45492,-0.734206593326818,-11.1088791919468,-0.247915935011728,-0.88178396,-0.43096542,-0.3005457,106.05072,109.16569,-12.653126,WAL
2027977269000,240.459881,-1.21246947103987,-11.0856625652854,-0.131832724128225,-0.83658,-0.5540548,-0.2959642,105.92859,109.060425,-12.350119,WAL
2027982322000,240.464934,-1.48166805214106,-11.2950027128463,-0.159913746972486,-0.70005155,-0.6215554,-0.25992316,105.687965,108.95167,-12.232731,WAL
2027987305000,240.469917,-1.68509118236776,-11.5677748942066,-0.229262551900794,-0.5549711,-0.6160576,-0.20708331,105.43692,108.83686,-12.127733,WAL
2027992290000,240.474902,-1.76381261076438,-11.9960993059565,-0.266358466884529,-0.40286562,-0.5626069,-0.15515977,105.146065,108.728905,-12.120628,WAL
2027997306000,240.479918,-1.79310960958528,-12.4892652063428,-0.290772615573287,-0.25717425,-0.50701815,-0.089491755,104.86477,108.60525,-12.130993,WAL
2028002313000,240.484925,-1.68567371138211,-13.1238849728997,-0.244714671111111,-0.13561209,-0.4728097,-0.05681047,104.58157,108.48128,-12.172625,WAL
2028007381000,240.489993,-1.5306539804878,-13.8144269512195,-0.17425117,-0.027794369,-0.42241332,-0.057726767,104.323685,108.338684,-12.2157135,WAL
2028012343000,240.494955,-1.32702391608392,-14.3854352097902,-0.0259846232867133,0.096516706,-0.33017266,-0.10567969,104.07903,108.15823,-12.24479,WAL
2028017311000,240.499923,-1.10039515524476,-14.9110211118881,0.15724714958042,0.23457226,-0.2574797,-0.1740966,103.84483,107.954124,-12.263198,WAL
2028022312000,240.504924,-0.833071701573499,-15.2387106397516,0.150322726269743,0.4129449,-0.22724187,-0.23976462,103.6102,107.664856,-12.224779,WAL
2028027290000,240.509902,-0.551064359972395,-15.4831170414079,0.0657205179000296,0.61391956,-0.17898351,-0.30818152,103.400856,107.33899,-12.160329,WAL
2028032321000,240.514933,-0.275172195801028,-15.6173417464399,-0.146207299424644,0.79779,-0.13408493,-0.36377025,103.173615,106.93585,-12.050966,WAL
2028037304000,240.519916,-0.00617397347409017,-15.6975694262263,-0.415205510417623,1.0067059,-0.07513642,-0.4279111,102.964584,106.4873,-11.917824,WAL
2028042299000,240.524911,0.204882314083211,-15.6006360489691,-0.629156704771723,1.2247849,-0.01038471,-0.5002986,102.789635,105.97833,-11.718791,WAL
2028047297000,240.529909,0.385521135127025,-15.4111854420103,-0.814201361266568,1.4288138,0.037873644,-0.59956425,102.62651,105.43062,-11.496138,WAL
2028052301000,240.534913,0.520108302307692,-15.0365761025641,-0.931644402886447,1.6291776,0.052839845,-0.72295904,102.512245,104.83754,-11.205653,WAL
2028057365000,240.539977,0.606392740989011,-14.4579630915751,-0.977324407005756,1.8115209,0.058337633,-0.86254174,102.406975,104.20413,-10.887818,WAL
2028062313000,240.544925,0.542219136590203,-13.8017562148653,-0.896561030822398,2.0048597,0.054367006,-0.98807454,102.32951,103.54038,-10.528488,WAL
2028067311000,240.549923,0.369612167739157,-13.0729704142041,-0.723954051958329,2.2107213,0.05222898,-1.0946705,102.25142,102.83589,-10.1437845,WAL
2028072308000,240.55492,-0.00240414515973358,-12.421170941608,-0.557696279260689,2.4294112,0.040317107,-1.1407908,102.181915,102.11407,-9.749766,WAL
2028077301000,240.559913,-0.519294781494064,-11.8258242423511,-0.396167943961008,2.5384505,0.052839845,-1.2247849,102.11559,101.36669,-9.323396,WAL
2028082312000,240.564924,-1.09460943830091,-11.4884519189162,-0.274010613772028,2.770274,0.07788532,-1.3176364,102.03371,100.601524,-8.927569,WAL
2028087306000,240.569918,-1.7230730781094,-11.4056309793216,-0.191189821703168,2.990491,0.12003502,-1.3997977,101.96131,99.83825,-8.518396,WAL
2028092288000,240.5749,-2.34939604178802,-11.5442649878484,-0.17063968871733,3.1563408,0.15851954,-1.4587462,101.87366,99.147415,-8.188596,WAL
2028097303000,240.579915,-2.97932816528113,-11.8731264301283,-0.20306265762465,3.265991,0.20738874,-1.5161675,101.80391,98.47217,-7.84225,WAL
2028102307000,240.584919,-3.54606376379515,-12.2446846980462,-0.335403694745411,3.3130276,0.24831672,-1.5488489,101.7205,97.945114,-7.597494,WAL
2028107370000,240.589982,-4.04844920647326,-12.6705162717584,-0.584204106118019,3.28279,0.30268374,-1.5415184,101.659256,97.49665,-7.3535056,WAL
2028112388000,240.595,-4.54143459872801,-13.0503348322568,-0.866456906737553,3.1865785,0.35124752,-1.5167783,101.5816,97.25649,-7.2275496,WAL
2028117399000,240.600011,-5.02786177524595,-13.3793886730597,-1.19074170768161,3.0363057,0.37659842,-1.4963144,101.51641,82.89443,-7.1046333,WAL
2028122264000,240.604876,-5.5007553421295,-13.5974649738129,-1.41778080722302,2.8674014,0.34330627,-1.4541647,101.45887,82.8676,-7.090807,WAL
2028127290000,240.609902,-5.99016547895444,-13.6851892840288,-1.53320770627338,2.6887233,0.20738874,-1.4135422,101.38022,82.79245,-7.0777373,WAL
2028132245000,240.614857,-6.43433609308616,-13.7667609472714,-1.68403793577982,2.5262332,0.016493361,-1.3704761,101.35508,82.67689,-7.0764594,WAL
2028137318000,240.61993,-6.81112756633879,-13.8402810627069,-1.91378898623853,2.3735168,-0.18234327,-1.3240504,101.28922,82.53728,-7.082664,WAL
2028142262000,240.624874,-7.16030844273119,-13.8840339529936,-2.1256476779065,2.2791383,-0.28680122,-1.2858714,101.26535,82.365974,-7.1019363,WAL
2028147347000,240.629959,-7.45487351552184,-13.8291152752717,-2.30038947496412,2.2299635,-0.3481932,-1.2767084,101.197205,82.18677,-7.1213975,WAL
2028152244000,240.634856,-7.6471918172207,-13.8087430821389,-2.3892414550981,2.2592852,-0.39920044,-1.2892311,101.158875,81.98428,-7.1562037,WAL
2028157370000,240.639982,-7.59229708354173,-13.8786087373183,-2.25949070696351,2.2708917,-0.4700608,-1.3515394,101.09744,81.79284,-7.175002,WAL
2028162372000,240.644984,-7.41586471462703,-13.8906805248951,-2.43599176779135,2.2534819,-0.26725355,-1.4935656,101.148895,81.606224,-7.1836076,WAL
2028167349000,240.649961,-6.98556076511946,-13.7863645837133,-3.24009505872697,2.0824397,0.028099801,-1.5980235,101.206085,81.4413,-7.184676,WAL
2028172314000,240.654926,-6.50978185466194,-13.6163751740587,-3.9275819355411,1.7507398,0.5708536,-1.6465873,101.40329,81.32033,-7.156383,WAL
2028177299000,240.659911,-5.69105274594914,-12.9623329544648,-3.77701105706682,1.6468927,0.88331115,-1.681712,101.617905,81.2073,-7.104926,WAL
2028182287000,240.664899,-4.86997358505706,-12.3118044279395,-3.59597531250995,1.5775595,1.0167851,-1.6450601,101.9743,81.2347,-7.0202675,WAL
2028187307000,240.669919,-4.02355770502521,-11.6993222356012,-3.08557375203928,1.6398678,1.0290025,-1.5882497,102.37755,81.25929,-6.937173,WAL
2028192310000,240.674922,-3.18000817359108,-11.0889141861453,-2.57690064306821,1.7708983,0.98990715,-1.4993688,102.777374,81.311035,-6.8002815,WAL
2028197364000,240.679976,-2.34717217010516,-10.4529880403605,-2.09529019344016,1.9117028,1.0027353,-1.4059063,103.18794,81.33284,-6.686035,WAL
2028202245000,240.684857,-1.54664221977967,-9.8350353535303,-1.6365069899349,2.0073032,1.1606439,-1.3607023,103.62238,81.3276,-6.589308,WAL
2028207371000,240.689983,-0.675686414766985,-9.91338508618754,-1.54387693472768,2.087632,1.3246613,-1.3756685,104.00053,81.30007,-6.436576,WAL
2028212378000,240.69499,0.181383975463223,-10.1422362857945,-1.53490233469961,2.1606305,1.3658947,-1.3961325,104.38291,81.2418,-6.300632,WAL
2028217402000,240.700014,0.562602271037984,-10.2730938396014,-1.56760866090636,2.2058344,1.4251486,-1.4037683,104.76549,81.17499,-6.106971,WAL
2028222286000,240.704898,0.742904829240316,-10.3610467079729,-1.61598253187288,2.2073615,1.5464053,-1.4013249,105.17198,81.094666,-5.9206395,WAL
2028227300000,240.709912,0.843444478417748,-10.4400911184596,-1.85869823976559,2.193617,1.7229455,-1.3833044,105.65175,81.049446,-5.5851007,WAL
2028232323000,240.714935,0.878682063924236,-10.5105660792172,-2.25134540335915,2.1499403,1.954158,-1.3472633,106.17623,80.98449,-5.2718844,WAL
2028237310000,240.719922,0.878096964069454,-10.3619791236404,-2.40030759534977,2.1050417,2.238821,-1.3399329,106.777405,80.918076,-4.9399505,WAL
2028242294000,240.724906,0.859044635575292,-10.1000095198084,-2.4241229686658,2.0641136,2.4104743,-1.3197744,107.404366,80.83617,-4.6362057,WAL
2028247408000,240.73002,0.817617048125981,-9.77420044544741,-2.67869644437794,2.0143282,2.4700336,-1.2461652,108.091545,80.78928,-4.364978,WAL
2028252318000,240.73493,0.766867101206829,-9.43279165031397,-3.03855960362049,1.9501873,2.5222626,-1.1636983,108.81627,80.7463,-4.1161394,WAL
2028257324000,240.739936,0.666836920394609,-9.05575455516773,-3.22530220822183,1.8808541,2.6273315,-1.0803152,109.574585,80.695496,-3.9000554,WAL
2028262423000,240.745035,0.53426956975955,-8.6533181801435,-3.30105503651348,1.8762726,2.6893342,-0.999681,110.32318,80.635284,-3.712294,WAL
2028267383000,240.749995,0.330816774263852,-8.32681885699208,-3.33783315751979,1.8915442,2.6988027,-0.9236283,111.1114,80.60652,-3.5572221,WAL
2028272308000,240.75492,0.0730317281179796,-8.05125545376932,-3.34672229057671,1.8924606,2.6569583,-0.89919364,111.891426,80.585625,-3.412039,WAL
2028277291000,240.759903,-0.222015202964995,-7.76727050974456,-3.330499984579,1.8781052,2.586098,-0.8558222,112.71547,80.51713,-3.278849,WAL
2028282319000,240.764931,-0.566212456164617,-7.47369048930937,-3.27988261756544,1.8335121,2.542421,-0.81183994,113.524124,80.46086,-3.1531804,WAL
2028287306000,240.769918,-0.828756996251346,-7.25460585964569,-3.21180807714593,1.8017471,2.4807239,-0.78984874,114.342316,80.36498,-3.0442498,WAL
2028292300000,240.774912,-1.02068120153665,-7.10013010453166,-3.12754883208378,1.7641789,2.4248295,-0.7974846,115.140335,80.288475,-2.9382708,WAL
2028297333000,240.779945,-1.16474532145781,-6.91963415826261,-2.98822588968547,1.6997325,2.3790147,-0.8051204,115.94988,80.18533,-2.864776,WAL
2028302313000,240.784925,-1.25522538256615,-6.71486366899651,-2.79297940800799,1.6212363,2.31915,-0.8206975,116.73302,80.10461,-2.7844744,WAL
2028307288000,240.7899,-1.36369020911276,-6.505193445881,-2.58390495550322,1.543351,2.2479842,-0.8219192,117.51297,80.010475,-2.7247813,WAL
2028312435000,240.795047,-1.4963606525906,-6.28249676256849,-2.35173161757185,1.4648548,2.1673498,-0.8362745,118.268135,79.94686,-2.6543684,WAL
2028317291000,240.799903,-1.6175401099418,-6.05316616420189,-2.18390303856502,1.382388,2.094046,-0.850019,119.00469,79.865005,-2.5901847,WAL
2028322364000,240.804976,-1.73805931431161,-5.78431555691251,-2.08656058565022,1.2904528,2.0415115,-0.872621,119.71964,79.81487,-2.5172904,WAL
2028327281000,240.809893,-1.85309657680747,-5.55044421283509,-1.95947609130788,1.185384,2.0503693,-0.8793405,120.42624,79.74291,-2.4600556,WAL
2028332284000,240.814896,-1.96596990601137,-5.37529613257514,-1.75319041199025,1.1090258,2.051591,-0.8863655,121.11172,79.69502,-2.394412,WAL
2028337290000,240.819902,-2.07891091860276,-5.20004302648253,-1.54678103548335,1.0115929,2.0564778,-0.89858276,121.80578,79.65158,-2.3453753,WAL
2028342300000,240.824912,-2.15365333744741,-4.91797920334602,-1.10271237507514,0.9101892,2.0561724,-0.8943067,122.493515,79.63454,-2.2996335,WAL
2028347275000,240.829887,-2.22047603029453,-4.61727663697656,-0.615861028150671,0.76052725,2.0228803,-0.8924741,123.1692,79.66352,-2.248614,WAL
2028352277000,240.834889,-2.31154231134752,-4.39181469787234,-0.287847580425532,0.59528816,2.0018053,-0.88239485,123.84306,79.66963,-2.2224073,WAL
2028357261000,240.839873,-2.40689901121766,-4.18202981875936,0.007758253892718,0.43401974,1.9856175,-0.86315256,124.50378,79.719505,-2.1980567,WAL
2028362282000,240.844894,-2.51799191235911,-4.04377570893811,0.168363940632786,0.29260445,1.9862283,-0.84849185,125.14167,79.71614,-2.1848464,WAL
2028367256000,240.849868,-2.63102741479138,-3.92132078621712,0.300238677077318,0.15607607,1.9703459,-0.8426886,125.76517,79.75842,-2.1730688,WAL
2028372297000,240.854909,-2.69877122981184,-3.86326360764406,0.344776314413955,0.09285152,1.9581286,-0.80481493,126.378,79.753456,-2.1917648,WAL
2028377267000,240.859879,-2.75474546516072,-3.8212829372207,0.368098896646413,-0.014966198,1.9361374,-0.77549344,126.978874,79.80083,-2.2083368,WAL
2028382276000,240.864888,-2.81115893495198,-3.77897284101333,0.391604493105645,-0.12980886,1.9138408,-0.7464773,127.57499,79.827705,-2.2556534,WAL
2028387267000,240.869879,-2.86736968115445,-3.7368147874755,0.415025621460212,-0.2144137,1.894904,-0.72418076,128.15994,79.875496,-2.308376,WAL
2028392322000,240.874934,-2.80684761530464,-3.68060386370615,0.373161378797007,-0.30695978,1.8545868,-0.6988298,128.73015,79.92917,-2.380912,WAL
2028397304000,240.879916,-2.7048500366631,-3.62033265305607,0.308253872762608,-0.3930918,1.8054122,-0.6789767,129.2868,80.0031,-2.4564157,WAL
2028402232000,240.884844,-2.58998745802278,-3.55171442850369,0.321719693737436,-0.48563787,1.7342464,-0.6478226,129.83124,80.09957,-2.5496986,WAL
2028407258000,240.88987,-2.46593965905366,-3.47728576984692,0.37381977552188,-0.56046885,1.6667458,-0.63071835,130.35767,80.212975,-2.641531,WAL
2028412255000,240.894867,-2.34260761539096,-3.40328656425442,0.42561924004175,-0.63407815,1.5836681,-0.602924,130.8637,80.35404,-2.7240465,WAL
2028417222000,240.899834,-2.22001600825215,-3.32973162045255,0.477107721184475,-0.7156286,1.4669929,-0.589485,131.33636,80.51527,-2.8013308,WAL
2028422231000,240.904843,-2.13068146394839,-3.30033733355678,0.643489885834887,-0.80481493,1.3390167,-0.58276546,131.7838,80.68879,-2.881225,WAL
2028427242000,240.909854,-2.05086442439897,-3.28340638668414,0.841823086260773,-0.9056077,1.2000448,-0.56688297,132.18959,80.882126,-2.960452,WAL
2028432230000,240.914842,-1.97141373725619,-3.26655315120206,1.03924595669069,-1.0247264,1.0225884,-0.54458636,132.5426,81.07957,-2.9891825,WAL
2028437223000,240.919835,-1.89188340828587,-3.24968302193942,1.23686672494582,-1.1346822,0.8426886,-0.52412236,132.8509,81.296844,-3.0147576,WAL
2028442225000,240.924837,-1.9032677659975,-3.21657896926328,1.40852831652099,-1.2483032,0.66950834,-0.49174652,133.11494,81.53124,-3.0444975,WAL
2028447233000,240.929845,-1.93551488938623,-3.1797251689367,1.57437051419652,-1.3793337,0.5174029,-0.45631635,133.32956,81.79193,-3.0737646,WAL
2028452263000,240.934875,-1.9778557492802,-3.20031055435218,1.68938466400038,-1.5121969,0.3747658,-0.41630468,133.48744,81.97246,-3.058026,WAL
2028457248000,240.93986,-2.0233704294213,-3.24127376647917,1.78496558734865,-1.6496416,0.258396,-0.34422258,133.6042,82.17703,-3.0566018,WAL
2028462308000,240.94492,-2.05929821293274,-3.33062792454517,1.86818919701632,-1.7919732,0.22021692,-0.23151793,133.70459,82.34457,-3.0822248,WAL
2028467270000,240.949882,-2.0889397018609,-3.44425333978584,1.94229271299511,-1.933083,0.17165314,-0.18875736,133.76624,82.5417,-3.1038787,WAL
2028472265000,240.954877,-1.9321958773511,-4.55811712452978,2.78212998134796,-1.9947804,0.12583824,-0.105068825,133.81512,82.69448,-3.1786497,WAL
2028477277000,240.959889,-1.70179328483542,-6.06748863303292,3.92473842280564,-2.0977113,0.116980694,0.047036625,133.85403,82.87073,-3.2840164,WAL
2028482323000,240.964935,-1.36378817130099,-7.76148966799269,4.93937379492592,-2.1154263,0.14660765,0.19242255,133.8845,82.99939,-3.410857,WAL
2028487259000,240.969871,-0.984813321777958,-9.49805817061092,5.87002087980516,-2.0723603,0.09682214,0.30085114,133.88275,83.109955,-3.5660605,WAL
2028492251000,240.974863,-0.348726955835616,-11.54565144,6.97857984547945,-1.9480493,0.100792766,0.41080686,133.9562,82.8496,-3.6287248,WAL
2028497275000,240.979887,0.398246456986301,-13.7294502666667,8.16494949954338,-1.6945401,0.1872302,0.52870387,134.02156,82.55421,-3.731043,WAL
2028502342000,240.984954,1.47059516150197,-15.4139871128495,9.37359034056728,-1.2666291,0.28924468,0.58123827,134.04333,82.150406,-3.7869408,WAL
2028507294000,240.989906,2.80136820981124,-16.6011515113556,10.5655412891895,-0.68019843,0.31123585,0.5198463,134.05956,81.675285,-3.849494,WAL
2028512391000,240.995003,4.18822777899186,-17.4989485889167,10.8557085497808,0.070554934,0.27855456,0.30726522,134.0602,81.09644,-3.8007033,WAL
2028517309000,240.999921,5.53994469827802,-18.1084495400751,10.3936670177416,0.73853606,0.398895,0.019547688,134.11838,80.441635,-3.728478,WAL
2028522307000,241.004919,6.14165159776777,-18.5178042157501,9.6579229419429,1.1475104,0.6936375,-0.25228736,134.2255,79.71792,-3.443114,WAL
2028527296000,241.009908,6.2835505061506,-18.801602701667,8.76533453765089,1.3096951,1.1096367,-0.3924809,134.41594,78.92118,-3.1531565,WAL
2028532316000,241.014928,5.76817724578509,-18.1916673841154,7.81970137964656,1.2986995,1.4065173,-0.48716503,134.76672,78.28122,-2.633018,WAL
2028537317000,241.019929,4.69317354133658,-16.8199422509649,6.83711840021329,1.146594,1.5464053,-0.49449542,135.19373,77.6399,-2.1535804,WAL
2028542287000,241.024899,3.44724537378695,-15.1698259915533,6.07064919534491,0.9092729,1.5580118,-0.47616947,135.74292,77.177666,-1.665262,WAL
2028547345000,241.029957,2.04247727856405,-13.269525185359,5.45236938659784,0.66645396,1.4871514,-0.44226643,136.30124,76.76111,-1.2169733,WAL
2028552305000,241.034917,0.666576136860477,-11.3460898089159,4.95280872897178,0.4642576,1.3723087,-0.4202753,136.83527,76.44039,-0.9169031,WAL
2028557308000,241.03992,-0.71915252791463,-9.32961561548818,4.58487397862771,0.27000242,1.2470814,-0.42730024,137.34004,76.193115,-0.6266652,WAL
2028562361000,241.044973,-1.88119653854394,-7.65441321538385,4.23525017549097,0.070249505,1.1924089,-0.42210788,137.77116,75.992,-0.55804384,WAL
2028567329000,241.049941,-2.72590850553462,-6.46049100828209,3.91907304547709,-0.17348573,1.0961977,-0.40439278,138.1495,75.86728,-0.48086798,WAL
2028572265000,241.054877,-3.39103554758926,-5.62966769725724,3.60879902558945,-0.2779437,1.0500773,-0.33017266,138.44168,75.70904,-0.6192575,WAL
2028577296000,241.059908,-3.81762038504475,-5.29581836142816,3.29813397671062,-0.5002986,1.0134255,-0.20219639,138.69412,75.65656,-0.7679445,WAL
2028582245000,241.064857,-4.14151592091448,-5.15658185170759,3.09919047160598,-0.7012733,0.98899084,-0.042455133,138.87381,75.59845,-1.0588573,WAL
2028587308000,241.06992,-4.27380826686424,-5.40748096261172,3.11743765888607,-0.86132,0.9437868,0.11759156,139.01901,75.58269,-1.3773702,WAL
2028592260000,241.074872,-4.41506304825581,-5.81701132869601,3.17918773120847,-1.0064005,0.7724391,0.25870144,139.07939,75.61823,-1.7676599,WAL
2028597319000,241.079931,-4.60620353924419,-6.88337363112542,3.41559823620224,-1.1169671,0.505491,0.38056904,139.08652,75.6691,-2.1852238,WAL
2028602268000,241.08488,-4.76194171915555,-8.19237083893291,3.65000913753886,-1.1979067,0.100792766,0.47342056,138.99323,75.73184,-2.6297672,WAL
2028607316000,241.089928,-4.83951658450507,-10.2190155124862,3.89727907146726,-1.2131784,-0.42730024,0.54336464,138.78156,75.78067,-3.0718768,WAL
2028612419000,241.095031,-5.02083759217375,-12.2049590423387,3.89608567767595,-1.1478158,-1.0485502,0.5983425,138.4206,75.799164,-3.5155265,WAL
2028617324000,241.099936,-5.416881415625,-13.97854671875,3.35367799375,-1.0045679,-1.5693128,0.6805039,137.93457,75.77066,-3.9517605,WAL
2028622295000,241.104907,-5.81313891768323,-15.6867291313101,2.71425593019935,-0.80664754,-1.8460348,0.7538077,137.37108,75.72586,-4.348558,WAL
2028627302000,241.109914,-6.1698115173857,-16.6663899221462,1.32561036404344,-0.57696223,-1.7754798,0.80481493,136.76353,75.61253,-4.7406163,WAL
2028632300000,241.114912,-6.45643211883904,-17.5944381901602,0.115764876882577,-0.2883284,-1.3075571,0.8155051,136.2582,75.560524,-5.1564894,WAL
2028637307000,241.119919,-6.05758232324573,-18.0314751665339,0.646150148624016,0.10170906,-0.70921457,0.7788532,135.81955,75.406944,-5.572285,WAL
2028642293000,241.124905,-5.66040535483586,-18.4666791537917,1.17431091652951,0.6762278,-0.37751472,0.66553766,135.52284,75.32709,-5.966922,WAL
2028647345000,241.129957,-3.97461265950313,-17.5608066707736,1.646336486225,1.2620476,-0.49846604,0.43493605,135.28282,75.14991,-6.313948,WAL
2028652246000,241.134858,-2.08807466930923,-16.4184559325389,2.09190078938598,1.4596626,-0.8222246,0.076358154,135.10008,74.95278,-6.5878634,WAL
2028657318000,241.13993,-0.682253761760622,-13.750390026937,0.860678649930575,1.1737776,-1.0952814,-0.2938262,134.92899,74.74364,-6.7218757,WAL
2028662369000,241.144981,0.616275440683144,-10.817505346015,-0.679645658280107,0.57971114,-1.0882565,-0.46822822,134.7601,74.59176,-6.8012643,WAL
2028667336000,241.149948,1.10519319938387,-8.48092751232263,-1.75721349583644,0.24007004,-0.86193085,-0.5128214,134.65189,74.48672,-6.6289206,WAL
2028672275000,241.154887,1.25973903710792,-6.38793570784167,-2.64474796894137,-0.42760566,-0.700357,-0.6224717,134.54779,74.6461,-6.395869,WAL
2028677304000,241.159916,1.18183479507414,-4.68206245741929,-2.8669418264276,-0.977079,-0.768163,-0.61758476,134.48964,75.01482,-6.0548263,WAL
2028682320000,241.164932,0.909039279011463,-3.33324043440951,-2.5234216809654,-1.385137,-0.9633345,-0.516792,134.4448,75.515274,-5.7192507,WAL
2028687307000,241.169919,0.402637568879068,-2.55180544985938,-2.16691709176376,-1.6636915,-1.2281445,-0.4196644,134.33223,76.19014,-5.369373,WAL
2028692299000,241.174911,-0.231209291514665,-2.07161842149458,-1.80197491611089,-1.8842138,-1.5045611,-0.35308012,134.15562,76.948364,-5.0291348,WAL
2028697352000,241.179964,-0.762306987449098,-1.74195839037231,-2.00977563745395,-2.087632,-1.7467692,-0.28069258,133.8604,77.674355,-4.7606955,WAL
2028702313000,241.184925,-1.22755469006399,-1.49781846067481,-2.50726817101028,-2.261423,-1.9300288,-0.17959438,133.4985,78.44001,-4.5108514,WAL
2028707328000,241.18994,-1.66197612395924,-1.54553486078603,-2.99098032547307,-2.3558018,-2.1062634,-0.05131268,133.01459,79.12756,-4.3785863,WAL
2028712425000,241.195037,-2.07881669778748,-1.79658666838428,-3.46939968282387,-2.381458,-2.341141,0.071776666,132.45763,79.825874,-4.2696,WAL
2028717318000,241.19993,-2.66725480549481,-2.45660532800673,-4.03432986010653,-2.368019,-2.6050348,0.20799962,131.81976,80.5418,-4.2665524,WAL
2028722311000,241.204923,-3.42689311963368,-3.48435117813289,-4.7001304759929,-2.3322835,-2.7403414,0.3585779,131.14555,81.22145,-4.31027,WAL
2028727295000,241.209907,-3.91150837942221,-4.3147847745465,-5.12955704942893,-2.286163,-2.7324002,0.5103779,130.43257,81.87451,-4.4565187,WAL
2028732317000,241.214929,-3.97151711008734,-4.84563172012669,-5.19418198090028,-2.2290473,-2.5867088,0.67073005,129.71649,82.43761,-4.6617823,WAL
2028737280000,241.219892,-4.00555713115075,-5.43635399307979,-5.11454064810821,-2.1618521,-2.3689353,0.8362745,129.02342,82.88703,-5.0350857,WAL
2028742300000,241.224912,-3.98199531189963,-6.18562038653205,-4.70456455028426,-2.0708332,-2.1762075,1.0088439,128.36617,83.150345,-5.4723406,WAL
2028747280000,241.229892,-3.94406713737021,-6.99163131287139,-4.32759023807957,-1.9596558,-2.0271564,1.1902709,127.769104,83.208046,-5.975755,WAL
2028752316000,241.234928,-3.86473535606045,-7.98327945939138,-4.03009595462116,-1.8374827,-1.9141463,1.3811663,127.223206,83.04167,-6.5421414,WAL
2028757326000,241.239938,-3.73280620025151,-8.90646210437626,-3.772963272334,-1.7186694,-1.8551978,1.5635096,126.71372,82.66601,-7.152193,WAL
2028762327000,241.244939,-3.49189258450704,-9.69746157042253,-3.59629330422535,-1.6187929,-1.724778,1.6615535,126.26727,82.15189,-7.7950935,WAL
2028767847000,241.250459,-3.21812230624175,-10.5648599323884,-3.41184215547143,-1.5803084,-1.5091426,1.9449949,125.88859,81.48778,-8.50745,WAL
2028772307000,241.254919,-2.84961884061977,-11.1589775571793,-3.46072523179857,-1.5079209,-1.4165965,2.0405953,125.52343,99.1914,-9.186859,WAL
2028777295000,241.259907,-2.43748985261026,-11.8234301832908,-3.51539536290166,-1.5045611,-1.2003502,2.234545,125.30196,99.916725,-9.883454,WAL
2028782321000,241.264933,-1.97023687725628,-12.5720943427136,-3.50810070158794,-1.4944818,-0.9663888,2.3942864,125.122475,100.663185,-10.583281,WAL
2028787331000,241.269943,-1.47838372740704,-13.3580953678392,-3.46952400369849,-1.491733,-0.7293731,2.4825563,125.01667,101.44298,-11.301616,WAL
2028792288000,241.2749,-1.01561668496124,-13.9412326434109,-3.4239682703876,-1.4984524,-0.53878313,2.460565,125.022865,102.11133,-11.89713,WAL
2028797332000,241.279944,-0.55627834726615,-14.4405130485788,-3.37404028200517,-1.5647314,-0.38881573,2.3386977,125.0919,102.772095,-12.471052,WAL
2028802312000,241.284924,-0.00478380151140501,-14.4029169157562,-3.37507642036611,-1.625207,-0.2733622,2.1551325,125.25907,103.26278,-12.872624,WAL
2028807363000,241.289975,0.588629438355377,-14.1803868182864,-3.39362052254169,-1.6450601,-0.11636983,1.9651535,125.480774,103.71507,-13.223886,WAL
2028812318000,241.29493,1.07760584044413,-13.6854615424627,-3.17974989820946,-1.63437,0.054367006,1.7672331,125.77528,103.99994,-13.403673,WAL
2028817330000,241.299942,1.52413008435331,-13.0420825783735,-2.84365641848555,-1.6187929,0.14294247,1.5164729,126.083176,104.22385,-13.510931,WAL
2028822312000,241.304924,1.92435086083086,-12.2271607491592,-2.49650590041543,-1.6279559,0.04153884,1.221425,126.41484,104.28515,-13.444526,WAL
2028827291000,241.309903,2.30166376543027,-11.3216096796241,-2.14277498771513,-1.6523905,-0.23396139,0.9651671,126.710396,104.30464,-13.327187,WAL
2028832326000,241.314938,2.50223259693082,-10.3741064499161,-1.92391647324583,-1.6523905,-0.6249151,0.75777835,126.95908,104.16941,-13.082674,WAL
2028837310000,241.319922,2.59644131292806,-9.41788869327938,-1.78731395063653,-1.63437,-1.1053606,0.5494733,127.091194,103.98971,-12.790486,WAL
2028842329000,241.324941,2.3743958300448,-8.65567467278047,-1.96323132939563,-1.6297885,-1.67316,0.32345316,127.054955,103.77099,-12.460561,WAL
2028847298000,241.32991,1.9523464072049,-8.02912752469599,-2.3374193823992,-1.675298,-2.1493294,0.06658431,126.90433,103.51745,-12.0898285,WAL
2028852313000,241.334925,1.4972297706342,-7.53456362616972,-2.89535899187456,-1.7284433,-2.4431555,-0.16401732,126.6387,103.24847,-11.706697,WAL
2028857368000,241.33998,0.997649757559363,-7.22899508033263,-3.71020787344955,-1.785559,-2.5442538,-0.31398472,126.29854,102.96457,-11.29782,WAL
2028862299000,241.344911,0.490881535089643,-7.12823261792871,-4.48254124283906,-1.8011361,-2.6093109,-0.36071593,125.86651,102.828674,-10.986436,WAL
2028867315000,241.349927,-0.0511968337270619,-7.29541565458764,-5.2373980883147,-1.7913623,-2.5130997,-0.4251622,125.46186,102.67895,-10.63968,WAL
2028872309000,241.354921,-0.518720195190847,-7.49872983383066,-5.58362625638444,-1.7638733,-2.2592852,-0.45937067,125.00108,102.776566,-10.390173,WAL
2028877293000,241.359905,-0.920663841828833,-7.73465337023341,-5.56615055038902,-1.6969837,-1.9642372,-0.4633413,124.58393,102.8864,-10.134276,WAL
2028882316000,241.364928,-1.30639366809339,-7.96048149053178,-5.3345505793342,-1.6328428,-1.7476854,-0.43157628,124.205475,103.1565,-9.945607,WAL
2028887308000,241.36992,-1.65259955136187,-8.1620041924773,-4.69381130047557,-1.6502525,-1.5460999,-0.344528,123.90926,103.4706,-9.768628,WAL
2028892298000,241.37491,-1.98870721571669,-8.41969685429221,-4.11731371407685,-1.6652187,-1.2959507,-0.24404067,123.6682,103.83814,-9.664598,WAL
2028897299000,241.379911,-2.31515775405512,-8.73668506391386,-3.60634761755408,-1.6969837,-0.9950995,-0.14844026,123.503,104.24502,-9.577358,WAL
2028902264000,241.384876,-2.59873794352975,-8.99218955142775,-3.0608083130169,-1.7311921,-0.6713409,-0.06078109,123.387054,104.64954,-9.583776,WAL
2028907357000,241.389969,-2.84095773552669,-9.18317048514946,-2.45525888166364,-1.752267,-0.32345316,0.041233405,123.37189,105.07925,-9.604486,WAL
2028912317000,241.394929,-2.9448058578388,-9.24623270770594,-1.66937721583998,-1.7962493,-0.07360926,0.16707164,123.40612,105.49489,-9.715959,WAL
2028917322000,241.399934,-2.82923335916741,-9.10471548302333,-0.549031707696093,-1.8393153,0.08032878,0.30390546,123.52026,105.92737,-9.8404,WAL
2028922250000,241.404862,-2.71543889893711,-8.96537544641275,0.554077715707116,-1.8414533,0.043066,0.46120325,123.64441,106.31629,-10.0702095,WAL
2028927306000,241.409918,-2.5986887384411,-8.82241618807204,1.68583933192599,-1.7269161,-0.2098322,0.5864306,123.75609,106.69498,-10.323461,WAL
2028932255000,241.414867,-2.44810377769223,-8.69133403211427,2.58658378571573,-1.4944818,-0.5513059,0.6768387,123.83382,107.07282,-10.620796,WAL
2028937317000,241.419929,-2.20745826690305,-8.57837825336845,3.01385232894337,-1.1829406,-0.86620694,0.7272351,123.8512,107.40976,-10.944573,WAL
2028942274000,241.424886,-1.95206042910654,-8.48411141757264,3.0934864149832,-0.84757555,-1.0677924,0.7538077,123.69945,107.460335,-11.348656,WAL
2028947370000,241.429982,-1.64818476047638,-8.42140664350662,2.4664412933386,-0.54458636,-1.1636983,0.7666359,123.47637,107.46759,-11.762657,WAL
2028952259000,241.434871,-1.31982354252825,-8.39774517957304,1.60567248112181,-0.2874121,-1.1404854,0.75991637,123.15947,107.426025,-12.165288,WAL
2028957365000,241.439977,-0.889985629694433,-8.45915054683968,0.0950994204604438,-0.13103059,-1.0968086,0.7519751,122.809875,107.36277,-12.564379,WAL
2028962327000,241.444939,-0.472270055177899,-8.51882415286731,-1.37287228478861,-0.06536258,-0.98746365,0.73945236,122.50799,107.33749,-12.885962,WAL
2028967319000,241.449931,-0.430708284617095,-8.66090572312993,-1.9658213128265,-0.0729984,-0.8597928,0.70280045,122.21539,107.300224,-13.186625,WAL
2028972286000,241.454898,-0.432843874667473,-8.80297333494559,-2.44221309818622,-0.13133603,-0.7626653,0.6582073,121.93798,107.266464,-13.469184,WAL
2028977310000,241.459922,-0.531300316256162,-8.90142943540136,-2.60779896978886,-0.2687807,-0.7199047,0.6001751,121.86635,107.31361,-13.59315,WAL
2028982666000,241.465278,-0.638466354641038,-9.00186132002629,-2.77407543829473,-0.4746423,-0.70524395,0.54428095,121.85466,107.40736,-13.684436,WAL
2028987304000,241.469916,-0.777110579337933,-8.99456448956793,-2.70475333928043,-0.68691796,-0.6979135,0.516792,121.851875,107.517845,-13.762826,WAL
2028992258000,241.47487,-0.925201025467389,-8.98677050550353,-2.63070813045835,-0.8897252,-0.67073005,0.5119051,121.86885,107.6706,-13.833972,WAL
2028997308000,241.47992,-1.04959237174868,-8.9943300806239,-2.3752543021529,-1.0534371,-0.6160576,0.50335294,121.89593,107.84313,-13.892053,WAL
2029002317000,241.484929,-1.14970601790422,-9.01540650450352,-1.96426156061072,-1.1881329,-0.6044512,0.5012149,121.92063,108.042534,-13.948966,WAL
2029007379000,241.489991,-1.21060687308411,-9.01808597448598,-1.60337673135514,-1.2690725,-0.61758476,0.514654,121.9066,108.30152,-14.043799,WAL
2029012321000,241.494933,-1.25483915869159,-9.0136626535514,-1.27163435836449,-1.3384057,-0.68661255,0.5323691,121.88333,108.57602,-14.138222,WAL
2029017314000,241.499926,-1.30404215198642,-9.04761570992214,-0.994970772968656,-1.3698653,-0.7837401,0.5540548,121.80463,108.83807,-14.262842,WAL
2029022306000,241.504918,-1.35653578760232,-9.10965344360152,-0.761135337552406,-1.3805555,-0.883922,0.57604593,121.7092,109.10488,-14.393087,WAL
2029027297000,241.509909,-1.45339651967935,-9.26207323263125,-0.609336021392644,-1.3384057,-0.95111716,0.59681535,121.52673,109.37251,-14.556009,WAL
2029032295000,241.514907,-1.58380488245835,-9.4827645498271,-0.519053302656397,-1.2928963,-0.9954049,0.6081163,121.32568,109.63559,-14.723624,WAL
2029037308000,241.51992,-1.70297754644542,-9.72354826229784,-0.520525913959737,-1.2311989,-1.0161743,0.62125,121.07815,109.886086,-14.921659,WAL
2029042296000,241.524908,-1.81564055122978,-9.97301632631402,-0.568810060667958,-1.1618657,-1.0067059,0.625526,120.8289,110.11875,-15.116977,WAL
2029047313000,241.529925,-1.93803413406961,-10.2675995660419,-0.635870492610442,-1.0821478,-0.979217,0.634689,120.554924,110.34164,-15.334333,WAL
2029052325000,241.534937,-2.08260936686747,-10.6691975281124,-0.74831783253012,-0.9966267,-0.93828905,0.643852,120.28956,110.54379,-15.546355,WAL
2029057403000,241.540015,-2.16887193991433,-10.9471727714422,-0.816193719737268,-0.9053023,-0.93645644,0.65576386,120.01281,110.74006,-15.771971,WAL
2029062318000,241.54493,-2.19575626471204,-11.0950363706806,-0.838597342450262,-0.8127562,-0.94134337,0.66920286,119.74812,110.916,-15.992595,WAL
2029067340000,241.549952,-2.18295689911314,-11.2546171561408,-0.922965504631372,-0.7666359,-0.98624194,0.6814202,119.46527,111.097466,-16.223307,WAL
2029072357000,241.554969,-2.10978690013437,-11.4267820975544,-1.09943424374272,-0.6618725,-1.0699304,0.6908886,119.17182,111.24816,-16.45362,WAL
2029077317000,241.559929,-2.00781606111524,-11.6078022297398,-1.30286347164808,-0.5335908,-1.1404854,0.70616025,118.86435,111.392784,-16.68774,WAL
2029082466000,241.565078,-1.74710541060719,-11.8522183050805,-1.66541428115655,-0.34513888,-1.1417072,0.7101309,118.55399,111.50346,-16.915789,WAL
2029087410000,241.570022,-1.49677457819083,-12.086903307311,-2.01353065369682,-0.10751228,-1.0687088,0.69913524,118.26705,111.592896,-17.12162,WAL
2029092348000,241.57496,-1.04232130668413,-12.089143373199,-2.24559768435264,0.16279559,-0.9465357,0.68233645,117.99531,111.64173,-17.317827,WAL
2029097352000,241.579964,-0.516020542182368,-12.0167167124433,-2.44356394083627,0.3811799,-0.77579886,0.63804877,117.757416,111.65014,-17.489666,WAL
2029102235000,241.584847,0.0968441098561077,-11.6879134810695,-2.3304311812736,0.47891834,-0.5693264,0.56291234,117.625984,111.62305,-17.571606,WAL
2029107236000,241.589848,0.756670374672926,-11.2675794055516,-2.1153766982141,0.42821655,-0.35918877,0.45142943,117.540306,111.56762,-17.618143,WAL
2029112261000,241.594873,1.18044891086513,-11.0901962997721,-2.02001719427212,0.23884831,-0.14569137,0.30909783,117.55888,111.47382,-17.550798,WAL
2029117229000,241.599841,1.53406281096621,-10.9817549670994,-1.9587241558022,0.012217305,0.06627888,0.14966199,117.62878,111.367294,-17.437183,WAL
2029122227000,241.604839,1.31621293252679,-11.3648168821352,-1.76984351992987,-0.15485434,0.20799962,0.005497787,117.73954,111.20698,-17.220278,WAL
2029127242000,241.609854,0.918555312411845,-11.9028241378823,-1.54060555441262,-0.2556471,0.26328292,-0.08979719,117.877655,111.051605,-16.96945,WAL
2029132242000,241.614854,0.378985683276194,-11.863491610711,-1.243070272624,-0.2910773,0.24862215,-0.15424347,118.04105,110.86009,-16.64493,WAL
2029137250000,241.619862,-0.219367058153971,-11.591071192413,-0.917138315224668,-0.2950479,0.12950343,-0.21624629,118.181625,110.66619,-16.303972,WAL
2029142244000,241.624856,-0.683618441469548,-11.3919710557957,-0.805305961493124,-0.2742785,-0.031154128,-0.25900686,118.236336,110.47677,-16.014662,WAL
2029147245000,241.629857,-1.10233470235756,-11.2178974464637,-0.76766852391945,-0.24373524,-0.18112154,-0.29138273,118.25482,110.28115,-15.724882,WAL
2029152248000,241.63486,-1.26660810354018,-11.441799610178,-0.671616043107714,-0.19058995,-0.22327125,-0.31215215,118.184456,110.11635,-15.538393,WAL
2029157244000,241.639856,-1.32435212578699,-11.8315720241376,-0.551316021045962,-0.14782938,-0.22296582,-0.31123585,118.08287,109.94947,-15.360424,WAL
2029162265000,241.644877,-1.14261987486037,-12.4444431002179,-0.301933996961775,-0.0421497,-0.18020524,-0.30726522,117.948875,109.820786,-15.26136,WAL
2029167249000,241.649861,-0.868467877165775,-13.1392767647059,-0.00414823946524065,0.06536258,-0.13347405,-0.29749137,117.81754,109.688255,-15.1667185,WAL
2029172228000,241.65484,-0.595372232977307,-13.8046455632971,0.441134826267817,0.172264,-0.095294975,-0.31398472,117.671776,109.519684,-15.070749,WAL
2029177333000,241.659945,-0.315714918728432,-14.4739889021005,0.963773103105776,0.2779437,-0.041233405,-0.3567453,117.54445,109.33238,-14.968644,WAL
2029182345000,241.664957,-0.0530935626384365,-15.0642465684039,1.36866455570033,0.39614612,-0.056199603,-0.43768495,117.37515,109.03772,-14.8036785,WAL
2029187348000,241.66996,0.200516350012215,-15.6056064094055,1.69543114140879,0.5152648,-0.12217305,-0.5458081,117.204704,108.716064,-14.622693,WAL
2029192290000,241.674902,0.354984533060669,-15.8878988957105,1.83279863635622,0.68019843,-0.18997909,-0.6365216,116.9718,108.26741,-14.38712,WAL
2029197398000,241.68001,0.452581621095493,-16.0165494367462,1.85497978009431,0.8622363,-0.25289822,-0.7315111,116.71939,107.78323,-14.129064,WAL
2029202339000,241.684951,0.454185120801989,-15.9032532876135,1.83331050139429,1.0644327,-0.29626966,-0.8206975,116.420746,107.199615,-13.816388,WAL
2029207410000,241.690022,0.322959490674449,-15.4465886906615,1.74932609241245,1.2568552,-0.35155296,-0.9236283,116.10151,106.58157,-13.48419,WAL
2029212407000,241.695019,0.186424601372789,-14.847223742318,1.62707398105918,1.4398094,-0.45478916,-1.0375546,115.760445,105.915016,-13.119881,WAL
2029217367000,241.699979,0.0456253817857919,-14.1432271886177,1.47688811167869,1.611768,-0.5412266,-1.1453724,115.41128,105.22009,-12.737471,WAL
2029222340000,241.704952,-0.151088023738908,-13.4357451040956,1.32472072295222,1.7831156,-0.593761,-1.2461652,115.046974,104.52545,-12.358677,WAL
2029227328000,241.70994,-0.395639802177285,-12.7247337935154,1.17074374490899,1.9914207,-0.6056729,-1.319469,114.6737,103.80721,-11.965745,WAL
2029232343000,241.714955,-0.708951907778469,-12.0919674774943,1.04381237456544,2.2476788,-0.57696223,-1.3658947,114.31595,103.11342,-11.592256,WAL
2029237344000,241.719956,-1.11129402781581,-11.5704127621863,0.954403011099357,2.5378397,-0.5317582,-1.4223998,113.96379,102.40045,-11.201106,WAL
2029242323000,241.724935,-1.55698191975908,-11.2917213703128,0.845090400097144,2.833193,-0.48716503,-1.4746287,113.63113,101.74511,-10.854216,WAL
2029247398000,241.73001,-2.05745234962114,-11.2539497436371,0.712890613862444,3.0980031,-0.42424592,-1.5244142,113.32231,101.09656,-10.495708,WAL
2029252334000,241.734946,-2.57867785139878,-11.4618588647348,0.474674630935526,3.3124168,-0.38637227,-1.5812247,113.018425,100.54626,-10.198014,WAL
2029257414000,241.740026,-3.15918233350045,-11.9887037138273,0.0892977318680437,3.438255,-0.28985557,-1.6108516,112.756256,100.050865,-9.897132,WAL
2029262327000,241.744939,-3.67994369744572,-12.4956569429217,-0.374032699797623,3.45597,-0.15332718,-1.6801848,112.50706,99.701965,-9.664997,WAL
2029267373000,241.749985,-4.16418634189017,-13.0131319514687,-0.962719870395913,3.4510832,0.026572637,-1.736079,112.305046,80.56746,-9.43236,WAL
2029272265000,241.754877,-4.60575461361119,-13.4554557918974,-1.54562015499854,3.3600643,0.18325958,-1.7638733,112.1424,80.66902,-9.29401,WAL
2029277347000,241.759959,-5.02185315187992,-13.8242698577674,-2.16976766616147,3.1878002,0.29871312,-1.7406605,112.024506,80.713135,-9.156874,WAL
2029282241000,241.764853,-5.43544602521919,-14.1089580207861,-2.78780346507733,2.9712486,0.37812558,-1.7192802,111.96068,80.64723,-9.1196,WAL
2029287348000,241.76996,-5.89316750344794,-14.2631385067481,-3.46715873155354,2.7406468,0.4428773,-1.6786577,111.92833,80.56387,-9.090395,WAL
2029292254000,241.774866,-6.29842497530317,-14.3911286328502,-3.94139180612245,2.518292,0.5357288,-1.6050484,111.98137,80.4608,-9.110437,WAL
2029297363000,241.779975,-6.64091550174505,-14.4779569516908,-4.02339646938776,2.3258693,0.58001655,-1.5293012,112.040085,80.365974,-9.134368,WAL
2029302246000,241.784858,-6.93117651304391,-14.6044141647914,-4.01682900403266,2.2110267,0.5143485,-1.4679092,112.1677,80.27021,-9.192577,WAL
2029307321000,241.789933,-7.13443215802051,-14.8512245078164,-3.78453696106741,2.164601,0.38759398,-1.4587462,112.28917,80.18907,-9.245735,WAL
2029312372000,241.794984,-7.26321745909667,-14.9527571094316,-3.70970462416727,2.1820107,0.33078352,-1.5803084,112.46426,80.15398,-9.23615,WAL
2029317412000,241.800024,-7.21079128603367,-14.69936344542,-4.01989335841781,2.0937407,0.35033122,-1.7376062,112.62116,80.14553,-9.21206,WAL
2029322325000,241.804937,-7.12876991638273,-14.442397524168,-4.29586580305071,1.981036,0.6429357,-1.8148806,112.846695,80.1332,-9.179492,WAL
2029327337000,241.809949,-6.64859008353804,-14.0525487151347,-4.23881488617274,1.7864754,1.0375546,-1.8506162,113.10346,80.17138,-9.113152,WAL
2029332280000,241.814892,-6.16491605685131,-13.6575962294159,-4.16761742881271,1.6032158,1.2800682,-1.8304577,113.44879,80.2675,-8.995616,WAL
2029337320000,241.819932,-5.4516091180758,-13.0267804658691,-3.76971806779934,1.5683966,1.4312572,-1.7696766,113.8718,80.367325,-8.884933,WAL
2029342388000,241.825,-4.72903013404255,-12.3906735055913,-3.38057867042058,1.6560557,1.5140295,-1.6569719,114.338875,80.49086,-8.752416,WAL
2029347326000,241.829938,-3.96152835106383,-11.7495285700148,-3.13254461632855,1.7986927,1.6453656,-1.541213,114.85281,80.59502,-8.642339,WAL
2029352490000,241.835102,-3.16554960180694,-11.0973855676877,-2.8483555955358,1.9483547,1.8069394,-1.421178,115.34329,80.69082,-8.519106,WAL
2029357318000,241.83993,-2.49985377469321,-10.7042228996038,-2.28988587428737,2.0851886,1.8891008,-1.3750577,115.8408,80.76045,-8.410171,WAL
2029362658000,241.84527,-1.77261821006819,-10.2799988801495,-1.67773577470341,2.1386392,1.9401081,-1.3005321,116.34695,80.8309,-8.280265,WAL
2029367339000,241.849951,-1.34128793950864,-10.1501810416628,-1.26734386857543,2.200642,1.856114,-1.2910637,116.83091,80.88647,-8.146786,WAL
2029372310000,241.854922,-0.883235648341896,-10.0123206539,-0.831527127417095,2.1988094,1.711339,-1.248914,117.27935,80.94708,-7.956922,WAL
2029377365000,241.859977,-0.495738609548237,-10.0003325208394,-0.873800582541533,2.193617,1.6899587,-1.1936307,117.73154,80.984726,-7.7805305,WAL
2029382256000,241.864868,-0.136234795534052,-10.0139848399883,-1.01032106552026,2.2079725,1.8002199,-1.1566733,118.17342,81.00501,-7.61681,WAL
2029387346000,241.869958,0.113207513074555,-10.0922662469061,-0.860302538605494,2.2162192,1.8707749,-1.1215485,118.5837,81.014694,-7.405057,WAL
2029392266000,241.874878,0.317057925051615,-10.1870803247812,-0.628007849803803,2.2220223,1.8438967,-1.1087204,118.99063,81.005455,-7.204968,WAL
2029397378000,241.87999,0.420602070692834,-10.1446346791555,-0.589723983550401,2.1679606,1.813048,-1.0986412,119.436905,81.024155,-6.968307,WAL
2029402248000,241.88486,0.489943494976707,-10.0660475823174,-0.608215039036574,2.0760255,1.8261817,-1.072374,119.88116,81.03057,-6.747927,WAL
2029407342000,241.889954,0.435203119664054,-9.53605066890631,-1.04022926218738,1.9706513,1.8445076,-1.0005972,120.3236,81.01861,-6.504699,WAL
2029412342000,241.894954,0.341365437693169,-8.87471854871221,-1.59431850257559,1.9013181,1.8594738,-0.9230174,120.762184,80.998985,-6.2787905,WAL
2029417414000,241.900026,0.149483419910186,-8.3461490837722,-2.0798541304552,1.8454239,1.858252,-0.84696466,121.20142,80.97799,-6.0596266,WAL
2029422333000,241.904945,-0.0909141747479078,-7.91343341941212,-2.50776184633599,1.788308,1.9168952,-0.7959574,121.65504,80.9555,-5.8640327,WAL
2029427351000,241.909963,-0.401251917702227,-7.5598674267585,-2.79072418156506,1.7708983,1.9801197,-0.7244862,122.15553,80.94133,-5.700119,WAL
2029432353000,241.914965,-0.742882692786245,-7.25099583256155,-2.99663862656311,1.7910569,1.9758437,-0.6774496,122.6468,80.92736,-5.5463824,WAL
2029437326000,241.919938,-1.07045983887531,-6.98097135531785,-3.09224324174817,1.7708983,1.9404135,-0.6588182,123.19718,80.92231,-5.4184146,WAL
2029442328000,241.92494,-1.39254726128769,-6.73208552253464,-3.12152394894051,1.7201965,1.8832976,-0.67073005,123.73214,80.9219,-5.2945294,WAL
2029447369000,241.929981,-1.66350961780463,-6.50874617278953,-3.15400902378651,1.6536123,1.8267925,-0.6988298,124.34546,80.8794,-5.1862917,WAL
2029452334000,241.934946,-1.90292981780463,-6.30284487278953,-3.18752782378651,1.563815,1.8106046,-0.72143185,124.9474,80.85956,-5.076497,WAL
2029457350000,241.939962,-2.08915970170512,-6.05333157901705,-3.1242444820662,1.520749,1.7776178,-0.7620544,125.56291,80.81012,-4.9819775,WAL
2029462452000,241.945064,-2.25088568154463,-5.77888727181545,-3.01152630822467,1.434617,1.7525724,-0.8014552,126.17129,80.79958,-4.8822875,WAL
2029467374000,241.949986,-2.41223596522472,-5.53562529219169,-3.02065639193372,1.3481796,1.7519615,-0.8417723,126.78758,80.786575,-4.801971,WAL
2029472346000,241.954958,-2.57758542667923,-5.29941212818732,-3.08207191323544,1.2748758,1.7281377,-0.850019,127.385506,80.79636,-4.7192283,WAL
2029477352000,241.959964,-2.65232502702146,-5.01674319582476,-2.95326089323728,1.1969905,1.7873917,-0.86101454,128.00356,80.8046,-4.6514835,WAL
2029482354000,241.964966,-2.68049501833774,-4.71156726854847,-2.72790037440949,1.142318,1.8170186,-0.874759,128.60242,80.83061,-4.580152,WAL
2029487323000,241.969935,-2.68818228966616,-4.42719290461297,-2.3517072494485,1.0852021,1.8487836,-0.8875872,129.22853,80.86628,-4.534079,WAL
2029492290000,241.974902,-2.68351853501152,-4.15436311122114,-1.88299956576793,1.003957,1.8585575,-0.8915578,129.85281,80.92639,-4.4882474,WAL
2029497437000,241.980049,-2.6786857697191,-3.87164619022501,-1.39730630063729,0.8875872,1.8646661,-0.90102625,130.46992,80.97447,-4.4478846,WAL
2029502334000,241.984946,-2.6740877414236,-3.60266139090151,-0.935204120853963,0.7351763,1.8628336,-0.8940013,131.08324,81.05386,-4.412441,WAL
2029507351000,241.989963,-2.67711895991427,-3.40631763696541,-0.534020344879474,0.5919284,1.8399261,-0.8680395,131.7194,81.13512,-4.3773303,WAL
2029512431000,241.995043,-2.68681891884159,-3.2753680901605,-0.189671563418004,0.4529566,1.8035797,-0.84299403,132.34703,81.255066,-4.3442726,WAL
2029517423000,242.000035,-2.69370605099285,-3.1705866547359,0.105977180877581,0.3032946,1.777007,-0.8164214,132.90953,81.261536,-4.3271523,WAL
2029522341000,242.004953,-2.69838225258141,-3.08641497731334,0.363168452331712,0.16829337,1.7479908,-0.77640975,133.45631,81.294464,-4.32135,WAL
2029527334000,242.009946,-2.66679492404143,-3.03220906918634,0.500806623287521,0.023518313,1.7137824,-0.7266242,133.97171,81.30564,-4.3288164,WAL
2029532336000,242.014948,-2.60159453568702,-3.00676504111476,0.524660412888823,-0.09590584,1.6633861,-0.6780604,134.46915,81.33868,-4.347001,WAL
2029537338000,242.01995,-2.5363941473326,-2.98132101304319,0.548514202490124,-0.22235495,1.6169603,-0.63621616,134.94177,81.35594,-4.379536,WAL
2029542342000,242.024954,-2.47116768925074,-2.9558668114298,0.572377529792185,-0.3436117,1.5766432,-0.57971114,135.39536,81.3915,-4.429181,WAL
2029547373000,242.029985,-2.40558928984829,-2.93027526700196,0.59636961605451,-0.47616947,1.5515977,-0.5384777,135.84056,81.45111,-4.486705,WAL
2029552323000,242.034935,-2.3410667144076,-2.90509575101749,0.619975425436046,-0.57971114,1.5076154,-0.51068336,136.26309,81.5247,-4.554327,WAL
2029557327000,242.039939,-2.23690869289665,-2.86008525970888,0.650418042417273,-0.63438356,1.4740179,-0.46975538,136.68065,81.60169,-4.6364164,WAL
2029562416000,242.045028,-2.09029764,-2.79387374,0.688253174666667,-0.7480045,1.4187346,-0.42332962,137.07407,81.70817,-4.725028,WAL
2029567397000,242.050009,-1.95698744171962,-2.75068905691025,0.815905999319897,-0.8378017,1.3497068,-0.376293,137.44641,81.81191,-4.787382,WAL
2029572350000,242.054962,-1.83689558351867,-2.73420587418586,1.05373495074464,-0.94806284,1.2794572,-0.33169982,137.79681,81.935005,-4.859076,WAL
2029577304000,242.059916,-1.71677947903098,-2.71771936354249,1.29161191932089,-1.0522153,1.1725558,-0.29657507,138.10843,82.071526,-4.9065905,WAL
2029582334000,242.064946,-1.59482065675139,-2.70097993105639,1.53313819141183,-1.1646146,1.0305296,-0.25411993,138.38426,82.21992,-4.963946,WAL
2029587301000,242.069913,-1.51703505472933,-2.67783602770176,1.7894841844537,-1.2840388,0.84665924,-0.2003638,138.61977,82.37062,-5.0301976,WAL
2029592297000,242.074909,-1.50280373622844,-2.64462961786635,2.07411075260757,-1.3952162,0.659429,-0.16432275,138.80945,82.530174,-5.097849,WAL
2029597309000,242.079921,-1.49216887275603,-2.65849071763543,2.31400212926058,-1.5100589,0.45356745,-0.10934488,138.88046,82.64186,-5.075887,WAL
2029602348000,242.08496,-1.48739846002372,-2.74912855954923,2.48096677413998,-1.6303993,0.258396,-0.05222898,138.89911,82.766174,-5.061214,WAL
2029607281000,242.089893,-1.46585784641614,-2.95775371760612,2.64812383862213,-1.7647897,0.12003502,0.024740042,138.85866,82.836464,-5.0410833,WAL
2029612441000,242.095053,-1.41181870892733,-3.39989205461776,2.82989172529078,-1.8897116,-0.0021380284,0.07574729,138.76796,82.91936,-5.0294065,WAL
2029617245000,242.099857,-1.38223186500346,-3.97716425343346,3.08122332545203,-2.0302107,-0.11301007,0.15057829,138.63701,82.96966,-5.030025,WAL
2029622350000,242.104962,-1.39189287952771,-4.91911367394526,3.51113872397984,-2.144748,-0.1863139,0.23640485,138.48343,83.022675,-5.0519767,WAL
2029627295000,242.109907,-1.36805720794585,-6.08876600706298,3.97637015897587,-2.2058344,-0.22785273,0.3481932,138.30208,83.058846,-5.092263,WAL
2029632342000,242.114954,-1.27322866252698,-7.82887100372768,4.55482478112615,-2.1560488,-0.21624629,0.4709771,138.1165,83.06904,-5.1645675,WAL
2029637295000,242.119907,-1.0995426955396,-9.71179822647141,5.19648301455088,-2.0402899,-0.15821409,0.5384777,137.91377,83.02102,-5.254395,WAL
2029642339000,242.124951,-0.716559731331033,-12.0772813209589,6.03904555274694,-1.8029687,-0.06719518,0.6010914,137.7231,82.913025,-5.381907,WAL
2029647340000,242.129952,-0.228622231487945,-14.2802768650257,7.00443494824977,-1.4117095,0.01282817,0.5897904,137.52931,82.73972,-5.4872966,WAL
2029652346000,242.134958,0.888545664636336,-15.6586014232826,8.72613080802986,-1.1542299,0.13439035,0.5513059,137.37466,82.54582,-5.6069727,WAL
2029657344000,242.139956,2.03752014955041,-16.914746926344,10.2094202203941,-0.49235737,0.11056661,0.3817908,137.19879,82.26003,-5.6202908,WAL
2029662357000,242.144969,3.36011978247561,-17.5668613098336,10.5033314417448,0.2180789,0.12339478,0.04734206,137.07993,81.96099,-5.581893,WAL
2029667446000,242.150058,4.67583015015366,-18.2002176392133,10.6804413859865,0.81031275,0.34300083,-0.32436943,136.98836,81.55589,-5.362543,WAL
2029672348000,242.15496,5.69053019035034,-18.5416578574063,9.71383096004917,1.1866057,0.766025,-0.59803706,136.97978,81.0605,-5.099529,WAL
2029677303000,242.159915,6.50477068415194,-18.7540400194317,8.74946691823064,1.2953397,1.2211196,-0.68539083,137.13011,80.62404,-4.6104493,WAL
2029682348000,242.16496,5.67443802166781,-17.9284246117567,7.86723844278879,1.2266175,1.4798211,-0.6646214,137.36101,80.11233,-4.11804,WAL
2029687355000,242.169967,4.82201074538387,-17.0028716763848,6.99373985072886,1.0571023,1.5528195,-0.6301075,137.80318,79.79358,-3.4831371,WAL
2029692289000,242.174901,3.64185956044704,-14.8170665218659,6.15799102413994,0.8689558,1.5228871,-0.57757306,138.28528,79.44692,-2.9054754,WAL
2029697654000,242.180266,2.35281394751332,-12.4406805480371,5.27727892160189,0.6789767,1.4556919,-0.5122105,138.7679,79.159584,-2.4735065,WAL
2029702341000,242.184953,1.16180323927402,-10.3685873440521,4.82124131118564,0.5186246,1.3784174,-0.47769663,139.23415,78.900116,-2.0659618,WAL
2029707609000,242.190221,-0.157177021098119,-8.06208408330897,4.31872101280327,0.32589662,1.3136657,-0.45356745,139.62361,78.68578,-1.848828,WAL
2029712414000,242.195026,-0.919411690644061,-6.46139124495761,4.0855668502777,0.09560041,1.246776,-0.42088616,139.98543,78.52583,-1.6448092,WAL
2029717868000,242.20048,-1.76979367183619,-4.68446482057067,3.81898623808892,-0.17104226,1.1548407,-0.3436117,140.22441,78.38994,-1.6501524,WAL
2029722344000,242.204956,-2.15176203588966,-4.07900429024552,3.55892261871267,-0.43982297,1.0323622,-0.22327125,140.42781,78.3203,-1.6712817,WAL
2029727322000,242.209934,-2.57656956856574,-3.40563911599204,3.26969189993364,-0.6637051,0.9502009,-0.079107046,140.50732,78.30119,-1.8552535,WAL
2029732340000,242.214952,-3.00741386619931,-3.3884468417793,2.82730630653621,-0.89369583,0.9254609,0.079107046,140.55522,78.34836,-2.0704727,WAL
2029737247000,242.219859,-3.42928306933629,-3.51168955703046,2.36277614827517,-1.1081096,0.88514376,0.24495697,140.5621,78.43745,-2.3191462,WAL
2029742337000,242.224949,-3.56760273246753,-4.20953102461717,2.3495829230471,-1.3023647,0.74067414,0.37965274,140.53621,78.52272,-2.64957,WAL
2029747302000,242.229914,-3.64133620649351,-5.00677389372941,2.43253302117658,-1.46852,0.58093286,0.42394048,140.48575,78.63698,-2.9957166,WAL
2029752344000,242.234956,-3.62451811698721,-6.22408262511328,2.70344935342866,-1.525636,0.17623462,0.4633413,140.34686,78.765945,-3.404627,WAL
2029757281000,242.239893,-3.58166986863357,-7.53333540383647,3.02243105611721,-1.5668694,-0.33567044,0.5128214,140.12752,78.90353,-3.8152575,WAL
2029762448000,242.24506,-4.08982028896484,-10.9645366074219,2.67079750869141,-1.5170839,-0.93859446,0.5375614,139.75734,79.02179,-4.206348,WAL
2029767249000,242.249861,-4.70046890280273,-14.6688391138672,2.17240040071289,-1.38025,-1.4926492,0.5714644,139.25348,79.09147,-4.589998,WAL
2029772344000,242.254956,-5.30178764716298,-16.439498406841,1.07179109130785,-1.183246,-1.8286251,0.6178902,138.61014,79.13287,-4.940897,WAL
2029777262000,242.259874,-5.86564564881288,-17.382420510664,-0.193335910020121,-0.9789116,-1.8545868,0.63804877,137.90509,79.10933,-5.27955,WAL
2029782349000,242.264961,-5.68831788813258,-17.9854692621091,-0.15066679249778,-0.7641924,-1.597718,0.634689,137.28517,79.17179,-5.6186714,WAL
2029787280000,242.269892,-5.26439417061261,-18.446660531025,0.338475930423202,-0.45265114,-1.0708468,0.58001655,136.74776,79.142944,-5.948375,WAL
2029792289000,242.274901,-4.10659620968817,-18.0221169070406,1.1167300109041,-0.005192355,-0.58551437,0.49510628,136.37302,79.15256,-6.293122,WAL
2029797397000,242.280009,-2.63396181321828,-17.2306368650716,2.02333557236713,0.5357288,-0.47342056,0.31673363,136.05414,79.0758,-6.5897927,WAL
2029802344000,242.284956,-1.47542981316903,-15.091491739948,1.56492658527005,0.91599244,-0.6630942,0.047647487,135.79553,78.96555,-6.767947,WAL
2029807331000,242.289943,-0.424509827968794,-12.3352150480096,0.518783588411682,0.9963212,-0.90316427,-0.2773328,135.56776,78.845146,-6.8724155,WAL
2029812380000,242.294992,0.0706467226617187,-9.84149737213867,-0.526331592868164,0.70707655,-0.9596693,-0.4877759,135.33203,78.77701,-6.7806387,WAL
2029817351000,242.299963,0.307748443640625,-7.51697053691406,-1.54912335279297,0.19700404,-0.7965683,-0.5458081,135.10257,78.76976,-6.6466265,WAL
2029822343000,242.304955,0.305080570252282,-5.82100457743202,-1.87912614915088,-0.32559118,-0.61666846,-0.5543602,134.93779,78.97968,-6.374885,WAL
2029827351000,242.309963,0.16854785019731,-4.47450941347796,-1.82262984272112,-0.77824235,-0.6450737,-0.5128214,134.76686,79.284874,-6.108832,WAL
2029832351000,242.314963,-0.18480440631101,-3.52902515417398,-1.77346434008874,-1.1191051,-0.8023715,-0.3933972,134.6551,79.73858,-5.858388,WAL
2029837347000,242.319959,-0.678517405720772,-2.84276410829636,-1.7290301501393,-1.3610078,-1.0778717,-0.28588495,134.50328,80.26542,-5.6145463,WAL
2029842309000,242.324921,-1.15324916842105,-2.43070878421053,-1.93285886015038,-1.5360206,-1.2257011,-0.19364429,134.31706,80.77548,-5.440042,WAL
2029847291000,242.329903,-1.62199523480702,-2.15328760007018,-2.26289440938346,-1.6643023,-1.4914275,-0.14905111,134.019,81.313896,-5.271031,WAL
2029852313000,242.334925,-2.02951256297664,-2.13857314375125,-2.67101045605909,-1.7333301,-1.756543,-0.074830994,133.63705,81.77889,-5.209743,WAL
2029857328000,242.33994,-2.40345540221601,-2.25842658770214,-3.11686528157317,-1.8515326,-2.0094411,0.0027488936,133.1821,82.25781,-5.160121,WAL
2029862317000,242.344929,-2.68983990648855,-2.57806169847328,-3.54842607824427,-1.9126191,-2.225993,0.087659165,132.64444,82.67935,-5.2006392,WAL
2029867320000,242.349932,-2.93367074243492,-3.00007674431396,-3.97513002890977,-1.9825631,-2.4199426,0.18784106,132.03851,83.06771,-5.271267,WAL
2029872311000,242.354923,-3.09772992638302,-3.4878669127238,-4.31582800586401,-2.0066924,-2.5650232,0.29840767,131.3855,83.38208,-5.423518,WAL
2029877291000,242.359903,-3.21285964213438,-4.01554489763629,-4.60365252064977,-1.9999728,-2.6087,0.40866885,130.70505,83.59854,-5.6145744,WAL
2029882317000,242.364929,-3.26512099769475,-4.56205809499205,-4.71479132859698,-1.9834795,-2.5488353,0.52534413,130.02472,83.69529,-5.874384,WAL
2029887311000,242.369923,-3.27937771645469,-5.11331828402226,-4.71954366742846,-1.9578232,-2.4077253,0.6569856,129.3569,83.63597,-6.1822076,WAL
2029892288000,242.3749,-3.31905523111025,-5.7323808755979,-4.49044440373323,-1.9477439,-2.230269,0.79779,128.73375,83.42411,-6.539989,WAL
2029897426000,242.380038,-3.37646026789811,-6.41645687299242,-4.10296068014777,-1.9211712,-2.0916026,0.9379836,128.14528,96.946045,-6.94495,WAL
2029902343000,242.384955,-3.41052723381623,-7.18111606727525,-3.76809055775948,-1.8668042,-1.9883664,1.0827587,127.60992,97.44548,-7.3885546,WAL
2029907318000,242.38993,-3.4294375652312,-8.03680915618178,-3.45606994131772,-1.8002199,-1.8839084,1.2263119,127.12366,98.05755,-7.87632,WAL
2029912307000,242.394919,-3.3226107987871,-8.86891441854847,-3.28791683721526,-1.704314,-1.7507398,1.3686435,126.66755,98.73301,-8.404486,WAL
2029917316000,242.399928,-3.10974617925254,-9.68253017582093,-3.24061347317819,-1.6307048,-1.5855007,1.5088371,126.262245,99.46654,-8.969591,WAL
2029922307000,242.404919,-2.78521406636684,-10.3473556810716,-3.22263098060227,-1.5632042,-1.4025466,1.6453656,125.905594,100.189224,-9.542912,WAL
2029927295000,242.409907,-2.3555349788815,-10.8751139276496,-3.23197182502933,-1.4944818,-1.2260065,1.758681,125.60643,100.93026,-10.137384,WAL
2029932337000,242.414949,-1.83471834032923,-11.3331347598175,-3.29793724581515,-1.4624114,-1.063211,1.881465,125.38994,101.60403,-10.671528,WAL
2029937337000,242.419949,-1.22215976238397,-11.7035190319318,-3.42614718234827,-1.4071281,-0.88300574,1.9953914,125.23988,102.28032,-11.217513,WAL
2029942339000,242.424951,-0.712634903096061,-12.1101998099516,-3.37613868251555,-1.359786,-0.7858781,2.0821342,125.15444,102.8353,-11.642172,WAL
2029947435000,242.430047,-0.317543628016586,-12.5679271686247,-3.11113843151348,-1.3038919,-0.6417139,2.0891593,125.140656,103.37735,-12.05846,WAL
2029952310000,242.434922,-0.000807709015218455,-12.8841285065292,-2.9607687269514,-1.2812898,-0.5580254,2.0668626,125.1875,103.77086,-12.309758,WAL
2029957334000,242.439946,0.244839974346588,-13.0494681738832,-2.94187286362297,-1.2525792,-0.4905248,1.9862283,125.271324,104.13759,-12.538122,WAL
2029962288000,242.4449,0.492130113551393,-13.0921088456292,-2.93583231885687,-1.2525792,-0.3155119,1.8521434,125.40571,104.32216,-12.59618,WAL
2029967347000,242.449959,0.752759087521614,-12.9431783976945,-2.94979452708934,-1.2886202,-0.106901415,1.6606371,125.56352,104.480576,-12.619233,WAL
2029972240000,242.454852,1.01273028368221,-12.7216349869536,-2.8356234165904,-1.3005321,0.0729984,1.4220943,125.74583,104.582146,-12.556169,WAL
2029977343000,242.459955,1.30297435148963,-12.3029221861552,-2.4073944722325,-1.2993103,0.14782938,1.1572843,125.94863,104.646454,-12.439361,WAL
2029982268000,242.46488,1.57426029971061,-11.831645587167,-2.06088094838838,-1.2928963,0.04550946,0.89644474,126.13463,104.67984,-12.24788,WAL
2029987364000,242.469976,1.8275062256661,-11.1352195450554,-1.90990738431294,-1.3041973,-0.17287487,0.6826419,126.299515,104.68327,-12.011959,WAL
2029992280000,242.474892,1.9834018021436,-10.4771996023902,-1.75829375172152,-1.2965615,-0.46303585,0.50610185,126.36406,104.62373,-11.719612,WAL
2029997369000,242.479981,1.86783608102058,-9.83927658237693,-1.58263385754529,-1.2770138,-0.84635377,0.3387248,126.33391,104.539635,-11.401337,WAL
2030002298000,242.48491,1.70622783626689,-9.25204196970937,-1.44675246352845,-1.2776246,-1.3304645,0.16310102,126.17165,104.48149,-11.084639,WAL
2030007346000,242.489958,1.23129978436349,-8.84142756610725,-1.52095997486697,-1.3109168,-1.8115209,-0.02565634,125.89874,104.406296,-10.749694,WAL
2030012415000,242.495027,0.758673875451359,-8.46443314208506,-1.68793467737145,-1.3561208,-2.1700988,-0.20952678,125.50421,104.337326,-10.44157,WAL
2030017336000,242.499948,0.315916593315082,-8.23115194150924,-2.19734363245782,-1.3750577,-2.3448062,-0.33475417,125.02928,104.258644,-10.124485,WAL
2030022313000,242.504925,-0.121330637406982,-8.04549421472002,-2.68400793189173,-1.3423764,-2.3780985,-0.40103304,124.45435,104.26895,-9.892006,WAL
2030027340000,242.509952,-0.522637064441502,-8.05021531558301,-3.06642937719918,-1.2922854,-2.309376,-0.4260785,123.86806,104.273796,-9.65296,WAL
2030032318000,242.51493,-0.907920795913437,-8.0818865491696,-3.41903194330146,-1.2516629,-2.1636846,-0.40469822,123.31478,104.38412,-9.47918,WAL
2030037339000,242.519951,-1.23703903233015,-8.24644597060896,-3.6465107362456,-1.2205088,-1.9633209,-0.3894266,122.80909,104.48644,-9.302389,WAL
2030042313000,242.524925,-1.51814589686205,-8.39600950108546,-3.79468360442076,-1.1795808,-1.8497,-0.3726278,122.32457,104.68988,-9.209772,WAL
2030047390000,242.530002,-1.59970944991119,-8.48716905506217,-3.59317369698046,-1.1582005,-1.643533,-0.32162055,121.935104,104.90039,-9.122065,WAL
2030052303000,242.534915,-1.67822167535703,-8.57278214970121,-3.36328179714373,-1.1551461,-1.4700472,-0.24495697,121.5545,105.1795,-9.096643,WAL
2030057323000,242.539935,-1.75613204484959,-8.64582281920389,-2.93477484120328,-1.1502593,-1.3051136,-0.15363261,121.23934,105.46202,-9.08244,WAL
2030062368000,242.54498,-1.83201225037303,-8.72394588387753,-2.51211135572134,-1.181108,-1.1704178,-0.044593163,120.942696,105.76197,-9.117032,WAL
2030067336000,242.549948,-1.8965492226044,-8.82075112561767,-2.12949925449084,-1.2153164,-1.0213667,0.023823744,120.70579,106.06329,-9.156037,WAL
2030072292000,242.554904,-1.93944615050674,-8.90906378490603,-1.73608013380203,-1.2733486,-0.8875872,0.10140363,120.46625,106.364914,-9.260209,WAL
2030077353000,242.559965,-1.81068082513037,-8.93290919708748,-1.24009519690052,-1.3359623,-0.8173377,0.16920967,120.26087,106.674515,-9.372736,WAL
2030082295000,242.564907,-1.68071536631016,-8.94788112269756,-0.761575223337493,-1.3778065,-0.7996226,0.2284636,120.03425,106.97372,-9.532211,WAL
2030087344000,242.569956,-1.49875606631016,-8.86647862269756,-0.340195722337493,-1.4001031,-0.82558435,0.27763826,119.823975,107.28043,-9.701111,WAL
2030092367000,242.574979,-1.32173809182895,-8.78311958430375,0.0548752232324102,-1.3888022,-0.9138544,0.3191771,119.55608,107.54853,-9.894742,WAL
2030097378000,242.57999,-1.1949435608768,-8.67041351981603,0.148797097939133,-1.3017539,-1.0009027,0.35369098,119.28809,107.799515,-10.096461,WAL
2030102587000,242.585199,-1.06448976961117,-8.55287728237071,0.222856895368063,-1.1963795,-1.0580186,0.39003745,118.97484,107.99517,-10.299723,WAL
2030107331000,242.589943,-0.961585174518686,-8.44139686409966,0.0127600443148358,-1.0482447,-1.0497719,0.42424592,118.66023,108.157715,-10.50902,WAL
2030112338000,242.59495,-0.852975708323896,-8.32373614439411,-0.208984250209513,-0.8866709,-1.0048733,0.45020768,118.3147,108.31189,-10.722599,WAL
2030117343000,242.599955,-0.776982528438699,-8.20742581034134,-0.506104549715209,-0.7415904,-0.95203346,0.47250426,117.9775,108.43441,-10.938902,WAL
2030122312000,242.604924,-0.704895345556453,-8.09208649838416,-0.808870727856999,-0.65118235,-0.8857546,0.5018258,117.66015,108.532974,-11.155219,WAL
2030127344000,242.609956,-0.752558566577653,-8.00264744897099,-1.26970419488003,-0.5925393,-0.8304713,0.52595496,117.38886,108.627464,-11.343586,WAL
2030132273000,242.614885,-0.809425232789881,-7.91734739522136,-1.73411535671117,-0.6001751,-0.77671516,0.5290093,117.13714,108.713974,-11.52513,WAL
2030137341000,242.619953,-0.937218218887961,-7.88057826294874,-1.85010263771915,-0.64904433,-0.75747293,0.548557,116.91312,108.853325,-11.698081,WAL
2030142280000,242.624892,-1.06753171754884,-7.84898713574887,-1.93302942908666,-0.75655663,-0.74464476,0.5448918,116.70223,108.99901,-11.85823,WAL
2030147347000,242.629959,-1.23874313181265,-7.87386789314583,-1.98140218990145,-0.81489426,-0.7305948,0.5546656,116.53496,109.21227,-12.01086,WAL
2030152385000,242.634997,-1.44175740562507,-7.94866247292659,-1.9974296237626,-0.95172805,-0.7348709,0.5748242,116.3697,109.46095,-12.162216,WAL
2030157300000,242.639912,-1.5859773350177,-8.07012018206842,-1.95725845219229,-1.0965031,-0.72326446,0.59681535,116.20676,109.758705,-12.340524,WAL
2030162338000,242.64495,-1.71404406765631,-8.2124164416044,-1.89559669019858,-1.2443326,-0.7257079,0.6230826,116.04479,110.08211,-12.5221,WAL
2030167332000,242.649944,-1.80254467550979,-8.37109094066698,-1.797526077092,-1.3570372,-0.7247916,0.6588182,115.86716,110.44849,-12.732611,WAL
2030172348000,242.65496,-1.87461860559231,-8.53817166684853,-1.68286308114301,-1.4450017,-0.7415904,0.70738196,115.692474,110.83639,-12.949329,WAL
2030177353000,242.659965,-1.94653447881061,-8.7048859879288,-1.56845153913251,-1.5018122,-0.7528914,0.7476991,115.49518,111.23793,-13.183585,WAL
2030182353000,242.664965,-2.01807415672933,-8.88617949268875,-1.37372456078782,-1.5436565,-0.7846564,0.78038037,115.29665,111.648384,-13.42499,WAL
2030187344000,242.669956,-2.08939297998607,-9.0716080756988,-1.15501360871382,-1.5515977,-0.82924956,0.81183994,115.10035,112.056206,-13.6719055,WAL
2030192286000,242.674898,-2.15270640546426,-9.24749905503861,-0.932192448030093,-1.5705346,-0.8854492,0.8524625,114.85293,112.46239,-13.950808,WAL
2030197425000,242.680037,-2.21604012924173,-9.42775678004356,-0.698344649059592,-1.5531249,-0.9486737,0.8772025,114.59734,112.850464,-14.230691,WAL
2030202339000,242.684951,-2.28235502027079,-9.64132516441006,-0.573700709404255,-1.5180001,-1.0073168,0.8943067,114.286476,113.21619,-14.539371,WAL
2030207324000,242.689936,-2.35161094067698,-9.87217791102515,-0.481359577010638,-1.4630222,-1.029308,0.89827734,113.97339,113.56202,-14.845095,WAL
2030212356000,242.694968,-2.42694303490566,-10.1792502604345,-0.328004271852487,-1.3698653,-1.0485502,0.9034697,113.60147,113.86728,-15.17653,WAL
2030217359000,242.699971,-2.50456033207547,-10.5216801997332,-0.145375091669525,-1.2684617,-1.0751228,0.90041536,113.2242,114.14616,-15.500419,WAL
2030222340000,242.704952,-2.55754414374223,-10.8570282310402,-0.00796645094799005,-1.1450669,-1.1172725,0.90285885,112.805885,114.390236,-15.839362,WAL
2030227309000,242.709921,-2.59205624778284,-11.1873575901368,0.095569629506838,-1.0097603,-1.1914927,0.91538155,112.37435,114.60193,-16.175888,WAL
2030232321000,242.714933,-2.55330236117176,-11.4103526895343,0.0217931153830746,-0.8191703,-1.2709051,0.91996306,111.881744,114.74997,-16.529263,WAL
2030237312000,242.719924,-2.47192391872809,-11.5683227130696,-0.155324578492739,-0.59803706,-1.310306,0.9266826,111.38285,114.86068,-16.878405,WAL
2030242326000,242.724938,-2.26266497374718,-11.7069830832598,-0.546214209978425,-0.35216382,-1.3322971,0.9257663,110.84302,114.89952,-17.222725,WAL
2030247329000,242.729941,-1.98074226852015,-11.833847917917,-1.058373802589,-0.21838433,-1.2855659,0.9285152,110.31419,114.91818,-17.554794,WAL
2030252310000,242.734922,-1.54017313387016,-11.8876631805542,-1.61421163506052,0.03970624,-1.178359,0.90224797,109.82207,114.86489,-17.843172,WAL
2030257343000,242.739955,-0.985705995488647,-11.8924847311193,-2.20725037244173,0.2611449,-1.0073168,0.8527679,109.36139,114.791794,-18.105398,WAL
2030262317000,242.744929,-0.305237640180899,-11.7527901216689,-2.62256124428127,0.3943135,-0.7281514,0.79045963,109.03185,114.739716,-18.289421,WAL
2030267313000,242.749925,0.467218136959735,-11.5154694319199,-2.92502881195293,0.42332962,-0.42943826,0.7156286,108.752396,114.65452,-18.433939,WAL
2030272309000,242.754921,1.18534150444293,-11.2426931845209,-3.10979503641681,0.3173445,-0.15363261,0.6230826,108.66142,114.580475,-18.450953,WAL
2030277308000,242.75992,1.85732923616727,-10.9393651304221,-3.19379353699191,0.10293079,0.0580322,0.5006041,108.62739,114.49945,-18.41946,WAL
2030282305000,242.764917,2.30659788626575,-10.8354502047948,-3.1070452606664,-0.15851954,0.183565,0.3359759,108.731224,114.411,-18.241133,WAL
2030287348000,242.76996,2.52246712829134,-10.9433849538805,-2.83720874655628,-0.41233405,0.16554448,0.124005646,108.835434,114.32644,-18.013943,WAL
2030292344000,242.774956,2.46175528512076,-11.1614573175629,-2.3831599319352,-0.6151413,0.03481932,-0.06994407,108.9835,114.23506,-17.674717,WAL
2030297559000,242.780171,2.13909368214889,-11.4940469100487,-1.73287275715138,-0.732122,-0.17287487,-0.22174409,109.08347,114.14679,-17.30253,WAL
2030302394000,242.785006,1.23420251764122,-11.5613200448724,-1.09807457008319,-0.8002335,-0.40439278,-0.31795537,109.089676,114.026665,-16.897974,WAL
2030307354000,242.789966,-0.222940058354016,-11.4198499922565,-0.419017851711307,-0.768163,-0.61819565,-0.35521814,109.02902,113.89958,-16.49156,WAL
2030312343000,242.794955,-1.14573434848485,-11.3601242424242,-0.222878416666667,-0.6814202,-0.73853606,-0.3585779,108.80015,113.71058,-16.146854,WAL
2030317337000,242.799949,-1.52320216220403,-11.383424709734,-0.516464521794212,-0.5516113,-0.73884153,-0.31123585,108.545006,113.513985,-15.820452,WAL
2030322346000,242.804958,-1.69506035978836,-11.5455062921034,-0.707644481878806,-0.398895,-0.627664,-0.23396139,108.10344,113.3414,-15.736304,WAL
2030327342000,242.809954,-1.60908422222222,-11.8798577442348,-0.769738352914046,-0.23915374,-0.4709771,-0.1441642,107.68275,113.15417,-15.666112,WAL
2030332296000,242.814908,-1.4101988939403,-12.3642853162624,-0.723876369258261,-0.102319926,-0.34605515,-0.07544186,107.30343,113.02345,-15.652216,WAL
2030337325000,242.819937,-1.05921470704802,-13.0566380934412,-0.536364272987921,0.03756821,-0.29565877,-0.043982297,106.95421,112.87138,-15.645341,WAL
2030342311000,242.824923,-0.725562814375,-13.67172991875,-0.25187001675,0.10873401,-0.18784106,-0.04062254,106.66475,112.70171,-15.613285,WAL
2030347327000,242.829939,-0.40878165425689,-14.196546445128,0.164200755265748,0.23762658,-0.08368854,-0.092240654,106.38854,112.49057,-15.570641,WAL
2030352250000,242.834862,-0.106120059038786,-14.6469429333895,0.452306274435076,0.3811799,-0.04062254,-0.16829337,106.09979,112.18023,-15.458795,WAL
2030357323000,242.839935,0.192675167300863,-15.0083887737328,0.558330389279833,0.5235115,-0.048563786,-0.27305678,105.82226,111.835495,-15.322294,WAL
2030362250000,242.844862,0.461527162317772,-15.2892630179559,0.568982966889256,0.6646214,-0.065973446,-0.36987892,105.49272,111.36584,-15.124098,WAL
2030367340000,242.849952,0.702820304373484,-15.4595875690576,0.422314594657867,0.81214535,-0.06383542,-0.4569272,105.16396,110.86023,-14.902411,WAL
2030372254000,242.854866,0.891298459143279,-15.5439714936484,0.266839740124077,0.98471475,-0.042760566,-0.54092115,104.82661,110.266785,-14.614928,WAL
2030377341000,242.859953,0.987245741211226,-15.4528217710487,0.0749452361004431,1.1725558,-0.017715093,-0.6478226,104.489105,109.63522,-14.302307,WAL
2030382273000,242.864885,1.02653265449155,-15.2634231357842,-0.0682272953928254,1.3628404,-0.017715093,-0.75228053,104.1807,108.95506,-13.932875,WAL
2030387353000,242.869965,0.93037652285799,-14.8114893873901,-0.106689738005732,1.5415184,-0.057726767,-0.8854492,103.86465,108.2306,-13.534248,WAL
2030392286000,242.874898,0.810077849763749,-14.3149172632233,-0.138897136587279,1.6914859,-0.121256754,-1.0250319,103.57462,107.48017,-13.096677,WAL
2030397400000,242.880012,0.608647065031086,-13.635673386418,-0.157634881501674,1.842675,-0.1872302,-1.1597277,103.26984,106.68729,-12.634239,WAL
2030402357000,242.884969,0.366104434372549,-12.9803131305882,-0.164507004870588,2.0402899,-0.22235495,-1.2651019,102.968185,105.876854,-12.168734,WAL
2030407358000,242.88997,-0.0846589600833333,-12.332340915,-0.1222479371,2.2699752,-0.20250183,-1.3475688,102.66279,105.02867,-11.680687,WAL
2030412369000,242.894981,-0.54392075200479,-11.7360997177926,-0.0769479834479593,2.533869,-0.16157386,-1.4395039,102.3645,104.172,-11.203808,WAL
2030417371000,242.899983,-1.04585015319828,-11.4445027344576,-0.0148043418978146,2.8032606,-0.10934488,-1.5271631,102.07758,103.28036,-10.710649,WAL
2030422319000,242.904931,-1.5500019274785,-11.2258661589404,0.0287512451861224,3.0384438,-0.046731193,-1.6016886,101.79827,102.42203,-10.272396,WAL
2030427342000,242.909954,-2.1110682471286,-11.4540966423841,-0.0425707409225067,3.2146783,0.03848451,-1.6597209,101.54504,101.5479,-9.81799,WAL
2030432301000,242.914913,-2.6549680551345,-11.7025214533674,-0.141764199499313,3.3221905,0.086437434,-1.7098118,101.27566,100.737526,-9.42274,WAL
2030437331000,242.919943,-3.12315592191243,-12.1470636289024,-0.482264528647163,3.3502905,0.18203785,-1.7308867,101.051956,99.95932,-9.022399,WAL
2030442332000,242.924944,-3.58872970588406,-12.5831447614546,-0.822471918441208,3.3304374,0.31398472,-1.7510452,100.828636,99.30985,-8.697692,WAL
2030447360000,242.929972,-4.05785005989197,-12.9500806063471,-1.18476292826469,3.2479706,0.42271876,-1.7342464,100.63484,98.73605,-8.382941,WAL
2030452514000,242.935126,-4.54022086567436,-13.319634063791,-1.55972214763062,3.1157181,0.49693888,-1.6924021,100.48318,98.31666,-8.139532,WAL
2030457365000,242.939977,-5.02944092469623,-13.5124996266707,-1.9971977645808,2.930626,0.5198463,-1.6279559,100.35483,97.97685,-7.911765,WAL
2030462584000,242.945196,-5.55184047733047,-13.7201958208982,-2.4533315679728,2.738509,0.5152648,-1.5421293,100.328865,97.73879,-7.727603,WAL
2030467363000,242.949975,-5.98585020631598,-13.9126337266953,-2.70718629333512,2.552806,0.49602258,-1.455081,100.30903,82.43315,-7.565926,WAL
2030472243000,242.954855,-6.4290323526749,-14.1091386399177,-2.96640601707819,2.389705,0.4841107,-1.382388,100.40282,82.53021,-7.448633,WAL
2030477334000,242.959946,-6.95500400172279,-14.2548517656617,-2.94080331949883,2.2751677,0.43127087,-1.3286319,100.47931,82.58511,-7.352678,WAL
2030482255000,242.964867,-7.48089801546594,-14.3794059076449,-2.83470191595536,2.2094996,0.35796702,-1.319469,100.54583,82.61625,-7.2657037,WAL
2030487342000,242.969954,-7.84170572319952,-14.5779157043032,-2.80242122790119,2.143526,0.2929099,-1.4110987,100.68285,82.62453,-7.1949406,WAL
2030492270000,242.974882,-8.12847349975097,-14.7941667412591,-2.79772011520072,2.031127,0.344528,-1.6099354,100.83039,82.65657,-7.096233,WAL
2030497372000,242.979984,-7.85130021227898,-14.4235796139489,-2.78232759053045,1.7989981,0.57360244,-1.7626517,101.05339,82.658844,-7.0251393,WAL
2030502273000,242.984885,-7.38562962711198,-13.8610863555992,-2.76388519493124,1.5509869,0.68325275,-1.7965547,101.25302,82.6862,-6.931466,WAL
2030507376000,242.989988,-6.63515806688575,-13.1200152627102,-2.63581658738643,1.4340062,0.6533204,-1.7537941,101.50431,82.71527,-6.8361163,WAL
2030512350000,242.994962,-5.7925895820607,-12.332697312198,-2.46546131812295,1.434617,0.6218608,-1.6618589,101.77815,82.748695,-6.746459,WAL
2030517334000,242.999946,-4.86192665068408,-11.6368863442164,-2.52699956374378,1.5155567,0.6649268,-1.5381587,102.06134,82.80263,-6.6297092,WAL
2030522305000,243.004917,-3.88493173097015,-10.9954248563433,-2.71943795858209,1.6636915,0.8350528,-1.409877,102.36464,82.8176,-6.5443826,WAL
2030527336000,243.009948,-3.06307908863008,-10.6053898570865,-2.58002599672325,1.8350391,1.0522153,-1.3206906,102.66405,82.858284,-6.3991857,WAL
2030532328000,243.01494,-2.31756261456771,-10.327000620608,-2.30163695732333,2.0042489,1.1374311,-1.2861768,102.970146,82.85002,-6.2803435,WAL
2030537344000,243.019956,-1.68668314255415,-10.1560469162591,-1.91210476744186,2.1068742,1.2623531,-1.2938126,103.32464,82.90182,-6.080104,WAL
2030542346000,243.024958,-1.11293504558838,-10.0365161407326,-1.47223121395349,2.127949,1.3445144,-1.314582,103.68817,82.919846,-5.892894,WAL
2030547384000,243.029996,-0.632266449979212,-10.0046357779957,-1.39889745467739,2.1615467,1.4245378,-1.2776246,104.03674,82.94178,-5.6406746,WAL
2030552320000,243.034932,-0.205815885942342,-10.0139066295352,-1.49623936297313,2.225993,1.5827519,-1.2073752,104.42794,82.92768,-5.4034095,WAL
2030557385000,243.039997,0.0478969765038139,-10.0801959953655,-1.42453540520421,2.2608123,1.8133535,-1.1722504,104.82625,82.899734,-5.103745,WAL
2030562375000,243.044987,0.195548268574877,-10.1770917064787,-1.25842776293328,2.2629502,1.9123137,-1.1209377,105.2261,82.81703,-4.8392763,WAL
2030567368000,243.04998,0.297722940069352,-10.2352302603774,-1.35530620738399,2.230269,1.9694295,-1.103528,105.709755,82.735,-4.5242696,WAL
2030572354000,243.054966,0.365902388887302,-10.2644501018868,-1.64750375800102,2.2030854,2.098933,-1.1044444,106.23654,82.6169,-4.2329035,WAL
2030577348000,243.05996,0.430152929427863,-10.1057033641051,-1.82848539264254,2.1655173,2.1844542,-1.0748174,106.77474,82.45817,-3.9350293,WAL
2030582366000,243.064978,0.492099709029251,-9.8245605224591,-1.93808358786316,2.1294763,2.1832323,-1.010982,107.31835,82.27809,-3.6574614,WAL
2030587346000,243.069958,0.469437553735849,-9.5228484999007,-2.08062542334657,2.0711386,2.1584923,-0.95203346,107.89225,82.12424,-3.376164,WAL
2030592297000,243.074909,0.389392775018868,-9.20737785978153,-2.24542346536246,1.992337,2.1514673,-0.89980453,108.46293,81.96495,-3.1203022,WAL
2030597329000,243.079941,0.251645726165337,-8.80979298728939,-2.47703644097941,1.9391917,2.1841488,-0.8268061,109.05186,81.79499,-2.88091,WAL
2030602391000,243.085003,0.0701346125232042,-8.35123833284067,-2.7588564703222,1.9410243,2.169488,-0.754724,109.61753,81.62019,-2.6614027,WAL
2030607383000,243.089995,-0.182358877554994,-7.97965884323641,-2.9316168091024,1.9034561,2.1111503,-0.7098254,110.23256,81.44601,-2.4666986,WAL
2030612438000,243.09505,-0.497784434310318,-7.66894127102986,-3.0210656805407,1.8515326,2.0625865,-0.68966687,110.83806,81.27142,-2.289747,WAL
2030617421000,243.100033,-0.912880796401724,-7.25371239753433,-2.96524495162875,1.7993035,1.9822577,-0.70066243,111.47031,81.10478,-2.1393416,WAL
2030622350000,243.104962,-1.42386010359828,-6.73800190246567,-2.77126214837125,1.7223345,1.8829921,-0.71868294,112.07746,80.96159,-1.9922943,WAL
2030627333000,243.109945,-1.7582881733453,-6.3729819972488,-2.66958167663477,1.6310102,1.7931949,-0.73761976,112.70264,80.82116,-1.8843361,WAL
2030632357000,243.114969,-1.90696542055423,-6.16675220586124,-2.66478563963317,1.5479325,1.7602082,-0.74006325,113.31127,80.70457,-1.7759918,WAL
2030637342000,243.119954,-2.02336319994147,-5.96881133523559,-2.61228495507755,1.4627168,1.7269161,-0.754724,113.91902,80.557526,-1.7302303,WAL
2030642342000,243.124954,-2.10744407010048,-5.77729416617891,-2.50951946878353,1.432479,1.7061466,-0.77213365,114.51765,80.42429,-1.6842545,WAL
2030647343000,243.129955,-2.18810743207641,-5.61739822290319,-2.36834780018904,1.3649784,1.6963727,-0.795652,115.114235,80.3221,-1.6562867,WAL
2030652399000,243.135011,-2.26518675823301,-5.49696139536364,-2.17564920812854,1.2910637,1.6905695,-0.81397796,115.70332,80.236465,-1.6260474,WAL
2030657313000,243.139925,-2.33794376673926,-5.35621353482479,-2.01670557571768,1.1982121,1.6814066,-0.8206975,116.3047,80.143936,-1.6076581,WAL
2030662368000,243.14498,-2.40982674743615,-5.17890222914274,-1.8921085326074,1.1261301,1.6801848,-0.84788096,116.9054,80.07317,-1.5804176,WAL
2030667328000,243.14994,-2.41696246159601,-4.96389616961596,-1.56705409694763,1.0433578,1.7489072,-0.8765916,117.52258,79.99674,-1.5677783,WAL
2030672344000,243.154956,-2.33071102817955,-4.6859748952818,-0.939335245356608,0.97341377,1.7846428,-0.8848383,118.127304,79.94173,-1.5535015,WAL
2030677264000,243.159876,-2.26873868918688,-4.4324083881883,-0.384072302624822,0.8790351,1.7461584,-0.9062186,118.73349,79.891335,-1.541799,WAL
2030682357000,243.164969,-2.24090722419401,-4.20047936794104,0.0937015188017119,0.7189884,1.6978999,-0.9257663,119.34415,79.88357,-1.5311743,WAL
2030687244000,243.169856,-2.24556908578771,-3.99655152911643,0.499226312650721,0.54244834,1.6328428,-0.92057395,119.91358,79.79325,-1.5048963,WAL
2030692304000,243.174916,-2.3317774230085,-3.83371364771694,0.78179795684918,0.38087448,1.5619824,-0.9062186,120.46513,79.74684,-1.4750516,WAL
2030697384000,243.179996,-2.40515775322157,-3.69799755277722,1.02749600680671,0.24281894,1.4953982,-0.86742866,120.98134,79.645035,-1.4461747,WAL
2030702342000,243.184954,-2.44351906400727,-3.63566034138558,1.17135121015956,0.12308934,1.4453071,-0.8338311,121.47837,79.58458,-1.4190742,WAL
2030707308000,243.18992,-2.47481206819808,-3.58730663180192,1.24707549810427,-0.0076358155,1.396438,-0.7959574,121.952034,79.49995,-1.4177437,WAL
2030712370000,243.194982,-2.48887854317632,-3.57324015682368,1.1532989492891,-0.12034045,1.3548992,-0.75686204,122.40826,79.443275,-1.4257733,WAL
2030717309000,243.199921,-2.48283340431334,-3.54794820991572,1.05606494913237,-0.23732115,1.3307699,-0.70952,122.853546,79.38664,-1.4539789,WAL
2030722345000,243.204957,-2.40631781351512,-3.48099692440258,0.936509160614774,-0.344528,1.318858,-0.67011917,123.28501,79.35778,-1.4905838,WAL
2030727300000,243.209912,-2.32684094321877,-3.41748813413026,0.818201228671882,-0.44135013,1.3158038,-0.63194007,123.71837,79.36806,-1.5455467,WAL
2030732321000,243.214933,-2.22963090554628,-3.36254329185198,0.695632073762855,-0.5494733,1.3090842,-0.6123924,124.14221,79.410095,-1.6058085,WAL
2030737292000,243.219904,-2.13338890250505,-3.30814559996484,0.574283484029182,-0.60139686,1.2977833,-0.56016344,124.569824,79.474304,-1.675616,WAL
2030742333000,243.224945,-1.97608075809129,-3.27753285228216,0.516511763609959,-0.6942484,1.2956452,-0.5235115,124.99399,79.57872,-1.7461536,WAL
2030747339000,243.229951,-1.81504428614898,-3.24911467753408,0.464411741952183,-0.8008443,1.2727377,-0.49235737,125.402725,79.69741,-1.827476,WAL
2030752306000,243.234918,-1.64220045796319,-3.27568684047596,0.542970546861933,-0.9083566,1.2266175,-0.45020768,125.81069,79.860115,-1.9027076,WAL
2030757309000,243.239921,-1.46678035428269,-3.30800118807207,0.635296923055208,-1.003957,1.1520919,-0.41538838,126.19929,80.04535,-1.980688,WAL
2030762374000,243.244986,-1.32643724241135,-3.38696440077001,0.826541536818642,-1.1102476,1.0558805,-0.38637227,126.57307,80.264015,-2.0321665,WAL
2030767245000,243.249857,-1.19882706078014,-3.4720377729382,1.02977263628166,-1.2208142,0.93309665,-0.34666604,126.91271,80.50455,-2.0897787,WAL
2030772306000,243.254918,-1.08819891766234,-3.61650066285714,1.27107859844156,-1.3335189,0.7877107,-0.3145956,127.22661,80.7365,-2.1040807,WAL
2030777269000,243.259881,-0.983738030809191,-3.76844372593407,1.51323784592408,-1.430341,0.6444628,-0.2874121,127.50159,80.98901,-2.1207545,WAL
2030782316000,243.264928,-0.959254446242038,-3.88445036152866,1.74351561414013,-1.5338826,0.4896085,-0.23976462,127.74393,81.19561,-2.1050885,WAL
2030787267000,243.269879,-0.94996196989221,-3.99131365761881,1.96653460989711,-1.6404786,0.35430184,-0.16157386,127.94577,81.42272,-2.0991182,WAL
2030792295000,243.274907,-0.849684734485121,-4.18680810160533,2.28367467640955,-1.7458528,0.2312125,-0.15088372,128.13501,81.57836,-2.0413024,WAL
2030797339000,243.279951,-0.726746146407596,-4.40431480207518,2.62412003901723,-1.8637499,0.087659165,-0.0852157,128.27112,81.756386,-2.0146022,WAL
2030802312000,243.284924,-0.705894555349395,-4.97247105948491,3.00949806646358,-1.9862283,-0.016493361,0.0070249503,128.40547,81.86919,-1.9857082,WAL
2030807263000,243.289875,-0.714648314566602,-5.64213418803656,3.4077944307671,-2.068695,-0.08674286,0.094989546,128.50241,81.99973,-1.9707528,WAL
2030812311000,243.294923,-0.705866751507321,-6.66209196251077,3.9749461495478,-2.1035144,-0.13744467,0.21471913,128.6238,81.98522,-1.9378959,WAL
2030817305000,243.299917,-0.685269620068906,-7.89792060157192,4.64435345897933,-2.0402899,-0.15577064,0.33444872,128.72289,81.96943,-1.9320512,WAL
2030822306000,243.304918,-0.578464406217759,-9.58175065564087,5.37357295885017,-1.919644,-0.07269296,0.42271876,128.83493,81.85655,-1.9666065,WAL
2030827313000,243.309925,-0.441569230795432,-11.422754759303,6.1241359618035,-1.7033978,-0.017715093,0.5323691,128.91792,81.70399,-2.041337,WAL
2030832315000,243.314927,0.181626713969262,-13.3363196152664,7.07053589129098,-1.346347,0.16157386,0.54733527,129.0187,81.43289,-2.1450114,WAL
2030837325000,243.319937,1.00259261230943,-15.2830408396516,8.0979724210041,-1.1255192,0.37995818,0.48533243,129.13564,81.15749,-2.2609572,WAL
2030842290000,243.324902,2.15091041284905,-16.4437304397579,8.91721717828549,-0.57879484,0.5555819,0.29260445,129.27023,80.66738,-2.3345692,WAL
2030847359000,243.329971,3.43065112768014,-17.3822071388401,9.68980117662566,0.07880162,0.7492262,0.032986723,129.47134,80.13036,-2.380743,WAL
2030852312000,243.334924,4.58451098057595,-17.9579399305477,9.67474316713721,0.6786713,1.029308,-0.29443705,129.73485,79.5121,-2.2577462,WAL
2030857328000,243.33994,5.71469329113495,-18.4054916572558,9.35377156465274,1.0626001,1.3365731,-0.52198434,130.06985,78.82234,-2.1117065,WAL
2030862292000,243.344904,6.15674165571384,-18.4290904844546,8.70339544367266,1.1838568,1.597718,-0.6178902,130.49142,78.10685,-1.7623142,WAL
2030867317000,243.349929,6.12171342939586,-18.1538707589685,7.80767960557346,1.1456778,1.6820174,-0.6072,130.95856,77.36263,-1.4144932,WAL
2030872307000,243.354919,5.42381899642443,-16.937619082528,6.77914645344028,0.9935723,1.6572775,-0.5580254,131.54387,76.76719,-0.91171145,WAL
2030877290000,243.359902,4.39081222956127,-15.2451485258021,5.68157680277348,0.79168135,1.5601498,-0.4990769,132.12766,76.205765,-0.45116597,WAL
2030882316000,243.364928,3.11329406480709,-13.185356850365,4.74236295636079,0.60231316,1.4914275,-0.4465425,132.75317,75.789345,-0.022075169,WAL
2030887304000,243.369916,1.68370751861314,-10.8990142080292,3.92545624708029,0.42760566,1.4413365,-0.40775254,133.34735,75.430916,0.37412968,WAL
2030892293000,243.374905,0.43608469738588,-8.87448411086246,3.45135635853055,0.27030787,1.4068227,-0.3594942,133.91948,75.18239,0.6151745,WAL
2030897334000,243.379946,-0.735099333280523,-6.95756671594217,3.14063404023171,0.07849618,1.4104879,-0.3023783,134.47914,74.99933,0.8351686,WAL
2030902310000,243.384922,-1.59614116442244,-5.65083866432721,2.97908183587277,-0.16554448,1.4025466,-0.22357668,134.97949,74.88044,0.857009,WAL
2030907289000,243.389901,-2.30450568971527,-4.64732237598324,2.89280673285401,-0.39187005,1.3845261,-0.119729586,135.465,74.81774,0.8572019,WAL
2030912317000,243.394929,-2.88543659674688,-4.06532149503253,2.93918468320768,-0.61727935,1.3234396,0.004886922,135.87991,74.77888,0.6646878,WAL
2030917311000,243.399923,-3.35466346042549,-3.83317749639575,3.09230083667252,-0.8005389,1.17897,0.14019357,136.2459,74.793365,0.4528923,WAL
2030922306000,243.404918,-3.53105194257146,-3.99839037164418,3.35720429535893,-0.9462303,0.86529064,0.24251351,136.4471,74.8388,0.13427137,WAL
2030927293000,243.409905,-3.52654675423073,-4.4083627458636,3.69058846778606,-1.0864239,0.66156703,0.3454443,136.62282,74.92529,-0.21776402,WAL
2030932316000,243.414928,-3.63381362732363,-5.16863359260918,3.96413319507279,-1.133155,0.22082779,0.40011674,136.59454,74.97968,-0.61430866,WAL
2030937311000,243.419923,-3.85295515414843,-6.27408068855747,4.17353510752316,-1.2373075,-0.30757064,0.5009095,136.47086,75.071556,-1.0305945,WAL
2030942267000,243.424879,-4.25976008976131,-8.76381879051507,3.85166908888191,-1.3408492,-0.84788096,0.5882632,136.21909,75.11642,-1.4351455,WAL
2030947336000,243.429948,-4.84783918774228,-12.5754418324659,3.04142678318378,-1.382999,-1.3051136,0.6771441,135.83395,75.151115,-1.8342925,WAL
2030952313000,243.434925,-5.41321305265293,-15.5351760349156,2.15972420139005,-1.3579534,-1.6187929,0.7507534,135.34029,75.17463,-2.2566786,WAL
2030957299000,243.439911,-5.95237614677702,-16.7286635732844,1.08139803500548,-1.2366967,-1.7055358,0.82527894,134.77747,75.15707,-2.68415,WAL
2030962283000,243.444895,-6.09024656896244,-17.6101277706867,0.654640354636805,-1.003957,-1.5494597,0.8585711,134.29247,75.37064,-3.1205769,WAL
2030967313000,243.449925,-5.78473002154395,-18.154328809236,0.945835663109702,-0.61850107,-1.1991285,0.83291477,133.84383,75.48108,-3.5566046,WAL
2030972294000,243.454906,-4.88436975021687,-18.1377568033735,1.13099090250602,-0.021685716,-0.73853606,0.7464773,133.5189,75.60904,-4.0162525,WAL
2030977294000,243.459906,-3.27823543696386,-17.4685341527711,1.19560550491566,0.66981375,-0.537256,0.58123827,133.23276,75.58961,-4.4382796,WAL
2030982279000,243.464891,-1.88137116345232,-15.9231480963794,0.731167967057624,1.0836749,-0.63041294,0.2669481,133.0372,75.488464,-4.7458696,WAL
2030987305000,243.469917,-0.806293837106578,-12.9335489963284,-0.5991789663641,1.0858129,-0.83260936,-0.1142318,132.88799,75.33277,-4.980624,WAL
2030992254000,243.474866,-0.0864138054439826,-10.2891792617136,-1.54950220787833,0.69058317,-0.82772243,-0.42119157,132.85443,75.245766,-4.9570794,WAL
2030997337000,243.479949,0.171097893697336,-7.99916469607028,-2.01394291864727,0.08002335,-0.6374379,-0.55955255,132.83128,75.23932,-4.875854,WAL
2031002242000,243.484854,0.296830850870815,-6.03352786119326,-2.19498184310947,-0.5290093,-0.5128214,-0.6291912,132.83673,75.48501,-4.6284423,WAL
2031007301000,243.489913,0.132647328322037,-4.59070298338468,-1.74223334499897,-1.0317514,-0.6933321,-0.625526,132.81256,75.86808,-4.360898,WAL
2031012291000,243.494903,-0.178926592005868,-3.4815593391687,-1.43055481750611,-1.3494014,-0.9605856,-0.52106804,132.76659,76.37083,-4.0947256,WAL
2031017325000,243.499937,-0.763571669431785,-2.92991835716381,-1.35983167149144,-1.5619824,-1.2394456,-0.39278635,132.66331,76.97666,-3.8277953,WAL
2031022248000,243.50486,-1.27057511199846,-2.48155479472068,-1.46991397876752,-1.6841555,-1.359786,-0.2864958,132.48347,77.5277,-3.623732,WAL
2031027308000,243.50992,-1.64268988220388,-2.23037737583029,-1.99552606861202,-1.7632625,-1.5607607,-0.23732115,132.19914,78.11656,-3.4219592,WAL
2031032264000,243.514876,-2.01469114170926,-2.07379081427111,-2.48504928908199,-1.7974709,-1.6756034,-0.13775012,131.84462,78.6647,-3.3553557,WAL
2031037304000,243.519916,-2.41930189860969,-2.22675352619096,-2.89459432036393,-1.8124372,-1.7806722,-0.009773844,131.43227,79.2185,-3.30669,WAL
2031042292000,243.524904,-2.80205963689976,-2.43333437714077,-3.29640264277889,-1.847562,-1.9566014,0.093767814,130.9462,79.83215,-3.3275046,WAL
2031047366000,243.529978,-3.14363706463392,-2.79265607480372,-3.69564885513968,-1.8765781,-2.1682663,0.20066923,130.41331,80.42658,-3.388283,WAL
2031052282000,243.534894,-3.46811366495727,-3.15216102222222,-4.08250244017094,-1.8875736,-2.356718,0.31856623,129.82948,81.03153,-3.5423243,WAL
2031057371000,243.539983,-3.72845755337607,-3.65722801569444,-4.48343218274573,-1.8677205,-2.4834726,0.42943826,129.1995,81.597595,-3.7303827,WAL
2031062411000,243.545023,-3.92333808831315,-4.13704474228856,-4.78735259610438,-1.8506162,-2.5192082,0.5488624,128.54156,82.14662,-4.014106,WAL
2031067424000,243.550036,-3.90981837600676,-4.54714305870647,-4.78284602533559,-1.8344283,-2.4657576,0.6960809,127.87093,82.60553,-4.348571,WAL
2031072291000,243.554903,-3.89434244334068,-4.95923431724414,-4.75528077238133,-1.8209893,-2.3695462,0.8536842,127.21063,82.98032,-4.761763,WAL
2031077347000,243.559959,-3.85070307750851,-5.5507903677148,-4.45465397935109,-1.7980819,-2.3011293,1.0299188,126.55905,83.1954,-5.2342334,WAL
2031082282000,243.564894,-3.80196475627164,-6.14887251519815,-4.18321796607349,-1.7702875,-2.2342396,1.2116512,125.944565,83.23861,-5.757782,WAL
2031087342000,243.569954,-3.68077152618315,-7.00188649749904,-4.15991125368411,-1.751656,-2.1297817,1.3997977,125.36591,83.08587,-6.3429265,WAL
2031092656000,243.575268,-3.54103040196157,-7.91524868323106,-4.15324537456996,-1.7263051,-1.9449949,1.5632042,124.83995,82.74491,-6.9656935,WAL
2031097331000,243.579943,-3.27531033380948,-8.91958032994668,-4.35140955297254,-1.6850718,-1.7098118,1.7290541,124.36702,82.24091,-7.6456213,WAL
2031102586000,243.585198,-2.97910881682597,-10.0358735956718,-4.54267061280433,-1.6123788,-1.4266758,1.8802432,123.99427,81.653244,-8.3217945,WAL
2031107370000,243.589982,-2.73949693556357,-10.8993023394049,-4.3361085792606,-1.5088371,-1.201572,1.9886718,123.68349,99.02796,-9.027958,WAL
2031112320000,243.594932,-2.49157076243463,-11.792691194229,-4.12237905040577,-1.4477507,-1.0445796,2.0540345,123.48552,99.685844,-9.662471,WAL
2031117311000,243.599923,-1.94128403909412,-12.4964391481957,-3.9360469478745,-1.4618006,-0.8741482,2.1212296,123.36733,100.4024,-10.317347,WAL
2031122268000,243.60488,-1.32113069582396,-13.1470917091766,-3.75813417223471,-1.4563028,-0.8054258,2.1728477,123.27532,101.14603,-10.974609,WAL
2031127300000,243.609912,-0.798245177394296,-13.4190216060032,-3.68232040023933,-1.4679092,-0.66950834,2.1948388,123.28497,101.806274,-11.537976,WAL
2031132252000,243.614864,-0.292221526600519,-13.6554815812724,-3.61611174543279,-1.498147,-0.50610185,2.1862867,123.32942,102.47255,-12.093253,WAL
2031137308000,243.61992,0.0421809898876405,-13.6359740337079,-3.37221971123595,-1.5381587,-0.35002577,2.0842721,123.44851,102.97282,-12.47832,WAL
2031142353000,243.624965,0.35925260819827,-13.5927371245898,-3.11279750406682,-1.5796975,-0.1994475,1.9211712,123.615005,103.45572,-12.832356,WAL
2031147368000,243.62998,0.707113863574317,-13.1384581886774,-2.7867828179998,-1.6099354,-0.09285152,1.7030923,123.83912,103.79111,-13.027905,WAL
2031152247000,243.634859,1.04814039158102,-12.6637862023868,-2.464190113453,-1.6471981,-0.022296581,1.4694363,124.092384,104.08859,-13.168048,WAL
2031157303000,243.639915,1.41731232061361,-12.0130067041227,-2.45548771081496,-1.677436,0.035124753,1.2541064,124.38031,104.26855,-13.194829,WAL
2031162287000,243.644899,1.7834162696069,-11.3494427739214,-2.49209808182167,-1.6044376,0.024740042,1.0415252,124.66098,104.3898,-13.158774,WAL
2031167313000,243.649925,1.94818546097262,-10.5706693481814,-2.2561696362076,-1.4929546,-0.110872045,0.8313876,124.92979,104.39263,-13.024792,WAL
2031172242000,243.654854,2.05910634148958,-9.77975570341234,-1.95716550818349,-1.3991868,-0.41263947,0.62125,125.13868,104.34566,-12.8423815,WAL
2031177302000,243.659914,1.8847806693981,-9.23103934620702,-1.79793447948198,-1.3695599,-0.8576548,0.4016439,125.27364,104.221634,-12.571288,WAL
2031182318000,243.66493,1.65453480319845,-8.7395527192368,-1.66952806967462,-1.3723087,-1.3255776,0.18600847,125.307686,104.05364,-12.26193,WAL
2031187306000,243.669918,1.26682455471639,-8.38202783986211,-1.83358682844458,-1.3875804,-1.754405,-0.01863139,125.23273,103.8264,-11.92992,WAL
2031192306000,243.674918,0.801639659699154,-8.08691032184268,-2.13870815927087,-1.4123205,-2.0723603,-0.19272798,125.05298,103.5719,-11.568644,WAL
2031197329000,243.679941,0.38129617910911,-8.01928972880544,-2.62905875231344,-1.4202617,-2.2403483,-0.30726522,124.77596,103.344986,-11.251207,WAL
2031202306000,243.684918,-0.0205058702030846,-8.02385575323307,-3.17240474117253,-1.4266758,-2.2592852,-0.37843102,124.45443,103.10524,-10.913298,WAL
2031207305000,243.689917,-0.421810348475627,-8.20643032807364,-3.56312627632197,-1.4269812,-2.1542163,-0.42271876,124.06151,103.00116,-10.650822,WAL
2031212317000,243.694929,-0.823041397548605,-8.47692345364892,-3.87870118151592,-1.4132367,-1.9715676,-0.44806966,123.69118,102.895485,-10.378425,WAL
2031217310000,243.699922,-1.12069489666699,-8.69007460215779,-3.94967673312783,-1.4227052,-1.7403551,-0.43463063,123.32748,102.96068,-10.181234,WAL
2031222301000,243.704913,-1.33249541696368,-8.85583099595415,-3.81615034324246,-1.4697418,-1.6285667,-0.36774087,122.98697,103.05067,-9.996207,WAL
2031227296000,243.709908,-1.52194339953022,-8.98977044864403,-3.54306675861627,-1.5262468,-1.4410311,-0.3210097,122.718285,103.24332,-9.864147,WAL
2031232319000,243.714931,-1.68629712866752,-9.08735587251762,-3.10650209352979,-1.5442673,-1.2819008,-0.23396139,122.47982,103.47157,-9.764258,WAL
2031237308000,243.71992,-1.83166363009854,-9.16625092654524,-2.52083642609734,-1.5647314,-1.1582005,-0.14477506,122.27417,103.735054,-9.715783,WAL
2031242321000,243.724933,-1.96545868910122,-9.23314830636011,-1.82796917408182,-1.5748106,-1.0586295,-0.063224554,122.1128,104.020164,-9.686704,WAL
2031247311000,243.729923,-1.9627234128752,-9.28286084281201,-1.1277031178515,-1.6105462,-0.98654735,0.005192355,121.97422,104.2966,-9.71944,WAL
2031252308000,243.73492,-1.86349738984005,-9.32066150977488,-0.41894561028436,-1.645671,-0.9605856,0.08582657,121.857994,104.59038,-9.776056,WAL
2031257304000,243.739916,-1.63205595493161,-9.22691971479484,0.403318062332884,-1.6487253,-1.0467176,0.14874569,121.73575,104.80742,-9.901016,WAL
2031262320000,243.744932,-1.29428671871508,-9.02795960614525,1.31945928988827,-1.5787812,-1.1997393,0.21227567,121.60668,105.025665,-10.04745,WAL
2031267309000,243.749921,-1.07162414497042,-8.8543265881522,1.64020426579853,-1.4419475,-1.3344351,0.26328292,121.51531,105.103065,-10.230073,WAL
2031272303000,243.754915,-0.970287724032842,-8.70654439763397,1.32775027111327,-1.2250903,-1.4440855,0.2996294,121.38348,105.15872,-10.425689,WAL
2031277278000,243.75989,-0.868872875111496,-8.54794408400087,0.953735121887854,-0.97524637,-1.4837917,0.3481932,121.06635,105.17237,-10.615357,WAL
2031282320000,243.764932,-0.764334520627842,-8.34409402641264,0.336958891562676,-0.73853606,-1.4688255,0.3912592,120.73362,105.152145,-10.811833,WAL
2031287253000,243.769865,-0.677395294700888,-8.16679633570801,-0.226587235241534,-0.516792,-1.4022411,0.43463063,120.44367,105.118,-10.990416,WAL
2031292303000,243.774915,-0.616039051410169,-8.02520511876647,-0.731596287490973,-0.33383787,-1.2993103,0.473726,120.16866,105.0576,-11.172484,WAL
2031297309000,243.779921,-0.576132291988036,-7.9082616331007,-1.2280388290329,-0.21563543,-1.1908818,0.4908302,119.99148,105.001015,-11.324712,WAL
2031302312000,243.784924,-0.580909254153539,-7.84138454187438,-1.71528723407777,-0.16676621,-1.10139,0.5235115,119.8383,104.941284,-11.483906,WAL
2031307237000,243.789849,-0.597104848953547,-7.76537517682352,-2.13700286744256,-0.20708331,-1.0238101,0.54702985,119.80959,104.89046,-11.617263,WAL
2031312321000,243.794933,-0.641069569114077,-7.66279059514398,-2.43498606936892,-0.3042109,-0.9184359,0.571159,119.81045,104.8558,-11.750694,WAL
2031317243000,243.799855,-0.682768051120698,-7.59991498480728,-2.68731873589984,-0.43890667,-0.85918194,0.59712076,119.78553,104.9455,-11.892775,WAL
2031322296000,243.804908,-0.723612478917753,-7.61806815860452,-2.86431130374191,-0.59895337,-0.77518797,0.63255095,119.79894,105.06234,-12.03425,WAL
2031327268000,243.80988,-0.76432682427077,-7.66116509832026,-2.99763393689399,-0.7012733,-0.68019843,0.6365216,119.816414,105.23329,-12.160373,WAL
2031332285000,243.814897,-0.80782126725005,-7.82064458801046,-2.94447412381815,-0.8906415,-0.59223384,0.6627888,119.86037,105.45533,-12.295447,WAL
2031337274000,243.819886,-0.845605916057037,-7.99240228223807,-2.84768106518909,-1.070236,-0.53969944,0.69058317,119.91555,105.7165,-12.421132,WAL
2031342281000,243.824893,-0.860469845877247,-8.2203162349659,-2.5652662433974,-1.2195925,-0.5222898,0.7031059,119.98863,106.00325,-12.543689,WAL
2031347283000,243.829895,-0.884971038988095,-8.454239875,-2.26029752470238,-1.3295482,-0.52473325,0.70463306,120.06512,106.30956,-12.669991,WAL
2031352262000,243.834874,-0.937005985128968,-8.70495327083333,-1.89132245655754,-1.3988814,-0.5543602,0.69913524,120.14115,106.630936,-12.794063,WAL
2031357296000,243.839908,-1.00488132151341,-8.9765066151341,-1.52588433412644,-1.4272866,-0.5992588,0.7021896,120.20668,106.92869,-12.9320755,WAL
2031362276000,243.844888,-1.11908750886973,-9.30085248869732,-1.18783409205747,-1.4349225,-0.66248333,0.6948592,120.25899,107.22472,-13.063237,WAL
2031367298000,243.84991,-1.24466584768772,-9.63437736200895,-0.855359829199403,-1.4468343,-0.72356987,0.68111473,120.25922,107.48728,-13.208041,WAL
2031372274000,243.854886,-1.42476121850821,-9.999307452909,-0.570998665806067,-1.4343116,-0.77366084,0.67103547,120.2452,107.739075,-13.350206,WAL
2031377332000,243.859944,-1.60116061074184,-10.3561960365974,-0.298834270757666,-1.423316,-0.806953,0.643852,120.153164710818,107.959810646988,-13.5088147953251,WAL
2031382285000,243.864897,-1.73722231323442,-10.6283195395648,-0.125238303143422,-1.3927728,-0.8268061,0.6356053,120.06304,108.175964,-13.664131,WAL
2031387288000,243.8699,-1.87228794254997,-10.8835100627072,0.0442245817883869,-1.3347405,-0.8567385,0.61483586,119.90602,108.35282,-13.839961,WAL
2031392297000,243.874909,-1.99043007325945,-10.9971081284456,0.171454510309747,-1.2565498,-0.9074403,0.61391956,119.73907,108.5176,-14.01688,WAL
2031397525000,243.880137,-2.10718134254189,-11.108528503065,0.287517509184716,-1.1438452,-1.0079277,0.6160576,119.48497,108.68526,-14.225749,WAL
2031402227000,243.884839,-2.11178188541071,-11.0993272251737,0.135699482103801,-1.010982,-1.1453724,0.61941737,119.20689,108.83013,-14.434633,WAL
2031407409000,243.890021,-2.10690426352683,-11.1057695373892,-0.0548575661155033,-0.81581056,-1.2599095,0.6420194,118.88045,108.94955,-14.674552,WAL
2031412259000,243.894871,-1.98665773012048,-11.3046388543264,-0.503469399691128,-0.5852089,-1.3448198,0.6554584,118.52372,109.03527,-14.912498,WAL
2031417440000,243.900052,-1.84478384473146,-11.5129171699971,-0.979525560800273,-0.33169982,-1.3390167,0.65484756,118.17346,109.10375,-15.146752,WAL
2031422224000,243.904836,-1.55450178589531,-11.6558253552003,-1.3814546101813,-0.055283304,-1.2953397,0.63621616,117.81058,109.12797,-15.37504,WAL
2031427549000,243.910161,-1.22266270001927,-11.7995221421139,-1.82055753555256,0.08735373,-1.0937542,0.6123924,117.5491,109.15149,-15.54625,WAL
2031432218000,243.91483,-0.757384344170922,-11.6185805105501,-2.04027224535119,0.40958515,-0.9957104,0.59528816,117.270775,109.10002,-15.711967,WAL
2031437209000,243.919821,-0.260017825850275,-11.4251601457751,-2.27513969375662,0.4746423,-0.79320854,0.5549711,117.14446,109.0539,-15.777586,WAL
2031442221000,243.924833,0.214549559944395,-11.1439609494588,-2.45736139335716,0.4859433,-0.58032197,0.4841107,117.04761,108.95817,-15.822678,WAL
2031447192000,243.929804,0.682529327430245,-10.8556098785622,-2.63226300014894,0.3827071,-0.3390302,0.39370266,117.01531,108.86077,-15.838258,WAL
2031452306000,243.934918,0.920728355388659,-10.8503072691513,-2.77091137143259,0.18692477,-0.12980886,0.2742785,117.08333,108.73687,-15.747056,WAL
2031457240000,243.939852,1.12034710093879,-10.8813587672738,-2.89955458256665,-0.0027488936,0.055283304,0.15790866,117.20902,108.61102,-15.62361,WAL
2031462327000,243.944939,1.03333692896228,-11.0822555096736,-2.80641810162204,-0.16890424,0.16707164,0.055283304,117.41255,108.47379,-15.409545,WAL
2031467277000,243.949889,0.861948165722103,-11.3277583873363,-2.64892573060387,-0.30268374,0.19486602,-0.036957346,117.63747,108.341736,-15.166114,WAL
2031472304000,243.954916,0.493768716634156,-11.3863920262,-2.21457477409639,-0.39492437,0.118507855,-0.10781772,117.882866,108.21047,-14.873702,WAL
2031477269000,243.959881,0.0572905057334098,-11.372752281507,-1.68261689759036,-0.48441613,-0.037873644,-0.15760323,118.10593,108.09345,-14.571314,WAL
2031482314000,243.964926,-0.395239383759169,-11.2523355776284,-1.21321339349022,-0.5296202,-0.19883664,-0.19486602,118.263405,107.98298,-14.291608,WAL
2031487303000,243.969915,-0.847910331882641,-11.072240606357,-0.789747063325183,-0.5216789,-0.3231477,-0.20738874,118.38267,107.88137,-14.018615,WAL
2031492320000,243.974932,-1.10195799205846,-11.0070943407365,-0.560836650177868,-0.44684792,-0.40317106,-0.20158553,118.36845,107.78584,-13.841649,WAL
2031497351000,243.979963,-1.25945741100856,-10.9978294840881,-0.426498918167484,-0.32528573,-0.43127087,-0.17623462,118.33409,107.685585,-13.675228,WAL
2031502312000,243.984924,-1.23437496327467,-11.2231381499617,-0.329883253022188,-0.19333886,-0.41325033,-0.1469131,118.21841,107.5987,-13.608082,WAL
2031507307000,243.989919,-1.08797507703711,-11.6074378573068,-0.25668332901205,-0.047647487,-0.37782016,-0.1441642,118.10108,107.48887,-13.542763,WAL
2031512364000,243.994976,-0.873263793482667,-12.2242592155733,-0.178228712048,0.06872234,-0.30695978,-0.15241088,117.973885,107.378174,-13.514337,WAL
2031517359000,243.999971,-0.597727578842667,-13.0508680459733,-0.096588354128,0.1731803,-0.24709499,-0.21838433,117.852356,107.23398,-13.469487,WAL
2031522305000,244.004917,-0.376543119058271,-13.7483145265038,0.0148710512406015,0.3036,-0.14172074,-0.2574797,117.75922,107.03694,-13.390466,WAL
2031527305000,244.009917,-0.183026817366541,-14.3828676280075,0.145382047481203,0.37110063,-0.07391469,-0.34391713,117.66825,106.81212,-13.280167,WAL
2031532315000,244.014927,0.0118039744186046,-14.9135378372093,0.237638437674419,0.5103779,-0.01740966,-0.42821655,117.601456,106.49298,-13.100011,WAL
2031537316000,244.019928,0.207208347356181,-15.338542751836,0.291374636661567,0.66553766,0.04550946,-0.49968776,117.55472,106.15116,-12.899751,WAL
2031542286000,244.024898,0.285412684987913,-15.4854139953443,0.377963607510073,0.8414669,0.11789699,-0.5681047,117.51409,105.72235,-12.635828,WAL
2031547337000,244.029949,0.263757896148268,-15.3944638867401,0.49489942654311,1.0149527,0.172264,-0.6407976,117.48605,105.26298,-12.355438,WAL
2031552284000,244.034896,0.210783245586119,-15.1887843663377,0.554737265660618,1.1951579,0.16462818,-0.7305948,117.46037,104.7322,-12.021775,WAL
2031557306000,244.039918,0.0831839610073225,-14.7090109565956,0.488385645546005,1.3478742,0.087659165,-0.84299403,117.42992,104.17151,-11.67066,WAL
2031562305000,244.044917,-0.0503411851732315,-14.2065569336244,0.448112658776664,1.4972308,0.016798794,-0.95203346,117.38869,103.57643,-11.313311,WAL
2031567313000,244.049925,-0.193095373947515,-13.6688495785296,0.443354174339716,1.672549,-0.028710667,-1.0384709,117.33402,102.95194,-10.941327,WAL
2031572239000,244.054851,-0.394669580620064,-13.1289751267427,0.398507006761236,1.8897116,-0.06291912,-1.1166617,117.26609,102.32247,-10.575071,WAL
2031577299000,244.059911,-0.697034135519158,-12.5573169771863,0.289844752398362,2.1551325,-0.08246681,-1.1850786,117.19211,101.66607,-10.196309,WAL
2031582246000,244.064858,-1.03265584485489,-12.1170410581441,0.20574251606614,2.4514022,-0.09621128,-1.2461652,117.108315,101.01673,-9.837268,WAL
2031587304000,244.069916,-1.4534529542843,-11.8970789738401,0.162706450666338,2.7488935,-0.07849618,-1.3304645,117.03171,100.34613,-9.459369,WAL
2031592325000,244.074937,-1.89957060828607,-11.8315394545804,0.083767374663078,3.023783,-0.06078109,-1.4052955,116.95738,99.733086,-9.127945,WAL
2031597331000,244.079943,-2.40188948091897,-12.0757858661924,-0.0683108102624243,3.234226,-0.029932396,-1.4810427,116.89723,99.133125,-8.778813,WAL
2031602292000,244.084904,-2.8944523271665,-12.3493243563778,-0.271833976387536,3.3774738,0.034208454,-1.5378532,116.85173,98.642975,-8.487948,WAL
2031607308000,244.08992,-3.37622813787731,-12.7235194216164,-0.641351374977605,3.4260378,0.1282817,-1.5845845,116.83077,98.21774,-8.185175,WAL
2031612355000,244.094967,-3.86053974167227,-13.0896477363924,-1.02606882863588,3.429703,0.2565634,-1.5943583,116.84529,82.0399,-7.958829,WAL
2031617313000,244.099925,-4.33458298867236,-13.4087155261592,-1.4545309594125,3.3554828,0.3109304,-1.575116,116.8722,82.20362,-7.734056,WAL
2031622282000,244.104894,-4.80699292875735,-13.7083539508339,-1.90731251764196,3.292869,0.41722095,-1.5628988,116.979,82.21214,-7.5931544,WAL
2031627304000,244.109916,-5.26137281827822,-13.838176499759,-2.56569976773354,3.1386256,0.5045747,-1.5296066,117.098755,82.15371,-7.467539,WAL
2031632511000,244.115123,-5.73276771946779,-13.9762010853408,-3.22712101806723,2.9767463,0.6017023,-1.4636332,117.28323,81.98804,-7.4448476,WAL
2031637310000,244.119922,-6.17047348655462,-14.1435593770308,-3.58758439327731,2.7766879,0.73914695,-1.3765849,117.502205,81.80692,-7.436481,WAL
2031643213000,244.125825,-6.7072091030401,-14.3315552852523,-3.97716833583441,2.5867088,0.9025534,-1.276403,117.827736,81.642914,-7.426793,WAL
2031647396000,244.130008,-7.06997558421734,-14.2760294583256,-3.68473419512105,2.3585508,0.89827734,-1.2513574,118.14144,81.500046,-7.418511,WAL
2031652345000,244.134957,-7.49917264741268,-14.2103356219738,-3.33874888257254,2.3038783,0.79229224,-1.2153164,118.51557,81.32558,-7.449628,WAL
2031657308000,244.13992,-7.8179517679895,-14.242162852166,-3.28177719452691,2.2360723,0.59589905,-1.2608259,118.85804,81.1996,-7.459832,WAL
2031662318000,244.14493,-8.09896020422094,-14.3099928794305,-3.33022707668383,2.1615467,0.4981606,-1.427592,119.19522,81.10436,-7.442798,WAL
2031667390000,244.150002,-7.73584768117284,-13.8033344971193,-3.28203877952675,1.9914207,0.6044512,-1.6264287,119.52331,80.98792,-7.4355545,WAL
2031672288000,244.1549,-7.18087555833333,-13.1325423111111,-3.20482523611111,1.7901406,0.7021896,-1.6893479,119.81737,80.895676,-7.4161334,WAL
2031677294000,244.159906,-6.47078207728636,-12.3628680582834,-3.21784295750562,1.6533068,0.68539083,-1.6358972,120.12483,80.81955,-7.3864913,WAL
2031682319000,244.164931,-5.72223525007496,-11.5692278830585,-3.25391743815592,1.6297885,0.71959925,-1.5121969,120.467995,80.75643,-7.3623962,WAL
2031687305000,244.169917,-4.79248227641728,-10.8442370716544,-3.47504066503688,1.7082846,0.8924741,-1.3729197,120.84224,80.71072,-7.30943,WAL
2031692330000,244.174942,-3.76307644975764,-10.1444436048472,-3.78944056545838,1.8451185,1.2541064,-1.2345587,121.27167,80.63025,-7.2994475,WAL
2031697319000,244.179931,-2.96025930178571,-9.793738375,-3.35205339196429,1.9798143,1.6346754,-1.1417072,121.74941,80.569275,-7.2451425,WAL
2031702325000,244.184937,-2.21830762611111,-9.54166541666667,-2.69571141805556,2.121535,1.8686367,-1.1123856,122.28235,80.4651,-7.2213316,WAL
2031707308000,244.18992,-1.65714660664295,-9.51235180417228,-2.05424342274563,2.2275202,1.8897116,-1.0922271,122.862854,80.41681,-7.1252418,WAL
2031712413000,244.195025,-1.14014452882138,-9.55465184791386,-1.40094083862719,2.2996023,1.8628336,-1.0876455,123.4915,80.34436,-7.041951,WAL
2031717351000,244.199963,-0.66648261007326,-9.61055382783883,-1.14335849487179,2.31915,1.8628336,-1.0714576,124.089516,80.25478,-6.9075356,WAL
2031722347000,244.204959,-0.199125085022385,-9.67384208628409,-1.05086061509972,2.3280075,1.8784106,-1.0506883,124.677826,80.147194,-6.779329,WAL
2031727339000,244.209951,0.115185611456693,-9.74234653543307,-0.707514863011811,2.3383923,1.9636264,-1.0323622,125.22389,80.022224,-6.6194043,WAL
2031732337000,244.214949,0.369585572562992,-9.81301313937008,-0.264670511596457,2.3240368,1.933083,-1.0277808,125.73326,79.89491,-6.461933,WAL
2031737345000,244.219957,0.599246922256685,-9.73010783689839,-0.0660133905668449,2.26631,1.8139644,-1.0238101,126.25052,79.77814,-6.24281,WAL
2031742360000,244.224972,0.817554574377897,-9.57600832932264,0.0195974598877005,2.176513,1.6814066,-1.0100657,126.748116,79.66286,-6.031599,WAL
2031747337000,244.229949,0.963850158421053,-9.43152869192982,-0.04480601,2.0931299,1.6475036,-0.9841039,127.248726,79.49433,-5.77626,WAL
2031752347000,244.234959,1.02157025541353,-9.29684834005013,-0.299736281428571,2.0100522,1.6349808,-0.9602802,127.71257,79.33445,-5.5270586,WAL
2031757300000,244.239912,1.01680660206145,-9.12882389362116,-0.672600233158304,1.9336939,1.629483,-0.9334021,128.17761,79.16208,-5.2540874,WAL
2031762432000,244.245044,0.930782924192921,-8.90898576098794,-1.2174165768767,1.865277,1.6823229,-0.89766645,128.6503,78.995285,-4.9996605,WAL
2031767275000,244.249887,0.80244013868682,-8.67534985361586,-1.71225533307737,1.829236,1.7712038,-0.8594874,129.13733,78.85508,-4.750287,WAL
2031772348000,244.25496,0.589936138131804,-8.38728846384137,-2.19865341922628,1.8216002,1.851838,-0.8249735,129.63158,78.717705,-4.5183268,WAL
2031777255000,244.259867,0.342514430985579,-8.12452137076082,-2.60387985386375,1.8020525,1.9147571,-0.79901177,130.18668,78.62027,-4.3029885,WAL
2031782348000,244.26496,-0.00674234178717059,-7.88683301084038,-2.88037474642466,1.7693712,1.9251418,-0.8011498,130.74406,78.52842,-4.0941424,WAL
2031787239000,244.269851,-0.334436298318295,-7.6348439086197,-3.09487300099827,1.7318029,1.9071213,-0.8032878,131.37274,78.43639,-3.9050887,WAL
2031792315000,244.274927,-0.6564001278134,-7.31754615972356,-3.19752815791899,1.6740762,1.9046779,-0.81031275,132.00337,78.361084,-3.7170055,WAL
2031797288000,244.2799,-0.963107238281633,-7.01768249719388,-3.25871851478571,1.6007724,1.9058995,-0.8197812,132.66225,78.29189,-3.566112,WAL
2031802348000,244.28496,-1.24495855281224,-6.75066552270408,-3.18454722764286,1.5280794,1.8655825,-0.8374963,133.3043,78.24258,-3.4095829,WAL
2031807288000,244.2899,-1.53434377643621,-6.49960103435024,-3.1101847350733,1.4511104,1.8341229,-0.86498517,133.95584,78.20437,-3.292457,WAL
2031812443000,244.295055,-1.87663684869255,-6.26488575562599,-3.02705632634707,1.3796391,1.8044959,-0.88361657,134.5924,78.18936,-3.1714568,WAL
2031817306000,244.299918,-2.15024549033826,-6.02706093389386,-2.95017766339425,1.2892311,1.8017471,-0.89919364,135.23938,78.15972,-3.0799773,WAL
2031822343000,244.304955,-2.28622069580093,-5.73166658786936,-2.87515681648523,1.244027,1.8060231,-0.9266826,135.87753,78.14355,-2.9798503,WAL
2031827303000,244.309915,-2.40795524809016,-5.43290416884412,-2.72939262700708,1.1481212,1.88849,-0.9294315,136.53659,78.13106,-2.9351094,WAL
2031832360000,244.314972,-2.48040440120674,-5.09480773430737,-2.27537741635584,1.1044444,1.9507982,-0.93584555,137.18922,78.12312,-2.8822746,WAL
2031837329000,244.319941,-2.54705997503007,-4.77055256939655,-1.83987012355654,1.0363328,1.9343048,-0.9618073,137.84233,78.122696,-2.8475528,WAL
2031842343000,244.324955,-2.59519372164194,-4.47693748405172,-1.44517433618685,0.895223,1.9370537,-0.9761627,138.51453,78.15888,-2.8201215,WAL
2031847439000,244.330051,-2.65530015670611,-4.19607241013807,-1.06296416067258,0.7119634,1.9339994,-0.98624194,139.16077,78.14719,-2.8017602,WAL
2031852353000,244.334965,-2.75276261055227,-3.98722430859961,-0.761294737749507,0.54367006,1.9339994,-0.97524637,139.80495,78.17373,-2.7871554,WAL
2031857312000,244.339924,-2.84902809172857,-3.79807014450913,-0.474220151728569,0.3943135,1.9260582,-0.9651671,140.42888,78.17272,-2.780948,WAL
2031862347000,244.344959,-2.93615365692632,-3.71578473967075,-0.27092691692632,0.2510656,1.9165897,-0.9392053,141.0473,78.21747,-2.7833495,WAL
2031867323000,244.349935,-3.00465244070007,-3.63479584680851,-0.0815178896087852,0.11484267,1.9251418,-0.91446525,141.65515,78.237236,-2.8095357,WAL
2031872306000,244.354918,-2.99061541910972,-3.55525262674772,0.0541734168134131,-0.014660766,1.9205604,-0.8723156,142.25035,78.29336,-2.8475118,WAL
2031877295000,244.359907,-2.96815131028427,-3.47150736974871,0.186230655333269,-0.15027285,1.9000963,-0.8353582,142.83315,78.344795,-2.907163,WAL
2031882291000,244.364903,-2.88923617722907,-3.36009787849035,0.292998069106433,-0.28710666,1.8664987,-0.79534656,143.40405,78.42955,-2.9787664,WAL
2031887328000,244.36994,-2.80446733959081,-3.24882085910986,0.397511309194221,-0.42332962,1.824349,-0.75594574,143.95993,78.51629,-3.0589688,WAL
2031892323000,244.374935,-2.65603757022205,-3.15141380631242,0.462449370223989,-0.5519168,1.7690657,-0.7144069,144.49551,78.63446,-3.1479268,WAL
2031897666000,244.380278,-2.49241275706997,-3.04425880247813,0.540251987317784,-0.68569624,1.6939293,-0.66706485,145.00487,78.760025,-3.2323182,WAL
2031902346000,244.384958,-2.29640939638692,-2.91825657590587,0.698921432548938,-0.81122905,1.6111571,-0.61544675,145.489,78.91248,-3.3251584,WAL
2031907293000,244.389905,-2.09335852365531,-2.79078622473479,0.867003127470687,-0.91538155,1.5033394,-0.56596667,145.93869,79.072624,-3.396659,WAL
2031912379000,244.394991,-1.93018377889447,-2.72279682663317,1.04377570452261,-1.0323622,1.4355333,-0.5204572,146.36882,79.262794,-3.4777563,WAL
2031917259000,244.399871,-1.77361815670947,-2.65756122640983,1.21338840134003,-1.1414018,1.2819008,-0.4981606,146.73242,79.434746,-3.5122747,WAL
2031922302000,244.404914,-1.60882221270136,-2.6089725109343,1.43170505588207,-1.1991285,1.0974194,-0.4529566,147.05957,79.614296,-3.5594823,WAL
2031927262000,244.409874,-1.44651302828273,-2.56259837523187,1.64966318377429,-1.2962561,0.9025534,-0.42332962,147.33536,79.82867,-3.5989733,WAL
2031932320000,244.414932,-1.3334720521138,-2.54426114084353,1.85438813802845,-1.4159856,0.68416905,-0.3857614,147.53476,79.99893,-3.5913765,WAL
2031937246000,244.419858,-1.2302334213767,-2.53018320810703,2.05147998034418,-1.5354098,0.45723262,-0.35460728,147.67201,80.18897,-3.5803297,WAL
2031942309000,244.424921,-1.20817551078488,-2.55655350443293,2.25590488927269,-1.6633861,0.22693644,-0.32375857,147.73166,80.29452,-3.493554,WAL
2031947295000,244.429907,-1.19901221682978,-2.58862508111687,2.4574974998081,-1.78617,0.032986723,-0.27580565,147.73528,80.425095,-3.4151723,WAL
2031952312000,244.434924,-1.24325400724273,-2.88998448722036,2.60960389532066,-1.9294178,-0.17989981,-0.21135938,147.66428,80.44375,-3.2641745,WAL
2031957237000,244.439849,-1.30040865978747,-3.25489489759508,2.74589574142431,-2.0589213,-0.33078352,-0.17379116,147.56107,80.497375,-3.1247456,WAL
2031962356000,244.444968,-1.4296817825747,-3.96437745801649,3.11729721544393,-2.1859813,-0.42943826,-0.070249505,147.42535,80.50819,-3.0286498,WAL
2031967277000,244.449889,-1.59119815204027,-4.82243347055799,3.59679914975902,-2.2553146,-0.5369505,0.05467244,147.24771,80.542206,-2.953149,WAL
2031972305000,244.454917,-1.63173360452222,-6.26825912051711,4.15843460174007,-2.3044891,-0.5109888,0.15699236,147.07555,80.586334,-2.9221373,WAL
2031977287000,244.459899,-1.63642408993315,-7.86302528671844,4.73536474808297,-2.2971587,-0.45081854,0.25534168,146.88173,80.62843,-2.9303315,WAL
2031982316000,244.464928,-1.43475309587754,-9.93001363655653,5.6703346679903,-2.218968,-0.34697145,0.3885103,146.71007,80.5827,-3.0486307,WAL
2031987308000,244.46992,-1.16424535704759,-12.1375504852986,6.7185522253107,-2.0173824,-0.17501289,0.5122105,146.56914,80.498825,-3.2004437,WAL
2031992357000,244.474969,-0.334170813865833,-13.9562278748169,8.30032733201836,-1.632232,-0.053450707,0.58032197,146.43549,80.30712,-3.3901896,WAL
2031997498000,244.48011,0.680227275310028,-15.6821465637145,10.0695148576116,-0.96974856,-0.035430185,0.50823987,146.31786,80.00248,-3.574243,WAL
2032002353000,244.484965,2.02740031600463,-16.6705067106481,10.6513539525926,-0.05955936,0.023823744,0.18295415,146.2374,79.55757,-3.6760929,WAL
2032007294000,244.489906,3.53021688062963,-17.4591566481481,10.8748042725926,0.6612616,0.22449298,-0.21868975,146.21053,79.03203,-3.73769,WAL
2032012319000,244.494931,4.8433346470601,-18.0755109466262,10.2191704525928,1.0598512,0.39370266,-0.4801401,146.19621,78.367294,-3.6195266,WAL
2032017292000,244.499904,5.9748138555435,-18.5405031707529,8.881028836624,1.1487321,0.7867944,-0.5674938,146.32121,77.64668,-3.4674792,WAL
2032022285000,244.504897,5.90494114535196,-18.5527433517822,7.52753939745657,1.1621711,1.1676689,-0.6753115,146.62584,77.01964,-3.00145,WAL
2032027317000,244.509929,5.34388396104245,-18.3801096093498,6.15942304997313,1.0458013,1.3860532,-0.7153232,146.99895,76.40945,-2.5727181,WAL
2032032355000,244.514967,4.39895571458731,-17.3290563261192,4.9937104754721,0.8775079,1.4727961,-0.7370089,147.59016,76.03359,-1.9811043,WAL
2032037343000,244.519955,3.06612343192234,-15.3779524474857,4.05109902145131,0.7480045,1.473407,-0.71776664,148.20935,75.66618,-1.4355177,WAL
2032042333000,244.524945,1.85227214573325,-13.1297654472397,3.55362818790057,0.6444628,1.4340062,-0.68233645,148.88022,75.464485,-0.98187923,WAL
2032047361000,244.529973,0.708195127859638,-10.6685576904263,3.34692513525007,0.5131268,1.3747523,-0.6258314,149.53001,75.300804,-0.5614207,WAL
2032052342000,244.534954,-0.254464043439378,-8.62420902516498,3.33655258780656,0.34391713,1.3090842,-0.5537493,150.10211,75.18507,-0.32783037,WAL
2032057331000,244.539943,-1.10622632338915,-6.83597880271841,3.45419933042451,0.17379116,1.2586879,-0.44898596,150.64569,75.10973,-0.12121886,WAL
2032062398000,244.54501,-1.85742757923345,-5.59634534141364,3.49679382785465,-0.028099801,1.2198979,-0.31978795,151.063,75.01746,-0.10037223,WAL
2032067346000,244.549958,-2.5084254225784,-4.80382622563464,3.48264171046292,-0.2171626,1.1884383,-0.14049901,151.44864,74.97513,-0.117143795,WAL
2032072337000,244.554949,-2.90459956764789,-4.44315254438924,3.50153712290241,-0.39645153,1.1765264,0.04337143,151.73009,74.91291,-0.30828458,WAL
2032077338000,244.55995,-3.09766470337489,-4.42519310809037,3.54643604182994,-0.5555819,1.0656544,0.19211712,151.9549,74.897255,-0.525569,WAL
2032082340000,244.564952,-3.30632025707144,-4.67079480387419,3.66170937912935,-0.68691796,0.8032878,0.321926,152.06003,74.88424,-0.87626034,WAL
2032087344000,244.569956,-3.53590030626953,-5.26969918487815,3.87132590726932,-0.8179486,0.3930918,0.43127087,152.07202,74.90335,-1.2376776,WAL
2032092299000,244.574911,-3.72146835632116,-6.30055549055752,3.92746835918728,-0.90102625,-0.13469578,0.5170974,151.94296,74.91345,-1.6251781,WAL
2032097381000,244.579993,-3.86955917316451,-7.80057223837848,3.83192586130742,-0.96974856,-0.7281514,0.58184916,151.66896,74.93737,-1.9986959,WAL
2032102324000,244.584936,-4.18079919980319,-9.56900157882307,3.48175254705767,-1.0005972,-1.2437216,0.63255095,151.2493,74.94862,-2.3954017,WAL
2032107335000,244.589947,-4.68609967227908,-11.7129866772289,2.83477904307223,-0.9465357,-1.4251486,0.71929383,150.7497,74.929955,-2.7996333,WAL
2032112332000,244.594944,-5.1716214042077,-13.6349289346464,2.13469334145031,-0.8210029,-1.5916094,0.7510588,150.1339,74.94509,-3.1651785,WAL
2032117347000,244.599959,-5.63503389346464,-15.2831483686462,1.36074676930767,-0.7293731,-1.5968018,0.8197812,149.50858,74.92645,-3.5608559,WAL
2032122270000,244.604882,-5.98301313621728,-16.5448906104312,0.8858933896865,-0.4098906,-1.4819591,0.8772025,148.9142,74.92,-3.971468,WAL
2032127335000,244.609947,-6.18851056226699,-17.3349142613444,0.803694404961401,0.09193522,-1.2263119,0.8775079,148.36633,74.82041,-4.386713,WAL
2032132247000,244.614859,-6.02618845105159,-17.7235948437794,0.755516535605316,0.6264423,-0.96852684,0.80664754,147.90392,74.74066,-4.803526,WAL
2032137348000,244.61996,-4.93231228004604,-17.1613223473893,0.786185976524014,0.94959,-0.8246681,0.6252206,147.49997,74.58428,-5.185788,WAL
2032142280000,244.624892,-3.66536930491587,-15.253223699656,0.401449556463698,0.9138544,-0.73456544,0.36713,147.18503,74.42285,-5.5305233,WAL
2032147369000,244.629981,-2.01167619811379,-11.0261124840011,-0.681379489891234,0.5696318,-0.6301075,0.129198,146.93538,74.27682,-5.827395,WAL
2032152244000,244.634856,-0.71483819390768,-7.60077690484219,-1.45622101861828,0.029932396,-0.45662177,-0.020463986,146.79204,74.252464,-5.967742,WAL
2032157351000,244.639963,-0.388008858845482,-6.25323444474144,-1.32548932659607,-0.52442783,-0.40378192,-0.14049901,146.66133,74.34518,-6.0465527,WAL
2032162330000,244.644942,-0.182219578772191,-5.20683474420311,-1.17993993001091,-0.9975429,-0.50885075,-0.183565,146.58809,74.645615,-5.955522,WAL
2032167356000,244.649968,-0.249051122737281,-4.80107180226123,-0.988992654418328,-1.3646729,-0.74220127,-0.15271631,146.49677,75.06722,-5.8490376,WAL
2032172290000,244.654902,-0.382547956992084,-4.51188256312665,-0.935589575461741,-1.6313156,-1.0708468,-0.089186326,146.34181,75.548355,-5.71259,WAL
2032177338000,244.65995,-0.705993505186581,-4.51643808344327,-1.24992394983038,-1.8096883,-1.3753631,-0.009468411,146.12628,76.0929,-5.578701,WAL
2032182310000,244.664922,-1.04163899137115,-4.54300329677264,-1.60138009209585,-1.9352211,-1.6496416,0.04886922,145.81206,76.63968,-5.4614143,WAL
2032187351000,244.669963,-1.48013623862209,-4.69694391198183,-2.19848276706928,-2.0131063,-1.8817704,0.09987647,145.42274,77.20378,-5.353556,WAL
2032192330000,244.674942,-1.90618355833333,-4.85105175,-2.7832594375,-2.058616,-2.0909917,0.13652839,144.94264,77.804306,-5.292714,WAL
2032197369000,244.679981,-2.25902812694311,-5.02989082632211,-3.31977651505409,-2.0995438,-2.262034,0.16432275,144.40714,78.40687,-5.241183,WAL
2032202285000,244.684897,-2.59301105120893,-5.20250103890267,-3.84143661323621,-2.125811,-2.3961189,0.20861048,143.81119,79.045944,-5.260758,WAL
2032207345000,244.689957,-2.81332307476751,-5.35772064315974,-4.35716715322381,-2.1233675,-2.4492643,0.29840767,143.18678,79.65668,-5.3077593,WAL
2032212427000,244.695039,-3.00946364661075,-5.51453582775773,-4.82417293153224,-2.1313088,-2.5216517,0.39400807,142.51479,80.28025,-5.4185843,WAL
2032217350000,244.699962,-3.07843855937774,-5.67087912981566,-5.031097621818,-2.129171,-2.4740043,0.44929138,141.861,80.85111,-5.558763,WAL
2032222304000,244.704916,-3.14075173644824,-5.836493072848,-5.19907565359636,-2.1056526,-2.3167064,0.56596667,141.21858,81.37652,-5.7805805,WAL
2032227349000,244.709961,-3.13606823935634,-6.08471846762311,-4.98363454284606,-2.064419,-2.1242838,0.6780604,140.60156,81.810715,-6.031005,WAL
2032232524000,244.715136,-3.12520958505939,-6.35393606835854,-4.76480206019177,-2.000889,-2.005165,0.8008443,140.01306,82.133545,-6.335398,WAL
2032237346000,244.719958,-3.04370232742451,-6.77689249744789,-4.58636719698516,-1.9214766,-1.9141463,0.9309586,139.47437,82.30645,-6.687187,WAL
2032242315000,244.724927,-2.95971029855937,-7.21274286993751,-4.40249269775795,-1.8164078,-1.8842138,1.0830641,138.95076,82.30227,-7.0851707,WAL
2032247379000,244.729991,-2.87411246515766,-7.65692606299194,-4.21510278749702,-1.7244726,-1.8680259,1.2464706,138.45485,82.14385,-7.530199,WAL
2032252278000,244.73489,-2.79130366068788,-8.08663646243381,-4.03381859113676,-1.6303993,-1.8002199,1.4141531,137.9892,81.83549,-8.024357,WAL
2032257346000,244.739958,-2.64390361079711,-8.73102666651019,-3.9688098673364,-1.5717562,-1.65911,1.5763378,137.55547,81.39851,-8.564917,WAL
2032262380000,244.744992,-2.48548300219698,-9.40997246953338,-3.92807327039715,-1.505172,-1.4990633,1.7082846,137.15637,80.854515,-9.144797,WAL
2032267350000,244.749962,-2.20875397483544,-10.1078975964557,-3.90646631732658,-1.4785993,-1.320996,1.8301523,136.8202,99.71492,-9.702936,WAL
2032272265000,244.754877,-1.88939295306329,-10.8085849736709,-3.89216657899747,-1.491122,-1.138042,1.9382755,136.54146,100.3434,-10.288348,WAL
2032277333000,244.759945,-1.61105852235614,-11.5581213668351,-3.78832807389191,-1.5015068,-0.9483683,1.9938642,136.34131,100.94017,-10.819725,WAL
2032282318000,244.76493,-1.35583679471229,-12.3052249836703,-3.65375662278383,-1.5253305,-0.7620544,1.9749273,136.2015,101.55655,-11.349792,WAL
2032287348000,244.76996,-1.02475126995144,-12.7115929044921,-3.39136783276002,-1.5986344,-0.6389651,1.8930714,136.12518,102.07628,-11.764249,WAL
2032292295000,244.774907,-0.665257674898826,-12.9512551343586,-3.07501343908337,-1.6737708,-0.6087272,1.7684549,136.08008,102.58562,-12.151516,WAL
2032297365000,244.779977,-0.172221015434193,-12.832840168457,-2.95101307713081,-1.7186694,-0.6230826,1.611768,136.07054,102.963684,-12.401344,WAL
2032302324000,244.784936,0.361765030551149,-12.5658472300974,-2.91287124301777,-1.7217237,-0.61483586,1.4434745,136.07573,103.312874,-12.608161,WAL
2032307337000,244.789949,0.82331948516791,-12.0990626324627,-2.79014722527985,-1.6985108,-0.60231316,1.2690725,136.07664,103.50366,-12.668952,WAL
2032312467000,244.795079,1.26328085175373,-11.5399452723881,-2.62974451958955,-1.6749926,-0.6038403,1.0742066,136.07239,103.65355,-12.6802025,WAL
2032317340000,244.799952,1.57471764437302,-10.9829314782929,-2.63568236728135,-1.6142114,-0.6994407,0.9807441,136.05559,103.68617,-12.572215,WAL
2032322348000,244.80496,1.81730046772392,-10.3916354934668,-2.7569738581138,-1.5464053,-0.7874053,0.80878556,136.03534,103.66037,-12.397446,WAL
2032327343000,244.809955,1.81597193172043,-9.92328800537634,-2.72582008691756,-1.4556919,-0.95264435,0.5864306,135.96996,103.51414,-12.116882,WAL
2032332321000,244.814933,1.69731071529271,-9.51509349223417,-2.62139830963759,-1.4480561,-1.2156218,0.37201694,135.85033,103.34898,-11.810254,WAL
2032337328000,244.81994,1.45949975369183,-9.22482681806522,-2.66697413993221,-1.4892895,-1.50731,0.15668693,135.67226,103.15097,-11.438148,WAL
2032342337000,244.824949,1.16067458823745,-8.99631344814951,-2.79001974770978,-1.5503759,-1.7403551,-0.043982297,135.43634,102.93173,-11.032603,WAL
2032347321000,244.829933,0.827457578041931,-8.84653132130668,-2.92735766118966,-1.5696182,-1.8909334,-0.20555615,135.1253,102.72241,-10.633578,WAL
2032352332000,244.834944,0.453088958859093,-8.78101695514383,-3.08178466065334,-1.5384641,-1.9804251,-0.3213151,134.77095,102.5051,-10.214104,WAL
2032357290000,244.839902,0.0482580934061091,-8.75972276384577,-3.18602084789184,-1.475545,-1.9807305,-0.38362336,134.37814,102.394165,-9.862955,WAL
2032362335000,244.844947,-0.411423854575864,-8.79843259158738,-3.2247308777366,-1.3994923,-1.9272798,-0.4370741,133.98094,102.27495,-9.496652,WAL
2032367285000,244.849897,-0.834345214081613,-8.86567600244642,-3.16949186685586,-1.3411547,-1.8521434,-0.45540005,133.56653,102.26198,-9.211194,WAL
2032372328000,244.85494,-1.22661002675409,-8.97437562452295,-2.98517468296311,-1.2815952,-1.7849482,-0.45662177,133.17082,102.2451,-8.924641,WAL
2032377257000,244.859869,-1.56324541263621,-9.07970264970509,-2.77861144050785,-1.2348641,-1.704925,-0.4370741,132.77182,102.3139,-8.729953,WAL
2032382325000,244.864937,-1.83010927939618,-9.1864483180046,-2.5214518083175,-1.1676689,-1.5845845,-0.37904188,132.41054,102.3845,-8.549361,WAL
2032387243000,244.869855,-2.04107264030294,-9.27489705579523,-2.24357573431119,-1.1267409,-1.4584408,-0.28955013,132.04674,102.495155,-8.45797,WAL
2032392295000,244.874907,-2.17558307262966,-9.33983349065286,-1.90961862853034,-1.0983357,-1.3316863,-0.18448131,131.72572,102.61122,-8.387079,WAL
2032397299000,244.879911,-2.27245970217498,-9.38664932987166,-1.57946005191535,-1.1078042,-1.210124,-0.08368854,131.42072,102.74331,-8.388475,WAL
2032402348000,244.88496,-2.28193423204663,-9.39138669373959,-1.2478512590771,-1.1246029,-1.1227703,0.0106901415,131.15096,102.887276,-8.415173,WAL
2032407266000,244.889878,-2.24950448110436,-9.37696050891591,-0.925667741219858,-1.1539245,-1.0870347,0.047036625,130.888,103.00886,-8.47957,WAL
2032412426000,244.895038,-2.08428279721378,-9.30185924447822,-0.590217531858156,-1.1606439,-1.0894781,0.09621128,130.6471,103.14519,-8.570834,WAL
2032417278000,244.89989,-1.84412201388183,-9.16777827318933,-0.30195190385914,-1.1633929,-1.131017,0.14172074,130.39928,103.24103,-8.673428,WAL
2032422348000,244.90496,-1.36818478294155,-8.85930066200762,-0.0727969413251044,-1.1502593,-1.2018774,0.17867808,130.14595,103.33962,-8.78714,WAL
2032427344000,244.909956,-0.925490398619233,-8.56995512952133,0.106698327335932,-1.102001,-1.2638801,0.20250183,129.89267,103.37035,-8.887283,WAL
2032432314000,244.914926,-0.770855178183886,-8.44109251310375,-0.218035692092268,-1.0204504,-1.2904528,0.21013765,129.63007,103.396286,-8.993778,WAL
2032437301000,244.919913,-0.655963104690585,-8.34824599532868,-0.553533885006501,-0.9211848,-1.3054191,0.23487769,129.33821,103.39713,-9.052906,WAL
2032442318000,244.92493,-0.676787629150012,-8.37832600895738,-0.923747914111245,-0.8011498,-1.2760975,0.25442538,129.05319,103.37865,-9.113318,WAL
2032447386000,244.929998,-0.697823844011558,-8.408711799085,-1.29772533079509,-0.68630713,-1.219287,0.2947425,128.7874,103.3864,-9.161184,WAL
2032452337000,244.934949,-0.71837441618589,-8.4383961019504,-1.663069093621,-0.5910121,-1.1502593,0.3203988,128.536,103.375374,-9.210023,WAL
2032457327000,244.939939,-0.744603076303885,-8.47171762169594,-2.01729988040624,-0.5342017,-1.1023064,0.33017266,128.27785,103.36792,-9.261587,WAL
2032462466000,244.945078,-0.836275903166578,-8.54592862888061,-2.21810701193897,-0.5296202,-1.0534371,0.34697145,128.04285,103.35952,-9.320022,WAL
2032467297000,244.949909,-0.922454425558808,-8.61569188548873,-2.40687900112649,-0.5830709,-1.0332786,0.36774087,127.85398,103.42843,-9.3594675,WAL
2032472349000,244.954961,-1.03776154403395,-8.68030492446331,-2.54528954892661,-0.67256266,-1.01312,0.38453966,127.68266,103.505135,-9.401056,WAL
2032477326000,244.959938,-1.15674253097853,-8.74217502276585,-2.6690297455317,-0.79381937,-0.9960158,0.40133846,127.52011,103.60176,-9.44817,WAL
2032482353000,244.964965,-1.25648146400911,-8.69037432460137,-2.65181563849658,-0.93645644,-0.9746355,0.41050145,127.356384,103.772255,-9.511452,WAL
2032487244000,244.969856,-1.3492618012479,-8.61615023888284,-2.60542549409726,-1.0772609,-0.9639453,0.42210788,127.199104,103.96666,-9.579139,WAL
2032492308000,244.97492,-1.47160434675176,-8.48326285692513,-2.42389734619928,-1.1945469,-0.95905846,0.4474588,127.034134,104.2214,-9.665873,WAL
2032497306000,244.979918,-1.59926830169556,-8.33736058201562,-2.2096042160602,-1.2938126,-0.9630291,0.4728097,126.874535,104.49775,-9.754622,WAL
2032502347000,244.984959,-1.69157732535343,-8.2078394520176,-1.98020141830353,-1.3753631,-0.9718866,0.5027421,126.69788,104.81154,-9.868355,WAL
2032507297000,244.989909,-1.76702800506507,-8.08800644480854,-1.74941115568767,-1.4343116,-0.990518,0.5204572,126.522606,105.1361,-9.984552,WAL
2032512445000,244.995057,-1.88810191209744,-7.99695402006606,-1.48357465008258,-1.4672983,-1.0277808,0.54641896,126.30702,105.4709,-10.136048,WAL
2032517336000,244.999948,-2.03314787940751,-7.93410073222543,-1.21282230903179,-1.4895949,-1.0629056,0.59681535,126.09397,105.814354,-10.297511,WAL
2032522345000,245.004957,-2.17052942682163,-7.95950032873168,-1.01892578672865,-1.4987578,-1.0916162,0.64476824,125.85463,106.14051,-10.48698,WAL
2032527298000,245.00991,-2.29996005152097,-8.03619979874684,-0.875113972608388,-1.5027285,-1.1242975,0.68783426,125.61131,106.4682,-10.6876135,WAL
2032532283000,245.014895,-2.4422699459386,-8.22462338500252,-0.740034112555611,-1.4727961,-1.1145236,0.7263188,125.323845,106.795494,-10.927023,WAL
2032537317000,245.019929,-2.59269757055863,-8.47695421841973,-0.609016467075994,-1.4398094,-1.0842859,0.7699956,125.04035,107.12015,-11.175333,WAL
2032542291000,245.024903,-2.7298469899144,-8.77519191911837,-0.481477896022828,-1.3942999,-1.0668762,0.80573124,124.727844,107.43639,-11.452044,WAL
2032547370000,245.029982,-2.86385632745252,-9.10542886893634,-0.352254612679327,-1.3283265,-1.0296134,0.8356637,124.435524,107.736885,-11.729629,WAL
2032552360000,245.034972,-2.93579418257652,-9.4852475515103,-0.211733832055411,-1.2507466,-1.0122037,0.8723156,124.112045,108.02492,-12.0349045,WAL
2032557304000,245.039916,-2.97367991908382,-9.89251931786357,-0.0649264977613523,-1.1475104,-1.0192287,0.9138544,123.79721,108.28999,-12.341419,WAL
2032562367000,245.044979,-2.91696437240247,-10.3004844065276,-0.0302849407150444,-1.0372492,-1.0592403,0.93279123,123.448105,108.525154,-12.662249,WAL
2032567351000,245.049963,-2.806348352163,-10.6968587116647,-0.0625479411638663,-0.890947,-1.097114,0.94225967,123.10155,108.72969,-12.983357,WAL
2032572346000,245.054958,-2.57456551979624,-11.0775248122253,-0.300659309934079,-0.72112644,-1.1383474,0.93645644,122.71652,108.878525,-13.296453,WAL
2032577334000,245.059946,-2.25012496570116,-11.4449060579305,-0.696667722903316,-0.5384777,-1.1349876,0.9120218,122.33393,108.98957,-13.597245,WAL
2032582351000,245.064963,-1.82024396329625,-11.7424541680614,-1.1395636209806,-0.3268129,-1.0589349,0.88331115,121.95765,109.05465,-13.862893,WAL
2032587352000,245.069964,-1.31098824849857,-11.9829359458502,-1.61581199722359,-0.1328632,-0.93218035,0.84635377,121.5957,109.08121,-14.108362,WAL
2032592371000,245.074983,-0.731882487400606,-12.1105385404904,-2.07674976165869,0.022296581,-0.75502944,0.8023715,121.32975,109.06664,-14.262406,WAL
2032597367000,245.079979,-0.0962451896610335,-12.1385809513529,-2.52076107489499,0.14446963,-0.5345071,0.7504479,121.110115,109.015396,-14.390081,WAL
2032602341000,245.084953,0.542052192575065,-12.0014541795586,-2.81970875064625,0.19761491,-0.4156938,0.68600166,120.979004,108.97255,-14.430594,WAL
2032607348000,245.08996,1.19042615553788,-11.6868027104792,-2.96749987880294,0.19853121,-0.19547687,0.6533204,120.93819,108.91461,-14.446407,WAL
2032612401000,245.095013,1.75569768635448,-11.3440336330312,-2.89415821991944,0.17562376,-0.03634648,0.5510005,120.99215,108.83239,-14.339638,WAL
2032617352000,245.099964,2.21408824008056,-10.9811407893253,-2.58378965270896,0.074830994,0.055283304,0.42271876,121.08314,108.75421,-14.211448,WAL
2032622339000,245.104951,2.41594447487002,-10.8153847365685,-2.19299745017331,-0.05100725,0.0571159,0.25259277,121.23993,108.64894,-13.976351,WAL
2032627340000,245.109952,2.34216263113807,-10.8614983287117,-1.71802711403813,-0.2312125,-0.02107485,0.056199603,121.38576,108.54543,-13.703691,WAL
2032632298000,245.11491,2.09717696637617,-11.012679274017,-1.25848634223754,-0.35185838,-0.1414153,-0.12034045,121.50144,108.401505,-13.371792,WAL
2032637343000,245.119955,1.58797976871707,-11.326031647345,-0.808042586765302,-0.43249258,-0.25961772,-0.24129178,121.58288,108.26384,-13.012048,WAL
2032642300000,245.124912,0.995127129138577,-11.533882917603,-0.432929060973783,-0.49266282,-0.36682457,-0.3155119,121.56471,108.09187,-12.66096,WAL
2032647350000,245.129962,0.265822952517248,-11.6101500622906,-0.14216074232604,-0.50885075,-0.44684792,-0.3304781,121.51537,107.92309,-12.305396,WAL
2032652241000,245.134853,-0.390188295611511,-11.6137945796228,0.0412633180567762,-0.50640726,-0.5152648,-0.3145956,121.34755,107.753006,-12.031527,WAL
2032657346000,245.139958,-0.99382222618705,-11.504475317519,0.0745344800847754,-0.46395215,-0.5421429,-0.28130344,121.16944,107.5837,-11.76712,WAL
2032662285000,245.144897,-1.47092547651515,-11.4774727789256,0.0482515006279024,-0.39920044,-0.5714644,-0.21838433,120.89329,107.44667,-11.636813,WAL
2032667354000,245.149966,-1.74794248636364,-11.6064285578512,-0.0950331274108619,-0.3173445,-0.57543504,-0.16065755,120.62029,107.30511,-11.518457,WAL
2032672242000,245.154854,-1.91126378895456,-11.8423622254626,-0.216155047664955,-0.21685717,-0.5479461,-0.12217305,120.3055,107.21139,-11.508958,WAL
2032677319000,245.159931,-1.83117803693441,-12.3558529864354,-0.300951686053677,-0.09407325,-0.48472157,-0.11453723,120.00363,107.102356,-11.505809,WAL
2032682280000,245.164892,-1.71821462383768,-12.8801928528752,-0.354615252387847,0.042455133,-0.35338554,-0.14966199,119.71959,107.01307,-11.534448,WAL
2032687348000,245.16996,-1.49058195214111,-13.4888628565457,-0.315026948627651,0.19211712,-0.2415972,-0.21135938,119.44895,106.89351,-11.554253,WAL
2032692295000,245.174907,-1.27111618631776,-14.0439787456075,-0.257274198385047,0.38026363,-0.16035213,-0.2938262,119.21569,106.711586,-11.525855,WAL
2032697371000,245.179983,-1.05304420530841,-14.511924748972,-0.148238226856075,0.5503896,-0.12186762,-0.38240165,118.99993,106.494385,-11.475088,WAL
2032702314000,245.184926,-0.839103168359257,-14.9338973107878,-0.0884689357621676,0.7272351,-0.101098195,-0.48747048,118.795334,106.19062,-11.356376,WAL
2032707345000,245.189957,-0.611857517892624,-15.1611435166081,-0.306044570043151,0.80756384,-0.070554934,-0.5354234,118.60477,105.87488,-11.229348,WAL
2032712325000,245.194937,-0.374605232638614,-15.2608247845241,-0.491168579139603,0.9627236,-0.02687807,-0.6377433,118.41763,105.44549,-11.026633,WAL
2032717347000,245.199959,-0.0667410508707521,-14.6632053662807,-0.509278247736044,1.1258247,0.02321288,-0.73639804,118.24153,105.00207,-10.814651,WAL
2032722562000,245.205174,0.227433175630746,-14.0511570828724,-0.527240867709327,1.2916746,0.057421334,-0.83658,118.104706,104.51161,-10.538573,WAL
2032727327000,245.209939,0.196970235260729,-13.5920371090978,-0.533768635971772,1.459968,0.051618114,-0.9398162,117.967834,103.98206,-10.241228,WAL
2032732572000,245.215184,0.163438625136754,-13.0866679039672,-0.540953975853519,1.6597209,0.04062254,-1.0311406,117.86204,103.40072,-9.89362,WAL
2032737353000,245.219965,0.132873395774938,-12.6260062891474,-0.547503663169941,1.8732183,0.05467244,-1.1175779,117.758865,102.779144,-9.526618,WAL
2032742315000,245.224927,0.101151022193401,-12.1479048600038,-0.554301309784475,2.1160371,0.09040806,-1.1927143,117.65734,102.1144,-9.146318,WAL
2032747374000,245.229986,-0.221720866320231,-11.8819095014429,-0.543398267330083,2.38268,0.14905111,-1.2739595,117.564964,101.40506,-8.748546,WAL
2032752250000,245.234862,-0.588824500240422,-11.6681535026371,-0.529457633396358,2.6703975,0.21930063,-1.3545936,117.486015,100.654015,-8.338548,WAL
2032757327000,245.239939,-1.09144994145557,-11.6993006094115,-0.453667646048324,2.9321532,0.26236662,-1.4343116,117.41916,99.89764,-7.938687,WAL
2032762293000,245.244905,-1.61040386018122,-11.7873372806898,-0.365630800592362,3.1230485,0.26419923,-1.5137241,117.360504,99.1168,-7.525416,WAL
2032767277000,245.249889,-2.08403791038073,-12.0395505324212,-0.348379848024985,3.2592716,0.24556783,-1.5628988,117.28799,98.381165,-7.1656737,WAL
2032772243000,245.254855,-2.54142113364069,-12.3413293204442,-0.353095145280587,3.3197472,0.2302962,-1.5958854,117.217995,97.66261,-6.7984285,WAL
2032777302000,245.259914,-2.98335514344149,-12.717429073353,-0.502497021911504,3.297756,0.22540927,-1.5925257,117.096085,97.07451,-6.523683,WAL
2032782284000,245.264896,-3.4102735006293,-13.1115072328417,-0.699536268212389,3.2210925,0.23671028,-1.5848899,116.97634,96.5498,-6.2499776,WAL
2032787311000,245.269923,-3.82697170757737,-13.4783947598719,-1.16328560565635,3.1138856,0.2507602,-1.566564,116.798416,96.19602,-6.067853,WAL
2032792349000,245.274961,-4.238907406873,-13.8336893596585,-1.73484622175027,2.9749138,0.30176744,-1.5467108,116.6369,95.92386,-5.893361,WAL
2032797358000,245.27997,-4.63807660009861,-14.0755395907701,-2.25025593887191,2.784629,0.3652974,-1.5219707,116.48568,95.7686,-5.768485,WAL
2032802309000,245.284921,-5.03082286492456,-14.2952905630608,-2.75054001326299,2.500577,0.5934556,-1.5167783,116.39933,84.33707,-5.6458325,WAL
2032807310000,245.289922,-5.55225435292953,-14.6298766845804,-3.05663831063935,2.3362541,0.7125743,-1.5045611,116.35124,84.38495,-5.552934,WAL
2032812340000,245.294952,-6.10529050692795,-14.9922104246833,-3.3188535945863,2.0839667,0.64996064,-1.5048665,116.317406,84.43072,-5.4575224,WAL
2032817327000,245.299939,-6.75025381232368,-15.2520655157758,-3.35332389680772,1.9165897,0.57543504,-1.5607607,116.40884,84.49862,-5.3318777,WAL
2032822301000,245.304913,-7.41774541054195,-15.4863507936154,-3.33122153823311,1.8017471,0.5314528,-1.6951511,116.4894,84.59194,-5.184549,WAL
2032827299000,245.309911,-7.56940964674026,-15.0958399887523,-3.25967898706519,1.7143933,0.45142943,-1.8493946,116.60225,84.6947,-5.023602,WAL
2032832337000,245.314949,-7.42369087473443,-14.3421222387003,-3.15918337450531,1.7046194,0.34147367,-1.9141463,116.68994,84.80351,-4.8518753,WAL
2032837309000,245.319921,-6.8607415788967,-13.3542114471936,-3.28718483626649,1.7611245,0.2968805,-1.8729129,116.80717,84.867386,-4.7011046,WAL
2032842295000,245.324907,-6.1344016246847,-12.2692987451622,-3.50324798841822,1.7864754,0.38606682,-1.7605137,116.927124,84.92167,-4.556098,WAL
2032847371000,245.329983,-5.33889285024572,-11.3742839320818,-3.8306671915864,1.8344283,0.5934556,-1.6077974,117.08285,84.93607,-4.417081,WAL
2032852327000,245.334939,-4.53183177833694,-10.6138740476705,-4.20853963774327,1.9312505,0.91874135,-1.4639386,117.29437,84.8988,-4.3152404,WAL
2032857306000,245.339918,-3.79167026188788,-10.2142441058936,-4.06029348101581,2.0909917,1.2342533,-1.3536774,117.579384,84.8694,-4.180692,WAL
2032862408000,245.34502,-3.07994507555343,-10.0456776439866,-3.55927654319118,2.2366831,1.473407,-1.3362677,117.93205,84.79885,-4.070166,WAL
2032867313000,245.349925,-2.42164999453821,-9.88077402306321,-3.06407432008596,2.2953262,1.4834863,-1.3362677,118.32459,84.76812,-3.9091077,WAL
2032872304000,245.354916,-1.77525919601635,-9.7104076847678,-2.54796384727959,2.3295345,1.432479,-1.3451253,118.76382,84.69866,-3.7594473,WAL
2032877293000,245.359905,-1.28380162526951,-9.65535869528237,-2.17361128873504,2.3386977,1.4443909,-1.3002267,119.15727,84.61934,-3.5606148,WAL
2032882322000,245.364934,-0.888447469191969,-9.67441179616259,-1.88781298496687,2.3225098,1.5005904,-1.2272283,119.54423,84.5163,-3.374325,WAL
2032887308000,245.36992,-0.608564070274579,-9.82084170770593,-1.7245546704163,2.3026567,1.6426166,-1.1866057,119.85837,84.41807,-3.142198,WAL
2032892292000,245.374904,-0.406573660165338,-10.0557141179018,-1.64469800189942,2.2586741,1.8701639,-1.1859949,120.21051,84.30706,-2.9305935,WAL
2032897316000,245.379928,-0.273593576517423,-10.1636443419041,-1.60625093651345,2.2058344,1.9792033,-1.1826351,120.53076,84.182465,-2.6869805,WAL
2032902344000,245.384956,-0.197108427187531,-10.1684242612926,-1.60147061780006,2.1389446,2.1044307,-1.1618657,120.9181,84.05681,-2.4629135,WAL
2032907337000,245.389949,-0.0527719769317849,-10.1219485267883,-1.67609442710061,2.1132884,2.1997259,-1.1304061,121.34048,83.90495,-2.2103634,WAL
2032912325000,245.394937,0.147683943603006,-10.0333751402362,-1.81594739378355,2.058616,2.3383923,-1.0952814,121.80658,83.76579,-1.977869,WAL
2032917315000,245.399927,0.326169307204035,-9.84361880031649,-1.78373445202255,2.0134118,2.3906212,-1.0296134,122.28653,83.596695,-1.7396805,WAL
2032922307000,245.404919,0.482201833458609,-9.55046729087133,-1.57569108697458,1.971873,2.3423629,-0.97310835,122.771,83.43488,-1.51742,WAL
2032927286000,245.409898,0.556810307261334,-9.19137083302617,-1.60090285895687,1.9129245,2.277611,-0.92057395,123.27772,83.28091,-1.2773633,WAL
2032932317000,245.414929,0.539051044157759,-8.75182870033174,-1.89393097832658,1.8848248,2.2773056,-0.8338311,123.78112,83.12341,-1.0704468,WAL
2032937270000,245.419882,0.469304821637427,-8.32903383662666,-2.14325645669437,1.9077321,2.2473733,-0.7788532,124.26229,82.9102,-0.8393988,WAL
2032942349000,245.424961,0.269692201169591,-7.91982786826716,-2.3029465322253,1.8930714,2.1734586,-0.7281514,124.7229,82.71427,-0.6366038,WAL
2032947282000,245.429894,0.0564959073665037,-7.56636608283003,-2.41487118220688,1.861001,2.0885482,-0.6948592,125.217834,82.51058,-0.43626544,WAL
2032952352000,245.434964,-0.199519096487393,-7.28707688697153,-2.44745483909501,1.7971655,2.0259347,-0.6921103,125.69154,82.32464,-0.24433367,WAL
2032957290000,245.439902,-0.431554483383144,-7.02716659658299,-2.49567878864316,1.7330247,1.9596558,-0.6976081,126.23396,82.09608,-0.07856085,WAL
2032962336000,245.444948,-0.619306823514644,-6.79608689156206,-2.59196207866109,1.6612481,1.9230038,-0.69027776,126.75938,81.894646,0.08137831,WAL
2032967280000,245.449892,-0.793626162353292,-6.60324177635767,-2.68506555313308,1.5876387,1.9007072,-0.6814202,127.320465,81.6763,0.21247913,WAL
2032972307000,245.454919,-0.942066712353292,-6.50747352635767,-2.77604525313308,1.5396858,1.8851302,-0.6899723,127.86729,81.47799,0.34548846,WAL
2032977294000,245.459906,-1.079990880482,-6.40214793781613,-2.85585172975305,1.4813483,1.8585575,-0.6918049,128.42432,81.30756,0.44802055,WAL
2032982314000,245.464926,-1.1896544558068,-6.26387663562432,-2.90353152346524,1.4193454,1.8472565,-0.6899723,128.97607,81.15889,0.55033046,WAL
2032987336000,245.469948,-1.32099163151758,-6.14714233075306,-2.91644153985092,1.3374895,1.8457294,-0.7067711,129.55905,81.01901,0.64128435,WAL
2032992324000,245.474936,-1.52185563629587,-6.10149121473624,-2.81600956129587,1.2770138,1.858863,-0.72326446,130.13806,80.89714,0.7299006,WAL
2032997392000,245.480004,-1.71979457590042,-6.02993395607591,-2.69495999206203,1.180497,1.8915442,-0.743423,130.73575,80.80786,0.8069228,WAL
2033002348000,245.48496,-1.87960148107336,-5.82170079721457,-2.47219873965922,1.1093313,1.949271,-0.7516697,131.33987,80.73428,0.88221854,WAL
2033007324000,245.489936,-2.02979311228521,-5.61807870052341,-2.22777548234248,1.0567969,1.9291124,-0.7651087,131.93733,80.663124,0.93632233,WAL
2033012372000,245.494984,-2.13482591007308,-5.43665853579893,-1.88403190738692,0.91538155,1.9083431,-0.78038037,132.54694,80.64273,0.98973674,WAL
2033017337000,245.499949,-2.24077007327797,-5.24238252589155,-1.52780241255496,0.75625116,1.8854356,-0.79412484,133.14783,80.60196,1.0230988,WAL
2033022344000,245.504956,-2.36179943871519,-4.9612817920127,-1.07101401046654,0.6105598,1.8762726,-0.7831292,133.7422,80.602745,1.0529687,WAL
2033027301000,245.509913,-2.4816202025403,-4.68298813556424,-0.618787106301905,0.4636467,1.8478674,-0.79443026,134.31352,80.589905,1.077613,WAL
2033032317000,245.514929,-2.6186016296281,-4.57619776886364,-0.375493935326446,0.32375857,1.7815884,-0.79901177,134.86678,80.62081,1.0985444,WAL
2033037327000,245.519939,-2.76234277363636,-4.546458295,-0.226796193363636,0.20555615,1.7201965,-0.77366084,135.40842,80.690994,1.114921,WAL
2033042286000,245.524898,-2.86710790025443,-4.47579404309619,-0.142059868272825,0.093767814,1.6899587,-0.7473936,135.91928,80.69766,1.1083834,WAL
2033047363000,245.529975,-2.96226684803797,-4.39015112920051,-0.0754486296653293,-0.009773844,1.68385,-0.71837753,136.41455,80.738686,1.0946265,WAL
2033052346000,245.534958,-3.00512213333333,-4.21946133,0.0763750331666667,-0.115453534,1.6823229,-0.6762278,136.90025,80.78513,1.0464193,WAL
2033057335000,245.539947,-3.02882186309524,-4.01564345607143,0.261233053994048,-0.23640485,1.6554449,-0.6395759,137.37209,80.86732,0.99236,WAL
2033062341000,245.544953,-2.93725634823896,-3.76461124868651,0.381762183265227,-0.35521814,1.6022996,-0.6017023,137.8371,80.96206,0.9081491,WAL
2033067360000,245.549972,-2.79695864637089,-3.49336901856392,0.475293977999611,-0.48838675,1.561677,-0.571159,138.29277,81.09616,0.8161071,WAL
2033072341000,245.554953,-2.6686983309317,-3.25543092180221,0.568990102795105,-0.643852,1.4718798,-0.5308419,138.71175,81.226715,0.70846736,WAL
2033077297000,245.559909,-2.54690311458745,-3.03526267620411,0.662678733762337,-0.7855727,1.3665055,-0.48655418,139.10933,81.390594,0.593419,WAL
2033082310000,245.564922,-2.42831051201165,-2.85170707075424,0.743629384744401,-0.92179567,1.2687671,-0.4465425,139.47885,81.564606,0.4938988,WAL
2033087310000,245.569922,-2.31289251462288,-2.69300741222256,0.815765620558401,-1.063211,1.1432343,-0.38637227,139.80418,81.77893,0.38201702,WAL
2033092315000,245.574927,-2.2128250011171,-2.57973736187911,0.920592293237582,-1.1921035,1.0772609,-0.33383787,140.1149,81.99342,0.28341645,WAL
2033097319000,245.579931,-2.12200878962697,-2.49370075397965,1.04486727707959,-1.321607,0.95447695,-0.30818152,140.3691,82.24494,0.18322013,WAL
2033102311000,245.584923,-2.08627549197253,-2.46270777736008,1.22245057704886,-1.3866642,0.8228355,-0.26267207,140.597,82.48396,0.08713788,WAL
2033107299000,245.589911,-2.08391566012943,-2.46506755992195,1.43247137289927,-1.5082263,0.65576386,-0.20189096,140.77534,82.77111,-0.014049699,WAL
2033112288000,245.5949,-2.08155535518451,-2.46742781557575,1.64253427396137,-1.6050484,0.5036584,-0.1328632,140.91158,83.02243,-0.10259291,WAL
2033117319000,245.599931,-2.07917517996344,-2.46980794109075,1.85436559391395,-1.706452,0.35796702,-0.07238753,140.9978,83.30326,-0.2000037,WAL
2033122304000,245.604916,-2.05672158046293,-2.72011932604943,2.05936104197725,-1.8194622,0.20616703,0.007330383,141.03983,83.60066,-0.31877676,WAL
2033127293000,245.609905,-2.01923342416634,-3.15591953444488,2.26086007779521,-1.9095647,0.06841691,0.101098195,141.0401,83.910126,-0.45449916,WAL
2033132319000,245.614931,-1.935307055957,-3.76912412502239,2.53934373135264,-1.9969184,-0.06078109,0.1563815,140.97388,84.10233,-0.56899303,WAL
2033137313000,245.619925,-1.81153966091371,-4.53076951827411,2.88208408375635,-2.0909917,-0.17562376,0.25350907,140.867,84.30783,-0.71887755,WAL
2033142310000,245.624922,-1.68128298978265,-5.56829259543977,3.37887854146862,-2.13925,-0.25625798,0.38606682,140.72343,84.400764,-0.8374519,WAL
2033147322000,245.629934,-1.5447838218769,-6.86015962209019,4.0174997320841,-2.1389446,-0.33536503,0.52198434,140.54495,84.49441,-0.98326254,WAL
2033152310000,245.634922,-1.29917109664275,-8.54815086223946,4.76049841988366,-2.0503693,-0.34788775,0.6239988,140.35486,84.36192,-1.0355165,WAL
2033157303000,245.639915,-0.965402464573921,-10.560034106253,5.59028424279205,-1.8774943,-0.30909783,0.70616025,140.15593,84.21209,-1.1292315,WAL
2033162299000,245.644911,-0.424935161194045,-12.5720707858011,6.53831594141179,-1.5894713,-0.22388211,0.76052725,139.96455,83.88498,-1.2261399,WAL
2033167312000,245.649924,0.333554925327122,-14.5898489785295,7.6128436574843,-1.1340714,-0.0421497,0.73823065,139.81119,83.490654,-1.3379235,WAL
2033172304000,245.654916,1.34812797604613,-16.0490767824802,8.58925639796016,-0.49449542,0.05009095,0.61208695,139.65407,82.91494,-1.3993564,WAL
2033177291000,245.659903,2.60459851418359,-16.9914296385473,9.4769799513869,0.2782491,0.08460484,0.27397305,139.54039,82.23788,-1.4061029,WAL
2033182310000,245.664922,3.87203777047062,-17.7582452011689,9.79696996831744,0.9334021,0.20708331,-0.20189096,139.4911,81.40866,-1.2372072,WAL
2033187306000,245.669918,5.1377199436276,-18.268442171537,9.316207034656,1.2983941,0.49602258,-0.5983425,139.51584,80.52231,-1.0260739,WAL
2033192306000,245.674918,5.71075120591862,-18.4737623449005,8.7013613029417,1.3762794,0.64934975,-0.7669413,139.58803,79.62329,-0.6403367,WAL
2033197329000,245.679941,5.49043908138101,-18.3297123138101,7.93026904401973,1.2724323,0.9251554,-0.8005389,139.7961,78.72545,-0.23404899,WAL
2033202245000,245.684857,5.12104935603718,-17.8107555041617,7.17017004440601,1.1866057,1.1065824,-0.82619524,140.12523,77.96604,0.36041263,WAL
2033207309000,245.689921,4.05161056057723,-15.5827580820452,6.36284856374446,0.9776898,1.1878275,-0.8078693,140.50243,77.29013,0.9016444,WAL
2033212345000,245.694957,2.98725127280972,-13.4188901451968,5.63909387746764,0.7556403,1.1930199,-0.75747293,140.93549,76.75743,1.387183,WAL
2033217312000,245.699924,1.93595530501893,-11.3791251396496,5.06946740992339,0.54733527,1.1606439,-0.7128797,141.37427,76.29565,1.8374171,WAL
2033222316000,245.704928,0.884602031248745,-9.3378194848424,4.50562119156796,0.33536503,1.1129965,-0.6771441,141.76976,75.92783,2.1471658,WAL
2033227293000,245.709905,-0.067525022088938,-7.47184166562939,4.06544191233688,0.11911872,1.0613784,-0.6392705,142.14728,75.633705,2.4347508,WAL
2033232280000,245.714892,-0.987197192207432,-5.677755640599,3.62604569706046,-0.10995574,0.9950995,-0.5513059,142.44162,75.42183,2.5518289,WAL
2033237309000,245.719921,-1.49917744731466,-4.78290324625624,3.20310544892771,-0.3231477,0.9334021,-0.43218717,142.7128,75.27792,2.6498199,WAL
2033242329000,245.724941,-2.0102414522139,-3.88965229783694,2.78092210320762,-0.52015173,0.90224797,-0.27763826,142.9125,75.20273,2.5953496,WAL
2033247320000,245.729932,-2.49702002610104,-3.62116187262522,2.37238300494387,-0.7101309,0.874759,-0.10415252,143.07957,75.19425,2.5070477,WAL
2033252357000,245.734969,-2.98006827013835,-3.45074628867888,1.99091492494154,-0.8949176,0.8200866,0.070249505,143.21307,75.24665,2.3813872,WAL
2033257308000,245.73992,-3.3773470932385,-3.86650342653936,1.97705636975838,-1.0622946,0.6747007,0.24373524,143.27908,75.381355,2.1475127,WAL
2033262562000,245.745174,-3.77609151597415,-4.44863491320406,2.00399325743306,-1.2089024,0.38087448,0.36682457,143.27692,75.59689,1.8346647,WAL
2033267312000,245.749924,-3.81809511246537,-6.93944456232687,2.60884426620499,-1.3148874,-0.05131268,0.45753807,143.18362,75.84271,1.5020435,WAL
2033272287000,245.754899,-3.86208835300092,-9.54823993167128,3.24234611223453,-1.3603969,-0.5143485,0.5216789,142.97292,76.11163,1.1055022,WAL
2033277290000,245.759902,-4.00603047170075,-11.5716485375561,3.16501097934165,-1.3213016,-0.96791595,0.5674938,142.63954,76.371124,0.7158567,WAL
2033282274000,245.764886,-4.16791059283791,-13.4761197028429,2.95551906664339,-1.2067643,-1.2767084,0.6178902,142.21365,76.60434,0.32592806,WAL
2033287308000,245.76992,-4.3882037481355,-14.9073064167436,2.28812666208233,-1.01312,-1.3610078,0.68966687,141.71727,76.77136,-0.0663775,WAL
2033292292000,245.774904,-4.61729748983755,-16.2290007442311,1.539166343825,-0.8014552,-1.3109168,0.7266242,141.1781,76.878265,-0.445565,WAL
2033297317000,245.779929,-4.56571936876094,-17.1646276643321,1.40642547974045,-0.691194,-1.1148291,0.7431176,140.6893,77.03647,-0.83725035,WAL
2033302282000,245.784894,-4.37961818990627,-17.8992374866619,1.57293697469358,-0.40744713,-0.8445212,0.7119634,140.24518,77.06564,-1.2218871,WAL
2033307307000,245.789919,-3.43331583475816,-18.2845118722347,1.87854165070304,-0.0021380284,-0.59956425,0.62858033,139.90657,77.17191,-1.5969495,WAL
2033312295000,245.794907,-2.21535564533183,-18.5352692179415,2.23228749670979,0.52320606,-0.6203337,0.49235737,139.58218,77.14982,-1.9351127,WAL
2033317314000,245.799926,-1.06446965168619,-17.4042774122707,1.57845118111929,1.0015136,-0.9440922,0.25534168,139.2749,77.03904,-2.174708,WAL
2033322306000,245.804918,0.0305080253539227,-15.3580064801534,0.255559525013991,1.1203269,-1.3200798,-0.07849618,138.96729,76.89191,-2.3319309,WAL
2033327302000,245.809914,0.609759795422762,-13.1694130994297,-0.804166838566824,0.90316427,-1.4575244,-0.44348818,138.71437,76.72087,-2.2325683,WAL
2033332286000,245.814898,0.933251516100504,-10.9168061659641,-1.73124672577072,0.4089743,-1.2461652,-0.6817256,138.47244,76.610016,-2.0803807,WAL
2033337283000,245.819895,1.05641909917483,-8.70608961557927,-2.38855199837166,-0.1740966,-0.9627236,-0.8151997,138.30313,76.7274,-1.7421118,WAL
2033342281000,245.824893,0.561392246913852,-6.64172260226648,-2.20949976191,-0.7501425,-0.90469146,-0.8042041,138.13837,76.975494,-1.3902743,WAL
2033347270000,245.829882,-0.0153067236345581,-5.07682515640516,-2.04222798356504,-1.1921035,-1.0424415,-0.6899723,138.00745,77.42641,-0.9973228,WAL
2033352270000,245.834882,-0.704798779245283,-4.17810787735849,-1.89006418018868,-1.4602734,-1.260215,-0.5335908,137.86496,77.978035,-0.62581486,WAL
2033357272000,245.839884,-1.33323828943669,-3.47909146684487,-1.9447582986734,-1.6362026,-1.4581354,-0.41538838,137.63564,78.548676,-0.34510761,WAL
2033362275000,245.844887,-1.8739823017127,-3.06641831099891,-2.29576751071181,-1.7305813,-1.5442673,-0.2950479,137.3673,79.16414,-0.10830294,WAL
2033367252000,245.849864,-2.35475724953125,-2.8264447203125,-2.606896518125,-1.7825048,-1.5601498,-0.18112154,137.00185,79.76912,0.00064545294,WAL
2033372290000,245.854902,-2.75054120115234,-2.85471508339844,-2.86132909710938,-1.777007,-1.5696182,-0.063224554,136.60727,80.38267,0.07157015,WAL
2033377262000,245.859874,-3.12761611138755,-2.94534127005605,-3.13230986408693,-1.7623463,-1.6074919,0.09101892,136.16388,81.04381,0.022544745,WAL
2033382269000,245.864881,-3.48127235325007,-3.15753496593569,-3.44352738646868,-1.7614299,-1.6471981,0.26358834,135.71082,81.70682,-0.0739812,WAL
2033387268000,245.86988,-3.78915925042182,-3.42866201968805,-3.72936955765156,-1.749518,-1.6560557,0.45662177,135.23586,82.38653,-0.2851701,WAL
2033392298000,245.87491,-3.99707933831666,-3.83505152910536,-3.96091697760447,-1.7272215,-1.6609426,0.54305923,134.74956,83.05263,-0.5238725,WAL
2033397401000,245.880013,-4.10212552818016,-4.22550497924528,-4.18087341722459,-1.7085901,-1.6646078,0.7119634,134.2447,83.726974,-0.9014718,WAL
2033402254000,245.884866,-3.95597402160682,-4.54609599056604,-4.35531262659769,-1.6707164,-1.6362026,0.88331115,133.7491,84.34249,-1.3154137,WAL
2033407227000,245.889839,-3.80017185322627,-4.89166934148205,-4.45239149255103,-1.6022996,-1.5897768,1.0604621,133.25716,84.88794,-1.8171569,WAL
2033412258000,245.89487,-3.62771421542034,-5.2831943961691,-4.34984927774016,-1.5393804,-1.5570955,1.235475,132.77248,85.289276,-2.3755867,WAL
2033417232000,245.899844,-3.44919834090177,-5.72013116928341,-4.25509220219404,-1.4654657,-1.5219707,1.4001031,132.32158,85.53201,-2.9559703,WAL
2033422225000,245.904837,-3.24226100362319,-6.33131889221015,-4.18290450769928,-1.4095715,-1.4544702,1.5720617,131.89583,85.534035,-3.5941117,WAL
2033427221000,245.909833,-3.04833076511788,-7.00972767327612,-4.11432806579856,-1.3515394,-1.3600914,1.724778,131.50516,85.3146,-4.2412553,WAL
2033432233000,245.914845,-2.89680985202723,-7.90938241491565,-4.05750784699615,-1.282817,-1.2177598,1.840537,131.15712,84.88901,-4.927973,WAL
2033437230000,245.919842,-2.7038575117799,-8.7907617609257,-4.01367411386571,-1.2235631,-1.0894781,1.9529362,130.8566,84.34453,-5.605404,WAL
2033442218000,245.92483,-2.3527535393524,-9.61158551499801,-4.01841875812475,-1.1905763,-0.9416488,2.069917,130.61337,83.685356,-6.312539,WAL
2033447258000,245.92987,-1.99764552443149,-10.4644765126336,-3.99892172899903,-1.1368202,-0.82863873,2.1774292,130.4236,96.99632,-6.986182,WAL
2033452305000,245.934917,-1.64065870728863,-11.4133100602527,-3.88149182137998,-1.0812315,-0.72326446,2.245846,130.28456,97.723564,-7.670997,WAL
2033457297000,245.939909,-1.2893643019368,-12.3132054216786,-3.77427382337751,-1.0855075,-0.6047566,2.259896,130.21857,98.37561,-8.256804,WAL
2033462331000,245.944943,-0.945360703465851,-13.0012127896704,-3.7169399330615,-1.0922271,-0.43982297,2.2241604,130.20403,99.0336,-8.833555,WAL
2033467244000,245.949856,-0.609625765188583,-13.6726828331634,-3.66098415174991,-1.0900891,-0.2657264,2.1135938,130.25378,99.54714,-9.261776,WAL
2033472304000,245.954916,-0.214786894898042,-14.0749942795983,-3.40084873063813,-1.1142182,-0.09865474,1.9474384,130.35133,100.03439,-9.6511965,WAL
2033477305000,245.959917,0.18849703783707,-14.3956782676271,-3.08988277591559,-1.1792754,0.059864793,1.72264,130.49654,100.47539,-9.980106,WAL
2033482318000,245.96493,0.645090512343335,-14.2561912666995,-2.84063721130349,-1.2776246,0.21777347,1.461495,130.70695,100.73412,-10.117839,WAL
2033487242000,245.969854,1.10435895812002,-14.0242372003935,-2.60868343564191,-1.4016303,0.2950479,1.1963795,130.93382,100.94731,-10.188749,WAL
2033492295000,245.974907,1.51809761568405,-13.5609138582766,-2.37087125801209,-1.4584408,0.42088616,1.063211,131.2277,101.00073,-10.113676,WAL
2033497304000,245.979916,1.91241064845994,-13.0396953211451,-2.1351899045446,-1.5668694,0.41263947,0.79534656,131.49348,100.98765,-9.936379,WAL
2033502312000,245.984924,2.00035740531785,-11.9930588086322,-1.42089735954012,-1.6300939,0.20158553,0.52320606,131.73492,100.80935,-9.605642,WAL
2033507272000,245.989884,1.94254333697219,-10.7078067610711,-0.48697715869001,-1.6853772,-0.19211712,0.26725355,131.9145,100.61646,-9.231448,WAL
2033512326000,245.994938,1.62182631900826,-9.82615385723141,-0.142138407683471,-1.7055358,-0.7067711,0.054061573,132.0003,100.334145,-8.7625,WAL
2033517326000,245.999938,1.08263623636364,-9.31664404318182,-0.315272822972727,-1.7321084,-1.2852604,-0.13255776,131.95464,100.05091,-8.268499,WAL
2033522309000,246.004921,0.584346571523441,-8.93047729011795,-0.831015075541679,-1.7641789,-1.8051068,-0.3182608,131.7046,99.787766,-7.838508,WAL
2033527298000,246.00991,0.110774481847557,-8.62265564396868,-1.56978754057885,-1.7760907,-2.1563544,-0.4642576,131.34816,99.52558,-7.399661,WAL
2033532316000,246.014928,-0.374358717352113,-8.45934209014085,-2.13287624028169,-1.7027869,-2.281887,-0.53878313,130.8995,99.36625,-7.0595827,WAL
2033537317000,246.019929,-0.864037770773083,-8.39938122190923,-2.56759133492958,-1.5668694,-2.2519548,-0.57451874,130.40927,99.19863,-6.7127414,WAL
2033542308000,246.02492,-1.22782929808153,-8.36739631654676,-2.82102409376499,-1.4257594,-2.185065,-0.5891795,129.90768,99.18893,-6.455616,WAL
2033547324000,246.029936,-1.53195012386571,-8.34896486215827,-2.98690814556355,-1.3069462,-2.0720549,-0.5656612,129.44093,99.17328,-6.2089176,WAL
2033552313000,246.034925,-1.74615079031075,-8.33327490909091,-3.20393999764524,-1.2425,-1.96271,-0.52290064,128.94759,99.317726,-6.066834,WAL
2033557306000,246.039918,-1.89843420642733,-8.31943068181818,-3.45774577148234,-1.2009611,-1.8442022,-0.44837508,128.49765,99.46016,-5.9435425,WAL
2033562286000,246.044898,-2.0317625359941,-8.30497997651643,-3.32290089398694,-1.1640037,-1.6847663,-0.34422258,128.07144,99.68019,-5.8982744,WAL
2033567316000,246.049928,-2.1484370303075,-8.28976126021483,-2.81054777425232,-1.1203269,-1.6013832,-0.2434298,127.66474,99.903206,-5.87666,WAL
2033572305000,246.054917,-2.24893302083928,-8.34257372052526,-2.44414345851175,-1.1377366,-1.6093245,-0.12614368,127.27527,100.21139,-5.914124,WAL
2033577291000,246.059903,-2.33980746114759,-8.43799235255495,-2.16697646776097,-1.1933253,-1.6044376,-0.020463986,126.9205,100.53142,-5.9764886,WAL
2033582313000,246.064925,-2.34151401070358,-8.47744329362537,-1.90602198641389,-1.2360858,-1.5711454,0.04153884,126.56094,100.81198,-6.099083,WAL
2033587305000,246.069917,-2.25754598160967,-8.46262563064366,-1.66399663338155,-1.2507466,-1.5488489,0.09193522,126.20828,101.10704,-6.2484493,WAL
2033592307000,246.074919,-2.11174282070914,-8.43752737405026,-1.46436708718099,-1.258077,-1.5018122,0.11575896,125.8713,101.37627,-6.4345746,WAL
2033597340000,246.079952,-1.91924302329047,-8.40466138398597,-1.29534290590298,-1.2770138,-1.4294246,0.17684549,125.556046,101.65723,-6.640399,WAL
2033602311000,246.084923,-1.72587936741926,-8.34747476440561,-1.24822545081967,-1.2815952,-1.3494014,0.24556783,125.2714,101.89579,-6.8526387,WAL
2033607309000,246.089921,-1.52853721090606,-8.26759802071267,-1.30930756557377,-1.2852604,-1.2428054,0.32803464,125.02135,102.14265,-7.07638,WAL
2033612303000,246.094915,-1.36095600515349,-8.19112616731043,-1.39495763473267,-1.2501358,-1.1111639,0.40225476,124.842476,102.33488,-7.295021,WAL
2033617314000,246.099926,-1.22437304543606,-8.11795680646473,-1.50715070563123,-1.1771374,-0.93737274,0.46089783,124.70866,102.52381,-7.517519,WAL
2033622341000,246.104953,-1.10992607171226,-8.06816469814076,-1.5023784711574,-1.0595458,-0.7611381,0.5186246,124.62639,102.714096,-7.7294946,WAL
2033627333000,246.109945,-1.01685216815925,-8.04024244446608,-1.39068979661248,-0.9279043,-0.61575216,0.5864306,124.586525,102.89056,-7.945511,WAL
2033632324000,246.114936,-0.947402581500148,-8.05624934687222,-1.25396264853246,-0.80939645,-0.54153204,0.6221663,124.57185,103.07171,-8.141452,WAL
2033637347000,246.119959,-0.904617830052377,-8.1228032281846,-1.08757754813717,-0.70371675,-0.52198434,0.65668017,124.58404,103.232956,-8.3434105,WAL
2033642318000,246.12493,-0.873376874868062,-8.1998081978162,-0.990220906151046,-0.63529986,-0.535118,0.6646214,124.585205,103.37954,-8.534335,WAL
2033647375000,246.129987,-0.855749985841674,-8.29234991737944,-0.977000739381256,-0.6102544,-0.58032197,0.6618725,124.581436,103.51316,-8.725126,WAL
2033652244000,246.134856,-0.848666269797991,-8.3912707274495,-1.00151964657016,-0.62888575,-0.63713247,0.6469063,124.543236,103.62984,-8.90684,WAL
2033657344000,246.139956,-0.875047247004429,-8.52845147175111,-1.15452923282921,-0.66248333,-0.6627888,0.63285637,124.49879,103.74143,-9.08252,WAL
2033662289000,246.144901,-0.905036700533437,-8.61494713116908,-1.29176422609754,-0.73639804,-0.6792821,0.6075055,124.42123,103.87376,-9.250472,WAL
2033667353000,246.149965,-0.942803226782829,-8.62910962041273,-1.41450542161978,-0.8512407,-0.6826419,0.5992588,124.33966,104.01859,-9.414548,WAL
2033672245000,246.154857,-1.00536663378878,-8.64121145417023,-1.51889932115001,-0.97005403,-0.6817256,0.5983425,124.24459,104.20398,-9.570981,WAL
2033677316000,246.159928,-1.12517532408198,-8.65042745175064,-1.597235805807,-1.0833695,-0.6844745,0.59620446,124.14836,104.40409,-9.720326,WAL
2033682274000,246.164886,-1.23692827395962,-8.66613825829213,-1.66005188009889,-1.1792754,-0.6795876,0.6087272,124.04854,104.653984,-9.874237,WAL
2033687351000,246.169963,-1.33208761248455,-8.70620540049444,-1.67507703881335,-1.255328,-0.68936145,0.6169739,123.9462,104.91358,-10.022581,WAL
2033692307000,246.174919,-1.38493894158416,-8.7327204950495,-1.65631347326733,-1.2907583,-0.6951646,0.6264423,123.83845,105.20374,-10.185024,WAL
2033697392000,246.180004,-1.33766853083867,-8.72799335032033,-1.552318362318,-1.3096951,-0.6976081,0.6407976,123.733,105.498726,-10.346399,WAL
2033702313000,246.184925,-1.29920355834912,-8.75797406968398,-1.43159843921842,-1.3118331,-0.7131852,0.6597345,123.60634,105.8078,-10.517608,WAL
2033707336000,246.189948,-1.2848168270661,-8.90663654231881,-1.23977592295883,-1.2880094,-0.7492262,0.67164636,123.47718,106.10594,-10.687074,WAL
2033712376000,246.194988,-1.28594929652799,-9.10254131936546,-1.03837124490871,-1.2626585,-0.788627,0.68875057,123.33219,106.40486,-10.867829,WAL
2033717357000,246.199969,-1.33830113218597,-9.44996743599721,-0.809926687254315,-1.2226468,-0.8246681,0.6994407,123.181625,106.686,-11.046923,WAL
2033722328000,246.20494,-1.39914154523741,-9.80881732968825,-0.591906354203357,-1.1869112,-0.8378017,0.6942484,123.00328,106.94517,-11.233621,WAL
2033727344000,246.209956,-1.49129939456115,-10.2143117319904,-0.407590722917026,-1.1551461,-0.8378017,0.68630713,122.82175,107.188446,-11.418708,WAL
2033732308000,246.21492,-1.58312687978799,-10.6020628032307,-0.228321509751641,-1.1175779,-0.82772243,0.67103547,122.59877,107.40774,-11.618952,WAL
2033737346000,246.219958,-1.68054827017668,-10.9040691592125,-0.0675761876355376,-1.0757337,-0.8396343,0.65118235,122.371,107.608604,-11.811851,WAL
2033742314000,246.224926,-1.76898141773779,-11.1575068030848,0.0717792771568123,-1.006095,-0.89766645,0.63071835,122.09501,107.77953,-12.022078,WAL
2033747369000,246.229981,-1.81520542930591,-11.161062196401,0.103780512507528,-0.9428705,-1.0048733,0.6209445,121.80292,107.93472,-12.22831,WAL
2033752290000,246.234902,-1.8602041159383,-11.1645233419023,0.13493344607051,-0.82863873,-1.138042,0.61453044,121.45421,108.052925,-12.451586,WAL
2033757284000,246.239896,-1.84947467993275,-11.1425139373034,-0.0041386300195249,-0.6740898,-1.2568552,0.61850107,121.08106,108.14561,-12.674999,WAL
2033762331000,246.244943,-1.76034566725241,-11.0848426966048,-0.381626260475106,-0.5002986,-1.2971723,0.61422503,120.69344,108.20509,-12.891738,WAL
2033767285000,246.249897,-1.60234872927779,-11.1247112070722,-0.92281731920887,-0.28099802,-1.255328,0.60231316,120.27757,108.24309,-13.125423,WAL
2033772285000,246.254897,-1.39189053329338,-11.2347236933373,-1.59245716537808,-0.03390302,-1.1108584,0.5867361,119.88096,108.23961,-13.345882,WAL
2033777302000,246.259914,-0.791166169501178,-11.1427805655931,-2.20884192372349,0.20708331,-0.90133166,0.5412266,119.5534,108.22074,-13.52339,WAL
2033782291000,246.264903,0.0908442304153574,-10.9035113784368,-2.78121033747054,0.39492437,-0.7791586,0.4908302,119.24214,108.16292,-13.686065,WAL
2033787265000,246.269877,0.656858112889393,-10.7148900141956,-3.00003474669756,0.45814893,-0.5326745,0.46883908,119.1121,108.123985,-13.768358,WAL
2033792306000,246.274918,0.956683738170347,-10.5673572776025,-2.91437029652997,0.4370741,-0.33475417,0.40744713,118.99793,108.0494,-13.819781,WAL
2033797417000,246.280029,1.06069724693625,-10.5876106927341,-2.84002561893684,0.29810223,-0.1777618,0.3155119,119.05877,107.97777,-13.720815,WAL
2033802433000,246.285045,0.984613658221144,-10.7587982025342,-2.77820771396753,0.076052725,-0.09040806,0.20005837,119.14928,107.90999,-13.594304,WAL
2033807335000,246.289947,0.770972162182989,-10.8968812353687,-2.62734814489856,-0.14813483,-0.04153884,0.073303826,119.27349,107.836205,-13.412144,WAL
2033812314000,246.294926,0.417489727857979,-11.0085070934452,-2.38549176291455,-0.34025195,-0.046120327,-0.067500606,119.3972,107.77459,-13.196361,WAL
2033817312000,246.299924,0.0185174602214189,-10.9785599909625,-2.09491457894261,-0.46792278,-0.07360926,-0.17531833,119.50297,107.73357,-12.973933,WAL
2033822304000,246.304916,-0.435145357875282,-10.7711716030728,-1.74494609915951,-0.5723807,-0.13805555,-0.24770586,119.58813,107.70906,-12.730521,WAL
2033827280000,246.309892,-0.88043140726002,-10.5594246231298,-1.41140604836737,-0.6270532,-0.22602014,-0.28038713,119.60042,107.69215,-12.532533,WAL
2033832320000,246.314932,-1.30738734295948,-10.3274976601507,-1.12676878725565,-0.65301496,-0.33475417,-0.3051272,119.58356,107.681915,-12.327875,WAL
2033837269000,246.319881,-1.62161062044903,-10.2370589796723,-0.921704725940534,-0.6404922,-0.41325033,-0.29871312,119.471756,107.6991,-12.227263,WAL
2033842308000,246.32492,-1.77778384599515,-10.3590697421117,-0.82897688282767,-0.5919284,-0.47036624,-0.28069258,119.33536,107.712296,-12.132363,WAL
2033847293000,246.329905,-1.82586155790203,-10.6055145562593,-0.724197132112815,-0.5109888,-0.473726,-0.24953845,119.13991,107.744354,-12.125246,WAL
2033852313000,246.334925,-1.7259519331618,-11.028941247996,-0.600499463631865,-0.41080686,-0.44257188,-0.20097467,118.9425,107.76766,-12.130723,WAL
2033857264000,246.339876,-1.58415563899113,-11.5316794999046,-0.444515631526652,-0.28863382,-0.38912117,-0.15027285,118.72612,107.78391,-12.173254,WAL
2033862349000,246.344961,-1.37054728450462,-12.1817916828454,-0.230907257644703,-0.14813483,-0.31764993,-0.1337795,118.52672,107.77696,-12.2160425,WAL
2033867263000,246.349875,-1.17303482147368,-12.7638805477346,-0.0295316274599542,-0.010079277,-0.25595254,-0.15302174,118.328545,107.70987,-12.23631,WAL
2033872307000,246.354919,-0.991751337684211,-13.2502507293364,0.165016491350114,0.122478485,-0.1966986,-0.20066923,118.1509,107.61404,-12.248243,WAL
2033877283000,246.359895,-0.810584962810556,-13.714500951298,0.353729559098906,0.25137106,-0.14569137,-0.258396,117.96745,107.425026,-12.20761,WAL
2033882317000,246.364929,-0.608892601087749,-14.0609985910749,0.519220694460416,0.36774087,-0.122478485,-0.3203988,117.79167,107.20666,-12.151322,WAL
2033887278000,246.36989,-0.423326154814851,-14.38887508,0.620533413093069,0.4908302,-0.084910266,-0.35216382,117.6007,106.92945,-12.063707,WAL
2033892279000,246.374891,-0.276325963625743,-14.67813292,0.535178484134654,0.54550266,-0.044593163,-0.40530908,117.41429,106.63394,-11.95342,WAL
2033897358000,246.37997,-0.120020321503125,-14.9246382261137,0.402194518386745,0.66645396,0.0015271631,-0.46975538,117.22999,106.26699,-11.8072,WAL
2033902337000,246.384949,0.0550236383291993,-15.0192565160234,0.127801289929557,0.8405506,0.04184427,-0.53786683,117.054924,105.87793,-11.64646,WAL
2033907307000,246.389919,0.212540949744754,-15.0636403161824,-0.125050176472962,1.0280862,0.0983493,-0.5885687,116.913864,105.45003,-11.4446745,WAL
2033912323000,246.394935,0.309468434417877,-14.927942132163,-0.304366022865214,1.2321151,0.13897185,-0.655153,116.77793,104.98119,-11.223307,WAL
2033917325000,246.399937,0.394433768688345,-14.7283241482697,-0.473481467959427,1.4559973,0.14813483,-0.72387534,116.685394,104.48497,-10.962686,WAL
2033922304000,246.404916,0.441851163289578,-14.3252761778043,-0.610991882100239,1.668273,0.13744467,-0.8038987,116.59667,103.9513,-10.6861725,WAL
2033927292000,246.409904,0.453048551568217,-13.9049373821223,-0.741288893518034,1.8866574,0.099571034,-0.88514376,116.526924,103.38507,-10.3838415,WAL
2033932326000,246.414938,0.335443557631992,-13.4219167929953,-0.846293361787768,2.0922134,0.051618114,-0.9960158,116.447784,102.7769,-10.059564,WAL
2033937286000,246.419898,0.219567361779056,-12.9459966257188,-0.949754260202126,2.2962425,0.02321288,-1.1301007,116.38081,102.14229,-9.712721,WAL
2033942301000,246.424913,-0.182502986141537,-12.4529241489666,-1.07606131062958,2.509129,0.044898596,-1.2605205,116.31197,101.46848,-9.344519,WAL
2033947281000,246.429893,-0.604962495523383,-11.962326082484,-1.20325342302124,2.7061331,0.09162979,-1.4004086,116.23922,100.75554,-8.945644,WAL
2033952314000,246.434926,-1.10521955174275,-11.6757791238871,-1.13927265978405,2.8948903,0.17379116,-1.4993688,116.18934,100.05282,-8.555282,WAL
2033957327000,246.439939,-1.61904450232999,-11.4347819265012,-1.03468879297215,3.0454686,0.22724187,-1.5699236,116.14336,99.332794,-8.144005,WAL
2033962327000,246.444939,-2.1548039000389,-11.397875402956,-0.904879719758849,3.1557298,0.3032946,-1.6212363,116.114716,98.69622,-7.796295,WAL
2033967320000,246.449932,-2.69881300095294,-11.4397221224232,-0.765390234091793,3.2238414,0.40378192,-1.6285667,116.109695,98.084236,-7.4506383,WAL
2033972307000,246.454919,-3.23231147777119,-11.5568955287493,-0.740116290456432,3.2189543,0.54336464,-1.6172657,116.094315,97.61742,-7.2129,WAL
2033977296000,246.459908,-3.76098292371073,-11.7126650026675,-0.773158271846473,3.1661146,0.68019843,-1.5619824,116.108215,97.21616,-6.9933887,WAL
2033982312000,246.464924,-4.31642310141786,-11.9273426404699,-0.881001260792992,3.050661,0.73884153,-1.4990633,116.09423,96.96947,-6.8739047,WAL
2033987345000,246.469957,-4.88756013246911,-12.1762992667612,-1.03232820265951,2.9804115,0.8170323,-1.4608842,116.12498,96.787796,-6.765637,WAL
2033992301000,246.474913,-5.43762696656716,-12.4924954058739,-1.07913786284064,2.8151724,0.7959574,-1.3750577,116.15064,96.73373,-6.7337165,WAL
2033997389000,246.480001,-5.99597953014925,-12.8537826008666,-1.07444583025518,2.649628,0.63804877,-1.3069462,116.15809,83.2745,-6.7075186,WAL
2034002342000,246.484954,-6.75015004970017,-13.4241437675577,-1.05535069773351,2.5079072,0.39858958,-1.2797627,116.15637,83.20506,-6.729283,WAL
2034007346000,246.489958,-7.65609096259782,-14.149870749568,-1.02612675794288,2.368019,0.09712757,-1.3765849,116.090775,83.137535,-6.730114,WAL
2034012338000,246.49495,-8.35559051598329,-14.6918888753401,-1.24093713640692,2.2623394,-0.18906279,-1.5964963,115.99309,83.058395,-6.7185755,WAL
2034017345000,246.499957,-8.93331400650991,-15.1251816756704,-1.60434399963078,2.1157317,-0.3399465,-1.8420641,115.84991,83.01142,-6.667618,WAL
2034022339000,246.504951,-8.81345707064998,-14.9044535619701,-2.1737186008478,1.960572,-0.20250183,-1.9422461,115.761314,82.93772,-6.617396,WAL
2034027350000,246.509962,-8.15474169973759,-14.177928861627,-2.90508684639685,1.745242,0.0061086523,-1.8997909,115.65336,82.89753,-6.5382285,WAL
2034032343000,246.514955,-7.32208444642857,-13.2589863285714,-3.36060411535714,1.557401,0.1853976,-1.7531832,115.63779,82.84877,-6.475254,WAL
2034037343000,246.519955,-6.36250359325397,-12.1996470428571,-3.62187608956349,1.4914275,0.3659083,-1.5824465,115.68011,82.78832,-6.434657,WAL
2034042355000,246.524967,-5.4286554160808,-11.3873686114467,-3.90510109688088,1.4819591,0.571159,-1.4327844,115.83777,82.79896,-6.362796,WAL
2034047374000,246.529986,-4.51483511773443,-10.7638770123775,-4.20494845216358,1.5748106,0.82986045,-1.310306,116.05554,82.765976,-6.3376617,WAL
2034052368000,246.53498,-3.73072650535502,-10.2820037280841,-4.02877011382388,1.7354681,1.0201449,-1.2076806,116.332886,82.77648,-6.2638483,WAL
2034057365000,246.539977,-3.0473505811186,-9.91184168653312,-3.46878138810988,1.8322903,1.0598512,-1.1985176,116.63611,82.773186,-6.2033625,WAL
2034062354000,246.544966,-2.41407686335772,-9.6513253954914,-2.71129686934942,1.8270979,0.9810496,-1.2082914,116.969376,82.83301,-6.0769033,WAL
2034067348000,246.54996,-1.82298309294048,-9.48581927803045,-1.77973322345264,1.8335121,0.9779953,-1.2073752,117.331154,82.86879,-5.962263,WAL
2034072342000,246.554954,-1.19548085280963,-9.58560434059633,-1.23100959630161,1.8820758,1.0830641,-1.1866057,117.64931,82.90861,-5.8028727,WAL
2034077334000,246.559946,-0.533011872993119,-9.94196654243119,-1.05282823299885,1.9495764,1.1835514,-1.1554517,117.962135,82.934746,-5.6515336,WAL
2034082298000,246.56491,-0.117905163714344,-10.2425196256112,-1.0471305526793,1.9746219,1.2287555,-1.1450669,118.22022,82.93026,-5.4613442,WAL
2034087346000,246.569958,-0.0538802699360228,-10.4690694532396,-1.29338020545029,1.9779817,1.4013249,-1.1575897,118.5398,82.90398,-5.2846336,WAL
2034092300000,246.574912,0.0438639192301297,-10.5226290238048,-1.37232910134613,1.9608774,1.6667458,-1.1759156,118.90071,82.90325,-5.021564,WAL
2034097364000,246.579976,0.187871495167574,-10.3642202569039,-1.24752252824904,1.9291124,1.8723019,-1.1591167,119.289345,82.88189,-4.7770224,WAL
2034102326000,246.584938,0.264115377448045,-10.1447684724712,-1.21022905092091,1.9077321,1.9315559,-1.1050552,119.7418,82.864235,-4.5193377,WAL
2034107330000,246.589942,0.254675333665912,-9.83796753008963,-1.28574933217768,1.8668042,1.9172006,-1.0115929,120.22372,82.835815,-4.288739,WAL
2034112263000,246.594875,0.202572578560209,-9.46772350509017,-1.44188051704479,1.8154916,1.890628,-0.93462384,120.73315,82.777054,-4.048037,WAL
2034117344000,246.599956,0.0799088589005236,-8.97706881365135,-1.7343863074268,1.7583756,1.9425515,-0.870483,121.25091,82.70819,-3.8389,WAL
2034122242000,246.604854,-0.0497231432560823,-8.536050515213,-1.94833730899125,1.7415768,2.079996,-0.77182823,121.797325,82.607475,-3.6505346,WAL
2034127346000,246.609958,-0.209538586064045,-8.14591276058275,-2.02354452076161,1.781894,2.0732768,-0.689056,122.307785,82.497025,-3.4781606,WAL
2034132253000,246.614865,-0.386590287346939,-7.78398951428571,-2.06526763673469,1.7947221,2.005165,-0.6273586,122.86051,82.39095,-3.3315585,WAL
2034137349000,246.619961,-0.645547125746939,-7.45033364628571,-2.01048834073469,1.7712038,1.9208658,-0.59406644,123.39545,82.28069,-3.2017875,WAL
2034142322000,246.624934,-0.890273472878143,-7.15832611017408,-1.98778849702128,1.7003434,1.7913623,-0.57757306,123.94198,82.13457,-3.0864172,WAL
2034147376000,246.629988,-1.11964082651064,-6.94300166212766,-2.03927907914894,1.6346754,1.6771306,-0.5561928,124.4588,81.99416,-2.9810677,WAL
2034152293000,246.634905,-1.32913228136074,-6.75584821971246,-2.07390073291485,1.5720617,1.6099354,-0.548557,124.9816,81.821236,-2.8953557,WAL
2034157356000,246.639968,-1.49604227547838,-6.64293834744356,-2.05426426904931,1.5036448,1.5690074,-0.54336464,125.4721,81.67071,-2.8134112,WAL
2034162309000,246.644921,-1.64992332072824,-6.55196062420257,-2.04451802169006,1.427592,1.5470163,-0.56169057,125.9753,81.51678,-2.7523093,WAL
2034167361000,246.649973,-1.77813166674845,-6.51872149867504,-2.06351183603887,1.3478742,1.5308284,-0.5757405,126.463165,81.38697,-2.694076,WAL
2034172342000,246.654954,-1.90994211576823,-6.48410553926204,-2.06022809933698,1.2556335,1.5198327,-0.58551437,126.958115,81.25966,-2.6474574,WAL
2034177328000,246.65994,-2.06135453185356,-6.44281123525512,-1.97763958714327,1.1948525,1.5286902,-0.6230826,127.4516,81.15412,-2.5907583,WAL
2034182326000,246.664938,-2.19971911721389,-6.37704722061261,-1.85870926400923,1.1242975,1.5066991,-0.6401868,127.94475,81.06552,-2.5526767,WAL
2034187344000,246.669956,-2.25012961990979,-6.15019956369453,-1.50079405794608,1.0793989,1.5375478,-0.6728681,128.45367,80.99553,-2.503593,WAL
2034192280000,246.674892,-2.29392998885132,-5.93280455865922,-1.14719551245369,0.999681,1.5705346,-0.70005155,128.96014,80.93141,-2.4728692,WAL
2034197382000,246.679994,-2.3178744104234,-5.72927751284916,-0.776057873174066,0.89644474,1.5552629,-0.7263188,129.45924,80.89286,-2.4339027,WAL
2034202330000,246.684942,-2.34109608779281,-5.53189377653631,-0.416122742018524,0.75961095,1.505172,-0.7498371,129.9427,80.82763,-2.397833,WAL
2034207344000,246.689956,-2.36462751267764,-5.33187719329609,-0.051386535952661,0.6072,1.4501941,-0.77640975,130.41808,80.80087,-2.354176,WAL
2034212351000,246.694963,-2.4032001762,-5.1318929404,0.287865395098,0.464563,1.3775011,-0.7812967,130.88164,80.804146,-2.3101053,WAL
2034217354000,246.699966,-2.5277733753,-4.9306592726,0.484307754837,0.3213151,1.3222178,-0.7620544,131.33092,80.85236,-2.264734,WAL
2034222320000,246.704932,-2.65452215790729,-4.73616031638687,0.658407326936284,0.17928895,1.2626585,-0.73945236,131.71541,80.80924,-2.2269187,WAL
2034227324000,246.709936,-2.80079403226822,-4.57160441596719,0.70868826734071,0.047036625,1.2137892,-0.6973027,132.08202,80.80185,-2.1996064,WAL
2034232470000,246.715082,-2.94811823532946,-4.40650408467855,0.751817658234528,-0.07696902,1.1716396,-0.6597345,132.42793,80.78222,-2.1993673,WAL
2034237340000,246.719952,-3.05086801762467,-4.29908395970358,0.691101901284799,-0.20005837,1.1410962,-0.62125,132.75793,80.79663,-2.2109375,WAL
2034242457000,246.725069,-3.15188033125506,-4.18834687408907,0.627996180904858,-0.30115658,1.1194105,-0.5742133,133.0805,80.80944,-2.2643647,WAL
2034247452000,246.730064,-3.16640546769231,-4.10603756538462,0.574737332134615,-0.40653083,1.0995574,-0.52931476,133.39003,80.85411,-2.3279145,WAL
2034252331000,246.734943,-3.17144110447601,-4.02833177904058,0.524622104497422,-0.516792,1.0778717,-0.48563787,133.69904,80.91986,-2.424987,WAL
2034257327000,246.739939,-3.06436200224774,-3.98177568990951,0.496688412128053,-0.6151413,1.0512991,-0.441961,133.9958,81.00514,-2.534492,WAL
2034262527000,246.745139,-2.95158778822291,-3.93210326362634,0.473511026805653,-0.70524395,1.0030408,-0.39492437,134.28235,81.11374,-2.6612473,WAL
2034267359000,246.749971,-2.82635689701313,-3.86716877766864,0.543083748449434,-0.78893244,0.9392053,-0.36926803,134.55272,81.2406,-2.7929165,WAL
2034272584000,246.755196,-2.68597044359365,-3.79755151966137,0.621797392116427,-0.8790351,0.84940815,-0.34055737,134.80338,81.38852,-2.9181159,WAL
2034277331000,246.759943,-2.50002657489775,-3.74133589574812,0.734228531574241,-0.9639453,0.79259765,-0.30818152,135.04092,81.54821,-3.0503569,WAL
2034282314000,246.764926,-2.30483839337011,-3.68232547780843,0.852249253697327,-1.0647382,0.66859204,-0.29535335,135.23225,81.716515,-3.1576765,WAL
2034287348000,246.76996,-2.11478091074656,-3.65138243842829,0.957654349980354,-1.102001,0.52748215,-0.26816985,135.39769,81.87796,-3.2752538,WAL
2034292254000,246.774866,-1.93016875724951,-3.62369062263261,1.05919110428291,-1.1829406,0.38515055,-0.24312437,135.52426,82.067345,-3.3910112,WAL
2034297381000,246.779993,-1.74475605189732,-3.63744147694805,1.14223635323661,-1.2574661,0.2415972,-0.20250183,135.6058,82.23443,-3.4734747,WAL
2034302270000,246.784882,-1.56898722589286,-3.6564434961039,1.21824447946429,-1.346347,0.086132,-0.18325958,135.64117,82.41718,-3.551554,WAL
2034307338000,246.78995,-1.44774037372673,-3.75772164301054,1.23015222838144,-1.4202617,-0.0421497,-0.15668693,135.64355,82.58369,-3.596516,WAL
2034312290000,246.794902,-1.33561506374741,-3.86517511589006,1.2348241142646,-1.4969252,-0.14996742,-0.13927728,135.60614,82.763954,-3.640183,WAL
2034317360000,246.799972,-1.27451734859926,-3.97705090645647,1.24824864728386,-1.5830573,-0.23426682,-0.10293079,135.54349,82.93485,-3.6436527,WAL
2034322241000,246.804853,-1.2228868177327,-4.08500545231449,1.26232968778994,-1.6560557,-0.29077184,-0.0693332,135.45819,83.11229,-3.6499064,WAL
2034327346000,246.809958,-1.139810765102,-4.41738882075659,1.35756972168746,-1.7550159,-0.34513888,-0.03940081,135.36186,83.30142,-3.627624,WAL
2034332256000,246.814868,-1.05599237779758,-4.76663238482868,1.46001440647653,-1.8545868,-0.39736784,-0.042760566,135.25177,83.50144,-3.605534,WAL
2034337314000,246.819926,-0.968787050317706,-5.10674716400481,1.73226228119526,-1.9758437,-0.4642576,-0.019547688,135.1366,83.70554,-3.5868785,WAL
2034342333000,246.824945,-0.882114703846814,-5.44105453984201,2.02942457501288,-2.0864103,-0.51343226,0.025350908,135.01346,83.919174,-3.574468,WAL
2034347356000,246.829968,-0.74281740646085,-6.02495538102908,2.42009125038031,-2.1725423,-0.5702427,0.08002335,134.88602,84.1176,-3.5333772,WAL
2034352322000,246.834934,-0.561946432147651,-6.80695628926175,2.88290806342282,-2.218357,-0.61391956,0.14263703,134.7504,84.31547,-3.5096326,WAL
2034357202000,246.839814,-0.368357230259355,-7.74805749467432,3.39546800197981,-2.2091942,-0.6392705,0.23732115,134.61911,84.41981,-3.4569945,WAL
2034362244000,246.844856,-0.162822780475153,-8.7805097612354,3.94515306087903,-2.134974,-0.6114761,0.31856623,134.4925,84.51021,-3.4252586,WAL
2034367249000,246.849861,0.200224311437216,-10.3748497170953,4.78640378769541,-1.9850066,-0.50732356,0.37965274,134.35748,84.55405,-3.4184217,WAL
2034372254000,246.854866,0.625641224689864,-12.1925400242057,5.74359199142713,-1.7012597,-0.47128254,0.39706242,134.21236,84.545555,-3.4254384,WAL
2034377249000,246.859861,1.24450261404356,-13.9135237868335,7.13429323612891,-1.2928963,-0.419359,0.37568212,134.05844,84.469696,-3.4348128,WAL
2034382250000,246.864862,1.93361936913373,-15.6032757822016,8.68244551680299,-1.0613784,-0.52748215,0.1881465,133.87445,84.40061,-3.4011261,WAL
2034387236000,246.869848,2.96609935243841,-16.7053644343891,9.44134426797386,-0.5842926,-0.659429,-0.16462818,133.66629,84.18699,-3.2702856,WAL
2034392218000,246.87483,4.14149943137255,-17.5641259764706,9.87312411372549,-0.18845193,-0.70402217,-0.6038403,133.46515,83.977516,-3.0658474,WAL
2034397262000,246.879874,5.35544274572079,-18.1199493750866,9.42836578371426,0.115453534,-0.59803706,-1.0500773,133.23341,83.608444,-2.6979973,WAL
2034402240000,246.884852,6.56295990462056,-18.5444678169585,8.64064986128426,0.32559118,-0.41141775,-1.2113458,133.03133,83.156425,-2.302542,WAL
2034407246000,246.889858,6.89416292183953,-18.2704610478634,7.57708603381032,0.52656585,-0.11881329,-1.1102476,132.95349,82.68152,-1.7016195,WAL
2034412270000,246.894882,6.83718417753874,-17.68642761729,6.39002668759499,0.7309003,0.1255328,-0.94714653,132.93105,82.11348,-1.1089709,WAL
2034417249000,246.899861,5.88185930953331,-16.0771972110092,5.47389563422417,0.8866709,0.29260445,-0.82802784,133.09291,81.65714,-0.36773312,WAL
2034422245000,246.904857,4.4838937648584,-13.9587786238532,4.68187434371759,0.92179567,0.43096542,-0.689056,133.30864,81.13599,0.27374992,WAL
2034427244000,246.909856,3.1337822840617,-10.4950232737789,3.90640171658098,0.8081747,0.50854534,-0.53969944,133.60297,80.73628,0.86398005,WAL
2034432252000,246.914864,1.80602066191418,-6.34102591724342,3.13819674905082,0.6554584,0.5213735,-0.4184427,133.90709,80.32648,1.3905016,WAL
2034437240000,246.919852,-0.190564147162698,-4.28744605843254,2.52935063595238,0.45051312,0.48838675,-0.29810223,134.14465,80.01315,1.685722,WAL
2034442240000,246.924852,-2.57051464319444,-3.39912115763889,2.00680658833333,0.24281894,0.46639562,-0.17195857,134.37978,79.75362,1.9349797,WAL
2034447264000,246.929876,-4.08154942678571,-3.02578344044643,1.49369114824107,0.044898596,0.4801401,-0.0067195175,134.52191,79.56389,1.9747627,WAL
2034452241000,246.934853,-5.05563028928571,-2.96431240482143,0.992465017803571,-0.17837265,0.49388456,0.17837265,134.64851,79.44911,1.9737668,WAL
2034457236000,246.939848,-5.77900038586156,-3.42204835487482,0.666540115976436,-0.3930918,0.51068336,0.40866885,134.62424,79.43131,1.5969958,WAL
2034462281000,246.944893,-6.34350542268041,-4.22374036405498,0.453071821037801,-0.6047566,0.54244834,0.6591236,134.59656,79.468185,1.1586806,WAL
2034467239000,246.949851,-6.58197984822582,-5.48939123894245,0.515891100234569,-0.82741696,0.5213735,0.8762862,134.5114,79.60181,0.5388671,WAL
2034472245000,246.954857,-6.5867450268363,-7.12381466305536,0.782735728720803,-1.0571023,0.45204028,1.0231993,134.41449,79.76041,-0.1343397,WAL
2034477239000,246.959851,-6.48997180648065,-8.96038299279928,1.00443550932493,-1.1468995,0.14844026,1.07665,134.22588,79.92926,-0.9105399,WAL
2034482251000,246.964863,-6.31235803518352,-10.9669398744875,1.19165014531653,-1.3133603,-0.2764165,1.1404854,133.98114,80.11168,-1.7221276,WAL
2034487247000,246.969859,-6.2714271310735,-12.9041701102037,1.01523480792679,-1.382999,-0.74006325,1.1575897,133.64317,80.22797,-2.5089633,WAL
2034492217000,246.974829,-6.336993720368,-14.782187526321,0.556268017786087,-1.3753631,-1.1591167,1.1417072,133.20367,80.2907,-3.278657,WAL
2034497337000,246.979949,-6.27965825836901,-16.197454315687,0.170054492292721,-1.287093,-1.4193454,1.1038336,132.70323,80.339615,-3.9621255,WAL
2034502311000,246.984923,-6.11741345504087,-17.1292022343324,-0.131257048828338,-1.1249083,-1.4908166,1.0564915,132.14845,80.3098,-4.6117067,WAL
2034507306000,246.989918,-5.54097096706827,-17.8386679236948,0.00542300863453815,-0.8723156,-1.3374895,1.0024298,131.64948,80.32386,-5.185526,WAL
2034512377000,246.994989,-4.50870690175335,-18.3143648782447,0.619073142981683,-0.5186246,-1.0036516,0.9098838,131.19565,80.24334,-5.7195597,WAL
2034517288000,246.9999,-3.19269147333926,-18.4575341736255,1.27756641559076,-0.1001819,-0.6065892,0.7626653,130.85767,80.16938,-6.1577187,WAL
2034522313000,247.004925,-1.44464773407364,-18.2010280365216,2.03283529884513,0.3323107,-0.3735441,0.5519168,130.58066,80.022385,-6.5405927,WAL
2034527334000,247.009946,-0.0297999105702365,-17.3556216441136,2.3354464610652,0.5864306,-0.41447207,0.2919936,130.35574,79.913506,-6.698196,WAL
2034532335000,247.014947,0.922351538664812,-15.7020912986992,2.01414434226458,0.5479461,-0.6606508,-0.005192355,130.14948,79.824265,-6.7796144,WAL
2034537666000,247.020278,1.9072975204814,-13.9097017295405,1.63640595522101,0.24098633,-0.99021256,-0.33933565,129.91672,79.88682,-6.5484934,WAL
2034542323000,247.024935,2.14639610373085,-11.7285382039387,0.577541174962801,-0.22540927,-1.2996159,-0.6267477,129.63365,80.02784,-6.2535925,WAL
2034547354000,247.029966,2.30337384492253,-9.52063724689628,-0.471354117686766,-0.73853606,-1.5005904,-0.77579886,129.34848,80.354774,-5.809068,WAL
2034552427000,247.035039,1.89104282802724,-8.13021856300207,-0.993959688609494,-1.1490375,-1.6581937,-0.84207773,129.00525,80.77968,-5.315363,WAL
2034557312000,247.039924,1.46511753976358,-6.8433543219531,-1.46863560121586,-1.4767667,-1.8216002,-0.8707884,128.66235,81.38733,-4.7709994,WAL
2034562364000,247.044976,0.806826841776513,-5.90493993503812,-1.74409055086365,-1.7082846,-1.9825631,-0.8549059,128.29459,82.05219,-4.233713,WAL
2034567466000,247.050078,0.140746511735437,-4.97887398899676,-2.02584329296117,-1.853976,-2.125811,-0.80756384,127.89232,82.761925,-3.7735963,WAL
2034572350000,247.054962,-0.512033739854369,-4.3497452433657,-2.33804262038835,-1.9407189,-2.1853704,-0.7257079,127.482925,83.49088,-3.3388264,WAL
2034577363000,247.059975,-1.1730805779039,-3.73223496106273,-2.65658889650651,-1.9862283,-2.2928827,-0.67073005,126.96351,84.21775,-3.0091558,WAL
2034582378000,247.06499,-1.72766194085527,-3.45024448993052,-2.95267883475878,-1.9706513,-2.4034493,-0.54336464,126.42682,84.91776,-2.732036,WAL
2034587569000,247.070181,-2.28345048745391,-3.17268208889885,-3.26638482752367,-1.9404135,-2.4953845,-0.40683624,125.81695,85.58744,-2.5695941,WAL
2034592290000,247.074902,-2.57630425572496,-3.08707866813154,-3.63583104597907,-1.9000963,-2.5231788,-0.23823744,125.19033,86.19683,-2.4629204,WAL
2034597618000,247.08023,-2.90084736304781,-3.00163258665339,-4.0304429810757,-1.8359555,-2.5030203,-0.05681047,124.52206,86.68634,-2.486638,WAL
2034602452000,247.085064,-3.12678558605578,-3.05235347609562,-4.13188485625498,-1.7519615,-2.4526238,0.13591751,123.85222,87.02034,-2.5740948,WAL
2034607664000,247.090276,-3.36982268844263,-3.12504690665986,-4.21923001875522,-1.6719382,-2.4355197,0.33567044,123.17408,87.126114,-2.7669878,WAL
2034612364000,247.094976,-3.58274916743345,-3.38807370287543,-4.05640372620351,-1.5800029,-2.4541512,0.5314528,122.5014,86.97265,-3.0262513,WAL
2034617250000,247.099862,-3.80410209857156,-3.66150964464335,-3.88713366973379,-1.5146403,-2.5213463,0.729984,121.814125,93.44432,-3.3905,WAL
2034622304000,247.104916,-3.95684090281065,-4.23668862973373,-3.65450101203156,-1.4068227,-2.6169467,0.91904676,121.11898,94.01876,-3.8190656,WAL
2034627272000,247.109884,-4.09291074825444,-4.85604169363905,-3.41520548445759,-1.2751812,-2.7159069,1.1065824,120.411224,94.69959,-4.314328,WAL
2034632319000,247.114931,-4.16551810474285,-5.74209386359816,-3.54517017270362,-1.1191051,-2.7189612,1.2886202,119.69279,95.465645,-4.914155,WAL
2034637251000,247.119863,-4.2222318113268,-6.66368662361417,-3.75311926223734,-0.9272934,-2.6019804,1.4630222,118.9912,96.26482,-5.570644,WAL
2034642296000,247.124908,-4.20629568652489,-7.85065621101982,-4.01325503303045,-0.7086037,-2.346028,1.604743,118.32772,97.06982,-6.290328,WAL
2034647354000,247.129966,-4.17351852640889,-9.09617636549057,-4.28483462550991,-0.50488013,-1.9776763,1.7073684,117.74174,97.880745,-7.0432134,WAL
2034652312000,247.134924,-3.98135876086779,-10.4039979537584,-4.40692686964759,-0.41233405,-1.5140295,1.7427986,117.28672,98.68213,-7.788319,WAL
2034657272000,247.139884,-3.73945135650845,-11.739327153188,-4.4843371723569,-0.43310347,-1.0534371,1.6997325,116.94727,99.46705,-8.5238,WAL
2034662324000,247.144936,-3.23214127089263,-12.6122952276843,-4.4366508080207,-0.5849035,-0.68569624,1.6099354,116.75642,100.20172,-9.181812,WAL
2034667316000,247.149928,-2.66124956377749,-13.3449399055627,-4.35577464553687,-0.8341365,-0.42943826,1.4886786,116.673035,100.91588,-9.796582,WAL
2034672308000,247.15492,-1.89816183474395,-13.4772638898372,-4.4238337372767,-1.106277,-0.34391713,1.325883,116.68468,101.50142,-10.252151,WAL
2034677285000,247.159897,-1.08452871095673,-13.4441507371973,-4.53263344676459,-1.2360858,-0.23243423,1.2330315,116.78064,102.07324,-10.672908,WAL
2034682291000,247.164903,-0.385317319047998,-12.9854654556295,-4.56583083076617,-1.4581354,-0.20158553,1.0088439,116.90911,102.45575,-10.8472185,WAL
2034687331000,247.169943,0.281395176867733,-12.3906998787638,-4.57542375931631,-1.6001616,-0.28405234,0.75228053,117.03268,102.81218,-10.981642,WAL
2034692281000,247.174893,0.74454942793877,-11.6821595244055,-4.10787003818234,-1.7030923,-0.5525276,0.48624873,117.157104,102.99929,-10.881467,WAL
2034697395000,247.180007,1.15947857154135,-10.9088830413016,-3.46661584449793,-1.7886134,-1.0247264,0.20463985,117.187744,103.15959,-10.724709,WAL
2034702434000,247.185046,1.43117477070929,-10.2109650461538,-2.98286333273726,-1.8655825,-1.5903877,-0.04550946,117.13816,103.20897,-10.402626,WAL
2034707345000,247.189957,1.63790755948052,-9.5578776,-2.57409637038961,-1.926669,-2.1261165,-0.22602014,116.95678,103.259186,-10.060596,WAL
2034712354000,247.194966,1.61274576086129,-9.20579207521282,-2.49133175136705,-1.9578232,-2.5271494,-0.3555236,116.64139,103.18621,-9.629138,WAL
2034717353000,247.199965,1.4784959011317,-8.99962250115173,-2.56325141563345,-1.9837849,-2.8112018,-0.47525316,116.21343,103.12932,-9.197398,WAL
2034722341000,247.204953,1.16210684131398,-8.94161759694882,-2.74715798031496,-1.9755383,-2.9391782,-0.5748242,115.68581,103.07401,-8.7720995,WAL
2034727345000,247.209957,0.761181746404527,-8.95105082647638,-2.98299610629921,-1.9074267,-2.989269,-0.636827,115.11486,103.029434,-8.359477,WAL
2034732316000,247.214928,0.258398971851369,-8.9760974841039,-3.14548776351419,-1.779756,-2.95109,-0.67103547,114.5212,103.036804,-7.982908,WAL
2034737348000,247.21996,-0.307069633520209,-9.00992911744058,-3.27114761845352,-1.649947,-2.821892,-0.68294734,113.955864,103.04679,-7.615708,WAL
2034742306000,247.224918,-0.974377609079271,-8.98447058217627,-3.21522506642048,-1.5100589,-2.610227,-0.63713247,113.4181,103.12088,-7.3266997,WAL
2034747377000,247.229989,-1.71562999790744,-8.9270831413097,-3.06219222368291,-1.3662001,-2.3619106,-0.5558874,112.943695,103.181274,-7.0528994,WAL
2034752426000,247.235038,-2.11289361639473,-8.89429104108512,-2.74309340670336,-1.2250903,-2.1416936,-0.4392121,112.485565,103.307724,-6.895457,WAL
2034757333000,247.239945,-2.31150933681934,-8.8758152745233,-2.34124314479064,-1.1050552,-2.0112739,-0.31398472,112.0878,103.41999,-6.764519,WAL
2034762344000,247.244956,-2.40270599172235,-8.85678409743692,-2.0690497148898,-1.031446,-1.9272798,-0.16187929,111.62927,103.623924,-6.8057537,WAL
2034767357000,247.249969,-2.4170697090755,-8.8376325076294,-1.89189643427745,-1.0146471,-1.8729129,-0.020158553,111.21298,103.82243,-6.8749785,WAL
2034772344000,247.254956,-2.29766599224155,-8.79362800943862,-1.81680961065428,-1.0097603,-1.8500054,0.087964594,110.779686,103.98502,-7.0195885,WAL
2034777327000,247.259939,-2.08542491269026,-8.73231391322396,-1.81209314550306,-1.0170907,-1.8325957,0.1301143,110.370514,104.149925,-7.1794486,WAL
2034782346000,247.264958,-1.81114088088734,-8.69221352828635,-1.93581468318318,-1.0546589,-1.8277088,0.19547687,109.955315,104.321465,-7.380701,WAL
2034787349000,247.269961,-1.49088704006587,-8.66900674227453,-2.15859992582583,-1.1129965,-1.8191566,0.25381452,109.55356,104.497536,-7.5855284,WAL
2034792281000,247.274893,-1.16735434151577,-8.65031079109868,-2.38604037296033,-1.1496484,-1.8246545,0.2929099,109.17302,104.65889,-7.761495,WAL
2034797386000,247.279998,-0.824182167711089,-8.63539022115972,-2.62974237479146,-1.1472049,-1.8555032,0.33292156,108.79667,104.82584,-7.950164,WAL
2034802422000,247.285034,-0.503184497450864,-8.64698972066707,-2.7912142434187,-1.0845913,-1.8945986,0.3643811,108.443825,105.00831,-8.097672,WAL
2034807355000,247.289967,-0.203054166819535,-8.67981664681358,-2.88500504825293,-0.98532563,-1.9233092,0.36987892,108.092354,105.17491,-8.246783,WAL
2034812356000,247.294968,0.0501956763218391,-8.81535926819923,-2.84198540659004,-0.8903361,-1.9251418,0.36560285,107.754105,105.35984,-8.358754,WAL
2034817353000,247.299965,0.256468533706897,-9.04455117241379,-2.67238325387931,-0.8136725,-1.9098701,0.33200526,107.41782,105.51387,-8.462757,WAL
2034822325000,247.304937,0.393987734378692,-9.26884544587964,-2.4429612930009,-0.795652,-1.8817704,0.2761111,107.09617,105.65675,-8.515182,WAL
2034827329000,247.309941,0.441972451735256,-9.48957510763993,-2.13106057506759,-0.8170323,-1.8628336,0.20891592,106.77946,105.778534,-8.555049,WAL
2034832306000,247.314918,0.406149652182761,-9.7006231386672,-1.80504561477454,-0.8567385,-1.8521434,0.12675454,106.432915,105.87233,-8.557124,WAL
2034837333000,247.319945,0.257264896895451,-9.90233803312051,-1.45444601518356,-0.93370754,-1.8301523,0.040011674,106.096245,105.96573,-8.539982,WAL
2034842294000,247.324906,0.0628552171612903,-9.98746893895782,-1.14105158486352,-1.0112875,-1.8264871,-0.056199603,105.70789,106.02463,-8.508576,WAL
2034847428000,247.33004,-0.205552025212903,-9.91426701657568,-0.862884075980149,-1.0772609,-1.8603901,-0.14446963,105.31607,106.08474,-8.460348,WAL
2034852265000,247.334877,-0.476556686163245,-9.78393647170756,-0.693406843738608,-1.1365148,-1.9013181,-0.19303341,104.88383,106.10879,-8.429591,WAL
2034857327000,247.339939,-0.787280669105659,-9.55574850776164,-0.6545663382664,-1.1569787,-1.949271,-0.2049453,104.442924,106.12943,-8.391125,WAL
2034862296000,247.344908,-1.06340222677812,-9.31423688722458,-0.722558401867994,-1.1695015,-1.9633209,-0.19914207,103.92155,106.17136,-8.396491,WAL
2034867360000,247.349972,-1.30241886713375,-9.0424139146695,-0.947515282741593,-1.1646146,-1.9666806,-0.16157386,103.398415,106.21176,-8.411873,WAL
2034872241000,247.354853,-1.48720887137511,-8.79304147615392,-1.20137510321466,-1.1368202,-1.9214766,-0.13164146,102.8782,106.25803,-8.467054,WAL
2034877336000,247.359948,-1.5855363577008,-8.55892864629114,-1.54318007927262,-1.1212431,-1.8069394,-0.06047566,102.38901,106.31141,-8.53877,WAL
2034882256000,247.364868,-1.66159606791373,-8.35802787069406,-1.8557772419401,-1.0855075,-1.6762142,0.02076942,101.89186,106.44024,-8.653065,WAL
2034887330000,247.369942,-1.68146428142696,-8.22888411979965,-2.12399822809976,-1.0311406,-1.5506815,0.1151481,101.43906,106.56468,-8.780473,WAL
2034892271000,247.374883,-1.66478270815924,-8.1623305936145,-2.3424558549862,-0.99296147,-1.4511104,0.21563543,101.04763,106.75733,-8.929469,WAL
2034897451000,247.380063,-1.55723706724478,-8.24054537780843,-2.46466679664959,-0.9260717,-1.3799446,0.3203988,100.69766,106.93586,-9.094944,WAL
2034902281000,247.384893,-1.45171642981132,-8.35260503694141,-2.53108622146971,-0.86254174,-1.3277156,0.40133846,100.386215,107.16486,-9.269962,WAL
2034907339000,247.389951,-1.32664926792453,-8.5786885958292,-2.46855266564052,-0.81214535,-1.3014483,0.45540005,100.10006,107.383514,-9.457932,WAL
2034912345000,247.394957,-1.21554313769087,-8.78335482090434,-2.36582033174072,-0.75900006,-1.303281,0.50610185,99.82664,107.616875,-9.652325,WAL
2034917355000,247.399967,-1.13991740731948,-8.93460588680918,-2.14839635075362,-0.7495316,-1.3081679,0.52015173,99.567474,107.84217,-9.843927,WAL
2034922304000,247.404916,-1.0842687512375,-9.07724618790643,-1.95627958771232,-0.7467828,-1.3509285,0.5381723,99.28282,108.05136,-10.039786,WAL
2034927327000,247.409939,-1.09360666570902,-9.19863917354169,-1.83955555931282,-0.74464476,-1.3814718,0.5384777,99.00578,108.24923,-10.228164,WAL
2034932313000,247.414925,-1.10051737693886,-9.31212587115306,-1.74787134688141,-0.7724391,-1.3912456,0.5320636,98.68438,108.43,-10.423444,WAL
2034937347000,247.419959,-1.09557178695117,-9.39125593065244,-1.77754493844891,-0.8002335,-1.368949,0.5131268,98.368,108.59983,-10.608872,WAL
2034942311000,247.424923,-1.08865497741355,-9.46574672136718,-1.8066417451729,-0.795652,-1.3151928,0.5143485,98.029236,108.759346,-10.80057,WAL
2034947374000,247.429986,-1.07411749838097,-9.52874226144314,-1.83571670323806,-0.7846564,-1.2647965,0.5030475,97.69883,108.91029,-10.976095,WAL
2034952333000,247.434945,-1.0396418591455,-9.58408192450121,-1.84958628274172,-0.7583892,-1.2235631,0.48472157,97.38721,109.047844,-11.138393,WAL
2034957332000,247.439944,-0.932985544791821,-9.61726381098074,-1.81166404544779,-0.7141015,-1.1896601,0.4813618,97.092575,109.17202,-11.293169,WAL
2034962322000,247.444934,-0.826521250207931,-9.65038595811674,-1.77381008183573,-0.6606508,-1.1569787,0.45845437,96.77626,109.31023,-11.444605,WAL
2034967338000,247.44995,-0.719502231844646,-9.68368068557849,-1.73575888314273,-0.5885687,-1.1447614,0.43982297,96.468506,109.42664,-11.590223,WAL
2034972332000,247.454944,-0.607813091631738,-9.74099306735549,-1.69296173853202,-0.51893,-1.1224649,0.42485678,96.16203,109.53409,-11.728656,WAL
2034977337000,247.459949,-0.472319818715274,-9.90919160766157,-1.62755118423823,-0.49235737,-1.1386528,0.3924809,95.8494,109.6223,-11.85465,WAL
2034982314000,247.464926,-0.342698840196406,-10.0923225220465,-1.57816426341942,-0.43157628,-1.1585059,0.34574974,95.53926,109.654465,-11.944707,WAL
2034987346000,247.469958,-0.248049929612099,-10.3904666689581,-1.63968605974664,-0.38240165,-1.1685852,0.29138273,95.227295,109.67174,-12.0211735,WAL
2034992401000,247.475013,-0.160858147210071,-10.678461712647,-1.71213605873432,-0.3494149,-1.1979067,0.22113322,94.861206,109.67142,-12.078676,WAL
2034997358000,247.47997,-0.142399029964032,-10.8630527405463,-1.87365330452027,-0.28955013,-1.2125676,0.13469578,94.493744,109.63764,-12.11414,WAL
2035002525000,247.485137,-0.132102740865287,-11.0432278778419,-2.03262277400747,-0.22907446,-1.2211196,0.05009095,94.11919,109.5715,-12.1156225,WAL
2035007343000,247.489955,-0.233872964945708,-11.0588847429589,-2.06393674947404,-0.17195857,-1.2287555,-0.044593163,93.73586,109.473595,-12.091007,WAL
2035012292000,247.494904,-0.33841029142433,-11.074967313624,-2.09610214270445,-0.17959438,-1.2373075,-0.16279559,93.32684,109.40121,-12.052591,WAL
2035017334000,247.499946,-0.597899194716754,-11.0218250701085,-1.98331288095621,-0.22724187,-1.2651019,-0.29138273,92.90457,109.304504,-11.987668,WAL
2035022348000,247.50496,-0.930688406745681,-10.9350107523102,-1.80003758332664,-0.3381139,-1.3118331,-0.410196,92.468796,109.20331,-11.8963585,WAL
2035027325000,247.509937,-1.29877096031746,-10.8725044906832,-1.52043207481021,-0.47647488,-1.3768903,-0.5137377,92.01448,109.10911,-11.792126,WAL
2035032323000,247.514935,-1.68572949365079,-10.8205953602484,-1.19482067770876,-0.61361414,-1.4480561,-0.5766568,91.54294,109.02525,-11.673746,WAL
2035037346000,247.519958,-2.07565365590741,-10.7868318174166,-0.841925046481611,-0.7290677,-1.5057828,-0.60048056,91.02612,108.95406,-11.586935,WAL
2035042332000,247.524944,-2.46324228206233,-10.7629066120854,-0.478261655636837,-0.80939645,-1.5406022,-0.61300325,90.49796,108.89502,-11.492758,WAL
2035047361000,247.529973,-2.73984931033337,-10.7386946063048,-0.090967615584651,-0.8240572,-1.5543466,-0.57604593,89.87572,108.86485,-11.486189,WAL
2035052353000,247.534965,-2.95652101447276,-10.7146199836842,0.303856476944305,-0.8029824,-1.602605,-0.54153204,89.241135,108.837,-11.480159,WAL
2035057331000,247.539943,-2.97102790443008,-10.9892232166556,0.544511432975568,-0.70371675,-1.63437,-0.49510628,88.548325,108.78677,-11.541198,WAL
2035062356000,247.544968,-2.8886796241753,-11.4101146179295,0.713783026924613,-0.55771995,-1.6230689,-0.45998153,87.865944,108.72,-11.6041,WAL
2035067351000,247.549963,-2.6467842909224,-11.8928395582514,0.624217115157917,-0.36102137,-1.6071864,-0.44532076,87.13483,108.584335,-11.698005,WAL
2035072354000,247.554966,-2.28601048938507,-12.4239790087848,0.343615263704246,-0.2733622,-1.5421293,-0.44990227,86.43289,108.44113,-11.78342,WAL
2035077326000,247.559938,-1.82812289955468,-12.8770476501732,-0.0529923062939139,-0.07147124,-1.4541647,-0.4709771,85.688286,108.205414,-11.849613,WAL
2035082370000,247.564982,-1.31184531530925,-13.2977182484908,-0.516686038295893,0.113926366,-1.3384057,-0.50426924,84.98048,107.95307,-11.895483,WAL
2035087348000,247.56996,-0.737851316316411,-13.6208235907123,-1.02087591690279,0.29871312,-1.1688906,-0.5513059,84.333145,107.65505,-11.877285,WAL
2035092300000,247.574912,-0.131282531806375,-13.8914462007084,-1.54812413642267,0.45112398,-0.9483683,-0.5946773,83.74093,107.324265,-11.834006,WAL
2035097333000,247.579945,0.411966769048495,-14.0965697799826,-1.98351504999516,0.5983425,-0.6783658,-0.6365216,83.25326,106.96869,-11.708193,WAL
2035102313000,247.584925,0.901309985542542,-14.2535291992063,-2.34821422200174,0.7415904,-0.3753767,-0.64751714,82.84273,106.58761,-11.563435,WAL
2035107309000,247.589921,1.30824256859932,-14.3218123241682,-2.55433600029886,0.9071349,-0.07971791,-0.6429357,82.57683,106.176094,-11.31538,WAL
2035112344000,247.594956,1.64449936053995,-14.3122052953776,-2.62158740884638,1.0638218,0.16432275,-0.63591075,82.38296,105.74455,-11.0561285,WAL
2035117315000,247.599927,1.85698399334148,-14.1972313657096,-2.42145788509469,1.2348641,0.3454443,-0.63071835,82.30281,105.28408,-10.732627,WAL
2035122308000,247.60492,1.9640878084606,-13.9878916308797,-1.98330581710446,1.4251486,0.4016439,-0.6591236,82.2529,104.79264,-10.403125,WAL
2035127285000,247.609897,1.93822975610645,-13.7136973902661,-1.50655428374043,1.6209309,0.36071593,-0.7247916,82.23607,104.250015,-10.030783,WAL
2035132303000,247.614915,1.80683233762304,-13.3852038440576,-0.994104342508203,1.8057177,0.22235495,-0.8338311,82.20054,103.6682,-9.648876,WAL
2035137302000,247.619914,1.601373621795,-13.0318246132415,-0.486699110128508,1.9969184,0.035430185,-0.9822713,82.07612,102.99323,-9.241697,WAL
2035142281000,247.624893,1.26802949501388,-12.6347530743292,0.0133171414680785,2.1618521,-0.18051068,-1.1490375,81.89623,102.27486,-8.813888,WAL
2035147310000,247.629922,0.830950924436083,-12.3103039896907,0.458531584618557,2.31915,-0.3857614,-1.3310753,81.58598,101.47531,-8.382135,WAL
2035152347000,247.634959,0.254079605755773,-12.0914904783505,0.821562652098969,2.4743097,-0.548557,-1.4953982,81.22109,100.632126,-7.921112,WAL
2035157333000,247.639945,-0.295424886021755,-12.0173160702294,1.0826999858359,2.6096163,-0.66798115,-1.643533,80.73335,99.75723,-7.480706,WAL
2035162341000,247.644953,-0.824666660119965,-12.0929219887286,1.24147249363128,2.719572,-0.7113526,-1.7464638,80.22054,98.860634,-7.013854,WAL
2035167862000,247.650474,-1.42216186698216,-12.1887385589076,1.39247119974367,2.8179214,-0.68019843,-1.7925841,79.62231,98.01392,-6.6167154,WAL
2035172439000,247.655051,-2.13953200326333,-12.4653151666174,1.13750233693187,2.9098566,-0.6246097,-1.7999145,79.02388,97.18266,-6.2044597,WAL
2035177299000,247.659911,-2.9012577761116,-12.7589927531302,0.866768521492655,2.9495628,-0.44440445,-1.7806722,78.48926,96.43483,-5.838901,WAL
2035182324000,247.664936,-3.73133377627973,-13.1884655630794,0.324065477065699,2.9981265,-0.18173242,-1.715615,78.00453,95.77003,-5.4856153,WAL
2035187246000,247.669858,-4.54829982478839,-13.6206979068924,-0.231661453688029,3.0610456,0.07666359,-1.6215417,77.57898,95.22422,-5.148429,WAL
2035192284000,247.674896,-5.43023902212235,-14.1193457735576,-0.633412260345994,3.095865,0.27030787,-1.4785993,77.27322,94.923,-4.9226522,WAL
2035197295000,247.679907,-6.31145889515802,-14.6202496340968,-1.01836622043104,3.068376,0.3023783,-1.3497068,77.00124,85.21974,-4.72203,WAL
2035202355000,247.684967,-7.59173468720476,-15.3844940546313,-1.04262887917437,2.9804115,0.16615535,-1.2904528,76.88696,85.17478,-4.6019063,WAL
2035207242000,247.689854,-8.88938323988499,-16.1630827847607,-1.00898611475662,2.8231137,-0.14110987,-1.3530666,76.73576,85.04373,-4.483314,WAL
2035212360000,247.694972,-10.0241613561576,-16.4820670390148,-0.857323293162562,2.6288586,-0.6441574,-1.5842791,76.63056,84.84059,-4.4024715,WAL
2035217254000,247.699866,-11.0862148054187,-16.736037191133,-0.700324062463054,2.403144,-1.1866057,-1.8545868,76.42785,84.6466,-4.286014,WAL
2035222348000,247.70496,-10.7643555885376,-15.8413839532583,-1.37151630962956,2.218968,-1.5314392,-1.969735,76.25701,84.37715,-4.243243,WAL
2035227258000,247.70987,-10.2582022962568,-14.819956348526,-2.13302659832234,2.0900755,-1.5619824,-1.93797,76.01853,84.145,-4.1583514,WAL
2035232321000,247.714933,-9.33032978446115,-13.6705006716792,-2.69856647298246,1.9712621,-1.3884968,-1.8438967,75.813614,83.85948,-4.1491714,WAL
2035237245000,247.719857,-8.33756746666667,-12.5311882666667,-3.19967486933333,1.8451185,-1.2021828,-1.7159204,75.5931,83.58341,-4.151385,WAL
2035242335000,247.724947,-7.33061126016114,-11.4927473218009,-3.54736988775355,1.7449366,-1.0436633,-1.5656476,75.4231,83.37775,-4.149804,WAL
2035247341000,247.729953,-6.3445162364455,-10.5021073720379,-3.85183253014218,1.7128662,-0.8888089,-1.3897184,75.293945,83.156006,-4.194021,WAL
2035252348000,247.73496,-5.49752286486654,-9.91223451665632,-3.48031815232775,1.7256943,-0.8426886,-1.2657127,75.153694,83.01498,-4.1768107,WAL
2035257277000,247.739889,-4.71616010043451,-9.48248548065384,-2.86011135288641,1.6948457,-0.90133166,-1.1908818,75.02061,82.8693,-4.1982384,WAL
2035262395000,247.745007,-3.94197283780414,-9.4392326152222,-2.76992040962196,1.676825,-0.8573494,-1.1386528,74.89713,82.78184,-4.1469727,WAL
2035267318000,247.74993,-3.20723265934044,-9.50559610054293,-2.8315438864066,1.7272215,-0.6404922,-1.135904,74.80527,82.681244,-4.109795,WAL
2035272343000,247.754955,-2.53288198940358,-9.75223374948585,-2.60391140830477,1.7620409,-0.34422258,-1.1276573,74.696945,82.56549,-4.0032654,WAL
2035277332000,247.759944,-1.8824816796494,-10.0423403617667,-2.30444647565371,1.8020525,-0.031154128,-1.1267409,74.65642,82.43478,-3.9070168,WAL
2035282322000,247.764934,-1.24862580047786,-10.4141885516514,-2.00286496198173,1.8564194,0.26297748,-1.1273518,74.62542,82.36221,-3.729551,WAL
2035287333000,247.769945,-0.617503565915069,-10.8140599124586,-1.69934812352173,1.8781052,0.5739079,-1.1410962,74.690544,82.284004,-3.5652502,WAL
2035292281000,247.774893,-0.210120742752583,-11.0254609067164,-1.4794819369116,1.8823812,0.8399397,-1.1233811,74.76871,82.20865,-3.3240364,WAL
2035297385000,247.779997,0.140625673336204,-11.1844657425373,-1.27838736454267,1.8915442,1.0228939,-1.0748174,74.911476,82.11344,-3.1052606,WAL
2035302422000,247.785034,0.451266648354848,-11.1274852558791,-1.34889032627839,1.9208658,1.1914927,-1.0042624,75.089035,81.99157,-2.8379407,WAL
2035307349000,247.789961,0.739296331954368,-10.9763876309417,-1.53776220953668,1.9327776,1.3570372,-0.92057395,75.31305,81.85401,-2.6059718,WAL
2035312369000,247.794981,0.902654975533745,-10.6095462578165,-1.81105332145098,1.9905044,1.4972308,-0.8081747,75.60752,81.63797,-2.3550172,WAL
2035317354000,247.799966,1.00409662346454,-10.1458131398361,-2.12020891838511,2.0619757,1.6300939,-0.71593404,75.9381,81.40296,-2.1395023,WAL
2035322338000,247.80495,0.947872127469258,-9.55902822213407,-2.27539768560095,2.1203132,1.6554449,-0.6123924,76.306595,81.14359,-1.9257278,WAL
2035327333000,247.809945,0.824534199528957,-8.91861958915113,-2.36552930033717,2.151162,1.597718,-0.5296202,76.67842,80.867584,-1.7430584,WAL
2035332300000,247.814912,0.585034968514297,-8.41608867340081,-2.38784424268448,2.172237,1.4880677,-0.45753807,77.06557,80.588646,-1.578518,WAL
2035337335000,247.819947,0.286537271806033,-7.97071128458288,-2.37836813223936,2.1838431,1.3368785,-0.4016439,77.41435,80.30546,-1.4350122,WAL
2035342306000,247.824918,0.0256365954640719,-7.51428952877245,-2.24631179461078,2.189952,1.1774428,-0.36041048,77.727974,80.0203,-1.3067863,WAL
2035347335000,247.829947,-0.219498119840319,-7.04324633656687,-2.04443609061876,2.1563544,1.0048733,-0.31764993,77.98644,79.74838,-1.1925279,WAL
2035352324000,247.834936,-0.52226790738364,-6.61778303935433,-1.88163484002773,2.0845776,0.8378017,-0.2770274,78.2178,79.474625,-1.1069658,WAL
2035357306000,247.839918,-0.857733072857992,-6.21616970190137,-1.73988899685086,1.9963076,0.68783426,-0.24740042,78.39932,79.223045,-1.0267519,WAL
2035362327000,247.844939,-1.33365908567335,-5.75018390213418,-1.7885152633139,1.9049833,0.6239988,-0.19547687,78.57912,78.945335,-0.97623825,WAL
2035367320000,247.849932,-1.89115400286533,-5.24938343681454,-1.95387389216481,1.8600847,0.5458081,-0.1777618,78.70945,78.68866,-0.9186434,WAL
2035372321000,247.854933,-2.1793801568164,-4.97847959245939,-1.94801506171462,1.7571539,0.47067168,-0.1572978,78.87626,78.42019,-0.9170672,WAL
2035377350000,247.859962,-2.28543213503621,-4.86300072470151,-1.82546603910746,1.6584991,0.441961,-0.13988814,79.02957,78.17256,-0.9184708,WAL
2035382328000,247.86494,-2.39040862093365,-4.74869294906048,-1.70415980833823,1.5625933,0.43951756,-0.116675265,79.255165,77.936104,-1.0313373,WAL
2035387351000,247.869963,-2.49633407064494,-4.63335185684576,-1.58175699653553,1.4456125,0.43768495,-0.1133155,79.47109,77.74124,-1.1428858,WAL
2035392327000,247.874939,-2.53506599590371,-4.53320125943158,-1.35208194018408,1.3283265,0.49632803,-0.11942416,79.71678,77.5522,-1.2863383,WAL
2035397437000,247.880049,-2.51031761520178,-4.44410703722059,-1.0105540797613,1.2144,0.58459806,-0.11728613,79.968094,77.40091,-1.4359689,WAL
2035402439000,247.885051,-2.48372313536875,-4.38423323556701,-0.637748111310071,1.1071932,0.64660084,-0.12461651,80.22986,77.25669,-1.5891774,WAL
2035407335000,247.889947,-2.45583573679619,-4.34705013453608,-0.242676355865186,1.0036516,0.6927212,-0.13133603,80.51031,77.14833,-1.7485402,WAL
2035412381000,247.894993,-2.43242172154701,-4.30938879263874,0.145396175823637,0.9089675,0.69058317,-0.14080444,80.78114,77.01433,-1.8967929,WAL
2035417370000,247.899982,-2.41410348883351,-4.27275223157289,0.511762040881434,0.806953,0.6753115,-0.1459968,81.059784,76.91551,-2.0471034,WAL
2035422327000,247.904939,-2.40797386779332,-4.2248329074543,0.852509879812111,0.68386364,0.6377433,-0.14752395,81.31065,76.78492,-2.18067,WAL
2035427288000,247.9099,-2.41767676920249,-4.16176346572041,1.16300459927499,0.5494733,0.57848936,-0.15241088,81.55002,76.68953,-2.31,WAL
2035432266000,247.914878,-2.41021547869977,-4.1000507504347,1.41171498599304,0.40591997,0.50976706,-0.15332718,81.75627,76.56704,-2.4251492,WAL
2035437312000,247.919924,-2.38220671786128,-4.03936494759467,1.58910421083849,0.25625798,0.4279111,-0.14996742,81.940636,76.48579,-2.5357924,WAL
2035442277000,247.924889,-2.3431864447494,-3.98082012231504,1.72852219409308,0.08827003,0.3472769,-0.14508049,82.09281,76.39283,-2.6375139,WAL
2035447334000,247.929946,-2.28539412746619,-3.92302800618536,1.81521056944113,-0.08857546,0.26511553,-0.13897185,82.219864,76.34444,-2.7353652,WAL
2035452244000,247.934856,-2.21616988663194,-3.88130766450617,1.86232034837963,-0.24587326,0.18112154,-0.12034045,82.3147,76.298225,-2.8233526,WAL
2035457307000,247.939919,-2.12263711458333,-3.86260112962963,1.84829044722222,-0.3912592,0.13958271,-0.102319926,82.39678,76.29687,-2.9104848,WAL
2035462281000,247.944893,-2.0035280529148,-3.86739807892377,1.80224337174888,-0.54000485,0.08002335,-0.08552113,82.44443,76.31746,-2.9814231,WAL
2035467358000,247.94997,-1.81941098941704,-3.92554027754858,1.68111369009467,-0.59315014,0.05100725,-0.057421334,82.48604,76.34804,-3.059895,WAL
2035472259000,247.954871,-1.6265888400892,-4.00953661585728,1.58254972635282,-0.6966918,0.034513887,-0.023518313,82.514885,76.42886,-3.1197596,WAL
2035477301000,247.959913,-1.39209661342914,-4.16267449851338,1.52512304534192,-0.79229224,0.03359759,0.005192355,82.537796,76.5181,-3.1850188,WAL
2035482329000,247.964941,-1.17912903796285,-4.31361380791446,1.46594133025289,-0.8933904,0.040927973,0.032986723,82.562965,76.65718,-3.2127619,WAL
2035487419000,247.970031,-1.01552648203091,-4.46199731946613,1.40126130340306,-0.9841039,0.038179077,0.06261369,82.583084,76.81488,-3.2479968,WAL
2035492292000,247.974904,-0.858898730546363,-4.60405485419919,1.33933875510459,-1.0772609,0.05009095,0.079107046,82.61656,77.01571,-3.209625,WAL
2035497380000,247.979992,-0.6885581279489,-4.79531557386191,1.3251842672412,-1.183246,0.05100725,0.09437868,82.6455,77.23994,-3.1790037,WAL
2035502264000,247.984876,-0.522578282299503,-4.99449146192842,1.32992654557437,-1.3011429,0.03604105,0.09773844,82.6742,77.489265,-3.150022,WAL
2035507292000,247.989904,-0.39913273965177,-5.10935703511317,1.40395265432385,-1.4227052,0.016493361,0.09773844,82.72487,77.78301,-3.0374892,WAL
2035512280000,247.994892,-0.29285592585413,-5.19253041526407,1.50098792675566,-1.5195273,-0.033292156,0.09987647,82.76509,78.097206,-2.9278564,WAL
2035517317000,247.999929,-0.209102264623267,-5.20616757239301,1.65431874012457,-1.6178766,-0.0888809,0.10842858,82.822426,78.439575,-2.7362986,WAL
2035522314000,248.004926,-0.136987587736588,-5.18693695373719,1.8322016489351,-1.7244726,-0.15393804,0.12858713,82.86612,78.80314,-2.5548797,WAL
2035527285000,248.009897,-0.123960168770679,-5.30156576825702,2.12464446069829,-1.8020525,-0.22052236,0.15821409,82.904526,79.15509,-2.3265882,WAL
2035532329000,248.014941,-0.137205414952929,-5.47816888164702,2.47343597730555,-1.8811595,-0.31642818,0.17592919,82.92035,79.52799,-2.1091895,WAL
2035537315000,248.019927,-0.126312060957997,-5.66321057285641,2.86861918219724,-1.9456058,-0.40591997,0.23396139,82.91667,79.86201,-1.8941294,WAL
2035542293000,248.024905,-0.092207472119162,-5.85809400741952,3.31197878724578,-2.006387,-0.49235737,0.30665436,82.88972,80.20712,-1.6973214,WAL
2035547335000,248.029947,0.0418634169802372,-6.28058815294362,3.94175937819846,-2.0427334,-0.5867361,0.38087448,82.803116,80.48461,-1.536005,WAL
2035552247000,248.034859,0.252262297043478,-6.8726406993135,4.70017391533181,-2.0167716,-0.6963864,0.453262,82.68878,80.75134,-1.3996073,WAL
2035557249000,248.039861,0.627265153375112,-7.62588725920621,5.53943531841241,-1.9367483,-0.75961095,0.5491679,82.52178,80.9224,-1.295355,WAL
2035562273000,248.044885,1.10586737542226,-8.47779913808813,6.42484947617627,-1.8591684,-0.89827734,0.5928447,82.30579,81.08099,-1.1954672,WAL
2035567243000,248.049855,1.68097492822202,-9.782364278826,7.26240347249676,-1.6649132,-1.0613784,0.64996064,82.01646,81.03909,-1.0805812,WAL
2035572249000,248.054861,2.32708675950883,-11.4000369119497,8.08081200868523,-1.4114041,-1.2134838,0.6609562,81.69504,80.95936,-0.9673238,WAL
2035577239000,248.059851,2.89149038788239,-13.1545598939709,8.61227162964063,-1.1016954,-1.31672,0.6044512,81.30786,80.65041,-0.7439839,WAL
2035582254000,248.064866,3.40500285446985,-15.0136652266112,8.95461277754678,-0.788627,-1.3927728,0.52015173,80.89092,80.28089,-0.52448213,WAL
2035587249000,248.069861,3.71380986062475,-16.3299921227616,8.88834749423,-0.49541172,-1.346347,0.39706242,80.447464,79.750755,-0.21020468,WAL
2035592208000,248.07482,3.87444524986072,-17.2512837465181,8.52928076880223,-0.2507602,-1.1716396,0.2874121,80.03279,79.17492,0.099707164,WAL
2035597271000,248.079883,3.92667336839194,-17.9252263293165,7.89314352474318,-0.05131268,-0.8350528,0.1591304,79.68036,78.59857,0.46172574,WAL
2035602250000,248.084862,3.89370416546819,-18.3867949735283,7.06420263109443,0.14935656,-0.4428773,0.044898596,79.40996,77.9895,0.80962455,WAL
2035607250000,248.089862,3.58163631783784,-18.2832672756757,6.41836195474202,0.3368922,-0.11209377,-0.06566802,79.26576,77.47269,1.1602362,WAL
2035612262000,248.094874,3.03442453232432,-17.7030348086486,5.9277583817887,0.50335294,0.12064589,-0.14110987,79.21262,76.93432,1.4889064,WAL
2035617239000,248.099851,2.27690728780014,-16.556518184594,5.55389682248439,0.59528816,0.2941316,-0.18967366,79.28913,76.5491,1.7902669,WAL
2035622248000,248.10486,1.3067550903222,-14.8492402361455,5.28758055303856,0.5739079,0.39858958,-0.19792034,79.40925,76.16671,2.0690832,WAL
2035627233000,248.109845,0.387629354226298,-13.0309396492283,5.02815096874123,0.45845437,0.42241332,-0.16065755,79.57146,75.85625,2.2751837,WAL
2035632245000,248.114857,-0.487877740955101,-11.0778851084386,4.77319533077771,0.28344148,0.3747658,-0.12034045,79.73627,75.58248,2.467458,WAL
2035637238000,248.11985,-1.54276993699516,-9.04602613903426,4.47437526298015,0.0983493,0.3051272,-0.056505036,79.848206,75.360344,2.5509658,WAL
2035642228000,248.12484,-2.78383972553076,-6.92724168756789,4.12989595676903,-0.09315695,0.18906279,0.021380283,79.925476,75.20009,2.6221027,WAL
2035647256000,248.129868,-3.71430208495346,-5.71375566164475,3.83941727857211,-0.2779437,0.02687807,0.12950343,79.91736,75.0871,2.5756521,WAL
2035652350000,248.134962,-4.29010695275885,-5.54054597466654,3.61003154031283,-0.43676865,-0.1554652,0.25411993,79.864944,75.02674,2.513889,WAL
2035657238000,248.13985,-4.8333264429486,-5.46039894671437,3.34308809881378,-0.605062,-0.2556471,0.32498032,79.76058,75.0157,2.300578,WAL
2035662350000,248.144962,-5.38640475354924,-5.51570691734137,2.98819628190548,-0.68233645,-0.45753807,0.4700608,79.564026,75.0265,2.0509288,WAL
2035667288000,248.1499,-5.87400679538982,-5.71590067226719,2.59216223590821,-0.8347474,-0.68569624,0.6282749,79.336044,75.139404,1.719912,WAL
2035672356000,248.154968,-6.24693412939248,-6.32252926503432,2.04022972550968,-1.0219775,-0.9425651,0.7806858,79.0347,75.27719,1.3637279,WAL
2035677254000,248.159866,-6.39290173147781,-7.12950408310222,1.53157386775951,-1.2299771,-1.1404854,0.91446525,78.70016,75.517746,0.9110814,WAL
2035682352000,248.164964,-6.06406507795166,-8.46419391095483,1.05766230319929,-1.4440855,-1.3151928,0.9831876,78.29472,75.79489,0.4463283,WAL
2035687274000,248.169886,-5.80859797141245,-9.827683680694,0.63233129827177,-1.6533068,-1.5167783,0.9941832,77.86109,76.216705,-0.071308896,WAL
2035692296000,248.174908,-5.69552977129961,-11.397071195552,0.275035543174158,-1.8194622,-1.736079,0.95325524,77.372345,76.657326,-0.58540523,WAL
2035697307000,248.179919,-5.59576324109698,-12.9618540174881,-0.0458285996494436,-1.9107865,-1.9416351,0.8912524,76.88593,77.23313,-1.0389065,WAL
2035702314000,248.184926,-5.55764625955882,-14.5198827647059,-0.198296240227941,-1.8848248,-2.07572,0.86009824,76.35914,77.787704,-1.4827586,WAL
2035707273000,248.189885,-5.45431302252753,-15.9669044161026,-0.275182039587837,-1.779756,-2.1374176,0.82436264,75.848785,78.435455,-1.8658508,WAL
2035712296000,248.194908,-4.99265943892312,-16.9096493095262,0.0504052075462168,-1.5754215,-2.1224513,0.7861836,75.32485,79.00616,-2.2352953,WAL
2035717315000,248.199927,-4.43239325941311,-17.7417429785863,0.427959939815604,-1.3176364,-2.0518963,0.79443026,74.83219,79.56407,-2.5731773,WAL
2035722308000,248.20492,-3.43689726500446,-18.0830558852979,1.03473857373451,-0.98899084,-1.9566014,0.72387534,74.35746,80.00802,-2.8758192,WAL
2035727283000,248.209895,-2.45377021920204,-18.2598715669521,1.58944121275278,-0.6395759,-1.8924606,0.5900958,73.90732,80.34384,-3.076754,WAL
2035732289000,248.214901,-1.51048701262525,-17.5829790160321,1.88640070781563,-0.38423425,-1.8347337,0.44043383,73.48913,80.59617,-3.2529073,WAL
2035737668000,248.22028,-0.505370333606141,-16.8153340117934,2.18759450107767,-0.27763826,-1.8237382,0.29229903,73.09854,80.77139,-3.2250571,WAL
2035742302000,248.224914,0.180436531796462,-15.2948279670598,2.06577353836926,-0.31642818,-1.8380935,0.13500121,72.72844,80.9239,-3.157044,WAL
2035747631000,248.230243,0.927716687188629,-13.5564081786277,1.88505153240485,-0.43096542,-1.9129245,-0.004886922,72.39274,81.06342,-2.8837779,WAL
2035752348000,248.23496,1.04484481164923,-12.1508710345402,1.1906492209575,-0.62796944,-1.9990565,-0.086437434,72.05631,81.231606,-2.5972373,WAL
2035757308000,248.23992,1.16800688443374,-10.6729265285675,0.460474223124363,-0.8350528,-2.0292943,-0.099265605,71.74038,81.426094,-2.2153258,WAL
2035762316000,248.244928,0.966686918589871,-9.28233600178749,-0.486385737028798,-0.9288206,-2.0299053,-0.09437868,71.413216,81.62676,-1.8324219,WAL
2035767316000,248.249928,0.705155438947368,-7.91286182105263,-1.47069504189474,-1.1420126,-2.0274618,-0.077579886,71.08168,81.896965,-1.4671842,WAL
2035772348000,248.25496,0.321496324923198,-6.76526907719575,-2.33596764163056,-1.3750577,-2.0790799,-0.022602014,70.736435,82.26889,-1.1236773,WAL
2035777271000,248.259883,-0.0777365898719968,-5.68826878800709,-3.1576447472824,-1.5961909,-2.1725423,0.03268129,70.38541,82.67594,-0.7996054,WAL
2035782342000,248.264954,-0.518486597061126,-4.80540971305832,-3.86238391216501,-1.8023579,-2.3154848,0.10934488,70.027534,83.24256,-0.5440617,WAL
2035787248000,248.26986,-0.952342982655827,-4.00843442023487,-4.50845240785908,-1.9694295,-2.4801128,0.21746802,69.64544,83.8401,-0.3235512,WAL
2035792297000,248.274909,-1.31264213569498,-3.55002771574532,-5.05328182778037,-2.123673,-2.6810875,0.3200934,69.16834,84.60972,-0.22394536,WAL
2035797298000,248.27991,-1.64749999533886,-3.18838105576582,-5.56226605043349,-2.2009475,-2.869845,0.4361578,68.65899,85.39182,-0.16476828,WAL
2035802350000,248.284962,-1.89523382372881,-2.96394037288136,-6.03842031525424,-2.2104158,-3.016758,0.51007247,68.03178,86.3152,-0.23717552,WAL
2035807297000,248.289909,-2.09237536360499,-2.81488218684665,-6.48559492356643,-2.1481075,-3.090062,0.5742133,67.378654,87.22496,-0.34867477,WAL
2035812332000,248.294944,-2.2314681551385,-2.7510260248896,-6.85721006096949,-2.0696115,-3.0341678,0.6542367,66.71977,88.170876,-0.55438775,WAL
2035817337000,248.299949,-2.34210989871538,-2.7269734937776,-7.18913514100763,-1.9807305,-2.8802297,0.7296785,66.07538,88.90627,-0.7888725,WAL
2035822342000,248.304954,-2.51208645598527,-2.98083832412523,-7.2520590801105,-1.8774943,-2.6762006,0.79198676,65.478584,91.11594,-1.0824665,WAL
2035827363000,248.309975,-2.70783868452069,-3.35369981841621,-7.20079071346322,-1.7614299,-2.466063,0.8512407,64.93617,91.893906,-1.4069332,WAL
2035832331000,248.314943,-2.92276084090264,-4.04933228475659,-6.94115892341785,-1.6310102,-2.2736404,0.89888823,64.46627,92.88863,-1.7693925,WAL
2035837349000,248.319961,-3.15183299893509,-4.93637783483773,-6.56099641394523,-1.4731015,-2.0693061,0.9324858,64.06968,93.901115,-2.1499565,WAL
2035842321000,248.324933,-3.28838488355257,-5.96094853447912,-6.36241292165146,-1.3090842,-1.7935003,0.9837985,63.754738,94.9027,-2.5732198,WAL
2035847363000,248.329975,-3.38110932101776,-7.0736418324724,-6.25114375160826,-1.133155,-1.4300356,1.035722,63.533714,95.86766,-3.0031407,WAL
2035852450000,248.335062,-3.45175629049774,-8.30051594642123,-5.97890183447141,-0.95539325,-1.0085385,1.0995574,63.405598,96.73546,-3.4631457,WAL
2035857328000,248.33994,-3.50460202624434,-9.54479371832579,-5.61378544072398,-0.7974846,-0.7831292,1.1313224,63.33515,97.56116,-3.9223125,WAL
2035862339000,248.344951,-3.38131032113684,-10.6404128356355,-5.02777875323462,-0.7556403,-0.40439278,1.1737776,63.457577,98.31451,-4.366674,WAL
2035867353000,248.349965,-3.15703818189407,-11.6329367016794,-4.3215599175395,-0.7367035,-0.073303826,1.2379184,63.639996,99.033516,-4.813013,WAL
2035872346000,248.354958,-2.69730787600611,-12.3765860280183,-3.67452755374427,-0.7651087,0.17654006,1.3109168,63.911503,99.65129,-5.2322116,WAL
2035877338000,248.35995,-2.09819295786042,-12.9757007935813,-3.06080018950586,-0.84665924,0.37751472,1.3573426,64.26998,100.272545,-5.641512,WAL
2035882353000,248.364965,-1.45174473838783,-13.3006227452336,-2.42518659289736,-0.9630291,0.48166725,1.3600914,64.66353,100.734825,-5.979329,WAL
2035887351000,248.369963,-0.785050295969574,-13.4850278630841,-1.78213373224341,-1.1178834,0.46792278,1.2986995,65.081055,101.215614,-6.299683,WAL
2035892299000,248.374911,-0.328652979442339,-13.5188917566307,-1.14341192634315,-1.3023647,0.28802297,1.1520919,65.50091,101.52342,-6.462524,WAL
2035897365000,248.379977,0.0201463721092004,-13.4670431439813,-0.488234779165452,-1.4608842,-0.004276057,0.915687,65.87258,101.83725,-6.5879602,WAL
2035902345000,248.384957,0.316958515437383,-13.1870804753385,-0.0551028397815558,-1.6044376,-0.35705075,0.6392705,66.1629,101.996346,-6.5633316,WAL
2035907332000,248.389944,0.581318897434022,-12.7433326113472,0.228140428051794,-1.7024814,-0.7501425,0.38973203,66.33984,102.15806,-6.506177,WAL
2035912335000,248.394947,0.793634332031943,-12.2410288181012,0.367470664063886,-1.7391334,-1.1594223,0.17379116,66.321205,102.229935,-6.387061,WAL
2035917354000,248.399966,0.964232383584738,-11.691324364685,0.391164827169476,-1.7159204,-1.5745052,-0.02076942,66.17491,102.284676,-6.235746,WAL
2035922328000,248.40494,0.980874235079508,-11.3112322940294,0.301429487176118,-1.6187929,-1.9853121,-0.21166481,65.85703,102.292595,-6.0474386,WAL
2035927351000,248.409963,0.860601421246125,-11.0754974133413,0.108993044320032,-1.4532484,-2.31915,-0.39461896,65.435715,102.25656,-5.834827,WAL
2035932331000,248.414943,0.584004421482076,-10.8488856653278,-0.148082301683302,-1.2889256,-2.5555549,-0.5555819,64.88918,102.208755,-5.6071734,WAL
2035937335000,248.419947,0.16536363137062,-10.627535416106,-0.465671873629882,-1.1404854,-2.6823094,-0.6786713,64.277306,102.106606,-5.3581147,WAL
2035942343000,248.424955,-0.328297464165681,-10.3878208792899,-0.87186342016568,-1.0085385,-2.695443,-0.7535023,63.620564,102.01022,-5.1219583,WAL
2035947386000,248.429998,-0.890320010195266,-10.1306239005917,-1.35767951219527,-0.89644474,-2.5992317,-0.7867944,62.961887,101.872246,-4.8690004,WAL
2035952335000,248.434947,-1.52120555808502,-9.52454704747716,-1.87001513480334,-0.82772243,-2.5240953,-0.7489208,62.311882,101.790016,-4.673957,WAL
2035957342000,248.439954,-2.23561369750695,-8.57200284500397,-2.42249073742551,-0.77457714,-2.350915,-0.7153232,61.72194,101.67845,-4.461819,WAL
2035962329000,248.444941,-2.68401918429376,-7.91966121028961,-2.80803865105268,-0.7672467,-2.182927,-0.59681535,61.164764,101.69854,-4.3636246,WAL
2035967357000,248.449969,-2.86488136881487,-7.56745594805772,-3.02697716341801,-0.7644979,-2.0182989,-0.43066,60.667713,101.710464,-4.2807107,WAL
2035972328000,248.45494,-2.93819050905858,-7.36477953209807,-3.21484249026764,-0.77518797,-1.8500054,-0.23304509,60.21032,101.92611,-4.3474755,WAL
2035977349000,248.459961,-2.89319227510762,-7.32428121551563,-3.37233635608272,-0.79443026,-1.6872098,-0.0571159,59.812313,102.15183,-4.446241,WAL
2035982297000,248.464909,-2.74852952038263,-7.38290786975717,-3.46652916909492,-0.8170323,-1.5100589,0.084910266,59.479893,102.458664,-4.611777,WAL
2035987331000,248.469943,-2.39378597985914,-7.64643165783664,-3.43612260258594,-0.84238315,-1.3335189,0.19486602,59.207382,102.78029,-4.807361,WAL
2035992269000,248.474881,-1.99753480699234,-7.94122783237548,-3.40358246293103,-0.8790351,-1.1856894,0.2941316,58.999516,103.14308,-5.027606,WAL
2035997385000,248.479997,-1.5188485733908,-8.29789584885057,-3.36603852051724,-0.9049969,-1.0922271,0.36713,58.837257,103.51242,-5.261717,WAL
2036002245000,248.484857,-1.08157870648256,-8.63354726584767,-3.29639346860934,-0.91629785,-1.0461067,0.42852196,58.73199,103.84079,-5.4628997,WAL
2036007343000,248.489955,-0.65932950884914,-8.97902382014742,-3.15244478741032,-0.9184359,-1.006095,0.45753807,58.660294,104.17098,-5.6664357,WAL
2036012284000,248.494896,-0.302092247813972,-9.2702905716248,-3.00039886701334,-0.90408057,-0.9941832,0.46578476,58.6057,104.43847,-5.813048,WAL
2036017351000,248.499963,-0.0592734047625589,-9.46549784036499,-2.81471394893053,-0.895223,-1.0009027,0.44868052,58.562088,104.70193,-5.956725,WAL
2036022291000,248.504903,0.132811361978242,-9.61984878643,-2.61710313541368,-0.88147855,-1.0366384,0.41172317,58.45307,104.92614,-6.0618186,WAL
2036027349000,248.509961,0.202149301783567,-9.67531929659319,-2.36748651543086,-0.87689704,-1.1117748,0.35643986,58.332798,105.13989,-6.158233,WAL
2036032322000,248.514934,0.255287226047652,-9.71963734728201,-2.13313622301532,-0.87689704,-1.2049317,0.29840767,58.153297,105.31201,-6.2209516,WAL
2036037340000,248.519952,0.236043494947442,-9.7148263165482,-1.95032072230453,-0.8885035,-1.3017539,0.22052236,57.950264,105.47127,-6.2668486,WAL
2036042339000,248.524951,0.205407435513782,-9.698499413071,-1.77072146551086,-0.9068295,-1.3939945,0.14996742,57.684998,105.58606,-6.300678,WAL
2036047364000,248.529976,0.121037887159832,-9.62819150423688,-1.6019823374793,-0.9379836,-1.4920384,0.096516706,57.39087,105.69462,-6.323346,WAL
2036052312000,248.534924,0.0318859506390067,-9.54551829709267,-1.44310468149606,-0.96669424,-1.5323554,0.073303826,57.06743,105.776794,-6.339133,WAL
2036057347000,248.539959,-0.104409040312942,-9.36054634423582,-1.33601578188976,-0.98746365,-1.5900823,0.028405234,56.711205,105.85072,-6.340622,WAL
2036062336000,248.544948,-0.24455859908625,-9.18427131299555,-1.24301527578805,-1.031446,-1.6249015,0.0021380284,56.331657,105.92617,-6.3507853,WAL
2036067347000,248.549959,-0.416247538396828,-9.04970449835622,-1.22909456080062,-1.0818423,-1.6310102,-0.008552114,55.947464,105.99938,-6.3528004,WAL
2036072351000,248.554963,-0.588013704870855,-8.91414045580481,-1.21429274615247,-1.1267409,-1.5922203,-0.010995574,55.550373,106.08769,-6.3704457,WAL
2036077337000,248.559949,-0.762984516614532,-8.76477524282778,-1.18868723650907,-1.1487321,-1.5393804,0.007941248,55.1627,106.177444,-6.387773,WAL
2036082319000,248.564931,-0.937814958673697,-8.61552985753865,-1.16310226879078,-1.1478158,-1.484708,0.03390302,54.77848,106.29575,-6.429825,WAL
2036087351000,248.569963,-1.12907718102962,-8.48521320521862,-1.18306657538787,-1.112691,-1.4504995,0.09040806,54.413647,106.4088,-6.4801273,WAL
2036092276000,248.574888,-1.31914680398952,-8.36166794781382,-1.2115770461213,-1.104139,-1.3997977,0.14813483,54.07692,106.52444,-6.5297155,WAL
2036097356000,248.579968,-1.4309925214511,-8.26476915772871,-1.24045329116719,-1.0552697,-1.3365731,0.21502456,53.750744,106.649475,-6.622753,WAL
2036102291000,248.584903,-1.52417382537461,-8.17624662223975,-1.26840765315457,-1.0021244,-1.2742649,0.2751948,53.448673,106.76982,-6.721698,WAL
2036107348000,248.58996,-1.56910143043092,-8.2022376786313,-1.19589962777833,-0.9456194,-1.2290609,0.34208453,53.1497,106.9257,-6.867197,WAL
2036112280000,248.594892,-1.60170462045163,-8.25347143664333,-1.10274746870131,-0.8888089,-1.2153164,0.39492437,52.868755,107.06643,-7.017975,WAL
2036117362000,248.599974,-1.64395410198595,-8.36993584662389,-1.0042890068011,-0.84116143,-1.219287,0.44593164,52.587784,107.227196,-7.2057085,WAL
2036122245000,248.604857,-1.68681713466748,-8.49852499439861,-0.909037863953559,-0.79901177,-1.2357804,0.4868596,52.31622,107.37414,-7.3991346,WAL
2036127318000,248.60993,-1.66702650103406,-8.62360177534469,-0.826486976788321,-0.77274454,-1.248914,0.5332854,52.028038,107.51162,-7.611564,WAL
2036132313000,248.614925,-1.63307949054136,-8.74484091768046,-0.748893844671533,-0.73731434,-1.2571607,0.56779927,51.74445,107.634964,-7.825983,WAL
2036137345000,248.619957,-1.57001489150118,-8.79373406541177,-0.733544622127059,-0.7315111,-1.2687671,0.6041457,51.43209,107.75943,-8.058968,WAL
2036142290000,248.624902,-1.50315751413647,-8.82939158776471,-0.729087466738824,-0.71593404,-1.2592987,0.6258314,51.130413,107.871155,-8.288767,WAL
2036147346000,248.629958,-1.4252688999703,-8.84982863706564,-0.783494842233442,-0.7107417,-1.2483032,0.6404922,50.806343,107.97682,-8.518923,WAL
2036152250000,248.634862,-1.34622735335115,-8.86377695109395,-0.857886934659935,-0.6795876,-1.2406673,0.6536258,50.49093,108.0713,-8.746312,WAL
2036157343000,248.639955,-1.23792789593177,-8.90159157366925,-0.964737704068229,-0.66981375,-1.2198979,0.6640105,50.175102,108.17069,-8.960268,WAL
2036162290000,248.644902,-1.12182048201157,-8.94803450044113,-1.08084511798843,-0.6542367,-1.1881329,0.66645396,49.870216,108.25802,-9.166426,WAL
2036167355000,248.649967,-0.991687740519792,-9.0963966377449,-1.24329619544182,-0.6377433,-1.1191051,0.6771441,49.583557,108.35462,-9.36066,WAL
2036172361000,248.654973,-0.85750520315074,-9.29287863494602,-1.42540100467813,-0.61636305,-1.0531317,0.66645396,49.308655,108.43946,-9.539996,WAL
2036177333000,248.659945,-0.724520351948984,-9.50998341729773,-1.60907717267836,-0.57879484,-0.960891,0.65484756,49.07273,108.5219,-9.69152,WAL
2036182349000,248.664961,-0.590498509685134,-9.73973480988442,-1.79575049153049,-0.5500842,-0.8772025,0.6383542,48.856216,108.5949,-9.827809,WAL
2036187350000,248.669962,-0.465207494276755,-10.0421045831479,-1.92566370755614,-0.5103779,-0.8002335,0.61544675,48.65749,108.668304,-9.936078,WAL
2036192282000,248.674894,-0.345763803425046,-10.3765471649808,-2.02599638232855,-0.45448375,-0.74220127,0.57940567,48.478012,108.72238,-10.026314,WAL
2036197344000,248.679956,-0.255554205095634,-10.6997625350657,-2.00492831477009,-0.38912117,-0.7333437,0.52656585,48.31111,108.75756,-10.081193,WAL
2036202363000,248.684975,-0.181263642954019,-11.0108537498068,-1.9259946006762,-0.3203988,-0.752586,0.46761733,48.15106,108.769295,-10.119506,WAL
2036207347000,248.689959,-0.108764821222078,-11.2142130909546,-1.85174361215066,-0.26358834,-0.79626286,0.40744713,47.941124,108.767006,-10.144711,WAL
2036212327000,248.694939,-0.0371042509586297,-11.3527571598718,-1.78008304338375,-0.21746802,-0.8341365,0.3368922,47.724197,108.73799,-10.149533,WAL
2036217360000,248.699972,0.00563221123068309,-11.4029351349893,-1.71301214891581,-0.18081611,-0.8390234,0.25686884,47.460415,108.661545,-10.126058,WAL
2036222348000,248.70496,0.0299471416584546,-11.3980720507991,-1.64979332391326,-0.17165314,-0.8151997,0.15149458,47.189625,108.565384,-10.074942,WAL
2036227331000,248.709943,-0.0698906385863295,-11.3407552307388,-1.54459020434611,-0.1957823,-0.7828238,0.02076942,46.88205,108.43947,-9.991331,WAL
2036232345000,248.714957,-0.235895564550178,-11.2553810345713,-1.41652930630186,-0.25503623,-0.7470882,-0.11881329,46.576637,108.30309,-9.873451,WAL
2036237348000,248.71996,-0.509791601285785,-11.1730386339772,-1.22854258257058,-0.3387248,-0.7486154,-0.23915374,46.257477,108.1526,-9.721645,WAL
2036242320000,248.724932,-0.844682904719168,-11.0928537444279,-1.00685395736999,-0.44409904,-0.7504479,-0.31429017,45.943913,108.0096,-9.543083,WAL
2036247370000,248.729982,-1.22371313684934,-11.0031229047338,-0.782863976042035,-0.51923543,-0.77366084,-0.3567453,45.619007,107.87028,-9.363752,WAL
2036252370000,248.734982,-1.62345218615203,-10.9090667271656,-0.561831796705952,-0.57818395,-0.81397796,-0.35369098,45.289925,107.75046,-9.180682,WAL
2036257346000,248.739958,-1.96219394242483,-10.7706252100873,-0.362181633160039,-0.59559363,-0.8454375,-0.30482176,44.91525,107.667114,-9.06938,WAL
2036262357000,248.744969,-2.26009118516974,-10.5984033127061,-0.175995881961203,-0.58551437,-0.86254174,-0.24220806,44.53988,107.59402,-8.965204,WAL
2036267356000,248.749968,-2.4491082277625,-10.4674861399328,-0.000568616341786343,-0.55863625,-0.8866709,-0.17165314,44.15524,107.541084,-8.935148,WAL
2036272352000,248.754964,-2.53681807296059,-10.3749036810266,0.165105561704858,-0.50335294,-0.9083566,-0.098043874,43.776917,107.48785,-8.923242,WAL
2036277307000,248.759919,-2.30892319273356,-10.7881931034108,0.221433011513594,-0.41325033,-0.91721416,-0.05131268,43.402332,107.43675,-8.96444,WAL
2036282343000,248.764955,-1.81304622110727,-11.6321370860109,0.188056673821058,-0.28069258,-0.91996306,-0.030543262,43.031933,107.36841,-9.01775,WAL
2036287349000,248.769961,-1.39739637620117,-12.2680546396484,0.0291250909003906,-0.12308934,-0.9263771,-0.016493361,42.65222,107.272804,-9.094513,WAL
2036292291000,248.774903,-1.05537344208008,-12.7163818759766,-0.238946932806641,0.025961773,-0.9059132,-0.02107485,42.284344,107.14892,-9.167332,WAL
2036297341000,248.779953,-0.718211512712698,-13.1445084332645,-0.583685977430904,0.17715092,-0.8555168,-0.05100725,41.875107,106.91405,-9.151974,WAL
2036302361000,248.784973,-0.396667428223665,-13.5369818787253,-1.00453046614931,0.32345316,-0.7852673,-0.09896017,41.482857,106.646736,-9.124618,WAL
2036307293000,248.789905,-0.0690199271522742,-13.8544355906394,-1.45933166626801,0.4792238,-0.66156703,-0.15271631,41.10088,106.336945,-9.035726,WAL
2036312340000,248.794952,0.281458358206988,-14.0911222577456,-1.97822158314342,0.602924,-0.45204028,-0.2144137,40.76637,105.999435,-8.919182,WAL
2036317284000,248.799896,0.607073906513474,-14.3045548658868,-2.42329217004387,0.7312057,-0.17012598,-0.2687807,40.476204,105.649605,-8.7441025,WAL
2036322351000,248.804963,0.901046099496553,-14.4819517319825,-2.73753825882599,0.8570439,0.13041973,-0.3182608,40.251366,105.27194,-8.540508,WAL
2036327272000,248.809884,1.09006246179315,-14.6029369554421,-2.91656100354297,0.9966267,0.42394048,-0.34880406,40.119953,104.88705,-8.274521,WAL
2036332304000,248.814916,1.13479720259921,-14.6476714237642,-2.9053773669993,1.1432343,0.6582073,-0.38637227,40.05198,104.47308,-7.985549,WAL
2036337263000,248.819875,1.17888296962172,-14.6917569222557,-2.89435597319564,1.3243558,0.8170323,-0.43554693,40.018955,104.04192,-7.6631665,WAL
2036342325000,248.824937,1.19146425813298,-14.5191510550246,-2.64396549076552,1.5189165,0.87995136,-0.505491,40.017105,103.576004,-7.326298,WAL
2036347260000,248.829872,1.19621845871643,-14.3004582253294,-2.34445055615129,1.7241671,0.8775079,-0.54183745,40.035652,103.07545,-6.9901447,WAL
2036352319000,248.834931,1.09887175674391,-13.8630201004159,-1.87629435576352,1.8289305,0.8054258,-0.6374379,40.032024,102.53782,-6.6251082,WAL
2036357266000,248.839878,0.981580042602496,-13.3891613832442,-1.38366922495544,2.0335703,0.655153,-0.75900006,39.997784,101.93321,-6.2568693,WAL
2036362320000,248.844932,0.723520458169209,-12.9509643051318,-1.00690620466019,2.2165246,0.49693888,-0.9025534,39.91127,101.281624,-5.8707533,WAL
2036367256000,248.849868,0.437851908076085,-12.5341691301763,-0.669723731650485,2.3866506,0.3381139,-1.0635164,39.77321,100.58054,-5.461121,WAL
2036372349000,248.854961,-0.0923899150586256,-12.3195566882699,-0.446640337533765,2.5350907,0.24007004,-1.2174544,39.586098,99.80726,-5.035568,WAL
2036377266000,248.859878,-0.667812770914758,-12.1704591781527,-0.264927850463563,2.685669,0.20189096,-1.3475688,39.366154,98.99166,-4.5823226,WAL
2036382337000,248.864949,-1.26125781912433,-12.0166919473606,-0.0775241445589472,2.8405235,0.21777347,-1.4569136,39.135803,98.135376,-4.13655,WAL
2036387246000,248.869858,-1.83574445719586,-11.8678370201356,0.103892694779597,2.9520063,0.23793201,-1.5152513,38.89574,97.2629,-3.6758587,WAL
2036392296000,248.874908,-2.48176484544043,-11.8015778760998,0.215833527808715,3.0503557,0.25809056,-1.5228871,38.718704,96.38417,-3.273658,WAL
2036397492000,248.880104,-3.16681030441983,-11.7655231972881,0.303395733497568,3.1422908,0.30390546,-1.4770721,38.55776,95.50216,-2.8757007,WAL
2036402378000,248.88499,-3.72339960854022,-11.8139566881827,0.130090503614697,3.2015448,0.4129449,-1.3906348,38.50897,94.63013,-2.5619748,WAL
2036407330000,248.889942,-4.27141049574795,-11.8781766668773,-0.0925389123282477,3.1987958,0.5705481,-1.2904528,38.492317,93.79197,-2.2717595,WAL
2036412328000,248.89494,-4.82922841375726,-12.0361170932437,-0.220134807062061,3.1312952,0.70829827,-1.1991285,38.57589,93.05054,-2.0947218,WAL
2036417327000,248.899939,-5.39027622454907,-12.2556579108326,-0.283557608601855,3.0246992,0.698219,-1.1175779,38.665337,92.419365,-1.9509492,WAL
2036422309000,248.904921,-5.91025977415797,-12.5163017147541,-0.49690069080775,2.9077187,0.5726862,-1.0247264,38.82242,92.06189,-1.9335854,WAL
2036427294000,248.909906,-6.40829653814208,-12.8008934579235,-0.795722759103825,2.8072312,0.41996986,-0.9773844,38.967148,91.93105,-1.9305543,WAL
2036432284000,248.914896,-6.93876629479484,-13.226609964479,-1.05524388321952,2.6991081,0.22296582,-0.99112886,39.11809,87.89965,-2.0186858,WAL
2036437351000,248.919963,-7.49741099703828,-13.7470566262915,-1.29398087060317,2.5781567,0.032986723,-1.1074986,39.224262,87.61047,-2.0898864,WAL
2036442328000,248.92494,-7.74977447906012,-14.0852985438839,-1.69731858175536,2.4135287,0.013133603,-1.3066407,39.36297,87.24929,-2.2072177,WAL
2036447361000,248.929973,-7.80211916973048,-14.3089542515549,-2.2207668300622,2.1853704,0.039095376,-1.4773777,39.456387,86.9154,-2.2937853,WAL
2036452346000,248.934958,-7.38549156204165,-14.0610713368534,-2.45011178319155,2.0803015,-0.019242255,-1.5259414,39.55578,86.55861,-2.4340348,WAL
2036457342000,248.939954,-6.6182384461719,-13.4622391600665,-2.46414689401584,1.9315559,-0.12980886,-1.5424347,39.640583,86.28825,-2.5252724,WAL
2036462323000,248.944935,-5.82534606063131,-12.7616145757279,-2.51487074544652,1.8793269,-0.226631,-1.4697418,39.701237,86.06351,-2.6309006,WAL
2036467357000,248.949969,-4.9983007208607,-11.9581993283992,-2.59993828866778,1.8924606,-0.226631,-1.3545936,39.74994,85.858475,-2.7332866,WAL
2036472326000,248.954938,-4.22480506760648,-11.2105599619076,-2.8346457739952,1.8817704,-0.113926366,-1.280679,39.73915,85.74537,-2.7312245,WAL
2036477342000,248.959954,-3.48998203029394,-10.5045531976605,-3.23327529793041,1.8936822,0.09773844,-1.2073752,39.753376,85.60617,-2.758975,WAL
2036482350000,248.964962,-2.80625256139896,-10.0536868782383,-3.38935840440415,1.9233092,0.38759398,-1.1569787,39.748848,85.55009,-2.6872249,WAL
2036487335000,248.969947,-2.17833995468314,-9.87292449980072,-3.28946319665205,1.9575176,0.6017023,-1.1539245,39.78499,85.48278,-2.625885,WAL
2036492305000,248.974917,-1.61019363445675,-9.79996906436759,-3.05395325063192,1.9798143,0.6395759,-1.169807,39.85186,85.45255,-2.4869714,WAL
2036497383000,248.979995,-1.09563002899775,-9.84761380856275,-2.65850162506123,1.93797,0.66614854,-1.2357804,39.97709,85.429756,-2.3431618,WAL
2036502326000,248.984938,-0.580563317380809,-9.92371618869443,-2.43583219273788,1.9055941,0.81031275,-1.2696834,40.139164,85.385826,-2.123247,WAL
2036507344000,248.989956,-0.0391915117139408,-10.0397242528666,-2.42133122257091,1.8829921,1.0351112,-1.2571607,40.329624,85.33674,-1.90804,WAL
2036512297000,248.994909,0.30677559962035,-10.2501449094387,-2.40532176802142,1.8753563,1.3072516,-1.2718215,40.567623,85.23863,-1.6035724,WAL
2036517358000,248.99997,0.418015663326958,-10.588500128622,-2.38678177192311,1.8674151,1.5586227,-1.2956452,40.85821,85.1216,-1.3152925,WAL
2036522242000,249.004854,0.543333652479181,-10.8155594541989,-2.40896721122705,1.8332067,1.7831156,-1.282817,41.237553,84.946556,-0.97079384,WAL
2036527327000,249.009939,0.709455255754992,-10.8546466609812,-2.51157171574195,1.8182404,2.022575,-1.20371,41.684017,84.74272,-0.6571708,WAL
2036532260000,249.014872,0.862876203435751,-10.6431552539511,-2.59244363421027,1.8261817,2.2660046,-1.1074986,42.208164,84.498604,-0.35503206,WAL
2036537334000,249.019946,1.00597836440169,-9.95149538706194,-2.64014431468538,1.8509218,2.4196372,-0.9957104,42.76355,84.24243,-0.09663015,WAL
2036542311000,249.024923,1.05973805244436,-9.32572247332102,-2.63924750598698,1.8790215,2.4785857,-0.88422745,43.371838,83.96316,0.14450817,WAL
2036547378000,249.02999,0.927682547516766,-8.80221652113908,-2.5354895881524,1.917506,2.574797,-0.8231409,44.023476,83.675255,0.35105,WAL
2036552284000,249.034896,0.796081473243166,-8.32672236810744,-2.43109496707652,1.9465221,2.6340508,-0.7305948,44.69128,83.35704,0.5346493,WAL
2036557341000,249.039953,0.649504617610896,-7.92821641929443,-2.31200130176866,1.9752327,2.5876253,-0.66339964,45.346233,83.036095,0.6984707,WAL
2036562340000,249.044952,0.506262249643685,-7.56124483205871,-2.19954175073387,1.9666806,2.4956899,-0.6133087,46.020924,82.698166,0.81482285,WAL
2036567360000,249.049972,0.371635782030707,-7.34305728937814,-2.11598046722673,1.9425515,2.3900104,-0.5928447,46.668148,82.36969,0.91427666,WAL
2036572311000,249.054923,0.234553977443716,-7.1367326138501,-2.02988725728128,1.9031507,2.2806654,-0.57360244,47.30057,82.03447,0.97406596,WAL
2036577341000,249.059953,0.0423628331100978,-7.03606094100883,-1.89718384491308,1.8564194,2.1789563,-0.57971114,47.89643,81.72126,1.0319709,WAL
2036582670000,249.065282,-0.163384484916648,-6.92748861373127,-1.76096060299097,1.7956384,2.062892,-0.60231316,48.474598,81.41309,1.0656255,WAL
2036587349000,249.069961,-0.389660366035672,-6.79114285967695,-1.7348518496326,1.7018706,1.9724839,-0.6221663,49.022907,81.14061,1.0974581,WAL
2036592544000,249.075156,-0.640889945521316,-6.63976089936232,-1.70586382362347,1.6154331,1.9346102,-0.6105598,49.537174,80.899734,1.088596,WAL
2036597418000,249.08003,-0.876596003348655,-6.49773285805846,-1.67866697304244,1.5247196,1.9055941,-0.623388,50.0227,80.69693,1.0910486,WAL
2036602894000,249.085506,-1.14141470927038,-6.33816257611757,-1.64811097103551,1.4165965,1.8808541,-0.65240407,50.548954,80.49128,1.0972619,WAL
2036607344000,249.089956,-1.35661617774221,-6.20848986708963,-1.62328003441556,1.3075571,1.8765781,-0.6780604,51.06542,80.323135,1.1017414,WAL
2036612308000,249.09492,-1.59667462481954,-6.06383923167061,-1.59558098511637,1.2357804,1.9016235,-0.6942484,51.609676,80.16046,1.1114968,WAL
2036617337000,249.099949,-1.76162696661335,-5.78930013978409,-1.2884538467413,1.1487321,1.9107865,-0.71868294,52.142487,80.04253,1.12669,WAL
2036622244000,249.104856,-1.90255081708317,-5.48866280793683,-0.917354516083567,1.0445796,1.8955148,-0.754724,52.669853,79.95876,1.1447031,WAL
2036627339000,249.109951,-1.98696489158071,-5.18070151058061,-0.574678975148836,0.89736104,1.8817704,-0.7672467,53.231895,79.94696,1.032456,WAL
2036632261000,249.114873,-2.0517962241674,-4.88432951105217,-0.255152889584439,0.7495316,1.8527542,-0.77091193,53.780487,79.973045,0.9284118,WAL
2036637350000,249.119962,-2.11552483085895,-4.73173956578037,0.0189661879806266,0.6059783,1.8341229,-0.77121735,54.398586,79.93586,0.822559,WAL
2036642307000,249.124919,-2.17652508391816,-4.63320075575764,0.267659304252249,0.45662177,1.8234328,-0.77396625,55.00346,79.951324,0.7186913,WAL
2036647373000,249.129985,-2.2558101685446,-4.60295941079812,0.519867741877934,0.39492437,1.7931949,-0.7703011,55.60237,79.92551,0.6267233,WAL
2036652290000,249.134902,-2.33871365487089,-4.59835357071596,0.763972341537559,0.2773328,1.7461584,-0.77488256,56.18813,79.96431,0.5378272,WAL
2036657343000,249.139955,-2.44715562744365,-4.60340176958362,0.898304285579289,0.14844026,1.6911805,-0.7809912,56.764336,79.98472,0.45296755,WAL
2036662330000,249.144942,-2.56468570311054,-4.61280422079929,0.978224752741412,0.02565634,1.6358972,-0.79198676,57.3226,80.0413,0.3715546,WAL
2036667355000,249.149967,-2.63360171605781,-4.59688058927138,0.999184651987154,-0.09162979,1.5812247,-0.79901177,57.90518,80.06671,0.2969336,WAL
2036672352000,249.154964,-2.6768270699719,-4.56806373681253,0.989579017784022,-0.21624629,1.5302174,-0.8002335,58.469032,80.13172,0.22510484,WAL
2036677342000,249.159954,-2.66887416915147,-4.50145231611816,1.00544701671293,-0.3304781,1.452943,-0.80481493,59.022915,80.21373,0.14701656,WAL
2036682355000,249.164967,-2.63556137287867,-4.4157907902954,1.03400089178232,-0.4596761,1.3836098,-0.8032878,59.560223,80.33657,0.06914885,WAL
2036687350000,249.169962,-2.55757796666667,-4.31654536737589,1.03754177007092,-0.5720753,1.2996159,-0.79381937,60.080936,80.48208,-0.010124048,WAL
2036692339000,249.174951,-2.45592115238095,-4.21004790886525,1.02786012779129,-0.6881397,1.2055426,-0.7901542,60.575493,80.6652,-0.08428627,WAL
2036697342000,249.179954,-2.33169540616445,-4.13144258398214,1.02157220824192,-0.79779,1.1181889,-0.7641924,61.04654,80.86376,-0.1534216,WAL
2036702361000,249.184973,-2.19637715369382,-4.06611635969323,1.01690606328512,-0.8921687,1.0274754,-0.7443393,61.486614,81.08962,-0.2171408,WAL
2036707344000,249.189956,-2.03073576144905,-4.00707172429291,1.02658842178419,-1.0073168,0.93859446,-0.71929383,61.89062,81.34633,-0.26713482,WAL
2036712345000,249.194957,-1.84517347237505,-3.95140309569934,1.04514467975591,-1.1096367,0.8396343,-0.69027776,62.26201,81.62385,-0.31921563,WAL
2036717353000,249.199965,-1.6586285443636,-3.93488299740588,1.08142279135295,-1.2064588,0.7309003,-0.6747007,62.61315,81.9092,-0.34130314,WAL
2036722347000,249.204959,-1.47202267611515,-3.95001319012971,1.13185676709902,-1.3072516,0.6227771,-0.6444628,62.93211,82.22138,-0.37150854,WAL
2036727332000,249.209944,-1.33657081260271,-4.00476533036333,1.18947143825364,-1.4101825,0.5122105,-0.59864795,63.21675,82.5377,-0.36658728,WAL
2036732315000,249.214927,-1.22790954429264,-4.08035577788338,1.25088872619543,-1.5033394,0.40500367,-0.5549711,63.468895,82.875786,-0.36600837,WAL
2036737349000,249.219961,-1.17542065162347,-4.20830328322907,1.32515485291431,-1.5974126,0.29840767,-0.49174652,63.69249,83.21108,-0.3421279,WAL
2036742386000,249.224998,-1.15626129603813,-4.36636770422997,1.40658195160361,-1.6762142,0.26358834,-0.42943826,63.903706,83.56332,-0.32993406,WAL
2036747301000,249.229913,-1.14058330493476,-4.49355269057196,1.55739002106348,-1.7443258,0.19517145,-0.38973203,64.08019,83.909355,-0.2988392,WAL
2036752325000,249.234937,-1.1264224563524,-4.60683952851957,1.7556420490827,-1.7745636,0.13775012,-0.32650748,64.246765,84.26047,-0.29230428,WAL
2036757306000,249.239918,-1.15053268844246,-4.86192051240079,2.0053671827381,-1.8347337,0.098043874,-0.24098633,64.40434,84.61286,-0.28889775,WAL
2036762307000,249.244919,-1.20279755400794,-5.22302317484127,2.29519954238095,-1.8872682,0.03145956,-0.13347405,64.5353,84.9644,-0.30788082,WAL
2036767293000,249.249905,-1.21254186584198,-5.69845412723464,2.65682627994812,-1.921782,0.0021380284,-0.01985312,64.647934,85.28645,-0.34450996,WAL
2036772313000,249.254925,-1.18856165035914,-6.26918360628492,3.07887832284517,-1.9251418,0.008246681,0.08827003,64.748955,85.60494,-0.40861437,WAL
2036777280000,249.259892,-1.04823083912958,-7.0614259495115,3.53550122994177,-1.8988746,-0.028710667,0.22235495,64.81125,85.86769,-0.50025105,WAL
2036782278000,249.26489,-0.812047643708675,-8.04394835616303,4.02676226063357,-1.8118263,0.0012217305,0.3100141,64.89216,86.10179,-0.6087879,WAL
2036787311000,249.269923,-0.513719933349414,-9.25285797607422,4.62009380380859,-1.6698002,0.079107046,0.39003745,64.95295,86.22056,-0.7337719,WAL
2036792345000,249.274957,-0.160621942384961,-10.6605418442383,5.30274992275391,-1.4608842,0.16157386,0.44623706,65.01993,86.28355,-0.8735708,WAL
2036797307000,249.279919,0.240900043469055,-12.2916653559204,6.0137973221393,-1.17897,0.25411993,0.46395215,65.09424,86.19693,-0.94733244,WAL
2036802314000,249.284926,0.703711370001592,-14.2001658595025,6.77242632587065,-0.8078693,0.3286455,0.43799037,65.18196,86.032036,-1.0232968,WAL
2036807308000,249.28992,1.3787686269885,-15.699536763313,7.48623930264811,-0.3652974,0.41905355,0.32070425,65.29037,85.66487,-0.98138565,WAL
2036812309000,249.294921,2.29525992474147,-16.7456326711124,8.15277854692181,0.13255776,0.60139686,0.12461651,65.44073,85.20502,-0.9179534,WAL
2036817266000,249.299878,3.23880065123153,-17.5695722660099,8.48575884482759,0.5891795,0.90408057,-0.11728613,65.62543,84.56568,-0.72004884,WAL
2036822312000,249.304924,4.25389052778139,-18.0771166649317,8.31507961841249,0.9285152,1.2263119,-0.33505958,65.86548,83.85854,-0.5004696,WAL
2036827273000,249.309885,5.10004517437838,-18.5246021208649,8.0930392239027,1.0629056,1.4703526,-0.5317582,66.11147,83.03753,-0.113461465,WAL
2036832295000,249.314907,5.47960359102703,-18.8157706229189,7.69788269242162,1.03786,1.5451837,-0.6243043,66.40012,82.206215,0.26164663,WAL
2036837239000,249.319851,5.40325394775682,-18.4232058227935,7.32158528266054,0.9095783,1.5238034,-0.65209866,66.718285,81.425026,0.75265044,WAL
2036842328000,249.32494,4.5982057332812,-16.9226720670511,6.95478835791223,0.82863873,1.385137,-0.65026605,67.01914,80.66773,1.2187495,WAL
2036847305000,249.329917,3.32845092686567,-14.6855846126684,6.3056806434292,0.65209866,1.2406673,-0.61666846,67.31002,80.05663,1.6818136,WAL
2036852406000,249.335018,1.12329624029851,-10.9510486446123,5.09640206026574,0.46089783,1.1246029,-0.58246,67.561195,79.49547,2.1132889,WAL
2036857243000,249.339855,-0.783712944981608,-7.77952748985812,4.01583720215449,0.2874121,1.0595458,-0.5546656,67.79038,79.023575,2.443831,WAL
2036862330000,249.344942,-1.66436037768786,-6.70431831930636,3.28367103942197,0.083383106,1.02717,-0.52412236,67.98628,78.63061,2.7495952,WAL
2036867290000,249.349902,-2.4425076647434,-5.86558728866338,2.65542995456654,-0.13622294,1.0329732,-0.46120325,68.24036,78.43347,2.80751,WAL
2036872351000,249.354963,-2.99056818242969,-5.65011048135692,2.27600350252247,-0.355829,1.0439687,-0.3408628,68.478325,78.302216,2.8392694,WAL
2036877294000,249.359906,-3.48268750853659,-5.55752601310976,1.99737736646341,-0.56382865,1.040609,-0.17867808,68.75466,78.324036,2.7452462,WAL
2036882319000,249.364931,-3.78558885491739,-6.00241242120378,2.13462954830842,-0.7657196,0.98807454,0.006414085,69.01053,78.41419,2.6111114,WAL
2036887297000,249.369909,-4.05897357921455,-6.53128656769262,2.30744771473968,-0.9279043,0.81245077,0.1740966,69.25423,78.62247,2.3733957,WAL
2036892348000,249.37496,-4.17982033154792,-7.58506876812231,2.69899046344559,-1.0592403,0.5183192,0.33078352,69.43853,78.88397,2.0947254,WAL
2036897460000,249.380072,-4.30403703500243,-8.72528648808945,3.07019291487603,-1.1420126,0.13225232,0.48349985,69.540276,79.181755,1.7461964,WAL
2036902397000,249.385009,-4.43275424939232,-10.1641639776373,3.31383672099174,-1.1924089,-0.3210097,0.5885687,69.53314,79.49981,1.3858612,WAL
2036907289000,249.389901,-4.57509115466996,-11.6068188897127,3.49532136264031,-1.2034045,-0.8002335,0.68416905,69.39237,79.798294,0.9980299,WAL
2036912360000,249.394972,-4.88014749644733,-13.2821287784986,3.04523812842138,-1.1340714,-1.2470814,0.73731434,69.12962,80.06987,0.6162349,WAL
2036917336000,249.399948,-5.16976788703593,-14.8575953307524,2.5116216810006,-0.9987647,-1.5402967,0.79168135,68.77565,80.31408,0.21592495,WAL
2036922347000,249.404959,-5.40795234669446,-16.0675717650387,1.46837430878499,-0.8368854,-1.5842791,0.86254174,68.36486,80.5055,-0.187571,WAL
2036927325000,249.409937,-5.5503500630366,-17.1794714694984,0.539629037938997,-0.6206391,-1.3906348,0.904386,67.982285,80.72818,-0.6176575,WAL
2036932355000,249.414967,-5.09758737555355,-17.7323637053773,0.282773284410755,-0.32925636,-0.9932669,0.8881981,67.64783,80.85125,-1.0456764,WAL
2036937345000,249.419957,-4.6484251865793,-18.2808591839132,0.0279601213678265,0.031154128,-0.73731434,0.8179486,67.39529,81.03764,-1.4810882,WAL
2036942381000,249.424993,-3.40734040582054,-18.1681919260328,0.775381947585969,0.5002986,-0.3295618,0.75961095,67.30034,81.075615,-1.9222937,WAL
2036947480000,249.430092,-2.09241103854327,-17.9734057627182,1.59180835856955,0.7330383,-0.23854288,0.57787853,67.197716,81.065346,-2.2902014,WAL
2036952386000,249.434998,-1.04724823697391,-15.7375512905951,1.04938213713159,1.0693196,-0.42485678,0.3042109,67.15427,80.96726,-2.5231085,WAL
2036957242000,249.439854,-0.012737318828609,-13.5244837576497,0.512484107921907,1.1242975,-0.6963864,0.03023783,67.106384,80.842186,-2.4956846,WAL
2036962340000,249.444952,0.329805637197731,-10.9046392790327,-0.702815070982187,0.82924956,-0.8881981,-0.20769419,67.03495,80.74242,-2.398753,WAL
2036967246000,249.449858,0.521499973597373,-8.32845469151159,-1.9932452453478,0.24678956,-0.88208944,-0.3753767,66.948875,80.72274,-2.2461622,WAL
2036972350000,249.454962,0.413506522073692,-6.48813938800311,-2.18633215625122,-0.36713,-0.8368854,-0.47647488,66.82822,80.8461,-1.9196676,WAL
2036977265000,249.459877,0.248766076735368,-4.88192015944002,-2.14514707478126,-0.88331115,-0.9059132,-0.5513059,66.68262,81.09725,-1.5629156,WAL
2036982358000,249.46497,-0.212638346843208,-3.87190415209455,-2.09405108348294,-1.2986995,-1.1227703,-0.5366451,66.5451,81.58815,-1.2112792,WAL
2036987247000,249.469859,-0.735673743726312,-3.08268111332535,-2.04268147396768,-1.6175711,-1.3454307,-0.44715336,66.39173,82.17821,-0.8724196,WAL
2036992349000,249.474961,-1.21024086721692,-2.61004982792358,-2.19399731141612,-1.813659,-1.5170839,-0.3594942,66.18654,82.793,-0.57252795,WAL
2036997348000,249.47996,-1.65422174631364,-2.25042534691644,-2.40266835750719,-1.9031507,-1.6471981,-0.27152961,65.938446,83.446686,-0.30522555,WAL
2037002437000,249.485049,-2.06846631637105,-2.08812173457696,-2.67256068552497,-1.9495764,-1.8228219,-0.16584991,65.57768,84.12162,-0.18484062,WAL
2037007339000,249.489951,-2.44651885007136,-2.04505239280326,-2.96447453567788,-1.9868392,-2.0173824,-0.04428773,65.17968,84.81174,-0.09748904,WAL
2037012342000,249.494954,-2.79784038216205,-2.19812590915787,-3.30525845419072,-2.005165,-2.1691825,0.10476339,64.71453,85.54915,-0.13955115,WAL
2037017349000,249.499961,-3.13196084145929,-2.4511028646526,-3.66801794670516,-1.9819523,-2.2592852,0.26633725,64.21199,86.28011,-0.22533534,WAL
2037022341000,249.504953,-3.37233325982152,-2.91524118094856,-3.97481937047027,-1.9544634,-2.2870796,0.42913285,63.69083,87.04544,-0.413966,WAL
2037027344000,249.509956,-3.56450324048932,-3.49175097245563,-4.25346580230623,-1.9113973,-2.2644775,0.58184916,63.16027,87.751274,-0.6547834,WAL
2037032395000,249.515007,-3.68358881537246,-4.19193355340842,-4.4113750239676,-1.8759671,-2.2107213,0.7199047,62.652416,88.34481,-0.99158984,WAL
2037037338000,249.51995,-3.76309366429559,-4.93553831464138,-4.50491014034776,-1.8280143,-2.1704042,0.86742866,62.152428,88.5219,-1.3838542,WAL
2037042372000,249.524984,-3.81030441211945,-5.71365543002715,-4.42312800141555,-1.8041905,-2.1313088,0.9468411,61.697536,91.85262,-1.8245751,WAL
2037047339000,249.529951,-3.83797639069226,-6.49308064333915,-4.24326057411286,-1.7342464,-2.1212296,1.1093313,61.25526,92.59503,-2.3374364,WAL
2037052313000,249.534925,-3.79103585164338,-7.29096389954733,-4.09637196406219,-1.6688838,-2.1053472,1.2742649,60.8572,93.46113,-2.8757176,WAL
2037057308000,249.53992,-3.68747399856328,-8.10533651925802,-3.97398084848455,-1.6132951,-2.0182989,1.4446963,60.49622,94.389175,-3.462535,WAL
2037062299000,249.544911,-3.54529293265285,-9.02426861085973,-3.98666347020941,-1.565953,-1.8524488,1.6224581,60.192245,95.30173,-4.0767984,WAL
2037067305000,249.549917,-3.36872204657477,-10.0382894072398,-4.11783020494581,-1.518611,-1.5867225,1.784032,59.958218,96.227974,-4.726258,WAL
2037072312000,249.554924,-3.12202595393237,-10.8766597694686,-4.07492465358454,-1.4602734,-1.2721269,1.887879,59.829414,97.08442,-5.3460093,WAL
2037077295000,249.559907,-2.83615971743961,-11.6097683584541,-3.93199165570048,-1.4199562,-0.9935723,1.9642372,59.783436,97.946434,-5.9864764,WAL
2037082284000,249.564896,-2.38476312395174,-12.2184822727453,-3.72878548498813,-1.4089607,-0.6612616,2.0592268,59.93138,98.72853,-6.554734,WAL
2037087322000,249.569934,-1.79788629469937,-12.7337886621835,-3.47590364295886,-1.4056009,-0.410196,2.1010711,60.146595,99.49147,-7.109574,WAL
2037092322000,249.574934,-1.18892406610745,-13.1048622991811,-3.13775176734572,-1.4321736,-0.29229903,2.0888536,60.481834,100.12426,-7.541727,WAL
2037097389000,249.580001,-0.549280639624526,-13.3616889675454,-2.72101424236069,-1.4828753,-0.25992316,1.9956968,60.86513,100.7416,-7.9482183,WAL
2037102327000,249.584939,0.00505905140308677,-13.3887010063139,-2.35571395051112,-1.4914275,-0.27000242,1.8497,61.268417,101.2117,-8.219579,WAL
2037107306000,249.589918,0.506833619583083,-13.2310002381239,-2.02119760499098,-1.4941764,-0.29626966,1.6572775,61.667408,101.65894,-8.450278,WAL
2037112291000,249.594903,0.94218534390409,-12.85387243411,-1.84500242168616,-1.4785993,-0.35185838,1.4245378,61.980972,101.9745,-8.566987,WAL
2037117348000,249.59996,1.32614091691966,-12.2826216277676,-1.8028609831867,-1.4431691,-0.38087448,1.2296717,62.283836,102.2582,-8.645357,WAL
2037122344000,249.604956,1.57129012182639,-11.7195137509282,-1.77203314755645,-1.3347405,-0.38973203,1.0106765,62.506702,102.42281,-8.613429,WAL
2037127334000,249.609946,1.67199798635223,-11.1584274348219,-1.7528506661716,-1.1841623,-0.50335294,0.75777835,62.67659,102.53267,-8.532313,WAL
2037132330000,249.614942,1.74246634700872,-10.5224848954805,-1.62880185060627,-1.0549643,-0.6227771,0.5170974,62.78531,102.60845,-8.400598,WAL
2037137354000,249.619966,1.78103847327388,-9.8040795787153,-1.39254773456258,-1.0274754,-1.0030408,0.31306845,62.773117,102.640434,-8.235853,WAL
2037142376000,249.624988,1.70106809191999,-9.17774120982275,-1.38964880158432,-1.0479393,-1.5195273,0.21288654,62.63425,102.68235,-8.0839615,WAL
2037147450000,249.630062,1.49897929857412,-8.63883809585107,-1.62541897675017,-1.1148291,-2.0607538,0.01160644,62.36505,102.67858,-7.8739247,WAL
2037152353000,249.634965,1.01210658178393,-8.19176506548476,-2.5026026565651,-1.1917981,-2.5027149,-0.16584991,61.957428,102.66926,-7.6818233,WAL
2037157349000,249.639961,0.199215236395199,-7.81624411612188,-4.10187816747922,-1.2944235,-2.7516425,-0.30543262,61.447273,102.65536,-7.4661193,WAL
2037162300000,249.644912,-0.423377688842929,-7.64891452083947,-5.21413367279841,-1.3579534,-2.8093693,-0.39492437,60.840645,102.73321,-7.293809,WAL
2037167324000,249.649936,-0.62386236059251,-7.96186629473042,-5.22880332389857,-1.3833044,-2.6456573,-0.43279803,60.23014,102.811714,-7.102294,WAL
2037172259000,249.654871,-0.820795452766909,-8.26927413791351,-5.24321310259668,-1.3628404,-2.3307564,-0.46761733,59.863155,103.165184,-6.9776015,WAL
2037177296000,249.659908,-1.0217988945668,-8.58303569943595,-5.25792071258702,-1.3222178,-1.9300288,-0.4746423,59.57463,103.518,-6.8454566,WAL
2037182265000,249.664877,-1.2883584436307,-8.89788345617452,-4.92932857234125,-1.2635747,-1.4789047,-0.42455134,59.332527,103.90136,-6.747647,WAL
2037187353000,249.669965,-1.68698044970783,-9.23006870899883,-3.96124653634593,-1.2293663,-1.0665708,-0.33169982,59.20056,104.28161,-6.646233,WAL
2037192271000,249.674883,-1.96806422668785,-9.52716616858618,-3.02998124380461,-1.2266175,-0.7651087,-0.22571471,59.139565,104.6764,-6.5980687,WAL
2037197464000,249.680076,-2.01744103606037,-9.78392526797061,-2.05725737734313,-1.2596041,-0.54825157,-0.12767084,59.178436,105.07564,-6.5586424,WAL
2037202295000,249.684907,-2.01635867458298,-9.95427136320799,-1.20995303410612,-1.3158038,-0.40286562,-0.043676864,59.16677,105.3702,-6.5866017,WAL
2037207353000,249.689965,-1.90223306287815,-9.96796647855999,-0.46128876201112,-1.3771957,-0.32834008,0.051923547,59.206028,105.681145,-6.6361833,WAL
2037212284000,249.694896,-1.765445253807,-9.95160406627784,0.267080172576882,-1.4327844,-0.29138273,0.13775012,59.16739,105.87711,-6.7118373,WAL
2037217351000,249.699963,-1.49785934804878,-9.78693596951219,1.00808733341463,-1.4422529,-0.3145956,0.20158553,59.14081,106.08107,-6.804724,WAL
2037222289000,249.704901,-1.2494616454286,-9.61126521121444,1.53772682961974,-1.4132367,-0.43554693,0.23823744,58.98926,106.19789,-6.919513,WAL
2037227332000,249.709944,-1.02712556797717,-9.3933756658687,1.59108749006537,-1.328021,-0.59864795,0.27366763,58.8276,106.306755,-7.0520372,WAL
2037232334000,249.714946,-0.807328328351648,-9.17921989835165,1.5988530974359,-1.1768318,-0.6795876,0.28588495,58.560596,106.31681,-7.1623993,WAL
2037237349000,249.719961,-0.592308152039072,-8.97886023870574,1.27632287378917,-0.95294976,-0.7867944,0.2828306,58.246372,106.28627,-7.286944,WAL
2037242359000,249.724971,-0.396685384814523,-8.78949783267561,0.925443034096291,-0.8396343,-0.8762862,0.30085114,57.898533,106.24535,-7.4097724,WAL
2037247441000,249.730053,-0.300652767148777,-8.65505245974744,0.416470151442976,-0.61575216,-0.94042706,0.30115658,57.530235,106.11594,-7.525789,WAL
2037252355000,249.734967,-0.216549225181337,-8.53507732836699,-0.0907384142711233,-0.4334089,-1.0027353,0.30695978,57.16724,106.00659,-7.6437993,WAL
2037257347000,249.739959,-0.18843273200745,-8.47884417565183,-0.704615298358165,-0.32620203,-1.0485502,0.30879238,56.794334,105.86011,-7.7548513,WAL
2037262322000,249.744934,-0.169263060852752,-8.42637926623699,-1.3069183847298,-0.2657264,-1.0491611,0.29871312,56.448467,105.76424,-7.8611116,WAL
2037267354000,249.749966,-0.245717976549331,-8.4120441784829,-1.81343221993059,-0.27916542,-1.010982,0.2941316,56.105145,105.66095,-7.9612336,WAL
2037272361000,249.754973,-0.330907167172683,-8.40487985112195,-2.30300525209756,-0.34483343,-0.9611965,0.29168814,55.80481,105.656364,-8.06937,WAL
2037277335000,249.759947,-0.526094633233171,-8.48388444078049,-2.61437571102439,-0.47800204,-0.94134337,0.2950479,55.51141,105.66919,-8.170638,WAL
2037282616000,249.765228,-0.740047034391003,-8.56351229621448,-2.91981821455969,-0.6395759,-0.93859446,0.29871312,55.25993,105.79351,-8.291123,WAL
2037287351000,249.769963,-1.00869088944673,-8.58627847479667,-2.90615841232051,-0.8216137,-0.9297369,0.29901853,55.02124,105.949295,-8.404903,WAL
2037292571000,249.775183,-1.29998392393693,-8.60781077759197,-2.87967675341615,-0.97310835,-0.9282097,0.31031954,54.80626,106.20207,-8.549166,WAL
2037297401000,249.780013,-1.51214706239847,-8.5857107006689,-2.72055435341615,-1.1032226,-0.91965765,0.33628133,54.603416,106.486694,-8.69235,WAL
2037302855000,249.785467,-1.74986085276062,-8.56257152280718,-2.53620189426969,-1.196685,-0.8894198,0.36651915,54.402786,106.82071,-8.876746,WAL
2037307345000,249.789957,-1.90513932962083,-8.58300266554215,-2.28285295090754,-1.269378,-0.86345804,0.41141775,54.213856,107.17583,-9.066946,WAL
2037312309000,249.794921,-2.0768102336596,-8.60559068169724,-2.00275848434857,-1.2907583,-0.83291477,0.4615087,54.01802,107.54181,-9.291025,WAL
2037317347000,249.799959,-2.2360760092233,-8.62166001011327,-1.70742224951456,-1.3185526,-0.8155051,0.49632803,53.83599,107.91913,-9.516104,WAL
2037322242000,249.804854,-2.38778625709951,-8.63588288607403,-1.41822458021845,-1.3200798,-0.81581056,0.5332854,53.669155,108.291176,-9.748298,WAL
2037327344000,249.809956,-2.4833553757666,-8.68227984633789,-1.19348338813477,-1.3206906,-0.84757555,0.5699373,53.469875,108.645294,-10.004969,WAL
2037332254000,249.814866,-2.56371541341309,-8.73279171108398,-0.991435209912109,-1.2983941,-0.8579602,0.5867361,53.28548,108.98564,-10.257163,WAL
2037337329000,249.819941,-2.64677594112305,-8.78500102138672,-0.782597225292969,-1.2773192,-0.89736104,0.6206391,53.055695,109.3067,-10.538622,WAL
2037342325000,249.824937,-2.72854350692383,-8.83639761533203,-0.577010117675781,-1.255328,-0.9407325,0.6704246,52.83231,109.617325,-10.82154,WAL
2037347339000,249.829951,-2.76654628881618,-8.98218978762641,-0.451112626817371,-1.2089024,-1.0057896,0.70829827,52.58161,109.92584,-11.115252,WAL
2037352289000,249.834901,-2.79004676472338,-9.1560935056514,-0.352410549482451,-1.162782,-1.0461067,0.74220127,52.33737,110.226746,-11.413763,WAL
2037357362000,249.839974,-2.76290349521739,-9.41680619891304,-0.341491239108696,-1.0958922,-1.0900891,0.7742717,52.023254,110.477844,-11.730994,WAL
2037362291000,249.844903,-2.71859139557312,-9.69900459940711,-0.362481190786561,-1.0360274,-1.151481,0.79717916,51.700127,110.717255,-12.051903,WAL
2037367374000,249.849986,-2.67289482375494,-9.99001991077075,-0.38412694537747,-0.9615019,-1.235475,0.8240572,51.337524,110.922775,-12.383764,WAL
2037372336000,249.854948,-2.62828605150198,-10.2741076493083,-0.405257426250988,-0.86376345,-1.3063353,0.8368854,50.967304,111.10576,-12.713075,WAL
2037377333000,249.859945,-2.31824958634542,-10.4920447819946,-0.676087028316772,-0.75136423,-1.361924,0.86132,50.574017,111.28197,-13.054472,WAL
2037382318000,249.86493,-1.89147204658586,-10.6792557106776,-1.05685508506796,-0.6377433,-1.3854424,0.872621,50.175224,111.43207,-13.389128,WAL
2037397335000,249.879947,-0.605831461917982,-11.2432168974444,-2.20389498641853,-0.1994475,-1.0604621,0.8573494,49.017605,111.60566,-14.197437,WAL
2037402344000,249.884956,-0.176999225878735,-11.4313291425343,-2.58649622940082,-0.05589417,-0.8405506,0.8356637,48.721897,111.59847,-14.394567,WAL
2037407236000,249.889848,0.36415851825784,-11.48881440137,-2.784021668554,0.054367006,-0.593761,0.81061816,48.503498,111.57921,-14.51644,WAL
2037412256000,249.894868,0.981633469723108,-11.4836692103179,-2.89722538192229,0.109650314,-0.3894266,0.75533485,48.334785,111.531746,-14.603791,WAL
2037417232000,249.899844,1.41201275034545,-11.3847330683889,-2.70639006678682,0.11911872,-0.24648413,0.66950834,48.205326,111.46155,-14.605079,WAL
2037422225000,249.904837,1.79504664325623,-11.2602465344948,-2.43347849620507,0.07696902,-0.18845193,0.52534413,48.100105,111.369385,-14.56481,WAL
2037427222000,249.909834,1.91410493195115,-11.2743503368463,-2.11198733570373,-0.023823744,-0.20952678,0.344528,47.966274,111.235664,-14.439546,WAL
2037432230000,249.914842,1.96134285619029,-11.3263125911553,-1.77659812786369,-0.098043874,-0.2855795,0.2284636,47.824852,111.09156,-14.294292,WAL
2037437249000,249.919861,1.79151045806195,-11.5275038269097,-1.62619631988846,-0.25595254,-0.35246924,0.009162978,47.60109,110.880745,-14.036065,WAL
2037442237000,249.924849,1.55364013486705,-11.7748884583209,-1.53580557322976,-0.39064834,-0.40561453,-0.17623462,47.35135,110.66822,-13.76398,WAL
2037447276000,249.929888,1.06990024914603,-11.9124051660392,-1.35859723388151,-0.47067168,-0.42332962,-0.30604348,47.03767,110.40231,-13.439349,WAL
2037452252000,249.934864,0.512817409375867,-12.0115470610264,-1.15559250457698,-0.54367006,-0.4560109,-0.36346483,46.695354,110.14774,-13.095749,WAL
2037457248000,249.93986,-0.163873180921768,-11.8505412129364,-0.892993922104639,-0.59315014,-0.5036584,-0.38331795,46.29192,109.91428,-12.779654,WAL
2037462271000,249.944883,-0.887031505239838,-11.5936299894175,-0.607536697972505,-0.6249151,-0.5525276,-0.36896262,45.879063,109.69371,-12.466016,WAL
2037467250000,249.949862,-1.36795626667668,-11.2549283306306,-0.43806751021021,-0.61819565,-0.55924714,-0.31887165,45.457355,109.51712,-12.228605,WAL
2037472246000,249.954858,-1.75589456645646,-10.8813580567568,-0.313544085585586,-0.5580254,-0.5195409,-0.2415972,45.043015,109.345985,-12.006522,WAL
2037477245000,249.959857,-1.86416797116802,-10.896352959449,-0.2214687683896,-0.44593164,-0.4596761,-0.160963,44.653183,109.222206,-11.895454,WAL
2037482254000,249.964866,-1.85951428556461,-11.0685390352154,-0.142356054819558,-0.29840767,-0.39736784,-0.11056661,44.285282,109.08635,-11.794193,WAL
2037487249000,249.969861,-1.6947403907683,-11.4639822304907,0.041963057300885,-0.14660765,-0.3399465,-0.093767814,43.964684,108.97405,-11.757066,WAL
2037492237000,249.974849,-1.4449421633749,-11.9779900124698,0.282153686415929,0.029626964,-0.28680122,-0.10140363,43.667786,108.829544,-11.721561,WAL
2037497363000,249.979975,-1.25125170710165,-12.5968999694563,0.565706280266667,0.18875736,-0.25167647,-0.1301143,43.364815,108.64258,-11.678046,WAL
2037502349000,249.984961,-1.09321398948463,-13.2425971064775,0.859204843466667,0.33353242,-0.23915374,-0.17806722,43.074146,108.41928,-11.623809,WAL
2037507340000,249.989952,-0.913967257764156,-13.7571377950963,1.02596504463903,0.46273044,-0.23060162,-0.22968534,42.742565,108.08822,-11.508973,WAL
2037512362000,249.994974,-0.717433076100409,-14.1736031961471,1.09615582554972,0.59956425,-0.18509217,-0.28405234,42.428925,107.72348,-11.377097,WAL
2037517341000,249.999953,-0.527542574202351,-14.4847288075626,1.01762258335207,0.7770206,-0.12461651,-0.3417791,42.06823,107.2398,-11.185937,WAL
2037522348000,250.00496,-0.341324819412366,-14.700349109351,0.797101561982626,0.95172805,-0.03940081,-0.38912117,41.73544,106.73391,-10.980936,WAL
2037527329000,250.009941,-0.0903540216434489,-14.688025056724,0.341039139351725,1.1322387,0.013133603,-0.4269948,41.386,106.154396,-10.729208,WAL
2037532335000,250.014947,0.215200426931622,-14.4915977845762,-0.309355348966585,1.3313808,0.1518,-0.44990227,41.09507,105.547035,-10.46329,WAL
2037537332000,250.019944,0.458500575497254,-14.2147398785845,-0.76761698200122,1.4401149,0.25289822,-0.5149594,40.80355,104.93177,-10.160576,WAL
2037542358000,250.02497,0.590653516245678,-13.7889133829571,-0.880191690187106,1.6633861,0.33017266,-0.58368176,40.552708,104.26691,-9.85036,WAL
2037547288000,250.0299,0.647329767043792,-13.3458813676973,-0.944558201623915,1.8897116,0.37323865,-0.67164636,40.311943,103.66539,-9.512046,WAL
2037552407000,250.035019,0.585171586852628,-12.8438346813128,-0.934995412352482,2.0937407,0.37782016,-0.7480045,40.081913,103.02857,-9.1620245,WAL
2037557243000,250.039855,0.447261635689907,-12.3949749383228,-0.942397934056558,2.298686,0.35705075,-0.8405506,39.862213,102.353966,-8.783554,WAL
2037562364000,250.044976,0.131627634669917,-11.9741293606046,-0.985438927840078,2.513405,0.34574974,-0.9447031,39.643528,101.636856,-8.385676,WAL
2037567273000,250.049885,-0.237981294975369,-11.6551623866995,-1.02681766133005,2.701857,0.3323107,-1.0714576,39.425163,100.900665,-7.9804444,WAL
2037572352000,250.054964,-0.798666085986207,-11.5497348565517,-1.06994727834483,2.9077187,0.3885103,-1.1945469,39.220516,100.11882,-7.5498695,WAL
2037577296000,250.059908,-1.3604138305968,-11.5171010455878,-1.10698486015322,3.0659328,0.46792278,-1.310306,39.028763,99.36406,-7.169461,WAL
2037582341000,250.064953,-1.9818872110943,-11.6953174718623,-1.12983313216684,3.1923819,0.5458081,-1.4107933,38.850792,98.58106,-6.7615275,WAL
2037587305000,250.069917,-2.5938745304401,-11.8832133312958,-1.19059141369193,3.2834008,0.6188065,-1.4831808,38.736847,97.857506,-6.4086227,WAL
2037592362000,250.074974,-3.22046367128158,-12.1545711476161,-1.49648530468623,3.3115005,0.7602218,-1.5137241,38.66434,97.14722,-6.041891,WAL
2037597366000,250.079978,-3.84159999927089,-12.4227870603544,-1.75739395423797,3.3087516,0.9306532,-1.4950926,38.666466,96.547195,-5.7643204,WAL
2037602418000,250.08503,-4.47362857915949,-12.6922563917975,-1.83578508363544,3.2265902,1.1026118,-1.4450017,38.70938,96.00629,-5.4918365,WAL
2037607342000,250.089954,-5.08384451815027,-12.9443711198762,-1.87862791583341,3.1273246,1.1682798,-1.3891076,38.832745,95.62101,-5.3171906,WAL
2037612362000,250.094974,-5.68360545127099,-13.1608263060688,-1.79294780271082,3.0326405,1.1071932,-1.317331,38.966278,95.31664,-5.1659756,WAL
2037617344000,250.099956,-6.27266592318087,-13.3753426841216,-1.69855169659563,2.917187,0.95539325,-1.2464706,39.182518,95.16345,-5.113448,WAL
2037622292000,250.104904,-6.78166339137214,-13.5846882179054,-1.48920590563929,2.792876,0.7483099,-1.1771374,39.36035,95.0882,-5.0834303,WAL
2037627298000,250.10991,-7.29662728097713,-13.7964876807432,-1.27740618261435,2.65818,0.6224717,-1.1346822,39.595913,84.84748,-5.145735,WAL
2037632442000,250.115054,-7.89721919420665,-13.9416043611885,-1.04997211649413,2.6090055,0.33292156,-1.151481,39.719135,84.74051,-5.2080536,WAL
2037637262000,250.119874,-8.48076977155087,-14.0564761499602,-0.834012558660163,2.499355,0.003970624,-1.1881329,39.789284,84.60636,-5.271872,WAL
2037642351000,250.124963,-8.44386259460441,-13.8897700083568,-1.13160384516305,2.4248295,-0.31764993,-1.3087788,39.86206,84.397064,-5.3681817,WAL
2037647329000,250.129941,-8.18836897156872,-13.6299468049777,-1.59928674168408,2.3414464,-0.52106804,-1.4471397,39.86883,84.192665,-5.440276,WAL
2037652202000,250.134814,-7.52899723147487,-13.1740014702885,-2.06673851763327,2.223244,-0.3848451,-1.5833627,39.942085,83.92661,-5.550476,WAL
2037657210000,250.139822,-6.49264443726429,-12.5287244220773,-2.55558409341555,1.9043725,-0.13164146,-1.6691893,39.984467,83.70983,-5.6266356,WAL
2037662237000,250.144849,-5.51048271527461,-11.7757322638342,-2.79885292020725,1.5662584,-0.07086037,-1.6420058,39.982765,83.56786,-5.6644945,WAL
2037667225000,250.149837,-4.57985144820725,-10.9490547417617,-2.85330482279793,1.4107933,-0.11026118,-1.5311338,40.018276,83.44748,-5.698383,WAL
2037672208000,250.15482,-3.93923498245648,-10.322331217876,-3.11686380569137,1.4208726,-0.029626964,-1.378112,39.979366,83.49605,-5.629059,WAL
2037677263000,250.159875,-3.45635810948562,-9.80158218208488,-3.50505883805985,1.5375478,0.18112154,-1.2534955,39.965733,83.529465,-5.5845094,WAL
2037682224000,250.164836,-2.81991702022743,-9.57024304890812,-3.54118161310255,1.7519615,0.5002986,-1.1902709,39.96418,83.615105,-5.455666,WAL
2037687236000,250.169848,-2.06638609725269,-9.52676973664084,-3.34313816030995,1.933083,0.92149025,-1.1111639,40.05265,83.64928,-5.3753824,WAL
2037692274000,250.174886,-1.57369835554678,-9.62915787898844,-2.86093354390991,2.007914,1.1725558,-1.0925325,40.19279,83.71419,-5.2458553,WAL
2037697285000,250.179897,-1.25133567148079,-9.82352359458659,-2.20198630139287,2.125811,1.244027,-1.1074986,40.40054,83.72697,-5.1388383,WAL
2037702227000,250.184839,-0.901052648747958,-9.9666424108773,-1.56254802841549,2.2030854,1.3417655,-1.0980303,40.67053,83.76996,-4.9425163,WAL
2037707242000,250.189854,-0.522627524081868,-10.0774008085904,-0.921071287529547,2.230269,1.38025,-1.0574077,40.938858,83.782745,-4.759382,WAL
2037712247000,250.194859,-0.193743641455556,-10.1859127182828,-0.417997637077778,2.1991148,1.434617,-1.0668762,41.21993,83.77296,-4.509331,WAL
2037717246000,250.199858,0.0867329742222222,-10.2923010323232,-0.0504765448888889,2.1261165,1.4547756,-1.0748174,41.494728,83.7346,-4.28056,WAL
2037722213000,250.204825,0.330607412772169,-10.2669391601346,0.07791013027019,2.0668626,1.4559973,-1.0531317,41.7582,83.644745,-3.9954214,WAL
2037727221000,250.209833,0.544208897411916,-10.1197909954473,-0.0122771544328979,1.9886718,1.4712689,-1.0323622,42.023712,83.54772,-3.7190175,WAL
2037732194000,250.214806,0.691138635944279,-9.97797852457711,-0.374438861635821,1.9474384,1.5451837,-0.9819659,42.298695,83.39281,-3.4185178,WAL
2037737202000,250.219814,0.772266073285572,-9.83958481154229,-1.01868639911642,1.885741,1.7327193,-0.95142263,42.602386,83.23483,-3.1332407,WAL
2037742218000,250.22483,0.791045733906881,-9.59597167231027,-1.56177181157594,1.8487836,1.9172006,-0.9062186,42.93648,83.04599,-2.845752,WAL
2037747231000,250.229843,0.743788593954129,-9.24154285126489,-1.99653752282705,1.8249599,2.0390682,-0.86345804,43.296204,82.848015,-2.5817957,WAL
2037752190000,250.234802,0.634363277071415,-8.88438492196925,-2.344657239784,1.8338175,2.126422,-0.82344633,43.756775,82.65168,-2.344288,WAL
2037757201000,250.239813,0.447597846553804,-8.51552305701498,-2.59679054611792,1.8255708,2.1731532,-0.81397796,44.231335,82.45723,-2.1231172,WAL
2037762237000,250.244849,0.225550715093614,-8.16625633053335,-2.76224816045947,1.8075503,2.1578815,-0.8035932,44.760063,82.26679,-1.9310292,WAL
2037767198000,250.24981,-0.0437125329561785,-7.8537190541848,-2.79590599240967,1.7705929,2.1138992,-0.8081747,45.28629,82.08298,-1.7465003,WAL
2037772180000,250.254792,-0.29517366081769,-7.55148687146929,-2.83125783591155,1.7159204,2.0616703,-0.8054258,45.84329,81.90806,-1.6110542,WAL
2037777220000,250.259832,-0.522871082970025,-7.26212132689926,-2.86920752514988,1.6496416,2.0244074,-0.80848014,46.385414,81.75101,-1.4790076,WAL
2037782263000,250.264875,-0.777246569025328,-7.0211009085444,-2.86214487611117,1.59558,2.0002782,-0.8170323,46.939053,81.60154,-1.395583,WAL
2037787200000,250.269812,-1.06614013303439,-6.85801594195329,-2.78759165121711,1.5439619,1.9712621,-0.82650065,47.474403,81.47662,-1.3160849,WAL
2037792282000,250.274894,-1.3924127091478,-6.64661965643291,-2.71599154608872,1.4654657,1.947133,-0.8405506,48.02345,81.37281,-1.2838823,WAL
2037797235000,250.279847,-1.75910231618811,-6.36723709000552,-2.65487664956746,1.396438,1.919644,-0.8405506,48.55718,81.28856,-1.2578052,WAL
2037802197000,250.284809,-2.08104952358451,-6.09190660023153,-2.53511041481793,1.3179418,1.915368,-0.8417723,49.09913,81.228485,-1.2878654,WAL
2037807199000,250.289811,-2.20204259731635,-5.83479611456535,-2.1519655321827,1.2577715,1.8808541,-0.8491027,49.61997,81.19088,-1.3184777,WAL
2037812258000,250.29487,-2.31535826722481,-5.56383723848212,-1.7752323427425,1.1890492,1.8402315,-0.8732319,50.192608,81.15246,-1.408544,WAL
2037817243000,250.299855,-2.40522922818785,-5.2705742274844,-1.42993883258694,1.0503827,1.7931949,-0.91599244,50.749844,81.16053,-1.4920049,WAL
2037822207000,250.304819,-2.48582954230542,-4.99650030916256,-1.08536457169655,0.8707884,1.7611245,-0.93492925,51.289925,81.16122,-1.5860715,WAL
2037827221000,250.309833,-2.54259982866995,-4.76941946009852,-0.735281766482759,0.7883216,1.7305813,-0.9447031,51.813793,81.18231,-1.6709574,WAL
2037832221000,250.314833,-2.59139770997219,-4.54932545987286,-0.373048384282876,0.6206391,1.7027869,-0.91629785,52.40263,81.18084,-1.7408699,WAL
2037837213000,250.319825,-2.61513995550258,-4.34989069658323,0.0305700673976957,0.4633413,1.670411,-0.89858276,52.976368,81.20761,-1.8063686,WAL
2037842203000,250.324815,-2.6325846277865,-4.16974488351648,0.435015551679749,0.3203988,1.6221527,-0.87109387,53.544834,81.21897,-1.871868,WAL
2037847248000,250.32986,-2.62784409987245,-4.05597320357143,0.847437500433674,0.18753563,1.5503759,-0.8414669,54.091644,81.27464,-1.9430933,WAL
2037852218000,250.33483,-2.63577810390824,-3.95641728292268,1.22823162871708,0.040011674,1.4654657,-0.8026769,54.644844,81.291756,-2.0007331,WAL
2037857211000,250.339823,-2.69897431589729,-3.91127713150194,1.49907267864628,-0.09682214,1.3643675,-0.754724,55.16747,81.34234,-2.0679457,WAL
2037862272000,250.344884,-2.75889750514537,-3.86786419836854,1.75877321681657,-0.22174409,1.269378,-0.7049385,55.64902,81.37062,-2.1280935,WAL
2037867215000,250.349827,-2.76879885832462,-3.85301224614097,1.83798373208534,-0.3475823,1.1643091,-0.6542367,56.0936,81.433464,-2.1994207,WAL
2037872211000,250.354823,-2.77078611802617,-3.83092821074486,1.90001759296468,-0.46975538,1.0790935,-0.6068946,56.521976,81.474106,-2.2793312,WAL
2037877208000,250.35982,-2.72840710335531,-3.76971405112664,1.86234735223851,-0.5839872,0.9801333,-0.5662721,56.911716,81.541725,-2.3682003,WAL
2037882207000,250.364819,-2.68131958241075,-3.70488927505014,1.80390084600882,-0.68233645,0.8857546,-0.52503866,57.27702,81.61753,-2.464231,WAL
2037887210000,250.369822,-2.59963918558965,-3.61359937551143,1.59249268929001,-0.77396625,0.8002335,-0.49021935,57.61233,81.71612,-2.5670204,WAL
2037892212000,250.374824,-2.52366404680344,-3.53211174480916,1.38760885008588,-0.8686504,0.7370089,-0.46089783,57.927074,81.83689,-2.6675477,WAL
2037897249000,250.379861,-2.48684083721374,-3.51830305923664,1.22650747034351,-0.9492846,0.6808093,-0.42455134,58.215126,81.969666,-2.7770586,WAL
2037902427000,250.385039,-2.44839253475532,-3.50600300954966,1.06576518724451,-1.0442741,0.6426302,-0.39461896,58.49894,82.14986,-2.8790927,WAL
2037907289000,250.389901,-2.40495381612247,-3.51784994405903,0.974938606869646,-1.1426234,0.5919284,-0.35888332,58.759388,82.34123,-2.9902256,WAL
2037912278000,250.39489,-2.36038043741837,-3.53000633160885,0.881739551030447,-1.2519683,0.54458636,-0.32345316,59.019604,82.57,-3.1035142,WAL
2037917300000,250.399912,-2.30047018996048,-3.55500207506141,0.877022953391007,-1.3524556,0.4792238,-0.27885997,59.256874,82.80666,-3.2262878,WAL
2037922221000,250.404833,-2.23503628943715,-3.58520239344227,0.912256561812453,-1.4471397,0.43188173,-0.26053402,59.483738,83.0566,-3.3496106,WAL
2037927278000,250.40989,-2.16470971970646,-3.62937553385519,1.0069412575,-1.4895949,0.33108896,-0.21777347,59.68417,83.31054,-3.4759586,WAL
2037932234000,250.414846,-2.09504824189824,-3.67581645440313,1.1137554475,-1.5909985,0.21319197,-0.16707164,59.864277,83.58057,-3.6066704,WAL
2037937291000,250.419903,-2.09598093875543,-3.81533049773275,1.30352766363724,-1.6728544,0.09101892,-0.1160644,60.014088,83.82782,-3.728232,WAL
2037942287000,250.424899,-2.11906144654124,-3.98150955610227,1.51586759297636,-1.7486018,-0.03756821,-0.06872234,60.12653,84.06619,-3.8586926,WAL
2037947311000,250.429923,-2.15893866557121,-4.26533681160016,1.83340672226135,-1.8307631,-0.14935656,-0.025045475,60.203045,84.284195,-3.9761324,WAL
2037952385000,250.434997,-2.20646672034429,-4.602786298259,2.19937294252739,-1.8982637,-0.25137106,0.04062254,60.243984,84.47302,-4.109499,WAL
2037957307000,250.439919,-2.1301821953755,-5.36546632304479,2.67802602100457,-1.9688187,-0.32834008,0.14294247,60.250217,84.609146,-4.253641,WAL
2037962340000,250.444952,-1.98969817336054,-6.36758571594287,3.2305965630137,-2.0146337,-0.3622431,0.23273966,60.238586,84.70847,-4.4101806,WAL
2037967352000,250.449964,-1.75414856236012,-7.58026670055951,4.05084309593082,-2.021353,-0.37140608,0.37018433,60.19083,84.71829,-4.5941615,WAL
2037972343000,250.454955,-1.4575393728179,-8.92716410872838,5.04278205652085,-1.9315559,-0.31673363,0.49235737,60.15004,84.676216,-4.7968307,WAL
2037977287000,250.459899,-0.900983707374345,-10.7416143883175,6.16870867591694,-1.7702875,-0.20311269,0.61117065,60.10727,84.590904,-4.9536347,WAL
2037982292000,250.464904,-0.184748932345236,-12.8577624802057,7.3918887166699,-1.4590516,-0.01985312,0.6808093,60.0977,84.45669,-5.127785,WAL
2037987366000,250.469978,0.790351477956361,-14.6316268807621,8.84878378242163,-0.95630956,0.11453723,0.6533204,60.04714,84.31069,-5.181506,WAL
2037992383000,250.474995,1.93713638718295,-16.1130952792461,10.4483762690023,-0.31520647,0.122478485,0.44959682,60.012405,84.133606,-5.203448,WAL
2037997301000,250.479913,3.04993970001982,-17.0933354106223,11.1115498119302,0.30940324,0.059253927,0.12950343,59.949203,83.96168,-4.955464,WAL
2038002326000,250.484938,4.18006822484146,-17.8086072150218,11.2402992545581,0.7620544,0.15943582,-0.19333886,59.943317,83.67421,-4.6728954,WAL
2038007309000,250.489921,5.26397260743117,-18.3033801172407,10.5675639271687,1.0381655,0.4746423,-0.42455134,59.904495,83.20649,-4.130888,WAL
2038012288000,250.4949,6.32275663804401,-18.6563088153558,9.36760822076384,1.1569787,0.8353582,-0.5421429,59.9289,82.56801,-3.589457,WAL
2038017270000,250.499882,6.60309920891972,-18.3038702973241,8.23386106739346,1.1817188,1.119716,-0.54061574,60.043076,81.865814,-2.8954432,WAL
2038022314000,250.504926,6.28712720206145,-17.4038287353816,7.13753442001982,1.1187997,1.1945469,-0.5491679,60.203987,81.09756,-2.2433,WAL
2038027304000,250.509916,5.54162366662073,-15.959783661384,6.11718535473964,1.0616838,1.260215,-0.54825157,60.477753,80.47708,-1.54081,WAL
2038032315000,250.514927,4.44569532611477,-14.0655275031991,5.14407653051481,0.88697636,1.2846496,-0.5390886,60.747772,79.87678,-0.9049558,WAL
2038037309000,250.519921,3.28125286152353,-12.0651174754973,4.43470291251819,0.6597345,1.280679,-0.5311473,61.060215,79.40416,-0.3599601,WAL
2038042388000,250.525,2.030427102164,-9.92691367666181,3.95325289548763,0.4361578,1.2672399,-0.5320636,61.359962,78.97155,0.1448343,WAL
2038047364000,250.529976,0.90108959316615,-8.12457299970027,3.66994158135678,0.2049453,1.1829406,-0.49510628,61.65962,78.69397,0.49993345,WAL
2038052340000,250.534952,-0.122554244979518,-6.64386026995704,3.5937633913278,-0.04795292,1.0778717,-0.4266894,61.933304,78.4844,0.8303205,WAL
2038057339000,250.539951,-1.06706382564302,-5.58551775479345,3.422219187841,-0.3109304,0.9954049,-0.30085114,62.196968,78.37159,0.99153334,WAL
2038062347000,250.544959,-1.91749624294622,-5.01544775650818,3.14185691519875,-0.5479461,0.92271197,-0.13530666,62.41853,78.3268,1.1213938,WAL
2038067363000,250.549975,-2.72038750988655,-4.73795844327391,2.86045403322528,-0.743423,0.89675015,0.060170226,62.628384,78.32915,1.07943,WAL
2038072351000,250.554963,-3.45105361871961,-4.86860725980551,2.5798008178282,-0.91874135,0.85154617,0.27550024,62.799927,78.396614,0.99053264,WAL
2038077273000,250.559885,-3.96660089880305,-5.31361678726877,2.49975496006529,-1.0445796,0.68294734,0.4474588,62.95233,78.539734,0.7608934,WAL
2038082419000,250.565031,-4.22498049488575,-6.21063280014838,2.68500821118805,-1.1554517,0.37904188,0.5842926,63.0428,78.72412,0.4904648,WAL
2038087247000,250.569859,-4.40309103430838,-7.35487091531978,2.91972949261279,-1.2055426,-0.05589417,0.70096785,63.07015,78.96987,0.09967471,WAL
2038092395000,250.575007,-4.49597402211205,-9.03165593386217,3.26193060535449,-1.1655309,-0.571159,0.7849618,62.982887,79.202995,-0.30050066,WAL
2038097315000,250.579927,-4.67466212177215,-10.8350943744888,3.37775368963973,-1.0503827,-1.0528263,0.850019,62.779766,79.408806,-0.7355035,WAL
2038102351000,250.584963,-4.99399615670886,-12.9859018144109,3.17582200539435,-0.8374963,-1.3539828,0.88117313,62.479908,79.548515,-1.1659613,WAL
2038107243000,250.589855,-5.29454549666731,-14.989513560744,2.64067870441775,-0.5882632,-1.3933836,0.88331115,62.118866,79.62248,-1.5880102,WAL
2038112357000,250.594969,-5.58872272334819,-16.906410897113,1.37856285160822,-0.31398472,-1.1606439,0.8549059,61.752136,79.60637,-2.0018046,WAL
2038117245000,250.599857,-5.48178861529307,-18.1710996179708,0.755009110368938,-0.0030543262,-0.9575313,0.77579886,61.415764,79.5907,-2.4100616,WAL
2038122344000,250.604956,-4.27587749209561,-17.8902050482991,1.74782752152137,0.19272798,-0.58062744,0.72418076,61.19734,79.51215,-2.8241746,WAL
2038127294000,250.609906,-3.13887915505011,-17.1613864329412,2.28522302421438,0.6743952,-0.41050145,0.59712076,61.074512,79.49669,-3.1934707,WAL
2038132397000,250.615009,-2.06564585693246,-15.0702850964706,1.58676963748497,1.094976,-0.5112942,0.39461896,60.98765,79.43548,-3.514214,WAL
2038137698000,250.62031,-0.975895468005372,-12.8921395273053,0.839398141835273,1.1933253,-0.70096785,0.16768251,60.88005,79.26769,-3.6062737,WAL
2038142366000,250.624978,-0.539656060791764,-10.8510191247986,-0.273212453480752,0.91813046,-0.8539896,-0.084910266,60.765373,79.11555,-3.6255264,WAL
2038147422000,250.630034,-0.0671568228157565,-8.64024261342883,-1.47830224994987,0.41416663,-0.79779,-0.28008172,60.682346,79.110466,-3.4427655,WAL
2038152442000,250.635054,0.0259321143784029,-6.94950234301271,-1.85585823684211,-0.20952678,-0.68569624,-0.39614612,60.57845,79.22292,-3.2148347,WAL
2038157245000,250.639857,-0.00189450487114338,-5.4886048554144,-1.96252696842105,-0.79779,-0.75747293,-0.49266282,60.446182,79.468285,-2.9418683,WAL
2038162349000,250.644961,-0.29734932363531,-4.64119078405342,-1.86762966688924,-1.255328,-0.9184359,-0.441961,60.35288,79.94398,-2.6654963,WAL
2038167285000,250.649897,-0.673327391955027,-4.06097794289081,-1.7051700287117,-1.5677856,-1.1297953,-0.35521814,60.23152,80.52999,-2.380753,WAL
2038172351000,250.654963,-1.02164547744778,-3.62443373888999,-1.81092716777402,-1.7482964,-1.3408492,-0.2828306,60.064934,81.16695,-2.1222012,WAL
2038177315000,250.659927,-1.34790466381341,-3.26034744563358,-2.02370492484583,-1.8710803,-1.5222762,-0.2180789,59.852974,81.852394,-1.8914078,WAL
2038182404000,250.665016,-1.65452837186383,-3.06534714797539,-2.34401094903732,-1.949271,-1.6707164,-0.13897185,59.59434,82.514565,-1.733903,WAL
2038187329000,250.669941,-1.94006942163557,-2.94832208991663,-2.69508597657801,-1.9825631,-1.8182404,-0.043982297,59.294605,83.17696,-1.60354,WAL
2038192367000,250.674979,-2.22590033675844,-3.02808861302867,-3.08365471027533,-1.9865338,-1.9624046,0.06811147,58.903934,83.85724,-1.599903,WAL
2038197397000,250.680009,-2.50848368078342,-3.19672696585297,-3.48474074235027,-2.0161607,-2.1087067,0.18478674,58.475384,84.53154,-1.627286,WAL
2038202446000,250.685058,-2.73821564117647,-3.53609492156863,-3.81100569019608,-2.010663,-2.2278256,0.3136793,58.01713,85.20859,-1.7469329,WAL
2038207356000,250.689968,-2.92557438354829,-3.97983932494495,-4.07725222925448,-2.0054705,-2.2989914,0.41996986,57.53511,85.84119,-1.8988632,WAL
2038212343000,250.694955,-2.98483673393727,-4.47782409084356,-4.309751302143,-1.9660698,-2.259896,0.52412236,57.073696,86.4124,-2.138955,WAL
2038217349000,250.699961,-2.98016680789012,-5.00085639327878,-4.52456814412624,-1.9110919,-2.205529,0.64751714,56.602047,86.81245,-2.421133,WAL
2038222346000,250.704958,-2.96632339293506,-5.54100056353349,-4.54914230995005,-1.8383989,-2.0592268,0.72265357,56.19734,86.982086,-2.7491658,WAL
2038227337000,250.709949,-2.94683198349475,-6.0916331855133,-4.45655806422673,-1.7980819,-1.91323,0.88697636,55.81671,86.82791,-3.1426103,WAL
2038232430000,250.715042,-2.92728019455701,-6.76876687437425,-4.32848827552642,-1.7024814,-1.7947221,1.0626001,55.512062,93.571014,-3.5522735,WAL
2038237346000,250.719958,-2.90857556650775,-7.47954327735399,-4.18820336984505,-1.6178766,-1.6670512,1.2342533,55.26543,94.16816,-4.007977,WAL
2038242351000,250.724963,-2.8311443389722,-8.28542814041456,-4.18426585335753,-1.5430456,-1.5027285,1.3878858,55.09602,94.85395,-4.4833965,WAL
2038247431000,250.730043,-2.7196146348935,-9.1497831771898,-4.25861916733212,-1.5012014,-1.2611313,1.5326608,55.002,95.61222,-4.998093,WAL
2038252440000,250.735052,-2.5676951135689,-10.015828733367,-4.12857262709743,-1.4785993,-0.9993755,1.6447546,55.000484,96.35402,-5.507698,WAL
2038257352000,250.739964,-2.38722372077739,-10.8754421229682,-3.84836705399293,-1.459357,-0.7852673,1.7033978,55.070576,97.10937,-6.0300107,WAL
2038262327000,250.744939,-1.99904684315312,-11.5803560714286,-3.66944473498421,-1.4880677,-0.61208695,1.7675385,55.28345,97.816086,-6.50869,WAL
2038267335000,250.749947,-1.4501681656472,-12.1623572142857,-3.57007872235596,-1.5234979,-0.44623706,1.8527542,55.567894,98.529564,-6.9946065,WAL
2038272343000,250.754955,-0.953476123176244,-12.6978972735381,-3.37232677373062,-1.5115861,-0.3032946,1.9141463,55.876488,99.16547,-7.4357853,WAL
2038277330000,250.759942,-0.503325414758285,-13.1916107789602,-3.09158763441776,-1.5045611,-0.2003638,1.9147571,56.228085,99.8022,-7.8700027,WAL
2038282455000,250.765067,-0.112053386056133,-13.3801491131397,-2.73333425863844,-1.5155567,-0.13347405,1.8182404,56.568253,100.3556,-8.21857,WAL
2038287349000,250.769961,0.21111757172963,-13.3346321089638,-2.34188783261144,-1.5442673,-0.08582657,1.668273,56.934143,100.89121,-8.542424,WAL
2038292351000,250.774963,0.467247202564406,-13.066565191985,-1.97693239907216,-1.5711454,-0.094989546,1.4862351,57.24445,101.32097,-8.770424,WAL
2038297381000,250.779993,0.652686158560853,-12.5815711124272,-1.64409316326128,-1.5775595,-0.124311075,1.2883148,57.55756,101.71273,-8.948857,WAL
2038302426000,250.785038,0.784469305145555,-12.0632093083202,-1.31788744449253,-1.559539,-0.1863139,1.0757337,57.75807,102.02427,-9.064367,WAL
2038307353000,250.789965,0.858717838379229,-11.5249069384343,-1.00697184240755,-1.5265522,-0.3191771,0.84635377,57.92227,102.28691,-9.123669,WAL
2038312331000,250.794943,0.946135977761881,-10.9109527687408,-0.941711220676139,-1.4828753,-0.4905248,0.66645396,57.99673,102.49257,-9.139067,WAL
2038317351000,250.799963,1.04977757450857,-10.2043059877511,-1.18668230151886,-1.4056009,-0.56779927,0.54000485,58.053356,102.64902,-9.109354,WAL
2038322301000,250.804913,1.05396409592825,-9.61476221076233,-1.31978708887892,-1.3200798,-0.74220127,0.48502702,57.988598,102.76127,-9.070662,WAL
2038327369000,250.809981,0.908866149907324,-9.17463153612357,-1.29076747341305,-1.2788464,-1.0112875,0.3680463,57.8668,102.82915,-8.990089,WAL
2038332295000,250.814907,0.666031503669382,-8.81658554600302,-1.36375750126697,-1.2574661,-1.3170254,0.22052236,57.669697,102.94235,-8.925182,WAL
2038337329000,250.819941,0.258830891365309,-8.55966172699849,-1.59644355936652,-1.2880094,-1.602605,0.05497787,57.397694,103.029976,-8.835388,WAL
2038342284000,250.824896,-0.105144637448799,-8.29526978109501,-1.95231536123699,-1.3408492,-1.8173242,-0.09437868,57.046803,103.125015,-8.753199,WAL
2038347365000,250.829977,-0.422192536852086,-8.00661383769328,-2.51069828716328,-1.3982705,-1.9657644,-0.19914207,56.63199,103.202255,-8.649037,WAL
2038352253000,250.834865,-0.730439874024499,-7.79567676350884,-3.05872315180283,-1.4391985,-2.0418172,-0.24281894,56.19437,103.34809,-8.595076,WAL
2038357325000,250.839937,-1.05672678468735,-7.70930696167144,-3.64891851791959,-1.4602734,-2.019215,-0.24953845,55.74605,103.485344,-8.526283,WAL
2038362255000,250.844867,-1.33120169163701,-7.69166721903915,-4.11363891494662,-1.4532484,-1.9220876,-0.22571471,55.348114,103.742226,-8.517194,WAL
2038367307000,250.849919,-1.51772786411625,-7.82080055403321,-4.34799238540925,-1.4358387,-1.7318029,-0.1777618,54.992157,103.9984,-8.508464,WAL
2038372283000,250.854895,-1.6369687598476,-8.02583494520482,-4.33383182814017,-1.4453071,-1.539075,-0.10354166,54.724472,104.37766,-8.565868,WAL
2038377344000,250.859956,-1.6016832192681,-8.42338543620656,-3.72456814278781,-1.4535538,-1.3536774,-0.00061086525,54.5214,104.75713,-8.63566,WAL
2038382298000,250.86491,-1.56714368794409,-8.81253088817705,-3.12818555096098,-1.473407,-1.1270463,0.07544186,54.395115,105.19594,-8.737627,WAL
2038387349000,250.869961,-1.53192786785576,-9.20929586151233,-2.52012570612502,-1.4914275,-0.8402451,0.10415252,54.34897,105.634995,-8.839518,WAL
2038392331000,250.874943,-1.46014997009286,-9.55143113183782,-1.8598639157856,-1.4727961,-0.5332854,0.14813483,54.31748,106.04939,-8.968586,WAL
2038397356000,250.879968,-1.22123609793142,-9.67531214222672,-0.921905648340535,-1.4804319,-0.31429017,0.21868975,54.351368,106.47263,-9.098308,WAL
2038402558000,250.88517,-0.970274503026621,-9.79818589119629,0.0528612656467469,-1.4947872,-0.23457226,0.2864958,54.291615,106.739624,-9.20347,WAL
2038407247000,250.889859,-0.682576772197062,-9.81802751408373,0.995319344040649,-1.491733,-0.28099802,0.30665436,54.26289,107.00096,-9.306581,WAL
2038412249000,250.894861,-0.404451169104241,-9.81999088079667,1.86918355613357,-1.4721853,-0.36102137,0.2941316,54.11227,107.11201,-9.384607,WAL
2038417253000,250.899865,-0.257246202397939,-9.734516789239,2.1445993626734,-1.387275,-0.5870415,0.27885997,53.912186,107.205345,-9.477179,WAL
2038422233000,250.904845,-0.130319781879142,-9.63971383063001,2.32322204616754,-1.3148874,-0.83291477,0.24984388,53.554577,107.17469,-9.524141,WAL
2038427242000,250.909854,-0.106597978263278,-9.49263891969143,1.99586113248937,-1.1166617,-1.0537425,0.2275473,53.144943,107.09047,-9.578174,WAL
2038432243000,250.914855,-0.0875056496310988,-9.34837319674732,1.64524296838556,-0.9071349,-1.1927143,0.20952678,52.643566,106.95311,-9.617036,WAL
2038437239000,250.919851,-0.0969950869099564,-9.22026548135661,1.14704768464895,-0.68203104,-1.2452488,0.18020524,52.108437,106.75902,-9.649389,WAL
2038442217000,250.924829,-0.116907433697521,-9.09322745579374,0.655826311093549,-0.4877759,-1.2394456,0.17592919,51.582684,106.579315,-9.692938,WAL
2038447283000,250.929895,-0.217553304885903,-8.96861826859627,0.195730894942211,-0.34238997,-1.2113458,0.16279559,51.052094,106.35255,-9.719484,WAL
2038452218000,250.93483,-0.320631157291606,-8.84265471989861,-0.253209762771766,-0.24098633,-1.1585059,0.17134771,50.576645,106.17258,-9.764822,WAL
2038457247000,250.939859,-0.475582707812226,-8.66892157287706,-0.718064424139612,-0.23151793,-1.112691,0.17348573,50.111828,105.978035,-9.794054,WAL
2038462383000,250.944995,-0.634178597620579,-8.49428941157556,-1.1842906937299,-0.24984388,-1.0555751,0.19303341,49.70771,105.86345,-9.842835,WAL
2038467243000,250.949855,-0.788512224348875,-8.36333897749196,-1.52101861635852,-0.3155119,-0.9505063,0.22449298,49.336586,105.75916,-9.882465,WAL
2038472344000,250.954956,-0.944884046967163,-8.2316031122458,-1.8616733931332,-0.42149702,-0.86345804,0.26633725,49.02431,105.76679,-9.963156,WAL
2038477336000,250.959948,-1.02905945508407,-8.17268046060393,-2.03844174358658,-0.5467244,-0.7834347,0.30573806,48.746883,105.79531,-10.0403185,WAL
2038482276000,250.964888,-1.1123580360331,-8.11437158658333,-2.21336875705608,-0.6750061,-0.70402217,0.3567453,48.529205,105.931015,-10.160675,WAL
2038487344000,250.969956,-1.14529815312283,-8.09055197406711,-2.24674087166188,-0.7816021,-0.6585127,0.40133846,48.33203,106.08971,-10.282668,WAL
2038492336000,250.974948,-1.16422619841631,-8.07635617479956,-2.24200887269128,-0.8906415,-0.6239988,0.44623706,48.162556,106.28012,-10.41037,WAL
2038497378000,250.97999,-1.15357554570065,-8.10579689327908,-2.1906699986386,-0.960891,-0.61666846,0.47861293,48.011646,106.53872,-10.567018,WAL
2038502349000,250.984961,-1.13495166172443,-8.14676943024802,-2.12734884757061,-1.0161743,-0.62796944,0.50823987,47.87351,106.81706,-10.72993,WAL
2038507363000,250.989975,-1.12510806141805,-8.18968490632848,-2.05228574045706,-1.0421361,-0.65118235,0.5320636,47.723442,107.11869,-10.903689,WAL
2038512442000,250.995054,-1.14546662025783,-8.23854509040683,-1.93827800652938,-1.0555751,-0.6740898,0.56199604,47.57859,107.426476,-11.083278,WAL
2038517278000,250.99989,-1.16485114290976,-8.28506760472125,-1.82972486589653,-1.0509937,-0.6914995,0.5720753,47.411728,107.72111,-11.257506,WAL
2038522327000,251.004939,-1.21282099679312,-8.38241558431968,-1.70899255926151,-1.0531317,-0.72021013,0.5858198,47.24352,108.01638,-11.43811,WAL
2038527258000,251.00987,-1.26537084088012,-8.48751597086495,-1.58956099566009,-1.0604621,-0.74372846,0.6068946,47.078964,108.30528,-11.619076,WAL
2038532283000,251.014895,-1.37115558247146,-8.6406213384822,-1.4653607981867,-1.0567969,-0.7651087,0.61544675,46.876026,108.58094,-11.803528,WAL
2038537266000,251.019878,-1.48561690438453,-8.80086712222968,-1.3417425743452,-1.0589349,-0.7641924,0.6249151,46.68066,108.85371,-11.988104,WAL
2038542310000,251.024922,-1.61211875657933,-9.03382456032249,-1.01860773477685,-1.0684034,-0.7806858,0.63407815,46.447437,109.11482,-12.18228,WAL
2038547412000,251.030024,-1.74342741109511,-9.29175223082829,-0.629371478310778,-1.0680978,-0.799928,0.6291912,46.21984,109.363884,-12.368706,WAL
2038552386000,251.034998,-1.90846724419756,-9.58868434556655,-0.552475641758635,-1.0662653,-0.8347474,0.61483586,45.95742,109.60283,-12.5649805,WAL
2038557285000,251.039897,-2.08633205305392,-9.89994754180708,-0.601882541705981,-1.0546589,-0.9062186,0.59498274,45.685177,109.82841,-12.755378,WAL
2038562306000,251.044918,-2.23308502918129,-10.2013626547292,-0.655729164221611,-1.0235047,-1.0079277,0.57787853,45.340427,109.993744,-12.943612,WAL
2038567315000,251.049927,-2.36960971733232,-10.4971661774025,-0.71033902997818,-0.9569204,-1.1059716,0.57757306,44.982643,110.14152,-13.129158,WAL
2038572309000,251.054921,-2.35921725560884,-10.6528538682756,-1.13725676522102,-0.8390234,-1.1844677,0.5983425,44.595573,110.28305,-13.332836,WAL
2038577288000,251.0599,-2.27967939165972,-10.7423339003336,-1.73876149149291,-0.6774496,-1.2324207,0.61422503,44.19599,110.394135,-13.532501,WAL
2038582385000,251.064997,-2.07523344568468,-10.6990746787704,-2.2962956106148,-0.4654793,-1.1979067,0.64934975,43.79388,110.48546,-13.750144,WAL
2038587346000,251.069958,-1.83840051349819,-10.6154866050239,-2.82104299748803,-0.19761491,-1.0983357,0.679893,43.40522,110.53006,-13.960739,WAL
2038592321000,251.074933,-1.54545420955948,-10.4805091564502,-2.98907166356559,0.09712757,-0.89858276,0.68539083,43.110725,110.59239,-14.157154,WAL
2038597478000,251.08009,-1.21935108331527,-10.3198907398246,-3.01827496122007,0.3210097,-0.627664,0.6444628,42.871513,110.608574,-14.326826,WAL
2038602324000,251.084936,-0.977689639609621,-10.2921232809543,-2.97764110656546,0.39461896,-0.3680463,0.5693264,42.723278,110.64691,-14.460132,WAL
2038607307000,251.089919,-0.756583800522476,-10.3156456542784,-2.90707550939472,0.28893927,-0.14172074,0.46273044,42.640865,110.66093,-14.550128,WAL
2038612295000,251.094907,-0.639981890282564,-10.5236548880575,-2.84879700088609,0.051618114,-0.06536258,0.3387248,42.56226,110.65588,-14.579046,WAL
2038617350000,251.099962,-0.57802068938663,-10.833460643694,-2.79636823501034,-0.077579886,0.06963864,0.2828306,42.56192,110.64258,-14.5750885,WAL
2038622341000,251.104953,-0.597557999581298,-11.0936513398465,-2.65096443265876,-0.3390302,0.124005646,0.20433442,42.509537,110.64818,-14.511566,WAL
2038627307000,251.109919,-0.663934027873592,-11.3259676616489,-2.45183639728841,-0.5513059,0.13439035,0.1441642,42.478653,110.66195,-14.431956,WAL
2038632396000,251.115008,-0.774642272212031,-11.3597906476779,-2.12558145347108,-0.6951646,0.09773844,0.112399206,42.42035,110.67281,-14.318599,WAL
2038637346000,251.119958,-0.907378646644781,-11.2728251171189,-1.73652650850632,-0.79779,0.019547688,0.095294975,42.347626,110.708824,-14.19821,WAL
2038642349000,251.124961,-0.998900950198807,-11.1914027147117,-1.32105671292247,-0.8338311,-0.08002335,0.0729984,42.197575,110.737076,-14.089664,WAL
2038647393000,251.130005,-1.05652173099404,-11.1145749735587,-0.884099204612326,-0.83016586,-0.22021692,0.03023783,42.01097,110.76911,-13.982194,WAL
2038652420000,251.135032,-1.04253873272971,-11.2574259552491,-0.567966036244295,-0.7620544,-0.37934732,-0.0036651916,41.747093,110.77411,-13.900393,WAL
2038657346000,251.139958,-0.972323363519548,-11.5710549612026,-0.352638967542171,-0.65270954,-0.52198434,-0.038179077,41.448017,110.758965,-13.816921,WAL
2038662341000,251.144953,-0.85215428529019,-12.018147007758,-0.241593589652362,-0.52595496,-0.6249151,-0.06383542,41.07798,110.6805,-13.7391405,WAL
2038667348000,251.14996,-0.687341620312285,-12.5832186479426,-0.227466788813709,-0.37659842,-0.68386364,-0.087659165,40.683308,110.56758,-13.659277,WAL
2038672340000,251.154952,-0.504880654205457,-13.143160223114,-0.22495503888443,-0.21624629,-0.69027776,-0.108123146,40.242847,110.36991,-13.549585,WAL
2038677336000,251.159948,-0.303283483619583,-13.699952594703,-0.234554912026485,-0.08155051,-0.6713409,-0.12614368,39.7991,110.14524,-13.436043,WAL
2038682376000,251.164988,-0.13628856572571,-14.1958183966413,-0.227415662067173,0.04184427,-0.60139686,-0.15302174,39.32829,109.84425,-13.276027,WAL
2038687344000,251.169956,-0.00788047505797682,-14.6190896129548,-0.203636377740904,0.16493362,-0.48624873,-0.19425514,38.883144,109.51605,-13.102976,WAL
2038692337000,251.174949,0.0870119981945113,-15.0413320052961,-0.173350803158402,0.2828306,-0.3371976,-0.24587326,38.43801,109.11988,-12.872644,WAL
2038697402000,251.180014,0.147732735012037,-15.466376953298,-0.135984198512277,0.40133846,-0.20189096,-0.3023783,38.029205,108.70049,-12.625897,WAL
2038702355000,251.184967,0.216136474244547,-15.8245776726036,-0.145077982263358,0.505491,-0.0852157,-0.3680463,37.640736,108.224304,-12.327714,WAL
2038707338000,251.18995,0.297311264411647,-16.1063016542926,-0.216702793597158,0.6102544,0.031154128,-0.43310347,37.297634,107.72785,-12.011786,WAL
2038712307000,251.194919,0.333098094805451,-16.2768275903614,-0.260518265603397,0.743423,0.090713486,-0.46273044,36.946228,107.19345,-11.677788,WAL
2038717352000,251.199964,0.304469817321746,-16.2911420180723,-0.265289656809204,0.8194757,0.1572978,-0.52656585,36.63453,106.64802,-11.317619,WAL
2038722278000,251.20489,0.251095946764519,-16.142219134646,-0.210217393046241,0.97341377,0.15454891,-0.59895337,36.313644,106.06215,-10.944698,WAL
2038727354000,251.209966,0.15441362513206,-15.7216511322593,-0.0555256736894391,1.1572843,0.09773844,-0.68539083,36.001415,105.45823,-10.559393,WAL
2038732293000,251.214905,0.0395594520248496,-15.1960390053249,0.0945158387917365,1.346347,-0.027488936,-0.77946407,35.67375,104.82891,-10.168512,WAL
2038737348000,251.21996,-0.113201049875357,-14.4608789552805,0.247276340193472,1.543351,-0.18478674,-0.8970556,35.323807,104.15791,-9.760608,WAL
2038742270000,251.224882,-0.295118937132209,-13.6938227291095,0.325648997504904,1.7403551,-0.33414328,-1.0198395,34.955944,103.45081,-9.355745,WAL
2038747365000,251.229977,-0.548754968051197,-12.798917910308,0.268221971259317,1.960572,-0.43127087,-1.1420126,34.562298,102.69498,-8.929455,WAL
2038752245000,251.234857,-0.846562666551486,-12.0209492007108,0.199162406761773,2.2052236,-0.43585235,-1.2342533,34.18092,101.91155,-8.513904,WAL
2038757346000,251.239958,-1.29027070152039,-11.3987938934742,0.0930583101731662,2.4697282,-0.3454443,-1.3072516,33.804615,101.08013,-8.073947,WAL
2038762285000,251.244897,-1.73854484132454,-10.9243415061432,0.0337383705813605,2.7253752,-0.2134974,-1.368949,33.473907,100.26317,-7.6675634,WAL
2038767348000,251.24996,-2.24710288571571,-10.7741958161023,0.0870158760441514,2.9654453,-0.029932396,-1.4092661,33.19038,99.41383,-7.2453046,WAL
2038772290000,251.254902,-2.73884994561239,-10.7256193622712,0.175353083054904,3.1676416,0.16157386,-1.4227052,32.99754,98.61721,-6.882091,WAL
2038777355000,251.259967,-3.23051626954481,-10.9350327498827,0.362004180028156,3.3023374,0.31856623,-1.4080443,32.853344,97.828384,-6.5165315,WAL
2038782352000,251.264964,-3.71241010652174,-11.1678197809735,0.524397395203925,3.3899968,0.41691554,-1.3997977,32.798706,97.11322,-6.2156315,WAL
2038787350000,251.269962,-4.17743054565217,-11.540756829646,0.570439042356676,3.3970215,0.43554693,-1.3713925,32.772476,96.47012,-5.929989,WAL
2038792372000,251.274984,-4.63751924233692,-11.9193882124741,0.591162971743215,3.3527339,0.3933972,-1.3466524,32.808994,95.95801,-5.713082,WAL
2038797317000,251.279929,-5.01140506558768,-12.3353362555018,0.329442912060002,3.249803,0.27885997,-1.2947289,32.835873,95.581276,-5.519652,WAL
2038802460000,251.285072,-5.39480359667261,-12.7590209019608,0.0110107679073084,3.1300735,0.1695151,-1.2583824,32.889996,84.60251,-5.3974853,WAL
2038807344000,251.289956,-5.69124633915627,-13.0508319215686,-0.86442202683779,3.042109,0.14538592,-1.2385293,32.93953,84.64828,-5.290663,WAL
2038812552000,251.295164,-5.99795161124122,-13.3509210749415,-1.80539625995316,2.983466,0.30482176,-1.2089024,33.04192,84.53012,-5.2542996,WAL
2038817350000,251.299962,-6.16385060772834,-13.4899174681889,-2.76491975788447,2.9028316,0.46731192,-1.2000448,33.138905,84.3403,-5.2200403,WAL
2038822637000,251.305249,-6.34054683006129,-13.6273861903789,-3.76409143199294,2.843883,0.7669413,-1.183246,33.321167,84.1076,-5.2546873,WAL
2038827334000,251.309946,-6.35725646862927,-13.38927428789,-3.31710946179421,2.7177396,0.84299403,-1.1768318,33.482464,83.87605,-5.2858877,WAL
2038832339000,251.314951,-6.37506182120171,-13.135548490156,-2.84081719846768,2.6526823,0.68844515,-1.1478158,33.621193,83.69531,-5.3645515,WAL
2038837346000,251.319958,-5.99059526576076,-12.7773690856496,-2.66837000224418,2.5647178,0.52106804,-1.138042,33.774525,83.5448,-5.432991,WAL
2038842288000,251.3249,-5.52773596049001,-12.4022095233683,-2.56118151227095,2.4242187,0.47891834,-1.135904,33.916214,83.41254,-5.4999585,WAL
2038847374000,251.329986,-4.7898671643222,-11.9520133579568,-2.79034657662083,2.2247713,0.57696223,-1.1236867,34.10934,83.227005,-5.569953,WAL
2038852249000,251.334861,-4.04691208819253,-11.5117438712181,-3.0563429543222,1.9453003,0.72204274,-1.0687088,34.29882,83.071655,-5.6488957,WAL
2038857332000,251.339944,-3.36010473316733,-11.0352578087649,-3.13919912310757,1.7165314,0.893085,-0.9944886,34.49179,82.98446,-5.669846,WAL
2038862263000,251.344875,-2.71102045544821,-10.5696103163347,-3.18153067760956,1.6136005,1.0589349,-0.9428705,34.720573,82.91803,-5.701782,WAL
2038867349000,251.349961,-2.04935233611276,-10.2953176189416,-3.11335927212661,1.6230689,1.2253957,-0.8915578,34.924347,82.97916,-5.645722,WAL
2038872289000,251.354901,-1.40826508210683,-10.0707027574184,-3.02444933780415,1.6881261,1.3759739,-0.8426886,35.16892,83.033,-5.6095443,WAL
2038877335000,251.359947,-0.897164518328119,-10.1377852392941,-2.6706893973113,1.750129,1.4923438,-0.8390234,35.461555,83.11212,-5.4969006,WAL
2038882333000,251.364945,-0.424505896384435,-10.2734996549179,-2.25886802634924,1.8316795,1.5271631,-0.8900307,35.77021,83.17386,-5.389135,WAL
2038887349000,251.369961,0.0932659398264129,-10.5970019648881,-1.59060668777,1.9278907,1.5467108,-0.9746355,36.124207,83.246735,-5.1849165,WAL
2038892360000,251.374972,0.623378399193214,-10.9756529731729,-0.847502570431009,2.0237966,1.5577064,-1.0900891,36.481537,83.31147,-4.9649153,WAL
2038897366000,251.379978,0.763611464245755,-11.1764442798116,-0.607971685129061,2.0882428,1.5204436,-1.1578951,36.809196,83.36233,-4.6599474,WAL
2038902335000,251.384947,0.772952394199627,-11.3165579852782,-0.537914998207871,2.1526892,1.5198327,-1.2144,37.14578,83.38792,-4.336047,WAL
2038907348000,251.38996,0.74151160443996,-11.2588844106963,-0.913981025610494,2.172237,1.5250251,-1.2687671,37.41095,83.388435,-3.900044,WAL
2038912377000,251.394989,0.692912434419778,-11.1179465588295,-1.47773119485772,2.1209242,1.5479325,-1.3002267,37.67395,83.347725,-3.468892,WAL
2038917349000,251.399961,0.48434656773907,-10.8401463820191,-1.79964200629626,2.08977,1.6465873,-1.3197744,37.976456,83.23573,-3.0364492,WAL
2038922331000,251.404943,0.215959693565578,-10.5105487078851,-2.03506916222244,2.0482311,1.8194622,-1.303281,38.298187,83.09575,-2.6233554,WAL
2038927339000,251.409951,-0.0963194774490204,-10.0927790391843,-2.24713782806877,2.053729,1.9004018,-1.2473868,38.700653,82.90812,-2.24459,WAL
2038932367000,251.414979,-0.428436719712115,-9.63551651539384,-2.4492960467413,2.0332649,1.9352211,-1.1682798,39.1301,82.709595,-1.8938097,WAL
2038937335000,251.419947,-0.757842908024569,-9.17662712324153,-2.65109609532395,1.9911152,1.9709567,-1.0855075,39.62434,82.48457,-1.6264336,WAL
2038942328000,251.42494,-1.08944483634833,-8.7123844730533,-2.85479441918962,1.9226984,2.0201313,-1.0085385,40.122093,82.261154,-1.391875,WAL
2038947378000,251.42999,-1.41461984552645,-8.31817445585764,-2.92741913270391,1.8558086,2.0641136,-0.9401216,40.670273,82.038605,-1.2441672,WAL
2038952344000,251.434956,-1.72963853420662,-7.96554132427088,-2.93682271888285,1.813048,2.0815234,-0.8924741,41.21552,81.83,-1.1212626,WAL
2038957340000,251.439952,-1.97327952274632,-7.62326073725758,-2.88198604495663,1.7831156,2.071444,-0.8582657,41.80313,81.6401,-1.082928,WAL
2038962353000,251.444965,-2.17914400315759,-7.28639163190722,-2.79308998490401,1.7293595,2.0143282,-0.8341365,42.37419,81.47651,-1.0602031,WAL
2038967345000,251.449957,-2.33162335461287,-6.92222469504598,-2.68948322237714,1.6756034,1.9257526,-0.82711154,42.94985,81.32244,-1.1065252,WAL
2038972340000,251.454952,-2.44987742358351,-6.53908122708395,-2.57595931418966,1.6099354,1.8353447,-0.8200866,43.50166,81.19627,-1.1617991,WAL
2038977328000,251.45994,-2.49135401297484,-6.24161176403552,-2.56923946364085,1.5323554,1.7629571,-0.8042041,44.015575,81.09717,-1.263976,WAL
2038982358000,251.46497,-2.47709511687223,-6.00396334676862,-2.64053399378392,1.4358387,1.6801848,-0.7867944,44.496555,81.02997,-1.3671153,WAL
2038987331000,251.469943,-2.45522721444029,-5.78499419842613,-2.57060105900059,1.3524556,1.7150042,-0.7996226,45.069168,80.92251,-1.4668716,WAL
2038992336000,251.474948,-2.42693773937635,-5.57753748998623,-2.38671895414126,1.244027,1.7281377,-0.8042041,45.605858,80.85776,-1.5720013,WAL
2038997321000,251.479933,-2.37190341542254,-5.3608925697663,-2.15213248130362,1.1267409,1.7107282,-0.8011498,46.17155,80.810104,-1.6721361,WAL
2039002333000,251.484945,-2.29143968703284,-5.13370099690366,-1.86814305229267,1.0537425,1.6939293,-0.8142834,46.736984,80.78998,-1.7700176,WAL
2039007341000,251.489953,-2.23694322755701,-4.92073429312037,-1.52199720001924,0.95081174,1.6978999,-0.82619524,47.330765,80.766174,-1.8536937,WAL
2039012352000,251.494964,-2.2092384196286,-4.72218302498797,-1.11104225979024,0.9007208,1.6872098,-0.8436049,47.91099,80.75704,-1.933903,WAL
2039017339000,251.499951,-2.18305448171214,-4.52817635926565,-0.747063769408662,0.7672467,1.6670512,-0.8713993,48.503307,80.745895,-1.9856242,WAL
2039022346000,251.504958,-2.1587360733543,-4.33849287564662,-0.445515302627041,0.6010914,1.6371188,-0.89827734,49.08468,80.7664,-2.0352077,WAL
2039027265000,251.509877,-2.13742000030488,-4.17845528020198,-0.209610353894817,0.4373795,1.6035212,-0.9251554,49.67524,80.75098,-2.0538833,WAL
2039032334000,251.514946,-2.11891969573171,-4.04895285842226,-0.047732572972561,0.2843578,1.5717562,-0.94897914,50.253662,80.7858,-2.0679178,WAL
2039037245000,251.519857,-2.12517698493016,-3.95261174337989,0.151904401973244,0.14538592,1.570229,-0.93615097,50.836075,80.81064,-2.0676022,WAL
2039042325000,251.524937,-2.18260387141452,-3.91432715239032,0.448610212006689,0.032070424,1.5418239,-0.91538155,51.398296,80.87501,-2.0633373,WAL
2039047310000,251.529922,-2.24188022510857,-3.81367127232531,0.697076633201737,-0.07727446,1.4618006,-0.8979719,51.9457,80.94574,-2.0510094,WAL
2039052306000,251.534918,-2.3079916244769,-3.56811481515989,0.848188276391631,-0.1966986,1.395827,-0.8597928,52.483543,81.04995,-2.0523608,WAL
2039057267000,251.539879,-2.34235283955138,-3.40373133473926,0.99584379633819,-0.32406402,1.3640621,-0.79290307,53.00675,81.136,-2.0665703,WAL
2039062297000,251.544909,-2.29155861504985,-3.45452546280675,1.13899098096242,-0.42577308,1.3408492,-0.7703011,53.510902,81.24874,-2.0784912,WAL
2039067281000,251.549893,-2.23655541404358,-3.48894890072639,1.23480518498789,-0.56169057,1.2342533,-0.7648033,53.97599,81.37475,-2.1098475,WAL
2039072306000,251.554918,-2.16036821531011,-3.45309610132241,1.12724669318309,-0.68630713,1.1450669,-0.72601336,54.434353,81.520775,-2.1582766,WAL
2039077485000,251.560097,-2.07859659460873,-3.40977260291449,1.0139800478168,-0.7663304,1.0910053,-0.68203104,54.87268,81.66316,-2.1865497,WAL
2039082336000,251.564948,-1.96452445179887,-3.29570056368101,0.880069350282908,-0.8567385,1.0638218,-0.63071835,55.28893,81.83705,-2.2262027,WAL
2039087300000,251.569912,-1.84287682509653,-3.18833717047817,0.758208868280368,-0.9459248,1.0238101,-0.57635134,55.688717,82.04031,-2.2601132,WAL
2039092337000,251.574949,-1.69483310694981,-3.12625431288981,0.710452862340362,-1.0430524,0.9789116,-0.52503866,56.075283,82.26353,-2.3067865,WAL
2039097334000,251.579946,-1.55073577640898,-3.06679924568579,0.672583223990025,-1.1450669,0.9233228,-0.47800204,56.44939,82.520355,-2.3443887,WAL
2039102317000,251.584929,-1.4222098165985,-3.01919700705237,0.686863880668329,-1.2437216,0.8567385,-0.42058071,56.80359,82.79275,-2.3973653,WAL
2039107294000,251.589906,-1.30261638181909,-2.98107438188875,0.722622441944472,-1.3548992,0.8185594,-0.3857614,57.150223,83.09543,-2.4217515,WAL
2039112299000,251.594911,-1.23583890381132,-3.00015359728331,0.889566112060902,-1.4010195,0.7415904,-0.31856623,57.46275,83.39231,-2.4679315,WAL
2039117300000,251.599912,-1.17564858420957,-3.02129143758158,1.06647706105874,-1.5262468,0.6401868,-0.26450464,57.758537,83.727974,-2.485498,WAL
2039122307000,251.604919,-1.15826237580674,-3.05606389977339,1.30988352483684,-1.6249015,0.52503866,-0.20799962,58.025784,84.05308,-2.520181,WAL
2039127266000,251.609878,-1.14104284166062,-3.09050301301668,1.55095655337201,-1.7363845,0.3921755,-0.15424347,58.25084,84.37752,-2.5395374,WAL
2039132342000,251.614954,-1.18092416583966,-3.28138084074226,1.83206261978675,-1.8417587,0.25228736,-0.09621128,58.439323,84.706795,-2.5730934,WAL
2039137650000,251.620262,-1.23037827281513,-3.50846510855042,2.14261948063025,-1.9352211,0.10567969,-0.029932396,58.58679,85.03776,-2.620947,WAL
2039142315000,251.624927,-1.32423503468487,-3.97305593769958,2.68229559186975,-2.0201313,-0.02107485,0.054061573,58.67931,85.32759,-2.6762352,WAL
2039147358000,251.62997,-1.42529788343834,-4.53477744419442,3.27450927884788,-2.0900755,-0.11026118,0.13225232,58.722443,85.5685,-2.7466373,WAL
2039152314000,251.634926,-1.52023261851185,-5.74044947179718,3.95329308070807,-2.1053472,-0.15821409,0.2565634,58.738895,85.76933,-2.851979,WAL
2039157303000,251.639915,-1.58527303670408,-7.00458612133704,4.65920910242376,-2.0702224,-0.18325958,0.38820487,58.706516,85.86656,-2.9719932,WAL
2039162295000,251.644907,-1.2575972790007,-8.91840273721069,5.65648316269991,-1.9663752,-0.14966199,0.4905248,58.674965,85.91293,-3.1174343,WAL
2039167380000,251.649992,-0.896331063042309,-10.872131215848,6.70672964809968,-1.7611245,-0.04886922,0.5714644,58.632397,85.82835,-3.2685118,WAL
2039172306000,251.654918,-0.207053364248835,-12.8173316084618,8.14871560577268,-1.3741413,0.036651913,0.59437186,58.592545,85.681816,-3.4281971,WAL
2039177291000,251.659903,0.490479995167623,-14.7858301787379,9.60797260922373,-0.7519751,-0.005192355,0.4972443,58.505783,85.43474,-3.443619,WAL
2039182343000,251.664955,1.79921888820405,-16.1494502578289,11.0858264169525,0.015577064,-0.08552113,0.2406809,58.43576,85.105934,-3.4204793,WAL
2039187568000,251.67018,3.2812081344818,-17.3711515518197,12.4495138716978,0.6750061,0.026572637,-0.1441642,58.414436,84.69515,-3.3361506,WAL
2039192347000,251.674959,4.6128893744504,-17.8573205549603,11.692780454831,1.0726794,0.35338554,-0.44440445,58.365566,84.04382,-3.0139353,WAL
2039197374000,251.679986,6.01367648332718,-18.3687186672825,10.89677733983,1.2421945,0.83658,-0.56505036,58.36413,83.16099,-2.4205976,WAL
2039202298000,251.68491,6.31041700551531,-18.6764904230132,9.38431043667218,1.2577715,1.0726794,-0.6032294,58.415573,82.16737,-1.8316923,WAL
2039207287000,251.689899,6.44390460788493,-18.9582987135762,7.73796315149007,1.1554517,1.425454,-0.61911196,58.656418,81.154045,-1.2935907,WAL
2039212327000,251.694939,5.32082170221579,-17.4752097512726,6.483327421579,1.0842859,1.6145169,-0.64934975,58.997177,80.272804,-0.5522687,WAL
2039217271000,251.699883,4.11101828981934,-15.8684393590179,5.28770138193433,0.91446525,1.6985108,-0.65484756,59.389915,79.450775,0.09749418,WAL
2039222291000,251.704903,2.77992809823937,-13.5173256543027,4.46536392248269,0.7415904,1.7351627,-0.66553766,59.86474,78.87559,0.69555396,WAL
2039227269000,251.709881,1.45016731707221,-11.1171541498516,3.68731222244313,0.56169057,1.7809776,-0.6747007,60.343006,78.35474,1.2344147,WAL
2039232312000,251.714924,0.485911923034319,-8.81769308436356,3.35421809043616,0.3753767,1.822211,-0.6588182,60.855618,78.01437,1.5991874,WAL
2039237267000,251.719879,-0.415185039185046,-6.57433734338839,3.08201167865691,0.13439035,1.8121318,-0.6072,61.344765,77.74635,1.9314343,WAL
2039242359000,251.724971,-1.40740532722558,-4.68121185923365,2.91923653245943,-0.09896017,1.7534887,-0.50885075,61.835495,77.59945,2.086496,WAL
2039247318000,251.72993,-2.38341196231634,-2.89794745854221,2.77785240886392,-0.3231477,1.6594155,-0.37751472,62.29343,77.5269,2.2116044,WAL
2039252436000,251.735048,-2.96668264332514,-2.65659530671581,2.78463310227273,-0.52931476,1.5601498,-0.2171626,62.73155,77.508354,2.1942992,WAL
2039257244000,251.739856,-3.41450216535627,-2.80743990786241,2.82705823863636,-0.6945538,1.4611896,-0.04184427,63.129547,77.54996,2.1406217,WAL
2039262333000,251.744945,-3.61150153188836,-3.4665558462688,3.03067932311956,-0.86834496,1.2657127,0.13744467,63.48147,77.63825,1.9272246,WAL
2039267279000,251.749891,-3.747451622981,-4.20724935317696,3.26038793230404,-1.0638218,0.91232723,0.25686884,63.753063,77.77934,1.6944839,WAL
2039272343000,251.754955,-3.80860370109344,-5.64373786088469,3.40217000168986,-1.2760975,0.37934732,0.3417791,63.916386,77.98396,1.3834509,WAL
2039277309000,251.759921,-3.85115106614314,-7.203805329334,3.52035695131213,-1.4477507,-0.28313604,0.3930918,63.937607,78.22492,1.0739444,WAL
2039282425000,251.765037,-4.10848733990246,-9.52816020851996,3.04535020274709,-1.5485435,-0.9822713,0.44135013,63.790188,78.49074,0.75519997,WAL
2039287311000,251.769923,-4.40189963977307,-11.9080602443117,2.45852570026874,-1.53205,-1.6190983,0.48655418,63.470528,78.75843,0.45450428,WAL
2039292359000,251.774971,-4.99185368463269,-13.807757374841,1.34663982816394,-1.423316,-2.0069978,0.5757405,63.02731,79.05076,0.14835016,WAL
2039297464000,251.780076,-5.66137770546806,-15.5867782160814,0.0936734220600607,-1.2950343,-2.074193,0.677755,62.493828,79.31529,-0.15696648,WAL
2039302422000,251.785034,-6.15467793193717,-16.6593318010471,-0.2695043786911,-1.1178834,-2.0076087,0.7583892,61.945835,79.69151,-0.49786565,WAL
2039307330000,251.789942,-6.59953090817559,-17.5395726073298,-0.392548798530004,-0.80848014,-1.7266107,0.77518797,61.442577,79.96568,-0.84938055,WAL
2039312341000,251.794953,-5.82547386045131,-18.086161131829,0.584995614400238,-0.5714644,-1.3014483,0.7901542,61.080765,80.40398,-1.3089384,WAL
2039317348000,251.79996,-4.68649335391924,-18.5275164869359,1.89007725071259,0.1423316,-0.7498371,0.75625116,60.839455,80.57516,-1.7612605,WAL
2039322340000,251.804952,-3.39498408792404,-17.4802597971516,1.78533523940263,1.003957,-0.5882632,0.52870387,60.631977,80.63704,-2.1977477,WAL
2039327348000,251.80996,-2.04785487182277,-15.9386501933538,1.21612569193947,1.4575244,-0.67164636,0.17531833,60.518658,80.59523,-2.5817394,WAL
2039332354000,251.814966,-1.30384686266019,-13.4781092104798,0.151828754332254,1.4407257,-0.6365216,-0.15515977,60.452805,80.34285,-2.7274399,WAL
2039337316000,251.819928,-0.786259493575704,-10.703654456285,-1.08385278384849,1.0482447,-0.37018433,-0.37904188,60.44021,80.098656,-2.8024669,WAL
2039342344000,251.824956,-0.537519418822659,-8.39433532971479,-1.46175543797493,0.4166101,-0.06688975,-0.45478916,60.489014,80.03031,-2.6295571,WAL
2039347347000,251.829959,-0.414581311558275,-6.32330069772032,-1.44284189592421,-0.22418754,0.009468411,-0.50579643,60.552727,80.08509,-2.4113743,WAL
2039352315000,251.834927,-0.642148548759387,-4.96427040925203,-1.26900791378792,-0.729984,-0.17562376,-0.47555858,60.666496,80.38734,-2.131683,WAL
2039357341000,251.839953,-1.05181190558726,-3.94734166680685,-1.01357078657254,-1.0781772,-0.4654793,-0.3371976,60.765125,80.80783,-1.8812215,WAL
2039362329000,251.844941,-1.41436383764974,-3.28594931104841,-1.17784388758539,-1.2788464,-0.838718,-0.1853976,60.775677,81.27033,-1.6296157,WAL
2039367330000,251.849942,-1.75574979250569,-2.79757767347787,-1.55242019861895,-1.4501941,-1.1304061,-0.08582657,60.727203,81.80488,-1.4053429,WAL
2039372422000,251.855034,-2.08228547563054,-2.61005203026103,-2.01046764831774,-1.5745052,-1.3341297,-0.01863139,60.52834,82.29602,-1.3354657,WAL
2039377344000,251.859956,-2.38700608825604,-2.58927559307997,-2.49294190744894,-1.6490307,-1.50731,0.05009095,60.25726,82.81095,-1.2883711,WAL
2039382328000,251.86494,-2.69556511575004,-2.568237445394,-2.98149365623194,-1.713477,-1.6991217,0.15210545,59.905262,83.38385,-1.3491671,WAL
2039387353000,251.869965,-3.00666244985063,-2.54702623108379,-3.47406439010725,-1.7968601,-1.9285016,0.27977628,59.493977,83.96799,-1.4360591,WAL
2039392353000,251.874965,-3.23551648645232,-2.79657049121043,-3.93500747683655,-1.8735237,-2.1746802,0.3866777,59.03721,84.61123,-1.5999098,WAL
2039397325000,251.879937,-3.40140890464862,-3.25158990610193,-4.3710676648915,-1.9092593,-2.3952026,0.45448375,58.52404,85.22619,-1.7921461,WAL
2039402346000,251.884958,-3.40569155971223,-3.68500368345324,-4.78020444820144,-1.9150625,-2.47095,0.50640726,58.00436,85.83419,-2.068668,WAL
2039407350000,251.889962,-3.27817571313689,-4.09588815468612,-5.16275203724253,-1.9058995,-2.52043,0.54244834,57.433525,86.32939,-2.3658113,WAL
2039412333000,251.894945,-3.13851565804217,-4.5481065583886,-5.35624741639117,-1.8832976,-2.440712,0.63346726,56.910007,86.66446,-2.7220685,WAL
2039417350000,251.899962,-2.98633330815599,-5.0426993817381,-5.38002580148471,-1.847562,-2.288912,0.7425067,56.40071,86.72162,-3.1018517,WAL
2039422342000,251.904954,-2.93571430353357,-5.62994430424028,-5.20656792226148,-1.7968601,-2.149024,0.86651236,55.955322,86.50812,-3.4884918,WAL
2039427326000,251.909938,-2.98390286607774,-6.30940353929329,-4.84033474628975,-1.7519615,-2.0402899,1.0118983,55.55586,93.98654,-3.9176724,WAL
2039432349000,251.914961,-3.0616727407861,-7.13020621402331,-4.53495565627099,-1.6875153,-1.9511036,1.1844677,55.231487,94.62858,-4.3445754,WAL
2039437347000,251.919959,-3.16566514850879,-8.07086510505629,-4.28915519099348,-1.6465873,-1.8332067,1.3353515,54.962574,95.39003,-4.8064246,WAL
2039442382000,251.924994,-3.22483739976778,-9.03932725950653,-4.06514161219158,-1.6175711,-1.7058412,1.4761559,54.74484,96.171425,-5.2894597,WAL
2039447424000,251.930036,-3.23885372069666,-10.0298146214804,-3.86424096342525,-1.6032158,-1.529912,1.5885551,54.592224,96.99076,-5.800189,WAL
2039452331000,251.934943,-3.01925380903921,-10.8778873867106,-3.77663182915295,-1.5754215,-1.3891076,1.6978999,54.495995,97.77781,-6.3185825,WAL
2039457348000,251.93996,-2.48715778671057,-11.5921424049686,-3.82936213594732,-1.5632042,-1.174083,1.8509218,54.488873,98.590775,-6.8668723,WAL
2039462302000,251.944914,-2.00073307046815,-12.3141973667681,-3.7513581454019,-1.5357152,-0.9211848,1.999362,54.57176,99.32485,-7.3827624,WAL
2039467349000,251.949961,-1.5595636504073,-13.0731985035823,-3.49045152629306,-1.5039502,-0.6957755,2.0842721,54.72108,100.060265,-7.9069004,WAL
2039472286000,251.954898,-1.13019839535675,-13.7127731582107,-3.23331905354748,-1.4929546,-0.48899764,2.0540345,55.073486,100.60607,-8.228083,WAL
2039477324000,251.959936,-0.695662602041429,-14.1955908183729,-2.96776931525068,-1.5112807,-0.29016098,1.9642372,55.489136,101.15291,-8.547107,WAL
2039482327000,251.964939,-0.274337593768404,-14.3588861750895,-2.65491332055312,-1.5305228,-0.12186762,1.7876972,55.937325,101.55469,-8.730235,WAL
2039487341000,251.969953,0.131704905220852,-14.0197208989256,-2.26320175336252,-1.557401,-0.017715093,1.5705346,56.41247,101.93815,-8.877768,WAL
2039492238000,251.97485,0.557842880191818,-13.5307941710707,-2.01230377173615,-1.5827519,0.016187929,1.3426818,56.87081,102.2055,-8.912122,WAL
2039497322000,251.979934,1.05339995384224,-12.7398087531807,-1.98847892773537,-1.598329,-0.008552114,1.104139,57.32364,102.44089,-8.893293,WAL
2039502262000,251.984874,1.45147033260828,-11.9998780162663,-1.95978835389635,-1.5531249,-0.027794369,1.0027353,57.70123,102.62735,-8.838745,WAL
2039507310000,251.989922,1.68006748971061,-11.3049430482315,-1.9186408522508,-1.4932601,-0.11301007,0.80848014,58.030594,102.759674,-8.708675,WAL
2039512277000,251.994889,1.81211134977013,-10.644688379999,-1.86053600494834,-1.3548992,-0.36560285,0.59650993,58.2147,102.89501,-8.576199,WAL
2039517319000,251.999931,1.59012202721341,-10.0646517549558,-1.73402594643828,-1.2724323,-0.8381071,0.3643811,58.298435,102.99676,-8.407509,WAL
2039522277000,252.004889,1.37183105909832,-9.4942785722972,-1.60962355252855,-1.2925909,-1.3994923,0.16126843,58.220253,103.10522,-8.233426,WAL
2039527297000,252.009909,1.15081035318108,-8.91677284883089,-1.48366550141381,-1.3741413,-1.8936822,-0.036651913,58.015835,103.1749,-8.022737,WAL
2039532327000,252.014939,0.876490609231064,-8.39636349525348,-1.49647416219956,-1.4709635,-2.218357,-0.19761491,57.667698,103.24728,-7.8063765,WAL
2039537314000,252.019926,0.350759500909715,-8.16002542536861,-2.17654841096748,-1.5393804,-2.3582454,-0.33353242,57.227074,103.308426,-7.5641932,WAL
2039542380000,252.024992,-0.157203665944324,-7.97666269052784,-2.80472337512654,-1.5635096,-2.3646593,-0.41386122,56.731705,103.41073,-7.3801064,WAL
2039547327000,252.029939,-0.551151127889552,-8.01948303543022,-3.17297852013738,-1.5497651,-2.2867742,-0.44868052,56.222603,103.50704,-7.178579,WAL
2039552687000,252.035299,-0.975606198056995,-8.07078848380829,-3.5611671242228,-1.4929546,-2.1615467,-0.44593164,55.796234,103.73064,-7.036432,WAL
2039557312000,252.039924,-1.30072552556131,-8.19988010189983,-3.70938339689119,-1.4468343,-1.9929478,-0.4279111,55.41017,103.94941,-6.888257,WAL
2039562290000,252.044902,-1.61926330864564,-8.32824278874724,-3.82043274860539,-1.3933836,-1.8167132,-0.3747658,55.140438,104.22068,-6.7882204,WAL
2039567321000,252.049933,-1.70700774853829,-8.37904224192466,-3.57105394361162,-1.3542882,-1.707063,-0.29901853,54.907135,104.485825,-6.7003474,WAL
2039572493000,252.055105,-1.79026088404283,-8.44294133304551,-3.28456783715569,-1.3319917,-1.6404786,-0.19639318,54.677334,104.81558,-6.6996546,WAL
2039577304000,252.059916,-1.78230401929022,-8.64584040799586,-2.64802148181504,-1.3225232,-1.6224581,-0.101098195,54.475147,105.13917,-6.717762,WAL
2039582306000,252.064918,-1.77403126154909,-8.85679471539591,-1.98620379954235,-1.3362677,-1.5858061,-0.030543262,54.253593,105.449394,-6.777053,WAL
2039587313000,252.069925,-1.61865496751109,-8.86498894618038,-1.4807263354342,-1.3726143,-1.502423,0.028710667,54.06278,105.76397,-6.855169,WAL
2039592244000,252.074856,-1.40918774008871,-8.79516656944307,-1.04317246347363,-1.3878858,-1.4364496,0.102319926,53.889988,106.07764,-6.954789,WAL
2039597315000,252.079927,-1.17809750278519,-8.73699513659161,-0.620876732308185,-1.4104879,-1.4227052,0.17684549,53.63059,106.29934,-7.06994,WAL
2039602250000,252.084862,-0.946101873087184,-8.686561342973,-0.222449467811333,-1.4309518,-1.4434745,0.20372356,53.388134,106.51951,-7.186622,WAL
2039607307000,252.089919,-0.724874526582464,-8.61178575109724,-0.170335085433532,-1.4376713,-1.4792101,0.23793201,53.077965,106.69031,-7.3137593,WAL
2039612271000,252.094883,-0.511589979881986,-8.53296355076563,-0.202791429391398,-1.434617,-1.4816537,0.26939157,52.779335,106.85918,-7.4417663,WAL
2039617314000,252.099926,-0.4030033426299,-8.48355064646569,-0.384518809599753,-1.3591752,-1.427592,0.28710666,52.42418,106.96475,-7.5514436,WAL
2039622272000,252.104884,-0.329721404016874,-8.44446666971911,-0.60925009447474,-1.2333369,-1.35551,0.31642818,52.08264,107.05492,-7.6661716,WAL
2039627299000,252.109911,-0.3425432847035,-8.40687155944461,-0.81784881162858,-1.0708468,-1.2464706,0.3323107,51.76938,107.10391,-7.7511353,WAL
2039632340000,252.114952,-0.375128063725774,-8.36963202863755,-1.02266744623469,-0.9285152,-1.1252137,0.3555236,51.487133,107.12553,-7.834083,WAL
2039637311000,252.119923,-0.461429284656336,-8.32989129603575,-1.15436625614602,-0.79504114,-1.0048733,0.3924809,51.235847,107.157875,-7.913984,WAL
2039642269000,252.124881,-0.565249201344234,-8.28926576737332,-1.26270008799316,-0.6783658,-0.8857546,0.41050145,51.021782,107.155426,-7.98114,WAL
2039647317000,252.129929,-0.720092507256424,-8.25814522275826,-1.38028153076036,-0.6151413,-0.79626286,0.43493605,50.83979,107.186584,-8.064025,WAL
2039652315000,252.134927,-0.900809394511799,-8.23304567037231,-1.5007593822129,-0.5897904,-0.7535023,0.46028697,50.6818,107.19824,-8.142424,WAL
2039657306000,252.139918,-1.07253011628613,-8.16426371347379,-1.5564830077511,-0.62796944,-0.7266242,0.4859433,50.540882,107.25623,-8.241443,WAL
2039662308000,252.14492,-1.24151740489956,-8.07976986085252,-1.58934166286134,-0.6872234,-0.7125743,0.5149594,50.41297,107.314865,-8.34186,WAL
2039667316000,252.149928,-1.38916354792546,-8.07816777164625,-1.68186492497684,-0.7770206,-0.74128497,0.56413406,50.280815,107.44306,-8.483045,WAL
2039672306000,252.154918,-1.52692438340369,-8.11260817316998,-1.79994569981468,-0.87017757,-0.7498371,0.6160576,50.16419,107.58745,-8.625801,WAL
2039677293000,252.159905,-1.59270259810914,-8.21970185911629,-1.86085323486823,-0.9783007,-0.7449502,0.6575964,50.03903,107.7949,-8.810691,WAL
2039682328000,252.16494,-1.63521976201626,-8.35197777613403,-1.90337044810424,-1.0833695,-0.745561,0.7021896,49.919315,108.02651,-9.005962,WAL
2039687310000,252.169922,-1.66657270225144,-8.51513572821871,-1.87341043443383,-1.180497,-0.75869465,0.7528914,49.796677,108.32449,-9.238987,WAL
2039692327000,252.174939,-1.69384366387286,-8.69239657534765,-1.8143234062908,-1.2748758,-0.79473567,0.7874053,49.675873,108.64338,-9.475311,WAL
2039697306000,252.179918,-1.68711116330059,-8.84765323521588,-1.72354794868017,-1.3588698,-0.8173377,0.8014552,49.546013,108.99432,-9.725258,WAL
2039702316000,252.184928,-1.65765760191324,-8.99001176498875,-1.61064272400246,-1.3881912,-0.8854492,0.82924956,49.404087,109.35176,-9.987986,WAL
2039707305000,252.189917,-1.65003281034862,-9.11952344146789,-1.4351363293211,-1.427592,-0.9459248,0.84788096,49.232357,109.72144,-10.252396,WAL
2039712301000,252.194913,-1.6544223692844,-9.24243008330275,-1.22443956297248,-1.4541647,-1.003957,0.8481864,49.049812,110.08554,-10.517586,WAL
2039717320000,252.199932,-1.68308424767217,-9.40188976871916,-0.962692016475005,-1.4666874,-1.0806206,0.86132,48.81672,110.43716,-10.791915,WAL
2039722307000,252.204919,-1.7394406644926,-9.60169931087749,-0.645046511945934,-1.4624114,-1.14018,0.86742866,48.57851,110.779144,-11.060375,WAL
2039727281000,252.209893,-1.81691786141508,-9.86092523378337,-0.404693223175312,-1.4486669,-1.162782,0.86009824,48.284348,111.087555,-11.328224,WAL
2039732381000,252.214993,-1.91112077888539,-10.168323579129,-0.211329428230637,-1.4193454,-1.1688906,0.84696466,47.984417,111.38154,-11.592305,WAL
2039737313000,252.219925,-1.98330141382771,-10.4635594184555,0.0103857738890438,-1.3637567,-1.1710287,0.84207773,47.623356,111.62212,-11.862231,WAL
2039742328000,252.22494,-2.04578511682929,-10.7625892209832,0.255857632024905,-1.2712106,-1.1621711,0.8558222,47.269516,111.840546,-12.12604,WAL
2039747309000,252.229921,-2.06053799103555,-11.016723175425,0.409515794155719,-1.1319333,-1.1869112,0.8872818,46.86666,112.001785,-12.399084,WAL
2039752314000,252.234926,-2.0234963496136,-11.2250824084235,0.465078299801971,-0.96883225,-1.246776,0.90469146,46.461716,112.1314,-12.667083,WAL
2039757295000,252.239907,-1.92395426791491,-11.4242216319969,0.36361635834428,-0.7629707,-1.287704,0.9221011,46.010197,112.178116,-12.939584,WAL
2039762302000,252.244914,-1.73122864849525,-11.6122464828938,0.0298720124017253,-0.5357288,-1.2913691,0.93370754,45.559105,112.18481,-13.20923,WAL
2039767266000,252.249878,-1.44423814125358,-11.7858925335928,-0.388666929367063,-0.28191432,-1.2660183,0.9239337,45.086193,112.12158,-13.461448,WAL
2039772308000,252.25492,-0.979376585374846,-11.9391979414175,-0.972216602384269,-0.032986723,-1.1786644,0.8918633,44.63514,112.011375,-13.696761,WAL
2039777292000,252.259904,-0.410963074354384,-11.9731235785735,-1.57920776485356,0.16829337,-1.0219775,0.8362745,44.233562,111.874596,-13.877917,WAL
2039782323000,252.264935,0.320400435227206,-11.8371651727158,-2.23555960292887,0.29871312,-0.81245077,0.7800749,43.875557,111.69997,-14.02977,WAL
2039787246000,252.269858,1.03406903410667,-11.6255540591664,-2.78759325794229,0.3173445,-0.57818395,0.70921457,43.61796,111.52819,-14.069266,WAL
2039792335000,252.274947,1.76797913696979,-11.2562314905275,-3.18532518267755,0.2443461,-0.45540005,0.625526,43.38613,111.34148,-14.0777855,WAL
2039797319000,252.279931,2.38791325064229,-10.9923571684783,-3.41022799817194,0.06383542,-0.23518312,0.5693264,43.28463,111.20189,-13.970398,WAL
2039802317000,252.284929,2.78048091370553,-10.954519048913,-3.25414692791502,-0.05589417,-0.116980694,0.3924809,43.169838,111.02942,-13.807852,WAL
2039807273000,252.289885,3.03673015034463,-11.0445815093004,-2.97894850626947,-0.31245756,-0.067500606,0.17440203,43.087456,110.91243,-13.562377,WAL
2039812299000,252.294911,2.93220192602209,-11.4854187981305,-2.36995723092248,-0.54733527,-0.10262536,-0.052534413,42.99542,110.785805,-13.267407,WAL
2039817284000,252.299896,2.73856020145487,-11.8920569444774,-1.7255312879133,-0.7079928,-0.20952678,-0.2556471,42.837967,110.619156,-12.880816,WAL
2039822310000,252.304922,2.0382874324327,-12.1302452724664,-0.848999456625099,-0.7635816,-0.36926803,-0.4129449,42.636173,110.45654,-12.459554,WAL
2039827330000,252.309942,1.30821544405567,-12.3263741922964,-0.0372080943279428,-0.70554936,-0.5332854,-0.47616947,42.29297,110.21252,-12.027033,WAL
2039832341000,252.314953,0.391041206057042,-12.265228499853,0.381399620403411,-0.58032197,-0.63713247,-0.4783075,41.91202,109.95874,-11.587809,WAL
2039837331000,252.319943,-0.48447604152922,-12.2114011058847,0.743917579552026,-0.4120286,-0.6423248,-0.43035457,41.44765,109.622215,-11.233193,WAL
2039842432000,252.325044,-1.03157864982692,-12.2213486271635,0.614602420423539,-0.25137106,-0.5500842,-0.34972036,40.991512,109.27308,-10.893183,WAL
2039847413000,252.330025,-1.49900656562082,-12.2643476704611,0.474195743695045,-0.10415252,-0.4370741,-0.25167647,40.563484,108.92833,-10.686847,WAL
2039852447000,252.335059,-1.59585015104266,-12.4949278879855,0.252839048834513,0.02076942,-0.31673363,-0.16646078,40.178314,108.57072,-10.493776,WAL
2039857481000,252.340093,-1.6713904608859,-12.7391503962824,0.0436457694544196,0.15943582,-0.20555615,-0.11453723,39.855957,108.263245,-10.387444,WAL
2039862348000,252.34496,-1.4870506944829,-13.1400893713664,-0.0116561710531936,0.30268374,-0.112399206,-0.1151481,39.572636,107.93887,-10.283351,WAL
2039867599000,252.350211,-1.28550358437775,-13.5857253516473,-0.0557428409365529,0.46609017,-0.024129177,-0.14172074,39.340614,107.61944,-10.189777,WAL
2039872341000,252.354953,-1.07240017196207,-14.1406821354971,0.0863260836758236,0.6249151,0.011911872,-0.20769419,39.123863,107.27048,-10.083181,WAL
2039877650000,252.360262,-0.830793151818949,-14.7513862218161,0.236205474398838,0.78984874,0.025045475,-0.29565877,38.89831,106.865364,-9.932742,WAL
2039882419000,252.365031,-0.544033704706213,-15.0552655074501,0.159165620067473,0.9822713,-0.007941248,-0.38056904,38.672535,106.41921,-9.767909,WAL
2039887314000,252.369926,-0.24969789140849,-15.367173476244,0.080090323998688,1.1731668,-0.0018325958,-0.46639562,38.431522,105.868195,-9.529753,WAL
2039892429000,252.375041,-0.139192444133307,-15.220513292534,0.0175012524445556,1.3671165,0.0143553335,-0.5531385,38.187733,105.27565,-9.274189,WAL
2039897320000,252.379932,-0.0688759488270616,-14.9955003704964,-0.0387519447794235,1.5543466,0.052534413,-0.6035349,37.957813,104.65146,-9.008326,WAL
2039902417000,252.385029,-0.0369445606015135,-14.6512280211092,-0.0642970562043214,1.6539177,0.067500606,-0.7199047,37.696716,103.97436,-8.665778,WAL
2039907245000,252.389857,-0.0139251330077666,-14.3059368451658,-0.0827125990484915,1.8277088,0.06872234,-0.8378017,37.4484,103.2506,-8.314083,WAL
2039912307000,252.394919,-0.0690678715476658,-13.8465835221255,-0.0452911545551502,2.0158553,0.0711658,-0.9575313,37.208836,102.509735,-7.932709,WAL
2039917258000,252.39987,-0.140041428312845,-13.3763834994855,0.00350316401291047,2.2375994,0.07422013,-1.0503827,36.97228,101.72733,-7.5328417,WAL
2039922306000,252.404918,-0.331450291674272,-12.9667880501931,0.0482302644352404,2.4923303,0.08124508,-1.1368202,36.735546,100.912056,-7.1165667,WAL
2039927283000,252.409895,-0.574035272374517,-12.5945459218147,0.0900552613185328,2.7785206,0.054061573,-1.2260065,36.491913,100.04619,-6.6812387,WAL
2039932369000,252.414981,-0.924819220057945,-12.2733603331848,0.0581747776610207,3.0479121,-0.012217305,-1.3368785,36.251522,99.1445,-6.240048,WAL
2039937319000,252.419931,-1.40552710171607,-12.0409298673947,-0.0738878300390016,3.2803464,-0.052839845,-1.4483615,36.01394,98.1997,-5.7787795,WAL
2039942308000,252.42492,-1.92204837964704,-12.0597811028199,-0.397153668680223,3.454443,-0.062002823,-1.5512923,35.80018,97.24499,-5.334848,WAL
2039947328000,252.42994,-2.46154979226933,-12.2350039476309,-0.839821520224439,3.580892,0.018020526,-1.6313156,35.605362,96.27572,-4.869992,WAL
2039952313000,252.434925,-3.0065953747431,-12.5090514994963,-1.38146355415072,3.5979962,0.19150625,-1.6957619,35.46856,95.39026,-4.4501066,WAL
2039957306000,252.439918,-3.56059045530929,-12.8703523437437,-2.01253604755188,3.5243871,0.4560109,-1.7336355,35.3866,94.55428,-4.019445,WAL
2039962290000,252.444902,-4.10814287839362,-13.2216106091015,-2.53670643271101,3.3264668,0.71776664,-1.7241671,35.38522,93.925766,-3.6783085,WAL
2039967316000,252.449928,-4.65574732644885,-13.5679588961494,-2.97666225923765,3.0815098,0.86406887,-1.6869044,35.427967,93.40549,-3.3409197,WAL
2039972309000,252.454921,-5.21996687925978,-13.8688280158762,-3.35093723697037,2.8961122,0.9462303,-1.6215417,35.55046,93.10801,-3.1059666,WAL
2039977294000,252.459906,-5.8041094212256,-14.1246922524017,-3.65990525845889,2.7281241,1.0259482,-1.5488489,35.710197,87.08963,-2.8887596,WAL
2039982421000,252.465033,-6.3798788119859,-14.2854751535448,-3.59039855213474,2.5793786,1.0360274,-1.4648548,35.906166,87.13032,-2.7823687,WAL
2039987343000,252.469955,-6.91070147414806,-14.3500968877791,-3.18420380258519,2.44621,0.91904676,-1.3808609,36.08241,87.12346,-2.6968384,WAL
2039992337000,252.474949,-7.3734514066615,-14.3711003454686,-2.77869818776143,2.325564,0.7968737,-1.321607,36.319916,87.02299,-2.7076952,WAL
2039997335000,252.479947,-7.75347845972115,-14.343293405306,-2.38013323911696,2.257147,0.5137377,-1.3029755,36.471184,86.91318,-2.724539,WAL
2040002309000,252.484921,-7.97357963815644,-14.266447666332,-2.36362404506477,2.245846,0.27214047,-1.3020593,36.680874,86.68288,-2.8206158,WAL
2040007348000,252.48996,-7.9638883544633,-14.1162334521538,-2.90633340200823,2.232407,0.21074851,-1.4178182,36.855602,86.48385,-2.880659,WAL
2040012284000,252.494896,-7.7308424020337,-13.7494585535541,-3.21022422715476,2.144748,0.46975538,-1.5903877,37.108078,86.218575,-2.9720922,WAL
2040017351000,252.499963,-7.16691827728065,-13.0539522017238,-3.19142681521402,1.9489655,0.90133166,-1.6505579,37.38621,85.97597,-3.0576894,WAL
2040022239000,252.504851,-6.5297025785152,-12.3300547075237,-3.11882861751868,1.7098118,1.1239921,-1.606881,37.6729,85.81742,-3.1208973,WAL
2040027333000,252.509945,-5.67895549134031,-11.4695849586447,-2.93409489787743,1.6371188,1.2131784,-1.4810427,38.036133,85.664764,-3.1892602,WAL
2040032287000,252.514899,-4.81017419459299,-10.7512661033868,-2.7740075258467,1.6942347,1.2525792,-1.3139712,38.415886,85.56823,-3.206822,WAL
2040037347000,252.519959,-3.84080963032284,-10.2521871491384,-2.64923778728461,1.8350391,1.3243558,-1.1389582,38.821648,85.443924,-3.2639384,WAL
2040042241000,252.524853,-2.96263092722968,-9.88077791535122,-2.48936676783741,2.002111,1.4089607,-0.9950995,39.19352,85.342674,-3.2452002,WAL
2040047385000,252.529997,-2.17527676748224,-9.74469181195738,-2.23177568985793,2.1563544,1.4300356,-0.9233228,39.561718,85.194176,-3.2592795,WAL
2040052270000,252.534882,-1.4979955359392,-9.66156003217846,-2.04544839358405,2.2782218,1.4764613,-0.90224797,39.86712,85.11735,-3.1507776,WAL
2040057346000,252.539958,-0.970179387665581,-9.69035008607245,-1.99746513743954,2.3741279,1.5384641,-0.90408057,40.17839,84.99639,-3.0625951,WAL
2040062288000,252.5449,-0.522301999663255,-9.71330442303645,-1.89420774728786,2.4581218,1.6410894,-0.9379836,40.468136,84.89435,-2.851416,WAL
2040067344000,252.549956,-0.249002480795944,-9.72256900009567,-1.63017267004688,2.4959953,1.7250835,-0.97219205,40.764423,84.76147,-2.6488097,WAL
2040072292000,252.554904,-0.00367220377066615,-9.72761096248671,-1.40039257502659,2.4791965,1.7650951,-0.9807441,41.126663,84.558014,-2.3862936,WAL
2040077330000,252.559942,0.140936379692546,-9.71361630155661,-1.30243189688678,2.4507914,1.8445076,-0.9795224,41.516148,84.32738,-2.1288278,WAL
2040082403000,252.565015,0.27423578303529,-9.67027057325535,-1.19191376404639,2.3942864,1.8771889,-0.9660834,41.9081,84.04961,-1.8320409,WAL
2040087346000,252.569958,0.321160993243458,-9.43095205313243,-1.00421289381443,2.314874,1.8774943,-0.9410379,42.30359,83.765045,-1.5502324,WAL
2040092287000,252.574899,0.363509443064437,-9.19897463273687,-0.843003414999511,2.2275202,1.8698585,-0.915687,42.72082,83.4471,-1.2602458,WAL
2040097332000,252.579944,0.358785188053193,-9.03835006101496,-0.956385633929794,2.1890357,1.922393,-0.8573494,43.144203,83.124016,-0.9988189,WAL
2040102515000,252.585127,0.347378099710938,-8.86618089681641,-1.09067582568359,2.0839667,1.922393,-0.82650065,43.562386,82.79199,-0.73581934,WAL
2040107343000,252.589955,0.270617746570313,-8.63364211560547,-1.39545959189453,1.9978348,1.9193386,-0.80848014,43.983486,82.46203,-0.4969332,WAL
2040112495000,252.595107,0.188706118695313,-8.38549799779297,-1.72069694970703,1.8967366,1.9373591,-0.7883216,44.441257,82.14764,-0.2768406,WAL
2040117348000,252.59996,0.111548290652344,-8.15175510110352,-2.02705892514648,1.8338175,1.9370537,-0.784351,44.884243,81.84911,-0.06517026,WAL
2040122668000,252.60528,0.023167441889543,-7.89450791084945,-2.35937146002243,1.7712038,1.9413297,-0.79412484,45.35372,81.56251,0.14119041,WAL
2040127330000,252.609942,-0.21047763874965,-7.62748496652649,-2.5053995809644,1.7079792,1.9361374,-0.79534656,45.811634,81.29809,0.3359482,WAL
2040132316000,252.614928,-0.460360601440987,-7.3419044430614,-2.66157637440426,1.6352862,1.8839084,-0.8038987,46.31355,81.09839,0.4928844,WAL
2040137346000,252.619958,-0.745915133291438,-7.10342533095051,-2.71414826857816,1.5567901,1.8307631,-0.82253003,46.807625,80.923996,0.6465304,WAL
2040142298000,252.62491,-1.03463368406913,-6.87990131893166,-2.74208875184603,1.4575244,1.7782288,-0.8491027,47.281647,80.78118,0.800514,WAL
2040147386000,252.629998,-1.28490958663427,-6.70970316966383,-2.75619248784933,1.3720033,1.740966,-0.86498517,47.77395,80.677605,0.9140836,WAL
2040152248000,252.63486,-1.51121545291616,-6.56354714692183,-2.76562184356015,1.2779301,1.7189748,-0.8949176,48.252,80.60921,1.0343261,WAL
2040157343000,252.639955,-1.6640344010195,-6.4703362197862,-2.63034386504009,1.1908818,1.6982054,-0.9300423,48.734375,80.583435,1.1219624,WAL
2040162263000,252.644875,-1.78995572102346,-6.39571628471741,-2.46244885286549,1.1142182,1.6688838,-0.9599747,49.20431,80.58563,1.2105498,WAL
2040167348000,252.64996,-1.96238993618106,-6.2804502227518,-2.43420550935252,1.0338894,1.6410894,-1.0009027,49.707153,80.607765,1.2780411,WAL
2040172244000,252.654856,-2.14042210596523,-6.15863859397482,-2.44826066906475,0.9437868,1.613906,-1.040609,50.19843,80.65828,1.3475257,WAL
2040177333000,252.659945,-2.2137182833367,-5.97057309133508,-2.13827211324985,0.8546005,1.6203201,-1.069625,50.747826,80.67432,1.3952587,WAL
2040182318000,252.66493,-2.25228855035346,-5.7680792901838,-1.73810534123409,0.7809912,1.6282613,-1.0913107,51.28577,80.71634,1.447618,WAL
2040187347000,252.669959,-2.28666913899241,-5.46908653303756,-1.28898079680568,0.70157874,1.6245961,-1.1236867,51.8721,80.76649,1.472141,WAL
2040192248000,252.67486,-2.31906106224983,-5.15442174912748,-0.840120950576753,0.600786,1.5815301,-1.1307116,52.443985,80.85002,1.4931324,WAL
2040197328000,252.67994,-2.35334331717499,-4.86627337027054,-0.417426107650218,0.5369505,1.5265522,-1.1285735,53.030396,80.869545,1.5235254,WAL
2040202299000,252.684911,-2.38711015310568,-4.59613933763299,-0.0170488276370453,0.3979787,1.4721853,-1.1111639,53.59928,80.94477,1.5500098,WAL
2040207340000,252.689952,-2.44745615500348,-4.40627045221107,0.234408599170228,0.2611449,1.4343116,-1.0821478,54.166714,80.951546,1.5751272,WAL
2040212322000,252.694934,-2.51383423772235,-4.24032529492199,0.443025579096691,0.13133603,1.4135422,-1.0326678,54.717762,81.00188,1.5879576,WAL
2040217347000,252.699959,-2.56544679339177,-4.13359571104983,0.599926510769155,-0.0021380284,1.3952162,-0.977079,55.24803,81.03092,1.5912905,WAL
2040222336000,252.704948,-2.61250086576719,-4.04419287035651,0.741088703328737,-0.12186762,1.3961325,-0.9288206,55.7726,81.09785,1.5800043,WAL
2040227329000,252.709941,-2.59900640530175,-3.95787377714795,0.693451573877713,-0.23243423,1.3952162,-0.86834496,56.304104,81.15781,1.5439341,WAL
2040232423000,252.715035,-2.56516530400357,-3.87085406199584,0.582259614666535,-0.3381139,1.4309518,-0.82344633,56.841835,81.2535,1.4950368,WAL
2040237346000,252.719958,-2.48065405338368,-3.77352304466457,0.517278133204198,-0.46395215,1.4822645,-0.7831292,57.38478,81.36222,1.4249583,WAL
2040242335000,252.724947,-2.37756167249902,-3.67043051698705,0.465731884044723,-0.56199604,1.5225816,-0.743423,57.929867,81.49569,1.3401508,WAL
2040247370000,252.729982,-2.25316177313874,-3.56599261859777,0.443455927585051,-0.6750061,1.5421293,-0.70188415,58.486095,81.679886,1.2488436,WAL
2040252347000,252.734959,-2.1215587229859,-3.46259027813825,0.434055709015876,-0.77671516,1.5479325,-0.6640105,59.045414,81.89027,1.1461737,WAL
2040257340000,252.739952,-1.97271727083416,-3.34861065872984,0.450128982580131,-0.8738427,1.539075,-0.6209445,59.602016,82.12885,1.0536126,WAL
2040262345000,252.744957,-1.81526622832968,-3.22932959158869,0.478756451647422,-0.9767735,1.5238034,-0.57543504,60.154137,82.398994,0.95036703,WAL
2040267350000,252.749962,-1.66012335916483,-3.21457891027906,0.66374519101586,-1.0592403,1.4957036,-0.5152648,60.692307,82.68059,0.86465454,WAL
2040272344000,252.754956,-1.50649454434852,-3.25298603878739,0.927794719614535,-1.1609493,1.4071281,-0.49388456,61.206234,82.99612,0.7810308,WAL
2040277359000,252.759971,-1.38882250128497,-3.3134425418207,1.14884576391223,-1.2776246,1.2327261,-0.48533243,61.680702,83.31824,0.7269206,WAL
2040282374000,252.764986,-1.28913077513097,-3.38465098137788,1.34822931536028,-1.382388,1.0451905,-0.48258355,62.123524,83.66492,0.67283005,WAL
2040287395000,252.770007,-1.20194760486376,-3.41811221076909,1.54305671540035,-1.4718798,0.9593639,-0.46211955,62.53382,83.97748,0.6591244,WAL
2040292338000,252.77495,-1.12270584000744,-3.43131916391705,1.7323564691249,-1.5671748,0.7663304,-0.44318274,62.85848,84.31829,0.6546144,WAL
2040297307000,252.779919,-1.03285546144741,-3.55398440388227,1.93028376738053,-1.6102408,0.5876524,-0.3979787,63.15569,84.6194,0.6692679,WAL
2040302316000,252.784928,-0.931641775904631,-3.79183660242642,2.13777182961283,-1.7037032,0.40194935,-0.34025195,63.39382,84.95841,0.6802345,WAL
2040307307000,252.789919,-0.904673367486398,-4.29506292438421,2.44630431316649,-1.7849482,0.23701571,-0.30268374,63.57883,85.253006,0.7148848,WAL
2040312304000,252.794916,-0.928342998313384,-4.98148290546048,2.82501873264418,-1.885741,0.0888809,-0.22082779,63.712593,85.57814,0.72392875,WAL
2040317299000,252.799911,-0.967681367388132,-5.7856957209144,3.28745779095331,-1.9523253,0.0012217305,-0.14813483,63.8193,85.85882,0.7600635,WAL
2040322312000,252.804924,-1.01905240185798,-6.68235318307393,3.81517795894942,-1.9908098,-0.06169739,-0.038789943,63.88837,86.15923,0.7642303,WAL
2040327294000,252.809906,-0.969334489992399,-7.66631692455874,4.44075976545055,-2.0042489,-0.05131268,0.063224554,63.9546,86.39167,0.76355404,WAL
2040332308000,252.81492,-0.82334578875095,-8.74501091359683,5.16664803348535,-1.9856175,0.02321288,0.18203785,64.0186,86.62768,0.7270504,WAL
2040337252000,252.819864,-0.620082871518119,-9.96216038785504,5.96854553768636,-1.9074267,0.13103059,0.26297748,64.087006,86.746826,0.67983997,WAL
2040342266000,252.824878,-0.0348148082859941,-12.177818013712,7.33242861945805,-1.7467692,0.22693644,0.28985557,64.170525,86.838554,0.61499864,WAL
2040347253000,252.829865,0.698032283467247,-14.1511059065901,8.62822839501286,-1.4743233,0.21868975,0.30787608,64.230774,86.701675,0.59194547,WAL
2040352337000,252.834949,1.80612174653473,-15.6108930476944,9.80376731525826,-1.0454959,0.16249016,0.16462818,64.305275,86.47805,0.60649455,WAL
2040357279000,252.839891,2.95005551287025,-16.8213081637684,10.5665286232563,-0.50976706,0.16035213,-0.055283304,64.36685,85.91542,0.77214897,WAL
2040362342000,252.844954,4.29358100070705,-17.5255005450029,10.3719485257023,0.07880162,0.28802297,-0.34422258,64.45791,85.24967,0.9830643,WAL
2040367292000,252.849904,5.47525283723563,-18.1501009581968,10.002998163241,0.5882632,0.65118235,-0.5723807,64.61623,84.259636,1.425973,WAL
2040372365000,252.854977,6.12167740658326,-18.5167311160759,8.85969553366101,0.92087936,1.0506883,-0.6713409,64.83129,83.22412,1.8652598,WAL
2040377308000,252.85992,6.46921972499761,-18.6231886837525,7.77216517500239,1.0528263,1.3148874,-0.67256266,65.18377,82.11285,2.5595443,WAL
2040382340000,252.864952,5.53370572121067,-17.5862877477288,6.78595837878933,1.0577132,1.4468343,-0.64660084,65.59526,81.023506,3.188827,WAL
2040387593000,252.870205,4.50914870450915,-16.3698414037619,5.79677626668384,0.9779953,1.4706581,-0.6258314,66.062454,80.11867,3.82854,WAL
2040392303000,252.874915,3.32365788590569,-14.5334931893842,5.13429613785107,0.9275989,1.5189165,-0.5543602,66.54413,79.27041,4.3763933,WAL
2040397350000,252.879962,2.05334532507945,-12.5657544552091,4.42441562612729,0.77457714,1.5445728,-0.50854534,67.03308,78.65119,4.786346,WAL
2040402249000,252.884861,0.818576289604012,-10.2724792254937,3.93218321293491,0.589485,1.5723672,-0.49113566,67.510475,78.08992,5.149161,WAL
2040407202000,252.889814,-0.430336969292655,-7.83412503625535,3.49605477003448,0.36346483,1.6077974,-0.48166725,67.97393,77.61047,5.471905,WAL
2040412253000,252.894865,-1.09326357532531,-6.05327819866941,3.07467595269543,0.096516706,1.6502525,-0.44043383,68.44345,77.32096,5.612871,WAL
2040417286000,252.899898,-1.6261475798552,-4.42633123126896,2.65968666165737,-0.16035213,1.6756034,-0.37048978,68.901596,77.10305,5.733446,WAL
2040422249000,252.904861,-2.03441352447623,-3.52733222995568,2.39326802334811,-0.4202753,1.6658295,-0.28252518,69.35908,77.01534,5.6895537,WAL
2040427226000,252.909838,-2.41368804531628,-2.80719085969984,2.16282274676672,-0.6203337,1.6111571,-0.1554652,69.80015,76.994,5.6147695,WAL
2040432245000,252.914857,-2.69372826473174,-2.59699575045459,2.18567532730543,-0.79045963,1.5332718,-0.016798794,70.23215,77.07518,5.453127,WAL
2040437219000,252.919831,-2.94596696582076,-2.51608896164452,2.27134118405435,-0.95172805,1.3274102,0.10995574,70.604034,77.21847,5.2686253,WAL
2040442248000,252.92486,-3.06831326905477,-2.87948437800291,2.58312233389239,-1.1371256,0.960891,0.23335053,70.90715,77.45407,5.0134087,WAL
2040447266000,252.929878,-3.15683215118759,-3.35469082661173,2.95117441536597,-1.3677273,0.40133846,0.30268374,71.09247,77.74908,4.758508,WAL
2040452339000,252.934951,-3.39835463165321,-5.69316808593948,2.97835614837988,-1.600467,-0.3036,0.3631594,71.12645,78.101166,4.464651,WAL
2040457338000,252.93995,-3.68717585750705,-8.61864845616425,2.88984646259609,-1.7873917,-1.1114693,0.42180246,70.968925,78.50412,4.184657,WAL
2040462350000,252.944962,-4.31791371072664,-11.1894110954441,2.03351953417532,-1.8594738,-1.8903224,0.49632803,70.60788,78.90417,3.9022045,WAL
2040467364000,252.949976,-5.09329266597463,-13.6078547662438,0.851989701737793,-1.815797,-2.4336872,0.59986967,70.0805,79.32341,3.6198,WAL
2040472350000,252.954962,-5.91023975467019,-15.3040090670292,-0.389413697217197,-1.7318029,-2.6762006,0.72418076,69.447945,79.87213,3.2733293,WAL
2040477350000,252.959962,-6.75705558961277,-16.5790997774672,-1.67423790699461,-1.6096299,-2.6426032,0.82924956,68.73947,80.38894,2.9164047,WAL
2040482430000,252.965042,-6.97731028165442,-17.4420647359364,-1.51434697608534,-1.3695599,-2.2852468,0.8885035,68.11901,81.1299,2.4068687,WAL
2040487347000,252.969959,-6.87305741225722,-18.0628432844923,-0.632935680048304,-0.8875872,-1.9511036,0.8903361,67.504005,81.731964,1.895896,WAL
2040492343000,252.974955,-5.64256451488006,-18.4823562415646,0.771077346533294,-0.50671273,-1.0454959,0.86651236,67.19269,82.48182,1.2348503,WAL
2040497410000,252.980022,-3.82653426507415,-18.8011278838459,2.45187126766199,0.4813618,-0.37598756,0.65270954,66.91893,82.84454,0.6494197,WAL
2040502421000,252.985033,-2.42304669854139,-17.2832742916206,2.2873924993723,1.3316863,-0.2593123,0.29626966,66.738884,82.950874,0.14417347,WAL
2040507351000,252.989963,-1.23095058024344,-14.9085804258123,1.24727674087718,1.6056592,-0.19272798,-0.03390302,66.74237,82.896835,-0.3053399,WAL
2040512342000,252.994954,-0.68660625262871,-12.3510646484672,0.288966991935766,1.3738359,0.01038471,-0.26419923,66.820885,82.51506,-0.41261864,WAL
2040517347000,252.999959,-0.467355620054501,-9.71072767912409,-0.625354766779562,0.8228355,0.26511553,-0.31703907,66.93708,82.16448,-0.4768517,WAL
2040522339000,253.004951,-0.336174188850758,-7.54673805790104,-0.973903172466081,0.20280726,0.39095375,-0.24953845,67.13356,81.99253,-0.33246136,WAL
2040527351000,253.009963,-0.259559738850758,-5.66968370790104,-0.969114772466081,-0.28130344,0.25137106,-0.19730948,67.32274,81.94297,-0.17504776,WAL
2040532358000,253.01497,-0.467434055655867,-4.39111725872185,-1.18746351046029,-0.65240407,-0.16187929,-0.15699236,67.48801,82.10886,0.0064015947,WAL
2040537350000,253.019962,-0.854653367674832,-3.49390175560055,-1.5463497018471,-0.9306532,-0.6227771,-0.059253927,67.5929,82.38248,0.158283,WAL
2040542337000,253.024949,-1.21260485632562,-2.84072137340045,-1.94665775204724,-1.1407908,-0.95722586,0.048258353,67.61051,82.69764,0.3081506,WAL
2040547386000,253.029998,-1.55427465964573,-2.35395896877359,-2.38193580032911,-1.2709051,-1.1655309,0.12767084,67.53459,83.063194,0.4460056,WAL
2040552425000,253.035037,-1.88857181863905,-1.98962416868836,-2.85101268491124,-1.3793337,-1.3582588,0.19730948,67.29104,83.55001,0.43547142,WAL
2040557348000,253.03996,-2.20939207656805,-1.73854743031558,-3.33921727325444,-1.5152513,-1.5164729,0.27366763,67.00053,84.08166,0.4028359,WAL
2040562329000,253.044941,-2.39363406410384,-1.63910559284862,-3.73302014432067,-1.706452,-1.7122552,0.3481932,66.62217,84.73737,0.27684402,WAL
2040567349000,253.049961,-2.43188787214044,-1.70126816197533,-4.02470611090113,-1.87444,-1.9672915,0.39736784,66.184265,85.42415,0.13559303,WAL
2040572354000,253.054966,-2.40414464813725,-1.90310864754902,-4.34972013137255,-1.9669861,-2.2559254,0.4538729,65.68442,86.22118,-0.08785163,WAL
2040577305000,253.059917,-2.30652602383333,-2.25174666083333,-4.70765510333333,-2.006387,-2.4856107,0.5122105,65.13194,87.03205,-0.33249372,WAL
2040582326000,253.064938,-2.23383568070386,-2.72535312481504,-4.91916969792042,-2.0204368,-2.5491407,0.56077427,64.55893,87.858376,-0.6049116,WAL
2040587318000,253.06993,-2.19559741987602,-3.35150509506099,-4.93350899582084,-2.0118847,-2.5961773,0.57848936,63.930855,88.53812,-0.89374423,WAL
2040592344000,253.074956,-2.20934457546012,-4.0269913722739,-4.82915551147833,-1.9914207,-2.6010642,0.62888575,63.323486,88.788216,-1.1952945,WAL
2040597369000,253.079981,-2.2902964006135,-4.76031941625767,-4.57201453680982,-1.9324722,-2.6520715,0.7134906,62.698814,91.6926,-1.5221893,WAL
2040602427000,253.085039,-2.42438856213915,-5.6335588852921,-4.42244640638027,-1.8457294,-2.7119362,0.82863873,62.10071,92.48969,-1.8616375,WAL
2040607350000,253.089962,-2.62277428554653,-6.65778323020844,-4.417832834201,-1.7705929,-2.7156014,0.9841039,61.51773,93.39258,-2.2446923,WAL
2040612292000,253.094904,-2.80503298818706,-7.78549893580322,-4.49434634621925,-1.706452,-2.6294694,1.153619,60.972786,94.27034,-2.6629257,WAL
2040617352000,253.099964,-2.96199993504403,-9.11481271897966,-4.71508112484057,-1.643533,-2.3848178,1.3038919,60.48887,95.15297,-3.1194882,WAL
2040622243000,253.104855,-3.01165235440869,-10.3810627765269,-4.83683327359769,-1.5720617,-2.0265455,1.4511104,60.099392,96.0221,-3.6255195,WAL
2040627348000,253.10996,-2.89474988888114,-11.6718612890306,-4.81247860387566,-1.4957036,-1.5607607,1.6417004,59.83085,96.89348,-4.1730833,WAL
2040632296000,253.114908,-2.74311141492683,-12.8594232146341,-4.56789307435122,-1.3994923,-1.1575897,1.8142698,59.69437,97.74575,-4.7314467,WAL
2040637344000,253.119956,-2.52615428478049,-13.9677916439024,-3.95946965105366,-1.352761,-0.8677341,1.8973475,59.675335,98.5892,-5.2968583,WAL
2040642241000,253.124853,-2.20859558315377,-14.8352563087169,-3.45725546092067,-1.4049901,-0.62888575,1.9058995,59.81676,99.33686,-5.79164,WAL
2040647507000,253.130119,-1.63068354505387,-15.3094402673849,-3.1114961417238,-1.5302174,-0.39553526,1.8362609,60.047707,100.07226,-6.265092,WAL
2040652310000,253.134922,-1.11800167123207,-15.390989696219,-2.80086017946545,-1.6960673,-0.15515977,1.6914859,60.354404,100.62596,-6.617531,WAL
2040657347000,253.139959,-0.614863457627119,-14.6362821670702,-2.48639878716707,-1.8487836,0.03756821,1.5268577,60.712826,101.17814,-6.92934,WAL
2040662314000,253.144926,-0.100515479007763,-13.8338408318073,-2.24613768376791,-1.9749273,0.17012598,1.344209,61.177895,101.55742,-7.039303,WAL
2040667349000,253.149961,0.528138811453026,-12.6773091488854,-2.41409867933917,-2.0164661,0.24404067,1.1685852,61.668537,101.928955,-7.105806,WAL
2040672320000,253.154932,1.08864043838192,-11.5595840546007,-2.51202514161048,-1.9419407,0.25625798,1.0149527,62.22975,102.17291,-7.029188,WAL
2040677319000,253.159931,1.27502846905327,-10.5867295712658,-2.18470955239768,-1.7305813,0.090713486,0.8216137,62.736694,102.373795,-6.914176,WAL
2040682466000,253.165078,1.45538112832065,-9.60041068888889,-1.84194497890411,-1.5332718,-0.30482176,0.63346726,63.04329,102.66014,-6.8043466,WAL
2040687349000,253.169961,1.45063602166413,-8.89812677777778,-1.42911609178082,-1.4144585,-0.5702427,0.5513059,63.33167,102.90729,-6.6815057,WAL
2040692411000,253.175023,1.41469605252632,-8.20636570526316,-1.05934601105263,-1.3759739,-1.1905763,0.3930918,63.31738,103.10817,-6.5649004,WAL
2040697373000,253.179985,1.01720634037218,-7.95179365300752,-1.3764445331015,-1.3469579,-1.7739527,0.20158553,63.232372,103.268,-6.4341054,WAL
2040702858000,253.18547,0.575465058773764,-7.67607004752852,-1.74993657195818,-1.3552046,-2.2412646,-0.090713486,62.94978,103.375465,-6.2886553,WAL
2040707348000,253.18996,0.162633673317491,-7.57388413498099,-2.55516216036122,-1.4208726,-2.4981334,-0.15974127,62.56795,103.49325,-6.176282,WAL
2040712293000,253.194905,-0.292032518460076,-7.46134307984791,-3.44198633288973,-1.5146403,-2.5833492,-0.28069258,62.128742,103.648674,-6.0423284,WAL
2040717347000,253.199959,-0.727780655613412,-7.48448040954635,-4.11656113065089,-1.5766432,-2.5314255,-0.3539964,61.661854,103.807724,-5.9131627,WAL
2040722245000,253.204857,-1.1441167612071,-7.5353657991716,-4.72256139857988,-1.5925257,-2.4181101,-0.37659842,61.19173,103.96804,-5.7702303,WAL
2040727347000,253.209959,-1.4245576124315,-7.66891454071724,-4.75901181857514,-1.5867225,-2.3246477,-0.35185838,60.85672,104.27374,-5.664276,WAL
2040732299000,253.214911,-1.65709693357369,-7.81938125830209,-4.64046233833285,-1.568091,-2.1658227,-0.29229903,60.58008,104.57783,-5.559224,WAL
2040737344000,253.219956,-1.96988224253811,-8.38850556327543,-4.06511847429989,-1.50731,-1.9376645,-0.20463985,60.381393,104.99864,-5.5300183,WAL
2040742347000,253.224959,-2.30956860672634,-9.11458549094293,-3.31780842874867,-1.4541647,-1.6371188,-0.12705997,60.257893,105.41335,-5.5046277,WAL
2040747341000,253.229953,-2.36796758682899,-9.55131763518845,-2.47939454685391,-1.4239268,-1.3048081,-0.054061573,60.126896,105.84522,-5.56311,WAL
2040752348000,253.23496,-2.10657923396324,-9.66085167386564,-1.53341765943308,-1.4077389,-0.98471475,0.029626964,60.08944,106.265,-5.6263514,WAL
2040757334000,253.239946,-1.84628717736476,-9.76992631274011,-0.591408320371716,-1.426065,-0.72356987,0.12644911,59.984116,106.584724,-5.7599573,WAL
2040762340000,253.244952,-1.58495102908317,-9.87943847523622,0.354379636174852,-1.4700472,-0.5497787,0.23304509,59.954872,106.90828,-5.89919,WAL
2040767349000,253.249961,-1.2268017692349,-9.89892539932886,1.16552768566635,-1.5158621,-0.50610185,0.31978795,59.97143,107.23746,-6.047111,WAL
2040772333000,253.254945,-0.810358531436242,-9.86231474161074,1.88858303868648,-1.5234979,-0.63224554,0.36865717,59.997417,107.56774,-6.211184,WAL
2040777338000,253.25995,-0.448266369358974,-9.7663187527195,2.21419384972805,-1.4535538,-0.86529064,0.37873647,59.799488,107.620865,-6.357109,WAL
2040782418000,253.26503,-0.131681095,-9.61511425,2.1811178,-1.2855659,-0.98715824,0.37323865,59.602432,107.65075,-6.5086036,WAL
2040787348000,253.26996,0.103743271573645,-9.44530199476123,1.91886177586137,-1.1695015,-1.2034045,0.36010507,59.230137,107.56031,-6.638418,WAL
2040792332000,253.274944,0.262429202067298,-9.24814628249043,1.39952596316744,-0.90285885,-1.3790283,0.32620203,58.835518,107.382645,-6.7609534,WAL
2040797317000,253.279929,0.351717958145869,-9.04387398658327,0.770829089343287,-0.65240407,-1.5234979,0.30024028,58.397583,107.17063,-6.8545547,WAL
2040802353000,253.284965,0.366313579564209,-8.82980512307071,0.0167219691818824,-0.4297437,-1.613906,0.2773328,57.925297,106.893936,-6.940785,WAL
2040807327000,253.289939,0.339269071912944,-8.66970886483391,-0.685196938487972,-0.28802297,-1.6172657,0.24495697,57.49829,106.63075,-6.9973907,WAL
2040812334000,253.294946,0.270610608310424,-8.55985549513173,-1.34889540723368,-0.22113322,-1.5580118,0.22204952,57.063114,106.33084,-7.0430613,WAL
2040817345000,253.299957,0.154163132542857,-8.46475424734694,-1.90429716830612,-0.21410827,-1.4480561,0.20769419,56.711918,106.12529,-7.0714083,WAL
2040822336000,253.304948,-0.0311754421571429,-8.39159433591837,-2.29936094466327,-0.27947086,-1.3234396,0.21197024,56.381203,105.923294,-7.08688,WAL
2040827316000,253.309928,-0.222379509687438,-8.36464207443848,-2.50818770127211,-0.3933972,-1.2229522,0.22876903,56.08389,105.88808,-7.121173,WAL
2040832417000,253.315029,-0.426290679273504,-8.39619963247863,-2.48391257863248,-0.5516113,-1.1407908,0.24770586,55.819405,105.879814,-7.1466427,WAL
2040837277000,253.319889,-0.620567935534685,-8.42626623355198,-2.46078434965216,-0.73792523,-1.0900891,0.28069258,55.593567,106.000534,-7.2076654,WAL
2040842340000,253.324952,-0.822960064845458,-8.45758870294176,-2.4366900650169,-0.904386,-1.0714576,0.3109304,55.386524,106.15407,-7.267787,WAL
2040847287000,253.329899,-0.985659186537725,-8.51129444542321,-2.33432371677518,-1.03786,-1.0476339,0.34666604,55.186935,106.35889,-7.3357043,WAL
2040852358000,253.33497,-1.10190775870835,-8.5996434136825,-2.11577648363654,-1.1459832,-1.033584,0.38026363,54.996197,106.59655,-7.4092894,WAL
2040857243000,253.339855,-1.21412450666859,-8.68203396487424,-1.92072702058398,-1.2168436,-1.0228939,0.42119157,54.821613,106.87267,-7.539894,WAL
2040862344000,253.344956,-1.33181578933218,-8.76206392107546,-1.75125156764961,-1.2776246,-1.0134255,0.45631635,54.65919,107.16803,-7.6741405,WAL
2040867247000,253.349859,-1.4586187646241,-8.83084644026777,-1.5962346930484,-1.3078625,-1.0036516,0.49632803,54.469696,107.45054,-7.8383193,WAL
2040872330000,253.354942,-1.63408334879506,-8.87596578661174,-1.46087628757981,-1.3127494,-1.0002918,0.5412266,54.29123,107.73751,-8.008494,WAL
2040877348000,253.35996,-1.8022759527031,-8.91396338200575,-1.35140326745363,-1.303281,-0.9993755,0.58032197,54.071995,108.02707,-8.208514,WAL
2040882375000,253.364987,-1.95987003406408,-8.93784125801012,-1.29409631517707,-1.2800682,-1.010982,0.6035349,53.858894,108.309044,-8.4115715,WAL
2040887291000,253.369903,-2.10025050235921,-8.98333598630137,-1.24268909178082,-1.2721269,-1.0118983,0.6383542,53.62137,108.598656,-8.653967,WAL
2040892347000,253.374959,-2.21079918242009,-9.08467242465753,-1.20123335479452,-1.241889,-0.9969321,0.677755,53.392876,108.87249,-8.897359,WAL
2040897328000,253.37994,-2.31151234257509,-9.21557550884252,-1.1352374473173,-1.2000448,-0.95386606,0.70554936,53.158573,109.14871,-9.1677,WAL
2040902313000,253.384925,-2.37851956789557,-9.47467003256293,-0.965485887581173,-1.1395692,-0.9282097,0.7263188,52.931328,109.41005,-9.440252,WAL
2040907418000,253.39003,-2.44353009879663,-9.74284713798636,-0.796146484075411,-1.0638218,-0.9334021,0.7535023,52.691967,109.66246,-9.736077,WAL
2040912290000,253.394902,-2.46224581937425,-10.0329402450862,-0.688531313052547,-1.0048733,-0.9630291,0.77671516,52.458885,109.900764,-10.029275,WAL
2040917392000,253.400004,-2.4716110794663,-10.3311575418472,-0.596417200135159,-0.9309586,-1.0235047,0.8008443,52.179718,110.08824,-10.336275,WAL
2040922305000,253.404917,-2.35746934512216,-10.5512877801941,-0.755400322209323,-0.82863873,-1.0760391,0.8011498,51.89861,110.25094,-10.637161,WAL
2040927304000,253.409916,-2.24132960769364,-10.7752713058395,-0.917166377012649,-0.6747007,-1.0708468,0.8167268,51.590084,110.363,-10.941681,WAL
2040932325000,253.414937,-1.94419211688708,-11.0553554907426,-1.20369939521872,-0.4859433,-1.0341948,0.8213083,51.279217,110.43984,-11.236473,WAL
2040937248000,253.41986,-1.59406965900305,-11.3479239218718,-1.52504458931841,-0.27977628,-0.9401216,0.82802784,50.991673,110.479294,-11.522063,WAL
2040942302000,253.424914,-1.13821085794002,-11.5153044294231,-1.82290558929652,-0.06505715,-0.7825184,0.8167268,50.74024,110.47315,-11.762422,WAL
2040947303000,253.429915,-0.659406558950747,-11.6426925544346,-2.10843113203705,0.12614368,-0.57910025,0.79168135,50.531757,110.4265,-11.980721,WAL
2040952308000,253.43492,-0.058242696941511,-11.5611669481113,-2.26879303742892,0.26053402,-0.35918877,0.7498371,50.387054,110.34356,-12.111659,WAL
2040957298000,253.43991,0.621119312684809,-11.3428002310114,-2.34643445802193,0.28924468,-0.15057829,0.6826419,50.29464,110.23738,-12.207699,WAL
2040962325000,253.444937,1.13278588907908,-11.0990139607738,-2.30700223426941,0.2125811,-0.01740966,0.56505036,50.24434,110.11255,-12.187062,WAL
2040967383000,253.449995,1.54735227608095,-10.8399103916377,-2.19904222966925,0.06994407,0.04795292,0.41447207,50.223145,109.98372,-12.12868,WAL
2040972290000,253.454902,1.82863168077001,-10.7235968821552,-2.09030544730088,-0.119729586,0.04734206,0.23396139,50.180725,109.83202,-11.969513,WAL
2040977357000,253.459969,1.92748210027501,-10.817504886484,-1.97168490260746,-0.26816985,0.027488936,0.05681047,50.13646,109.68151,-11.770252,WAL
2040982307000,253.464919,1.83691559748987,-10.9868710217413,-1.80071320920051,-0.37568212,-0.056199603,-0.021685716,50.03477,109.52004,-11.5191765,WAL
2040987303000,253.469915,1.49647762140528,-11.2611128618441,-1.5548412333531,-0.4147775,-0.1740966,-0.15882497,49.89604,109.3413,-11.213479,WAL
2040992241000,253.474853,0.832706641994102,-11.446451136048,-1.24078179178955,-0.49480084,-0.2782491,-0.25350907,49.71537,109.16757,-10.892829,WAL
2040997324000,253.479936,-0.366783237874608,-11.5020256240129,-0.805445759054324,-0.5381723,-0.36560285,-0.30298916,49.49708,108.985596,-10.5620575,WAL
2041002255000,253.484867,-1.25607138386467,-11.5348786501534,-0.461010318579794,-0.552833,-0.4465425,-0.32284227,49.219543,108.79587,-10.261941,WAL
2041007308000,253.48992,-1.49445364495771,-11.5168876406729,-0.299090284556186,-0.5158757,-0.46089783,-0.30818152,48.93508,108.607475,-9.967076,WAL
2041012326000,253.494938,-1.67314674832235,-11.5683207789095,-0.138662870793889,-0.43860126,-0.4343252,-0.27030787,48.641445,108.450775,-9.839019,WAL
2041017321000,253.499933,-1.52983888148592,-12.0030214529658,0.0189757328460156,-0.3286455,-0.3894266,-0.22479841,48.35535,108.283936,-9.718373,WAL
2041022318000,253.50493,-1.36608064641014,-12.4761641380354,0.187538629000662,-0.18448131,-0.3399465,-0.1908954,48.079243,108.09473,-9.636205,WAL
2041027323000,253.509935,-1.085114539792,-13.1695158686773,0.418655915135672,-0.032986723,-0.2666427,-0.18692477,47.828636,107.88358,-9.553495,WAL
2041032473000,253.515085,-0.799531492853895,-13.8669623627789,0.647600153987368,0.12858713,-0.18692477,-0.21655174,47.521492,107.60502,-9.467275,WAL
2041037312000,253.519924,-0.580991592791579,-14.2962368783158,0.737357634189474,0.2968805,-0.13713925,-0.2733622,47.231182,107.29238,-9.371613,WAL
2041042272000,253.524884,-0.356987066172632,-14.7362454745263,0.82935951511579,0.47403142,-0.118507855,-0.33841935,46.90723,106.85227,-9.204934,WAL
2041047311000,253.529923,-0.123852069743385,-15.0803529671493,0.777124159876186,0.65668017,-0.09437868,-0.42149702,46.60242,106.37286,-9.016255,WAL
2041052296000,253.534908,0.10972543370644,-15.3663665333,0.648418199456815,0.8173377,-0.06047566,-0.51007247,46.309525,105.85998,-8.808943,WAL
2041057312000,253.539924,0.292299895083853,-15.4390620551872,0.429292324789392,1.0054842,-0.014966198,-0.59437186,46.002876,105.24317,-8.533137,WAL
2041062310000,253.544922,0.446311301166147,-15.3970590698128,0.163272605210608,1.1655309,0.06291912,-0.6808093,45.719383,104.599976,-8.233637,WAL
2041067311000,253.549923,0.501689190196698,-15.1833198558907,0.00746760372197309,1.3371841,0.07971791,-0.77549344,45.41157,103.90974,-7.8943753,WAL
2041072307000,253.554919,0.491936710005096,-14.8566113952303,-0.0754285822869955,1.4999796,0.03573562,-0.8921687,45.111225,103.187836,-7.5308666,WAL
2041077315000,253.559927,0.431786770057293,-14.3810403867741,-0.0874615999611575,1.6826283,0.011911872,-1.0015136,44.822315,102.45749,-7.1377707,WAL
2041082333000,253.564945,0.34312179453389,-13.8210509804816,-0.0594621306210915,1.7623463,-0.062002823,-1.0586295,44.50923,101.72332,-6.739125,WAL
2041087311000,253.569923,0.176581563291067,-13.205161026504,-0.0346313534895605,1.9370537,-0.13897185,-1.1612549,44.18921,100.940834,-6.3185606,WAL
2041092304000,253.574916,-0.0467984400667366,-12.5441380944799,-0.0118374768782534,2.158187,-0.20158553,-1.2434162,43.855858,100.14207,-5.8964887,WAL
2041097323000,253.579935,-0.371804908811514,-11.9352991246693,-0.046717465824955,2.4123068,-0.20708331,-1.3075571,43.52994,99.31705,-5.4756517,WAL
2041102315000,253.584927,-0.801864245393163,-11.3888708634776,-0.142848376541433,2.6896396,-0.17073683,-1.3634512,43.200443,98.44223,-5.0394664,WAL
2041107308000,253.58992,-1.25014504298684,-11.1323922909024,-0.2003552434408,2.9782734,-0.08552113,-1.412015,42.899055,97.5497,-4.6339927,WAL
2041112291000,253.594903,-1.70993823417639,-11.0749183670558,-0.231302858793774,3.2461379,0.016798794,-1.4504995,42.616722,96.614525,-4.2173166,WAL
2041117317000,253.599929,-2.22004858746133,-11.1688959731903,-0.270494916833368,3.4498615,0.12461651,-1.4837917,42.39989,95.70307,-3.849035,WAL
2041122307000,253.604919,-2.78672735339245,-11.4596270187668,-0.319771331485873,3.5506542,0.19730948,-1.4984524,42.206657,94.79201,-3.4772403,WAL
2041127304000,253.609916,-3.28223713754386,-11.80228212,-0.469982628519298,3.5430183,0.26908615,-1.4941764,42.093742,93.96578,-3.1695018,WAL
2041132322000,253.614934,-3.70565812951267,-12.1994735466667,-0.724784680096686,3.4278703,0.3231477,-1.4789047,42.001472,93.23179,-2.8650646,WAL
2041137277000,253.619889,-4.12376315446394,-12.5916783133333,-0.976387742186355,3.2461379,0.3830125,-1.4437801,41.988743,92.72617,-2.6488867,WAL
2041142304000,253.624916,-4.6759748177947,-13.0894315565805,-1.75876315615145,3.008206,0.52015173,-1.4031575,42.01763,87.55247,-2.4438224,WAL
2041147372000,253.629984,-5.27742173092504,-13.6108988607469,-2.54666162607831,2.7650816,0.7360926,-1.3472633,42.088806,87.58971,-2.2592294,WAL
2041152311000,253.634923,-6.26541917480785,-14.2524552654851,-2.7818991084637,2.5314255,0.87017757,-1.2904528,42.219833,87.407074,-2.1715894,WAL
2041157245000,253.639857,-7.25241641880821,-14.8933621901619,-3.01689844802423,2.3906212,0.8509353,-1.2654073,42.39057,87.16322,-2.1786892,WAL
2041162296000,253.644908,-7.93782928479953,-15.0454056300857,-2.56972580067974,2.3457224,0.6939429,-1.2412782,42.555756,86.91177,-2.1988513,WAL
2041167253000,253.649865,-8.55046467551965,-15.1015250620629,-2.00385644049847,2.3591616,0.44990227,-1.2782356,42.68658,86.674126,-2.2044954,WAL
2041172307000,253.654919,-8.35448938434815,-14.6893788144378,-1.86679400945088,2.3377812,0.31612277,-1.382388,42.90428,86.36827,-2.346621,WAL
2041177294000,253.659906,-7.97537473821442,-14.1764587853941,-1.83111264852447,2.3005185,0.03145956,-1.4471397,43.002533,86.07034,-2.4731102,WAL
2041182335000,253.664947,-7.18655774343373,-13.524378921509,-1.91955689936112,2.2944098,-0.17898351,-1.5360206,43.153587,85.66985,-2.6334097,WAL
2041187307000,253.669919,-6.2208161477335,-12.8193880447216,-2.06441816896866,2.2116377,-0.07452556,-1.5851953,43.306366,85.30845,-2.7753115,WAL
2041192305000,253.674917,-5.3581005545224,-12.2464749661877,-2.32660548729219,1.9785925,0.04550946,-1.5647314,43.384506,85.01048,-2.850941,WAL
2041197304000,253.679916,-4.53973397035785,-11.7293749692871,-2.63686529762374,1.7629571,0.15149458,-1.5143349,43.484154,84.736725,-2.9174283,WAL
2041202306000,253.684918,-3.7276420858728,-11.2550416936196,-2.78478239340388,1.6129897,0.27366763,-1.427592,43.553642,84.58454,-2.8736472,WAL
2041207312000,253.689924,-2.91983297470461,-10.8117316681393,-2.81433646368026,1.6190983,0.4981606,-1.3494014,43.67875,84.44091,-2.8469145,WAL
2041212294000,253.694906,-2.22468532778093,-10.5809474405032,-2.6597089383182,1.724778,0.7672467,-1.2935071,43.74784,84.42267,-2.726123,WAL
2041217320000,253.699932,-1.58728227437571,-10.4716785303632,-2.3956419379966,1.8619173,1.0595458,-1.2571607,43.885784,84.38326,-2.6311724,WAL
2041222310000,253.704922,-1.05196307643175,-10.5327159501823,-1.93025303940867,1.9782871,1.3185526,-1.2370021,44.03137,84.37463,-2.442391,WAL
2041227308000,253.70992,-0.606077245350344,-10.7508121518834,-1.27596402944512,2.0723603,1.4605788,-1.2562444,44.22542,84.328094,-2.2632217,WAL
2041232315000,253.714927,-0.188160983823785,-10.9462214296203,-0.96676065160854,2.1255057,1.4914275,-1.3023647,44.48797,84.20712,-1.994143,WAL
2041237314000,253.719926,0.204972894201526,-11.1219750845329,-0.948260222398802,2.1416936,1.5393804,-1.3191634,44.79001,84.05475,-1.7399864,WAL
2041242307000,253.724919,0.502268382705377,-11.1443293224066,-0.82318329079952,2.1410828,1.6279559,-1.3148874,45.092266,83.80995,-1.4185175,WAL
2041247320000,253.729932,0.694187370289826,-10.9955926204277,-0.578486606554067,2.1319196,1.6630806,-1.2883148,45.38559,83.54384,-1.1085336,WAL
2041252309000,253.734921,0.796913559389099,-10.8767881696445,-0.552039574006497,2.1227567,1.6737708,-1.2574661,45.714157,83.233,-0.7512519,WAL
2041257308000,253.73992,0.801233571409493,-10.7903878390182,-0.768040544921494,2.078469,1.7324139,-1.2525792,46.059242,82.91876,-0.40741053,WAL
2041262258000,253.74487,0.790956169784744,-10.6425966216301,-1.05286431830721,1.9941696,1.7867808,-1.2385293,46.41452,82.55397,-0.05239268,WAL
2041267320000,253.749932,0.735234572990596,-10.2981354557994,-1.56448994128527,1.8964312,1.885741,-1.174083,46.789673,82.19756,0.27234626,WAL
2041272239000,253.754851,0.650598734138464,-9.93230781758847,-2.02657338130922,1.8060231,1.9416351,-1.135293,47.20638,81.85459,0.58412623,WAL
2041277324000,253.759936,0.499918206706633,-9.48968393850319,-2.43152725391607,1.7782288,2.0595322,-1.0650436,47.658062,81.522575,0.85271055,WAL
2041282312000,253.764924,0.300637940776563,-9.05102316313836,-2.76581857784689,1.7455474,2.173764,-0.977079,48.158028,81.25221,1.0837747,WAL
2041287312000,253.769924,-0.0356600827009131,-8.5994228822113,-2.93396761968496,1.7418822,2.275473,-0.8949176,48.67876,80.98719,1.2842343,WAL
2041292272000,253.774884,-0.34830881309977,-8.18132188759436,-3.10098616008369,1.7272215,2.2996023,-0.8206975,49.238132,80.77499,1.4297103,WAL
2041297319000,253.779931,-0.610046059179521,-7.83630469412537,-3.27151194174598,1.713477,2.2947154,-0.7791586,49.810036,80.57275,1.5520017,WAL
2041302278000,253.78489,-0.867219628291762,-7.49730325516902,-3.43906441871513,1.7015651,2.3032675,-0.7461719,50.412113,80.405846,1.5897355,WAL
2041307308000,253.78992,-1.1116175240644,-7.12855447130375,-3.42723130100137,1.6807957,2.298686,-0.72784597,51.002434,80.25594,1.6159105,WAL
2041312264000,253.794876,-1.34925691639113,-6.76044633060082,-3.3806353646181,1.6624697,2.262034,-0.70188415,51.579,80.11987,1.6273081,WAL
2041317319000,253.799931,-1.51071472370414,-6.40710879052611,-3.22853473463405,1.6166549,2.196977,-0.6747007,52.159557,80.039375,1.572478,WAL
2041322269000,253.804881,-1.64876134426325,-6.06659381236653,-3.05367572036498,1.5818355,2.1142046,-0.6612616,52.719955,79.970795,1.5133754,WAL
2041327303000,253.809915,-1.79917178627698,-5.76928413914642,-2.95201246879899,1.5192219,2.0491474,-0.6423248,53.244312,79.947525,1.3971956,WAL
2041332315000,253.814927,-1.95246370684216,-5.49057153866254,-2.8776891604084,1.4343116,2.0222695,-0.62796944,53.753227,79.94874,1.2784953,WAL
2041337250000,253.819862,-2.18306748835377,-5.04945947793345,-2.56904974763573,1.3625349,2.0039434,-0.61575216,54.281364,79.923706,1.1356685,WAL
2041342269000,253.824881,-2.45664803629597,-4.51913427035026,-2.13973872718039,1.323745,1.9578232,-0.6239988,54.79164,79.921295,0.9962349,WAL
2041347260000,253.829872,-2.65449087305932,-4.08897674600175,-1.79108952690172,1.2452488,1.9110919,-0.6310238,55.378033,79.89853,0.8394279,WAL
2041352275000,253.834887,-2.73401459800331,-3.81298234870946,-1.56655185289763,1.1294898,1.9022343,-0.6450737,55.958824,79.90572,0.6862266,WAL
2041357255000,253.839867,-2.79618676704131,-3.55958949216208,-1.28355089760623,0.9605856,1.9269744,-0.6579019,56.60032,79.84563,0.49642262,WAL
2041362279000,253.844891,-2.82464817530316,-3.34612952457853,-0.87560513885241,0.80664754,1.9376645,-0.6606508,57.231926,79.8208,0.3064942,WAL
2041367270000,253.849882,-2.82409398095238,-3.16110633333333,-0.469567574920635,0.6575964,1.9275852,-0.65301496,57.87924,79.79699,0.10682423,WAL
2041372299000,253.854911,-2.75720259339286,-3.03687955625,-0.0586636506547619,0.5112942,1.9074267,-0.6630942,58.52468,79.8209,-0.08924159,WAL
2041377281000,253.859893,-2.69596276327388,-2.94446612300868,0.334948567240639,0.4352415,1.8536706,-0.65576386,59.18446,79.77613,-0.28439656,WAL
2041382289000,253.864901,-2.64669889564852,-2.92655198932673,0.697710026827902,0.2837469,1.7779233,-0.65393126,59.830368,79.797264,-0.4750775,WAL
2041387294000,253.869906,-2.597593126022,-2.91280897936812,1.0500847187746,0.1441642,1.6878207,-0.66248333,60.448437,79.76201,-0.6426285,WAL
2041392301000,253.874913,-2.54919185647522,-2.92248926360149,1.34533204858181,0.007941248,1.5861117,-0.64965516,61.038055,79.76974,-0.81441474,WAL
2041397302000,253.879914,-2.4995725423301,-2.92254402834951,1.60805555141748,-0.13683382,1.46852,-0.64660084,61.58921,79.75058,-0.9588018,WAL
2041402229000,253.884841,-2.44459989859223,-2.87673345203883,1.71341997260194,-0.2669481,1.3387111,-0.6374379,62.10454,79.76531,-1.104522,WAL
2041407215000,253.889827,-2.38567898380106,-2.82172648194347,1.80104511502047,-0.41630468,1.212262,-0.6102544,62.577316,79.77204,-1.2362765,WAL
2041412240000,253.894852,-2.29436309595526,-2.6823495027664,1.70492313309697,-0.5513059,1.1032226,-0.5888741,63.0155,79.81003,-1.3646195,WAL
2041417233000,253.899845,-2.20154789311345,-2.55001474771656,1.60449518254802,-0.677755,0.98807454,-0.55924714,63.408863,79.860756,-1.4827503,WAL
2041422226000,253.904838,-2.08889457479159,-2.47635691322037,1.45717937782711,-0.8081747,0.88789266,-0.5222898,63.771606,79.94708,-1.6050446,WAL
2041427219000,253.909831,-1.97624125646974,-2.40269907872418,1.3098635731062,-0.9505063,0.79809546,-0.47158796,64.10019,80.07836,-1.717546,WAL
2041432226000,253.914838,-1.85186787316273,-2.42668683526903,1.17221002066929,-1.0931433,0.72265357,-0.42332962,64.40055,80.24122,-1.835965,WAL
2041437317000,253.919929,-1.72956832596515,-2.46646703963608,1.04247793439877,-1.2186762,0.6386596,-0.36346483,64.66787,80.43142,-1.9673479,WAL
2041442223000,253.924835,-1.67981169947049,-2.53431701491287,1.02438458561664,-1.3368785,0.56779927,-0.29352075,64.91306,80.679474,-2.0863872,WAL
2041447547000,253.930159,-1.62983299756666,-2.60923257584374,1.01207632303748,-1.4532484,0.47403142,-0.22479841,65.12642,80.97677,-2.1911514,WAL
2041452306000,253.934918,-1.66807506326683,-2.70271302806265,1.15229720102555,-1.568091,0.39370266,-0.16432275,65.319626,81.29553,-2.3102474,WAL
2041457241000,253.939853,-1.70773141843185,-2.79965062665486,1.29770380595749,-1.6878207,0.27977628,-0.08827003,65.47753,81.63579,-2.4331,WAL
2041462299000,253.944911,-1.84728427532957,-2.97280532727723,1.56348278290217,-1.7876972,0.1572978,-0.017104227,65.60747,81.98719,-2.567231,WAL
2041467252000,253.949864,-2.00243536798493,-3.15616583893349,1.84557564739816,-1.8964312,0.09315695,0.06352998,65.71806,82.35247,-2.7223954,WAL
2041472306000,253.954918,-2.12251244103774,-3.45469757185535,2.14707182893082,-2.0027218,-0.043066,0.10720685,65.772675,82.69237,-2.881659,WAL
2041477286000,253.959898,-2.23278917966149,-3.77229467673881,2.44702461694414,-2.0647244,-0.20647246,0.19608775,65.79658,83.015,-3.072407,WAL
2041482335000,253.964947,-2.30599495374351,-4.38339239995925,2.92354531411837,-2.1685717,-0.344528,0.30604348,65.78329,83.27952,-3.3051615,WAL
2041487327000,253.969939,-2.35956353265764,-5.12848102059692,3.47870946316594,-2.268448,-0.48563787,0.4202753,65.718735,83.513954,-3.5575504,WAL
2041492308000,253.97492,-2.26625475011805,-6.44779131496836,3.97516609260553,-2.3200662,-0.54275376,0.59040123,65.6251,83.636986,-3.8681352,WAL
2041497319000,253.979931,-2.11216657110209,-8.01133253574464,4.45102625016527,-2.2678373,-0.51893,0.7370089,65.5103,83.70328,-4.1992397,WAL
2041502312000,253.984924,-1.73227425002077,-10.2865289831256,5.39654328014538,-2.0912971,-0.41722095,0.86620694,65.38173,83.61357,-4.5506816,WAL
2041507305000,253.989917,-1.19600888820353,-13.0572330846314,6.66769087742471,-1.7348573,-0.20219639,0.93615097,65.28667,83.43739,-4.922307,WAL
2041512291000,253.994903,-0.118504940378057,-14.8821890636753,8.3689597427263,-1.144456,-0.05497787,0.90133166,65.196365,83.170845,-5.191537,WAL
2041517321000,253.999933,1.24735874675046,-16.2386660640651,10.3074537154438,-0.31703907,-0.11575896,0.6957755,65.10558,82.826355,-5.4207134,WAL
2041522307000,254.004919,2.7056336063743,-17.1812785454455,11.1738307468178,0.5925393,-0.21533,0.2510656,65.00223,82.41638,-5.3500233,WAL
2041527316000,254.009928,4.23690278854415,-17.8729723317422,11.3741837732697,1.2470814,-0.07360926,-0.23854288,64.96036,81.92791,-5.219497,WAL
2041532319000,254.014931,5.3676108206051,-18.3533259169468,10.6983262566739,1.5296066,0.32589662,-0.4746423,64.87346,81.22412,-4.738876,WAL
2041537317000,254.019929,6.23366499197152,-18.6940695333202,9.44420382321534,1.5943583,0.8323039,-0.5708536,64.885925,80.396286,-4.225775,WAL
2041542305000,254.024917,6.18094636566175,-18.1546757658204,8.33360601866717,1.5296066,1.2443326,-0.6133087,65.00609,79.595345,-3.4437656,WAL
2041547349000,254.029961,5.45054903704499,-16.9598894469853,7.31465681650177,1.3814718,1.4767667,-0.65484756,65.21842,78.75616,-2.7390523,WAL
2041552342000,254.034954,4.54381936367008,-15.3325900530015,6.42377166141532,1.1743884,1.5683966,-0.6536258,65.527306,78.14897,-2.0219831,WAL
2041557307000,254.039919,3.41137255298194,-13.1558788055637,5.68582470489995,0.93554014,1.565953,-0.6429357,65.86667,77.57012,-1.3715423,WAL
2041562285000,254.044897,2.26645240052536,-10.8483002670312,4.98651724388335,0.6597345,1.5161675,-0.63529986,66.24688,77.13999,-0.87473196,WAL
2041567322000,254.049934,1.09242955301812,-8.30889371978128,4.34520064700332,0.36835176,1.4709635,-0.6041457,66.612976,76.776726,-0.42095515,WAL
2041572304000,254.054916,0.170946640333631,-6.31850319571046,3.90810734890279,0.0888809,1.3197744,-0.571159,66.9329,76.517914,-0.12726873,WAL
2041577300000,254.059912,-0.532177928269288,-4.80298467774799,3.65156188076656,-0.03848451,1.1157454,-0.4886922,67.20718,76.29971,0.13654585,WAL
2041582332000,254.064944,-1.23216376045682,-3.82949127606978,3.39937772864302,-0.27183503,0.8594874,-0.34880406,67.42964,76.193344,0.23753758,WAL
2041587311000,254.069923,-1.91689339363917,-3.39751432054742,3.15581614294526,-0.4804455,0.63499445,-0.18600847,67.5912,76.11817,0.31797937,WAL
2041592308000,254.07492,-2.62185928166552,-3.2094896096828,2.85470746428361,-0.68203104,0.48075095,0.017104227,67.71592,76.079926,0.2651574,WAL
2041597336000,254.079948,-3.35480525464009,-3.34662138464107,2.47641285137975,-0.8857546,0.3894266,0.21288654,67.784035,76.10043,0.1796667,WAL
2041602299000,254.084911,-3.99412585268516,-4.00907201312226,2.32597176257588,-1.1151345,0.23945917,0.38515055,67.80393,76.20276,-0.042548656,WAL
2041607306000,254.089918,-4.50915096058653,-5.49144839869244,2.51854635106005,-1.3203852,-0.07574729,0.46975538,67.7442,76.34886,-0.27863187,WAL
2041612250000,254.094862,-4.97316886991658,-7.04004633206465,2.69363920145985,-1.4844025,-0.46486846,0.50854534,67.64167,76.60297,-0.64761305,WAL
2041617317000,254.099929,-5.30713071868613,-8.89707715751825,2.8251999729927,-1.5515977,-0.9202685,0.50732356,67.42875,76.87132,-1.0065432,WAL
2041622243000,254.104855,-5.66243790244937,-10.8437306337512,2.79403388422372,-1.5268577,-1.3680327,0.49693888,67.115654,77.1683,-1.4277768,WAL
2041627302000,254.109914,-6.09226571457088,-13.1423748527483,2.42494266008679,-1.4083499,-1.7171422,0.5222898,66.700325,77.43186,-1.8359069,WAL
2041632320000,254.114932,-6.43813598033088,-15.109639823989,2.17677393556985,-1.258077,-1.8423696,0.5739079,66.230736,77.702034,-2.2686388,WAL
2041637314000,254.119926,-6.55682334761029,-16.1910129517463,2.26029463810662,-1.0626001,-1.8765781,0.6273586,65.68926,77.89624,-2.686763,WAL
2041642266000,254.124878,-6.61459497341871,-17.2198926644015,2.34659564898066,-0.7495316,-1.7858646,0.6930266,65.19627,78.12003,-3.153458,WAL
2041647370000,254.129982,-5.93322133438752,-17.743697890399,2.47861173401289,-0.27580565,-1.4718798,0.77396625,64.756226,78.204056,-3.63209,WAL
2041652248000,254.13486,-5.28201823658303,-18.2443095464367,2.60478227922983,0.3323107,-1.024421,0.81092364,64.3899,78.16453,-4.1063886,WAL
2041657307000,254.139919,-3.72544249424976,-17.5762617630203,2.11806522168441,0.8530733,-0.7867944,0.66920286,64.06229,78.010864,-4.535704,WAL
2041662263000,254.144875,-1.95650547434656,-16.5930081548887,1.47022054791868,0.9596693,-0.6942484,0.37782016,63.829857,77.80983,-4.9271684,WAL
2041667317000,254.149929,-0.786320173207251,-14.5612307748163,0.59630699288584,0.71929383,-0.63132924,0.16615535,63.665672,77.61916,-5.1682343,WAL
2041672305000,254.154917,0.121784490490936,-12.1552224185203,-0.3492452188927,0.50640726,-0.46120325,0.08552113,63.568485,77.41786,-5.363621,WAL
2041677308000,254.15992,0.643411987024191,-10.0828316514136,-0.889177656144953,-0.015271631,-0.40866885,-0.10445796,63.496567,77.577736,-5.191061,WAL
2041682342000,254.164954,0.98532437751093,-8.15781772684349,-1.24045749263577,-0.52473325,-0.6722572,-0.27488935,63.38521,77.78856,-5.0020194,WAL
2041687307000,254.169919,0.952749980541359,-6.86612988695817,-1.51917015953057,-0.95447695,-1.0830641,-0.2687807,63.24649,78.16987,-4.764458,WAL
2041692299000,254.174911,0.699369742949082,-5.92952797440848,-1.7589764187015,-1.248914,-1.4150693,-0.20769419,63.06448,78.65013,-4.4954076,WAL
2041697383000,254.179995,0.26215249191887,-5.10783064230647,-2.10405198718275,-1.4584408,-1.681712,-0.13469578,62.773045,79.20387,-4.2197104,WAL
2041702314000,254.184926,-0.32456498056706,-4.4308491124562,-2.53029973345014,-1.6120734,-1.847562,-0.04428773,62.41868,79.8021,-3.9625447,WAL
2041707309000,254.189921,-0.818429830638298,-4.14425797489362,-3.03461161248227,-1.690875,-1.9303342,0.042760566,62.032677,80.413635,-3.7635903,WAL
2041712290000,254.194902,-1.25146991625532,-4.09463859529078,-3.58042262143735,-1.7266107,-1.9144517,0.13683382,61.634502,81.031654,-3.5971696,WAL
2041717316000,254.199928,-1.59895609595231,-4.13699512852212,-4.08128834898023,-1.7150042,-1.8551978,0.2171626,61.27286,81.648384,-3.5256393,WAL
2041722306000,254.204918,-1.85886510756197,-4.26694979090053,-4.5311308208974,-1.6963727,-1.7754798,0.30176744,60.934628,82.24096,-3.4906504,WAL
2041727325000,254.209937,-2.00116901147595,-4.3997275197012,-4.80659790494172,-1.6756034,-1.7140878,0.3866777,60.575966,82.85338,-3.5854845,WAL
2041732333000,254.214945,-2.06416119929404,-4.53358566187818,-4.96407816893778,-1.63437,-1.6471981,0.48288897,60.249294,83.40365,-3.7153692,WAL
2041737298000,254.21991,-2.1002186610951,-4.66870685302594,-5.11368344956772,-1.6187929,-1.5366315,0.5815437,59.962646,83.92567,-3.9195843,WAL
2041742303000,254.224915,-1.99927576628242,-4.81746497262248,-5.23056478962536,-1.6190983,-1.3836098,0.6942484,59.7156,84.33666,-4.161172,WAL
2041747315000,254.229927,-1.88774755203362,-4.95187488144432,-5.23851767907628,-1.5964963,-1.2284501,0.80848014,59.51536,84.6247,-4.4462337,WAL
2041752312000,254.234924,-1.75798800873102,-5.06000785677874,-5.0525290590564,-1.5647314,-1.1068878,0.9437868,59.35991,84.74186,-4.7726727,WAL
2041757301000,254.239913,-1.63565024811432,-5.2012841908957,-4.83322592171479,-1.534188,-1.0296134,1.0824533,59.25652,84.69603,-5.119309,WAL
2041762286000,254.244898,-1.55594229147515,-5.53887067238264,-4.41593123879395,-1.5253305,-1.0097603,1.2263119,59.18571,84.46429,-5.5055194,WAL
2041767293000,254.249905,-1.49404925140845,-6.00624263028169,-3.98924578485915,-1.5219707,-0.96791595,1.3035865,59.161716,95.8875,-5.8849416,WAL
2041772305000,254.254917,-1.58473778435246,-7.55206972028513,-3.49870343010134,-1.5164729,-0.895223,1.4364496,59.16974,96.38271,-6.3169866,WAL
2041777297000,254.259909,-1.67506443169014,-9.09172830633803,-3.01011854683099,-1.4902058,-0.83077675,1.5317446,59.21574,96.89691,-6.722617,WAL
2041782329000,254.264941,-1.55442608704359,-10.1593093769596,-2.71167959315262,-1.473407,-0.8005389,1.5940529,59.29092,97.46865,-7.1492534,WAL
2041787247000,254.269859,-1.37816908568828,-11.069176186103,-2.47349439165571,-1.4407257,-0.81489426,1.6481144,59.38945,98.07899,-7.5926337,WAL
2041792305000,254.274917,-1.13735986553672,-11.8345830363196,-2.33330125464084,-1.4165965,-0.8680395,1.7055358,59.51059,98.61717,-8.003945,WAL
2041797296000,254.279908,-0.884461227244193,-12.5461288385795,-2.2218544312259,-1.3808609,-0.9447031,1.7421877,59.631405,99.15345,-8.414882,WAL
2041802309000,254.284921,-0.674362381320536,-13.1098165158739,-2.15655938377808,-1.3414601,-1.01312,1.7363845,59.668278,99.6557,-8.802449,WAL
2041807304000,254.289916,-0.497770718152094,-13.5588639074992,-2.12628655432971,-1.31672,-1.0424415,1.690875,59.70318,100.14453,-9.179335,WAL
2041812292000,254.294904,-0.293934078665603,-13.6950534266241,-2.19757174077726,-1.3026701,-1.0027353,1.5940529,59.692158,100.5611,-9.48894,WAL
2041817319000,254.299931,-0.0751886704590101,-13.6810906716937,-2.31857985359629,-1.3170254,-0.8561276,1.4584408,59.70834,100.94863,-9.765287,WAL
2041822309000,254.304921,0.104989406601628,-13.4357028513299,-2.23825457356094,-1.3353515,-0.6062838,1.2608259,59.699078,101.295654,-9.987747,WAL
2041827298000,254.30991,0.261469833758932,-13.0421308609567,-2.02961395978563,-1.3481796,-0.34269542,1.0500773,59.73747,101.60152,-10.158942,WAL
2041832315000,254.314927,0.424028700296384,-12.42808589508,-1.93846796091681,-1.4236214,-0.16798794,0.82344633,59.794727,101.873314,-10.254952,WAL
2041837314000,254.319926,0.589569711138115,-11.6665977371073,-1.92900848192057,-1.4789047,-0.071776666,0.64873886,59.90309,102.10734,-10.300376,WAL
2041842305000,254.324917,0.584995189706872,-10.9834426929361,-1.79424079951946,-1.5118915,-0.038789943,0.49541172,59.997673,102.29653,-10.288338,WAL
2041847338000,254.32995,0.450655717768381,-10.3534363737626,-1.562621075358,-1.525636,-0.13958271,0.32589662,60.075752,102.45147,-10.22586,WAL
2041852311000,254.334923,0.215999582804213,-9.78148746407749,-1.40432971348505,-1.5570955,-0.3830125,0.14996742,60.09916,102.60584,-10.131109,WAL
2041857309000,254.339921,-0.126085317082942,-9.25935814472447,-1.31880845326312,-1.6084082,-0.6960809,-0.03726278,60.066982,102.73338,-9.995258,WAL
2041862285000,254.344897,-0.485680771648069,-8.7535569806867,-1.34283169835837,-1.6713274,-0.8579602,-0.19792034,59.99706,102.85081,-9.855444,WAL
2041867319000,254.349931,-0.883979364077253,-8.26732227253219,-1.56525817816524,-1.681712,-1.1527027,-0.26328292,59.796787,102.954666,-9.711854,WAL
2041872308000,254.35492,-1.23341416080262,-7.94502052885666,-1.91933497892123,-1.6643023,-1.3930782,-0.3594942,59.527355,103.09559,-9.608616,WAL
2041877314000,254.359926,-1.53819766071322,-7.78310449965233,-2.40984595206119,-1.6242907,-1.5448782,-0.4071417,59.201622,103.23282,-9.513026,WAL
2041882319000,254.364931,-1.79647665633175,-7.7020058809999,-2.71867554828989,-1.5793921,-1.5861117,-0.42180246,58.857994,103.43451,-9.482124,WAL
2041887313000,254.369925,-2.00500259970933,-7.70663968977812,-2.83452328385815,-1.5109752,-1.5201381,-0.39187005,58.50779,103.62016,-9.454146,WAL
2041892294000,254.374906,-2.17508935606493,-7.7740599119331,-2.76446567530743,-1.4401149,-1.4785993,-0.33169982,58.209694,103.882645,-9.483226,WAL
2041897333000,254.379945,-2.29377488363994,-7.93072467746188,-2.43214622784063,-1.3994923,-1.5063937,-0.2443461,57.920948,104.143425,-9.529674,WAL
2041902274000,254.384886,-2.33185643363863,-8.09595542584883,-2.20114252676473,-1.3900238,-1.5552629,-0.15515977,57.61433,104.46099,-9.652001,WAL
2041907331000,254.389943,-2.24224605678601,-8.28413720788232,-2.12049317824036,-1.4016303,-1.5494597,-0.067500606,57.329803,104.78146,-9.794319,WAL
2041912260000,254.394872,-2.13063898507187,-8.43709412813142,-2.02416523158111,-1.4358387,-1.4862351,0.01985312,57.009605,105.080376,-9.985724,WAL
2041917323000,254.399935,-1.92653401656057,-8.48189803942505,-1.85988564433265,-1.4462235,-1.3784174,0.11148291,56.720108,105.38253,-10.192645,WAL
2041922243000,254.404855,-1.72715453528092,-8.52485433193523,-1.65439988759266,-1.45783,-1.3048081,0.1966986,56.404343,105.68959,-10.405657,WAL
2041927298000,254.40991,-1.51938303971908,-8.56735291806477,-1.31441021240733,-1.4605788,-1.2843442,0.27000242,56.118702,106.00077,-10.630563,WAL
2041932371000,254.414983,-1.31556995593643,-8.57991598373834,-0.996444541772152,-1.461495,-1.3298537,0.33353242,55.796093,106.299324,-10.847329,WAL
2041937316000,254.419928,-1.13179400883304,-8.49677939914996,-0.760161174683544,-1.4575244,-1.4230106,0.3827071,55.477844,106.59784,-11.075414,WAL
2041942371000,254.424983,-0.944135051433536,-8.41278041268462,-0.542150456385752,-1.4025466,-1.5293012,0.4092797,55.08388,106.83392,-11.295324,WAL
2041947328000,254.42994,-0.76265997050391,-8.34266448748914,-0.620514683153779,-1.3206906,-1.6087136,0.42210788,54.681423,107.059654,-11.520766,WAL
2041952249000,254.434861,-0.582502844569939,-8.27305777619461,-0.698309793084275,-1.2257011,-1.6261233,0.44226643,54.22567,107.23375,-11.732375,WAL
2041957309000,254.439921,-0.469049197925263,-8.18441547333593,-0.859843664207863,-1.1133019,-1.5781704,0.46395215,53.77488,107.380226,-11.938948,WAL
2041962264000,254.444876,-0.381309948246399,-8.09205843947061,-1.04455787659595,-0.9978484,-1.5210545,0.48563787,53.33061,107.50157,-12.14153,WAL
2041967319000,254.449931,-0.361117074341512,-8.02640735649474,-1.25377519343015,-0.95142263,-1.3863586,0.49480084,52.901505,107.62878,-12.312943,WAL
2041972321000,254.454933,-0.370712097596395,-7.97363477868803,-1.46966331685528,-0.86254174,-1.2052372,0.5235115,52.510548,107.72462,-12.481032,WAL
2041977299000,254.459911,-0.418544856261789,-8.00337566938173,-1.57733843658188,-0.81092364,-0.98807454,0.5546656,52.17526,107.85099,-12.630419,WAL
2041982373000,254.464985,-0.483353655987425,-8.06818443043727,-1.64214729431266,-0.7870999,-0.7431176,0.5900958,51.906147,107.96559,-12.769858,WAL
2041987309000,254.469921,-0.642956639440068,-8.19739488331593,-1.39559260689001,-0.7910705,-0.54275376,0.6062838,51.69793,108.117645,-12.906086,WAL
2041992325000,254.474937,-0.866343373516181,-8.37063396578723,-0.948819148258518,-0.80909103,-0.4175264,0.6273586,51.543896,108.27063,-13.038414,WAL
2041997299000,254.479911,-1.00070809364032,-8.42886596655167,-0.687251865768712,-0.8491027,-0.36377025,0.63529986,51.424026,108.44483,-13.170862,WAL
2042002317000,254.484929,-1.04876212351882,-8.37360348847558,-0.605560045081746,-0.8872818,-0.37659842,0.6395759,51.324333,108.62073,-13.30072,WAL
2042007305000,254.489917,-1.09652886346183,-8.31867139588021,-0.524356617105145,-0.93492925,-0.44623706,0.64904433,51.15477,108.75842,-13.4712105,WAL
2042012296000,254.494908,-1.14432433239838,-8.26370626473676,-0.443104349857507,-0.9746355,-0.514654,0.6609562,50.986374,108.89867,-13.637702,WAL
2042017315000,254.499927,-1.14326740689799,-8.25613561078595,-0.480045445025084,-1.0219775,-0.5720753,0.6704246,50.783188,109.05893,-13.814872,WAL
2042022307000,254.504919,-1.0933014416806,-8.29610865426421,-0.634939890242475,-1.0485502,-0.60994893,0.68416905,50.572422,109.21995,-13.992228,WAL
2042027298000,254.50991,-1.03371935127989,-8.42653986114694,-0.835197534269273,-1.0726794,-0.63316184,0.6988298,50.317505,109.39512,-14.1948595,WAL
2042032327000,254.514939,-0.96682135195952,-8.6224555606707,-1.06934046952079,-1.0711522,-0.63621616,0.7122689,50.065323,109.565735,-14.393084,WAL
2042037313000,254.519925,-0.906876812863886,-8.88203143348425,-1.18947064156632,-1.074512,-0.6096435,0.7290677,49.81922,109.76237,-14.58978,WAL
2042042305000,254.524917,-0.851613439732203,-9.19058545795203,-1.22631286146807,-1.0659598,-0.5934556,0.73853606,49.576553,109.949554,-14.7806015,WAL
2042047314000,254.529926,-0.784951208790068,-9.53540281245548,-1.20391485519487,-1.0592403,-0.59559363,0.7452556,49.342594,110.159676,-14.959231,WAL
2042052315000,254.534927,-0.706972422908314,-9.91554904121298,-1.12106237674774,-1.044885,-0.634689,0.76052725,49.109207,110.36258,-15.137705,WAL
2042057308000,254.53992,-0.644139432473645,-10.2919245619352,-1.01539394082831,-1.0283916,-0.68875057,0.75900006,48.84939,110.54232,-15.295671,WAL
2042062294000,254.544906,-0.594699516114458,-10.6649711310241,-0.889546887831325,-1.0140363,-0.7309003,0.7538077,48.58755,110.714745,-15.452418,WAL
2042067299000,254.549911,-0.58657358330963,-11.0102476224096,-0.747444268215157,-1.0048733,-0.8038987,0.73456544,48.25884,110.84098,-15.588323,WAL
2042072305000,254.554917,-0.640144953626575,-11.3121957713328,-0.581860083081065,-0.99021256,-0.87689704,0.70402217,47.92247,110.95341,-15.716011,WAL
2042077314000,254.559926,-0.70953122300885,-11.4612348141593,-0.475958825663717,-0.97035944,-0.9462303,0.6563747,47.50219,111.01691,-15.82542,WAL
2042082322000,254.564934,-0.799314580530974,-11.4122619264806,-0.447391385976855,-0.9502009,-1.0219775,0.58032197,47.06248,111.059296,-15.91653,WAL
2042087273000,254.569885,-0.886176195350424,-11.3596399980505,-0.442914479588654,-0.9077458,-1.0934488,0.5177083,46.553017,111.063194,-16.000103,WAL
2042092303000,254.574915,-0.951913475689638,-11.2563384384443,-0.719950150511746,-0.8179486,-1.1386528,0.47678033,46.0351,111.03904,-16.064459,WAL
2042097524000,254.580136,-1.01032479988744,-11.1483787562142,-1.00929042463653,-0.6939429,-1.144456,0.4541783,45.493065,111.01294,-16.139254,WAL
2042102312000,254.584924,-0.950109760360191,-11.0408519801144,-1.29531185116312,-0.5006041,-1.0983357,0.45234573,44.962215,110.95049,-16.199879,WAL
2042107244000,254.589856,-0.888083742200544,-10.9300913160116,-1.58993542585592,-0.24251351,-1.0250319,0.46273044,44.469666,110.90781,-16.277155,WAL
2042112299000,254.594911,-0.824510846459056,-10.8165683725729,-1.89190666877404,0.03176499,-0.91721416,0.43890667,44.007404,110.81757,-16.33108,WAL
2042117258000,254.59987,-0.762145269805834,-10.7052013544696,-2.18814314624801,0.27855456,-0.786489,0.398895,43.581482,110.68552,-16.369345,WAL
2042122309000,254.604921,-0.59093645578623,-10.5043519071738,-2.44455437683197,0.42638394,-0.6291912,0.3173445,43.198307,110.51054,-16.373749,WAL
2042127291000,254.609903,-0.388787927166105,-10.2792317099663,-2.68345717989408,0.4156938,-0.44929138,0.23579398,42.864346,110.3155,-16.351488,WAL
2042132311000,254.614923,-0.226928599638682,-10.2476443034006,-3.03302247712008,0.29932398,-0.25534168,0.15607607,42.64463,110.17846,-16.306587,WAL
2042137286000,254.619898,-0.0851592866737513,-10.3033394548353,-3.42795124731137,0.12675454,-0.07422013,0.099571034,42.472034,110.04102,-16.233803,WAL
2042142303000,254.624915,-0.158614702678917,-10.6139359400387,-3.63249020599613,-0.06047566,0.07422013,0.06841691,42.364227,109.9363,-16.12655,WAL
2042147302000,254.629914,-0.283625372526112,-10.9843376669246,-3.78991113330754,-0.24312437,0.16371189,0.044593163,42.28776,109.849045,-15.999122,WAL
2042152312000,254.634924,-0.606900768946996,-11.2455485715295,-3.55062953082282,-0.4016439,0.18936823,0.0143553335,42.264526,109.804276,-15.846923,WAL
2042157317000,254.639929,-0.998873056367491,-11.4681505573953,-3.17317481562847,-0.5723807,0.16493362,-0.0290161,42.246902,109.7856,-15.683855,WAL
2042162299000,254.644911,-1.31044930406293,-11.4401508252661,-2.71700003598334,-0.6826419,0.0711658,-0.045814894,42.211212,109.80191,-15.535306,WAL
2042167319000,254.649931,-1.59965910026839,-11.3333658312818,-2.23201730169366,-0.7104363,-0.058948494,-0.09040806,42.14906,109.81909,-15.373237,WAL
2042172306000,254.654918,-1.74818273040481,-11.237326454053,-1.82494244300207,-0.72326446,-0.16584991,-0.12736541,41.99983,109.85557,-15.27022,WAL
2042177313000,254.659925,-1.80485691063725,-11.1475920189107,-1.46600608326603,-0.659429,-0.22082779,-0.122783914,41.826206,109.88158,-15.172976,WAL
2042182315000,254.664927,-1.74213349470594,-11.2342110544333,-1.15698865658274,-0.537256,-0.23976462,-0.113926366,41.547398,109.893166,-15.135647,WAL
2042187310000,254.669922,-1.58980418726241,-11.4531843189372,-0.885652094785551,-0.38362336,-0.22602014,-0.07941248,41.267914,109.89091,-15.107009,WAL
2042192303000,254.674915,-1.35747145389782,-11.8355217727005,-0.640246785032359,-0.25473082,-0.2171626,-0.05131268,40.910946,109.85805,-15.107669,WAL
2042197346000,254.679958,-1.05911517656403,-12.3517255867817,-0.412927709994117,-0.12583824,-0.18967366,-0.028405234,40.573345,109.80172,-15.110468,WAL
2042202309000,254.684921,-0.743907246522384,-12.8982579689499,-0.239503610397627,-0.017715093,-0.113926366,-0.03390302,40.21251,109.668564,-15.067753,WAL
2042207307000,254.689919,-0.406736894741867,-13.483869399481,-0.11084650174993,0.11209377,-0.015577064,-0.054367006,39.874775,109.511986,-15.021422,WAL
2042212289000,254.694901,-0.0448868031723991,-14.020786416364,0.00426567867976928,0.2510656,0.073303826,-0.10354166,39.513573,109.23687,-14.88679,WAL
2042217322000,254.699934,0.366991579597308,-14.4790012302927,0.0969383152061525,0.39492437,0.14813483,-0.16432275,39.18286,108.938034,-14.738835,WAL
2042222311000,254.704923,0.717237306741014,-14.8619567620233,0.106241238707159,0.52198434,0.2510656,-0.226631,38.82074,108.53291,-14.502151,WAL
2042227305000,254.709917,1.00773027585383,-15.1714987357363,0.0300463605275316,0.6414085,0.3539964,-0.30085114,38.485767,108.10057,-14.2456,WAL
2042232316000,254.714928,1.1991398862517,-15.3974702278456,0.0464596757552841,0.7669413,0.44623706,-0.38545597,38.133106,107.57401,-13.904686,WAL
2042237312000,254.719924,1.28264031960442,-15.5319984508435,0.162432446196626,0.8713993,0.48716503,-0.4718934,37.80174,107.03055,-13.548315,WAL
2042242307000,254.724919,1.23855860405432,-15.5668422447353,0.324431528996261,0.96669424,0.4373795,-0.5644395,37.435707,106.43448,-13.140705,WAL
2042247321000,254.729933,1.01647126494784,-15.46288685741,0.551244096833301,1.087951,0.32650748,-0.6579019,37.06918,105.81578,-12.720099,WAL
2042252280000,254.734892,0.774545231133389,-15.1560293433584,0.676003626137566,1.2452488,0.22174409,-0.74067414,36.687077,105.14674,-12.267357,WAL
2042257307000,254.739919,0.493009526352919,-14.5125187477026,0.640253056155203,1.4315627,0.17837265,-0.82650065,36.29728,104.45178,-11.800731,WAL
2042262274000,254.744886,0.227440207966542,-13.8796408235661,0.559275968575436,1.6627752,0.08246681,-0.8756753,35.89232,103.73458,-11.355738,WAL
2042267321000,254.749933,0.00143890948669995,-13.2468370137157,0.318207917213217,1.7803668,-0.007941248,-0.97127575,35.483364,102.99849,-10.884017,WAL
2042272243000,254.754855,-0.252396840671562,-12.6847129340999,0.113833429934293,2.0305161,-0.08552113,-1.0506883,35.09741,102.28113,-10.469678,WAL
2042277320000,254.759932,-0.595363859758431,-12.2383863042806,-0.0224137446526234,2.3176227,-0.094989546,-1.1319333,34.711956,101.5438,-10.034133,WAL
2042282295000,254.764907,-0.959557240629177,-11.8751480515061,-0.13372183953737,2.6117544,-0.052839845,-1.2043208,34.34275,100.853485,-9.639315,WAL
2042287311000,254.769923,-1.41884225019019,-11.7516844224324,-0.173230226624859,2.9184086,0.004581489,-1.2797627,33.98164,100.1371,-9.223832,WAL
2042292254000,254.774866,-1.8878441454727,-11.702108597085,-0.241353312030548,3.18047,0.061086524,-1.349096,33.655624,99.494865,-8.864404,WAL
2042297326000,254.779938,-2.41154837372467,-11.8378834598183,-0.386826702578616,3.3899968,0.13927728,-1.4327844,33.358932,98.85704,-8.480416,WAL
2042302267000,254.784879,-2.91190817792938,-11.9956950796534,-0.567468407891583,3.5366044,0.23823744,-1.4840971,33.137463,98.324974,-8.152973,WAL
2042307305000,254.789917,-3.39674519609109,-12.2225458110998,-0.852143345173781,3.6004398,0.3417791,-1.5149459,32.946606,97.8524,-7.8109446,WAL
2042312289000,254.794901,-3.89418916073725,-12.4423250154308,-1.14610118943421,3.5796704,0.4746423,-1.5213599,32.848396,82.46207,-7.537849,WAL
2042317322000,254.799934,-4.53465297256751,-12.6282655653665,-1.53864353093656,3.481932,0.6105598,-1.4987578,32.78601,82.681435,-7.2697735,WAL
2042322297000,254.804909,-5.1510726285495,-12.80492895165,-1.92563641571374,3.3502905,0.7113526,-1.4648548,32.797344,82.73948,-7.0907,WAL
2042327308000,254.80992,-5.72193628587874,-12.9614563626247,-2.31235058214697,3.2012393,0.7733554,-1.4251486,32.83772,82.72856,-6.924518,WAL
2042332327000,254.814939,-6.27625832799424,-13.1032939308111,-2.63867868337617,3.0289752,0.7965683,-1.3994923,32.953903,82.60439,-6.8608503,WAL
2042337272000,254.819884,-6.73877947511052,-13.1714548103218,-2.66789048161818,2.860682,0.8142834,-1.3524556,33.083664,82.45233,-6.815879,WAL
2042342270000,254.824882,-7.17937239178001,-13.2286276424104,-2.59833608659784,2.6972754,0.7690793,-1.3014483,33.25979,82.23557,-6.8725066,WAL
2042347284000,254.829896,-7.52259749139283,-13.2429289661471,-2.16453802727092,2.5488353,0.6392705,-1.248914,33.41165,82.026115,-6.9372544,WAL
2042352267000,254.834879,-7.7496811670004,-13.326880660793,-1.8262782669203,2.418721,0.38881573,-1.2363913,33.595886,81.76853,-7.058364,WAL
2042357272000,254.839884,-7.51933140378454,-13.6916007433921,-1.85987089687625,2.3530529,0.2406809,-1.2675453,33.766376,81.52792,-7.1737723,WAL
2042362271000,254.844883,-7.21344663235557,-13.9021525669683,-2.02347343534851,2.312125,0.047647487,-1.4385877,33.93617,81.25254,-7.2778034,WAL
2042367269000,254.849881,-6.60900783444367,-13.5071256951377,-2.69930247850254,2.1798725,0.03359759,-1.6383406,34.109707,81.02264,-7.357733,WAL
2042372287000,254.854899,-5.97730229648882,-13.0577543988819,-3.27389836294625,1.9425515,0.3115413,-1.7110336,34.276073,80.87387,-7.380283,WAL
2042377283000,254.859895,-5.24525707553943,-12.3914053039427,-3.41467629382111,1.6475036,0.63285637,-1.7333301,34.44809,80.79605,-7.356593,WAL
2042382279000,254.864891,-4.50206537606727,-11.7506053195343,-3.50752707335058,1.4395039,0.88300574,-1.7287487,34.62326,80.85758,-7.2570353,WAL
2042387306000,254.869918,-3.69242262898796,-11.2475731543437,-3.33505885240322,1.4110987,1.0943651,-1.6423112,34.87195,80.923775,-7.182511,WAL
2042392294000,254.874906,-2.90163988977857,-10.8294251704231,-3.10441719263543,1.5131133,1.3161092,-1.5280794,35.191574,81.047714,-7.0292573,WAL
2042397311000,254.879923,-2.17970241763543,-10.8816702127323,-2.52496733117833,1.7015651,1.4309518,-1.4404203,35.53301,81.1422,-6.9014792,WAL
2042402326000,254.884938,-1.46637694857086,-10.9413136537737,-1.945503146385,1.9000963,1.4581354,-1.428203,35.92088,81.245514,-6.6708326,WAL
2042407329000,254.889941,-0.810623551960726,-11.0506061065159,-1.36577914448081,2.0402899,1.4721853,-1.4553864,36.330086,81.304924,-6.4647183,WAL
2042412325000,254.894937,-0.186009313568329,-11.1278342421641,-0.862772479019192,2.132836,1.4220943,-1.5027285,36.689613,81.34594,-6.1447086,WAL
2042417321000,254.899933,0.201592272223937,-10.9547979339377,-0.955058582346417,2.1496348,1.4367551,-1.5216653,37.065117,81.35165,-5.8375573,WAL
2042422343000,254.904955,0.59121099997589,-10.7808611165011,-1.04782495762851,2.1502457,1.5106697,-1.4727961,37.399326,81.3167,-5.4364853,WAL
2042427295000,254.909907,0.975398960913299,-10.609348746938,-1.13929829303211,2.134974,1.7259997,-1.4504995,37.772884,81.25328,-5.0404863,WAL
2042432717000,254.915329,1.37688738541386,-10.4063294979799,-1.23931898217135,2.1484132,1.9187278,-1.4227052,38.172165,81.12878,-4.6747413,WAL
2042437328000,254.91994,1.33114132625091,-9.92599590065265,-1.3216618026831,2.1474967,1.9703459,-1.3521502,38.582478,80.97477,-4.3425837,WAL
2042442528000,254.92514,1.26965312522472,-9.38475967134831,-1.42667510702247,2.1468859,2.0100522,-1.2513574,39.03469,80.82346,-3.906516,WAL
2042447413000,254.930025,1.09292659133282,-8.88176886110035,-1.67137352958156,2.068695,2.112983,-1.1371256,39.509403,80.65184,-3.511399,WAL
2042452683000,254.935295,0.898530487557289,-8.34501343459776,-1.93387344189176,1.9853121,2.2171354,-1.0201449,40.01489,80.43422,-3.1668653,WAL
2042457341000,254.939953,0.646233221989274,-7.99701682092638,-2.13397131079473,1.8964312,2.261423,-0.97097033,40.52369,80.21911,-2.8475165,WAL
2042462305000,254.944917,0.377361683500731,-7.62615911584593,-2.34721429517309,1.8655825,2.3273966,-0.8894198,41.10192,79.98637,-2.617853,WAL
2042467338000,254.94995,0.141153806666667,-7.34568820289855,-2.44985822898551,1.7901406,2.3331997,-0.82986045,41.66766,79.785065,-2.4030766,WAL
2042472247000,254.954859,-0.0859599419907407,-7.08072216115137,-2.53975730526369,1.7421877,2.3185391,-0.7809912,42.23631,79.57921,-2.2180378,WAL
2042477366000,254.959978,-0.230029060533002,-6.88182892459643,-2.60762295868755,1.6841555,2.2974641,-0.7519751,42.84423,79.39281,-2.10555,WAL
2042482305000,254.964917,-0.361053564288853,-6.69658755203935,-2.6708762679339,1.6270396,2.266921,-0.7199047,43.436897,79.22169,-2.0126028,WAL
2042487331000,254.969943,-0.498496971267952,-6.47170920787854,-2.64852749753796,1.5586227,2.2409592,-0.6814202,44.052643,79.063156,-1.9818381,WAL
2042492240000,254.974852,-0.633535080804268,-6.24503824795856,-2.60994516470045,1.4990633,2.2266037,-0.64904433,44.65639,78.924355,-1.9627091,WAL
2042497385000,254.979997,-0.792732941780095,-5.99892083637417,-2.49251590415098,1.4431691,2.196977,-0.61666846,45.26885,78.801636,-1.9833773,WAL
2042502246000,254.984858,-0.9455273249638,-5.76523526498697,-2.3711792156965,1.368949,2.1691825,-0.58276546,45.871265,78.70728,-2.017339,WAL
2042507348000,254.98996,-1.10847300036665,-5.59825218157182,-2.23975305987566,1.303281,2.1169536,-0.5693264,46.482433,78.60604,-2.0863514,WAL
2042512326000,254.994938,-1.26806809301769,-5.45385645528455,-2.11055693802009,1.1979067,2.0775528,-0.5516113,47.082985,78.543274,-2.1687646,WAL
2042517266000,254.999878,-1.45419026042463,-5.32488559426752,-1.97562811002123,1.1081096,2.0607538,-0.54641896,47.692913,78.464424,-2.2932081,WAL
2042522308000,255.00492,-1.71048678874735,-5.22749310191083,-1.82185021443737,1.0329732,2.0314324,-0.5662721,48.284462,78.41963,-2.4150095,WAL
2042527288000,255.0099,-1.99730080319004,-5.06285228646733,-1.5831393538126,0.929126,2.046704,-0.59315014,48.901783,78.37345,-2.5901506,WAL
2042532329000,255.014941,-2.33514548029628,-4.79959644996819,-1.21896916177861,0.8231409,2.082745,-0.6041457,49.5122,78.3574,-2.7637892,WAL
2042537333000,255.019945,-2.5997293136401,-4.59079691200698,-0.902658289397083,0.72234815,2.1010711,-0.6270532,50.173195,78.33138,-2.9624252,WAL
2042542335000,255.024947,-2.61941014913722,-4.56373578888661,-0.742751390523829,0.5839872,2.087021,-0.6603453,50.83065,78.354904,-3.1537035,WAL
2042547270000,255.029882,-2.63882736688578,-4.53703713982642,-0.584986387337202,0.45020768,2.0693061,-0.6826419,51.542873,78.33399,-3.3758752,WAL
2042552338000,255.03495,-2.65876788553821,-4.50961895270645,-0.422969561369659,0.31306845,2.0497584,-0.7058548,52.247227,78.35977,-3.5866728,WAL
2042557242000,255.039854,-2.69952123156308,-4.43924245341893,-0.0764188341737185,0.20158553,1.9862283,-0.71868294,52.929935,78.41988,-3.78959,WAL
2042562341000,255.044953,-2.78976643928606,-4.26825147348507,0.70728924275265,0.14385876,1.9016235,-0.7296785,53.597828,78.50721,-3.9829237,WAL
2042567274000,255.049886,-2.86656339189735,-4.10999983996767,1.30723315892099,0.031154128,1.8069394,-0.7305948,54.292183,78.570274,-4.1444077,WAL
2042572345000,255.054957,-2.91562780167711,-3.96771315407153,1.4740522546373,-0.108123146,1.7186694,-0.7125743,54.95911,78.65701,-4.3029,WAL
2042577316000,255.059928,-2.93053291975672,-3.83351483048852,1.60750748475574,-0.21594086,1.6163495,-0.68875057,55.575794,78.6502,-4.4412975,WAL
2042582351000,255.064963,-2.86431061815774,-3.7105307324897,1.66899953375515,-0.31215215,1.5360206,-0.65668017,56.167824,78.673904,-4.5834403,WAL
2042587315000,255.069927,-2.79264254190448,-3.57536327155302,1.69734634706118,-0.42363504,1.4340062,-0.61941737,56.715614,78.69736,-4.7319636,WAL
2042592346000,255.074958,-2.70097980744968,-3.3968617593872,1.62980526021828,-0.5177083,1.3390167,-0.5842926,57.236935,78.735634,-4.884842,WAL
2042597320000,255.079932,-2.61067717117606,-3.23429283973536,1.54756733176656,-0.61727935,1.2363913,-0.5467244,57.7246,78.781746,-5.025731,WAL
2042602354000,255.084966,-2.52022747007998,-3.11051966920115,1.41903370820579,-0.7119634,1.135293,-0.51007247,58.180256,78.84308,-5.1709695,WAL
2042607338000,255.08995,-2.43187256880283,-3.01779345146452,1.29961057735404,-0.8060367,1.0555751,-0.46700647,58.60975,78.92585,-5.308281,WAL
2042612334000,255.094946,-2.34722317131905,-3.02249624214665,1.20555564761156,-0.9007208,0.98349303,-0.42577308,59.007767,79.02323,-5.4500513,WAL
2042617349000,255.099961,-2.26864071510401,-3.04851668760929,1.13683366412421,-0.9841039,0.9260717,-0.38453966,59.389084,79.146706,-5.5852947,WAL
2042622341000,255.104953,-2.21579364027736,-3.15901516695809,1.17046367099789,-1.0708468,0.86437434,-0.3463606,59.744198,79.282486,-5.7265925,WAL
2042627328000,255.10994,-2.17022758849433,-3.27434450564977,1.21378516145414,-1.1621711,0.7874053,-0.30604348,60.0821,79.442505,-5.857348,WAL
2042632376000,255.114988,-2.15210946373091,-3.41023053596927,1.29531677018645,-1.2779301,0.70005155,-0.27488935,60.39593,79.616394,-5.991563,WAL
2042637345000,255.119957,-2.13780275369943,-3.54761505523542,1.38035717606666,-1.378112,0.58001655,-0.2321288,60.67703,79.79165,-6.115935,WAL
2042642339000,255.124951,-2.16661102949503,-3.73006766914968,1.52439865531573,-1.4761559,0.45875978,-0.20525073,60.930244,79.980415,-6.239164,WAL
2042647317000,255.129929,-2.19203046949587,-3.91645757960695,1.66913479658217,-1.5745052,0.34483343,-0.18142697,61.149517,80.16779,-6.3522005,WAL
2042652345000,255.134957,-2.1783158154372,-4.15874989678154,1.82913918940473,-1.6609426,0.28313604,-0.15851954,61.346375,80.357285,-6.467928,WAL
2042657676000,255.140288,-2.16538445146691,-4.41723320987284,2.00654574154401,-1.7528778,0.13164146,-0.13561209,61.482773,80.53512,-6.5735297,WAL
2042662336000,255.144948,-2.18772744135376,-4.67641217252428,2.32381643124061,-1.8411479,0.09162979,-0.119729586,61.631145,80.713135,-6.6833944,WAL
2042667670000,255.150282,-2.20874613318434,-4.99821660528617,2.6961972944709,-1.883603,0.028099801,-0.062308256,61.720142,80.86049,-6.7876306,WAL
2042672347000,255.154959,-2.13475500242931,-5.79035660946458,3.20978256840929,-1.9477439,-0.019547688,0.04337143,61.798916,81.00054,-6.907323,WAL
2042677331000,255.159943,-2.05590706664075,-6.63449297483238,3.75707976860363,-1.9679024,0.004276057,0.15607607,61.859158,81.08349,-7.024332,WAL
2042682379000,255.164991,-1.81310015380909,-8.10840652022483,4.59126710133494,-1.9532416,0.038789943,0.29443705,61.903378,81.13008,-7.174729,WAL
2042687244000,255.169856,-1.56525001138211,-9.58147851761518,5.41899321084011,-1.8750509,0.1414153,0.42363504,61.969448,81.13317,-7.3535347,WAL
2042692349000,255.174961,-0.861986753444943,-11.8960724036864,6.9460794922166,-1.6994271,0.267559,0.5326745,62.024204,81.068085,-7.496373,WAL
2042697313000,255.179925,-0.13557250895521,-14.2205977880814,8.49424968837742,-1.3994923,0.36560285,0.5870415,62.095337,80.95425,-7.6573267,WAL
2042702351000,255.184963,1.04659013385993,-15.6178236380315,10.0985184975248,-0.8677341,0.3652974,0.552833,62.1371,80.78333,-7.689159,WAL
2042707246000,255.189858,2.28430552182003,-16.7827324309843,11.6638643762376,-0.11789699,0.22357668,0.35521814,62.165283,80.55829,-7.687932,WAL
2042712360000,255.194972,3.58400480709453,-17.5356368047555,11.8019379970037,0.5919284,0.08277224,-0.03970624,62.121956,80.30853,-7.3531904,WAL
2042717278000,255.19989,4.83590438142277,-18.1183385194278,11.4787206767833,1.0213667,0.19792034,-0.3191771,62.12029,79.93693,-7.0294447,WAL
2042722346000,255.204958,5.68557677779616,-18.5115290693079,10.5198145432688,1.1780536,0.50335294,-0.5348125,62.051895,79.43965,-6.3931155,WAL
2042727389000,255.210001,6.33904894360946,-18.8124090879003,9.29279074097148,1.1585059,0.83260936,-0.67347896,62.046814,78.827194,-5.774987,WAL
2042732508000,255.21512,6.0404627569843,-18.1200120036996,7.98547122621738,1.039998,1.1068878,-0.7333437,62.130802,78.30551,-5.001958,WAL
2042737433000,255.220045,5.29060193531647,-16.9739978426157,6.69797438740126,0.8689558,1.2644911,-0.763887,62.281437,77.75091,-4.288193,WAL
2042742326000,255.224938,4.29449887558333,-15.2250433541931,5.70454570364151,0.6957755,1.3225232,-0.77396625,62.52876,77.38577,-3.5692735,WAL
2042747441000,255.230053,3.11804677824856,-13.06821469218,4.8198152445475,0.49449542,1.3179418,-0.7877107,62.797737,77.03885,-2.9060874,WAL
2042752343000,255.234955,1.96177577949354,-10.8196522210922,4.19602331393268,0.30024028,1.3090842,-0.7861836,63.137302,76.82239,-2.387789,WAL
2042757396000,255.240008,0.751124379953219,-8.38358514492017,3.69896726313434,0.20677789,1.2660183,-0.7651087,63.454735,76.61552,-1.8993112,WAL
2042762509000,255.245121,-0.285130440130813,-6.44959027572816,3.38709285369443,0.0070249503,1.2049317,-0.7162395,63.79204,76.516846,-1.5726845,WAL
2042767386000,255.249998,-1.17772503090036,-4.87442344466019,3.1866171023812,-0.204029,1.1071932,-0.6081163,64.08925,76.43928,-1.2779555,WAL
2042772339000,255.254951,-1.96428301512922,-3.9871160060835,3.00613490159046,-0.40591997,1.0002918,-0.44715336,64.356064,76.398895,-1.158257,WAL
2042777342000,255.259954,-2.70250157529821,-3.42511727942346,2.83467771520875,-0.5867361,0.9129381,-0.23976462,64.5827,76.4088,-1.0813121,WAL
2042782354000,255.264966,-3.26882775811221,-3.32457624204445,2.78040309506511,-0.75625116,0.8350528,-0.016798794,64.79126,76.43796,-1.1488259,WAL
2042787352000,255.269964,-3.74686729903065,-3.45580278652698,2.78508970493489,-0.9083566,0.6591236,0.19517145,64.93366,76.50621,-1.2595594,WAL
2042792345000,255.274957,-4.08813359032414,-3.91499118858249,2.85323971393324,-1.0592403,0.3484986,0.37659842,65.02424,76.61203,-1.5042709,WAL
2042797411000,255.280023,-4.35101717805515,-4.58158894850508,2.96120977640058,-1.1795808,-0.07452556,0.5314528,65.02093,76.73676,-1.783741,WAL
2042802347000,255.284959,-4.65114691094262,-5.78768426229508,3.11357885319672,-1.2547172,-0.5983425,0.62858033,64.903,76.87364,-2.135726,WAL
2042807351000,255.289963,-4.98994201315574,-7.44728957377049,3.30507188418033,-1.2657127,-1.1798862,0.70738196,64.64062,77.00226,-2.497657,WAL
2042812348000,255.29496,-5.46728783802928,-9.63142668866245,3.13429713735655,-1.205848,-1.7018706,0.7834347,64.24744,77.110535,-2.8907192,WAL
2042817350000,255.299962,-6.03598435904234,-12.162125445093,2.72673132698852,-1.0790935,-2.0234911,0.88300574,63.74092,77.17407,-3.2901816,WAL
2042822339000,255.304951,-6.57033990766185,-14.1251164880222,1.94541511963968,-0.8894198,-2.0720549,0.981355,63.177288,77.199486,-3.7241507,WAL
2042827372000,255.309984,-7.08564447457929,-15.6996583033063,0.886177871273015,-0.6450737,-1.7852536,1.0842859,62.613625,77.14303,-4.1835303,WAL
2042832343000,255.314955,-7.31506992400513,-16.814487097561,0.50530871283697,-0.2565634,-1.2156218,1.0894781,62.196842,77.11502,-4.69333,WAL
2042837349000,255.319961,-7.32927199593167,-17.5956015478424,0.637861483015701,0.38423425,-0.4908302,1.0488557,61.904892,76.924995,-5.228254,WAL
2042842329000,255.324941,-6.32264423520468,-18.1606440760234,1.34137459383041,1.241889,-0.04062254,0.89552844,61.799084,76.74895,-5.776779,WAL
2042847444000,255.330056,-4.37946251532164,-18.5521459766082,2.57317033959064,1.8209893,-0.1695151,0.52381694,61.749546,76.49582,-6.2370534,WAL
2042852344000,255.334956,-2.49836336957481,-17.7974493776574,2.5535289134637,1.8164078,-0.3555236,0.29046643,61.811577,76.18947,-6.6740766,WAL
2042857330000,255.339942,-0.563848419574809,-15.8533568776574,1.2846020284637,1.6264287,-0.5900958,-0.116980694,61.85365,75.86626,-6.9290385,WAL
2042862333000,255.344945,0.751081017440401,-13.4987329570505,-0.0938473503947496,1.0164797,-0.49205196,-0.3643811,61.88916,75.68632,-6.844327,WAL
2042867348000,255.34996,1.40931203751568,-10.7128397117074,-1.58645565325644,0.28710666,-0.35124752,-0.5494733,61.88674,75.632744,-6.659057,WAL
2042872345000,255.354957,1.76656237865237,-8.27782369526508,-2.43546218767705,-0.38423425,-0.50946164,-0.67164636,61.849934,75.90526,-6.2206454,WAL
2042877331000,255.359943,1.70858993872926,-6.32125454148118,-2.39681397847025,-0.93737274,-0.82863873,-0.6569856,61.803894,76.31807,-5.789429,WAL
2042882284000,255.364896,1.28029225647279,-4.59537629359908,-2.35339572400345,-1.314582,-1.1395692,-0.5635232,61.72281,76.93424,-5.3699703,WAL
2042887353000,255.369965,0.345306478039479,-3.12079661632809,-2.30222723876964,-1.5925257,-1.4501941,-0.5112942,61.554058,77.65811,-4.9358306,WAL
2042892285000,255.374897,-0.427599390171236,-2.09337619366018,-2.44329797401896,-1.7733418,-1.7037032,-0.46731192,61.292458,78.37092,-4.549292,WAL
2042897355000,255.379967,-0.95713989909999,-1.82613143451228,-2.95799154786464,-1.8863518,-1.8551978,-0.38881573,60.972664,79.119225,-4.185571,WAL
2042902283000,255.384895,-1.43739884405627,-1.74820618074837,-3.42603415325917,-1.9639318,-2.0091357,-0.26939157,60.614193,79.804214,-3.953881,WAL
2042907332000,255.389944,-1.87305420195826,-1.96603388290889,-3.85279882421624,-2.0167716,-2.1649065,-0.1386664,60.220417,80.489395,-3.7515588,WAL
2042912258000,255.39487,-2.26873210468019,-2.21094761658866,-4.24948304888196,-2.0738876,-2.3301454,-0.0036651916,59.736347,81.21924,-3.69687,WAL
2042917347000,255.399959,-2.55765281535101,-2.59617528374415,-4.57895385366615,-2.0894647,-2.4349089,0.11759156,59.22433,81.92363,-3.6805568,WAL
2042922268000,255.40488,-2.777767703129,-2.96039242220801,-4.83899280123979,-2.0479257,-2.4627032,0.23609942,58.70957,82.6252,-3.7747562,WAL
2042927340000,255.409952,-2.84945952231624,-3.31407182065335,-4.95369955223851,-1.9877555,-2.3866506,0.3594942,58.19502,83.26163,-3.9144957,WAL
2042932372000,255.414984,-2.9174238369999,-3.70779410679423,-4.97088190539241,-1.9346102,-2.237294,0.49877146,57.713577,83.821625,-4.138449,WAL
2042937337000,255.419949,-2.97580767486954,-4.21378806264197,-4.72275017531976,-1.8664987,-2.0635028,0.6426302,57.2652,84.23488,-4.4093294,WAL
2042942440000,255.425052,-3.08248210697583,-4.86188818575359,-4.39751744157988,-1.779145,-1.9361374,0.80939645,56.8667,84.47172,-4.7397747,WAL
2042947315000,255.429927,-3.27972504763215,-5.74260066610336,-3.94340022306937,-1.6548339,-1.9052887,0.9877691,56.498573,84.4976,-5.1213646,WAL
2042952302000,255.434914,-3.46676068331366,-6.74385275480126,-3.59347346631248,-1.611768,-1.8869628,1.0818423,56.18141,84.33858,-5.525119,WAL
2042957329000,255.439941,-3.61359468439591,-8.03693934906533,-3.56505390245966,-1.5372424,-1.8594738,1.2663237,55.886814,83.9716,-6.0067325,WAL
2042962319000,255.444931,-3.68981091014128,-9.30696494774531,-3.58652979938069,-1.5070046,-1.7763962,1.434617,55.62779,96.51161,-6.510676,WAL
2042967349000,255.449961,-3.53598334695181,-10.542247086317,-3.77298752843042,-1.5042557,-1.604743,1.6022996,55.417076,97.09667,-7.0611486,WAL
2042972328000,255.45494,-3.33647793417944,-11.723740423704,-3.91630534074002,-1.4957036,-1.3729197,1.7394388,55.313305,97.714775,-7.612492,WAL
2042977370000,255.459982,-2.89806901977936,-12.7136957510495,-3.85502242237626,-1.4819591,-1.0885619,1.9000963,55.29038,98.396576,-8.204124,WAL
2042982354000,255.464966,-2.45280482793971,-13.6486969803354,-3.75924951797764,-1.4407257,-0.7693848,2.0476203,55.47131,99.00506,-8.712623,WAL
2042987358000,255.46997,-1.92182263568577,-14.2801355465163,-3.41482861356558,-1.4077389,-0.552833,2.1077905,55.71549,99.630554,-9.226536,WAL
2042992295000,255.474907,-1.3996389978019,-14.8309080792021,-3.07935034396206,-1.4214834,-0.42943826,2.085494,56.023544,100.18181,-9.661005,WAL
2042997351000,255.479963,-0.878837518548939,-14.7977659917864,-2.77160392902122,-1.4569136,-0.31612277,2.0042489,56.39537,100.730034,-10.083494,WAL
2043002357000,255.484969,-0.373864149958071,-14.7231640399276,-2.46852546538975,-1.498147,-0.19792034,1.8600847,56.74496,101.1676,-10.39896,WAL
2043007346000,255.489958,-0.000522009643605853,-14.1403861802935,-2.18624238763103,-1.5656476,-0.0852157,1.6575829,57.123924,101.576096,-10.669031,WAL
2043012684000,255.495296,0.401892476261201,-13.507310369863,-1.9024811073128,-1.6526959,-0.013439035,1.4144585,57.46133,101.88262,-10.825366,WAL
2043017355000,255.499967,0.816558656242661,-12.7516961369863,-2.04070320900196,-1.717753,0.06261369,1.1933253,57.826965,102.15619,-10.930483,WAL
2043022597000,255.505209,1.25026165705077,-11.9189440113024,-2.14305686138631,-1.707063,0.15332718,0.9950995,58.122547,102.37903,-10.97264,WAL
2043027377000,255.509989,1.31089362508609,-11.3207087565563,-1.67821175904636,-1.5940529,0.11484267,0.77488256,58.39553,102.544014,-10.9507265,WAL
2043032292000,255.514904,1.37323800226049,-10.7055777362472,-1.20023818624283,-1.4737124,-0.18295415,0.54275376,58.567635,102.69353,-10.876696,WAL
2043037337000,255.519949,1.22281215516179,-9.99963511186441,-0.79198570775963,-1.4337007,-0.69913524,0.32803464,58.658405,102.80043,-10.758581,WAL
2043042243000,255.524855,1.01045593256292,-9.29017207683616,-0.42036230057319,-1.4712689,-0.9990701,0.12186762,58.71748,102.85964,-10.58607,WAL
2043047356000,255.529968,0.610091942163334,-8.63727751078711,-0.806750897097823,-1.5161675,-1.5806139,-0.05467244,58.478104,102.85544,-10.409169,WAL
2043052250000,255.534862,0.185312296950054,-8.0324284798739,-1.35619410114077,-1.5372424,-2.0201313,-0.124005646,58.191628,102.83857,-10.216416,WAL
2043057343000,255.539955,-0.275840943320182,-7.65242220544486,-2.08157148638785,-1.6013832,-2.2696698,-0.2501493,57.79079,102.77922,-10.0057745,WAL
2043062267000,255.544879,-0.727029647230223,-7.35473070668771,-2.82580023328073,-1.6542231,-2.3402247,-0.33200526,57.318886,102.71949,-9.802003,WAL
2043067316000,255.549928,-1.10218070128192,-7.27116704581139,-3.40942970426314,-1.6844609,-2.3301454,-0.35246924,56.815083,102.81043,-9.683985,WAL
2043072248000,255.55486,-1.44012783036868,-7.26177963100467,-3.92104420331909,-1.6865989,-2.2351558,-0.3378085,56.321095,102.898224,-9.555792,WAL
2043077297000,255.559909,-1.61112439340999,-7.36890345444004,-4.12226342313267,-1.6814066,-2.067168,-0.2932153,55.94959,103.12993,-9.493751,WAL
2043082353000,255.564965,-1.71873555676877,-7.51862310024157,-4.20648107198763,-1.6633861,-1.8894062,-0.21838433,55.618694,103.37062,-9.444309,WAL
2043087336000,255.569948,-1.74923856160833,-7.73152909276457,-3.99743892782937,-1.645671,-1.7479908,-0.12980886,55.401814,103.70858,-9.450817,WAL
2043092294000,255.574906,-1.74439298814165,-7.97380801908358,-3.65340270572507,-1.6371188,-1.6523905,-0.03756821,55.233833,104.05935,-9.477243,WAL
2043097360000,255.579972,-1.67795355000494,-8.31488560333761,-3.34080755152563,-1.6279559,-1.5552629,0.051618114,55.063957,104.46898,-9.5623045,WAL
2043102316000,255.584928,-1.5889054320233,-8.68513824775353,-3.05022949520095,-1.6169603,-1.4379768,0.12736541,54.939648,104.884895,-9.664484,WAL
2043107347000,255.589959,-1.38861221787242,-8.8773422288785,-2.70062235949846,-1.6120734,-1.3115277,0.20952678,54.786236,105.276535,-9.794673,WAL
2043112324000,255.594936,-1.14196920460742,-8.98643456234451,-2.3306578148373,-1.5928311,-1.2421945,0.2770274,54.661533,105.664764,-9.937129,WAL
2043117333000,255.599945,-0.920803219444719,-9.02458439126569,-1.81466627345124,-1.5800029,-1.2611313,0.33841935,54.47982,106.017944,-10.094805,WAL
2043122598000,255.60521,-0.701599228337121,-9.02956639946646,-1.20189159362711,-1.5964963,-1.3381003,0.37201694,54.31119,106.37068,-10.259961,WAL
2043127345000,255.609957,-0.524593924023574,-9.00878389301768,-0.822335916288083,-1.5940529,-1.4450017,0.35918877,54.053776,106.65762,-10.411118,WAL
2043132367000,255.614979,-0.346839002477275,-8.97515440185796,-0.500455353662971,-1.5937474,-1.5570955,0.36132678,53.78355,106.94727,-10.576584,WAL
2043137347000,255.619959,-0.192617555491156,-8.91023514030179,-0.414742631483961,-1.5442673,-1.6328428,0.3640757,53.40039,107.13611,-10.727658,WAL
2043142345000,255.624957,-0.0491233622664135,-8.82892162096532,-0.448224611567902,-1.4450017,-1.6496416,0.3652974,53.009853,107.30393,-10.875446,WAL
2043147352000,255.629964,-0.00308103034377745,-8.72405961942411,-0.595252052900927,-1.3081679,-1.6319265,0.36713,52.549656,107.40646,-11.008474,WAL
2043152349000,255.634961,-0.00775211912650073,-8.60728297296242,-0.800779940806247,-1.2363913,-1.5522085,0.36713,52.109516,107.49264,-11.130156,WAL
2043157340000,255.639952,-0.0448863808183197,-8.53812611677282,-0.966397669881711,-1.0855075,-1.4227052,0.38026363,51.673862,107.538765,-11.238472,WAL
2043162335000,255.644947,-0.102922353579921,-8.49943519320595,-1.10665127042766,-0.9624182,-1.2834278,0.39064834,51.269722,107.56762,-11.3323965,WAL
2043167350000,255.649962,-0.214526931359397,-8.49705472157174,-1.15279170787855,-0.86834496,-1.133155,0.40317106,50.90751,107.62184,-11.430684,WAL
2043172344000,255.654956,-0.35689616383211,-8.51603717424092,-1.14330043199047,-0.8191703,-1.0051788,0.4251622,50.58492,107.65707,-11.520167,WAL
2043177385000,255.659997,-0.547629728282688,-8.53516928575671,-1.07467923871622,-0.81092364,-0.8781188,0.43890667,50.304543,107.71909,-11.610898,WAL
2043182304000,255.664916,-0.762118733259428,-8.55382087954073,-0.972097542165693,-0.8362745,-0.8008443,0.45204028,50.05186,107.77695,-11.697072,WAL
2043187349000,255.669961,-0.968272274015279,-8.5249055055065,-0.861085004479611,-0.8723156,-0.7486154,0.47494772,49.818954,107.85616,-11.801874,WAL
2043192348000,255.67496,-1.16301905949995,-8.46315627433277,-0.747086898849092,-0.9251554,-0.75533485,0.505491,49.59673,107.9437,-11.906039,WAL
2043197304000,255.679916,-1.3288374145781,-8.39397017127175,-0.686401981588985,-0.97585726,-0.7693848,0.54183745,49.359737,108.06303,-12.044824,WAL
2043202327000,255.684939,-1.47652015676807,-8.31789104409713,-0.664025822690483,-1.026559,-0.8081747,0.58276546,49.121464,108.19475,-12.189329,WAL
2043207298000,255.68991,-1.59289391751733,-8.346497905104,-0.730070152552001,-1.0607675,-0.8671232,0.60903263,48.852436,108.35349,-12.3693495,WAL
2043212411000,255.695023,-1.67061156022889,-8.52238536137332,-0.922319080686659,-1.0821478,-0.9401216,0.63529986,48.57779,108.52137,-12.556816,WAL
2043217584000,255.700196,-1.739955981657,-8.70732371938273,-1.11212858881471,-1.1059716,-0.999681,0.6579019,48.27915,108.730225,-12.775157,WAL
2043222302000,255.704914,-1.705340309467,-8.9496333214403,-1.23575609276568,-1.1236867,-1.0635164,0.6740898,47.968,108.93795,-12.995632,WAL
2043227346000,255.709958,-1.666997879386,-9.19689154899713,-1.3375008865002,-1.1368202,-1.1142182,0.68661255,47.65432,109.187584,-13.231981,WAL
2043232407000,255.715019,-1.62335068013099,-9.39925614154728,-1.32162919274662,-1.1383474,-1.1490375,0.6985244,47.33687,109.43192,-13.467056,WAL
2043237289000,255.719901,-1.58124721702824,-9.59446340114613,-1.30631885706099,-1.1545353,-1.1768318,0.69974613,46.99102,109.6895,-13.7010565,WAL
2043242308000,255.72492,-1.53295357740729,-9.90357982912642,-1.20081047651397,-1.1704178,-1.1881329,0.68325275,46.648663,109.93575,-13.92557,WAL
2043247301000,255.729913,-1.48328388557183,-10.2463007598421,-1.06670234486341,-1.1710287,-1.208597,0.68233645,46.305805,110.175316,-14.148414,WAL
2043252416000,255.735028,-1.46627694866534,-10.5868359368785,-0.881398090704491,-1.1655309,-1.2125676,0.66950834,45.93455,110.39506,-14.348313,WAL
2043257302000,255.739914,-1.45648060305663,-10.910114932796,-0.695267370700303,-1.1548407,-1.2229522,0.643852,45.563343,110.60114,-14.537775,WAL
2043262306000,255.744918,-1.45135821651241,-11.025199131923,-0.602258338630821,-1.1120802,-1.2195925,0.61941737,45.14139,110.76504,-14.710359,WAL
2043267278000,255.74989,-1.44669479654277,-11.1207995334704,-0.518316715873855,-1.0522153,-1.2360858,0.60048056,44.718395,110.9106,-14.871154,WAL
2043272268000,255.75488,-1.44201449371725,-11.2167460346212,-0.434071201481808,-0.95081174,-1.2544118,0.5867361,44.246746,110.996,-15.014258,WAL
2043277322000,255.759934,-1.4372741629597,-11.3139231121395,-0.34874518349836,-0.8216137,-1.2886202,0.5830709,43.77499,111.05617,-15.148803,WAL
2043282406000,255.765018,-1.3600766660157,-11.289128742002,-0.604755147052012,-0.6579019,-1.284955,0.58001655,43.29413,111.0978,-15.281808,WAL
2043287372000,255.769984,-1.27140052432777,-11.242456626791,-0.917455277960746,-0.4541783,-1.2614367,0.5702427,42.818436,111.099686,-15.403964,WAL
2043292311000,255.774923,-1.02080081802956,-11.1204839720197,-1.45566710610837,-0.23426682,-1.1743884,0.54825157,42.323223,111.04061,-15.5055685,WAL
2043297336000,255.779948,-0.726844753990148,-10.9782472626601,-2.05780295463054,-0.019547688,-1.0079277,0.5235115,41.867504,110.94064,-15.587263,WAL
2043302228000,255.78484,-0.306062898714123,-10.7185117226194,-2.57769816372397,0.16218472,-0.73792523,0.48472157,41.488403,110.84368,-15.64458,WAL
2043307216000,255.789828,0.164154259089214,-10.4165829297482,-3.08751254221324,0.28099802,-0.43249258,0.45662177,41.174675,110.71671,-15.677212,WAL
2043312255000,255.794867,0.604235767594052,-10.1786299862123,-3.24586322540871,0.30451632,-0.18173242,0.42730024,40.9613,110.62727,-15.675356,WAL
2043317241000,255.799853,1.03217020702482,-9.95760886547173,-3.32580706220209,0.22266038,0.002443461,0.38453966,40.816105,110.52738,-15.643262,WAL
2043322246000,255.804858,1.21236829808968,-10.0766168306857,-3.04751796028554,0.064446285,0.09773844,0.29993483,40.742348,110.4534,-15.553446,WAL
2043327243000,255.809855,1.32784461719284,-10.2835120238287,-2.67703145743012,-0.14660765,0.087659165,0.18845193,40.68392,110.3891,-15.439298,WAL
2043332257000,255.814869,1.13860260791406,-10.6664107260519,-2.16988836150403,-0.35369098,0.009468411,0.0421497,40.606316,110.30479,-15.254759,WAL
2043337231000,255.819843,0.877991112384363,-11.08812705849,-1.63445019994032,-0.5170974,-0.04642576,-0.08032878,40.522167,110.23371,-15.046783,WAL
2043342232000,255.824844,0.413446290068412,-11.3718056338489,-1.08244972863772,-0.6160576,-0.17134771,-0.1337795,40.30702,110.121704,-14.812451,WAL
2043347239000,255.829851,-0.104763768762641,-11.6190256383105,-0.526205924925639,-0.6426302,-0.31612277,-0.204029,40.0573,109.99935,-14.548543,WAL
2043352253000,255.834865,-0.598068130289157,-11.6813239897831,-0.103582738401928,-0.6206391,-0.4615087,-0.24037547,39.697575,109.83266,-14.303969,WAL
2043357293000,255.839905,-1.08655452450602,-11.6906281941205,0.282554109636626,-0.5491679,-0.6105598,-0.24709499,39.29441,109.65511,-14.062039,WAL
2043362250000,255.844862,-1.42251951518987,-11.7666224556962,0.389315376835443,-0.43157628,-0.70188415,-0.22449298,38.796997,109.46251,-13.892925,WAL
2043367263000,255.849875,-1.70263258983386,-11.8710715231408,0.384567691050237,-0.3182608,-0.7275405,-0.19456059,38.284683,109.25884,-13.729708,WAL
2043372254000,255.854866,-1.75148227929095,-12.2190157600683,0.291184163288139,-0.20616703,-0.68294734,-0.14538592,37.787514,109.04443,-13.624329,WAL
2043377277000,255.859889,-1.69350781920257,-12.6828111380938,0.155910449986944,-0.09101892,-0.589485,-0.10781772,37.3084,108.81524,-13.521689,WAL
2043382282000,255.864894,-1.51607766610916,-13.2409466382042,0.225847401426056,0.044593163,-0.46486846,-0.10873401,36.873207,108.594215,-13.449508,WAL
2043387253000,255.869865,-1.28791756649061,-13.8369566050469,0.38416257834507,0.19425514,-0.37384954,-0.13713925,36.46527,108.35554,-13.375145,WAL
2043392252000,255.874864,-1.02664144982238,-14.3390639395106,0.556488631195974,0.35246924,-0.3381139,-0.19456059,36.059746,108.085236,-13.27398,WAL
2043397271000,255.879883,-0.746801889698046,-14.7896531582791,0.736724249366489,0.5170974,-0.35888332,-0.27030787,35.67074,107.783104,-13.157333,WAL
2043402311000,255.884923,-0.449348687882512,-15.1046519955628,0.725784678005209,0.6826419,-0.37873647,-0.34666604,35.250225,107.3755,-12.970225,WAL
2043407309000,255.889921,-0.144623904761648,-15.3355044425581,0.601124539828301,0.8561276,-0.3753767,-0.43799037,34.83693,106.92974,-12.759975,WAL
2043412290000,255.894902,0.145049668702481,-15.4692213790587,0.355010944500182,1.0296134,-0.30024028,-0.5308419,34.401787,106.38347,-12.475698,WAL
2043417325000,255.899937,0.426519048732123,-15.5263946214885,0.00757217933692084,1.2098186,-0.19639318,-0.6395759,33.98444,105.79974,-12.16492,WAL
2043422241000,255.904853,0.701905911348393,-15.5021683942681,-0.325963089282516,1.3857478,-0.1020145,-0.73914695,33.571358,105.16253,-11.792539,WAL
2043427296000,255.909908,0.986136684689024,-15.3287394884068,-0.658368525718977,1.570229,0.004276057,-0.83291477,33.199345,104.49029,-11.393431,WAL
2043432277000,255.914889,1.21584060569745,-15.0849571453831,-0.910775010609037,1.74738,0.10170906,-0.93431836,32.831676,103.80642,-10.94908,WAL
2043437312000,255.919924,1.35320381385069,-14.7012876723969,-1.0244549240668,1.9529362,0.16890424,-1.0299188,32.49061,103.087036,-10.485834,WAL
2043442239000,255.924851,1.3957251936354,-14.2543264931362,-1.07334796702698,2.1804836,0.1863139,-1.067487,32.158325,102.35906,-9.999512,WAL
2043447383000,255.929995,1.22547736082365,-13.6206258891235,-0.978765850855333,2.302962,0.21777347,-1.1456778,31.84843,101.6037,-9.481299,WAL
2043452260000,255.934872,0.884377446255589,-12.9606606786513,-0.876650704139344,2.5824327,0.26267207,-1.2040154,31.556263,100.80721,-8.95887,WAL
2043457306000,255.939918,-0.0878754089791355,-12.0739300502981,-0.728112077786885,2.855795,0.33108896,-1.2855659,31.27917,99.991394,-8.41497,WAL
2043462306000,255.944918,-1.01582932672466,-11.3021000200283,-0.593973221711511,3.1499267,0.41233405,-1.350623,31.036703,99.17274,-7.9020405,WAL
2043467320000,255.949932,-1.57440533405826,-11.649388750354,-0.59640181139389,3.3964107,0.49296826,-1.4147639,30.813734,98.335205,-7.372052,WAL
2043472287000,255.954899,-2.12774538759357,-11.9934220817317,-0.598807636075258,3.5866952,0.5531385,-1.4679092,30.686178,97.63445,-6.9862275,WAL
2043477296000,255.959908,-2.68576437856565,-12.3403644930204,-0.601233803949019,3.6688566,0.55924714,-1.5109752,30.567911,96.96574,-6.590734,WAL
2043482369000,255.964981,-3.24804279185781,-12.710517567471,-0.696667770713931,3.628845,0.559858,-1.5326608,30.47081,96.35709,-6.19358,WAL
2043487313000,255.969925,-3.77930035849469,-13.1806570634495,-1.33135584973687,3.470631,0.55863625,-1.5131133,30.376242,95.838844,-5.8028393,WAL
2043492283000,255.974895,-4.31380219352104,-13.647544416591,-1.94578789800182,3.2647693,0.5561928,-1.4999796,30.405947,84.45104,-5.547756,WAL
2043497368000,255.97998,-4.86422929887981,-14.0800229224947,-2.38809545386013,2.9996538,0.636827,-1.4709635,30.460066,84.63165,-5.3097663,WAL
2043502310000,255.984922,-5.39432733829011,-14.4880291237272,-2.74166401412104,2.7241535,0.7272351,-1.4388931,30.527575,84.67113,-5.175426,WAL
2043507295000,255.989907,-5.89878860337176,-14.8228075492795,-2.62242769855908,2.488054,0.70952,-1.4022411,30.583591,84.67918,-5.0519114,WAL
2043512410000,255.995022,-6.42244528093769,-15.1565635114127,-2.50205147032696,2.327702,0.58246,-1.3600914,30.689764,84.61239,-5.016719,WAL
2043517321000,255.999933,-6.99788950946946,-15.359662092227,-2.41017381020975,2.2162192,0.35308012,-1.318858,30.754642,84.54852,-4.986988,WAL
2043522306000,256.004918,-7.52503488971108,-15.557189068564,-2.39143556677878,2.140472,0.087659165,-1.3271047,30.828354,84.422714,-5.0149584,WAL
2043527295000,256.009907,-7.59096515936179,-15.6849281216041,-2.97656484900388,2.042428,-0.051923547,-1.4355333,30.866512,84.33126,-5.0170207,WAL
2043532344000,256.014956,-7.65768833664511,-15.8142034230272,-3.56873116408797,1.9037615,0.10140363,-1.6569719,30.996609,84.200645,-5.0490265,WAL
2043537315000,256.019927,-7.24077767768719,-15.139557068316,-3.37416545879486,1.6264287,0.22632557,-1.8420641,31.071611,84.127335,-5.0488524,WAL
2043542240000,256.024852,-6.70595807713429,-14.2688178990723,-2.98520588776122,1.3570372,0.31031954,-1.8710803,31.17083,84.09486,-5.0242796,WAL
2043547352000,256.029964,-5.96155200344549,-13.1644262001617,-2.94736227678084,1.2681563,0.22785273,-1.8548924,31.229595,84.14679,-4.973969,WAL
2043552277000,256.034889,-5.14662359433162,-11.9968389287663,-3.09986350594119,1.178359,0.17531833,-1.7895297,31.310995,84.2366,-4.9239798,WAL
2043557308000,256.03992,-4.29325849166913,-11.1215783087149,-3.46060245420975,1.201572,0.2733622,-1.6841555,31.390574,84.32927,-4.8222113,WAL
2043562315000,256.044927,-3.43386953533235,-10.403846676514,-3.9186283183161,1.3295482,0.6453791,-1.5525141,31.527573,84.395744,-4.749888,WAL
2043567317000,256.049929,-2.59345079273623,-10.0845423999179,-3.62753349748641,1.5464053,1.074512,-1.434617,31.685349,84.49598,-4.6100793,WAL
2043572315000,256.054927,-1.7635374307787,-9.98141705119524,-2.93020994285421,1.7724255,1.2757921,-1.396438,31.88035,84.5565,-4.492394,WAL
2043577298000,256.05991,-1.17535358262664,-9.83349921352685,-2.28416914043825,1.890628,1.2974777,-1.3674219,32.15991,84.65214,-4.3007655,WAL
2043582351000,256.064963,-0.684184798975527,-9.66365619768545,-1.65069909083665,1.9150625,1.1957687,-1.3414601,32.45565,84.7073,-4.1281033,WAL
2043587315000,256.069927,-0.303105652534287,-9.55384478056052,-1.22974872256013,1.9117028,1.146594,-1.3170254,32.73615,84.75519,-3.8499656,WAL
2043592327000,256.074939,0.0117354407871199,-9.48229003756708,-0.943529581228384,1.9074267,1.2024882,-1.2928963,33.011272,84.76661,-3.5880294,WAL
2043597374000,256.079986,0.16805049897882,-9.52550408547655,-0.985244787866868,1.9214766,1.3267993,-1.2403619,33.253815,84.72393,-3.2738252,WAL
2043602315000,256.084927,0.208957349794683,-9.6482244510482,-1.25625273258699,1.9364429,1.5561792,-1.1921035,33.535313,84.642746,-2.9780204,WAL
2043607307000,256.089919,0.273070962436799,-9.62934755654818,-1.62820101349553,1.9260582,1.8497,-1.1481212,33.862904,84.506836,-2.6578145,WAL
2043612291000,256.094903,0.345651544782361,-9.55676693157195,-2.03646678030793,1.9077321,2.143526,-1.1007792,34.246555,84.33031,-2.3681715,WAL
2043617315000,256.099927,0.449968373903315,-9.34538782520784,-2.13802827950323,1.9019289,2.3631322,-1.0198395,34.72785,84.12011,-2.1048496,WAL
2043622307000,256.104919,0.572639577696808,-9.05097664507852,-2.04970497670122,1.9040669,2.44621,-0.93554014,35.243294,83.891174,-1.8707385,WAL
2043627299000,256.109911,0.641047567847756,-8.71362976540446,-2.16136583923878,1.8591684,2.445599,-0.88178396,35.836853,83.67611,-1.6472538,WAL
2043632338000,256.11495,0.683325165349946,-8.35192148681009,-2.37275382674973,1.7971655,2.449875,-0.82894415,36.444904,83.45331,-1.4594277,WAL
2043637310000,256.119922,0.600424468355081,-7.98570120792457,-2.56726195491952,1.7605137,2.47095,-0.7528914,37.055378,83.20712,-1.2811275,WAL
2043642305000,256.124917,0.440955446657777,-7.61208814858558,-2.75406857974093,1.7608191,2.4898868,-0.72234815,37.658195,82.9669,-1.1135274,WAL
2043647290000,256.129902,0.25503275521482,-7.21383026460373,-2.90393962586044,1.7672331,2.4715607,-0.6649268,38.274986,82.733315,-0.9709032,WAL
2043652316000,256.134928,0.0422564887100305,-6.78827787653931,-3.02045982623934,1.7486018,2.4382687,-0.6093381,38.884705,82.5092,-0.8439037,WAL
2043657307000,256.139919,-0.166197260263514,-6.50482090556548,-3.05067691962019,1.7232509,2.3790147,-0.56169057,39.51125,82.288925,-0.7647375,WAL
2043662299000,256.144911,-0.372941769995205,-6.3070652917646,-3.02820470677823,1.711339,2.3188446,-0.5363397,40.120575,82.076675,-0.69997,WAL
2043667313000,256.149925,-0.574831806134937,-6.14177663594142,-2.96254498400628,1.6759088,2.2531765,-0.54550266,40.73655,81.882034,-0.6782826,WAL
2043672307000,256.154919,-0.76994020334205,-6.01170424924686,-2.85248385829498,1.6184875,2.1606305,-0.5534439,41.321236,81.70581,-0.6661258,WAL
2043677303000,256.159915,-0.943222428686068,-5.89529172547617,-2.73650276862612,1.5387696,2.087632,-0.5580254,41.916527,81.5374,-0.70073855,WAL
2043682331000,256.164943,-1.1015106063908,-5.78821452744852,-2.61545888232621,1.4639386,2.0216584,-0.56382865,42.48287,81.3939,-0.7341868,WAL
2043687309000,256.169921,-1.2438697253002,-5.68195088226752,-2.48426531591734,1.393689,1.9608774,-0.58276546,43.04193,81.26087,-0.8045048,WAL
2043692307000,256.174919,-1.37307767888858,-5.57502010751187,-2.34169102711533,1.3014483,1.915368,-0.59315014,43.581886,81.164566,-0.8775155,WAL
2043697300000,256.179912,-1.5166435067382,-5.48079838098712,-2.24870205854077,1.1951579,1.9022343,-0.6001751,44.121574,81.080284,-0.98326755,WAL
2043702312000,256.184924,-1.68659687746781,-5.40869688905579,-2.24355195965665,1.0937542,1.930945,-0.6102544,44.656647,81.029465,-1.088193,WAL
2043707307000,256.189919,-1.84063196578849,-5.2992192071562,-1.97862161801196,1.0256428,1.9434677,-0.6224717,45.20494,80.96979,-1.2206504,WAL
2043712294000,256.194906,-1.97894900119581,-5.1519784980568,-1.45212449745889,0.9184359,1.9058995,-0.64660084,45.74385,80.95844,-1.3477665,WAL
2043717270000,256.199882,-2.10969003750641,-4.97949174879524,-0.961922646570286,0.7690793,1.8414533,-0.6658431,46.325077,80.956604,-1.4996214,WAL
2043722305000,256.204917,-2.22834696516969,-4.75700984809802,-0.531791161181175,0.5934556,1.7999145,-0.66645396,46.898045,80.99929,-1.6504104,WAL
2043727303000,256.209915,-2.34674898847858,-4.56475583951256,-0.19362266605613,0.4297437,1.7559321,-0.6533204,47.47704,80.98574,-1.8112735,WAL
2043732338000,256.21495,-2.46694092745569,-4.41340319101736,0.015600325745938,0.28496864,1.7363845,-0.63316184,48.04508,81.021904,-1.9728547,WAL
2043737313000,256.219925,-2.58607312208804,-4.28355791423866,0.203975782961906,0.16584991,1.7418822,-0.59681535,48.651997,81.01493,-2.1226933,WAL
2043742304000,256.224916,-2.70676157303765,-4.21534279574048,0.335158790817872,0.10720685,1.7302758,-0.58093286,49.24326,81.035065,-2.2712586,WAL
2043747271000,256.229883,-2.79827337749052,-4.15448856270775,0.404166553241326,0.009162978,1.7263051,-0.5308419,49.858196,81.04837,-2.448379,WAL
2043752316000,256.234928,-2.84992713635922,-4.10283465674021,0.3853833940519,-0.08093964,1.7253889,-0.4859433,50.465797,81.07548,-2.628302,WAL
2043757240000,256.239852,-2.88101635237819,-4.06052703181555,0.397534685684455,-0.17867808,1.7394388,-0.44684792,51.09058,81.1002,-2.831015,WAL
2043762287000,256.244899,-2.87634358372003,-4.032491054157,0.467624790843001,-0.26939157,1.7009543,-0.41508293,51.69452,81.14218,-3.041263,WAL
2043767253000,256.249865,-2.85670297491622,-4.00451249456687,0.523955469724789,-0.35735616,1.6349808,-0.37782016,52.303944,81.19572,-3.2704322,WAL
2043772311000,256.254923,-2.79767241143495,-3.97499723850919,0.548551547259064,-0.44257188,1.5741998,-0.35155296,52.899246,81.2657,-3.5022063,WAL
2043777265000,256.259877,-2.74335264604395,-3.93454648446152,0.579799269376293,-0.5137377,1.4865406,-0.33444872,53.46938,81.33049,-3.7311306,WAL
2043782328000,256.26494,-2.69557716235097,-3.86766080729136,0.627574802955956,-0.5934556,1.385137,-0.30757064,54.01332,81.40829,-3.9649005,WAL
2043787268000,256.26988,-2.62160422313531,-3.8122323345015,0.729562110457271,-0.6774496,1.2614367,-0.28955013,54.516357,81.49614,-4.182646,WAL
2043792306000,256.274918,-2.47693275643741,-3.78058536707271,0.973695319677661,-0.766025,1.110553,-0.27183503,54.97861,81.5926,-4.400535,WAL
2043797378000,256.27999,-2.34559681984364,-3.74935538602452,1.19616642023936,-0.8588765,0.94714653,-0.25228736,55.407825,81.688225,-4.5996356,WAL
2043802355000,256.284967,-2.2857927920278,-3.72175357137342,1.30197337640189,-0.95569867,0.7703011,-0.23793201,55.78698,81.7939,-4.794002,WAL
2043807273000,256.289885,-2.22475152083991,-3.69738567460568,1.40227421418573,-1.0430524,0.57971114,-0.21960606,56.08551,81.88725,-4.9483576,WAL
2043812354000,256.294966,-2.13840727886435,-3.7069794681388,1.45504012870662,-1.146594,0.40866885,-0.1994475,56.336212,81.993774,-5.1003656,WAL
2043817408000,256.30002,-2.05435720372038,-3.73191860250636,1.50140959007245,-1.241889,0.24770586,-0.16737708,56.535633,82.09041,-5.2323613,WAL
2043822346000,256.304958,-1.99416794395927,-3.94026604014098,1.47362998006658,-1.3362677,0.129198,-0.13775012,56.695904,82.19525,-5.3639617,WAL
2043827618000,256.31023,-1.93285214379421,-4.17436038662379,1.45540987877814,-1.4321736,0.05009095,-0.10170906,56.81723,82.304726,-5.477747,WAL
2043832382000,256.314994,-1.9118948766927,-4.52225068788241,1.57277037322003,-1.5250251,0.01038471,-0.04337143,56.913307,82.409706,-5.6026154,WAL
2043837310000,256.319922,-1.89021615875057,-4.88211706164446,1.69417098543868,-1.6245961,0.004886922,-0.0009162979,57.008007,82.531204,-5.706652,WAL
2043842346000,256.324958,-1.88274512928002,-5.50895519029126,2.02899603119292,-1.6698002,0.0125227375,0.07880162,57.092194,82.62425,-5.835169,WAL
2043847309000,256.329921,-1.87817628775353,-6.17600648252427,2.39907243337499,-1.7745636,0.024129177,0.16157386,57.17461,82.71719,-5.974345,WAL
2043852348000,256.33496,-1.69618093397607,-7.46487717274795,3.02173677940275,-1.8356501,0.063224554,0.3100141,57.27468,82.75462,-6.1294284,WAL
2043857284000,256.339896,-1.4624662880352,-8.91858237397409,3.70885780137447,-1.847562,0.10293079,0.41599923,57.376976,82.77427,-6.292502,WAL
2043862341000,256.344953,-1.06898437559553,-10.7612388029554,4.77687286614609,-1.7821994,0.17012598,0.48288897,57.485115,82.73881,-6.4498672,WAL
2043867289000,256.349901,-0.628706889878422,-12.6909658945834,5.95250759114362,-1.6462818,0.2593123,0.5891795,57.606113,82.65208,-6.6440187,WAL
2043872344000,256.354956,0.262820819531095,-14.3795119548977,7.66622895549374,-1.3524556,0.3643811,0.6102544,57.730347,82.57177,-6.713264,WAL
2043877350000,256.359962,1.32490635669581,-15.9369195338764,9.57131482197497,-0.89919364,0.3848451,0.5381723,57.84968,82.45759,-6.7833753,WAL
2043882377000,256.364989,2.5881867457847,-16.9522455831587,10.5022976373341,-0.23701571,0.26816985,0.3304781,57.876633,82.3433,-6.654468,WAL
2043887296000,256.369908,3.90419278249027,-17.723049398683,11.0145999787489,0.45356745,0.1151481,0.019242255,57.89836,82.17634,-6.4868894,WAL
2043892342000,256.374954,5.08343209412153,-18.2250652788262,10.6708162836384,0.9398162,0.20677789,-0.36468655,57.802265,81.93873,-6.0273438,WAL
2043897412000,256.380024,6.19214766413474,-18.6007461554067,9.93778173372334,1.1557571,0.5198463,-0.71685034,57.74941,81.56695,-5.534065,WAL
2043902346000,256.384958,6.36694032377066,-18.3237477350207,9.03825927204545,1.1707232,0.81581056,-0.82833326,57.68021,81.10883,-4.854232,WAL
2043907349000,256.389961,5.9016717122314,-17.5862471322314,7.99387961090909,1.0876455,0.9825767,-0.8197812,57.685806,80.54734,-4.18118,WAL
2043912336000,256.394948,4.9351750766262,-16.0678092770704,7.05249263968019,0.9483683,1.0134255,-0.7806858,57.757046,80.08624,-3.4093215,WAL
2043917355000,256.399967,3.68264099658474,-14.1036081950449,6.16053652910868,0.78038037,0.9596693,-0.72326446,57.851006,79.58491,-2.7120204,WAL
2043922343000,256.404955,2.44084090624565,-12.039500811636,5.38755053623073,0.6374379,0.88697636,-0.66920286,57.99206,79.16915,-2.131618,WAL
2043927350000,256.409962,1.19616364854301,-9.89827406782695,4.68175644640477,0.47067168,0.8390234,-0.63041294,58.115227,78.78153,-1.5985655,WAL
2043932348000,256.41496,0.149854800343104,-7.92204318944221,4.10310725411234,0.28619036,0.8436049,-0.6075055,58.273357,78.476944,-1.2433951,WAL
2043937363000,256.419975,-0.772939711273405,-6.04349748975591,3.60404499345162,0.04886922,0.850019,-0.5873469,58.407837,78.229225,-0.9107997,WAL
2043942333000,256.424945,-1.48799551750388,-4.59926346499224,3.17273982372964,-0.07544186,0.8402451,-0.50915617,58.565098,78.03294,-0.75812364,WAL
2043947349000,256.429961,-2.05631848375679,-3.46261753248642,2.78609392590186,-0.31306845,0.8222246,-0.3998113,58.71214,77.936966,-0.62483114,WAL
2043952345000,256.434957,-2.60787485607042,-2.7503282966208,2.45852639796641,-0.50610185,0.7825184,-0.24465153,58.889416,77.87469,-0.62820905,WAL
2043957340000,256.439952,-3.14508771250506,-2.45026332403885,2.18749999231081,-0.6768387,0.7483099,-0.0711658,59.05393,77.87089,-0.66839856,WAL
2043962332000,256.444944,-3.5858559563981,-2.52139310947867,2.04412624170616,-0.8176431,0.7312057,0.10842858,59.235317,77.92737,-0.82247853,WAL
2043967356000,256.449968,-3.94214937535545,-2.92994312274882,2.01562278009479,-0.9569204,0.70707655,0.2779437,59.39444,78.02347,-1.0221441,WAL
2043972343000,256.454955,-4.16338094218533,-3.50399727514416,2.11135738044343,-1.1166617,0.59528816,0.42180246,59.53901,78.18321,-1.3297164,WAL
2043977297000,256.459909,-4.25300396403858,-4.2398478265858,2.32833898487771,-1.3017539,0.41050145,0.5338962,59.647022,78.372025,-1.6733301,WAL
2043982309000,256.464921,-4.27736293135088,-5.19797165841729,2.64569703595813,-1.4501941,0.13316862,0.6215554,59.70271,78.58733,-2.089302,WAL
2043987321000,256.469933,-4.23041103699501,-6.38585541907464,3.06826433029443,-1.5366315,-0.24709499,0.66889745,59.672073,78.80962,-2.5119781,WAL
2043992294000,256.474906,-4.31472392858265,-7.87118183034943,3.37766858087947,-1.5338826,-0.7153232,0.71776664,59.527473,79.00615,-2.9473944,WAL
2043997345000,256.479957,-4.57111502866117,-9.77987104279545,3.54859604703573,-1.4566082,-1.1731668,0.79168135,59.27382,79.169785,-3.3848505,WAL
2044002281000,256.484893,-4.86958418523595,-11.7339866383395,3.43384685729391,-1.3096951,-1.5265522,0.8738427,58.89872,79.257515,-3.7948246,WAL
2044007350000,256.489962,-5.24980583551987,-13.8774877799099,2.88252501773057,-1.1328496,-1.7418822,0.91996306,58.432682,79.28609,-4.196187,WAL
2044012265000,256.494877,-5.43824826375331,-15.5870097505647,2.09778143509575,-0.9275989,-1.7369953,0.9410379,57.944958,79.26963,-4.608888,WAL
2044017315000,256.499927,-5.29576729694589,-16.6556191092998,0.824949282881273,-0.63499445,-1.3451253,0.9242391,57.51014,79.16441,-5.0210567,WAL
2044022240000,256.504852,-4.94861492593148,-17.5385840946958,0.125755499424633,-0.24709499,-0.6740898,0.8579602,57.23677,79.10481,-5.440286,WAL
2044027351000,256.509963,-4.11253982003796,-18.0910775277195,0.639134910464489,0.344528,-0.26389378,0.63529986,57.014175,78.934525,-5.797907,WAL
2044032326000,256.514938,-3.05723113072444,-18.5333336950975,1.185164332577,0.8741482,-0.26145032,0.29138273,56.980583,78.93066,-6.038085,WAL
2044037417000,256.520029,-1.46225817121925,-18.782132080554,1.84270196174594,0.9978484,-0.52015173,0.09987647,56.991844,78.884155,-6.2526813,WAL
2044042320000,256.524932,-0.00707246282384988,-18.6801182911622,2.24497288276029,1.0763446,-0.9111055,-0.2828306,56.966663,78.84,-6.1593914,WAL
2044047394000,256.530006,0.934190826104722,-16.1896924102098,1.04878405799839,0.89552844,-1.1334605,-0.602924,56.917324,78.84398,-6.0289397,WAL
2044052313000,256.534925,1.69864308620758,-13.7376927424092,-0.0673816448342925,0.48747048,-1.0644327,-0.7510588,56.77544,78.926636,-5.6347013,WAL
2044057345000,256.539957,1.58866277948006,-11.0025311174836,-0.947223918904545,-0.008857546,-0.9462303,-0.85062987,56.59365,79.090256,-5.178356,WAL
2044062309000,256.544921,1.32286886842407,-8.2749926400382,-1.73010731224451,-0.47769663,-1.0128145,-0.9056077,56.385567,79.43519,-4.655222,WAL
2044067353000,256.549965,-0.0427856044699141,-5.29915746338109,-1.93311005363897,-0.8903361,-1.1010846,-0.81397796,56.19914,79.8611,-4.1681266,WAL
2044072526000,256.555138,-1.38089951535445,-2.42081544364002,-2.1497741343087,-1.1517864,-1.2186762,-0.68875057,56.00178,80.37917,-3.7427838,WAL
2044077293000,256.559905,-1.88585581797888,-1.79191536747109,-2.44815732124686,-1.3393221,-1.3191634,-0.5699373,55.780613,80.962296,-3.3488562,WAL
2044082452000,256.565064,-2.41474186076854,-1.12421781912422,-2.76531788784629,-1.4694363,-1.3564262,-0.4550946,55.55561,81.49132,-3.1916716,WAL
2044087317000,256.569929,-2.69231795976566,-0.656964558122331,-2.9920051013802,-1.5909985,-1.361924,-0.32467487,55.30947,82.04749,-3.076008,WAL
2044092541000,256.575153,-2.98008736063084,-0.194355470893692,-3.22450293586449,-1.7040086,-1.3903292,-0.13164146,55.033974,82.61492,-3.10413,WAL
2044097377000,256.579989,-3.12436597441589,-0.230425133755841,-3.3101684010514,-1.777007,-1.496009,0.081855945,54.730255,83.16951,-3.1793988,WAL
2044102649000,256.585261,-3.27106774250582,-0.285332649035864,-3.41351203564043,-1.813048,-1.6484199,0.2751948,54.407955,83.698715,-3.3539379,WAL
2044107309000,256.589921,-3.17960854660456,-0.659483810284117,-3.7128328865021,-1.820073,-1.8069394,0.43799037,54.05026,84.15812,-3.5863724,WAL
2044112298000,256.59491,-3.08169225296693,-1.06005036467629,-4.03328604636237,-1.790446,-1.9043725,0.57818395,53.67249,84.50637,-3.8954864,WAL
2044117323000,256.599935,-2.85567203212121,-1.67643263509091,-4.338376628,-1.7373008,-1.9315559,0.7122689,53.270233,84.70951,-4.2565465,WAL
2044122292000,256.604904,-2.60571928606061,-2.33015517854545,-4.636397372,-1.6334536,-1.8894062,0.8509353,52.862648,84.73647,-4.6671906,WAL
2044127295000,256.609907,-2.40773572646763,-3.02357272911531,-4.66458781622387,-1.5198327,-1.8594738,0.9944886,52.47697,84.62402,-5.103657,WAL
2044132314000,256.614926,-2.21903525667854,-3.72571447028211,-4.64264571783986,-1.3793337,-1.8142698,1.0726794,52.116127,84.34603,-5.5679674,WAL
2044137312000,256.619924,-2.12363231105617,-4.79336790847508,-4.68189826594146,-1.3026701,-1.8219056,1.2611313,51.80658,83.94271,-6.0518026,WAL
2044142291000,256.624903,-2.07647745862342,-6.04768520075158,-4.75263059382911,-1.1624765,-1.7986927,1.4682146,51.533566,96.57767,-6.565097,WAL
2044147310000,256.629922,-2.05272134826694,-7.52210369011899,-4.81028695866529,-1.0461067,-1.677436,1.6649132,51.375645,97.11741,-7.0453176,WAL
2044152332000,256.634944,-2.04276900691154,-9.11945588060011,-4.86004866544232,-0.9746355,-1.4511104,1.8228219,51.27521,97.73139,-7.5674686,WAL
2044157308000,256.63992,-1.97733524084631,-10.8993999827603,-4.9042116145264,-1.0012082,-1.0894781,1.9877555,51.40253,98.30261,-8.033498,WAL
2044162293000,256.644905,-1.88848548959741,-12.7652451007934,-4.94629836450191,-1.0616838,-0.6215554,2.1649065,51.6432,98.92462,-8.536167,WAL
2044167287000,256.649899,-1.71407940827566,-14.3867368823472,-4.66702377553368,-1.1569787,-0.1740966,2.2815816,51.96391,99.565735,-9.035233,WAL
2044172311000,256.654923,-1.49365318349742,-15.8875103347305,-4.21679149496052,-1.2699889,0.1432479,2.2999077,52.39432,100.236015,-9.541523,WAL
2044177290000,256.659902,-1.10342721206861,-16.7498758239739,-3.72522912403512,-1.3884968,0.33841935,2.225993,52.91033,100.859085,-9.98017,WAL
2044182319000,256.664931,-0.596927220338983,-17.2121191779661,-3.19905913898305,-1.5167783,0.44593164,2.1053472,53.494965,101.48996,-10.399096,WAL
2044187310000,256.669922,-0.119722590339426,-16.8386271436031,-2.63382179530026,-1.6197093,0.52198434,1.9486601,54.014267,102.02483,-10.732017,WAL
2044192298000,256.67491,0.343536235210742,-16.0190151141365,-2.04583948093995,-1.6698002,0.5742133,1.6994271,54.551476,102.517006,-10.99973,WAL
2044197313000,256.679925,0.855023441065164,-14.9335972642713,-1.55960946589774,-1.7476854,0.59589905,1.412015,55.01296,102.884544,-11.146131,WAL
2044202312000,256.684924,1.40975030702668,-13.5951279010311,-1.1779166584671,-1.8353447,0.600786,1.104139,55.473225,103.203766,-11.220055,WAL
2044207306000,256.689918,1.808600149752,-12.5603665928738,-0.865299707758883,-1.8759671,0.52870387,0.82986045,55.82146,103.42029,-11.2068205,WAL
2044212300000,256.694912,2.11359807126227,-11.7083090068833,-0.594190491937443,-1.8197676,0.35735616,0.6035349,56.129917,103.58486,-11.131765,WAL
2044217311000,256.699923,2.09637133701914,-10.9929169594595,-0.250157941650227,-1.6352862,0.021380283,0.3622431,56.28214,103.66674,-10.986815,WAL
2044222311000,256.704923,1.90271918669363,-10.3552818243243,0.132423114771158,-1.4016303,-0.45448375,0.18295415,56.336193,103.70212,-10.815745,WAL
2044227289000,256.709901,1.43300816632032,-9.87940100773246,0.2349761129422,-1.2223413,-0.7156286,0.0125227375,56.300133,103.65982,-10.587494,WAL
2044232321000,256.714933,0.785561966165668,-9.49745440653393,0.165107819186159,-1.153619,-1.2226468,-0.057726767,56.052715,103.58379,-10.37363,WAL
2044237311000,256.719923,0.135421719628099,-9.15539799106285,-0.170181117835864,-1.0913107,-1.6044376,-0.1908954,55.72991,103.429245,-10.148097,WAL
2044242301000,256.724913,-0.521288055165289,-8.84311634874111,-0.721266244877955,-1.1038336,-1.8414533,-0.3100141,55.30195,103.26506,-9.925641,WAL
2044247288000,256.7299,-1.08408345814368,-8.50838065728369,-1.3305282675721,-1.1505647,-1.9898936,-0.3979787,54.793533,103.16373,-9.78858,WAL
2044252314000,256.734926,-1.54345479788149,-8.14492189610907,-2.01201317463031,-1.2116512,-2.0393736,-0.43585235,54.247696,103.05026,-9.637825,WAL
2044257306000,256.739918,-1.89151957040175,-7.84363802236291,-2.52826050281797,-1.2504412,-2.0360138,-0.44226643,53.72663,103.07712,-9.577603,WAL
2044262294000,256.744906,-2.15528652047791,-7.58896647944593,-2.91936339055598,-1.2852604,-2.010663,-0.3839288,53.206932,103.116,-9.525613,WAL
2044267317000,256.749929,-2.37180095172628,-7.37738824403556,-3.17976327523258,-1.3261884,-1.9620992,-0.3036,52.75349,103.302826,-9.553133,WAL
2044272307000,256.754919,-2.52987676524705,-7.21931263684102,-3.28350049561712,-1.3759739,-1.9324722,-0.20647246,52.31493,103.507385,-9.600859,WAL
2044277275000,256.759887,-2.63445768840293,-7.21082198179299,-3.33765660235504,-1.421178,-1.8939877,-0.09315695,51.930317,103.82912,-9.7293005,WAL
2044282328000,256.76494,-2.69191843840293,-7.34010878179299,-3.34723340235504,-1.4575244,-1.7968601,-0.005192355,51.585503,104.16456,-9.871523,WAL
2044287308000,256.76992,-2.70298202508693,-7.54713741488326,-3.25570523149528,-1.4813483,-1.713477,0.073303826,51.250538,104.56589,-10.073407,WAL
2044292306000,256.774918,-2.66969306085445,-7.83247201828117,-3.06548204669647,-1.4996742,-1.6142114,0.14202617,50.96395,104.97778,-10.287577,WAL
2044297290000,256.779902,-2.53712319313173,-8.05612347109398,-2.91792299270679,-1.5280794,-1.5100589,0.20066923,50.71692,105.39968,-10.5155115,WAL
2044302314000,256.784926,-2.29938293547781,-8.21778664571598,-2.8133172952268,-1.5335772,-1.387275,0.26939157,50.518745,105.82435,-10.754151,WAL
2044307315000,256.789927,-2.02213856950147,-8.3206907311828,-2.6437228742913,-1.5109752,-1.2968669,0.34208453,50.27339,106.23868,-11.013527,WAL
2044312300000,256.794912,-1.70013592991202,-8.35802462903226,-2.40105429252199,-1.4856243,-1.244027,0.3848451,50.065155,106.64852,-11.272441,WAL
2044317283000,256.799895,-1.39953098903618,-8.39565059483704,-2.1684456352437,-1.4627168,-1.2180653,0.4343252,49.866768,107.0163,-11.510406,WAL
2044322309000,256.804921,-1.12607516072959,-8.43403063968903,-1.94776195532742,-1.4385877,-1.2379184,0.46761733,49.680614,107.372536,-11.749238,WAL
2044327270000,256.809882,-0.905299099770073,-8.45986136625328,-1.80543137287046,-1.4046847,-1.2455542,0.47586402,49.426876,107.68026,-11.969614,WAL
2044332332000,256.814944,-0.751707805958179,-8.46863772960985,-1.77032477388431,-1.3875804,-1.260215,0.49938235,49.177063,107.98506,-12.198178,WAL
2044337250000,256.819862,-0.621948502788858,-8.46535327595925,-1.75208746220464,-1.3518448,-1.2330315,0.50732356,48.885708,108.227066,-12.391709,WAL
2044342270000,256.824882,-0.56983973294277,-8.41324452243659,-1.79898539478647,-1.3011429,-1.1817188,0.4972443,48.604996,108.453476,-12.578722,WAL
2044347252000,256.829864,-0.541249260430806,-8.38135538792171,-1.81102719453133,-1.2458596,-1.1071932,0.48716503,48.3138,108.65936,-12.743499,WAL
2044352319000,256.834931,-0.555567833933314,-8.3861283454313,-1.75852570851775,-1.2034045,-1.0125091,0.48349985,48.049362,108.847694,-12.895728,WAL
2044357248000,256.83986,-0.603616848803452,-8.39521915731659,-1.66149519176148,-1.1817188,-0.9285152,0.47036624,47.78747,109.03846,-13.036138,WAL
2044362329000,256.844941,-0.727700171063162,-8.41430878726952,-1.46105293109062,-1.1743884,-0.852157,0.4654793,47.556244,109.21632,-13.166205,WAL
2044367278000,256.84989,-0.874524168533704,-8.44641095343989,-1.24497163349548,-1.1881329,-0.79717916,0.46975538,47.32152,109.39113,-13.296295,WAL
2044372349000,256.854961,-1.09147836292862,-8.51390816340713,-0.970163002700288,-1.2217305,-0.7684685,0.46578476,47.10512,109.55865,-13.414024,WAL
2044377296000,256.859908,-1.29843665446991,-8.53058929140401,-0.724755766641834,-1.2333369,-0.7498371,0.48472157,46.86875,109.723755,-13.547076,WAL
2044382328000,256.86494,-1.49635367322827,-8.41552086045845,-0.536044164685769,-1.248914,-0.7296785,0.5143485,46.64665,109.89073,-13.674491,WAL
2044387310000,256.869922,-1.69202182905694,-8.32310429921495,-0.368462943083574,-1.260215,-0.7305948,0.5671884,46.380283,110.059166,-13.837127,WAL
2044392356000,256.874968,-1.888912105714,-8.32790609748584,-0.286825497723343,-1.2534955,-0.74464476,0.6261369,46.124664,110.22709,-14.0025625,WAL
2044397297000,256.879909,-2.06931616051205,-8.3421585,-0.225037646681727,-1.2370021,-0.7556403,0.677755,45.853287,110.411575,-14.204202,WAL
2044402228000,256.88484,-2.18784834054217,-8.403796,-0.253485382761044,-1.2241739,-0.7846564,0.7171558,45.583263,110.59745,-14.413025,WAL
2044407240000,256.889852,-2.28805151762508,-8.48530780091343,-0.289000077683205,-1.1927143,-0.80481493,0.73914695,45.296185,110.80006,-14.656355,WAL
2044412223000,256.894835,-2.28309815494083,-8.66363030579199,-0.358347920763961,-1.1768318,-0.8371908,0.77396625,45.00931,111.00636,-14.9076605,WAL
2044417235000,256.899847,-2.25597898852281,-8.85878273167112,-0.428446256978332,-1.1502593,-0.86834496,0.7987063,44.706596,111.229355,-15.177532,WAL
2044422250000,256.904862,-2.15618857643218,-9.1058827524488,-0.49972511141585,-1.1178834,-0.8854492,0.8081747,44.40895,111.44428,-15.443871,WAL
2044427230000,256.909842,-2.01111689713513,-9.44537025503356,-0.557486620334569,-1.0769554,-0.91874135,0.8164214,44.0891,111.660934,-15.712013,WAL
2044432285000,256.914897,-1.69106187354503,-10.143672704698,-0.567185252809777,-1.0586295,-0.9569204,0.8176431,43.77195,111.8684,-15.972166,WAL
2044437242000,256.919854,-1.4079158670001,-10.7555359473111,-0.568416717749827,-1.0204504,-0.98868537,0.816116,43.42886,112.05247,-16.214895,WAL
2044442249000,256.924861,-1.23220130888383,-11.1117138041002,-0.539922459453303,-0.9819659,-1.0366384,0.7974846,43.077637,112.222176,-16.447088,WAL
2044447244000,256.929856,-1.07006572493058,-11.4378944803649,-0.528464203840738,-0.93828905,-1.0934488,0.7846564,42.649586,112.31696,-16.621632,WAL
2044452252000,256.934864,-0.960675092959143,-11.6471637227291,-0.585537569917691,-0.8885035,-1.1554517,0.75991637,42.21293,112.39142,-16.782427,WAL
2044457241000,256.939853,-0.852742113789039,-11.8032934319387,-0.656781570559811,-0.8151997,-1.2024882,0.7318166,41.72326,112.41624,-16.904463,WAL
2044462249000,256.944861,-0.7491147304066,-11.7232175678649,-0.793381351490866,-0.7312057,-1.2406673,0.70280045,41.226254,112.42055,-17.01477,WAL
2044467243000,256.949855,-0.638019600401112,-11.6425485301827,-0.967092053808578,-0.6072,-1.2525792,0.6771441,40.700264,112.391136,-17.102888,WAL
2044472250000,256.954862,-0.480912219283161,-11.5568538643765,-1.36224086482724,-0.45631635,-1.241889,0.65118235,40.17797,112.33286,-17.175886,WAL
2044477247000,256.959859,-0.309766907513637,-11.4613430963007,-1.76029362624219,-0.31948254,-1.1942415,0.6270532,39.671017,112.27077,-17.233011,WAL
2044482298000,256.96491,-0.0411110303272836,-11.2982303112169,-2.18726452981256,-0.15607607,-1.0830641,0.5830709,39.19164,112.16529,-17.26461,WAL
2044487241000,256.969853,0.226756717867065,-11.1322730165927,-2.58381700353077,0.006414085,-0.9053023,0.550695,38.773796,112.07906,-17.281834,WAL
2044492248000,256.97486,0.536685511277253,-10.9148602469612,-2.8197329711557,0.15027285,-0.68752885,0.52198434,38.40369,111.95728,-17.271755,WAL
2044497467000,256.980079,0.849048167713415,-10.6876637920732,-3.04417192027439,0.23609942,-0.4783075,0.48716503,38.106777,111.84574,-17.230213,WAL
2044502226000,256.984838,1.02505315686992,-10.4746047162602,-3.03027675264228,0.27214047,-0.27916542,0.4297437,37.86897,111.70595,-17.157501,WAL
2044507253000,256.989865,1.18534015647514,-10.2816606501935,-3.00493326391783,0.20372356,-0.1328632,0.34116822,37.680813,111.564095,-17.036945,WAL
2044512220000,256.994832,1.02956518824055,-10.4846407502233,-2.84915839426417,0.07360926,-0.056505036,0.22693644,37.523098,111.408394,-16.88436,WAL
2044517288000,256.9999,0.854814751520381,-10.6986983493008,-2.67851972270158,-0.101098195,-0.037873644,0.111177474,37.356903,111.25666,-16.701677,WAL
2044522240000,257.004852,0.464432851006645,-11.0044189070713,-2.34928195338689,-0.2828306,-0.04337143,0.0009162979,37.19526,111.10524,-16.486643,WAL
2044527406000,257.010018,0.0507873664969166,-11.3027352074796,-1.99522964205291,-0.36377025,-0.06719518,-0.0888809,36.98186,110.95108,-16.26916,WAL
2044532264000,257.014876,-0.416582510236722,-11.3304998323056,-1.53248721567535,-0.5549711,-0.10170906,-0.121256754,36.757496,110.83826,-16.04099,WAL
2044537473000,257.020085,-0.907218460177752,-11.3455399165711,-1.04400926026376,-0.59956425,-0.15577064,-0.16310102,36.46948,110.69461,-15.832258,WAL
2044542241000,257.024853,-1.23449923846521,-11.1884451612194,-0.68618225170107,-0.6420194,-0.21960606,-0.16584991,36.16974,110.587875,-15.631216,WAL
2044547220000,257.029832,-1.57626328944954,-11.0243984357798,-0.312520197247706,-0.63438356,-0.30726522,-0.14202617,35.828297,110.481,-15.48487,WAL
2044552306000,257.034918,-1.60383912932249,-11.071989392719,-0.224130147078663,-0.5821546,-0.38606682,-0.103847094,35.476353,110.377075,-15.346935,WAL
2044557261000,257.039873,-1.60854630559468,-11.13318248765,-0.158229635031247,-0.51007247,-0.42332962,-0.06841691,35.117672,110.273026,-15.218849,WAL
2044562300000,257.044912,-1.3801716986963,-11.5305542472578,-0.18559662147282,-0.39003745,-0.408058,-0.029932396,34.72301,110.1876,-15.164217,WAL
2044567254000,257.049866,-1.13716562027929,-11.9477911627446,-0.219984278053636,-0.26450464,-0.3735441,-0.0012217305,34.333416,110.09321,-15.116018,WAL
2044572308000,257.05492,-0.889254291995168,-12.3734503009906,-0.255066073846823,-0.12339478,-0.30757064,-0.006414085,33.951214,109.97111,-15.062868,WAL
2044577259000,257.059871,-0.646395371074173,-12.7904345497946,-0.289432906251268,-0.012217305,-0.20922135,-0.02321288,33.597797,109.83662,-15.008236,WAL
2044582331000,257.064943,-0.381404863307793,-13.2977972073798,-0.150161515883658,0.12034045,-0.0870483,-0.058337633,33.268944,109.67409,-14.943733,WAL
2044587248000,257.06986,-0.120299527524952,-13.8105130572638,0.0302385345639681,0.24831672,0.0143553335,-0.112399206,32.96763,109.48754,-14.863172,WAL
2044592304000,257.074916,0.118383360817078,-14.2511755021895,0.194514588129976,0.39828414,0.08368854,-0.17715092,32.615177,109.18135,-14.676751,WAL
2044597276000,257.079888,0.345847773790804,-14.6634546526672,0.350896363699244,0.54000485,0.1337795,-0.2501493,32.290886,108.84813,-14.470359,WAL
2044602322000,257.084934,0.551245057209644,-14.9786240835049,0.349087416471626,0.6945538,0.17806722,-0.32620203,31.952328,108.40011,-14.181435,WAL
2044607300000,257.089912,0.747489346185436,-15.2636459308047,0.307035079637362,0.8374963,0.21960606,-0.39584067,31.63327,107.928116,-13.8776455,WAL
2044612299000,257.094911,0.88598323153638,-15.3762000940068,0.15839643491381,1.0030408,0.26206118,-0.46822822,31.303194,107.35739,-13.50512,WAL
2044617313000,257.099925,1.00629316657547,-15.4339490324714,-0.0244747027269994,1.1780536,0.30298916,-0.5488624,30.991867,106.761154,-13.118294,WAL
2044622345000,257.104957,1.04511276999513,-15.267095751096,-0.200455209693132,1.3658947,0.30757064,-0.6462954,30.667883,106.10526,-12.683735,WAL
2044627292000,257.109904,1.05895882781296,-15.0363284420848,-0.371222782216269,1.5653422,0.28099802,-0.6951646,30.35618,105.431625,-12.251123,WAL
2044632331000,257.114943,1.02275301175608,-14.5356189611062,-0.458296026082283,1.6759088,0.22937989,-0.8142834,30.00061,104.749855,-11.79287,WAL
2044637326000,257.119938,0.966656643022574,-13.9325833938239,-0.509717679116584,1.8759671,0.17104226,-0.9263771,29.643948,104.031456,-11.33418,WAL
2044642305000,257.124917,0.752409599969763,-13.2996030032127,-0.598980722318813,2.078469,0.10720685,-1.0436633,29.275684,103.3149,-10.868073,WAL
2044647298000,257.12991,0.458721174841727,-12.6489702355665,-0.707419501200038,2.3115141,0.0729984,-1.1450669,28.903805,102.56029,-10.384148,WAL
2044652309000,257.134921,0.0389872009048068,-12.0564328001885,-0.825467763839145,2.5427265,0.113926366,-1.2415836,28.556074,101.79967,-9.899418,WAL
2044657308000,257.13992,-0.48242275951618,-11.5149686987119,-0.950806708210284,2.79929,0.20738874,-1.3374895,28.217564,100.999565,-9.392237,WAL
2044662300000,257.144912,-1.03363825157233,-11.265746910967,-1.0140008983294,3.025921,0.310625,-1.4162911,27.93299,100.24352,-8.927282,WAL
2044667309000,257.149921,-1.60403891415094,-11.1808936830778,-1.04228525840212,3.20521,0.42058071,-1.4914275,27.679958,99.46669,-8.439382,WAL
2044672345000,257.154957,-2.14775637633218,-11.2719413467128,-0.96366538083045,3.3237178,0.5314528,-1.541213,27.51339,98.77305,-8.023991,WAL
2044677350000,257.159962,-2.66901309847751,-11.4757054608997,-0.816765736193772,3.3622024,0.6246097,-1.5650368,27.375557,98.10062,-7.5996156,WAL
2044682443000,257.165055,-3.20216222714719,-11.7874513324846,-0.736596259475076,3.3243287,0.66248333,-1.5515977,27.306007,97.554825,-7.262808,WAL
2044687353000,257.169965,-3.7179272650475,-12.1558552057585,-0.704360962638331,3.2195654,0.66553766,-1.5247196,27.254688,97.06776,-6.92976,WAL
2044692339000,257.174951,-4.24660558498487,-12.5253688177005,-0.746325382632375,3.0592132,0.6133087,-1.4969252,27.237358,96.719986,-6.6803465,WAL
2044697307000,257.179919,-4.77744446456127,-12.8897577133132,-0.849794016338881,2.891225,0.51251596,-1.4511104,27.20799,96.45127,-6.4501443,WAL
2044702343000,257.184955,-5.30195618425197,-13.250574832021,-1.0506335096273,2.7284296,0.376293,-1.3912456,27.21399,83.68199,-6.302312,WAL
2044707344000,257.189956,-5.80477641322835,-13.597520847769,-1.37746649569974,2.5692992,0.28221974,-1.3301591,27.202398,83.756454,-6.1712327,WAL
2044712324000,257.194936,-6.27839889048647,-13.9556135508042,-1.78979482892311,2.4055874,0.24007004,-1.2925909,27.226776,83.716,-6.1282077,WAL
2044717347000,257.199959,-6.731322839898,-14.3283323683798,-2.28518042014516,2.2149973,0.258396,-1.3127494,27.239573,83.66359,-6.08485,WAL
2044722346000,257.204958,-7.16483825002493,-14.6534388838137,-2.78457752921113,2.0821342,0.26725355,-1.3939945,27.264784,83.54801,-6.1120152,WAL
2044727358000,257.20997,-7.58130490916525,-14.9310832899172,-3.29199641801137,2.0607538,0.36835176,-1.4556919,27.318686,83.43805,-6.133741,WAL
2044732354000,257.214966,-7.83421025949877,-14.9373434207371,-3.65540822950369,2.005165,0.5897904,-1.5809193,27.468418,83.335884,-6.1745443,WAL
2044737385000,257.219997,-7.9147088800688,-14.6532301187224,-3.86849340379361,1.8613064,0.81000733,-1.6893479,27.641253,83.26421,-6.195141,WAL
2044742328000,257.22494,-7.64437055699921,-14.0534688055994,-3.8437180668474,1.7088956,0.89980453,-1.7076738,27.886826,83.173805,-6.258804,WAL
2044747326000,257.229938,-6.93658940972003,-13.048419487776,-3.5275758933261,1.6612481,0.89919364,-1.6297885,28.1592,83.099304,-6.3112683,WAL
2044752298000,257.23491,-6.1475506842536,-12.1353290889371,-3.42525901369552,1.6487253,0.9202685,-1.5039502,28.486044,83.01817,-6.385373,WAL
2044757345000,257.239957,-5.22299706424768,-11.3346843947939,-3.63018577542891,1.6624697,1.0693196,-1.3820826,28.83904,82.9272,-6.4744234,WAL
2044762263000,257.244875,-4.35898677845941,-10.7747332109676,-3.7206200978992,1.7492126,1.2614367,-1.2825116,29.183954,82.86365,-6.500887,WAL
2044767353000,257.249965,-3.52724307661505,-10.5679995902949,-3.62927259538416,1.8619173,1.4269812,-1.244027,29.557276,82.78092,-6.546255,WAL
2044772244000,257.254856,-2.77010336754066,-10.3967989961557,-3.33997208313455,2.0039434,1.4679092,-1.201572,29.917103,82.76128,-6.5028596,WAL
2044777377000,257.259989,-2.05781266770823,-10.2708150894036,-2.64221791787087,2.1160371,1.4355333,-1.2165382,30.298256,82.73157,-6.460678,WAL
2044782318000,257.26493,-1.39081462082645,-10.2227963972666,-2.08379969490002,2.155438,1.3063353,-1.2415836,30.640032,82.76671,-6.3069234,WAL
2044787424000,257.270036,-0.740440353104935,-10.325959422583,-1.74291382401394,2.1728477,1.280679,-1.2412782,30.995941,82.774734,-6.1652803,WAL
2044792273000,257.274885,-0.20309355809907,-10.4238002488243,-1.48665885009928,2.1746802,1.3726143,-1.2168436,31.300623,82.80749,-5.921322,WAL
2044797293000,257.279905,-0.147828509776361,-10.524282088097,-1.64240580589403,2.1994202,1.5552629,-1.196685,31.617176,82.8106,-5.687212,WAL
2044802288000,257.2849,-0.0968810050063211,-10.5803653290868,-1.81397363792668,2.208278,1.7919732,-1.1856894,31.947338,82.82513,-5.3583636,WAL
2044807344000,257.289956,-0.0592108008091024,-10.4861898923466,-2.04470365461441,2.1975877,1.9788979,-1.1502593,32.306255,82.7948,-5.0567245,WAL
2044812313000,257.294925,-0.0215128781516452,-10.3522486719123,-2.23299989707201,2.191479,2.1713204,-1.1123856,32.775608,82.724525,-4.7565475,WAL
2044817365000,257.299977,0.0200167589985694,-10.020011613257,-2.24222869890319,2.165212,2.2968533,-1.0592403,33.268845,82.623055,-4.486093,WAL
2044822272000,257.304884,0.0568088021106383,-9.69079125531915,-2.23653078468085,2.121535,2.3286183,-1.0216721,33.822647,82.49944,-4.2261887,WAL
2044827371000,257.309983,0.0473635146167311,-9.26103037427466,-2.03345709345261,2.0955732,2.3173172,-0.9437868,34.388317,82.34484,-4.0066605,WAL
2044832563000,257.315175,0.0265114043317628,-8.82055180460089,-1.85483211577051,2.0500638,2.2586741,-0.8713993,34.96961,82.16488,-3.8012981,WAL
2044837428000,257.32004,-0.162883570192905,-8.36428231411678,-2.11309803895048,1.9908098,2.1520782,-0.8240572,35.524055,81.97807,-3.6188984,WAL
2044842293000,257.324905,-0.352278544717572,-7.90801282363267,-2.37136396213045,1.9000963,2.0925188,-0.77671516,36.08652,81.7564,-3.465519,WAL
2044847341000,257.329953,-0.611521255975876,-7.60925101418938,-2.44433147323582,1.8322903,2.083356,-0.7180721,36.622833,81.53464,-3.335555,WAL
2044852248000,257.33486,-0.874852057773768,-7.35038343857916,-2.48003727341628,1.7956384,2.035403,-0.6719518,37.122265,81.32438,-3.2196863,WAL
2044857344000,257.339956,-1.1373649401709,-7.1248217435039,-2.4935406615031,1.7449366,1.9709567,-0.66859204,37.66408,81.12588,-3.151223,WAL
2044862274000,257.344886,-1.38744727052269,-6.92192475059964,-2.49825919278433,1.6829338,1.9135354,-0.6731735,38.18665,80.94131,-3.0982573,WAL
2044867344000,257.349956,-1.55479745253548,-6.71434608499554,-2.45706534613476,1.6041322,1.8542814,-0.68294734,38.72772,80.74878,-3.1059954,WAL
2044872280000,257.354892,-1.68614521095564,-6.51263341050908,-2.40077354063709,1.5274686,1.7993035,-0.69058317,39.248272,80.580315,-3.1162372,WAL
2044877357000,257.359969,-1.79404691607058,-6.32769985443968,-2.35787379192179,1.4333953,1.7403551,-0.6988298,39.780506,80.41676,-3.180641,WAL
2044882357000,257.364969,-1.889952018598,-6.15415731748212,-2.32133840804006,1.3545936,1.7067575,-0.70524395,40.299553,80.27889,-3.2464778,WAL
2044887418000,257.37003,-1.97160167456096,-5.96330210456598,-2.24268146809834,1.2855659,1.6600263,-0.7125743,40.821636,80.136604,-3.3446264,WAL
2044892326000,257.374938,-2.04235370827898,-5.76991311389865,-2.14362867014551,1.2000448,1.6123788,-0.74006325,41.330425,80.031075,-3.4369118,WAL
2044897292000,257.379904,-2.1486564573622,-5.60627208405512,-2.00607340915354,1.1129965,1.575116,-0.745561,41.859077,79.91689,-3.5552807,WAL
2044902374000,257.384986,-2.27799425771654,-5.45777314291339,-1.84320356240157,1.0207558,1.5448782,-0.7797695,42.374264,79.84071,-3.6584687,WAL
2044907329000,257.389941,-2.34203343365177,-5.24072969414484,-1.62664448065742,0.93370754,1.5427402,-0.81245077,42.924187,79.7529,-3.7680678,WAL
2044912351000,257.394963,-2.36673548320493,-4.97394851848998,-1.36974398038007,0.82344633,1.5580118,-0.82802784,43.466434,79.70517,-3.8746552,WAL
2044917324000,257.399936,-2.36257299539728,-4.73446891450253,-1.00259973360778,0.69974613,1.564426,-0.8402451,44.03995,79.64853,-3.989889,WAL
2044922345000,257.404957,-2.34349349423668,-4.50551470134907,-0.573310708461462,0.5681047,1.5384641,-0.8371908,44.603207,79.63012,-4.106115,WAL
2044927331000,257.409943,-2.31724977764791,-4.32146001231313,-0.243174710956782,0.4999932,1.4926492,-0.8542951,45.188232,79.580696,-4.2103925,WAL
2044932375000,257.414987,-2.28661290462082,-4.15952279676543,0.0369327854389779,0.37323865,1.4523321,-0.84757555,45.760098,79.58449,-4.322708,WAL
2044937412000,257.420024,-2.2651544718246,-4.01783322662591,0.275686254708549,0.26053402,1.4202617,-0.818254,46.326427,79.548355,-4.405615,WAL
2044942337000,257.424949,-2.25521128773058,-3.90348606445662,0.459636261006641,0.160963,1.3918564,-0.782213,46.87616,79.544495,-4.49269,WAL
2044947330000,257.429942,-2.25568475073419,-3.81136251479373,0.556148365813605,0.079107046,1.3869696,-0.7357872,47.42305,79.522514,-4.564892,WAL
2044952345000,257.434957,-2.26527967656578,-3.73940009515533,0.575338337704525,0.0061086523,1.4022411,-0.6948592,47.96163,79.522514,-4.6472707,WAL
2044957326000,257.439938,-2.25954798975963,-3.68083635812475,0.5461034400735,-0.082161374,1.4367551,-0.64873886,48.50448,79.51821,-4.7290735,WAL
2044962351000,257.444963,-2.2404286832936,-3.63303796718315,0.474405783786253,-0.16065755,1.4672983,-0.60048056,49.044575,79.525635,-4.824988,WAL
2044967425000,257.450037,-2.17764376281924,-3.54390585056424,0.42005606693724,-0.25625798,1.5045611,-0.53878313,49.59964,79.546906,-4.934562,WAL
2044972333000,257.454945,-2.07993414056622,-3.42293210425658,0.382833371280934,-0.3622431,1.5216653,-0.49510628,50.152664,79.586365,-5.053667,WAL
2044977349000,257.459961,-1.98476610309462,-3.33989860142829,0.366314284836342,-0.4905248,1.486846,-0.46181414,50.69826,79.65456,-5.1864023,WAL
2044982378000,257.46499,-1.89400302833763,-3.29690544000198,0.371091286145606,-0.5946773,1.4404203,-0.4334089,51.240334,79.73554,-5.3298135,WAL
2044987303000,257.469915,-1.80738285625,-3.25934639375,0.37576995,-0.70249504,1.3854424,-0.39706242,51.78245,79.83571,-5.460106,WAL
2044992345000,257.474957,-1.72115740337302,-3.22581434265873,0.38056025015873,-0.8240572,1.3243558,-0.3622431,52.305622,79.956635,-5.5946794,WAL
2044997291000,257.479903,-1.63458352436809,-3.23870438874408,0.441843661015008,-0.95325524,1.2479976,-0.32742378,52.811554,80.09406,-5.713314,WAL
2045002347000,257.484959,-1.5437475521722,-3.30563618400474,0.57092628635466,-1.0629056,1.1490375,-0.2950479,53.289883,80.24457,-5.8363347,WAL
2045007280000,257.489892,-1.47382941160619,-3.36850375651328,0.714194585591984,-1.1792754,1.0387764,-0.25320363,53.74818,80.40696,-5.950888,WAL
2045012299000,257.494911,-1.42706804436229,-3.42929342162662,0.882535478373383,-1.2935071,0.9104946,-0.2125811,54.17002,80.5799,-6.0682507,WAL
2045017269000,257.499881,-1.39282281121018,-3.52790098980164,1.05828992367261,-1.4074335,0.8454375,-0.19364429,54.578487,80.754234,-6.161031,WAL
2045022311000,257.504923,-1.37831087246043,-3.6923703024444,1.25178326534763,-1.4553864,0.7162395,-0.16035213,54.92838,80.919235,-6.261009,WAL
2045027287000,257.509899,-1.3424317783358,-3.89107427796153,1.44109063968143,-1.5592335,0.59131753,-0.12034045,55.251846,81.09171,-6.344357,WAL
2045032320000,257.514932,-1.27111129020803,-4.15118435275481,1.62988018253982,-1.6542231,0.47769663,-0.09865474,55.539577,81.25811,-6.426808,WAL
2045037289000,257.519901,-1.20756135794249,-4.42859311353449,1.83313506232645,-1.7705929,0.38423425,-0.06872234,55.785816,81.41745,-6.4993334,WAL
2045042258000,257.52487,-1.21796632551656,-4.92803193735651,2.21811907986225,-1.8704693,0.31642818,0.01282817,56.003613,81.562805,-6.5888357,WAL
2045047318000,257.52993,-1.22219856058373,-5.54167925172113,2.65806572986522,-1.954158,0.2406809,0.05467244,56.188923,81.71011,-6.636795,WAL
2045052326000,257.534938,-1.20824705828566,-6.44852762949675,3.23007776112673,-1.9941696,0.16310102,0.16615535,56.349014,81.82012,-6.7247977,WAL
2045057324000,257.539936,-1.09918138129934,-7.92590023060178,4.12124200124807,-1.9749273,0.14905111,0.30940324,56.477543,81.89601,-6.802823,WAL
2045062457000,257.545069,-0.595048091940789,-11.8020191806308,6.35654972703173,-1.8716911,0.16829337,0.4098906,56.590374,81.939285,-6.897436,WAL
2045067405000,257.550017,-0.0311815825437215,-15.1183021922918,8.4184589631579,-1.6245961,0.24770586,0.48441613,56.671173,81.90126,-6.9844913,WAL
2045072325000,257.554937,0.968584613527559,-16.0477723622047,9.9454457,-1.2189816,0.32620203,0.46914452,56.753742,81.824104,-7.071618,WAL
2045077405000,257.560017,2.0008635314223,-17.00746920431,11.5220905421053,-0.5635232,0.2611449,0.33169982,56.65458,81.674286,-6.9131694,WAL
2045082379000,257.564991,3.21832282175492,-17.6770552172466,11.7845897065053,0.24129178,0.1518,-0.0009162979,56.579956,81.45854,-6.7117596,WAL
2045087268000,257.56988,4.48860543464448,-18.239001265759,11.5862560680787,0.93676186,0.10415252,-0.42638394,56.518944,81.16236,-6.4595356,WAL
2045092359000,257.574971,5.23515830941875,-18.591692504218,10.5572407180866,1.3090842,0.32284227,-0.68936145,56.352848,80.69961,-5.9756565,WAL
2045097404000,257.580016,5.76368045083897,-18.8559542530824,9.23593501376657,1.4117095,0.7098254,-0.7877107,56.258183,80.102615,-5.467429,WAL
2045102387000,257.584999,5.46832208078167,-18.08031005322,8.02763831628938,1.3481796,1.0546589,-0.7666359,56.239513,79.511795,-4.799049,WAL
2045107377000,257.589989,4.61172737570914,-16.5923080057285,6.88404037015615,1.1927143,1.2895365,-0.7415904,56.315887,78.863144,-4.1736555,WAL
2045112350000,257.594962,3.63343497772544,-14.8002619701019,5.88706173370506,1.0070114,1.3600914,-0.7156286,56.514248,78.38184,-3.556218,WAL
2045117343000,257.599955,2.47961215020188,-12.5753601459335,5.08260332101519,0.80939645,1.3655893,-0.67256266,56.752113,77.912315,-3.0058148,WAL
2045122276000,257.604888,1.33415453652844,-10.3749145537299,4.38238871923317,0.711658,1.3335189,-0.64996064,57.057953,77.53633,-2.59756,WAL
2045127309000,257.609921,0.154011159074807,-8.12510938526776,3.86513454582205,0.49968776,1.3008375,-0.61911196,57.350155,77.23648,-2.226148,WAL
2045132348000,257.61496,-0.830799635583396,-6.23887065890987,3.38624827605647,0.30482176,1.2690725,-0.57910025,57.66602,76.98098,-2.0187967,WAL
2045137377000,257.619989,-1.53773645302917,-4.87002476982049,2.96298669442782,0.09621128,1.2269229,-0.5195409,57.955727,76.78841,-1.8313677,WAL
2045142252000,257.624864,-2.1879322046146,-3.75221914556795,2.5978079306998,-0.071776666,1.1746938,-0.4120286,58.253605,76.63967,-1.7950094,WAL
2045147318000,257.62993,-2.7636304408215,-3.18636189694726,2.34686259311359,-0.23884831,1.0946705,-0.26083946,58.5198,76.54785,-1.785468,WAL
2045152315000,257.634927,-3.28576078398317,-2.85171779408135,2.12808471669004,-0.39920044,1.0326678,-0.07422013,58.809837,76.509224,-1.8937944,WAL
2045157320000,257.639932,-3.70255991568022,-3.03546807421225,1.97570645044413,-0.5751296,0.9896017,0.122478485,59.07073,76.51347,-2.045125,WAL
2045162290000,257.644902,-4.05703023164125,-3.28649149614767,1.8800401483748,-0.7852673,0.9138544,0.310625,59.31938,76.57079,-2.3119087,WAL
2045167287000,257.649899,-4.09543740023074,-3.9058066823435,2.08167767067616,-0.9868528,0.7281514,0.43371433,59.51541,76.660225,-2.6079617,WAL
2045172289000,257.654901,-4.12607503648174,-4.5689253762942,2.29946072784724,-1.1588113,0.38545597,0.50823987,59.660217,76.80334,-2.988738,WAL
2045177287000,257.659899,-4.11672465623169,-5.45254165550889,2.59867470211955,-1.3020593,-0.06841691,0.54305923,59.71511,76.97179,-3.376273,WAL
2045182360000,257.664972,-4.13282960649012,-6.43186008052965,2.88552302939202,-1.393689,-0.59986967,0.5702427,59.641804,77.14224,-3.7562492,WAL
2045187402000,257.670014,-4.3219403386796,-7.96275618396121,3.05662313953749,-1.3808609,-1.1340714,0.5687156,59.438915,77.30197,-4.111423,WAL
2045192671000,257.675283,-4.5290234775503,-9.58893455768386,3.20385126185748,-1.3213016,-1.5916094,0.6114761,59.09403,77.43597,-4.4457903,WAL
2045197318000,257.67993,-4.88877338546701,-11.5167250115104,2.74243282536684,-1.2287555,-1.8209893,0.66675943,58.66317,77.53676,-4.764817,WAL
2045202263000,257.684875,-5.2715931174765,-13.568139643353,2.25142482699236,-1.1377366,-1.8212948,0.6948592,58.18475,77.62652,-5.0770235,WAL
2045207305000,257.689917,-5.58404181023519,-15.1498645136772,1.68910537782376,-0.9651671,-1.600467,0.74036866,57.703667,77.64509,-5.4030046,WAL
2045212299000,257.694911,-5.85921236963763,-16.4919247621884,1.1049713324518,-0.6444628,-1.4086553,0.77182823,57.217514,77.58574,-5.7247405,WAL
2045217336000,257.699948,-4.60049469993048,-17.5893008550998,1.77380071325355,-0.15332718,-0.91324353,0.7654142,56.97389,77.5658,-6.084958,WAL
2045222306000,257.704918,-2.76166992368656,-18.5725286552786,2.92247534146886,0.13561209,-0.49296826,0.6942484,56.76979,77.50757,-6.42725,WAL
2045227281000,257.709893,-1.35589397639775,-17.4210228497952,2.794540235451,0.659429,-0.33628133,0.48655418,56.708153,77.38527,-6.7365465,WAL
2045232388000,257.715,-0.102778962261168,-15.306099790742,2.10509411666825,0.8906415,-0.44684792,0.1432479,56.700867,77.290886,-6.9793077,WAL
2045237381000,257.719993,0.608748615684,-13.1254411647495,1.24047005775739,0.77304995,-0.59437186,-0.1518,56.691414,77.21481,-6.865356,WAL
2045242310000,257.724922,0.999161702570586,-10.9041256261051,0.271168665776214,0.3943135,-0.63621616,-0.3155119,56.68642,77.17865,-6.701469,WAL
2045247317000,257.729929,1.1696396164328,-8.82925769953227,-0.375048290056127,-0.08735373,-0.6249151,-0.4288274,56.649406,77.29733,-6.3691044,WAL
2045252318000,257.73493,1.11488129142501,-6.93760691618335,-0.683686042057998,-0.5656612,-0.7312057,-0.5335908,56.57006,77.51664,-6.0003996,WAL
2045257307000,257.739919,0.804463309818328,-5.61939659384399,-0.941100330982555,-1.0115929,-0.9611965,-0.52198434,56.448402,77.89002,-5.6615367,WAL
2045262299000,257.744911,0.305970049690796,-4.7182741272709,-1.16158774173852,-1.3338243,-1.2250903,-0.4260785,56.287567,78.344765,-5.318988,WAL
2045267317000,257.749929,-0.239837823201203,-4.09777599470677,-1.57338731596992,-1.557401,-1.4957036,-0.30787608,56.048748,78.8578,-5.0174985,WAL
2045272311000,257.754923,-0.815195118320601,-3.68543650935338,-2.11997678598496,-1.704314,-1.7269161,-0.19975294,55.745316,79.41343,-4.736272,WAL
2045277282000,257.759894,-1.32836730355223,-3.48532778932412,-2.66127295447389,-1.7876972,-1.9065105,-0.12186762,55.422028,79.96927,-4.536768,WAL
2045282392000,257.765004,-1.81229205489631,-3.43364653663595,-3.21567214130184,-1.8194622,-2.0265455,-0.05589417,55.05469,80.52332,-4.3650355,WAL
2045287324000,257.769936,-2.14808248259368,-3.44377766540063,-3.69528582122474,-1.820073,-2.0772474,0.018936822,54.7165,81.09004,-4.3003907,WAL
2045292305000,257.774917,-2.36123281157713,-3.51159817633797,-4.12643090256931,-1.8368717,-2.1019874,0.09437868,54.36198,81.63847,-4.258333,WAL
2045297293000,257.779905,-2.45382168943319,-3.57308899717569,-4.47954217643163,-1.8258762,-2.0888536,0.18020524,53.977554,82.210495,-4.3375044,WAL
2045302315000,257.784927,-2.43976992018894,-3.6292963676081,-4.76526267452279,-1.8051068,-2.035403,0.28069258,53.602295,82.73093,-4.4490547,WAL
2045307309000,257.789921,-2.38452112582057,-3.71089834336582,-4.93346816361647,-1.765706,-1.892155,0.41263947,53.277737,83.20877,-4.63793,WAL
2045312319000,257.794931,-2.28430468161926,-3.8206592013328,-4.97641792590014,-1.7476854,-1.8090774,0.5549711,52.956543,83.587395,-4.863288,WAL
2045317333000,257.799945,-2.22002385002506,-4.08330566579449,-4.84443168909273,-1.7321084,-1.632232,0.63285637,52.72753,83.87384,-5.120252,WAL
2045322349000,257.804961,-2.19594503859649,-4.51672462350877,-4.51695970280702,-1.6884315,-1.5033394,0.7828238,52.515064,83.98345,-5.44155,WAL
2045327320000,257.809932,-2.16476177184102,-5.03635656370032,-4.24786901788945,-1.6420058,-1.4431691,0.9117164,52.356506,83.96592,-5.7654176,WAL
2045332355000,257.814967,-2.12511145735952,-5.66195069042485,-4.0364005359799,-1.6071864,-1.4358387,1.0403035,52.231174,83.7839,-6.1335826,WAL
2045337327000,257.819939,-2.08985731970188,-6.39597850356448,-3.87474939157485,-1.5332718,-1.4337007,1.1725558,52.149982,83.473816,-6.5165706,WAL
2045342310000,257.824922,-2.06408426195723,-7.41658808094621,-3.82835808139987,-1.4703526,-1.396438,1.2974777,52.09589,96.936966,-6.931086,WAL
2045347278000,257.82989,-1.96979337604073,-8.40097603968254,-3.85508781156035,-1.4434745,-1.3423764,1.4132367,52.120323,97.37939,-7.3355994,WAL
2045352281000,257.834893,-1.7832507498852,-9.34803864550265,-3.97944939584706,-1.4187346,-1.2186762,1.5445728,52.190388,97.87982,-7.772338,WAL
2045357288000,257.8399,-1.64368963885319,-10.3403311215027,-3.96632876249135,-1.3942999,-1.0635164,1.709201,52.301327,98.40974,-8.22667,WAL
2045362293000,257.844905,-1.56787044508156,-11.3923217547207,-3.76730363861592,-1.3548992,-0.9407325,1.8435913,52.451584,98.96745,-8.698953,WAL
2045367252000,257.849864,-1.48666136661909,-12.3703880019031,-3.46129893466553,-1.2822062,-0.8539896,1.9358319,52.62788,99.52606,-9.15882,WAL
2045372279000,257.854891,-1.39503975923494,-13.2636996306023,-2.98486624142164,-1.25319,-0.8356637,1.9346102,52.830624,100.09319,-9.619249,WAL
2045377259000,257.859871,-1.26022263806847,-13.9544854514607,-2.60878431353278,-1.2632693,-0.84329945,1.9031507,52.996677,100.63968,-10.065201,WAL
2045382375000,257.864987,-1.01428874725429,-14.1905820975806,-2.45630537724124,-1.2990049,-0.82986045,1.8460348,53.18128,101.17102,-10.492253,WAL
2045387356000,257.869968,-0.774930898709864,-14.2865146534568,-2.37226868701186,-1.3359623,-0.7489208,1.7684549,53.31593,101.61563,-10.857828,WAL
2045392335000,257.874947,-0.535849631015331,-14.1026056314724,-2.4228434880243,-1.3634512,-0.5815437,1.6533068,53.482693,102.030106,-11.185885,WAL
2045397290000,257.879902,-0.27614017731073,-13.8042109032326,-2.46597879247131,-1.3640621,-0.36071593,1.4676038,53.597294,102.39915,-11.458298,WAL
2045402231000,257.884843,0.0527062177255976,-13.1365531405707,-2.48590886251448,-1.3704761,-0.14049901,1.2363913,53.760826,102.72449,-11.67501,WAL
2045407210000,257.889822,0.347823177536593,-12.4526426609579,-2.49802267978692,-1.4138476,-0.025961773,1.0189233,53.918957,103.01503,-11.832402,WAL
2045412218000,257.89483,0.567497554196953,-11.7410887874141,-2.49324715311162,-1.4077389,0.1853976,0.9138544,54.168007,103.27036,-11.945829,WAL
2045417210000,257.899822,0.673548927642114,-11.0649593400721,-2.29323879407526,-1.3817772,0.27214047,0.71868294,54.391758,103.452034,-11.959216,WAL
2045422228000,257.90484,0.529264252341873,-10.4589635230184,-1.65838626293034,-1.3283265,0.13316862,0.52839845,54.608017,103.60858,-11.9453745,WAL
2045427229000,257.909841,0.325310447206836,-9.85560990944805,-1.14845686393636,-1.319469,-0.23548855,0.34483343,54.73457,103.75489,-11.898487,WAL
2045432264000,257.914876,-0.0109265115880967,-9.24943635955608,-0.902198782027107,-1.387275,-0.75228053,0.1441642,54.769814,103.86012,-11.805073,WAL
2045437233000,257.919845,-0.35968974346955,-8.67220411985717,-0.822526279646896,-1.4844025,-1.2733486,-0.036651913,54.63025,103.91281,-11.715289,WAL
2045442225000,257.924837,-0.75326404913906,-8.14585787934934,-1.1591982072803,-1.5760323,-1.7085901,-0.18417588,54.360996,103.93735,-11.596491,WAL
2045447242000,257.929854,-1.11904848342841,-7.69559351178575,-1.56553793560862,-1.6142114,-2.0234911,-0.27977628,53.96173,103.97098,-11.52164,WAL
2045452306000,257.934918,-1.40506930392536,-7.46115014084888,-2.16571300241709,-1.6114625,-2.194228,-0.31306845,53.47989,103.991005,-11.435015,WAL
2045457312000,257.939924,-1.6709016560421,-7.28313368302951,-2.71645479045292,-1.568091,-2.2476788,-0.29046643,52.986305,104.10069,-11.421408,WAL
2045462303000,257.944915,-1.87301619215373,-7.30559074427739,-3.1072094758504,-1.5137241,-2.244319,-0.23273966,52.467674,104.20402,-11.412509,WAL
2045467295000,257.949907,-2.06904686496166,-7.34752796197878,-3.48406156928894,-1.4498887,-2.1688771,-0.16310102,52.054287,104.3987,-11.458279,WAL
2045472310000,257.954922,-2.19515670652242,-7.61488103045899,-3.70097061686798,-1.3930782,-2.0173824,-0.08735373,51.675247,104.59427,-11.517556,WAL
2045477316000,257.959928,-2.30260926735862,-7.8989696149966,-3.86607955896789,-1.361924,-1.8206838,-0.0106901415,51.34548,104.88484,-11.645462,WAL
2045482360000,257.964972,-2.326038155631,-8.26445827577844,-3.79579323664759,-1.359786,-1.5894713,0.062308256,51.082317,105.17898,-11.782309,WAL
2045487367000,257.969979,-2.31193220034395,-8.61279152063679,-3.6806615598467,-1.3726143,-1.3545936,0.13225232,50.912823,105.501015,-11.937218,WAL
2045492305000,257.974917,-2.04703970252555,-8.85909465153302,-3.26241033944575,-1.3799446,-1.144456,0.20922135,50.814445,105.831894,-12.101638,WAL
2045497314000,257.979926,-1.77348964294199,-9.10323111443278,-2.81133028105326,-1.4144585,-0.98563105,0.28160888,50.68529,106.19926,-12.29242,WAL
2045502321000,257.984933,-1.44596795437537,-9.28360603425064,-2.06135315297961,-1.464244,-0.91721416,0.33108896,50.60002,106.57413,-12.488526,WAL
2045507391000,257.990003,-1.11707282604028,-9.46203022248244,-1.30192632235504,-1.5042557,-0.9822713,0.34116822,50.43628,106.88335,-12.651525,WAL
2045512302000,257.994914,-0.830697137884778,-9.58539178220141,-0.566161093635597,-1.5479325,-1.054048,0.33353242,50.2971,107.20158,-12.816759,WAL
2045517294000,257.999906,-0.539598087737705,-9.71078801639344,0.181739542032787,-1.5763378,-1.2357804,0.30604348,49.98916,107.392456,-12.944418,WAL
2045522313000,258.004925,-0.294642139480928,-9.67683051867873,0.409571375599685,-1.5567901,-1.4117095,0.28038713,49.6672,107.57349,-13.069664,WAL
2045528219000,258.010831,-0.0234323670034075,-9.61409490138304,0.592783038244137,-1.4880677,-1.5506815,0.24373524,49.307064,107.73411,-13.187511,WAL
2045532324000,258.014936,0.0356668382982562,-9.49589657306073,0.368206053983764,-1.251052,-1.5503759,0.23487769,48.846123,107.7054,-13.25823,WAL
2045537687000,258.020299,0.112877322593706,-9.34147571196633,0.0748062082862297,-1.1618657,-1.5085317,0.22632557,48.279423,107.663315,-13.310983,WAL
2045542309000,258.024921,0.076110056238818,-9.17351554357222,-0.247767739727611,-0.97494096,-1.4135422,0.22204952,47.734795,107.55316,-13.349436,WAL
2045547285000,258.029897,0.0330014312755051,-8.99150117589708,-0.597426583317921,-0.8145888,-1.2767084,0.2180789,47.220474,107.426674,-13.371712,WAL
2045552320000,258.034932,-0.0464106815384615,-8.80992553846154,-0.813291877692308,-0.69027776,-1.1487321,0.2284636,46.74933,107.31927,-13.390139,WAL
2045557241000,258.039853,-0.127821813346205,-8.63273653510822,-1.00963636234529,-0.5900958,-1.0549643,0.24678956,46.31306,107.1863,-13.396661,WAL
2045562313000,258.044925,-0.300269972040952,-8.50832997914494,-1.10994637117262,-0.54550266,-1.0115929,0.2648101,45.926712,107.118256,-13.413538,WAL
2045567278000,258.04989,-0.47605960703953,-8.39113734098019,-1.2000949381458,-0.58032197,-0.98929626,0.28069258,45.566006,107.047676,-13.425954,WAL
2045572335000,258.054947,-0.827942658189536,-8.19705511423826,-1.31199779448187,-0.63621616,-0.99204516,0.2919936,45.227436,107.02689,-13.460717,WAL
2045577332000,258.059944,-1.21212755744394,-7.98950646913352,-1.42681162758143,-0.6954701,-0.9987647,0.3213151,44.899567,107.017075,-13.499516,WAL
2045582394000,258.065006,-1.44573310956803,-7.88615445993322,-1.56007218290901,-0.8020661,-0.9932669,0.36377025,44.583874,107.07516,-13.576755,WAL
2045587380000,258.069992,-1.60018304356219,-7.83633191736227,-1.69957540615609,-0.9254609,-0.95539325,0.4089743,44.281807,107.14892,-13.656858,WAL
2045592308000,258.07492,-1.70411459639454,-7.89073155025052,-1.72990301982513,-1.0158689,-0.8698721,0.45631635,44.02455,107.318115,-13.816166,WAL
2045597275000,258.079887,-1.79290449125651,-7.97952124992632,-1.72522987260045,-1.0845913,-0.77946407,0.5174029,43.789627,107.51113,-13.983566,WAL
2045602314000,258.084926,-1.81275906115919,-8.12239198893137,-1.67256837301268,-1.1551461,-0.7141015,0.5705481,43.587296,107.76897,-14.182179,WAL
2045607289000,258.089901,-1.80317069730328,-8.28539407436104,-1.600655594033,-1.2027937,-0.68691796,0.627664,43.410385,108.04122,-14.39018,WAL
2045612286000,258.094898,-1.76658467896712,-8.48078339656364,-1.49892109901254,-1.217149,-0.6618725,0.65301496,43.236076,108.333725,-14.61384,WAL
2045617301000,258.099913,-1.71915927939173,-8.68945558057668,-1.38510020936111,-1.2394456,-0.6835582,0.6942484,43.06772,108.64279,-14.851899,WAL
2045622311000,258.104923,-1.64483062956383,-8.9127772707356,-1.24727040105799,-1.2495248,-0.72112644,0.7189884,42.865627,108.94247,-15.088134,WAL
2045627336000,258.109948,-1.55837264323785,-9.14333168360116,-1.09837060816449,-1.2305881,-0.7816021,0.7318166,42.659832,109.237564,-15.327383,WAL
2045632316000,258.114928,-1.5387677048921,-9.43964182560297,-0.923875277179963,-1.208597,-0.838718,0.7464773,42.406364,109.512726,-15.559306,WAL
2045637339000,258.119951,-1.54816220104482,-9.76844796474954,-0.735986187940631,-1.1902709,-0.88117313,0.73273283,42.146534,109.77159,-15.781182,WAL
2045642311000,258.124923,-1.58305105117949,-10.0982019860513,-0.575551367249231,-1.1575897,-0.9245446,0.7110472,41.815002,109.991066,-15.990633,WAL
2045647310000,258.129922,-1.63215302369231,-10.4320957067692,-0.428245326658462,-1.1453724,-0.95905846,0.6994407,41.48194,110.20058,-16.192194,WAL
2045652351000,258.134963,-1.67079355716005,-10.6658779378259,-0.362858405551544,-1.1114693,-1.0067059,0.6792821,41.088326,110.353516,-16.366236,WAL
2045657307000,258.139919,-1.70411072936221,-10.8515018066586,-0.334300862037706,-1.0711522,-1.047023,0.66675943,40.69555,110.49451,-16.532085,WAL
2045662295000,258.144907,-1.65580230179267,-10.9339589080281,-0.458738751847233,-0.9816604,-1.0781772,0.65240407,40.248318,110.59105,-16.683863,WAL
2045667324000,258.149936,-1.57134097194076,-10.9714970808652,-0.651123019456352,-0.8542951,-1.1242975,0.6560693,39.795456,110.66976,-16.831608,WAL
2045672324000,258.154936,-1.43502061360511,-11.0212297986248,-0.986900279469548,-0.6795876,-1.1630874,0.66767573,39.3087,110.725174,-16.978024,WAL
2045677370000,258.159982,-1.26887521460707,-11.0781940827112,-1.40463720618861,-0.46822822,-1.1640037,0.66920286,38.830338,110.74822,-17.113697,WAL
2045682971000,258.165583,-1.00668765499408,-11.1100446375839,-1.85925030679037,-0.24190263,-1.0897835,0.67347896,38.372417,110.76144,-17.244017,WAL
2045687387000,258.169999,-0.768768463521516,-11.1225665167785,-2.21404212866167,-0.016798794,-0.9605856,0.6563747,37.939762,110.73458,-17.356194,WAL
2045692294000,258.174906,-0.447991578618253,-11.0900527561335,-2.48963715950932,0.16157386,-0.7770206,0.60903263,37.576416,110.70471,-17.43928,WAL
2045697309000,258.179921,-0.0803606007576055,-11.0240678567223,-2.68759225146222,0.24770586,-0.5662721,0.5381723,37.264416,110.64402,-17.494905,WAL
2045702314000,258.184926,0.185521103714172,-11.0072437065814,-2.81648311974433,0.226631,-0.34880406,0.44929138,37.023468,110.575836,-17.501427,WAL
2045707339000,258.189951,0.368152814165585,-11.0312741769699,-2.88857453090982,0.10720685,-0.25137106,0.33964106,36.80708,110.48717,-17.47388,WAL
2045712384000,258.194996,0.391949803107747,-11.1478038860196,-2.8574786064114,0.01863139,-0.10598512,0.2843578,36.655815,110.37639,-17.38934,WAL
2045717338000,258.19995,0.288679097507668,-11.3355691617691,-2.74481968603938,-0.16310102,-0.031154128,0.14630222,36.50144,110.25002,-17.248972,WAL
2045722424000,258.205036,0.0516651970169294,-11.4581148542518,-2.47034373029772,-0.35888332,-0.031154128,0.026267206,36.4212760794059,110.185296873267,-17.1501998657426,WAL
2045727438000,258.21005,-0.294057713257443,-11.5188497221249,-2.06388570823117,-0.52381694,-0.02107485,-0.071776666,36.342247,110.12149,-17.052826,WAL
2045732318000,258.21493,-0.662576601114053,-11.4507755702658,-1.61625917383936,-0.64934975,-0.086437434,-0.14172074,36.181377,109.98929,-16.86144,WAL
2045737301000,258.219913,-1.07441032629205,-11.2401784602334,-1.10146707112092,-0.73364913,-0.18081611,-0.17012598,35.96975,109.86461,-16.636515,WAL
2045742306000,258.224918,-1.42510565067108,-11.0353478169617,-0.645738683235752,-0.7663304,-0.30451632,-0.16890424,35.680847,109.74986,-16.453323,WAL
2045747433000,258.230045,-1.69730133179343,-10.8347829876483,-0.263709601277864,-0.73792523,-0.44043383,-0.1518,35.361244,109.63693,-16.275415,WAL
2045752225000,258.234837,-1.84280933599881,-10.7583668513674,0.0270877878819857,-0.64568454,-0.5458081,-0.11484267,34.972546,109.550514,-16.173468,WAL
2045757282000,258.239894,-1.79961973987317,-10.8783378125248,0.214242621078478,-0.5348125,-0.63499445,-0.07574729,34.556816,109.46032,-16.082886,WAL
2045762231000,258.244843,-1.67721275726141,-11.1399721410788,0.309120251161826,-0.4184427,-0.6994407,-0.035430185,34.097893,109.37999,-16.047949,WAL
2045767229000,258.249841,-1.39625307801842,-11.6873591102115,0.231614118970752,-0.2968805,-0.7162395,-0.0033597588,33.6387,109.28812,-16.020811,WAL
2045772204000,258.254816,-1.08871909099907,-12.2511872707069,0.10334162036938,-0.16157386,-0.6927212,0.0070249503,33.16172,109.14959,-15.97811,WAL
2045777295000,258.259907,-0.722513356524334,-12.8632020530919,-0.122401616928696,-0.03481932,-0.6203337,-0.018325957,32.704212,108.99447,-15.929749,WAL
2045782243000,258.264855,-0.411527926297814,-13.3824487780055,-0.282247589733607,0.064751714,-0.4981606,-0.048563786,32.234818,108.774734,-15.824616,WAL
2045787260000,258.269872,-0.158353725655738,-13.8044059912178,-0.361950580275176,0.18203785,-0.38606682,-0.10293079,31.79244,108.526024,-15.700647,WAL
2045792211000,258.274823,0.0712770521395758,-14.2091860398788,-0.430470477007135,0.2941316,-0.26297748,-0.16798794,31.339615,108.2225,-15.508513,WAL
2045797234000,258.279846,0.26875340784674,-14.5994369562115,-0.482190468384322,0.40775254,-0.12675454,-0.26175576,30.930378,107.88875,-15.288115,WAL
2045802202000,258.284814,0.450376051043239,-14.958166944331,-0.539885128606943,0.5299256,-0.042760566,-0.33841935,30.515879,107.49401,-15.008139,WAL
2045807218000,258.28983,0.603917855209092,-15.2609858437361,-0.612391005563349,0.59406644,0.12156218,-0.37507126,30.171764,107.08943,-14.708535,WAL
2045812262000,258.294874,0.748124071836691,-15.5529787568489,-0.682219635785097,0.7324274,0.27030787,-0.44165558,29.8084,106.61469,-14.354881,WAL
2045817299000,258.299911,0.76355052194862,-15.6866737629251,-0.713072428621682,0.8872818,0.37293324,-0.49877146,29.487345,106.13608,-13.996792,WAL
2045822211000,258.304823,0.762243787721421,-15.7304178743587,-0.730457916151389,1.0690142,0.41141775,-0.5726862,29.180561,105.600136,-13.588973,WAL
2045827288000,258.3099,0.689295133629368,-15.3962661580679,-0.692807014872713,1.2599095,0.38240165,-0.67256266,28.88817,105.03813,-13.167118,WAL
2045832273000,258.314885,0.617668377543316,-15.0681695841642,-0.655838383225244,1.4895949,0.31398472,-0.7791586,28.590431,104.44278,-12.733022,WAL
2045837216000,258.319828,0.546645096633917,-14.7428373143936,-0.61918122249637,1.7253889,0.24129178,-0.893085,28.286674,103.81433,-12.280502,WAL
2045842293000,258.324905,0.465317568253531,-14.3797292817832,-0.581669372177582,1.971873,0.15088372,-1.0079277,27.96218,103.14959,-11.810715,WAL
2045847272000,258.329884,0.277245137204183,-13.6493083376445,-0.546679132267474,2.209805,0.06383542,-1.1258247,27.622225,102.45126,-11.319785,WAL
2045852223000,258.334835,0.0902303538891946,-12.9229950027518,-0.511885664142359,2.4541512,0.023823744,-1.2394456,27.285454,101.76025,-10.849896,WAL
2045857214000,258.339826,-0.249102479100923,-12.2838357537958,-0.619883665227746,2.6838365,0.046731193,-1.3552046,26.947338,101.04462,-10.3536625,WAL
2045862251000,258.344863,-0.612912812727002,-11.6519549255731,-0.749132055534385,2.9049697,0.115453534,-1.4395039,26.61795,100.32143,-9.841532,WAL
2045867241000,258.349853,-1.10828515950489,-11.3450401600448,-0.812581682385901,3.0921998,0.21594086,-1.5008959,26.338299,99.64736,-9.3571825,WAL
2045872183000,258.354795,-1.61937208829462,-11.089496569784,-0.865619018958843,3.22995,0.30787608,-1.5271631,26.08217,99.002174,-8.86499,WAL
2045877237000,258.359849,-2.18725476206204,-11.1218761928521,-0.754493924011645,3.311806,0.38698313,-1.5228871,25.907452,98.47304,-8.436011,WAL
2045882219000,258.364831,-2.75245648520229,-11.1889338828431,-0.62516810608975,3.3362405,0.47250426,-1.5155567,25.764938,98.00713,-8.0071,WAL
2045887271000,258.369883,-3.3129015905966,-11.5288859845911,-0.565258622813117,3.2989779,0.5338962,-1.5070046,25.691462,82.29771,-7.6690083,WAL
2045892181000,258.374793,-3.8563220484196,-11.8865215772422,-0.514167803077835,3.2348368,0.54550266,-1.4770721,25.630684,82.51602,-7.3465443,WAL
2045897241000,258.379853,-4.71004188979554,-12.4669403981888,-1.01806612545047,3.1175508,0.537256,-1.4278975,25.639805,82.57652,-7.118167,WAL
2045902247000,258.384859,-5.59627251688918,-13.0711885742694,-1.59545878237886,2.962391,0.5314528,-1.3658947,25.653608,82.56945,-6.9091306,WAL
2045907347000,258.389959,-6.27548406061082,-13.5094594557596,-1.81484954734361,2.8704557,0.5458081,-1.3326025,25.740774,82.430244,-6.78781,WAL
2045912287000,258.394899,-6.8608701311205,-13.8764874357262,-1.90776802205637,2.643214,0.56779927,-1.2846496,25.826345,82.27123,-6.693054,WAL
2045917360000,258.399972,-7.60776934828102,-14.2260386254111,-2.02859102828102,2.4156666,0.48258355,-1.269378,25.95071,82.01631,-6.7593074,WAL
2045922309000,258.404921,-8.39179254210264,-14.5566505660189,-2.15611287543597,2.2327125,0.2837469,-1.3136657,26.045073,81.79354,-6.815407,WAL
2045927368000,258.40998,-8.47611366964755,-14.3573610278801,-2.36957203976854,2.1380284,0.0888809,-1.4492778,26.181723,81.53756,-6.930669,WAL
2045932420000,258.415032,-8.27674879852709,-13.9459060568122,-2.61559668858496,2.0690005,0.04062254,-1.625207,26.29965,81.33683,-7.0101666,WAL
2045937410000,258.420022,-7.75593589702181,-13.2446634588926,-2.99139829844799,1.9263636,0.089186326,-1.7143933,26.47913,81.089424,-7.1737638,WAL
2045942334000,258.424946,-6.85593305318792,-12.2012536073826,-3.52052087701342,1.7519615,0.23762658,-1.6963727,26.664806,80.888504,-7.3051386,WAL
2045947333000,258.429945,-6.00200238127521,-11.211476296074,-3.9403814980616,1.6218473,0.4822781,-1.5604553,26.879795,80.72372,-7.4252753,WAL
2045952345000,258.434957,-5.19910740105284,-10.2810625824068,-4.25681668003542,1.5809193,0.7816021,-1.4080443,27.144102,80.57412,-7.5518637,WAL
2045957338000,258.43995,-4.373408504,-9.63426754666667,-4.22809640266667,1.638646,1.0968086,-1.2547172,27.451777,80.49051,-7.617239,WAL
2045962335000,258.444947,-3.52102390592366,-9.26895963653944,-3.85304716527226,1.8051068,1.4544702,-1.1508701,27.850336,80.3744,-7.7206564,WAL
2045967429000,258.450041,-2.76958958188205,-9.11624125133584,-3.09791030697605,1.9868392,1.6881261,-1.0537425,28.317202,80.28068,-7.758885,WAL
2045972341000,258.454953,-2.14119337796359,-9.14882492994261,-2.0645476508114,2.1450534,1.736079,-0.9786061,28.826466,80.14454,-7.830251,WAL
2045977355000,258.459967,-1.52445351666667,-9.28592344444444,-1.47163598282828,2.2198844,1.6270396,-0.9673051,29.327183,80.04178,-7.782455,WAL
2045982459000,258.465071,-0.920463830711974,-9.52560221898598,-1.31344822187898,2.20278,1.4746287,-0.947452,29.82199,79.905945,-7.765699,WAL
2045987400000,258.470012,-0.436669787738739,-9.80411711211211,-1.11694615049049,2.1762075,1.459357,-0.91996306,30.242958,79.756355,-7.6546025,WAL
2045992349000,258.474961,-0.0571253153693694,-10.1314743893894,-0.874986518578579,2.166739,1.493871,-0.9086621,30.628523,79.59681,-7.5489335,WAL
2045997304000,258.479916,0.209959616827968,-10.4041059752123,-0.669632133444598,2.1743748,1.5488489,-0.91782504,30.990047,79.47599,-7.338481,WAL
2046002349000,258.484961,0.353101004246494,-10.618817408651,-0.502633854765949,2.187203,1.5778649,-0.9477574,31.34878,79.34359,-7.1337466,WAL
2046007292000,258.489904,0.485540516780263,-10.792205937314,-0.549274044220025,2.1954496,1.6221527,-0.9560041,31.701147,79.206795,-6.871439,WAL
2046012344000,258.494956,0.610942728319094,-10.9222528656043,-0.865101844147067,2.1881194,1.6410894,-0.97433007,32.050045,79.060165,-6.607611,WAL
2046017279000,258.499891,0.718918190132653,-10.9294164466837,-1.13390275112245,2.1566598,1.7119498,-0.98624194,32.425045,78.890915,-6.3252187,WAL
2046022349000,258.504961,0.803145220642857,-10.7163716839286,-1.33703850928571,2.087021,1.8035797,-0.97249746,32.804607,78.71473,-6.0575523,WAL
2046027290000,258.509902,0.801765449604724,-10.4492678970854,-1.56765181306791,2.0299053,1.8365663,-0.9315695,33.212635,78.54899,-5.7750864,WAL
2046032434000,258.515046,0.670384700901038,-10.0785865731498,-1.85856635045242,1.997224,1.8463402,-0.8772025,33.63299,78.37764,-5.5142727,WAL
2046037298000,258.51991,0.495052637858888,-9.6638681962307,-2.12641476941945,1.9587394,1.8768835,-0.8374963,34.089504,78.212166,-5.255947,WAL
2046042347000,258.524959,0.19281589628033,-9.08229120077659,-2.38743745403921,1.9367483,1.9822577,-0.77732605,34.56083,78.03313,-5.0328403,WAL
2046047258000,258.52987,-0.104087883006908,-8.52545295038727,-2.59620682392715,1.9526308,2.0134118,-0.72387534,35.057133,77.84411,-4.8505096,WAL
2046052353000,258.534965,-0.42583914242286,-7.98920105400879,-2.60131398281348,1.9291124,1.9828686,-0.70157874,35.559322,77.666214,-4.686315,WAL
2046057269000,258.539881,-0.712555903541626,-7.52343960173685,-2.58110930401708,1.8845193,1.9138408,-0.6908886,36.110973,77.46458,-4.608344,WAL
2046062340000,258.544952,-0.943453944343101,-7.18416072037648,-2.49157736947409,1.8029687,1.851838,-0.68936145,36.650974,77.28202,-4.538851,WAL
2046067294000,258.549906,-1.15842276100137,-6.87311668609427,-2.39897229579503,1.7101172,1.7767016,-0.6973027,37.204704,77.080475,-4.535459,WAL
2046072345000,258.554957,-1.33817563099941,-6.63186929881674,-2.28544418037356,1.611768,1.7259997,-0.6908886,37.74311,76.907486,-4.5395627,WAL
2046077315000,258.559927,-1.4965870602876,-6.39500714368167,-2.2117679630651,1.5057828,1.670411,-0.7107417,38.289486,76.72706,-4.587828,WAL
2046082435000,258.565047,-1.56902858023244,-6.15353547777012,-2.32284498384714,1.3942999,1.6453656,-0.72692966,38.826103,76.581184,-4.6421413,WAL
2046087432000,258.570044,-1.64764804999483,-5.92085703845439,-2.40437619682818,1.2959507,1.6349808,-0.72143185,39.373985,76.42556,-4.74049,WAL
2046092351000,258.574963,-1.76445760517615,-5.70670606870545,-2.3508383781589,1.2339478,1.6154331,-0.7507534,39.91204,76.30273,-4.826119,WAL
2046097295000,258.579907,-1.86343962755326,-5.47723325226904,-2.23323215996943,1.1527027,1.6197093,-0.7669413,40.480564,76.19977,-4.9432025,WAL
2046102353000,258.584965,-1.89120663168052,-5.1856801680042,-1.85837801499952,1.03786,1.6022996,-0.77946407,41.036198,76.131874,-5.053755,WAL
2046107306000,258.589918,-1.91992864162514,-4.90160719600422,-1.51300508561709,0.9673051,1.5647314,-0.79229224,41.61262,76.041245,-5.19847,WAL
2046112332000,258.594944,-1.96143850854734,-4.62487450905519,-1.33774115489651,0.81183994,1.591304,-0.82527894,42.201153,76.01416,-5.3389235,WAL
2046117428000,258.60004,-2.00269943595551,-4.3503366122858,-1.15414972217657,0.6713409,1.6163495,-0.8219192,42.785007,75.922714,-5.503714,WAL
2046122352000,258.604964,-2.02632713572502,-4.20384477502756,-0.861165998316465,0.54153204,1.6166549,-0.8341365,43.367554,75.88319,-5.655346,WAL
2046127579000,258.610191,-2.05125987276265,-4.05144967426348,-0.550176629891606,0.40622538,1.5778649,-0.8454375,43.977596,75.83829,-5.8021026,WAL
2046132423000,258.615035,-2.0727487614786,-3.94400567945155,-0.262226521850102,0.2764165,1.5537357,-0.84391034,44.58599,75.833336,-5.9502716,WAL
2046137360000,258.619972,-2.0946502155642,-3.83449886640726,0.0312519429312581,0.14813483,1.5112807,-0.8384125,45.189625,75.8224,-6.0776696,WAL
2046142343000,258.624955,-2.1561587169795,-3.75325600127292,0.293337496100324,0.022602014,1.4679092,-0.81336707,45.779152,75.84714,-6.2098985,WAL
2046147652000,258.630264,-2.22883562930591,-3.68155593881748,0.550309428020565,-0.0852157,1.4349225,-0.784351,46.35414,75.902954,-6.343105,WAL
2046152345000,258.634957,-2.30723587390746,-3.72694550422328,0.599825360640837,-0.17959438,1.4266758,-0.7498371,46.92508,75.95568,-6.4474554,WAL
2046157319000,258.639931,-2.39033044383033,-3.77505283393316,0.652306129627249,-0.26358834,1.4285084,-0.711658,47.4745,76.01241,-6.5494075,WAL
2046162344000,258.644956,-2.38773648587873,-3.77080701440905,0.656789171469683,-0.3491095,1.4333953,-0.69027776,48.01766,76.09113,-6.6566296,WAL
2046167292000,258.649904,-2.36892691699911,-3.75669983774933,0.652086779249777,-0.44684792,1.426065,-0.65209866,48.550976,76.18596,-6.778792,WAL
2046172344000,258.654956,-2.30227301801892,-3.64746098711797,0.603824134136386,-0.56107974,1.4144585,-0.61666846,49.111225,76.28391,-6.907445,WAL
2046177291000,258.659903,-2.22681021433549,-3.52011757361872,0.547227055998009,-0.67347896,1.3946054,-0.5626069,49.660244,76.39539,-7.05024,WAL
2046182463000,258.665075,-2.13239778202847,-3.38774419491894,0.512347818777185,-0.77549344,1.3695599,-0.5174029,50.19837,76.52617,-7.1954613,WAL
2046187297000,258.669909,-2.04087089483986,-3.26418293066429,0.48488975739917,-0.8961393,1.3228287,-0.47433686,50.718655,76.676605,-7.3510838,WAL
2046192349000,258.674961,-1.92895757794353,-3.14903479561474,0.562943276837205,-1.0149527,1.25319,-0.42180246,51.21622,76.844154,-7.50763,WAL
2046197268000,258.67988,-1.81576182376852,-3.04055547989588,0.666706080226272,-1.1349876,1.205848,-0.3744604,51.702446,77.027145,-7.6713233,WAL
2046202351000,258.684963,-1.77568489373143,-2.95977662507427,1.03103458728461,-1.1911873,1.0815369,-0.3491095,52.136803,77.21538,-7.8198614,WAL
2046207242000,258.689854,-1.75713062513369,-2.89019829946524,1.4485048315508,-1.3029755,0.947452,-0.2828306,52.548748,77.41785,-7.9881477,WAL
2046212340000,258.694952,-1.73804829024034,-2.93469810434952,1.75817205342999,-1.4312572,0.78038037,-0.23060162,52.936672,77.61538,-8.1033,WAL
2046217263000,258.699875,-1.71969795983264,-3.01268705648536,2.01966450125523,-1.5561792,0.60139686,-0.19394971,53.279125,77.816986,-8.224095,WAL
2046222348000,258.70496,-1.69734459682354,-3.33673564365195,2.31707031189711,-1.677436,0.4007276,-0.14263703,53.51434,77.99627,-8.32439,WAL
2046227335000,258.709947,-1.67407678935984,-3.7509029566501,2.61955190610932,-1.7880026,0.19730948,-0.11484267,53.695526,78.18532,-8.419496,WAL
2046232476000,258.715088,-1.72007921439196,-4.29440182906533,3.08910238838191,-1.9120082,-0.017104227,-0.07513642,53.7839,78.35867,-8.505417,WAL
2046237323000,258.719935,-1.79472247854271,-4.85889143809045,3.60227488422111,-2.0402899,-0.27580565,-0.0076358155,53.797695,78.53008,-8.59669,WAL
2046242342000,258.724954,-1.80041713298039,-5.95145203788235,4.23029325223529,-2.130698,-0.49449542,0.10048734,53.747612,78.67126,-8.67071,WAL
2046247339000,258.729951,-1.77226692540196,-7.27920226241176,4.90120575717647,-2.1707096,-0.6243043,0.17501289,53.646866,78.807655,-8.7473345,WAL
2046252344000,258.734956,-1.59162901816125,-9.35805123146853,5.77108163385438,-2.1398609,-0.6728681,0.3023783,53.46384,78.866295,-8.839375,WAL
2046257329000,258.739941,-1.32651380965652,-11.847188970979,6.74808042354998,-2.0140228,-0.6386596,0.45081854,53.263485,78.8857,-8.95512,WAL
2046262337000,258.744949,-0.552825768161656,-13.7968699186792,8.14089435998029,-1.7528778,-0.4718934,0.55863625,53.05816,78.823975,-9.029678,WAL
2046267345000,258.749957,0.444680111621488,-15.5035025266634,9.71515701263677,-1.3313808,-0.2932153,0.61391956,52.86261,78.69451,-9.1289625,WAL
2046272341000,258.754953,1.81973239298627,-16.6407755571471,10.6634114509533,-0.6942484,-0.21105394,0.55863625,52.666935,78.47663,-9.091239,WAL
2046277381000,258.759993,3.39796136858639,-17.5037955235602,11.3071005549738,0.14019357,-0.1563815,0.26267207,52.523758,78.19457,-9.008055,WAL
2046282454000,258.765066,4.80323643341375,-18.0912814680338,10.8488822484922,0.9101892,0.0009162979,-0.16554448,52.29382,77.855675,-8.639865,WAL
2046287363000,258.769975,6.06975848276035,-18.5166062485927,9.84228064616003,1.3787229,0.32803464,-0.54275376,52.15865,77.418625,-8.243882,WAL
2046292349000,258.774961,6.09558855183127,-18.2454476700744,8.61069696816874,1.5674802,0.75441855,-0.66798115,52.06049,76.92165,-7.6032963,WAL
2046297306000,258.779918,5.46419624884367,-17.6093432896278,7.27723361115633,1.5540411,0.98532563,-0.6579019,52.024582,76.3344,-6.965857,WAL
2046302349000,258.784961,4.40942615931035,-16.0592488068966,6.13160018137931,1.4941764,1.3213016,-0.6542367,52.146923,75.88727,-6.2307153,WAL
2046307350000,258.789962,3.12708191212982,-14.0045838992901,5.11641107868154,1.3017539,1.5125023,-0.6267477,52.296215,75.417496,-5.569633,WAL
2046312345000,258.794957,1.89041636954762,-11.8219234405098,4.42182298146707,1.0793989,1.565953,-0.59131753,52.587532,75.060776,-5.0534186,WAL
2046317452000,258.800064,0.648546121282226,-9.52374959227551,3.87463871059442,0.8680395,1.527774,-0.5525276,52.89947,74.730156,-4.583455,WAL
2046322344000,258.804956,-0.254040925748859,-7.55640672644317,3.57312735734973,0.65668017,1.4596626,-0.5155703,53.28054,74.46561,-4.312516,WAL
2046327365000,258.809977,-1.00283763607816,-5.6820301250248,3.40142882899226,0.4709771,1.3775011,-0.47219884,53.634373,74.24618,-4.0623794,WAL
2046332352000,258.814964,-1.5772401570937,-4.36844661595713,3.25421613034117,0.27397305,1.2742649,-0.39003745,53.98333,74.05068,-4.002547,WAL
2046337349000,258.819961,-2.03833733721365,-3.42272680616459,3.12247391745158,0.058337633,1.176221,-0.26939157,54.293716,73.911385,-3.9634473,WAL
2046342338000,258.82495,-2.42898480748441,-2.93561976278586,2.9030465966736,-0.14813483,1.1016954,-0.12461651,54.586407,73.77583,-4.032902,WAL
2046347371000,258.829983,-2.76778338738739,-2.80678084234234,2.6119661981982,-0.36468655,1.070236,0.036651913,54.850685,73.693306,-4.1370077,WAL
2046352349000,258.834961,-3.03607778128707,-3.01467193947212,2.4727161967675,-0.56199604,1.0454959,0.19456059,55.09913,73.62906,-4.3333874,WAL
2046357393000,258.840005,-3.25095961066627,-3.51128749577896,2.45839070823448,-0.7357872,0.9611965,0.32803464,55.310207,73.60293,-4.5617523,WAL
2046362360000,258.844972,-3.35928521538233,-4.35648959143112,2.57997633635823,-0.9007208,0.7684685,0.44257188,55.50312,73.63603,-4.8695607,WAL
2046367338000,258.84995,-3.37346947911336,-5.52905613374988,2.82583710517703,-1.0772609,0.42424592,0.5216789,55.62162,73.70155,-5.1873627,WAL
2046372329000,258.854941,-3.46642258428923,-7.01278030458436,2.74761366798426,-1.2040154,-0.049785517,0.56382865,55.657326,73.79695,-5.5290804,WAL
2046377334000,258.859946,-3.63932011644204,-8.81248683757337,2.340518509273,-1.2867876,-0.66889745,0.5849035,55.55152,73.908615,-5.850311,WAL
2046397393000,258.880005,-4.33225749855058,-16.0253366567995,0.708965704360059,-0.86193085,-1.8258762,0.77182823,53.980347,74.30086,-6.827393,WAL
2046402211000,258.884823,-4.31597849589616,-17.3140332790814,0.603448796603095,-0.5815437,-1.5180001,0.77824235,53.610104,74.441414,-7.059696,WAL
2046407264000,258.889876,-3.99707233890165,-17.9325174518223,0.965842277455816,-0.37965274,-1.0360274,0.70371675,53.298645,74.540375,-7.279921,WAL
2046412207000,258.894819,-3.24579711700596,-18.3856215973679,1.351647269854,0.183565,-0.732122,0.53878313,53.14859,74.649055,-7.47853,WAL
2046417253000,258.899865,-1.73037519584619,-18.5893350403043,1.79882087411063,0.77549344,-0.84391034,0.27214047,53.03305,74.70611,-7.622564,WAL
2046422174000,258.904786,-0.55376475,-17.595412,1.52890899264706,1.0800097,-1.1682798,-0.108123146,52.93773,74.72354,-7.630332,WAL
2046427264000,258.909876,0.24220485367893,-14.9006230033445,0.263029622639189,0.98837996,-1.4040737,-0.52320606,52.853527,74.73312,-7.5502133,WAL
2046432194000,258.914806,0.65088674510149,-12.2343832742726,-0.842401853364664,0.5876524,-1.2812898,-0.76052725,52.68493,74.78591,-7.2616625,WAL
2046437251000,258.919863,0.500769025059494,-9.41120140215978,-1.78669077093791,0.007941248,-0.9669997,-0.8530733,52.52073,74.93274,-6.9080873,WAL
2046442175000,258.924787,0.246439719614224,-7.11316207251462,-2.24710000159404,-0.5839872,-0.81092364,-0.89552844,52.363186,75.2702,-6.483652,WAL
2046447261000,258.929873,-0.190008654294473,-5.46384662923977,-1.98523091872288,-1.071763,-0.9098838,-0.8378017,52.218506,75.71606,-6.0757537,WAL
2046452315000,258.934927,-0.687252815276684,-4.04718072911579,-1.75070743616581,-1.3949108,-1.0677924,-0.69913524,52.129223,76.2722,-5.7542906,WAL
2046457347000,258.939959,-1.33732149109393,-3.17884070461796,-1.57988644530327,-1.6093245,-1.237613,-0.5403103,52.00292,76.90824,-5.455949,WAL
2046462294000,258.944906,-1.92775845822701,-2.4774847963425,-1.52678607694925,-1.7421877,-1.3729197,-0.41386122,51.837093,77.48424,-5.2497053,WAL
2046467414000,258.950026,-2.39580102509215,-2.19943976316983,-1.80946523997732,-1.8600847,-1.5118915,-0.3023783,51.619987,78.08198,-5.082674,WAL
2046472280000,258.954892,-2.82671588309011,-1.97349948568221,-2.09133354013675,-1.9416351,-1.6200147,-0.17379116,51.337067,78.63527,-5.0394473,WAL
2046477388000,258.96,-3.19114465484233,-1.97849165778141,-2.47073882818655,-2.0018053,-1.7492126,-0.007330383,51.004795,79.18152,-5.0366483,WAL
2046482433000,258.965045,-3.55031725173001,-2.03263784693704,-2.82362329980147,-2.0164661,-1.8750509,0.19058995,50.649128,79.71953,-5.1466203,WAL
2046487362000,258.969974,-3.89839057606353,-2.26914909483834,-3.0869095765173,-2.0069978,-2.0534234,0.39828414,50.235397,80.21437,-5.306273,WAL
2046492340000,258.974952,-4.22908767373016,-2.52247764539683,-3.36523684166667,-1.9669861,-2.1438315,0.58184916,49.834473,80.66484,-5.572232,WAL
2046497329000,258.979941,-4.30492675947421,-2.95381312301587,-3.79657226979167,-1.9065105,-2.2574525,0.6609562,49.374798,81.03691,-5.868106,WAL
2046502431000,258.985043,-4.36487213532437,-3.39701149205894,-4.22034515155261,-1.8747455,-2.2464569,0.82863873,48.949646,81.28822,-6.3018684,WAL
2046507345000,258.989957,-4.21594663967563,-3.84844165169106,-4.42511739219739,-1.8044959,-2.175291,0.9841039,48.512157,81.41605,-6.760104,WAL
2046512611000,258.995223,-4.05239171129971,-4.34239465189137,-4.61207294495635,-1.7263051,-2.0922134,1.1383474,48.128548,81.43374,-7.2809505,WAL
2046517386000,258.999998,-3.8661038628516,-4.88795206459748,-4.47013942774006,-1.6633861,-2.0137172,1.2971723,47.76876,81.29418,-7.853273,WAL
2046522683000,259.005295,-3.65069671029867,-5.53837315370606,-4.32008616900382,-1.6264287,-1.9572122,1.4395039,47.465015,81.04988,-8.434941,WAL
2046527379000,259.009991,-3.27804011842105,-7.05357009473684,-4.34056178947368,-1.5964963,-1.8887954,1.5668694,47.198185,80.665825,-9.0588875,WAL
2046532362000,259.014974,-2.88260830468039,-8.66136957454016,-4.36228879475505,-1.5757269,-1.7131716,1.6951511,47.019306,80.20744,-9.66534,WAL
2046537368000,259.01998,-2.53106598369181,-9.76236930071696,-4.37460571463193,-1.5668694,-1.4630222,1.8133535,46.897457,79.66031,-10.299946,WAL
2046542240000,259.024852,-2.20125952770878,-10.6952507887509,-4.38402870281733,-1.5406022,-1.2425,1.883603,46.834064,79.04656,-10.950551,WAL
2046547347000,259.029959,-1.77221596991707,-11.688608894195,-4.26944828753217,-1.5231925,-1.0647382,1.956296,47.048706,101.42969,-11.426525,WAL
2046552250000,259.034862,-1.33806828896197,-12.6464188940044,-4.12622423129349,-1.5250251,-0.8054258,2.0412061,47.360558,101.94516,-11.918709,WAL
2046557342000,259.039954,-0.862756944836272,-13.4504922997481,-3.95813993828715,-1.5015068,-0.61483586,2.0992384,47.582504,102.470535,-12.39573,WAL
2046562303000,259.044915,-0.388848270102771,-14.1493884826196,-3.7858095938136,-1.500285,-0.47952923,2.1044307,47.874554,103.01748,-12.872256,WAL
2046567383000,259.049995,0.0506337481859772,-14.4348465167578,-3.59719341515664,-1.5008959,-0.35460728,2.058005,48.13166,103.50559,-13.2720375,WAL
2046572330000,259.054942,0.460554423757335,-14.5432160743909,-3.40872422781701,-1.5457945,-0.19028452,1.9532416,48.446262,103.98915,-13.647476,WAL
2046577393000,259.060005,0.836574748767149,-14.2652669237392,-3.12861482228215,-1.5775595,-0.01038471,1.8115209,48.70882,104.3973,-13.933346,WAL
2046582478000,259.06509,1.19597005878702,-13.8229344698647,-2.81068815154698,-1.6224581,0.16554448,1.606881,49.01942,104.771545,-14.164472,WAL
2046587358000,259.06997,1.42594013912454,-13.2360117244398,-2.36829289030745,-1.6658295,0.29260445,1.3680327,49.32086,105.05215,-14.28959,WAL
2046592343000,259.074955,1.58515761015112,-12.5294836999479,-1.82595814095883,-1.6890424,0.30909783,1.0897835,49.636776,105.28031,-14.343904,WAL
2046597311000,259.079923,1.84573669136548,-11.7259138261214,-1.53685319603921,-1.7342464,0.2321288,0.94959,49.88303,105.473854,-14.35478,WAL
2046602347000,259.084959,2.16092636273889,-10.8615299790078,-1.36970721410041,-1.7519615,0.050396383,0.68233645,50.091194,105.572495,-14.255946,WAL
2046607342000,259.089954,2.1943988420682,-10.0957036790061,-1.11434884511619,-1.6988163,-0.20922135,0.46639562,50.186012,105.632484,-14.145237,WAL
2046612326000,259.094938,2.07916506204607,-9.38029337018409,-0.811860053485565,-1.6197093,-0.5925393,0.31429017,50.18415,105.648346,-13.991268,WAL
2046617407000,259.100019,1.71289356558824,-8.88231912911765,-0.908672800088235,-1.5436565,-1.0662653,0.17898351,50.036335,105.61451,-13.79613,WAL
2046622347000,259.104959,1.23516117931373,-8.51126555852941,-1.20087811048039,-1.5296066,-1.498147,0.02107485,49.782467,105.54219,-13.568032,WAL
2046627403000,259.110015,0.739233603446902,-8.24562930056508,-1.59659482250585,-1.500285,-1.7910569,-0.13408493,49.398834,105.44666,-13.357002,WAL
2046632467000,259.115079,0.238388228771142,-8.04718059362821,-2.05019058415822,-1.4569136,-1.9388863,-0.25961772,48.928413,105.31789,-13.122577,WAL
2046637363000,259.119975,-0.214065429362363,-7.99286285717166,-2.41998219887108,-1.3836098,-1.9547688,-0.34880406,48.442417,105.2613,-12.945247,WAL
2046642345000,259.124957,-0.651698765247253,-8.03614514343312,-2.74700497742163,-1.3051136,-1.9080375,-0.39767328,47.930866,105.17834,-12.748712,WAL
2046647350000,259.129962,-0.971208086190663,-8.09550173126716,-2.9157451561887,-1.2315043,-1.7886134,-0.38698313,47.5102,105.187416,-12.616005,WAL
2046652344000,259.134956,-1.20574407653982,-8.16586246959592,-2.97203369787171,-1.1814134,-1.6542231,-0.33964106,47.10953,105.18689,-12.479362,WAL
2046657340000,259.139952,-1.40795446163714,-8.30700200183262,-2.92292684529627,-1.1560625,-1.5283848,-0.2556471,46.753582,105.287735,-12.433838,WAL
2046662330000,259.144942,-1.5831099645897,-8.50648515190389,-2.78669481566891,-1.1371256,-1.4477507,-0.15790866,46.42909,105.39513,-12.403033,WAL
2046667381000,259.149993,-1.74611060805687,-8.75787653080569,-2.58703143222749,-1.1472049,-1.352761,-0.05222898,46.14076,105.56064,-12.435871,WAL
2046672347000,259.154959,-1.8963741778436,-9.03962054028436,-2.34754882804107,-1.1478158,-1.2223413,0.015577064,45.892654,105.73167,-12.479684,WAL
2046677401000,259.160013,-1.86463988497065,-9.19165411663405,-1.91051113111546,-1.1236867,-1.0903945,0.07727446,45.64378,105.91856,-12.577463,WAL
2046682456000,259.165068,-1.68937586300391,-9.23902273111546,-1.32313991585127,-1.1319333,-1.0192287,0.12614368,45.422703,106.11803,-12.684661,WAL
2046687373000,259.169985,-1.42247373869758,-9.24360074711396,-0.763992045448051,-1.1844677,-0.977079,0.19333886,45.181713,106.31568,-12.834539,WAL
2046692348000,259.17496,-1.06519790569314,-9.21069358875185,-0.209274266597533,-1.2409728,-0.9502009,0.25259277,44.96505,106.51844,-12.988127,WAL
2046697292000,259.179904,-0.742358547860228,-9.18925970278759,0.228745429017668,-1.2831224,-0.95325524,0.27030787,44.65288,106.64357,-13.137628,WAL
2046702345000,259.184957,-0.447867049430703,-9.17976028101688,0.551736108330389,-1.2892311,-1.0070114,0.2855795,44.343967,106.77912,-13.296349,WAL
2046707342000,259.189954,-0.21243948430524,-9.13821807391911,0.670084519091453,-1.2705997,-1.0781772,0.2864958,43.928238,106.81396,-13.425652,WAL
2046712334000,259.194946,-0.045746950519227,-9.057252986053,0.54149313537358,-1.1795808,-1.1273518,0.2687807,43.51112,106.83236,-13.54458,WAL
2046717323000,259.199935,0.0457843612268714,-8.92568849939795,0.336984238272125,-1.0259482,-1.1374311,0.25045475,42.99952,106.78386,-13.633066,WAL
2046722346000,259.204958,0.0409575208179811,-8.72778804515352,0.0328932395906081,-0.8622363,-1.1129965,0.21777347,42.491055,106.708145,-13.701019,WAL
2046727313000,259.209925,-0.00438735616879185,-8.53567743317127,-0.264099722979543,-0.6872234,-1.0687088,0.19242255,41.978416,106.614334,-13.744732,WAL
2046732444000,259.215056,-0.103557073796257,-8.34184556517751,-0.566116614925236,-0.54458636,-1.0146471,0.1826487,41.48285,106.49368,-13.771446,WAL
2046737373000,259.219985,-0.246629400564585,-8.16669740804106,-0.83595943396065,-0.47219884,-0.9560041,0.18600847,41.030216,106.41159,-13.792528,WAL
2046742346000,259.224958,-0.516534179108212,-8.01901387820787,-1.05493877817579,-0.43982297,-0.90010995,0.20311269,40.59853,106.31259,-13.8050995,WAL
2046747264000,259.229876,-0.798437499770436,-7.89860784956583,-1.26043743320691,-0.45845437,-0.8546005,0.22602014,40.222984,106.27975,-13.834251,WAL
2046752349000,259.234961,-1.11437465542469,-7.81597819830322,-1.45486024356722,-0.5183192,-0.8060367,0.2510656,39.86991,106.24994,-13.861201,WAL
2046757242000,259.239854,-1.41179664707907,-7.75312155303566,-1.63894058834497,-0.6087272,-0.79412484,0.30787608,39.557518,106.30445,-13.941809,WAL
2046762335000,259.244947,-1.71025530955158,-7.71581424457405,-1.82547727673774,-0.7180721,-0.7965683,0.3594942,39.26046,106.37147,-14.022121,WAL
2046767310000,259.249922,-1.95530613513055,-7.71414282439438,-1.96432052195306,-0.8402451,-0.76144356,0.41416663,39.028896,106.52587,-14.161169,WAL
2046772348000,259.25496,-2.09174110163069,-7.79600374730889,-2.00070315435951,-0.9450085,-0.7067711,0.47861293,38.81016,106.70331,-14.312068,WAL
2046777405000,259.260017,-2.218838564815,-7.90209221183247,-2.03297849100849,-1.0381655,-0.68600166,0.5513059,38.614376,106.981125,-14.533887,WAL
2046782461000,259.265073,-2.30392754515279,-8.1100869596212,-2.04715997127795,-1.1230757,-0.66156703,0.6178902,38.44452,107.27987,-14.764022,WAL
2046787380000,259.269992,-2.3778054589946,-8.31357764935604,-2.0445377830806,-1.1902709,-0.6637051,0.6753115,38.271538,107.624435,-15.032975,WAL
2046792351000,259.274963,-2.39758371940174,-8.52619477482343,-1.94070186431242,-1.239751,-0.67011917,0.72143185,38.11441,107.98295,-15.3095455,WAL
2046797296000,259.279908,-2.40885164122723,-8.74258003480345,-1.82547340861937,-1.2638801,-0.6872234,0.7449502,37.94054,108.35628,-15.602705,WAL
2046802349000,259.284961,-2.38565338120805,-8.98384164832215,-1.65844579114094,-1.2986995,-0.72387534,0.782213,37.769474,108.74237,-15.9059105,WAL
2046807287000,259.289899,-2.36047607533442,-9.2172120254066,-1.48915790628428,-1.3341297,-0.7828238,0.8038987,37.55027,109.115074,-16.207357,WAL
2046812340000,259.294952,-2.31390527176403,-9.43609479732461,-1.26561865214128,-1.3432927,-0.8353582,0.8188649,37.33225,109.48468,-16.509657,WAL
2046817384000,259.299996,-2.26830189512291,-9.65622232153392,-1.04247266724877,-1.3417655,-0.8713993,0.829555,37.05649,109.82254,-16.801573,WAL
2046822343000,259.304955,-2.24028344760079,-9.90371884365782,-0.822994270823992,-1.3374895,-0.92087936,0.8228355,36.770973,110.14854,-17.085745,WAL
2046827457000,259.310069,-2.21052439887534,-10.1574852693648,-0.595436040088706,-1.2953397,-0.9663888,0.8228355,36.412308,110.42902,-17.360264,WAL
2046832432000,259.315044,-2.15392138168858,-10.3574825547283,-0.335062334402028,-1.2327261,-1.02717,0.8142834,36.045322,110.690414,-17.62222,WAL
2046838611000,259.321223,-2.08361986546808,-10.6058811931728,-0.0116755751180104,-1.1123856,-1.1264355,0.83199847,35.600166,110.90388,-17.873106,WAL
2046842301000,259.324913,-2.0101319597041,-10.7344159366636,-0.108485140773834,-0.9639453,-1.2455542,0.84116143,35.14251,111.09028,-18.111717,WAL
2046847372000,259.329984,-1.88499825918045,-10.8958786672762,-0.463703405233148,-0.7690793,-1.3567317,0.86101454,34.67159,111.25093,-18.351099,WAL
2046852430000,259.335042,-1.74461407306657,-11.0551038213912,-0.835139827098729,-0.54275376,-1.4056009,0.870483,34.1181,111.331505,-18.559359,WAL
2046857365000,259.339977,-1.45828762463725,-11.1929649103964,-1.36183913712491,-0.2782491,-1.3316863,0.86742866,33.582886,111.37751,-18.755463,WAL
2046862412000,259.345024,-1.1654629873074,-11.3339547617053,-1.90049190666941,0.016493361,-1.1676689,0.8555168,33.0847,111.40672,-18.92932,WAL
2046867478000,259.35009,-0.763613994310162,-11.3539846400464,-2.41482478165909,0.2996294,-0.915687,0.8194757,32.645935,111.39465,-19.075373,WAL
2046872548000,259.35516,-0.214366580861452,-11.2084570619743,-2.89365586558059,0.5177083,-0.61269784,0.7556403,32.28076,111.34485,-19.189146,WAL
2046877368000,259.35998,0.30930023766064,-11.013500511822,-3.20860860831711,0.59712076,-0.3023783,0.66706485,32.028805,111.28408,-19.233637,WAL
2046882335000,259.364947,0.851800403517849,-10.7047612790913,-3.26594607203523,0.50335294,-0.0842994,0.5494733,31.839483,111.19554,-19.238037,WAL
2046887375000,259.369987,1.34436397314308,-10.4696837692533,-3.30587602912432,0.301462,0.046731193,0.3979787,31.727121,111.06539,-19.14728,WAL
2046892356000,259.374968,1.57280425807271,-10.5862346419566,-3.26391752996482,0.0067195175,0.0729984,0.3155119,31.645903,110.94546,-19.037224,WAL
2046897298000,259.37991,1.68204909147316,-10.7576209758699,-3.18027435685435,-0.14263703,0.06658431,0.15210545,31.559324,110.71856,-18.796682,WAL
2046902205000,259.384817,0.954838921983563,-11.3245982702396,-2.79818092178703,-0.40622538,-0.0012217305,0.007330383,31.456602,110.5253,-18.541035,WAL
2046907319000,259.389931,0.196951657510404,-11.9154932943696,-2.39996901493268,-0.61391956,-0.05467244,-0.106595986,31.29041,110.28076,-18.22481,WAL
2046912299000,259.394911,-0.466276173189041,-11.8335598714286,-1.91883236093933,-0.77671516,-0.09682214,-0.18692477,31.098852,110.03945,-17.883327,WAL
2046917247000,259.399859,-1.11076341487123,-11.6249133142857,-1.42271625103718,-0.8518516,-0.13958271,-0.23335053,30.883942,109.79912,-17.526068,WAL
2046922248000,259.40486,-1.52227118165172,-11.3176953895234,-1.03726810004719,-0.8729264,-0.21197024,-0.24678956,30.601355,109.61358,-17.25257,WAL
2046927237000,259.409849,-1.86499702305805,-10.9839885017461,-0.685523116658801,-0.82833326,-0.28496864,-0.22602014,30.304832,109.43162,-16.98312,WAL
2046932263000,259.414875,-1.96840351785439,-11.0166283433197,-0.44257104354224,-0.7153232,-0.30390546,-0.20005837,29.957197,109.315636,-16.831867,WAL
2046937213000,259.419825,-1.94751788727833,-11.2359271372398,-0.259821645150347,-0.5717699,-0.269697,-0.15057829,29.611277,109.200935,-16.695065,WAL
2046942208000,259.42482,-1.70168437798165,-11.7919043211009,-0.0930004546788991,-0.39736784,-0.20799962,-0.07971791,29.247547,109.127594,-16.64395,WAL
2046947264000,259.429876,-1.40868606917822,-12.4204333173922,0.0724018234237751,-0.23273966,-0.16523905,-0.030848695,28.899782,109.04222,-16.597528,WAL
2046952289000,259.434901,-1.02003271474199,-13.1601231584989,0.305059395548458,-0.058643065,-0.13255776,0.0018325958,28.537533,108.9253,-16.552319,WAL
2046957601000,259.440213,-0.583363198343148,-13.972531499451,0.569092124914662,0.109650314,-0.093767814,-0.009468411,28.200851,108.790504,-16.504028,WAL
2046962239000,259.444851,-0.240161865228301,-14.468672801417,0.711264971139539,0.25473082,-0.07971791,-0.06414085,27.812151,108.551704,-16.375292,WAL
2046967213000,259.449825,0.120780664008069,-14.9608667923637,0.847204342192482,0.38881573,-0.07574729,-0.1301143,27.442501,108.29431,-16.239658,WAL
2046972216000,259.454828,0.365625020364365,-15.4250317661424,0.828247356159031,0.5103779,-0.07574729,-0.20708331,27.000446,107.90386,-15.991206,WAL
2046977737000,259.460349,0.592882626018365,-15.9260313705187,0.750773169961903,0.63071835,-0.03940081,-0.27152961,26.58312,107.497955,-15.731569,WAL
2046982265000,259.464877,0.690557609168174,-16.1293969451477,0.641080317191079,0.7644979,0.00061086525,-0.34269542,26.127405,106.9884,-15.379333,WAL
2046987236000,259.469848,0.771862344303797,-16.2920066751055,0.507166661054852,0.9025534,0.018936822,-0.3827071,25.692017,106.47579,-15.026637,WAL
2046992253000,259.474865,0.702809548390374,-16.1232129665648,0.452214371938061,0.96791595,0.036957346,-0.45906523,25.252584,105.910225,-14.611575,WAL
2046997247000,259.479859,0.575448131349246,-15.8260367192031,0.428628929993096,1.1191051,0.03176499,-0.56016344,24.8269,105.32622,-14.189896,WAL
2047002310000,259.484922,0.389145383414634,-15.3161173902439,0.473701563414634,1.2928963,-0.035124753,-0.66675943,24.371967,104.73965,-13.759575,WAL
2047007303000,259.489915,0.18088319741386,-14.7237270805749,0.547750334001161,1.502423,-0.11881329,-0.7828238,23.923267,104.12981,-13.309407,WAL
2047012307000,259.494919,-0.0467469038071984,-13.9945156204106,0.638210421885513,1.7076738,-0.20861048,-0.9108001,23.48019,103.52721,-12.864829,WAL
2047017383000,259.499995,-0.288531399455598,-13.1768442264876,0.739320306975041,1.9755383,-0.28985557,-1.0167851,23.02739,102.903625,-12.403683,WAL
2047022310000,259.504922,-0.590469090926641,-12.3652411786787,0.781699150602746,2.2595906,-0.33200526,-1.1148291,22.588865,102.30845,-11.964525,WAL
2047027309000,259.509921,-0.985828709749035,-11.5180420337838,0.750891890936293,2.5653286,-0.31856623,-1.185384,22.155474,101.71063,-11.509515,WAL
2047032310000,259.514922,-1.40988056816828,-11.0024456458553,0.765887882403227,2.8893926,-0.27458394,-1.2476922,21.773119,101.17054,-11.086831,WAL
2047037316000,259.519928,-1.85655482639516,-10.7445719732014,0.816541668725387,3.1926873,-0.23182335,-1.3093897,21.406544,100.66102,-10.648661,WAL
2047042309000,259.524921,-2.35273459855755,-10.6640999897826,0.7828480816468,3.4315355,-0.18875736,-1.3662001,21.105955,79.71989,-10.273156,WAL
2047047309000,259.529921,-2.90433867548833,-10.774420534709,0.65813759381749,3.5839465,-0.10323623,-1.4135422,20.84191,80.027725,-9.887199,WAL
2047052310000,259.534922,-3.43475737218576,-10.9951552125189,0.444013843868753,3.6575556,0.011911872,-1.4474452,20.656166,80.172104,-9.567693,WAL
2047057308000,259.53992,-3.94215902490661,-11.3334231828369,0.134740503263806,3.6664133,0.15027285,-1.4569136,20.512806,80.21765,-9.249268,WAL
2047062290000,259.544902,-4.39701722146294,-11.6788237228104,-0.251425743698749,3.578754,0.2846632,-1.4538593,20.451998,80.10479,-9.022098,WAL
2047067355000,259.549967,-4.80785189990375,-12.0383041761309,-0.722952131243503,3.4455855,0.3933972,-1.4349225,20.431107,79.92218,-8.806243,WAL
2047072260000,259.554872,-5.21514508769628,-12.3616054470284,-1.30240192438879,3.2763758,0.47983465,-1.4086553,20.466864,79.65768,-8.690879,WAL
2047077356000,259.559968,-5.65166939984099,-12.6623221188631,-2.07844493214073,3.1117475,0.55863625,-1.3643675,20.533995,79.37527,-8.593412,WAL
2047082352000,259.564964,-6.05829708847595,-12.8766416673896,-2.73929050797516,2.9724703,0.5928447,-1.3252722,20.639145,79.07482,-8.584481,WAL
2047087346000,259.569958,-6.43547834161081,-12.9803666141562,-3.26262946162263,2.8460212,0.66339964,-1.2974777,20.776579,78.79118,-8.588321,WAL
2047092237000,259.574849,-6.72235107054425,-13.0603443391387,-3.50140570224326,2.7797422,0.7507534,-1.2345587,21.007656,78.483444,-8.683646,WAL
2047097299000,259.579911,-6.87836095228585,-13.1062295843824,-3.28115633342168,2.6303856,0.77732605,-1.1618657,21.2367,78.21345,-8.786263,WAL
2047102243000,259.584855,-6.94040553943218,-13.1876859747634,-2.95473187886435,2.4990497,0.6301075,-1.1294898,21.523052,77.91736,-8.9450865,WAL
2047107308000,259.58992,-6.7410190376637,-13.3777985055922,-2.29629320866074,2.4236078,0.3323107,-1.1701124,21.768747,77.64824,-9.092434,WAL
2047112272000,259.594884,-6.4376888170796,-13.5397974575646,-1.87867461502372,2.3726006,0.035124753,-1.3035865,21.971792,77.38377,-9.239175,WAL
2047117306000,259.599918,-5.60412210500791,-13.5855418428044,-2.56484246347918,2.228131,0.012217305,-1.4587462,22.16753,77.175156,-9.358965,WAL
2047122287000,259.604899,-4.80509968422062,-13.5177061290168,-3.07790296916067,1.9272798,0.24587326,-1.5448782,22.31507,77.006584,-9.413423,WAL
2047127298000,259.60991,-4.06857199297842,-13.1540454817266,-3.16076236566906,1.6114625,0.46761733,-1.5812247,22.454021,76.898636,-9.4312935,WAL
2047132313000,259.614925,-3.32921632182918,-12.7435321832257,-3.14702435407567,1.4446963,0.59406644,-1.5656476,22.662502,76.920006,-9.298553,WAL
2047137312000,259.619924,-2.58309540258382,-12.144672178099,-2.73960308625038,1.4419475,0.6814202,-1.500285,22.916151,76.96698,-9.1804495,WAL
2047142307000,259.624919,-1.87750073047884,-11.6470493213703,-2.42236058790903,1.5515977,0.7489208,-1.3973542,23.174168,77.06397,-8.966725,WAL
2047147303000,259.629915,-1.29440820747337,-11.4588068874388,-2.38103909906919,1.6930131,0.9034697,-1.3286319,23.475311,77.143425,-8.775847,WAL
2047152303000,259.634915,-0.725489493513246,-11.2968357398181,-2.31518843479636,1.8206838,1.1670581,-1.3252722,23.77797,77.21516,-8.497095,WAL
2047157309000,259.639921,-0.232615296465006,-11.273139881376,-2.12088219762752,1.9230038,1.4056009,-1.3509285,24.111593,77.24553,-8.243789,WAL
2047162303000,259.644915,0.23927001159847,-11.2458391405354,-1.90593471971319,2.010663,1.6074919,-1.368949,24.480606,77.28168,-7.9072704,WAL
2047167364000,259.649976,0.591429158493308,-11.1948686773423,-1.55377558249522,2.0619757,1.7333301,-1.3784174,24.89186,77.291985,-7.583764,WAL
2047172300000,259.654912,0.927435712274258,-11.1445703016019,-1.21798693541475,2.0732768,1.7354681,-1.366811,25.291155,77.29114,-7.1893244,WAL
2047177324000,259.659936,1.10907161212121,-11.080752020202,-1.04126008484849,2.0500638,1.7965547,-1.3921618,25.740067,77.274475,-6.8028007,WAL
2047182379000,259.664991,1.27181360487515,-10.9891489512485,-0.895804352110583,1.997224,1.9465221,-1.4025466,26.184048,77.22235,-6.3779564,WAL
2047187463000,259.670075,1.25251576452636,-10.6466126880698,-1.04536276594332,1.9709567,2.017077,-1.366811,26.616243,77.143555,-5.9713607,WAL
2047192369000,259.674981,1.22034048883084,-10.3071664121648,-1.1896246934444,1.9529362,2.1135938,-1.3344351,27.093994,77.03709,-5.5522456,WAL
2047197323000,259.679935,1.03326042433951,-9.86285111859227,-1.33461167871648,1.9263636,2.133447,-1.2315043,27.558002,76.90651,-5.1764545,WAL
2047202496000,259.685108,0.83608279132316,-9.39817569461078,-1.5083942013135,1.8307631,2.2119431,-1.1301007,28.091187,76.76802,-4.8346915,WAL
2047207342000,259.689954,0.629899335700213,-8.95443298802395,-1.93420792478269,1.733941,2.3606887,-1.0259482,28.637388,76.614624,-4.539992,WAL
2047212669000,259.695281,0.390380167309003,-8.46073355085222,-2.39215182527572,1.6798794,2.4990497,-0.93034774,29.239056,76.43958,-4.3199196,WAL
2047217398000,259.70001,-0.113635069087628,-7.88860809304191,-2.56923817716062,1.6542231,2.5399778,-0.8405506,29.843288,76.27165,-4.1395903,WAL
2047222640000,259.705252,-0.66128419817949,-7.27039354822066,-2.75968153842283,1.6539177,2.510656,-0.7819075,30.509504,76.12031,-4.0303783,WAL
2047227343000,259.709955,-0.900265437261001,-7.08085666782545,-2.79676489348642,1.643533,2.4242187,-0.7440339,31.162058,75.97626,-3.9460926,WAL
2047232286000,259.714898,-1.15144218928735,-6.88164748224316,-2.83574065875949,1.6334536,2.3493876,-0.72326446,31.87179,75.79689,-3.9963834,WAL
2047237352000,259.719964,-1.3585569229535,-6.60028536382218,-2.86378338482371,1.6065756,2.2773056,-0.7131852,32.552853,75.630226,-4.054431,WAL
2047242245000,259.724857,-1.54532370805314,-6.30816301277466,-2.88772783163005,1.5604553,2.221717,-0.7089091,33.21336,75.477745,-4.118093,WAL
2047247349000,259.729961,-1.68441346127357,-6.01428826837245,-2.83428435234706,1.5079209,2.1813998,-0.6985244,33.894943,75.30999,-4.2539353,WAL
2047252251000,259.734863,-1.80633812148903,-5.73431315063486,-2.76654838809157,1.457219,2.1600194,-0.68752885,34.56342,75.16171,-4.3933268,WAL
2047257344000,259.739956,-1.93632681446779,-5.45027690421189,-2.57506814681868,1.393689,2.1444426,-0.6753115,35.25177,75.00424,-4.5904574,WAL
2047262262000,259.744874,-2.0629489831624,-5.17827374878024,-2.34996213443194,1.3231341,2.1053472,-0.6844745,35.92644,74.871025,-4.785426,WAL
2047267333000,259.749945,-2.16762025204834,-4.97086893466942,-2.24316206901464,1.241889,2.0512855,-0.68844515,36.616295,74.71976,-5.0274158,WAL
2047272302000,259.754914,-2.261120781285,-4.79321778755281,-2.18238674209647,1.1594223,2.026851,-0.6963864,37.302773,74.59655,-5.267872,WAL
2047277322000,259.759934,-2.33684907382702,-4.59654251215376,-1.87640455794234,1.0815369,2.0302107,-0.6942484,37.99831,74.429596,-5.5640283,WAL
2047282400000,259.765012,-2.40557588552855,-4.39036226841907,-1.46404426184285,1.0140363,2.0011945,-0.7174612,38.678326,74.29344,-5.8474293,WAL
2047287392000,259.770004,-2.45198887368115,-4.19268352544768,-1.03250978986739,0.8891144,1.9770653,-0.7370089,39.386635,74.14431,-6.1828656,WAL
2047292306000,259.774918,-2.48387564892072,-4.00136249348563,-0.590649179010744,0.818254,1.9269744,-0.7883216,40.081165,74.01443,-6.496612,WAL
2047297291000,259.779903,-2.49175612987972,-3.81385270432581,-0.13978419098755,0.634689,1.8741345,-0.820392,40.79119,73.858284,-6.832846,WAL
2047302319000,259.784931,-2.47651489215024,-3.63095774547373,0.317453264496729,0.44684792,1.8127426,-0.84329945,41.48241,73.73925,-7.1475997,WAL
2047307309000,259.789921,-2.46777351669221,-3.57474253323118,0.701398124512208,0.27885997,1.7357736,-0.8481864,42.17879,73.63042,-7.391548,WAL
2047312288000,259.7949,-2.46290244843191,-3.59422680627235,1.04237313161712,0.10415252,1.649947,-0.8527679,42.85155,73.58114,-7.6226735,WAL
2047317329000,259.799941,-2.47081705557773,-3.61045715557773,1.26734156322091,-0.040011674,1.5610662,-0.84940815,43.50013,73.53728,-7.7938194,WAL
2047322311000,259.804923,-2.48509912031531,-3.62473922031531,1.4292050630014,-0.19639318,1.4969252,-0.8268061,44.125797,73.54118,-7.9646378,WAL
2047327300000,259.809912,-2.50550602741617,-3.67362939434582,1.53619281213018,-0.32589662,1.4443909,-0.7874053,44.717865,73.54583,-8.104735,WAL
2047332374000,259.814986,-2.52946691656805,-3.74151858027613,1.6160625260355,-0.44868052,1.3799446,-0.7464773,45.282436,73.58472,-8.245866,WAL
2047337278000,259.81989,-2.54312280014312,-3.79672312234717,1.65224882829687,-0.56688297,1.3051136,-0.71959925,45.825336,73.63427,-8.376226,WAL
2047342304000,259.824916,-2.52344052788796,-3.8164054973625,1.54399622813331,-0.6872234,1.2345587,-0.6921103,46.34415,73.707344,-8.512939,WAL
2047347256000,259.829868,-2.47869636399488,-3.81881659083351,1.38455389209124,-0.81122905,1.1664472,-0.6630942,46.845867,73.790794,-8.646686,WAL
2047352291000,259.834903,-2.36048677851204,-3.77256060074611,1.07104158320188,-0.9083566,1.1169671,-0.6264423,47.326336,73.8891,-8.784892,WAL
2047357253000,259.839865,-2.2497552125085,-3.7356447025153,0.793976505261727,-1.0057896,1.0913107,-0.58551437,47.80644,74.0117,-8.928291,WAL
2047362291000,259.844903,-2.14667133287365,-3.71221655917257,0.564380543937069,-1.0852021,1.0680978,-0.5412266,48.266792,74.14282,-9.077101,WAL
2047367255000,259.849867,-2.04160204894664,-3.70274155585745,0.363049401323095,-1.1615603,1.0549643,-0.5018258,48.74405,74.30475,-9.229796,WAL
2047372291000,259.854903,-1.92765335247096,-3.72173299700729,0.211117772971057,-1.2321151,1.0467176,-0.46028697,49.21026,74.47041,-9.390911,WAL
2047377277000,259.859889,-1.83710479626991,-3.75038060178094,0.122173223880479,-1.2925909,1.0213667,-0.408058,49.69949,74.6386,-9.560926,WAL
2047387284000,259.869896,-1.79701266122918,-3.86813335186674,0.283525183256749,-1.3976597,0.93676186,-0.34391713,50.683113,74.970825,-9.905838,WAL
2047392305000,259.874917,-1.88907692125215,-3.96940383601379,0.513685761214819,-1.45783,0.84299403,-0.29565877,51.163227,75.133675,-10.082128,WAL
2047397290000,259.879902,-1.97567325484666,-4.0669677022976,0.76923545122769,-1.534188,0.7131852,-0.25809056,51.62391,75.294945,-10.233553,WAL
2047402231000,259.884843,-2.0409988195247,-4.15095788107682,1.13785797422345,-1.6044376,0.54275376,-0.22937989,52.04126,75.45246,-10.384494,WAL
2047407218000,259.88983,-2.11339333583421,-4.25990053075551,1.5199648119937,-1.6859881,0.34238997,-0.17806722,52.379883,75.60864,-10.52447,WAL
2047412219000,259.894831,-2.22395558027282,-4.51117863571878,1.96221426203568,-1.7638733,0.16218472,-0.113926366,52.671406,75.75923,-10.665099,WAL
2047417231000,259.899843,-2.34515114334936,-4.83220516688702,2.39824947105369,-1.844813,-0.030543262,-0.044593163,52.841972,75.89248,-10.79088,WAL
2047422229000,259.904841,-2.49856431282051,-5.36915090961539,2.81054717628205,-1.9318613,-0.17867808,0.07544186,52.966488,76.004776,-10.939844,WAL
2047427220000,259.909832,-2.63443085177112,-6.04959323215259,3.29583063079019,-1.954158,-0.21166481,0.22632557,53.02013,76.068275,-11.092483,WAL
2047432264000,259.914876,-2.71730419426784,-7.19032032727823,4.01731621573317,-1.9242256,-0.17195857,0.3857614,53.04463,76.09834,-11.27457,WAL
2047437232000,259.919844,-2.66866613335971,-8.73110096479082,4.79656975164672,-1.8258762,-0.073303826,0.54092115,53.04145,76.0519,-11.484194,WAL
2047442226000,259.924838,-2.25714285111265,-11.4414787646128,5.77098119134606,-1.6041322,0.15577064,0.68019843,53.07847,75.941635,-11.735086,WAL
2047447240000,259.929852,-1.68504657132713,-13.8550186390941,7.00128803579311,-1.138042,0.44135013,0.7486154,53.103104,75.72242,-11.966657,WAL
2047452311000,259.934923,-0.603879201285865,-15.32298189905,9.04245750575761,-0.35094208,0.5412266,0.6533204,53.1363,75.432304,-12.183875,WAL
2047457293000,259.939905,0.62590148827012,-16.6377990027752,10.7736534035153,0.6267477,0.61758476,0.27366763,53.206234,75.13205,-12.161684,WAL
2047462285000,259.944897,2.67794995184089,-17.3321349435708,11.1672575951896,1.4004086,0.752586,-0.17989981,53.32737,74.779335,-12.099921,WAL
2047467308000,259.94992,4.73639779449076,-18.0277021464908,11.551795217942,1.7547104,1.1047498,-0.47525316,53.277493,74.37318,-11.74391,WAL
2047472314000,259.954926,6.18349708719789,-18.4274260951979,10.8383649298153,1.8274034,1.4731015,-0.6221663,53.3112,73.89404,-11.349741,WAL
2047477302000,259.959914,7.27209703262745,-18.4722707317647,10.0106331895948,1.6924021,1.6282613,-0.6817256,53.30377,73.522675,-10.638165,WAL
2047482400000,259.965012,5.59149475090196,-15.7237410094118,8.24068249354248,1.402852,1.7846428,-0.70280045,53.42738,73.1152,-9.986319,WAL
2047487295000,259.969907,3.97781327403922,-13.0846564682353,6.54121041484967,1.2385293,1.781894,-0.7049385,53.54795,72.828545,-9.224751,WAL
2047492309000,259.974921,2.65820357323513,-10.8789092241986,5.75532294584955,0.9440922,1.6756034,-0.6930266,53.700672,72.583916,-8.523153,WAL
2047497272000,259.979884,1.42526733257365,-8.80493433185103,5.18729150311284,0.675617,1.5326608,-0.6743952,53.85487,72.3294,-7.8711653,WAL
2047502480000,259.985092,0.232058335931854,-6.94725400113578,4.7899310956634,0.464563,1.3720033,-0.66431594,54.135307,72.13604,-7.49731,WAL
2047507313000,259.989925,-0.828881774166236,-5.37018082943727,4.51274854033041,0.25137106,1.2076806,-0.6249151,54.365494,71.99547,-7.138131,WAL
2047512297000,259.994909,-1.65809857730943,-4.56137065410676,4.22284739887729,0.03970624,1.0393872,-0.5510005,54.57059,71.821,-6.9974647,WAL
2047517300000,259.999912,-2.38948312677762,-4.06119802021863,3.93029364806973,-0.1853976,0.87689704,-0.42638394,54.7153,71.69758,-6.872846,WAL
2047522315000,260.004927,-2.9872415188683,-4.11846536153008,3.58958485866614,-0.38515055,0.7583892,-0.2611449,54.87608,71.58892,-6.8653154,WAL
2047527304000,260.009916,-3.52227189543157,-4.42149136782281,3.22974140512338,-0.5729916,0.70829827,-0.07971791,54.997692,71.51985,-6.890029,WAL
2047532318000,260.01493,-3.90790201367292,-5.14158974369973,3.1279957155496,-0.75747293,0.6780604,0.08735373,55.129894,71.48664,-7.034841,WAL
2047537314000,260.019926,-4.21942150892378,-6.05782347165837,3.15090154320184,-0.91538155,0.5546656,0.22388211,55.208553,71.47475,-7.210196,WAL
2047542310000,260.024922,-4.52663211624282,-7.50818489745693,3.33622483297785,-1.0751228,0.31612277,0.3118467,55.29039,71.5315,-7.478,WAL
2047547296000,260.029908,-4.83021059573421,-9.32965577440525,3.63490683755127,-1.1728612,-0.06566802,0.39278635,55.28594,71.58868,-7.759454,WAL
2047552318000,260.03493,-5.04858165753699,-11.5046434442223,3.86064777057177,-1.2070698,-0.57818395,0.44501534,55.19816,71.6762,-8.059817,WAL
2047557308000,260.03992,-5.21577379228309,-13.8596630703719,4.04217054286286,-1.0897835,-1.1053606,0.49754974,54.992783,71.7275,-8.348501,WAL
2047562296000,260.044908,-5.54360207022244,-15.4719360152249,3.30211033356401,-0.8961393,-1.5164729,0.58184916,54.688828,71.7704,-8.637396,WAL
2047567328000,260.04994,-5.96762097576866,-16.6677655681661,2.02052435709343,-0.655153,-1.6551393,0.70249504,54.309288,71.749695,-8.923899,WAL
2047572311000,260.054923,-6.11740754926478,-17.4934091916575,1.59984300576173,-0.35216382,-1.3720033,0.7483099,53.975258,71.72565,-9.187163,WAL
2047577315000,260.059927,-6.09823297409223,-18.097411563169,1.71009748874662,0.037873644,-1.1343768,0.6979135,53.594475,71.61367,-9.428703,WAL
2047582333000,260.064945,-5.1984867668015,-18.2245210384282,2.13173830175287,0.59681535,-0.6966918,0.6768387,53.480404,71.53287,-9.7703,WAL
2047587416000,260.070028,-3.7310402344987,-18.0510528321294,2.75528591514976,0.9282097,-0.49418998,0.6010914,53.378944,71.42165,-10.066231,WAL
2047592325000,260.074937,-2.38942487443955,-16.3634616014812,2.44401408955164,1.4840971,-0.625526,0.38515055,53.324764,71.16274,-10.291793,WAL
2047597329000,260.079941,-1.08489351773419,-13.3755094495596,1.36489813418735,1.6835446,-0.89949906,0.052839845,53.301884,70.94581,-10.454548,WAL
2047602414000,260.085026,-0.276147113210954,-10.4025120323102,-0.00983424555120871,1.4382823,-1.1093313,-0.32345316,53.18453,70.75086,-10.361964,WAL
2047607473000,260.090085,0.107790718793259,-7.49624862757548,-1.60390515110844,0.86559606,-0.9285152,-0.5143485,53.110596,70.61559,-10.239735,WAL
2047612327000,260.094939,0.286363522117157,-5.36133170761225,-2.23327730466845,0.12492194,-0.56107974,-0.58062744,53.01936,70.663795,-9.984648,WAL
2047617350000,260.099962,0.3197394826405,-3.6734615162355,-2.16652547323818,-0.58184916,-0.46944994,-0.6392705,52.91553,70.867714,-9.676906,WAL
2047622311000,260.104923,0.179698804438705,-2.53105890774886,-1.9299806668786,-1.1685852,-0.64873886,-0.57879484,52.89403,71.26914,-9.427368,WAL
2047627317000,260.109929,-0.115589554597655,-1.84522780683489,-1.53943796975959,-1.5632042,-0.9111055,-0.43463063,52.872288,71.78971,-9.190869,WAL
2047632317000,260.114929,-0.470731185989951,-1.48214613742391,-1.38131906257609,-1.8374827,-1.1863003,-0.31245756,52.78173,72.33999,-8.973265,WAL
2047637317000,260.119929,-0.88252741267852,-1.4219961712436,-1.4414690287564,-2.0271564,-1.4443909,-0.21563543,52.618126,72.93941,-8.776989,WAL
2047642311000,260.124923,-1.25014709545677,-1.5070927926722,-1.71797431787982,-2.1300871,-1.6820174,-0.12858713,52.375534,73.45873,-8.64406,WAL
2047647289000,260.129901,-1.56222465168539,-1.77259163820225,-2.26294567078652,-2.1777346,-1.8521434,-0.025350908,52.081177,73.97854,-8.536674,WAL
2047652332000,260.134944,-1.91198958359447,-2.20220658414747,-2.78624177124424,-2.182927,-2.0027218,0.08582657,51.680996,74.52793,-8.487042,WAL
2047657347000,260.139959,-2.31037594519201,-2.87110209710189,-3.26332162290835,-2.1768184,-2.20278,0.21197024,51.215134,75.054245,-8.463022,WAL
2047662293000,260.144905,-2.7054985857397,-3.56221433715782,-3.79113966851468,-2.1270328,-2.4275784,0.35063666,50.744083,75.59122,-8.515613,WAL
2047667404000,260.150016,-3.11665588247851,-4.31680891301512,-4.41029420913134,-2.0845776,-2.5384505,0.5140431,50.24447,76.07985,-8.613426,WAL
2047672279000,260.154891,-3.40115968189015,-4.99186205180604,-4.93450548149431,-2.0552561,-2.540894,0.657291,49.775066,76.54603,-8.792458,WAL
2047677382000,260.159994,-3.54624754159327,-5.63508497560614,-5.38911420283028,-2.0186043,-2.4123068,0.79809546,49.31075,76.93166,-9.023934,WAL
2047682278000,260.16489,-3.58394394850927,-6.2147205748956,-5.621089841313,-1.9556851,-2.164601,0.8604037,48.95556,77.28507,-9.337115,WAL
2047687360000,260.169972,-3.46578007005924,-6.75827430718656,-5.54546492356997,-1.922393,-1.8713857,0.97035944,48.651814,77.533394,-9.713611,WAL
2047692241000,260.174853,-3.34444221230856,-7.30668882673473,-5.37460205379089,-1.8466456,-1.5809193,1.1120802,48.485764,77.70363,-10.138887,WAL
2047697313000,260.179925,-3.20209205870675,-7.93119337912649,-4.99347098190584,-1.765706,-1.3045027,1.2498302,48.408478,77.76248,-10.602195,WAL
2047702248000,260.18486,-3.03844802736919,-8.55824876053261,-4.63047137888276,-1.6896533,-1.1038336,1.3814718,48.431004,77.7055,-11.076812,WAL
2047707346000,260.189958,-2.77435009623427,-9.27943889763861,-4.285112345969,-1.6392568,-0.906524,1.5128077,48.543526,77.53884,-11.591484,WAL
2047712303000,260.194915,-2.46436306951183,-9.95480661629864,-3.95277532543816,-1.5964963,-0.729984,1.6465873,48.759735,77.27616,-12.08841,WAL
2047717389000,260.200001,-2.0206455527478,-10.5866213747896,-3.61998735153976,-1.5515977,-0.57879484,1.7993035,49.036682,76.93301,-12.62145,WAL
2047722306000,260.204918,-1.61499594799641,-11.2066553676236,-3.20912095326954,-1.4810427,-0.5326745,1.9242256,49.315163,76.56909,-13.118686,WAL
2047727358000,260.20997,-1.25811097467105,-11.8673755877193,-2.55804707192982,-1.4245378,-0.63255095,1.9645426,49.604473,76.16685,-13.624968,WAL
2047732328000,260.21494,-0.907038562644698,-12.4484199492158,-2.0312209675224,-1.4217888,-0.7819075,1.9566014,49.73741,75.78256,-14.093327,WAL
2047737357000,260.219969,-0.551850071777446,-12.8575604600448,-1.79292988685586,-1.461495,-0.93126404,1.92392,49.85055,75.3791,-14.555723,WAL
2047742327000,260.224939,-0.216287724701522,-13.2338918427484,-1.61918822097356,-1.509448,-1.0192287,1.8469511,49.83006,75.03778,-14.929947,WAL
2047747341000,260.229953,0.0241875772435897,-13.4358916602564,-1.83561599423077,-1.5183055,-0.98899084,1.7318029,49.80773,74.71251,-15.27584,WAL
2047752303000,260.234915,0.255472774008338,-13.5836542526305,-2.04825782668255,-1.5338826,-0.82527894,1.5891659,49.73731,74.46724,-15.531059,WAL
2047757342000,260.239954,0.447084965681954,-13.3968318520449,-2.25424098225134,-1.5149459,-0.6035349,1.4080443,49.69857,105.737976,-15.737455,WAL
2047762319000,260.244931,0.626021425855308,-13.1850026541582,-2.43820716362407,-1.4752395,-0.38698313,1.2278391,49.707226,105.88404,-15.875045,WAL
2047767411000,260.250023,0.734356915425481,-12.770501902492,-2.48530951617889,-1.41904,-0.16676621,1.033584,49.785507,105.98237,-15.954747,WAL
2047772441000,260.255053,0.83893538183148,-12.3560710558806,-2.51928764799103,-1.3558154,0.03481932,0.82772243,49.939976,106.024734,-15.965575,WAL
2047777350000,260.259962,0.912292186015214,-11.8930064359274,-2.40466757263507,-1.3243558,0.1142318,0.6114761,50.12274,106.01978,-15.917992,WAL
2047782590000,260.265202,0.985350167260138,-11.3954249109792,-2.25623304144412,-1.3151928,0.049480084,0.41508293,50.294315,105.99226,-15.835008,WAL
2047787356000,260.269968,0.967291576409496,-10.8897848385757,-1.70093176759644,-1.4095715,-0.09285152,0.33108896,50.463856,105.95192,-15.724881,WAL
2047792632000,260.275244,0.936178842824291,-10.3272641295172,-1.10060154225585,-1.4633276,-0.5491679,0.17592919,50.490253,105.85746,-15.559103,WAL
2047797291000,260.279903,0.674109935127924,-9.77203284848183,-0.874067386453957,-1.598329,-1.0995574,0.028405234,50.443695,105.76466,-15.37948,WAL
2047802673000,260.285285,0.352680219542283,-9.12244052207647,-0.663262240639129,-1.7400496,-1.5696182,-0.09437868,50.2053,105.65051,-15.194366,WAL
2047807346000,260.289958,-0.330117881702484,-8.38135489065029,-1.57921091908457,-1.8344283,-1.8805487,-0.20922135,49.849293,105.51165,-14.980094,WAL
2047812346000,260.294958,-1.06069577732068,-7.58841070979626,-2.55925444406363,-1.8799378,-2.0060816,-0.27122417,49.386223,105.41351,-14.812633,WAL
2047817439000,260.300051,-1.40027074756944,-7.3664598921627,-3.05051699305556,-1.8787161,-2.0100522,-0.28619036,48.868576,105.30545,-14.6322565,WAL
2047822246000,260.304858,-1.64232356055556,-7.27055232587302,-3.41587970444444,-1.8341229,-1.9385809,-0.26389378,48.338654,105.19586,-14.448659,WAL
2047827349000,260.309961,-1.7586039018278,-7.32435954449254,-3.48432691832612,-1.7870862,-1.7938058,-0.22327125,47.98702,105.28996,-14.411664,WAL
2047832293000,260.314905,-1.83603645409331,-7.41545660885041,-3.47066235867244,-1.713477,-1.6694947,-0.15057829,47.654934,105.39972,-14.39115,WAL
2047837336000,260.319948,-1.88993021990014,-7.64759254814551,-3.30665547482168,-1.6566665,-1.5793921,-0.06291912,47.428913,105.583824,-14.427227,WAL
2047842246000,260.324858,-1.93305221735276,-7.92548959267373,-3.09104558761973,-1.604743,-1.575116,0.034513887,47.22026,105.7876,-14.487307,WAL
2047847348000,260.32996,-1.9006814515866,-8.20645041693683,-2.97434972215345,-1.5848899,-1.5894713,0.10873401,46.9941,106.03333,-14.586846,WAL
2047852266000,260.334878,-1.84515684989685,-8.47481962304745,-2.89568988989095,-1.5723672,-1.5430456,0.1826487,46.794796,106.29977,-14.7114105,WAL
2047857342000,260.339954,-1.62474458661582,-8.55558334125916,-2.64764976401974,-1.5558738,-1.4214834,0.23487769,46.56291,106.562675,-14.848985,WAL
2047862299000,260.344911,-1.34787648010069,-8.56031597776781,-2.3423849241962,-1.5274686,-1.3002267,0.28527406,46.352158,106.83757,-15.002918,WAL
2047867386000,260.349998,-1.06374735808285,-8.56517273022282,-2.02911434921489,-1.5271631,-1.181108,0.35918877,46.145546,107.11383,-15.1587715,WAL
2047872304000,260.354916,-0.789057556218534,-8.56986813194756,-1.72625122993869,-1.5268577,-1.135904,0.41691554,45.958496,107.39079,-15.31981,WAL
2047877364000,260.359976,-0.542523578184954,-8.55462599961668,-1.33854571959751,-1.5326608,-1.0748174,0.4334089,45.797203,107.68182,-15.487876,WAL
2047882374000,260.364986,-0.312625149493052,-8.53163617307139,-0.924728601724964,-1.5335772,-1.0720685,0.44715336,45.638607,107.980705,-15.668696,WAL
2047887346000,260.369958,-0.193350413351376,-8.53248126206585,-0.72706412721696,-1.5280794,-1.1209377,0.44990227,45.364506,108.16801,-15.776164,WAL
2047892326000,260.374938,-0.135984607066607,-8.54682275357089,-0.650576368864832,-1.5048665,-1.1991285,0.43951756,45.085346,108.347946,-15.88217,WAL
2047897294000,260.379906,-0.0787570316403548,-8.56112968726507,-0.574272918364156,-1.4523321,-1.278541,0.4364632,44.720253,108.45541,-15.965608,WAL
2047902355000,260.384967,-0.0204581670605924,-8.57570444399338,-0.496541082014735,-1.3704761,-1.3170254,0.4288274,44.346115,108.54584,-16.042505,WAL
2047907340000,260.389952,-0.065156125639576,-8.63666710121151,-0.559241022515901,-1.2709051,-1.2922854,0.41874814,43.954834,108.625565,-16.12052,WAL
2047912330000,260.394942,-0.166474002530035,-8.72351098561333,-0.699156179123675,-1.1582005,-1.219287,0.40866885,43.568935,108.68407,-16.191107,WAL
2047917334000,260.399946,-0.33088112637138,-8.78168727683135,-0.765981371618399,-1.0445796,-1.094976,0.40439278,43.167503,108.69825,-16.24208,WAL
2047922345000,260.404957,-0.528051648477803,-8.82496872852991,-0.794835602449143,-0.97433007,-0.9728029,0.40958515,42.789455,108.698006,-16.284563,WAL
2047927371000,260.409983,-0.731032490082957,-8.77603737075975,-0.754295249816838,-0.9272934,-0.8555168,0.41630468,42.4525,108.71002,-16.332073,WAL
2047932429000,260.415041,-0.937919837079261,-8.68055084731006,-0.67870179674579,-0.91538155,-0.7669413,0.42821655,42.14595,108.71629,-16.374023,WAL
2047937252000,260.419864,-1.14247458415958,-8.59960473760634,-0.617520019727193,-0.93462384,-0.70463306,0.44959682,41.868874,108.749344,-16.44092,WAL
2047942353000,260.424965,-1.38608616400704,-8.5518380398944,-0.593636531213455,-0.956615,-0.698219,0.4978552,41.605812,108.78788,-16.513239,WAL
2047947292000,260.429904,-1.60581533646724,-8.4907923144455,-0.580797900896908,-0.9963212,-0.70616025,0.5467244,41.34465,108.86431,-16.63289,WAL
2047952328000,260.43494,-1.7533973968661,-8.35847682135697,-0.616421131201857,-1.0280862,-0.72173727,0.59437186,41.089306,108.95081,-16.760183,WAL
2047957287000,260.439899,-1.87730837940535,-8.26720990734679,-0.652562937706856,-1.0543534,-0.74067414,0.6554584,40.823757,109.08907,-16.94713,WAL
2047962310000,260.444922,-1.94729099121659,-8.27595745408256,-0.691928176832151,-1.0729848,-0.80878556,0.6979135,40.546436,109.23283,-17.137192,WAL
2047967338000,260.44995,-2.01025521809251,-8.29573851964797,-0.734393668870242,-1.0922271,-0.8933904,0.73823065,40.26883,109.421814,-17.367886,WAL
2047972352000,260.454964,-2.00042753180516,-8.42841300286533,-0.808101367335244,-1.0977248,-0.92057395,0.7742717,39.99708,109.61467,-17.600601,WAL
2047977346000,260.459958,-1.98692641646695,-8.57533295342095,-0.882219346598376,-1.106277,-0.99173975,0.78893244,39.683804,109.83056,-17.853466,WAL
2047982454000,260.465066,-1.94910786648628,-8.82115323212215,-0.962583814669501,-1.1184943,-1.0415252,0.8127562,39.378914,110.05154,-18.109367,WAL
2047987289000,260.469901,-1.91003667826174,-9.06127143757527,-1.03509381020674,-1.1239921,-1.0699304,0.8197812,39.056313,110.27233,-18.354801,WAL
2047992346000,260.474958,-1.81282686659976,-9.44039011922922,-1.04967531748294,-1.1239921,-1.0769554,0.8191703,38.733852,110.48984,-18.596413,WAL
2047997353000,260.479965,-1.71274908923305,-9.82143990865908,-1.0583807753241,-1.1184943,-1.0842859,0.8127562,38.392323,110.69924,-18.819841,WAL
2048002354000,260.484966,-1.56582168884711,-10.2717011452746,-0.996766005551707,-1.1209377,-1.0855075,0.79901177,38.057163,110.899445,-19.03251,WAL
2048007464000,260.490076,-1.41945365728873,-10.72154841272,-0.923902467081591,-1.0977248,-1.1078042,0.7703011,37.67788,111.06082,-19.210394,WAL
2048012326000,260.494938,-1.32436356626471,-11.0294591611397,-0.738250451025965,-1.056186,-1.1414018,0.7458665,37.300953,111.21071,-19.378529,WAL
2048017602000,260.500214,-1.2201962122231,-11.3521224578718,-0.541369930249209,-1.0152581,-1.1814134,0.70524395,36.86071,111.29624,-19.494524,WAL
2048022344000,260.504956,-1.1079206397943,-11.4239788579905,-0.451549481685127,-0.9416488,-1.2336423,0.66156703,36.412224,111.360725,-19.597876,WAL
2048027698000,260.51031,-0.978862048912353,-11.5015463367595,-0.361890910465334,-0.8231409,-1.2709051,0.63407815,35.886322,111.36277,-19.667841,WAL
2048032375000,260.514987,-0.819821905052327,-11.4973609855167,-0.520931041214726,-0.66798115,-1.2959507,0.6105598,35.35553,111.339325,-19.721226,WAL
2048037300000,260.519912,-0.652348587004298,-11.4929537041674,-0.688404345456924,-0.45173484,-1.269378,0.6075055,34.787727,111.27269,-19.755499,WAL
2048042344000,260.524956,-0.407285488305864,-11.460285678154,-1.16860098019179,-0.1740966,-1.1554517,0.5864306,34.247044,111.17238,-19.76811,WAL
2048047269000,260.529881,-0.152870176773549,-11.4225947431825,-1.70098860979922,0.10903945,-0.95569867,0.55955255,33.749874,111.04903,-19.766813,WAL
2048052347000,260.534959,0.154266301781344,-11.2118587097292,-2.17188339047141,0.35246924,-0.689056,0.49693888,33.31516,110.891556,-19.722267,WAL
2048057243000,260.539855,0.459955658684052,-10.9720097099298,-2.60925431604814,0.48716503,-0.39950588,0.41813725,32.953297,110.710556,-19.653313,WAL
2048062329000,260.544941,0.735455435023563,-10.6448415419416,-2.8491677537229,0.44868052,-0.13194689,0.3210097,32.71748,110.525536,-19.53628,WAL
2048067358000,260.54997,0.998733709381715,-10.3043957794533,-3.03981757031103,0.2950479,0.047036625,0.20922135,32.540882,110.316734,-19.385914,WAL
2048072315000,260.554927,1.07960793538938,-10.2474065177927,-3.11082253847344,0.059253927,0.10751228,0.10903945,32.448284,110.10961,-19.19327,WAL
2048077320000,260.559932,1.08949589495616,-10.3017903986591,-3.13554243739041,-0.06780604,0.16584991,0.056199603,32.403927,109.89094,-18.978935,WAL
2048082321000,260.564933,0.580925578416887,-10.7309510580475,-2.6740517116095,-0.30482176,0.15149458,-0.027488936,32.36004,109.6694,-18.719864,WAL
2048087319000,260.569931,-0.0810216466472568,-11.2709606069511,-2.06871838001092,-0.5021312,0.043066,-0.11209377,32.2986,109.44381,-18.449085,WAL
2048092305000,260.574917,-0.623269908089238,-11.4961071101012,-1.54502718539558,-0.6417139,-0.05222898,-0.17012598,32.224476,109.22268,-18.1639,WAL
2048097307000,260.579919,-1.07845409859533,-11.4862121187771,-1.0799476935881,-0.72051555,-0.14935656,-0.20311269,32.10984,109.00273,-17.86873,WAL
2048102299000,260.584911,-1.41553724779569,-11.5619868170519,-0.78041211828122,-0.72143185,-0.23243423,-0.22937989,31.87807,108.80233,-17.63483,WAL
2048107288000,260.5899,-1.68463454797048,-11.6872558690037,-0.576269335664207,-0.65668017,-0.29779682,-0.24465153,31.621271,108.60102,-17.401314,WAL
2048112324000,260.594936,-1.78847799097276,-11.9062364396887,-0.414254653953307,-0.539394,-0.33933565,-0.23182335,31.286285,108.432686,-17.242352,WAL
2048117451000,260.600063,-1.76724999437095,-12.199182535668,-0.282641252350195,-0.38087448,-0.34422258,-0.21227567,30.947752,108.2538,-17.083456,WAL
2048122313000,260.604925,-1.69175913410507,-12.5621402567178,-0.178675338339377,-0.22785273,-0.34116822,-0.16707164,30.56699,108.10048,-16.978655,WAL
2048127368000,260.60998,-1.45769505558345,-13.1788088954905,-0.129161780194328,-0.06994407,-0.3222314,-0.13591751,30.199787,107.93562,-16.87421,WAL
2048132321000,260.614933,-1.22265571468747,-13.7823569760815,-0.0578303823451369,0.08246681,-0.25778514,-0.14569137,29.801594,107.73839,-16.756277,WAL
2048137342000,260.619954,-0.939616929786041,-14.3888687250304,0.193759664836962,0.24587326,-0.19058995,-0.17684549,29.423178,107.53384,-16.639011,WAL
2048142670000,260.625282,-0.638311132854729,-15.0249324716998,0.453430098074861,0.4129449,-0.160963,-0.24801129,29.01341,107.23974,-16.442198,WAL
2048147320000,260.629932,-0.355104919526847,-15.4214211198328,0.526254539339511,0.56321776,-0.1731803,-0.33383787,28.622683,106.93195,-16.233421,WAL
2048152227000,260.634839,-0.0562462337634233,-15.8398232265831,0.603103901336422,0.70005155,-0.17959438,-0.42363504,28.134182,106.53366,-15.949992,WAL
2048157218000,260.63983,0.237119089936637,-16.1107359262861,0.487203517663112,0.8417723,-0.1432479,-0.5216789,27.67048,106.11688,-15.643451,WAL
2048162223000,260.644835,0.527797802183605,-16.3312505535341,0.306782253009201,0.9941832,-0.08032878,-0.60903263,27.22811,105.68838,-15.31898,WAL
2048167287000,260.649899,0.667408800804096,-16.2584951025981,0.208127099396928,1.1429288,-0.055283304,-0.72204274,26.748259,105.17286,-14.902935,WAL
2048172267000,260.654879,0.775944732228333,-16.1318701263038,0.12672515082875,1.289842,-0.0290161,-0.7779369,26.303852,104.6681,-14.486328,WAL
2048177316000,260.659928,0.725687870470671,-15.7441743999201,0.123245765003498,1.3674219,-0.03176499,-0.8888089,25.870934,104.0989,-13.987504,WAL
2048182290000,260.664902,0.620964110374738,-15.2729173502548,0.147046620926352,1.534799,-0.0580322,-1.0024298,25.452158,103.53576,-13.483157,WAL
2048187233000,260.669845,0.379691084558571,-14.5368382336735,0.20317879610102,1.7171422,-0.13408493,-1.1224649,25.035658,102.960075,-12.945346,WAL
2048192217000,260.674829,0.0874616564785714,-13.6991142908163,0.271365657872449,1.9321668,-0.20922135,-1.2281445,24.622864,102.39036,-12.39036,WAL
2048197252000,260.679864,-0.257068157898479,-12.7119599790513,0.216382398368416,2.2046127,-0.23365596,-1.3051136,24.240606,78.13823,-11.84379,WAL
2048202205000,260.684817,-0.610589200847618,-11.6991700003021,0.125613487908148,2.504853,-0.19028452,-1.3610078,23.866838,78.6357,-11.282727,WAL
2048207202000,260.689814,-1.08858771895803,-11.1099083065123,0.116130221458755,2.8359418,-0.116675265,-1.3826935,23.545061,79.0142,-10.776992,WAL
2048212228000,260.69484,-1.60404996333816,-10.6408838291365,0.130061633993247,3.1383202,-0.03359759,-1.4077389,23.248432,79.32124,-10.2623,WAL
2048217227000,260.699839,-2.16433565357109,-10.5829656361744,0.275624690265822,3.4025195,0.06291912,-1.4416419,23.052582,79.4617,-9.821717,WAL
2048222237000,260.704849,-2.74530385080882,-10.6918969983918,0.47533250362312,3.5640934,0.12217305,-1.4450017,22.877056,79.49302,-9.390126,WAL
2048227254000,260.709866,-3.28709291920732,-11.0414741219512,0.490314994146342,3.5979962,0.19914207,-1.4605788,22.807209,79.35016,-9.047147,WAL
2048232275000,260.714887,-3.80256113418568,-11.552213718332,0.381546465649095,3.5195,0.27030787,-1.4446963,22.758144,79.11916,-8.721513,WAL
2048237210000,260.719822,-4.28316255530786,-12.0798804354372,0.136281420331982,3.3744197,0.31612277,-1.427592,22.772993,78.75359,-8.498081,WAL
2048242220000,260.724832,-4.75082903619958,-12.6355233769543,-0.22025638522679,3.1768048,0.30695978,-1.4156802,22.796692,78.37127,-8.285774,WAL
2048247247000,260.729859,-5.19748598235416,-13.0903812583782,-0.610195541915598,2.9657507,0.23457226,-1.3750577,22.886354,77.94464,-8.166269,WAL
2048252242000,260.734854,-5.61805625092056,-13.4367334630741,-1.03076576914977,2.773023,0.080634214,-1.319469,22.949476,77.54053,-8.05519,WAL
2048257231000,260.739843,-5.99025395505618,-13.768308956436,-1.45818735154741,2.6132815,-0.12492194,-1.2351695,23.066504,77.13102,-8.031446,WAL
2048262228000,260.74484,-6.3251371741573,-14.0890423815297,-1.89212075398186,2.4984388,-0.2770274,-1.1765264,23.150986,76.75275,-8.011542,WAL
2048267233000,260.749845,-6.6708447208325,-14.3065365021013,-2.80366830314189,2.4608707,-0.2782491,-1.1633929,23.3049,76.37236,-8.059733,WAL
2048272231000,260.754843,-7.02525763177907,-14.4310599167501,-4.13990025647388,2.4559836,-0.020463986,-1.1801916,23.483885,76.01459,-8.118656,WAL
2048277244000,260.759856,-7.26008789653333,-14.5978553227654,-4.65355836752593,2.452013,0.38056904,-1.2272283,23.776217,75.66766,-8.229132,WAL
2048282248000,260.76486,-7.38788071573333,-14.801377022321,-4.43583707045926,2.3674083,0.52595496,-1.3869696,24.07002,75.371956,-8.298291,WAL
2048287213000,260.769825,-7.22956678978109,-14.614436286149,-4.17106092107588,2.2262983,0.51007247,-1.5054774,24.535727,75.14142,-8.446285,WAL
2048292230000,260.774842,-6.78621710505546,-14.0390252436439,-3.85505630878571,2.062892,0.5458081,-1.4987578,25.049097,74.94893,-8.590247,WAL
2048297227000,260.779839,-6.21237796809571,-13.4661743389831,-3.54246364506481,1.8616118,0.5564982,-1.4822645,25.56173,74.79313,-8.707907,WAL
2048302247000,260.784859,-5.48381495772682,-12.8909929491525,-3.23090702971087,1.6698002,0.58032197,-1.4428637,26.075115,74.674225,-8.829977,WAL
2048307222000,260.789834,-4.36273049507579,-12.1849658267838,-2.79294698962055,1.5387696,0.6291912,-1.3582588,26.56098,74.57062,-8.901749,WAL
2048312247000,260.794859,-2.7596996509607,-11.3114299573235,-2.19819935251521,1.5079209,0.6960809,-1.3066407,27.050123,74.4911,-8.975775,WAL
2048317216000,260.799828,-1.56907815813605,-10.8001179970033,-1.7463366053641,1.5180001,0.76052725,-1.2528846,27.493809,74.431946,-8.964093,WAL
2048322268000,260.80488,-0.98913172133653,-10.8436143494156,-1.504692294546,1.5741998,0.8906415,-1.239751,27.969213,74.36993,-8.966189,WAL
2048327188000,260.8098,-0.493833281254517,-10.9083087747614,-1.34646905364588,1.6493362,1.0274754,-1.2623531,28.320995,74.35676,-8.712767,WAL
2048332261000,260.814873,-0.0977139351394423,-11.0118397131474,-1.31045813306773,1.7455474,1.1588113,-1.3158038,28.706522,74.32264,-8.469929,WAL
2048337236000,260.819848,0.27157309977406,-11.0875534716489,-1.30239985270476,1.8017471,1.2873985,-1.3610078,29.08231,74.29542,-8.134221,WAL
2048342253000,260.824865,0.579498728333695,-11.0771151034108,-1.38590516369759,1.8432859,1.5057828,-1.409877,29.521452,74.246216,-7.8067083,WAL
2048347218000,260.82983,0.8027105,-11.0446694545455,-1.33378798181818,1.8961257,1.7308867,-1.4187346,29.969746,74.19344,-7.4151373,WAL
2048352260000,260.834872,0.898534705821206,-10.9762236613117,-1.06456767117747,1.9465221,1.8854356,-1.3942999,30.457521,74.11824,-7.0406866,WAL
2048357278000,260.83989,0.949390988204543,-10.8454606050756,-0.92891748409847,1.9914207,1.9297233,-1.366811,30.966946,74.032974,-6.6308904,WAL
2048362345000,260.844957,0.884819222678453,-10.5502757077274,-1.13646962541584,1.96271,1.883603,-1.31672,31.487614,73.93386,-6.2503676,WAL
2048367340000,260.849952,0.798220295273973,-10.220989293379,-1.35623333493151,1.8753563,1.8808541,-1.2534955,32.02674,73.78821,-5.878157,WAL
2048372407000,260.855019,0.610360304556284,-9.72002952938257,-1.64524864723049,1.8234328,1.9373591,-1.212873,32.56405,73.62609,-5.5268354,WAL
2048377403000,260.860015,0.408083979072126,-9.2446361073358,-1.91850550445455,1.7449366,2.0332649,-1.1096367,33.13059,73.47136,-5.240998,WAL
2048382381000,260.864993,0.132463277227751,-8.85153758729031,-2.13990581708843,1.7040086,2.1252003,-1.0002918,33.704346,73.31105,-4.9824696,WAL
2048387386000,260.869998,-0.148982827672422,-8.45036484309823,-2.3653611749683,1.6475036,2.180789,-0.91354895,34.328537,73.162224,-4.804079,WAL
2048392349000,260.874961,-0.482817354782948,-7.97743243457224,-2.62501026828602,1.5778649,2.225993,-0.8405506,34.96409,73.02181,-4.66606,WAL
2048397632000,260.880244,-0.831590933359339,-7.48554498150831,-2.8851735215659,1.5271631,2.2773056,-0.7629707,35.66179,72.87366,-4.631187,WAL
2048402318000,260.88493,-1.06083127197177,-7.18961666102907,-2.91851749944274,1.5381587,2.284636,-0.6930266,36.351288,72.72827,-4.6203985,WAL
2048407243000,260.889855,-1.30176355273707,-6.87859511208322,-2.95356211981053,1.5409076,2.2547035,-0.65393126,37.101173,72.582924,-4.7142506,WAL
2048412293000,260.894905,-1.51885064964829,-6.57273186151141,-2.81210917397338,1.5280794,2.191479,-0.63132924,37.836872,72.44318,-4.82536,WAL
2048417361000,260.899973,-1.73107705181559,-6.26823307706274,-2.63679173435361,1.500285,2.10046,-0.6160576,38.55163,72.312675,-4.9447207,WAL
2048422311000,260.904923,-1.87081709807324,-5.97236637896856,-2.57809713537193,1.4492778,2.007914,-0.5925393,39.29877,72.155334,-5.140314,WAL
2048427240000,260.909852,-1.98846526909509,-5.67824578604294,-2.55547240168712,1.3857478,1.9532416,-0.5842926,40.02866,72.01856,-5.3346734,WAL
2048432449000,260.915061,-2.05090192017853,-5.33314802499481,-2.49931988958896,1.3249667,1.9291124,-0.569021,40.783382,71.83126,-5.595648,WAL
2048437351000,260.919963,-2.08013939391738,-4.99204514843263,-2.43109940586465,1.2425,1.9104811,-0.5421429,41.51881,71.67672,-5.858661,WAL
2048442310000,260.924922,-2.15716731995277,-4.74365129161747,-2.20508525891381,1.1780536,1.8805487,-0.5122105,42.304447,71.47157,-6.176584,WAL
2048447308000,260.92992,-2.25135237780401,-4.52702556021251,-1.92252983949233,1.1389582,1.8002199,-0.5128214,43.06412,71.297714,-6.4843416,WAL
2048452321000,260.934933,-2.31499514114258,-4.21278628322612,-1.62770314921747,1.0311406,1.7880026,-0.5177083,43.827465,71.14383,-6.814738,WAL
2048457305000,260.939917,-2.36540699711954,-3.85990367421988,-1.32981528348536,0.92087936,1.7654005,-0.514654,44.559082,71.01443,-7.1351027,WAL
2048462286000,260.944898,-2.39376096474352,-3.54570373131386,-1.02439909411085,0.7791586,1.7299703,-0.50793445,45.34255,70.87151,-7.4235735,WAL
2048467335000,260.949947,-2.40873256032614,-3.25126219519042,-0.70999534716689,0.6230826,1.6636915,-0.50946164,46.10534,70.773575,-7.703155,WAL
2048472301000,260.954913,-2.4227231990334,-3.04793215729735,-0.44429454789243,0.55863625,1.591304,-0.5222898,46.838634,70.6627,-7.9600844,WAL
2048477354000,260.959966,-2.43661679707149,-2.88120815874246,-0.194208730921619,0.4007276,1.539075,-0.5195409,47.55429,70.62193,-8.214941,WAL
2048482348000,260.96496,-2.4450370161727,-2.8008244191365,0.0547491668194031,0.26053402,1.4724907,-0.5207626,48.22522,70.563934,-8.441094,WAL
2048487402000,260.970014,-2.45000072729976,-2.77600586350118,0.307898612596862,0.12644911,1.4230106,-0.52564955,48.883865,70.54896,-8.662783,WAL
2048492303000,260.974915,-2.46343832189865,-2.79124873601878,0.522183206958521,0.0076358155,1.3628404,-0.5357288,49.50407,70.53779,-8.862004,WAL
2048497289000,260.979901,-2.48173506480506,-2.82784236512118,0.723447512665964,-0.124311075,1.2999213,-0.5299256,50.106567,70.5642,-9.058608,WAL
2048502316000,260.984928,-2.50599629915815,-2.87102269859691,0.880806123431549,-0.24587326,1.2431108,-0.5170974,50.679394,70.587616,-9.239088,WAL
2048507304000,260.989916,-2.5347209404089,-2.9188971006815,1.00049224861896,-0.36743546,1.1859949,-0.5002986,51.23141,70.642975,-9.415469,WAL
2048512261000,260.994873,-2.52830471931736,-2.95203331292665,1.10365399925563,-0.462425,1.1441506,-0.49632803,51.76386,70.69214,-9.58041,WAL
2048517366000,260.999978,-2.49280031554103,-2.97422356528686,1.19685310551017,-0.57451874,1.0809261,-0.47494772,52.268856,70.76979,-9.746253,WAL
2048522311000,261.004923,-2.41887299808612,-2.99136980271132,1.21453996291069,-0.66798115,1.02717,-0.4550946,52.764492,70.8453,-9.905917,WAL
2048527363000,261.009975,-2.27177851889952,-3.00101533572568,1.10120486438198,-0.7611381,0.9963212,-0.43890667,53.244514,70.94351,-10.064757,WAL
2048532311000,261.014923,-2.12771211291866,-3.01046230669856,0.990202871602871,-0.84116143,0.98471475,-0.4175264,53.705284,71.04482,-10.208304,WAL
2048537348000,261.01996,-1.98105437505981,-3.02007920095694,0.877204278711124,-0.9279043,0.97310835,-0.38331795,54.1522,71.16289,-10.354797,WAL
2048542244000,261.024856,-1.84596272764986,-3.0307895823216,0.756252448874405,-1.0180069,0.99082345,-0.34300083,54.60772,71.288055,-10.506031,WAL
2048547292000,261.029904,-1.72176857518554,-3.04458892192198,0.609059392273073,-1.0897835,1.010982,-0.29626966,55.054653,71.419044,-10.664661,WAL
2048552252000,261.034864,-1.61653124639734,-3.07910080014259,0.496946146121673,-1.1835514,1.0009027,-0.25778514,55.53534,71.590355,-10.771946,WAL
2048557306000,261.039918,-1.56592163379278,-3.18492084681559,0.49234527661597,-1.278541,0.9651671,-0.22327125,56.0086,71.7684,-10.887525,WAL
2048562300000,261.044912,-1.53028543314981,-3.31244548347274,0.513890746204341,-1.3680327,0.93431836,-0.19486602,56.525475,71.95998,-10.983978,WAL
2048567336000,261.049948,-1.58645450847009,-3.58818453202753,0.702823044415034,-1.4569136,0.84635377,-0.18142697,57.011787,72.16673,-11.076112,WAL
2048572282000,261.054894,-1.69348725760008,-3.97585350799639,1.07410128586335,-1.5057828,0.7443393,-0.13744467,57.519253,72.358986,-11.156526,WAL
2048577325000,261.059937,-1.96483946547607,-4.7366087535768,2.03352492698906,-1.6016886,0.59986967,-0.087659165,57.984623,72.57488,-11.231035,WAL
2048582338000,261.06495,-2.1983922973935,-5.54272003706477,2.93709261990858,-1.6905695,0.4605924,-0.028405234,58.42428,72.76078,-11.303593,WAL
2048587310000,261.069922,-2.32806014248201,-6.4828118414219,3.69194478372885,-1.7996091,0.31703907,0.051923547,58.81256,72.95497,-11.383716,WAL
2048592322000,261.074934,-2.37544482334853,-7.63764423270928,4.46743696132506,-1.856114,0.1872302,0.14782938,59.05778,73.047455,-11.462925,WAL
2048597295000,261.079907,-2.09363732534678,-9.60105689533417,5.29438000151324,-1.8805487,0.09712757,0.28680122,59.260727,73.12973,-11.566713,WAL
2048602300000,261.084912,-1.72675347742489,-11.5736111433991,6.2193075051214,-1.8374827,0.07880162,0.41599923,59.392086,73.12141,-11.646751,WAL
2048607304000,261.089916,-0.826846090197269,-13.5234104415782,7.7373331229135,-1.6841555,0.14752395,0.5103779,59.51093,73.077965,-11.751776,WAL
2048612566000,261.095178,0.185086796369963,-15.5005995631437,9.3321781629837,-1.3820826,0.21868975,0.54458636,59.65112,72.94229,-11.72264,WAL
2048617383000,261.099995,1.84565392192301,-16.4923274341566,10.7759488039196,-0.87017757,0.1740966,0.45204028,59.77199,72.75329,-11.68661,WAL
2048622532000,261.105144,3.61970318339121,-17.5145786722889,12.1611054155174,-0.09468412,0.022602014,0.12156218,59.699417,72.481224,-11.373003,WAL
2048627330000,261.109942,5.26092032584582,-18.0023842250223,11.5091777010616,0.7473936,-0.052534413,-0.36651915,59.665478,72.1314,-11.0206585,WAL
2048632660000,261.115272,6.94158789338191,-18.4680522890103,10.7219607883424,1.3448198,0.13988814,-0.7162395,59.463676,71.69391,-10.39235,WAL
2048637311000,261.119923,6.92355842037037,-18.080419537037,9.37876766111111,1.6603317,0.6026186,-0.8396343,59.37083,71.13822,-9.765563,WAL
2048642492000,261.125104,6.84309376447631,-17.5417558180008,7.91008564988053,1.7153096,1.1108584,-0.81031275,59.33639,70.71736,-8.967204,WAL
2048647293000,261.129905,6.02368858643966,-15.7244157550777,6.88926241335126,1.570229,1.4718798,-0.77213365,59.4224,70.23868,-8.221674,WAL
2048652538000,261.13515,5.10962990978756,-13.7293406874052,5.81010267564492,1.3127494,1.6606371,-0.75502944,59.703777,69.90013,-7.576994,WAL
2048657305000,261.139917,4.04884681488999,-11.798282516692,5.26888677399469,1.02717,1.7354681,-0.732122,60.05174,69.57881,-7.001435,WAL
2048662290000,261.144902,2.93955297640364,-9.7789149939302,4.70292049127466,0.7535023,1.7241671,-0.70646566,60.489914,69.32734,-6.579844,WAL
2048667324000,261.149936,1.90723460984936,-7.91879854016995,4.37746434662032,0.623388,1.6783522,-0.6942484,60.93338,69.103516,-6.180322,WAL
2048672278000,261.15489,0.89935794797219,-6.10462087408266,4.0796826404017,0.4156938,1.6029104,-0.6536258,61.355965,68.9626,-5.8055687,WAL
2048677305000,261.159917,0.0749269703929872,-4.69567372765685,3.97197234657737,0.22357668,1.5198327,-0.60139686,61.79089,68.793724,-5.5920706,WAL
2048682316000,261.164928,-0.709692033733872,-3.37221986504481,3.90107308803309,0.055283304,1.3930782,-0.5131268,62.179405,68.66833,-5.3932586,WAL
2048687377000,261.169989,-1.44681023170636,-2.65056086211376,3.68481073048612,-0.121256754,1.2437216,-0.39584067,62.55107,68.487305,-5.372691,WAL
2048692243000,261.174855,-2.14384940873844,-2.08650934058256,3.44634991529226,-0.301462,1.119716,-0.25320363,62.87181,68.3505,-5.374383,WAL
2048697301000,261.179913,-2.68605043872746,-2.2441993492105,3.31318146149678,-0.48472157,1.02717,-0.09101892,63.111347,68.234344,-5.455898,WAL
2048702319000,261.184931,-3.17097002362889,-2.6168689043072,3.21440159467439,-0.66645396,0.9083566,0.06047566,63.29417,68.15648,-5.557363,WAL
2048707304000,261.189916,-3.48208369355572,-3.33624668603739,3.27480308797893,-0.8530733,0.6762278,0.19608775,63.423134,68.129005,-5.7547035,WAL
2048712290000,261.194902,-3.69906161256842,-4.24854061056491,3.42274259459878,-1.0317514,0.2706133,0.29626966,63.459972,68.13462,-5.9541655,WAL
2048717319000,261.199931,-3.85459046454945,-5.59163851281806,3.66809465697341,-1.1572843,-0.21991149,0.36560285,63.439236,68.18967,-6.2148886,WAL
2048722312000,261.204924,-3.98266354143868,-7.10107117743448,3.95168502104458,-1.2137892,-0.7870999,0.41691554,63.278515,68.258896,-6.4497705,WAL
2048727306000,261.209918,-4.10658754395941,-9.35317339646972,3.97335540955502,-1.1664472,-1.3381003,0.4550946,63.00951,68.34044,-6.6729016,WAL
2048732432000,261.215044,-4.2311174317514,-12.139529053377,3.82807055852447,-1.0320568,-1.7669277,0.49571714,62.614708,68.39948,-6.8659825,WAL
2048737366000,261.219978,-4.66078999390149,-14.0275580570758,3.43803236602815,-0.83658,-1.9837849,0.56321776,62.16585,68.4467,-7.0420136,WAL
2048742308000,261.22492,-5.19735325066458,-15.6464987181392,2.96160120338155,-0.56107974,-2.0186043,0.63255095,61.6499,68.42521,-7.201201,WAL
2048747283000,261.229895,-5.46655805196575,-16.7233810274426,2.53036079446283,-0.15974127,-1.8881844,0.6270532,61.26707,68.45578,-7.3329043,WAL
2048752319000,261.234931,-5.60735845663682,-17.5447165579992,2.11734660407746,0.4352415,-1.5876387,0.5928447,60.92329,68.35051,-7.4792986,WAL
2048757306000,261.239918,-4.99564953268707,-18.1156634135111,1.71978969966677,1.0864239,-1.3539828,0.46486846,60.73486,68.27559,-7.646232,WAL
2048762295000,261.244907,-3.92939771208725,-18.540234719176,1.32899160154499,1.4844025,-1.2895365,0.32406402,60.586025,68.10992,-7.8006725,WAL
2048767349000,261.249961,-2.81639713088757,-17.1447892749507,0.285649569664694,1.559539,-1.1606439,-0.10476339,60.624485,67.99425,-7.8706646,WAL
2048772312000,261.254924,-1.70549609683432,-14.777678593787,-1.09243026224852,1.4101825,-0.8237518,-0.462425,60.737324,67.84,-7.940301,WAL
2048777306000,261.259918,-1.07253210259678,-12.1206629647167,-2.0474249039386,0.89980453,-0.23487769,-0.57757306,61.007236,67.85421,-7.8719196,WAL
2048782330000,261.264942,-0.742762319969109,-9.27349572123757,-2.73483235809441,0.17837265,0.12767084,-0.5830709,61.317867,67.98345,-7.7577114,WAL
2048787307000,261.269919,-0.616042381942322,-7.0389044361631,-2.71121937086516,-0.44959682,0.052534413,-0.5656612,61.670147,68.293655,-7.5760202,WAL
2048792309000,261.274921,-0.657212042228801,-5.28690679164439,-2.09367446656799,-0.86315256,-0.20647246,-0.44318274,62.051956,68.71945,-7.4483776,WAL
2048797286000,261.279898,-0.889452343598188,-3.91760008668176,-1.44703615116509,-1.110553,-0.50915617,-0.2932153,62.38572,69.20885,-7.3271832,WAL
2048802319000,261.284931,-1.36569836276245,-3.00479503531289,-0.752510683240016,-1.2968669,-0.8552113,-0.14172074,62.626354,69.77062,-7.218435,WAL
2048807306000,261.289918,-1.81843660754467,-2.44129762929045,-0.645684062435937,-1.4575244,-1.2027937,-0.026572637,62.679455,70.227165,-7.1222854,WAL
2048812286000,261.294898,-2.25178344613578,-2.21245165624298,-1.10824533508525,-1.6022996,-1.4379768,0.08460484,62.66121,70.705986,-7.050331,WAL
2048817317000,261.299929,-2.57571577324055,-2.19993750095746,-1.7144346932978,-1.6872098,-1.5842791,0.16554448,62.4101,71.12889,-7.024958,WAL
2048822313000,261.304925,-2.80240566099102,-2.36995481814234,-2.43228587300365,-1.7427986,-1.7095064,0.23304509,62.094757,71.56538,-7.0119967,WAL
2048827289000,261.309901,-3.02943144638,-2.657125429276,-3.022884858552,-1.7507398,-1.9263636,0.32528573,61.71693,72.04792,-7.0723715,WAL
2048832341000,261.314953,-3.26110173900594,-3.06023172780119,-3.50475905560238,-1.7281377,-2.1685717,0.42638394,61.29164,72.519394,-7.14855,WAL
2048837386000,261.319998,-3.42869130433628,-3.44898339134643,-3.97590231684221,-1.6884315,-2.3246477,0.5119051,60.891174,73.06225,-7.281247,WAL
2048842309000,261.324921,-3.51368856462662,-3.81134001457444,-4.42325624707278,-1.6542231,-2.3005185,0.56688297,60.468914,73.57759,-7.436064,WAL
2048847283000,261.329895,-3.50829691514643,-4.10366619019628,-4.74530942450929,-1.6530013,-2.157576,0.627664,60.089066,74.13164,-7.6511936,WAL
2048852320000,261.334932,-3.30576357043141,-4.24037630229873,-4.79087944425318,-1.6594155,-1.9776763,0.6985244,59.723484,74.64515,-7.8950887,WAL
2048857306000,261.339918,-3.10049399170205,-4.40964841759938,-4.64959712991123,-1.6896533,-1.88849,0.7834347,59.424866,75.19256,-8.179987,WAL
2048862287000,261.344899,-2.88877111740641,-4.62597395889618,-4.24916471632574,-1.7033978,-1.781894,0.820392,59.18291,75.693695,-8.488614,WAL
2048867299000,261.349911,-2.7079578135553,-5.05504076796207,-3.87910526395217,-1.7241671,-1.7519615,0.90224797,58.95031,76.15746,-8.809583,WAL
2048872315000,261.354927,-2.58911496288012,-5.89189219358829,-3.57209462669828,-1.7962493,-1.7455474,0.98532563,58.74446,76.57615,-9.149444,WAL
2048877249000,261.359861,-2.43917468766833,-6.87572711004232,-3.39741918122355,-1.8854356,-1.72264,1.0827587,58.54352,76.89765,-9.47606,WAL
2048882405000,261.365017,-2.23018741652559,-8.15814968872643,-3.41641801954598,-1.9581286,-1.6520851,1.1859949,58.362286,77.15672,-9.831304,WAL
2048887243000,261.369855,-1.95801487360381,-9.3647101505803,-3.52778929122111,-2.002111,-1.5054774,1.2993103,58.274117,77.34558,-10.155489,WAL
2048892312000,261.374924,-1.50535991148696,-10.6359963437159,-3.85042623865688,-2.0512855,-1.3045027,1.4404203,58.228447,77.46374,-10.518566,WAL
2048897259000,261.379871,-1.01086391047228,-11.7366900690414,-4.08303603535121,-2.0561724,-1.0836749,1.638646,58.420956,77.54749,-10.810561,WAL
2048902322000,261.384934,-0.380149610820892,-12.5323602259356,-4.12670088945367,-1.9868392,-0.93554014,1.8329011,58.653122,77.54895,-11.143385,WAL
2048907240000,261.389852,0.188407084846628,-13.2566119054736,-3.93626959686157,-1.89918,-0.8332202,1.9917262,59.023453,77.5828,-11.414708,WAL
2048912290000,261.394902,0.667247447110779,-13.8845255847189,-3.18638752138988,-1.8377881,-0.7629707,2.081218,59.425743,77.53033,-11.726327,WAL
2048917311000,261.399923,1.08721032047307,-14.3938440848738,-2.57787022028424,-1.813659,-0.70738196,2.0824397,59.7462,77.492355,-11.999805,WAL
2048922314000,261.404926,1.2300629255814,-14.3367028837209,-2.64453487209302,-1.8035797,-0.6444628,1.9978348,60.094364,77.39992,-12.275646,WAL
2048927270000,261.409882,1.38353243390839,-14.2476225199286,-2.70984320850684,-1.8002199,-0.49174652,1.8399261,60.2998,77.31441,-12.486021,WAL
2048932312000,261.414924,1.60854275671227,-13.9699500918104,-2.77208011481261,-1.7629571,-0.23701571,1.6154331,60.560555,77.23771,-12.654132,WAL
2048937280000,261.419892,1.82712497813613,-13.6739126634449,-2.78870980909553,-1.7250835,0.02565634,1.3603969,60.85531,77.19538,-12.761496,WAL
2048942310000,261.424922,2.02806352458032,-13.227926835792,-2.5142571141113,-1.6694947,0.26053402,1.0897835,61.22033,77.18926,-12.802575,WAL
2048947300000,261.429912,2.19633940602588,-12.7340646795416,-2.21084211295071,-1.5766432,0.3839288,0.82772243,61.623737,102.76271,-12.762062,WAL
2048952327000,261.434939,2.2153624520004,-11.9874099264052,-1.75428876126642,-1.4914275,0.3463606,0.57787853,62.04772,102.67066,-12.651771,WAL
2048957317000,261.439929,2.15640691960504,-11.2528330538065,-1.31857338033772,-1.4107933,0.2507602,0.39064834,62.401268,102.553505,-12.495361,WAL
2048962289000,261.444901,1.66125989739554,-10.5578098765503,-0.982418509473383,-1.357648,-0.058337633,0.3173445,62.6783,102.4212,-12.307339,WAL
2048967347000,261.449959,1.14843244083085,-9.86078584703011,-0.664187643176024,-1.2699889,-0.45662177,0.1740966,62.819,102.248024,-12.078337,WAL
2048972311000,261.454923,0.503744746094386,-9.33214206183889,-0.720060566517494,-1.2293663,-0.8900307,0.02443461,62.857197,102.06728,-11.835296,WAL
2048977269000,261.459881,-0.140163712911129,-8.80413724979658,-0.775865956107947,-1.2421945,-1.2932017,-0.13194689,62.752487,101.9202,-11.638076,WAL
2048982402000,261.465014,-0.705372211128868,-8.22502336807818,-1.22492566545501,-1.3002267,-1.5778649,-0.24556783,62.555573,101.75183,-11.418649,WAL
2048987245000,261.469857,-1.21997647021783,-7.67265003387622,-1.7206453302952,-1.319469,-1.7006488,-0.27550024,62.289288,101.56961,-11.18663,WAL
2048992343000,261.474955,-1.62912126666667,-7.31774431111111,-2.13988432222222,-1.2932017,-1.7250835,-0.2519819,62.03883,101.46197,-11.036937,WAL
2048997262000,261.479874,-2.00401358301602,-7.00928857266042,-2.52901314722474,-1.2544118,-1.6649132,-0.18325958,61.78046,101.36428,-10.896603,WAL
2049002347000,261.484959,-2.23230160349194,-6.96766252859828,-2.76753140188941,-1.2159272,-1.5561792,-0.08674286,61.619724,101.387245,-10.863403,WAL
2049007245000,261.489857,-2.43182773116035,-6.96302238947473,-2.97633775935305,-1.2034045,-1.4352279,0.026572637,61.484196,101.435936,-10.855902,WAL
2049012331000,261.494943,-2.56244326675707,-7.19713149128245,-2.94639497067028,-1.2168436,-1.3292428,0.14049901,61.418915,101.59958,-10.945417,WAL
2049017322000,261.499934,-2.67818776677644,-7.46565860370012,-2.87694832867106,-1.2189816,-1.2098186,0.24007004,61.398514,101.78808,-11.059491,WAL
2049022346000,261.504958,-2.69283642964343,-7.77595575130943,-2.75785321710314,-1.2473868,-1.1163563,0.29993483,61.392773,102.05971,-11.235813,WAL
2049027238000,261.50985,-2.68339858496172,-8.08740635042305,-2.63044155014102,-1.314582,-1.0161743,0.3387248,61.431183,102.354576,-11.427767,WAL
2049032318000,261.51493,-2.44226380449595,-8.24399034009392,-2.29505321323809,-1.3857478,-0.9092729,0.3817908,61.49337,102.6669,-11.637786,WAL
2049037299000,261.519911,-2.15154280527525,-8.35837269237686,-1.91854564886602,-1.4627168,-0.84391034,0.43279803,61.578564,102.99619,-11.854691,WAL
2049042310000,261.524922,-1.80499053250461,-8.35313038418957,-1.64331291093522,-1.5387696,-0.8063421,0.48747048,61.62203,103.3474,-12.089246,WAL
2049047350000,261.529962,-1.44405360252501,-8.32031776692241,-1.39018836980674,-1.5971072,-0.8017606,0.5299256,61.681705,103.710556,-12.327936,WAL
2049052359000,261.534971,-1.12145720438356,-8.28286161643836,-1.24920920931507,-1.5919148,-0.82558435,0.5635232,61.66671,104.03033,-12.544454,WAL
2049057306000,261.539918,-0.813786583592085,-8.24440251902588,-1.14344741929985,-1.5567901,-0.8481864,0.5839872,61.659935,104.35453,-12.763206,WAL
2049062336000,261.544948,-0.635681988383116,-8.21008116844579,-1.16500997704436,-1.5042557,-0.893085,0.5891795,61.575966,104.628204,-12.938826,WAL
2049067405000,261.550017,-0.4930568940995,-8.17680229732641,-1.22206003064342,-1.4001031,-0.9550878,0.5861252,61.485332,104.887314,-13.11488,WAL
2049072345000,261.554957,-0.491959024791542,-8.14750107939358,-1.29995263716338,-1.2861768,-1.0183123,0.5665775,61.306534,105.121445,-13.264586,WAL
2049077344000,261.559956,-0.534934304936166,-8.11885081617794,-1.38590312764811,-1.1997393,-1.1181889,0.5531385,61.10323,105.33975,-13.414915,WAL
2049082348000,261.56496,-0.663766931473705,-8.04010720795841,-1.46137641863627,-1.1258247,-1.1863003,0.5345071,60.876648,105.537155,-13.545938,WAL
2049087352000,261.569964,-0.821879022895421,-7.94428175864827,-1.53324560567886,-1.1007792,-1.2238685,0.5149594,60.63319,105.71981,-13.671806,WAL
2049092339000,261.574951,-1.08646642116681,-7.90957468103196,-1.4887765317209,-1.0995574,-1.2073752,0.5122105,60.398838,105.90532,-13.79978,WAL
2049097309000,261.579921,-1.38647515536011,-7.89562084628164,-1.4050531832405,-1.1429288,-1.1322387,0.51343226,60.174168,106.083954,-13.918768,WAL
2049102345000,261.584957,-1.6904679089612,-7.88148170909802,-1.32021801564546,-1.2076806,-1.0396926,0.5357288,59.96232,106.30108,-14.069208,WAL
2049107345000,261.589957,-1.99228756106714,-7.86744364596892,-1.23598929484022,-1.2709051,-0.9257663,0.5821546,59.784206,106.52449,-14.218962,WAL
2049112346000,261.594958,-2.25491015186317,-7.85498199417758,-1.06272588178166,-1.3274102,-0.83108217,0.63529986,59.616306,106.76714,-14.37502,WAL
2049117403000,261.600015,-2.49929204464823,-7.84323287297428,-0.839492412069869,-1.3698653,-0.768163,0.7141015,59.479813,107.028656,-14.544187,WAL
2049122342000,261.604954,-2.73797153218341,-7.83175790567686,-0.621467870462882,-1.3878858,-0.74006325,0.79381937,59.369225,107.335556,-14.8036,WAL
2049127345000,261.609957,-2.97974384968462,-7.82013424473557,-0.400618147510917,-1.3738359,-0.7480045,0.88025683,59.277,107.65557,-15.07723,WAL
2049132324000,261.614936,-3.14408573788345,-7.86277896073665,-0.264811269123235,-1.344209,-0.7696902,0.9624182,59.17762,107.997696,-15.36777,WAL
2049137341000,261.619953,-3.24098509089269,-7.95457834499522,-0.203611596187241,-1.2965615,-0.8219192,1.0305296,59.07739,108.342476,-15.670921,WAL
2049142303000,261.624915,-3.23153691784316,-8.1503189259146,-0.173213141391728,-1.2596041,-0.89980453,1.0720685,58.873928,108.713066,-16.0388,WAL
2049147301000,261.629913,-3.16295613685166,-8.40635425855383,-0.159496966097048,-1.2238685,-0.9795224,1.0784826,58.66356,109.073845,-16.406881,WAL
2049152314000,261.634926,-3.03747299117471,-8.740409755003,-0.221220978354012,-1.2006557,-1.0180069,1.0897835,58.43545,109.434586,-16.78519,WAL
2049157310000,261.639922,-2.86512488839304,-9.13776796973184,-0.345694548708225,-1.1468995,-1.0839803,1.0885619,58.182217,109.773705,-17.155163,WAL
2049162279000,261.644891,-2.62855494172155,-9.5724661361191,-0.529342205572767,-1.1267409,-1.1169671,1.0916162,57.892666,110.10347,-17.516106,WAL
2049167330000,261.649942,-2.3324246176236,-10.048069486133,-0.767143894635006,-1.0690142,-1.1374311,1.0845913,57.594955,110.40688,-17.863382,WAL
2049172309000,261.654921,-1.96779850999687,-10.5554174130231,-0.991601768740478,-1.006095,-1.1395692,1.0800097,57.29772,110.67537,-18.171104,WAL
2049177310000,261.659922,-1.48801275673589,-11.1251629787123,-1.20150805340499,-0.9324858,-1.1441506,1.0659598,57.001236,110.92033,-18.46245,WAL
2049182306000,261.664918,-0.996507300808321,-11.6148460031049,-1.39868267797557,-0.8573494,-1.1551461,1.0415252,56.7079,111.12123,-18.693342,WAL
2049187315000,261.669927,-0.490094222877251,-12.0169968497206,-1.5823815059822,-0.766025,-1.153619,0.9896017,56.42132,111.29166,-18.90248,WAL
2049192305000,261.674917,0.00620335200117028,-12.3244137852545,-1.77227523089526,-0.659429,-1.1023064,0.9401216,56.106476,111.41092,-19.049576,WAL
2049197305000,261.679917,0.496531355707041,-12.5532337579481,-1.96840639921982,-0.49571714,-1.0054842,0.8695667,55.80656,111.48674,-19.16733,WAL
2049202313000,261.684925,0.942092269813963,-12.641907745149,-2.05918773262653,-0.30970868,-0.86590147,0.7846564,55.505676,111.491005,-19.208136,WAL
2049207306000,261.689918,1.33905279934987,-12.5845162115423,-2.04005712154431,-0.15760323,-0.7119634,0.66920286,55.235554,111.45025,-19.211481,WAL
2049212287000,261.694899,1.64120882914723,-12.3749906712995,-1.93556074118932,-0.042760566,-0.569021,0.5381723,54.987377,111.33223,-19.130901,WAL
2049217336000,261.699948,1.8476211519309,-12.0005681994441,-1.73874893677157,-0.03145956,-0.4251622,0.3866777,54.779343,111.17352,-19.004103,WAL
2049222309000,261.704921,1.92200009933479,-11.6996252226966,-1.6195376274027,-0.109650314,-0.32070425,0.21624629,54.562435,110.945244,-18.800268,WAL
2049227307000,261.709919,1.85546829339754,-11.4715160461676,-1.58151948093725,-0.21563543,-0.24251351,0.058643065,54.372932,110.68591,-18.553967,WAL
2049232297000,261.714909,1.65948017817484,-11.4155904137626,-1.59347486222682,-0.3203988,-0.23884831,-0.077579886,54.158524,110.37941,-18.256357,WAL
2049237313000,261.719925,1.30953359034259,-11.5621896553455,-1.66440998071471,-0.38881573,-0.30268374,-0.16187929,53.94059,110.05854,-17.932604,WAL
2049242272000,261.724884,0.665464755207167,-11.7699707066069,-1.70278412318029,-0.4382958,-0.38148534,-0.20250183,53.69893,109.75572,-17.613773,WAL
2049247290000,261.729902,-0.392888573945502,-12.0659512273236,-1.69829957835013,-0.4709771,-0.43768495,-0.23182335,53.439583,109.44501,-17.280827,WAL
2049252246000,261.734858,-1.1912814414187,-12.2814105712854,-1.65368741817453,-0.48380527,-0.45081854,-0.24923302,53.169456,109.1832,-16.992224,WAL
2049257306000,261.739918,-1.34664427760745,-12.2959758783689,-1.50075212471696,-0.4804455,-0.44135013,-0.25259277,52.88736,108.923454,-16.705269,WAL
2049262261000,261.744873,-1.49878318142471,-12.3102389409378,-1.35099038972047,-0.4428773,-0.42852196,-0.2507602,52.615643,108.78019,-16.552639,WAL
2049267365000,261.749977,-1.65549699879772,-12.3249309028654,-1.19672522414588,-0.38545597,-0.39645153,-0.24556783,52.35389,108.63569,-16.401373,WAL
2049272260000,261.754872,-1.66180904716775,-12.4569426781483,-0.994144070618218,-0.27275133,-0.355829,-0.22082779,52.084785,108.494255,-16.26635,WAL
2049277302000,261.759914,-1.30609150498756,-12.8895713752115,-0.648040450405177,-0.14019357,-0.3213151,-0.19914207,51.825356,108.34456,-16.13278,WAL
2049282295000,261.764907,-0.913699050746457,-13.3365887814961,-0.317045085751968,0.016493361,-0.30176744,-0.17806722,51.510773,108.204865,-16.056276,WAL
2049287316000,261.769928,-0.416756068450394,-13.8335318784449,-0.014146524902559,0.1563815,-0.2883284,-0.19547687,51.21002,108.047386,-15.972556,WAL
2049292281000,261.774893,0.0534208557204301,-14.3025706322965,0.234593149322197,0.27366763,-0.25900686,-0.2434298,50.828243,107.78903,-15.828055,WAL
2049297297000,261.779909,0.46387749288172,-14.7084154041859,0.331442463538786,0.4034765,-0.24098633,-0.31398472,50.453377,107.50737,-15.67158,WAL
2049302322000,261.784934,0.853543209915693,-15.0910872829086,0.387256952561793,0.53786683,-0.24129178,-0.4016439,49.984127,107.106026,-15.424786,WAL
2049307308000,261.78992,1.13717005728492,-15.3564157586702,0.245443514546848,0.67256266,-0.21685717,-0.49235737,49.53422,106.68226,-15.157461,WAL
2049312307000,261.794919,1.3900640777501,-15.5928758673724,0.117774049914902,0.8173377,-0.172264,-0.58093286,49.032036,106.16819,-14.810724,WAL
2049317342000,261.799954,1.28998274109589,-15.4977987020548,0.152802543869863,0.9639453,-0.09896017,-0.68416905,48.55226,105.62842,-14.437243,WAL
2049322316000,261.804928,1.13933610102868,-15.3260643557506,0.224047826959894,1.0827587,-0.047647487,-0.77854776,48.071598,105.044876,-14.010398,WAL
2049327311000,261.809923,0.709743142073681,-14.7353743838147,0.492543411014389,1.1914927,-0.098043874,-0.90041536,47.587208,104.432465,-13.554484,WAL
2049332314000,261.814926,0.304166535641815,-14.1356935477018,0.726422615071975,1.31672,-0.22724187,-1.0259482,47.10421,103.81348,-13.090949,WAL
2049337274000,261.819886,0.00236354499354713,-13.5085088599226,0.816020393846917,1.4504995,-0.34055737,-1.1523973,46.616478,103.17359,-12.600384,WAL
2049342266000,261.824878,-0.306898243274651,-12.884211125408,0.901244697507665,1.645671,-0.37568212,-1.2275337,46.12515,102.574814,-12.153214,WAL
2049347284000,261.829896,-0.644353050814954,-12.2901004718623,0.963032173713777,1.8771889,-0.38698313,-1.280679,45.616356,101.96439,-11.68292,WAL
2049352302000,261.834914,-0.990857870957194,-11.7293789673008,1.00544512922711,2.149024,-0.38820487,-1.3271047,45.132233,101.40415,-11.246847,WAL
2049357307000,261.839919,-1.38506606801922,-11.3494190262584,0.943701699560048,2.3145685,-0.37140608,-1.352761,44.66023,100.86917,-10.804715,WAL
2049362301000,261.844913,-1.78488729619114,-11.0320961911357,0.855187649750693,2.620001,-0.34238997,-1.3842206,44.233135,100.409424,-10.402154,WAL
2049367308000,261.84992,-2.22606754962406,-11.0985107669173,0.599018473533835,2.930015,-0.31215215,-1.4248432,43.821377,79.99879,-9.992049,WAL
2049372299000,261.854911,-2.66021501684549,-11.2070835386266,0.301063151030043,3.1774156,-0.27305678,-1.4517213,43.470695,80.27738,-9.639844,WAL
2049377333000,261.859945,-3.05522183091104,-11.639709976785,-0.324364367588763,3.3206635,-0.16340645,-1.4834863,43.15926,80.48067,-9.277759,WAL
2049382414000,261.865026,-3.45821436917598,-12.07227011376,-0.962752829536057,3.415653,0.042760566,-1.5005904,42.9635,80.54382,-8.975833,WAL
2049387368000,261.86998,-3.89468142051637,-12.4524186778118,-1.65734550012266,3.396716,0.301462,-1.5100589,42.821823,80.53205,-8.674372,WAL
2049392448000,261.87506,-4.34677069030845,-12.835753376904,-2.35276528185453,3.3221905,0.55924714,-1.4785993,42.827976,80.41714,-8.456646,WAL
2049397294000,261.879906,-4.83277734053694,-13.1229393134996,-2.81226250359863,3.1902437,0.7678576,-1.4193454,42.894306,80.26147,-8.254855,WAL
2049402179000,261.884791,-5.32269531130998,-13.4124364864813,-3.27545770133283,3.0228667,0.9111055,-1.3613132,43.11256,80.07147,-8.144808,WAL
2049407227000,261.889839,-5.80538928975406,-13.5387053940345,-3.42999025085296,2.85213,1.0085385,-1.3069462,43.36999,79.87596,-8.059127,WAL
2049412487000,261.895099,-6.29314000204493,-13.6430773404378,-3.52653209821429,2.6991081,1.0415252,-1.2770138,43.642036,79.69007,-7.988713,WAL
2049417261000,261.899873,-6.56967023954493,-13.5904047571045,-3.16660375654762,2.5815165,0.9654725,-1.2406673,43.993073,79.49205,-8.015469,WAL
2049422179000,261.904791,-6.85454156506336,-13.536143390361,-2.7958187577381,2.4810293,0.7959574,-1.2006557,44.383293,79.27402,-8.112026,WAL
2049427224000,261.909836,-7.05462453334356,-13.1842265819781,-2.23226568225427,2.4220808,0.5335908,-1.181108,44.712708,79.07361,-8.202098,WAL
2049432535000,261.915147,-7.24230318582202,-12.788916239819,-1.63768878551031,2.4181101,0.22479841,-1.1594223,44.968143,78.879364,-8.29083,WAL
2049437232000,261.919844,-7.07494829653092,-12.4406368778281,-1.42057989056812,2.4828618,-0.04153884,-1.0943651,45.173935,78.61977,-8.417028,WAL
2049442503000,261.925115,-6.86738186361509,-12.0834043195732,-1.18690823512122,2.584571,-0.22907446,-1.0525209,45.35039,78.2881,-8.543036,WAL
2049447247000,261.929859,-6.28900464523074,-12.4278792019096,-1.17414988147524,2.5995371,-0.30634892,-1.1236867,45.475998,77.97986,-8.642493,WAL
2049452336000,261.934948,-5.66856584582982,-12.7974054827296,-1.16046369646167,2.3948972,-0.3839288,-1.2757921,45.55868,77.689545,-8.691495,WAL
2049457302000,261.939914,-5.12494418721641,-12.9943634216808,-1.67595823217597,2.2272146,-0.172264,-1.3432927,45.696037,77.394,-8.749357,WAL
2049462294000,261.944906,-4.58735827756954,-13.168842635727,-2.27013218932728,1.8203784,0.23976462,-1.4672983,45.871563,77.23759,-8.751425,WAL
2049467350000,261.949962,-3.96497731236918,-12.9409630715638,-2.0974104713645,1.457219,0.53969944,-1.5387696,45.99767,77.194496,-8.640199,WAL
2049472247000,261.954859,-3.34796487891957,-12.6464802462873,-1.78890415702183,1.2956452,0.7086037,-1.5567901,46.20098,77.207794,-8.524164,WAL
2049477305000,261.959917,-2.66538855789728,-12.334748794748,-1.42444413395443,1.2834278,0.76083267,-1.5271631,46.45971,77.337456,-8.34546,WAL
2049482301000,261.964913,-1.98174624945936,-12.0252620776212,-1.05490774449701,1.3857478,0.786489,-1.4789047,46.751976,77.470535,-8.179469,WAL
2049487315000,261.969927,-1.34932443413693,-11.8873825443169,-0.849690290464371,1.5430456,0.87964594,-1.4779885,47.038303,77.59609,-7.9291453,WAL
2049492248000,261.97486,-0.743464858450719,-11.8043210076533,-0.698225405471093,1.6688838,1.042747,-1.5152513,47.34585,77.69532,-7.695092,WAL
2049497297000,261.979909,-0.236460185247945,-11.7597447994275,-0.879170172176563,1.7580702,1.2568552,-1.5882497,47.650425,77.76536,-7.3612614,WAL
2049502330000,261.984942,0.244249694577523,-11.7241368705328,-1.13287817605504,1.8148806,1.4679092,-1.6123788,47.99365,77.797745,-7.0508213,WAL
2049507308000,261.98992,0.632129404102993,-11.5491700286791,-1.31288057758007,1.8689423,1.6609426,-1.5885551,48.38007,77.80164,-6.6625032,WAL
2049512294000,261.994906,0.976984690257484,-11.3042725716977,-1.45781969395018,1.9156734,1.8176296,-1.5488489,48.808823,77.77545,-6.2949986,WAL
2049517400000,262.000012,1.25808602045122,-10.9975394642055,-1.51204301500147,1.8848248,1.9083431,-1.5042557,49.291107,77.75399,-5.879568,WAL
2049522393000,262.005005,1.51027055678289,-10.6799738872449,-1.53539351901553,1.853976,1.9642372,-1.4456125,49.79807,77.694496,-5.4991727,WAL
2049527311000,262.009923,1.50834557680647,-10.2670146110662,-1.65131739078322,1.8374827,1.9898936,-1.3817772,50.304012,77.63194,-5.1020527,WAL
2049532357000,262.014969,1.40578709292572,-9.80305977134917,-1.80759688084891,1.8008307,2.0274618,-1.3020593,50.818207,77.558304,-4.7415214,WAL
2049537312000,262.019924,1.16478037827105,-9.37263657410479,-2.19865418414479,1.7767016,2.1670444,-1.2137892,51.381237,77.44873,-4.3744273,WAL
2049542307000,262.024919,0.870734441447946,-8.94790318060299,-2.67939615345887,1.7592919,2.329229,-1.1102476,51.94945,77.32553,-4.0488353,WAL
2049547293000,262.029905,0.500968974524733,-8.57105234368817,-2.84431934622082,1.7440202,2.3839016,-1.0088439,52.552406,77.18217,-3.7801542,WAL
2049552314000,262.034926,0.0918551167811634,-8.21426702804709,-2.85859069923823,1.6884315,2.409558,-0.9783007,53.18415,77.04878,-3.5374293,WAL
2049557310000,262.039922,-0.309911853980343,-7.85844808984414,-2.95080791080115,1.6606371,2.4019222,-0.9224065,53.867943,76.92899,-3.3991091,WAL
2049562288000,262.0449,-0.707465800282736,-7.50348921274695,-3.08332589817333,1.6206255,2.3829854,-0.86834496,54.547447,76.830185,-3.2766166,WAL
2049567350000,262.049962,-1.05206466646251,-7.24508544350489,-3.11932490073101,1.5836681,2.3215933,-0.82741696,55.242073,76.72498,-3.241032,WAL
2049572324000,262.054936,-1.35793023967203,-7.04744925569495,-3.10050241601304,1.5262468,2.2867742,-0.8219192,55.93111,76.643715,-3.2165465,WAL
2049577305000,262.059917,-1.59482368874172,-6.80168904900662,-3.03191567483444,1.4666874,2.2348504,-0.816116,56.617756,76.58192,-3.286592,WAL
2049582311000,262.064923,-1.78985531752129,-6.52501628541154,-2.93213207614002,1.391551,2.1835377,-0.8032878,57.287914,76.54971,-3.361331,WAL
2049587313000,262.069925,-1.95386007179389,-6.24168052924438,-2.83625403139781,1.310306,2.144137,-0.7846564,57.957066,76.53707,-3.495464,WAL
2049592308000,262.07492,-2.0872237386368,-5.95195967681215,-2.74427904403961,1.2195925,2.1163425,-0.7837401,58.610996,76.55736,-3.6265635,WAL
2049597285000,262.079897,-2.1750998903309,-5.61037912204555,-2.65241328994413,1.1279627,2.0928242,-0.77274454,59.32458,76.55365,-3.7735708,WAL
2049602327000,262.084939,-2.20103791439622,-5.19018280717662,-2.55903629497207,1.0430524,2.0952678,-0.75869465,60.031322,76.58264,-3.9210906,WAL
2049607309000,262.089921,-2.20958680791139,-4.81215607452532,-2.36733126776108,0.95294976,2.0971005,-0.754724,60.75901,76.61361,-4.074499,WAL
2049612288000,262.0949,-2.20487133251582,-4.46321069829905,-2.09854902249802,0.8561276,2.076331,-0.7483099,61.47377,76.67749,-4.2296653,WAL
2049617324000,262.099936,-2.23604024535552,-3.99704704331551,-1.65704648682808,0.7330383,2.0610592,-0.7516697,62.22403,76.74021,-4.3681064,WAL
2049622339000,262.104951,-2.29787025882353,-3.43582027058824,-1.07203902411765,0.605062,2.0934353,-0.7254025,62.973873,76.83507,-4.5171223,WAL
2049627307000,262.109919,-2.35339903458878,-3.02205301106841,-0.53729493264412,0.50762904,2.08977,-0.7131852,63.726456,76.90091,-4.6384535,WAL
2049632313000,262.114925,-2.40406746944658,-2.73646768522291,-0.0398236104976941,0.40653083,2.038152,-0.7089091,64.468315,77.00677,-4.7628584,WAL
2049637285000,262.119897,-2.4669855,-2.51678488,0.344765044,0.25228736,1.9712621,-0.7110472,65.19694,77.05166,-4.8742085,WAL
2049642311000,262.124923,-2.54713299722479,-2.37875301981499,0.589660181124884,0.089186326,1.8955148,-0.70707655,65.90403,77.12822,-4.985135,WAL
2049647280000,262.129892,-2.61456266281461,-2.2737536212488,0.817263546728071,-0.061086524,1.8640553,-0.6969972,66.58319,77.16302,-5.0850725,WAL
2049652326000,262.134938,-2.65079182952769,-2.25305124026989,1.00876073291207,-0.122478485,1.8093829,-0.6939429,67.23165,77.21847,-5.1792045,WAL
2049657292000,262.139904,-2.67764550540221,-2.23716186969742,1.15478479261993,-0.2501493,1.7449366,-0.67164636,67.85813,77.282555,-5.2854695,WAL
2049662302000,262.144914,-2.69180929920295,-2.22771935692989,1.23976745682657,-0.3622431,1.6862935,-0.6542367,68.468124,77.3576,-5.3894277,WAL
2049667282000,262.149894,-2.70588827986716,-2.21833338615498,1.32424124280443,-0.47739118,1.6249015,-0.6218608,69.0497,77.43168,-5.5001817,WAL
2049672317000,262.154929,-2.72012275128167,-2.20884375506027,1.40964797220172,-0.5910121,1.5561792,-0.6096435,69.60988,77.53211,-5.6069536,WAL
2049677243000,262.159855,-2.72777339690669,-2.20751530799959,1.41998744179043,-0.6969972,1.459357,-0.5858198,70.1441,77.64871,-5.7200327,WAL
2049682323000,262.164935,-2.72279017863362,-2.22246465061969,1.28046019196968,-0.80481493,1.3643675,-0.57451874,70.6564,77.79103,-5.8292117,WAL
2049687240000,262.169852,-2.69036275807916,-2.22975987639797,1.1071140335512,-0.9056077,1.2773192,-0.5653558,71.13239,77.92311,-5.9380727,WAL
2049692308000,262.17492,-2.6110567931191,-2.22535399201162,0.864790208278867,-0.99082345,1.2046263,-0.5354234,71.58073,78.06864,-6.05149,WAL
2049697252000,262.179864,-2.53230743303005,-2.24227984187474,0.625896829574693,-1.0552697,1.1520919,-0.4978552,72.01996,78.243164,-6.167603,WAL
2049702321000,262.184933,-2.44499669673085,-2.36040625834744,0.36910019018303,-1.1279627,1.103528,-0.46181414,72.43522,78.4295,-6.287418,WAL
2049707239000,262.189851,-2.38934585659108,-2.52234044514328,0.212442827296785,-1.17897,1.069625,-0.4120286,72.85234,78.652145,-6.4089417,WAL
2049712316000,262.194928,-2.40630819835535,-2.81070091300773,0.28756193711687,-1.2504412,1.0326678,-0.36468655,73.25061,78.88239,-6.5358777,WAL
2049717298000,262.19991,-2.42295314353352,-3.09366562659855,0.361275430345876,-1.3191634,0.9767735,-0.30085114,73.64826,79.14456,-6.662896,WAL
2049722314000,262.204926,-2.43971168327934,-3.3785614522452,0.435491986354847,-1.393689,0.88514376,-0.24465153,74.021416,79.40464,-6.7954564,WAL
2049727280000,262.209892,-2.47699342116333,-3.70607753687354,0.612768904907816,-1.4740179,0.7648033,-0.19058995,74.369255,79.6542,-6.9371963,WAL
2049732315000,262.214927,-2.56881573077988,-4.15684139227906,1.06353282568597,-1.5781704,0.60231316,-0.12614368,74.67437,79.89442,-7.0900407,WAL
2049737657000,262.220269,-2.667099315625,-4.65264053853059,1.56362694135638,-1.6789632,0.39706242,-0.06291912,74.935715,80.11529,-7.2261777,WAL
2049742309000,262.224921,-2.77077591979167,-5.45243156596853,2.45722025961879,-1.7745636,0.17654006,0.06383542,75.13991,80.30786,-7.389139,WAL
2049747282000,262.229894,-2.84721011362327,-6.40509922053421,3.43724336882137,-1.8329011,0.08093964,0.14355333,75.28826,80.434525,-7.532571,WAL
2049752327000,262.234939,-2.74646390321716,-7.87791210455764,4.55984368418231,-1.842675,-0.06291912,0.2950479,75.351234,80.50719,-7.7201967,WAL
2049757287000,262.239899,-2.53794979750918,-9.49425714428897,5.7721942295326,-1.8026633,-0.17898351,0.45998153,75.32554,80.470924,-7.89193,WAL
2049762285000,262.244897,-1.70671489450233,-12.0782107447653,7.61041071777315,-1.6551393,-0.1432479,0.63255095,75.295135,80.37582,-8.104179,WAL
2049767326000,262.249938,-0.778234547813121,-14.5011711958251,9.50408563220676,-1.3310753,-0.05589417,0.7504479,75.16793,80.189384,-8.219603,WAL
2049772327000,262.254939,0.688090716252485,-15.7961075666998,11.622640471173,-0.7119634,-0.21777347,0.77366084,74.97655,79.92184,-8.347134,WAL
2049777276000,262.259888,2.12346322444062,-16.9894698932874,13.4190025232358,0.22632557,-0.50915617,0.52473325,74.684044,79.61656,-8.098696,WAL
2049782340000,262.264952,3.47570166271945,-17.5570758726334,13.030859779346,1.1001683,-0.6227771,0.081855945,74.41588,79.20632,-7.8286924,WAL
2049787284000,262.269896,4.79589653611016,-18.1112314733219,12.651914730809,1.5861117,-0.4166101,-0.23243423,74.02108,78.598495,-7.2644744,WAL
2049792308000,262.27492,5.4513638232935,-18.4892680929714,11.3563879612113,1.808772,0.121256754,-0.38453966,73.73269,77.81646,-6.702385,WAL
2049797295000,262.279907,5.9302167855479,-18.8181777636216,9.84243875384849,1.8084666,0.7296785,-0.42424592,73.55517,76.944725,-6.1617694,WAL
2049802320000,262.284932,5.38237212323768,-17.5644741362864,8.53562465823418,1.6224581,1.1756102,-0.4746423,73.5214,76.205925,-5.46894,WAL
2049807240000,262.289852,4.63327263078692,-16.0097388858114,7.30125908679132,1.3515394,1.416902,-0.52473325,73.60575,75.46107,-4.859373,WAL
2049812316000,262.294928,3.70256423180958,-14.1263530413591,6.33883618001136,1.0415252,1.5033394,-0.5653558,73.86343,74.97321,-4.2737274,WAL
2049817293000,262.299905,2.75524353087261,-12.2181784953625,5.46369248324815,0.7495316,1.4770721,-0.59773165,74.149086,74.5418,-3.7363207,WAL
2049822314000,262.304926,1.73659464719249,-10.2046304920016,4.81539678659867,0.535118,1.4065173,-0.61300325,74.49141,74.240456,-3.3235693,WAL
2049827239000,262.309851,0.712494315188851,-8.19453585909917,4.27238529624318,0.3359759,1.3249667,-0.5714644,74.80883,74.00787,-2.9400938,WAL
2049832331000,262.314943,-0.213744670825109,-6.62508611073826,3.95401120331623,0.13713925,1.201572,-0.5030475,75.11112,73.86202,-2.6742742,WAL
2049837247000,262.319859,-1.05943005104619,-5.29615191409396,3.73562003817608,-0.042455133,1.063211,-0.38973203,75.3682,73.7606,-2.4371214,WAL
2049842306000,262.324918,-1.81685135530541,-4.49504489892657,3.58108709755866,-0.23365596,0.9978484,-0.24281894,75.60001,73.6986,-2.3484719,WAL
2049847305000,262.329917,-2.51720907088439,-3.94476374510307,3.45829708842025,-0.4129449,0.88361657,-0.16615535,75.77017,73.68273,-2.2602775,WAL
2049852317000,262.334929,-3.12916721884914,-3.86027222900985,3.34639246437532,-0.5161811,0.80664754,-0.009162978,75.935165,73.64118,-2.3424292,WAL
2049857306000,262.339918,-3.67903090130638,-4.08318985283567,3.24236423647486,-0.70646566,0.7275405,0.12858713,76.06173,73.67119,-2.430897,WAL
2049862308000,262.34492,-4.00481015556622,-4.61714652975048,3.33812378881958,-0.904386,0.57696223,0.25442538,76.15591,73.6985,-2.6402063,WAL
2049867365000,262.349977,-4.22325595773513,-5.30966628099808,3.53333073472169,-1.0732902,0.30543262,0.35155296,76.18523,73.759865,-2.8648462,WAL
2049872311000,262.354923,-4.37502123004032,-6.38300710120968,3.88651919342742,-1.1933253,-0.08552113,0.3885103,76.15253,73.866486,-3.1496665,WAL
2049877305000,262.359917,-4.48590942570565,-7.73777207116936,4.35417814497984,-1.2030991,-0.57451874,0.39584067,76.01135,73.97471,-3.425972,WAL
2049882326000,262.364938,-4.72151595925926,-9.65155376128314,4.75173588988059,-1.1053606,-1.1163563,0.39736784,75.745125,74.07174,-3.697538,WAL
2049887308000,262.36992,-5.03534505555556,-11.9062939310868,5.09936192234366,-0.9086621,-1.6511687,0.3820962,75.346275,74.13295,-3.9307172,WAL
2049892310000,262.374922,-5.13207496940363,-13.7706562849323,4.75457522948238,-0.6786713,-1.9529362,0.38453966,74.85591,74.13932,-4.138,WAL
2049897299000,262.379911,-5.09995607199654,-15.3949387127629,4.00208258197446,-0.41050145,-1.9816469,0.43676865,74.29409,74.071304,-4.3329406,WAL
2049902313000,262.384925,-5.0285141901641,-16.615408506141,3.38800717135927,-0.016493361,-1.8298469,0.45631635,73.73048,73.95519,-4.511662,WAL
2049907306000,262.389918,-4.92487555743627,-17.4889361493446,2.89448877574569,0.5222898,-1.6206255,0.4529566,73.179146,73.722305,-4.6927986,WAL
2049912287000,262.394899,-4.23205458544304,-18.0865687606804,2.44896525751582,1.1010846,-1.4966198,0.38912117,72.74317,73.5696,-4.8247943,WAL
2049917327000,262.399939,-3.14375350949367,-18.5113886261867,2.0289192369462,1.4199562,-1.5952746,0.07422013,72.32791,73.36256,-4.8753257,WAL
2049922310000,262.404922,-2.02518048103486,-15.6845047090859,0.49410064855888,1.3888022,-1.6560557,-0.3555236,72.02197,73.21825,-4.849018,WAL
2049927305000,262.409917,-0.874031487609113,-10.5721770996981,-1.83008231218776,1.0412198,-1.4159856,-0.6224717,71.785645,73.087395,-4.792269,WAL
2049932318000,262.41493,-0.245084598423929,-6.95251037581238,-3.023661441588,0.3924809,-0.91599244,-0.70646566,71.66856,73.16728,-4.52089,WAL
2049937306000,262.419918,-0.401735762055053,-5.5972404403657,-2.51810541046408,-0.36285394,-0.5635232,-0.6612616,71.58385,73.36892,-4.2356853,WAL
2049942294000,262.424906,-0.558386925686177,-4.24197050491901,-2.01254937934016,-0.9654725,-0.5140431,-0.63591075,71.59038,73.82511,-3.8791358,WAL
2049947322000,262.429934,-0.716294313564543,-2.87583232620491,-1.50293916993938,-1.1606439,-0.5910121,-0.5992588,71.656654,74.3623,-3.569304,WAL
2049952259000,262.434871,-0.970629074245444,-1.96693898258331,-1.18400498996275,-1.4285084,-0.84207773,-0.49021935,71.68543,75.06755,-3.2905939,WAL
2049957298000,262.43991,-1.40301811056478,-1.79204007641196,-1.174288389701,-1.6074919,-1.146594,-0.3359759,71.6782,75.7835,-3.0387447,WAL
2049962313000,262.444925,-1.77623418995215,-1.78264925466507,-1.36422537404306,-1.7623463,-1.4764613,-0.18417588,71.45719,76.33539,-2.8831995,WAL
2049967395000,262.450007,-2.06316033205742,-2.03630857440191,-1.87570249114833,-1.8658879,-1.7040086,-0.03145956,71.172745,76.91049,-2.762596,WAL
2049972506000,262.455118,-2.35102912850447,-2.30622397600903,-2.39043211620519,-1.9147571,-1.8606955,0.10476339,70.785484,77.49689,-2.7328997,WAL
2049977305000,262.459917,-2.61431361515493,-2.70912899662356,-2.87710936555855,-1.922393,-1.9917262,0.23426682,70.33385,78.08771,-2.7386453,WAL
2049982318000,262.46493,-2.88933864778231,-3.13000060911379,-3.38548883024043,-1.9269744,-2.1230621,0.3631594,69.867935,78.76105,-2.8253388,WAL
2049987308000,262.46992,-3.17138970509816,-3.6320106263542,-3.91705364592456,-1.9254472,-2.2992969,0.5009095,69.34701,79.41388,-2.9503384,WAL
2049992245000,262.474857,-3.45325627451948,-4.15686584166924,-4.4516282406311,-1.9034561,-2.4147503,0.62949663,68.803,80.037285,-3.1146634,WAL
2049997283000,262.479895,-3.56687966189821,-4.55830986795048,-4.6837039735901,-1.892155,-2.4306328,0.73761976,68.27475,80.71658,-3.3574088,WAL
2050002255000,262.484867,-3.63237611393201,-4.91854001218314,-4.82873185957948,-1.8738291,-2.3365595,0.83291477,67.74491,81.33802,-3.6412904,WAL
2050007307000,262.489919,-3.58046360747166,-5.33938457151306,-4.67449751030064,-1.8622227,-2.191479,0.9266826,67.26582,81.961395,-3.9987364,WAL
2050012268000,262.49488,-3.49148375696402,-5.77023409600789,-4.42629053829473,-1.8435913,-2.0384574,1.0451905,66.818535,82.47826,-4.400783,WAL
2050017313000,262.499925,-3.43173685508982,-6.40522354281437,-4.22068506161677,-1.8002199,-1.8912388,1.2021828,66.42883,82.88131,-4.8517623,WAL
2050022288000,262.5049,-3.3841873740519,-7.10420160918164,-4.03524198626747,-1.7864754,-1.7708983,1.3585643,66.08183,83.1274,-5.3435307,WAL
2050027341000,262.509953,-3.17432848165906,-7.92699064789126,-4.06263460733637,-1.7702875,-1.5952746,1.5167783,65.80687,83.17516,-5.857322,WAL
2050032395000,262.515007,-2.90395595033051,-8.79218218350247,-4.1707836198678,-1.7510452,-1.3924674,1.6844609,65.5836,83.037605,-6.4194145,WAL
2050037342000,262.519954,-2.45230240713165,-9.68040269465649,-4.24614868242183,-1.7244726,-1.162782,1.8872682,65.44866,82.741356,-6.9945874,WAL
2050042364000,262.524976,-1.86388013393287,-10.6108144503817,-4.30147050507163,-1.6493362,-1.0555751,2.076331,65.34968,82.29653,-7.6071305,WAL
2050047339000,262.529951,-1.42025629312543,-11.5599793199683,-4.05067077002277,-1.5604553,-0.9401216,2.1438315,65.41975,81.85827,-8.125086,WAL
2050052347000,262.534959,-1.04040757950104,-12.5285932536383,-3.65182950519751,-1.5351044,-0.947452,2.2262983,65.49856,98.69095,-8.689566,WAL
2050057344000,262.539956,-0.673526748815789,-13.3404917894737,-3.35402448026316,-1.5399913,-0.97433007,2.223244,65.794624,99.04005,-9.010259,WAL
2050062332000,262.544944,-0.313675048972479,-14.0697918987545,-3.10932535463037,-1.5726726,-0.9810496,2.1755965,66.09697,99.43091,-9.3406725,WAL
2050067368000,262.54998,-0.0256208644179789,-14.4194284302372,-2.97841079418976,-1.6453656,-0.98837996,2.0619757,66.34277,99.75321,-9.584879,WAL
2050072348000,262.55496,0.22153977650289,-14.5715268815029,-2.90711455520231,-1.7214183,-0.9505063,1.894904,66.599335,100.071495,-9.803378,WAL
2050077341000,262.559953,0.478834994712772,-14.480623147797,-2.96734673736754,-1.7767016,-0.8524625,1.6914859,66.844986,100.3021,-9.922642,WAL
2050082449000,262.565061,0.747117325131065,-14.2578121688046,-3.09921428230154,-1.7611245,-0.6783658,1.4752395,67.120094,100.506905,-9.998392,WAL
2050087346000,262.569958,1.04454374738551,-13.879206165963,-3.19181067950633,-1.7373008,-0.43554693,1.2217305,67.380684,100.67416,-10.005922,WAL
2050092351000,262.574963,1.38702575951066,-13.3343482223666,-3.25408004266537,-1.7253889,-0.19608775,0.9764681,67.6853,100.81219,-9.962869,WAL
2050097289000,262.579901,1.6168625484531,-12.7324867213601,-3.00578823906296,-1.7479908,-0.10873401,0.7272351,67.98948,100.91925,-9.842587,WAL
2050102348000,262.58496,1.79405101065533,-12.0811998522289,-2.58436718843531,-1.8093829,-0.21288654,0.5195409,68.29828,101.01184,-9.679251,WAL
2050107341000,262.589953,1.86090986320381,-11.3770492773592,-2.08041325376685,-1.8325957,-0.50335294,0.35705075,68.504776,101.1282,-9.495538,WAL
2050112343000,262.594955,1.86565839151467,-10.6362787616971,-1.52483504472641,-1.8432859,-0.9254609,0.22571471,68.63662,101.24153,-9.2820635,WAL
2050117343000,262.599955,1.56437618656009,-9.97656675843695,-1.23624731403197,-1.8429805,-1.3530666,0.09285152,68.58816,101.35164,-9.069156,WAL
2050122351000,262.604963,1.07218086356819,-9.36605479159266,-1.11319847092954,-1.8463402,-1.7314975,-0.046120327,68.4303,101.45592,-8.839559,WAL
2050127344000,262.609956,0.556063352923492,-8.82458771530153,-1.19530102744374,-1.8322903,-2.0289888,-0.17256944,68.12384,101.51466,-8.612673,WAL
2050132407000,262.615019,0.0148901654113411,-8.32269311773177,-1.42224460221422,-1.8093829,-2.1847596,-0.2593123,67.75141,101.56501,-8.374253,WAL
2050137347000,262.619959,-0.490573225692884,-7.86329547086975,-1.71902288555972,-1.7632625,-2.223855,-0.31429017,67.29785,101.66012,-8.205206,WAL
2050142347000,262.624959,-0.963834087116105,-7.4498151858094,-2.14744855139409,-1.6759088,-2.212554,-0.3191771,66.820175,101.74004,-8.036246,WAL
2050147331000,262.629943,-1.36138830910473,-7.15636147374024,-2.50942350098347,-1.6288722,-2.1062634,-0.2968805,66.40634,101.89951,-7.942281,WAL
2050152355000,262.634967,-1.66871611314002,-7.01001474272534,-2.7923601746933,-1.5125023,-1.9489655,-0.23487769,66.02002,102.031525,-7.8597717,WAL
2050157343000,262.639955,-1.90268393847246,-7.00941921564053,-2.94697159162187,-1.4343116,-1.7910569,-0.1255328,65.68772,102.28982,-7.8676906,WAL
2050162345000,262.644957,-2.0581664839436,-7.16976073810731,-2.9615480152551,-1.3753631,-1.6667458,-0.0033597588,65.40256,102.53584,-7.893043,WAL
2050167328000,262.64994,-2.16623954026256,-7.46863327415852,-2.92642476581779,-1.3377949,-1.5763378,0.121256754,65.19647,102.8447,-7.980054,WAL
2050172350000,262.654962,-2.22795417502714,-7.91013032627579,-2.8409736834962,-1.3127494,-1.4700472,0.21777347,65.0424,103.15307,-8.086134,WAL
2050177327000,262.659939,-2.21839567623955,-8.29842301210383,-2.70637706687731,-1.3326025,-1.3933836,0.27550024,64.85428,103.51642,-8.256952,WAL
2050182401000,262.665013,-2.12863658664204,-8.63856279015166,-2.51268656341629,-1.3991868,-1.3161092,0.32375857,64.709724,103.89035,-8.442886,WAL
2050187305000,262.669917,-1.94193969379768,-8.8726301423759,-2.30647337257505,-1.4520267,-1.2311989,0.37110063,64.5455,104.26429,-8.658656,WAL
2050192344000,262.674956,-1.60724959338155,-8.97781808164074,-2.06740899373823,-1.4844025,-1.1569787,0.42210788,64.411705,104.64682,-8.879708,WAL
2050197274000,262.679886,-1.28611643564259,-9.06229743200157,-1.76512747445385,-1.4996742,-1.1575897,0.4437936,64.227806,105.00515,-9.101084,WAL
2050202356000,262.684968,-0.965230293938201,-9.11976974099587,-1.34366504205865,-1.5057828,-1.2260065,0.4447099,64.05543,105.36291,-9.324424,WAL
2050207241000,262.689853,-0.662704975823778,-9.1187226065178,-0.980408041983504,-1.5103643,-1.3530666,0.42730024,63.815453,105.67511,-9.516949,WAL
2050212343000,262.694955,-0.358000326662643,-9.01060146590223,-0.680617944870247,-1.4871514,-1.5048665,0.40866885,63.556545,105.971664,-9.709434,WAL
2050217285000,262.699897,-0.118839256031247,-8.81589854367915,-0.581655301043155,-1.428203,-1.6536123,0.40317106,63.189938,106.18705,-9.885609,WAL
2050222361000,262.704973,0.0293535508964466,-8.45930966457083,-0.813206564889969,-1.3393221,-1.7672331,0.38759398,62.795948,106.37515,-10.054266,WAL
2050227268000,262.70988,0.112439988372093,-8.16914306644518,-1.04428555581395,-1.2464706,-1.8267925,0.38820487,62.323154,106.504845,-10.206282,WAL
2050232349000,262.714961,0.0291604289922481,-8.02217924645122,-1.30392179126145,-1.1630874,-1.8240436,0.39370266,61.842426,106.60527,-10.350505,WAL
2050237282000,262.719894,-0.0724995246919564,-7.9187684811632,-1.49440937268152,-1.0961977,-1.8005253,0.40225476,61.3617,106.74181,-10.49266,WAL
2050242305000,262.724917,-0.229424730164973,-7.91428500070836,-1.5302780122099,-1.0858129,-1.7027869,0.41141775,60.91025,106.86392,-10.624424,WAL
2050247303000,262.729915,-0.391857169283352,-7.90711638897464,-1.54904585336273,-1.063211,-1.5662584,0.42943826,60.49553,107.028595,-10.768298,WAL
2050252407000,262.735019,-0.597626507497244,-7.88262005380375,-1.46085899558986,-1.0775663,-1.4407257,0.45723262,60.113445,107.19351,-10.905781,WAL
2050257380000,262.739992,-0.794669510289612,-7.86405971509341,-1.35710935952357,-1.1264355,-1.282817,0.5015204,59.778736,107.3867,-11.064141,WAL
2050262307000,262.744919,-0.971898672580805,-7.87338755805081,-1.16122451131758,-1.17897,-1.1450669,0.552833,59.483093,107.58142,-11.218941,WAL
2050267326000,262.749938,-1.1571127151234,-7.88053593492596,-0.965241910246792,-1.2388347,-1.0302242,0.61819565,59.20505,107.81121,-11.4100275,WAL
2050272324000,262.754936,-1.37446557137216,-7.8710858171767,-0.795139642744324,-1.3038919,-0.9459248,0.6844745,58.96786,108.05422,-11.601649,WAL
2050277310000,262.759922,-1.58185299685157,-7.86456852293853,-0.640439927916042,-1.3521502,-0.91904676,0.7528914,58.714886,108.312645,-11.826806,WAL
2050282336000,262.764948,-1.70071047243143,-7.8857930563189,-0.627705225617779,-1.3713925,-0.9254609,0.81581056,58.487556,108.58079,-12.057703,WAL
2050287247000,262.769859,-1.81684836788958,-7.90653195075403,-0.615261906280977,-1.3891076,-0.9630291,0.87872964,58.23381,108.87108,-12.331847,WAL
2050292309000,262.774921,-1.9145984233244,-8.05456029827652,-0.734278097119877,-1.3884968,-1.010982,0.9297369,57.986534,109.16123,-12.61193,WAL
2050297261000,262.779873,-2.00541485067024,-8.22711151497511,-0.87958440458062,-1.3955216,-1.0622946,0.9767735,57.739403,109.457924,-12.901544,WAL
2050302318000,262.78493,-2.03392685080703,-8.52578701007505,-1.05783983774031,-1.3784174,-1.1102476,0.9963212,57.463505,109.77072,-13.217198,WAL
2050307243000,262.789855,-2.03877580115143,-8.86036498889689,-1.24210002677598,-1.3726143,-1.1343768,1.0118983,57.191486,110.0848,-13.535571,WAL
2050312301000,262.794913,-1.99287904768262,-9.21343176082396,-1.42423440789624,-1.3747523,-1.1496484,1.0216721,56.911163,110.42681,-13.86421,WAL
2050317305000,262.799917,-1.9334674518787,-9.56533140377647,-1.60246938619111,-1.3649784,-1.144456,1.0186177,56.638912,110.75402,-14.182506,WAL
2050322353000,262.804965,-1.82736697417996,-10.0380902256997,-1.59925275865182,-1.3271047,-1.110553,1.006095,56.363422,111.08788,-14.497318,WAL
2050327248000,262.80986,-1.70510392723443,-10.5459519996991,-1.51931150165513,-1.2654073,-1.0668762,0.9957104,56.100822,111.40273,-14.799614,WAL
2050332323000,262.814935,-1.53551559412305,-11.0374356541169,-1.20129366266707,-1.1838568,-1.0442741,0.9764681,55.838768,111.701065,-15.075887,WAL
2050337308000,262.81992,-1.35041874471993,-11.505049100704,-0.787261209601061,-1.0861185,-1.0387764,0.94225967,55.589657,111.96754,-15.3333645,WAL
2050342272000,262.824884,-1.10598746264964,-11.8753249473264,-0.45192134537909,-1.0329732,-1.0659598,0.9297369,55.28139,112.17913,-15.5680065,WAL
2050347290000,262.829902,-0.837515802294493,-12.2157084423384,-0.140302514146049,-0.9080512,-1.1133019,0.9034697,54.97188,112.33897,-15.781398,WAL
2050352278000,262.83489,-0.502224941049717,-12.4103757055671,-0.133858615433165,-0.74097955,-1.1462886,0.8558222,54.56204,112.384,-15.94682,WAL
2050357306000,262.839918,-0.139064694086931,-12.5537283414707,-0.238983961595713,-0.50426924,-1.1139128,0.81245077,54.16362,112.38274,-16.095493,WAL
2050362270000,262.844882,0.238998503213021,-12.4683751864055,-0.653673224319778,-0.21930063,-0.9993755,0.743423,53.69403,112.25566,-16.179747,WAL
2050367283000,262.849895,0.628500779917384,-12.2926240786584,-1.19517642289502,0.047036625,-0.7797695,0.6582073,53.26845,112.07675,-16.228552,WAL
2050372276000,262.854888,1.08653171337965,-11.9095079588089,-1.67637180607444,0.2678644,-0.5018258,0.5503896,52.86768,111.82452,-16.203342,WAL
2050377285000,262.859897,1.57694691932506,-11.4333770287841,-2.13345779720099,0.40653083,-0.22357668,0.43982297,52.53026,111.52584,-16.133047,WAL
2050382367000,262.864979,1.69966873622485,-11.2089523772116,-2.31132661819836,0.43249258,-0.015577064,0.33383787,52.30128,111.24229,-15.995293,WAL
2050392298000,262.87491,1.60351344272571,-11.0022181949752,-2.40267419722475,0.12767084,0.03940081,0.058337633,51.971043,110.66412,-15.574742,WAL
2050397309000,262.879921,1.55499524962087,-10.8979039278132,-2.44876650600546,-0.106595986,-0.0720821,-0.09132435,51.82186,110.395584,-15.30471,WAL
2050402206000,262.884818,1.16209973270036,-11.0645127233421,-2.35886757277242,-0.32620203,-0.18417588,-0.19914207,51.668472,110.168236,-15.01454,WAL
2050407234000,262.889846,0.622855227763171,-11.3411687654105,-2.21350608039731,-0.5216789,-0.25350907,-0.27916542,51.482986,109.95783,-14.698663,WAL
2050412221000,262.894833,-0.019561636303514,-11.5130218738468,-1.86415468311392,-0.6740898,-0.31490102,-0.3203988,51.23973,109.79421,-14.41191,WAL
2050417284000,262.899896,-0.728250303752462,-11.6336495414118,-1.4017478018866,-0.77182823,-0.38240165,-0.3277292,50.968777,109.65155,-14.122064,WAL
2050422227000,262.904839,-1.21089118271771,-11.7406516193499,-1.02190230326921,-0.7779369,-0.441961,-0.3115413,50.660156,109.548325,-13.894079,WAL
2050427225000,262.909837,-1.62363677365109,-11.8449716674879,-0.663584776044727,-0.70707655,-0.47616947,-0.28221974,50.339497,109.45124,-13.675179,WAL
2050432259000,262.914871,-1.90562146949522,-12.0775369639074,-0.396172263652887,-0.5821546,-0.49266282,-0.23151793,49.942535,109.38132,-13.562498,WAL
2050437232000,262.919844,-2.10348380309514,-12.384223805671,-0.188416815955546,-0.41416663,-0.5216789,-0.21044308,49.537243,109.286575,-13.453145,WAL
2050442224000,262.924836,-2.09882837485918,-12.8717594113549,-0.108115988504595,-0.32742378,-0.5329799,-0.17470746,49.09718,109.19574,-13.411869,WAL
2050447219000,262.929831,-2.00428115487696,-13.4390423857101,-0.0844791904198043,-0.160963,-0.49968776,-0.16493362,48.67034,109.05415,-13.3651285,WAL
2050452380000,262.934992,-1.80042324302591,-14.0779488839558,-0.0383035773023056,-0.004581489,-0.4269948,-0.18478674,48.233192,108.882225,-13.324764,WAL
2050457309000,262.939921,-1.55756686722561,-14.7120739382622,0.0156645025041921,0.17073683,-0.34391713,-0.23854288,47.817013,108.67224,-13.271857,WAL
2050462315000,262.944927,-1.25435418262622,-15.2503337873627,0.0638267201667842,0.36193767,-0.30634892,-0.3304781,47.372543,108.38834,-13.177364,WAL
2050467329000,262.949941,-0.910780127925023,-15.7148844496624,0.107378367116497,0.54367006,-0.26358834,-0.41996986,46.961052,108.069695,-13.061387,WAL
2050472310000,262.954922,-0.569717854451613,-15.9633055171216,0.0386636838362283,0.72112644,-0.20219639,-0.49754974,46.52534,107.64843,-12.870638,WAL
2050477300000,262.959912,-0.228203670967742,-16.0724000421836,-0.103633885186104,0.8857546,-0.13164146,-0.5729916,46.111435,107.19061,-12.654001,WAL
2050482350000,262.964962,0.0879557206927331,-16.0624804251965,-0.278903710977006,1.0522153,-0.047647487,-0.66431594,45.66561,106.65202,-12.371769,WAL
2050487316000,262.969928,0.378649470649073,-15.9701969971379,-0.472699550705346,1.2070698,0.03268129,-0.75655663,45.24735,106.086464,-12.06855,WAL
2050492306000,262.974918,0.582562840664798,-15.7023079589507,-0.567547571485783,1.3692545,0.09254608,-0.84971356,44.834236,105.470436,-11.709265,WAL
2050497302000,262.979914,0.707111179887865,-15.2759695370445,-0.572337889146976,1.5482379,0.10293079,-0.9468411,44.434902,104.8211,-11.327745,WAL
2050502313000,262.984925,0.73619894259095,-14.7220333877551,-0.482276199511979,1.7571539,0.05589417,-1.0644327,44.035725,104.12772,-10.896242,WAL
2050507310000,262.989922,0.679582237947353,-14.0567865170068,-0.307707903697131,1.9871446,0.05589417,-1.1728612,43.8336569378751,103.729654660864,-10.6607651236495,WAL
2050512309000,262.994921,0.33330871682243,-13.0490704672897,-0.166564830971963,2.2623394,-0.018325957,-1.2525792,43.631508,103.33143,-10.425194,WAL
2050517326000,262.999938,-0.305703886143063,-11.6933276573508,-0.0586235151211359,2.5949554,0.025045475,-1.3176364,43.257538,102.552986,-9.955759,WAL
2050522280000,263.004892,-0.930703550183685,-10.7648467523527,0.06626267345116,2.9492574,0.1020145,-1.3558154,42.876984,101.68153,-9.467219,WAL
2050527307000,263.009919,-1.54850664598158,-10.9465536642846,0.243123944445171,3.273016,0.16646078,-1.400714,42.509003,100.774055,-8.962273,WAL
2050532280000,263.014892,-2.15967330510291,-11.1263086817976,0.418085372862362,3.5164459,0.17928895,-1.4709635,42.22211,99.94819,-8.551481,WAL
2050537315000,263.019927,-2.77845957670475,-11.3083047632731,0.595228102015903,3.604105,0.19761491,-1.4963144,41.960903,99.146454,-8.141731,WAL
2050542239000,263.024851,-3.33812901558103,-11.5722477414034,0.682602046604231,3.694513,0.23060162,-1.534188,41.708977,98.35775,-7.719844,WAL
2050547295000,263.029907,-3.798372817948,-12.0595644425496,0.556260672834778,3.6661077,0.25411993,-1.5509869,41.46428,97.64652,-7.3004637,WAL
2050552267000,263.034879,-4.26238594089642,-12.5597063969548,0.399553919075702,3.5408804,0.2751948,-1.5393804,41.39787,97.118805,-7.000132,WAL
2050557309000,263.039921,-4.80085580829938,-13.1913728713275,0.0474773899592537,3.347847,0.29046643,-1.5021176,41.344574,96.720566,-6.7105417,WAL
2050562290000,263.044902,-5.26675951374729,-13.7833425052155,-0.288158967240701,3.1117475,0.24617869,-1.4538593,41.32628,83.48638,-6.49651,WAL
2050567425000,263.050037,-5.57647414329856,-14.3108255518599,-0.602713048789608,2.8820622,0.16615535,-1.4367551,41.30623,83.589066,-6.2905846,WAL
2050572296000,263.054908,-5.87284739622358,-14.7576973524993,-0.883068297453671,2.6597073,0.013133603,-1.42973,41.291153,83.555725,-6.167339,WAL
2050577305000,263.059917,-6.18518486316738,-15.0604244937394,-1.11852272726034,2.4565945,-0.22021692,-1.3909402,41.228996,83.47257,-6.0582786,WAL
2050582390000,263.065002,-6.49179866335141,-15.3768082807294,-1.73320762245441,2.3393085,-0.50701815,-1.3353515,41.124115,83.3427,-5.994459,WAL
2050587319000,263.069931,-6.76166916274027,-15.7071669142435,-3.31055433035978,2.2763894,-0.7831292,-1.3136657,40.952484,83.20984,-5.925583,WAL
2050592313000,263.074925,-6.9905520513397,-15.921051071201,-4.72370376503654,2.271197,-0.72692966,-1.3518448,40.81935,83.04942,-5.8960805,WAL
2050597293000,263.079905,-7.07097797826494,-15.7333908238711,-5.51902558122541,2.2241604,-0.11301007,-1.5063937,40.766994,82.92261,-5.8384614,WAL
2050602294000,263.084906,-7.08751312586009,-15.4607445964655,-6.17759816522012,2.0082195,0.6243043,-1.6789632,40.75848,82.9109,-5.829984,WAL
2050607309000,263.089921,-6.46977745598662,-14.3558519419638,-5.45439562417651,1.7843374,1.0626001,-1.7345519,40.83751,82.92216,-5.80637,WAL
2050612277000,263.094889,-5.78060001549182,-13.2867047242981,-4.76021375243385,1.7330247,1.2226468,-1.6664404,41.093086,82.9721,-5.7955656,WAL
2050617328000,263.09994,-4.71564405368612,-12.3194509767724,-4.1593439970915,1.7815884,1.294118,-1.5140295,41.43806,83.03399,-5.7927876,WAL
2050622313000,263.104925,-3.69644355892857,-11.4876758866758,-3.62221667108517,1.8008307,1.353372,-1.3313808,41.796318,83.09059,-5.745199,WAL
2050627305000,263.109917,-2.80052346096939,-11.1358745805534,-3.30325035271782,1.8264871,1.3509285,-1.1475104,42.147472,83.100624,-5.7425327,WAL
2050632350000,263.114962,-1.90794332619662,-10.8344019970209,-2.9450629999007,1.8842138,1.351234,-1.0381655,42.46227,83.12985,-5.643388,WAL
2050637315000,263.119927,-1.09106646057597,-10.7966275670308,-2.42093970223436,1.9477439,1.4104879,-1.0082331,42.78688,83.12598,-5.5800514,WAL
2050642320000,263.124932,-0.314543080303894,-10.7726253931624,-1.91683471775878,1.9816469,1.5054774,-1.0024298,43.12575,83.143715,-5.412414,WAL
2050647343000,263.129955,0.20167591505603,-10.8274447837607,-1.54680166078822,2.0696115,1.5598444,-1.0589349,43.46486,83.137146,-5.2428994,WAL
2050652469000,263.135081,0.702854122684301,-10.8756015949663,-1.20002123355627,2.1380284,1.5601498,-1.1120802,43.786186,83.13713,-4.960606,WAL
2050657341000,263.139953,0.874132852283013,-10.8286760716836,-1.23756177468068,2.1997259,1.6245961,-1.1643091,44.136074,83.10572,-4.673975,WAL
2050662524000,263.145136,1.05634501474404,-10.7787550973046,-1.27749868450166,2.218357,1.7440202,-1.1924089,44.47953,83.04963,-4.3015537,WAL
2050667398000,263.15001,1.22769405580811,-10.7318103106708,-1.31505463635724,2.2156084,1.9336939,-1.1841623,44.85482,82.94679,-3.9394414,WAL
2050672419000,263.155031,1.38190079746711,-10.674244071488,-1.35546214223499,2.1981986,2.1261165,-1.1527027,45.28499,82.792404,-3.588815,WAL
2050677338000,263.15995,1.30710309936489,-10.5246484149403,-1.41245083626191,2.1945333,2.2809708,-1.1218541,45.750275,82.60247,-3.2568388,WAL
2050684886000,263.167498,1.1923291564343,-10.2951001295932,-1.49989760644186,2.1810944,2.3900104,-1.0613784,46.265587,82.3815,-2.9070249,WAL
2050687279000,263.169891,1.16843315180176,-10.1084649395341,-1.69446802761539,2.0436497,2.4129176,-1.0317514,46.792324,82.169876,-2.5711637,WAL
2050692444000,263.175056,1.12095855023994,-9.66824614449001,-2.16921390803595,2.0027218,2.5283713,-0.9611965,47.364475,81.90902,-2.2829525,WAL
2050697350000,263.179962,1.05275163988594,-9.22920160382422,-2.55185748101308,1.9550742,2.5900686,-0.8686504,47.951313,81.659256,-2.034246,WAL
2050702232000,263.184844,0.843631773107458,-8.66457807816169,-2.51526153298669,1.928807,2.5662448,-0.75869465,48.534664,81.40377,-1.8216074,WAL
2050707243000,263.189855,0.572962940828182,-8.17590721628888,-2.48535468039447,1.8982637,2.4749205,-0.68325275,49.160133,81.18528,-1.6424859,WAL
2050712244000,263.194856,0.187595842588559,-7.87513301204985,-2.47125589417133,1.8246545,2.3658812,-0.6536258,49.76398,80.98521,-1.4868515,WAL
2050717274000,263.199886,-0.215843748203062,-7.56456237413376,-2.53675117791096,1.7354681,2.3612995,-0.6246097,50.390358,80.77512,-1.389506,WAL
2050722237000,263.204849,-0.6515006872361,-7.23901636873489,-2.79048540273973,1.6786577,2.375044,-0.58459806,50.982677,80.58151,-1.3055874,WAL
2050727228000,263.20984,-1.04453387312123,-6.96416394199122,-2.96486214473395,1.6581937,2.3533583,-0.5656612,51.586304,80.39961,-1.2975309,WAL
2050732258000,263.21487,-1.33520018103858,-6.81002286162918,-2.95165009417627,1.5891659,2.2956316,-0.5656612,52.17637,80.25629,-1.2987384,WAL
2050737220000,263.219832,-1.61349299307969,-6.64563829373675,-2.92651221655362,1.5424347,2.2293527,-0.55955255,52.7819,80.146286,-1.3987107,WAL
2050742224000,263.224836,-1.82679719015473,-6.38154742095167,-2.80462408878762,1.4633276,2.1749856,-0.5714644,53.370365,80.0756,-1.4941124,WAL
2050747230000,263.229842,-2.01145279506494,-6.11644552935065,-2.70807219194805,1.3833044,2.118786,-0.58246,53.93671,80.03053,-1.6595958,WAL
2050752252000,263.234864,-2.09793685272727,-5.84738412811189,-2.69846286335664,1.2959507,2.0964894,-0.5900958,54.49482,80.01807,-1.8217902,WAL
2050757253000,263.239865,-2.17939879168464,-5.57735475516768,-2.66744776993528,1.2260065,2.0851886,-0.60048056,55.0904,79.9836,-2.008265,WAL
2050762236000,263.244848,-2.24491126700333,-5.30126586950382,-2.564499468788,1.1520919,2.05434,-0.5885687,55.66996,79.98154,-2.1958573,WAL
2050767292000,263.249904,-2.31548994008036,-5.05012278935208,-2.44438498181818,1.0891727,2.035403,-0.591623,56.30152,79.9699,-2.3747287,WAL
2050772253000,263.254865,-2.40139552306379,-4.92126466404822,-2.26302886181818,1.0070114,2.0176878,-0.6252206,56.921318,79.9933,-2.546023,WAL
2050777247000,263.259859,-2.45715014302685,-4.72056122851072,-1.9962139672204,0.9221011,2.0409007,-0.64599,57.57093,80.005165,-2.723057,WAL
2050782294000,263.264906,-2.38712772186595,-4.22573607347885,-1.38001660251111,0.82772243,2.0647244,-0.66156703,58.212902,80.051056,-2.8909874,WAL
2050787248000,263.26986,-2.33323475618857,-3.77770937524574,-0.811661747482447,0.71776664,2.046704,-0.68386364,58.867607,80.09252,-3.0552166,WAL
2050792249000,263.274861,-2.38127249621866,-3.58555841512538,-0.489808999633902,0.56413406,2.0005836,-0.6969972,59.517094,80.1774,-3.2171228,WAL
2050797239000,263.279851,-2.42764028776586,-3.41303476529268,-0.18656027049313,0.41691554,1.9474384,-0.7119634,60.204033,80.1587,-3.3266752,WAL
2050802342000,263.284954,-2.46443336918878,-3.36704341351402,0.0020044062657632,0.2706133,1.8796324,-0.7189884,60.869698,80.18612,-3.4331295,WAL
2050807587000,263.290199,-2.50530150400621,-3.3226124649707,0.18429730054184,0.14355333,1.820073,-0.72143185,61.525257,80.19495,-3.530669,WAL
2050812330000,263.294942,-2.57809079467675,-3.31578842592018,0.21386795195503,0.04184427,1.7708983,-0.7147123,62.16091,80.23804,-3.6273658,WAL
2050817636000,263.300248,-2.65952026469528,-3.30815436494567,0.246948676475036,-0.054367006,1.7290541,-0.6924158,62.78237,80.27785,-3.7258887,WAL
2050822362000,263.304974,-2.73204866185087,-3.30135478481647,0.27641333989033,-0.15118915,1.6783522,-0.66767573,63.383694,80.34419,-3.82523,WAL
2050827578000,263.31019,-2.80343538810811,-3.29075152970077,0.295448189712162,-0.23090707,1.6575829,-0.64476824,63.98528,80.42445,-3.928337,WAL
2050832366000,263.314978,-2.77245314594595,-3.24649122997104,0.162667056668919,-0.32253686,1.6606371,-0.62980205,64.57537,80.53053,-4.0349503,WAL
2050837668000,263.32028,-2.7370549164358,-3.19638325179291,0.0155690148077414,-0.36682457,1.6380352,-0.5867361,65.157166,80.619225,-4.180454,WAL
2050842348000,263.32496,-2.66660493942431,-3.11272371156302,-0.116524876686511,-0.48899764,1.6310102,-0.57360244,65.74166,80.75006,-4.321708,WAL
2050847304000,263.329916,-2.5920002201788,-3.02413040357599,-0.256408920756066,-0.5332854,1.6151277,-0.5348125,66.32879,80.87327,-4.474862,WAL
2050852358000,263.33497,-2.5192384124763,-2.99009426683302,-0.245984093971454,-0.61911196,1.5937474,-0.50335294,66.90919,81.03135,-4.627347,WAL
2050857244000,263.339856,-2.44918300397245,-2.96207221071963,-0.222632315520511,-0.6954701,1.5760323,-0.47250426,67.48169,81.18575,-4.78823,WAL
2050862323000,263.344935,-2.4745258272575,-2.9267931727425,-0.0299514032282379,-0.7797695,1.5195273,-0.4364632,68.04248,81.36876,-4.9436655,WAL
2050867280000,263.349892,-2.5096056071038,-2.8917133928962,0.175849683714961,-0.8732319,1.4443909,-0.39492437,68.58914,81.55585,-5.105534,WAL
2050872344000,263.354956,-2.54544260632543,-2.85587639367457,0.386093118106803,-0.9764681,1.3274102,-0.3481932,69.10339,81.744545,-5.2584434,WAL
2050877239000,263.359851,-2.58008362354303,-2.82123537645697,0.589320134565742,-1.0903945,1.2003502,-0.29871312,69.58966,81.9342,-5.418316,WAL
2050882312000,263.364924,-2.61032620903084,-2.83607133822587,1.00361057715459,-1.2082914,1.0409144,-0.24923302,70.03491,82.11953,-5.580762,WAL
2050887249000,263.369861,-2.63872863953744,-2.85974021979375,1.44384929790849,-1.3353515,0.8567385,-0.20189096,70.43348,82.2992,-5.7493114,WAL
2050892304000,263.374916,-2.65114161399767,-3.14146741432726,1.83482362425359,-1.46852,0.6407976,-0.1563815,70.749306,82.41455,-5.9239783,WAL
2050897312000,263.379924,-2.66043991070182,-3.46690794461031,2.21140488350136,-1.6371188,0.42302418,-0.09101892,71.007805,82.51929,-6.1113286,WAL
2050902311000,263.384923,-2.69710723983542,-4.24052598149954,2.75611792069491,-1.7974709,0.22724187,-0.0015271631,71.17629,82.55825,-6.3033137,WAL
2050907275000,263.389887,-2.74057499527583,-5.12437109859799,3.34051819772427,-1.9602666,0.042455133,0.10567969,71.28108,82.57711,-6.5134845,WAL
2050912286000,263.394898,-2.6812350907455,-6.52038597914881,4.09829874658669,-2.0592268,-0.12370021,0.19730948,71.30711,82.54468,-6.718509,WAL
2050917438000,263.40005,-2.59667695261354,-8.07061973788441,4.91569457238884,-2.087021,-0.2565634,0.3539964,71.28381,82.45638,-6.96824,WAL
2050922416000,263.405028,-2.12556671376081,-10.336333067888,6.05154160189313,-1.9865338,-0.30085114,0.46822822,71.19972,82.32534,-7.1871905,WAL
2050927309000,263.409921,-1.53416158182188,-12.8164187194911,7.28204579187786,-1.7400496,-0.2678644,0.5369505,71.09492,82.14634,-7.4326277,WAL
2050932343000,263.414955,-0.495367976999399,-14.5993282024454,9.14713270980156,-1.2409728,-0.14874569,0.56199604,70.94442,81.9501,-7.592648,WAL
2050937336000,263.419948,0.669146966040289,-16.1280533971738,11.1838359567047,-0.87689704,-0.055588737,0.4990769,70.795395,81.7538,-7.741821,WAL
2050942341000,263.424953,2.08396769895947,-17.0654180635268,11.8422094326396,0.010079277,-0.06688975,0.22937989,70.58763,81.63171,-7.5747232,WAL
2050947355000,263.429967,3.57571819607189,-17.8256369192472,12.0860531882904,0.79168135,-0.039095376,-0.12095132,70.43271,81.45841,-7.3831143,WAL
2050952359000,263.434971,4.63675233823208,-18.2957859224421,11.3675667482351,1.1982121,0.17195857,-0.43554693,70.21323,81.21093,-6.873398,WAL
2050957368000,263.43998,5.56686999705678,-18.6773734051904,10.351591930695,1.310306,0.57451874,-0.6264423,70.09404,80.77536,-6.360365,WAL
2050962319000,263.444931,5.50485428756523,-18.176252711535,9.3197115869354,1.2195925,0.9795224,-0.72295904,70.09217,80.35293,-5.557044,WAL
2050967338000,263.44995,5.11562099284686,-17.3761620627137,8.26445685673925,1.0231993,1.2342533,-0.7602218,70.17481,79.80906,-4.8186526,WAL
2050972314000,263.454926,4.34854950527335,-16.0012257503229,7.16983957574257,0.79779,1.3316863,-0.75686204,70.36929,79.3996,-4.0479794,WAL
2050977306000,263.459918,3.23208268822643,-14.0924272105037,6.02764773415842,0.5870415,1.3136657,-0.73975784,70.59931,78.97241,-3.3512833,WAL
2050982330000,263.464942,1.99128476702039,-12.169309877648,5.19205913557711,0.40317106,1.2470814,-0.6942484,70.882706,78.6588,-2.786271,WAL
2050987316000,263.469928,0.700873062058998,-10.2596896460107,4.52085607574738,0.26542094,1.1765264,-0.6728681,71.15138,78.36546,-2.2576745,WAL
2050992307000,263.474919,-0.346170774985262,-8.44184711035567,4.08161122000393,0.14813483,1.0867293,-0.6618725,71.43183,78.167755,-1.8788332,WAL
2050997288000,263.4799,-1.25540660627628,-6.67961668319906,3.77228338765966,0.007941248,0.98624194,-0.59803706,71.67352,78.00321,-1.5358322,WAL
2051002315000,263.484927,-2.02206231402562,-5.29488277693864,3.57869707039784,-0.15332718,0.8570439,-0.47708577,71.88725,77.8944,-1.3774027,WAL
2051007312000,263.489924,-2.68588697633176,-4.17467870141605,3.46344972048936,-0.33750305,0.74067414,-0.32589662,72.062805,77.82934,-1.2469323,WAL
2051012287000,263.494899,-3.20922395174818,-3.48612852169589,3.2931754451861,-0.5109888,0.68294734,-0.1563815,72.22975,77.77052,-1.2785758,WAL
2051017395000,263.500007,-3.62051306225777,-3.17013804684712,3.06746799307905,-0.6783658,0.6649268,0.025350908,72.3641,77.7562,-1.3525234,WAL
2051022327000,263.504939,-3.89660704697933,-3.23966315997615,2.94508886883943,-0.838718,0.6462954,0.20219639,72.47819,77.750595,-1.5592344,WAL
2051027303000,263.509915,-4.09074689340223,-3.57112117507949,2.88826753720191,-1.0042624,0.6178902,0.35155296,72.57422,77.78055,-1.8096659,WAL
2051032317000,263.514929,-4.20443139617169,-4.19205085344161,3.03712542975638,-1.0821478,0.48533243,0.41355577,72.64188,77.83229,-2.1329236,WAL
2051037318000,263.51993,-4.25536240400232,-5.03009642594741,3.34271104161833,-1.2495248,0.2302962,0.5036584,72.655075,77.93155,-2.499527,WAL
2051042308000,263.52492,-4.30922397922581,-6.28437379473945,3.76524957966253,-1.3750577,-0.1591304,0.5412266,72.59929,78.03788,-2.8805988,WAL
2051047287000,263.529899,-4.36601734425807,-7.955050928933,4.30478830185608,-1.3692545,-0.7150178,0.56046885,72.41937,78.12864,-3.2596114,WAL
2051052349000,263.534961,-4.64153898125249,-10.1336451372959,4.60133510470928,-1.2672399,-1.353372,0.5873469,72.09405,78.18477,-3.6213832,WAL
2051057326000,263.539938,-5.13981611306252,-12.776886528873,4.62980801429709,-1.0922271,-1.9306396,0.56291234,71.63085,78.202866,-3.946733,WAL
2051062322000,263.544934,-5.34678075853489,-14.8003777492784,3.83576588269135,-0.88331115,-2.2339342,0.571159,71.05193,78.14267,-4.2450714,WAL
2051067362000,263.549974,-5.23148179167911,-16.1455350380213,2.12549533267642,-0.6084218,-2.0244074,0.6478226,70.456024,78.00354,-4.547314,WAL
2051072288000,263.5549,-5.12397070628549,-17.1479098406109,1.33473722955747,-0.23426682,-1.398576,0.71929383,69.934456,77.85652,-4.8778443,WAL
2051077347000,263.559959,-5.01961582964558,-17.8119850675543,1.55293352414333,0.33933565,-0.7974846,0.6936375,69.47205,77.585144,-5.199503,WAL
2051082325000,263.564937,-4.38835992325145,-18.3269519852027,1.83662219112163,1.1209377,-0.6414085,0.55863625,69.181984,77.46563,-5.460723,WAL
2051087357000,263.569969,-3.0334925581533,-18.6597266783072,2.21693580698431,1.6603317,-0.88789266,0.20647246,68.96366,77.28648,-5.650558,WAL
2051092286000,263.574898,-1.62775965769864,-17.8844086121165,1.63241780780993,1.6875153,-1.2070698,-0.25961772,68.77978,77.08189,-5.729098,WAL
2051097290000,263.579902,-0.0787359362237493,-15.3892746444401,-0.445314567840898,1.2776246,-1.0781772,-0.56169057,68.66437,76.88234,-5.7584586,WAL
2051102277000,263.584889,1.03886088598884,-12.517385582765,-2.20793189863608,0.5870415,-0.61391956,-0.74097955,68.561584,76.85643,-5.469166,WAL
2051107325000,263.589937,1.26364564498863,-8.79095255651994,-3.33685116898119,-0.19486602,-0.38789943,-0.79320854,68.4348,76.96922,-5.1407146,WAL
2051112291000,263.594903,1.23900709098532,-5.99654926857878,-3.713993476313,-0.80756384,-0.59712076,-0.745561,68.36581,77.44216,-4.674803,WAL
2051117543000,263.600155,0.808887178153474,-4.47400086764038,-2.90704279400636,-1.1490375,-0.95569867,-0.63316184,68.31323,78.02585,-4.2368855,WAL
2051124017000,263.606629,0.195425358482008,-2.61890486509828,-2.00308745479286,-1.3674219,-1.2690725,-0.5006041,68.22894,78.75916,-3.8344436,WAL
2051127317000,263.609929,-0.677404823556093,-1.8193413888358,-2.15280653553069,-1.5833627,-1.3836098,-0.43676865,68.10312,79.56438,-3.449651,WAL
2051132340000,263.614952,-2.00595815821591,-0.602308861179317,-2.38069712418103,-1.6939293,-1.5176947,-0.30940324,67.84102,80.179886,-3.1681957,WAL
2051137277000,263.619889,-2.50265539715306,-0.318781787843653,-2.70569497928216,-1.9019289,-1.5564847,-0.14721853,67.582634,80.85662,-2.9271007,WAL
2051142347000,263.624959,-2.76269509216386,-0.309657588520154,-3.07066280931128,-2.0549507,-1.5506815,0.008246681,67.30881,81.52283,-2.728009,WAL
2051147288000,263.6299,-2.97183935642488,-0.462811351716019,-3.3796944486462,-2.1591032,-1.5943583,0.17684549,66.92975,82.17807,-2.816656,WAL
2051152306000,263.634918,-3.1589646797066,-0.710861311295844,-3.66691021858191,-2.2351558,-1.7195857,0.34055737,66.52393,82.831,-2.9543715,WAL
2051157287000,263.639899,-3.23524351873468,-1.0421251715979,-3.90379676139535,-2.2608123,-1.883603,0.4896085,66.11143,83.479225,-3.181325,WAL
2051162296000,263.644908,-3.16327021356339,-1.49075894334584,-4.07653270883721,-2.2143865,-2.0393736,0.63041294,65.663284,84.04077,-3.4599128,WAL
2051167311000,263.649923,-3.0912106956089,-1.93993010831208,-4.24947556697675,-2.1261165,-2.1459696,0.7538077,65.20105,84.502144,-3.810849,WAL
2051172311000,263.654923,-3.0193667096124,-2.38775779023256,-4.42190114837209,-2.0540345,-2.1832323,0.86132,64.71639,84.78376,-4.2065606,WAL
2051177269000,263.659881,-2.93540395614647,-2.95189413173496,-4.49485372388841,-1.9819523,-2.186592,0.9776898,64.21481,84.841736,-4.649387,WAL
2051182393000,263.665005,-2.83082437195583,-3.70296506820692,-4.43305678485905,-1.9211712,-2.1933117,1.097114,63.707382,84.67797,-5.1336403,WAL
2051187241000,263.669853,-2.72786929546801,-4.60605534922986,-4.40073276090047,-1.8579466,-2.1713204,1.2385293,63.25158,84.347336,-5.626919,WAL
2051192341000,263.674953,-2.61213066691351,-5.91293790254739,-4.41520008317536,-1.813048,-2.0864103,1.3909402,62.823235,96.17126,-6.163466,WAL
2051197260000,263.679872,-2.36284222440558,-7.21473245352722,-4.61653267989782,-1.8191566,-1.8716911,1.5543466,62.472458,96.79923,-6.7045794,WAL
2051202354000,263.684966,-1.821221047809,-8.64787164688544,-5.21087800772254,-1.8634444,-1.4596626,1.7925841,62.21999,97.5637,-7.307902,WAL
2051207242000,263.689854,-1.38292078549822,-10.1532178009095,-5.59965418718861,-1.8634444,-0.9669997,2.1038198,62.14051,98.34292,-7.887079,WAL
2051212370000,263.694982,-1.12562315738434,-12.0562497257809,-5.55596216725979,-1.806634,-0.5656612,2.3805418,62.17526,99.19655,-8.51034,WAL
2051217306000,263.699918,-0.901331132562553,-13.7762718660183,-5.37917861790199,-1.7119498,-0.3286455,2.5363126,62.520588,99.91247,-8.948847,WAL
2051222349000,263.704961,-0.7326080896176,-15.2446176681144,-4.85020910565575,-1.6383406,-0.25625798,2.5573874,62.95012,100.671844,-9.415545,WAL
2051227297000,263.709909,-0.558180517961538,-16.5751679115385,-4.33987739076923,-1.6050484,-0.1881465,2.5405886,63.459003,101.34598,-9.801852,WAL
2051232446000,263.715058,-0.328594982903846,-17.3637450788462,-3.85575131692308,-1.6151277,-0.15760323,2.4318545,63.978516,102.00295,-10.166137,WAL
2051237315000,263.719927,-0.0653215071589896,-17.8755187643388,-3.45221537022288,-1.6151277,-0.07422013,2.239432,64.407135,102.55342,-10.471555,WAL
2051242340000,263.724952,0.406617274118871,-17.3892789575037,-3.2710671815156,-1.6056592,0.10751228,1.9859229,64.86787,103.06367,-10.724991,WAL
2051247320000,263.729932,0.873787779289958,-16.8038108553618,-3.07311305746567,-1.6163495,0.3753767,1.6811012,65.261406,103.47575,-10.902772,WAL
2051252356000,263.734968,1.34353353293562,-15.6999080794779,-2.78187068559462,-1.6276505,0.6432411,1.3582588,65.69634,103.82732,-11.000233,WAL
2051257300000,263.739912,1.78925624089122,-14.6021580629096,-2.44785943695937,-1.641395,0.86376345,1.0277808,66.12035,104.11066,-10.993816,WAL
2051262325000,263.744937,2.11916808432302,-13.3746922599052,-1.72496452769432,-1.6224581,0.89736104,0.72295904,66.552216,104.33331,-10.906917,WAL
2051267407000,263.750019,2.38698382157879,-12.1611220558544,-0.997065232037562,-1.5879441,0.64568454,0.46120325,66.91268,104.491356,-10.736064,WAL
2051272404000,263.755016,2.27463642161792,-11.1265895727282,-0.299575222521765,-1.5134187,0.118507855,0.25778514,67.18893,104.59897,-10.516371,WAL
2051277282000,263.759894,2.11587911360497,-10.1446358031768,0.342198891118785,-1.4541647,-0.5384777,0.07666359,67.283676,104.61465,-10.253883,WAL
2051282400000,263.765012,1.3711897648086,-9.44346727851223,0.554967249078532,-1.428203,-1.2040154,-0.116675265,67.21393,104.58943,-9.965732,WAL
2051287393000,263.770005,0.65888678613336,-8.7643910678724,0.679364159047998,-1.4358387,-1.7620409,-0.2751948,66.89476,104.52759,-9.728639,WAL
2051292342000,263.774954,0.12666929007453,-8.15210539113584,-0.215514827506708,-1.4495832,-2.1203132,-0.36682457,66.43906,104.44066,-9.484949,WAL
2051297463000,263.780075,-0.426049872307236,-7.54111837657132,-1.15025103342572,-1.3979651,-2.2687535,-0.41386122,65.89465,104.36303,-9.325851,WAL
2051302356000,263.784968,-0.977990704378897,-7.22572377175097,-2.14745513671187,-1.3341297,-2.2708917,-0.43096542,65.29296,104.27135,-9.162615,WAL
2051307562000,263.790174,-1.56851554275195,-6.89587692196593,-3.15275589740064,-1.2754866,-2.1725423,-0.44104472,64.77708,104.33259,-9.066244,WAL
2051312378000,263.79499,-2.15363198490951,-6.65855698612491,-3.42280955119766,-1.2641857,-2.0610592,-0.40775254,64.2736,104.39127,-8.978301,WAL
2051317302000,263.799914,-2.75186980907559,-6.41591509158978,-3.69891922547019,-1.2932017,-1.9660698,-0.3371976,63.93572,104.61281,-8.960137,WAL
2051322346000,263.804958,-3.04461716479435,-6.54190556916309,-3.82084311395539,-1.3524556,-1.949271,-0.20891592,63.62059,104.85082,-8.968772,WAL
2051327247000,263.809859,-3.23670191639042,-6.77240741147943,-3.89287497728668,-1.4605788,-1.9184223,-0.14660765,63.344234,105.10324,-8.975087,WAL
2051332364000,263.814976,-3.34177727626767,-7.04168871021054,-3.77040601184146,-1.5183055,-1.8096883,-0.030848695,63.011234,105.56882,-9.168095,WAL
2051337264000,263.819876,-3.42062954670357,-7.30607555512504,-3.60806320468518,-1.5839735,-1.6001616,0.07941248,62.72849,106.06143,-9.367899,WAL
2051342317000,263.824929,-3.33267750855615,-7.53771514973262,-3.34253606122995,-1.6172657,-1.3494014,0.19547687,62.49987,106.588326,-9.608688,WAL
2051347258000,263.82987,-3.20147012941176,-7.75327016470588,-3.05669138235294,-1.6475036,-1.0577132,0.28771752,62.35575,107.133385,-9.854191,WAL
2051352336000,263.834948,-2.83316983073408,-7.92351612448594,-2.54759421554584,-1.6960673,-0.74006325,0.36132678,62.251923,107.6819,-10.125752,WAL
2051357256000,263.839868,-2.40725065521009,-8.0732896824476,-1.99062304240588,-1.7492126,-0.4914411,0.45814893,62.226814,108.24555,-10.408362,WAL
2051362329000,263.844941,-1.95901656918289,-8.24154482867305,-1.36086319981227,-1.7898352,-0.3594942,0.552833,62.2235,108.7598,-10.688655,WAL
2051367260000,263.849872,-1.52042514207094,-8.40951648621678,-0.730971237960676,-1.8063285,-0.32284227,0.6068946,62.274273,109.27833,-10.966846,WAL
2051372340000,263.854952,-1.16928083666766,-8.58663634643247,-0.241992802488836,-1.7928895,-0.37415496,0.66431594,62.284626,109.68242,-11.227978,WAL
2051377295000,263.859907,-0.863192780053587,-8.76087070735338,0.177112485602858,-1.7571539,-0.4896085,0.6780604,62.29397,110.07674,-11.486463,WAL
2051382340000,263.864952,-0.667473819065602,-8.85463775150866,0.323942904636948,-1.6533068,-0.63316184,0.68416905,62.189728,110.33863,-11.712732,WAL
2051387314000,263.869926,-0.51910692251898,-8.91491203864123,0.361034614249562,-1.534188,-0.7819075,0.68203104,62.05635,110.58132,-11.942305,WAL
2051392339000,263.874951,-0.443427522437161,-8.90609524813996,0.254003950701387,-1.3878858,-0.8854492,0.677755,61.82723,110.70998,-12.140007,WAL
2051397290000,263.879902,-0.405289769326362,-8.86318990006033,0.0776168121988739,-1.2290609,-0.93737274,0.6627888,61.572975,110.80022,-12.332977,WAL
2051402326000,263.884938,-0.474135938070175,-8.81311507719298,-0.169895919185965,-1.0772609,-0.9584476,0.65668017,61.268223,110.85016,-12.520196,WAL
2051407342000,263.889954,-0.594530070641604,-8.76014209433584,-0.449210339940251,-0.95203346,-0.95081174,0.64476824,60.958122,110.86238,-12.693641,WAL
2051412307000,263.894919,-0.766564092228825,-8.68785873894652,-0.697038954406285,-0.8790351,-0.9502009,0.6301075,60.6389,110.88814,-12.863343,WAL
2051417434000,263.900046,-0.969314800446168,-8.60379122338604,-0.939350764709437,-0.84696466,-0.9260717,0.62796944,60.33149,110.891685,-13.021172,WAL
2051422311000,263.904923,-1.18895107547322,-8.54730212847362,-1.18990759838905,-0.8668178,-0.91874135,0.6365216,60.03602,110.95114,-13.196302,WAL
2051427304000,263.909916,-1.4248585115888,-8.49915778453484,-1.4547016408679,-0.895223,-0.91996306,0.6606508,59.749817,111.003784,-13.36501,WAL
2051432381000,263.914993,-1.66330275151757,-8.52997288288738,-1.63595490856629,-0.98929626,-0.88086766,0.675617,59.492023,111.13898,-13.556794,WAL
2051437307000,263.919919,-1.89409273690096,-8.5912028759984,-1.77725492671725,-1.078788,-0.84635377,0.71868294,59.242092,111.28301,-13.754607,WAL
2051442308000,263.92492,-2.06936164680747,-8.78198831016699,-1.80301260722004,-1.1768318,-0.7974846,0.76052725,59.03009,111.51788,-13.983549,WAL
2051447290000,263.929902,-2.21933927562868,-9.02570182853635,-1.77957856142436,-1.2791518,-0.75411314,0.8032878,58.836437,111.77272,-14.213719,WAL
2051452313000,263.934925,-2.2920201987777,-9.28289118145682,-1.61867828377223,-1.3817772,-0.7348709,0.8347474,58.65438,112.0985,-14.47769,WAL
2051457310000,263.939922,-2.32530931596939,-9.54444785690152,-1.39041097380503,-1.4401149,-0.7098254,0.8472701,58.49559,112.43048,-14.735326,WAL
2051462285000,263.944897,-2.30939503304128,-9.82265070044782,-1.03552490914136,-1.4813483,-0.6924158,0.86162543,58.319138,112.78465,-15.010965,WAL
2051467369000,263.949981,-2.26673566022196,-10.116525400993,-0.60419190505257,-1.4831808,-0.7119634,0.8756753,58.147816,113.13347,-15.281854,WAL
2051472342000,263.954954,-2.17713415839629,-10.380733420268,-0.164491076979954,-1.462106,-0.75808376,0.88117313,57.917717,113.44912,-15.549858,WAL
2051477310000,263.959922,-2.0573155270273,-10.6299566659615,0.286026915912159,-1.4001031,-0.8509353,0.87598073,57.675808,113.74645,-15.81573,WAL
2051482310000,263.964922,-1.88484654032446,-10.9269284064504,0.614670240146687,-1.3206906,-0.94897914,0.8698721,57.33511,113.9631,-16.06953,WAL
2051487347000,263.969959,-1.6786595827278,-11.2549528781815,0.867717870814066,-1.2021828,-1.0317514,0.8604037,56.977627,114.14946,-16.3194,WAL
2051492340000,263.974952,-1.44979763940028,-11.5955626562064,0.979525688005579,-1.0387764,-1.1026118,0.8579602,56.511684,114.23215,-16.554644,WAL
2051497307000,263.979919,-1.20338045457262,-11.9462329551704,0.984264477166766,-0.8680395,-1.1701124,0.8558222,56.02859,114.283936,-16.785688,WAL
2051502348000,263.98496,-0.90732680373,-12.2387275231,0.74852417822,-0.6805039,-1.2232577,0.84849185,55.466812,114.2332,-16.982424,WAL
2051507349000,263.989961,-0.57686087376,-12.4781959072,0.32227104464,-0.47219884,-1.2425,0.8402451,54.90277,114.14484,-17.17144,WAL
2051512333000,263.994945,-0.220651025300109,-12.6259850801938,-0.191897893078216,-0.24709499,-1.2177598,0.81306165,54.3071,113.976364,-17.30943,WAL
2051517375000,263.999987,0.161322748128152,-12.7023798807476,-0.783957273301691,-0.03359759,-1.1081096,0.7629707,53.73652,113.768616,-17.423265,WAL
2051522348000,264.00496,0.593912640759569,-12.6382290943527,-1.42377975525665,0.15577064,-1.0363328,0.7275405,53.192398,113.54351,-17.481915,WAL
2051527349000,264.009961,1.07706451835427,-12.4534947955692,-2.11534999694392,0.22327125,-0.8723156,0.6337727,52.705326,113.28426,-17.486658,WAL
2051532347000,264.014959,1.56686492167901,-12.0578470619259,-2.75261922499753,0.32742378,-0.625526,0.52626044,52.32936,113.00551,-17.411018,WAL
2051537355000,264.019967,2.06423450350617,-11.461003266963,-3.33998916996543,0.36346483,-0.2929099,0.42485678,52.02182,112.71387,-17.290602,WAL
2051542339000,264.024951,2.33116942354999,-10.9577734861556,-3.67314223159429,0.32986724,0.030543262,0.32467487,51.817436,112.46035,-17.115427,WAL
2051547348000,264.02996,2.35913237408919,-10.547652060818,-3.74304924296124,0.18509217,0.29871312,0.19975294,51.68209,112.196785,-16.887318,WAL
2051552297000,264.034909,2.17565746401363,-10.3766564789495,-3.53309670523256,-0.022602014,0.46883908,0.050396383,51.679585,111.98,-16.587265,WAL
2051557344000,264.039956,1.69599824355453,-10.5268527907979,-2.93231150843023,-0.23609942,0.54458636,-0.07238753,51.714012,111.77395,-16.251566,WAL
2051562330000,264.044942,1.12807989696489,-10.7502989262051,-2.13473601045428,-0.40561453,0.49205196,-0.17012598,51.76304,111.61145,-15.90166,WAL
2051567374000,264.049986,0.42855690443166,-11.0761037038286,-1.05670403362428,-0.5128214,0.34330627,-0.22632557,51.79287,111.46642,-15.53558,WAL
2051572269000,264.054881,-0.228462803950959,-11.302332045086,-0.131901232054578,-0.5158757,0.14996742,-0.23915374,51.701054,111.309395,-15.224748,WAL
2051577347000,264.059959,-0.877581686268539,-11.4033066240854,0.647041424718212,-0.43066,-0.046731193,-0.23243423,51.55795,111.15253,-14.920887,WAL
2051582338000,264.06495,-1.38655678637259,-11.507953673592,1.13502229687869,-0.26908615,-0.18509217,-0.22785273,51.184757,110.94265,-14.734619,WAL
2051587347000,264.069959,-1.69829709976369,-11.6213136171721,1.19642570240252,-0.09101892,-0.26419923,-0.21563543,50.777725,110.71696,-14.563712,WAL
2051592240000,264.074852,-1.89466543635424,-11.7904437063082,1.13978767344176,0.09040806,-0.3145956,-0.20433442,50.340553,110.39247,-14.431639,WAL
2051597319000,264.079931,-1.89009266515935,-12.0785285780765,0.856275620616715,0.23426682,-0.33964106,-0.2134974,49.896614,110.04596,-14.301153,WAL
2051602273000,264.084885,-1.82301432845193,-12.4161753080657,0.576932586335433,0.34666604,-0.33078352,-0.24007004,49.45731,109.69589,-14.20455,WAL
2051607343000,264.089955,-1.53217932597336,-12.9627446605391,0.28108316588516,0.42577308,-0.26083946,-0.29871312,49.03585,109.32574,-14.093248,WAL
2051612314000,264.094926,-1.24367900454545,-13.4436602272727,0.100121160727273,0.52442783,-0.1600467,-0.3848451,48.633194,108.95799,-13.966083,WAL
2051617373000,264.099985,-0.941941914017475,-13.7994394104852,0.181184848071017,0.6908886,-0.13439035,-0.49602258,48.23296,108.55504,-13.815688,WAL
2051622285000,264.104897,-0.654353976518549,-14.1109967823074,0.249660669959234,0.8481864,-0.14996742,-0.5494733,47.82677,108.1352,-13.620325,WAL
2051627343000,264.109955,-0.392705693328577,-14.2146692865879,0.254597426420709,0.94225967,-0.18661933,-0.65148777,47.420456,107.67382,-13.381807,WAL
2051632345000,264.114957,-0.128244069200624,-14.2730480649249,0.203992134624683,1.1447614,-0.19883664,-0.76052725,46.978558,107.10996,-13.083798,WAL
2051637348000,264.11996,0.161343699958081,-14.1375954246442,-0.0902664017790993,1.3387111,-0.16401732,-0.8481864,46.54475,106.52881,-12.766275,WAL
2051642316000,264.124928,0.432893840206145,-13.9788653240404,-0.35621452952194,1.536326,-0.09773844,-0.9456194,46.094704,105.876656,-12.390283,WAL
2051647342000,264.129954,0.598266962196918,-13.6528443390596,-0.445988530048101,1.7290541,-0.03848451,-1.0430524,45.657814,105.189995,-11.993195,WAL
2051652303000,264.134915,0.737157915550602,-13.3293101720909,-0.519820388475256,1.9086485,-0.009773844,-1.169807,45.19788,104.49319,-11.558866,WAL
2051657341000,264.139953,0.624825544448407,-12.9827525734384,-0.440948710330906,2.0641136,0.004886922,-1.2840388,44.75378,103.76576,-11.103424,WAL
2051662371000,264.144983,0.512671549481349,-12.6367452845891,-0.362202275026007,2.2354615,0.004886922,-1.3771957,44.29968,103.01303,-10.620349,WAL
2051667367000,264.149979,0.401275653088621,-12.293076812404,-0.283988121788775,2.4226916,-0.007330383,-1.4737124,43.84666,102.22324,-10.108963,WAL
2051672428000,264.15504,0.263056956657083,-11.9461797239021,-0.197376023307227,2.6371052,-0.03359759,-1.5800029,43.389347,101.39967,-9.580102,WAL
2051677342000,264.159954,-0.175495674654506,-11.6242637641519,-0.0247542476653118,2.843883,-0.077579886,-1.6823229,42.925938,100.54976,-9.031071,WAL
2051682450000,264.165062,-0.662862827039493,-11.3541296255405,0.116057240222927,3.0250046,-0.100792766,-1.7486018,42.507835,99.6992,-8.49806,WAL
2051687361000,264.169973,-1.59382556701067,-12.0410538039781,-0.315529881959258,3.1490104,-0.080634214,-1.7965547,42.09331,98.841034,-7.945703,WAL
2051692486000,264.175098,-2.56535561025079,-12.757911147593,-0.76592369201499,3.209486,-0.008857546,-1.8567249,41.766743,98.01756,-7.4233494,WAL
2051697321000,264.179933,-3.48191127055636,-13.4342048561545,-1.19083180355049,3.1764994,0.09193522,-1.892155,41.461,97.24097,-6.8993683,WAL
2051702197000,264.184809,-4.40623917120784,-14.116233423465,-1.61934306556645,3.0567696,0.24251351,-1.8881844,41.192707,96.52976,-6.377698,WAL
2051707219000,264.189831,-5.14390510293174,-14.602133544083,-2.13170948584421,2.8472428,0.35246924,-1.8493946,40.94622,95.90026,-5.8628526,WAL
2051712527000,264.195139,-5.87780310805755,-15.0692912431655,-2.67963189057554,2.5983152,0.39828414,-1.7724255,40.72779,84.63249,-5.3675065,WAL
2051717262000,264.199874,-6.41841523642343,-15.3675602318602,-3.0338260956629,2.3762658,0.3866777,-1.7250835,40.672337,84.80699,-5.1726375,WAL
2051722397000,264.205009,-7.00068591761639,-15.6764304231684,-3.39961399087167,2.2834144,0.30024028,-1.6291776,40.649357,84.82513,-5.113242,WAL
2051727248000,264.20986,-7.5020977989024,-15.7911601449739,-3.52284234698619,2.1432207,0.19608775,-1.5241088,40.613472,84.82809,-5.063872,WAL
2051732239000,264.214851,-8.0179804415531,-15.9092009698619,-3.64962707701454,2.0631974,0.12644911,-1.4526376,40.618034,84.743576,-5.103066,WAL
2051737235000,264.219847,-8.48374549205412,-16.4890616157522,-3.92295034908193,2.0589213,0.07422013,-1.4337007,40.592655,84.653946,-5.1449046,WAL
2051742499000,264.225111,-8.94351375888587,-17.1369741325143,-4.25273021251055,2.0977113,0.08124508,-1.5060883,40.56037,84.578354,-5.169412,WAL
2051747230000,264.229842,-8.91801968967458,-16.8225425462815,-4.86459674725687,2.1276436,0.2284636,-1.756543,40.635933,84.48528,-5.2055626,WAL
2051752238000,264.23485,-8.8910329429804,-16.4897009939979,-5.51228806114602,1.9608774,0.57848936,-2.0182989,40.797085,84.40218,-5.2541733,WAL
2051757262000,264.239874,-8.15275056643099,-15.5107762166899,-4.95043656344354,1.6835446,1.1133019,-2.1594086,41.044518,84.37459,-5.2535753,WAL
2051762261000,264.244873,-7.30414930888269,-14.4333388892651,-4.19718368908584,1.350623,1.3946054,-2.157576,41.307972,84.4104,-5.2086053,WAL
2051767300000,264.249912,-6.21836460337414,-13.3807093242759,-3.73079662663482,1.2611313,1.3921618,-2.014939,41.605686,84.47615,-5.16997,WAL
2051772209000,264.254821,-5.12341721042102,-12.3606301667164,-3.32370088373644,1.3588698,1.2620476,-1.8029687,41.933376,84.540184,-5.1447606,WAL
2051777263000,264.259875,-4.0056279301061,-11.7729719330749,-3.11944104702102,1.5448782,1.280679,-1.591304,42.26894,84.62164,-5.065078,WAL
2051782250000,264.264862,-2.9044593071618,-11.2808564825546,-2.95865099891859,1.7403551,1.4349225,-1.4291192,42.59804,84.6479,-5.032477,WAL
2051787269000,264.269881,-2.04733414660756,-11.1871100403817,-2.50949720558019,1.9315559,1.6899587,-1.3252722,42.900642,84.71624,-4.9165154,WAL
2051792207000,264.274819,-1.2360708119121,-11.1460912317849,-2.03094299503662,2.1383338,1.983174,-1.2519683,43.25375,84.71903,-4.845713,WAL
2051797254000,264.279866,-0.680990062305321,-11.0203425350459,-1.59986444634862,2.2950208,2.149024,-1.2400564,43.61312,84.79378,-4.651275,WAL
2051802323000,264.284935,-0.191088053476514,-10.8733722280734,-1.1812208983578,2.349693,2.2317963,-1.237613,44.024914,84.817986,-4.486058,WAL
2051807306000,264.289918,0.132587985795455,-10.6894216931818,-0.972952760227273,2.3719897,2.2489004,-1.2159272,44.473568,84.83841,-4.2173715,WAL
2051812329000,264.294941,0.370477516311237,-10.4819010779672,-0.876784666382576,2.3628268,2.28036,-1.1710287,44.939663,84.805984,-3.9682026,WAL
2051817376000,264.299988,0.434623969240146,-10.3961340534336,-1.06872847665583,2.3380868,2.307238,-1.0983357,45.380486,84.7311,-3.6684875,WAL
2051822412000,264.305024,0.439523274888257,-10.3520404049167,-1.35778776568468,2.3295345,2.3958135,-1.070236,45.837177,84.60599,-3.3820343,WAL
2051827304000,264.309916,0.429873970361956,-10.0729204586061,-1.43157962585676,2.3044891,2.4569001,-1.0241156,46.306995,84.42639,-3.0941403,WAL
2051832343000,264.314955,0.415937448762033,-9.71986157508664,-1.45016159321332,2.2479842,2.4297166,-0.9477574,46.764526,84.21167,-2.8338122,WAL
2051837313000,264.319925,0.347913760428413,-9.33265762938264,-1.47921260747701,2.1884248,2.3753495,-0.86254174,47.277317,83.97047,-2.5959775,WAL
2051842308000,264.32492,0.256079183950692,-8.92665199737294,-1.51304637649793,2.1175644,2.3441954,-0.7874053,47.77724,83.721756,-2.3865793,WAL
2051847379000,264.329991,0.132363238298184,-8.53345293844274,-1.51661969664804,2.0549507,2.2531765,-0.70188415,48.26937,83.44381,-2.212315,WAL
2051852485000,264.335097,-0.0042266358537011,-8.1450255322102,-1.50808283547486,2.0015,2.134974,-0.63316184,48.733974,83.172935,-2.060615,WAL
2051857417000,264.340029,-0.197595169276522,-7.77331212579405,-1.68307839921281,1.9058995,1.9856175,-0.5858198,49.189365,82.904434,-1.9432813,WAL
2051862318000,264.34493,-0.463959268813913,-7.40813572229748,-2.07832841535927,1.7751744,1.922393,-0.55741453,49.625957,82.66015,-1.8449923,WAL
2051867378000,264.34999,-0.758944822010518,-7.04387000268127,-2.41588439944823,1.6349808,1.91323,-0.50579643,50.058887,82.421074,-1.7928485,WAL
2051872335000,264.354947,-1.10683164626261,-6.72463253579619,-2.53866795179757,1.5693128,1.8994855,-0.45937067,50.464794,82.20301,-1.749736,WAL
2051877270000,264.359882,-1.45317449025778,-6.40681189849987,-2.66090657008363,1.5039502,1.8506162,-0.4370741,50.905727,82.05247,-1.7663138,WAL
2051882301000,264.364913,-1.81362218671601,-6.13228238797799,-2.73027133998482,1.4450017,1.8127426,-0.42424592,51.33959,81.924706,-1.7968048,WAL
2051887291000,264.369903,-2.17184149803587,-5.86475167472246,-2.79375319291204,1.382388,1.7605137,-0.43371433,51.751186,81.82425,-1.8280755,WAL
2051892309000,264.374921,-2.48373638682984,-5.58681686676203,-2.7772018558381,1.3191634,1.7311921,-0.44868052,52.16729,81.76397,-1.9327245,WAL
2051897295000,264.379907,-2.78223681689977,-5.30855363758212,-2.74178656937911,1.2189816,1.7015651,-0.44684792,52.5667,81.73736,-2.0392437,WAL
2051902318000,264.38493,-2.89802692492582,-5.04100389454006,-2.84413535537092,1.1588113,1.7058412,-0.44501534,53.032635,81.69709,-2.2030606,WAL
2051907242000,264.389854,-2.99597750969337,-4.77980240009891,-2.9560788181998,1.1074986,1.7098118,-0.44501534,53.488846,81.68757,-2.3659992,WAL
2051912303000,264.394915,-3.08789442391755,-4.56728498204951,-2.88803292047539,1.0619892,1.7052304,-0.4642576,54.03968,81.63619,-2.5638223,WAL
2051917303000,264.399915,-3.17762684328829,-4.36420642400631,-2.79830055041917,1.022283,1.7137824,-0.4746423,54.591915,81.602104,-2.764825,WAL
2051922311000,264.404923,-3.17185422427984,-4.09287305123457,-2.60170904104938,0.93828905,1.7379116,-0.4868596,55.20844,81.572296,-2.9749355,WAL
2051927241000,264.409853,-3.15242474938272,-3.81600272962963,-2.39284213518519,0.86345804,1.7531832,-0.5002986,55.822395,81.55608,-3.1820002,WAL
2051932328000,264.41494,-3.10287887901812,-3.56602362150789,-2.12688795329242,0.7672467,1.7821994,-0.4896085,56.483448,81.529396,-3.405235,WAL
2051937246000,264.419858,-3.05241261075395,-3.3274560691993,-1.86538118378141,0.6719518,1.8277088,-0.48441613,57.151634,81.52641,-3.6244607,WAL
2051942304000,264.424916,-2.93767760242215,-3.08721582107761,-1.57637933179436,0.58001655,1.8732183,-0.4654793,57.835705,81.50561,-3.843552,WAL
2051947262000,264.429874,-2.8156284550173,-2.85250591468117,-1.29003328912506,0.5021312,1.8799378,-0.45356745,58.519447,81.50644,-4.0624723,WAL
2051952304000,264.434916,-2.7195301167179,-2.71844754774417,-0.937395130211205,0.40683624,1.8649716,-0.4373795,59.203587,81.492294,-4.272672,WAL
2051957243000,264.439855,-2.63041792149727,-2.60588487278136,-0.580946075075855,0.3200934,1.8353447,-0.41691554,59.88275,81.49228,-4.48736,WAL
2051962277000,264.444889,-2.56888620404282,-2.63891694007455,-0.137297147569531,0.23915374,1.8023579,-0.40011674,60.543648,81.47431,-4.6779323,WAL
2051967349000,264.449961,-2.51317719423683,-2.70391057478735,0.326944103131033,0.16035213,1.7837266,-0.36254853,61.196827,81.46874,-4.8799396,WAL
2051972342000,264.454954,-2.43636422486554,-2.73839603351262,0.59663069793132,0.070554934,1.74738,-0.33444872,61.816235,81.44224,-5.05625,WAL
2051977259000,264.459871,-2.35356378594332,-2.76274911874224,0.801196766435664,-0.021380283,1.7040086,-0.30695978,62.425026,81.426254,-5.2425065,WAL
2051982313000,264.464925,-2.23222369836523,-2.71350300827353,0.90082411817185,-0.14844026,1.6163495,-0.2855795,62.98627,81.38186,-5.406801,WAL
2051987275000,264.469887,-2.10432854405901,-2.64718720384769,0.971876921222089,-0.28130344,1.4828753,-0.26633725,63.518646,81.352394,-5.5755177,WAL
2051992308000,264.47492,-1.98291103784533,-2.57646832722052,0.955929188927617,-0.41599923,1.3423764,-0.25320363,64.01028,81.329216,-5.7226086,WAL
2051997294000,264.479906,-1.86470640188137,-2.5055454271512,0.918103701469452,-0.57848936,1.205848,-0.22479841,64.46118,81.33075,-5.8748984,WAL
2052002276000,264.484888,-1.82961416653582,-2.51188829845927,0.878745335705594,-0.7357872,1.0564915,-0.2003638,64.85846,81.35605,-5.996788,WAL
2052007310000,264.489922,-1.81778648959764,-2.54027477251227,0.838531194594701,-0.88025683,0.9315695,-0.1731803,65.22046,81.40121,-6.12329,WAL
2052012347000,264.494959,-1.8059517639843,-2.56867816341511,0.798293087964671,-1.0476339,0.8781188,-0.13744467,65.557846,81.4859,-6.2302804,WAL
2052017446000,264.500058,-1.79397136575074,-2.59743116921492,0.757559693939156,-1.1230757,0.7696902,-0.099265605,65.841255,81.56717,-6.339397,WAL
2052022423000,264.505035,-1.83609232125671,-2.75797564472062,0.858324879578445,-1.2617421,0.6612616,-0.06963864,66.11176,81.67467,-6.452502,WAL
2052027337000,264.509949,-1.89691809467091,-2.9638474255518,1.00804988659773,-1.400714,0.5662721,-0.014660766,66.35206,81.769356,-6.579882,WAL
2052032355000,264.514967,-1.97274756812868,-3.25919140570487,1.2796179565591,-1.5210545,0.4746423,0.036957346,66.56652,81.87755,-6.704029,WAL
2052037354000,264.519966,-2.05406090556499,-3.5892281426716,1.60008836858827,-1.6475036,0.37232238,0.09621128,66.74863,81.975655,-6.84186,WAL
2052042304000,264.524916,-2.15994666185364,-4.14830797346597,2.10726443100561,-1.7767016,0.27030787,0.16676621,66.90692,82.04016,-6.9902334,WAL
2052047338000,264.52995,-2.27865451011524,-4.8178203546735,2.70555218258643,-1.915368,0.17073683,0.2764165,67.03411,82.0751,-7.162507,WAL
2052052342000,264.534954,-2.39164986672683,-6.06461834670076,3.42021173259126,-2.0201313,0.06719518,0.38423425,67.11575,82.054085,-7.3478947,WAL
2052057340000,264.539952,-2.5020482288207,-7.59579529188728,4.19300006676695,-2.0906863,-0.04428773,0.5488624,67.16289,81.97796,-7.5759273,WAL
2052062344000,264.544956,-2.51860530430736,-10.0076215109417,5.37077170966432,-2.0518963,-0.053450707,0.6814202,67.17291,81.8401,-7.803554,WAL
2052067365000,264.549977,-2.49003711194178,-12.8501635372314,6.74680979713833,-1.8756617,0.0571159,0.8573494,67.18039,81.63176,-8.08511,WAL
2052072402000,264.555014,-1.60382608604496,-14.7491588199666,9.12784370477079,-1.3778065,0.32406402,0.9789116,67.19416,81.39357,-8.318252,WAL
2052077333000,264.559945,-0.310483341367429,-16.1352151443997,11.9555818769805,-0.37018433,0.47250426,0.80664754,67.20298,81.14425,-8.509171,WAL
2052082298000,264.56491,1.5424769368574,-17.1079733523068,13.091118540743,0.94042706,0.3323107,0.20830505,67.13556,80.971176,-8.443593,WAL
2052087353000,264.569965,3.78076136119832,-17.8282840982624,13.1539648004793,1.7718146,0.2929099,-0.47525316,67.149994,80.76269,-8.311562,WAL
2052092341000,264.574953,5.20088513041765,-18.315171178881,12.2740776509062,2.081218,0.54183745,-0.81581056,67.01016,80.42285,-7.8211327,WAL
2052097310000,264.579922,6.12900338871158,-18.6620447736407,10.8162757396572,2.0998492,0.9282097,-0.786489,66.94658,79.85554,-7.302675,WAL
2052102332000,264.584944,6.02946886841791,-17.890933998806,9.31198079910448,1.8924606,1.3326025,-0.72112644,67.01702,79.40353,-6.363581,WAL
2052107341000,264.589953,5.18462022648756,-16.315791398607,7.78934398228856,1.6334536,1.6368134,-0.7473936,67.178696,78.77609,-5.527177,WAL
2052112339000,264.594951,4.25278640775948,-14.4705910823576,6.72342031315737,1.3955216,1.7421877,-0.7883216,67.459404,78.30948,-4.690868,WAL
2052117391000,264.600003,3.24462732417146,-12.4014652284183,5.984103875769,1.2773192,1.8445076,-0.79229224,67.810455,77.79296,-3.9585354,WAL
2052122398000,264.60501,2.18003492549175,-10.3174179240091,5.49638499337748,1.0375546,1.781894,-0.8008443,68.19732,77.43444,-3.384305,WAL
2052127336000,264.609948,1.08156572145893,-8.23733757635663,5.19722721854305,0.7968737,1.6084082,-0.79320854,68.560555,77.08022,-2.8546238,WAL
2052132323000,264.614935,0.0774567730993017,-6.43504485809736,4.94517899296936,0.571159,1.3836098,-0.75625116,68.90125,76.77797,-2.4780517,WAL
2052137348000,264.61996,-0.841891634096199,-4.88101931285881,4.73517546188906,0.35613444,1.153619,-0.68844515,69.17334,76.52993,-2.120086,WAL
2052142339000,264.624951,-1.7092447546263,-3.78224240025979,4.49184853682054,0.15821409,0.9682214,-0.57879484,69.38792,76.28709,-1.9269322,WAL
2052147331000,264.629943,-2.52609811481815,-3.1755736386291,4.2100102826239,-0.008246681,0.80573124,-0.44073927,69.52998,76.09214,-1.7529868,WAL
2052152320000,264.634932,-3.28858220276929,-3.00861613325121,3.91467991875431,-0.14874569,0.70707655,-0.27091873,69.68469,75.86883,-1.7417172,WAL
2052157345000,264.639957,-3.99523388356164,-3.34060006027397,3.60166644383562,-0.29871312,0.6817256,-0.0888809,69.80336,75.68845,-1.7681147,WAL
2052162324000,264.644936,-4.45503319456059,-3.96452368574259,3.43266986711582,-0.47616947,0.68600166,0.08735373,69.922615,75.55054,-1.9440944,WAL
2052167367000,264.649979,-4.61294100159517,-4.9741760553651,3.44224002512633,-0.65057147,0.675617,0.24465153,70.018364,75.44242,-2.165395,WAL
2052172240000,264.654852,-4.71534701215116,-6.14541457819768,3.58650294255814,-0.7693848,0.54550266,0.3371976,70.10508,75.40614,-2.508021,WAL
2052177340000,264.659952,-4.7484761080814,-7.65988651133721,3.93672448906977,-0.83658,0.31764993,0.39706242,70.15123,75.38628,-2.879912,WAL
2052182289000,264.664901,-4.8735857746838,-9.36555651994084,4.35645356463688,-0.77457714,-0.013744468,0.410196,70.13915,75.38814,-3.2621357,WAL
2052187350000,264.669962,-5.17515251121991,-11.5506801795186,4.93486882256222,-0.61727935,-0.3943135,0.37690386,70.04785,75.3679,-3.6277597,WAL
2052192238000,264.67485,-5.39632429705215,-13.4412329092971,5.24079360090703,-0.3286455,-0.75533485,0.33841935,69.865776,75.301025,-3.9514637,WAL
2052197313000,264.679925,-5.51112555366591,-15.0438593147203,5.1443603056028,-0.006414085,-1.0057896,0.31948254,69.61027,75.17517,-4.2472286,WAL
2052202262000,264.684874,-5.57969859403599,-16.4150402417481,4.69417136602571,0.2733622,-1.0076222,0.35705075,69.32328,74.99084,-4.5347433,WAL
2052207344000,264.689956,-5.52965304380463,-17.2908378933676,3.24284941643188,0.4859433,-0.9114109,0.40683624,68.99779,74.73939,-4.798815,WAL
2052212284000,264.694896,-5.19452760981147,-17.6430864252295,1.96808804017471,0.66737026,-0.66523224,0.3921755,68.74712,74.526794,-5.03649,WAL
2052217373000,264.699985,-4.25164657082223,-16.9647891821143,0.93861587541605,0.70829827,-0.38606682,0.301462,68.5375,74.3017,-5.2623158,WAL
2052222287000,264.704899,-3.32551254322625,-15.9086295702918,0.0705855451694666,0.6432411,-0.22266038,0.10476339,68.45507,74.29185,-5.4286366,WAL
2052227338000,264.70995,-2.3370588374693,-13.8889530557029,-0.528189276637194,0.41263947,-0.204029,-0.09315695,68.41642,74.31918,-5.5678926,WAL
2052232328000,264.71494,-1.52640307543739,-11.8586564958718,-1.09665076110674,0.048258353,-0.2779437,-0.30207285,68.432465,74.57736,-5.5119057,WAL
2052237351000,264.719963,-1.15287844824061,-9.72152798289758,-1.60729203172793,-0.44257188,-0.38148534,-0.48197266,68.45698,74.93389,-5.411867,WAL
2052242317000,264.724929,-0.83512680901392,-7.76225373812908,-1.88398992304098,-0.9465357,-0.5381723,-0.60231316,68.46811,75.42172,-5.16997,WAL
2052247344000,264.729956,-0.680478124676336,-6.27668906518057,-1.42473019083033,-1.318858,-0.7984009,-0.6563747,68.43167,75.998924,-4.896152,WAL
2052252324000,264.734936,-0.588490641604071,-4.92659969866667,-0.982019949760814,-1.6087136,-1.0897835,-0.5873469,68.3581,76.66728,-4.606191,WAL
2052257346000,264.739958,-0.76961072515827,-4.10911184266667,-0.590408938951654,-1.8451185,-1.4184291,-0.46211955,68.209015,77.40255,-4.314158,WAL
2052262348000,264.74496,-1.0150680981199,-3.43278356717785,-0.381942162258514,-2.0292943,-1.7638733,-0.30665436,67.948135,78.069855,-4.036783,WAL
2052267447000,264.750059,-1.496484298096,-3.23340931591316,-0.8147304757618,-2.1768184,-2.101682,-0.15454891,67.602585,78.76182,-3.7900913,WAL
2052272388000,264.755,-1.96118723102754,-3.13384136789792,-1.38098324889187,-2.2870796,-2.3835962,-0.02107485,67.14037,79.38969,-3.6154556,WAL
2052277346000,264.759958,-2.42129110563178,-3.35705991779718,-2.45607743398254,-2.362216,-2.5207355,0.10842858,66.629135,80.01853,-3.4825044,WAL
2052282345000,264.764957,-2.86926326060023,-3.62988142259523,-3.53685034028472,-2.40742,-2.5714374,0.22968534,66.02663,80.69153,-3.485339,WAL
2052287318000,264.76993,-3.20826706425548,-4.22084770538669,-4.59051098176222,-2.378404,-2.547308,0.34972036,65.406784,81.332,-3.5308805,WAL
2052292472000,264.775084,-3.54643059204019,-4.84260608189722,-5.64859161678903,-2.3307564,-2.466063,0.45753807,64.83928,82.07207,-3.6954756,WAL
2052297302000,264.779914,-3.70728993477589,-5.53519462836167,-6.23840894242658,-2.2693644,-2.307849,0.5412266,64.30237,82.7357,-3.9007585,WAL
2052302655000,264.785267,-3.86593758082745,-6.30071759455096,-6.84416985469223,-2.225993,-2.0787745,0.61086524,63.87968,83.41673,-4.1948614,WAL
2052307308000,264.78992,-3.58388075398587,-6.9220599469223,-6.34546075126135,-2.1728477,-1.9382755,0.6957755,63.48085,83.928116,-4.525992,WAL
2052312302000,264.794914,-3.28115309586277,-7.58893802724521,-5.81020322653885,-2.1499403,-1.6377298,0.75502944,63.245426,84.296234,-4.8978124,WAL
2052317367000,264.799979,-3.06211501334547,-7.7829752766151,-5.28172377312709,-2.112372,-1.3704761,0.88270026,63.04663,84.37772,-5.3160024,WAL
2052322338000,264.80495,-2.86959141492266,-7.85035863657871,-4.76672294631483,-2.0668626,-1.1643091,1.031446,62.925106,84.19086,-5.7598996,WAL
2052327309000,264.809921,-2.56673066123735,-8.00028273202215,-4.45758945404812,-2.0134118,-1.0210613,1.1856894,62.892548,96.16218,-6.1598406,WAL
2052332355000,264.814967,-2.23453957958755,-8.17099188932595,-4.18999088198396,-1.9123137,-0.88453287,1.3671165,62.930286,96.68938,-6.605327,WAL
2052337280000,264.819892,-1.86892470864444,-8.47953656937512,-3.76670770075863,-1.7715092,-0.7877107,1.5662584,63.012466,97.277336,-7.0512195,WAL
2052342273000,264.824885,-1.48230293282092,-8.84706582691156,-3.2750777222799,-1.6358972,-0.729984,1.765706,63.138073,97.94542,-7.5399585,WAL
2052347289000,264.829901,-1.21348526639036,-9.44657488415378,-2.73988724573841,-1.4923438,-0.7666359,1.9657644,63.339005,98.554596,-7.9889493,WAL
2052352256000,264.834868,-0.995771658736778,-10.1335824176159,-2.19318417585435,-1.3814718,-0.9129381,2.0906863,63.53761,99.18725,-8.464002,WAL
2052357274000,264.839886,-0.811679223939935,-11.0753083022103,-2.16219030165527,-1.353372,-1.0577132,2.1380284,63.762794,99.704445,-8.871159,WAL
2052362294000,264.844906,-0.640133941929825,-12.1045804619883,-2.31467510292398,-1.4245378,-1.1679744,2.1267273,63.960857,100.23018,-9.288818,WAL
2052367276000,264.849888,-0.521018627507484,-13.0375021192377,-2.56719683383556,-1.5176947,-1.2311989,2.0433443,64.084656,100.659515,-9.649036,WAL
2052372285000,264.854897,-0.420502281804031,-13.942148410896,-2.85917280329276,-1.6029104,-1.2046263,1.8930714,64.2027,101.06828,-9.978009,WAL
2052377294000,264.859906,-0.229731819617304,-14.3557443560732,-3.06905580732113,-1.6319265,-1.0943651,1.6740762,64.32892,101.401,-10.211921,WAL
2052382338000,264.86495,-0.00279046049818927,-14.5826858484878,-3.24871763701674,-1.6328428,-0.9101892,1.4242324,64.48176,101.69336,-10.388997,WAL
2052387351000,264.869963,0.362828029637968,-14.3063048456546,-3.39475214118244,-1.638646,-0.6792821,1.1963795,64.62233,101.982765,-10.508906,WAL
2052392288000,264.8749,0.784763049653179,-13.8124491406551,-3.52420958342967,-1.6126842,-0.42943826,1.0024298,64.81744,102.220535,-10.565709,WAL
2052397292000,264.879904,0.97930162738471,-13.3185784170937,-3.42008697585571,-1.570229,-0.18142697,0.8536842,65.05643,102.43045,-10.555411,WAL
2052402270000,264.884882,1.07701293143472,-12.8300222539455,-3.21977874490674,-1.498147,-0.057726767,0.70371675,65.32416,102.59779,-10.494893,WAL
2052407251000,264.889863,1.06817821071135,-12.174265963199,-2.54735378920641,-1.4370605,0.07452556,0.5864306,65.601234,102.78997,-10.405448,WAL
2052412225000,264.894837,1.02410794691612,-11.4642453589638,-1.7198125667352,-1.4498887,0.01282817,0.36835176,65.847206,102.93831,-10.254781,WAL
2052417269000,264.899881,0.810716115529412,-10.7973652941176,-1.11230666988235,-1.5241088,-0.2510656,0.20616703,66.0213,103.100136,-10.112971,WAL
2052422250000,264.904862,0.558175728612745,-10.1519839607843,-0.569812481882353,-1.6612481,-0.65179324,0.076358154,66.129036,103.24905,-9.935471,WAL
2052427245000,264.909857,0.181895901258278,-9.59684809271523,-0.270053259046358,-1.8390098,-1.0815369,-0.03604105,66.08938,103.33642,-9.752421,WAL
2052432286000,264.914898,-0.236552172194196,-9.06556017500974,-0.0443734065654461,-1.9755383,-1.4941764,-0.13408493,65.93606,103.428085,-9.561691,WAL
2052437249000,264.919861,-0.608406154027892,-8.55753278096801,-0.109618692252666,-2.0815234,-1.8442022,-0.22327125,65.60258,103.5363,-9.431963,WAL
2052442251000,264.924863,-0.966992383917145,-8.05158243006563,-0.291367867161198,-2.1410828,-2.1203132,-0.28191432,65.1747,103.65103,-9.304917,WAL
2052447243000,264.929855,-1.20022698844787,-7.69331902191943,-0.78984260271327,-2.1294763,-2.3069327,-0.30634892,64.63979,103.80015,-9.2512665,WAL
2052452251000,264.934863,-1.39438049287125,-7.38077937421011,-1.39124488704186,-2.069917,-2.378404,-0.28405234,64.06765,103.94362,-9.20421,WAL
2052457247000,264.939859,-1.52305238647516,-7.20308275623379,-2.0691366011171,-1.9339994,-2.339003,-0.23457226,63.47698,104.14633,-9.226741,WAL
2052462237000,264.944849,-1.62791390682226,-7.07438893417116,-2.77456876020347,-1.784032,-2.2223277,-0.17898351,62.900463,104.32813,-9.255693,WAL
2052467269000,264.949881,-1.70534194584695,-7.02508026767647,-2.93412835026235,-1.6325374,-2.0641136,-0.12186762,62.391445,104.60128,-9.341471,WAL
2052472249000,264.954861,-1.77144381635482,-7.00619393444213,-2.88691276368676,-1.4865406,-1.9981402,-0.07269296,61.90309,104.84031,-9.43673,WAL
2052477247000,264.959859,-1.80089173025575,-7.08756233832329,-2.96998746385899,-1.4269812,-2.0708332,-0.021685716,61.477474,105.18666,-9.576191,WAL
2052482279000,264.964891,-1.81516756444159,-7.21128653273427,-3.10798734338896,-1.3970488,-2.1242838,0.027488936,61.089703,105.50526,-9.721694,WAL
2052487249000,264.969861,-1.74784852089075,-7.40291592790094,-3.09859146025564,-1.3756685,-2.1169536,0.073303826,60.708122,105.809494,-9.885261,WAL
2052492250000,264.974862,-1.64262985803875,-7.62770123946475,-3.02206876912323,-1.3390167,-2.0622811,0.094989546,60.336983,106.096985,-10.051666,WAL
2052497220000,264.979832,-1.50648885500481,-7.94803117276227,-2.85788404807507,-1.3393221,-1.9782871,0.11636983,59.939983,106.433304,-10.260888,WAL
2052502337000,264.984949,-1.35084414504331,-8.32535205486044,-2.64564108267565,-1.3842206,-1.9462167,0.12736541,59.55595,106.76115,-10.467147,WAL
2052507339000,264.989951,-1.19894763211245,-8.61851988952683,-2.44624736519501,-1.4327844,-1.8698585,0.1414153,59.173534,107.07602,-10.662994,WAL
2052512348000,264.99496,-1.0469928091962,-8.86544593753712,-2.25155543892299,-1.450805,-1.813659,0.15577064,58.805893,107.38403,-10.855286,WAL
2052517345000,264.999957,-0.941250799381079,-9.04009907544945,-2.04692181951076,-1.500285,-1.7547104,0.18295415,58.394855,107.6689,-11.041045,WAL
2052522367000,265.004979,-0.865652456145004,-9.16767139375184,-1.83430142057177,-1.5344934,-1.6878207,0.20311269,58.01227,107.943825,-11.218021,WAL
2052527338000,265.00995,-0.823102104131288,-9.25270536917898,-1.68753826351225,-1.572978,-1.5952746,0.24098633,57.605263,108.19514,-11.387718,WAL
2052532344000,265.014956,-0.805169993285955,-9.30650184683,-1.58891163747896,-1.5824465,-1.4706581,0.27580565,57.2364,108.43932,-11.548613,WAL
2052537342000,265.019954,-0.798971458285168,-9.30256674584634,-1.46469688661766,-1.5528195,-1.3283265,0.321926,56.851925,108.65865,-11.710088,WAL
2052542340000,265.024952,-0.808610934956198,-9.22063095005538,-1.30564538817843,-1.5012014,-1.1820242,0.36254853,56.51395,108.86996,-11.863701,WAL
2052547335000,265.029947,-0.820515982976965,-9.12268150779878,-1.10813084393141,-1.4434745,-1.0531317,0.41325033,56.181614,109.07328,-12.024264,WAL
2052552346000,265.034958,-0.835387198227456,-9.00371153734118,-0.860277394453052,-1.3811663,-0.9410379,0.46120325,55.895634,109.261955,-12.179155,WAL
2052557340000,265.039952,-0.86642522088215,-8.90450459377769,-0.607249866614158,-1.3213016,-0.870483,0.49235737,55.60169,109.4381,-12.342827,WAL
2052562336000,265.044948,-0.913531372088215,-8.82442447366348,-0.348165998089987,-1.2559389,-0.8381071,0.5170974,55.337906,109.59914,-12.505398,WAL
2052567345000,265.049957,-0.964905467842889,-8.7357697831208,-0.131554542378078,-1.1856894,-0.84513205,0.5299256,55.041595,109.7357,-12.67562,WAL
2052572346000,265.054958,-1.02085053469288,-8.63786594655894,0.03628056080989,-1.1133019,-0.9077458,0.5467244,54.74668,109.856285,-12.84768,WAL
2052577315000,265.059927,-1.1023999999801,-8.56319662361954,0.149739681131231,-1.0525209,-0.99173975,0.56321776,54.401234,109.94788,-13.032739,WAL
2052582354000,265.064966,-1.22243167720625,-8.51998535618347,0.188149810824794,-1.01312,-1.1010846,0.5830709,54.038548,110.02693,-13.220566,WAL
2052587300000,265.069912,-1.34763794702558,-8.48329645835812,0.146477858837002,-0.9941832,-1.2250903,0.6065892,53.613823,110.10283,-13.429092,WAL
2052592342000,265.074954,-1.4864740611045,-8.45457165546302,-0.01629557265814,-1.0054842,-1.3252722,0.623388,53.17319,110.17392,-13.6363945,WAL
2052597279000,265.079891,-1.61122967984709,-8.45836707880808,-0.245655132828857,-1.0173961,-1.3933836,0.6383542,52.69416,110.26605,-13.86506,WAL
2052602345000,265.084957,-1.7206073112527,-8.51543381591845,-0.597565691825132,-1.042747,-1.4025466,0.6743952,52.215267,110.36429,-14.094862,WAL
2052607241000,265.089853,-1.81588546129289,-8.59275050492293,-0.940898644025858,-1.0882565,-1.3900238,0.68630713,51.727833,110.517456,-14.344148,WAL
2052612370000,265.094982,-1.89404667741422,-8.71976199015415,-1.30727943194828,-1.1047498,-1.3542882,0.7153232,51.25847,110.67224,-14.594731,WAL
2052617370000,265.099982,-1.92137973536032,-8.88057730246792,-1.64893714977295,-1.1337659,-1.2657127,0.74372846,50.847656,110.896866,-14.85509,WAL
2052622336000,265.104948,-1.85565239678184,-9.11062320809477,-1.95879456805528,-1.1578951,-1.1337659,0.7654142,50.471004,111.11844,-15.104709,WAL
2052627289000,265.109901,-1.76635698281901,-9.37131157738546,-2.1725708414237,-1.1820242,-1.0125091,0.79504114,50.1515,111.404305,-15.367248,WAL
2052632347000,265.114959,-1.61962619351571,-9.71062633912344,-2.16798550874669,-1.2018774,-0.9114109,0.81061816,49.873207,111.68483,-15.6142025,WAL
2052637312000,265.119924,-1.48075893820014,-10.0565513653561,-2.09869534430505,-1.2006557,-0.86620694,0.7825184,49.62543,111.98671,-15.844768,WAL
2052642345000,265.124957,-1.36172294459152,-10.4612738231749,-1.75587152759064,-1.1749994,-0.8582657,0.76083267,49.404476,112.281006,-16.068712,WAL
2052647319000,265.129931,-1.2536502496523,-10.8567973067753,-1.41189870633817,-1.1481212,-0.88606006,0.7147123,49.141014,112.53257,-16.253002,WAL
2052652350000,265.134962,-1.19142573609179,-11.234930985297,-1.0385516749553,-1.0900891,-0.9300423,0.6649268,48.878956,112.75756,-16.424028,WAL
2052657320000,265.139932,-1.13747651633006,-11.5799178015003,-0.698990831488748,-0.9975429,-0.9691377,0.62125,48.52267,112.88829,-16.556698,WAL
2052662377000,265.144989,-1.12350367224466,-11.7755378132333,-0.512686117234084,-0.8549059,-1.0015136,0.5852089,48.158867,112.981804,-16.673906,WAL
2052667330000,265.149942,-1.08498452485804,-11.9607435828275,-0.392541247528882,-0.675617,-1.0170907,0.56230146,47.69979,112.97976,-16.764566,WAL
2052672346000,265.154958,-0.755768887105933,-12.073617333366,-0.999238606933621,-0.4792238,-1.0054842,0.5335908,47.244537,112.93502,-16.836786,WAL
2052677518000,265.16013,-0.41554564988086,-12.1659524869237,-1.61542935940527,-0.24648413,-0.9447031,0.49021935,46.75755,112.81376,-16.882797,WAL
2052682387000,265.164999,-0.085833198308795,-11.958188521697,-2.08064000180163,-0.02687807,-0.7837401,0.44165558,46.310085,112.65187,-16.903582,WAL
2052687682000,265.170294,0.268632760662634,-11.7275667344812,-2.57086838718474,0.17348573,-0.57451874,0.38973203,45.930897,112.488716,-16.879057,WAL
2052692344000,265.174956,0.493010820323872,-11.4242408308981,-2.66643687070265,0.27122417,-0.34269542,0.32375857,45.60571,112.292404,-16.819513,WAL
2052697272000,265.179884,0.730191231737552,-11.1036080439274,-2.76745821063751,0.258396,-0.1282817,0.25595254,45.369083,112.11943,-16.71734,WAL
2052702350000,265.184962,0.771809601779359,-11.0068522653223,-2.53649810549624,0.113926366,-0.061086524,0.15790866,45.149937,111.93397,-16.581999,WAL
2052707246000,265.189858,0.767174518505338,-10.9651370482404,-2.23985572827204,0.0143553335,-0.01038471,0.11026118,44.985752,111.74173,-16.428782,WAL
2052712348000,265.19496,0.553403042178032,-11.0279827024669,-1.5825860030166,-0.204029,-0.02076942,-0.0061086523,44.80829,111.58117,-16.22733,WAL
2052717287000,265.199899,0.291636709297439,-11.1167169960604,-0.854964258148391,-0.4111123,-0.08827003,-0.12705997,44.622513,111.42756,-16.01405,WAL
2052722340000,265.204952,-0.0824630236153305,-11.1248457009355,-0.0265195027301077,-0.54183745,-0.1966986,-0.23426682,44.351704,111.26459,-15.791394,WAL
2052727327000,265.209939,-0.505241298817021,-11.0912154317473,0.833450014449251,-0.5653558,-0.35430184,-0.29260445,44.040752,111.10604,-15.560148,WAL
2052732349000,265.214961,-0.891963160824742,-11.0611097822288,1.37406349448208,-0.4914411,-0.54458636,-0.30940324,43.584003,110.88807,-15.354254,WAL
2052737346000,265.219958,-1.2584544742268,-11.0329180672558,1.759349170054,-0.35094208,-0.70707655,-0.29779682,43.09296,110.65718,-15.150507,WAL
2052742338000,265.22495,-1.50298323037416,-11.2052400361119,1.84367024018457,-0.17104226,-0.8029824,-0.25870144,42.531002,110.34873,-14.977409,WAL
2052747373000,265.229985,-1.6819491209349,-11.4906183207945,1.76144266475073,0.00030543262,-0.8396343,-0.22571471,41.9504,110.02134,-14.812413,WAL
2052752348000,265.23496,-1.68947658388138,-12.0065121014727,1.54142344627799,0.15943582,-0.84421575,-0.1966986,41.359005,109.666855,-14.691825,WAL
2052757345000,265.239957,-1.60741686198305,-12.6485086573532,1.24697383518257,0.28802297,-0.782213,-0.19517145,40.788864,109.29519,-14.569249,WAL
2052762351000,265.244963,-1.46527463026545,-13.1721875536718,1.11195242004457,0.4166101,-0.65576386,-0.22082779,40.243237,108.92352,-14.462961,WAL
2052767373000,265.249985,-1.29287543247433,-13.6381315550281,1.05603914961248,0.5308419,-0.54825157,-0.29626966,39.719677,108.53111,-14.33893,WAL
2052772329000,265.254941,-1.07962309245552,-14.0210994021352,0.943646025978648,0.65301496,-0.49754974,-0.38026363,39.21056,108.11911,-14.1815605,WAL
2052777343000,265.259955,-0.835504560111845,-14.3579831032028,0.792292560396543,0.7669413,-0.48380527,-0.46486846,38.7302,107.68465,-13.998647,WAL
2052782362000,265.264974,-0.558529607983143,-14.5287672036688,0.491198535525335,0.9077458,-0.46792278,-0.5540548,38.228336,107.19809,-13.76647,WAL
2052787349000,265.269961,-0.264916217390183,-14.6045384503718,0.10760683916946,1.0656544,-0.4098906,-0.6411031,37.751987,106.68671,-13.510091,WAL
2052792344000,265.274956,0.0758982098435119,-14.5067380807845,-0.321701293827965,1.2366967,-0.31887165,-0.7189884,37.26627,106.13693,-13.205176,WAL
2052797316000,265.279928,0.443625788882227,-14.3035201484605,-0.776522242914033,1.4263704,-0.21288654,-0.79198676,36.810814,105.55747,-12.877445,WAL
2052802348000,265.28496,0.773268383868403,-14.0138508198986,-1.09373018164198,1.6062702,-0.16218472,-0.8381071,36.338955,104.98801,-12.529896,WAL
2052807339000,265.289951,1.07731989551734,-13.681294750323,-1.33127045457211,1.7003434,-0.06536258,-0.93126404,35.91585,104.3905,-12.146126,WAL
2052812333000,265.294945,1.25947016673219,-13.3149430476658,-1.44134947007371,1.8777997,0.002443461,-1.0375546,35.51073,103.762375,-11.727698,WAL
2052817393000,265.300005,1.37377066835381,-12.9244159773956,-1.47944955439803,2.0604484,0.031154128,-1.1511755,35.1239,103.11122,-11.283926,WAL
2052822357000,265.304969,1.32519011637752,-12.4614808537722,-1.43060985063944,2.2656991,0.064446285,-1.2589933,34.75879,102.41823,-10.796461,WAL
2052827344000,265.309956,1.17367771950035,-11.945391861604,-1.32644508087638,2.5176811,0.07391469,-1.3710871,34.394154,101.68185,-10.281481,WAL
2052832409000,265.315021,0.911906970283986,-11.4709225996877,-1.1823892884698,2.769663,0.07574729,-1.4679092,34.04002,100.91433,-9.743899,WAL
2052837347000,265.319959,0.584239419254416,-11.0417242846687,-1.01624804487655,3.0448577,0.0983493,-1.534799,33.69463,100.115326,-9.188252,WAL
2052842339000,265.324951,0.106088807863759,-10.8921051983866,-0.836206586450553,3.3023374,0.12370021,-1.5928311,33.36044,99.3256,-8.64878,WAL
2052847337000,265.329949,-0.49931302871228,-10.9874440020914,-0.645528854601135,3.510948,0.18906279,-1.6349808,33.046192,98.53892,-8.098721,WAL
2052852347000,265.334959,-1.14368147023745,-11.3374880967839,-0.461410957986174,3.609908,0.2938262,-1.675298,32.77155,97.82485,-7.590412,WAL
2052857345000,265.339957,-1.81986106049294,-11.9129601502855,-0.283973765692816,3.6123517,0.3921755,-1.6890424,32.5172,97.16583,-7.0822053,WAL
2052862346000,265.344958,-2.50746729986229,-12.5384628995672,-0.26392363906748,3.461468,0.4361578,-1.6759088,32.323967,96.669235,-6.662585,WAL
2052867385000,265.349997,-3.21001631823726,-13.21253051446,-0.382597472063742,3.2119296,0.44165558,-1.6282613,32.151016,83.729645,-6.2548914,WAL
2052872384000,265.354996,-3.91725437036852,-13.8305839233996,-0.608092316848097,2.932764,0.38026363,-1.5668694,32.018047,83.94139,-5.953641,WAL
2052877345000,265.359957,-4.62898723535404,-14.3952252936183,-0.935489431768701,2.6826148,0.29138273,-1.4834863,31.880396,84.06753,-5.677304,WAL
2052882386000,265.364998,-5.38169994219676,-14.9514690726985,-1.28785917250099,2.4920247,0.16340645,-1.387275,31.780085,84.045425,-5.522267,WAL
2052887346000,265.369958,-6.15117417688661,-15.4816555444488,-1.65382863753457,2.3667974,0.032070424,-1.3161092,31.652512,83.99161,-5.3832684,WAL
2052892330000,265.374942,-7.01994713470628,-15.9911725258995,-1.98280360508344,2.2843306,-0.084910266,-1.3008375,31.560738,83.84897,-5.3577385,WAL
2052897307000,265.379919,-7.99464772113437,-16.4739256832256,-2.2678574754413,2.2146919,-0.1282817,-1.3701707,31.451097,83.72031,-5.320734,WAL
2052902329000,265.384941,-8.64401516784488,-16.8015444233488,-2.74848162183397,2.126422,-0.19883664,-1.4501941,31.372885,83.52737,-5.39038,WAL
2052907349000,265.389961,-8.77995871460311,-16.8840813956776,-3.52530360547364,2.0882428,-0.13500121,-1.6545285,31.320013,83.39192,-5.3929324,WAL
2052912266000,265.394878,-8.68277635896318,-16.5297685261628,-3.9201479869186,1.9746219,0.15088372,-1.8127426,31.396523,83.198784,-5.515296,WAL
2052917376000,265.399988,-8.23702803851744,-15.510237369186,-3.78262986540698,1.7999145,0.41141775,-1.7913623,31.474865,83.04288,-5.612452,WAL
2052922263000,265.404875,-7.64048349442224,-14.5459000328158,-3.63789921585944,1.6511687,0.5311473,-1.6737708,31.628134,82.93443,-5.7071176,WAL
2052927350000,265.409962,-6.68488872375198,-13.5631320185925,-3.46127273079855,1.5525141,0.5852089,-1.529912,31.824194,82.84617,-5.8031225,WAL
2052932274000,265.414886,-5.70147230413677,-12.638775574504,-3.2906458287252,1.5546521,0.64873886,-1.3387111,32.048275,82.74233,-5.8960443,WAL
2052937345000,265.419957,-4.43561081817222,-11.8034091308569,-3.11639763154284,1.6633861,0.7684685,-1.1704178,32.294376,82.61504,-6.0180535,WAL
2052942264000,265.424876,-3.27784451320321,-11.1613557087639,-2.9480438459625,1.8005253,0.96577793,-1.0326678,32.541306,82.50805,-6.070247,WAL
2052947336000,265.429948,-2.25543878920781,-10.9104018641408,-2.77609382590892,1.9495764,1.2205088,-0.95417154,32.83377,82.35878,-6.157008,WAL
2052952286000,265.434898,-1.31333104511798,-10.7300808483562,-2.54970924348899,2.0546453,1.4138476,-0.947452,33.110184,82.26607,-6.1196017,WAL
2052957348000,265.43996,-0.56670887384342,-10.7970852564913,-2.09024940964557,2.1065688,1.5448782,-0.9975429,33.4376,82.14999,-6.0971074,WAL
2052962317000,265.444929,0.119269628839866,-10.857554129998,-1.70536574402206,2.0894647,1.5787812,-1.0412198,33.786293,82.09141,-5.926039,WAL
2052967387000,265.449999,0.611795153322828,-10.895808313571,-1.60494788800473,2.0726657,1.6584991,-1.0622946,34.180153,82.01638,-5.7592945,WAL
2052972308000,265.45492,1.03983044138237,-10.9409328093078,-1.49729712911655,2.0726657,1.8390098,-1.0916162,34.570873,81.97044,-5.4717946,WAL
2052977347000,265.459959,1.20160882321041,-11.0313386898048,-1.33076066334056,2.0851886,1.9398025,-1.1016954,34.954334,81.90149,-5.19367,WAL
2052982372000,265.464984,1.35227628900068,-11.0924512358518,-1.18368299698172,2.0677788,1.9816469,-1.0821478,35.35834,81.83448,-4.8505044,WAL
2052987352000,265.469964,1.43532401580729,-10.9724933118893,-1.15600037320306,2.0277672,2.026851,-1.069625,35.784637,81.744896,-4.5169873,WAL
2052992397000,265.475009,1.49561202919088,-10.8250522583818,-1.16316290832365,1.9587394,2.0845776,-1.0522153,36.221687,81.622444,-4.1769943,WAL
2052997297000,265.479909,1.2690565754582,-10.3719413509164,-1.59110108981672,1.8530598,2.0995438,-1.0366384,36.650776,81.493835,-3.8519108,WAL
2053002319000,265.484931,1.03686035328565,-9.9075489065713,-2.02969405868574,1.788308,2.1273382,-1.0332786,37.110924,81.3341,-3.5289476,WAL
2053007350000,265.489962,0.72718913415746,-9.45818217049866,-2.24920276973226,1.7150042,2.1386392,-1.0158689,37.561424,81.18311,-3.225681,WAL
2053012268000,265.49488,0.40841596550214,-9.02221299820842,-2.4179649652334,1.6575829,2.1355848,-0.9868528,38.00711,81.029755,-2.9382691,WAL
2053017365000,265.499977,0.0358297355316022,-8.57602351812837,-2.83396995208231,1.6019942,2.1368067,-0.93034774,38.522327,80.88775,-2.7109432,WAL
2053022321000,265.504933,-0.336243987176874,-8.14348758613425,-3.29441119935326,1.539075,2.1700988,-0.88422745,39.037975,80.757324,-2.4989922,WAL
2053027346000,265.509958,-0.764518516844284,-7.84403180264873,-3.5077202525194,1.4895949,2.259896,-0.8060367,39.612206,80.61253,-2.3808997,WAL
2053032286000,265.514898,-1.2001666132747,-7.58949586203828,-3.64477808635282,1.4596626,2.3267858,-0.7272351,40.180992,80.47936,-2.2837627,WAL
2053037348000,265.51996,-1.53019191837925,-7.35518385738991,-3.57021160132717,1.4395039,2.3554964,-0.6899723,40.816334,80.37597,-2.2783983,WAL
2053042244000,265.524856,-1.82719038658757,-7.13361352157651,-3.45706930428313,1.3973542,2.3402247,-0.6765333,41.45076,80.29071,-2.2951202,WAL
2053047296000,265.529908,-2.0493854215275,-6.89602831418678,-3.3178424619905,1.321607,2.309376,-0.6881397,42.124905,80.21012,-2.416156,WAL
2053052255000,265.534867,-2.25141639633953,-6.66110854294618,-3.17689063849426,1.2538009,2.268448,-0.7107417,42.78789,80.14697,-2.5407906,WAL
2053057310000,265.539922,-2.3955574120423,-6.3765087084805,-3.05197253829193,1.1823297,2.2333233,-0.7370089,43.470642,80.06511,-2.7431943,WAL
2053062258000,265.54487,-2.5232061362167,-6.08811712268782,-2.93377926785394,1.1334605,2.2153027,-0.7644979,44.1444,80.004974,-2.9396267,WAL
2053067385000,265.549997,-2.54345629881094,-5.72340026575505,-2.73251012199762,1.0772609,2.1890357,-0.77366084,44.84248,79.91899,-3.1828506,WAL
2053072294000,265.554906,-2.53879790491478,-5.36004549321244,-2.52288225074316,1.0250319,2.1566598,-0.7791586,45.531075,79.85466,-3.4182727,WAL
2053077309000,265.559921,-2.56298818573027,-5.05300635562395,-2.27931756407387,0.98440933,2.1239784,-0.77182823,46.216175,79.78501,-3.6758635,WAL
2053082327000,265.564939,-2.59436252637568,-4.7616738276441,-2.02832340052229,0.9425651,2.0772474,-0.7828238,46.886112,79.73788,-3.923867,WAL
2053087318000,265.56993,-2.59839502569231,-4.39754795924103,-1.54780452689231,0.8756753,2.0485365,-0.7993172,47.613907,79.64885,-4.1497965,WAL
2053092306000,265.574918,-2.58859629153846,-3.99579745446154,-0.950078213538462,0.79198676,2.0186043,-0.7984009,48.322166,79.58294,-4.3749533,WAL
2053097301000,265.579913,-2.61097900716612,-3.6356616241973,-0.412881171651931,0.6930266,1.9477439,-0.79504114,49.0331,79.49144,-4.5924373,WAL
2053102320000,265.584932,-2.64676562156352,-3.2912147774872,0.101552474133085,0.6236934,1.8332067,-0.7828238,49.716103,79.42118,-4.8084726,WAL
2053107311000,265.589923,-2.69929485918756,-3.00763102116788,0.43359745939067,0.4373795,1.7284433,-0.7629707,50.386246,79.3596,-4.957282,WAL
2053112303000,265.594915,-2.76504076131387,-2.76993408686131,0.625777925985402,0.26419923,1.6554449,-0.73884153,51.0265,79.31503,-5.108826,WAL
2053117319000,265.599931,-2.82206351337047,-2.63666296740947,0.756754487743733,0.13041973,1.6019942,-0.70402217,51.6379,79.25224,-5.223895,WAL
2053122310000,265.604922,-2.8743692132312,-2.55582698962396,0.856610713704736,0.028099801,1.5683966,-0.6713409,52.22966,79.22274,-5.3451653,WAL
2053127307000,265.609919,-2.88704049869345,-2.49992351393108,0.872599922714356,-0.09193522,1.5415184,-0.6417139,52.811684,79.19916,-5.471966,WAL
2053132297000,265.614909,-2.87923574914258,-2.45699757476727,0.845283401156296,-0.19486602,1.5018122,-0.6209445,53.376595,79.19191,-5.605453,WAL
2053137285000,265.619897,-2.85871461866944,-2.42395549430353,0.799044140357588,-0.31031954,1.4709635,-0.5867361,53.938194,79.191154,-5.75484,WAL
2053142304000,265.624916,-2.78876410612266,-2.42895200793139,0.679129002823285,-0.41874814,1.4312572,-0.56016344,54.482616,79.20864,-5.9071217,WAL
2053147277000,265.629889,-2.700740387434,-2.45233001372756,0.565446240211193,-0.5290093,1.4153748,-0.5345071,55.021732,79.24877,-6.0687923,WAL
2053152323000,265.634935,-2.56296183514256,-2.52377061034847,0.463388007543823,-0.63194007,1.3848315,-0.52687126,55.542313,79.306725,-6.230989,WAL
2053157239000,265.639851,-2.42150611175891,-2.61297973803427,0.382596918495174,-0.73761976,1.3588698,-0.50243664,56.06683,79.39263,-6.3914843,WAL
2053162288000,265.6449,-2.26436028790624,-2.73679162034666,0.330214980525901,-0.8332202,1.3151928,-0.48166725,56.574947,79.49261,-6.550593,WAL
2053167310000,265.649922,-2.12097637428489,-2.8606315986709,0.316903487778099,-0.93645644,1.2669345,-0.45845437,57.068497,79.625435,-6.695826,WAL
2053172319000,265.654931,-2.00085444680728,-2.98537369305596,0.372344361797168,-1.0326678,1.1844677,-0.42577308,57.536366,79.7635,-6.8452783,WAL
2053177281000,265.659893,-1.9114748396727,-3.11561153977922,0.440304043488913,-1.1136073,1.0797043,-0.39461896,57.99458,79.91998,-6.963595,WAL
2053182307000,265.664919,-1.89749212513799,-3.26476012169071,0.542843666177012,-1.1951579,0.94989544,-0.36926803,58.41912,80.081566,-7.0837617,WAL
2053187288000,265.6699,-1.89351820352952,-3.42390448842888,0.676606915022417,-1.2980887,0.7852673,-0.3286455,58.80707,80.243774,-7.18224,WAL
2053192303000,265.674915,-1.92558860947248,-3.62548974002671,0.928588477127731,-1.3735305,0.7049385,-0.2910773,59.179604,80.40105,-7.2836394,WAL
2053197308000,265.67992,-1.96039996717661,-3.8356492614424,1.1859333737954,-1.4648548,0.5305365,-0.27275133,59.47997,80.560646,-7.363956,WAL
2053202344000,265.684956,-2.01561033379124,-4.11170130415236,1.48708103769383,-1.500285,0.3475823,-0.2275473,59.751347,80.69739,-7.458197,WAL
2053207319000,265.689931,-2.06831555021033,-4.41708711043977,1.78987038684512,-1.5937474,0.16982053,-0.172264,59.954166,80.81947,-7.5473447,WAL
2053212288000,265.6949,-2.11381002304015,-4.84928403226577,2.11288075439771,-1.700038,0.02107485,-0.086132,60.109283,80.91856,-7.6520705,WAL
2053217430000,265.700042,-2.16350616743013,-5.35663079067031,2.46887734449464,-1.7968601,-0.1020145,-0.022296581,60.198006,80.9885,-7.7549286,WAL
2053222308000,265.70492,-2.22731192443791,-6.22046309035512,2.94496681322757,-1.8750509,-0.18020524,0.094989546,60.252132,81.024216,-7.8923717,WAL
2053227308000,265.70992,-2.25375650274479,-7.25387334819842,3.47114478028745,-1.8536706,-0.18112154,0.25411993,60.28672,81.010925,-8.028597,WAL
2053232307000,265.714919,-2.1295189537878,-8.85940440851382,4.14489452279669,-1.7605137,-0.10293079,0.37201694,60.31821,80.97159,-8.182478,WAL
2053237311000,265.719923,-1.93244722630018,-10.5816502736627,4.85718841199592,-1.5748106,0.122478485,0.48472157,60.364197,80.86192,-8.349698,WAL
2053242295000,265.724907,-1.45013911935663,-12.7498247266154,5.71560827805692,-1.2516629,0.45051312,0.56505036,60.457043,80.70598,-8.538052,WAL
2053247473000,265.730085,-0.885846013750397,-14.9303434557002,6.6646110171483,-0.72143185,0.7156286,0.5027421,60.57017,80.54361,-8.620238,WAL
2053252324000,265.734936,0.377991378469355,-16.1351691800572,8.21859012384884,0.02076942,0.8686504,0.27122417,60.740208,80.34616,-8.6765375,WAL
2053257296000,265.739908,1.68827795805999,-17.2646715301374,9.6217858816933,0.81000733,0.929126,-0.038789943,60.918026,80.1643,-8.522541,WAL
2053262280000,265.744892,3.08438503702458,-17.81330089786,9.97861857770302,1.3558154,1.0830641,-0.38148534,61.165413,79.93962,-8.317021,WAL
2053267537000,265.750149,4.52231816109941,-18.3773167881213,10.2925626067818,1.5650368,1.276403,-0.6209445,61.283657,79.662155,-7.8600717,WAL
2053272297000,265.754909,5.30960105789806,-18.6701480181129,9.64929442228307,1.5351044,1.423316,-0.7443393,61.445198,79.279495,-7.391325,WAL
2053277287000,265.759899,5.92720019871164,-18.6413638171245,8.83903754263219,1.350623,1.5293012,-0.7861836,61.59551,78.9198,-6.725002,WAL
2053282311000,265.764923,4.88115278563121,-15.9164746826519,6.93204589907846,1.10139,1.561677,-0.7819075,61.774467,78.50146,-6.1039677,WAL
2053287249000,265.769861,3.8530114389371,-13.2382297491277,5.05769782267156,0.88514376,1.5039502,-0.75228053,61.98012,78.171394,-5.451018,WAL
2053292304000,265.774916,2.69715455709647,-11.1257345774589,4.26957058768199,0.70188415,1.4532484,-0.72021013,62.194733,77.84095,-4.8553424,WAL
2053297658000,265.78027,1.46708798266913,-9.02010459646676,3.63134447302197,0.6123924,1.2733486,-0.7153232,62.354237,77.50432,-4.2956867,WAL
2053302320000,265.784932,0.629521391553266,-7.89177650153091,3.45124597069887,0.39858958,1.2189816,-0.7067711,62.644623,77.35703,-3.9238763,WAL
2053307503000,265.790115,-0.301647128771384,-6.63735253841369,3.25102063017107,0.32070425,1.1395692,-0.66737026,62.902214,77.17685,-3.702286,WAL
2053312283000,265.794895,-1.16041338907465,-5.48046530250778,3.0663636500972,0.18325958,1.0687088,-0.6084218,63.13466,77.065315,-3.4938765,WAL
2053317302000,265.799914,-2.06211796239308,-4.26573370480657,2.87247382101963,0.005192355,1.0231993,-0.5137377,63.337986,76.97799,-3.310645,WAL
2053322309000,265.804921,-2.75862628060197,-4.11480920862481,2.874076811863,-0.17806722,0.9773844,-0.39584067,63.508327,76.92215,-3.1525612,WAL
2053327243000,265.809855,-3.41088479609756,-4.14423433512195,2.90840618585366,-0.35246924,0.958753,-0.2507602,63.659363,76.9033,-3.0328689,WAL
2053332302000,265.814914,-3.71449192946802,-4.74828515859733,3.24307431275154,-0.5403103,0.9285152,-0.105068825,63.883595,76.88644,-3.1248014,WAL
2053337264000,265.819876,-3.97959708607292,-5.39211232058179,3.59812597652919,-0.70524395,0.8689558,0.021991149,64.08501,76.90023,-3.251053,WAL
2053342265000,265.824877,-4.0863550310964,-6.49201532621125,4.19045001498646,-0.84757555,0.73792523,0.15760323,64.26837,76.93055,-3.487589,WAL
2053347262000,265.829874,-4.17756318838399,-7.63451328588625,4.80490266885345,-0.94897914,0.5152648,0.27214047,64.401054,76.97841,-3.7463057,WAL
2053352279000,265.834891,-4.16313867251218,-9.42994233054976,5.50445135546277,-0.99082345,0.20799962,0.37384954,64.45451,76.99582,-4.051742,WAL
2053357245000,265.839857,-4.13949860687941,-11.2643858901481,6.20418766141764,-0.9462303,-0.18753563,0.4529566,64.41324,76.996635,-4.364098,WAL
2053362272000,265.844884,-4.28781931564047,-13.2605594919818,6.01026644913878,-0.799928,-0.6169739,0.5384777,64.23953,76.913124,-4.679699,WAL
2053367248000,265.84986,-4.45292498564641,-15.2512614409028,5.72251099920808,-0.5494733,-0.98563105,0.5858198,63.968994,76.77617,-4.9833236,WAL
2053372271000,265.854883,-4.37596688769974,-16.3700797699744,4.88387685837443,-0.258396,-1.1826351,0.6072,63.59763,76.55458,-5.249843,WAL
2053377261000,265.859873,-4.26755015491221,-17.3646864912211,3.97883172817124,0.032375857,-1.0952814,0.6065892,63.20508,76.2664,-5.5099487,WAL
2053382348000,265.86496,-3.91294738096724,-17.9395403845554,3.15930792979719,0.4196644,-0.9211848,0.569021,62.841938,75.99731,-5.746853,WAL
2053387305000,265.869917,-3.52876286786271,-18.4301852692083,2.37705292367395,0.8552113,-0.79259765,0.4999932,62.498024,75.65154,-5.9643197,WAL
2053392304000,265.874916,-2.80886948351117,-17.3230645983491,1.42979007956513,1.1945469,-0.79443026,0.41416663,62.242756,75.40571,-6.133675,WAL
2053397275000,265.879887,-2.01814666489833,-15.8614254654721,0.452169120173143,1.2812898,-0.8903361,0.13958271,62.017315,75.15207,-6.22126,WAL
2053402212000,265.884824,-1.58602906762257,-13.1886979259945,-0.659134135615171,1.2996159,-0.9831876,-0.18387043,61.860138,74.98508,-6.2008877,WAL
2053407195000,265.889807,-1.22796049074931,-10.2211429312365,-1.81182081017576,1.0552697,-0.93309665,-0.46944994,61.731815,74.89298,-6.116213,WAL
2053412215000,265.894827,-1.38783753458557,-7.89706038441662,-2.25679142432916,0.53878313,-0.69027776,-0.6612616,61.663807,74.97294,-5.923278,WAL
2053417234000,265.899846,-1.63146359549791,-5.68054089306301,-2.58640325062612,-0.16432275,-0.48808134,-0.7122689,61.60604,75.17509,-5.699717,WAL
2053422226000,265.904838,-1.69498380901189,-4.25911965570986,-2.10211826286342,-0.816116,-0.41172317,-0.66767573,61.607666,75.546906,-5.471533,WAL
2053427206000,265.909818,-1.72833851457688,-2.97258001738435,-1.48267323338995,-1.2614367,-0.4428773,-0.5525276,61.635345,76.03679,-5.265909,WAL
2053432269000,265.914881,-1.95841707546122,-2.4090675361833,-0.926333317371553,-1.5158621,-0.61208695,-0.37659842,61.641304,76.585396,-5.1526647,WAL
2053437207000,265.919819,-2.21639813945646,-1.98691673090657,-0.396299515463202,-1.6694947,-0.8915578,-0.19028452,61.605076,77.20052,-5.0731688,WAL
2053442225000,265.924837,-2.50384516498135,-2.0214969839191,-0.888238010043197,-1.7953329,-1.2266175,-0.02687807,61.449875,77.73286,-5.04335,WAL
2053447271000,265.929883,-2.79798649195955,-2.14959077881406,-1.59038171704104,-1.9000963,-1.4853189,0.11942416,61.230854,78.27064,-5.0545883,WAL
2053452272000,265.934884,-2.92924264755694,-2.48665506972941,-2.44345778127312,-1.9691241,-1.6398678,0.22357668,60.895443,78.72537,-5.1247187,WAL
2053457317000,265.939929,-3.02329551109597,-2.87697464983453,-3.34166321732529,-1.967597,-1.7354681,0.30757064,60.498142,79.15742,-5.2261906,WAL
2053462318000,265.94493,-3.1706682462044,-3.42455811582055,-3.92872636595866,-1.9300288,-1.8414533,0.41386122,60.101147,79.631355,-5.407925,WAL
2053467457000,265.950069,-3.33942220838175,-4.03863508677017,-4.43498815459568,-1.8777997,-1.9617938,0.5143485,59.67171,80.0587,-5.614403,WAL
2053472376000,265.954988,-3.4785364927523,-4.60031866450907,-4.69625151487829,-1.8124372,-2.0607538,0.5900958,59.290398,80.52619,-5.8662143,WAL
2053477284000,265.959896,-3.60708868653478,-5.14880791129547,-4.85479928915124,-1.7547104,-2.1108449,0.66248333,58.89023,80.91099,-6.1494637,WAL
2053482365000,265.964977,-3.63784875761704,-5.68707312493242,-4.87473137830036,-1.7153096,-2.0598376,0.743423,58.546112,81.25182,-6.4800725,WAL
2053487346000,265.969958,-3.55532809062601,-6.18219685760623,-4.73547793451184,-1.6960673,-1.9230038,0.84238315,58.21748,81.48034,-6.8411994,WAL
2053492323000,265.974935,-3.40355817948533,-6.6690020489842,-4.53284579946727,-1.6814066,-1.8414533,0.89949906,57.92688,81.61056,-7.2228813,WAL
2053497303000,265.979915,-3.20977385641535,-7.15130999029345,-4.29169162646501,-1.6759088,-1.6771306,1.0158689,57.7054,81.597694,-7.6552544,WAL
2053502311000,265.984923,-2.94212228525571,-7.7498511273123,-4.09636160881393,-1.6951511,-1.509448,1.1368202,57.526314,81.48593,-8.077423,WAL
2053507307000,265.989919,-2.56727001326442,-8.51517417845484,-3.9714110508161,-1.7287487,-1.3307699,1.2632693,57.408176,81.252335,-8.533709,WAL
2053512288000,265.9949,-2.24573213764604,-9.38010883701844,-3.74591289361784,-1.7327193,-1.1615603,1.3716979,57.378536,80.966125,-8.948519,WAL
2053517322000,265.999934,-1.96178999221782,-10.334340792604,-3.43869677315825,-1.740966,-1.0372492,1.4465289,57.400425,80.59971,-9.384058,WAL
2053522309000,266.004921,-1.52679841623828,-11.1121510429392,-3.21819210734805,-1.7400496,-1.042747,1.5027285,57.55483,99.72408,-9.724065,WAL
2053527306000,266.009918,-0.93349102201391,-11.7199289855861,-3.08313026396533,-1.7293595,-1.070236,1.561677,57.74767,100.09812,-10.081286,WAL
2053532292000,266.014904,-0.423645507113557,-12.1157812990495,-2.8786270333967,-1.6884315,-1.1087204,1.6688838,57.912613,100.445,-10.389784,WAL
2053537318000,266.01993,0.00976844749374692,-12.3084101032516,-2.60413155311656,-1.6505579,-1.2156218,1.7333301,58.055355,100.8116,-10.70072,WAL
2053542303000,266.024915,0.270067305705652,-12.3933040501244,-2.3214138441877,-1.5989398,-1.3432927,1.790446,58.122795,101.14503,-10.967731,WAL
2053547296000,266.029908,0.367809119085496,-12.376305574209,-2.02818842623534,-1.5632042,-1.4721853,1.7993035,58.165085,101.49059,-11.238622,WAL
2053552244000,266.034856,0.441109251812149,-12.3613534120029,-1.84804242454745,-1.5418239,-1.5442673,1.7605137,58.058437,101.83476,-11.502411,WAL
2053557309000,266.039921,0.443476006823128,-12.3518864710417,-2.00424786480117,-1.534799,-1.5118915,1.6954565,57.952427,102.1743,-11.75739,WAL
2053562300000,266.044912,0.445808183379849,-12.3425578427421,-2.15817113277873,-1.5063937,-1.3744467,1.5824465,57.8213,102.46037,-11.970472,WAL
2053567320000,266.049932,0.448153910952427,-12.3331750108319,-2.31298876556721,-1.4770721,-1.1178834,1.427592,57.739147,102.71491,-12.146525,WAL
2053572264000,266.054876,0.520720229000774,-12.3165246191003,-2.58731825702443,-1.4526376,-0.7620544,1.2486086,57.690277,102.95428,-12.295891,WAL
2053577312000,266.059924,0.990958737385874,-12.2577441827125,-3.55451343889687,-1.4407257,-0.24740042,1.1099422,57.765263,103.161865,-12.40175,WAL
2053582251000,266.064863,1.29051283535378,-12.1273294639459,-3.99249303513161,-1.3536774,0.23579398,0.92179567,57.962605,103.325066,-12.438611,WAL
2053587325000,266.069937,1.28347209364888,-11.850394440425,-3.44566355825163,-1.31672,0.38026363,0.66523224,58.207127,103.44393,-12.4133415,WAL
2053592252000,266.074864,1.27663533086211,-11.5814825640184,-2.91467640165178,-1.3640621,0.46914452,0.5516113,58.59672,103.626015,-12.359575,WAL
2053597306000,266.079918,1.26962234139097,-11.3056391251389,-2.37000234249698,-1.4132367,0.30451632,0.37568212,58.94232,103.740585,-12.221664,WAL
2053602271000,266.084883,1.21029221376298,-10.9383747513619,-1.84038784344229,-1.527774,-0.06963864,0.2519819,59.21953,103.89221,-12.089046,WAL
2053607306000,266.089918,0.942655440610546,-10.185027172988,-1.32493925383904,-1.6438384,-0.5222898,0.12736541,59.41633,104.02762,-11.920362,WAL
2053612296000,266.094908,0.661768083595506,-9.48276079775281,-0.961124012359551,-1.7580702,-0.98807454,-0.008552114,59.368145,104.08597,-11.748543,WAL
2053617418000,266.10003,0.328298820322916,-8.88992665725616,-1.01207074391464,-1.8383989,-1.3662001,-0.10323623,59.21141,104.14794,-11.572367,WAL
2053622327000,266.104939,0.0140956522140733,-8.35369730372646,-1.11245388425173,-1.8860464,-1.5900823,-0.1518,58.916756,104.21369,-11.442607,WAL
2053627304000,266.109916,-0.274059941391477,-7.989959695778,-1.50453439736373,-1.8710803,-1.6542231,-0.15393804,58.56048,104.27481,-11.311688,WAL
2053632307000,266.114919,-0.558045079340551,-7.67584097572835,-1.88024671231299,-1.8032742,-1.6071864,-0.14019357,58.18202,104.397255,-11.2469845,WAL
2053637313000,266.119925,-0.803414908415354,-7.71359025600394,-2.13033528764764,-1.7055358,-1.4724907,-0.10873401,57.815907,104.5142,-11.187242,WAL
2053642280000,266.124892,-1.03515196085615,-7.76766959467798,-2.33753135480139,-1.5583172,-1.2834278,-0.050701816,57.52772,104.71035,-11.189817,WAL
2053647305000,266.129917,-1.15114564625916,-7.99037709082144,-2.13338244523718,-1.4294246,-1.1362094,0.018020526,57.273342,104.897995,-11.200607,WAL
2053652583000,266.135195,-1.25961407401082,-8.22472466078376,-1.91850549097637,-1.3075571,-1.02717,0.08827003,57.085598,105.126625,-11.265536,WAL
2053657312000,266.139924,-1.20374981682323,-8.4395874645602,-1.72083194483348,-1.255328,-0.98654735,0.16890424,56.92928,105.35618,-11.348115,WAL
2053663122000,266.145734,-1.12651068351545,-8.69583821345139,-1.47843392654484,-1.2311989,-0.9718866,0.20952678,56.786556,105.535645,-11.444929,WAL
2053667424000,266.150036,-0.979037264412208,-8.80450261623964,-1.3037943662208,-1.2330315,-0.9477574,0.22571471,56.66526,105.71672,-11.5519085,WAL
2053672293000,266.154905,-0.812126972079879,-8.92748889638282,-1.10613745798794,-1.2647965,-0.92485,0.24862215,56.464993,105.8909,-11.680625,WAL
2053677309000,266.159921,-0.668104783431224,-9.00453496911709,-0.822681844846533,-1.3054191,-0.9034697,0.2706133,56.276814,106.06429,-11.807777,WAL
2053682273000,266.164885,-0.532998843965517,-9.06758425862069,-0.520945274137931,-1.3585643,-0.93034774,0.28619036,56.086815,106.243645,-11.936437,WAL
2053687313000,266.169925,-0.414622593271904,-9.01124034026562,-0.300624770617523,-1.427592,-0.9621128,0.29077184,55.84187,106.39875,-12.049201,WAL
2053692274000,266.174886,-0.307010954257181,-8.89873754751364,-0.124532997405745,-1.4388931,-1.0253373,0.2938262,55.585354,106.54951,-12.164513,WAL
2053697300000,266.179912,-0.225793379583005,-8.72963237529504,-0.208180636405193,-1.4587462,-1.1407908,0.2846632,55.243107,106.66029,-12.272253,WAL
2053702285000,266.184897,-0.155365987913061,-8.54182612824548,-0.38659669170712,-1.4462235,-1.2513574,0.28191432,54.889256,106.7625,-12.380278,WAL
2053707307000,266.189919,-0.110914562851386,-8.33285174184195,-0.632436345724396,-1.3912456,-1.314582,0.2864958,54.478752,106.83671,-12.488427,WAL
2053712317000,266.194929,-0.0779030996609003,-8.11591908654413,-0.905959890839395,-1.3026701,-1.3154984,0.30879238,54.060642,106.898285,-12.596337,WAL
2053717340000,266.199952,-0.094374489498731,-7.9385874231176,-1.1292550126269,-1.2205088,-1.3029755,0.3231477,53.63077,106.987434,-12.701835,WAL
2053722326000,266.204938,-0.134772083375635,-7.7820470071912,-1.32619331243655,-1.1487321,-1.3148874,0.3387248,53.200104,107.05952,-12.808897,WAL
2053727307000,266.209919,-0.258829823972795,-7.7266955379925,-1.4148564097561,-1.0906999,-1.3246613,0.35979962,52.79778,107.17548,-12.9202175,WAL
2053732326000,266.214938,-0.407626991699812,-7.69964143302064,-1.47347343317073,-1.0558805,-1.3066407,0.3866777,52.405903,107.27979,-13.031237,WAL
2053737310000,266.219922,-0.582473508405133,-7.79092402016499,-1.46879481961503,-1.0403035,-1.2953397,0.40317106,52.026684,107.41891,-13.154913,WAL
2053742294000,266.224906,-0.772055077045524,-7.94647796455851,-1.4299063715857,-1.0714576,-1.2528846,0.4202753,51.6679,107.5591,-13.278326,WAL
2053747293000,266.229905,-0.977915246495049,-8.18639490990099,-1.23725522182178,-1.1169671,-1.1728612,0.43249258,51.32971,107.72541,-13.42431,WAL
2053752317000,266.234929,-1.1922840040396,-8.46745662079208,-0.970485149425743,-1.1624765,-1.0952814,0.44806966,51.009563,107.894516,-13.568058,WAL
2053757312000,266.239924,-1.41688441511011,-8.72688073358238,-0.706499434294141,-1.2067643,-1.0146471,0.47891834,50.70042,108.08053,-13.738535,WAL
2053762319000,266.244931,-1.6478716687967,-8.97672373299253,-0.442513993071176,-1.2861768,-0.9242391,0.50885075,50.42357,108.27687,-13.90154,WAL
2053767318000,266.24993,-1.8903166763285,-9.10917782769726,-0.250616240161031,-1.3298537,-0.8393288,0.56199604,50.12484,108.45052,-14.097567,WAL
2053772313000,266.254925,-2.13953410343848,-9.17261484815762,-0.101085793357962,-1.3677273,-0.7806858,0.6258314,49.855053,108.63898,-14.292113,WAL
2053777308000,266.25992,-2.35016309948177,-9.16066217120921,0.00207160416046065,-1.3753631,-0.74372846,0.6914995,49.54822,108.82685,-14.515781,WAL
2053782289000,266.264901,-2.52412462008637,-9.07825960479846,0.0615847470399232,-1.3561208,-0.7333437,0.75655663,49.263382,109.0232,-14.744876,WAL
2053787312000,266.269924,-2.66019811018899,-9.03518216207888,0.0830081698346343,-1.3045027,-0.7510588,0.7819075,48.946995,109.2343,-15.009151,WAL
2053792343000,266.274955,-2.74432659967132,-9.04507932138455,0.0533157426625924,-1.2739595,-0.81245077,0.8344419,48.636806,109.458626,-15.289149,WAL
2053797320000,266.279932,-2.77081593567217,-9.16919754933176,-0.0556106068991745,-1.1927143,-0.8915578,0.8744536,48.308273,109.690636,-15.593542,WAL
2053802333000,266.284945,-2.7377911724941,-9.41452468523978,-0.249041215500884,-1.1023064,-0.95630956,0.8707884,47.97718,109.90991,-15.890368,WAL
2053807337000,266.289949,-2.65474414982578,-9.71725591986063,-0.41507282533101,-1.0106765,-1.029308,0.86406887,47.612026,110.144424,-16.21211,WAL
2053812313000,266.294925,-2.51242212852165,-10.087292977103,-0.547906796094574,-0.90377516,-1.1114693,0.8604037,47.236137,110.35361,-16.524668,WAL
2053817278000,266.29989,-2.30547071093919,-10.4548893574456,-0.675766542729871,-0.8038987,-1.1838568,0.82772243,46.845802,110.54942,-16.817814,WAL
2053822328000,266.30494,-2.00996478751355,-10.8266548595644,-0.799688361838967,-0.71776664,-1.2559389,0.7791586,46.441803,110.718376,-17.09647,WAL
2053827251000,266.309863,-1.66249761713065,-11.1210030504944,-0.92656730029759,-0.61422503,-1.3069462,0.7370089,46.002182,110.84992,-17.340094,WAL
2053832290000,266.314902,-1.21777045820294,-11.320203906499,-1.06554453595085,-0.53786683,-1.3390167,0.68111473,45.55444,110.95155,-17.556707,WAL
2053837251000,266.319863,-0.746707965659705,-11.4985689633214,-1.2497513104432,-0.44135013,-1.3283265,0.6224717,45.07885,110.98948,-17.71141,WAL
2053842310000,266.324922,-0.193850569914417,-11.641719334488,-1.54098868837494,-0.33108896,-1.2629639,0.56016344,44.616734,110.99548,-17.837608,WAL
2053847265000,266.329877,0.328387980156663,-11.693219918731,-1.79889339108979,-0.20677789,-1.1462886,0.5030475,44.144302,110.93352,-17.889297,WAL
2053852284000,266.334896,0.822555137613826,-11.584974050328,-2.01067936696367,-0.053145275,-0.9602802,0.4334089,43.715496,110.831245,-17.905243,WAL
2053857245000,266.339857,1.26086195424463,-11.4150860122119,-2.14311662347843,0.06047566,-0.7318166,0.36132678,43.319008,110.67686,-17.838741,WAL
2053862274000,266.344886,1.5928811997144,-11.1020389342131,-2.10517149610006,0.09010262,-0.49938235,0.2751948,42.978107,110.49231,-17.735716,WAL
2053867329000,266.349941,1.82354632566143,-10.84550938333,-2.05426595906107,0.032986723,-0.28771752,0.17562376,42.684616,110.26577,-17.555294,WAL
2053872309000,266.354921,1.80457180248657,-10.7316623433459,-1.97362423556793,-0.084910266,-0.13836098,0.081855945,42.437428,110.025406,-17.343931,WAL
2053877286000,266.359898,1.69069603200355,-10.7235585037431,-1.86202577679275,-0.21166481,-0.08124508,-0.01985312,42.196125,109.75115,-17.07531,WAL
2053882293000,266.364905,1.3270009572695,-10.9927873400315,-1.66836989180457,-0.32375857,-0.09468412,-0.12064589,41.97104,109.47125,-16.779238,WAL
2053887294000,266.369906,0.928553418185395,-11.2447738609285,-1.47793839336521,-0.40225476,-0.18967366,-0.15515977,41.708366,109.21007,-16.494785,WAL
2053892303000,266.374915,0.42199393032357,-11.4454861576011,-1.29634163430962,-0.42730024,-0.32345316,-0.20066923,41.42209,108.93304,-16.185194,WAL
2053897294000,266.379906,-0.0327379657572305,-11.6189745377017,-1.14954292474016,-0.44104472,-0.43860126,-0.21838433,41.0746,108.68925,-15.92349,WAL
2053902325000,266.384937,-0.331341445090252,-11.7091775420271,-1.11066226706908,-0.44837508,-0.5009095,-0.22327125,40.70229,108.44298,-15.659762,WAL
2053907337000,266.389949,-0.628817222950936,-11.7990398870239,-1.07192844551323,-0.40561453,-0.48930305,-0.21288654,40.292686,108.239685,-15.466019,WAL
2053912338000,266.39495,-0.925640121011846,-11.8887050081988,-1.0332796343399,-0.32895094,-0.4288274,-0.18936823,39.884445,108.03559,-15.276195,WAL
2053917360000,266.399972,-1.22370942596323,-11.9787466475791,-0.994468530618141,-0.24220806,-0.33475417,-0.15974127,39.47558,107.83963,-15.098066,WAL
2053922411000,266.405023,-1.52349995947766,-12.0693082406714,-0.955433308615236,-0.12492194,-0.21868975,-0.122478485,39.097572,107.63621,-14.925164,WAL
2053927450000,266.410062,-1.75372821277564,-12.2147157552172,-0.865623246314375,0.004886922,-0.129198,-0.0870483,38.726963,107.43513,-14.766538,WAL
2053932344000,266.414956,-1.14084344474339,-13.0248991547694,-0.160385989377519,0.12156218,-0.079107046,-0.059864793,38.38497,107.22727,-14.612657,WAL
2053937254000,266.419866,-0.525954966803403,-13.8377312944917,0.547156906323332,0.27916542,-0.0421497,-0.062308256,38.094536,107.09477,-14.568267,WAL
2053942347000,266.424959,-0.0987282900060156,-14.4112098630439,0.961495486855825,0.45051312,-0.070249505,-0.09682214,37.807064,106.94484,-14.521213,WAL
2053947263000,266.429875,0.26472948159214,-14.9021139143774,1.28719142882494,0.59315014,-0.16829337,-0.1600467,37.51582,106.77264,-14.464923,WAL
2053952338000,266.43495,0.630723279760431,-15.225826166101,1.20453250395288,0.7519751,-0.2837469,-0.25045475,37.05185,106.36467,-14.248365,WAL
2053957245000,266.439857,0.982540465617888,-15.4978982049311,1.03096934730485,0.9092729,-0.3399465,-0.33261612,36.58855,105.93916,-14.01971,WAL
2053962324000,266.444936,1.26094328057621,-15.6583014233271,0.78121287732342,1.0793989,-0.3399465,-0.43004912,36.022343,105.40187,-13.706445,WAL
2053967311000,266.449923,1.51394449686803,-15.7870214086896,0.519334383903346,1.2373075,-0.2764165,-0.5497787,35.474083,104.84235,-13.367582,WAL
2053972345000,266.454957,1.57347740584978,-15.6624413410693,0.450343262177809,1.382999,-0.17134771,-0.67347896,34.925163,104.22624,-12.962654,WAL
2053977327000,266.459939,1.53504673337696,-15.4126423462042,0.479166253992147,1.5045611,-0.09132435,-0.82741696,34.40052,103.58137,-12.52083,WAL
2053982347000,266.464959,1.32664844921704,-14.8945919424496,0.69755184366148,1.6178766,-0.070249505,-0.97097033,33.8939,102.90391,-12.029552,WAL
2053987350000,266.469962,1.03991739245961,-14.2542254075404,1.00339834245961,1.750129,-0.053450707,-1.0390818,33.420784,102.21932,-11.523499,WAL
2053992341000,266.474953,0.636590497243551,-13.5040268029394,1.33172289535093,1.8411479,-0.07727446,-1.1548407,32.95408,101.51714,-10.98591,WAL
2053997328000,266.47994,0.178190647672466,-12.7018273167367,1.67074780107978,2.0818288,-0.11881329,-1.2373075,32.49832,100.814354,-10.4474,WAL
2054002348000,266.48496,-0.314162724792994,-11.9970986259952,1.94302813604697,2.381458,-0.14966199,-1.310306,32.057037,100.14887,-9.931946,WAL
2054007346000,266.489958,-0.819106725286624,-11.3444820899682,2.1812092486465,2.7299569,-0.20066923,-1.3811663,31.60882,99.49351,-9.401297,WAL
2054012346000,266.494958,-1.35317778387097,-11.0029370839855,2.04617917572056,3.0708196,-0.28771752,-1.4062119,31.205172,98.94008,-8.928382,WAL
2054017416000,266.500028,-1.90925047741936,-10.8129456323726,1.72180344991411,3.3680055,-0.301462,-1.4083499,30.820671,81.54027,-8.446968,WAL
2054022385000,266.504997,-2.46402348678575,-10.924500257495,1.13638969592813,3.602883,-0.21288654,-1.4165965,30.534689,81.84301,-8.021978,WAL
2054027349000,266.509961,-3.02517845973049,-11.2472888558446,0.361697767180194,3.764457,0.01985312,-1.4269812,30.300121,81.988945,-7.6031103,WAL
2054032341000,266.514953,-3.60380955839953,-11.6545431041483,-0.524923971229185,3.8121045,0.35613444,-1.428203,30.171717,81.89786,-7.300738,WAL
2054037352000,266.519964,-4.19208778836913,-12.106340997058,-1.47087524511405,3.7589593,0.7724391,-1.3875804,30.141918,81.67102,-7.020935,WAL
2054042342000,266.524954,-4.87028380364599,-12.5941187861289,-2.07344452395356,3.5662313,1.1691961,-1.2904528,30.212566,81.33647,-6.8935804,WAL
2054047354000,266.529966,-5.60842854099195,-13.1073978133211,-2.46940293690804,3.313333,1.4046847,-1.2009611,30.357115,80.976234,-6.788286,WAL
2054052347000,266.534959,-6.29680358598103,-13.5224128064327,-2.6509264257992,3.0662382,1.396438,-1.1398746,30.641788,80.60549,-6.8180366,WAL
2054057348000,266.53996,-6.96166744427608,-13.8876197661551,-2.7211584770261,2.8460212,1.2302825,-1.0913107,30.941483,80.26418,-6.8730297,WAL
2054062321000,266.544933,-7.49760116876341,-14.1711898205091,-2.55373202267408,2.6771169,0.9437868,-1.0589349,31.281935,79.906685,-7.048687,WAL
2054067387000,266.549999,-7.96128122035303,-14.4077614972206,-2.2272633014921,2.5363126,0.58123827,-1.039998,31.545288,79.59264,-7.219052,WAL
2054072343000,266.554955,-8.19407555482456,-14.4156097982955,-1.87459511856061,2.4312437,0.12950343,-1.0308352,31.764734,79.24196,-7.4749823,WAL
2054077351000,266.559963,-8.25622527412281,-14.24828284375,-1.49213377916667,2.3582454,-0.31887165,-1.0360274,31.874895,78.92612,-7.7042813,WAL
2054082335000,266.564947,-7.90388720620492,-14.3949358346013,-1.227888423802,2.3689353,-0.514654,-1.0088439,31.964018,78.54731,-7.9816875,WAL
2054087353000,266.569965,-7.21065206797747,-14.7985315765241,-1.05695360789448,2.391232,-0.86467975,-1.0338894,31.877697,78.20747,-8.200503,WAL
2054092339000,266.574951,-6.41363301301041,-14.9776038576862,-1.69885574593675,2.4294112,-1.0528263,-1.1899655,31.79855,77.85118,-8.37678,WAL
2054097293000,266.579905,-5.52572915972778,-14.9586113759007,-3.0568262255004,2.2898283,-0.9761627,-1.3182472,31.69247,77.542206,-8.533951,WAL
2054102346000,266.584958,-4.72297859377742,-14.754599458915,-3.70568175660152,1.9346102,-0.4373795,-1.4666874,31.634819,77.37099,-8.519026,WAL
2054107347000,266.589959,-4.0209084112485,-14.3868484204228,-3.68657781691264,1.4581354,0.10262536,-1.602605,31.60295,77.284935,-8.468164,WAL
2054112317000,266.594929,-3.28879990383282,-13.8014181603447,-3.22513694342874,1.2092078,0.34116822,-1.6316211,31.635134,77.371475,-8.307786,WAL
2054117435000,266.600047,-2.5023996634842,-12.9907466274141,-2.33194157617114,1.2238685,0.36560285,-1.5656476,31.756361,77.50576,-8.153581,WAL
2054122373000,266.604985,-1.85674173556681,-12.4453231755013,-1.79410650021838,1.344209,0.33292156,-1.4440855,31.928679,77.67311,-7.920341,WAL
2054127345000,266.609957,-1.31318136443319,-12.1191868244987,-1.55777589978162,1.4874569,0.43768495,-1.3881912,32.14166,77.82475,-7.7012053,WAL
2054132313000,266.614925,-0.759538215703444,-11.9113169856976,-1.46354627231952,1.5549575,0.6301075,-1.3799446,32.310307,77.919075,-7.401628,WAL
2054137358000,266.61997,-0.186038637186223,-11.8267020572096,-1.5199560773886,1.5726726,0.86315256,-1.4202617,32.516193,77.98132,-7.1196566,WAL
2054142324000,266.624936,0.29793862521124,-11.7167590898015,-1.59594877732364,1.5964963,1.1081096,-1.4504995,32.75933,78.01338,-6.778715,WAL
2054147352000,266.629964,0.681150159705247,-11.5700983863234,-1.70003089675771,1.6471981,1.3536774,-1.4706581,33.06542,78.02588,-6.4509954,WAL
2054152249000,266.634861,0.948801094154387,-11.3992641414072,-1.62916275241534,1.7281377,1.6013832,-1.4883732,33.42942,78.03638,-6.0469294,WAL
2054157347000,266.639959,1.05362165573534,-11.1753287575876,-1.27181996728799,1.7849482,1.7385225,-1.4798211,33.82586,78.02043,-5.6632533,WAL
2054162266000,266.644878,1.08865282452144,-10.9115136408774,-1.05660542021934,1.7864754,1.7736472,-1.4459181,34.25999,77.98921,-5.240227,WAL
2054167443000,266.650055,0.989791144705882,-10.5358399647059,-1.09615006117647,1.750129,1.8139644,-1.3591752,34.725197,77.92669,-4.854348,WAL
2054172304000,266.654916,0.839771898956403,-10.1622724505023,-1.26598791419097,1.675298,1.9150625,-1.2684617,35.216614,77.802216,-4.4815097,WAL
2054177350000,266.659962,0.571118788887155,-9.73336983273188,-1.70431665485224,1.5894713,1.9953914,-1.1670581,35.701954,77.66599,-4.149497,WAL
2054182265000,266.664877,0.304865825955765,-9.3403676310048,-2.10921881341073,1.5149459,2.1612413,-1.1249083,36.26377,77.51206,-3.864756,WAL
2054187355000,266.669967,0.0170344815702562,-8.99887254193355,-2.47022757281825,1.4941764,2.3432791,-1.0308352,36.837593,77.34769,-3.6390846,WAL
2054192257000,266.674869,-0.262947160313501,-8.67793364136659,-2.73909584294866,1.4517213,2.485,-0.97127575,37.497704,77.218376,-3.4803574,WAL
2054197295000,266.679907,-0.557970073631952,-8.3688621454916,-2.80933948920703,1.4453071,2.528066,-0.9062186,38.169273,77.07931,-3.3627741,WAL
2054202287000,266.684899,-0.842623801659967,-8.05149539925483,-2.84470417773311,1.4172074,2.4770586,-0.8491027,38.895397,76.96661,-3.3224742,WAL
2054207348000,266.68996,-1.10399769520149,-7.69032419801941,-2.75916360134327,1.3924674,2.3554964,-0.7965683,39.60469,76.856834,-3.304067,WAL
2054212351000,266.694963,-1.3599586304571,-7.31068692382269,-2.70398855620496,1.3539828,2.2385156,-0.75808376,40.315884,76.75223,-3.3637733,WAL
2054217445000,266.700057,-1.61040595266068,-6.82905744644091,-2.771416691085,1.3051136,2.1481075,-0.7263188,40.99306,76.66199,-3.4354236,WAL
2054222362000,266.704974,-1.82214913523209,-6.37482169707303,-2.83567295166059,1.2678508,2.0949624,-0.70066243,41.652004,76.557175,-3.5765586,WAL
2054227348000,266.70996,-1.89273643892776,-5.96541522753523,-2.8968486214152,1.2272283,2.068695,-0.6591236,42.286457,76.471016,-3.7304752,WAL
2054232307000,266.714919,-1.95850546091566,-5.5624307566747,-2.94058737315663,1.1887437,2.0497584,-0.62858033,42.982204,76.33463,-3.9612207,WAL
2054237351000,266.719963,-1.99575298222651,-5.18064351738795,-2.87074817346506,1.1398746,2.0323486,-0.59956425,43.66405,76.21919,-4.2025013,WAL
2054242404000,266.725016,-2.03477663065582,-4.7862680565821,-2.76798130719004,1.0626001,1.9941696,-0.57787853,44.333733,76.11938,-4.474224,WAL
2054247354000,266.729966,-2.09377788197224,-4.25525722125419,-2.26874042016276,0.99112886,1.9792033,-0.5748242,45.0016,76.03899,-4.7488766,WAL
2054252683000,266.735295,-2.15821130851637,-3.69472457570887,-1.73883674908147,0.8940013,1.9370537,-0.5757405,45.721127,75.936554,-5.0142965,WAL
2054257347000,266.739959,-2.23402249581669,-3.44053382834465,-1.43559162735623,0.7651087,1.9068159,-0.57848936,46.435085,75.87147,-5.279135,WAL
2054262686000,266.745298,-2.32418818446389,-3.15110478490153,-1.09190268330416,0.6417139,1.8863518,-0.5705481,47.150387,75.746216,-5.5438085,WAL
2054267444000,266.750056,-2.48281424445992,-2.92902837662622,-0.865294121491943,0.5357288,1.8689423,-0.5546656,47.85119,75.65993,-5.8065777,WAL
2054272741000,266.755353,-2.65751669471114,-2.68581470811757,-0.610551644304801,0.40653083,1.847562,-0.5488624,48.55473,75.59411,-6.0248275,WAL
2054277344000,266.759956,-2.76718362564268,-2.56396261447526,-0.334353470661568,0.26633725,1.8393153,-0.54153204,49.251934,75.56156,-6.2482114,WAL
2054282306000,266.764918,-2.88540376713351,-2.43260695758776,-0.0366138796084032,0.12034045,1.8356501,-0.5375614,49.945206,75.541084,-6.4751687,WAL
2054287347000,266.769959,-3.00557242591117,-2.38870291244772,0.239790195279825,0.045814894,1.8289305,-0.5345071,50.63244,75.538536,-6.7039285,WAL
2054292245000,266.774857,-3.12234997416849,-2.37001852033459,0.501371870209122,-0.11789699,1.8274034,-0.5204572,51.316895,75.593704,-6.9368243,WAL
2054297291000,266.779903,-3.19067891450899,-2.39449641840165,0.65936309354566,-0.28191432,1.8020525,-0.50488013,51.999496,75.61928,-7.168015,WAL
2054302253000,266.784865,-3.24206202680625,-2.43186594131525,0.780814279579279,-0.43371433,1.7696766,-0.4868596,52.676376,75.67753,-7.402944,WAL
2054307344000,266.789956,-3.25965898302934,-2.52361578370341,0.902648224567803,-0.5458081,1.7140878,-0.46181414,53.334908,75.72137,-7.649428,WAL
2054312296000,266.794908,-3.26436004504362,-2.63174030820777,1.02017489273592,-0.63041294,1.6710218,-0.42821655,53.983513,75.78593,-7.900958,WAL
2054317405000,266.800017,-3.2005844094651,-2.72022482072338,1.12578953588385,-0.7128797,1.59558,-0.39950588,54.60413,75.85055,-8.15288,WAL
2054322323000,266.804935,-3.11420884640856,-2.79700309342843,1.22176248950586,-0.7910705,1.5018122,-0.3744604,55.20256,75.921814,-8.407771,WAL
2054327344000,266.809956,-3.01792453063451,-2.8066067030478,1.21806199040164,-0.8597928,1.3839152,-0.34422258,55.764496,75.985176,-8.656708,WAL
2054332326000,266.814938,-2.9198916588572,-2.7949361346803,1.18305026092657,-0.9166033,1.2571607,-0.31673363,56.292675,76.051254,-8.903825,WAL
2054337318000,266.81993,-2.82166201294946,-2.78324214084438,1.14796825499731,-0.9663888,1.1142182,-0.28069258,56.767704,76.115135,-9.127864,WAL
2054342305000,266.824917,-2.72353075410694,-2.77155985974267,1.11292138729514,-1.0137309,0.9599747,-0.23396139,57.19809,76.175156,-9.352977,WAL
2054347326000,266.829938,-2.66227255662173,-2.81891509952419,1.06932149615385,-1.0491611,0.8213083,-0.1872302,57.591316,76.22699,-9.576584,WAL
2054352318000,266.83493,-2.61962124115781,-2.894739759318,1.02193109615385,-1.0998629,0.6771441,-0.13591751,57.933197,76.272156,-9.804249,WAL
2054357305000,266.839917,-2.6265815038473,-3.03247465592464,1.01176184395637,-1.1502593,0.53969944,-0.09712757,58.226555,76.3358,-9.996049,WAL
2054362332000,266.844944,-2.65999727134358,-3.20432727416956,1.02130920609817,-1.2134838,0.41386122,-0.06627888,58.4776,76.39358,-10.191617,WAL
2054367313000,266.849925,-2.68400456642921,-3.40757785663402,1.07905796197685,-1.280679,0.28191432,-0.026572637,58.69765,76.45033,-10.378778,WAL
2054372312000,266.854924,-2.70295160242406,-3.63020572741664,1.16431972287523,-1.3677273,0.14508049,0.018936822,58.876743,76.50439,-10.56808,WAL
2054377329000,266.859941,-2.76003701570468,-3.96480457852342,1.39630376281874,-1.452943,0.08552113,0.06627888,59.048306,76.54961,-10.761005,WAL
2054382375000,266.864987,-2.84123068660803,-4.37077293304013,1.7210784464321,-1.4926492,-0.03176499,0.089491755,59.16137,76.58664,-10.9488,WAL
2054387377000,266.869989,-2.95341016283563,-5.08092527677598,2.19275853800654,-1.5748106,-0.13225232,0.16768251,59.26507,76.60434,-11.149583,WAL
2054392343000,266.874955,-3.08534678982463,-5.98563325279897,2.75820098611909,-1.6178766,-0.20097467,0.24648413,59.341812,76.60603,-11.350077,WAL
2054397283000,266.879895,-3.17072918079431,-7.42920638174274,3.47281017101363,-1.5806139,-0.22876903,0.37568212,59.383484,76.54494,-11.564945,WAL
2054402317000,266.884929,-3.22312052833432,-9.31053507261411,4.31583607794902,-1.5161675,-0.1966986,0.54702985,59.416267,76.450356,-11.808474,WAL
2054407340000,266.889952,-2.8270036917654,-11.4362369643562,5.69689450745458,-1.3542882,-0.018936822,0.6750061,59.453724,76.286545,-12.036116,WAL
2054412359000,266.894971,-2.0676673478673,-13.7617044865719,7.51455623064771,-1.0742066,0.1872302,0.77396625,59.499714,76.0671,-12.297075,WAL
2054417361000,266.899973,-0.608097604027901,-15.4585785837509,9.33627311808626,-0.5204572,0.312763,0.6939429,59.555195,75.81816,-12.421338,WAL
2054422355000,266.904967,1.46396431460851,-16.6097247755182,11.1640099034286,0.35124752,0.226631,0.30909783,59.609962,75.54948,-12.47833,WAL
2054427342000,266.909954,3.45546444472303,-17.4705958894072,12.0813360182702,1.1939361,0.16340645,-0.32498032,59.5882,75.33343,-12.144323,WAL
2054432338000,266.91495,5.37115340705539,-18.0378623154519,12.0720363696793,1.6041322,0.24617869,-0.8509353,59.6008,75.07045,-11.7643175,WAL
2054437345000,266.919957,6.43773446795107,-18.3608671984709,11.6153950394495,1.6982054,0.464563,-0.981355,59.424656,74.78632,-10.987187,WAL
2054442348000,266.92496,6.39866190493374,-18.3657513708461,10.5799714055046,1.6300939,0.78954333,-0.9425651,59.349495,74.405785,-10.2048,WAL
2054447315000,266.929927,5.9745221418097,-17.6509808446828,9.47810182583955,1.4199562,1.0283916,-0.93492925,59.28944,74.12041,-9.206635,WAL
2054452348000,266.93496,5.1067410144403,-16.1087583740672,8.27759658041045,1.2049317,1.1749994,-0.93462384,59.309456,73.73876,-8.324113,WAL
2054457286000,266.939898,4.18060512639891,-14.4232923600042,7.14939718000209,0.97066486,1.2275337,-0.9300423,59.448925,73.45057,-7.541974,WAL
2054462376000,266.944988,3.0640523238678,-12.3125485235854,6.0940252617927,0.77366084,1.2299771,-0.9147707,59.613792,73.15502,-6.830133,WAL
2054467280000,266.949892,2.06703592905772,-10.2805716134682,5.31722064578194,0.61086524,1.1856894,-0.90102625,59.85297,72.92584,-6.2892528,WAL
2054472347000,266.954959,1.15254108932215,-8.18345820183523,4.86715505722743,0.41691554,1.1224649,-0.86620694,60.075638,72.73245,-5.7854633,WAL
2054477241000,266.959853,0.359789512241198,-6.34560167659575,4.5038447044843,0.18936823,1.0848967,-0.8246681,60.33722,72.586365,-5.450901,WAL
2054482347000,266.964959,-0.312043479404637,-4.74999840425532,4.24724187309417,0.06383542,1.0173961,-0.70188415,60.552067,72.44796,-5.154375,WAL
2054487244000,266.969856,-0.951561802417038,-3.44035995304606,3.98157125204557,-0.16890424,0.93187493,-0.54733527,60.745758,72.35313,-4.9992957,WAL
2054492344000,266.974956,-1.60471988859832,-2.66624663952452,3.65257315694898,-0.35796702,0.84849185,-0.36926803,60.901245,72.26859,-4.883807,WAL
2054497288000,266.9799,-2.2170050303795,-2.13030966977946,3.31075327969402,-0.5161811,0.79809546,-0.17928895,61.056202,72.19251,-4.8731427,WAL
2054502351000,266.984963,-2.78540464173455,-2.18329603202861,2.89649601425591,-0.6740898,0.7965683,0.00030543262,61.18585,72.15266,-4.906634,WAL
2054507290000,266.989902,-3.2621288491139,-2.377622337312,2.62301303043395,-0.86376345,0.77579886,0.16035213,61.31921,72.14821,-5.0572624,WAL
2054512381000,266.994993,-3.51900722935147,-3.00814202892997,2.73510539946355,-1.0537425,0.6591236,0.28893927,61.41198,72.169205,-5.241843,WAL
2054517349000,266.999961,-3.74592859582628,-3.70359723538259,2.88760080206806,-1.2260065,0.4196644,0.37904188,61.501484,72.2629,-5.5256324,WAL
2054522356000,267.004968,-3.86312430733221,-4.78089625766121,3.24369546033089,-1.3170254,0.10842858,0.44623706,61.52856,72.36569,-5.8249,WAL
2054527480000,267.010092,-3.99347195343736,-6.0792217041179,3.62854462985696,-1.3341297,-0.27763826,0.51068336,61.471798,72.478485,-6.15148,WAL
2054532337000,267.014949,-4.2434850915648,-9.68828302999566,4.24148009243173,-1.235475,-0.7058548,0.56688297,61.311214,72.564545,-6.4668264,WAL
2054537253000,267.019865,-4.49653524331166,-13.341185125531,4.86186113711313,-1.0558805,-1.1267409,0.63438356,61.03572,72.60531,-6.7717314,WAL
2054542346000,267.024958,-4.46346213082374,-15.3133709704753,4.41284092075583,-0.84329945,-1.462106,0.6973027,60.66178,72.5937,-7.0616274,WAL
2054547299000,267.029911,-4.32341536120461,-16.5691263475052,3.57722716870387,-0.60231316,-1.6215417,0.7828238,60.214153,72.50725,-7.3544397,WAL
2054552377000,267.034989,-3.78570299045718,-17.4119313242164,3.21388188860052,-0.29840767,-1.4963144,0.79717916,59.81533,72.43168,-7.592523,WAL
2054557300000,267.039912,-3.10330516375524,-18.0472661456378,3.06328369195448,0.116675265,-1.2211196,0.68691796,59.42577,72.2709,-7.8035164,WAL
2054562369000,267.044981,-2.09639859375791,-18.4106773640745,2.62521322103373,0.65118235,-1.1050552,0.5320636,59.141983,72.17603,-7.95607,WAL
2054567389000,267.050001,-0.969804833652083,-18.6468995997354,2.07100185317963,1.1230757,-1.2760975,0.25442538,58.87864,72.020775,-8.031631,WAL
2054572308000,267.05492,-0.263171179710614,-17.0618639518325,0.977925500190385,1.317331,-1.41904,-0.16187929,58.68641,71.912125,-7.9419594,WAL
2054577307000,267.059919,0.174329793785816,-14.1679768764398,-0.52142687777249,1.2272283,-1.677436,-0.37995818,58.42118,71.76664,-7.8082595,WAL
2054582294000,267.064906,0.187983911748201,-11.1846498113591,-1.72140784815897,1.078788,-1.6560557,-0.77763146,58.260277,71.76993,-7.3967857,WAL
2054587319000,267.069931,-0.263785240776051,-8.07246216011265,-2.60486747551893,0.5699373,-1.2269229,-0.97585726,58.13856,71.876625,-7.0093803,WAL
2054592306000,267.074918,-0.64770335059675,-5.78813162236337,-2.72315154779911,-0.07849618,-0.7272351,-0.9254609,58.079636,72.13498,-6.617471,WAL
2054597293000,267.079905,-0.981620333116691,-4.12795279089119,-2.25284591994092,-0.6569856,-0.4813618,-0.7996226,58.073933,72.5103,-6.2194924,WAL
2054602322000,267.084934,-1.38709941958451,-2.9633834149758,-1.59980670287414,-1.0512991,-0.48624873,-0.6087272,58.171787,72.95525,-5.9670234,WAL
2054607310000,267.089922,-1.84956760425575,-2.25522891602461,-0.795304728327955,-1.2596041,-0.64751714,-0.41630468,58.284027,73.48143,-5.768601,WAL
2054612329000,267.094941,-2.21716459450711,-1.80747551633154,-0.52947670502207,-1.4202617,-0.86498517,-0.24281894,58.297462,73.96631,-5.6636024,WAL
2054617404000,267.100016,-2.50796796846493,-1.57387936429622,-0.710632884546346,-1.5402967,-1.0818423,-0.09010262,58.25796,74.47117,-5.5998282,WAL
2054622328000,267.10494,-2.79219410960907,-1.53852783179151,-1.06844031110415,-1.6074919,-1.246776,0.07086037,58.06018,74.88253,-5.6203527,WAL
2054627311000,267.109923,-3.08175890137272,-1.68093674739879,-1.60010025444345,-1.6508633,-1.3701707,0.25534168,57.8021,75.29341,-5.6822476,WAL
2054632281000,267.114893,-3.27432958292052,-1.9426856636228,-2.13506774902019,-1.7253889,-1.4999796,0.4089743,57.49584,75.718666,-5.8141613,WAL
2054637313000,267.119925,-3.37020242239133,-2.33097076108624,-2.68154304912961,-1.7880026,-1.6560557,0.52778757,57.13833,76.12122,-5.984295,WAL
2054642307000,267.124919,-3.40546576038624,-2.75027248045734,-3.2350458325711,-1.8176296,-1.8170186,0.6407976,56.78391,76.55903,-6.2379255,WAL
2054647344000,267.129956,-3.37765738741353,-3.20911172340507,-3.80511876099154,-1.8029687,-1.9172006,0.76083267,56.396976,76.95832,-6.5283966,WAL
2054652299000,267.134911,-3.27865409005806,-3.71493857360701,-4.24167254658246,-1.7800614,-1.93797,0.86651236,56.040794,77.38755,-6.8647428,WAL
2054657342000,267.139954,-3.07203030295406,-4.31021163263726,-4.50241198226546,-1.7687603,-1.8875736,0.945314,55.676044,77.75868,-7.2316985,WAL
2054662286000,267.144898,-2.83476797273356,-5.02931460048443,-4.65097439307958,-1.7626517,-1.7895297,1.0082331,55.387447,78.14074,-7.625195,WAL
2054667389000,267.150001,-2.54487907951557,-5.94729632269896,-4.66546913287197,-1.7788396,-1.6615535,1.0549643,55.126755,78.450615,-8.043258,WAL
2054672246000,267.154858,-2.28255901345483,-6.90461402520357,-4.67726219833269,-1.8121318,-1.5845845,1.0732902,54.943436,78.74265,-8.429844,WAL
2054677346000,267.159958,-2.02689274067468,-8.0314392995347,-4.68673126095386,-1.8445076,-1.4220943,1.112691,54.830338,78.947495,-8.843277,WAL
2054682264000,267.164876,-1.76355400130916,-9.14136028922457,-4.69598784471299,-1.9272798,-1.2596041,1.180497,54.86058,79.11987,-9.179991,WAL
2054687347000,267.169959,-1.45961721923464,-10.3325964032226,-4.70579219924471,-2.0164661,-1.0732902,1.2767084,54.956825,79.2095,-9.537963,WAL
2054692239000,267.174851,-1.11801214237082,-11.2892620848301,-4.65359688560376,-2.0576997,-0.9147707,1.3949108,55.228146,79.26614,-9.823225,WAL
2054697303000,267.179915,-0.675790723282675,-11.936960138436,-4.4883221423045,-2.0280726,-0.7693848,1.6050484,55.553898,79.21274,-10.165117,WAL
2054702279000,267.184891,-0.264784691129707,-12.540167497908,-4.23947999037657,-1.8863518,-0.7257079,1.7876972,55.90116,79.13384,-10.466364,WAL
2054707342000,267.189954,0.0540205154233911,-13.013544883941,-3.621191201843,-1.7461584,-0.8054258,1.9098701,56.258617,78.957565,-10.809951,WAL
2054712341000,267.194953,0.339934149916977,-13.4272809498998,-3.0592346560836,-1.6380352,-0.9315695,1.9608774,56.49749,78.75419,-11.132307,WAL
2054717371000,267.199983,0.51002095747495,-13.6249495337341,-2.69147944709419,-1.5836681,-1.0311406,1.9401081,56.728565,78.49251,-11.465877,WAL
2054722284000,267.204896,0.673694792749028,-13.7952877512784,-2.35880151875639,-1.5766432,-1.0247264,1.8753563,56.82126,78.2254,-11.765621,WAL
2054727306000,267.209918,0.816336105052158,-13.7411823524238,-2.28502146676212,-1.5879441,-0.895223,1.7424932,56.928753,102.03575,-12.035697,WAL
2054732304000,267.214916,0.946077676594632,-13.6553384259324,-2.21833429961659,-1.5964963,-0.6973027,1.5775595,56.98477,102.266174,-12.25693,WAL
2054737320000,267.219932,1.00049426136284,-13.3706979093761,-2.1932189830603,-1.6212363,-0.46975538,1.3799446,57.092854,102.462006,-12.427863,WAL
2054742305000,267.224917,1.05457453948675,-13.0878165347682,-2.16825888476821,-1.6377298,-0.18509217,1.1368202,57.23767,102.60862,-12.533297,WAL
2054747306000,267.229918,1.1832077393441,-12.7351435564252,-2.27652840229862,-1.6462818,0.089186326,0.88606006,57.447895,102.71186,-12.578289,WAL
2054752339000,267.234951,1.32647555254137,-12.3674228924007,-2.41024503459824,-1.6108516,0.28069258,0.6817256,57.717022,102.77451,-12.566931,WAL
2054757309000,267.239921,1.42294477145065,-11.9545875049256,-2.21084204550898,-1.5415184,0.31429017,0.52412236,57.985744,102.80974,-12.510415,WAL
2054762314000,267.244926,1.51090167660807,-11.5286907181766,-1.94234177754491,-1.50731,0.14996742,0.38881573,58.249027,102.81244,-12.406279,WAL
2054767400000,267.250012,1.48701086522403,-11.0138539360489,-1.72612673455193,-1.4782939,-0.14202617,0.29932398,58.473698,102.80896,-12.275908,WAL
2054772274000,267.254886,1.4299714160387,-10.4957447580448,-1.53599492292261,-1.4682146,-0.32711834,0.25503623,58.678143,102.798546,-12.126169,WAL
2054777308000,267.25992,0.667772019791882,-9.78087188862848,-1.58279643686135,-1.459968,-0.73426,0.1441642,58.677574,102.75383,-11.951794,WAL
2054782271000,267.264883,-0.272395371735258,-9.02784655788882,-1.69419068572232,-1.4706581,-1.1291844,0.0009162979,58.624355,102.70339,-11.764877,WAL
2054787312000,267.269924,-0.831021583039419,-8.55579366698632,-1.9292410151012,-1.4990633,-1.4373659,-0.13744467,58.460934,102.64466,-11.577834,WAL
2054792292000,267.274904,-1.17524139492051,-8.24286653328623,-2.22531821461667,-1.5476271,-1.6313156,-0.24190263,58.214714,102.570885,-11.371318,WAL
2054797296000,267.279908,-1.52112009746126,-7.92843131701408,-2.52282229220209,-1.5766432,-1.7150042,-0.30482176,57.94993,102.6279,-11.304357,WAL
2054802302000,267.284914,-1.86713704089032,-7.61387042719427,-2.82044527629334,-1.5986344,-1.7272215,-0.33292156,57.651928,102.67641,-11.223931,WAL
2054807304000,267.289916,-2.11482213700757,-7.46615677568407,-2.82421299033573,-1.6022996,-1.6426166,-0.30634892,57.334217,102.741974,-11.155325,WAL
2054812321000,267.294933,-2.31995132905104,-7.3915645103823,-2.69833828098195,-1.5509869,-1.4905112,-0.21777347,57.0385,102.81414,-11.097382,WAL
2054817445000,267.300057,-2.49748881697402,-7.47430695453897,-2.46556774171167,-1.4975362,-1.3603969,-0.11301007,56.854473,103.04805,-11.17218,WAL
2054822407000,267.305019,-2.65241934243505,-7.63892078634743,-2.18475610427916,-1.457219,-1.2574661,0.0061086523,56.71714,103.30005,-11.271794,WAL
2054827310000,267.309922,-2.73090107833365,-7.81416653432387,-1.98240267602031,-1.4220943,-1.1759156,0.13713925,56.61076,103.58079,-11.424123,WAL
2054832298000,267.31491,-2.7758221601467,-7.99834306356968,-1.81170237750611,-1.3991868,-1.1383474,0.22174409,56.530746,103.86947,-11.591813,WAL
2054837310000,267.319922,-2.75734972931735,-8.15260673336187,-1.70828054684357,-1.4117095,-1.1221595,0.310625,56.372425,104.20088,-11.830361,WAL
2054842309000,267.324921,-2.68563542107854,-8.28066799807404,-1.66217843805906,-1.425454,-1.07665,0.37965274,56.244865,104.53523,-12.077606,WAL
2054847298000,267.32991,-2.46110218235402,-8.28081109135145,-1.52290919037826,-1.432479,-1.0051788,0.41355577,56.075516,104.87147,-12.343637,WAL
2054852353000,267.334965,-2.15886827127249,-8.21858637114396,-1.33623535462725,-1.4196508,-0.91782504,0.44959682,55.936165,105.21309,-12.618368,WAL
2054857309000,267.339921,-1.82841164673959,-8.13560688872528,-1.1623864455143,-1.4144585,-0.9095783,0.4972443,55.763565,105.55787,-12.900819,WAL
2054862318000,267.34493,-1.4601085376525,-8.0296567398822,-0.995893222770299,-1.4056009,-0.94959,0.5479461,55.612656,105.89903,-13.183937,WAL
2054867423000,267.350035,-1.15706995477753,-7.93639911808939,-0.917030829395007,-1.3591752,-1.0195341,0.5821546,55.397785,106.19857,-13.443952,WAL
2054872349000,267.354961,-0.9101282755909,-7.85566820625126,-0.898035337353533,-1.2892311,-1.0601566,0.5891795,55.189205,106.48832,-13.702205,WAL
2054877304000,267.359916,-0.718710824060513,-7.82144759753324,-0.988764265735209,-1.2476922,-1.1606439,0.6068946,54.899555,106.74294,-13.939973,WAL
2054882299000,267.364911,-0.56199190009154,-7.81683831665061,-1.15009258128734,-1.1496484,-1.258077,0.6059783,54.605953,106.96527,-14.167405,WAL
2054887312000,267.369924,-0.470203662199593,-7.84589749865581,-1.30128714892057,-1.0647382,-1.3377949,0.5992588,54.263725,107.16735,-14.374785,WAL
2054892307000,267.374919,-0.43610457240835,-7.90435303755601,-1.44255475212831,-0.9877691,-1.3848315,0.5870415,53.909607,107.34453,-14.574442,WAL
2054897296000,267.379908,-0.481482594072022,-7.99470768088643,-1.52108868,-0.9447031,-1.3808609,0.5739079,53.543327,107.52352,-14.749295,WAL
2054902331000,267.384943,-0.588339613370268,-8.11046944404432,-1.55225533,-0.93431836,-1.2993103,0.5589417,53.191437,107.683945,-14.911528,WAL
2054907309000,267.389921,-0.74111699363354,-8.2385225626294,-1.4866951626294,-0.95722586,-1.16492,0.5571091,52.862232,107.85428,-15.063795,WAL
2054912280000,267.394892,-0.962885499565217,-8.38636864492754,-1.27971126492754,-0.9999864,-1.0070114,0.57696223,52.569443,108.02019,-15.206924,WAL
2054917387000,267.399999,-1.17335652954412,-8.49097156212092,-1.00653069364606,-1.0812315,-0.86437434,0.591623,52.299545,108.20793,-15.356147,WAL
2054922394000,267.405006,-1.36099520156525,-8.54257177812561,-0.673471955292506,-1.16492,-0.74464476,0.61636305,52.0756,108.402695,-15.501869,WAL
2054927275000,267.409887,-1.52421513705695,-8.5433981399006,-0.396695795724925,-1.2275337,-0.6805039,0.6429357,51.83741,108.603905,-15.674375,WAL
2054932298000,267.41491,-1.6653179723295,-8.47676654901002,-0.177202531063799,-1.2892311,-0.66523224,0.69913524,51.62884,108.82297,-15.852169,WAL
2054937662000,267.420274,-1.81439302682855,-8.40406044616735,0.0488786973809245,-1.2977833,-0.6814202,0.745561,51.35782,109.03667,-16.05771,WAL
2054942308000,267.42492,-1.90985473408426,-8.30859814989272,0.070574544140433,-1.2922854,-0.72418076,0.7987063,51.09404,109.26395,-16.273252,WAL
2054947312000,267.429924,-2.01267229394383,-8.20577995562707,0.093942175906378,-1.2550226,-0.7877107,0.8527679,50.77269,109.49901,-16.523075,WAL
2054952320000,267.434932,-2.07019268902071,-8.22743793475098,-0.0526911932689424,-1.210124,-0.86193085,0.89827734,50.44673,109.73338,-16.77799,WAL
2054957298000,267.43991,-2.11024599365762,-8.2886138906208,-0.231171395627519,-1.178359,-0.9492846,0.93676186,50.10933,109.96605,-17.039482,WAL
2054962302000,267.444914,-2.0630233492072,-8.5418988613276,-0.53167877320344,-1.1392636,-1.0002918,0.95630956,49.75548,110.21559,-17.323647,WAL
2054967363000,267.449975,-2.01526279693631,-8.79806897258801,-0.835609196447192,-1.1111639,-1.0091494,0.9602802,49.394714,110.49354,-17.625208,WAL
2054972345000,267.454957,-1.93476702649704,-9.31659450252248,-1.20077071028734,-1.0818423,-1.0384709,0.9621128,49.02418,110.758965,-17.92302,WAL
2054977299000,267.459911,-1.84744410328941,-9.85805256425245,-1.54763504230655,-1.0726794,-1.0363328,0.94897914,48.66958,111.00996,-18.204536,WAL
2054982295000,267.464907,-1.70997000337858,-10.4079486668979,-1.62348276694739,-1.0537425,-1.031446,0.93615097,48.33486,111.2715,-18.475033,WAL
2054987385000,267.469997,-1.56814003693272,-10.9522049017498,-1.68640425600262,-1.0204504,-1.0546589,0.92271197,48.004143,111.528534,-18.721445,WAL
2054992308000,267.47492,-1.40932296057827,-11.2830740795359,-1.57170305466455,-0.9877691,-1.0931433,0.8943067,47.676777,111.76539,-18.950953,WAL
2054997272000,267.479884,-1.2491832150931,-11.6166988202489,-1.45604659245813,-0.94806284,-1.1343768,0.86406887,47.308086,111.953415,-19.13892,WAL
2055002312000,267.484924,-1.08125728178161,-11.7814123275862,-1.39169172162356,-0.8940013,-1.1606439,0.84696466,46.938946,112.12202,-19.315372,WAL
2055007642000,267.490254,-0.902546295809595,-11.9342925383687,-1.33630450404565,-0.788627,-1.1453724,0.818254,46.574745,112.25923,-19.47188,WAL
2055012314000,267.494926,-0.732326690294145,-11.9716577004732,-1.45670368244409,-0.63194007,-1.0940597,0.79229224,46.15578,112.327545,-19.58593,WAL
2055017325000,267.499937,-0.549755961861371,-12.0117340761808,-1.58583901698061,-0.42210788,-0.9987647,0.7501425,45.71194,112.3381,-19.662634,WAL
2055022379000,267.504991,-0.288621923562174,-11.9191718834759,-1.79172400286877,-0.20952678,-0.84391034,0.698219,45.30684,112.314384,-19.716503,WAL
2055027237000,267.509849,-0.0216881787545379,-11.8026918820154,-2.00527101006676,0.013439035,-0.6206391,0.61086524,44.953354,112.23991,-19.733852,WAL
2055032297000,267.514909,0.298665150064105,-11.4611280562801,-2.12089279965891,0.13988814,-0.35155296,0.5015204,44.648,112.13356,-19.705046,WAL
2055037249000,267.519861,0.617428337517556,-11.0995461116573,-2.22080367205056,0.14844026,-0.10751228,0.37995818,44.40079,111.98924,-19.635183,WAL
2055042307000,267.524919,0.810177019683325,-10.8678895311232,-2.36027769077684,0.0580322,0.098043874,0.26450464,44.22274,111.8246,-19.51381,WAL
2055047269000,267.529881,0.9841744478476,-10.656271156853,-2.50135665606136,-0.08032878,0.22418754,0.14569137,44.0875,111.63513,-19.349888,WAL
2055052390000,267.535002,0.900768996312828,-10.7350516161459,-2.47678185354163,-0.2519819,0.24190263,0.050396383,43.976547,111.44121,-19.143368,WAL
2055057277000,267.539889,0.787238381389482,-10.8485821362313,-2.43136964550747,-0.40042216,0.16065755,-0.0106901415,43.866154,111.2427,-18.914536,WAL
2055062325000,267.544937,0.486386131669933,-11.0445248671109,-2.21699886813015,-0.5369505,0.023823744,-0.064446285,43.759846,111.048965,-18.656166,WAL
2055067327000,267.549939,0.148378557180321,-11.2557794645237,-1.96818775078401,-0.6603453,-0.052839845,-0.1020145,43.640915,110.86462,-18.389624,WAL
2055072345000,267.554957,-0.254589594094621,-11.3240111747403,-1.62701904504782,-0.70280045,-0.19730948,-0.124311075,43.41747,110.70048,-18.15149,WAL
2055077239000,267.559851,-0.66432483458377,-11.3529337432891,-1.27030835618636,-0.75136423,-0.32650748,-0.16371189,43.170002,110.54265,-17.904385,WAL
2055082298000,267.56491,-0.946050392429977,-11.3656799269493,-0.952520756907646,-0.7287622,-0.40469822,-0.1908954,42.840946,110.396996,-17.704317,WAL
2055087328000,267.56994,-1.1967528651779,-11.3747965639667,-0.64711955677517,-0.643852,-0.45020768,-0.20066923,42.48274,110.244675,-17.505249,WAL
2055092305000,267.574917,-1.38456920349964,-11.5401826315682,-0.41980632553821,-0.5027421,-0.45753807,-0.18203785,42.05486,110.11026,-17.370396,WAL
2055097331000,267.579943,-1.55154429751046,-11.7660900755025,-0.218453986380982,-0.34697145,-0.44806966,-0.15363261,41.62428,109.96107,-17.236654,WAL
2055102372000,267.584984,-1.49722992690436,-12.1582535133578,-0.0946657209593803,-0.20830505,-0.44440445,-0.11026118,41.162815,109.808685,-17.139427,WAL
2055107333000,267.589945,-1.37926755565597,-12.5923550553183,0.00442269848048466,-0.076052725,-0.42119157,-0.09101892,40.719227,109.63724,-17.039968,WAL
2055112293000,267.594905,-0.970546283170684,-13.4793182562208,0.342313138849145,0.036651913,-0.35521814,-0.1020145,40.263683,109.449684,-16.951105,WAL
2055117449000,267.600061,-0.4473927131007,-14.5544224381804,0.774274800186625,0.1685988,-0.30115658,-0.15760323,39.821613,109.238235,-16.851866,WAL
2055122334000,267.604946,-0.105772319240133,-15.0045987384729,0.875205705355957,0.321926,-0.2938262,-0.22479841,39.34641,108.96516,-16.711985,WAL
2055127299000,267.609911,0.179240126776097,-15.2326091751199,0.853281659072298,0.46822822,-0.30634892,-0.29901853,38.89044,108.66708,-16.552008,WAL
2055132296000,267.614908,0.451798380523182,-15.4032716401531,0.677712855123352,0.61636305,-0.31703907,-0.37293324,38.311207,108.1931,-16.259398,WAL
2055137320000,267.619932,0.712730719034453,-15.5209467128881,0.36050098371544,0.77824235,-0.31703907,-0.44501534,37.747196,107.69859,-15.9506645,WAL
2055142306000,267.624918,0.886357007604454,-15.4709553007457,0.0568347086658494,0.95417154,-0.27916542,-0.52473325,37.179832,107.13542,-15.575737,WAL
2055147296000,267.629908,1.01328470497906,-15.3293823382368,-0.240957118681173,1.112691,-0.23335053,-0.6270532,36.629364,106.5522,-15.180129,WAL
2055152350000,267.634962,1.02774544148484,-14.9665050851516,-0.364104500716355,1.2757921,-0.2098322,-0.7440339,36.0865,105.9425,-14.74719,WAL
2055157310000,267.639922,0.991058057820043,-14.5124989217996,-0.405377782199266,1.4413365,-0.21319197,-0.88300574,35.559837,105.30487,-14.285536,WAL
2055162303000,267.644915,0.85490988211978,-13.8743012556659,-0.43839221188157,1.6093245,-0.23182335,-1.0076222,35.067562,104.654655,-13.797829,WAL
2055167366000,267.649978,0.653833879602662,-13.1120826945704,-0.466449332486257,1.777007,-0.26450464,-1.146594,34.57665,103.97061,-13.274582,WAL
2055172360000,267.654972,0.433624469675327,-12.3423030646766,-0.54697737016768,1.8912388,-0.28619036,-1.2040154,34.093735,103.32072,-12.776045,WAL
2055177302000,267.659914,0.19815890112401,-11.5661386069652,-0.669070609351391,2.1227567,-0.25534168,-1.2886202,33.622314,102.62919,-12.236093,WAL
2055182290000,267.664902,-0.155602051682472,-10.8936797099335,-0.745106770928985,2.4013114,-0.13958271,-1.350623,33.21005,101.99952,-11.740698,WAL
2055187317000,267.669929,-0.713358072768505,-10.4082253074448,-0.739942366981334,2.6988027,0.034513887,-1.3997977,32.830036,101.369934,-11.228852,WAL
2055192308000,267.67492,-1.31835207631862,-10.2962316813778,-0.604637709472551,2.9840767,0.23487769,-1.4223998,32.545727,100.82475,-10.771513,WAL
2055197292000,267.679904,-1.97226267946962,-10.5437841667482,-0.343073468212154,3.2317827,0.38148534,-1.457219,32.300285,100.3058,-10.301029,WAL
2055202363000,267.684975,-2.59131112097351,-10.9793601803865,-0.152454261603436,3.3808336,0.48349985,-1.5225816,32.152485,80.08447,-9.905245,WAL
2055207311000,267.689923,-3.14372023110748,-11.6092999320994,-0.0506946924123121,3.4324517,0.56199604,-1.5668694,32.044052,80.408844,-9.51217,WAL
2055212313000,267.694925,-3.67175623824579,-12.2530150884539,-0.0770548552368682,3.3835826,0.6420194,-1.5677856,32.02296,80.57447,-9.2067375,WAL
2055217375000,267.699987,-4.17623280032706,-12.9112368818137,-0.230800096549058,3.2607987,0.6951646,-1.5338826,32.02006,80.670074,-8.90784,WAL
2055222341000,267.704953,-4.67216305837803,-13.4587145957555,-0.433584746253005,3.091589,0.68019843,-1.4816537,32.065834,80.6405,-8.687927,WAL
2055227302000,267.709914,-5.16862056783799,-13.9068444232476,-0.688403607320141,2.92299,0.58184916,-1.4205672,32.102993,80.56125,-8.486828,WAL
2055232302000,267.714914,-5.63854201562135,-14.31913197591,-1.00697840685557,2.747061,0.41691554,-1.3680327,32.179436,80.40993,-8.362838,WAL
2055237317000,267.719929,-6.04629062742227,-14.6504279957551,-1.45550184790406,2.6126707,0.20647246,-1.2935071,32.210197,80.23358,-8.261607,WAL
2055242284000,267.724896,-6.4856226209198,-14.8774271416153,-2.06782216702187,2.5344799,0.04428773,-1.2131784,32.275925,80.00348,-8.248521,WAL
2055247298000,267.72991,-6.97487044342868,-14.9761740705739,-2.90268550633763,2.4920247,0.016798794,-1.1701124,32.314636,79.777885,-8.240354,WAL
2055252329000,267.734941,-7.36763543522212,-15.0930300144561,-3.58477945619922,2.4669793,0.18448131,-1.1765264,32.421944,79.53412,-8.294955,WAL
2055257311000,267.739923,-7.53377286027224,-15.2490990367205,-3.90698527268123,2.4327707,0.4804455,-1.2263119,32.55301,79.30609,-8.3449545,WAL
2055262284000,267.744896,-7.49409597835327,-15.2660892386083,-4.09317635259464,2.4000895,0.5983425,-1.3704761,32.773174,79.09221,-8.450017,WAL
2055267393000,267.750005,-7.14105281704062,-15.0726405920727,-4.07866779247801,2.3585508,0.6951646,-1.459357,33.062572,78.8955,-8.554756,WAL
2055272281000,267.754893,-6.63685381985117,-14.660472353919,-3.81179201485455,2.1945333,0.8405506,-1.5598444,33.438015,78.76257,-8.634166,WAL
2055277305000,267.759917,-5.84634851705808,-13.8653174112303,-3.12358743257949,1.8622227,0.9120218,-1.5793921,33.80794,78.677795,-8.70301,WAL
2055282267000,267.764879,-5.04051533642437,-13.1247464434141,-2.60471960085751,1.6325374,0.8023715,-1.5164729,34.15328,78.63331,-8.7111435,WAL
2055287317000,267.769929,-4.16285625376408,-12.4737350265231,-2.44558367254961,1.534188,0.7254025,-1.4450017,34.51705,78.63048,-8.71589,WAL
2055292264000,267.774876,-3.31487873933943,-11.910066113459,-2.33265810117076,1.5222762,0.68875057,-1.3613132,34.801987,78.66058,-8.620309,WAL
2055297295000,267.779907,-2.48021979722064,-11.5110809010089,-2.31889985334095,1.6102408,0.7165449,-1.2983941,35.074486,78.677246,-8.541811,WAL
2055302352000,267.784964,-1.70102820728089,-11.1581097942612,-2.26580918468671,1.7168368,0.8491027,-1.2742649,35.31299,78.73761,-8.36251,WAL
2055307311000,267.789923,-1.1540846772399,-10.9866104796018,-2.0711344583252,1.8011361,1.0580186,-1.2675453,35.575054,78.77019,-8.206741,WAL
2055312301000,267.794913,-0.647902188181193,-10.8287768633316,-1.8654375494241,1.8613064,1.2244794,-1.3130548,35.86058,78.833694,-7.9230156,WAL
2055317415000,267.800027,-0.374270901495616,-10.7487924791129,-1.60022570283651,1.920255,1.3600914,-1.3521502,36.1913,78.866425,-7.658578,WAL
2055322311000,267.804923,-0.112303991129448,-10.672217675606,-1.34631932800413,1.9538525,1.4819591,-1.3600914,36.547768,78.90094,-7.314296,WAL
2055327308000,267.80992,0.10837906335654,-10.5810230723671,-1.38040872763287,2.0167716,1.7076738,-1.3313808,36.966774,78.898895,-6.9896584,WAL
2055332275000,267.814887,0.318279042937831,-10.4877342596588,-1.47369754034124,2.0546453,1.9269744,-1.2751812,37.411312,78.87455,-6.6862273,WAL
2055337394000,267.820006,0.405425624153741,-10.4599035199493,-1.55058221282802,2.1084013,2.0971005,-1.2345587,37.88747,78.80149,-6.3517814,WAL
2055342281000,267.824893,0.45564709823627,-10.4507726340845,-1.61906604979026,2.160325,2.2208006,-1.2076806,38.40334,78.695305,-6.048655,WAL
2055347330000,267.829942,0.455140553236313,-10.3000054102564,-1.68706429473319,2.1471913,2.257147,-1.1585059,38.95269,78.56935,-5.742362,WAL
2055352276000,267.834888,0.436383250977131,-10.1030531538462,-1.75271486732997,2.0561724,2.2736404,-1.0937542,39.521893,78.4306,-5.4641037,WAL
2055357330000,267.839942,0.338083017067513,-9.70553457896302,-1.87834148541687,1.988061,2.2800546,-1.0076222,40.108246,78.26768,-5.2061367,WAL
2055362339000,267.844951,0.209680512455636,-9.23472532586498,-2.02576657999405,1.9193386,2.2678373,-0.9254609,40.68352,78.112724,-4.9753714,WAL
2055367529000,267.850141,-0.0102787414298588,-8.77920411354761,-2.37302572297987,1.892155,2.2782218,-0.8677341,41.28837,77.93788,-4.7768235,WAL
2055372290000,267.854902,-0.243116831300691,-8.37287872093722,-2.76108931733253,1.8115209,2.3426683,-0.8384125,41.895435,77.786934,-4.604246,WAL
2055377305000,267.859917,-0.448942831987097,-7.97513846917734,-2.80714849964972,1.8081611,2.3634377,-0.7654142,42.519085,77.59971,-4.491611,WAL
2055382297000,267.864909,-0.637216893916606,-7.59196771949892,-2.70023909620233,1.8032742,2.31915,-0.7110472,43.135437,77.43611,-4.3889456,WAL
2055417324000,267.899936,-1.958265685424,-4.90340164398092,-1.95009573190913,1.3600914,1.9187278,-0.6743952,47.61724,76.550995,-4.775369,WAL
2055422330000,267.904942,-2.14706775954642,-4.51915629684748,-1.8428865024104,1.2834278,1.8826867,-0.66156703,48.229633,76.461266,-4.9294505,WAL
2055427422000,267.910034,-2.2724518038,-4.1734288014,-1.7051312931,1.1887437,1.8417587,-0.6646214,48.825775,76.36711,-5.106179,WAL
2055432448000,267.91506,-2.35427799888,-3.86056402064,-1.55110555256,1.10139,1.8121318,-0.66675943,49.410034,76.299034,-5.285954,WAL
2055437322000,267.919934,-2.43735576453252,-3.63614025995935,-1.31235340168699,1.0021244,1.8069394,-0.66920286,50.069763,76.18523,-5.4752126,WAL
2055442311000,267.924923,-2.52475569285569,-3.45648464611789,-1.01130885710772,0.8949176,1.8234328,-0.6759224,50.72125,76.10752,-5.661829,WAL
2055447285000,267.929897,-2.58104193052969,-3.28804269474317,-0.713952064734155,0.77549344,1.822211,-0.6844745,51.382004,76.035065,-5.8438005,WAL
2055452308000,267.93492,-2.61957558809452,-3.12427509017723,-0.415317166674677,0.634689,1.8112154,-0.6985244,52.04085,76.00442,-6.023425,WAL
2055457310000,267.939922,-2.64864526743841,-3.02551753603443,-0.138197105467498,0.48533243,1.7996091,-0.7107417,52.7045,75.966866,-6.2002845,WAL
2055462354000,267.944966,-2.67254225922628,-2.96338540729198,0.129449392199466,0.3378085,1.7901406,-0.70646566,53.361744,75.96885,-6.378058,WAL
2055467380000,267.949992,-2.69353547274549,-2.94609446777555,0.362168357831663,0.2507602,1.7638733,-0.70707655,54.043396,75.93669,-6.533316,WAL
2055472321000,267.954933,-2.71250089228457,-2.95557722705411,0.570789230290581,0.083383106,1.7302758,-0.7031059,54.716537,75.96325,-6.690367,WAL
2055477306000,267.959918,-2.70559782775904,-2.98766370385542,0.753572413253012,-0.05681047,1.672549,-0.68630713,55.36651,75.96796,-6.8395987,WAL
2055482305000,267.964917,-2.68252586476145,-3.03380772621687,0.919690990120482,-0.16768251,1.6013832,-0.66767573,55.999763,76.0067,-6.9876924,WAL
2055487311000,267.969923,-2.63486449385902,-3.09471337405896,1.04099488225033,-0.29016098,1.5344934,-0.6426302,56.60724,76.05147,-7.133671,WAL
2055492305000,267.974917,-2.56656167353871,-3.16789495998164,1.12393394843415,-0.3933972,1.4410311,-0.61575216,57.18268,76.11455,-7.2791157,WAL
2055497284000,267.979896,-2.45451871052632,-3.19327705087719,1.12922312982456,-0.49632803,1.3274102,-0.5888741,57.721615,76.18312,-7.410587,WAL
2055502344000,267.984956,-2.30810376374269,-3.18383092846004,1.07726945653021,-0.5867361,1.2195925,-0.5537493,58.230377,76.2659,-7.5459213,WAL
2055507308000,267.98992,-2.14049232765873,-3.13679565400794,0.993160500857143,-0.67103547,1.1172725,-0.5198463,58.70146,76.3589,-7.6607447,WAL
2055512352000,267.994964,-1.94880416484127,-3.05532809849206,0.878147573142857,-0.7507534,1.0262536,-0.47433686,59.13935,76.46172,-7.781914,WAL
2055517344000,267.999956,-1.81011296905287,-2.99996839785049,0.766260322863449,-0.8393288,0.9468411,-0.42424592,59.54894,76.58941,-7.876581,WAL
2055522351000,268.004963,-1.71808521234047,-2.96775874786489,0.65582701480856,-0.91690874,0.8863655,-0.37507126,59.932922,76.7219,-7.978362,WAL
2055527309000,268.009921,-1.67453782258048,-2.96906839996517,0.645867647356322,-1.0118983,0.8268061,-0.31123585,60.292797,76.88714,-8.05523,WAL
2055532316000,268.014928,-1.69362566160123,-3.01440206746778,0.767552710804598,-1.1093313,0.7629707,-0.2556471,60.63028,77.05854,-8.138848,WAL
2055537295000,268.019907,-1.71260675816291,-3.05948222135145,0.888557290574713,-1.2226468,0.6872234,-0.21166481,60.95066,77.25784,-8.216665,WAL
2055542308000,268.02492,-1.73171747056775,-3.10487021320098,1.01038817195402,-1.3292428,0.59864795,-0.15271631,61.2447,77.45693,-8.308942,WAL
2055547270000,268.029882,-1.76750474800353,-3.18821421578534,1.18782941179241,-1.4587462,0.48808134,-0.10262536,61.52681,77.66376,-8.398347,WAL
2055552286000,268.034898,-1.82877076154224,-3.32959725959973,1.4517444826842,-1.5845845,0.36071593,-0.047036625,61.775322,77.86995,-8.499155,WAL
2055557236000,268.039848,-1.89446777284146,-3.54037711897933,1.76692790943527,-1.7128662,0.31337386,-0.019547688,61.99767,78.06245,-8.594218,WAL
2055562364000,268.044976,-1.97218093664326,-3.89008633072891,2.19435033570369,-1.7785342,0.20647246,0.06261369,62.161297,78.2332,-8.71033,WAL
2055567349000,268.049961,-2.06072436051019,-4.39165555487651,2.67518260145124,-1.8863518,0.11301007,0.16615535,62.29292,78.38645,-8.831131,WAL
2055572319000,268.054931,-2.17227245795024,-5.18107316998378,3.27153605530016,-1.9737056,0.03481932,0.2666427,62.394417,78.51717,-8.968428,WAL
2055577288000,268.0599,-2.25138863976424,-6.10217199834971,3.89934825422397,-2.0265455,-0.003970624,0.3943135,62.44188,78.58328,-9.122882,WAL
2055582301000,268.064913,-2.10519375256385,-7.95083068294695,4.75293806031434,-2.019826,-0.04886922,0.52442783,62.46011,78.61857,-9.300244,WAL
2055587291000,268.069903,-1.91095156842333,-9.83513254735652,5.67072494533974,-1.9434677,0.03726278,0.63071835,62.462498,78.567535,-9.475021,WAL
2055592311000,268.074923,-1.22228068036377,-12.1775196154934,7.28366480699274,-1.7443258,0.13988814,0.70280045,62.450768,78.4707,-9.670289,WAL
2055597822000,268.080434,-0.412680479568902,-14.6721881451292,9.07717670995082,-1.3756685,0.14966199,0.7058548,62.41,78.342926,-9.724365,WAL
2055602356000,268.084968,0.8640140002009,-15.8489279025845,10.8127541463848,-0.7654142,-0.0033597588,0.5879578,62.35081,78.16404,-9.760833,WAL
2055607374000,268.089986,2.28824274058646,-17.0975973721568,12.5560388755824,0.062308256,-0.23426682,0.23060162,62.173805,77.95856,-9.462851,WAL
2055612375000,268.094987,3.85013347958345,-17.6619776048232,12.0441588640723,0.84482664,-0.23579398,-0.29840767,62.04094,77.684074,-9.114224,WAL
2055617354000,268.099966,5.40515327351786,-18.2238750610213,11.5345306742487,1.3292428,0.11636983,-0.68508536,61.787933,77.28359,-8.490358,WAL
2055622395000,268.105007,6.01203097010075,-18.5911121286968,9.97135178258043,1.5833627,0.64934975,-0.75747293,61.628883,76.7212,-7.8828626,WAL
2055627572000,268.110184,6.39126196630122,-18.8015804424874,8.26892422142344,1.5723672,1.1157454,-0.73639804,61.58915,76.09314,-7.2705927,WAL
2055632308000,268.11492,5.49458093107477,-17.4198762757009,7.2621956635514,1.4199562,1.3949108,-0.7425067,61.67348,75.5777,-6.496627,WAL
2055637279000,268.119891,4.55340664346693,-15.9696120415169,6.20551330265996,1.212262,1.5409076,-0.74006325,61.928814,75.23223,-5.7920732,WAL
2055642306000,268.124918,3.30043538686441,-13.7075269110169,5.45902326652542,0.96974856,1.59558,-0.7125743,62.230423,74.89107,-5.160331,WAL
2055647268000,268.12988,1.98658477955508,-11.2711139502119,4.8046151003178,0.73945236,1.5876387,-0.70341134,62.550182,74.57417,-4.5777154,WAL
2055652320000,268.134932,0.800115059838057,-8.95231723137652,4.60331711546559,0.48838675,1.5109752,-0.68783426,62.931534,74.365944,-4.1608496,WAL
2055657253000,268.139865,-0.34269168048583,-6.70495676912955,4.45508685639676,0.25809056,1.452943,-0.66339964,63.303825,74.20351,-3.7717903,WAL
2055662376000,268.144988,-1.02669863056068,-5.12366499578272,4.31125106935186,0.12644911,1.3341297,-0.58032197,63.64682,74.044975,-3.56115,WAL
2055667307000,268.149919,-1.64618522524536,-3.65984117718395,4.1735873337285,-0.10476339,1.2113458,-0.4605924,63.956036,73.97365,-3.3722553,WAL
2055672310000,268.154922,-2.13133078955827,-2.96699884629536,3.77429753472152,-0.29993483,1.1169671,-0.30726522,64.220505,73.85253,-3.3413115,WAL
2055677243000,268.159855,-2.58976296134641,-2.39395866895785,3.34451740171839,-0.46822822,1.0989466,-0.11728613,64.45445,73.780594,-3.351625,WAL
2055682303000,268.164915,-2.87335833420694,-2.63683336813133,3.00567575415043,-0.65087694,1.0983357,0.06352998,64.669785,73.7084,-3.467643,WAL
2055687250000,268.169862,-3.12722672003118,-2.97840178823071,2.68718640966485,-0.8258898,1.0149527,0.21166481,64.84349,73.66764,-3.6201372,WAL
2055692306000,268.174918,-3.27456565525818,-3.73614857258979,2.72216575612377,-0.9831876,0.7470882,0.32620203,64.98718,73.68468,-3.8619528,WAL
2055697259000,268.179871,-3.39726808695652,-4.55731103043478,2.82599085652174,-1.1319333,0.32559118,0.38026363,65.05679,73.733604,-4.111069,WAL
2055702433000,268.185045,-3.46317387260649,-5.88499825252052,3.11788122032044,-1.2238685,-0.20677789,0.40286562,65.04913,73.850586,-4.3905315,WAL
2055707291000,268.189903,-3.51317045705354,-7.22127131236811,3.42695115746385,-1.269378,-0.8173377,0.42058071,64.89809,73.98065,-4.64699,WAL
2055712374000,268.194986,-3.70354560873796,-9.0727794270724,3.45894651103692,-1.2024882,-1.3784174,0.46211955,64.617386,74.10873,-4.888929,WAL
2055717426000,268.200038,-3.92969458395497,-11.0342754144806,3.41279369829247,-1.070236,-1.7403551,0.51923543,64.220505,74.21689,-5.110419,WAL
2055722402000,268.205014,-4.23541466367208,-13.0861871681002,2.7174303508336,-0.91324353,-1.8356501,0.5882632,63.742737,74.3005,-5.3092175,WAL
2055727288000,268.2099,-4.56833192685569,-15.1482872265053,1.77830529837528,-0.7257079,-1.670411,0.66981375,63.236187,74.32436,-5.517131,WAL
2055732303000,268.214915,-4.98950021177676,-16.3425820084886,1.46912826192799,-0.44165558,-1.4538593,0.6771441,62.773113,74.36348,-5.719905,WAL
2055737336000,268.219948,-5.43157317012392,-17.3160832444141,1.31863527620256,0.042455133,-1.2049317,0.6441574,62.369408,74.287704,-5.939214,WAL
2055742299000,268.224911,-4.93455001383447,-17.9211421118553,1.61990954690124,0.63438356,-1.0833695,0.52015173,62.12379,74.30931,-6.1477,WAL
2055747289000,268.229901,-4.14158215057977,-18.4179409053379,2.06416280239904,1.0366384,-1.1749994,0.23304509,61.906746,74.26722,-6.2915864,WAL
2055752356000,268.234968,-2.5067934335706,-15.4309225997666,0.710091780396733,1.0861185,-1.2357804,-0.13927728,61.781857,74.22789,-6.419187,WAL
2055757311000,268.239923,-0.647245562246208,-11.4119001289382,-1.18175593586153,0.81214535,-1.1859949,-0.31215215,61.667305,74.17636,-6.513529,WAL
2055762351000,268.244963,-0.102892255848091,-8.74631252863046,-1.99639011008461,0.56688297,-0.8866709,-0.5143485,61.61006,74.15199,-6.383561,WAL
2055767389000,268.250001,-0.126626985631641,-6.68139127538371,-2.34291712328808,-0.038789943,-0.5314528,-0.5693264,61.58111,74.28929,-6.2593327,WAL
2055772387000,268.254999,-0.314431486567025,-5.26916696461467,-2.18571354368052,-0.6261369,-0.41630468,-0.5830709,61.590458,74.63116,-5.9671946,WAL
2055777305000,268.259917,-0.574013495796357,-4.16924333218122,-1.80294006777207,-1.0757337,-0.5296202,-0.5375614,61.63286,75.08484,-5.696897,WAL
2055782302000,268.264914,-0.991767556937749,-3.38080149292601,-1.66593880871935,-1.3445144,-0.7641924,-0.40866885,61.672356,75.5993,-5.4783516,WAL
2055787320000,268.269932,-1.55079731579333,-2.88724364469713,-1.75659232861035,-1.5494597,-1.0372492,-0.28221974,61.670795,76.19854,-5.27316,WAL
2055792309000,268.274921,-2.02968799419289,-2.6585720435533,-2.11253075433503,-1.7009543,-1.2852604,-0.19792034,61.578724,76.73662,-5.124041,WAL
2055797292000,268.279904,-2.4608747748731,-2.59074481345178,-2.63092367741117,-1.8127426,-1.4825699,-0.11728613,61.42577,77.29188,-5.0039225,WAL
2055802319000,268.284931,-2.78056844767407,-2.64655814755556,-3.11702203253333,-1.8842138,-1.6285667,-0.03634648,61.157986,77.867516,-4.985444,WAL
2055807311000,268.289923,-3.03554136808889,-2.76932289066667,-3.5797507024,-1.9404135,-1.7373008,0.067500606,60.84285,78.44515,-4.9930263,WAL
2055812290000,268.294902,-3.30855648928434,-2.96969067624086,-3.9966880665833,-1.9620992,-1.8460348,0.1994475,60.508286,79.05701,-5.092708,WAL
2055817379000,268.299991,-3.59921196341862,-3.22284243298384,-4.3951673890631,-1.9550742,-1.9620992,0.3484986,60.137035,79.63581,-5.2284136,WAL
2055822393000,268.305005,-3.75295528250117,-3.54582725002333,-4.67593948618759,-1.9416351,-2.05098,0.5183192,59.772552,80.210335,-5.4498363,WAL
2055827304000,268.309916,-3.80123799785348,-3.91892029706953,-4.86468083483901,-1.9205604,-2.069917,0.66431594,59.393345,80.71089,-5.7124047,WAL
2055832316000,268.314928,-3.78498093552632,-4.33804115263158,-4.91132674671053,-1.9092593,-2.0027218,0.7761043,59.04783,81.14916,-6.060642,WAL
2055837320000,268.319932,-3.67127388643227,-4.81354333830889,-4.74076628100733,-1.8897116,-1.919644,0.88422745,58.702,81.461205,-6.4552717,WAL
2055842309000,268.324921,-3.61483280711023,-5.39443729737835,-4.50009876107249,-1.8716911,-1.847562,1.0082331,58.402607,81.65594,-6.893705,WAL
2055847283000,268.329895,-3.60537203189672,-6.06142249326713,-4.20208404548163,-1.8387043,-1.8234328,1.149343,58.11824,81.69225,-7.372413,WAL
2055852325000,268.334937,-3.57324386750196,-6.84795674909945,-4.03293051996868,-1.7959439,-1.8084666,1.2980887,57.861397,81.58609,-7.860578,WAL
2055857310000,268.339922,-3.52183971470243,-7.72182622438332,-3.98152646476116,-1.738217,-1.7504344,1.3713925,57.634182,81.34885,-8.368397,WAL
2055862297000,268.344909,-3.34248931898561,-8.58018193557231,-4.05115991034955,-1.7073684,-1.6511687,1.534188,57.44169,80.96649,-8.913014,WAL
2055867394000,268.350006,-3.02226321967101,-9.44049095593851,-4.25189866513267,-1.6200147,-1.5097535,1.6997325,57.291233,80.49259,-9.474667,WAL
2055872423000,268.355035,-2.71312140861144,-10.3129079010727,-4.25243032139452,-1.5470163,-1.3292428,1.8848248,57.242443,79.97037,-10.028354,WAL
2055877348000,268.35996,-2.41798393518077,-11.1936356523639,-4.03224848140644,-1.4340062,-1.1407908,2.0803015,57.251263,100.62981,-10.621307,WAL
2055882304000,268.364916,-2.1102578573807,-12.060043759849,-3.83518717289711,-1.3295482,-1.0115929,2.2262983,57.4437,101.15367,-11.113517,WAL
2055887349000,268.369961,-1.7828888280031,-12.9158800796632,-3.66682598569354,-1.2727377,-0.91446525,2.2944098,57.692,101.71679,-11.627256,WAL
2055892273000,268.374885,-1.42976411795206,-13.6325515722596,-3.60406430309899,-1.2611313,-0.79137594,2.2928827,57.9686,102.226265,-12.080807,WAL
2055897291000,268.379903,-1.01045730022064,-14.153070307592,-3.71973506607161,-1.2834278,-0.62796944,2.2311852,58.290703,102.73685,-12.525533,WAL
2055902295000,268.384907,-0.531292175409947,-14.4441822015451,-3.85746738731048,-1.3304645,-0.36896262,2.1120665,58.629723,103.172035,-12.888048,WAL
2055907342000,268.389954,0.0568393551173346,-14.3461602497344,-4.03484036405601,-1.3854424,-0.063224554,1.9526308,59.03133,103.58257,-13.213069,WAL
2055912263000,268.394875,0.606417187179308,-14.1197116359015,-4.11021874418419,-1.4401149,0.29626966,1.7513506,59.448215,103.94746,-13.4614725,WAL
2055917411000,268.400023,1.1223792046377,-13.5595242654241,-3.94805936102861,-1.5085317,0.61636305,1.5357152,59.941654,104.27843,-13.653225,WAL
2055922243000,268.404855,1.5421517452476,-13.0037814398962,-3.65277067035743,-1.5757269,0.81092364,1.3048081,60.462067,104.54642,-13.738103,WAL
2055927350000,268.409962,1.82048630455272,-12.3396848222843,-2.97402492713658,-1.6603317,0.79809546,1.039998,61.00841,104.77334,-13.750603,WAL
2055932287000,268.414899,2.00839181255463,-11.650753101907,-2.28737857399682,-1.7675385,0.5271767,0.77549344,61.442924,104.9687,-13.695355,WAL
2055937354000,268.419966,1.99875223257847,-10.8265684100119,-1.50657209264998,-1.890017,0.029932396,0.5555819,61.79907,105.14041,-13.588142,WAL
2055942289000,268.424901,1.87633192037799,-10.0774079787612,-0.939226883736901,-2.005776,-0.61666846,0.3539964,61.928097,105.24432,-13.42893,WAL
2055947335000,268.429947,1.45132171165793,-9.4534569538735,-0.871406084855913,-2.0754147,-1.2333369,0.15485434,61.91336,105.32232,-13.230132,WAL
2055952329000,268.434941,1.01972980783563,-8.86055064568436,-0.870670515030718,-2.065641,-1.4874569,-0.02565634,61.72546,105.346794,-13.028638,WAL
2055957344000,268.439956,0.521507251002115,-8.41069923617686,-1.26247659017424,-2.0451767,-1.8411479,-0.10415252,61.328934,105.36539,-12.832359,WAL
2055962320000,268.444932,0.0364459171263911,-8.01022724501192,-1.66613786072138,-1.926669,-2.0195205,-0.21288654,60.90397,105.39215,-12.663097,WAL
2055967411000,268.450023,-0.409252456430843,-7.85035719844992,-2.16028158122019,-1.7944167,-2.0485365,-0.28680122,60.42261,105.40697,-12.493459,WAL
2055972452000,268.455064,-0.840266840525518,-7.72966398494189,-2.60961430520465,-1.6355917,-1.9871446,-0.30848694,59.96251,105.498985,-12.397106,WAL
2055977349000,268.459961,-1.20994990748863,-7.79127789542193,-2.85606974916625,-1.5134187,-1.8994855,-0.29871312,59.504864,105.56593,-12.291335,WAL
2055982323000,268.464935,-1.55139504812975,-7.86278528638223,-3.03744559906487,-1.4101825,-1.817935,-0.28802297,59.122562,105.708626,-12.25307,WAL
2055987351000,268.469963,-1.72494181154296,-7.98004651373466,-2.87327988077148,-1.3820826,-1.8484782,-0.22632557,58.74163,105.8552,-12.23511,WAL
2055992307000,268.474919,-1.88360351323304,-8.09642763760061,-2.74651922611154,-1.4132367,-1.8945986,-0.14446963,58.450943,106.03643,-12.27078,WAL
2055997288000,268.4799,-1.94302542090839,-8.21984246071292,-2.90193029216175,-1.4526376,-1.8377881,-0.06780604,58.19015,106.22245,-12.3186655,WAL
2056002579000,268.485191,-1.99175357669427,-8.34705227813554,-3.03992588376776,-1.4566082,-1.6533068,0.010079277,57.86981,106.45196,-12.449397,WAL
2056007346000,268.489958,-1.87042385176326,-8.41705014014106,-2.85326482096494,-1.4553864,-1.4569136,0.09254608,57.58221,106.69655,-12.59454,WAL
2056012466000,268.495078,-1.73131724477965,-8.48735951582372,-2.63129919257616,-1.473407,-1.269378,0.1704314,57.342003,106.99054,-12.763334,WAL
2056017331000,268.499943,-1.52001949805777,-8.51032665177955,-2.22707731196885,-1.5418239,-1.1227703,0.2312125,57.158005,107.299095,-12.937134,WAL
2056022482000,268.505094,-1.29148262992002,-8.53943931104967,-1.79322515718574,-1.5971072,-1.0338894,0.27275133,56.961975,107.59654,-13.106162,WAL
2056027346000,268.509958,-1.01549805956354,-8.62683425288832,-1.31025222390244,-1.6417004,-1.0091494,0.29871312,56.798607,107.90621,-13.278841,WAL
2056032638000,268.51525,-0.720881953228477,-8.71764937757542,-0.791918744455482,-1.643533,-1.0607675,0.30879238,56.562492,108.16006,-13.438646,WAL
2056037351000,268.519963,-0.52160827615894,-8.75086189551141,-0.409977519234731,-1.6218473,-1.1527027,0.29718593,56.32748,108.41042,-13.596137,WAL
2056042316000,268.524928,-0.311679609354305,-8.78585025781825,-0.00761422977557027,-1.5473217,-1.2342533,0.30085114,55.99231,108.571144,-13.731547,WAL
2056047329000,268.529941,-0.2378240375,-8.795499,0.0973642025,-1.4523321,-1.278541,0.2996294,55.645164,108.71226,-13.860143,WAL
2056052291000,268.534903,-0.190793043503563,-8.80020170308789,0.144395196496437,-1.3093897,-1.2730432,0.29840767,55.293903,108.82303,-13.985673,WAL
2056057344000,268.539956,-0.225472030137316,-8.81690811997595,0.034557901740002,-1.2321151,-1.2244794,0.2929099,54.862988,108.850494,-14.096188,WAL
2056062260000,268.544872,-0.277378954154555,-8.83578374671745,-0.10700644589556,-1.0818423,-1.133155,0.30207285,54.451183,108.83479,-14.198654,WAL
2056067417000,268.550029,-0.379098250714498,-8.86733005198142,-0.253806677744836,-0.9416488,-1.029308,0.3182608,54.033554,108.80456,-14.290044,WAL
2056072244000,268.554856,-0.484170549220279,-8.89930827107422,-0.390857510178871,-0.84207773,-0.90041536,0.3390302,53.654392,108.753685,-14.36976,WAL
2056077346000,268.559958,-0.840099716545169,-8.78551070360572,-0.508290453899667,-0.7690793,-0.816116,0.36102137,53.295723,108.71768,-14.455348,WAL
2056082265000,268.564877,-1.24628547160494,-8.63780719753087,-0.614452604938272,-0.745561,-0.7516697,0.39400807,52.974003,108.67759,-14.536049,WAL
2056087348000,268.56996,-1.42630357635375,-8.54570604387352,-0.681441805602767,-0.7535023,-0.6924158,0.4373795,52.670017,108.67948,-14.640238,WAL
2056092287000,268.574899,-1.52445541559289,-8.47559762213439,-0.73285469701581,-0.77579886,-0.64965516,0.48838675,52.386326,108.686516,-14.745984,WAL
2056097284000,268.579896,-1.57885394782224,-8.50429061213253,-0.798387046911808,-0.8258898,-0.63255095,0.5403103,52.133442,108.77903,-14.92268,WAL
2056102287000,268.584899,-1.61653970568282,-8.57024059001082,-0.869047921602596,-0.8622363,-0.63163465,0.5946773,51.897266,108.88136,-15.104074,WAL
2056107343000,268.589955,-1.58714785132216,-8.62448701090028,-0.934961388409366,-0.9077458,-0.64599,0.634689,51.658,109.032265,-15.3127575,WAL
2056112299000,268.594911,-1.52966380356278,-8.67239034234962,-0.997235739301575,-0.9621128,-0.6960809,0.6808093,51.418793,109.19893,-15.5310955,WAL
2056117456000,268.600068,-1.46757916617315,-8.81932822943426,-1.12027138014511,-1.0076222,-0.7791586,0.7156286,51.161087,109.39574,-15.758176,WAL
2056122281000,268.604893,-1.40868076633003,-8.99149259358761,-1.25619090632415,-1.0476339,-0.86926126,0.73853606,50.896072,109.60086,-15.988702,WAL
2056127344000,268.609956,-1.36248735793675,-9.20371162496259,-1.34493900248429,-1.07665,-0.94806284,0.7724391,50.5969,109.82876,-16.231516,WAL
2056132341000,268.614953,-1.32429099389404,-9.42811596168812,-1.40700814390901,-1.1016954,-1.0106765,0.7791586,50.284103,110.052124,-16.467405,WAL
2056137349000,268.619961,-1.35233738306214,-9.74518277076791,-1.42074196091921,-1.1184943,-1.0473285,0.7892379,49.955235,110.29111,-16.702574,WAL
2056142344000,268.624956,-1.41151232910838,-10.1047842709106,-1.41163802800457,-1.1368202,-1.0635164,0.79443026,49.62254,110.52448,-16.930943,WAL
2056147343000,268.629955,-1.49325774467129,-10.4837070915307,-1.32673801970304,-1.1389582,-1.02717,0.7706065,49.281,110.746506,-17.135557,WAL
2056152400000,268.635012,-1.59260598490769,-10.8811002500733,-1.18481198339357,-1.1230757,-0.98715824,0.75533485,48.944157,110.9618,-17.33602,WAL
2056157346000,268.639958,-1.69574399506958,-11.1243750894632,-0.95878876961829,-1.1160508,-0.8921687,0.7425067,48.612144,111.1562,-17.512781,WAL
2056162326000,268.644938,-1.80478253065606,-11.2428951292247,-0.655377240115308,-1.0809261,-0.8136725,0.72265357,48.29303,111.329315,-17.6739,WAL
2056167355000,268.649967,-1.8555060700317,-11.3557040392854,-0.438132225914898,-1.0250319,-0.79717916,0.70188415,47.934364,111.470055,-17.823593,WAL
2056172346000,268.654958,-1.85091498283546,-11.4612993324368,-0.304990610932667,-0.9416488,-0.82924956,0.69913524,47.59179,111.59345,-17.963858,WAL
2056177342000,268.659954,-1.75273299667397,-11.5749285223063,-0.39608802766182,-0.79320854,-0.90133166,0.7180721,47.18856,111.673515,-18.108585,WAL
2056182337000,268.664949,-1.53360699249154,-11.6987823377813,-0.777176653164708,-0.58551437,-0.96761054,0.75411314,46.787292,111.73031,-18.251047,WAL
2056187349000,268.669961,-1.2396600508613,-11.757441856854,-1.16826974391427,-0.30665436,-0.98715824,0.799928,46.33251,111.751945,-18.404364,WAL
2056192343000,268.674955,-0.848035301328346,-11.7284325327537,-1.56956430012131,0.037873644,-0.93554014,0.80939645,45.8897,111.73094,-18.547365,WAL
2056197295000,268.679907,-0.389081942027067,-11.5846570292566,-1.88093577636581,0.38545597,-0.81397796,0.7666359,45.488377,111.686386,-18.66209,WAL
2056202315000,268.684927,0.165875376273261,-11.2928256311076,-2.08665271874813,0.6169739,-0.61086524,0.65209866,45.13158,111.59478,-18.742634,WAL
2056207242000,268.689854,0.646115253831418,-11.0686453049808,-2.32187296996169,0.6450737,-0.3894266,0.48349985,44.836807,111.469666,-18.75314,WAL
2056212336000,268.694948,1.05265073098659,-10.9237878515326,-2.61158782806513,0.50426924,-0.14508049,0.3005457,44.60609,111.30642,-18.710714,WAL
2056217284000,268.699896,1.3565569846831,-10.8631782629108,-2.8505049967723,0.25228736,0.096516706,0.13164146,44.437294,111.095314,-18.566769,WAL
2056222357000,268.704969,1.48960936012324,-10.9582156384977,-3.01206868412559,0.02107485,0.29810223,-0.005497787,44.320595,110.86445,-18.370153,WAL
2056227243000,268.709855,1.46033389932828,-11.0597777948373,-2.99824905916899,-0.20189096,0.39675698,-0.084910266,44.251354,110.63258,-18.106096,WAL
2056232340000,268.714952,1.03408099924192,-11.1909332256021,-2.55794387534786,-0.38148534,0.3640757,-0.13255776,44.193264,110.40291,-17.8121,WAL
2056237287000,268.719899,0.568488126767007,-11.252001462323,-2.08262502197841,-0.5342017,0.24037547,-0.19883664,44.12811,110.17914,-17.483604,WAL
2056242344000,268.724956,-0.10288404542925,-11.0649760863452,-1.41604835696406,-0.64751714,0.06505715,-0.26358834,44.030273,109.96936,-17.151073,WAL
2056247305000,268.729917,-0.710174484845456,-10.8927949204325,-0.820157837440579,-0.6704246,-0.020158553,-0.32162055,43.851856,109.770905,-16.85967,WAL
2056252354000,268.734966,-1.11463954301438,-10.7645499083954,-0.455152823386718,-0.6462954,-0.1432479,-0.32650748,43.607346,109.58358,-16.580902,WAL
2056257318000,268.73993,-1.41058280824033,-10.7533716174771,-0.146905125451375,-0.5213735,-0.18295415,-0.3203988,43.252987,109.429,-16.414612,WAL
2056262365000,268.744977,-1.38168631937027,-11.1145776026305,0.0023932461578318,-0.34055737,-0.1563815,-0.29779682,42.887047,109.26525,-16.255438,WAL
2056267358000,268.74997,-1.28546816916601,-11.5424679392829,0.149885181287639,-0.12614368,-0.13530666,-0.2489276,42.48681,109.112114,-16.160013,WAL
2056272345000,268.754957,-0.973252479873217,-12.1952823423138,0.296531927226624,0.07696902,-0.12736541,-0.21319197,42.099228,108.937126,-16.065145,WAL
2056277346000,268.759958,-0.638803103026888,-12.8690938380783,0.458878233847371,0.23609942,-0.11636983,-0.20708331,41.68406,108.712204,-15.956281,WAL
2056282338000,268.76495,-0.227647958448003,-13.6110631476868,0.676270615721629,0.376293,-0.06811147,-0.23487769,41.29241,108.46566,-15.843746,WAL
2056287332000,268.769944,0.164865496954741,-14.3114782154702,0.855000900507218,0.5027421,-0.03848451,-0.31398472,40.834812,108.11236,-15.650961,WAL
2056292344000,268.774956,0.478553543408116,-14.8358526044674,0.869046624736637,0.6114761,-0.036957346,-0.4129449,40.392693,107.74016,-15.443926,WAL
2056297307000,268.779919,0.790337544422171,-15.3065807739802,0.835131700928135,0.73853606,-0.02107485,-0.5109888,39.896145,107.23468,-15.127732,WAL
2056302362000,268.784974,1.11543737758845,-15.4715565788313,0.490622957889145,0.8723156,0.03970624,-0.59773165,39.423958,106.70936,-14.789921,WAL
2056307324000,268.789936,1.394829444838,-15.5812969671966,0.17015069425639,1.0458013,0.13439035,-0.68539083,38.93926,106.093254,-14.369157,WAL
2056312320000,268.794932,1.4381592129201,-15.3790916844435,-0.0464982969692091,1.2198979,0.21227567,-0.7648033,38.479435,105.46323,-13.933988,WAL
2056317338000,268.79995,1.42310604448628,-15.1510006132963,-0.216350623370653,1.4043792,0.24129178,-0.8738427,38.02517,104.79619,-13.453837,WAL
2056322351000,268.804963,1.09489950576439,-14.7894974037452,-0.130731523721391,1.5476271,0.18203785,-1.0064005,37.575783,104.11079,-12.954876,WAL
2056327295000,268.809907,0.772800796292155,-14.4293032261497,-0.0450360341839495,1.6939293,0.111177474,-1.1377366,37.15615,103.418175,-12.441614,WAL
2056332309000,268.814921,0.456721274532011,-14.0396159599639,0.050220810405771,1.8741345,0.04153884,-1.2534955,36.724792,102.701004,-11.906022,WAL
2056337310000,268.819922,0.1414612648945,-13.6509390516682,0.145230678733093,2.1138992,-0.005497787,-1.3374895,36.307343,102.01276,-11.401995,WAL
2056342323000,268.824935,-0.367080094081389,-13.0741776265871,0.358437586340749,2.3909266,-0.059864793,-1.4101825,35.87396,101.30917,-10.877326,WAL
2056347332000,268.829944,-0.892572415555116,-12.4990294456758,0.561373725580843,2.6780334,-0.09010262,-1.4761559,35.441628,100.60419,-10.338315,WAL
2056352310000,268.834922,-1.41147882030477,-12.1452296466456,0.514200412475757,2.817616,-0.13927728,-1.4996742,35.026115,99.982216,-9.853024,WAL
2056357429000,268.840041,-1.94783709123482,-11.8217453044122,0.446455387659658,3.0641,-0.13408493,-1.5421293,34.667267,99.448875,-9.419833,WAL
2056362329000,268.844941,-2.49440793221794,-11.9977593405389,0.150010166259994,3.2626312,-0.064446285,-1.5900823,34.323086,81.016365,-8.982856,WAL
2056367562000,268.850174,-3.07153111241885,-12.1973687201818,-0.185731606687071,3.393051,0.09407325,-1.6123788,34.073437,81.31451,-8.629194,WAL
2056372311000,268.854923,-3.5186565097199,-12.5137313142274,-0.713002259079948,3.442531,0.30695978,-1.6129897,33.868847,81.52049,-8.273963,WAL
2056377308000,268.85992,-3.98913147504174,-12.8466148439065,-1.26780778656094,3.4147367,0.50518554,-1.5763378,33.787846,81.55475,-8.012505,WAL
2056382339000,268.864951,-4.63158549700205,-13.2559428671458,-1.75362150632444,3.295618,0.65057147,-1.5103643,33.756935,81.50631,-7.767612,WAL
2056387292000,268.869904,-5.28903736020534,-13.6698941645791,-2.22114270244353,3.1401527,0.7162395,-1.4428637,33.761826,81.38929,-7.542016,WAL
2056392348000,268.87496,-5.82915876747772,-13.9003119409232,-2.52726445244818,2.9465084,0.70432764,-1.3710871,33.867508,81.192566,-7.4243836,WAL
2056397265000,268.879877,-6.34309865338941,-14.1077736955042,-2.81016727473716,2.7705793,0.679893,-1.2913691,33.984364,80.975266,-7.332775,WAL
2056402346000,268.884958,-6.85875775722319,-14.2597520102773,-2.96437556777196,2.6004534,0.6188065,-1.2098186,34.166832,80.71432,-7.359445,WAL
2056407298000,268.88991,-7.35994586503781,-14.4022917341478,-3.10231714310646,2.4611762,0.54611355,-1.16492,34.332634,80.47007,-7.394764,WAL
2056412336000,268.894948,-7.91740441413838,-14.3437801949534,-3.03069160829078,2.3722951,0.43585235,-1.1530081,34.535038,80.19316,-7.518064,WAL
2056417278000,268.89989,-8.47186989466306,-14.2537390036047,-2.92643322264944,2.3689353,0.3313944,-1.1881329,34.71215,79.93573,-7.6307297,WAL
2056422354000,268.904966,-7.94068155605227,-13.6949588583219,-2.90314249614856,2.4071145,0.22082779,-1.2974777,34.919674,79.65726,-7.788847,WAL
2056427242000,268.909854,-7.25538928684417,-13.0832548095893,-2.89394395057968,2.3945918,0.07971791,-1.4355333,35.08329,79.41428,-7.912867,WAL
2056432343000,268.914955,-6.503076204642,-12.7673201906776,-2.83459675925997,2.2409592,0.17012598,-1.4679092,35.343735,79.130486,-8.107151,WAL
2056437374000,268.919986,-5.75292625403172,-12.5265318405574,-2.76513840095147,1.9969184,0.3943135,-1.4477507,35.59532,78.89758,-8.265196,WAL
2056442344000,268.924956,-4.83371565186097,-12.1582088714242,-2.77444294632421,1.7150042,0.44104472,-1.4227052,35.7864,78.75696,-8.317864,WAL
2056447313000,268.929925,-3.85786926584641,-11.7483532384907,-2.80859749748795,1.6227635,0.47525316,-1.393689,36.030476,78.628006,-8.3814125,WAL
2056452362000,268.934974,-3.02425476421053,-11.5116241578947,-2.68876396736842,1.6258179,0.6258314,-1.3234396,36.274754,78.57173,-8.364869,WAL
2056457296000,268.939908,-2.24851027123129,-11.3245324051183,-2.53361513548044,1.7266107,0.84482664,-1.2443326,36.542095,78.507484,-8.364264,WAL
2056462365000,268.944977,-1.63788459792419,-11.250690215704,-2.20008980568592,1.881465,1.0772609,-1.2018774,36.843357,78.48876,-8.239138,WAL
2056467363000,268.949975,-1.10509263552948,-11.2218905688929,-1.80649575195548,2.0454822,1.2089024,-1.1960741,37.171955,78.43669,-8.136178,WAL
2056472346000,268.954958,-0.746448039455782,-11.2001943129252,-1.5889247138322,2.1804836,1.303281,-1.2425,37.52936,78.40395,-7.9143047,WAL
2056477325000,268.959937,-0.448504867626606,-11.1809722869237,-1.43274483680524,2.2317963,1.3970488,-1.3121386,37.920105,78.34926,-7.7005744,WAL
2056482351000,268.964963,-0.147749217573696,-11.1615688117914,-1.27509067694633,2.2574525,1.5161675,-1.3655893,38.31177,78.27683,-7.399079,WAL
2056487331000,268.969943,0.150253794217687,-11.1423429251701,-1.11887943219955,2.2742512,1.6807957,-1.3637567,38.738316,78.18122,-7.1097836,WAL
2056492342000,268.974954,0.348845204574054,-11.0018999416758,-1.14463168114451,2.2834144,1.7831156,-1.3600914,39.200672,78.06168,-6.8182607,WAL
2056497324000,268.979936,0.515619184550085,-10.8255959524618,-1.22563617504244,2.2666154,1.8072448,-1.3213016,39.6796,77.92473,-6.5517077,WAL
2056502490000,268.985102,0.537174721021603,-10.4910031028325,-1.31444918942871,2.201253,1.8625281,-1.2956452,40.156773,77.7885,-6.1968756,WAL
2056507357000,268.989969,0.514798175652424,-10.1329788255401,-1.399480048747,2.1065688,1.890628,-1.2498302,40.623947,77.637695,-5.8702683,WAL
2056512322000,268.994934,0.400410311237162,-9.78158676387449,-1.65045035028738,1.9996674,1.8762726,-1.1869112,41.103516,77.48511,-5.539685,WAL
2056517430000,269.000042,0.239085386356355,-9.4266714882691,-1.98692807055498,1.8955148,1.8936822,-1.14018,41.592636,77.339806,-5.231438,WAL
2056522376000,269.004988,0.0556790628023073,-8.96966456497116,-2.29968314267436,1.7968601,1.9819523,-1.0906999,42.118958,77.18879,-4.9616437,WAL
2056527350000,269.009962,-0.149149093902465,-8.42512137378081,-2.60442742032512,1.7464638,2.0977113,-1.0076222,42.647743,77.037445,-4.7263827,WAL
2056532324000,269.014936,-0.425570523625345,-7.98172151813165,-2.79297071110564,1.6975945,2.166739,-0.91874135,43.227142,76.90991,-4.551199,WAL
2056537357000,269.019969,-0.743801167067403,-7.58749597201419,-2.92121287035869,1.6691893,2.1868975,-0.86101454,43.817005,76.78591,-4.4018316,WAL
2056542345000,269.024957,-0.99272347599267,-7.20085205803299,-2.98097847648137,1.6041322,2.1835377,-0.81581056,44.455112,76.67687,-4.328113,WAL
2056547329000,269.029941,-1.2016854650784,-6.81694517381389,-3.00041683762981,1.570229,2.2214115,-0.79168135,45.103516,76.56898,-4.2742505,WAL
2056552400000,269.035012,-1.39081642905579,-6.49155252641435,-2.96913857687759,1.5635096,2.2262983,-0.7504479,45.777275,76.44929,-4.314629,WAL
2056557349000,269.039961,-1.56365671766213,-6.20659938878376,-2.91308229869899,1.5332718,2.1798725,-0.7452556,46.443657,76.35416,-4.3554707,WAL
2056562337000,269.044949,-1.68112386729658,-5.88226242253011,-2.83912890191912,1.4950926,2.1285598,-0.7495316,47.13663,76.23511,-4.4651046,WAL
2056567430000,269.050042,-1.76708730426907,-5.5288573423284,-2.75316541507882,1.457219,2.0720549,-0.74281216,47.809746,76.13195,-4.5796537,WAL
2056572396000,269.055008,-1.85342035118317,-5.23001165089103,-2.68077470513195,1.3976597,2.0137172,-0.72082096,48.49154,76.00745,-4.756102,WAL
2056577330000,269.059942,-1.94084728527607,-4.96312952965235,-2.61635499045671,1.3374895,1.9700404,-0.7058548,49.156956,75.903656,-4.93158,WAL
2056582337000,269.064949,-2.03311713034915,-4.70188451547797,-2.55784300447628,1.2751812,1.9297233,-0.68844515,49.834698,75.77254,-5.14483,WAL
2056587349000,269.069961,-2.12860896705461,-4.44883126287675,-2.50532244941808,1.1927143,1.892766,-0.68325275,50.49573,75.67405,-5.3556933,WAL
2056592342000,269.074954,-2.22746976028513,-4.19615505702648,-2.32233860800407,1.1212431,1.8741345,-0.66920286,51.192295,75.54917,-5.591297,WAL
2056597294000,269.079906,-2.32888641771894,-3.94502814378819,-2.02291804596741,1.0454959,1.8512272,-0.6835582,51.873318,75.46118,-5.8160625,WAL
2056602369000,269.084981,-2.42024346820508,-3.70311244152726,-1.7138252455619,0.9611965,1.8432859,-0.69974613,52.595776,75.37327,-6.0366735,WAL
2056607342000,269.089954,-2.49991594916355,-3.47815451430821,-1.40919478844716,0.8384125,1.8451185,-0.7098254,53.310112,75.32566,-6.2531095,WAL
2056612344000,269.094956,-2.56485630120669,-3.23356842175944,-1.14630910401323,0.68019843,1.861001,-0.70616025,54.048088,75.2709,-6.4482946,WAL
2056617434000,269.100046,-2.61703672646944,-2.96792302569093,-0.918612966741923,0.5271767,1.890017,-0.71776664,54.78791,75.25625,-6.637375,WAL
2056622422000,269.105034,-2.65703837854459,-2.80244234447301,-0.657981727577615,0.37690386,1.897042,-0.70096785,55.526814,75.232735,-6.830455,WAL
2056627332000,269.109944,-2.68493362552897,-2.73735328920308,-0.36275682643069,0.23396139,1.8988746,-0.6805039,56.269753,75.25106,-7.0226026,WAL
2056632337000,269.114949,-2.71336859725133,-2.67100487339332,-0.0618198345283765,0.09712757,1.8591684,-0.66614854,56.988956,75.27455,-7.2128687,WAL
2056637349000,269.119961,-2.74184333816492,-2.6045636625964,0.239538048271703,-0.038789943,1.8106046,-0.6462954,57.702,75.331,-7.4094305,WAL
2056642313000,269.124925,-2.75012516997116,-2.59056941095754,0.491753832104007,-0.172264,1.7864754,-0.6444628,58.40861,75.42131,-7.602913,WAL
2056647330000,269.129942,-2.731015323685,-2.6478989997017,0.682851940777568,-0.23671028,1.7244726,-0.6426302,59.08737,75.5243,-7.794988,WAL
2056652292000,269.134904,-2.68299484368242,-2.66019021677012,0.837506522295755,-0.38026363,1.6371188,-0.6209445,59.71346,75.59758,-7.9744835,WAL
2056657347000,269.139959,-2.59090390841009,-2.606874390829,0.944138138750501,-0.48747048,1.5522085,-0.60048056,60.319786,75.67481,-8.14997,WAL
2056662273000,269.144885,-2.46172056390681,-2.52973844847405,0.999993984143641,-0.59986967,1.459357,-0.5644395,60.90771,75.74496,-8.311242,WAL
2056667476000,269.150088,-2.26503699534033,-2.40980942370271,0.985602507182055,-0.73273283,1.3607023,-0.5314528,61.465755,75.83841,-8.470708,WAL
2056672289000,269.154901,-2.09329587146856,-2.3037080439868,0.961104320163951,-0.8549059,1.2660183,-0.49418998,61.98313,75.93582,-8.612452,WAL
2056677336000,269.159948,-1.93384099484155,-2.20223675427372,0.912784655993202,-0.9773844,1.1609493,-0.45631635,62.464622,76.05282,-8.755902,WAL
2056682262000,269.164874,-1.78495629263719,-2.13410338705093,0.868869290039479,-1.0897835,1.0671816,-0.41325033,62.90926,76.195335,-8.866751,WAL
2056687349000,269.169961,-1.64551696340308,-2.12929513778129,0.830403275799447,-1.2180653,0.9841039,-0.36743546,63.322433,76.3549,-8.982354,WAL
2056692247000,269.174859,-1.54879345722238,-2.14194657367676,0.82697022540617,-1.3481796,0.89461213,-0.30695978,63.700928,76.53594,-9.0783825,WAL
2056697287000,269.179899,-1.53968555572224,-2.19659369736768,0.904387050540617,-1.4709635,0.8020661,-0.25045475,64.05102,76.72675,-9.180269,WAL
2056702333000,269.184945,-1.56059469605086,-2.26550438748062,1.01349011816396,-1.6001616,0.6795876,-0.19394971,64.36465,76.93811,-9.266457,WAL
2056707334000,269.189946,-1.70913277154967,-2.39423730352528,1.25610220991419,-1.736079,0.54367006,-0.13500121,64.64419,77.15321,-9.362648,WAL
2056712315000,269.194927,-1.8585687511287,-2.54784233394899,1.53809336536695,-1.8762726,0.40103304,-0.08307768,64.89293,77.36181,-9.453251,WAL
2056717314000,269.199926,-2.01295724573439,-2.77708583403694,1.94043905036646,-2.024102,0.23090707,-0.011911872,65.090805,77.56757,-9.557204,WAL
2056722301000,269.204913,-2.17310160023334,-3.12391997956782,2.36958881087552,-2.1587977,0.073303826,0.07666359,65.227936,77.73559,-9.686353,WAL
2056727304000,269.209916,-2.35781137557066,-3.93567116959521,2.90913604398904,-2.2886066,-0.09437868,0.16279559,65.309715,77.89535,-9.826293,WAL
2056732300000,269.214912,-2.51922161770741,-4.9323870766499,3.52646145072507,-2.3646593,-0.24312437,0.28955013,65.314644,77.97011,-10.00432,WAL
2056737319000,269.219931,-2.60457115597317,-6.55402761053566,4.40840625036993,-2.3652701,-0.3894266,0.42760566,65.266846,78.01232,-10.202238,WAL
2056742332000,269.224944,-2.58878897880931,-8.30396565281462,5.36969458599077,-2.284636,-0.44165558,0.50701815,65.18151,77.971115,-10.40475,WAL
2056747343000,269.229955,-2.19276697568523,-10.5433760884173,6.63319340005894,-2.19209,-0.41599923,0.63346726,65.06738,77.87381,-10.652242,WAL
2056752350000,269.234962,-1.66397460518815,-12.6939041579513,8.0730236946535,-1.7913623,-0.3539964,0.72173727,64.92111,77.677284,-10.826141,WAL
2056757328000,269.23994,-0.527008932041834,-14.4319701088848,10.3189972578243,-1.0485502,-0.42577308,0.70066243,64.73898,77.426254,-10.992616,WAL
2056762321000,269.244933,0.688185664051979,-16.0662057721008,12.3292816168537,-0.032375857,-0.63194007,0.45906523,64.509254,77.155655,-10.883354,WAL
2056767443000,269.250055,2.46523672876551,-16.9692182042725,12.6721359330577,0.91874135,-0.61361414,-0.04795292,64.335205,76.83558,-10.702771,WAL
2056772288000,269.2549,4.10844631513242,-17.7844055893473,12.8321645261396,1.42973,-0.23457226,-0.43585235,64.03377,76.37877,-10.2156315,WAL
2056777347000,269.259959,5.42974116207542,-18.2280176791375,11.281909011913,1.647809,0.42485678,-0.5314528,63.851696,75.761765,-9.735349,WAL
2056782366000,269.264978,6.57328319887485,-18.6050748575799,9.75831036212002,1.6701056,1.0781772,-0.52198434,63.746555,75.21685,-8.981315,WAL
2056787336000,269.269948,5.56798297285827,-18.1728894065338,8.43356941956178,1.5525141,1.4990633,-0.5503896,63.785683,74.59202,-8.296322,WAL
2056792516000,269.275128,4.41444112750145,-17.4385181584989,7.05303304116342,1.3625349,1.7076738,-0.5705481,64.00568,74.21,-7.568232,WAL
2056797288000,269.2799,2.11751167218985,-13.4486496950608,5.78332901064056,1.1386528,1.781894,-0.57543504,64.30673,73.81549,-6.9201684,WAL
2056802720000,269.285332,-0.429580001077844,-9.00649871826347,4.39053579371257,0.9104946,1.7397442,-0.5742133,64.731026,73.54491,-6.456764,WAL
2056807348000,269.28996,-1.21721273263666,-7.26000920731118,4.2792397241356,0.6936375,1.6584991,-0.5702427,65.156235,73.31402,-6.02821,WAL
2056812328000,269.29494,-2.06475184308673,-5.38068384764342,4.1594786121016,0.48502702,1.5173893,-0.535118,65.605934,73.03864,-5.9625096,WAL
2056817409000,269.300021,-2.65423109047164,-4.27371923733053,4.01773270257781,0.26389378,1.3432927,-0.44715336,66.00523,72.82593,-5.908908,WAL
2056822251000,269.304863,-3.18549963899179,-3.30858113841894,3.88048849165553,0.06505715,1.1771374,-0.30726522,66.34849,72.660614,-5.873217,WAL
2056827349000,269.309961,-3.58786735645499,-2.95904621458479,3.4777776354501,-0.12858713,1.0464121,-0.12614368,66.61767,72.46927,-5.973881,WAL
2056832281000,269.314893,-3.93631003431363,-2.79424218818662,3.02103519972087,-0.32986724,0.9954049,0.06658431,66.84846,72.31874,-6.110164,WAL
2056837331000,269.319943,-4.03141183108308,-3.21512853046221,2.81603890681975,-0.550695,0.990518,0.24709499,67.04239,72.16454,-6.367656,WAL
2056842245000,269.324857,-4.05460114575737,-3.78094824436779,2.68617869621563,-0.79137594,0.96944314,0.31856623,67.20937,72.055084,-6.6444917,WAL
2056847328000,269.32994,-4.1101385352309,-4.84358059427825,2.8085745425501,-0.9086621,0.763887,0.4007276,67.34681,71.983986,-7.014586,WAL
2056852309000,269.334921,-4.17479441320554,-6.03971158807242,3.01177826890309,-1.1047498,0.35979962,0.4297437,67.420006,71.98317,-7.3734593,WAL
2056857280000,269.339892,-4.27864757768272,-7.70597704910349,3.34117418845909,-1.271516,-0.18997909,0.42363504,67.414154,72.03261,-7.714548,WAL
2056862328000,269.34494,-4.40184983664331,-9.61121331472649,3.73278164439792,-1.3231341,-0.82924956,0.4156938,67.26761,72.08662,-8.0239105,WAL
2056867356000,269.349968,-4.59562188871325,-11.7516642039203,3.56887194271261,-1.2336423,-1.4645494,0.4266894,66.981415,72.16679,-8.270553,WAL
2056872503000,269.355115,-4.86574256718305,-14.1879445004742,2.84162411242491,-1.0601566,-1.9770653,0.42821655,66.55381,72.23047,-8.470554,WAL
2056877291000,269.359903,-5.02215822407045,-15.6979398686888,2.23145326964775,-0.8341365,-2.158187,0.47219884,66.06275,72.28751,-8.617151,WAL
2056882301000,269.364913,-5.12544167808219,-16.796499530137,1.63522669958904,-0.5925393,-1.9779817,0.5348125,65.53468,72.28868,-8.752679,WAL
2056887283000,269.369895,-4.95126918757432,-17.5965484950116,1.45703546242064,-0.25595254,-1.7229455,0.550695,65.11303,72.397736,-8.850002,WAL
2056892313000,269.374925,-4.54834439073869,-18.164525875844,1.61723439802479,0.25870144,-1.4856243,0.50243664,64.74352,72.392746,-8.952125,WAL
2056897289000,269.379901,-3.55947633686984,-17.6838850120314,1.36190439976136,0.8213083,-1.3426818,0.35002577,64.52018,72.419075,-9.018178,WAL
2056902368000,269.38498,-2.09401918985781,-16.3877052232276,0.781525347638461,1.1230757,-1.4382823,-0.014049901,64.31709,72.4134,-9.006463,WAL
2056907308000,269.38992,-0.974809816238877,-14.123043782282,-0.320873137433261,1.042747,-1.4446963,-0.38545597,64.18489,72.410515,-8.901699,WAL
2056912323000,269.394935,-0.077317978528772,-11.0411805031639,-1.85943051117263,0.625526,-1.1221595,-0.5876524,64.12907,72.44021,-8.765297,WAL
2056917410000,269.400022,0.274845397073363,-8.40733976902019,-2.65578653563762,-0.041233405,-0.69027776,-0.65209866,64.10072,72.65228,-8.451895,WAL
2056922348000,269.40496,0.16773793540128,-6.246563213097,-2.81411943318562,-0.7296785,-0.5699373,-0.6649268,64.08147,72.98033,-8.11472,WAL
2056927338000,269.40995,0.0128871803460208,-4.65134164907284,-2.70115235863721,-1.2461652,-0.7699956,-0.59650993,64.125916,73.51038,-7.769856,WAL
2056932329000,269.414941,-0.186429527197232,-3.61659102082335,-2.32796358496141,-1.518611,-1.1050552,-0.464563,64.16169,74.13032,-7.452863,WAL
2056937352000,269.419964,-0.499659294934401,-2.73236078750278,-2.07846091331999,-1.7443258,-1.2675453,-0.3567453,64.18281,74.78354,-7.196894,WAL
2056942348000,269.42496,-1.13270813195464,-2.30146189779853,-2.19017545056704,-1.9358319,-1.5726726,-0.30634892,64.07257,75.47186,-6.9413214,WAL
2056947320000,269.429932,-1.69458931789286,-2.06212664234083,-2.52848275932271,-2.0204368,-1.7644843,-0.20891592,63.910664,76.060745,-6.765509,WAL
2056952409000,269.435021,-2.18682713873651,-2.04764906974948,-3.15101878387959,-2.1368067,-1.8891008,-0.08368854,63.68825,76.6796,-6.6066136,WAL
2056957297000,269.439909,-2.61894585628654,-2.16226228439513,-3.67568143483603,-2.200642,-1.9599612,0.06414085,63.321438,77.30362,-6.56831,WAL
2056962350000,269.444962,-3.01210064666601,-2.44993658841772,-4.12157656852274,-2.2314909,-2.0378466,0.2321288,62.912537,77.91101,-6.57092,WAL
2056967296000,269.449908,-3.39225911980676,-2.86876967584541,-4.53772301260968,-2.2375994,-2.1572707,0.41538838,62.50191,78.53119,-6.6900525,WAL
2056972356000,269.454968,-3.77446267536232,-3.49462812028986,-4.93425944344868,-2.228742,-2.2797492,0.571159,62.063953,79.09356,-6.85424,WAL
2056977243000,269.459855,-4.02694630573614,-4.05635452982792,-5.20723789636711,-2.2067506,-2.3536637,0.6927212,61.642906,79.60407,-7.11624,WAL
2056982349000,269.464961,-4.09239453535373,-4.57059057783939,-5.30541006994264,-2.1456642,-2.3139575,0.7809912,61.21843,80.007645,-7.421146,WAL
2056987250000,269.469862,-4.06585784983521,-5.05435804795766,-5.30934035978228,-2.097406,-2.1826215,0.8854492,60.84621,80.30454,-7.814737,WAL
2056992346000,269.474958,-3.80753574177569,-5.53201061170478,-5.08026215640667,-2.0384574,-2.0045543,1.0005972,60.50147,80.45445,-8.244788,WAL
2056997275000,269.479887,-3.59102221175952,-6.03664611862332,-4.80671586580828,-1.9792033,-1.8692477,1.1462886,60.209755,80.45736,-8.715815,WAL
2057002388000,269.485,-3.45198180395574,-6.66951992166846,-4.38959439207872,-1.9101756,-1.7669277,1.3045027,59.965862,80.30089,-9.228446,WAL
2057007284000,269.489896,-3.31681097272727,-7.32539144385027,-4.04969945590666,-1.8423696,-1.6517797,1.4651603,59.793594,80.03323,-9.728313,WAL
2057012359000,269.494971,-3.17031879090909,-8.16181386363636,-3.88430523057851,-1.7803668,-1.520749,1.6337591,59.665924,79.63473,-10.273783,WAL
2057017402000,269.500014,-2.977183347971,-8.99507676296446,-3.76522506235022,-1.7244726,-1.3579534,1.7858646,59.624798,79.1789,-10.796947,WAL
2057022342000,269.504954,-2.61036971913201,-9.81921659983889,-3.81762706617662,-1.6975945,-1.180497,1.9489655,59.63981,78.63736,-11.362321,WAL
2057027337000,269.509949,-2.23568617984329,-10.6388553047992,-3.8446518175906,-1.6643023,-1.0549643,2.0980167,59.796703,101.87618,-11.868771,WAL
2057032340000,269.514952,-1.84618969358472,-11.4084627277179,-3.77426083261508,-1.645671,-0.9746355,2.2198844,60.002853,102.435036,-12.40095,WAL
2057037340000,269.519952,-1.47190282749153,-12.1887601481961,-3.6867670728523,-1.63437,-0.9230174,2.283109,60.303703,102.92236,-12.8484125,WAL
2057042342000,269.524954,-1.17113539401535,-13.0242252550329,-3.51489996800877,-1.6267341,-0.86467975,2.2828035,60.635223,103.42829,-13.301955,WAL
2057047318000,269.52993,-0.861290217427373,-13.7793842731357,-3.37480763581911,-1.5806139,-0.8228355,2.1960607,60.92519,103.87327,-13.683131,WAL
2057052423000,269.535035,-0.48547918791754,-14.1405534675052,-3.39921093221523,-1.5754215,-0.74036866,2.0674734,61.248035,104.31127,-14.044615,WAL
2057057327000,269.539939,-0.104695041130241,-14.3921008508203,-3.45073471602188,-1.5570955,-0.5665775,1.9113973,61.56789,104.65591,-14.308455,WAL
2057062370000,269.544982,0.394208683287421,-14.1328664419688,-3.6561657184525,-1.5406022,-0.28924468,1.7189748,61.940968,104.96123,-14.521574,WAL
2057067394000,269.550006,0.885418467442887,-13.8048668825375,-3.81291475932935,-1.5198327,0.02107485,1.4975362,62.302418,105.21194,-14.658117,WAL
2057072435000,269.555047,1.35403219496813,-13.1847818700853,-3.77031344082753,-1.5283848,0.29138273,1.2571607,62.72908,105.417404,-14.732348,WAL
2057077305000,269.559917,1.76416306183311,-12.5789585102599,-3.65663700848153,-1.557401,0.36987892,1.0021244,63.128418,105.58948,-14.731732,WAL
2057082349000,269.564961,1.91992605991792,-11.9087058364276,-3.08078579620872,-1.6154331,0.2012801,0.74128497,63.52597,105.717,-14.6653595,WAL
2057087291000,269.569903,2.05072605318581,-11.2476395122987,-2.52141795748296,-1.7250835,-0.17684549,0.5180137,63.82711,105.817665,-14.538506,WAL
2057092343000,269.574955,1.95513775157562,-10.5259476130594,-2.00046168625901,-1.8356501,-0.68233645,0.31581733,64.03178,105.88395,-14.35916,WAL
2057097343000,269.579955,1.80053413052354,-9.78549569269389,-1.54605648999805,-1.9333885,-1.2092078,0.124311075,64.02238,105.91147,-14.156852,WAL
2057102359000,269.584971,0.88558334552647,-8.71101508929478,-1.86511632277789,-2.0066924,-1.6481144,-0.063224554,63.884525,105.91668,-13.9197035,WAL
2057107592000,269.590204,-0.0328963871592256,-7.66279829387594,-2.20039534188068,-2.0271564,-1.9868392,-0.2125811,63.569954,105.89524,-13.692213,WAL
2057112386000,269.594998,-0.450106122718293,-7.55849574160411,-2.53597714128803,-1.9853121,-2.1487186,-0.26847526,63.179306,105.862915,-13.454163,WAL
2057117691000,269.600303,-0.901179684411899,-7.45663492889703,-2.90211360190389,-1.8548924,-2.149024,-0.2687807,62.79545,105.97006,-13.355492,WAL
2057122351000,269.604963,-1.16670047013272,-7.53424873246682,-3.1594644372357,-1.6698002,-2.1316142,-0.2742785,62.373146,106.05104,-13.249668,WAL
2057127329000,269.609941,-1.45034048543707,-7.61715892864073,-3.43437698193135,-1.5622878,-2.118786,-0.27855456,62.016285,106.19843,-13.211402,WAL
2057132356000,269.614968,-1.63530234379792,-7.80562866642159,-3.29245903675034,-1.4874569,-2.0934353,-0.26358834,61.67519,106.323845,-13.178304,WAL
2057137344000,269.619956,-1.79585396707279,-8.0163526752442,-3.05664891373805,-1.4340062,-2.0891593,-0.24984388,61.33743,106.432465,-13.146332,WAL
2057142327000,269.624939,-1.84273805863495,-8.21490991416753,-3.03993789482937,-1.425454,-2.1331415,-0.20891592,61.01535,106.61236,-13.185984,WAL
2057147283000,269.629895,-1.87843430441854,-8.41123963871392,-3.04439992555232,-1.4618006,-2.1499403,-0.15882497,60.710384,106.79223,-13.230922,WAL
2057152471000,269.635083,-1.77208256272888,-8.59377859007679,-2.90796651122268,-1.4819591,-2.0717494,-0.09162979,60.39734,106.9572,-13.300827,WAL
2057157266000,269.639878,-1.6364629881079,-8.75652158869856,-2.74522304055917,-1.4865406,-1.8994855,-0.01863139,60.116745,107.13232,-13.380101,WAL
2057162408000,269.64502,-1.50293114968358,-8.93675298276701,-2.39719192046539,-1.486846,-1.6875153,0.055588737,59.80565,107.354324,-13.5048065,WAL
2057167348000,269.64996,-1.37856603645215,-9.11178558524,-2.0056719823873,-1.5201381,-1.4691309,0.118202426,59.557686,107.58869,-13.6328125,WAL
2057172349000,269.654961,-1.24379337463349,-9.20701967341821,-1.53434427016782,-1.5812247,-1.2803736,0.16126843,59.335197,107.80013,-13.739535,WAL
2057177357000,269.659969,-1.10501835210262,-9.2671552814429,-1.03012836785301,-1.6584991,-1.14018,0.19761491,59.17083,108.026566,-13.849261,WAL
2057182338000,269.66495,-1.01477926530612,-9.30734982877053,-0.521504564400199,-1.704925,-1.0558805,0.21166481,58.926758,108.22896,-13.960758,WAL
2057187376000,269.669988,-0.952337882040816,-9.33616949586859,-0.0027610238387257,-1.7015651,-1.0430524,0.23060162,58.710407,108.43826,-14.076129,WAL
2057192342000,269.674954,-0.925922529782318,-9.27127067840641,0.306589583632817,-1.67316,-1.0845913,0.2501493,58.41055,108.583534,-14.194992,WAL
2057197290000,269.679902,-0.921056937175275,-9.14963035516993,0.491482239876784,-1.5619824,-1.1322387,0.27366763,58.119175,108.71089,-14.314235,WAL
2057202365000,269.684977,-0.986211449174606,-9.01336218658617,0.488616797653052,-1.4095715,-1.1682798,0.31031954,57.72745,108.776115,-14.440036,WAL
2057207329000,269.689941,-1.08486854935383,-8.87434536892746,0.389959692791246,-1.2159272,-1.1841623,0.35308012,57.335064,108.814095,-14.5674925,WAL
2057212377000,269.694989,-1.15907409572123,-8.74209107733545,0.218172072534498,-1.0158689,-1.1746938,0.3921755,56.89443,108.82844,-14.710372,WAL
2057217411000,269.700023,-1.21172040035739,-8.61765487521096,-0.011557198633972,-0.8341365,-1.1462886,0.43279803,56.46309,108.817314,-14.854855,WAL
2057222306000,269.704918,-1.26154383757393,-8.49632645138529,-0.29003105351873,-0.6899723,-1.1078042,0.47250426,56.035316,108.828766,-15.028741,WAL
2057227348000,269.70996,-1.31164892839058,-8.37106333194978,-0.62573503119228,-0.59223384,-1.0705414,0.50243664,55.62331,108.82144,-15.1978855,WAL
2057232354000,269.714966,-1.31694200134897,-8.24538052942327,-0.958692625249267,-0.55771995,-1.0461067,0.5366451,55.24056,108.85871,-15.386363,WAL
2057237351000,269.719963,-1.29355223131965,-8.11907610342131,-1.29082621665689,-0.56413406,-0.9960158,0.5467244,54.882572,108.88528,-15.561726,WAL
2057242348000,269.72496,-1.25285715774024,-8.04430338361314,-1.55549376480585,-0.5830709,-0.92485,0.57940567,54.57849,108.97535,-15.7589035,WAL
2057247345000,269.729957,-1.19863865265218,-8.00980071727263,-1.76743918574518,-0.65668017,-0.86834496,0.6270532,54.292286,109.07679,-15.951645,WAL
2057252372000,269.734984,-1.12656845857853,-8.06513863183034,-1.86544999040887,-0.73364913,-0.8060367,0.6722572,54.065292,109.23889,-16.15421,WAL
2057257342000,269.739954,-1.0447245990065,-8.17426379375239,-1.89273129275888,-0.8454375,-0.766025,0.7134906,53.856834,109.42185,-16.359205,WAL
2057262397000,269.745009,-0.961696470619024,-8.37614514645194,-1.88256023058883,-0.96486163,-0.754724,0.7519751,53.67761,109.65406,-16.563124,WAL
2057267430000,269.750042,-0.879220266482134,-8.65753467991948,-1.83889633397081,-1.0772609,-0.75655663,0.77518797,53.512936,109.90107,-16.766695,WAL
2057272404000,269.755016,-0.785317149585441,-8.90203764484776,-1.73604150320341,-1.1722504,-0.7828238,0.7849618,53.32881,110.1618,-16.966373,WAL
2057277349000,269.759961,-0.681988684579986,-9.11808799543786,-1.58574552824556,-1.2599095,-0.8173377,0.7877107,53.147583,110.43423,-17.165243,WAL
2057282330000,269.764942,-0.607627448416699,-9.3495623265065,-1.40070318889326,-1.3026701,-0.86742866,0.7816021,52.92477,110.686356,-17.345346,WAL
2057287351000,269.769963,-0.56028092629874,-9.59576436215045,-1.18290915649862,-1.3252722,-0.9288206,0.7629707,52.692657,110.93778,-17.519587,WAL
2057292339000,269.774951,-0.566940236990438,-9.86422696879718,-0.978328441922496,-1.3322971,-1.0033462,0.7501425,52.388294,111.15672,-17.679535,WAL
2057297309000,269.779921,-0.629220815249119,-10.1564669708103,-0.786695897282335,-1.3133603,-1.0543534,0.7199047,52.07571,111.357414,-17.825542,WAL
2057302375000,269.784987,-0.752708910951295,-10.5005564294217,-0.624226172334094,-1.2687671,-1.0732902,0.6945538,51.691338,111.509026,-17.957088,WAL
2057307340000,269.789952,-0.931942702142645,-10.8826068014086,-0.496875818500149,-1.1951579,-1.0720685,0.6588182,51.30174,111.63443,-18.072016,WAL
2057312406000,269.795018,-1.13712919479769,-11.2161948892917,-0.358357595581464,-1.1221595,-1.0567969,0.6218608,50.853497,111.71903,-18.175102,WAL
2057317373000,269.799985,-1.36082507398844,-11.486494192221,-0.213887337229352,-1.0348058,-1.0546589,0.5897904,50.406925,111.7753,-18.262903,WAL
2057322340000,269.804952,-1.55569063763049,-11.711298884676,-0.129882026683081,-0.93859446,-1.0714576,0.56321776,49.911404,111.79994,-18.34944,WAL
2057327351000,269.809963,-1.7163799449478,-11.8814404461296,-0.120429713326768,-0.8185594,-1.0989466,0.55955255,49.421337,111.80058,-18.42638,WAL
2057332285000,269.814897,-1.74839447418131,-12.0402815203674,-0.247794147659744,-0.6533204,-1.1227703,0.55741453,48.890278,111.773605,-18.51025,WAL
2057337330000,269.819942,-1.59403344128395,-12.1898192290335,-0.580635060938498,-0.56596667,-1.1499538,0.57971114,48.362095,111.74306,-18.593317,WAL
2057342280000,269.824892,-1.36245905208891,-12.2812803795205,-0.983557233836164,-0.34666604,-1.128879,0.60903263,47.828335,111.68879,-18.689098,WAL
2057347340000,269.829952,-1.00422337099001,-12.2909621157842,-1.51122874372627,-0.049785517,-1.0488557,0.6249151,47.316463,111.61322,-18.776392,WAL
2057352255000,269.834867,-0.58713364556657,-12.1708817687075,-1.93257543720117,0.25289822,-0.9285152,0.6123924,46.851147,111.52628,-18.84296,WAL
2057357327000,269.839939,-0.0490008582701652,-11.8451696598639,-2.22524418075802,0.47067168,-0.72204274,0.5323691,46.44217,111.39941,-18.878119,WAL
2057362261000,269.844873,0.464024425618176,-11.4986363009737,-2.45277600070817,0.5519168,-0.46975538,0.41538838,46.12361,111.26366,-18.867197,WAL
2057367342000,269.849954,0.971345598823645,-11.0822501750762,-2.57242717884332,0.45173484,-0.22113322,0.25381452,45.86376,111.094246,-18.806856,WAL
2057372258000,269.85487,1.3491082939592,-10.7912270814023,-2.66561285044563,0.23640485,0.050701816,0.1001819,45.699825,110.89575,-18.66371,WAL
2057377350000,269.859962,1.47466703973064,-10.7525938383838,-2.70907547575758,-0.01160644,0.3032946,-0.035430185,45.596115,110.67966,-18.469837,WAL
2057382308000,269.86492,1.46995236551443,-10.751100413062,-2.58850794600095,-0.22143865,0.40622538,-0.16157386,45.5284997155466,110.437018364293,-18.1881156822467,WAL
2057387320000,269.869932,1.15647126795835,-10.8374211426408,-2.07058261973497,-0.37018433,0.3717115,-0.2302962,45.460148,110.191734,-17.903326,WAL
2057392289000,269.874901,0.734031299127171,-10.8846582748538,-1.49924456751855,-0.473726,0.18448131,-0.26389378,45.364582,109.95413,-17.585073,WAL
2057397293000,269.879905,-0.219647093771494,-10.7508085906433,-0.650136165067644,-0.5290093,-0.025350908,-0.2764165,45.243732,109.722885,-17.26115,WAL
2057402268000,269.88488,-1.16779857352186,-10.6177346140351,0.19405134536266,-0.5119051,-0.2003638,-0.27152961,44.97948,109.492645,-16.99066,WAL
2057407298000,269.88991,-1.32580974074896,-10.735791402155,0.294643241957429,-0.39553526,-0.29657507,-0.25809056,44.6748,109.25795,-16.7294,WAL
2057412237000,269.894849,-1.37327699245761,-10.8856878217398,0.292144963080336,-0.22357668,-0.3381139,-0.23579398,44.334885,109.01842,-16.481062,WAL
2057417280000,269.899892,-1.4217437570591,-11.0387405943591,0.289594078209476,-0.015577064,-0.32284227,-0.21044308,43.89413,108.82532,-16.381128,WAL
2057422216000,269.904828,-1.44911344118109,-11.2837194188738,0.289609623146949,0.18020524,-0.29810223,-0.18173242,43.437973,108.627106,-16.297295,WAL
2057427248000,269.90986,-1.25056525346282,-12.6073743327448,0.317973655605258,0.3381139,-0.28496864,-0.17531833,42.99333,108.409996,-16.210844,WAL
2057432374000,269.914986,-1.01433725805372,-13.8930812521547,0.356221121557426,0.46700647,-0.2489276,-0.20189096,42.55806,108.1772,-16.121557,WAL
2057437236000,269.919848,-0.379691900030066,-14.3550657829224,0.505549455423933,0.57360244,-0.1554652,-0.23487769,42.154644,107.93316,-16.02599,WAL
2057442352000,269.924964,0.261212121498983,-14.8192332328847,0.639808072055776,0.63621616,-0.103847094,-0.33414328,41.68609,107.57293,-15.824691,WAL
2057447246000,269.929858,0.547136415590201,-14.9962337683742,0.490038184766147,0.754724,-0.10781772,-0.44593164,41.240036,107.19402,-15.609819,WAL
2057452531000,269.935143,0.851284347922849,-15.1758278813056,0.32303962004451,0.8735373,-0.12003502,-0.55771995,40.731163,106.687195,-15.271984,WAL
2057457249000,269.939861,1.03005142125618,-15.1043214813056,0.0682965580445104,1.0103711,-0.09560041,-0.66553766,40.242138,106.15557,-14.908116,WAL
2057462534000,269.945146,1.22233028089844,-15.019773810243,-0.211565004632588,1.174083,-0.03023783,-0.75594574,39.75405,105.57489,-14.490862,WAL
2057467277000,269.949889,1.08160711480782,-14.7691106914513,-0.246745790415335,1.3497068,0.014049901,-0.84604836,39.275852,104.97188,-14.050776,WAL
2057472222000,269.954834,0.93489067872979,-14.5077720613806,-0.283424893450479,1.5384641,0.00030543262,-0.95356065,38.823032,104.34213,-13.573277,WAL
2057477249000,269.959861,0.719126993587515,-14.0498153733702,-0.295825328455156,1.6942347,-0.04153884,-1.0876455,38.380554,103.690704,-13.070358,WAL
2057482222000,269.964834,0.498028941247531,-13.5746900216318,-0.305233759140656,1.8442022,-0.09560041,-1.2049317,37.93692,103.02459,-12.550486,WAL
2057487244000,269.969856,0.128000807466911,-12.9625889075545,-0.340584085017308,2.0289888,-0.13713925,-1.321607,37.50553,102.3688,-12.032458,WAL
2057492184000,269.974796,-0.257333546799023,-12.3412372968845,-0.379117513402566,2.2583687,-0.14660765,-1.4294246,37.07384,101.70213,-11.491337,WAL
2057497223000,269.979835,-0.675250127460952,-11.8045051423901,-0.465840515118053,2.5173757,-0.115453534,-1.4975362,36.674416,101.08364,-10.977624,WAL
2057502243000,269.984855,-1.09436153952052,-11.2806153530694,-0.557521150751907,2.790127,-0.04337143,-1.5512923,36.290367,100.47435,-10.443618,WAL
2057507347000,269.989959,-1.69302981777052,-11.1697078424908,-0.560000963314523,3.0653217,0.062308256,-1.5845845,35.974606,99.97391,-9.97384,WAL
2057512265000,269.994877,-2.33649332292842,-11.2256613516484,-0.527361481223641,3.2989779,0.17379116,-1.6264287,35.687706,80.47719,-9.492087,WAL
2057517429000,270.000041,-2.98408271180749,-11.5302795965524,-0.638217432636508,3.4376442,0.28955013,-1.6765196,35.49955,80.78273,-9.083147,WAL
2057522292000,270.004904,-3.5827066247509,-11.9154407289757,-0.800634781020327,3.4562755,0.41905355,-1.6783522,35.352352,80.998955,-8.683511,WAL
2057527345000,270.009957,-4.22484670731032,-12.3833757002671,-1.05488492711445,3.3680055,0.4859433,-1.668273,35.294632,81.05309,-8.373627,WAL
2057532326000,270.014938,-4.86659975247799,-12.8741281216738,-1.34273006325057,3.2088752,0.5910121,-1.643533,35.288105,81.03691,-8.077587,WAL
2057537352000,270.019964,-5.44990282967792,-13.3004103896079,-1.5157996747689,3.1144965,0.63591075,-1.5861117,35.360416,80.88557,-7.889756,WAL
2057542347000,270.024959,-5.99915530433006,-13.6914036502871,-1.63216669812202,2.9113839,0.6044512,-1.5070046,35.43892,80.722145,-7.7217155,WAL
2057547347000,270.029959,-6.57514138110425,-14.1125349322304,-1.67296240861072,2.699719,0.51159966,-1.4181237,35.598335,80.483925,-7.667314,WAL
2057552369000,270.034981,-7.16949513115408,-14.5535069724935,-1.66816923643612,2.511267,0.34330627,-1.3154984,35.71978,80.24667,-7.637023,WAL
2057557345000,270.039957,-7.89151500247991,-15.1591579205436,-1.84513747231425,2.3344216,0.14385876,-1.2571607,35.8771,79.97712,-7.6935697,WAL
2057562407000,270.045019,-8.70901570022815,-15.88048212469,-2.13847597865291,2.1398609,-0.04337143,-1.3090842,35.983425,79.75347,-7.736699,WAL
2057567370000,270.049982,-9.24341057286822,-16.178559802907,-2.56536671914729,1.9398025,-0.16065755,-1.505172,36.11574,79.53911,-7.815503,WAL
2057572349000,270.054961,-9.60842530852713,-16.2155230883721,-3.08285580341085,1.7935003,-0.1872302,-1.758681,36.21573,79.38543,-7.848021,WAL
2057577340000,270.059952,-9.40896938083266,-15.7837540599356,-3.44699556409895,1.6856827,-0.004581489,-1.9080375,36.4283,79.235344,-7.950155,WAL
2057582344000,270.064956,-8.719820855893,-14.9452096657281,-3.67831814519308,1.5769486,0.301462,-1.9336939,36.657623,79.151276,-8.002387,WAL
2057587347000,270.069959,-7.83167547644603,-13.9112681383423,-3.73325281920095,1.5622878,0.4990769,-1.8332067,36.961346,79.069954,-8.09128,WAL
2057592345000,270.074957,-6.78037930769231,-12.7172622307692,-3.64286998461538,1.6303993,0.64904433,-1.67316,37.319057,78.99392,-8.18328,WAL
2057597316000,270.079928,-5.69749455123591,-11.8515146272494,-3.61091259881353,1.7318029,0.80664754,-1.4779885,37.704586,78.938614,-8.237308,WAL
2057602425000,270.085037,-4.55097352604311,-11.2516471053985,-3.63026315099862,1.8869628,1.0173961,-1.3112222,38.131947,78.83643,-8.330147,WAL
2057607342000,270.089954,-3.56696818555022,-10.9835188029305,-3.40607780286619,2.0066924,1.2983941,-1.2140946,38.56877,78.75655,-8.342743,WAL
2057612357000,270.094969,-2.67540925096777,-11.0001613240929,-2.94959962339488,2.1242838,1.5448782,-1.1462886,39.044697,78.62146,-8.403053,WAL
2057617372000,270.099984,-1.78385031638533,-11.0168038452552,-2.49312144392357,2.2379048,1.6542231,-1.1087204,39.507545,78.53508,-8.341032,WAL
2057622348000,270.10496,-0.899224741413792,-11.0333169430226,-2.04019314461165,2.313652,1.5806139,-1.094976,39.98011,78.42367,-8.300488,WAL
2057627343000,270.109955,-0.255004903733308,-11.0398857166875,-1.52673752349313,2.3258693,1.5293012,-1.0922271,40.482346,78.298195,-8.2787695,WAL
2057632346000,270.114958,0.117839160443847,-11.0352826106254,-0.946757858493611,2.3020456,1.5097535,-1.1074986,40.966133,78.16742,-8.260162,WAL
2057637300000,270.119912,0.364052889316252,-11.0269701711128,-0.689282804870133,2.2773056,1.4996742,-1.138042,41.367676,78.10027,-7.9500256,WAL
2057642345000,270.124957,0.415025754586285,-11.012406456217,-0.941719818369254,2.2134702,1.6328428,-1.151481,41.79842,78.028725,-7.6553345,WAL
2057647291000,270.129903,0.46499835946747,-10.9981285307712,-1.18920316202964,2.146275,1.8322903,-1.128879,42.20954,77.9287,-7.3018436,WAL
2057652410000,270.135022,0.516718894119066,-10.9833511954785,-1.44534291864054,2.146275,2.0436497,-1.0961977,42.655087,77.80645,-6.966242,WAL
2057657240000,270.139852,0.542193594854542,-10.897647607362,-1.57869666532753,2.122146,2.140472,-1.0720685,43.148045,77.66894,-6.6472025,WAL
2057662374000,270.144986,0.532463277973481,-10.6933112576687,-1.54950566388284,2.032654,2.1563544,-1.047023,43.66844,77.527374,-6.3556843,WAL
2057667276000,270.149888,0.52498954880232,-10.4114547407443,-1.59127362551957,1.8945986,2.1847596,-1.0091494,44.256245,77.41291,-6.0803666,WAL
2057672357000,270.154969,0.520285824717255,-9.97401084678589,-1.75119938980184,1.8102992,2.2174408,-0.95386606,44.840816,77.29283,-5.828489,WAL
2057677244000,270.159856,0.458236267872028,-9.5362764461403,-1.92101970862929,1.7562376,2.1875083,-0.895223,45.433014,77.16576,-5.5980153,WAL
2057682346000,270.164958,0.257457837413169,-9.03911073084825,-2.13613941632913,1.7003434,2.1169536,-0.8368854,46.01344,77.04985,-5.391645,WAL
2057687275000,270.169887,0.0206605447205708,-8.56089589821641,-2.3533511667063,1.6282613,2.160325,-0.7535023,46.63687,76.93194,-5.2276487,WAL
2057692346000,270.174958,-0.345061120927467,-8.07487099833532,-2.60358180225922,1.6215417,2.1896465,-0.68600166,47.22819,76.80656,-5.078443,WAL
2057697287000,270.179899,-0.710801407126089,-7.63659333032942,-2.79908643599016,1.6059648,2.1401663,-0.64476824,47.844204,76.688255,-4.988829,WAL
2057702420000,270.185032,-1.12029418842863,-7.29224696796668,-2.85027309681939,1.5796975,2.081218,-0.63041294,48.45792,76.57497,-4.9175444,WAL
2057707310000,270.189922,-1.49207360658809,-6.94933677993351,-2.89021030114838,1.534799,2.0030272,-0.6239988,49.100296,76.45843,-4.931952,WAL
2057712375000,270.194987,-1.76082137388939,-6.49979499329102,-2.87555134315503,1.4935656,1.9416351,-0.6215554,49.72497,76.3548,-4.9513226,WAL
2057717416000,270.200028,-2.00038886016429,-6.07049346577283,-2.85720794668114,1.4468343,1.8777997,-0.6197228,50.33684,76.259,-5.0601287,WAL
2057722347000,270.204959,-2.10294146186385,-5.73608311169861,-2.82153741579643,1.4052955,1.8246545,-0.61178154,50.92943,76.18089,-5.170932,WAL
2057727520000,270.210132,-2.21354151414785,-5.37002891405681,-2.77070160670066,1.3478742,1.7583756,-0.5907067,51.5807,76.063896,-5.3285856,WAL
2057732325000,270.214937,-2.35179222176803,-4.8505412210488,-2.56542014293518,1.2852604,1.7318029,-0.57360244,52.22198,75.96999,-5.4872766,WAL
2057737296000,270.219908,-2.49481912449017,-4.31310660670066,-2.35304674930808,1.2666291,1.6701056,-0.5589417,52.874443,75.85095,-5.6556664,WAL
2057742346000,270.224958,-2.60081630874773,-3.92516056207892,-2.23547102663886,1.1982121,1.6108516,-0.5671884,53.514412,75.77335,-5.8205748,WAL
2057747679000,270.230291,-2.70160501006843,-3.55236068138807,-2.12466007333333,1.0855075,1.6734654,-0.5522222,54.163597,75.718155,-5.9994893,WAL
2057752397000,270.235009,-2.72368875513197,-3.31385600410557,-1.8684884,1.0170907,1.7519615,-0.52626044,54.81471,75.62271,-6.194317,WAL
2057757343000,270.239955,-2.74683970957967,-3.0638254543304,-1.59993708666667,0.9398162,1.7996091,-0.52931476,55.486267,75.53925,-6.400218,WAL
2057762378000,270.24499,-2.76080594202303,-2.88192575674342,-1.37988711603618,0.81214535,1.8322903,-0.53878313,56.171734,75.490105,-6.616281,WAL
2057767306000,270.249918,-2.77374306775402,-2.70943125732822,-1.16858132948648,0.67011917,1.858252,-0.54458636,56.866146,75.469696,-6.835357,WAL
2057772350000,270.254962,-2.76998420307645,-2.59309955273176,-0.943245031947731,0.5384777,1.8823812,-0.5375614,57.596645,75.418175,-7.048026,WAL
2057777241000,270.259853,-2.76034527451384,-2.50153015914189,-0.721550681489865,0.40439278,1.9058995,-0.54244834,58.333435,75.408714,-7.257386,WAL
2057782349000,270.264961,-2.78761999917747,-2.45826827374685,-0.449129454630927,0.2828306,1.9220876,-0.52656585,59.06434,75.390656,-7.471936,WAL
2057787295000,270.269907,-2.82428888888136,-2.43076666629572,-0.174113650058061,0.14080444,1.9068159,-0.51068336,59.791584,75.412575,-7.684259,WAL
2057792346000,270.274958,-2.78617662977327,-2.49576956479714,-0.0090568232195704,0.029626964,1.8445076,-0.49388456,60.491226,75.42803,-7.8912272,WAL
2057797312000,270.279924,-2.71996551869531,-2.59508610795545,0.109177120140016,-0.065973446,1.8078557,-0.48349985,61.191418,75.47213,-8.1005745,WAL
2057802376000,270.284988,-2.59765616611144,-2.60687788366052,0.253522367031529,-0.16218472,1.7617353,-0.47036624,61.863926,75.49469,-8.306369,WAL
2057807320000,270.289932,-2.45682417420186,-2.58340589317866,0.403743218857823,-0.2751948,1.6600263,-0.45204028,62.5073,75.53905,-8.509969,WAL
2057812341000,270.294953,-2.28305641082415,-2.52213471170718,0.507314339181542,-0.3839288,1.539075,-0.43218717,63.121952,75.59282,-8.690509,WAL
2057817395000,270.300007,-2.09463549772123,-2.44400899885112,0.590035679382833,-0.50946164,1.416902,-0.41447207,63.70412,75.67071,-8.867874,WAL
2057822350000,270.304962,-1.9229282662919,-2.3511330560483,0.696566627922132,-0.6310238,1.3469579,-0.3820962,64.24722,75.75294,-9.016082,WAL
2057827372000,270.309984,-1.757705930127,-2.24599153137622,0.821735074074537,-0.7742717,1.2159272,-0.3643811,64.73576,75.86377,-9.153133,WAL
2057832338000,270.31495,-1.60902713832258,-2.18673721909677,0.92567561883871,-0.8567385,1.065349,-0.33353242,65.18186,75.978386,-9.25347,WAL
2057837351000,270.319963,-1.46607374345409,-2.148616327067,1.0209779484268,-1.0213667,0.9098838,-0.29443705,65.58588,76.13231,-9.352205,WAL
2057842341000,270.324953,-1.453616525964,-2.19078957770646,1.17638036164068,-1.1841623,0.75808376,-0.2556471,65.929794,76.28909,-9.415618,WAL
2057847347000,270.329959,-1.50890678311688,-2.27492695064935,1.36388657662338,-1.3643675,0.6053675,-0.20830505,66.225174,76.46892,-9.4833975,WAL
2057852426000,270.335038,-1.56500331049992,-2.36029125691721,1.55412710117334,-1.5457945,0.44929138,-0.15943582,66.46836,76.66637,-9.518808,WAL
2057857348000,270.33996,-1.61936580464825,-2.44301681617109,1.73848698733892,-1.7275269,0.30085114,-0.087659165,66.66597,76.87808,-9.566446,WAL
2057862340000,270.344952,-1.70112124575374,-2.62499962691507,2.02113371346699,-1.8891008,0.15149458,-0.018020526,66.82394,77.09907,-9.617212,WAL
2057867376000,270.349988,-1.7969038320976,-2.85761443864195,2.35409208728958,-2.053118,0.018936822,0.05955936,66.94071,77.32629,-9.684013,WAL
2057872344000,270.354956,-1.88790263915731,-3.39617323530442,2.86002196801277,-2.1994202,-0.11209377,0.1591304,66.97811,77.5015,-9.7754135,WAL
2057877348000,270.35996,-1.97676655488823,-4.18607476574637,3.5116907692902,-2.3176227,-0.23273966,0.25442538,66.97719,77.66951,-9.8819275,WAL
2057882340000,270.364952,-2.03424079058615,-5.41308722738307,4.18257825301954,-2.4077253,-0.37232238,0.3662137,66.9068,77.77761,-10.010439,WAL
2057887350000,270.369962,-2.07211716181172,-6.92340462554766,4.86908633206039,-2.4425447,-0.48899764,0.50823987,66.80294,77.85081,-10.169795,WAL
2057892342000,270.374954,-1.97138139513678,-9.20398074741641,5.75967816094225,-2.414445,-0.5491679,0.6246097,66.640816,77.85624,-10.304578,WAL
2057897296000,270.379908,-1.77430093548126,-12.0111748357244,6.78834172850051,-2.2342396,-0.49021935,0.71593404,66.474144,77.8088,-10.4694195,WAL
2057902402000,270.385014,-1.09599285123548,-14.1202614665288,8.4586982985824,-1.8164078,-0.35796702,0.7867944,66.30911,77.68583,-10.565224,WAL
2057907348000,270.38996,-0.144738200002953,-15.6777075915535,10.454467727407,-1.0861185,-0.36132678,0.7174612,66.12185,77.507095,-10.6408205,WAL
2057912341000,270.394953,1.28326496879582,-16.7907395546867,11.3602701819959,-0.064751714,-0.453262,0.2770274,66.00047,77.3272,-10.417893,WAL
2057917385000,270.399997,3.06798265067638,-17.5792260553221,11.4641427614114,0.8695667,-0.36132678,-0.3933972,65.94389,77.09134,-10.132916,WAL
2057922345000,270.404957,4.54912869393491,-18.146582278501,10.7929056380671,1.3768903,-0.1469131,-0.8045095,65.73935,76.69819,-9.584367,WAL
2057927348000,270.40996,5.80601180946746,-18.5387681392505,9.44624506903353,1.5531249,0.44929138,-0.8381071,65.70541,76.167755,-9.036496,WAL
2057932310000,270.414922,5.94558714963155,-18.1614028062139,8.22299237641904,1.5717562,1.0393872,-0.78893244,65.728096,75.69199,-8.222015,WAL
2057937354000,270.419966,4.97389887438757,-17.0069210157339,7.09256276080462,1.5100589,1.4395039,-0.8045095,65.881065,75.122925,-7.4859657,WAL
2057942342000,270.424954,3.91450652808459,-15.3107651013331,6.1451152695199,1.3991868,1.6804903,-0.80481493,66.1642,74.767654,-6.737755,WAL
2057947347000,270.429959,2.75188014385086,-13.0479673284554,5.36682823809763,1.2223413,1.7311921,-0.7706065,66.50781,74.39141,-6.0659804,WAL
2057952346000,270.434958,1.56352399098583,-10.8418918468713,4.82615372004132,1.0198395,1.6520851,-0.72418076,66.95164,74.0836,-5.569578,WAL
2057957338000,270.43995,0.349994418943329,-8.69234548748524,4.52041950516529,0.8045095,1.488984,-0.6792821,67.37602,73.806015,-5.1091275,WAL
2057962330000,270.444942,-0.686320494179104,-6.82389704036635,4.33581148846676,0.5882632,1.2843442,-0.63346726,67.79613,73.54494,-4.824082,WAL
2057967343000,270.449955,-1.52384090776119,-5.26983142756348,4.28928260845125,0.35369098,1.0708468,-0.5357288,68.14964,73.33743,-4.565573,WAL
2057972308000,270.45492,-2.26662415689544,-4.10897858302165,4.14047660445878,0.1386664,0.89949906,-0.38973203,68.45032,73.10069,-4.4874535,WAL
2057977302000,270.459914,-2.88345704325196,-3.50976952496545,3.83646617586366,-0.073303826,0.8384125,-0.19792034,68.699486,72.92179,-4.444853,WAL
2057982258000,270.46487,-3.45075186645377,-3.10749377197152,3.47565193382892,-0.2837469,0.895223,0.016798794,68.884926,72.73465,-4.5439444,WAL
2057987318000,270.46993,-3.86679273777615,-3.39669314229924,2.89217957763585,-0.50243664,1.03786,0.24007004,69.05938,72.59152,-4.7013226,WAL
2057992243000,270.474855,-4.07515268518519,-3.8889520845679,2.54728275385802,-0.72051555,1.1074986,0.4334089,69.23527,72.49236,-4.9990373,WAL
2057997307000,270.479919,-3.83659725740741,-4.88059484104938,2.70631985223765,-0.8872818,0.93951076,0.5540548,69.37066,72.41854,-5.331713,WAL
2058002290000,270.484902,-3.63008404942069,-6.00304339593971,2.92758653048293,-1.0149527,0.46578476,0.5983425,69.48648,72.45105,-5.7337728,WAL
2058007310000,270.489922,-3.51178056659489,-7.60014025967395,3.35643659138727,-1.022283,-0.12889257,0.59559363,69.51446,72.474884,-6.1330934,WAL
2058012268000,270.49488,-3.50797966065396,-9.30105848908426,3.60984220359577,-0.8775079,-0.79229224,0.5497787,69.39797,72.51676,-6.4346933,WAL
2058017310000,270.499922,-3.78940703664922,-11.3425993036649,3.43812387643979,-0.65179324,-1.3814718,0.45112398,69.14199,72.535446,-6.6772137,WAL
2058022278000,270.50489,-4.05985589565844,-13.2454280747287,3.21348103554894,-0.40133846,-1.5384641,0.41996986,68.827225,72.52953,-6.8440485,WAL
2058027304000,270.509916,-4.31413659221016,-14.8635780057631,2.82974818037652,-0.25350907,-1.668273,0.42424592,68.36628,72.49523,-6.9452796,WAL
2058032294000,270.514906,-4.55997113111751,-16.3322942675448,2.46814938919531,0.063224554,-1.6893479,0.4456262,67.97441,72.47151,-7.028911,WAL
2058037322000,270.519934,-4.77798889493723,-17.194455019963,2.19067234342457,0.43004912,-1.6740762,0.4605924,67.562164,72.39263,-7.099926,WAL
2058042308000,270.52492,-4.81471135271918,-17.7247780170312,1.74540500472963,0.72234815,-1.5909985,0.4269948,67.251854,72.382034,-7.160145,WAL
2058047307000,270.529919,-4.29121480531256,-17.2429767770466,0.767902544039385,0.8454375,-1.4001031,0.26908615,66.98673,72.32787,-7.194666,WAL
2058052347000,270.534959,-3.64611650487805,-16.4523447478049,-0.206234902769854,0.77488256,-1.0497719,0.060170226,66.838875,72.319016,-7.2335176,WAL
2058057311000,270.539923,-2.49126006585366,-14.3235127653659,-1.11527850421102,0.44226643,-0.6261369,-0.10842858,66.77165,72.354774,-7.2573423,WAL
2058062282000,270.544894,-1.42246455471591,-12.185121641538,-1.9368886684832,-0.086132,-0.29871312,-0.22021692,66.84849,72.591095,-7.199234,WAL
2058067326000,270.549938,-0.983723314162882,-9.9670405849228,-2.11726000108992,-0.6789767,-0.267559,-0.32406402,66.96669,72.93639,-7.11145,WAL
2058072299000,270.554911,-0.61494151700864,-7.78514285475221,-2.1778631579998,-1.1490375,-0.49541172,-0.3484986,67.116554,73.44923,-6.9200826,WAL
2058077302000,270.559914,-0.629216816549806,-5.62005130239348,-1.53071494697587,-1.4443909,-0.9053023,-0.32253686,67.22701,74.05878,-6.7155075,WAL
2058082285000,270.564897,-0.696718817856119,-3.69881307282889,-1.05904551977644,-1.672549,-1.3530666,-0.26511553,67.236435,74.714935,-6.4843116,WAL
2058087319000,270.569931,-1.13888239853826,-3.40864329965606,-1.79598474075666,-1.8503108,-1.7547104,-0.18081611,67.14763,75.41085,-6.2560205,WAL
2058092490000,270.575102,-1.58411395089242,-3.14540362473129,-2.57262147238931,-1.969735,-1.9801197,-0.0842994,66.917114,75.97934,-6.049957,WAL
2058097313000,270.579925,-1.88927706501331,-3.32759046412583,-3.53821213494724,-2.0176878,-2.0512855,0.029932396,66.62246,76.54895,-5.866442,WAL
2058102666000,270.585278,-2.21346723141994,-3.55017908962739,-4.57920841238671,-2.0717494,-1.9941696,0.13041973,66.24942,77.217384,-5.8242927,WAL
2058107295000,270.589907,-2.33846911102719,-3.96089972434038,-5.15064587598187,-2.1096232,-1.8683313,0.226631,65.87373,77.86627,-5.819215,WAL
2058112599000,270.595211,-2.47998266983629,-4.43831338010009,-5.76777395483077,-2.1557434,-1.7479908,0.33628133,65.57405,78.61389,-5.908974,WAL
2058117322000,270.599934,-2.58741122898465,-4.93708890196794,-5.90973297633387,-2.1664336,-1.7058412,0.45998153,65.28554,79.311775,-6.038776,WAL
2058122320000,270.604932,-2.70109489161931,-5.46490597973535,-6.05995766180338,-2.1557434,-1.6670512,0.52778757,65.08313,80.03439,-6.211578,WAL
2058127290000,270.609902,-2.68860082404334,-5.83021094035008,-6.00447412798363,-2.1502457,-1.6447546,0.65087694,64.88504,80.65749,-6.4408216,WAL
2058132366000,270.614978,-2.61124615343639,-6.12121170852467,-5.84239787492612,-2.1138992,-1.568702,0.75502944,64.717285,81.173485,-6.6911073,WAL
2058137632000,270.620244,-2.52582015604396,-6.41593959007386,-5.65291092657179,-2.0790799,-1.4257594,0.88208944,64.60595,81.56543,-6.99197,WAL
2058142298000,270.62491,-2.40104567582418,-6.60913884626193,-5.28261225764727,-2.0305161,-1.2962561,1.035722,64.516975,81.78667,-7.332344,WAL
2058147378000,270.62999,-2.26520033516484,-6.81948008531796,-4.8794581131688,-1.9590448,-1.1765264,1.2186762,64.48097,81.83325,-7.6895027,WAL
2058152258000,270.63487,-2.14543550962948,-7.19710644893062,-4.56680314957325,-1.861001,-1.0693196,1.4257594,64.48702,81.69893,-8.096841,WAL
2058157207000,270.639819,-2.02645864751481,-7.62066407209559,-4.26698160811326,-1.7406605,-0.95905846,1.6325374,64.53865,81.39466,-8.553602,WAL
2058162215000,270.644827,-1.83502992822605,-8.15591320608895,-4.01877259225948,-1.5958854,-0.85154617,1.822211,64.63432,80.9781,-9.019808,WAL
2058167235000,270.649847,-1.62457076097901,-8.72032652496269,-3.78439747774351,-1.4501941,-0.7825184,2.0292943,64.764305,99.55591,-9.542141,WAL
2058172206000,270.654818,-1.41910161575392,-9.40697818824854,-3.50868746731498,-1.3075571,-0.7495316,2.2104158,64.95616,100.109314,-10.050612,WAL
2058177195000,270.659807,-1.21368606490941,-10.1308234091514,-3.22012746604565,-1.2177598,-0.75655663,2.3127358,65.16917,100.70884,-10.583943,WAL
2058182247000,270.664859,-1.22036499077086,-11.1051154260418,-2.88071099615051,-1.1643091,-0.7984009,2.316401,65.47458,101.21866,-11.034053,WAL
2058187212000,270.669824,-1.27070051531133,-12.1118278281205,-2.53751367322683,-1.1624765,-0.8555168,2.2149973,65.77753,101.722206,-11.471913,WAL
2058192210000,270.674822,-1.21043305570184,-12.9064574393356,-2.56459393974073,-1.2034045,-0.8356637,2.0723603,66.08439,102.13482,-11.824509,WAL
2058197238000,270.67985,-1.11289983633786,-13.6330803309702,-2.71577053159814,-1.2302825,-0.7110472,1.9263636,66.40296,102.51544,-12.139984,WAL
2058202217000,270.684829,-0.899347740757699,-13.9867829831848,-2.91077010952188,-1.2156218,-0.48747048,1.7412714,66.685616,102.81874,-12.385167,WAL
2058207197000,270.689809,-0.652962260935981,-14.2379995674635,-3.11850693529173,-1.2034045,-0.18203785,1.5332718,67.02369,103.07869,-12.57664,WAL
2058212199000,270.694811,-0.293369278829747,-14.0078000957913,-3.21869354538183,-1.2263119,-0.007330383,1.3112222,67.34352,103.30494,-12.7144375,WAL
2058217239000,270.699851,0.097290033072748,-13.6539087836603,-3.29222945854123,-1.244027,0.3277292,1.0980303,67.792725,103.48295,-12.788903,WAL
2058222202000,270.704814,0.496762996786632,-13.1100088894602,-3.23085534627249,-1.2721269,0.6102544,0.99082345,68.22469,103.67276,-12.8418665,WAL
2058227200000,270.709812,0.905275593197944,-12.4800136876093,-3.11273125234961,-1.3206906,0.76174897,0.7690793,68.70515,103.79075,-12.800854,WAL
2058232228000,270.71484,1.03796315048457,-11.7817768011274,-2.59775539308742,-1.387275,0.72356987,0.552833,69.15732,103.91938,-12.730692,WAL
2058237233000,270.719845,1.08062409357199,-11.0660207197389,-1.9578414447587,-1.4899004,0.46211955,0.36682457,69.57907,104.024605,-12.612541,WAL
2058242196000,270.724808,0.825123262212774,-10.4360184655922,-1.3233899169913,-1.6627752,0.0421497,0.18081611,69.88248,104.114784,-12.440776,WAL
2058247220000,270.729832,0.458822230043504,-9.82710261192407,-0.681173820016808,-1.8457294,-0.42943826,0.004276057,70.08616,104.19672,-12.234547,WAL
2058252250000,270.734862,0.0675615737135778,-9.26421953964321,-0.405814579267592,-1.967597,-0.87781334,-0.1469131,70.08327,104.25622,-12.030715,WAL
2058257203000,270.739815,-0.327329379296333,-8.72829659464817,-0.278885354013875,-1.969735,-1.2287555,-0.2519819,69.96786,104.30903,-11.809547,WAL
2058262212000,270.744824,-0.858387497089197,-8.21265420757185,-0.700378740899901,-1.9117028,-1.5048665,-0.31215215,69.68251,104.351395,-11.639749,WAL
2058267245000,270.749857,-1.45073716418632,-7.70629031270565,-1.36916064836868,-1.8093829,-1.733941,-0.32284227,69.31093,104.38022,-11.472059,WAL
2058272194000,270.754806,-1.73782434690103,-7.54063004972993,-1.86895724785315,-1.6869044,-1.8710803,-0.30818152,68.89386,104.427284,-11.370324,WAL
2058277386000,270.759998,-1.89259637912661,-7.53152582092832,-2.31506474432848,-1.5494597,-1.9165897,-0.2950479,68.44217,104.45047,-11.273993,WAL
2058282243000,270.764855,-1.94356150153409,-7.60364510816116,-2.5457654812655,-1.4220943,-1.8826867,-0.25625798,68.092896,104.58358,-11.274963,WAL
2058287216000,270.769828,-1.90420161931818,-7.75616465495868,-2.59988536105372,-1.325883,-1.8362609,-0.19272798,67.74262,104.70162,-11.288319,WAL
2058292211000,270.774823,-1.86466761335227,-7.90935893130165,-2.65424466118285,-1.2895365,-1.8258762,-0.12492194,67.45438,104.87659,-11.330501,WAL
2058297206000,270.779818,-1.82513360738636,-8.06255320764463,-2.70860396131198,-1.3271047,-1.7767016,-0.064751714,67.19949,105.05538,-11.383933,WAL
2058302214000,270.784826,-1.65479111493108,-8.17486370701278,-2.60401560136835,-1.3432927,-1.6395624,-0.009162978,66.91942,105.27259,-11.488055,WAL
2058307211000,270.789823,-1.40441627658718,-8.26153166696851,-2.40178969111581,-1.3264939,-1.5088371,0.06291912,66.663445,105.49952,-11.608198,WAL
2058312211000,270.794823,-1.17666923659651,-8.38826155790417,-2.13496224318854,-1.3362677,-1.4660766,0.12156218,66.382355,105.76542,-11.732355,WAL
2058317270000,270.799882,-0.959700711419615,-8.54013985176892,-1.82686696824899,-1.3756685,-1.3808609,0.13988814,66.15948,106.03345,-11.853942,WAL
2058322213000,270.804825,-0.782635125966102,-8.71160018824152,-1.49759136584216,-1.3878858,-1.3335189,0.17104226,65.90224,106.2721,-11.96097,WAL
2058327216000,270.809828,-0.655747513627119,-8.91969583940678,-1.12200404582627,-1.4367551,-1.318858,0.18234327,65.66529,106.518776,-12.062897,WAL
2058332203000,270.814815,-0.581412231306288,-9.07075119350913,-0.839728598504057,-1.4993688,-1.3399329,0.19150625,65.34466,106.73453,-12.155694,WAL
2058337202000,270.819814,-0.557135120154158,-9.16785955699797,-0.645511744776876,-1.5280794,-1.3545936,0.2003638,65.03516,106.94898,-12.248382,WAL
2058342194000,270.824806,-0.556186298255007,-9.18969440696387,-0.59411090500151,-1.5351044,-1.3371841,0.21319197,64.68465,107.106514,-12.32493,WAL
2058347200000,270.829812,-0.575484481151253,-9.14627364154171,-0.666479065673744,-1.5289958,-1.289842,0.22693644,64.343414,107.26238,-12.400673,WAL
2058352238000,270.83485,-0.661534495177066,-9.06930871753794,-0.734038828920742,-1.4804319,-1.1737776,0.26236662,64.00966,107.37976,-12.474138,WAL
2058357226000,270.839838,-0.800268074761102,-8.96637712713135,-0.796692716535507,-1.3875804,-1.0274754,0.30482176,63.703506,107.4851,-12.545589,WAL
2058362223000,270.844835,-0.949043229858112,-8.83433321858935,-0.8125830980876,-1.2748758,-0.88147855,0.36193767,63.39296,107.62704,-12.6508875,WAL
2058367285000,270.849897,-1.11352684608267,-8.65988106395229,-0.762739573288094,-1.1420126,-0.7330383,0.41263947,63.13109,107.74753,-12.753239,WAL
2058372240000,270.854852,-1.26546292399401,-8.53706099990015,-0.74197156667998,-1.0250319,-0.6374379,0.46975538,62.902878,107.88971,-12.888472,WAL
2058377243000,270.859855,-1.40898588078882,-8.46529954648028,-0.751539760469296,-0.93218035,-0.58093286,0.52290064,62.71226,108.014725,-13.025405,WAL
2058382226000,270.864838,-1.5336321751067,-8.41863965975186,-0.752092506511166,-0.8530733,-0.5500842,0.57696223,62.54128,108.14553,-13.197882,WAL
2058387245000,270.869857,-1.63859020053598,-8.39955650014888,-0.7425508768933,-0.79717916,-0.5421429,0.61758476,62.38569,108.26674,-13.373081,WAL
2058392225000,270.874837,-1.68917566721534,-8.40901344261554,-0.772928929671701,-0.7648033,-0.55771995,0.65576386,62.239933,108.40245,-13.578683,WAL
2058397225000,270.879837,-1.67618371641494,-8.45231994528353,-0.850880706826445,-0.7840455,-0.60231316,0.6914995,62.094143,108.54167,-13.788197,WAL
2058402349000,270.884961,-1.64868220908131,-8.51905521330517,-0.930199207866948,-0.82772243,-0.6441574,0.7031059,61.940544,108.693,-14.011778,WAL
2058407341000,270.889953,-1.58305433022175,-8.64526267265047,-1.0059237572735,-0.88025683,-0.6979135,0.71776664,61.7776,108.85337,-14.240032,WAL
2058412241000,270.894853,-1.51091170522769,-8.78963786473476,-1.07788639128719,-0.9468411,-0.7263188,0.74036866,61.606113,109.044205,-14.466825,WAL
2058417336000,270.899948,-1.42165752760181,-8.97754119004525,-1.14835018733032,-0.9807441,-0.79076505,0.7486154,61.413826,109.23229,-14.690355,WAL
2058422264000,270.904876,-1.34218066175157,-9.16208444702659,-1.18482909221636,-1.0558805,-0.8374963,0.75319684,61.207462,109.45041,-14.904791,WAL
2058427310000,270.909922,-1.27842792874975,-9.35824705693119,-1.14069256899736,-1.1294898,-0.89827734,0.7431176,60.98339,109.6651,-15.1143465,WAL
2058432286000,270.914898,-1.21725784540646,-9.55763221250928,-1.07460909081292,-1.1630874,-0.9660834,0.73426,60.730312,109.88442,-15.311584,WAL
2058437319000,270.919931,-1.15911002149221,-9.77233151076466,-0.95831344298441,-1.1774428,-1.0519099,0.7113526,60.4582,110.099594,-15.500214,WAL
2058442271000,270.924883,-1.10641507292419,-9.99225101323706,-0.849927186642599,-1.1948525,-1.1316279,0.68203104,60.138206,110.300476,-15.679613,WAL
2058447340000,270.929952,-1.07720640914561,-10.2648658184918,-0.772037365734055,-1.1969905,-1.2030991,0.6389651,59.798912,110.484276,-15.846877,WAL
2058452336000,270.934948,-1.05821853266141,-10.5478155193496,-0.69675936004564,-1.1936307,-1.2577715,0.59589905,59.40235,110.631676,-15.9924,WAL
2058457339000,270.939951,-1.08555297997528,-10.8986073077874,-0.628423194190358,-1.174083,-1.2675453,0.5546656,59.001453,110.75918,-16.121424,WAL
2058462353000,270.944965,-1.12219699971913,-11.2437699576933,-0.549981731961731,-1.1301007,-1.2403619,0.5045747,58.56389,110.84301,-16.223217,WAL
2058467401000,270.950013,-1.27495515999298,-11.5110968489423,-0.346304161299043,-1.0800097,-1.1997393,0.43157628,58.1296,110.901024,-16.300684,WAL
2058472291000,270.954903,-1.42293206247696,-11.770056535592,-0.149001601762486,-1.0134255,-1.1704178,0.3747658,57.66575,110.91667,-16.35868,WAL
2058477345000,270.959957,-1.58612939907202,-11.7621289009482,0.0404575083195481,-0.9379836,-1.1722504,0.33383787,57.20773,110.90468,-16.395033,WAL
2058482257000,270.964869,-1.74745718684688,-11.6814653786564,0.220764993572725,-0.816116,-1.1991285,0.3286455,56.75606,110.8647,-16.420727,WAL
2058487349000,270.969961,-1.80060904933439,-11.5563422416054,0.173552737240612,-0.6429357,-1.2269229,0.35338554,56.251553,110.78115,-16.454227,WAL
2058492243000,270.974855,-1.82388982580966,-11.4259696016292,0.0711172536550765,-0.40744713,-1.2501358,0.38820487,55.749615,110.666405,-16.484453,WAL
2058497293000,270.979905,-1.68021598349702,-11.258344843058,-0.289987482161371,-0.13041973,-1.2345587,0.41630468,55.221912,110.53397,-16.538958,WAL
2058502307000,270.984919,-1.4906586382823,-11.0826573920662,-0.71995899789871,0.17012598,-1.1432343,0.43157628,54.720806,110.36554,-16.587961,WAL
2058507347000,270.989959,-1.16422930802182,-10.7811352097393,-1.29657854738331,0.43218717,-0.9596693,0.4111123,54.263363,110.19213,-16.639399,WAL
2058512244000,270.994856,-0.794658239391796,-10.4399932100424,-1.91253041089109,0.57848936,-0.84238315,0.36254853,53.821346,109.991516,-16.67666,WAL
2058517349000,270.999961,-0.32688983568056,-10.0390249225687,-2.49873625772855,0.59223384,-0.57818395,0.32528573,53.529533,109.82123,-16.685741,WAL
2058522298000,271.00491,0.156597952066453,-9.63381611162926,-3.04668902806762,0.52564955,-0.267559,0.2724459,53.286766,109.63059,-16.66288,WAL
2058527341000,271.009953,0.478028139790507,-9.40101302277098,-3.52822888735958,0.34055737,0.038179077,0.25228736,53.183758,109.51555,-16.622007,WAL
2058532301000,271.014913,0.713585999116486,-9.25679353081672,-3.96569330755996,0.10567969,0.30848694,0.2321288,53.15853,109.406395,-16.551195,WAL
2058537355000,271.019967,0.542289550670733,-9.72290603305931,-3.33984619020596,-0.11911872,0.4908302,0.17348573,53.25472,109.34273,-16.431662,WAL
2058542345000,271.024957,0.200130123341996,-10.4410183313003,-2.27112616174313,-0.3286455,0.5510005,0.06841691,53.38722,109.296104,-16.285887,WAL
2058547310000,271.029922,-0.165349243385159,-10.9055010395902,-1.32192419321118,-0.47128254,0.4364632,-0.05131268,53.562878,109.28895,-16.112513,WAL
2058552379000,271.034991,-0.570976027192281,-11.0551966318512,-0.50101284489804,-0.56107974,0.17073683,-0.16676621,53.70074,109.28536,-15.916737,WAL
2058557283000,271.039895,-0.960963530629031,-11.1998592862387,0.0321586512852466,-0.5830709,-0.14202617,-0.25717425,53.576588,109.15457,-15.714736,WAL
2058562348000,271.04496,-1.36041203945431,-11.3490514015279,0.224663965074313,-0.54519725,-0.42149702,-0.30176744,53.378723,109.01486,-15.510244,WAL
2058567285000,271.049897,-1.69771215616438,-11.5463928948654,0.327742569976051,-0.4251622,-0.6038403,-0.31856623,52.99656,108.8119,-15.347323,WAL
2058572349000,271.054961,-1.96716551506849,-11.8251372554363,0.309159586732446,-0.27091873,-0.6795876,-0.3032946,52.569035,108.596054,-15.191427,WAL
2058577243000,271.059855,-2.13076822646801,-12.1580120626643,0.272338878159509,-0.112399206,-0.6768387,-0.26053402,52.079876,108.396706,-15.094596,WAL
2058582346000,271.064958,-2.08317789395267,-12.6481920105171,0.191435422208589,0.023518313,-0.6414085,-0.21563543,51.58904,108.18248,-15.002244,WAL
2058587245000,271.069857,-1.98069842188264,-13.1269543312958,0.174068417542787,0.12308934,-0.54336464,-0.18692477,51.126827,107.98153,-14.937113,WAL
2058592347000,271.074959,-1.70692622457213,-13.6496099474328,0.333354042603912,0.23945917,-0.4025602,-0.19792034,50.6981,107.76212,-14.866159,WAL
2058597290000,271.079902,-1.41149586121081,-14.1210624967462,0.477605222855453,0.3726278,-0.3023783,-0.22937989,50.26924,107.521645,-14.779314,WAL
2058602363000,271.084975,-1.03785315480181,-14.5234471344902,0.60215282500493,0.5174029,-0.25045475,-0.29810223,49.87496,107.25672,-14.67217,WAL
2058607271000,271.089883,-0.659277193306166,-14.8416672231278,0.626352925885512,0.64812803,-0.23701571,-0.3622431,49.447655,106.916306,-14.508738,WAL
2058612311000,271.094923,-0.224229897726532,-14.9758837424489,0.390316634160514,0.81336707,-0.2275473,-0.44623706,49.04082,106.53989,-14.318586,WAL
2058617329000,271.099941,0.173469274738575,-15.0335924261232,0.168465747017816,0.90408057,-0.17012598,-0.4868596,48.60322,106.10154,-14.067299,WAL
2058622315000,271.104927,0.423130146626646,-14.779308598567,0.00202514966692485,1.0913107,-0.09193522,-0.56046885,48.18082,105.61444,-13.785127,WAL
2058627311000,271.109923,0.651150437043871,-14.4943736700854,-0.14662223514182,1.2965615,-0.031154128,-0.65668017,47.766705,105.0827,-13.440818,WAL
2058632344000,271.114956,0.726840044072039,-13.9976609280597,-0.170275225915203,1.4825699,-0.018020526,-0.7696902,47.366234,104.524345,-13.075404,WAL
2058637295000,271.119907,0.794066730609744,-13.5083451945844,-0.185070200404091,1.6520851,-0.0076358155,-0.88514376,46.984875,103.9352,-12.673604,WAL
2058642323000,271.124935,0.784549569827058,-13.0039342867872,-0.108932743710347,1.8044959,-0.009773844,-1.003957,46.60547,103.31583,-12.244808,WAL
2058647364000,271.129976,0.760573112922666,-12.4988578492419,-0.0283231293134357,1.9761491,0.020463986,-1.0839803,46.249386,102.68586,-11.80452,WAL
2058652372000,271.134984,0.559345999704396,-12.0049368651664,0.104303823509679,2.1878138,0.0711658,-1.1484267,45.899727,102.03278,-11.340598,WAL
2058657693000,271.140305,0.34216141326951,-11.490706465971,0.240942735568058,2.4236078,0.12644911,-1.2095132,45.565342,101.3796,-10.8721485,WAL
2058662340000,271.144952,0.0837023449745917,-11.2564778466425,0.273250113306715,2.698192,0.17898351,-1.2654073,45.246803,100.723656,-10.391603,WAL
2058667316000,271.149928,-0.193055202655172,-11.0056662241379,0.307844800551724,2.9746084,0.25442538,-1.3255776,44.977287,100.10151,-9.924556,WAL
2058672344000,271.154956,-0.667043381323529,-11.1161844607843,0.31241984745098,3.2244523,0.33261612,-1.3808609,44.72582,99.50841,-9.44796,WAL
2058677289000,271.159901,-1.19168811586765,-11.3343995539216,0.307776977254902,3.4287865,0.39003745,-1.4309518,44.49207,98.96393,-8.961273,WAL
2058682342000,271.164954,-1.81356324202312,-11.8692104222069,0.0372665845796701,3.5549302,0.45906523,-1.4825699,44.315903,81.46633,-8.508627,WAL
2058687325000,271.169937,-2.45940025847081,-12.5150476847772,-0.330436246039712,3.563788,0.5934556,-1.5180001,44.17703,81.8046,-8.053398,WAL
2058692339000,271.174951,-3.06289119697509,-13.0785271963227,-0.910665717200474,3.4981198,0.77488256,-1.5100589,44.12612,81.970726,-7.6739783,WAL
2058697320000,271.179932,-3.64289866052788,-13.6019482644326,-1.57555230614868,3.368311,0.9419542,-1.4547756,44.10992,82.03806,-7.3082824,WAL
2058702370000,271.184982,-4.31183810634384,-14.0561896261311,-1.97087195592125,3.1978796,1.0296134,-1.3646729,44.209476,81.963326,-7.0562363,WAL
2058707369000,271.189981,-5.0116040116138,-14.4703366697822,-2.23268902620066,3.0292807,0.9468411,-1.2910637,44.30357,81.83991,-6.8226957,WAL
2058712336000,271.194948,-5.68741866107559,-14.7251413681835,-2.25733144736743,2.8759537,0.86101454,-1.2382239,44.512096,81.659325,-6.709987,WAL
2058717373000,271.199985,-6.3631913138962,-14.9065567183152,-2.16662381965965,2.8142562,0.60139686,-1.2098186,44.639034,81.46374,-6.6073565,WAL
2058722342000,271.204954,-6.97117056133134,-14.9682477322364,-2.08992146417352,2.7143798,0.36377025,-1.1664472,44.825188,81.22905,-6.620516,WAL
2058727342000,271.209954,-7.533970379688,-14.9324335426862,-2.02340869571535,2.6398542,0.14569137,-1.1472049,44.93453,81.00193,-6.623816,WAL
2058732315000,271.214927,-7.7759503622379,-14.6924890186823,-1.81457503585412,2.6349673,-0.06688975,-1.1398746,45.08892,80.68614,-6.711648,WAL
2058737356000,271.219968,-7.86230430026831,-14.347073066183,-1.53152581637683,2.663678,-0.24465153,-1.1420126,45.18063,80.38325,-6.7878437,WAL
2058742339000,271.224951,-7.42835147938666,-14.1591918978761,-1.60855851492656,2.6493225,-0.31856623,-1.2366967,45.32912,80.039406,-6.898353,WAL
2058747341000,271.229953,-6.7247317657106,-14.049845378027,-1.87003880956729,2.5509732,-0.24312437,-1.3588698,45.46018,79.722,-6.9894032,WAL
2058752361000,271.234973,-6.03881029991104,-13.9434566831076,-2.65574586156964,2.3625214,0.09682214,-1.3946054,45.672443,79.38736,-7.087447,WAL
2058757347000,271.239959,-5.36860225343481,-13.8396220133439,-3.72241478383908,2.0665572,0.65270954,-1.4492778,45.963425,79.13128,-7.1513124,WAL
2058762339000,271.244951,-4.65952367432921,-13.4868341333968,-3.81708176327307,1.7406605,0.9960158,-1.4752395,46.206852,79.02,-7.1206512,WAL
2058767361000,271.249973,-3.92277305176023,-12.9788877421503,-3.31371179495718,1.6203201,1.0170907,-1.4251486,46.50668,78.928406,-7.103708,WAL
2058772337000,271.254949,-3.19726006048811,-12.364814536608,-2.74517082261353,1.7128662,0.91507614,-1.2797627,46.820892,78.98391,-7.0432405,WAL
2058777341000,271.259953,-2.47183691535372,-11.6443266515292,-2.10857498980538,1.8887954,0.88025683,-1.1572843,47.15291,79.0386,-6.995923,WAL
2058782330000,271.264942,-1.87317714851878,-11.2545788015456,-1.88500933412266,2.0540345,0.94042706,-1.1090258,47.446663,79.04904,-6.8619423,WAL
2058787365000,271.269977,-1.36198551629842,-11.1064760699495,-1.96622668273061,2.1636846,1.1328496,-1.1383474,47.762203,79.02211,-6.749904,WAL
2058792340000,271.274952,-0.906470542489569,-11.0102620760978,-2.04129742187562,2.218968,1.3341297,-1.1914927,48.07577,78.92708,-6.551688,WAL
2058797296000,271.279908,-0.491537748442281,-10.9536801734552,-2.11202465247367,2.2354615,1.5467108,-1.241889,48.442642,78.814415,-6.362788,WAL
2058802380000,271.284992,-0.110915349242191,-10.794667557366,-1.90574214052256,2.218357,1.6453656,-1.2342533,48.852196,78.69047,-6.1170177,WAL
2058807346000,271.289958,0.223809377464327,-10.5562339632665,-1.47472671211917,2.201253,1.6621643,-1.2351695,49.29493,78.56286,-5.869865,WAL
2058812339000,271.294951,0.413308751083268,-10.3094479321231,-1.26715064216654,2.1374176,1.6722436,-1.2428054,49.76902,78.445015,-5.5766325,WAL
2058817364000,271.299976,0.437047637354972,-10.0530678314917,-1.31462841470994,2.0949624,1.6988163,-1.2373075,50.24593,78.31418,-5.298183,WAL
2058822343000,271.304955,0.437384280115035,-9.72747314864459,-1.50618643743123,2.0207422,1.7687603,-1.1911873,50.71617,78.14931,-4.9805765,WAL
2058827343000,271.309955,0.40864523340102,-9.31075713384015,-1.87979401970591,1.9349157,1.9074267,-1.1704178,51.20857,77.98911,-4.6729603,WAL
2058832317000,271.314929,0.32669140970334,-8.89330697023576,-2.18255812603143,1.8594738,2.0778582,-1.1209377,51.742992,77.81445,-4.399924,WAL
2058837346000,271.319958,0.175298838310413,-8.46751517485265,-2.40018488998035,1.8206838,2.2214115,-1.039998,52.29991,77.64168,-4.157481,WAL
2058842307000,271.324919,-0.0159045472738239,-8.04930880759952,-2.55139303555489,1.7864754,2.3270912,-0.9669997,52.925804,77.49319,-3.9552212,WAL
2058847336000,271.329948,-0.272496158858062,-7.62811135303579,-2.609489258846,1.7464638,2.368019,-0.926988,53.56496,77.35297,-3.7787066,WAL
2058852323000,271.334935,-0.514265734101336,-7.21573222498504,-2.63529349385597,1.6991217,2.3832908,-0.8881981,54.25058,77.22147,-3.6630218,WAL
2058857347000,271.339959,-0.73981452101536,-6.8078247654997,-2.61609786521045,1.6423112,2.3383923,-0.86590147,54.923286,77.106766,-3.5591466,WAL
2058862238000,271.34485,-0.959817835171737,-6.46295912351325,-2.58832989438665,1.5916094,2.293799,-0.8332202,55.61995,76.99294,-3.518803,WAL
2058867361000,271.349973,-1.19092435886163,-6.18370544928361,-2.54499735835133,1.520749,2.2589796,-0.81122905,56.299797,76.9073,-3.4850652,WAL
2058872244000,271.354856,-1.38482132515549,-5.9345795914745,-2.49431597689216,1.459357,2.2244658,-0.8029824,56.95669,76.834946,-3.5012996,WAL
2058877344000,271.359956,-1.53904350006698,-5.70558295478902,-2.42421505927662,1.3622295,2.1945333,-0.8011498,57.59857,76.79961,-3.5242634,WAL
2058882262000,271.364874,-1.67633775952076,-5.50318005272656,-2.34845392596391,1.278541,2.1731532,-0.8023715,58.26295,76.76008,-3.5800045,WAL
2058887356000,271.369968,-1.78698148897545,-5.34443054831871,-2.24743138163889,1.1878275,2.151162,-0.8045095,58.912754,76.7586,-3.637393,WAL
2058892270000,271.374882,-1.88131693848071,-5.20587059572326,-2.12318985488984,1.1111639,2.1197023,-0.81397796,59.601597,76.74287,-3.708243,WAL
2058897287000,271.379899,-1.93879497346227,-5.11007370403748,-1.91243704328581,1.0366384,2.084883,-0.8384125,60.278027,76.762535,-3.774736,WAL
2058902435000,271.385047,-1.97979736728745,-5.00878225374494,-1.67060411522267,0.9599747,2.0500638,-0.8542951,60.993637,76.76349,-3.849042,WAL
2058907409000,271.390021,-1.97015465408907,-4.90271245890688,-1.36685844809717,0.8579602,1.988061,-0.8735373,61.68759,76.80294,-3.913063,WAL
2058912304000,271.394916,-1.9731882399376,-4.7981249962461,-1.06470260213046,0.7504479,1.9538525,-0.8915578,62.401714,76.824646,-3.9709089,WAL
2058917453000,271.400065,-2.01165231419657,-4.68754063213729,-0.7377577450078,0.7079928,1.9107865,-0.92271197,63.09245,76.86674,-4.0164704,WAL
2058922347000,271.404959,-2.04925272184423,-4.56574145491763,-0.39258466532703,0.6044512,1.858863,-0.9425651,63.77075,76.90919,-4.041482,WAL
2058927360000,271.409972,-2.09136964242129,-4.38323532030412,0.0800600073613413,0.5030475,1.8057177,-0.9639453,64.43319,76.97163,-4.056115,WAL
2058932335000,271.414947,-2.14879312031641,-4.21101925659357,0.522869475758486,0.3643811,1.7351627,-0.9801333,65.07831,77.020035,-4.055237,WAL
2058937369000,271.419981,-2.28395584389707,-4.08068356791829,0.841467328519075,0.21624629,1.6594155,-0.9941832,65.70324,77.1047,-4.046928,WAL
2058942328000,271.42494,-2.41370757178606,-3.96345157692455,1.10289326043935,0.05589417,1.5909985,-0.9950995,66.29776,77.15287,-4.0260034,WAL
2058947390000,271.430002,-2.52946163600764,-3.89862935510984,1.11215357784145,-0.10751228,1.5241088,-0.9761627,66.86692,77.24357,-4.0039797,WAL
2058952377000,271.434989,-2.63456638860482,-3.84143286632579,1.11576445303141,-0.2593123,1.4905112,-0.95111716,67.42273,77.31952,-3.9939013,WAL
2058957343000,271.439955,-2.6454224853908,-3.85446018246896,1.06148392375822,-0.37507126,1.4874569,-0.9147707,67.96297,77.427444,-3.9915304,WAL
2058962385000,271.444997,-2.65644472461651,-3.86768686953981,1.0063726815924,-0.48197266,1.4740179,-0.8765916,68.50408,77.558136,-4.0140066,WAL
2058967311000,271.449923,-2.66721337801315,-3.88060925361578,0.952529369631118,-0.59712076,1.4639386,-0.86193085,69.04093,77.72043,-4.0404744,WAL
2058972287000,271.454899,-2.67809133564646,-3.89366280277575,0.898139536029949,-0.7125743,1.4379768,-0.83658,69.563034,77.905914,-4.07889,WAL
2058977309000,271.459921,-2.62928256225374,-3.86185676524823,0.78314732750197,-0.8219192,1.4046847,-0.8213083,70.08298,78.1143,-4.1155286,WAL
2058982305000,271.464917,-2.55387554058314,-3.8100144070922,0.641759267675335,-0.9254609,1.3900238,-0.7837401,70.5945,78.34517,-4.1643233,WAL
2058987322000,271.469934,-2.40978247600443,-3.74757965947035,0.504090492059209,-1.0115929,1.3805555,-0.7504479,71.10907,78.611336,-4.2176213,WAL
2058992325000,271.474937,-2.23127356195751,-3.68003578417078,0.369002640704864,-1.1016954,1.3567317,-0.70921457,71.60932,78.897575,-4.280363,WAL
2058997287000,271.479899,-2.07070314679194,-3.63644251253043,0.378791574071658,-1.1795808,1.3148874,-0.66950834,72.10829,79.21422,-4.3359437,WAL
2059002436000,271.485048,-1.91227040701003,-3.60283559963003,0.460408417688638,-1.2449434,1.2391402,-0.6270532,72.58531,79.54102,-4.3986692,WAL
2059007371000,271.489983,-1.78687380307942,-3.640474889141,0.586761799594814,-1.3118331,1.1933253,-0.59223384,73.060196,79.900955,-4.4370213,WAL
2059012306000,271.494918,-1.6762308897893,-3.71707376758509,0.739959667571583,-1.3826935,1.0711522,-0.57940567,73.488235,80.270004,-4.471656,WAL
2059017338000,271.49995,-1.61514883764731,-3.7824210564174,0.960170840850654,-1.4257594,0.91538155,-0.5549711,73.88205,80.62946,-4.4759474,WAL
2059022316000,271.504928,-1.63047130724234,-3.8283885718663,1.27172798927577,-1.5042557,0.7504479,-0.52442783,74.23559,81.00619,-4.478556,WAL
2059027306000,271.509918,-1.71874883765033,-3.85494607864029,1.55424890269357,-1.5873333,0.56199604,-0.47128254,74.52822,81.36127,-4.4477806,WAL
2059032298000,271.51491,-1.8708050782626,-3.86444958437531,1.81084370639101,-1.6878207,0.35002577,-0.43951756,74.76544,81.731,-4.4123483,WAL
2059037300000,271.519912,-1.98563744600413,-3.93501415472329,2.03715716022805,-1.790446,0.14966199,-0.41080686,74.93042,82.06214,-4.375046,WAL
2059042314000,271.524926,-2.06588007661457,-4.06245812690455,2.23540361299518,-1.8994855,-0.055283304,-0.36651915,75.03114,82.40215,-4.344424,WAL
2059047294000,271.529906,-2.17455201703286,-4.22791869528321,2.50004472073171,-2.0030272,-0.2669481,-0.30207285,75.04902,82.700836,-4.342922,WAL
2059052397000,271.535009,-2.31739044902237,-4.43971366488611,2.84482704878049,-2.104736,-0.46700647,-0.19425514,75.00835,82.99577,-4.3615456,WAL
2059057331000,271.539943,-2.40883472204473,-4.99939137276358,3.18384839732428,-2.1988094,-0.58093286,-0.101098195,74.91734,83.25602,-4.3975277,WAL
2059062300000,271.544912,-2.45634582348243,-5.90210299462859,3.5306796858726,-2.2449298,-0.6881397,-0.0027488936,74.76764,83.48873,-4.461231,WAL
2059067375000,271.549987,-2.42221630393514,-7.11529677415464,3.90257050492387,-2.2385156,-0.68508536,0.09682214,74.59259,83.63838,-4.564243,WAL
2059072314000,271.554926,-2.30997618601938,-8.57441835589282,4.28138081743128,-2.1303926,-0.57910025,0.26053402,74.412,83.72337,-4.7130723,WAL
2059077308000,271.55992,-2.09930441178565,-10.4034881081393,4.87869021305561,-1.8924606,-0.32528573,0.41538838,74.266335,83.719215,-4.8628616,WAL
2059082290000,271.564902,-1.78257321057341,-12.6160156855878,5.70953601399846,-1.529912,0.007941248,0.4886922,74.17139,83.64619,-5.0364842,WAL
2059087308000,271.56992,-1.02408101321716,-14.5267159086926,6.79651445113625,-0.9755518,0.34116822,0.41874814,74.15024,83.505424,-5.134368,WAL
2059092348000,271.57496,0.412176512921635,-15.9580553645165,8.27212095679201,-0.19822577,0.5122105,0.20372356,74.17799,83.282974,-5.210974,WAL
2059097293000,271.579905,2.02765478147306,-17.0459593664854,9.4008505485912,0.6389651,0.7128797,-0.15760323,74.29463,82.99709,-5.083207,WAL
2059102364000,271.584976,3.95773117468117,-17.7421307116164,10.1354321493821,1.2403619,0.9810496,-0.5290093,74.487206,82.62667,-4.9088964,WAL
2059107283000,271.589895,5.32043895694348,-17.8418420358309,9.88333472344848,1.4645494,1.1194105,-0.64904433,74.65101,82.11033,-4.4154763,WAL
2059112350000,271.594962,5.97846310892804,-17.1021648564783,8.21185740883896,1.4801265,1.3680327,-0.7357872,74.93092,81.47031,-3.8971732,WAL
2059117308000,271.59992,5.87721639052611,-15.8825066450899,6.83394391492738,1.4141531,1.539075,-0.7125743,75.169266,80.73122,-3.1733174,WAL
2059122361000,271.604973,4.60657021183034,-13.8625056208522,5.83325186765413,1.2742649,1.6401732,-0.6612616,75.45522,79.95273,-2.519976,WAL
2059127242000,271.609854,3.40263691384915,-11.8945562256177,5.01069998055917,1.0965031,1.642922,-0.60231316,75.80663,79.39507,-1.9011526,WAL
2059132327000,271.614939,2.2039571753669,-9.80478228682891,4.49504135288872,0.91690874,1.5540411,-0.54550266,76.15201,78.84971,-1.3395203,WAL
2059137279000,271.619891,1.05849546425514,-7.83993856014555,4.05452301294949,0.7171558,1.4156802,-0.51343226,76.51946,78.43091,-0.94444615,WAL
2059142351000,271.624963,0.00842482213184931,-6.2232456166524,3.95055575216182,0.5186246,1.2513574,-0.49327368,76.84056,78.057594,-0.57480764,WAL
2059147306000,271.629918,-0.969109171261329,-4.99207874537387,3.80413610839313,0.32650748,1.0687088,-0.4456262,77.11363,77.763275,-0.34257698,WAL
2059152550000,271.635162,-1.87945549104985,-4.58431962339502,3.53387707255476,0.124311075,0.90316427,-0.35216382,77.327,77.53044,-0.13140099,WAL
2059157403000,271.640015,-2.67029008264767,-4.3868656426935,3.25841537474848,-0.089186326,0.80939645,-0.21655174,77.515816,77.304726,-0.102531426,WAL
2059162345000,271.644957,-3.25959904248431,-4.93845861131587,2.87182859391374,-0.33536503,0.7825184,-0.033292156,77.66592,77.146614,-0.108355895,WAL
2059167372000,271.649984,-3.79478193590734,-5.59004497220077,2.60600062432432,-0.5726862,0.8359691,0.13347405,77.83652,77.07177,-0.27383015,WAL
2059172348000,271.65496,-4.02477342440154,-6.65720456046332,2.93718805459459,-0.77763146,0.82253003,0.28710666,77.969124,77.05316,-0.48223236,WAL
2059177309000,271.659921,-4.23207479866174,-7.80671696588435,3.29902763533407,-0.94134337,0.6753115,0.43218717,78.10957,77.16678,-0.81075007,WAL
2059182352000,271.664964,-4.22242797732947,-9.83250844893638,3.98393804931589,-1.0705414,0.3100141,0.5757405,78.17426,77.3144,-1.1670356,WAL
2059187307000,271.669919,-4.20108089743692,-11.8200040374449,4.58711953257909,-1.102001,-0.19272798,0.70554936,78.143875,77.450356,-1.5630195,WAL
2059192343000,271.674955,-4.05622067004405,-13.8094181563877,4.47606015264317,-0.96883225,-0.7699956,0.79534656,77.982895,77.554054,-1.9575561,WAL
2059197297000,271.679909,-3.95820080584667,-15.6781388447847,4.26159902693646,-0.70188415,-1.2757921,0.86376345,77.675674,77.58335,-2.321426,WAL
2059202411000,271.685023,-4.32343722454012,-16.6813218723277,2.93700768448842,-0.35613444,-1.45783,0.88239485,77.29698,77.53675,-2.6727087,WAL
2059207351000,271.689963,-4.60170558159581,-17.6060894717531,1.7844178508445,0.07696902,-1.4129313,0.8597928,76.875336,77.488594,-2.9560235,WAL
2059212348000,271.69496,-4.1139551150068,-18.0845490689187,1.92842040927975,0.3213151,-1.1313224,0.7281514,76.4792,77.39612,-3.2064803,WAL
2059217514000,271.700126,-3.54351153781285,-18.4721540087001,2.02792098581689,0.8912524,-0.8848383,0.5390886,76.18354,77.30957,-3.4666512,WAL
2059222318000,271.70493,-2.02158107838543,-17.2294770610015,1.38098421450683,1.4669929,-0.9392053,0.29993483,75.89394,77.15836,-3.663326,WAL
2059227468000,271.71008,-0.470208084376756,-15.7668364275224,0.605034344801015,1.7232509,-1.3041973,-0.08093964,75.59889,76.98488,-3.6715798,WAL
2059232304000,271.714916,0.0168156422917233,-12.8153047604025,-1.12054111649896,1.6038266,-1.5894713,-0.49602258,75.328125,76.781,-3.5997307,WAL
2059237292000,271.719904,0.519146979889403,-9.77100369431602,-2.90035302736833,1.1294898,-1.4181237,-0.8237518,75.105156,76.740234,-3.2222311,WAL
2059242307000,271.724919,0.397708822992513,-7.75086028291251,-3.34846963776424,0.4266894,-0.9034697,-0.97524637,74.912895,76.796326,-2.799639,WAL
2059247324000,271.729936,0.150844550361127,-5.93817134186729,-3.52832787254844,-0.33444872,-0.48838675,-1.0033462,74.75283,76.993546,-2.3446317,WAL
2059252371000,271.734983,-0.135129653479996,-4.19345383037088,-3.57223748352964,-0.95081174,-0.3659083,-0.9083566,74.704834,77.50068,-1.8493693,WAL
2059257310000,271.739922,-0.678435639243648,-3.03777754249002,-2.65598423272656,-1.3136657,-0.44012842,-0.7495316,74.7177,78.124626,-1.399814,WAL
2059262429000,271.745041,-1.23336689127866,-1.89627802382068,-1.7391071663678,-1.5180001,-0.5858198,-0.5681047,74.73519,78.78968,-1.119927,WAL
2059267341000,271.749953,-1.67430389415181,-1.43137696690779,-1.22627815151299,-1.674687,-0.72418076,-0.39767328,74.727394,79.53518,-0.8830504,WAL
2059272297000,271.754909,-2.11182652346677,-1.01548994513903,-0.768219073161112,-1.8051068,-0.8958339,-0.2510656,74.60045,80.156815,-0.77841604,WAL
2059277309000,271.759921,-2.48097648323802,-1.12434186775784,-0.896001747742063,-1.8826867,-1.1313224,-0.09315695,74.40767,80.803925,-0.719289,WAL
2059282355000,271.764967,-2.88030764626219,-1.30613692366378,-1.09770470986818,-1.9007072,-1.4080443,0.070554934,74.11692,81.380424,-0.76013863,WAL
2059287319000,271.769931,-3.61425628981582,-2.3748691377844,-2.19648158328819,-1.8753563,-1.7076738,0.25809056,73.7448,81.958885,-0.8481747,WAL
2059292280000,271.774892,-4.34776137053088,-3.44295546217046,-3.29459440944384,-1.8283197,-1.9856175,0.4361578,73.30354,82.54374,-1.0258093,WAL
2059297317000,271.779929,-4.55646697287081,-4.00857451884211,-3.98982236418182,-1.788308,-2.1774292,0.5983425,72.79584,83.102005,-1.253115,WAL
2059302362000,271.784974,-4.66742969607655,-4.48016571831579,-4.60936395781818,-1.7889189,-2.233018,0.73731434,72.24386,83.627174,-1.5284495,WAL
2059307312000,271.789924,-4.61027635587792,-4.8961369381688,-4.94226752878674,-1.7880026,-2.259896,0.8002335,71.72366,84.2783,-1.9417144,WAL
2059312242000,271.794854,-4.503538558685,-5.29640348027506,-5.19132224958553,-1.7910569,-2.1878138,0.9224065,71.21413,84.81713,-2.4216168,WAL
2059317361000,271.799973,-4.41307244576985,-5.95572062207297,-5.12480902987169,-1.779756,-2.0497584,1.0564915,70.759544,85.28877,-2.9439964,WAL
2059322324000,271.804936,-4.33684193985565,-6.73231838492382,-4.87706001002406,-1.7611245,-1.8881844,1.1838568,70.33662,85.52297,-3.5071008,WAL
2059327314000,271.809926,-4.22079623612112,-7.62326758424657,-4.72737631362653,-1.7458528,-1.7916678,1.3041973,69.96015,85.5165,-4.0855856,WAL
2059332328000,271.81494,-4.08231566546503,-8.57964859041096,-4.63217086481615,-1.7391334,-1.7366899,1.400714,69.62633,85.21283,-4.6974297,WAL
2059337329000,271.819941,-3.82057170466867,-9.59431056385542,-4.61668133268072,-1.7574593,-1.6475036,1.4883732,69.33805,84.68974,-5.309984,WAL
2059342274000,271.824886,-3.39739910953815,-10.6783935799197,-4.70702166676707,-1.7776178,-1.432479,1.5964963,69.112366,96.00678,-5.9526687,WAL
2059347284000,271.829896,-2.95346949919322,-11.6452078334006,-4.56853864098427,-1.7574593,-1.1976013,1.6920967,68.94625,96.74416,-6.5487084,WAL
2059352280000,271.834892,-2.4902595348931,-12.4316994554256,-4.11980402743042,-1.7412714,-0.9746355,1.7458528,68.850075,97.54976,-7.153301,WAL
2059357267000,271.839879,-1.92742985181007,-12.9854848295559,-3.70519009911804,-1.7290541,-0.8741482,1.7623463,68.84025,98.27954,-7.639729,WAL
2059362287000,271.844899,-1.23225442405907,-13.2467920206133,-3.33048563331966,-1.7635679,-0.81306165,1.7901406,68.89386,99.04657,-8.132562,WAL
2059367273000,271.849885,-0.646596943346196,-13.45308633551,-3.03440469762541,-1.777007,-0.79229224,1.8020525,68.98954,99.65213,-8.485282,WAL
2059372272000,271.854884,-0.168183958035025,-13.604662821312,-2.8165135858415,-1.7724255,-0.79473567,1.7916678,69.103065,100.26353,-8.833337,WAL
2059377289000,271.859901,0.207949497375796,-13.5856366958354,-2.62760458716316,-1.7440202,-0.77763146,1.6881261,69.28174,100.66149,-8.982469,WAL
2059382280000,271.864892,0.465556688025478,-13.3748673282705,-2.47304033537482,-1.7321084,-0.6936375,1.5409076,69.47954,101.0569,-9.118681,WAL
2059387268000,271.86988,0.670003687158399,-13.0646871144825,-2.30510946803074,-1.7614299,-0.6017023,1.3579534,69.74531,101.28013,-9.084452,WAL
2059392311000,271.874923,0.804975567992814,-12.6163876186246,-2.11711283056193,-1.8167132,-0.5323691,1.1710287,70.01835,101.492546,-9.021715,WAL
2059397313000,271.879925,0.935004444850242,-12.1718774718841,-1.91124375520773,-1.8506162,-0.52381694,0.95386606,70.215775,101.6971,-8.92651,WAL
2059402251000,271.884863,1.05837037957488,-11.733242804058,-1.68278830639614,-1.8484782,-0.5717699,0.8405506,70.41179,101.90504,-8.8210125,WAL
2059407201000,271.889813,1.15403632245079,-11.2731278537402,-1.48110211841535,-1.8212948,-0.6927212,0.6075055,70.51733,102.08116,-8.660935,WAL
2059412225000,271.894837,1.19665690229331,-10.7664169057087,-1.32956240534449,-1.7366899,-0.8854492,0.3915646,70.58425,102.24061,-8.489357,WAL
2059417234000,271.899846,1.206885613754,-10.1863883582437,-1.33076124639915,-1.6575829,-1.1478158,0.20891592,70.528015,102.38255,-8.303754,WAL
2059422231000,271.904843,1.14658523530096,-9.44422996597848,-1.6647325471358,-1.5803084,-1.3857478,0.08979719,70.41855,102.48946,-8.092471,WAL
2059427217000,271.909829,0.979459612283932,-8.8310278036828,-1.95520455319275,-1.5146403,-1.5796975,0.025045475,70.20525,102.58681,-7.8879304,WAL
2059432237000,271.914849,0.484473040815761,-8.60257232996733,-2.11702706858727,-1.4688255,-1.7742581,-0.033292156,69.92195,102.65931,-7.671056,WAL
2059437258000,271.91987,-0.00493631142337976,-8.39234549606299,-2.29781875953967,-1.4474452,-1.9837849,-0.1255328,69.58982,102.80698,-7.479461,WAL
2059442226000,271.924838,-0.470818079273168,-8.2434554488189,-2.53796393555421,-1.4758505,-2.2018638,-0.24190263,69.200294,102.94821,-7.281381,WAL
2059447212000,271.929824,-0.893006758753761,-8.09543943346598,-2.78238804276424,-1.518611,-2.3310618,-0.31612277,68.85304,103.10651,-7.1041465,WAL
2059452364000,271.934976,-1.18512767899835,-7.94698452596331,-3.04577580446472,-1.53205,-2.3619106,-0.32253686,68.474655,103.26134,-6.928115,WAL
2059457313000,271.939925,-1.44770069145631,-7.85948451621359,-3.30640268718447,-1.5173893,-2.2919664,-0.2770274,68.068306,103.516525,-6.8362446,WAL
2059462307000,271.944919,-1.64272172485437,-7.98485500737864,-3.59893423728155,-1.5012014,-2.1285598,-0.21899518,67.68755,103.7732,-6.7486486,WAL
2059467304000,271.949916,-1.82484882188981,-8.11667260994273,-3.86470871484992,-1.4837917,-1.8723019,-0.13591751,67.32686,104.13237,-6.747121,WAL
2059472315000,271.954927,-1.92909112902844,-8.28725119609005,-3.96895097251185,-1.4666874,-1.5677856,-0.038179077,67.03743,104.49096,-6.7556453,WAL
2059477290000,271.959902,-2.02122256948064,-8.45523993182247,-4.02803470115203,-1.45783,-1.3264939,0.055283304,66.81671,104.91378,-6.8072357,WAL
2059482298000,271.96491,-2.02575142825307,-8.61374998885741,-3.74271640932956,-1.4349225,-1.1636983,0.14996742,66.670876,105.33377,-6.873273,WAL
2059487550000,271.970162,-2.02303477592311,-8.7741121349448,-3.42340215277884,-1.3970488,-1.1050552,0.23579398,66.54752,105.78287,-6.9842353,WAL
2059492311000,271.974923,-1.87984475588123,-8.80882466387514,-2.75518202904454,-1.3897184,-1.1786644,0.2929099,66.44182,106.23256,-7.111709,WAL
2059497297000,271.979909,-1.72988772165969,-8.84517767148839,-2.05538250437762,-1.3845261,-1.2370021,0.34605515,66.33638,106.621124,-7.2554197,WAL
2059502421000,271.985033,-1.44756526634126,-8.914470475382,-1.4724259038837,-1.3787229,-1.3558154,0.36651915,66.199844,107.00137,-7.413934,WAL
2059507602000,271.990214,-1.14746488248195,-8.98585320857401,-0.919805603358303,-1.357648,-1.5097535,0.3726278,66.04485,107.37189,-7.588054,WAL
2059512309000,271.994921,-0.874881110577617,-9.02246882563177,-0.675700757534296,-1.3075571,-1.6847663,0.36468655,65.76025,107.623924,-7.7716193,WAL
2059517297000,271.999909,-0.586024544981949,-9.06127033357401,-0.417023262108303,-1.294118,-1.8084666,0.33750305,65.39221,107.77982,-7.933023,WAL
2059522312000,272.004924,-0.309382998990963,-9.11192810956539,-0.480351562298944,-1.2324207,-1.8887954,0.31306845,64.992195,107.903,-8.097072,WAL
2059527242000,272.009854,-0.0409056482080625,-9.16466479214054,-0.624178725499594,-1.1652255,-1.8759671,0.27275133,64.58557,108.008965,-8.245427,WAL
2059532298000,272.01491,0.0989782222498771,-9.16680680693994,-0.899992045030964,-1.0622946,-1.7733418,0.23915374,64.15272,108.02175,-8.347261,WAL
2059537254000,272.019866,0.206285903039025,-9.15747551587535,-1.19858731816573,-0.95814216,-1.6398678,0.22510384,63.734684,108.00963,-8.433765,WAL
2059542311000,272.024923,0.0746401621450954,-9.05436467448485,-1.22804475847498,-0.88453287,-1.4963144,0.2171626,63.340164,107.989845,-8.478714,WAL
2059547298000,272.02991,-0.120370759422657,-8.92738109742665,-1.18269341330358,-0.8530733,-1.3778065,0.22235495,62.97874,107.95113,-8.510922,WAL
2059552302000,272.034914,-0.377951757076559,-8.8534852247376,-1.04334081155999,-0.8524625,-1.2562444,0.21563543,62.666424,107.95348,-8.52067,WAL
2059557245000,272.039857,-0.660480356388146,-8.80477342971805,-0.863106997048775,-0.9034697,-1.1798862,0.21899518,62.37827,107.95989,-8.526787,WAL
2059562306000,272.044918,-0.918652975466206,-8.68794387037205,-0.742827585761848,-0.9618073,-1.1490375,0.22388211,62.084675,107.995926,-8.56361,WAL
2059567398000,272.05001,-1.16706975981989,-8.54599134276358,-0.645235294827618,-1.0317514,-1.1643091,0.24404067,61.803673,108.04653,-8.600859,WAL
2059572310000,272.054922,-1.39524546782505,-8.44830946616867,-0.679648471889141,-1.0818423,-1.1954633,0.28038713,61.49694,108.1123,-8.680741,WAL
2059577307000,272.059919,-1.61802105426004,-8.38095897293493,-0.819530801511313,-1.1212431,-1.2009611,0.32498032,61.199146,108.19219,-8.763867,WAL
2059582292000,272.064904,-1.74417300024507,-8.34751829085384,-1.05091210572493,-1.1414018,-1.1963795,0.3827071,60.864758,108.316124,-8.905962,WAL
2059587320000,272.069932,-1.82913910258798,-8.32863655141653,-1.32469185645525,-1.1472049,-1.1777482,0.44868052,60.541508,108.44799,-9.057047,WAL
2059592309000,272.074921,-1.83272741595362,-8.38517803868453,-1.61875227094162,-1.135904,-1.1142182,0.5109888,60.2384,108.63443,-9.247238,WAL
2059597326000,272.079938,-1.79430534030388,-8.48123372930828,-1.92612902658936,-1.1374311,-1.0763446,0.57787853,59.943756,108.82927,-9.451941,WAL
2059602322000,272.084934,-1.68431171075269,-8.61075610445469,-2.09998333732719,-1.1322387,-1.0100657,0.59956425,59.716106,109.0618,-9.657523,WAL
2059607312000,272.089924,-1.53749672217742,-8.75757066186636,-2.20550660288018,-1.1340714,-0.93951076,0.6545421,59.513023,109.30422,-9.881436,WAL
2059612308000,272.09492,-1.36781144152451,-8.935281843552,-2.17028701717516,-1.14018,-0.8979719,0.70066243,59.33222,109.5979,-10.105499,WAL
2059617333000,272.099945,-1.18017738313676,-9.13698815508334,-2.02956144889365,-1.1239921,-0.88453287,0.74464476,59.172752,109.8863,-10.334667,WAL
2059622311000,272.104923,-1.03845581216392,-9.36876763823475,-1.74772729968478,-1.1218541,-0.90377516,0.7816021,59.02426,110.17957,-10.5465555,WAL
2059627309000,272.109921,-0.936389015687002,-9.63059129260152,-1.33502252367884,-1.1001683,-0.9492846,0.79259765,58.878735,110.45831,-10.758659,WAL
2059632289000,272.114901,-0.875053325991017,-9.85053189916878,-0.992414130326811,-1.0781772,-1.0198395,0.766025,58.685932,110.69052,-10.946842,WAL
2059637324000,272.119936,-0.885011354495328,-9.99990235272859,-0.768358670945841,-1.067487,-1.1218541,0.73731434,58.477264,110.913704,-11.138046,WAL
2059642301000,272.124913,-0.894854672840105,-10.147552153596,-0.546884188058237,-1.0668762,-1.2186762,0.6872234,58.158066,111.04768,-11.311411,WAL
2059647300000,272.129912,-0.904741501935051,-10.2958546158294,-0.324430714086943,-1.0497719,-1.2745703,0.636827,57.82424,111.16471,-11.475204,WAL
2059652337000,272.134949,-0.877501444460194,-10.3578411513592,-0.32602983818932,-0.9990701,-1.2965615,0.61086524,57.45519,111.28066,-11.640462,WAL
2059657314000,272.139926,-0.812715758147573,-10.3300757730097,-0.557407354883495,-0.8979719,-1.2986995,0.6056729,57.078934,111.36979,-11.793974,WAL
2059662277000,272.144889,-0.71914630189685,-10.3493366687476,-0.880714864406454,-0.73884153,-1.2596041,0.6105598,56.626755,111.36173,-11.942789,WAL
2059667339000,272.149951,-0.584123601944871,-10.433144078083,-1.33699835211295,-0.53023106,-1.1960741,0.6261369,56.18692,111.31687,-12.083733,WAL
2059672264000,272.154876,-0.419184792661193,-10.5184307052347,-1.79779990772604,-0.29718593,-1.0564915,0.6542367,55.80962,111.2658,-12.207613,WAL
2059677309000,272.159921,-0.184755430176355,-10.6131038938602,-2.30272471018942,-0.07544186,-0.9095783,0.66156703,55.45646,111.16738,-12.316669,WAL
2059682255000,272.164867,0.0800320449346066,-10.6935019146772,-2.75562125659124,0.12461651,-0.7125743,0.6478226,55.209717,111.0794,-12.380644,WAL
2059687322000,272.169934,0.498096345639402,-10.7237232509342,-3.04272560777455,0.27977628,-0.51923543,0.6218608,55.004787,110.9511,-12.426354,WAL
2059692266000,272.174878,0.874114452027063,-10.7474738430517,-3.23620183410487,0.3399465,-0.43982297,0.5497787,54.8394,110.85304,-12.446728,WAL
2059697303000,272.179915,1.17042423003027,-10.7560627060447,-3.19755280261729,0.31581733,-0.3408628,0.49480084,54.732872,110.73888,-12.444683,WAL
2059702447000,272.185059,1.45181955350058,-10.7761926815367,-3.15589816013436,0.25778514,-0.29565877,0.26328292,54.614117,110.58792,-12.342374,WAL
2059707314000,272.189926,1.38821782023722,-10.971890322347,-3.08251139157132,0.094989546,-0.3381139,0.15821409,54.50333,110.48003,-12.258452,WAL
2059712280000,272.194892,1.28751758218808,-11.166433712049,-3.01389537275114,-0.11148291,-0.42241332,-0.06291912,54.334805,110.309875,-12.049607,WAL
2059717371000,272.199983,0.917690588376933,-11.3276406255956,-2.99018853194593,-0.31337386,-0.49510628,-0.27275133,54.148216,110.162346,-11.819642,WAL
2059722318000,272.20493,0.533741218473072,-11.4672980009864,-2.95266791426317,-0.48838675,-0.5412266,-0.42088616,53.904533,110.02416,-11.562361,WAL
2059727308000,272.20992,-0.17332526304202,-11.3871636608799,-2.72640665632275,-0.63804877,-0.5390886,-0.5222898,53.639336,109.9034,-11.267228,WAL
2059732479000,272.215091,-0.911594732634077,-11.2874701152349,-2.46709080415757,-0.7687739,-0.50946164,-0.5839872,53.347374,109.83426,-10.997322,WAL
2059737320000,272.219932,-1.66851423891789,-10.9970243602278,-1.93020607494067,-0.8723156,-0.52626044,-0.59681535,53.038055,109.78871,-10.722942,WAL
2059742255000,272.224867,-2.44013121134314,-10.7009388818225,-1.38289639952539,-0.93951076,-0.60139686,-0.5681047,52.69279,109.81548,-10.551316,WAL
2059747287000,272.229899,-2.93485831827872,-10.4890645748125,-1.01976545913936,-0.947452,-0.6563747,-0.47708577,52.355278,109.85775,-10.397555,WAL
2059752307000,272.234919,-3.40460580919858,-10.2850321942361,-0.67338595459929,-0.91415983,-0.6218608,-0.36835176,52.029095,109.90971,-10.259092,WAL
2059757322000,272.239934,-3.46085727980624,-10.3631870954688,-0.359899056120698,-0.77854776,-0.5320636,-0.23426682,51.705433,109.953835,-10.248034,WAL
2059762285000,272.244897,-3.47524712491674,-10.4687133274801,-0.0529155034372793,-0.61208695,-0.47586402,-0.13316862,51.392998,109.99059,-10.2570715,WAL
2059767294000,272.249906,-3.17507023964799,-11.0712781267979,0.239101195999243,-0.4260785,-0.4783075,-0.058643065,51.099712,110.00479,-10.343265,WAL
2059772284000,272.254896,-2.84948780219531,-11.7133987683573,0.528507814413323,-0.24556783,-0.5119051,-0.037873644,50.821327,109.98646,-10.438737,WAL
2059777306000,272.259918,-2.42390352108189,-12.404520795732,0.719325141639702,-0.05955936,-0.54092115,-0.047036625,50.522472,109.882225,-10.536057,WAL
2059782307000,272.264919,-1.97705496328536,-13.1033161099752,0.885704917144417,0.10140363,-0.56077427,-0.086437434,50.22108,109.7423,-10.630493,WAL
2059787319000,272.269931,-1.5893506691772,-13.5534379588101,0.858392870953139,0.22204952,-0.5626069,-0.1518,49.840015,109.469376,-10.655044,WAL
2059792296000,272.274908,-1.21945974197592,-13.9375553020595,0.782517785474082,0.31245756,-0.5543602,-0.21655174,49.46141,109.16775,-10.667304,WAL
2059797304000,272.279916,-0.911217823193148,-14.2416156082187,0.548599573854297,0.41508293,-0.48991394,-0.24923302,49.041286,108.74959,-10.589891,WAL
2059802341000,272.284953,-0.618751502762006,-14.524797192763,0.27006022637186,0.47342056,-0.3903429,-0.31337386,48.63701,108.31819,-10.482122,WAL
2059807312000,272.289924,-0.284253908485787,-14.7386298617131,-0.306177523572568,0.59773165,-0.27947086,-0.3594942,48.232346,107.82631,-10.315892,WAL
2059812311000,272.294923,0.0705713267379679,-14.9272711764706,-1.00684509727273,0.7367035,-0.160963,-0.39492437,47.864758,107.32379,-10.12891,WAL
2059817295000,272.299907,0.225908628509221,-14.8601622179816,-1.3109089045082,0.91813046,-0.048258353,-0.4266894,47.51759,106.801186,-9.892457,WAL
2059822313000,272.304925,0.235756263277664,-14.6041241664447,-1.32568033352459,1.1325442,0.03359759,-0.47708577,47.1999,106.2458,-9.638985,WAL
2059827310000,272.309922,0.17757271066516,-14.2261312114364,-1.24871290878365,1.3408492,0.05681047,-0.53969944,46.881477,105.74446,-9.353096,WAL
2059832293000,272.314905,0.0791107491011004,-13.7760193868638,-1.11743029532325,1.5366315,0.015577064,-0.64812803,46.56521,105.19394,-9.044317,WAL
2059837317000,272.319929,-0.0313401353515617,-13.2209385047619,-1.04271176955453,1.7079792,-0.06536258,-0.77579886,46.23314,104.62192,-8.729487,WAL
2059842305000,272.324917,-0.148745016530876,-12.5996712285714,-1.00846865152074,1.8738291,-0.1591304,-0.926988,45.881565,103.99771,-8.3847275,WAL
2059847308000,272.32992,-0.448129169204216,-12.03700962193,-0.928152974211951,2.035403,-0.204029,-1.069625,45.53426,103.331535,-8.028514,WAL
2059852336000,272.334948,-0.85319975040321,-11.5062274552311,-0.821065373941211,2.1948388,-0.20219639,-1.1954633,45.17082,102.62,-7.640476,WAL
2059857311000,272.339923,-1.35067975822809,-11.109371152698,-0.554067604320513,2.3597724,-0.17837265,-1.289842,44.79737,101.901,-7.2634726,WAL
2059862304000,272.344916,-1.922543975,-10.8074265,-0.16519992975,2.5454755,-0.15088372,-1.3500122,44.425613,101.14073,-6.862931,WAL
2059867316000,272.349928,-2.55103287552418,-10.6518297378569,0.193231333998946,2.7650816,-0.11178834,-1.3961325,44.11538,100.36164,-6.496464,WAL
2059872314000,272.354926,-3.23690613532821,-10.6568730258139,0.515995271798335,2.9926288,-0.0571159,-1.4230106,43.820633,99.550865,-6.1196074,WAL
2059877314000,272.359926,-3.86704608787907,-10.8277799402818,0.594092680834189,3.2210925,0.021380283,-1.4147639,43.625492,98.6955,-5.802015,WAL
2059882294000,272.364906,-4.4544689418494,-11.1170414071102,0.496188864094429,3.39244,0.11881329,-1.3878858,43.458385,97.83386,-5.484621,WAL
2059887317000,272.369929,-5.06514303765028,-11.4386669223792,0.212499654397806,3.4831536,0.23396139,-1.3649784,43.38565,97.0027,-5.2464495,WAL
2059892306000,272.374918,-5.69500323534065,-11.796427207393,-0.306505300031639,3.5036175,0.28924468,-1.3222178,43.33381,96.22725,-5.027558,WAL
2059897305000,272.379917,-6.2823774251981,-12.0791572708994,-0.817158880249604,3.438866,0.3924809,-1.2980887,43.382435,95.61751,-4.898689,WAL
2059902335000,272.384947,-6.83585160190174,-12.2986386006339,-1.3229197503962,3.376863,0.4810564,-1.2205088,43.450558,95.14348,-4.803764,WAL
2059907310000,272.389922,-7.39777381647036,-12.5769484235374,-1.57317111958532,3.2030718,0.52626044,-1.1129965,43.58388,94.93872,-4.820513,WAL
2059912305000,272.394917,-7.97517860406892,-12.9122158575879,-1.59645356677699,2.977968,0.5164866,-0.99112886,43.728207,94.87965,-4.866293,WAL
2059917297000,272.399909,-8.52842027275479,-13.1587838581231,-1.51469905178607,2.7595837,0.38606682,-0.90377516,43.89452,84.975075,-5.020201,WAL
2059922309000,272.404921,-9.05636088587286,-13.3040883634712,-1.31127264314834,2.6019804,0.17531833,-0.86590147,44.03158,84.756836,-5.1908097,WAL
2059927309000,272.409921,-9.15196772359572,-13.1480060122194,-1.16271708499574,2.48164,-0.069027774,-0.8943067,44.162342,84.42744,-5.440679,WAL
2059932298000,272.41491,-8.78990535587762,-12.6727991545894,-1.07220139855072,2.4233024,-0.27855456,-0.979217,44.23713,84.09324,-5.674364,WAL
2059937263000,272.419875,-8.1520658454,-12.2529694,-1.1162342736,2.4266622,-0.4810564,-1.0299188,44.275677,83.67781,-5.9657645,WAL
2059942305000,272.424917,-7.01733838414,-11.91979404,-1.39629458376,2.4471262,-0.5849035,-0.9969321,44.27547,83.26337,-6.243252,WAL
2059947270000,272.429882,-5.93586698025931,-11.618622699844,-1.60641549168454,2.434298,-0.5867361,-0.9969321,44.229874,82.90069,-6.443234,WAL
2059952332000,272.434944,-4.89617950388965,-11.3587004976604,-1.70565837526808,2.21683,-0.46395215,-1.0867293,44.18825,82.57219,-6.619639,WAL
2059957244000,272.439856,-3.98635028113992,-11.0877425542747,-1.92670260337423,1.8530598,-0.44043383,-1.1475104,44.028816,82.42335,-6.6424503,WAL
2059962341000,272.444953,-3.26666538040768,-10.7641261765288,-2.43869312638037,1.6734654,-0.34788775,-1.1410962,43.925167,82.284004,-6.6595836,WAL
2059967331000,272.449943,-2.64795762518187,-10.5454256813095,-2.78548949026301,1.681712,-0.15271631,-1.1246029,43.748245,82.35331,-6.5047193,WAL
2059972351000,272.454963,-2.22199423831375,-10.5499093625257,-2.78100571540757,1.7968601,0.15241088,-1.1114693,43.632847,82.42599,-6.357575,WAL
2059977291000,272.459903,-1.80795541774764,-10.5737207034198,-2.68834973071934,1.9141463,0.45204028,-1.1029172,43.460995,82.66125,-6.112324,WAL
2059982343000,272.464955,-1.41333002517689,-10.7068475560142,-2.09878882729953,1.9911152,0.655153,-1.0958922,43.358246,82.86728,-5.882246,WAL
2059987280000,272.469892,-1.03624582653725,-10.8359004647221,-1.52246311329326,2.044566,0.7443393,-1.1029172,43.32852,83.06322,-5.604899,WAL
2059992341000,272.474953,-0.716244751241624,-10.9600794907371,-0.930222369775325,2.038152,0.74128497,-1.1377366,43.33317,83.245,-5.3324385,WAL
2059997285000,272.479897,-0.416535294328055,-11.0802647230356,-0.375031983806394,2.01219,0.75319684,-1.1636983,43.35222,83.3979,-5.0011954,WAL
2060002475000,272.485087,-0.243282934519271,-11.1941170206155,-0.0483275364804303,1.9526308,0.7489208,-1.1890492,43.36596,83.539696,-4.670384,WAL
2060007318000,272.48993,-0.0897387144945555,-11.2866344296179,0.217784660653336,1.9010127,0.7770206,-1.2229522,43.3826,83.64251,-4.2774777,WAL
2060012342000,272.494954,-0.0182966109206098,-11.2342429918828,0.0749004495268264,1.8185458,0.82711154,-1.2351695,43.402416,83.727844,-3.8960884,WAL
2060017361000,272.499973,0.0509908671589966,-11.161200534762,-0.100611325275528,1.754405,0.926988,-1.2321151,43.4484,83.75487,-3.494695,WAL
2060022355000,272.504967,0.0934991816357891,-10.8258573309303,-0.691004540250839,1.7122552,0.99296147,-1.2434162,43.49676,83.75996,-3.0991538,WAL
2060027503000,272.510115,0.119291577455142,-10.4849893758441,-1.28588911442215,1.6334536,1.1520919,-1.1817188,43.618088,83.74054,-2.7357209,WAL
2060032342000,272.514954,-0.0684733395909705,-10.2212241966043,-1.6837719448389,1.6236799,1.3292428,-1.10139,43.75899,83.68226,-2.389828,WAL
2060037696000,272.520308,-0.278047921308709,-9.92242429539702,-2.11175288977219,1.6288722,1.4676038,-1.031446,44.013405,83.599434,-2.086483,WAL
2060042341000,272.524953,-0.499072236111372,-9.51373788731602,-2.22017991377145,1.6163495,1.5650368,-0.97494096,44.298824,83.501625,-1.8158143,WAL
2060047308000,272.52992,-0.735418365632324,-9.0767205807631,-2.33612329982188,1.6102408,1.5812247,-0.9095783,44.651127,83.391975,-1.6155176,WAL
2060052436000,272.535048,-0.965528382062648,-8.58623804225768,-2.3882021498818,1.5909985,1.5592335,-0.8454375,45.012577,83.282074,-1.4402237,WAL
2060057306000,272.539918,-1.18144989634555,-8.11304836830181,-2.42495472356186,1.5800029,1.5115861,-0.79045963,45.363758,83.16684,-1.2874898,WAL
2060062340000,272.544952,-1.38112731029715,-7.70140739241934,-2.33024086864764,1.5522085,1.4657712,-0.74372846,45.735573,83.05448,-1.1976327,WAL
2060067337000,272.549949,-1.57354341827008,-7.31188225007355,-2.2035277884672,1.5140295,1.3900238,-0.70646566,46.078976,82.94999,-1.1233971,WAL
2060072346000,272.554958,-1.7200312714342,-6.97428859320848,-2.11953285870872,1.462106,1.3231341,-0.6704246,46.42296,82.85537,-1.1033213,WAL
2060077278000,272.55989,-1.85039290368655,-6.65769590494825,-2.04969622485954,1.4010195,1.2632693,-0.6423248,46.742966,82.77871,-1.0932243,WAL
2060082339000,272.564951,-1.9367868060219,-6.33682265492701,-1.99803994160584,1.3402383,1.2421945,-0.605062,47.04041,82.715034,-1.1291904,WAL
2060087260000,272.569872,-2.00367493977088,-6.02627068733779,-1.95504045912409,1.2825116,1.2260065,-0.5757405,47.32041,82.67173,-1.1717237,WAL
2060092340000,272.574952,-2.03882664576288,-5.77324049362207,-1.87160994126372,1.2144,1.2137892,-0.55680364,47.618675,82.62529,-1.2414824,WAL
2060097257000,272.579869,-2.06210812781568,-5.54973797419163,-1.77848391581133,1.187522,1.2000448,-0.54550266,47.910656,82.58721,-1.31857,WAL
2060102451000,272.585063,-2.10967765029061,-5.27460266824717,-1.56952987653717,1.1004738,1.1688906,-0.559858,48.224842,82.55976,-1.3997492,WAL
2060107284000,272.589896,-2.16159285218721,-5.00558799259712,-1.33827149183236,0.9841039,1.153619,-0.569021,48.538174,82.5523,-1.4871504,WAL
2060112343000,272.594955,-2.18886404999502,-4.72889603168544,-1.01084034729393,0.8564331,1.1065824,-0.57848936,48.877953,82.52946,-1.5621586,WAL
2060117325000,272.599937,-2.207885924848,-4.45783411640586,-0.663690952464866,0.7171558,1.0778717,-0.5885687,49.216763,82.54818,-1.6364352,WAL
2060122345000,272.604957,-2.20865214125834,-4.22342176793273,-0.372359814538127,0.57543504,1.040609,-0.5983425,49.580112,82.54047,-1.7040023,WAL
2060127300000,272.609912,-2.20406597676621,-4.00328572864598,-0.101775905498792,0.42424592,1.0207558,-0.59559363,49.937443,82.57843,-1.7739484,WAL
2060132319000,272.614931,-2.19272689428712,-3.80686435654662,0.192872264926887,0.29626966,0.9828822,-0.58093286,50.28493,82.59033,-1.8351213,WAL
2060137355000,272.619967,-2.17845098956093,-3.62127749572768,0.497425124674692,0.17073683,0.93034774,-0.5656612,50.619877,82.64592,-1.8982363,WAL
2060142341000,272.624953,-2.22412787993921,-3.45732943491454,0.83177257216802,0.039095376,0.8546005,-0.5311473,50.936584,82.68847,-1.9595873,WAL
2060147362000,272.629974,-2.2984035787234,-3.30158999386118,1.18398326536449,-0.10934488,0.7761043,-0.49846604,51.23477,82.77013,-2.0249562,WAL
2060152378000,272.63499,-2.37260531246201,-3.14600564087897,1.53584322096567,-0.2501493,0.68233645,-0.4569272,51.52162,82.82035,-2.0784485,WAL
2060157350000,272.639962,-2.44615615379939,-2.99178606292292,1.88461668572824,-0.39950588,0.58032197,-0.42852196,51.781296,82.91117,-2.1363037,WAL
2060162339000,272.644951,-2.44870982890609,-2.93060556968434,1.96365604576137,-0.54519725,0.47525316,-0.40408736,52.016335,83.031334,-2.200037,WAL
2060167444000,272.650056,-2.41473857245384,-2.91604643805837,1.90541946858249,-0.6792821,0.3866777,-0.35613444,52.223797,83.181404,-2.2768521,WAL
2060172346000,272.654958,-2.3103171434989,-2.92692619586248,1.78693870141915,-0.78984874,0.30390546,-0.31337386,52.388508,83.24872,-2.3631625,WAL
2060177348000,272.65996,-2.16669373169598,-2.9508634103338,1.63374042882271,-0.9007208,0.22937989,-0.26297748,52.526848,83.340706,-2.464455,WAL
2060182339000,272.664951,-2.02338616506096,-2.97474798398961,1.4808790576654,-1.003957,0.16920967,-0.21838433,52.64587,83.45659,-2.569757,WAL
2060187350000,272.669962,-1.87950433448431,-2.99872826821907,1.32740513843694,-1.0955868,0.1441642,-0.17592919,52.750572,83.585045,-2.6887648,WAL
2060192339000,272.674951,-1.77062176367704,-3.08107304413841,1.17202613169931,-1.20371,0.11026118,-0.15699236,52.83564,83.7317,-2.8110008,WAL
2060197303000,272.679915,-1.68080904998509,-3.19452060714925,1.01603570171025,-1.2565498,0.09865474,-0.106901415,52.916214,83.8667,-2.9548674,WAL
2060202372000,272.684984,-1.60814376154748,-3.37219232692458,0.939649807260649,-1.3381003,0.12767084,-0.04428773,52.993465,84.07931,-3.059904,WAL
2060207349000,272.689961,-1.54760946743845,-3.58173414040641,0.911710905279406,-1.4300356,0.16126843,0.020158553,53.066902,84.285164,-3.1795497,WAL
2060212342000,272.694954,-1.5006015291732,-3.77017904376959,0.947205137237461,-1.5195273,0.19120082,0.08032878,53.150196,84.51271,-3.299524,WAL
2060217390000,272.700002,-1.46271467705721,-3.94540606242163,1.02771487230016,-1.6007724,0.21074851,0.1423316,53.238937,84.72512,-3.4381309,WAL
2060222345000,272.704957,-1.41188733473684,-4.18541683186967,1.17881516745865,-1.6756034,0.21777347,0.22204952,53.345356,84.928276,-3.5706816,WAL
2060227345000,272.709957,-1.34948207157895,-4.483041844401,1.39003291181955,-1.7464638,0.18875736,0.3036,53.44682,85.10195,-3.7196336,WAL
2060232339000,272.714951,-1.22957515768427,-5.00515168060281,1.72892655893763,-1.8139644,0.16310102,0.37720928,53.55067,85.24009,-3.8672898,WAL
2060237350000,272.719962,-1.06249781049438,-5.71164999357406,2.1728749400378,-1.8918496,0.0842994,0.42058071,53.63133,85.3392,-4.026159,WAL
2060242341000,272.724953,-0.844487853697036,-6.34561924587229,2.64083173589616,-1.9398025,-0.09468412,0.44043383,53.66426,85.39577,-4.1652627,WAL
2060247305000,272.729917,-0.584426209308733,-6.91775505410782,3.12785627343346,-1.9773707,-0.25778514,0.44104472,53.67979,85.415955,-4.3084526,WAL
2060252296000,272.734908,-0.261465394235363,-7.65469832661053,3.7358773687292,-1.9960022,-0.42730024,0.453262,53.6068,85.42879,-4.393027,WAL
2060257325000,272.739937,0.12047142475328,-8.54588399960838,4.45731356322694,-1.9911152,-0.569021,0.4538729,53.496254,85.4241,-4.472202,WAL
2060262305000,272.744917,0.641253427761223,-9.8006664312007,5.32238902228065,-1.9456058,-0.70341134,0.46731192,53.29123,85.456955,-4.47368,WAL
2060267316000,272.749928,1.31887149249781,-11.4643359982472,6.35517242059597,-1.8353447,-0.79320854,0.5164866,53.060608,85.46848,-4.4860725,WAL
2060272310000,272.754922,2.05135666659622,-13.179201471719,7.55607469323671,-1.6224581,-0.8323039,0.55863625,52.73241,85.55656,-4.390568,WAL
2060277345000,272.759957,2.86665760555556,-14.9845099444444,8.99741033333333,-1.3121386,-0.870483,0.52381694,52.384426,85.63751,-4.2913413,WAL
2060282309000,272.764921,3.82782625759136,-16.3629370614044,9.86484349539467,-0.8576548,-0.9401216,0.34483343,51.92601,85.84103,-3.987231,WAL
2060287353000,272.769965,5.00472363966525,-17.2527866828761,10.0418560737843,-0.23396139,-0.8885035,0.05100725,51.50858,85.97111,-3.658051,WAL
2060292299000,272.774911,6.10807519596798,-17.9399716442336,9.80246489979247,0.43035457,-0.528093,-0.13255776,51.07681,85.94591,-3.1717396,WAL
2060297321000,272.779933,7.15846875541061,-18.3819930068189,8.98971730358731,0.7825184,0.069027774,-0.42271876,50.76628,85.72607,-2.6155937,WAL
2060302282000,272.784894,7.4666240960525,-18.1941406462166,8.12326182635975,1.382999,0.75533485,-0.5222898,50.60922,85.14411,-1.9265258,WAL
2060307352000,272.789964,6.64104943362832,-17.0257826637168,7.13836540088496,1.7217237,1.287093,-0.42546764,50.60053,84.368,-1.282188,WAL
2060312240000,272.794852,5.77381712485616,-15.5059389982739,6.23760338749521,1.7675385,1.6374242,-0.41874814,50.768867,83.58474,-0.50359285,WAL
2060317377000,272.799989,4.74064317232451,-13.2367313178941,5.37426649741082,1.6215417,1.9178114,-0.441961,51.056023,82.70502,0.17245911,WAL
2060322245000,272.804857,3.85969977381519,-11.0880246677375,4.6408498178366,1.35551,2.0781636,-0.44104472,51.431515,81.96304,0.690892,WAL
2060327361000,272.809973,3.1796193838489,-8.834043297442,4.08221218979774,1.0433578,2.0964894,-0.41905355,51.825283,81.28263,1.1654541,WAL
2060332283000,272.814895,2.50696865290715,-6.90638006903361,3.59966348677571,0.7275405,1.9498819,-0.36651915,52.233604,80.7792,1.4867541,WAL
2060337338000,272.81995,1.76827853352947,-5.55452868367408,3.24721655554004,0.46700647,1.6129897,-0.29138273,52.57386,80.35774,1.788111,WAL
2060342293000,272.824905,0.921836984510272,-4.50256317632107,2.88186110951744,0.27275133,1.1921035,-0.18417588,52.868042,80.04233,1.9873226,WAL
2060347328000,272.82994,-0.262333142484472,-4.15698839304348,2.45795591950311,0.15974127,0.80878556,-0.028710667,53.061874,79.78709,2.162015,WAL
2060352312000,272.834924,-1.50613383969769,-3.93781994590294,2.01660741607001,0.06688975,0.5012149,0.17256944,53.195415,79.61002,2.21813,WAL
2060357327000,272.839939,-3.0726692799821,-4.25781340140215,1.4769167647673,-0.016187929,0.24617869,0.40744713,53.22297,79.47405,2.2382607,WAL
2060362322000,272.844934,-4.61816962049862,-4.58626902132964,0.944044973545706,-0.08735373,0.044593163,0.6243043,53.246265,79.44825,2.0511253,WAL
2060367334000,272.849946,-6.09973625761773,-4.96140938698061,0.431195048614959,-0.116980694,-0.03848451,0.77640975,53.22196,79.43905,1.8233383,WAL
2060372317000,272.854929,-7.41845760979964,-5.28485581945051,0.0657419945844079,-0.15485434,0.03145956,0.8723156,53.258415,79.58583,1.3278955,WAL
2060377353000,272.859965,-7.89682266435231,-5.33747592550089,0.496270843384249,-0.18448131,0.13408493,0.92271197,53.275196,79.7197,0.8035315,WAL
2060382299000,272.864911,-8.31640177028097,-5.44554968189553,0.982342752809656,-0.24709499,0.1881465,0.906524,53.3907930690727,79.9347059669173,0.0432807045273182,WAL
2060387328000,272.86994,-8.41646135734072,-5.92202136149584,1.8876390734072,-0.30207285,0.32406402,0.91629785,53.50833,80.15332,-0.72972804,WAL
2060392295000,272.874907,-8.51933055085066,-6.51076487202268,2.81007325593573,-0.34666604,0.45051312,0.93676186,53.65189,80.229385,-1.5718168,WAL
2060397302000,272.879914,-8.65529757618148,-8.04719358336484,3.96579363379962,-0.4373795,0.46944994,0.9437868,53.80064,80.258316,-2.4119396,WAL
2060402593000,272.885205,-8.74678054225567,-9.71387344625242,5.15760645288315,-0.53969944,0.37048978,0.9147707,53.909042,80.10676,-3.2408082,WAL
2060407314000,272.889926,-7.97891490948846,-11.9025195399166,5.74155214256076,-0.5467244,0.18509217,0.8585711,53.994278,79.889885,-4.055493,WAL
2060412541000,272.895153,-7.07633576417563,-14.2466705138122,6.26744211253271,-0.453262,-0.16279559,0.7632761,53.95766,79.5069,-4.8097973,WAL
2060417382000,272.899994,-5.63835723180188,-15.5093958839779,5.36870565297082,-0.28527406,-0.50732356,0.61911196,53.868504,79.08905,-5.5120096,WAL
2060422675000,272.905287,-4.05637191240163,-16.8618461486237,4.34830901357842,-0.122783914,-0.6948592,0.41447207,53.699966,78.724556,-5.973246,WAL
2060427347000,272.909959,-2.44867153916682,-17.4445855803621,2.62902009105856,-0.1020145,-0.6768387,0.23579398,53.497368,78.3769,-6.3786545,WAL
2060432333000,272.914945,-0.732919385710327,-18.0664902906891,0.794179644208387,-0.15821409,-0.61391956,0.099571034,53.2892,78.34638,-6.464572,WAL
2060437371000,272.919983,0.900425162573727,-17.1899831072386,-0.559716849329759,-0.28191432,-0.6032294,0.010079277,53.079468,78.34852,-6.5080137,WAL
2060442344000,272.924956,2.48935909309105,-15.9746379034853,-1.77979116819581,-0.44257188,-0.6737844,-0.065973446,52.871933,78.392166,-6.513822,WAL
2060447330000,272.929942,2.80784979492009,-14.3180291989209,-2.36272683665886,-0.6600399,-0.8735373,-0.22174409,52.70911,79.04392,-6.0986004,WAL
2060452322000,272.934934,2.79811608098341,-12.5464825903492,-2.78127907691133,-0.850019,-1.1203269,-0.36071593,52.512238,79.6844,-5.694875,WAL
2060457353000,272.939965,2.30797660632005,-10.6703209377854,-3.03188325015567,-1.0204504,-1.3274102,-0.45631635,52.277313,80.40199,-5.225372,WAL
2060462240000,272.944852,1.73485307272727,-8.82952583333333,-3.24073327272727,-1.1963795,-1.4792101,-0.48197266,51.988083,81.1485,-4.7485957,WAL
2060467376000,272.949988,1.00592033168433,-7.40521015115358,-3.38655658383998,-1.3451253,-1.5699236,-0.45540005,51.666267,81.90817,-4.305278,WAL
2060472241000,272.954853,0.300063479233588,-6.11805924339043,-3.51573300417863,-1.466382,-1.5958854,-0.40011674,51.31917,82.68413,-3.87368,WAL
2060477343000,272.959955,-0.417897123872804,-5.29368339189322,-3.70417327769163,-1.5851953,-1.5570955,-0.30207285,50.977695,83.42987,-3.5592992,WAL
2060482261000,272.964873,-1.10665085557562,-4.57719465011287,-3.89369617155756,-1.6603317,-1.500285,-0.1704314,50.63473,84.16367,-3.2795367,WAL
2060487349000,272.969961,-1.66123202913065,-4.32017585207154,-4.00308902458023,-1.6823229,-1.3732251,-0.10323623,50.351936,84.85225,-3.1087706,WAL
2060492245000,272.974857,-2.16435262620964,-4.16644451663189,-4.0916009215698,-1.6997325,-1.2370021,0.040317107,50.0923,85.48321,-3.0068305,WAL
2060497305000,272.979917,-2.41761333012048,-4.45983652386319,-3.8395699204042,-1.6957619,-1.1151345,0.18173242,49.920998,86.01686,-3.0046961,WAL
2060502355000,272.984967,-2.61027539337349,-4.8545588907501,-3.51063474551108,-1.6630806,-1.0253373,0.3295618,49.792,86.41488,-3.054204,WAL
2060507348000,272.98996,-2.49295732358179,-5.12375074845423,-3.46780719255628,-1.6154331,-0.98746365,0.473726,49.65751,86.5566,-3.2550848,WAL
2060512283000,272.994895,-2.28963102798399,-5.35544823314657,-3.50563531301651,-1.5512923,-0.9859365,0.636827,49.548378,86.47211,-3.506237,WAL
2060517351000,272.999963,-2.04744054337839,-5.65720959410152,-3.82785843501276,-1.4880677,-0.95203346,0.8179486,49.45558,93.83268,-3.8226407,WAL
2060522331000,273.004943,-1.79948823106154,-5.97278502467152,-4.22909043047547,-1.4083499,-0.86651236,1.0228939,49.38968,94.28989,-4.191301,WAL
2060527339000,273.009951,-1.55591597335474,-6.45810336918138,-4.60768920385233,-1.3585643,-0.64568454,1.2483032,49.396194,94.82553,-4.573922,WAL
2060532319000,273.014931,-1.31668797435795,-7.02746629955859,-4.97131563443018,-1.3338243,-0.31887165,1.4654657,49.474308,95.44466,-5.0060477,WAL
2060537349000,273.019961,-1.08097628527063,-7.60541617041309,-5.11377116655822,-1.3674219,0.08368854,1.6404786,49.714436,96.096344,-5.420833,WAL
2060542335000,273.024947,-0.850300123425022,-8.17975268949029,-5.14201744890072,-1.4318681,0.43768495,1.7803668,50.05376,96.80756,-5.87635,WAL
2060547281000,273.029893,-0.632321240315789,-9.03758245263158,-5.04526360157895,-1.5436565,0.76144356,1.88849,50.50185,97.59125,-6.343151,WAL
2060552365000,273.034977,-0.414746103688183,-10.0916132863952,-4.87120334485601,-1.6505579,1.0280862,1.9138408,51.051228,98.40213,-6.810355,WAL
2060557368000,273.03998,-0.170329384174455,-10.9545490458794,-4.37267074613424,-1.7180585,1.210124,1.8472565,51.63103,99.22631,-7.249909,WAL
2060562303000,273.044915,0.0884423885669782,-11.7040946236194,-3.69004871597281,-1.7825048,1.2522738,1.7110336,52.25711,100.05798,-7.661595,WAL
2060567306000,273.049918,0.344661648222962,-12.2424962518445,-3.01201526562894,-1.8182404,1.146594,1.5815301,52.839924,100.83114,-8.011114,WAL
2060572319000,273.054931,0.595201072647112,-12.5578303701638,-2.3467898949973,-1.8044959,0.95417154,1.4837917,53.412018,101.579956,-8.323227,WAL
2060577279000,273.059891,0.784580878901961,-12.8192093286275,-1.65105273616471,-1.7537941,0.76144356,1.348485,53.859985,102.15605,-8.528034,WAL
2060582297000,273.064909,0.81756074917647,-12.9464175964706,-0.845401058623529,-1.6759088,0.65484756,1.1691961,54.27317,102.68912,-8.691973,WAL
2060587296000,273.069908,0.797920338837536,-12.9954094029941,-0.0650612722977996,-1.6450601,0.41813725,1.0726794,54.508575,103.084526,-8.804595,WAL
2060592316000,273.074928,0.604709970566663,-12.7877081008741,0.644986865268763,-1.5882497,0.12492194,0.84116143,54.682407,103.39416,-8.836921,WAL
2060597307000,273.079919,0.39772788359607,-12.5853388522577,1.1934370120631,-1.5622878,-0.17959438,0.61575216,54.71545,103.57035,-8.836578,WAL
2060602324000,273.084936,0.143559827661062,-12.3947127572265,1.25697902794257,-1.5619824,-0.47433686,0.37995818,54.65533,103.69501,-8.78621,WAL
2060607277000,273.089889,-0.114282973063104,-12.2064013894926,1.28014923453195,-1.5693128,-0.70921457,0.14477506,54.451275,103.72193,-8.708912,WAL
2060612304000,273.094916,-0.426242850048649,-12.0144262181238,1.01618315840694,-1.5427402,-0.84391034,-0.082161374,54.182995,103.701324,-8.580871,WAL
2060617311000,273.099923,-0.738656332594192,-11.8281682240973,0.75033417958595,-1.4569136,-0.9254609,-0.2773328,53.830093,103.678185,-8.452526,WAL
2060622315000,273.104927,-1.06309135013736,-11.6777055247253,0.463514822156593,-1.350623,-0.9456194,-0.44012842,53.45158,103.611,-8.276235,WAL
2060627274000,273.109886,-1.37994715670455,-11.5172472377841,0.177271588269886,-1.2571607,-0.9166033,-0.57726765,53.07601,103.57573,-8.106916,WAL
2060632297000,273.114909,-1.64415638590909,-11.2165954776515,-0.137046285064394,-1.1911873,-0.8454375,-0.66706485,52.705795,103.50441,-7.907248,WAL
2060637653000,273.120265,-1.92473421136058,-10.8899725029745,-0.466854173293034,-1.1258247,-0.7257079,-0.70157874,52.378216,103.477974,-7.732811,WAL
2060642308000,273.12492,-2.14288639577816,-10.4707781847054,-0.6336764159384,-1.0616838,-0.56169057,-0.68875057,52.085484,103.43114,-7.543867,WAL
2060647305000,273.129917,-2.37706608762234,-10.0207859165227,-0.812754986614853,-1.0152581,-0.44043383,-0.64996064,51.842216,103.45758,-7.39681,WAL
2060652323000,273.134935,-2.69121785537266,-9.51652126694612,-0.528322310107351,-0.9779953,-0.46609017,-0.63071835,51.6061,103.47041,-7.250521,WAL
2060657273000,273.139885,-3.01109742239035,-9.01246845026071,-0.189056020770882,-0.9850202,-0.6087272,-0.5821546,51.37731,103.49395,-7.1267724,WAL
2060662305000,273.144917,-3.21549789839583,-8.52653328978447,0.0387530315874422,-1.0024298,-0.8228355,-0.50488013,51.134182,103.589386,-7.071323,WAL
2060667321000,273.149933,-3.40932999027655,-8.04431679022734,0.256223175266214,-1.0198395,-1.0210613,-0.3912592,50.863194,103.69643,-7.0486393,WAL
2060672312000,273.154924,-3.52916770665989,-7.66398197336045,0.102647593329944,-1.0280862,-1.1264355,-0.24678956,50.544678,103.83085,-7.102526,WAL
2060677276000,273.159888,-3.64034242983223,-7.29662220067107,-0.0906997170838841,-0.9978484,-1.1673635,-0.12980886,50.19695,103.96828,-7.1880994,WAL
2060682301000,273.164913,-3.68325360486104,-7.09634519562312,-0.264862190027113,-0.96761054,-1.2003502,-0.08582657,49.81522,104.12757,-7.3290763,WAL
2060687280000,273.169892,-3.72019202817856,-6.91165288618185,-0.435702518404183,-0.94989544,-1.2070698,0.00061086525,49.441704,104.301834,-7.514639,WAL
2060692289000,273.174901,-3.64235018383469,-6.86308016558471,-0.780475167112554,-0.9236283,-1.1746938,0.11942416,49.094574,104.526855,-7.7441893,WAL
2060697334000,273.179946,-3.54516356584072,-6.83657479560208,-1.1559688249392,-0.8249735,-1.1191051,0.23151793,48.759846,104.738434,-7.9935284,WAL
2060702476000,273.185088,-3.39661865169483,-6.99642273372862,-1.48480906597754,-0.6948592,-1.0329732,0.31978795,48.466473,104.98464,-8.274588,WAL
2060707375000,273.189987,-3.23414063558611,-7.22783089828943,-1.77530017820338,-0.54305923,-0.9560041,0.39614612,48.195465,105.2152,-8.578114,WAL
2060712312000,273.194924,-3.00172495420975,-7.61388097435746,-1.98826674930576,-0.42638394,-0.8729264,0.46028697,47.98493,105.4824,-8.886244,WAL
2060717326000,273.199938,-2.74638496750369,-8.04890450180207,-2.18213603413097,-0.32467487,-0.78954333,0.50732356,47.80443,105.72494,-9.201514,WAL
2060722339000,273.204951,-2.47509036063916,-8.5324356352144,-2.24225997305825,-0.28771752,-0.7180721,0.539394,47.66279,105.977844,-9.497756,WAL
2060727325000,273.209937,-2.19983270408576,-9.02983098776295,-2.25674720752427,-0.2828306,-0.68569624,0.54183745,47.540234,106.21476,-9.7898035,WAL
2060732301000,273.214913,-1.86878761927332,-9.46457624358063,-2.20824080803816,-0.3109304,-0.6737844,0.5195409,47.437817,106.433815,-10.024303,WAL
2060737314000,273.219926,-1.51796914862478,-9.88360972353598,-2.14002615487669,-0.38423425,-0.6985244,0.47647488,47.338524,106.65388,-10.247449,WAL
2060742309000,273.224921,-1.18605095676485,-10.0448318651195,-1.99791211123674,-0.46486846,-0.7690793,0.42119157,47.203304,106.83554,-10.406273,WAL
2060747314000,273.229926,-0.858043156640881,-10.1399065135376,-1.8362850600119,-0.5748242,-0.88270026,0.34025195,47.049194,107.02158,-10.545506,WAL
2060752330000,273.234942,-0.698168663592242,-10.0134053765746,-1.7702110811475,-0.6792821,-0.9859365,0.24770586,46.83744,107.158714,-10.609602,WAL
2060757314000,273.239926,-0.586992662584494,-9.82508696102106,-1.73163979687693,-0.77824235,-1.0555751,0.16523905,46.60302,107.29955,-10.656888,WAL
2060762306000,273.244918,-0.475638208926653,-9.63646626871702,-1.69300660043257,-0.86498517,-1.112691,0.07574729,46.295082,107.39713,-10.6381645,WAL
2060767364000,273.249976,-0.362811520905547,-9.44535179322147,-1.65386262855445,-0.9392053,-1.1673635,-0.017715093,45.967094,107.49266,-10.599764,WAL
2060772313000,273.254925,-0.424823787898688,-9.2949860742736,-1.66273910222642,-0.99204516,-1.212262,-0.07941248,45.6071,107.59987,-10.561093,WAL
2060777306000,273.259918,-0.61528112146045,-9.17045619746719,-1.70669081145381,-1.0317514,-1.215011,-0.11484267,45.24451,107.702805,-10.504921,WAL
2060782298000,273.26491,-0.805700310152683,-9.04595126155339,-1.75063371801563,-1.0482447,-1.2095132,-0.12308934,44.85956,107.79957,-10.424965,WAL
2060787319000,273.269931,-0.997225700061278,-8.92072303975387,-1.79483190187918,-1.0546589,-1.1545353,-0.1151481,44.49177,107.893936,-10.33746,WAL
2060792309000,273.274921,-1.16133417899391,-8.79782426753783,-1.8653150716742,-1.0537425,-1.0708468,-0.086437434,44.12394,107.99938,-10.258993,WAL
2060797297000,273.279909,-1.3115219866575,-8.67579665543329,-1.94979570735901,-1.0430524,-0.95111716,-0.03604105,43.78912,108.10274,-10.182804,WAL
2060802336000,273.284948,-1.43502662935065,-8.56911827432567,-1.90195955812188,-1.0268645,-0.80878556,0.02076942,43.507435,108.27281,-10.171567,WAL
2060807315000,273.289927,-1.53982423337662,-8.47384777042957,-1.77334427838162,-1.0009027,-0.70066243,0.09712757,43.260036,108.44172,-10.172456,WAL
2060812328000,273.29494,-1.59166526,-8.4314211,-1.52271228,-0.95905846,-0.6209445,0.1695151,43.056442,108.64367,-10.212348,WAL
2060817347000,273.299959,-1.61029547674419,-8.42210628343023,-1.19668329244186,-0.9211848,-0.591623,0.24251351,42.87928,108.84467,-10.267434,WAL
2060822312000,273.304924,-1.5539989513519,-8.51742253425493,-0.945979848180524,-0.90285885,-0.625526,0.30634892,42.698215,109.0517,-10.35709,WAL
2060827307000,273.309919,-1.43730172798333,-8.69733037070543,-0.751484408202887,-0.8888089,-0.68936145,0.36682457,42.526173,109.25479,-10.463324,WAL
2060832289000,273.314901,-1.30086569371666,-8.94515481831654,-0.579862330729105,-0.88361657,-0.752586,0.41630468,42.311382,109.42656,-10.5862465,WAL
2060837316000,273.319928,-1.14866619158269,-9.24479769057498,-0.42290657739182,-0.86193085,-0.8051204,0.4437936,42.08827,109.59135,-10.720349,WAL
2060842307000,273.324919,-0.970715647501487,-9.52431201457466,-0.303917870777315,-0.84421575,-0.8356637,0.46395215,41.81982,109.720146,-10.848083,WAL
2060847288000,273.3299,-0.772075234265318,-9.78916580011898,-0.214056729339679,-0.8249735,-0.8436049,0.47158796,41.547905,109.84069,-10.978013,WAL
2060852322000,273.334934,-0.55107659407766,-9.99963104031222,-0.107944169730264,-0.8026769,-0.8680395,0.47036624,41.224094,109.909256,-11.084405,WAL
2060857303000,273.339915,-0.315417683578698,-10.1598788805454,0.00988528059776702,-0.7733554,-0.89827734,0.4605924,40.900238,109.96751,-11.187341,WAL
2060862308000,273.34492,-0.0872551425412799,-10.2836337909135,0.149402866636053,-0.7302894,-0.9630291,0.43768495,40.524,109.97269,-11.25717,WAL
2060867360000,273.349972,0.134919284944797,-10.3734493180264,0.310124795738153,-0.6627888,-1.0268645,0.3866777,40.14092,109.95632,-11.314778,WAL
2060872345000,273.354957,0.343284790702019,-10.4402632663453,0.397248483193733,-0.6151413,-1.1313224,0.35155296,39.692528,109.89142,-11.343493,WAL
2060877347000,273.359959,0.540536015775836,-10.4835621899166,0.406870488536708,-0.5296202,-1.1985176,0.30298916,39.236744,109.79015,-11.352511,WAL
2060882318000,273.36493,0.706516448534692,-10.5169415500243,0.337984599387482,-0.4456262,-1.3319917,0.2761111,38.701637,109.634544,-11.335744,WAL
2060887351000,273.369963,0.842159559243086,-10.540328272198,0.183632127545852,-0.39614612,-1.4492778,0.20952678,38.15147,109.45295,-11.294543,WAL
2060892324000,273.374936,0.935432240951576,-10.5676925167545,-0.0407316672630009,-0.27855456,-1.5506815,0.13255776,37.551144,109.2145,-11.2254095,WAL
2060897298000,273.37991,0.973324283737695,-10.6008482303868,-0.362814050233668,-0.16187929,-1.613906,0.056505036,36.930847,108.95528,-11.139555,WAL
2060902298000,273.38491,0.922547501964786,-10.6216327906359,-0.657508336492402,-0.022907447,-1.6233743,-0.035430185,36.29319,108.664345,-11.015724,WAL
2060907354000,273.389966,0.739182241487729,-10.6240142056755,-0.912314598470467,0.103847094,-1.5858061,-0.1386664,35.652443,108.3371,-10.864027,WAL
2060912253000,273.394865,0.561510878537353,-10.6263216725028,-1.15920856156986,0.2443461,-1.5128077,-0.26389378,35.031857,108.00708,-10.6787405,WAL
2060917349000,273.399961,0.376694943531205,-10.6287219278513,-1.4160306958737,0.33750305,-1.4245378,-0.3943135,34.426,107.64407,-10.455863,WAL
2060922243000,273.404855,0.136745975622664,-10.6117504605548,-1.59251009945898,0.40866885,-1.3582588,-0.5448918,33.82101,107.241554,-10.192965,WAL
2060927350000,273.409962,-0.243323997428684,-10.5540181514853,-1.63099822177848,0.43249258,-1.2910637,-0.70005155,33.239082,106.81215,-9.884588,WAL
2060932263000,273.414875,-0.619159640041929,-10.4911009706499,-1.68102073354298,0.39400807,-1.2406673,-0.86529064,32.713085,106.48829,-9.591521,WAL
2060937363000,273.419975,-1.03360968646301,-10.4082113330338,-1.76391072755316,0.3286455,-1.2046263,-1.0097603,32.198063,106.14874,-9.258615,WAL
2060942256000,273.424868,-1.43880052363672,-10.3198119534737,-1.84140455522026,0.24098633,-1.1362094,-1.1316279,31.715145,105.856964,-8.947875,WAL
2060947324000,273.429936,-1.8767763361731,-10.2067853741995,-1.91675523105958,0.16615535,-1.0613784,-1.2140946,31.242138,105.56717,-8.607673,WAL
2060952361000,273.434973,-2.30637829757322,-10.1767955529986,-1.97845875453278,0.099571034,-0.9764681,-1.269378,30.806328,105.34908,-8.311736,WAL
2060957349000,273.439961,-2.71500304914923,-10.3899913921432,-2.00066660130172,0.049480084,-0.883922,-1.2852604,30.394844,105.14404,-8.001924,WAL
2060962288000,273.4449,-3.12144687694892,-10.6283758484339,-2.01241721553206,0.053450707,-0.77304995,-1.2651019,30.040968,105.00314,-7.7590265,WAL
2060967361000,273.449973,-3.55826781476139,-11.1612012436518,-1.91641260775615,0.069027774,-0.6569856,-1.235475,29.716867,104.8742,-7.5114093,WAL
2060972344000,273.454956,-3.99315925411545,-11.6956297818861,-1.80458061878257,0.110872045,-0.52442783,-1.1960741,29.452585,104.77766,-7.3290715,WAL
2060977335000,273.459947,-4.50079686293638,-12.3677794183302,-1.47555621997247,0.16462818,-0.4642576,-1.1377366,29.205389,104.683235,-7.160104,WAL
2060982513000,273.465125,-5.02273272678225,-13.0570925154979,-1.12315515241767,0.20189096,-0.3866777,-1.0821478,29.013645,104.5907,-7.043551,WAL
2060987349000,273.469961,-5.45338859787873,-13.6043840032933,-0.661097424513754,0.25228736,-0.35246924,-1.0577132,28.82951,104.48667,-6.9348974,WAL
2060992685000,273.475297,-5.92070429150086,-14.192206021518,-0.151040562137391,0.27030787,-0.34697145,-0.98899084,28.6754,104.3653,-6.897342,WAL
2060997305000,273.479917,-6.16768178803457,-14.379431448726,0.295112584130728,0.30085114,-0.36835176,-0.91874135,28.5257,104.23371,-6.8665037,WAL
2061002296000,273.484908,-6.4344923259566,-14.5816916450887,0.777093180023409,0.3463606,-0.43004912,-0.8350528,28.361494,104.065414,-6.902954,WAL
2061007347000,273.489959,-6.43880511418342,-14.4985739114272,1.31876997443256,0.39736784,-0.5458081,-0.75686204,28.180489,103.900826,-6.959704,WAL
2061012237000,273.494849,-6.35612243286905,-14.3240217760667,1.86080124020991,0.5030475,-0.74128497,-0.6914995,27.964392,103.72562,-7.0415325,WAL
2061017386000,273.499998,-6.12559724981797,-14.0715928848765,2.31341273531438,0.675617,-1.0033462,-0.65209866,27.695112,103.48818,-7.1692805,WAL
2061022285000,273.504897,-5.84861151118764,-13.8038393727246,2.69657642959756,0.9297369,-1.2825116,-0.63041294,27.36935,103.221756,-7.316512,WAL
2061027325000,273.509937,-5.5748690328684,-13.5562051467556,2.81200946646452,1.2388347,-1.5201381,-0.64721173,26.964468,102.8511,-7.455016,WAL
2061032334000,273.514946,-5.30820620502325,-13.3234815593289,2.79261576667677,1.5589281,-1.6597209,-0.6600399,26.51276,102.441864,-7.6030307,WAL
2061037351000,273.519963,-5.08291690021609,-13.0717761203222,2.43507590263235,1.8695531,-1.6933185,-0.6759224,26.008385,101.926476,-7.708024,WAL
2061042329000,273.524941,-4.87688329383165,-12.8142339289854,1.93872246122188,2.1520782,-1.564426,-0.6765333,25.516525,101.381256,-7.805332,WAL
2061047359000,273.529971,-4.722855206405,-12.4985676046671,1.22585367436048,2.4126122,-1.255328,-0.66737026,25.063776,100.79916,-7.860981,WAL
2061052404000,273.535016,-4.59548693555946,-12.1542017762156,0.405036646983011,2.6038132,-0.9074403,-0.6719518,24.66572,100.22289,-7.9008303,WAL
2061057332000,273.539944,-4.51634961873118,-11.8089351977515,-0.117155819128689,2.7617218,-0.57635134,-0.66950834,24.36498,99.69706,-7.913987,WAL
2061062343000,273.544955,-4.46336002912066,-11.452459538948,-0.478449080092351,2.8722885,-0.3472769,-0.65270954,24.141235,99.212814,-7.919919,WAL
2061067369000,273.549981,-4.42253424128075,-11.1027155558211,-0.697331925246489,2.983466,-0.23335053,-0.625526,23.992775,98.83893,-7.9217052,WAL
2061072351000,273.554963,-4.38927248217309,-10.7605944065332,-0.830379041063639,3.0390546,-0.16493362,-0.6068946,23.901022,98.52235,-7.920723,WAL
2061077341000,273.559953,-4.32856915697486,-10.4231195847526,-0.863054347072182,3.0341678,-0.16890424,-0.5919284,23.82637,98.29611,-7.929093,WAL
2061082350000,273.564962,-4.2507586786395,-10.0875612716951,-0.833875378341444,3.009733,-0.24678956,-0.55924714,23.753157,98.135796,-7.9468827,WAL
2061087347000,273.569959,-4.1231611635996,-9.87550846349848,-1.10231659423256,2.951701,-0.30268374,-0.5158757,23.687746,98.05202,-7.9767604,WAL
2061092348000,273.57496,-3.96819691102123,-9.73022966632963,-1.5333106827907,2.8597655,-0.24648413,-0.48197266,23.634987,98.02696,-8.01208,WAL
2061097303000,273.579915,-3.75002693956581,-9.50599312067279,-2.34348937719538,2.7302623,-0.11178834,-0.46731192,23.590744,81.94844,-8.0511,WAL
2061102385000,273.584997,-3.49302086649716,-9.2347084465089,-3.37151357007628,2.6279423,0.1563815,-0.4288274,23.603952,81.870346,-8.106085,WAL
2061107331000,273.589943,-3.41444388695652,-9.00417577065217,-3.67407940130435,2.529593,0.44043383,-0.3933972,23.642197,81.79704,-8.14439,WAL
2061112330000,273.594942,-3.43809725810277,-8.79129567732213,-3.56054312100791,2.4312437,0.625526,-0.3371976,23.731104,81.69884,-8.199984,WAL
2061117358000,273.59997,-3.4788249184107,-8.60045778584776,-3.40416013240559,2.3661866,0.7874053,-0.2452624,23.882702,81.64737,-8.241892,WAL
2061122330000,273.604942,-3.53033695082612,-8.42719008934894,-3.22152651403422,2.3457224,0.96761054,-0.13164146,24.095562,81.57462,-8.308221,WAL
2061127343000,273.609955,-3.49444811913093,-8.32552047009029,-2.79754636873589,2.3658812,1.1636983,-0.010079277,24.3737,81.46172,-8.410755,WAL
2061132322000,273.614934,-3.39129669816591,-8.28067153752822,-2.1920916329383,2.4000895,1.3316863,0.12339478,24.696444,81.31252,-8.5511875,WAL
2061137352000,273.619964,-3.28617425108325,-8.3081101557673,-1.71924045069208,2.4239132,1.4401149,0.23151793,25.068825,81.1158,-8.732056,WAL
2061142344000,273.624956,-3.18068137437312,-8.42798875476429,-1.42673769057172,2.4174993,1.5216653,0.31245756,25.481546,80.88905,-8.944776,WAL
2061147294000,273.629906,-3.08087387856251,-8.46862889972956,-1.03448041514978,2.378404,1.6227635,0.3747658,25.920597,80.63754,-9.162146,WAL
2061152348000,273.63496,-2.98521938488662,-8.40821535822759,-0.500828938904722,2.3606887,1.6588045,0.45540005,26.361523,80.357086,-9.408442,WAL
2061157352000,273.639964,-2.89518129519503,-8.4033367133974,0.0463871498021481,2.3377812,1.6190983,0.569021,26.81099,80.050865,-9.663551,WAL
2061162303000,273.644915,-2.81030462387413,-8.44800859657057,0.604786071963444,2.2806654,1.5289958,0.65026605,27.25214,79.73518,-9.931958,WAL
2061167284000,273.649896,-2.73103115194534,-8.51804274204652,1.06613520866799,2.2101104,1.3564262,0.7144069,27.66282,79.36587,-10.216756,WAL
2061172312000,273.654924,-2.66071404486284,-8.62854126296026,1.37251707308856,2.1200078,1.2449434,0.766025,28.060207,78.983574,-10.519296,WAL
2061177305000,273.659917,-2.62191162327351,-8.73950091816217,1.6154946814432,2.039679,1.039998,0.7761043,28.369856,78.57189,-10.807353,WAL
2061182296000,273.664908,-2.61742061427229,-8.85177614319271,1.79064422006953,2.0073032,0.8729264,0.77671516,28.653427,78.150795,-11.103492,WAL
2061187256000,273.669868,-2.60952687675681,-8.89428824492932,1.9206089213276,1.9547688,0.7049385,0.7611381,28.8672,77.73403,-11.373502,WAL
2061192307000,273.674919,-2.5946614039746,-8.80014002642901,1.96520549489859,1.8897116,0.54702985,0.7290677,29.032297,77.32582,-11.631945,WAL
2061197301000,273.679913,-2.58023476526408,-8.7142746829054,1.94428155866445,1.7889189,0.36560285,0.6930266,29.136263,76.92324,-11.86961,WAL
2061202372000,273.684984,-2.56601106325295,-8.63841563194377,1.82101066273553,1.6991217,0.22113322,0.6600399,29.203274,76.53608,-12.09137,WAL
2061207290000,273.689902,-2.54425815498831,-8.50593270420889,1.68560752264224,1.6016886,0.12461651,0.5946773,29.236656,76.1742,-12.283935,WAL
2061212303000,273.694915,-2.50683926509158,-8.2580319420304,1.51722215180242,1.5085317,0.032070424,0.5522222,29.228146,75.82908,-12.464713,WAL
2061217357000,273.699969,-2.47621396789565,-8.01456768411629,1.35781651572006,1.4074335,-0.049785517,0.5103779,29.20814,75.526375,-12.616024,WAL
2061222308000,273.70492,-2.46252079254909,-7.79091316992684,1.22544956709665,1.2840388,-0.10629055,0.46578476,29.16988,75.25563,-12.747986,WAL
2061227260000,273.709872,-2.44783328287217,-7.57239738842556,1.09176717657833,1.1826351,-0.16523905,0.43371433,29.122974,75.015854,-12.864072,WAL
2061232300000,273.714912,-2.42902309347233,-7.37018722630553,0.9506902895947,1.0748174,-0.20433442,0.3933972,29.068079,74.81308,-12.960157,WAL
2061237323000,273.719935,-2.40346074674389,-7.17125053099562,0.810919271070758,0.9810496,-0.20433442,0.364992,29.023209,74.63047,-13.052619,WAL
2061242306000,273.724918,-2.34369704107702,-6.98697937820914,0.676451180338134,0.8781188,-0.19883664,0.34055737,28.971277,74.4789,-13.130572,WAL
2061247325000,273.729937,-2.26683412730715,-6.80114644831992,0.568965656980596,0.79168135,-0.17959438,0.3191771,28.942705,74.3574,-13.196853,WAL
2061252333000,273.734945,-2.13972596791292,-6.61502361875059,0.546267779839091,0.6957755,-0.15027285,0.30848694,28.920694,74.25958,-13.258172,WAL
2061257292000,273.739904,-2.01741848669158,-6.42582253330219,0.522865042649227,0.5766568,-0.1301143,0.30604348,28.918226,74.19752,-13.3035965,WAL
2061262302000,273.744914,-1.91780301269594,-6.20168762579674,0.492980374446175,0.46273044,-0.10995574,0.2996294,28.926214,74.15395,-13.345838,WAL
2061267334000,273.749946,-1.82161287376919,-5.98450384167829,0.474302938489137,0.34880406,-0.089491755,0.29901853,28.947742,74.13947,-13.363587,WAL
2061272314000,273.754926,-1.74081036370341,-5.79913344163843,0.498068377954953,0.22571471,-0.07238753,0.2996294,28.975174,74.14393,-13.381796,WAL
2061277307000,273.759919,-1.67687312332518,-5.61769868361858,0.5385817920489,0.1731803,-0.03145956,0.29260445,29.026794,74.15815,-13.382967,WAL
2061282299000,273.764911,-1.68154866225917,-5.45405482092909,0.646119265644988,0.041233405,-0.004276057,0.28710666,29.079653,74.19964,-13.387216,WAL
2061287309000,273.769921,-1.69480522580529,-5.29987038456707,0.755325178833558,-0.07086037,0.018020526,0.2919936,29.142096,74.2229,-13.394299,WAL
2061292308000,273.77492,-1.75494362192014,-5.20107139551368,0.871306374544639,-0.1777618,0.027183503,0.30543262,29.208515,74.26145,-13.405067,WAL
2061297299000,273.779911,-1.81498577735307,-5.10243051646478,0.987101963221175,-0.30085114,0.052839845,0.30726522,29.279333,74.28035,-13.434471,WAL
2061302323000,273.784935,-1.86629494127876,-5.10887160698224,1.09639642509194,-0.4034765,0.090713486,0.31490102,29.355907,74.30519,-13.470945,WAL
2061307309000,273.789921,-1.91646826241988,-5.12392372644216,1.20426906161606,-0.50426924,0.13561209,0.30970868,29.442932,74.3474,-13.506405,WAL
2061312303000,273.794915,-1.96672208628244,-5.13899999691604,1.31231477898497,-0.6084218,0.15760323,0.3145956,29.524685,74.35185,-13.577098,WAL
2061317296000,273.799908,-2.00472769177872,-5.15178879692662,1.42592867422205,-0.7131852,0.18845193,0.31887165,29.62181,74.358536,-13.65353,WAL
2061322313000,273.804925,-1.94935291566462,-5.14717399534191,1.5828238812428,-0.81336707,0.21991149,0.33169982,29.725534,74.372734,-13.733904,WAL
2061327498000,273.81011,-1.88785294785438,-5.14174243016127,1.74409608525889,-0.9233228,0.23243423,0.3378085,29.816385,74.36514,-13.8351965,WAL
2061332305000,273.814917,-1.77930891119494,-5.12871715120249,1.88303248482505,-1.0048733,0.23487769,0.3472769,29.913147,74.35981,-13.940239,WAL
2061337263000,273.819875,-1.66735523244365,-5.11528271536358,2.02633322729416,-1.0916162,0.22693644,0.33841935,29.988857,74.36958,-14.028909,WAL
2061342269000,273.824881,-1.52869804133866,-5.13880636965203,2.15968547858909,-1.1676689,0.21105394,0.33292156,30.062523,74.38105,-14.119405,WAL
2061347297000,273.829909,-1.38677774584522,-5.16627508225899,2.29244958435064,-1.2425,0.19150625,0.32253686,30.13334,74.40198,-14.204043,WAL
2061352314000,273.834926,-1.22384817306684,-5.26501601867628,2.44939379266055,-1.3081679,0.16432275,0.30451632,30.17381,74.4337,-14.261438,WAL
2061357610000,273.840222,-1.05096077087639,-5.38905532649639,2.62154960712615,-1.3750577,0.13103059,0.28344148,30.207079,74.473335,-14.313073,WAL
2061362269000,273.844881,-0.994415757769546,-5.545641509651,2.7824852651784,-1.4367551,0.105068825,0.2666427,30.208858,74.53884,-14.327918,WAL
2061367277000,273.849889,-0.933635026788848,-5.71395737254826,2.95547641682589,-1.4792101,0.09712757,0.23823744,30.177288,74.630615,-14.301273,WAL
2061372268000,273.85488,-0.907508588170945,-5.9542121571762,3.1960915571762,-1.5021176,0.11056661,0.22571471,30.144447,74.72294,-14.274507,WAL
2061377289000,273.859901,-0.884129959714119,-6.20202555534811,3.44390495534811,-1.5112807,0.14446963,0.20616703,30.116365,74.82333,-14.238456,WAL
2061382331000,273.864943,-0.950917504286553,-6.55088641655901,3.74345907410452,-1.5039502,0.2134974,0.18661933,30.078455,74.9373,-14.177163,WAL
2061387262000,273.869874,-1.02948428837346,-6.90674739207281,4.04386121133294,-1.473407,0.3378085,0.17287487,30.067335,75.04949,-14.11543,WAL
2061392316000,273.874928,-1.10641410067847,-7.41361866104228,4.49757895815143,-1.4159856,0.47983465,0.15668693,30.046629,75.16533,-14.034459,WAL
2061397272000,273.879884,-1.18108493926254,-7.94098130930187,4.97360563331367,-1.3435981,0.64476824,0.15821409,30.069498,75.27201,-13.960295,WAL
2061402297000,273.884909,-1.48674443671442,-8.58576887880372,5.54786635191885,-1.2705997,0.8381071,0.1563815,30.1145,75.374,-13.876714,WAL
2061407203000,273.889815,-1.84539945718917,-9.24412247683781,6.13252354982746,-1.1844677,1.0604621,0.1731803,30.216837,75.45894,-13.806562,WAL
2061412240000,273.894852,-2.16633022958661,-10.0863627687008,6.73922183877953,-1.1038336,1.2385293,0.19700404,30.319344,75.53556,-13.721022,WAL
2061417206000,273.899818,-2.4752727634252,-10.942975773622,7.33838293582677,-0.99112886,1.2993103,0.20769419,30.454866,75.59574,-13.644056,WAL
2061422252000,273.904864,-2.73674645837574,-11.9933097952371,8.06658737512721,-0.83199847,1.2165382,0.18112154,30.572329,75.6062,-13.586487,WAL
2061427177000,273.909789,-2.98155143751272,-13.0541315385711,8.80100231253816,-0.6236934,1.0589349,0.14569137,30.68999,75.59524,-13.534912,WAL
2061432242000,273.914854,-3.13094901709034,-14.0306843193195,9.28183965838874,-0.355829,0.88300574,0.05589417,30.742859,75.54969,-13.47047,WAL
2061437180000,273.919792,-3.26041007133359,-14.9646533328119,9.70721205240516,-0.1133155,0.71593404,-0.040317107,30.762575,75.48665,-13.397703,WAL
2061442250000,273.924862,-3.11555797583946,-15.3889557150805,9.66545313173058,0.03390302,0.5717699,-0.08857546,30.703865,75.38658,-13.300113,WAL
2061447209000,273.929821,-2.91268403451222,-15.6861897803497,9.51919514653288,0.12095132,0.52106804,-0.1469131,30.64364,75.27623,-13.181289,WAL
2061452273000,273.934885,-2.63422411006289,-15.5406879559748,8.90335857861635,0.1740966,0.5314528,-0.20189096,30.55449,75.147095,-13.036,WAL
2061457226000,273.939838,-2.34536818604373,-15.2944506265349,8.19305674513327,0.21044308,0.6010914,-0.21410827,30.487501,74.99479,-12.899954,WAL
2061462237000,273.944849,-3.12774964227405,-14.3735271030126,6.75625544767736,0.28313604,0.70096785,-0.24190263,30.451841,74.879265,-12.720197,WAL
2061467273000,273.949885,-4.17294134373178,-13.2861524169096,5.13925521276968,0.36163223,0.7535023,-0.312763,30.439272,74.75534,-12.53894,WAL
2061472338000,273.95495,-5.21125299781934,-12.6096155284454,4.16359620994379,0.43982297,0.8396343,-0.35521814,30.505104,74.67329,-12.353018,WAL
2061477316000,273.959928,-6.22774211968405,-12.0736485298992,3.40584966224074,0.48655418,0.8597928,-0.44165558,30.578568,74.598335,-12.145565,WAL
2061482343000,273.964955,-7.04939648759124,-11.5308107963504,2.79676312744526,0.56779927,0.86559606,-0.5207626,30.787899,74.47286,-12.138734,WAL
2061487348000,273.96996,-7.78178702725061,-10.989681643309,2.25563387698297,0.63529986,0.8738427,-0.5317582,31.003723,74.346985,-12.1296215,WAL
2061492343000,273.974955,-8.29695683796063,-10.5058971317516,1.84761298924785,0.72204274,0.88239485,-0.48624873,31.287912,74.143394,-12.284976,WAL
2061497310000,273.979922,-8.69555796113074,-10.0544692932862,1.51144337031802,0.74036866,0.8576548,-0.38056904,31.561466,73.93429,-12.450308,WAL
2061502366000,273.984978,-8.8941430413978,-9.70300403732751,1.3338866586022,0.6933321,0.9450085,-0.31123585,31.918318,73.6701,-12.744566,WAL
2061507347000,273.989959,-8.98885572044078,-9.40939453449816,1.23917397955922,0.57726765,1.131017,-0.2751948,32.292595,73.40478,-13.05737,WAL
2061512328000,273.99494,-8.92150987544656,-9.41454944481993,1.30954534252197,0.40317106,1.276403,-0.23243423,32.705803,73.11127,-13.457753,WAL
2061517348000,273.99996,-8.76832910978082,-9.57701432654244,1.46736794810273,0.1872302,1.3289373,-0.20922135,33.14422,72.84387,-13.860338,WAL
2061522346000,274.004958,-8.51087196141708,-9.8583066288303,1.74103183121246,-0.04795292,1.3057245,-0.19792034,33.608116,72.58508,-14.291484,WAL
2061527333000,274.009945,-8.18025487961926,-10.222957206047,2.09595869764838,-0.2312125,1.1059716,-0.19303341,34.033295,72.34735,-14.713279,WAL
2061532301000,274.014913,-7.75586653282852,-10.4268148969616,2.13011113164957,-0.37415496,0.7519751,-0.17684549,34.394333,72.15264,-15.090757,WAL
2061537330000,274.019942,-7.26653996434391,-10.5329897980447,1.96392463803316,-0.4718934,0.41691554,-0.10751228,34.69726,71.96076,-15.468464,WAL
2061542310000,274.024922,-6.82582233633389,-10.5372383127788,1.96686836544067,-0.44593164,0.16890424,0.00580322,34.89321,71.790504,-15.778877,WAL
2061547292000,274.029904,-6.42377123206107,-10.4520978244275,2.11822885496183,-0.30695978,-0.0067195175,0.14630222,35.006344,71.59263,-16.097963,WAL
2061552413000,274.035025,-5.6522224818483,-10.0814910179276,2.07284614656306,-0.09468412,-0.14569137,0.2321288,35.04727,71.4438,-16.345999,WAL
2061557391000,274.040003,-4.57924124580796,-9.46603638685633,1.84756653466654,0.17745635,-0.19853121,0.2843578,35.0585,71.242485,-16.614294,WAL
2061562302000,274.044914,-3.52070150089151,-8.85886529541579,1.62531901075656,0.42058071,-0.16615535,0.3118467,35.03415,71.040695,-16.838943,WAL
2061567308000,274.04992,-2.44168501482925,-8.2399488865884,1.39877225761193,0.59803706,-0.12980886,0.28527406,34.997787,70.81745,-17.055632,WAL
2061572306000,274.054918,-1.44105293551562,-7.61726380484573,1.04960660645467,0.6270532,-0.049785517,0.25289822,34.98525,70.582375,-17.276445,WAL
2061577307000,274.059919,-0.552623272052243,-6.98720406833239,0.519268494927125,0.5198463,-0.002443461,0.15760323,34.98004,70.37109,-17.467083,WAL
2061582295000,274.064907,0.23015686400169,-6.33623583165787,-0.00842799539598732,0.24404067,-0.036651913,0.021685716,34.97282,70.508606,-17.336761,WAL
2061587322000,274.069934,0.763945034872017,-5.62451842691658,-0.53713244875396,-0.12644911,-0.13988814,-0.13408493,34.96152,70.69675,-17.17701,WAL
2061592247000,274.074859,1.19120449343475,-5.03204859823859,-0.920707615772618,-0.55771995,-0.25809056,-0.27916542,34.932465,71.016655,-16.920094,WAL
2061597289000,274.079901,1.47632146931545,-4.59229178688951,-1.09950984353483,-0.9850202,-0.4251622,-0.40866885,34.86127,71.41127,-16.6221,WAL
2061602288000,274.0849,1.69191965772173,-4.29294957033154,-1.2692702445452,-1.3888022,-0.6414085,-0.52015173,34.755394,71.88768,-16.277225,WAL
2061607309000,274.089921,1.80546729389818,-4.20211130014168,-1.42823694467743,-1.7556267,-0.93676186,-0.59498274,34.57856,72.42784,-15.899978,WAL
2061612237000,274.094849,1.86646246422884,-4.20146719971493,-1.6074133998034,-2.0720549,-1.2406673,-0.634689,34.340137,73.036354,-15.479974,WAL
2061617313000,274.099925,1.79000616850487,-4.44517168287624,-1.85589629853534,-2.2944098,-1.527774,-0.6383542,34.01959,73.67175,-15.044673,WAL
2061622241000,274.104853,1.6985780816538,-4.74484312205688,-2.09051278916934,-2.418721,-1.765706,-0.6227771,33.629826,74.33218,-14.59324,WAL
2061627306000,274.109918,1.54782325565078,-5.26106455429459,-2.30979260980411,-2.4449883,-1.96271,-0.5879578,33.166965,74.97924,-14.146338,WAL
2061632284000,274.114896,1.38108478138597,-5.7863895327921,-2.54006220508331,-2.36863,-2.1502457,-0.5403103,32.650993,75.598816,-13.719238,WAL
2061637380000,274.119992,1.07033396784464,-6.45968275482331,-2.88706730273798,-2.238821,-2.2611177,-0.4868596,32.09973,76.17715,-13.309342,WAL
2061642278000,274.12489,0.771358811519085,-7.10746209990312,-3.24937476062779,-2.0781636,-2.2934935,-0.4334089,31.537413,76.71209,-12.923626,WAL
2061647287000,274.129899,0.464631929785894,-7.77203697392947,-3.71411227493703,-1.915368,-2.2278256,-0.36377025,30.972122,77.18924,-12.565424,WAL
2061652365000,274.134977,0.143725949059684,-8.45260122211096,-4.17030109883837,-1.7528778,-2.0821342,-0.30115658,30.450058,77.59848,-12.255388,WAL
2061657312000,274.139924,-0.212095665603845,-9.14526742058882,-4.54984439094733,-1.6013832,-1.8747455,-0.21471913,29.966581,77.94423,-11.980255,WAL
2061662305000,274.144917,-0.584691406199775,-9.8703677393927,-4.89881245020959,-1.4892895,-1.5619824,-0.13316862,29.597292,78.21254,-11.763235,WAL
2061667365000,274.149977,-1.02562990447194,-10.7274730742255,-5.09203269660566,-1.3970488,-1.3607023,-0.09162979,29.25772,78.43233,-11.5658045,WAL
2061672326000,274.154938,-1.41379609032049,-11.5439051835865,-5.15368741626528,-1.378112,-0.8781188,-0.024740042,29.130163,101.44958,-11.442477,WAL
2061677307000,274.159919,-1.65239480257503,-12.2817935502038,-4.77811521796962,-1.3726143,-0.31123585,0.029626964,29.087362,101.37367,-11.3302965,WAL
2061682377000,274.164989,-1.85648934192345,-12.9893774887515,-4.32398898595799,-1.3771957,0.21410827,0.108123146,29.205875,101.394295,-11.278826,WAL
2061687320000,274.169932,-1.58898513357501,-13.1559369305896,-3.01675131619576,-1.4220943,0.59803706,0.1826487,29.448057,101.46637,-11.24179,WAL
2061692307000,274.174919,-1.29277939039181,-13.2167377681878,-1.71814846862727,-1.4483615,0.7501425,0.24984388,29.758247,101.57902,-11.229371,WAL
2061697289000,274.179901,-0.882318191822517,-12.810738310735,-0.509072553590799,-1.459968,0.6817256,0.27397305,30.113504,101.7279,-11.227496,WAL
2061702374000,274.184986,-0.471474581953444,-12.3810728944027,0.706671306644799,-1.466382,0.45906523,0.23701571,30.389814,101.78041,-11.168559,WAL
2061707307000,274.189919,-0.196547976119035,-11.7312457927203,1.60643114210137,-1.4844025,0.13194689,0.1432479,30.611263,101.83954,-11.109756,WAL
2061712363000,274.194975,0.0336612514675549,-11.1168968294562,2.38956686936982,-1.5146403,-0.22724187,0.015882496,30.706966,101.73787,-10.962597,WAL
2061717332000,274.199944,0.00624337448332733,-10.7673190011523,2.4752477103421,-1.5216653,-0.55924714,-0.1328632,30.705624,101.615814,-10.797759,WAL
2061722317000,274.204929,-0.021262787071588,-10.4166155449046,2.56120444051855,-1.5036448,-0.8222246,-0.28985557,30.54051,101.40424,-10.573277,WAL
2061727849000,274.210461,-0.385609899190133,-10.0225282974222,2.4522550544,-1.475545,-1.0317514,-0.42424592,30.289434,101.1659,-10.3243885,WAL
2061732436000,274.215048,-1.03770869466133,-9.69062194755556,2.147681924,-1.4575244,-1.2067643,-0.539394,29.968418,100.89717,-10.046504,WAL
2061737426000,274.220038,-1.70103121064128,-9.39626851030792,1.82866263283621,-1.4657712,-1.4074335,-0.6411031,29.54014,100.635956,-9.76421,WAL
2061742341000,274.224953,-2.10570365453987,-9.46646690402667,1.58090407555049,-1.4877623,-1.6108516,-0.7263188,29.062073,100.352776,-9.460848,WAL
2061748364000,274.230976,-2.58946407161468,-9.54780550522936,1.27114985491743,-1.5091426,-1.7953329,-0.7797695,28.583588,100.20511,-9.265515,WAL
2061752398000,274.23501,-2.76313458130275,-9.5442611366055,0.987606064422018,-1.5525141,-1.9614882,-0.8136725,28.055645,100.04769,-9.056616,WAL
2061757294000,274.239906,-2.97391564611009,-9.53995939422019,0.643473590880734,-1.5763378,-2.074193,-0.8045095,27.52805,99.97283,-8.913156,WAL
2061762306000,274.244918,-3.04851025546154,-9.48295636947115,0.242834684878846,-1.6157386,-2.1206186,-0.77763146,26.977982,99.90263,-8.767682,WAL
2061767320000,274.249932,-3.05312737807692,-9.39984811418269,-0.181940913932692,-1.643533,-2.1649065,-0.743423,26.403479,99.839035,-8.629346,WAL
2061772313000,274.254925,-2.95828804252017,-9.32508726132837,-0.606382506753569,-1.6404786,-2.1749856,-0.68783426,25.873756,99.84441,-8.538953,WAL
2061777336000,274.259948,-2.7940585995448,-9.25541353284709,-1.03437445017587,-1.6007724,-2.1526892,-0.6224717,25.349384,99.85867,-8.460461,WAL
2061782286000,274.264898,-2.56125293556686,-9.21956993060126,-1.35566106443314,-1.5534303,-2.0955732,-0.56169057,24.876036,99.91641,-8.40029,WAL
2061787293000,274.269905,-2.28872221014059,-9.20044507777445,-1.62819178985941,-1.4905112,-1.994475,-0.5180137,24.431343,99.97551,-8.350525,WAL
2061792312000,274.274924,-2.02526549537019,-9.12965599589764,-1.79705719558508,-1.4278975,-1.8860464,-0.4728097,24.01836,100.07285,-8.303619,WAL
2061797291000,274.279903,-1.76910601230709,-9.03184962482907,-1.90883589148271,-1.3952162,-1.7702875,-0.42852196,23.64487,100.173836,-8.2653675,WAL
2061802305000,274.284917,-1.57511643983293,-8.86016468021597,-1.850646686685,-1.3845261,-1.6814066,-0.40408736,23.281551,100.28479,-8.207247,WAL
2061807314000,274.289926,-1.42362123516707,-8.64025294478403,-1.679603675815,-1.3927728,-1.6685784,-0.3848451,22.936436,100.4021,-8.159599,WAL
2061812305000,274.294917,-1.3226366274212,-8.38306242922636,-1.41938152418338,-1.4618006,-1.7592919,-0.37598756,22.563824,100.534775,-8.093992,WAL
2061817395000,274.300007,-1.2481442586533,-8.09905987526265,-1.10278896907354,-1.5540411,-1.9416351,-0.36774087,22.174091,100.67798,-8.037632,WAL
2061822312000,274.304924,-1.23515560956647,-7.79926921614664,-0.996959316105448,-1.6496416,-2.1688771,-0.35369098,21.724438,100.82883,-7.9756985,WAL
2061827305000,274.309917,-1.26962355699722,-7.47428512418906,-1.05112336570899,-1.736079,-2.3979516,-0.32650748,21.229498,100.99883,-7.9270816,WAL
2061832287000,274.314899,-1.36577497932331,-7.25439527819549,-1.29729731842105,-1.7669277,-2.5723536,-0.2770274,20.66364,101.1688,-7.887764,WAL
2061837310000,274.319922,-1.50378697304116,-7.10210614740799,-1.67326086779778,-1.7498235,-2.6471846,-0.22876903,20.071592,101.34663,-7.8592596,WAL
2061842310000,274.324922,-1.5773242814786,-7.01993069819066,-2.22320257444553,-1.6969837,-2.6077838,-0.18448131,19.470284,101.56115,-7.8608932,WAL
2061847291000,274.329903,-1.60516593953307,-6.98744866688716,-2.8960430801751,-1.6151277,-2.4431555,-0.13744467,18.897148,101.76765,-7.8713036,WAL
2061852369000,274.334981,-1.62101580552882,-7.03530297059806,-3.50431938951193,-1.525636,-2.194228,-0.10567969,18.38803,102.0431,-7.9161453,WAL
2061857390000,274.340002,-1.62573790243543,-7.15335563980163,-4.03791683303545,-1.4511104,-1.9113973,-0.0983493,17.947245,102.29918,-7.9550853,WAL
2061862314000,274.344926,-1.5525724239724,-7.34171835262851,-4.44180612113497,-1.4178182,-1.7528778,-0.09590584,17.545488,102.65995,-8.033382,WAL
2061867298000,274.34991,-1.39951480585949,-7.6060906637353,-4.72936897310271,-1.3997977,-1.4779885,-0.08582657,17.264807,103.0037,-8.095354,WAL
2061872318000,274.35493,-1.26349933131068,-7.92995643410194,-4.83552036541262,-1.3906348,-1.2663237,-0.06078109,17.016949,103.41939,-8.177958,WAL
2061877311000,274.359923,-1.15190251852128,-8.32724108203884,-4.70160416209858,-1.3643675,-1.0980303,-0.03756821,16.839138,103.82255,-8.250032,WAL
2061882288000,274.3649,-1.06249404574232,-8.71929728806584,-4.47070335483803,-1.3087788,-0.9941832,-0.01863139,16.685543,104.23918,-8.306567,WAL
2061887321000,274.369933,-1.02689198347578,-9.10583375925926,-3.99261891320038,-1.246776,-0.8949176,-0.0018325958,16.581245,104.64583,-8.359086,WAL
2061892273000,274.374885,-0.985075398355257,-9.43052015393112,-3.47339114012451,-1.196685,-0.8536842,0.009162978,16.458042,105.002846,-8.385331,WAL
2061897295000,274.379907,-0.931953419594337,-9.67198360206848,-2.86973206594036,-1.1368202,-0.86498517,0.016187929,16.349606,105.3382,-8.411914,WAL
2061902303000,274.384915,-0.854766926154864,-9.86531611676279,-2.29640357886924,-1.0763446,-0.89369583,0.02107485,16.211609,105.58589,-8.417297,WAL
2061907330000,274.389942,-0.740976140079418,-9.98821003606883,-1.76386272322965,-1.026559,-0.9309586,0.028099801,16.069637,105.81608,-8.426122,WAL
2061912242000,274.394854,-0.625736240294962,-10.0722032224587,-1.26916151982579,-0.9825767,-0.93676186,0.03726278,15.891505,105.94081,-8.409746,WAL
2061917313000,274.399925,-0.495950251853905,-10.0625895039097,-0.826927826421855,-0.9621128,-0.94714653,0.048258353,15.704293,106.05572,-8.397818,WAL
2061922244000,274.404856,-0.381814851221103,-10.0424398467694,-0.428327917151749,-0.9630291,-0.93676186,0.046120327,15.45527,106.10816,-8.363942,WAL
2061927307000,274.409919,-0.300379832539024,-9.9897465317131,-0.112168411966015,-0.97494096,-0.93462384,0.05131268,15.206284,106.158516,-8.33482,WAL
2061932286000,274.414898,-0.221093131827784,-9.96175639613721,0.389095245295242,-1.0122037,-0.9859365,0.046731193,14.892678,106.18251,-8.288644,WAL
2061937326000,274.419938,-0.143407410391309,-10.0103099340107,1.51068283712705,-1.047023,-1.1239921,0.04917465,14.5613575,106.20893,-8.250019,WAL
2061942287000,274.424899,-0.132399881836829,-10.0867777269132,2.37304775961185,-1.108415,-1.3655893,0.047647487,14.140915,106.2409,-8.216339,WAL
2061947286000,274.429898,-0.317345358668138,-10.2497064113319,2.51836200404709,-1.1585059,-1.6902641,0.011301007,13.662548,106.271484,-8.18699,WAL
2061952321000,274.434933,-0.499028405099748,-10.3940461933861,2.61598982180985,-1.2049317,-2.0292943,-0.06383542,13.015621,106.210785,-8.1502905,WAL
2061957324000,274.439936,-0.628196554160676,-10.3165446520489,2.16820697999641,-1.1902709,-2.276084,-0.14660765,12.308222,106.138626,-8.115644,WAL
2061962272000,274.444884,-0.755944705580518,-10.239895116463,1.72534679584831,-1.1343768,-2.3365595,-0.18906279,11.5580845,106.06159,-8.106219,WAL
2061967315000,274.449927,-0.996879487842115,-10.0488150553901,1.08101395408211,-1.0916162,-2.381458,-0.23365596,10.745902,105.96963,-8.086522,WAL
2061972300000,274.454912,-1.25464733163284,-9.83993464531745,0.409928701591882,-0.9935723,-2.3218987,-0.258396,9.95352,105.84519,-8.054623,WAL
2061977309000,274.459921,-1.55527400784163,-9.60253894176437,-0.373913263103017,-0.88178396,-2.1994202,-0.269697,9.208191,105.77489,-8.039786,WAL
2061982292000,274.464904,-1.87170341460696,-9.35489830328656,-1.19938133176052,-0.7672467,-2.047315,-0.2519819,8.497216,105.67885,-8.016479,WAL
2061987320000,274.469932,-2.16243779465097,-9.13370033890954,-2.13919591321768,-0.6435465,-1.8460348,-0.2003638,7.91276,105.67545,-8.034763,WAL
2061992304000,274.474916,-2.43352349386617,-8.93161828438662,-3.13481990743494,-0.5665775,-1.6032158,-0.14172074,7.393339,105.65696,-8.042567,WAL
2061997294000,274.479906,-2.54389491275451,-8.72010405877833,-3.79407836834422,-0.5476407,-1.3622295,-0.044898596,7.043403,105.781944,-8.109108,WAL
2062002311000,274.484923,-2.5808114944103,-8.50321999683058,-4.3016803301383,-0.58032197,-1.1533136,0.04062254,6.763256,105.9018,-8.169992,WAL
2062007296000,274.489908,-2.47763143341364,-8.39126754280949,-4.49040058469236,-0.6597345,-0.96883225,0.13713925,6.5965624,106.18805,-8.312457,WAL
2062012313000,274.494925,-2.28173994420867,-8.34674631662343,-4.47259237314678,-0.71593404,-0.7852673,0.22174409,6.496961,106.47554,-8.456439,WAL
2062017297000,274.499909,-2.02402668685234,-8.38265593032055,-4.16073758202838,-0.7199047,-0.59864795,0.28038713,6.456746,106.84717,-8.63722,WAL
2062022317000,274.504929,-1.6855018393484,-8.51907647472412,-3.47863538759853,-0.68600166,-0.46700647,0.31642818,6.4587173,107.217575,-8.820887,WAL
2062027308000,274.50992,-1.37455194655105,-8.76399751196873,-2.64582888276502,-0.65393126,-0.42730024,0.34238997,6.45664,107.579956,-8.9893,WAL
2062032297000,274.514909,-1.08512562817782,-9.1001054914509,-1.6841865323107,-0.6239988,-0.53023106,0.34055737,6.452294,107.92312,-9.157005,WAL
2062037315000,274.519927,-0.840927277600491,-9.50458835184617,-0.911621536495244,-0.61666846,-0.73853606,0.32650748,6.371827,108.17293,-9.278384,WAL
2062042311000,274.524923,-0.645179199355631,-9.97438353523576,-0.339058348992329,-0.60994893,-0.9822713,0.3042109,6.2531514,108.404686,-9.404359,WAL
2062047290000,274.529902,-0.547997652741313,-10.4159224449807,-0.166100284955019,-0.5830709,-1.1820242,0.26206118,5.9895673,108.49584,-9.484109,WAL
2062052328000,274.53494,-0.534026247799228,-10.8397223117761,-0.333757263888224,-0.5491679,-1.2776246,0.19364429,5.6886215,108.572235,-9.556877,WAL
2062057311000,274.539923,-0.644268498116023,-11.2081420130573,-0.610289626375676,-0.52839845,-1.2959507,0.08857546,5.2888837,108.53465,-9.573762,WAL
2062062304000,274.544916,-0.894012192538705,-11.5203213982466,-1.01166335445812,-0.5009095,-1.2709051,0.034208454,4.8790565,108.48337,-9.586386,WAL
2062067296000,274.549908,-1.24600076730338,-11.7695018481485,-1.36076798228578,-0.4886922,-1.2211196,-0.07238753,4.4452834,108.41918,-9.550001,WAL
2062072312000,274.554924,-1.815004759364,-11.887403808665,-1.60169763333689,-0.47983465,-1.1921035,-0.15241088,4.017322,108.34536,-9.503495,WAL
2062077296000,274.559908,-2.39656085250094,-11.8872556359534,-1.72936454501692,-0.47036624,-1.201572,-0.19425514,3.6312876,108.316925,-9.466046,WAL
2062082300000,274.564912,-3.00032102248966,-11.743074004513,-1.72035320481384,-0.47128254,-1.1991285,-0.1994475,3.2597902,108.28289,-9.412205,WAL
2062087244000,274.569856,-3.53088702710224,-11.5658683315185,-1.68423758584392,-0.47555858,-1.1930199,-0.17592919,2.912297,108.32974,-9.448314,WAL
2062092307000,274.574919,-3.92688213432144,-11.3067604495866,-1.58646104010889,-0.4596761,-1.142318,-0.12492194,2.5861073,108.37273,-9.483384,WAL
2062097293000,274.579905,-4.19268753566367,-11.0402575753425,-1.45715836145489,-0.45081854,-1.0818423,-0.079107046,2.31614,108.47693,-9.619108,WAL
2062102335000,274.584947,-4.21549633377421,-10.7483050547945,-1.26100260243741,-0.43218717,-1.0051788,-0.036651913,2.0738392,108.5778,-9.756745,WAL
2062107260000,274.589872,-4.18650143565217,-10.4845217815217,-1.05133561608696,-0.42760566,-0.9447031,-0.009162978,1.874289,108.71278,-9.959874,WAL
2062112303000,274.594915,-3.96697466245059,-10.2936287835968,-0.769768979841897,-0.41233405,-0.88208944,0.015882496,1.7036303,108.84273,-10.161088,WAL
2062117316000,274.599928,-3.73277516797444,-10.1185005826509,-0.49488126564906,-0.39461896,-0.8481864,0.025045475,1.5404189,108.96274,-10.372079,WAL
2062122310000,274.604922,-3.43582270662287,-10.0023021158103,-0.240965322131018,-0.36713,-0.82833326,0.028710667,1.3950065,109.07689,-10.578834,WAL
2062127645000,274.610257,-3.11628460862573,-9.88122082923977,0.022219872402924,-0.3417791,-0.8038987,0.03145956,1.1906735,109.167725,-10.784968,WAL
2062132298000,274.61491,-2.79054717134503,-9.83778920116959,0.087367362580117,-0.3100141,-0.77518797,0.04886922,0.9971247,109.251976,-10.989524,WAL
2062137316000,274.619928,-2.43925758177388,-9.79095062183236,0.15762528342885,-0.2611449,-0.73853606,0.05955936,0.7787478,109.27381,-11.145421,WAL
2062142310000,274.624922,-1.81117421736847,-10.1363466423145,0.183570584927319,-0.20861048,-0.6966918,0.057421334,0.5725048,109.287766,-11.296571,WAL
2062147329000,274.629941,-1.15755238440401,-10.5149963730189,0.206109265089562,-0.160963,-0.6450737,0.054367006,0.3823417,109.293144,-11.443475,WAL
2062152343000,274.634955,-0.807815830271162,-11.057303033354,0.127872439520363,-0.12461651,-0.6224717,0.025961773,0.16624874,109.24688,-11.530066,WAL
2062157327000,274.639939,-0.537149353273533,-11.6380058361171,0.0245270525823281,-0.076052725,-0.6087272,-0.005192355,359.96417,109.18664,-11.609479,WAL
2062162307000,274.644919,-0.338277376536466,-12.2570620605972,-0.114203536496133,-0.03023783,-0.58368176,-0.026572637,359.71793,109.02948,-11.563437,WAL
2062167295000,274.649907,-0.151222605830641,-12.8836950031326,-0.259170982694469,0.00030543262,-0.56413406,-0.10629055,359.47076,108.85151,-11.4917145,WAL
2062172315000,274.654927,0.0769894891643117,-13.4047918393218,-0.518380910052483,0.08307768,-0.5543602,-0.19364429,359.19867,108.61462,-11.358848,WAL
2062177270000,274.659882,0.311668621249495,-13.8933079298547,-0.800953737868389,0.19181168,-0.5479461,-0.30543262,358.9282,108.35153,-11.197677,WAL
2062182303000,274.664915,0.553533270941307,-14.3486501022853,-1.07144632125239,0.31612277,-0.5458081,-0.40042216,358.6374,108.032745,-10.974061,WAL
2062187250000,274.669862,0.792013404031008,-14.7874534348132,-1.33377443079634,0.49174652,-0.5235115,-0.48624873,358.353,107.66858,-10.724736,WAL
2062192307000,274.674919,1.02151892105559,-15.1645428952835,-1.42426091462661,0.70341134,-0.49846604,-0.5766568,358.05066,107.254295,-10.409955,WAL
2062197326000,274.679938,1.24642065861875,-15.5243858444694,-1.47823733352049,0.9221011,-0.47708577,-0.68936145,357.7532,106.792435,-10.071269,WAL
2062202321000,274.684933,1.30843701196056,-15.6652048803944,-1.30394552158838,1.1371256,-0.50701815,-0.79901177,357.43387,106.27436,-9.675681,WAL
2062207266000,274.689878,1.30341556396989,-15.7154193603011,-1.03780862078253,1.3487904,-0.5873469,-0.9288206,357.10526,105.70136,-9.254959,WAL
2062212308000,274.69492,0.991139063539815,-15.4760715802377,-0.872875716169178,1.5833627,-0.7165449,-1.0494665,356.7388,105.04418,-8.779593,WAL
2062217319000,274.699931,0.609451259184055,-15.1707212992421,-0.73367194607467,1.8661933,-0.8371908,-1.1841623,356.35272,104.32387,-8.27996,WAL
2062222313000,274.704925,-0.101838338488409,-14.5526741746586,-0.668819370419181,2.2159138,-0.8894198,-1.2965615,355.95007,103.50502,-7.7641463,WAL
2062227284000,274.709896,-0.963559346792633,-13.7917391521118,-0.638583529965068,2.6032023,-0.8720101,-1.344209,355.54105,102.62281,-7.2419467,WAL
2062232297000,274.714909,-1.92644821619321,-13.0448724085915,-0.732959860293972,2.9746084,-0.7840455,-1.3374895,355.1529,101.7042,-6.780753,WAL
2062237327000,274.719939,-2.91819708058992,-12.3010607229536,-0.861696509299218,3.329521,-0.5681047,-1.2974777,354.81784,100.72191,-6.3158937,WAL
2062242309000,274.724921,-3.85836758619807,-11.6860170752229,-0.831170001589831,3.6395352,-0.2761111,-1.2388347,354.57593,99.789955,-5.99251,WAL
2062247299000,274.729911,-4.78765937589641,-11.1057764482072,-0.754106755298805,3.88663,0.0018325958,-1.1661417,354.40485,98.836586,-5.681925,WAL
2062252321000,274.734933,-5.62540283346815,-10.8468823084934,-0.718189811789687,4.0915756,0.21380283,-1.0845913,354.35025,98.03556,-5.559402,WAL
2062257313000,274.739925,-6.40849721729019,-10.7550380892821,-0.7036880770273,4.183511,0.29901853,-1.0225884,354.34933,97.28382,-5.4524403,WAL
2062262307000,274.744919,-6.90701669125704,-10.9040439242277,-0.63870713964251,4.183205,0.48747048,-1.0054842,354.49548,96.724724,-5.511048,WAL
2062267306000,274.749918,-7.27442298935302,-11.1644833743929,-0.550343545253546,4.0805798,0.68203104,-0.981355,354.6771,96.30558,-5.593983,WAL
2062272312000,274.754924,-7.59602257652947,-11.6814854245736,-0.434539149380043,3.8518107,0.7666359,-0.9575313,354.9158,96.14846,-5.8103404,WAL
2062277305000,274.759917,-7.88904874769686,-12.3505624683383,-0.302677354506179,3.5650096,0.7131852,-0.9618073,355.1751,96.14334,-6.0281353,WAL
2062282300000,274.764912,-7.89446422954695,-12.9506914346684,-0.0584543581483913,3.2265902,0.52931476,-1.0064005,355.43866,96.307785,-6.2935233,WAL
2062287320000,274.769932,-7.75467048468249,-13.5188858864084,0.243680814030579,2.8701503,0.16462818,-1.0803152,355.63586,83.447685,-6.5480404,WAL
2062292306000,274.774918,-7.32803665712588,-13.998814972269,0.198203945688818,2.4868324,-0.3100141,-1.1691961,355.76007,83.14581,-6.805207,WAL
2062297295000,274.779907,-6.65136505353075,-14.4057641002278,-0.147229769703872,2.0659463,-0.8258898,-1.2702943,355.7665,82.85551,-7.0276794,WAL
2062302381000,274.784993,-5.72746135150383,-14.4401205924907,-1.00398332303126,1.6245961,-1.1490375,-1.3765849,355.6822,82.63142,-7.168484,WAL
2062307379000,274.789991,-4.60775996170631,-14.1296152984077,-2.30246052006684,1.2852604,-1.3277156,-1.4535538,355.4918,82.44448,-7.275872,WAL
2062312309000,274.794921,-3.61504786323286,-13.676349949761,-3.14548727617793,1.187522,-1.3603969,-1.4056009,355.20883,82.39326,-7.2756085,WAL
2062317293000,274.799905,-2.73036807503658,-13.0617305182909,-3.53195264556629,1.4022411,-1.3643675,-1.2840388,354.8848,82.3475,-7.2662954,WAL
2062322295000,274.804907,-1.99909764509348,-12.3733886680309,-3.40194165173472,1.6902641,-1.457219,-1.2229522,354.4588,82.52421,-7.106831,WAL
2062327308000,274.80992,-1.47663477436518,-11.5874611499395,-2.57582517702539,1.9199494,-1.7626517,-1.0763446,353.97504,82.62964,-7.000999,WAL
2062332283000,274.814895,-1.04521366787504,-10.905053797633,-1.84490714607101,2.1383338,-2.0494528,-0.9969321,353.4547,82.846306,-6.7455854,WAL
2062337292000,274.819904,-0.840627981693144,-10.4754237658599,-1.3436722870242,2.1975877,-2.2073615,-0.9831876,352.8913,83.030624,-6.5112233,WAL
2062342256000,274.824868,-0.673095076854718,-10.2353893763355,-1.11162012980529,2.160325,-2.225382,-0.9963212,352.2785,83.20328,-6.220684,WAL
2062347306000,274.829918,-0.557198030673989,-10.2788516479281,-1.28546568647029,2.0463986,-2.0540345,-1.0241156,351.68637,83.366974,-5.9290357,WAL
2062352256000,274.834868,-0.418655357402827,-10.3266749090106,-1.51163804416961,1.9062049,-1.892766,-1.0638218,351.1001,83.517334,-5.5969563,WAL
2062357266000,274.839878,-0.239696534611307,-10.3831878860424,-1.82717067667845,1.7983873,-1.5112807,-1.0809261,350.63544,83.66272,-5.2698812,WAL
2062362257000,274.844869,-0.0847040398607843,-10.3598742477451,-2.08997470031373,1.7482964,-1.1441506,-1.0842859,350.21445,83.82171,-4.911233,WAL
2062367275000,274.849887,0.0283698847137255,-10.1902631419608,-2.2595856585098,1.6792686,-0.8179486,-1.0635164,349.895,83.98172,-4.5644817,WAL
2062372299000,274.854911,0.155865177142857,-9.95232705770951,-2.58937671201909,1.6475036,-0.49571714,-1.0250319,349.67236,84.152245,-4.1876464,WAL
2062377290000,274.859902,0.312672890476191,-9.57218716313749,-3.25462149030719,1.641395,-0.14752395,-0.95814216,349.54868,84.29928,-3.8385212,WAL
2062382282000,274.864894,0.427136482181675,-9.18056327682951,-3.67406288181283,1.6951511,0.3359759,-0.8323039,349.571284056112,84.3556375791583,-3.52486258549098,WAL
2062387270000,274.869882,0.445880494663528,-8.7635094235825,-3.53816879988228,1.817935,0.6951646,-0.6762278,349.59387,84.41195,-3.2114553,WAL
2062392303000,274.874915,0.442217090851007,-8.39226558389262,-3.34839612689933,1.8979583,0.8933904,-0.5644395,349.71545,84.42521,-2.9125283,WAL
2062397294000,274.879906,0.378058909105145,-8.15701865100671,-3.01905082281879,1.897042,0.97066486,-0.5149594,349.89935,84.3972,-2.6519518,WAL
2062402453000,274.885065,0.319077736367865,-7.91573291691332,-2.69863075716702,1.8661933,1.0097603,-0.48349985,350.12744,84.29296,-2.4242213,WAL
2062407278000,274.88989,0.363038923418605,-7.7154653244186,-2.66932331953488,1.808772,1.0775663,-0.45142943,350.3808,84.179276,-2.2192278,WAL
2062412239000,274.894851,0.412206249801638,-7.53632321434916,-2.66128811261226,1.7910569,1.1704178,-0.4129449,350.6614,83.98395,-2.0468144,WAL
2062417300000,274.899912,0.488737540053291,-7.53153991256291,-2.80000101750715,1.7681495,1.2498302,-0.38087448,350.95313,83.79803,-1.889144,WAL
2062422222000,274.904834,0.568130828109403,-7.49958024356159,-2.89947425863446,1.7632625,1.3142766,-0.35643986,351.26514,83.579956,-1.7348381,WAL
2062427248000,274.90986,0.693051842379717,-7.22571491834698,-2.68806945058894,1.758681,1.3191634,-0.3042109,351.57724,83.36207,-1.6040356,WAL
2062432221000,274.914833,0.798444611428852,-6.94775955211282,-2.48337341066234,1.7119498,1.3121386,-0.24801129,351.8955,83.158035,-1.467037,WAL
2062437250000,274.919862,0.736917218018868,-6.60225959198113,-2.31772276650943,1.6291776,1.3096951,-0.19242255,352.21094,82.96329,-1.3506037,WAL
2062442241000,274.924853,0.668276679588826,-6.26439699619319,-2.15331294647846,1.5442673,1.2938126,-0.15057829,352.51227,82.74011,-1.2282187,WAL
2062447239000,274.929851,0.494068474170765,-5.99602224268149,-1.98852137423766,1.4706581,1.2577715,-0.100792766,352.801,82.536575,-1.128158,WAL
2062452432000,274.935044,0.308061766619423,-5.71895772877533,-1.80886753726919,1.4083499,1.1979067,-0.06872234,353.0879,82.305595,-1.0482966,WAL
2062457251000,274.939863,0.0731398887833117,-5.48403587979838,-1.53709517671424,1.3405437,1.1722504,-0.053450707,353.36972,82.10003,-0.981845,WAL
2062462453000,274.945065,-0.182326757598778,-5.23055445063944,-1.24858784164153,1.2996159,1.0958922,-0.01863139,353.63962,81.85691,-0.9618203,WAL
2062467260000,274.949872,-0.441546723723993,-4.99769581009735,-1.04209056338423,1.2006557,1.0146471,0.01985312,353.89743,81.65442,-0.9492355,WAL
2062472208000,274.95482,-0.70837018791945,-4.75800690778775,-0.829536260738691,1.0952814,0.9416488,0.040011674,354.16602,81.40222,-0.98937565,WAL
2062477251000,274.959863,-1.27027513767805,-4.23745212070244,-0.240969272963902,0.979217,0.8729264,0.07880162,354.40854,81.18518,-1.0450716,WAL
2062482232000,274.964844,-1.84735392227317,-3.70225805485854,0.368686495666341,0.8323039,0.7968737,0.09132435,354.62695,81.0122,-1.0976516,WAL
2062487250000,274.969862,-2.12104373977583,-3.43778934998485,0.641930376861557,0.6737844,0.70707655,0.10140363,354.85287,80.81335,-1.2184582,WAL
2062492204000,274.974816,-2.35100318713521,-3.21262077030193,0.867098986559628,0.49510628,0.62949663,0.105068825,355.0597,80.665306,-1.339271,WAL
2062497215000,274.979827,-2.49720172291392,-3.08873620693501,1.03024714345534,0.30543262,0.5726862,0.119729586,355.30573,80.374756,-1.6097457,WAL
2062503063000,274.985675,-2.64363638146094,-2.96574623434363,1.21110671132039,0.10842858,0.5360342,0.12095132,355.53738,80.142586,-1.8730484,WAL
2062507294000,274.989906,-2.6475105033464,-2.93862742159862,1.33507865210823,-0.055588737,0.47739118,0.12705997,355.78036,79.90462,-2.182421,WAL
2062512205000,274.994817,-2.65200726831437,-2.90715011377761,1.47897517803805,-0.21563543,0.41905355,0.122478485,356.03592,79.70291,-2.5104487,WAL
2062517345000,274.999957,-2.58481201889741,-2.93775312226536,1.56352634552072,-0.38056904,0.3463606,0.12370021,356.2704,79.542496,-2.836624,WAL
2062522275000,275.004887,-2.50690921447151,-2.97899573276715,1.63226407754052,-0.5122105,0.27122417,0.115453534,356.4887,79.4124,-3.153809,WAL
2062527293000,275.009905,-2.36528742275545,-3.07864173057389,1.7076627729854,-0.65148777,0.19822577,0.12308934,356.6912,79.30346,-3.4695773,WAL
2062532224000,275.014836,-2.20948197189562,-3.19195479919016,1.78320488446311,-0.7733554,0.10873401,0.112704635,356.86893,79.22051,-3.7710574,WAL
2062537296000,275.019908,-1.99354166570583,-3.32965097317935,1.87259709111387,-0.9083566,0.006414085,0.11026118,357.0169,79.160355,-4.047547,WAL
2062542293000,275.024905,-1.76515897230123,-3.47124822019662,1.96395013985874,-1.022283,-0.124311075,0.09896017,357.1325,79.12195,-4.3098383,WAL
2062547273000,275.029885,-1.51716274765778,-3.61497705295962,1.99844605276362,-1.1383474,-0.25534168,0.08307768,357.21103,79.10726,-4.515441,WAL
2062552337000,275.034949,-1.25576213464328,-3.76231205852607,2.00795152418659,-1.2538009,-0.32986724,0.070249505,357.26926,79.1178,-4.7117753,WAL
2062557297000,275.039909,-0.987500577089947,-3.94645532645503,2.01419498941799,-1.352761,-0.47128254,0.063224554,357.2551,79.145935,-4.825752,WAL
2062562296000,275.044908,-0.710742467317264,-4.15285133078581,2.01888580101901,-1.4065173,-0.61300325,0.044593163,357.22144,79.192245,-4.9263277,WAL
2062567328000,275.04994,-0.49220940881631,-4.36209919616594,2.00568872074247,-1.5271631,-0.7312057,0.017715093,357.14407,79.27643,-4.9326587,WAL
2062572298000,275.05491,-0.313582865160767,-4.56969184653616,1.98155001701998,-1.6349808,-0.8542951,-0.006414085,357.02664,79.37292,-4.9256625,WAL
2062577293000,275.059905,-0.219279693085581,-4.82008307219096,1.97579392582961,-1.7250835,-0.95356065,-0.032375857,356.8742,79.489784,-4.813477,WAL
2062582406000,275.065018,-0.171767361358432,-5.10040605065011,1.98054515602562,-1.8099937,-1.0091494,-0.045814894,356.69998,79.63498,-4.6953645,WAL
2062587349000,275.069961,-0.158838929103825,-5.42015872371585,2.02447417989071,-1.8661933,-1.0219775,-0.06261369,356.49762,79.812096,-4.517654,WAL
2062592344000,275.074956,-0.168344371920517,-5.77661284174863,2.09576506305017,-1.9080375,-0.9822713,-0.08093964,356.2952,80.00767,-4.3384476,WAL
2062597288000,275.0799,-0.247305385025743,-6.18492184546535,2.28660017253465,-1.9388863,-0.89827734,-0.081855945,356.10226,80.22243,-4.1422563,WAL
2062602409000,275.085021,-0.383265693954455,-6.65107156879208,2.57794364820792,-1.9407189,-0.7816021,-0.070249505,355.93015,80.43757,-3.951852,WAL
2062607345000,275.089957,-0.538155391734906,-7.28275959611381,3.06476423428175,-1.9352211,-0.6249151,-0.05222898,355.79355,80.65734,-3.76835,WAL
2062612348000,275.09496,-0.713903619712501,-8.066501592644,3.72025757203331,-1.9156734,-0.4334089,-0.016798794,355.69852,80.866066,-3.6044471,WAL
2062617349000,275.099961,-0.75199452109027,-9.07584130363423,4.55952548143806,-1.856114,-0.2275473,0.052839845,355.66028,81.019135,-3.489342,WAL
2062622356000,275.104968,-0.672357129513482,-10.2797709317116,5.55733493023642,-1.7675385,-0.026572637,0.1704314,355.67105,81.14753,-3.410135,WAL
2062627343000,275.109955,-0.25079026907154,-11.655980530688,6.81778585271697,-1.6523905,0.12217305,0.21655174,355.72595,81.22548,-3.3824654,WAL
2062632357000,275.114969,0.528236915156372,-13.2234205367475,8.36176144624707,-1.4941764,0.09773844,0.23304509,355.7841,81.25907,-3.3818974,WAL
2062637332000,275.119944,1.51094932437715,-14.6965068090946,9.82191236125177,-1.2709051,-0.102319926,0.18448131,355.7933,81.22815,-3.3694818,WAL
2062642351000,275.124963,2.76687660875025,-16.0790013893052,11.2044059248531,-0.99082345,-0.57635134,0.03940081,355.72064,81.152504,-3.321765,WAL
2062647306000,275.129918,3.71103300486888,-17.1183054567046,11.6983493623949,-0.7189884,-1.1560625,-0.14110987,355.46387,80.99712,-3.096073,WAL
2062652445000,275.135057,4.33931234576942,-17.8098989049975,11.1772186546264,-0.52106804,-1.5268577,-0.28038713,355.14728,80.79627,-2.8391154,WAL
2062657303000,275.139915,4.80828083247049,-18.3157630299514,10.2488758570267,-0.28160888,-1.5500705,-0.35002577,354.68307,80.49462,-2.35576,WAL
2062662351000,275.144963,5.1391066165427,-18.6561788625409,8.73858404689081,-0.13836098,-1.3457361,-0.44532076,354.215,80.158966,-1.8477697,WAL
2062667294000,275.149906,5.03903469314229,-18.2898006421937,7.45978742527668,0.19883664,-0.86651236,-0.47952923,353.81647,79.77068,-1.2802405,WAL
2062672354000,275.154966,4.35429299314229,-16.9538351421937,6.42549232527668,0.5729916,-0.30695978,-0.42821655,353.52185,79.31663,-0.7563862,WAL
2062677239000,275.159851,3.65245014316359,-15.3618646781332,5.6632510879312,0.8374963,0.12034045,-0.38240165,353.3419,78.938126,-0.21000575,WAL
2062682344000,275.164956,2.854079148768,-13.217128341289,5.24280710595227,0.9224065,0.40530908,-0.35308012,353.28442,78.49975,0.2744056,WAL
2062687250000,275.169862,2.07712535563665,-11.1134131316698,4.82244216485847,0.8228355,0.5314528,-0.32345316,353.3325,78.11403,0.6325287,WAL
2062692348000,275.17496,1.24888971423217,-8.83576560804813,4.35054048266101,0.6087272,0.593761,-0.28771752,353.43713,77.74591,0.95141864,WAL
2062697284000,275.179896,0.46568887759015,-6.92781168078276,3.90859719527704,0.30757064,0.6377433,-0.23273966,353.5885,77.4479,1.1385518,WAL
2062702359000,275.184971,-0.295191366033421,-5.67107675444151,3.48968567218997,0.0012217305,0.6719518,-0.16798794,353.7488,77.21973,1.3035873,WAL
2062707515000,275.190127,-1.07590450056899,-4.45108175906117,3.07241136662873,-0.25809056,0.6774496,-0.062002823,353.9311,77.07762,1.3340508,WAL
2062712308000,275.19492,-1.89860806477003,-4.03320065646278,2.78947091790422,-0.49235737,0.64934975,0.07696902,354.10556,77.01899,1.3357279,WAL
2062717923000,275.200535,-2.86412972484763,-3.56783338280356,2.4632166175715,-0.6960809,0.5323691,0.26175576,354.28024,77.0545,1.1902077,WAL
2062722311000,275.204923,-3.6521846954993,-3.67422080281294,2.30954597749648,-0.88331115,0.37843102,0.49663344,354.424,77.15269,0.9954158,WAL
2062727243000,275.209855,-4.53793836807314,-3.79379754745429,2.13682410036568,-1.0769554,0.22479841,0.7287622,354.56094,77.33338,0.63226104,WAL
2062732302000,275.214914,-5.25576684834581,-4.33639354187672,2.48653651836353,-1.2330315,0.038179077,0.9392053,354.63303,77.54546,0.22080624,WAL
2062737256000,275.219868,-5.90510171573454,-4.98572865316069,2.9770413946731,-1.3756685,-0.25228736,1.063211,354.6255,77.791374,-0.21512094,WAL
2062742309000,275.224921,-6.08839861009039,-7.80146912912747,3.00934692861096,-1.4636332,-0.7315111,1.1016954,354.54846,78.06112,-0.8033807,WAL
2062747286000,275.229898,-6.11037967151817,-11.2876679045287,2.88625293871057,-1.464244,-1.0396926,1.0757337,354.43716,78.30744,-1.4002051,WAL
2062752359000,275.234971,-6.30870783691275,-13.8265920549696,2.14838182188132,-1.4156802,-1.6847663,1.0522153,354.12286,78.46674,-2.0562315,WAL
2062757399000,275.240011,-6.6275064409396,-15.6468277596676,0.991452050069245,-1.3652838,-2.2565362,0.9981538,353.74683,78.57919,-2.679296,WAL
2062762311000,275.244923,-6.8345740720114,-16.7500091134398,0.0495443072743922,-1.2794572,-2.5802948,0.92179567,353.3439,78.763626,-3.1791868,WAL
2062767313000,275.249925,-7.00515194115373,-17.6126467357819,-0.837461538467799,-1.2287555,-2.6367998,0.8344419,352.87665,78.91286,-3.6189897,WAL
2062772311000,275.254923,-6.2907786984749,-18.1385591411197,-0.766813843733591,-1.1600331,-2.395508,0.6765333,352.44736,79.15703,-4.0123067,WAL
2062777308000,275.25992,-5.27454647761583,-18.5496718813707,-0.36955937619112,-1.0161743,-1.8802432,0.516792,352.09882,79.34071,-4.3676825,WAL
2062782294000,275.264906,-3.74262409666976,-18.8152599305195,0.441902113526902,-0.7791586,-1.2293663,0.37904188,351.8593,79.56501,-4.7128754,WAL
2062787321000,275.269933,-1.94285872248609,-19.0117601376623,1.46459759562894,-0.37965274,-0.70616025,0.2180789,351.74472,79.70056,-5.0070233,WAL
2062792312000,275.274924,-0.437641863095116,-17.8166554325964,2.03009594862725,0.0076358155,-0.5458081,0.016798794,351.66162,79.822685,-5.117631,WAL
2062797282000,275.279894,0.80060729207198,-15.3401573266838,2.17692390482262,0.27672195,-0.70463306,-0.1957823,351.6443,79.88901,-5.184286,WAL
2062802369000,275.284981,1.42552618714838,-12.4123941797553,1.43708884436683,0.33261612,-1.0173961,-0.37415496,351.55576,79.9716,-4.9581175,WAL
2062807327000,275.289939,1.56951572530587,-9.27441360943219,0.0716703270563632,0.12644911,-1.4132367,-0.5109888,351.40305,80.07059,-4.683451,WAL
2062812305000,275.294917,1.15685996309989,-6.90446032781042,-1.13670818847125,-0.24587326,-1.7721201,-0.5705481,351.11664,80.216995,-4.2629547,WAL
2062817311000,275.299923,0.454894165249976,-4.92325421086601,-2.26816623737983,-0.6252206,-1.9382755,-0.50823987,350.77094,80.408066,-3.838294,WAL
2062822312000,275.304924,-0.222821542451191,-3.40760052998058,-3.09602899440867,-0.93767816,-1.9547688,-0.43860126,350.3476,80.74218,-3.4165545,WAL
2062827304000,275.309916,-0.882537544560973,-2.22499868956353,-3.70687716907901,-1.2177598,-1.887879,-0.38087448,349.89612,81.152115,-3.0081177,WAL
2062832283000,275.314895,-1.48596279566894,-1.34008819508949,-4.10372277229309,-1.4376713,-1.8035797,-0.3231477,349.4183,81.65794,-2.7644572,WAL
2062837318000,275.31993,-2.06289597795906,-0.624881675055869,-4.37550119872441,-1.6368134,-1.7632625,-0.20830505,348.9418,82.22165,-2.55661,WAL
2062842308000,275.32492,-2.47947472671523,-0.193977703285756,-4.59290222989467,-1.7690657,-1.8044959,-0.051618114,348.55304,82.814476,-2.437464,WAL
2062847276000,275.329888,-2.79325549434984,0.0542368390589625,-4.77555068387637,-1.87444,-1.8649716,0.108123146,348.16602,83.430336,-2.354125,WAL
2062852360000,275.334972,-2.94938141370804,0.106170352996324,-4.99568096652801,-1.9098701,-1.992337,0.18967366,347.7579,84.031105,-2.3875613,WAL
2062857387000,275.339999,-2.98198250807778,0.0083668525059495,-5.23786108048757,-1.971873,-2.1450534,0.34666604,347.3226,84.610535,-2.487634,WAL
2062862308000,275.34492,-2.95790773252896,-0.329725026392471,-5.4280379996139,-1.9547688,-2.293799,0.50671273,346.82983,85.123085,-2.6875644,WAL
2062867311000,275.349923,-2.87928650506757,-0.907823063807432,-5.57603118243243,-1.8808541,-2.4196372,0.65179324,346.30338,85.5386,-2.9291298,WAL
2062872312000,275.354924,-2.74324896450698,-1.61006512083377,-5.67949708547727,-1.8005253,-2.4959953,0.7611381,345.76242,85.83847,-3.2051928,WAL
2062877305000,275.359917,-2.53235802488712,-2.47371355343904,-5.72468785130736,-1.7122552,-2.4895813,0.8750645,345.21722,85.958755,-3.524493,WAL
2062882286000,275.364898,-2.37807369477737,-3.47398426498174,-5.67680271653668,-1.6441438,-2.4379632,1.0057896,344.72354,85.95423,-3.8005815,WAL
2062887320000,275.369932,-2.273363214651,-4.61152065929509,-5.54353485984796,-1.5986344,-2.3979516,1.1575897,344.24054,85.808044,-4.1081,WAL
2062892306000,275.374918,-2.22420105386751,-6.02656211047204,-5.51842501523205,-1.5509869,-2.324953,1.3222178,343.72137,85.515144,-4.4788003,WAL
2062897280000,275.379892,-2.22892487409758,-7.72241470755653,-5.59873015644586,-1.525636,-2.1734586,1.4963144,343.24985,94.902885,-4.890371,WAL
2062902365000,275.384977,-2.16597220715339,-9.5652041587403,-5.63606617783237,-1.4624114,-1.9080375,1.636508,342.78833,95.44034,-5.3579087,WAL
2062907351000,275.389963,-2.03459764769578,-11.4842110570404,-5.62668209175592,-1.4083499,-1.5570955,1.7440202,342.40854,96.05557,-5.8596053,WAL
2062912298000,275.39491,-1.77105936960504,-13.2255136799961,-5.47375000557471,-1.3860532,-1.1456778,1.8481728,342.10995,96.72796,-6.384316,WAL
2062917307000,275.399919,-1.34110857628287,-14.789400393529,-5.14301865645622,-1.4165965,-0.7144069,1.926669,341.9303,97.43425,-6.9198914,WAL
2062922278000,275.40489,-0.863594118085743,-15.8546270363619,-4.5832059826281,-1.5109752,-0.38759398,1.9642372,341.83154,98.1016,-7.398765,WAL
2062927304000,275.409916,-0.308540091705757,-16.239583207105,-3.6879575967079,-1.6801848,-0.19272798,1.9804251,341.82797,98.79558,-7.8787646,WAL
2062932258000,275.41487,0.187110156083387,-16.391581857601,-2.74593583337075,-1.8817704,-0.18997909,1.9566014,341.81458,99.395004,-8.255651,WAL
2062937293000,275.419905,0.542800359981184,-15.8915547911054,-1.6170060201625,-2.0949624,-0.38545597,1.8383989,341.8032,99.99734,-8.603278,WAL
2062942238000,275.42485,0.927293241561835,-15.1784553287207,-0.911851189585833,-2.2440135,-0.5369505,1.6142114,341.75046,100.42002,-8.801025,WAL
2062947282000,275.429894,1.37603718717825,-14.0939909358428,-0.841734962421134,-2.3472497,-0.86345804,1.4694363,341.59317,100.85845,-8.995898,WAL
2062952340000,275.434952,1.74481314642609,-13.0088463844552,-0.8861703240805,-2.3823745,-1.0757337,1.1884383,341.38892,101.065765,-9.015805,WAL
2062957372000,275.439984,1.95024505775751,-11.9339115122435,-1.15848699375037,-2.3658812,-1.135293,0.9111055,341.13373,101.25215,-9.002635,WAL
2062962239000,275.444851,2.06115948337232,-10.9961673373294,-1.33095870055556,-2.2204952,-1.2232577,0.59864795,340.79715,101.29663,-8.852495,WAL
2062967294000,275.449906,1.97150989594542,-10.2600977510721,-1.29792989222222,-2.0748038,-1.4242324,0.3200934,340.40424,101.29288,-8.643833,WAL
2062972261000,275.454873,1.79918529458198,-9.62121128875812,-1.31169895878653,-1.8716911,-1.7504344,0.06841691,339.8961,101.2705,-8.398056,WAL
2062977305000,275.459917,1.3727880729099,-9.22422044379058,-1.46363359393263,-1.632232,-2.1065688,-0.1301143,339.31494,101.176414,-8.099834,WAL
2062982271000,275.464883,0.953285499747725,-8.88172708359715,-1.75426390194895,-1.3921618,-2.3765712,-0.29840767,338.6526,101.04228,-7.785517,WAL
2062987289000,275.469901,0.530153199065097,-8.65827566274238,-2.40560243663435,-1.1924089,-2.5100453,-0.40317106,337.92767,100.85206,-7.4412456,WAL
2062992281000,275.474893,0.0732486363943579,-8.50080521892448,-2.92215321401704,-1.0247264,-2.5164595,-0.43768495,337.17682,100.74464,-7.1798697,WAL
2062997316000,275.479928,-0.488813015089627,-8.52442123812322,-3.07329578620825,-0.872621,-2.5143213,-0.45540005,336.39413,100.58889,-6.895865,WAL
2063002302000,275.484914,-1.01073508622875,-8.56644001986722,-3.2391080720853,-0.788627,-2.4914138,-0.44929138,335.63617,100.59639,-6.7160225,WAL
2063007311000,275.489923,-1.41607648203903,-8.67260073865808,-3.46108074061966,-0.7330383,-2.3796256,-0.408058,334.90952,100.585106,-6.5353193,WAL
2063012317000,275.494929,-1.78550758774539,-8.80003435202261,-3.60676446502082,-0.6658431,-2.205529,-0.34055737,334.23203,100.65095,-6.4554543,WAL
2063017290000,275.499902,-2.04049222137616,-8.99363349841364,-3.51232568625818,-0.6462954,-1.9956968,-0.2648101,333.60294,100.72506,-6.3816075,WAL
2063022327000,275.504939,-2.24631959037947,-9.17151473674824,-3.36642640345784,-0.6728681,-1.8005253,-0.17837265,333.03894,100.873566,-6.3868833,WAL
2063027304000,275.509916,-2.26993181373229,-9.28485404002774,-3.05002170320024,-0.7263188,-1.582141,-0.095294975,332.54782,101.0349,-6.4005737,WAL
2063032285000,275.514897,-2.26060475043616,-9.37663575099128,-2.70037084591594,-0.8304713,-1.3683381,-0.0018325958,332.11685,101.24039,-6.4725776,WAL
2063037289000,275.519901,-2.11809189195083,-9.38138627716098,-2.21582699809675,-0.94714653,-1.1640037,0.081855945,331.75153,101.46993,-6.5531993,WAL
2063042308000,275.52492,-1.95664012054673,-9.38290721993432,-1.73213215406941,-1.072374,-1.0848967,0.13958271,331.401,101.70103,-6.654288,WAL
2063047297000,275.529909,-1.71492667934676,-9.37018564631224,-1.26142702241058,-1.1792754,-0.95356065,0.15485434,331.12762,101.95673,-6.751726,WAL
2063052813000,275.535425,-1.44305844713906,-9.35478873952096,-0.741323182877578,-1.2235631,-0.9257663,0.1994475,330.8211,102.16254,-6.8524356,WAL
2063057388000,275.54,-1.09324693599468,-9.30620333532934,-0.318634299028609,-1.2571607,-0.94134337,0.21166481,330.54193,102.38241,-6.940513,WAL
2063062287000,275.544899,-0.728013923910041,-9.2560789722825,0.0777877023537187,-1.2473868,-0.9807441,0.22815818,330.20605,102.49765,-6.997258,WAL
2063067333000,275.549945,-0.418179967468929,-9.21794528812389,0.0873210537109884,-1.1691961,-1.003957,0.226631,329.87885,102.60068,-7.0483823,WAL
2063072313000,275.554925,-0.116266737116105,-9.18271568618175,0.075589375358565,-1.0482447,-1.0088439,0.21227567,329.53204,102.66988,-7.08218,WAL
2063077305000,275.559917,0.152314267827715,-9.16858005046324,-0.122312419726,-0.88239485,-0.9795224,0.21502456,329.19693,102.7103,-7.1166697,WAL
2063082317000,275.564929,0.413959385984357,-9.15375078595956,-0.32053802774132,-0.7089091,-0.95417154,0.18570304,328.8433,102.72563,-7.1162214,WAL
2063087284000,275.569896,0.572761359347577,-9.13106480465471,-0.511100403357497,-0.5491679,-0.93645644,0.16829337,328.50308,102.70634,-7.1164436,WAL
2063092653000,275.575265,0.732296372819702,-9.11076527871667,-0.718540065657479,-0.4266894,-0.96974856,0.14477506,328.13086,102.66435,-7.078769,WAL
2063097282000,275.579894,0.62412304351559,-9.17887453981021,-0.926873931540895,-0.36010507,-1.0384709,0.11636983,327.7587,102.59515,-7.0341687,WAL
2063102406000,275.585018,0.504382248666968,-9.25426703361952,-1.15748588418437,-0.36468655,-1.1511755,0.07544186,327.35553,102.52833,-6.963399,WAL
2063107373000,275.589985,0.277024120192606,-9.25913676125718,-1.30384844550217,-0.40622538,-1.2739595,0.04428773,326.93536,102.453766,-6.8901796,WAL
2063112240000,275.594852,0.0234775041697391,-9.245050554246,-1.42592640584265,-0.50885075,-1.416902,0.007330383,326.48178,102.390015,-6.809427,WAL
2063117336000,275.599948,-0.274322618119756,-9.15311237364585,-1.58843327057317,-0.6282749,-1.5567901,-0.025350908,325.99768,102.35701,-6.7343316,WAL
2063122254000,275.604866,-0.57118289779417,-9.04178995154619,-1.75541719432736,-0.77396625,-1.6673567,-0.049480084,325.48843,102.353615,-6.6557026,WAL
2063127350000,275.609962,-0.892277083552353,-8.83194128550233,-1.86548606381942,-0.91354895,-1.7116444,-0.046120327,324.94498,102.42381,-6.6373043,WAL
2063132334000,275.614946,-1.21095455061467,-8.59419825286138,-1.95147839200933,-1.0290025,-1.6982054,-0.02565634,324.39706,102.52252,-6.6164293,WAL
2063137338000,275.61995,-1.43863837879833,-8.41515557406063,-1.99705538061354,-1.1136073,-1.629483,0.010079277,323.85693,102.684425,-6.645793,WAL
2063142350000,275.624962,-1.65210258845526,-8.24525500608096,-2.03626306752587,-1.1933253,-1.5564847,0.06352998,323.33563,102.875534,-6.67945,WAL
2063147345000,275.629957,-1.83007777349928,-8.10923906392532,-2.00086399225467,-1.239751,-1.3683381,0.09621128,322.88217,103.12734,-6.7650914,WAL
2063152423000,275.635035,-1.99303475574916,-7.98818537791288,-1.92636936763045,-1.2654073,-1.1600331,0.18845193,322.46875,103.40351,-6.8714247,WAL
2063157413000,275.640025,-2.09654333860064,-7.92473816156375,-1.78939186235488,-1.3054191,-0.95447695,0.27183503,322.11487,103.726585,-7.018642,WAL
2063162344000,275.644956,-2.15961768326313,-7.90047888786602,-1.60987281142505,-1.2993103,-0.8029824,0.37690386,321.81537,104.0531,-7.183105,WAL
2063167341000,275.649953,-2.20104440791809,-7.95557417365188,-1.42206109051195,-1.2663237,-0.70066243,0.48197266,321.57004,104.399345,-7.3925676,WAL
2063172349000,275.654961,-2.22910522570453,-8.05846364352999,-1.23031197363237,-1.210124,-0.6374379,0.58459806,321.36533,104.74425,-7.6174097,WAL
2063177341000,275.659953,-2.24652361641625,-8.23242259150953,-1.0298741601089,-1.1453724,-0.6178902,0.677755,321.17664,105.072075,-7.878506,WAL
2063182337000,275.664949,-2.25617284356156,-8.45918013471816,-0.822415625350408,-1.069625,-0.61666846,0.7528914,321.00916,105.38729,-8.152382,WAL
2063187347000,275.669959,-2.22635877794526,-8.76876439855216,-0.641739106201904,-1.0143417,-0.6630942,0.8042041,320.82745,105.66927,-8.449893,WAL
2063192343000,275.674955,-2.16942221372471,-9.13410705503768,-0.480418731913923,-0.97219205,-0.73853606,0.84299403,320.64716,105.93838,-8.756968,WAL
2063197330000,275.679942,-2.08531264588796,-9.55084967461264,-0.3491881720441,-0.9266826,-0.8347474,0.86315256,320.43402,106.155045,-9.070825,WAL
2063202326000,275.684938,-1.98076295967422,-10.0070666495828,-0.239886256688518,-0.8790351,-0.91965765,0.86926126,320.21335,106.36028,-9.384371,WAL
2063207309000,275.689921,-1.85084779937974,-10.3918978221916,-0.20199452802993,-0.8381071,-1.0012082,0.8561276,319.96912,106.54692,-9.7019,WAL
2063212341000,275.694953,-1.69902185148174,-10.7240167580979,-0.220972767801516,-0.78984874,-1.0671816,0.8399397,319.71292,106.71819,-10.014023,WAL
2063217343000,275.699955,-1.50731253499369,-10.933463913778,-0.311161138036703,-0.74464476,-1.1117748,0.8179486,319.4415,106.86822,-10.310897,WAL
2063222355000,275.704967,-1.27894583317798,-11.0359960314594,-0.464959139364987,-0.6731735,-1.128879,0.7828238,319.1624,106.99434,-10.592487,WAL
2063227343000,275.709955,-1.02798380927978,-11.1147507844335,-0.696985881508565,-0.59650993,-1.1120802,0.7489208,318.86438,107.09595,-10.843023,WAL
2063232340000,275.714952,-0.749950408927176,-11.1674813228488,-1.0181624378243,-0.4859433,-1.0390818,0.729984,318.5807,107.16978,-11.07706,WAL
2063237306000,275.719918,-0.471827238412082,-11.2064320428357,-1.31680666671992,-0.3585779,-0.93126404,0.70707655,318.29297,107.224144,-11.265143,WAL
2063242345000,275.724957,-0.18753424810684,-11.2305246515227,-1.59628107843235,-0.20097467,-0.86437434,0.68386364,318.0174,107.244255,-11.439386,WAL
2063247306000,275.729918,0.0743249999933594,-11.1803569636719,-1.77113685917969,-0.02565634,-0.72143185,0.6722572,317.7667,107.23967,-11.554096,WAL
2063252437000,275.735049,0.323856932939356,-11.0411951241211,-1.83351984780273,0.050701816,-0.5503896,0.6395759,317.5447,107.21491,-11.646303,WAL
2063257290000,275.739902,0.522672164121521,-10.9280462548139,-1.80449185971266,0.15790866,-0.40653083,0.57543504,317.33374,107.14625,-11.677449,WAL
2063262341000,275.744953,0.677108779533074,-10.8363491621271,-1.65005522918288,0.20433442,-0.3005457,0.4908302,317.16104,107.06551,-11.683743,WAL
2063267259000,275.749871,0.764249731206233,-10.8175899569977,-1.47954438251307,0.17256944,-0.2519819,0.34972036,316.98615,106.9525,-11.625533,WAL
2063272348000,275.75496,0.759442912466713,-10.9041129954631,-1.2728510261367,0.07544186,-0.2669481,0.17928895,316.81912,106.823456,-11.533248,WAL
2063277243000,275.759855,0.677938652446206,-11.0445338479615,-1.08731733535957,-0.058643065,-0.3484986,0.003970624,316.6309,106.668465,-11.39392,WAL
2063282343000,275.764955,0.461294599218573,-11.2888347256512,-0.916767756933749,-0.20891592,-0.49541172,-0.15485434,316.41318,106.51027,-11.218525,WAL
2063287308000,275.76992,0.197903706689838,-11.4996226248211,-0.784536480897567,-0.35033122,-0.64476824,-0.27488935,316.1695,106.33635,-11.015647,WAL
2063292341000,275.774953,-0.215999969287467,-11.6375902132488,-0.745117075100184,-0.45265114,-0.74097955,-0.35979962,315.8954,106.1669,-10.7873535,WAL
2063297303000,275.779915,-0.613713635281974,-11.6971476453036,-0.73754711301492,-0.5296202,-0.75777835,-0.3912592,315.6034,106.021194,-10.591336,WAL
2063302457000,275.785069,-1.00276729343155,-11.5813579596509,-0.802389385342967,-0.56779927,-0.70952,-0.4025602,315.30316,105.88186,-10.382828,WAL
2063307343000,275.789955,-1.32932462295986,-11.4814165306915,-0.846960034472475,-0.55741453,-0.6356053,-0.38698313,315.01843,105.78401,-10.240373,WAL
2063312343000,275.794955,-1.47604308889797,-11.422729471147,-0.817616336178123,-0.5149594,-0.5589417,-0.3539964,314.7527,105.69229,-10.099477,WAL
2063317309000,275.799921,-1.55567937148221,-11.4650043664032,-0.786615445615613,-0.42302418,-0.4709771,-0.32284227,314.5185,105.64708,-10.033488,WAL
2063322348000,275.80496,-1.39831787450593,-11.8703291778656,-0.748467193211462,-0.28099802,-0.33750305,-0.29810223,314.3242,105.58812,-9.968598,WAL
2063327330000,275.809942,-1.22229805908353,-12.3095347149558,-0.683125386566841,-0.09865474,-0.17928895,-0.30085114,314.16306,105.519646,-9.92976,WAL
2063332320000,275.814932,-0.963656897618618,-12.9044096924048,-0.506387265567382,0.13133603,-0.053145275,-0.32253686,314.03424,105.412445,-9.886868,WAL
2063337719000,275.820331,-0.679211420928697,-13.5529767897227,-0.316285433966219,0.36102137,0.014660766,-0.34605515,313.93347,105.23326,-9.801985,WAL
2063342321000,275.824933,-0.368841947416373,-14.178564709397,-0.170799739839239,0.58001655,0.040927973,-0.3830125,313.8574,105.00476,-9.704648,WAL
2063347373000,275.829985,-0.0311232102592811,-14.8316939752504,-0.0666510758129051,0.68416905,0.074830994,-0.40133846,313.79245,104.69062,-9.551506,WAL
2063352307000,275.834919,0.284446775130623,-15.3096901261049,-0.229076801762817,0.8940013,0.116675265,-0.44012842,313.7373,104.304726,-9.384636,WAL
2063357305000,275.839917,0.599560094531865,-15.7369958860149,-0.391910658686074,1.0906999,0.16920967,-0.48655418,313.68597,103.84559,-9.158135,WAL
2063362278000,275.84489,0.880591523839496,-15.7557312037766,-0.541794100692368,1.2822062,0.23151793,-0.5448918,313.65048,103.345764,-8.920889,WAL
2063367291000,275.849903,1.13612910681935,-15.7010276164758,-0.660643373208853,1.4416419,0.26939157,-0.61575216,313.60846,102.787025,-8.616255,WAL
2063372330000,275.854942,1.094890433772,-14.855633957785,-0.433830503510511,1.6044376,0.27397305,-0.7134906,313.57516,102.18623,-8.294939,WAL
2063377282000,275.859894,1.05436376004102,-14.0248362999487,-0.210933632951632,1.7385225,0.26816985,-0.8237518,313.53793,101.54392,-7.915469,WAL
2063382287000,275.864899,0.861738500050061,-13.4746294668982,-0.0913035241249489,1.87444,0.2171626,-0.93462384,313.49005,100.86494,-7.520371,WAL
2063387261000,275.869873,0.618404621793012,-13.0268952736003,-0.00857001100582346,2.0372355,0.14844026,-1.0485502,313.43643,100.14809,-7.1047015,WAL
2063392343000,275.874955,0.369787257638946,-12.5694394693502,0.0759598871991214,2.2467623,0.124311075,-1.1194105,313.39142,99.39696,-6.6995144,WAL
2063397260000,275.879872,0.129241885827544,-12.1268361262771,0.15774530818962,2.5207355,0.16035213,-1.1661417,313.34717,98.60201,-6.278337,WAL
2063402295000,275.884907,-0.409730617750536,-11.5720255452038,0.204901984679743,2.8447995,0.23671028,-1.1863003,313.30548,97.76927,-5.854749,WAL
2063407217000,275.889829,-0.997198122513025,-11.0086342882828,0.243424440793748,3.1499267,0.31978795,-1.1893547,313.2826,96.91412,-5.4316297,WAL
2063412251000,275.894863,-2.14048224818971,-11.4118550274227,0.321704815677759,3.4190128,0.4147775,-1.1704178,313.30185,96.117294,-5.105973,WAL
2063417194000,275.899806,-3.35084596110081,-11.9662201714648,0.404859577636381,3.5854735,0.48197266,-1.1615603,313.34552,95.362755,-4.7850447,WAL
2063422252000,275.904864,-4.03652367792848,-12.5737175602137,0.301049463090834,3.6447275,0.5164866,-1.1508701,313.42038,94.82325,-4.599878,WAL
2063427176000,275.909788,-4.57437171220715,-13.174557377312,0.155685110357583,3.5564575,0.49113566,-1.144456,313.50827,94.45325,-4.4256206,WAL
2063432253000,275.914865,-5.1092972641844,-13.649166766253,-0.103656290425532,3.3863316,0.37995818,-1.1282681,313.60437,85.45241,-4.5282702,WAL
2063437181000,275.919793,-5.62531303723404,-14.0861525062057,-0.373286043617021,3.1682527,0.28160888,-1.1145236,313.711,85.19421,-4.634402,WAL
2063442250000,275.924862,-6.11508234720983,-14.4703478335811,-0.743539542224204,3.0469959,0.027183503,-1.0910053,313.75143,84.72142,-4.865582,WAL
2063447235000,275.929847,-6.58827466483299,-14.8347059255625,-1.12682541584894,2.8362474,-0.24404067,-1.061073,313.7713,84.22695,-5.092522,WAL
2063452277000,275.934889,-7.09383363172097,-15.0555976967819,-1.74628088608835,2.6804767,-0.4801401,-1.0552697,313.74194,83.66355,-5.3994384,WAL
2063457199000,275.939811,-7.59318666620028,-15.239322193284,-2.40109287531481,2.5714374,-0.6230826,-1.0830641,313.67563,83.129395,-5.6842504,WAL
2063462248000,275.94486,-7.5303710089303,-14.7879821139585,-2.73754535176665,2.4804184,-0.6282749,-1.1701124,313.60486,82.654526,-5.8989153,WAL
2063467250000,275.949862,-7.33507548844885,-14.1927955808581,-2.99328937706271,2.4058928,-0.55924714,-1.2712106,313.5255,82.21093,-6.0871744,WAL
2063472341000,275.954953,-6.74126269131696,-13.757848711081,-2.72051502813769,2.3429737,-0.54183745,-1.2855659,313.44293,81.81645,-6.2496524,WAL
2063477330000,275.959942,-6.03904256180623,-13.3836399429511,-2.29086723969252,2.3845124,-0.5271767,-1.2284501,313.38574,81.42866,-6.396189,WAL
2063482341000,275.964953,-5.51930142220259,-13.1868873796623,-2.97009981226934,2.38268,-0.54519725,-1.2281445,313.3192,81.1213,-6.4631124,WAL
2063487346000,275.969958,-5.0770555840106,-13.0645635683157,-4.10864746004123,2.2779164,-0.59315014,-1.1441506,313.2495,80.79915,-6.5661626,WAL
2063492340000,275.974952,-4.36672037133803,-12.8435498316901,-4.66285273577465,2.1594086,-0.12156218,-1.1688906,313.30557,80.52284,-6.5768175,WAL
2063497373000,275.979985,-3.51812755816901,-12.5720002408451,-4.93440242788732,1.7030923,0.5891795,-1.2983941,313.42258,80.34289,-6.589377,WAL
2063502478000,275.98509,-2.68416814122477,-12.1584459310447,-4.66162143518995,1.2776246,1.0940597,-1.3478742,313.55975,80.353065,-6.513201,WAL
2063507360000,275.989972,-1.89784297678077,-11.7051526174317,-4.17132446453304,1.2290609,1.3720033,-1.3246613,313.8344,80.38953,-6.4404383,WAL
2063512338000,275.99495,-1.23702180441686,-11.3412903254636,-3.50629788836762,1.3811663,1.5601498,-1.255328,314.16498,80.58395,-6.2668247,WAL
2063517363000,275.999975,-0.642122512771304,-11.0243354845476,-2.75048325441281,1.5714508,1.6850718,-1.1908818,314.54807,80.77127,-6.1092405,WAL
2063522347000,276.004959,-0.176363640600494,-10.8880571848889,-2.15721893491358,1.7895297,1.781283,-1.1908818,314.93347,80.92298,-5.8861055,WAL
2063527351000,276.009963,0.235413512857284,-10.8312606728889,-1.63184811002469,1.969735,1.8383989,-1.2382239,315.33453,81.02987,-5.676785,WAL
2063532320000,276.014932,0.527330135778464,-10.8781441645582,-1.33637426006574,2.0949624,1.9324722,-1.314582,315.73602,81.04283,-5.4515934,WAL
2063537359000,276.019971,0.762873414796295,-10.9790913113856,-1.15370807564498,2.1273382,1.9871446,-1.3744467,316.13574,81.028206,-5.2282763,WAL
2063542346000,276.024958,0.808641474630243,-10.9481945302574,-1.25614043732648,2.1245892,2.0842721,-1.4123205,316.5827,80.96047,-4.9080195,WAL
2063547378000,276.02999,0.756268263019315,-10.8482092893346,-1.50848408852443,2.11451,2.1844542,-1.4761559,317.04358,80.87513,-4.5806394,WAL
2063552476000,276.035088,0.703208121367386,-10.7469126362693,-1.76413749349405,2.087021,2.3554964,-1.491733,317.5478,80.76421,-4.215395,WAL
2063557364000,276.039976,0.652333666209554,-10.6497886582028,-2.00925986373561,2.085494,2.5231788,-1.4330899,318.07336,80.62057,-3.8740847,WAL
2063562339000,276.044951,0.386439659421846,-10.414027007387,-2.2011507730523,2.0659463,2.5995371,-1.328021,318.607,80.451294,-3.5550659,WAL
2063567343000,276.049955,-0.0194818634226337,-10.0883456127253,-2.3569113007781,2.0207422,2.6300802,-1.2003502,319.16443,80.262085,-3.2808402,WAL
2063572342000,276.054954,-0.37933366706012,-9.7625044254509,-2.56101854,1.9804251,2.6337454,-1.0913107,319.6833,80.09273,-3.0601308,WAL
2063577346000,276.059958,-0.705858641156313,-9.43597938617235,-2.80111046,1.92392,2.6575692,-1.0051788,320.20306,79.92274,-2.8844967,WAL
2063582329000,276.064941,-0.979091236652522,-9.0918541164512,-2.90995245583736,1.8655825,2.6569583,-0.9260717,320.77176,79.73449,-2.7445157,WAL
2063587344000,276.069956,-1.21607777627554,-8.7316347781506,-2.92417168582848,1.8161024,2.6328292,-0.8671232,321.32983,79.55161,-2.633208,WAL
2063592341000,276.074953,-1.45976420350601,-8.37572577530037,-2.90182724857199,1.7482964,2.595872,-0.7974846,321.91763,79.38323,-2.5568519,WAL
2063597348000,276.07996,-1.71005044487887,-8.02154714394327,-2.84988097961395,1.7269161,2.5143213,-0.76083267,322.47852,79.21399,-2.492136,WAL
2063602292000,276.084904,-1.93553249892569,-7.62575282374335,-2.79615006843091,1.7058412,2.4013114,-0.73731434,323.05038,79.03361,-2.4619923,WAL
2063607328000,276.08994,-2.14468558013996,-7.1789257572738,-2.73910830998423,1.6899587,2.2837198,-0.7275405,323.5918,78.85828,-2.4403102,WAL
2063612307000,276.094919,-2.33801967329377,-6.78472715192878,-2.61355883412463,1.6807957,2.1676552,-0.70280045,324.13428,78.648735,-2.4579465,WAL
2063617336000,276.099948,-2.51904312950544,-6.43697170244313,-2.41348024322453,1.6526959,2.0460932,-0.7067711,324.6394,78.45332,-2.4696333,WAL
2063622314000,276.104926,-2.59024758910187,-5.98722741003853,-2.2705783863057,1.5815301,1.9798143,-0.70616025,325.16104,78.23682,-2.5184095,WAL
2063627308000,276.10992,-2.53826725810691,-5.41544426252347,-2.19024534935283,1.5118915,1.9162843,-0.6737844,325.64505,78.02987,-2.5743465,WAL
2063632274000,276.114886,-2.50706624438715,-4.94263882021023,-2.09172128962713,1.4553864,1.8726074,-0.655153,326.15082,77.785645,-2.663005,WAL
2063637346000,276.119958,-2.50224935331218,-4.58618872976993,-1.9664819707854,1.3628404,1.8139644,-0.6618725,326.6322,77.57419,-2.7547543,WAL
2063642326000,276.124938,-2.50766281898332,-4.21776377515886,-1.78055009092534,1.3151928,1.7669277,-0.6618725,327.1173,77.33567,-2.852132,WAL
2063647316000,276.129928,-2.5266414655282,-3.82395661163622,-1.51010422903098,1.2012665,1.7421877,-0.6737844,327.59164,77.1456,-2.9477293,WAL
2063652272000,276.134884,-2.53595668770839,-3.47748055513466,-1.29910989367663,1.0555751,1.7318029,-0.6792821,328.07278,76.9434,-3.050728,WAL
2063657355000,276.139967,-2.53115463916346,-3.18935433299793,-1.16945312881523,0.893085,1.743104,-0.6817256,328.55203,76.78022,-3.1566606,WAL
2063662237000,276.144849,-2.53831777243742,-2.96146992633482,-1.03318497889026,0.73823065,1.7702875,-0.6771441,329.05695,76.58595,-3.2830212,WAL
2063667339000,276.149951,-2.56621974464643,-2.80800956476635,-0.870423895174645,0.5766568,1.781894,-0.6743952,329.55933,76.43956,-3.413398,WAL
2063672240000,276.154852,-2.59600979140413,-2.69680757319577,-0.685948996338198,0.42943826,1.7712038,-0.66767573,330.0752,76.288666,-3.554212,WAL
2063677343000,276.159955,-2.63536185712129,-2.68205052929039,-0.415403016768998,0.28680122,1.7241671,-0.6713409,330.58286,76.180756,-3.6962001,WAL
2063682279000,276.164891,-2.68113774123329,-2.67863817214362,-0.200323360462874,0.14569137,1.6438384,-0.6765333,331.0922,76.061,-3.849406,WAL
2063687317000,276.169929,-2.74704376695287,-2.70217598931603,-0.0967566768500341,0.016493361,1.565953,-0.6740898,331.58694,75.97458,-4.005176,WAL
2063692287000,276.174899,-2.80325449294094,-2.71867518368463,-0.027118416840525,-0.099265605,1.518611,-0.6722572,332.0803,75.85072,-4.173271,WAL
2063697350000,276.179962,-2.83217923374428,-2.71385446066813,-0.0608638534778286,-0.1966986,1.4743233,-0.6554584,332.54987,75.75275,-4.3450527,WAL
2063702308000,276.18492,-2.84047593757307,-2.71135399991937,-0.0928975342108446,-0.28221974,1.4416419,-0.6273586,333.01675,75.63487,-4.531501,WAL
2063707326000,276.189938,-2.78235483372304,-2.71619736623665,-0.121958055791171,-0.3555236,1.4074335,-0.5983425,333.4682,75.53512,-4.7228065,WAL
2063712298000,276.19491,-2.70845072911926,-2.70772176738917,-0.140773234359749,-0.44593164,1.361924,-0.5580254,333.9044,75.4587,-4.9289894,WAL
2063717308000,276.19992,-2.58374843375834,-2.65831142857984,-0.129008864981561,-0.5332854,1.2962561,-0.535118,334.3232,75.39552,-5.1365743,WAL
2063722315000,276.204927,-2.45912081043056,-2.60893067679973,-0.117251540135936,-0.6239988,1.2238685,-0.5112942,334.72095,75.36751,-5.338944,WAL
2063727349000,276.209961,-2.33382113880443,-2.55928364175657,-0.105430814497254,-0.7309003,1.1456778,-0.47494772,335.09476,75.35776,-5.5471783,WAL
2063732314000,276.214926,-2.22560043856794,-2.50462517373881,-0.0750696161358828,-0.8564331,1.1050552,-0.43493605,335.4895,75.35803,-5.7272153,WAL
2063737336000,276.219948,-2.19135889796583,-2.42146719764036,0.0472216840683482,-0.9859365,1.0064005,-0.41447207,335.84378,75.37983,-5.903534,WAL
2063742335000,276.224947,-2.16906703865228,-2.35024420411698,0.183204694179444,-1.0451905,0.8943067,-0.3640757,336.16208,75.43634,-6.0477486,WAL
2063747362000,276.229974,-2.19184887359455,-2.32290585945486,0.374572250425894,-1.183246,0.7684685,-0.3118467,336.4457,75.537544,-6.190979,WAL
2063752389000,276.235001,-2.22022733849501,-2.30042974765154,0.585303613626026,-1.3359623,0.61911196,-0.26145032,336.70917,75.60085,-6.3170385,WAL
2063757384000,276.239996,-2.29591000980916,-2.31935053895975,0.958986611846139,-1.5057828,0.44440445,-0.20677789,336.92532,75.69088,-6.44902,WAL
2063762349000,276.244961,-2.37862381746725,-2.34456135262009,1.33266083537118,-1.6545285,0.2452624,-0.14202617,337.1037,75.69638,-6.5772443,WAL
2063767337000,276.249949,-2.55403627288607,-2.44886060093291,1.73563569213974,-1.8023579,0.048258353,-0.06627888,337.22946,75.73404,-6.711529,WAL
2063772433000,276.255045,-2.73068151283422,-2.57641320089127,2.15234047003367,-1.9306396,-0.12675454,0.022602014,337.33325,75.676796,-6.8641562,WAL
2063777342000,276.259954,-2.87035043823529,-2.94886366862745,2.61324763703704,-2.0418172,-0.27947086,0.1328632,337.38358,75.64315,-7.0293317,WAL
2063782542000,276.265154,-2.99069793144935,-3.56351463990305,3.18863548894813,-2.1212296,-0.39003745,0.2733622,337.4518,75.639984,-7.2781143,WAL
2063787360000,276.269972,-2.7894039933398,-6.62765647108095,4.70952348322831,-2.1395555,-0.43554693,0.40561453,337.48886,75.62854,-7.544193,WAL
2063792677000,276.275289,-2.53727426478068,-9.96882859133814,6.38506343184342,-2.0665572,-0.4465425,0.5699373,337.5344,75.54296,-7.8819036,WAL
2063797346000,276.279958,-1.68486753408107,-12.054328220248,7.7960863462891,-1.8854356,-0.32803464,0.7339546,337.59357,75.40927,-8.253169,WAL
2063802302000,276.284914,-0.780063987851194,-14.2680219792708,9.2938438027022,-1.5036448,-0.13225232,0.782213,337.65878,75.121796,-8.463797,WAL
2063807325000,276.289937,0.857851846994694,-15.6445522286541,10.4893247187651,-0.84238315,0.03634648,0.6979135,337.73926,74.750244,-8.673742,WAL
2063812266000,276.294878,2.638306393096,-16.7950000816208,11.5895540877955,0.094989546,0.077579886,0.40683624,337.84088,74.278824,-8.830161,WAL
2063817307000,276.299919,4.37518064358047,-17.5588930669078,11.3008742603978,0.9807441,0.12583824,-0.026572637,337.88928,73.82727,-8.708994,WAL
2063822248000,276.30486,6.0485067323689,-18.1578669584087,10.5022410813743,1.4700472,0.3930918,-0.441961,338.024,73.308846,-8.534258,WAL
2063827349000,276.309961,6.38560195925926,-18.5367955555556,9.39874881481481,1.6184875,0.86376345,-0.6792821,338.08423,72.87665,-8.010378,WAL
2063832308000,276.31492,6.23122704853231,-18.8221564039598,8.22924095914106,1.5974126,1.1334605,-0.78801614,338.2023,72.37401,-7.454469,WAL
2063837377000,276.319989,5.56536669999003,-17.5718782195754,7.2526847074255,1.4242324,1.5555683,-0.8258898,338.3984,72.12345,-6.6693625,WAL
2063842310000,276.324922,4.7225092458786,-15.7637372944284,6.38628372044254,1.3151928,1.7800614,-0.8680395,338.64798,71.814026,-5.9211016,WAL
2063847353000,276.329965,3.74145355434988,-13.703844135686,5.72488890342517,1.0735956,1.8164078,-0.8857546,338.99866,71.67499,-5.2387295,WAL
2063852420000,276.335032,2.70665415702963,-11.5472489958483,5.15254428807322,0.82253003,1.724778,-0.8720101,339.3799,71.53107,-4.61025,WAL
2063857348000,276.33996,1.75067882999483,-9.33049039120538,4.71384110827729,0.6062838,1.5885551,-0.8790351,339.8204,71.397,-4.126228,WAL
2063862338000,276.34495,0.816174785866529,-7.00659137309881,4.34795071355406,0.39400807,1.4468343,-0.870483,340.22412,71.31305,-3.6648014,WAL
2063867349000,276.349961,0.071076515998006,-5.1496354574676,4.10004025252243,0.18875736,1.3292428,-0.8384125,340.6499,71.21568,-3.3696978,WAL
2063872346000,276.354958,-0.573037740556331,-3.54173522345962,3.91396273375872,-0.040927973,1.2250903,-0.75777835,341.0274,71.17616,-3.0883434,WAL
2063877339000,276.359951,-1.18798154524689,-2.51938065881172,3.64546095841028,-0.26542094,1.1313224,-0.6462954,341.4095,71.10689,-2.9598086,WAL
2063882338000,276.36495,-1.78857438438479,-1.8034739892212,3.33315264774187,-0.49602258,1.0317514,-0.5015204,341.7472,71.09631,-2.8558002,WAL
2063887358000,276.36997,-2.38556567332353,-1.62037034226471,3.04308388694118,-0.6612616,0.9398162,-0.3387248,342.08615,71.05843,-2.8801866,WAL
2063892343000,276.374955,-2.97529982376471,-1.70929849035294,2.7669385412549,-0.8228355,0.86467975,-0.16249016,342.38632,71.07388,-2.9415367,WAL
2063897313000,276.379925,-3.40788320147601,-2.16717054936881,2.74260482062536,-1.0103711,0.7302894,0.025045475,342.65543,71.11748,-3.1258054,WAL
2063902457000,276.385069,-3.75709721328413,-2.87516612326665,2.87654997510196,-1.2024882,0.52473325,0.19456059,342.86865,71.194046,-3.3415053,WAL
2063907412000,276.390024,-3.8892641703149,-3.78623569329162,3.14574093697815,-1.3921618,0.20372356,0.32650748,343.017,71.3205,-3.6646807,WAL
2063912347000,276.394959,-3.87472067621294,-4.8576072353985,3.51417632337676,-1.5323554,-0.2321288,0.41447207,343.06586,71.46828,-3.9945586,WAL
2063917327000,276.399939,-3.91747288810384,-6.3026707795062,3.78372182249439,-1.602605,-0.7583892,0.47494772,343.02042,71.64603,-4.3564863,WAL
2063922351000,276.404963,-3.99729481983019,-7.9930186966722,3.99031981246218,-1.5662584,-1.2889256,0.52015173,342.84973,71.812386,-4.698552,WAL
2063927346000,276.409958,-4.22166260343826,-10.0001082241896,3.87723750747611,-1.4278975,-1.7369953,0.5714644,342.5612,71.9595,-4.9964333,WAL
2063932318000,276.41493,-4.55623185586472,-12.2484131794079,3.52036389286116,-1.2409728,-1.915368,0.643852,342.20178,72.06514,-5.2846713,WAL
2063937404000,276.420016,-4.9556233886384,-14.2055129578906,2.76410490515443,-1.1505647,-2.1038198,0.70707655,341.75803,72.21312,-5.5000896,WAL
2063942344000,276.424956,-5.41607863483961,-15.6714517025524,1.5330918663621,-0.9596693,-1.9963076,0.84329945,341.34833,72.26192,-5.752444,WAL
2063947363000,276.429975,-5.54650750375,-16.865175446875,0.796091998572917,-0.7244862,-1.6029104,0.91751957,340.983,72.40728,-6.008367,WAL
2063952414000,276.435026,-5.2038691305,-17.65122785125,0.7759367933375,-0.35216382,-1.0262536,0.8680395,340.7096,72.45085,-6.275071,WAL
2063957349000,276.439961,-4.25145614551505,-18.2172222768451,1.29954804013112,0.2648101,-0.5458081,0.71685034,340.49988,72.521095,-6.5975313,WAL
2063962347000,276.444959,-2.66816376973279,-18.5880841042018,2.37409495410748,1.0256428,-0.5681047,0.43004912,340.33093,72.45944,-6.8606825,WAL
2063967339000,276.449951,-1.38961615859462,-17.7306854989795,2.47179543055691,1.4666874,-0.852157,0.0106901415,340.22784,72.40499,-6.9926763,WAL
2063972346000,276.454958,-0.4342298608339,-15.5449477537176,1.51640907439984,1.4501941,-1.119716,-0.42394048,340.15036,72.305115,-7.0342607,WAL
2063977299000,276.459911,0.166357093987058,-13.0442545465406,0.425207367346939,1.0601566,-1.0030408,-0.66706485,340.0811,72.23464,-6.781587,WAL
2063982330000,276.464942,0.29106628327327,-10.0272512442011,-0.889035628979592,0.4596761,-0.63438356,-0.7266242,340.02628,72.250114,-6.4732533,WAL
2063987256000,276.469868,0.191082105673221,-7.50506290932229,-1.65868690148717,-0.15699236,-0.36254853,-0.68630713,339.92624,72.439606,-6.05592,WAL
2063992343000,276.474955,-0.251403828831221,-5.56006986036531,-1.66354938093622,-0.68783426,-0.38056904,-0.52106804,339.83478,72.75021,-5.6743293,WAL
2063997271000,276.479883,-0.680368128347345,-4.07156268677678,-1.62128681497379,-1.0436633,-0.5717699,-0.3494149,339.73193,73.187645,-5.359889,WAL
2064002439000,276.485051,-1.13070443847295,-3.12683557294036,-1.50380776332707,-1.2705997,-0.82650065,-0.23945917,339.59183,73.7186,-5.0704403,WAL
2064007316000,276.489928,-1.50637839115732,-2.38058248926246,-1.51679922632397,-1.4413365,-1.0219775,-0.122783914,339.4302,74.22076,-4.916346,WAL
2064012347000,276.494959,-1.81538044588475,-1.84216967000292,-1.72748245878923,-1.5851953,-1.1753048,-0.009162978,339.1992,74.764404,-4.77712,WAL
2064017269000,276.499881,-2.08036997190767,-1.46650588711777,-1.99127959088578,-1.7131716,-1.2928963,0.13041973,338.94788,75.26443,-4.7444715,WAL
2064022347000,276.504959,-2.27224624407181,-1.40894306557506,-2.38942274042217,-1.8307631,-1.4077389,0.25442538,338.64774,75.785324,-4.730025,WAL
2064027269000,276.509881,-2.43306420409955,-1.45734022619851,-2.7302416783351,-1.926669,-1.4639386,0.3491095,338.39282,76.29476,-4.760531,WAL
2064032333000,276.514945,-2.5359804422398,-1.76608898946658,-2.96882031253979,-1.9672915,-1.6258179,0.3830125,338.0733,76.799774,-4.7925396,WAL
2064037291000,276.519903,-2.60520241821481,-2.08082732816086,-3.23313285183914,-1.9788979,-1.7950275,0.45448375,337.75403,77.334595,-4.8780365,WAL
2064042344000,276.524956,-2.56248298330554,-2.44631565060324,-3.61286096939676,-1.9636264,-1.9120082,0.5458081,337.40326,77.84503,-4.9687786,WAL
2064047331000,276.529943,-2.49808382623177,-2.81178553248916,-3.97552426103666,-1.9346102,-1.949271,0.6591236,337.00455,78.3579,-5.107454,WAL
2064052418000,276.53503,-2.33486100480883,-3.20544058123768,-4.29236846708711,-1.8958203,-1.9080375,0.78038037,336.59528,78.82586,-5.267884,WAL
2064057389000,276.540001,-2.18253054809764,-3.64346430019765,-4.55784243225615,-1.8677205,-1.829236,0.8894198,336.14682,79.309654,-5.465755,WAL
2064062343000,276.544955,-2.06531662668248,-4.33737067385117,-4.60941661251112,-1.8432859,-1.7284433,0.981355,335.71832,79.73512,-5.692529,WAL
2064067360000,276.549972,-1.9476781516035,-5.0891826992259,-4.64011442414798,-1.8319849,-1.6426166,1.0772609,335.2748,80.164566,-5.9383163,WAL
2064072349000,276.554961,-1.83720161924198,-6.13630779415904,-4.53924453805167,-1.8298469,-1.5427402,1.1951579,334.8671,80.52277,-6.217865,WAL
2064077331000,276.559943,-1.7356310361796,-7.2037183840545,-4.44853916170968,-1.8258762,-1.409877,1.346347,334.46353,80.83528,-6.527201,WAL
2064082335000,276.564947,-1.68505578149285,-8.4037311623333,-4.41635498728773,-1.8014416,-1.2547172,1.5195273,334.0991,81.04973,-6.8768086,WAL
2064087303000,276.569915,-1.6217725600895,-9.58967999837266,-4.38886586126932,-1.733941,-1.097114,1.7018706,333.74945,81.176216,-7.249546,WAL
2064092342000,276.574954,-1.33218816947722,-10.6989354867779,-4.43794793531326,-1.6676621,-0.9080512,1.9123137,333.45807,81.176865,-7.6788144,WAL
2064097335000,276.579947,-1.04647368042692,-11.7865334877952,-4.44185143999407,-1.5726726,-0.72418076,2.1206186,333.19757,81.07883,-8.123979,WAL
2064102409000,276.585021,-0.767950312540765,-12.7805736623184,-4.01446223732582,-1.4379768,-0.6215554,2.248595,332.97583,80.86931,-8.59939,WAL
2064107419000,276.590031,-0.474128624111946,-13.7370759048655,-3.59410874177215,-1.368949,-0.5687156,2.2956316,332.7703,80.64138,-9.028536,WAL
2064112345000,276.594957,0.00639559281447785,-14.4228723388054,-3.19755950632911,-1.38025,-0.49602258,2.264783,332.6084,80.350685,-9.463235,WAL
2064117474000,276.600086,0.499055507860107,-15.0525881221103,-2.82357397783047,-1.3897184,-0.36285394,2.1453588,332.45795,80.10029,-9.799579,WAL
2064122351000,276.604963,0.877429270343806,-14.6603721885991,-2.9250889592867,-1.3701707,-0.15027285,1.9394971,332.3579,79.86181,-10.094811,WAL
2064127594000,276.610206,1.26923839250167,-14.2317028850893,-3.00460531151972,-1.3387111,0.15577064,1.6664404,332.27893,79.76346,-10.221671,WAL
2064132316000,276.614928,1.45066075373961,-13.7651876426593,-2.73679141412742,-1.319469,0.3390302,1.5146403,332.2272,79.67427,-10.324213,WAL
2064137320000,276.619932,1.64291774137931,-13.2708118965517,-2.45298354827586,-1.310306,0.7489208,1.2250903,332.30017,100.263054,-10.260932,WAL
2064142347000,276.624959,1.75276476465008,-12.519316999821,-1.80465817419903,-1.2663237,1.0705414,0.8772025,332.39557,100.15685,-10.140803,WAL
2064147289000,276.629901,1.854419104063,-11.7611452488813,-1.13966915124396,-1.2913691,1.235475,0.5525276,332.55627,99.99546,-9.950272,WAL
2064152412000,276.635024,1.65576806329893,-10.9455176267334,-0.271879058023147,-1.3588698,1.1187997,0.3182608,332.69568,99.75339,-9.670908,WAL
2064157329000,276.639941,1.33663605091231,-10.1501422507559,0.636419803644041,-1.4016303,0.6417139,0.13958271,332.76364,99.45897,-9.329074,WAL
2064162308000,276.64492,0.810842106986836,-9.61017640145256,0.883052019101226,-1.4486669,-0.09468412,-0.021991149,332.67194,99.12278,-8.951654,WAL
2064167310000,276.649922,0.223739942861552,-9.14484327044939,0.935238886409442,-1.4520267,-0.8744536,-0.18051068,332.42157,98.75695,-8.541578,WAL
2064172313000,276.654925,-0.356832427898841,-8.72024613256059,0.433868715043204,-1.428203,-1.5033394,-0.31642818,332.0195,98.43671,-8.193004,WAL
2064177307000,276.659919,-0.931356070061117,-8.32715097407798,-0.483353253005269,-1.3982705,-1.8823812,-0.40591997,331.47122,98.0959,-7.8241754,WAL
2064182286000,276.664898,-1.3918205011236,-7.99935130702476,-1.3454718259377,-1.3723087,-2.0018053,-0.4636467,330.85635,97.84933,-7.5514116,WAL
2064187314000,276.669926,-1.80089632134831,-7.70024230664109,-2.19001549671874,-1.3292428,-1.9080375,-0.49296826,330.20773,97.58805,-7.26451,WAL
2064192309000,276.674921,-2.1449410477388,-7.4246593891752,-2.63360306949188,-1.2657127,-1.7660115,-0.46914452,329.58817,97.47923,-7.089796,WAL
2064197298000,276.67991,-2.42183292271551,-7.17248993757632,-2.65338104949809,-1.215011,-1.7486018,-0.41325033,328.96713,97.375694,-6.9161954,WAL
2064202393000,276.685005,-2.61290191339771,-7.06356234399517,-2.71145588141219,-1.2198979,-1.8188512,-0.31215215,328.40912,97.447105,-6.85672,WAL
2064207317000,276.689929,-2.7267370968618,-7.07304859690203,-2.7968323061557,-1.2351695,-1.9220876,-0.20433442,327.84903,97.54462,-6.81608,WAL
2064212306000,276.694918,-2.76690557957706,-7.1783519434917,-2.82177442710506,-1.2144,-1.9886718,-0.099571034,327.30048,97.7288,-6.857653,WAL
2064217297000,276.699909,-2.74844365081112,-7.35835547184241,-2.79869693180765,-1.1673635,-2.0118847,-0.030543262,326.73856,97.93655,-6.9202456,WAL
2064222311000,276.704923,-2.68877544544529,-7.567868460743,-2.7796805279084,-1.1533136,-1.919644,0.027794369,326.1958,98.20493,-7.032875,WAL
2064227308000,276.70992,-2.58648927129771,-7.80653606479389,-2.76506823184733,-1.1432343,-1.8515326,0.064751714,325.64438,98.48044,-7.1578035,WAL
2064232292000,276.714904,-2.38877013061519,-7.97291969509964,-2.65231908555887,-1.1542299,-1.6991217,0.08979719,325.14276,98.76936,-7.290004,WAL
2064237366000,276.719978,-2.09872027208049,-8.0758407560412,-2.44647730562241,-1.1856894,-1.5161675,0.15454891,324.67554,99.076965,-7.438396,WAL
2064242291000,276.724903,-1.8244738568552,-8.16008877494818,-2.18144751880367,-1.2464706,-1.3423764,0.22357668,324.24036,99.38672,-7.5755353,WAL
2064247315000,276.729927,-1.55377090804462,-8.22657705843451,-1.83000857757378,-1.2953397,-1.2275337,0.2837469,323.84583,99.71,-7.7213655,WAL
2064252335000,276.734947,-1.31890402471877,-8.28512001562967,-1.52027727888502,-1.3616186,-1.1746938,0.31306845,323.46136,100.004616,-7.831136,WAL
2064257323000,276.739935,-1.13343911130911,-8.3326755927327,-1.2682352030662,-1.4129313,-1.1392636,0.3436117,323.11008,100.3149,-7.9507976,WAL
2064262249000,276.744861,-0.982153279432432,-8.38646208783784,-1.10568118486486,-1.4407257,-1.0903945,0.36193767,322.7575,100.56452,-8.027117,WAL
2064267305000,276.749917,-0.874656404312741,-8.45189482915058,-1.06829099119691,-1.4269812,-1.0458013,0.37934732,322.41995,100.81663,-8.1052475,WAL
2064272244000,276.754856,-0.805932139754485,-8.50795138687441,-1.06311695226629,-1.3744467,-0.979217,0.4025602,322.08765,101.03183,-8.164775,WAL
2064277308000,276.75992,-0.810511640717658,-8.54916679990557,-1.12265051260623,-1.2910637,-0.9266826,0.41386122,321.77057,101.23404,-8.219576,WAL
2064282259000,276.764871,-0.833962624274809,-8.57767156240974,-1.17571462329276,-1.1887437,-0.8781188,0.44257188,321.4609,101.42927,-8.277913,WAL
2064287322000,276.769934,-0.928996680229008,-8.56266640561172,-1.21072714328451,-1.0720685,-0.82986045,0.46792278,321.17252,101.60168,-8.331899,WAL
2064292245000,276.774857,-1.03467993813408,-8.5262943168888,-1.24572598671176,-0.9825767,-0.7852673,0.49327368,320.8996,101.78562,-8.402156,WAL
2064297338000,276.77995,-1.18021801067237,-8.42926896896758,-1.2845361765367,-0.90010995,-0.7510588,0.52106804,320.64432,101.94794,-8.474041,WAL
2064302422000,276.785034,-1.33230339052612,-8.33475741789003,-1.31589191711498,-0.88606006,-0.71837753,0.5534439,320.40756,102.13579,-8.574772,WAL
2064307332000,276.789944,-1.49523225138142,-8.24900500884472,-1.32875471131577,-0.8750645,-0.6945538,0.5839872,320.18472,102.30716,-8.67658,WAL
2064312321000,276.794933,-1.65475693604838,-8.1564389545114,-1.34787999244354,-0.91874135,-0.6722572,0.627664,319.97745,102.52515,-8.821033,WAL
2064317345000,276.799957,-1.7474520213957,-8.00194732484213,-1.43542524925613,-0.97341377,-0.6609562,0.68966687,319.7813,102.745926,-8.972508,WAL
2064322303000,276.804915,-1.82057678715336,-7.86499271839295,-1.51929441499265,-1.0494665,-0.6365216,0.7492262,319.62338,103.01563,-9.164323,WAL
2064327342000,276.809954,-1.82530559609015,-7.78460296646742,-1.59495545673689,-1.1349876,-0.6423248,0.8038987,319.46686,103.30047,-9.365517,WAL
2064332345000,276.814957,-1.81881942785467,-7.74133281878689,-1.65765015526155,-1.1881329,-0.6337727,0.83108217,319.33115,103.61153,-9.581863,WAL
2064337398000,276.82001,-1.759721183391,-7.86937880085487,-1.66257500468146,-1.2681563,-0.6414085,0.8872818,319.1964,103.95119,-9.814472,WAL
2064342325000,276.824937,-1.69831835926556,-8.02067128787272,-1.65541249374625,-1.3594806,-0.6713409,0.91232723,319.03973,104.32678,-10.062937,WAL
2064347403000,276.830015,-1.62046201003602,-8.27857058124875,-1.60188623777266,-1.4456125,-0.7107417,0.9416488,318.88446,104.717186,-10.320027,WAL
2064352340000,276.834952,-1.55714675436338,-8.55389691463996,-1.52132394062947,-1.4993688,-0.79320854,0.9611965,318.7064,105.09611,-10.560994,WAL
2064357389000,276.840001,-1.53870006311874,-8.92744153352408,-1.33224575264664,-1.5262468,-0.88025683,0.97005403,318.52002,105.47765,-10.800127,WAL
2064362326000,276.844938,-1.52533912940544,-9.29742889389791,-1.14525354756503,-1.5357152,-0.96974856,0.95356065,318.2807,105.86088,-11.044083,WAL
2064367335000,276.849947,-1.54879419070995,-9.7102374046548,-0.938849243203599,-1.5274686,-1.0650436,0.93645644,318.02042,106.23413,-11.2854185,WAL
2064372373000,276.854985,-1.57458339519469,-10.1302003233924,-0.737566860081244,-1.5036448,-1.1340714,0.9059132,317.74786,106.55945,-11.5062475,WAL
2064377350000,276.859962,-1.62653044436738,-10.6024462697909,-0.61478296826018,-1.4767667,-1.1673635,0.8677341,317.46295,106.8662,-11.714318,WAL
2064382454000,276.865066,-1.68063977116197,-11.0704292810137,-0.48842278720165,-1.4138476,-1.1960741,0.829555,317.135353408015,107.096695367624,-11.9273540315557,WAL
2064402702000,276.885314,-1.91266337114766,-12.088182743545,-0.00190691385279795,-0.9618073,-1.3060299,0.73426,315.83575,108.01109,-12.772486,WAL
2064407355000,276.889967,-1.51549294517137,-12.1291281174309,-0.558764392044473,-0.73731434,-1.2904528,0.754724,315.5082,108.13917,-12.982479,WAL
2064412286000,276.894898,-1.09459301598824,-12.1725198300101,-1.14889209996692,-0.46486846,-1.2321151,0.7703011,315.19305,108.237236,-13.202814,WAL
2064417350000,276.899962,-0.628889902938445,-12.0142871750815,-1.5666845813062,-0.15210545,-1.1172725,0.75747293,314.90332,108.28018,-13.408102,WAL
2064422255000,276.904867,-0.169404730198597,-11.8100717818397,-1.92406193141982,0.14385876,-1.0348058,0.7153232,314.62543,108.271774,-13.599962,WAL
2064427346000,276.909958,0.422579676503634,-11.3902112443528,-2.30794831424082,0.25778514,-0.80481493,0.6826419,314.38007,108.25492,-13.703861,WAL
2064432264000,276.914876,1.02854457901002,-10.9230167006482,-2.68262886358279,0.3915646,-0.5476407,0.5879578,314.1665,108.15931,-13.767825,WAL
2064437406000,276.920018,1.48529796160294,-10.6748266186874,-2.87552669818033,0.39522982,-0.2687807,0.4908302,313.9981,108.06988,-13.754334,WAL
2064442247000,276.924859,1.85497522053772,-10.5231645519321,-2.98927352043549,0.2687807,-0.016798794,0.4034765,313.89526,107.96412,-13.703197,WAL
2064447413000,276.930025,1.86152279611923,-10.7307206833521,-2.72949757559055,0.080634214,0.15027285,0.2996294,313.79752,107.84822,-13.54646,WAL
2064452358000,276.93497,1.75942133970754,-11.0325853993251,-2.37436221207349,-0.1459968,0.17440203,0.1863139,313.72723,107.744934,-13.358471,WAL
2064457364000,276.939976,1.41697569095879,-11.3154759280649,-1.84680026019936,-0.36835176,0.06291912,0.048258353,313.63776,107.634476,-13.089094,WAL
2064462320000,276.944932,0.953616103265851,-11.5837370625835,-1.23711661362655,-0.5897904,-0.15485434,-0.08674286,313.51926,107.55065,-12.797947,WAL
2064467348000,276.94996,0.387367902522576,-11.5772031390295,-0.814921951046939,-0.75533485,-0.3921755,-0.20555615,313.36496,107.4529,-12.501545,WAL
2064472316000,276.954928,-0.212250243544706,-11.4544466543614,-0.479702322871887,-0.8170323,-0.5919284,-0.28863382,313.1557,107.366486,-12.193837,WAL
2064477339000,276.959951,-0.716364900257579,-11.3991926055082,-0.419307391912027,-0.7831292,-0.7284568,-0.3277292,312.91327,107.28741,-11.968863,WAL
2064482362000,276.964974,-1.17386571172578,-11.3753644569051,-0.486026247810581,-0.64476824,-0.7629707,-0.3222314,312.6446,107.196434,-11.743304,WAL
2064487428000,276.97004,-1.42632723156817,-11.5196942204241,-0.575137116630134,-0.47128254,-0.6722572,-0.2782491,312.40796,107.12089,-11.615989,WAL
2064492359000,276.974971,-1.57627291608112,-11.7373572375294,-0.67187631615487,-0.28191432,-0.5522222,-0.22296582,312.17474,107.01842,-11.495516,WAL
2064497380000,276.979992,-1.53149092578942,-12.1659145959811,-0.702328727428466,-0.12889257,-0.43463063,-0.1432479,311.98145,106.96708,-11.474058,WAL
2064502410000,276.985022,-1.41105146741365,-12.6744369295305,-0.706789446383924,-0.014660766,-0.30818152,-0.08827003,311.8301,106.891754,-11.453284,WAL
2064507443000,276.990055,-1.17218942240195,-13.2599499531663,-0.515100381925997,0.07880162,-0.13805555,-0.07880162,311.7329,106.814705,-11.449391,WAL
2064512350000,276.994962,-0.854230088444867,-13.8859319849878,-0.187204854901787,0.19150625,0.012217305,-0.13194689,311.66833,106.71057,-11.436473,WAL
2064517356000,276.999968,-0.524217792769848,-14.4076863468909,0.0896809699982401,0.32895094,0.087964594,-0.20525073,311.62445,106.54889,-11.380294,WAL
2064522348000,277.00496,-0.192351677791357,-14.870429323817,0.337412022400274,0.46609017,0.10323623,-0.28619036,311.60403,106.35642,-11.303438,WAL
2064527341000,277.009953,0.16658958529052,-15.1938350195719,0.418819822960245,0.605062,0.08827003,-0.32345316,311.58536,106.05255,-11.15969,WAL
2064532312000,277.014924,0.540257856406728,-15.4316241474006,0.399408488544342,0.6805039,0.05222898,-0.3915646,311.56067,105.7196,-10.989149,WAL
2064537362000,277.019974,0.822897704961612,-15.4564690421305,0.307237198214012,0.84971356,0.018325957,-0.47250426,311.50946,105.28099,-10.767387,WAL
2064542346000,277.024958,1.05193225920346,-15.3694360617083,0.178977837315739,1.0369438,-0.010079277,-0.569021,311.44818,104.817375,-10.528944,WAL
2064547397000,277.030009,1.17154810766938,-15.0477440822571,0.0519217823385655,1.2272283,-0.04734206,-0.68019843,311.35876,104.271454,-10.215284,WAL
2064552441000,277.035053,1.2099390810451,-14.5582596101729,-0.0728488084740711,1.4074335,-0.07849618,-0.79809546,311.26266,103.68243,-9.880627,WAL
2064557325000,277.039937,1.15506433105805,-14.0017989641848,-0.165982565928187,1.6074919,-0.09590584,-0.91813046,311.15067,103.03415,-9.490612,WAL
2064562311000,277.044923,1.02886829845986,-13.3708184604028,-0.239959533946049,1.8267925,-0.09896017,-1.0216721,311.03537,102.341125,-9.080995,WAL
2064567287000,277.049899,0.78883177361567,-12.6882699036527,-0.281874468125993,2.084883,-0.08368854,-1.1273518,310.92157,101.610825,-8.646903,WAL
2064572319000,277.054931,0.339836205903653,-11.9025277653785,-0.266567795414505,2.356718,-0.04642576,-1.2318097,310.81604,100.83187,-8.191535,WAL
2064577310000,277.059922,-0.136201278498825,-11.2572700188993,-0.287382028114963,2.6184738,0.004886922,-1.2907583,310.72623,100.05064,-7.758432,WAL
2064582287000,277.064899,-0.64495084720329,-10.7625229804152,-0.348058583611437,2.8845057,0.10598512,-1.325883,310.66626,99.2253,-7.3082237,WAL
2064587331000,277.069943,-1.20226291683847,-10.4898921986393,-0.393793230506133,3.1193833,0.23640485,-1.3332134,310.6498,98.45514,-6.937547,WAL
2064592314000,277.074926,-1.80732545111844,-10.5194075231419,-0.418389269194928,3.3331861,0.3576616,-1.3500122,310.6671,97.676834,-6.5611963,WAL
2064597353000,277.079965,-2.36798607423917,-10.7370945866172,-0.477532536060281,3.4746015,0.4813618,-1.3762794,310.74844,97.04177,-6.301146,WAL
2064602413000,277.085025,-2.87847507209325,-11.1483217539992,-0.572067535845689,3.5149186,0.59620446,-1.3860532,310.87137,96.469055,-6.0499735,WAL
2064607387000,277.089999,-3.35152670983805,-11.6008729574646,-0.750247077175168,3.4413095,0.7021896,-1.3833044,311.04385,96.1291,-5.947868,WAL
2064612313000,277.094925,-3.78622122221705,-12.1058214271221,-1.02687098573995,3.2965343,0.7800749,-1.3591752,311.2509,95.90018,-5.858724,WAL
2064617288000,277.0999,-4.23965583128373,-12.6112371691184,-1.27808058352207,3.1166344,0.80664754,-1.3292428,311.49777,95.911,-5.910978,WAL
2064622321000,277.104933,-4.73446029347021,-13.1111425973119,-1.46171930137581,2.9239066,0.77396625,-1.2657127,311.75586,83.9865,-5.9832563,WAL
2064627262000,277.109874,-5.19797794276527,-13.5475528502932,-1.56173407343484,2.8417451,0.63316184,-1.2315043,311.99875,83.73417,-6.1644473,WAL
2064632289000,277.114901,-5.63505862057878,-13.9072334166824,-1.53896942706639,2.6942213,0.42485678,-1.1563679,312.21454,83.443756,-6.36666,WAL
2064637313000,277.119925,-6.10333754426782,-14.3159002943468,-1.55018138408253,2.547308,0.1685988,-1.0989466,312.39093,83.11331,-6.5952272,WAL
2064642313000,277.124925,-6.64776064143594,-14.8452004838404,-1.64595957126013,2.4306328,-0.07819075,-1.072374,312.51263,82.77875,-6.8220606,WAL
2064647294000,277.129906,-7.22337628903427,-15.286124309296,-1.73154763003613,2.3634377,-0.29016098,-1.1065824,312.5858,82.41207,-7.068979,WAL
2064652365000,277.134977,-7.86356169075286,-15.594361734108,-1.80267933583634,2.3405302,-0.44898596,-1.2137892,312.60886,82.07155,-7.2845187,WAL
2064657244000,277.139856,-8.14433488759351,-15.5819956217332,-1.83320437983095,2.3478606,-0.57757306,-1.3136657,312.59653,81.7169,-7.5003386,WAL
2064662312000,277.144924,-7.73881344902361,-14.9265601380064,-1.78605070929758,2.4263568,-0.5519168,-1.3038919,312.58862,81.36351,-7.701505,WAL
2064667283000,277.149895,-7.20785301818182,-14.29120775,-1.76953266818182,2.4663684,-0.5366451,-1.3301591,312.56918,81.02559,-7.84964,WAL
2064672321000,277.154933,-6.31526132802864,-13.6673528714442,-1.83191813098269,2.2693644,-0.52931476,-1.3286319,312.55917,80.70466,-7.9978576,WAL
2064677280000,277.159892,-5.51816971315048,-13.1675296535788,-2.18320065932745,2.0986276,-0.11728613,-1.2412782,312.6582,80.40375,-8.098577,WAL
2064682292000,277.164904,-4.94106390060117,-12.9826755498779,-3.35093776385497,1.7418822,0.59895337,-1.278541,312.85437,80.19166,-8.170398,WAL
2064687338000,277.16995,-4.28763290907952,-12.7369968240451,-4.35236777307451,1.3677273,1.1609493,-1.3267993,313.08804,80.096504,-8.14984,WAL
2064692310000,277.174922,-3.21923235307869,-12.1456494978084,-4.31758276443331,1.3014483,1.5491543,-1.3127494,313.47452,80.0016,-8.153969,WAL
2064697316000,277.179928,-2.20217138547583,-11.5929926034152,-4.11723329155794,1.4611896,1.7950275,-1.2681563,313.9068,80.133606,-8.019028,WAL
2064702325000,277.184937,-1.38763470530507,-11.1880252366654,-3.34411374700691,1.6600263,1.9019289,-1.2134838,314.40155,80.25895,-7.9021854,WAL
2064707318000,277.18993,-0.625070822045995,-10.8289835210151,-2.57185877160983,1.8558086,1.8719965,-1.207986,314.87457,80.45897,-7.67464,WAL
2064712308000,277.19492,-0.165568254916733,-10.7437152636796,-1.79023067208565,2.0259347,1.8099937,-1.2464706,315.35867,80.618004,-7.459481,WAL
2064717292000,277.199904,0.26960702122445,-10.6883216591687,-1.08596495143276,2.1453588,1.7739527,-1.3179418,315.8181,80.75056,-7.17822,WAL
2064722323000,277.204935,0.528770840678729,-10.8579561545232,-0.954026988733496,2.208278,1.7892243,-1.3591752,316.265,80.84653,-6.906279,WAL
2064727303000,277.209915,0.766756469873744,-10.9977228188611,-0.866228474774543,2.2470677,1.8451185,-1.4376713,316.71725,80.89745,-6.5388455,WAL
2064732309000,277.214921,0.774991741884394,-10.7877240640728,-1.31093183907928,2.2540927,1.9636264,-1.4953982,317.18643,80.91288,-6.184418,WAL
2064737322000,277.219934,0.783238529457185,-10.5774316634029,-1.75625704188783,2.2061398,2.1383338,-1.4926492,317.68115,80.92454,-5.7751603,WAL
2064742310000,277.224922,0.632107397864184,-10.3040312995121,-2.0883570004879,2.1676552,2.2617285,-1.4425583,318.18945,80.896095,-5.383735,WAL
2064747275000,277.229887,0.42852276626506,-10.0104906911281,-2.38189760887185,2.1197023,2.3823745,-1.3539828,318.7384,80.84012,-5.0279274,WAL
2064752317000,277.234929,0.14384605564557,-9.65126338987342,-2.65859426506329,2.0567832,2.4791965,-1.2669345,319.27847,80.81864,-4.6988144,WAL
2064757250000,277.239862,-0.16233246102481,-9.27810779129114,-2.92171643875443,1.9792033,2.5167649,-1.1856894,319.82233,80.77836,-4.4116445,WAL
2064762341000,277.244953,-0.419864314685725,-8.90988240003916,-3.09623014614255,1.9043725,2.5531113,-1.1050552,320.38977,80.72589,-4.155636,WAL
2064767264000,277.249876,-0.650658410569806,-8.55907599432152,-3.23470655933033,1.8515326,2.5983152,-1.033584,320.95657,80.66369,-3.9355748,WAL
2064772355000,277.254967,-0.873074615535642,-8.20298862390254,-3.27878630012082,1.8057177,2.636189,-0.9825767,321.55304,80.59638,-3.7399642,WAL
2064777271000,277.259883,-1.08164304304269,-7.86169458145389,-3.28352648828031,1.7531832,2.6267207,-0.93737274,322.13647,80.528336,-3.5735986,WAL
2064782329000,277.264941,-1.30657266525974,-7.51291344079103,-3.24658925882527,1.6927075,2.5955665,-0.90224797,322.74994,80.44913,-3.4224298,WAL
2064787373000,277.269985,-1.53469739123377,-7.16597348353011,-3.19431075953365,1.6426166,2.538756,-0.88086766,323.34418,80.372696,-3.287657,WAL
2064792346000,277.274958,-1.74841015293002,-6.82372839714485,-3.12867596101627,1.6239853,2.4471262,-0.86498517,323.9437,80.26585,-3.1765068,WAL
2064797368000,277.27998,-1.95966779983029,-6.47803426183488,-3.05665625966856,1.5943583,2.3658812,-0.86529064,324.52332,80.17224,-3.0726342,WAL
2064802387000,277.284999,-2.09424050562457,-6.0940435081972,-2.84532704031106,1.5488489,2.2834144,-0.8579602,325.10663,80.04479,-2.9987748,WAL
2064807325000,277.289937,-2.19600967635723,-5.70084447458672,-2.58165242777071,1.4920384,2.2003367,-0.86376345,325.66232,79.92892,-2.924846,WAL
2064812340000,277.294952,-2.17798572163533,-5.27822277449518,-2.48368614555854,1.416902,2.0857995,-0.87995136,326.21753,79.79015,-2.8736532,WAL
2064817340000,277.299952,-2.097011982453,-4.8447754950761,-2.47415983500448,1.3045027,2.0412061,-0.8784242,326.76453,79.67681,-2.832284,WAL
2064822357000,277.304969,-2.11273615284142,-4.56335101789644,-2.37937101545372,1.2092078,1.9953914,-0.86345804,327.31268,79.51481,-2.8111863,WAL
2064827344000,277.309956,-2.18022722176239,-4.36569874559402,-2.23956824518018,1.1582005,1.9975294,-0.8524625,327.85876,79.37254,-2.7967017,WAL
2064832323000,277.314935,-2.25135604255971,-4.12145482247397,-1.87173208925291,1.1026118,2.000889,-0.8604037,328.3953,79.24431,-2.7696307,WAL
2064837418000,277.32003,-2.3260557730149,-3.8475558801388,-1.37871419065115,1.02717,1.9862283,-0.8729264,328.92386,79.13552,-2.750279,WAL
2064842346000,277.324958,-2.35291697077342,-3.59838363668869,-1.10310262500972,0.89369583,1.9550742,-0.89644474,329.46957,79.020134,-2.7406347,WAL
2064847329000,277.329941,-2.36219042479596,-3.35263691142635,-0.903723218276331,0.70554936,1.9813415,-0.9074403,330.0245,78.94095,-2.7399645,WAL
2064852361000,277.334973,-2.40945890520875,-3.15572215495785,-0.666657830826977,0.5348125,2.000889,-0.8903361,330.60507,78.7928,-2.7748036,WAL
2064857360000,277.339972,-2.47672520638298,-2.98755627659574,-0.412006462978723,0.37659842,1.9871446,-0.88086766,331.18198,78.69394,-2.8109481,WAL
2064862340000,277.344952,-2.48403085559941,-2.96153425639862,-0.192176800947213,0.26145032,1.9892827,-0.84604836,331.78537,78.57023,-2.8723981,WAL
2064867339000,277.349951,-2.46041249190923,-3.00877093445486,0.0109412747607301,0.14569137,2.006387,-0.8503244,332.3879,78.4907,-2.9321878,WAL
2064872355000,277.354967,-2.50349040534259,-3.02017350686186,0.147165235949291,0.017104227,1.9367483,-0.82833326,332.9835,78.35716,-3.0283496,WAL
2064877347000,277.359959,-2.58526186661636,-3.01055334676527,0.243366907232116,-0.08735373,1.8661933,-0.7901542,333.58014,78.24538,-3.1357527,WAL
2064882346000,277.364958,-2.59943630570062,-2.975550146503,0.244657058060423,-0.18325958,1.8090774,-0.75625116,334.17117,78.1043,-3.2429075,WAL
2064887396000,277.370008,-2.57583196141832,-2.92598107773439,0.192727572116746,-0.27763826,1.7925841,-0.7162395,334.74854,77.98571,-3.3673503,WAL
2064892342000,277.374954,-2.55271372640441,-2.8774328373127,0.141867525091513,-0.38148534,1.7663169,-0.67164636,335.3053,77.84276,-3.5286171,WAL
2064897338000,277.37995,-2.52936178501147,-2.82839381403192,0.0904933247401044,-0.48197266,1.7446312,-0.6426302,335.855,77.7203,-3.7012124,WAL
2064902375000,277.384987,-2.47262448960334,-2.76504817811076,0.0158424602182136,-0.58032197,1.7119498,-0.61117065,336.42258,77.59733,-3.8540313,WAL
2064907359000,277.389971,-2.38930052653477,-2.69098239019494,-0.0767398423479779,-0.6899723,1.6780468,-0.5696318,336.97894,77.49868,-4.0217667,WAL
2064912339000,277.394951,-2.31249663602424,-2.63022804165364,-0.126753233480258,-0.79504114,1.6261233,-0.5317582,337.53058,77.44589,-4.1691065,WAL
2064917341000,277.399953,-2.24227103942533,-2.5834109446638,-0.131434938290657,-0.9059132,1.5989398,-0.4859433,338.07413,77.414764,-4.334172,WAL
2064922348000,277.40496,-2.22196435495237,-2.54414144843798,-0.0290041027819318,-0.9786061,1.5289958,-0.464563,338.5958,77.42929,-4.4670076,WAL
2064927344000,277.409956,-2.26607075007682,-2.51473715090648,0.211131167712793,-1.1023064,1.4162911,-0.42210788,339.09116,77.473526,-4.617856,WAL
2064932321000,277.414933,-2.35424925216195,-2.47248754618711,0.506561895125786,-1.2342533,1.2690725,-0.36865717,339.57028,77.54241,-4.743382,WAL
2064937378000,277.41999,-2.49226683825668,-2.41537689116549,0.868263303294025,-1.3796391,1.0974194,-0.30726522,340.00522,77.63411,-4.878069,WAL
2064942304000,277.424916,-2.59547370329617,-2.46510330065532,1.29207933599374,-1.5250251,0.8894198,-0.25320363,340.42178,77.6232,-5.010588,WAL
2064947339000,277.429951,-2.66150169062989,-2.64903804591158,1.81558617245696,-1.6713274,0.59589905,-0.22968534,340.76135,77.64418,-5.1400585,WAL
2064952322000,277.434934,-2.77564396903589,-2.86194492626923,2.32408708687041,-1.8338175,0.2968805,-0.18203785,341.09348,77.63339,-5.306423,WAL
2064957350000,277.439962,-2.96443811541168,-3.12335214754197,2.82269722166482,-1.9770653,0.2968805,-0.105068825,341.173234482759,77.6513464186328,-5.39639570901391,WAL
2064962240000,277.444852,-3.1362338987013,-3.55905710412197,3.35723053128176,-2.1132884,-0.28985557,-0.0027488936,341.2508,77.66881,-5.483899,WAL
2064967340000,277.449952,-3.29710909350649,-4.29448670321852,3.99153844771316,-2.2229385,-0.5222898,0.13194689,341.44247,77.7129,-5.7103395,WAL
2064972263000,277.454875,-3.3975875057554,-5.27778504256595,4.67309415422662,-2.24157,-0.6750061,0.27580565,341.5343,77.746704,-6.00031,WAL
2064977347000,277.459959,-3.35380292733813,-7.0291691952438,5.56338134403477,-2.1908681,-0.72021013,0.44348818,341.57935,77.75637,-6.322072,WAL
2064982274000,277.464886,-3.17467931465249,-9.02910446625213,6.56765343297563,-1.9847012,-0.55833083,0.6420194,341.65787,77.603195,-6.718267,WAL
2064987345000,277.469957,-2.62431017181827,-11.8978428078929,7.98010498503661,-1.534799,-0.2519819,0.7828238,341.75223,77.35884,-7.1383166,WAL
2064992328000,277.47494,-1.76401621134371,-14.2811808429986,9.46181276680811,-0.6957755,0.0015271631,0.7147123,341.8961,76.93403,-7.4819226,WAL
2064997330000,277.479942,-0.119814380565771,-15.6091906181047,11.1782873895332,0.40317106,0.14966199,0.40317106,342.0895,76.38312,-7.7881775,WAL
2065002363000,277.484975,1.55768759603814,-16.8334580315572,12.5134973968738,1.2525792,0.26053402,0.01160644,342.2802,75.75726,-7.8574224,WAL
2065007353000,277.489965,3.32884134544829,-17.5240662806724,12.0061112338773,1.5971072,0.64843345,-0.33750305,342.59106,75.073166,-7.8686714,WAL
2065012335000,277.494947,4.95431577289157,-18.1677732695783,11.3743074506024,1.602605,1.1252137,-0.5494733,342.8066,74.438194,-7.541758,WAL
2065017335000,277.499947,5.68026858413655,-18.5235388318273,9.94643998072289,1.4230106,1.3649784,-0.67347896,343.08435,73.79643,-7.177057,WAL
2065022340000,277.504952,6.22654878903622,-18.6394954405304,8.5586669605185,1.2944235,1.7348573,-0.7150178,343.4269,73.38889,-6.5513673,WAL
2065027343000,277.509955,5.70977740411637,-17.3404550548189,7.41608072150208,1.044885,1.9086485,-0.75502944,343.80536,73.034035,-5.9472675,WAL
2065032278000,277.51489,5.1379343254717,-15.9723687948113,6.32561071373821,0.79412484,1.8894062,-0.7669413,344.23236,72.90244,-5.264019,WAL
2065037330000,277.519942,4.05390301415094,-13.8756239693396,5.50307824027123,0.5842926,1.7357736,-0.75686204,344.67334,72.787445,-4.630912,WAL
2065042281000,277.524893,2.98737569673531,-11.8161242317548,4.72328167609377,0.4260785,1.5460999,-0.74464476,345.14554,72.74369,-4.0926056,WAL
2065047335000,277.529947,1.84820011569707,-9.65720287406283,4.2455628422701,0.30176744,1.3475688,-0.7021896,345.55884,72.72118,-3.5822704,WAL
2065052557000,277.535169,0.653824988959872,-7.4247209667798,3.75609850349371,0.14874569,1.1636983,-0.6197228,345.97607,72.706085,-3.2354171,WAL
2065057364000,277.539976,-1.10157941724895,-5.30169262250948,3.46199940102815,-0.02687807,1.0002918,-0.4914411,346.32388,72.717896,-2.9117813,WAL
2065062682000,277.545294,-2.97781489903873,-3.06615026114792,3.15200827226318,-0.21380283,0.8762862,-0.3313944,346.66544,72.707924,-2.7868052,WAL
2065067345000,277.549957,-3.35290579218852,-3.29120483185254,3.1770143114979,-0.3933972,0.7987063,-0.14110987,346.9548,72.73587,-2.6997108,WAL
2065072314000,277.554926,-3.75261127107793,-3.53102815628558,3.20366132178255,-0.58184916,0.7690793,0.04337143,347.2684,72.69493,-2.9202793,WAL
2065077344000,277.559956,-3.95058343803549,-4.24287097353201,3.45141607137536,-0.75900006,0.677755,0.21227567,347.52814,72.68776,-3.1796455,WAL
2065082263000,277.564875,-4.10297758779531,-5.03255057808058,3.7377326844427,-0.890947,0.45081854,0.34391713,347.72928,72.70612,-3.4672348,WAL
2065087361000,277.569973,-4.24711603145145,-6.41122284654075,4.05327395475262,-1.0118983,0.10048734,0.42180246,347.88766,72.75403,-3.8230715,WAL
2065092244000,277.574856,-4.38152168409977,-7.88008383068158,4.36048673188257,-1.0680978,-0.3820962,0.4642576,347.93924,72.80299,-4.1756964,WAL
2065097354000,277.579966,-4.60469132978619,-10.0182593860828,4.16371408022754,-1.0543534,-0.91354895,0.4783075,347.89163,72.84797,-4.516815,WAL
2065102367000,277.584979,-4.84011967683405,-12.2359939186936,3.86707447602982,-0.9263771,-1.4443909,0.52656585,347.70703,72.859604,-4.836763,WAL
2065107378000,277.58999,-5.15646687444821,-14.0885219352223,3.33104764844472,-0.7110472,-1.8084666,0.5870415,347.45053,72.861,-5.1135163,WAL
2065112240000,277.594852,-5.48150986746741,-15.8045583715224,2.75744200551278,-0.4792238,-1.890017,0.67256266,347.1272,72.810814,-5.3820605,WAL
2065117311000,277.599923,-5.54707522106768,-16.7899037917064,2.50660364799809,-0.33933565,-1.8719965,0.71593404,346.80078,72.86512,-5.586219,WAL
2065122335000,277.604947,-5.56083523387989,-17.615499292183,2.32313794397521,0.015271631,-1.6865989,0.77549344,346.50018,72.78424,-5.8133106,WAL
2065127306000,277.609918,-4.75303471967732,-17.9640180210354,1.67464934024303,0.5842926,-1.4043792,0.786489,346.25677,72.72229,-6.0450664,WAL
2065132312000,277.614924,-3.67602783880323,-18.1647334197896,0.87178963659757,1.151481,-1.2223413,0.7012733,346.048,72.56297,-6.2617364,WAL
2065137413000,277.620025,-2.53283633506591,-16.1689034180791,-0.4956024513371,1.4352279,-1.1817188,0.39858958,345.89883,72.40367,-6.4063125,WAL
2065142408000,277.62502,-1.40224564693032,-13.6779999223164,-1.96852344201507,1.3261884,-1.0332786,-0.012217305,345.85126,72.22246,-6.5127597,WAL
2065147323000,277.629935,-0.861354330330808,-11.2271596025889,-2.72346701701985,0.8509353,-0.6356053,-0.2660318,345.81183,72.2023,-6.476629,WAL
2065152419000,277.635031,-0.571219944606386,-8.68614447952824,-3.17738697467638,0.112704635,-0.22479841,-0.42913285,345.8431,72.31406,-6.370105,WAL
2065157343000,277.639955,-0.433204127352332,-6.84717378248705,-2.96052846295337,-0.65301496,-0.19333886,-0.4905248,345.78946,72.66161,-6.1391935,WAL
2065162348000,277.64496,-0.388500779544041,-5.39183150031088,-2.29991228911917,-1.1856894,-0.41141775,-0.4373795,345.77957,73.14329,-5.912823,WAL
2065167324000,277.649936,-0.562338739832486,-4.51304889031808,-1.77601776015555,-1.5106697,-0.8038987,-0.32650748,345.70953,73.73737,-5.6856575,WAL
2065172347000,277.654959,-0.850129939650015,-3.91828041370027,-1.31555185246784,-1.7174476,-1.1951579,-0.21471913,345.5702,74.43134,-5.4602127,WAL
2065177344000,277.659956,-1.13639391544213,-3.53692541571129,-1.475748612581,-1.8570304,-1.5344934,-0.124005646,345.33685,75.07275,-5.252033,WAL
2065182305000,277.664917,-1.42057615294088,-3.26695225670422,-1.95412214997508,-1.928807,-1.7986927,-0.040927973,345.00598,75.735176,-5.0533285,WAL
2065187304000,277.669916,-1.69231720526208,-3.21703556341016,-2.65999279820518,-1.9645426,-1.956296,0.059864793,344.6291,76.32599,-4.9198427,WAL
2065192313000,277.674925,-1.95648121998776,-3.29041455287579,-3.49162011953906,-2.0280726,-2.0146337,0.17654006,344.20044,76.92575,-4.805861,WAL
2065197342000,277.679954,-2.19924211049329,-3.65465346376098,-4.13025051667149,-2.115121,-2.0809124,0.28710666,343.7386,77.550644,-4.754343,WAL
2065202316000,277.684928,-2.42916311176755,-4.14668443433729,-4.67286417186987,-2.1734586,-2.1584923,0.38728857,343.25327,78.16134,-4.7312727,WAL
2065207313000,277.689925,-2.61444863726772,-4.61057842376965,-5.04275489085154,-2.1719313,-2.2534819,0.47586402,342.77966,78.822784,-4.7482314,WAL
2065212306000,277.694918,-2.7706814629467,-5.05486539275066,-5.30151530605473,-2.1093178,-2.2672265,0.55833083,342.3059,79.44939,-4.7931023,WAL
2065217296000,277.699908,-2.7631820549746,-5.33683375201673,-5.30807434478638,-2.068695,-2.2256875,0.6032294,341.82462,80.105064,-4.8839746,WAL
2065222317000,277.704929,-2.66740451727916,-5.53317780430236,-5.1787744688776,-1.9822577,-2.0873265,0.7162395,341.36563,80.67614,-5.0206604,WAL
2065227310000,277.709922,-2.54196004016239,-5.81325455229231,-4.90401325992673,-1.9007072,-1.9358319,0.8216137,340.922,81.21461,-5.195038,WAL
2065232294000,277.714906,-2.40017133506288,-6.13936864311318,-4.54954174393504,-1.8383989,-1.81091,0.93584555,340.51233,81.66375,-5.406625,WAL
2065237279000,277.719891,-2.30839546021082,-6.71538241357502,-4.14653470586149,-1.7843374,-1.6850718,1.0680978,340.1247,82.01601,-5.6569805,WAL
2065242332000,277.724944,-2.24642211514137,-7.45429478433652,-3.70795441631366,-1.7412714,-1.6077974,1.1908818,339.7636,82.270454,-5.9366803,WAL
2065247299000,277.729911,-2.17440423257598,-8.33892921628799,-3.40275332168781,-1.7241671,-1.5427402,1.3069462,339.41064,82.41362,-6.2461047,WAL
2065252321000,277.734933,-2.09398614192977,-9.34178957096489,-3.18042122655651,-1.6878207,-1.4908166,1.4144585,339.08197,82.45094,-6.5855527,WAL
2065257310000,277.739922,-1.86135793035144,-10.2252456709265,-3.15395169488818,-1.6710218,-1.412015,1.50731,338.76724,82.38955,-6.939117,WAL
2065262310000,277.744922,-1.50903088997967,-11.0226176333624,-3.2791204914803,-1.6581937,-1.2745703,1.6035212,338.4909,82.23929,-7.3197255,WAL
2065267281000,277.749893,-1.18074443290873,-11.7001389480441,-3.24123436530592,-1.6584991,-1.1261301,1.7256943,338.2243,82.02792,-7.6993303,WAL
2065272320000,277.754932,-0.870966879017051,-12.2664507789368,-3.03310258944834,-1.6371188,-1.0473285,1.813659,337.98407,81.75841,-8.089253,WAL
2065277339000,277.759951,-0.633771866371681,-12.7290782041364,-2.73255819170727,-1.6105462,-1.0409144,1.8387043,337.74332,81.51761,-8.413542,WAL
2065282333000,277.764945,-0.467327591681416,-13.0905003948494,-2.34260301513374,-1.6007724,-1.0784826,1.7898352,337.51868,81.24509,-8.734674,WAL
2065287416000,277.770028,-0.280118231942496,-13.1974648667602,-2.12314318639551,-1.6380352,-1.0900891,1.7201965,337.28226,81.0148,-8.983893,WAL
2065292345000,277.774957,-0.0815035922965337,-13.0508678543378,-2.08058283670607,-1.6737708,-1.0204504,1.6423112,337.06314,99.21512,-9.211051,WAL
2065297327000,277.779939,0.155353377123144,-12.8911596777293,-2.20213858742358,-1.6936239,-0.83108217,1.5250251,336.86145,99.381645,-9.35986,WAL
2065302354000,277.784966,0.43098792189772,-12.7183042948569,-2.49178847356623,-1.6801848,-0.5891795,1.3603969,336.69788,99.52178,-9.469122,WAL
2065307346000,277.789958,0.673449761368836,-12.5122076186391,-2.82092494944773,-1.6194037,-0.28160888,1.1866057,336.5914,99.60049,-9.506979,WAL
2065312339000,277.794951,0.876223990301775,-12.262276208432,-3.20289501363905,-1.4798211,-0.1160644,0.95111716,336.51196,99.62083,-9.479695,WAL
2065317296000,277.799908,1.06608594787363,-11.822585054678,-3.27856489307412,-1.393689,0.16493362,0.83260936,336.5315,99.62064,-9.409973,WAL
2065322318000,277.80493,1.2414008863305,-11.0921067800729,-2.90358579119077,-1.2956452,0.2678644,0.6059783,336.5391,99.52959,-9.2457075,WAL
2065327297000,277.809909,1.27646555893981,-10.3828195630409,-2.47009466986625,-1.2815952,0.10903945,0.41630468,336.5268,99.44236,-9.056764,WAL
2065332302000,277.814914,1.12561762527537,-9.68986185700236,-1.95155501172305,-1.3658947,-0.2678644,0.25442538,336.46994,99.32079,-8.818769,WAL
2065337383000,277.819995,0.869918556133701,-9.09436948449345,-1.62989853845624,-1.4929546,-0.77640975,0.09040806,336.2957,99.12511,-8.513806,WAL
2065342327000,277.824939,0.473683727818253,-8.67016532814808,-1.61125220619277,-1.5894713,-1.251052,-0.06658431,336.0117,98.91316,-8.177342,WAL
2065347267000,277.829879,0.0833598696648261,-8.28999438450063,-1.74118181975201,-1.6291776,-1.5891659,-0.18997909,335.6087,98.689415,-7.84579,WAL
2065352373000,277.834985,-0.309804084098615,-7.97735780815654,-2.1485565337305,-1.6270396,-1.7629571,-0.269697,335.11346,98.459885,-7.4922767,WAL
2065357278000,277.83989,-0.688056880885874,-7.73877839257781,-2.51817279946129,-1.591304,-1.7333301,-0.312763,334.59555,98.33858,-7.22261,WAL
2065362314000,277.844926,-1.07777485478851,-7.64255160582602,-2.84534344235834,-1.5372424,-1.6105462,-0.31245756,334.05685,98.219734,-6.9450035,WAL
2065367291000,277.849903,-1.42025471198465,-7.57662507586343,-3.04262024082456,-1.5027285,-1.5149459,-0.27488935,333.54572,98.27107,-6.777567,WAL
2065372312000,277.854924,-1.66155573128013,-7.58135646549247,-2.93379822995179,-1.4874569,-1.4837917,-0.20555615,333.05307,98.338646,-6.617941,WAL
2065377302000,277.859914,-1.85279591118508,-7.65018928382691,-2.80685484332077,-1.4501941,-1.4657712,-0.11759156,332.60855,98.52698,-6.5519147,WAL
2065382346000,277.864958,-1.90718057152088,-7.90319633864115,-2.6247844179255,-1.4107933,-1.4278975,-0.025961773,332.18097,98.73644,-6.5044413,WAL
2065392327000,277.874939,-2.01479621283959,-8.40384332795536,-2.26450588583386,-1.3136657,-1.2663237,0.08002335,331.40033,99.243935,-6.54817,WAL
2065397345000,277.879957,-2.02443528828101,-8.61955891938659,-2.02365944353953,-1.3084733,-1.2290609,0.13897185,331.024,99.498474,-6.6136594,WAL
2065402262000,277.884874,-1.839025718682,-8.67322992824578,-1.52598099106828,-1.3286319,-1.2629639,0.20066923,330.65686,99.75906,-6.6910863,WAL
2065407243000,277.889855,-1.62701394569483,-8.71042970804966,-1.05705010945134,-1.35551,-1.2938126,0.25595254,330.28778,100.00796,-6.78001,WAL
2065412249000,277.894861,-1.33421948121746,-8.6912301844213,-0.701856817280737,-1.359786,-1.3448198,0.26267207,329.9086,100.25242,-6.8699193,WAL
2065417221000,277.899833,-1.05078101048175,-8.66018830497576,-0.373014203836581,-1.3833044,-1.4217888,0.28496864,329.48944,100.41425,-6.9363403,WAL
2065422234000,277.904846,-0.789581167106539,-8.5889520327431,-0.121312533067761,-1.38025,-1.5158621,0.2874121,329.06094,100.56448,-6.9965444,WAL
2065427230000,277.909842,-0.542421265106886,-8.45736208899616,-0.0277954758607034,-1.353372,-1.6022996,0.29626966,328.60498,100.69239,-7.044726,WAL
2065432228000,277.91484,-0.344379190613733,-8.09900022068762,-0.522900627135652,-1.2892311,-1.6288722,0.3023783,328.15088,100.80816,-7.0893936,WAL
2065437232000,277.919844,-0.195839038092283,-7.78427801657492,-0.985336564407967,-1.196685,-1.6081028,0.31856623,327.65982,100.88993,-7.1204453,WAL
2065442227000,277.924839,-0.272445824745271,-7.6693677191072,-1.29655163674807,-1.0937542,-1.5436565,0.33292156,327.18698,100.95458,-7.14746,WAL
2065447240000,277.929852,-0.370220408891039,-7.58208959415522,-1.57536711002516,-1.0128145,-1.4376713,0.35613444,326.705,101.0557,-7.158125,WAL
2065452305000,277.934917,-0.56266936272305,-7.61964087874976,-1.70679567485969,-0.960891,-1.2904528,0.3717115,326.26437,101.13994,-7.1617093,WAL
2065457254000,277.939866,-0.757666068343394,-7.6734119711603,-1.80965037337357,-0.9266826,-1.1285735,0.40286562,325.85535,101.27611,-7.1951494,WAL
2065462282000,277.944894,-1.00680069829453,-7.85334230171505,-1.72660546460669,-0.9324858,-0.9810496,0.4352415,325.4934,101.40931,-7.2228756,WAL
2065467299000,277.949911,-1.25331117829759,-8.03069280433883,-1.63971705074936,-0.9825767,-0.8414669,0.47128254,325.188,101.59233,-7.2895694,WAL
2065472285000,277.954897,-1.45100081444895,-8.15721384449781,-1.46179640711269,-1.031446,-0.71959925,0.5109888,324.92697,101.77762,-7.355648,WAL
2065477288000,277.9599,-1.64936448265298,-8.28416626405564,-1.28326913472717,-1.1053606,-0.6432411,0.5552765,324.70978,102.00846,-7.4763803,WAL
2065482272000,277.964884,-1.83677528526273,-8.42950795135468,-1.10940978942939,-1.1667526,-0.6093381,0.6020077,324.52133,102.24747,-7.599683,WAL
2065487358000,277.96997,-2.0217283224959,-8.58946797536946,-0.934454155829228,-1.2247849,-0.58368176,0.6719518,324.35883,102.50623,-7.733155,WAL
2065492284000,277.974896,-2.13794024657774,-8.64771773926589,-0.840168727601986,-1.2718215,-0.59528816,0.729984,324.2119,102.78729,-7.9226503,WAL
2065497283000,277.979895,-2.22650173431993,-8.66170092201344,-0.779574043394022,-1.3002267,-0.625526,0.7870999,324.0739,103.07958,-8.124011,WAL
2065502410000,277.985022,-2.26942293659685,-8.76617353161639,-0.806149452865017,-1.325883,-0.6817256,0.8390234,323.94684,103.39285,-8.373055,WAL
2065507316000,277.989928,-2.28354768374587,-8.91683822226676,-0.881481778524902,-1.3344351,-0.7171558,0.86315256,323.8223,103.70314,-8.622084,WAL
2065512305000,277.994917,-2.25622184169622,-9.09510734963554,-0.954298825120173,-1.3356569,-0.79320854,0.8775079,323.67474,104.02826,-8.904532,WAL
2065517295000,277.999907,-2.20444189163712,-9.28810587258668,-1.02490798376872,-1.3322971,-0.8689558,0.9016371,323.52344,104.34942,-9.18867,WAL
2065522313000,278.004925,-2.11209762566345,-9.5803602949011,-1.05059222741278,-1.3249667,-0.945314,0.91507614,323.3531,104.66265,-9.465475,WAL
2065527305000,278.009917,-1.99330370474108,-9.93674151187755,-1.04584047454527,-1.312444,-1.0143417,0.91751957,323.169,104.96586,-9.739871,WAL
2065532290000,278.014902,-1.85960928351356,-10.3250241535924,-0.964509631167522,-1.2892311,-1.0751228,0.91415983,322.942,105.29034,-10.029379,WAL
2065537358000,278.01997,-1.71282923772911,-10.7431248647361,-0.826625337289223,-1.2547172,-1.1154399,0.8958339,322.70673,105.59613,-10.307444,WAL
2065542354000,278.024966,-1.588648161991,-11.1401588139851,-0.593503354785198,-1.1976013,-1.1511755,0.88422745,322.43127,105.87956,-10.5720215,WAL
2065547344000,278.029956,-1.49360195577306,-11.5153417292997,-0.223323146654768,-1.1334605,-1.2043208,0.86009824,322.1448,106.13855,-10.821268,WAL
2065552316000,278.034928,-1.39173329494024,-11.7572224569721,0.0349667879966135,-1.0525209,-1.2739595,0.84116143,321.82986,106.35408,-11.049423,WAL
2065557325000,278.039937,-1.28184132288845,-11.8671141296813,0.183082018472012,-0.94897914,-1.3542882,0.8164214,321.50296,106.538635,-11.264089,WAL
2065562306000,278.044918,-1.10023915941358,-11.9186387102623,0.119525336331018,-0.79320854,-1.4242324,0.8173377,321.1664,106.66209,-11.473211,WAL
2065567399000,278.050011,-0.836795678356482,-11.9092303162616,-0.172144215842014,-0.5662721,-1.4352279,0.82619524,320.83017,106.74323,-11.670762,WAL
2065572329000,278.054941,-0.524633318184274,-11.9281020930444,-0.580522459745968,-0.28099802,-1.361924,0.8445212,320.49826,106.772736,-11.8587055,WAL
2065577326000,278.059938,-0.129055200693548,-11.9859912298387,-1.16906547274194,0.014966198,-1.1921035,0.82833326,320.1959,106.75016,-12.026602,WAL
2065582277000,278.064889,0.288271190095597,-11.9102518239842,-1.69796770892807,0.30818152,-0.9288206,0.79076505,319.8957,106.721,-12.179235,WAL
2065587355000,278.069967,0.751336502418403,-11.6489184209484,-2.16561785347412,0.5299256,-0.6218608,0.7079928,319.65945,106.63818,-12.296328,WAL
2065592241000,278.074853,1.20553776361166,-11.3657635551259,-2.59792879049012,0.59895337,-0.32528573,0.6041457,319.45248,106.53395,-12.323965,WAL
2065597318000,278.07993,1.69840850929042,-10.9948401316752,-3.00442007681053,0.516792,-0.087964594,0.45937067,319.31543,106.39422,-12.301793,WAL
2065602262000,278.084874,2.06013581824922,-10.8001233635586,-3.30421127282578,0.33017266,0.012217305,0.3295618,319.17828,106.2543,-12.189144,WAL
2065607327000,278.089939,2.23994336639103,-10.8692800387796,-3.45635615087919,0.0888809,0.15882497,0.18112154,319.11676,106.109314,-12.01789,WAL
2065612237000,278.094849,2.30049097066667,-11.0514196260741,-3.45860352663704,-0.02687807,0.18600847,0.11148291,319.01718,105.96429,-11.774408,WAL
2065617307000,278.099919,2.060716024,-11.5453558008889,-3.07496366204444,-0.24862215,0.105374254,-0.017104227,318.91806,105.849655,-11.475727,WAL
2065622270000,278.104882,1.74108729718706,-11.9594750058268,-2.6471836387181,-0.46761733,-0.044593163,-0.14508049,318.78384,105.76134,-11.148854,WAL
2065627345000,278.109957,1.16492989915612,-12.179196401748,-2.05637818161543,-0.6221663,-0.19822577,-0.24281894,318.62115,105.69727,-10.805679,WAL
2065632292000,278.114904,0.609335364239709,-12.2914822705125,-1.56281092184262,-0.7174612,-0.3145956,-0.3222314,318.43555,105.64233,-10.483914,WAL
2065637389000,278.120001,0.0534515010025203,-12.1274505051806,-1.28031261097732,-0.72021013,-0.35033122,-0.35796702,318.229,105.601944,-10.158583,WAL
2065642331000,278.124943,-0.456135680394763,-11.9588681695871,-1.02757309947231,-0.6267477,-0.2932153,-0.3454443,318.05032,105.56241,-9.925658,WAL
2065647349000,278.129961,-0.785222952555891,-11.7265716592145,-0.906585107093655,-0.45814893,-0.15790866,-0.2996294,317.88678,105.51231,-9.694884,WAL
2065652451000,278.135063,-1.02336785957225,-11.6444018311598,-0.720809984980003,-0.25503623,-0.0076358155,-0.23060162,317.7761,105.476875,-9.574262,WAL
2065657442000,278.140054,-0.794809219300991,-12.3009882322205,-0.238759062203095,-0.056505036,0.10842858,-0.16157386,317.6986,105.414795,-9.463146,WAL
2065662297000,278.144909,-0.572478584454877,-12.9396832787341,0.230156431702313,0.124005646,0.18173242,-0.09896017,317.6649,105.35501,-9.429408,WAL
2065667348000,278.14996,-0.259589922409254,-13.5888949262066,0.697109036422018,0.2706133,0.23426682,-0.09254608,317.65994,105.262245,-9.394782,WAL
2065672250000,278.154862,0.0587481866613482,-14.2162081874751,1.14652754449541,0.41416663,0.25442538,-0.13072516,317.66873,105.13543,-9.36398,WAL
2065677342000,278.159954,0.396747598406498,-14.6948424643202,1.24540253070973,0.5748242,0.19303341,-0.21074851,317.67004,104.86571,-9.273348,WAL
2065682261000,278.164873,0.724711093235351,-15.1230171094566,1.26817775755173,0.71868294,0.10873401,-0.29138273,317.66943,104.567024,-9.174342,WAL
2065687403000,278.170015,1.07683994078286,-15.2763044049454,1.01267661160677,0.8790351,0.0421497,-0.37323865,317.64642,104.13219,-9.002533,WAL
2065692246000,278.174858,1.41114707700471,-15.3366656680348,0.69229892080889,1.047023,0.03634648,-0.47433686,317.61386,103.65601,-8.807638,WAL
2065697324000,278.179936,1.54887221716425,-15.1613348180116,0.510453522865307,1.2250903,0.07819075,-0.57818395,317.5572,103.09549,-8.538958,WAL
2065702382000,278.184994,1.62046472103656,-14.9131469463001,0.376814175658686,1.3946054,0.129198,-0.6918049,317.50046,102.49304,-8.244803,WAL
2065707409000,278.190021,1.43719129803272,-14.4905612905363,0.420403776202112,1.5470163,0.14630222,-0.8194757,317.4304,101.84807,-7.872022,WAL
2065712274000,278.194886,1.18151398849658,-14.0274478462415,0.516885803371299,1.6077974,0.16462818,-0.8872818,317.37854,101.19093,-7.4902935,WAL
2065717352000,278.199964,0.765935358489926,-13.3821891017355,0.58720079619988,1.7476854,0.16890424,-1.0125091,317.31833,100.47745,-7.060647,WAL
2065722295000,278.204907,0.326832181962896,-12.7164518994614,0.648580816696589,1.9431623,0.17959438,-1.1181889,317.26953,99.745316,-6.625646,WAL
2065727340000,278.209952,-0.233070590387373,-12.1269248122884,0.742130061173073,2.1994202,0.20647246,-1.1863003,317.2383,98.99133,-6.2157044,WAL
2065732306000,278.214918,-0.810856644498108,-11.5680826635132,0.841585016500697,2.4840834,0.25167647,-1.2406673,317.2188,98.19157,-5.7879677,WAL
2065737376000,278.219988,-1.40842839507583,-11.3519246233716,0.952522651234688,2.7834074,0.2706133,-1.2996159,317.21857,97.3994,-5.4251432,WAL
2065742342000,278.224954,-1.99562653772604,-11.2270871273576,1.06348923925724,3.0549371,0.26389378,-1.3530666,317.23016,96.5792,-5.056648,WAL
2065747343000,278.229955,-2.60431057062312,-11.5048356824147,0.806553900215806,3.2775974,0.22357668,-1.4065173,317.25916,95.82953,-4.787748,WAL
2065752454000,278.235066,-3.23238594365704,-11.9283108740157,0.416385824199475,3.4153476,0.23151793,-1.4532484,317.309,95.11644,-4.5141654,WAL
2065757342000,278.239954,-3.78498465886045,-12.4038345037756,-0.315293580937531,3.4513886,0.33353242,-1.4856243,317.3997,94.597496,-4.3553987,WAL
2065762344000,278.244956,-4.32992624158086,-12.9205891272923,-1.21726588589389,3.4074063,0.5338962,-1.4770721,317.53253,94.23992,-4.2050157,WAL
2065767341000,278.249953,-4.95867081711978,-13.3678011763199,-1.89406064351852,3.2968397,0.77549344,-1.4343116,317.72583,85.7659,-4.227348,WAL
2065772347000,278.254959,-5.63396961536643,-13.7786477186761,-2.45130028888889,3.1581733,0.9615019,-1.3600914,317.96973,85.62229,-4.2671556,WAL
2065777340000,278.259952,-6.25881424651163,-14.0734146182171,-2.7047055124031,2.9862146,1.0173961,-1.2971723,318.24704,85.31776,-4.4406953,WAL
2065782332000,278.264944,-6.85372500097919,-14.2977251788046,-2.7729739128927,2.8011227,0.9272934,-1.2357804,318.53802,84.98205,-4.628176,WAL
2065787428000,278.27004,-7.37165977204545,-14.5283642477273,-2.70364130045455,2.640465,0.7330383,-1.1484267,318.8309,84.59596,-4.8883457,WAL
2065792342000,278.274954,-7.82738330657115,-14.7515758997036,-2.56878433962451,2.4706445,0.49693888,-1.0937542,319.0856,84.23136,-5.1419034,WAL
2065797330000,278.279942,-8.2184079983893,-14.8640439125342,-2.29692563248731,2.3845124,0.2828306,-1.0855075,319.31262,83.831604,-5.4053936,WAL
2065802475000,278.285087,-8.57915089886763,-14.9121429324483,-1.9361827822335,2.3051,0.02443461,-1.1386528,319.46094,83.4637,-5.650275,WAL
2065807340000,278.289952,-8.61241919855845,-14.5591161836493,-1.57887201305292,2.2745566,-0.13133603,-1.1765264,319.6026,83.04918,-5.9159784,WAL
2065812345000,278.294957,-8.43731288882307,-13.9249459170616,-1.20026283819115,2.2879958,-0.47494772,-1.2461652,319.62036,82.6691,-6.136852,WAL
2065817335000,278.299947,-7.8610653992499,-13.6628067860245,-1.07129419380182,2.3716843,-0.75502944,-1.2635747,319.64023,82.21695,-6.3849707,WAL
2065822348000,278.30496,-6.96552486185353,-13.6912367103237,-1.13763055189499,2.4813347,-0.89827734,-1.3246613,319.60794,81.79265,-6.5836945,WAL
2065827336000,278.309948,-6.20299736174097,-13.6838159853742,-1.88146780759532,2.3839016,-0.8582657,-1.4126259,319.56583,81.37822,-6.7410135,WAL
2065832331000,278.314943,-5.55160749322171,-13.6452148228767,-3.21802354922332,2.1184807,-0.35063666,-1.4450017,319.62546,80.98083,-6.899547,WAL
2065837436000,278.320048,-4.7571959179905,-13.3418125798662,-3.81320196541558,1.7308867,0.3378085,-1.5066991,319.71463,80.76974,-6.896847,WAL
2065842343000,278.324955,-3.89580987820774,-12.8495920808845,-3.79952908652895,1.4333953,0.8924741,-1.5396858,319.91446,80.59338,-6.905078,WAL
2065847355000,278.329967,-3.00236995852827,-12.3524986281676,-3.40222123206628,1.391551,1.2434162,-1.5021176,320.17148,80.64762,-6.7580514,WAL
2065852443000,278.335055,-2.08102514917154,-11.8538324761209,-2.59485729288499,1.5201381,1.4248432,-1.4437801,320.53363,80.72353,-6.6247387,WAL
2065857334000,278.339946,-1.30846812165592,-11.4907283073872,-1.91203207882995,1.7180585,1.5076154,-1.3726143,320.9202,80.86793,-6.400348,WAL
2065862343000,278.344955,-0.661571690193356,-11.2671684670302,-1.33172788106098,1.8823812,1.5552629,-1.3539828,321.34097,80.9821,-6.189939,WAL
2065867294000,278.349906,-0.114973552235572,-11.1107178677369,-0.908854427092771,2.0152445,1.6084082,-1.4040737,321.7584,81.0521,-5.9214325,WAL
2065872347000,278.354959,0.309179766397479,-11.0439972674808,-0.694394885641127,2.110234,1.6523905,-1.455081,322.1777,81.07526,-5.670456,WAL
2065877269000,278.359881,0.665144006494671,-10.9930246413985,-0.59363514204602,2.1991148,1.7201965,-1.4819591,322.59912,81.043045,-5.338293,WAL
2065882331000,278.364943,0.935565031935452,-10.9640508808646,-0.670898284968622,2.269059,1.8237382,-1.5015068,323.03748,80.97395,-5.01243,WAL
2065887295000,278.369907,1.1259640076308,-10.8618402817374,-0.939941368677196,2.232407,1.890017,-1.4740179,323.4688,80.88718,-4.632692,WAL
2065892348000,278.37496,1.19284283200395,-10.6325418258638,-1.54185078803554,2.1838431,2.0167716,-1.4248432,323.9394,80.75665,-4.2784457,WAL
2065897261000,278.379873,1.16168906621536,-10.3664098458732,-1.95859254976827,2.116648,2.127949,-1.3625349,324.40076,80.62534,-3.8902361,WAL
2065902337000,278.384949,0.941183576827729,-10.0068897949906,-2.059258123972,2.0448713,2.286163,-1.2699889,324.89996,80.473206,-3.550436,WAL
2065907243000,278.389855,0.684403006766923,-9.6662612981107,-2.20575880563942,1.9804251,2.3212879,-1.221425,325.36328,80.375015,-3.1825318,WAL
2065912311000,278.394923,0.320377057699801,-9.3298828422102,-2.46841039561379,1.9401081,2.3386977,-1.1294898,325.85056,80.25821,-2.875343,WAL
2065917270000,278.399882,-0.0346054631770574,-8.97989218703242,-2.71814138229426,1.8490891,2.3863451,-1.0549643,326.37054,80.12506,-2.5986478,WAL
2065922320000,278.404932,-0.391397212589983,-8.54269620303408,-2.94427706600166,1.777007,2.4394903,-0.98563105,326.88333,79.98111,-2.36179,WAL
2065927274000,278.409886,-0.728820141928829,-8.14771663424446,-3.11334638829293,1.7235563,2.4541512,-0.91446525,327.42737,79.82698,-2.166581,WAL
2065932296000,278.414908,-1.03886868354822,-7.83353446085611,-3.15055218220732,1.6875153,2.3970351,-0.8597928,327.95523,79.680466,-1.9962957,WAL
2065937704000,278.420316,-1.3705163241012,-7.48876524491789,-3.18819255690191,1.6303993,2.3316727,-0.83169305,328.52036,79.53487,-1.8583918,WAL
2065942312000,278.424924,-1.6055625195739,-7.05784734771416,-3.16860538672881,1.5916094,2.277611,-0.8042041,329.06357,79.39088,-1.7421212,WAL
2065947350000,278.429962,-1.83804563240474,-6.60368246961496,-3.15638541632673,1.5738943,2.2223277,-0.77854776,329.62457,79.22073,-1.6737673,WAL
2065952323000,278.434935,-1.94702835098995,-6.2388271006069,-3.18955400527311,1.5375478,2.1777346,-0.7519751,330.16727,79.067665,-1.6186404,WAL
2065957300000,278.439912,-2.05111837104611,-5.88160183300942,-3.19458622017848,1.4880677,2.1615467,-0.7302894,330.73102,78.888916,-1.6025286,WAL
2065962309000,278.444921,-2.1272238803173,-5.56766686802181,-3.03761876251859,1.4535538,2.130698,-0.72051555,331.27377,78.71895,-1.5945358,WAL
2065967307000,278.449919,-2.19431302026415,-5.26934748688422,-2.8892242295093,1.378112,2.1010711,-0.71593404,331.8281,78.555725,-1.6059653,WAL
2065972345000,278.454957,-2.20361561708281,-5.06701583608888,-2.7938725149812,1.2913691,2.072971,-0.7125743,332.37076,78.40842,-1.6250691,WAL
2065977350000,278.459962,-2.21285727986118,-4.86600950178348,-2.69914537500241,1.217149,2.0912971,-0.6927212,332.9384,78.23543,-1.6724014,WAL
2065982325000,278.464937,-2.22204354805746,-4.66620800065073,-2.60498603006845,1.1395692,2.1673498,-0.72234815,333.5144,78.09273,-1.7152593,WAL
2065987630000,278.470242,-2.23609387061829,-4.45104731977517,-2.4856339444558,1.0577132,2.1905627,-0.75869465,334.0842,77.96382,-1.7563677,WAL
2065992345000,278.474957,-2.32838745380685,-4.22031328952478,-2.02416598032703,0.94225967,2.1539109,-0.80481493,334.65814,77.86994,-1.7936915,WAL
2065997416000,278.480028,-2.42964008791341,-3.96035798742233,-1.51651490138104,0.8060367,2.0882428,-0.84665924,335.25412,77.75215,-1.8364853,WAL
2066002371000,278.484983,-2.5675574327721,-3.47526939687312,-0.798393564630186,0.63621616,2.069917,-0.87109387,335.8521,77.67879,-1.8786085,WAL
2066007525000,278.490137,-2.70618930093132,-2.99467525692666,-0.0828800778812573,0.54519725,2.0500638,-0.8585711,336.47186,77.51818,-1.9550906,WAL
2066012342000,278.494954,-2.77779427696934,-2.83356417766783,0.208014953855258,0.33505958,2.0387628,-0.84879726,337.08804,77.44054,-2.0303066,WAL
2066017672000,278.500284,-2.85309900180699,-2.66018119285017,0.52918730263528,0.26939157,2.0140228,-0.8335256,337.73257,77.132454,-2.1874084,WAL
2066022347000,278.504959,-2.83560656554014,-2.61207727851143,0.795945076663411,0.11362094,1.9779817,-0.79443026,338.36642,76.90835,-2.3611338,WAL
2066027299000,278.509911,-2.81707767903887,-2.56112314293807,1.07850860543075,-0.03390302,1.9165897,-0.7809912,338.99683,76.539635,-2.5706055,WAL
2066032334000,278.514946,-2.80682592381657,-2.51760925147929,1.14948601612426,-0.16340645,1.8387043,-0.75747293,339.6082,76.21366,-2.7992465,WAL
2066037300000,278.519912,-2.79744561997041,-2.47539766378698,1.20107800561144,-0.321926,1.7421877,-0.72326446,340.1943,75.94056,-3.036716,WAL
2066042343000,278.524955,-2.72355897451058,-2.36365639311339,1.15095463093511,-0.43249258,1.6389514,-0.68783426,340.79904,75.63713,-3.261905,WAL
2066047266000,278.529878,-2.64391160528669,-2.246527788095,1.09004773284309,-0.5546656,1.5439619,-0.65087694,341.37457,75.383514,-3.4974897,WAL
2066052372000,278.534984,-2.53527797798411,-2.15763796209438,0.946956159031301,-0.66737026,1.4401149,-0.61178154,341.9362,75.1367,-3.7243168,WAL
2066057253000,278.539865,-2.42789158615871,-2.07709814486455,0.799299858590983,-0.77304995,1.3316863,-0.5681047,342.46487,74.92237,-3.960545,WAL
2066062343000,278.544955,-2.30340576814695,-2.06287389043197,0.658050707438434,-0.8775079,1.2425,-0.5314528,342.98096,74.74773,-4.1675916,WAL
2066067261000,278.549873,-2.17981198070246,-2.06762749382317,0.524949738029875,-0.9737192,1.1438452,-0.48991394,343.4584,74.597725,-4.3834095,WAL
2066072292000,278.554904,-2.10600957563107,-2.13236897699029,0.47923550138835,-1.0821478,1.0497719,-0.44409904,343.91718,74.51096,-4.559268,WAL
2066077246000,278.559858,-2.04612937520388,-2.21067382487379,0.456204682448544,-1.1707232,0.94714653,-0.39400807,344.34036,74.440384,-4.7431955,WAL
2066082291000,278.564903,-2.02284853613306,-2.36893373679834,0.565344185923077,-1.2886202,0.8356637,-0.34513888,344.73267,74.44218,-4.8879743,WAL
2066087320000,278.569932,-2.01283570303534,-2.55417135821206,0.720543187807692,-1.3912456,0.7247916,-0.29626966,345.0906,74.45608,-5.041545,WAL
2066092312000,278.574924,-2.04675529354258,-2.80740979478209,1.06366498111755,-1.4996742,0.5849035,-0.25350907,345.40854,74.51755,-5.173068,WAL
2066097368000,278.57998,-2.0903162410036,-3.07845516223511,1.45087275720712,-1.6096299,0.5009095,-0.2098322,345.70563,74.59719,-5.31551,WAL
2066102316000,278.584928,-2.14323392231884,-3.4472571894686,1.86513632405797,-1.7354681,0.310625,-0.18784106,345.93216,74.69117,-5.4442983,WAL
2066107281000,278.589893,-2.19836297971014,-3.83775496714976,2.28779281449275,-1.7941113,0.129198,-0.13805555,346.13113,74.7835,-5.5870667,WAL
2066112307000,278.594919,-2.32658575764994,-4.45614570101999,2.89952580881273,-1.9144517,-0.061391957,-0.06841691,346.32394,74.88129,-5.712887,WAL
2066117283000,278.599895,-2.47726704675643,-5.14150285956752,3.5654400746634,-2.0152445,-0.23976462,0.03756821,346.4618,74.975624,-5.8493295,WAL
2066122314000,278.604926,-2.56966929712016,-6.50110104860973,4.33817269426018,-2.107485,-0.38148534,0.19486602,346.57867,75.05623,-6.0084057,WAL
2066127309000,278.609921,-2.64567514170804,-8.02596765461768,5.13148325692155,-2.134974,-0.44623706,0.3213151,346.66058,75.13346,-6.177236,WAL
2066132304000,278.614916,-2.34668470396393,-10.3983624566974,6.16486847905317,-2.085494,-0.42485678,0.5103779,346.7328,75.1804,-6.4313397,WAL
2066137389000,278.620001,-1.93499716207026,-13.0560339333083,7.28557362934435,-1.9043725,-0.23090707,0.64873886,346.82748,75.18464,-6.705403,WAL
2066142341000,278.624953,-0.92160349719273,-14.7553191135505,8.7830162323196,-1.5305228,0.015271631,0.7351763,346.9398,75.03254,-6.988362,WAL
2066147441000,278.630053,0.440726178891488,-16.042940626957,10.5364663492892,-0.8127562,0.17165314,0.68539083,347.07373,74.756584,-7.2643337,WAL
2066152311000,278.634923,1.92994875162713,-17.0456688883057,11.6067764010078,0.23243423,0.20341812,0.36468655,347.20868,74.39282,-7.31233,WAL
2066157297000,278.639909,3.69939384138148,-17.777507017426,11.9175566178879,1.1053606,0.26419923,-0.03268129,347.39395,73.93466,-7.3305287,WAL
2066162287000,278.644899,4.93928326962875,-18.3080897440758,11.4260945805687,1.5580118,0.52503866,-0.34697145,347.47293,73.456474,-7.070097,WAL
2066167299000,278.649911,5.69282138649289,-18.6540543270142,10.1891549526066,1.6569719,0.9746355,-0.49632803,347.64432,72.877975,-6.7838883,WAL
2066172301000,278.654913,5.77783347830508,-18.2426486644068,8.96765699661017,1.5454891,1.378112,-0.5873469,347.76462,72.409035,-6.2090373,WAL
2066177323000,278.659935,5.18324279798604,-17.0582612859422,7.75450001714855,1.3313808,1.6282613,-0.6600399,347.99927,71.92803,-5.6666365,WAL
2066182302000,278.664914,4.42646587097977,-15.5339790589168,6.80266121003076,1.0922271,1.6942347,-0.6966918,348.2837,71.639626,-5.037521,WAL
2066187325000,278.669937,3.48922356581523,-13.6325883630092,6.10309268332246,0.8371908,1.5870279,-0.7012733,348.60248,71.38852,-4.450159,WAL
2066192244000,278.674856,2.52563820058298,-11.7097326828605,5.47492977065682,0.6224717,1.430341,-0.70921457,348.99542,71.21953,-3.9572122,WAL
2066197394000,278.680006,1.42344928151963,-9.57244465332297,4.93341953017878,0.4288274,1.3387111,-0.70524395,349.36884,71.099785,-3.4903402,WAL
2066202317000,278.684929,0.420330181004386,-7.75680205377316,4.51472141826157,0.34574974,1.1688906,-0.6844745,349.73065,70.97394,-3.164156,WAL
2066207310000,278.689922,-0.474285576859726,-6.46838426046012,4.33066172073225,0.1685988,0.9944886,-0.6178902,350.05194,70.92098,-2.8546913,WAL
2066212410000,278.695022,-1.38795774408901,-5.20996954137691,4.14186223574409,-0.027488936,0.83260936,-0.50335294,350.3789,70.84045,-2.712259,WAL
2066217290000,278.699902,-2.26081143453209,-4.70854285113253,3.95150587572025,-0.23396139,0.7147123,-0.3399465,350.65384,70.807396,-2.5935926,WAL
2066222481000,278.705093,-3.1697894,-4.23089963255814,3.74764942418605,-0.43676865,0.6637051,-0.1432479,350.93524,70.760864,-2.6533349,WAL
2066227306000,278.709918,-3.78254386808511,-4.45039392003958,3.54187375050965,-0.6411031,0.6722572,0.06627888,351.1824,70.764404,-2.7570996,WAL
2066232591000,278.715203,-4.41972521495413,-4.72838081431193,3.3424366157156,-0.8347474,0.6270532,0.23884831,351.4278,70.785095,-3.0229168,WAL
2066237357000,278.719969,-4.59978513220184,-5.41512031302752,3.46387224065138,-0.99204516,0.4560109,0.3848451,351.62308,70.838135,-3.3280425,WAL
2066242304000,278.724916,-4.78668324605505,-6.12794035082569,3.58991966754128,-1.1016954,0.13164146,0.4728097,351.7906,70.93503,-3.7294743,WAL
2066247409000,278.730021,-4.74152557642567,-9.31616143369418,4.0163531452832,-1.1087204,-0.35124752,0.516792,351.85922,71.028275,-4.126911,WAL
2066252315000,278.734927,-4.6552415740866,-12.8220096136671,4.47956096420839,-0.990518,-0.91629785,0.5345071,351.81235,71.099495,-4.502285,WAL
2066257386000,278.739998,-4.83244020694225,-14.783748403481,4.07737649214794,-0.75777835,-1.4428637,0.548557,351.66235,71.13957,-4.8586593,WAL
2066262243000,278.744855,-5.07623677437698,-16.2005283868671,3.44718530519185,-0.4709771,-1.7244726,0.5656612,351.42795,71.11968,-5.1867037,WAL
2066267345000,278.749957,-4.90003055970989,-17.1367058656009,3.09680127018946,-0.16126843,-1.7489072,0.5635232,351.1433,71.13905,-5.386412,WAL
2066272293000,278.754905,-4.5820662889777,-17.8568014787843,2.86300397352477,0.19883664,-1.6438384,0.5488624,350.8263,71.063225,-5.5616307,WAL
2066277346000,278.759958,-3.78321781503333,-17.6660401439658,2.15409257563427,0.66859204,-1.473407,0.5216789,350.54877,71.0028,-5.7313333,WAL
2066282315000,278.764927,-2.81736573331012,-17.1262997604218,1.27819733985673,1.0882565,-1.3796391,0.4370741,350.29318,70.8613,-5.87338,WAL
2066287360000,278.769972,-1.80971312865934,-14.8581490887113,-0.0519635247652348,1.2675453,-1.3814718,0.1563815,350.0639,70.7514,-5.897366,WAL
2066292298000,278.77491,-0.812885254725275,-11.9668755994006,-1.52594601733267,1.1227703,-1.3900238,-0.20708331,349.87927,70.63411,-5.8782477,WAL
2066297396000,278.780008,-0.457746456579721,-9.40626482708906,-2.33615222635872,0.7263188,-1.3057245,-0.41233405,349.65533,70.63878,-5.7313175,WAL
2066302386000,278.784998,-0.376157850395523,-7.06739129204211,-2.84834739936451,0.41080686,-0.88331115,-0.47555858,349.5425,70.679886,-5.558318,WAL
2066307343000,278.789955,-0.397780295949367,-5.34867256166076,-2.77445763967595,-0.32436943,-0.5864306,-0.5656612,349.36066,71.02183,-5.249694,WAL
2066312342000,278.794954,-0.485045117974684,-4.00091543283038,-2.32843744383797,-0.9957104,-0.57360244,-0.54519725,349.2093,71.42782,-4.9698296,WAL
2066317344000,278.799956,-0.722565200706478,-3.26596826308704,-1.7964461475,-1.4385877,-0.7309003,-0.43860126,349.08774,71.93569,-4.729068,WAL
2066322362000,278.804974,-1.04845385749595,-2.8865755165081,-1.2127649325,-1.7165314,-0.98746365,-0.28527406,348.93192,72.5752,-4.5021124,WAL
2066327344000,278.809956,-1.37839508169028,-2.76125742892636,-1.3006234098184,-1.9190332,-1.3213016,-0.15424347,348.71484,73.21251,-4.3121734,WAL
2066332316000,278.814928,-1.7109746025444,-2.76600851178407,-1.73297676212333,-2.047315,-1.6462818,-0.048258353,348.41638,73.89167,-4.140571,WAL
2066337317000,278.819929,-1.96958447857837,-2.9657815421956,-2.33796275072863,-2.1099286,-1.8695531,0.058337633,348.07153,74.498634,-4.038424,WAL
2066342336000,278.824948,-2.18750029987856,-3.27319846157707,-3.03840633724903,-2.1157317,-1.9785925,0.17898351,347.65997,75.10789,-3.956264,WAL
2066347333000,278.829945,-2.42395153708485,-3.64885295892382,-3.73504434122401,-2.1355848,-2.0228803,0.30115658,347.22882,75.753,-3.9367828,WAL
2066352344000,278.834956,-2.75028112164186,-4.3440770840544,-4.43026836758648,-2.155438,-2.0372355,0.42546764,346.77036,76.37694,-3.9478607,WAL
2066357310000,278.839922,-3.0556086873159,-5.03473774466486,-5.06854006323014,-2.1700988,-2.0888536,0.54611355,346.29678,77.067604,-4.019169,WAL
2066362319000,278.844931,-3.25746717174632,-5.7412423648933,-5.41458327259794,-2.1502457,-2.1163425,0.63255095,345.82544,77.72457,-4.117268,WAL
2066367326000,278.849938,-3.39866891635802,-6.39513668409,-5.68013163516527,-2.1096232,-2.0690005,0.7131852,345.36404,78.429535,-4.2978835,WAL
2066372327000,278.854939,-3.20316531728395,-6.75753342214257,-5.49893311676623,-2.0491474,-1.9144517,0.7883216,344.9279,79.07972,-4.504693,WAL
2066377310000,278.859922,-2.98934544369724,-7.10966425278204,-5.28250103575403,-1.9843957,-1.7321084,0.883922,344.5045,79.7157,-4.779968,WAL
2066382342000,278.864954,-2.65648718805641,-7.41016164111665,-4.84331291273024,-1.9165897,-1.5329664,0.99204516,344.13388,80.269005,-5.085732,WAL
2066387408000,278.87002,-2.33182524658304,-7.73075512232815,-4.40398946414451,-1.8808541,-1.3478742,1.1227703,343.78372,80.749794,-5.4117355,WAL
2066392346000,278.874958,-2.14199970607125,-8.26226627897642,-4.01010163110888,-1.8606955,-1.205848,1.2327261,343.48343,81.13475,-5.765332,WAL
2066397404000,278.880016,-1.95514609055375,-8.82101588214392,-3.61334595161386,-1.8380935,-1.1450669,1.3448198,343.18768,81.41777,-6.1064305,WAL
2066402370000,278.884982,-1.8565647897937,-9.52986226137597,-3.29882472640411,-1.8124372,-1.0641272,1.3942999,342.94543,81.61554,-6.4618526,WAL
2066407499000,278.890111,-1.75355786329156,-10.2470179019006,-2.98127844698315,-1.7550159,-1.0280862,1.46852,342.6791,81.704155,-6.8285866,WAL
2066412341000,278.894953,-1.64195058710266,-10.7434778185742,-2.76960946658644,-1.6911805,-1.0595458,1.5008959,342.42438,81.72025,-7.192196,WAL
2066419618000,278.90223,-1.45684037680076,-11.4638460165949,-2.44280688357315,-1.6172657,-1.1194105,1.5302174,342.16266,81.66063,-7.541444,WAL
2066422301000,278.904913,-1.28951937217729,-11.5825901128033,-2.27278713770612,-1.5402967,-1.1557571,1.5479325,341.90515,81.54111,-7.889371,WAL
2066427274000,278.909886,-0.979386179485348,-11.8026849284739,-1.95765176827014,-1.5213599,-1.239751,1.5641204,341.59872,81.3955,-8.201985,WAL
2066432290000,278.914902,-0.631748293442447,-11.8992864963357,-1.87083956718781,-1.5021176,-1.2727377,1.5515977,341.3025,81.219635,-8.504143,WAL
2066437368000,278.91998,-0.265851375941958,-11.9468052929939,-1.87559147166308,-1.5409076,-1.2052372,1.5384641,341.01675,81.020775,-8.803148,WAL
2066442311000,278.924923,0.0078940748680936,-11.8905374721254,-1.93183590846192,-1.5741998,-1.071763,1.4950926,340.71426,80.85852,-9.031301,WAL
2066447302000,278.929914,0.245812659920358,-11.7858534209059,-2.01272821793927,-1.6300939,-0.8762862,1.4514158,340.45438,80.6911,-9.249768,WAL
2066452334000,278.934946,0.354273569522678,-11.7666653979006,-2.14813903874034,-1.6426166,-0.68783426,1.359786,340.20316,80.59278,-9.381922,WAL
2066457342000,278.939954,0.397019234993068,-11.7904129788077,-2.30962278728461,-1.606881,-0.49693888,1.2089024,340.0126,80.51313,-9.481108,WAL
2066462341000,278.944953,0.45079824078521,-11.7856275611757,-2.33622469208558,-1.5381587,-0.3203988,1.0076222,339.85034,99.50782,-9.507774,WAL
2066467357000,278.949969,0.510670212899875,-11.7656703621728,-2.29132065569173,-1.4779885,-0.17959438,0.8216137,339.733,99.50154,-9.493993,WAL
2066472345000,278.954957,0.717295160671368,-11.4138266091965,-2.51835968091171,-1.4123205,0.0027488936,0.698219,339.66382,99.47603,-9.446989,WAL
2066477339000,278.959951,0.978538745297448,-10.9388381382461,-2.84610163163174,-1.3231341,0.012217305,0.5357288,339.5817,99.39739,-9.3364525,WAL
2066482337000,278.964949,0.901276266539261,-10.4306606622438,-2.50385182747797,-1.3695599,-0.28863382,0.35430184,339.4367,99.28892,-9.184324,WAL
2066487388000,278.97,0.685734071780374,-9.90377969393009,-1.88596428285969,-1.4957036,-0.7690793,0.16982053,339.23636,99.14834,-8.990205,WAL
2066492345000,278.974957,0.369029123150346,-9.42001610187933,-1.6092114251731,-1.6450601,-1.0277808,0.008552114,338.9895,98.983475,-8.742532,WAL
2066497316000,278.979928,0.00644895096340259,-8.94913308704253,-1.47265530170129,-1.7638733,-1.4764613,-0.058337633,338.54346,98.82046,-8.478963,WAL
2066502330000,278.984942,-0.505065476283685,-8.45130361037066,-2.11047612945812,-1.8142698,-1.754405,-0.15760323,338.05774,98.641106,-8.203729,WAL
2066507315000,278.989927,-1.08562273732075,-7.94505767983267,-3.12761229956221,-1.8377881,-1.851838,-0.22266038,337.49564,98.47725,-7.9246216,WAL
2066512306000,278.994918,-1.37403211431678,-7.8197410513961,-3.38149870294539,-1.8093829,-1.8044959,-0.25137106,336.90225,98.3988,-7.718963,WAL
2066517296000,278.999908,-1.47558363267606,-7.93782415492958,-3.14769403464789,-1.7244726,-1.6267341,-0.25809056,336.32266,98.31876,-7.500065,WAL
2066522312000,279.004924,-1.5776642771831,-8.05652252112676,-2.9126711456338,-1.6441438,-1.4205672,-0.21074851,335.83057,98.48162,-7.4281783,WAL
2066527310000,279.009922,-1.67937860358784,-8.17479493624907,-2.67849164019274,-1.5891659,-1.2779301,-0.13744467,335.3711,98.66225,-7.359146,WAL
2066532262000,279.014874,-1.71161601503316,-8.38763829255711,-2.41988340493736,-1.5271631,-1.2180653,-0.035124753,334.93726,98.878456,-7.318778,WAL
2066537331000,279.019943,-1.68925750397937,-8.68277073185335,-2.13369422998342,-1.4474452,-1.2263119,0.04886922,334.5255,99.10785,-7.2914715,WAL
2066542306000,279.024918,-1.59860256662321,-8.92367331942634,-1.78618060391134,-1.4062119,-1.258077,0.111177474,334.11853,99.338844,-7.3159595,WAL
2066547308000,279.02992,-1.40082759517601,-9.09022078965667,-1.33337993415906,-1.3723087,-1.2660183,0.1414153,333.7198,99.568436,-7.3518453,WAL
2066552311000,279.034923,-1.19306517160593,-9.14649941790148,-0.958235835941129,-1.3515394,-1.2965615,0.183565,333.2828,99.75757,-7.3960366,WAL
2066557313000,279.039925,-0.977241792270725,-9.11292672306768,-0.646491013662395,-1.3362677,-1.3839152,0.22327125,332.83426,99.943344,-7.445966,WAL
2066562304000,279.044916,-0.762323892768615,-9.01536287381673,-0.427548753625451,-1.3350459,-1.4602734,0.24007004,332.3336,100.04479,-7.4647827,WAL
2066567293000,279.049905,-0.547839689011418,-8.86615686493608,-0.283005057020591,-1.3368785,-1.534188,0.2501493,331.82336,100.148254,-7.4905953,WAL
2066572307000,279.054919,-0.390194895968191,-8.68843544592445,-0.249042672005964,-1.3154984,-1.6181821,0.25289822,331.27133,100.22316,-7.5059233,WAL
2066577308000,279.05992,-0.290218184942346,-8.48372105198807,-0.32521541344831,-1.2791518,-1.6881261,0.25473082,330.7175,100.29554,-7.521,WAL
2066582310000,279.064922,-0.27296061738149,-8.33344329401806,-0.480731929503386,-1.2180653,-1.7308867,0.2648101,330.1335,100.35768,-7.528831,WAL
2066587407000,279.070019,-0.342426529341447,-8.23762817317696,-0.722664978938071,-1.1435398,-1.7128662,0.25503623,329.5621,100.40482,-7.5269833,WAL
2066592322000,279.074934,-0.409412002616547,-8.14523434956816,-0.955959257527726,-1.074512,-1.68385,0.26206118,328.98297,100.46697,-7.5317197,WAL
2066597327000,279.079939,-0.477624066450093,-8.05114867567965,-1.19352545576602,-1.0308352,-1.5827519,0.2593123,328.44357,100.51395,-7.522903,WAL
2066602313000,279.084925,-0.614345810892662,-8.00456810877768,-1.3430780199583,-0.95447695,-1.4428637,0.2761111,327.9234,100.56954,-7.533544,WAL
2066607344000,279.089956,-0.848767911017774,-8.02370474193228,-1.37178274489127,-0.89827734,-1.3026701,0.30482176,327.446,100.62076,-7.538673,WAL
2066612274000,279.094886,-1.07847560344367,-8.03133055413527,-1.38141625906706,-0.870483,-1.1542299,0.33292156,327.00842,100.73969,-7.572957,WAL
2066617347000,279.099959,-1.31483351132309,-8.02206142869408,-1.36287839532577,-0.87109387,-1.0277808,0.3830125,326.61658,100.8597,-7.612235,WAL
2066622242000,279.104854,-1.53523030092507,-8.0085962790626,-1.32875762217083,-0.8933904,-0.91874135,0.43249258,326.2775,101.02683,-7.701408,WAL
2066627343000,279.109955,-1.74612086685168,-7.98349027803474,-1.25343956665639,-0.9117164,-0.8197812,0.4746423,325.98135,101.19622,-7.7926035,WAL
2066632259000,279.114871,-1.91953321899142,-7.9417620693133,-1.20014245879828,-0.95294976,-0.7635816,0.5381723,325.73325,101.40285,-7.931683,WAL
2066637440000,279.120052,-2.04536759034335,-7.86432572746781,-1.18078334806867,-0.98654735,-0.7281514,0.61422503,325.5157,101.61559,-8.077106,WAL
2066642241000,279.124853,-2.11481207626463,-7.84347460231105,-1.19857562028367,-1.0421361,-0.72295904,0.679893,325.33075,101.85704,-8.261481,WAL
2066647344000,279.129956,-2.07603367976592,-7.94284406302321,-1.30279247546122,-1.0858129,-0.7415904,0.7476991,325.1575,102.11019,-8.460529,WAL
2066652307000,279.134919,-2.03831916245785,-8.0394873382563,-1.40415015765721,-1.1414018,-0.75533485,0.7993172,324.97504,102.43557,-8.724292,WAL
2066657346000,279.139958,-2.000027110732,-8.13761054274945,-1.5070599623289,-1.1933253,-0.79534656,0.8472701,324.7884,102.7706,-8.998686,WAL
2066662292000,279.144904,-1.94202382037857,-8.28986263989076,-1.59988405935587,-1.244027,-0.84940815,0.87689704,324.58527,103.13068,-9.290937,WAL
2066667345000,279.149957,-1.82809687145682,-8.59518679828609,-1.67279729334212,-1.2867876,-0.9184359,0.890947,324.374,103.49343,-9.584416,WAL
2066672313000,279.154925,-1.71953430699613,-8.91757760970527,-1.71442515212861,-1.3399329,-1.0027353,0.9016371,324.1223,103.87919,-9.872541,WAL
2066677342000,279.159954,-1.62872619746949,-9.36683893549668,-1.59016139178327,-1.3658947,-1.0928379,0.89827734,323.85577,104.25431,-10.153395,WAL
2066682333000,279.164945,-1.5352946183498,-9.81849119575099,-1.45816436468379,-1.3741413,-1.183246,0.874759,323.5502,104.6283,-10.41534,WAL
2066687380000,279.169992,-1.42066822160079,-10.310429566996,-1.27189645126482,-1.3704761,-1.2513574,0.8668178,323.23312,104.993935,-10.673467,WAL
2066692316000,279.174928,-1.31716492152869,-10.7804991053746,-1.07543379248765,-1.3402383,-1.282817,0.8622363,322.88348,105.32376,-10.911923,WAL
2066697327000,279.179939,-1.27845207898558,-11.1724667308662,-0.765731228995664,-1.3164146,-1.3109168,0.8185594,322.52127,105.63256,-11.130531,WAL
2066702356000,279.184968,-1.24179324388448,-11.5349402819164,-0.460332381175289,-1.2712106,-1.3399329,0.79381937,322.14996,105.886696,-11.322742,WAL
2066707349000,279.189961,-1.21892962984604,-11.7041312167926,-0.19054154452998,-1.2012665,-1.389413,0.75716746,321.77036,106.110985,-11.4938545,WAL
2066712490000,279.195102,-1.18575510390418,-11.8575091932291,0.0606556398812116,-1.1163563,-1.450805,0.7275405,321.35446,106.32714,-11.692264,WAL
2066717343000,279.199955,-1.03853278183726,-11.7516929438725,-0.0221569138794298,-0.9825767,-1.5085317,0.7119634,320.93365,106.50783,-11.878872,WAL
2066722597000,279.205209,-0.869097430562557,-11.6473858327854,-0.147773196920548,-0.81245077,-1.5323554,0.70952,320.5049,106.65569,-12.07601,WAL
2066727344000,279.209956,-0.599237000642922,-11.6722960946119,-0.679190665052055,-0.56046885,-1.4749341,0.6969972,320.08932,106.75145,-12.25692,WAL
2066732306000,279.214918,-0.317154116029224,-11.6983345861187,-1.23467696732055,-0.2648101,-1.2993103,0.68569624,319.68768,106.81602,-12.420704,WAL
2066737449000,279.220061,0.138505325849113,-11.6083826221821,-1.96375200363691,0.053450707,-1.0250319,0.6621779,319.3377,106.82128,-12.561911,WAL
2066742244000,279.224856,0.593986560244464,-11.5025640198377,-2.67227827750726,0.35063666,-0.6389651,0.61575216,319.07617,106.76838,-12.67156,WAL
2066747339000,279.229951,1.04846872779496,-11.2344078279449,-3.06546927451036,0.54550266,-0.26389378,0.5479461,318.8516,106.687904,-12.705173,WAL
2066752300000,279.234912,1.48479451235123,-10.9405553989317,-3.37267828132321,0.5919284,0.025961773,0.45265114,318.7162,106.567726,-12.700281,WAL
2066757346000,279.239958,1.80021212305037,-10.7579417643176,-3.43937280844842,0.46303585,0.172264,0.33108896,318.6089,106.43051,-12.577578,WAL
2066762300000,279.244912,2.05554378822096,-10.6278673208773,-3.40083221770918,0.24251351,0.18997909,0.2003638,318.54443,106.28448,-12.420957,WAL
2066767344000,279.249956,2.03594356664698,-10.855339979622,-3.17531762917897,-0.034208454,0.09590584,0.050396383,318.43524,106.16379,-12.191043,WAL
2066772325000,279.254937,1.91384723320536,-11.2122368675428,-2.88416493966332,-0.3005457,-0.06169739,-0.08979719,318.30734,106.06335,-11.934353,WAL
2066777340000,279.259952,1.56210264866587,-11.5677262690163,-2.51498153486659,-0.5323691,-0.20861048,-0.2098322,318.13318,105.97738,-11.627194,WAL
2066782331000,279.264943,1.11477120483871,-11.9198804758065,-2.11523856048387,-0.7180721,-0.32589662,-0.30482176,317.91815,105.92218,-11.300451,WAL
2066787419000,279.270031,0.559989673939575,-12.0454138914149,-1.66324469422674,-0.82986045,-0.36651915,-0.3494149,317.6877,105.88027,-10.985248,WAL
2066792328000,279.27494,-0.0165925377624887,-12.0688521759896,-1.20854167978861,-0.840856,-0.43554693,-0.3539964,317.41614,105.85719,-10.669806,WAL
2066797307000,279.279919,-0.744874184546464,-11.9555172562014,-0.736768845701592,-0.81092364,-0.48166725,-0.35216382,317.1612,105.85368,-10.424376,WAL
2066802406000,279.285018,-1.55844184474084,-11.7747245749722,-0.248628238258053,-0.70738196,-0.4810564,-0.31520647,316.9054,105.84983,-10.194541,WAL
2066807341000,279.289953,-1.80945031708655,-11.9486376045307,0.0970230560788297,-0.53878313,-0.4184427,-0.24617869,316.68948,105.84823,-10.076728,WAL
2066812345000,279.294957,-1.59038232387241,-12.43302139872,0.335563766578627,-0.36071593,-0.34605515,-0.16249016,316.48285,105.83282,-9.975256,WAL
2066817335000,279.299947,-1.37192723071922,-12.916050002438,0.573437096993092,-0.19730948,-0.26725355,-0.0842994,316.34103,105.833435,-10.035662,WAL
2066822351000,279.304963,-1.15233389459569,-13.40159538846,0.81254984756603,-0.049480084,-0.19333886,-0.026267206,316.22476,105.81031,-10.107978,WAL
2066827340000,279.309952,-0.863837654661965,-13.9405307842821,1.08052915316474,0.100792766,-0.11178834,-0.014966198,316.13287,105.76348,-10.187892,WAL
2066832321000,279.314933,-0.527399826337531,-14.5172808997481,1.36890438153149,0.26206118,-0.076052725,-0.05131268,316.05176,105.68635,-10.266952,WAL
2066837438000,279.32005,-0.17117655225284,-14.9284132288395,1.38695712750617,0.42913285,-0.11209377,-0.10842858,315.97168,105.45923,-10.253361,WAL
2066842341000,279.324953,0.176638887703704,-15.2113034962963,1.2339183962963,0.59131753,-0.16676621,-0.17073683,315.89493,105.197655,-10.227004,WAL
2066847338000,279.32995,0.503595950713453,-15.3729189957232,0.982295761982893,0.74067414,-0.19181168,-0.24465153,315.80087,104.82605,-10.125549,WAL
2066852380000,279.334992,0.813363953135692,-15.4433207632193,0.658447357052877,0.89949906,-0.16554448,-0.32162055,315.70435,104.41674,-10.007317,WAL
2066857342000,279.339954,1.04079316721696,-15.3832294708411,0.373124052786754,1.0671816,-0.09773844,-0.4025602,315.5936,103.94717,-9.813595,WAL
2066862346000,279.344958,1.19995688170362,-15.2053403748168,0.11565324420846,1.2275337,-0.037873644,-0.50701815,315.4868,103.43937,-9.594484,WAL
2066867327000,279.349939,1.28102527431579,-14.901393404812,-0.0712888884186466,1.387275,0.02076942,-0.6227771,315.38464,102.89119,-9.3047,WAL
2066872350000,279.354962,1.27620284182456,-14.4529027014536,-0.182206077493133,1.5399913,0.061391957,-0.7330383,315.29495,102.30628,-8.991609,WAL
2066877341000,279.359953,1.14122063980583,-13.9170534174757,-0.225473371747573,1.7183639,0.08674286,-0.85154617,315.2121,101.685074,-8.627682,WAL
2066882327000,279.364939,0.865962983252427,-13.2844430697816,-0.196498877603155,1.9382755,0.10415252,-0.9584476,315.14014,101.021065,-8.242775,WAL
2066887393000,279.370005,0.51816972531341,-12.5833998560062,-0.205785191777605,2.191479,0.11575896,-1.0494665,315.072,100.33066,-7.8450265,WAL
2066892343000,279.374955,0.113390281203183,-11.8428378775471,-0.251782857845915,2.4834726,0.16310102,-1.0809261,315.0234,99.60111,-7.4409013,WAL
2066897307000,279.379919,-0.352409861037932,-11.2779274812229,-0.283615536652199,2.6300802,0.25503623,-1.1337659,315.00085,98.890205,-7.0622983,WAL
2066902373000,279.384985,-0.906330268560106,-10.9345881505945,-0.297349100317041,2.939789,0.38515055,-1.1753048,315.0093,98.12558,-6.6844907,WAL
2066907316000,279.389928,-1.4815734073224,-10.7641061842027,-0.259765058591257,3.25469,0.54153204,-1.2049317,315.0668,97.45173,-6.388782,WAL
2066912360000,279.394972,-2.14388313147541,-10.9464809871833,-0.110985343780328,3.5466835,0.64904433,-1.2559389,315.15375,96.777466,-6.0833783,WAL
2066917254000,279.399866,-2.74743438238173,-11.2342811533442,-0.0678656579673736,3.7250562,0.69974613,-1.3182472,315.29053,96.27733,-5.904453,WAL
2066922343000,279.404955,-3.27912192609095,-11.8057211652732,-0.271596401492761,3.775758,0.7528914,-1.3637567,315.4676,95.8605,-5.7256064,WAL
2066927240000,279.409852,-3.76779185303759,-12.3338194624978,-0.469135562921789,3.7155879,0.8384125,-1.3891076,315.69012,95.708954,-5.6963153,WAL
2066932310000,279.414922,-4.22626026484946,-12.8355399061108,-0.676743942611794,3.5515707,0.8668178,-1.4001031,315.9215,84.313545,-5.6682262,WAL
2066937369000,279.419981,-4.69345350376723,-13.3255590425727,-0.892364798192956,3.3402112,0.79779,-1.3906348,316.16098,84.08467,-5.8026023,WAL
2066942341000,279.424953,-5.23305164367534,-13.7193196155181,-1.17431699449719,3.1074715,0.63529986,-1.3448198,316.3886,83.79732,-5.9425697,WAL
2066947315000,279.429927,-5.77294314579458,-14.1139676386306,-1.47258314566173,2.8915308,0.4156938,-1.2724323,316.58664,83.43236,-6.1394386,WAL
2066952436000,279.435048,-6.32927984581502,-14.5249549721002,-1.88357053146653,2.7302623,0.1966986,-1.1841623,316.7422,83.0528,-6.3437943,WAL
2066957330000,279.439942,-6.89171507615278,-14.9040751731645,-2.27573968080348,2.6053402,0.04642576,-1.1120802,316.86884,82.641785,-6.5924015,WAL
2066962339000,279.444951,-7.603720833396,-15.2315981496141,-2.67446306941421,2.5027149,0.035430185,-1.0955868,316.97745,82.2456,-6.835431,WAL
2066967318000,279.44993,-8.26667254473554,-15.4692505931784,-2.96773072560554,2.4190264,0.083383106,-1.1392636,317.07864,81.85321,-7.0989532,WAL
2066972346000,279.454958,-8.69987587839842,-15.245508321305,-2.72018610553633,2.3273966,-0.020158553,-1.244638,317.1383,81.50027,-7.3296146,WAL
2066977313000,279.459925,-8.9744908611418,-15.0367504309392,-2.44915803222836,2.3203716,-0.21105394,-1.3713925,317.213,81.15337,-7.541581,WAL
2066982343000,279.464955,-8.27365549576427,-14.9036805303867,-2.00559141915285,2.3393085,-0.49632803,-1.491122,317.2349,80.84997,-7.707012,WAL
2066987675000,279.470287,-7.51674880191693,-14.7414490941427,-1.57037601657082,2.2269092,-0.57635134,-1.5995506,317.2914,80.5313,-7.870962,WAL
2066992342000,279.474954,-6.50766139392971,-14.0750705796592,-2.05588034863685,1.8112154,-0.44409904,-1.6300939,317.3318,80.27694,-8.011347,WAL
2066997276000,279.479888,-5.45450479314443,-13.377088319137,-2.56425745481009,1.5705346,-0.1908954,-1.6398678,317.36578,80.07527,-8.060162,WAL
2067002310000,279.484922,-4.54105018013952,-12.7418221016708,-3.02513686833175,1.2800682,0.076052725,-1.5552629,317.44095,79.94111,-8.12563,WAL
2067007335000,279.489947,-3.62922868026871,-12.1076916402549,-3.48519230197227,1.2538009,0.44104472,-1.4398094,317.55713,79.95572,-8.037906,WAL
2067012303000,279.494915,-2.74723784355534,-11.6148720039667,-3.38050869742409,1.4141531,0.8414669,-1.328021,317.75458,79.96709,-7.9841995,WAL
2067017320000,279.499932,-1.86253598509305,-11.158403379236,-3.1028628561998,1.6554449,1.1591167,-1.2809844,318.027,79.95572,-7.9544253,WAL
2067022312000,279.504924,-1.17566365033786,-10.8714570108738,-2.46939540104854,1.8891008,1.3136657,-1.2760975,318.306,80.06681,-7.7911687,WAL
2067027307000,279.509919,-0.562617872881553,-10.6485316157282,-1.69844387187379,2.0610592,1.3753631,-1.3271047,318.64346,80.14198,-7.638005,WAL
2067032316000,279.514928,-0.0596744407209936,-10.537562985459,-1.19950591220842,2.1273382,1.4407257,-1.3744467,318.98352,80.247116,-7.4044833,WAL
2067037322000,279.519934,0.385707534191659,-10.4843107315965,-0.841263904513784,2.1551325,1.5225816,-1.3857478,319.3394,80.31898,-7.1788507,WAL
2067042308000,279.52492,0.696705271452115,-10.437628816334,-0.739765773466398,2.1960607,1.704314,-1.3811663,319.73883,80.35253,-6.880675,WAL
2067047306000,279.529918,0.946503682365867,-10.3938045658304,-0.757295473667826,2.2369885,1.8765781,-1.3658947,320.1524,80.358696,-6.598604,WAL
2067052319000,279.534931,1.10065981801262,-10.3079149350733,-0.857968769868435,2.2137756,1.9935588,-1.3417655,320.5904,80.35261,-6.263085,WAL
2067057315000,279.539927,1.15695494266767,-10.1799710570114,-1.04220734507434,2.1587977,2.0809124,-1.3096951,321.0613,80.31455,-5.955184,WAL
2067062307000,279.544919,1.10020715138196,-9.95286083715825,-1.15874967464578,2.0809124,2.0971005,-1.2513574,321.52716,80.27914,-5.6093626,WAL
2067067297000,279.549909,0.976230372345839,-9.66676086509679,-1.2350430503193,1.9807305,2.1090124,-1.1863003,322.0076,80.23078,-5.2937827,WAL
2067072320000,279.554932,0.788091617354154,-9.29354325338833,-1.57813582704773,1.9031507,2.1902573,-1.1108584,322.49432,80.180664,-4.990364,WAL
2067077344000,279.559956,0.561273101196229,-8.8682588408957,-2.08375203572972,1.8420641,2.3081543,-1.0201449,322.98285,80.12121,-4.7267437,WAL
2067082339000,279.564951,0.253177690027108,-8.48818468699799,-2.4367049186747,1.8011361,2.3512204,-0.9492846,323.47305,80.03138,-4.4902883,WAL
2067087445000,279.570057,-0.11994853514759,-8.12978680597389,-2.69200184277108,1.7614299,2.389705,-0.8866709,323.9828,79.9346,-4.294902,WAL
2067092341000,279.574953,-0.455918745136427,-7.79356843856801,-2.86693272045409,1.7198911,2.3310618,-0.86406887,324.47192,79.85997,-4.1128106,WAL
2067097323000,279.579935,-0.783752245012946,-7.45623261460864,-2.99996660705039,1.6997325,2.3020456,-0.8359691,324.9679,79.77504,-3.9634347,WAL
2067102377000,279.584989,-1.15171197048152,-6.8879605153141,-3.09925628378848,1.6899587,2.2553146,-0.8032878,325.472,79.6746,-3.8346446,WAL
2067107359000,279.589971,-1.53845119835955,-6.1743345662646,-3.17292094440799,1.6707164,2.2122486,-0.7602218,325.9589,79.57386,-3.7245562,WAL
2067112338000,279.59495,-1.79608061654785,-5.68028990004017,-3.11105926653278,1.6533068,2.1542163,-0.7180721,326.47086,79.451675,-3.634012,WAL
2067117336000,279.599948,-1.93546022747264,-5.38711215831911,-2.92361780560297,1.6136005,2.1300871,-0.6924158,326.97293,79.33678,-3.5582328,WAL
2067122347000,279.604959,-2.0091145878812,-5.11953637441698,-2.84229696156069,1.5641204,2.0949624,-0.6792821,327.50354,79.17909,-3.5339198,WAL
2067127344000,279.609956,-2.02342252178593,-4.87630124903329,-2.85660484566474,1.4908166,2.044566,-0.66645396,328.0178,79.037575,-3.521784,WAL
2067132317000,279.614929,-2.09604932697394,-4.65736976253454,-2.71975359958547,1.4205672,2.026851,-0.64965516,328.558,78.8542,-3.5402727,WAL
2067137398000,279.62001,-2.22571898446506,-4.45566128385314,-2.43640119376234,1.3466524,2.0427334,-0.63041294,329.08948,78.69205,-3.5691433,WAL
2067142342000,279.624954,-2.34756494391939,-4.24237893705947,-2.14814051032463,1.3041973,2.0216584,-0.6411031,329.6125,78.52967,-3.593786,WAL
2067147344000,279.629956,-2.4664550799861,-4.00935446303981,-1.84378199439095,1.217149,1.9969184,-0.6640105,330.1356,78.400246,-3.6273375,WAL
2067152367000,279.634979,-2.53055927564695,-3.72842249351569,-1.51891001891174,1.0903945,1.9559906,-0.6792821,330.68137,78.2305,-3.6878502,WAL
2067157347000,279.639959,-2.5352519811473,-3.39992938439437,-1.17633869528682,0.9315695,2.019215,-0.74220127,331.25092,78.10051,-3.7395875,WAL
2067162299000,279.644911,-2.54196635558604,-3.15406079547236,-0.799285137708742,0.72356987,2.0463986,-0.7684685,331.82898,77.94326,-3.827151,WAL
2067167346000,279.649958,-2.55143991685613,-3.00722049686398,-0.368237793261466,0.5531385,2.053118,-0.7556403,332.41797,77.82086,-3.9173186,WAL
2067172287000,279.654899,-2.57979550833333,-2.88104666516064,0.0559897000702811,0.38881573,2.017077,-0.7461719,333.02808,77.67587,-4.0190134,WAL
2067177341000,279.659953,-2.638110245,-2.77899595210843,0.49334975823494,0.23854288,1.9407189,-0.74372846,333.6257,77.57078,-4.127082,WAL
2067182263000,279.664875,-2.69264432922469,-2.71604661792593,0.833618218637037,0.07788532,1.8820758,-0.7302894,334.23343,77.399956,-4.2659535,WAL
2067187421000,279.670033,-2.74631040272593,-2.70628921022222,1.05803997128889,-0.0033597588,1.7742581,-0.7162395,334.80292,77.24539,-4.4051723,WAL
2067192242000,279.674854,-2.7670625238875,-2.70576523805625,1.2198603462435,-0.14263703,1.700038,-0.6914995,335.36514,76.98388,-4.591468,WAL
2067197326000,279.679938,-2.73892423415527,-2.71983438292237,1.30896466922558,-0.2724459,1.6178766,-0.66614854,335.89252,76.74234,-4.7815933,WAL
2067202277000,279.684889,-2.69991560055478,-2.71375629084605,1.35953468543689,-0.4083634,1.5198327,-0.6392705,336.42743,76.49553,-4.975836,WAL
2067207356000,279.689968,-2.63245305597385,-2.66074987643154,1.3258033628294,-0.52534413,1.4306464,-0.6053675,336.93808,76.27667,-5.1799855,WAL
2067212272000,279.694884,-2.55527304958972,-2.59358016342066,1.26270890274839,-0.62858033,1.3243558,-0.5662721,337.4331,76.07127,-5.367725,WAL
2067217345000,279.699957,-2.44480221797331,-2.48310938195749,1.11861649405833,-0.72418076,1.2290609,-0.516792,337.9014,75.89096,-5.567005,WAL
2067222289000,279.704901,-2.32897145280665,-2.40260118393498,0.984528657720658,-0.81397796,1.1533136,-0.47433686,338.33524,75.74346,-5.760147,WAL
2067227342000,279.709954,-2.18720801455301,-2.39802817595918,0.865630354847855,-0.9056077,1.0662653,-0.43004912,338.73428,75.61505,-5.9628286,WAL
2067232318000,279.71493,-2.05330743277735,-2.4018431727308,0.760587132738557,-1.003957,0.9816604,-0.38728857,339.09473,75.53502,-6.1499395,WAL
2067237432000,279.720044,-1.9488207060706,-2.45408646169511,0.72259197742436,-1.1163563,0.8866709,-0.35124752,339.42413,75.47516,-6.3418717,WAL
2067242273000,279.724885,-1.85641132569099,-2.51108760866972,0.701443502246968,-1.2153164,0.8051204,-0.30085114,339.78043,75.480736,-6.4523287,WAL
2067247342000,279.729954,-1.83710538049314,-2.66070878474846,0.855891164625174,-1.323745,0.7162395,-0.25992316,340.1037,75.509766,-6.56592,WAL
2067252327000,279.734939,-1.8228796086798,-2.80920758973399,1.01753146937931,-1.4416419,0.6047566,-0.22968534,340.4027,75.59113,-6.645238,WAL
2067257347000,279.739959,-1.8655082122266,-2.97498549791133,1.2969855217931,-1.5619824,0.46700647,-0.19028452,340.6635,75.687935,-6.732987,WAL
2067262461000,279.745073,-1.91037320584145,-3.15420597058414,1.58819818011127,-1.6719382,0.3182608,-0.15088372,340.90436,75.80167,-6.807978,WAL
2067267339000,279.749951,-1.97070533332009,-3.45122582047487,1.94555020594079,-1.7886134,0.16707164,-0.11056661,341.10086,75.934975,-6.886256,WAL
2067272534000,279.755146,-2.03836343233696,-3.77896106997283,2.34621344470109,-1.8988746,0.010079277,-0.0693332,341.27905,76.052666,-6.9673686,WAL
2067277339000,279.759951,-2.14107898095885,-4.2166186472729,2.95357491107337,-1.996613,-0.124005646,0.0061086523,341.41464,76.17928,-7.060954,WAL
2067282661000,279.765273,-2.25381867090292,-4.72755438613077,3.63066427749788,-2.0751092,-0.25137106,0.115453534,341.5274,76.31283,-7.1808615,WAL
2067287377000,279.769989,-2.33051985686385,-5.77154272340787,4.32949752267195,-2.0964894,-0.29810223,0.18570304,341.62173,76.4429,-7.305165,WAL
2067292249000,279.774861,-2.40975823218228,-6.85006502604019,5.05144738918766,-2.083356,-0.35063666,0.34147367,341.68503,76.52047,-7.517198,WAL
2067297325000,279.779937,-2.19161385574219,-9.01100244276682,5.97723451325847,-2.0094411,-0.310625,0.47128254,341.7564,76.57244,-7.7389565,WAL
2067302299000,279.784911,-1.92190524183259,-11.3215064104935,6.91671947456827,-1.8304577,-0.16584991,0.6020077,341.83145,76.562675,-8.001179,WAL
2067307343000,279.789955,-1.12350169355415,-13.3384708374653,8.62267233007735,-1.4566082,0.009468411,0.6640105,341.94086,76.43056,-8.271588,WAL
2067312318000,279.79493,-0.145473626814756,-15.2094808161444,10.5787282168782,-0.76174897,0.09101892,0.5766568,342.059,76.192085,-8.528554,WAL
2067317335000,279.799947,1.45396849957839,-16.4126558966565,11.5294053563094,0.20463985,0.04550946,0.22235495,342.16214,75.88126,-8.583192,WAL
2067322337000,279.804949,3.29043742427689,-17.3426326018237,12.0742398320424,0.9627236,0.09865474,-0.24465153,342.31906,75.51166,-8.582751,WAL
2067327341000,279.809953,4.80016837445277,-17.9628614488756,11.4248658083958,1.3020593,0.46670106,-0.52534413,342.4408,75.08108,-8.369438,WAL
2067332330000,279.814942,6.15162948407796,-18.4356336494753,10.2166696305847,1.426065,0.99173975,-0.6450737,342.6416,74.568794,-8.096755,WAL
2067337347000,279.819959,6.30517879330754,-18.2670952457447,8.99687387802708,1.3869696,1.4395039,-0.7098254,342.79916,74.21899,-7.4988494,WAL
2067342323000,279.824935,5.89039387044487,-17.7970061734043,7.78477975903288,1.2455542,1.6875153,-0.75655663,343.0762,73.83278,-6.9367237,WAL
2067347312000,279.829924,5.16024885533181,-16.4783845106636,6.82096551393711,1.0781772,1.7302758,-0.79198676,343.36664,73.679756,-6.201151,WAL
2067352343000,279.834955,4.21871125380419,-14.5953093076084,6.01325061599048,0.8717047,1.6242907,-0.8035932,343.7046,73.52146,-5.5171895,WAL
2067357315000,279.839927,3.13450024092396,-12.4969068932289,5.34692680388619,0.66553766,1.4767667,-0.78954333,344.0989,73.45132,-4.911254,WAL
2067362326000,279.844938,1.9355983465748,-10.2180415020323,4.76650590791117,0.44990227,1.3307699,-0.75502944,344.46356,73.40561,-4.334094,WAL
2067367318000,279.84993,0.822190832160854,-8.1691474464381,4.31143649502025,0.2574797,1.2089024,-0.6786713,344.83994,73.36002,-3.9167397,WAL
2067372330000,279.854942,-0.235389203013536,-6.27688563958107,3.9462631456279,0.056199603,1.099252,-0.56138515,345.16696,73.35738,-3.524877,WAL
2067377337000,279.859949,-1.15026654309896,-5.14691689488249,3.66984535509543,-0.14049901,0.9947941,-0.39064834,345.49463,73.3256,-3.342396,WAL
2067382336000,279.864948,-1.94891800209018,-4.63484041402777,3.46548456230313,-0.3191771,0.9639453,-0.2959642,345.80356,73.33921,-3.1731842,WAL
2067387309000,279.869921,-2.74341564273098,-4.12542726353957,3.26218665821108,-0.41416663,0.9184359,-0.071776666,346.09964,73.30657,-3.2340355,WAL
2067392340000,279.874952,-3.5471794935381,-3.61007283761837,3.05651769471076,-0.6044512,0.95081174,0.17165314,346.39716,73.341934,-3.3312743,WAL
2067397313000,279.879925,-4.00248031696429,-4.17353432300824,3.22451606085165,-0.79045963,0.9825767,0.37323865,346.7007,73.33674,-3.602382,WAL
2067402330000,279.884942,-4.08262113265306,-5.94134865180534,3.80907325321821,-0.9767735,0.8518516,0.5177083,346.95227,73.36576,-3.9149034,WAL
2067407310000,279.889922,-4.11575320254455,-7.86583210101973,4.31888502596969,-1.0845913,0.5045747,0.605062,347.17285,73.399734,-4.3564916,WAL
2067412310000,279.894922,-4.08837266313733,-10.019769487849,4.73872034475365,-1.1099422,-0.0290161,0.6545421,347.2971,73.43793,-4.802318,WAL
2067417284000,279.899896,-4.13793591413934,-12.1350212853484,4.7841987798668,-1.0106765,-0.677755,0.6762278,347.29846,73.46013,-5.210473,WAL
2067422312000,279.904924,-4.34514824282787,-14.2170115070697,4.06882313097336,-0.79473567,-1.3423764,0.6808093,347.14764,73.44063,-5.578697,WAL
2067427265000,279.909877,-4.47597376532177,-15.8756086173089,3.46017161694573,-0.4908302,-1.8231273,0.64996064,346.89215,73.42347,-5.8424897,WAL
2067432346000,279.914958,-4.48579013021989,-16.91123572907,2.99880215922937,-0.116980694,-1.9220876,0.65209866,346.56372,73.32324,-6.083065,WAL
2067437293000,279.919905,-4.31594753684211,-17.7100362105263,2.47804082982456,0.28893927,-1.7592919,0.5925393,346.21985,73.299255,-6.242927,WAL
2067442352000,279.924964,-3.8673451495614,-18.2058596292398,1.83583100562378,0.79626286,-1.6688838,0.4868596,345.84286,73.15352,-6.365633,WAL
2067447240000,279.929852,-3.23599695876531,-17.7815904697207,1.05462093628613,1.3170254,-1.5583172,0.37018433,345.5431,73.009254,-6.450004,WAL
2067452371000,279.934983,-2.1718489777364,-15.504025044488,-0.0913845701420872,1.5842791,-1.6239853,-0.0009162979,345.25476,72.83965,-6.4220014,WAL
2067457245000,279.939857,-1.33692295910246,-12.9748510259432,-1.21639805267077,1.5173893,-1.7180585,-0.50518554,344.9704,72.742516,-6.2691007,WAL
2067462347000,279.944959,-0.890616411413821,-9.43835651698769,-2.48255048152303,1.1239921,-1.4245378,-0.8246681,344.79407,72.68314,-6.0921226,WAL
2067467292000,279.949904,-0.688358090930025,-6.45920291253598,-3.26827004431762,0.45814893,-0.81092364,-0.9245446,344.62546,72.800896,-5.7783046,WAL
2067472350000,279.954962,-1.05375773032258,-4.52643136774194,-2.97498862903226,-0.31337386,-0.37415496,-0.8686504,344.4995,73.06627,-5.4357176,WAL
2067477301000,279.959913,-1.3779296758894,-2.95267680138718,-2.50033809646126,-0.9437868,-0.2919936,-0.7510588,344.4098,73.4807,-5.1069846,WAL
2067482344000,279.964956,-1.61947719312069,-2.19157412587525,-1.52047548705294,-1.3338243,-0.312763,-0.6750061,344.40448,74.0366,-4.811161,WAL
2067487355000,279.969967,-1.85180808383729,-1.55551941095243,-0.646611315408648,-1.4731015,-0.49235737,-0.46303585,344.39124,74.56236,-4.657034,WAL
2067492346000,279.974958,-2.04482607439181,-1.52256509590269,-0.274698624537772,-1.6719382,-0.77824235,-0.2657264,344.33307,75.20166,-4.513105,WAL
2067497312000,279.979924,-2.23471284292683,-1.53953003317073,-0.0535366875902439,-1.8570304,-1.1496484,-0.10354166,344.2801,75.72466,-4.4139333,WAL
2067502386000,279.984998,-2.4137003270881,-1.90234280414136,-0.861399687905625,-1.9871446,-1.5176947,0.06383542,344.12976,76.254295,-4.354115,WAL
2067507326000,279.989938,-2.58982724250313,-2.27955092365457,-1.64199447121402,-2.0476203,-1.8402315,0.22449298,343.86057,76.73003,-4.368351,WAL
2067512353000,279.994965,-2.78263876075928,-2.83790067350855,-2.39315578126825,-2.0552561,-2.0393736,0.37384954,343.5156,77.19843,-4.411561,WAL
2067519063000,280.001675,-3.04523382230491,-3.59685936842317,-3.39126452570394,-2.0576997,-2.2492058,0.56199604,343.08627,77.736984,-4.4996915,WAL
2067522287000,280.004899,-3.21600606116251,-4.07812663712792,-3.83216747003218,-2.0803015,-2.309376,0.61636305,342.64804,78.260925,-4.588852,WAL
2067527278000,280.00989,-3.48037462324014,-4.82316538964199,-4.5147191434634,-2.085494,-2.4193318,0.72051555,342.09732,78.830086,-4.778402,WAL
2067532302000,280.014914,-3.52516658279805,-5.42090287223824,-4.94571280948593,-2.0631974,-2.4288,0.8042041,341.56375,79.3617,-4.980775,WAL
2067537313000,280.019925,-3.48699269810083,-5.9601093423685,-5.27973445006463,-2.021964,-2.3261747,0.8781188,341.0345,79.841545,-5.2095833,WAL
2067542310000,280.024922,-3.32296614013537,-6.49353931349631,-5.25752761420345,-1.9877555,-2.1255057,0.95630956,340.53247,80.32604,-5.50039,WAL
2067547237000,280.029849,-3.11323416756238,-7.01786946890595,-5.10022864721689,-1.9575176,-1.9004018,1.0326678,340.07278,80.7321,-5.815259,WAL
2067552366000,280.034978,-2.89949079589834,-7.67946425836522,-4.90811204278285,-1.9248364,-1.6249015,1.1001683,339.67175,81.10229,-6.1569657,WAL
2067557294000,280.039906,-2.69572696600922,-8.35559025879698,-4.71361005789422,-1.9242256,-1.3405437,1.1624765,339.34448,81.37802,-6.523804,WAL
2067562346000,280.044958,-2.45395539914249,-9.10066530700967,-4.50856087266926,-1.9572122,-1.044885,1.2464706,339.07504,81.56781,-6.892687,WAL
2067567305000,280.049917,-2.20297887135308,-9.85359419812544,-4.30493856719513,-1.9679024,-0.7883216,1.3377949,338.88297,81.647354,-7.2831593,WAL
2067572347000,280.054959,-1.76289820484498,-10.484517771608,-4.11138697940385,-1.947133,-0.63591075,1.4230106,338.72614,81.64637,-7.6587086,WAL
2067577315000,280.059927,-1.25064832411524,-11.0489412109461,-3.92640780077759,-1.921782,-0.56291234,1.5625933,338.62585,81.52153,-8.07341,WAL
2067582337000,280.064949,-0.82093679618479,-11.5796714888911,-3.42527796652638,-1.885741,-0.3753767,1.6417004,338.58734,81.35573,-8.439523,WAL
2067587401000,280.070013,-0.426961372995987,-12.097061414701,-2.77972775178624,-1.7611245,-0.32895094,1.7525724,338.53464,81.07257,-8.846037,WAL
2067592345000,280.074957,-0.140470355609464,-12.3773773850454,-2.06606994581212,-1.675298,-0.4746423,1.7846428,338.44745,80.83141,-9.1504965,WAL
2067597332000,280.079944,0.0979220598292902,-12.5442519538784,-1.30321432593591,-1.6297885,-0.7315111,1.784032,338.3466,99.47145,-9.471445,WAL
2067602363000,280.084975,0.271489693459076,-12.5722054831084,-1.04973139068256,-1.6145169,-0.9224065,1.7650951,338.20074,99.710464,-9.699861,WAL
2067607379000,280.089991,0.408698463123215,-12.5248921483305,-1.07338810747562,-1.6450601,-0.9773844,1.7110336,338.02365,99.9525,-9.913406,WAL
2067612342000,280.094954,0.47470622640334,-12.3691306713563,-1.35853793570344,-1.6847663,-0.9434814,1.6221527,337.81448,100.0973,-10.031103,WAL
2067617342000,280.099954,0.498939037638158,-12.1461888697368,-1.80442166546053,-1.6676621,-0.8405506,1.5176947,337.61163,100.22486,-10.126629,WAL
2067622345000,280.104957,0.523186388559717,-11.9231133030364,-2.25057292545547,-1.6215417,-0.7031059,1.3817772,337.41754,100.30957,-10.171686,WAL
2067627343000,280.109955,0.547409506670041,-11.7002606781377,-2.69627830172065,-1.5149459,-0.43860126,1.2220359,337.29044,100.3593,-10.177957,WAL
2067632342000,280.114954,0.627075228220859,-11.4736612269939,-2.93772963006135,-1.3952162,-0.12156218,1.0299188,337.21048,100.36609,-10.13753,WAL
2067637368000,280.11998,0.734881239672802,-11.2439873674165,-3.07834613694615,-1.321607,0.12522738,0.8155051,337.1835,100.32514,-10.045543,WAL
2067642345000,280.124957,0.754927329938427,-10.8807158421318,-2.82861682824266,-1.3371841,0.19700404,0.6123924,337.17773,100.33256,-9.956834,WAL
2067647345000,280.129957,0.721093828373877,-10.4312134700717,-2.33561475899869,-1.4459181,0.040317107,0.473726,337.17047,100.314125,-9.827151,WAL
2067652428000,280.13504,0.554005606476437,-10.0002901264665,-1.92276443064227,-1.6032158,-0.28924468,0.41172317,337.11935,100.29329,-9.666521,WAL
2067657348000,280.13996,0.319774698462915,-9.59741364207596,-1.57141802459734,-1.6685784,-0.6731735,0.32895094,336.9979,100.24948,-9.467652,WAL
2067662343000,280.144955,-0.0589485013394095,-9.23645193639786,-1.32748735319992,-1.7299703,-1.0552697,0.19303341,336.7742,100.18928,-9.252589,WAL
2067667333000,280.149945,-0.522912245088171,-8.90504900099069,-1.15231739262928,-1.8035797,-1.3695599,0.06811147,336.45364,100.13508,-9.026493,WAL
2067672352000,280.154964,-0.876168374199022,-8.54422924613235,-1.19768584898692,-1.8380935,-1.5494597,-0.00061086525,336.06186,100.10135,-8.833265,WAL
2067677344000,280.159956,-1.1529255716838,-8.1672667293143,-1.38855284393652,-1.8255708,-1.5958854,-0.030848695,335.61694,100.06095,-8.620893,WAL
2067682346000,280.164958,-1.38050774558314,-7.87387339430211,-1.64690093384113,-1.8041905,-1.6872098,-0.034513887,335.1286,100.107346,-8.497767,WAL
2067687377000,280.169989,-1.57591951945791,-7.63556653506776,-1.95193391273123,-1.7379116,-1.7186694,-0.004886922,334.64832,100.151634,-8.374469,WAL
2067692342000,280.174954,-1.71999336485518,-7.55068732003583,-2.27328050292625,-1.6151277,-1.6814066,0.053145275,334.1716,100.298225,-8.3391285,WAL
2067697326000,280.179938,-1.8292606322982,-7.57444096383,-2.61058390167214,-1.475545,-1.5946637,0.12064589,333.7058,100.44052,-8.311547,WAL
2067702423000,280.185035,-1.88805453257531,-7.65083333801929,-2.74436979517622,-1.3866642,-1.5690074,0.16584991,333.24698,100.6699,-8.351147,WAL
2067707351000,280.189963,-1.90663873954519,-7.76233848281158,-2.72113959710573,-1.3234396,-1.5476271,0.21197024,332.8179,100.89215,-8.404176,WAL
2067712340000,280.194952,-1.85784447751756,-7.88969630023419,-2.71523779309134,-1.2928963,-1.5274686,0.23365596,332.39963,101.169266,-8.490561,WAL
2067717348000,280.19996,-1.75020443723653,-8.03009602982045,-2.72459783696331,-1.2757921,-1.4691309,0.23854288,332.00296,101.43971,-8.579309,WAL
2067722345000,280.204957,-1.59005589052332,-8.13166303204626,-2.43025741871815,-1.2605205,-1.426065,0.26297748,331.60776,101.72042,-8.685985,WAL
2067727343000,280.209955,-1.37427928979812,-8.19264362808702,-1.81576311487652,-1.2651019,-1.4300356,0.2929099,331.21994,101.99852,-8.791044,WAL
2067732313000,280.214925,-1.04575724483443,-8.20303973772152,-1.41516980521519,-1.3096951,-1.4850134,0.31703907,330.81097,102.27478,-8.887336,WAL
2067737371000,280.219983,-0.565041298440506,-8.14908176202531,-1.27782244025316,-1.3613132,-1.5354098,0.31856623,330.40668,102.54904,-8.981146,WAL
2067742295000,280.224907,-0.251561173345671,-8.10608811648972,-1.23676530993474,-1.4117095,-1.5735888,0.31612277,329.96408,102.717995,-9.030281,WAL
2067747333000,280.229945,-0.110581475322879,-8.07319268023765,-1.30255583895003,-1.4318681,-1.6142114,0.31673363,329.5163,102.8873,-9.077636,WAL
2067752316000,280.234928,-0.0508214804239766,-8.1059600128655,-1.38781656154971,-1.4456125,-1.6346754,0.301462,329.04108,103.0413,-9.073111,WAL
2067757350000,280.239962,-0.104857631140351,-8.23282760701754,-1.50293705175439,-1.4272866,-1.6148223,0.29260445,328.57507,103.1913,-9.06631,WAL
2067762287000,280.244899,-0.15785256083577,-8.35725059317739,-1.61583928857212,-1.3979651,-1.5506815,0.2864958,328.09973,103.361046,-9.053133,WAL
2067767349000,280.249961,-0.212189270197368,-8.48482384736842,-1.73160009934211,-1.3466524,-1.4453071,0.28221974,327.64996,103.51812,-9.030822,WAL
2067772240000,280.254852,-0.317616440037539,-8.63256154244004,-1.74869695755996,-1.3087788,-1.3778065,0.28008172,327.20407,103.696236,-9.02348,WAL
2067777341000,280.259953,-0.557033619696559,-8.84650886527633,-1.53474963472367,-1.2910637,-1.2269229,0.28221974,326.81934,103.86468,-9.0027275,WAL
2067782272000,280.264884,-0.811531764513603,-9.00202036014876,-1.28822757339988,-1.2522738,-1.0592403,0.30634892,326.45697,104.06747,-9.0066595,WAL
2067787373000,280.269985,-1.11272884113329,-9.07851489224897,-0.967906938637698,-1.2311989,-0.9272934,0.32162055,326.1323,104.26475,-8.998777,WAL
2067792240000,280.274852,-1.39077313776169,-9.08795696086871,-0.701061195425553,-1.2131784,-0.85154617,0.3387248,325.85373,104.47007,-9.037276,WAL
2067797307000,280.279919,-1.66136238832909,-8.96927753022892,-0.501679632983761,-1.2027937,-0.8313876,0.38728857,325.60358,104.67519,-9.080951,WAL
2067802313000,280.284925,-1.90047158698492,-8.85251172688442,-0.368264316492462,-1.1881329,-0.8359691,0.44318274,325.40076,104.890724,-9.188375,WAL
2067807312000,280.289924,-2.07368573119598,-8.73703558050251,-0.38269882599799,-1.1756102,-0.8359691,0.5149594,325.21277,105.108665,-9.307461,WAL
2067812284000,280.294896,-2.21990645930075,-8.61367846397527,-0.433581284261155,-1.1472049,-0.8179486,0.5919284,325.04327,105.35369,-9.503853,WAL
2067817294000,280.299906,-2.3079513302685,-8.47002660913657,-0.567965519745026,-1.1175779,-0.80939645,0.6606508,324.87982,105.598465,-9.7112875,WAL
2067822296000,280.304908,-2.37196389556623,-8.35952487705141,-0.705331971720011,-1.0827587,-0.8017606,0.7312057,324.73495,105.87898,-9.975209,WAL
2067827305000,280.309917,-2.35891551642035,-8.35517532650286,-0.853213692873334,-1.0580186,-0.8142834,0.79779,324.5957,106.157585,-10.249013,WAL
2067832344000,280.314956,-2.34191037918601,-8.35874144580589,-1.00354347759905,-1.0488557,-0.8381071,0.8512407,324.4687,106.454506,-10.542349,WAL
2067837337000,280.319949,-2.23350519630789,-8.5497408098888,-1.18938091086041,-1.054048,-0.8588765,0.89736104,324.3474,106.750565,-10.843226,WAL
2067842310000,280.324922,-2.11805487806601,-8.76662375910972,-1.35739325791864,-1.0720685,-0.8875872,0.9236283,324.1925,107.09177,-11.173445,WAL
2067847300000,280.329912,-1.96852053982033,-9.1042818528818,-1.44904324358534,-1.1010846,-0.9288206,0.9459248,324.0364,107.43314,-11.506481,WAL
2067852329000,280.334941,-1.80459229932217,-9.46024137599681,-1.48967070245215,-1.1307116,-0.9654725,0.94989544,323.86258,107.786575,-11.824551,WAL
2067857316000,280.339928,-1.59035998578549,-9.87442385546252,-1.3278063131878,-1.1530081,-1.0027353,0.9401216,323.68292,108.13394,-12.136481,WAL
2067862308000,280.34492,-1.39405950649918,-10.3074866625279,-1.1226946147832,-1.1478158,-1.0684034,0.9233228,323.45953,108.478714,-12.432494,WAL
2067867293000,280.349905,-1.27365500121253,-10.8168899295761,-0.738326395295373,-1.1301007,-1.151481,0.88331115,323.22418,108.806725,-12.712143,WAL
2067872302000,280.354914,-1.16442710588235,-11.3079547058824,-0.368425385882353,-1.103528,-1.2018774,0.83658,322.9644,109.07993,-12.946245,WAL
2067877308000,280.35992,-1.13405690441629,-11.6593813422624,-0.10810958041629,-1.0916162,-1.2953397,0.8035932,322.67267,109.33814,-13.173103,WAL
2067882313000,280.364925,-1.10369276971041,-12.0107377775566,0.152154224289593,-1.0616838,-1.3793337,0.7293731,322.35065,109.52329,-13.364514,WAL
2067887323000,280.369935,-1.01504816356694,-12.1962346628033,0.08130430833763,-1.0097603,-1.4453071,0.6536258,322.00906,109.68818,-13.544605,WAL
2067892296000,280.374908,-0.91541465658858,-12.3527274486091,-0.0447693513890678,-0.8903361,-1.4660766,0.6215554,321.6591,109.821304,-13.712188,WAL
2067897305000,280.379917,-0.728122426207906,-12.3339983355783,-0.53172917140244,-0.70249504,-1.4425583,0.59956425,321.2753,109.91696,-13.886338,WAL
2067902512000,280.385124,-0.525252432276964,-12.3012147674529,-1.04378266405745,-0.4370741,-1.3353515,0.6203337,320.9063,109.96466,-14.034527,WAL
2067907331000,280.389943,-0.226770117390146,-12.0905212490013,-1.59685284061252,-0.13133603,-1.1667526,0.6218608,320.56305,109.95607,-14.1595545,WAL
2067912294000,280.394906,0.0806313619174434,-11.8735318462051,-2.16644970432756,0.16737708,-0.90041536,0.5867361,320.2542,109.92887,-14.24296,WAL
2067917322000,280.399934,0.451174522426134,-11.3978624931253,-2.56239490099464,0.3998113,-0.5552765,0.54061574,320.0211,109.85276,-14.30251,WAL
2067922282000,280.404894,0.821732964083862,-10.9068723107752,-2.93758531035592,0.5030475,-0.23304509,0.45204028,319.85712,109.72963,-14.320997,WAL
2067927289000,280.409901,1.14421879253892,-10.6618393269363,-3.10601071941643,0.4560109,0.025961773,0.3555236,319.75223,109.61531,-14.265165,WAL
2067932313000,280.414925,1.45985861472633,-10.4545537011652,-3.24263090498384,0.2779437,0.1704314,0.23518312,319.70206,109.48641,-14.165386,WAL
2067937329000,280.419941,1.52130906691922,-10.7219915906624,-3.12265182891369,0.05375614,0.19792034,0.13622294,319.66528,109.385,-14.001698,WAL
2067942337000,280.424949,1.53113001795843,-11.0853666765639,-2.95078518572745,-0.18845193,0.15424347,0.044593163,319.6418,109.302734,-13.805083,WAL
2067947392000,280.430004,1.18868710644969,-11.4930611833697,-2.41297905096249,-0.4089743,0.062308256,-0.038179077,319.58148,109.24107,-13.5536785,WAL
2067952252000,280.434864,0.814604399761857,-11.8902357378448,-1.84954571934908,-0.5849035,-0.07147124,-0.12950343,319.4897,109.20555,-13.28452,WAL
2067957231000,280.439843,0.305255824934848,-12.0024691170645,-1.32769202941728,-0.6945538,-0.20525073,-0.19700404,319.35907,109.17355,-13.007394,WAL
2067962175000,280.444787,-0.222859183425414,-12.0616966187845,-0.819319676243094,-0.7284568,-0.3115413,-0.2415972,319.19495,109.15677,-12.724165,WAL
2067967238000,280.44985,-0.599433688177002,-11.9185706007653,-0.522900064722331,-0.659429,-0.344528,-0.25625798,319.0238,109.110855,-12.499376,WAL
2067972200000,280.454812,-0.953783048714678,-11.7600460931122,-0.252475519422096,-0.4999932,-0.37904188,-0.24831672,318.82352,109.05287,-12.280877,WAL
2067977225000,280.459837,-1.12341676659998,-11.8813367488246,-0.109828161985596,-0.40439278,-0.3659083,-0.22907446,318.6503,108.99783,-12.149731,WAL
2067982193000,280.464805,-1.26619227613284,-12.0383898043413,0.0139106543553066,-0.2012801,-0.32650748,-0.19730948,318.47916,108.89023,-12.02721,WAL
2067987232000,280.469844,-1.2028796407319,-12.5439061060064,0.0964461395743835,-0.007941248,-0.2938262,-0.17195857,318.32596,108.78209,-11.974744,WAL
2067992177000,280.474789,-1.11340189172633,-13.0854822011237,0.171795877039578,0.1423316,-0.23915374,-0.16920967,318.19327,108.64264,-11.921164,WAL
2067997223000,280.479835,-0.916482814862016,-13.7532670011499,0.226162586585857,0.26816985,-0.15485434,-0.19364429,318.08023,108.46642,-11.886251,WAL
2068002281000,280.484893,-0.702970317755845,-14.440220560368,0.277219922007474,0.3979787,-0.07819075,-0.25717425,317.98047,108.25401,-11.838408,WAL
2068007310000,280.489922,-0.445799073717981,-14.7928202372544,0.216277208928127,0.54550266,-0.0421497,-0.32895094,317.88354,107.97398,-11.754244,WAL
2068012286000,280.494898,-0.180329317792589,-15.0606602125839,0.128577380746083,0.6713409,0.0076358155,-0.39370266,317.81104,107.66682,-11.650028,WAL
2068017299000,280.499911,0.0871143892922159,-15.3304917632927,0.0402254437130067,0.8332202,0.058643065,-0.4804455,317.73032,107.2601,-11.471924,WAL
2068022311000,280.504923,0.354504746345685,-15.6002694876399,-0.0481088687565282,0.9841039,0.116980694,-0.57726765,317.6648,106.82471,-11.273352,WAL
2068027307000,280.509919,0.485776566708026,-15.4657469007386,-0.0226533233821763,1.1441506,0.14080444,-0.6808093,317.5987,106.34773,-11.054937,WAL
2068032351000,280.514963,0.580912794284589,-15.2183927169867,0.0344284062099458,1.2904528,0.12675454,-0.79534656,317.5363,105.833176,-10.810308,WAL
2068037342000,280.519954,0.54155748223176,-14.6767369183551,0.178715124174469,1.4214834,0.07269296,-0.91507614,317.45148,105.226555,-10.449238,WAL
2068042369000,280.524981,0.45987024248927,-14.0376546441761,0.351699842838607,1.5784758,-0.004886922,-1.0247264,317.35632,104.5786,-10.069686,WAL
2068047304000,280.529916,0.322848938276822,-13.3621405655265,0.424744765209307,1.7724255,-0.040317107,-1.106277,317.25296,103.88479,-9.666627,WAL
2068052350000,280.534962,0.164281707287461,-12.6557956452719,0.467990380046734,2.0231857,-0.024129177,-1.1621711,317.14514,103.14703,-9.250328,WAL
2068057321000,280.539933,-0.112164659333006,-12.0365759073075,0.510163408484551,2.3218987,0.023823744,-1.2205088,317.04456,102.36751,-8.841748,WAL
2068062305000,280.544917,-0.430526099623345,-11.4419886182442,0.552299474203041,2.634662,0.07147124,-1.2754866,316.95435,101.54434,-8.4256315,WAL
2068067325000,280.549937,-0.824245114774067,-11.0375308656189,0.59808946870334,2.9321532,0.08827003,-1.3255776,316.88107,100.70782,-8.037468,WAL
2068072324000,280.554936,-1.24749669506876,-10.7177412017682,0.645117438438114,3.1838295,0.08582657,-1.3472633,316.82385,99.84523,-7.648397,WAL
2068077309000,280.559921,-1.72551646812604,-10.751468350054,0.598414596903897,3.2895093,0.076358154,-1.3906348,316.78397,99.03158,-7.3122373,WAL
2068082327000,280.564939,-2.2349984364975,-10.9637523598704,0.504066059430647,3.4315355,0.08735373,-1.4300356,316.7593,98.21757,-6.9785614,WAL
2068087399000,280.570011,-2.7781331240012,-11.449767193852,0.0924415391428858,3.4513886,0.16462818,-1.4633276,316.77103,97.5453,-6.7310476,WAL
2068092414000,280.575026,-3.331170421538,-12.0845581305697,-0.494258937106238,3.3890803,0.33505958,-1.4657712,316.8238,96.94857,-6.4888988,WAL
2068097304000,280.579916,-4.19749072085923,-12.7211240221207,-1.3585934695064,3.2662964,0.52106804,-1.4376713,316.92432,96.57971,-6.372536,WAL
2068102401000,280.585013,-5.29065176533821,-13.3948682182815,-2.42944502884826,3.0885346,0.65270954,-1.3866642,317.0677,96.32683,-6.2698665,WAL
2068107310000,280.589922,-6.1174203218829,-13.8590354833614,-3.0420157865417,2.9089403,0.7076874,-1.3243558,317.25842,96.374405,-6.3677444,WAL
2068112306000,280.594918,-6.67669526906066,-14.1008837622157,-3.14278609564027,2.713769,0.6957755,-1.2556335,317.47195,83.51774,-6.479278,WAL
2068117299000,280.599911,-7.13164207067366,-14.2745182238806,-3.10829967922549,2.5051584,0.6236934,-1.1930199,317.7063,83.18741,-6.7989426,WAL
2068122324000,280.604936,-7.50047869229528,-14.3909932238806,-2.95785322652279,2.3267858,0.50946164,-1.1484267,317.9254,82.86292,-7.1094775,WAL
2068127310000,280.609922,-7.72592158484064,-14.2627246542273,-2.66055940074993,2.204002,0.37415496,-1.1462886,318.13483,82.507904,-7.448679,WAL
2068132341000,280.614953,-7.84206146301223,-13.9401131828408,-2.2433154975895,2.1389446,0.15577064,-1.1777482,318.28705,82.17461,-7.765702,WAL
2068137364000,280.619976,-7.66858648338502,-13.7305481960567,-1.77292492706026,2.140472,-0.10720685,-1.2266175,318.4087,81.83739,-8.07888,WAL
2068142426000,280.625038,-6.89534748028356,-13.752026932654,-1.18762587844484,2.185065,-0.37201694,-1.2819008,318.46786,81.52929,-8.358282,WAL
2068147347000,280.629959,-6.29296313670304,-13.7427945100517,-1.52982475122056,2.2275202,-0.64934975,-1.3909402,318.46518,81.23476,-8.60183,WAL
2068152389000,280.635001,-5.81222682653647,-13.7058150166571,-2.71317556273693,2.19209,-0.7089091,-1.4364496,318.4544,80.94818,-8.831784,WAL
2068157347000,280.639959,-5.23664007699443,-13.5320990183576,-3.54233103905869,1.9654589,-0.2556471,-1.5012014,318.50623,80.79478,-8.916174,WAL
2068162344000,280.644956,-4.52168433580705,-13.176957285519,-3.93952886280637,1.5228871,0.30909783,-1.6007724,318.581,80.682205,-8.973129,WAL
2068167327000,280.649939,-3.75427510233148,-12.7349401412063,-4.10416345717182,1.2449434,0.5543602,-1.6349808,318.65445,80.73091,-8.908226,WAL
2068172353000,280.654965,-2.89066182742017,-12.1445606563609,-3.8894796376077,1.2550226,0.93859446,-1.613906,318.9261,80.803986,-8.838251,WAL
2068177320000,280.659932,-2.1206558414649,-11.6804307407935,-3.46228738728382,1.3448198,1.1914927,-1.5238034,319.18463,81.01168,-8.655769,WAL
2068182339000,280.664951,-1.46543269275687,-11.38704695941,-2.71415948509664,1.5738943,1.4379768,-1.4291192,319.54062,81.19498,-8.488757,WAL
2068187370000,280.669982,-0.904057388213792,-11.1582585330962,-2.05661207107291,1.785559,1.577254,-1.3787229,319.90234,81.459175,-8.223949,WAL
2068192398000,280.67501,-0.461639560175855,-11.0107859320292,-1.51429354090101,1.9853121,1.65911,-1.4263704,320.30713,81.69825,-7.968402,WAL
2068197242000,280.679854,-0.121170154121615,-10.8581314763907,-1.16378288455372,2.0631974,1.6878207,-1.4776831,320.7175,81.94923,-7.661348,WAL
2068202362000,280.684974,0.108920373437286,-10.6807704518526,-1.05353115007332,2.0909917,1.7088956,-1.5201381,321.14056,82.17831,-7.357106,WAL
2068207244000,280.689856,0.283756505291814,-10.5363802085781,-1.13538052215041,2.0818288,1.7345519,-1.5302174,321.56735,82.41844,-6.9941807,WAL
2068212345000,280.694957,0.38421451635331,-10.4311383666275,-1.56591481245593,2.0726657,1.8191566,-1.4871514,322.00906,82.62003,-6.6518908,WAL
2068217264000,280.699876,0.445746832260089,-10.2690255572504,-1.90358959255648,2.084883,2.0299053,-1.4553864,322.4884,82.824615,-6.2622824,WAL
2068222339000,280.704951,0.431670086532149,-9.96872156999421,-2.08189499924696,2.047315,2.2305744,-1.4162911,322.98093,82.98563,-5.9053974,WAL
2068227267000,280.709879,0.392736560498969,-9.68273735576073,-2.22599100119831,1.9795089,2.34389,-1.3365731,323.4809,83.15222,-5.5480866,WAL
2068232325000,280.714937,0.27379075754641,-9.40678299076711,-2.28308494607602,1.8918496,2.3936756,-1.2263119,324.00806,83.28013,-5.230032,WAL
2068237316000,280.719928,0.134165229440559,-9.13970598821179,-2.35625607394605,1.7977765,2.4181101,-1.1322387,324.5588,83.39977,-4.9140844,WAL
2068242305000,280.724917,-0.0853971717482518,-8.89150548101898,-2.48990281143856,1.7418822,2.456289,-1.03786,325.1139,83.47874,-4.6460576,WAL
2068247331000,280.729943,-0.315759193465021,-8.6437541823067,-2.60675177600756,1.6972891,2.4898868,-0.9440922,325.68103,83.524666,-4.410159,WAL
2068252346000,280.734958,-0.578623445231366,-8.40478636312071,-2.65932458643646,1.6676621,2.5271494,-0.86529064,326.24707,83.54439,-4.2107973,WAL
2068257311000,280.739923,-0.833842443113778,-8.18194812716992,-2.68512532303343,1.6190983,2.5283713,-0.8155051,326.83365,83.539696,-4.027215,WAL
2068262306000,280.744918,-1.07110139047515,-8.01112170370003,-2.60920241310386,1.575116,2.4856107,-0.7987063,327.4075,83.51828,-3.867716,WAL
2068267284000,280.749896,-1.30925808955456,-7.82446148181288,-2.53380950877261,1.5525141,2.4556782,-0.795652,328.02426,83.46653,-3.720147,WAL
2068272302000,280.754914,-1.55697154730597,-7.56272656467613,-2.45902818056798,1.5415184,2.3582454,-0.79076505,328.60156,83.408676,-3.5847137,WAL
2068277313000,280.759925,-1.79215853658907,-7.28531212142518,-2.38818727778622,1.5222762,2.2275202,-0.7831292,329.1938,83.31322,-3.471519,WAL
2068282320000,280.764932,-1.94705994097862,-6.90261462365796,-2.34262795445131,1.5079209,2.103209,-0.7779369,329.75415,83.211464,-3.3655229,WAL
2068287469000,280.770081,-2.10130999486448,-6.50630705490116,-2.29102499227634,1.4779885,2.0115793,-0.77579886,330.31982,83.06916,-3.2888875,WAL
2068292313000,280.774925,-2.16748691241084,-6.09033776017934,-2.16812495318932,1.4321736,1.9254472,-0.79137594,330.84787,82.93189,-3.2134438,WAL
2068297382000,280.779994,-2.23713145270917,-5.66890779207352,-2.03796570206778,1.3588698,1.8362609,-0.79901177,331.37506,82.77256,-3.1608064,WAL
2068302328000,280.78494,-2.30968272917863,-5.41951291533601,-1.89286324382539,1.2864822,1.7687603,-0.7858781,331.88055,82.62208,-3.115422,WAL
2068307701000,280.790313,-2.3876640940599,-5.14594372643494,-1.73208869818692,1.2137892,1.7055358,-0.7812967,332.38483,82.45593,-3.077421,WAL
2068312311000,280.794923,-2.44073312290895,-4.8673308054693,-1.54192442031453,1.1572843,1.6707164,-0.7901542,332.87546,82.30335,-3.0454447,WAL
2068317626000,280.800238,-2.50009618728522,-4.54811597027956,-1.31889988379307,1.0574077,1.6765196,-0.8035932,333.38058,82.14059,-3.0316024,WAL
2068322320000,280.804932,-2.51262158591065,-4.310134050339,-1.03916673682549,0.95081174,1.7052304,-0.8081747,333.8802,81.99416,-3.024648,WAL
2068327246000,280.809858,-2.52576604982818,-4.06038992216959,-0.745607835683106,0.84635377,1.6969837,-0.8170323,334.39615,81.82575,-3.0287192,WAL
2068332320000,280.814932,-2.53583417570406,-3.84264457999045,-0.44392042975179,0.72356987,1.7104226,-0.8216137,334.92435,81.69006,-3.0418868,WAL
2068337309000,280.819921,-2.54495654434368,-3.63739011872076,-0.147441686739857,0.59131753,1.6893479,-0.81092364,335.4379,81.5834,-3.0621655,WAL
2068342277000,280.824889,-2.58003877380616,-3.5197701410568,0.125350899872845,0.46822822,1.6465873,-0.7883216,335.97272,81.43704,-3.1015568,WAL
2068347250000,280.829862,-2.62489657342941,-3.43454040608458,0.390011552298201,0.3368922,1.5632042,-0.7629707,336.48712,81.32552,-3.1492474,WAL
2068352297000,280.834909,-2.65827421762988,-3.34850957709159,0.546235653640726,0.20677789,1.4969252,-0.7443393,337.01746,81.17232,-3.2139497,WAL
2068357301000,280.839913,-2.68327020511162,-3.26352311525141,0.626222891883998,0.08979719,1.4822645,-0.7254025,337.53522,81.04657,-3.2916417,WAL
2068362273000,280.844885,-2.7169497036061,-3.18199314559144,0.696490239029126,-0.032070424,1.4761559,-0.70157874,338.03683,80.87083,-3.4139044,WAL
2068367309000,280.849921,-2.75517336269071,-3.10076776401823,0.763381764660194,-0.14996742,1.4104879,-0.67073005,338.51398,80.72203,-3.5464802,WAL
2068372300000,280.854912,-2.75776550157269,-3.01456576745991,0.666119680722194,-0.20250183,1.385137,-0.6178902,339.05972,80.5551,-3.648226,WAL
2068377799000,280.860411,-2.74141910532851,-2.91648699172271,0.46996208942059,-0.32406402,1.4208726,-0.58459806,339.59998,80.435844,-3.760747,WAL
2068382290000,280.864902,-2.68360139207569,-2.87408979183915,0.423231422755766,-0.5036584,1.3826935,-0.5635232,340.13666,80.31634,-3.875858,WAL
2068387323000,280.869935,-2.60759113708851,-2.83608458993692,0.39947819264932,-0.55741453,1.3402383,-0.53878313,340.6768,80.190346,-4.0101657,WAL
2068392311000,280.874923,-2.5034765088104,-2.82186747438385,0.37619678176208,-0.657291,1.3100005,-0.5039638,341.22516,80.15052,-4.1231375,WAL
2068397328000,280.87994,-2.38692584478944,-2.81720535435669,0.352886648957889,-0.74067414,1.2968669,-0.46028697,341.76074,80.111626,-4.251313,WAL
2068402220000,280.884832,-2.22334847189959,-2.84857279998008,0.404750067098317,-0.8338311,1.278541,-0.43310347,342.27402,80.10479,-4.3739843,WAL
2068407234000,280.889846,-2.027238989999,-2.90118758531726,0.500413211459309,-0.93218035,1.2290609,-0.39187005,342.76846,80.10687,-4.516212,WAL
2068412227000,280.894839,-1.85288983307716,-2.98811187650374,0.682888453857977,-1.0250319,1.1557571,-0.3652974,343.2894,80.1472,-4.5925655,WAL
2068417259000,280.899871,-1.68993393489087,-3.09674919352393,0.919915144543498,-1.1236867,1.0485502,-0.3371976,343.78006,80.20071,-4.6837883,WAL
2068422246000,280.904858,-1.62798652808206,-3.29883711398128,1.4751410410476,-1.2342533,0.90010995,-0.30665436,344.24292,80.29215,-4.7263303,WAL
2068427229000,280.909841,-1.61373004698267,-3.54594960190201,2.18321343186616,-1.3515394,0.73364913,-0.28160888,344.66418,80.398735,-4.7760305,WAL
2068432209000,280.914821,-1.69624473895153,-3.80117288512364,2.66000119576657,-1.4694363,0.5421429,-0.24495697,345.0153,80.52331,-4.815909,WAL
2068437240000,280.919852,-1.8296834796637,-4.06328460126607,3.02219209184965,-1.600467,0.34238997,-0.20066923,345.3117,80.66705,-4.861276,WAL
2068442225000,280.924837,-1.91329924623879,-4.61845952781228,3.36824034589372,-1.7293595,0.16310102,-0.11575896,345.55975,80.816086,-4.9562883,WAL
2068447224000,280.929836,-1.96993866044563,-5.34061192341516,3.70807678184955,-1.8365663,0.03756821,-0.021991149,345.76273,80.9736,-5.0597944,WAL
2068452312000,280.934924,-1.93253458834869,-6.32072742519278,4.2422355373801,-1.9590448,0.01038471,0.082161374,345.96173,81.09384,-5.218283,WAL
2068457312000,280.939924,-1.83797332259733,-7.43294827341546,4.88165000982697,-2.0366247,0.038179077,0.22266038,346.13373,81.19401,-5.4080925,WAL
2068462306000,280.944918,-1.46032687293307,-8.93275694733314,5.70519183498994,-2.0430388,0.08857546,0.38606682,346.3144,81.24125,-5.6277423,WAL
2068467300000,280.949912,-0.800839490123528,-10.8196235215168,6.71274187963229,-1.9230038,0.2049453,0.46822822,346.5163,81.25469,-5.8615484,WAL
2068472315000,280.954927,0.175757926640673,-12.7398345437102,8.03901296564745,-1.8240436,0.3885103,0.5757405,346.73633,81.19649,-6.113401,WAL
2068477310000,280.959922,1.59425247964703,-14.688424225118,9.80599570194952,-1.5418239,0.54458636,0.59620446,346.97482,81.07481,-6.357117,WAL
2068482309000,280.964921,3.01765301935723,-16.1416136646291,11.0321993526906,-1.0769554,0.627664,0.47647488,347.1849,80.972565,-6.420085,WAL
2068487331000,280.969943,4.45198654633695,-17.0235949144207,11.6335504796703,-0.48655418,0.5540548,0.29443705,347.38843,80.80518,-6.46473,WAL
2068492299000,280.974911,5.79740451871432,-17.782268681328,11.7265396525693,0.0720821,0.41508293,0.076052725,347.47757,80.667694,-6.2150354,WAL
2068497301000,280.979913,6.98257547938253,-18.2836866561641,10.6629244844576,0.4541783,0.464563,-0.15210545,347.61182,80.45654,-5.9293523,WAL
2068502326000,280.984938,7.37337323209562,-18.2698277565396,9.51762284249535,0.63346726,0.711658,-0.35827246,347.68036,80.309814,-5.3634725,WAL
2068507315000,280.989927,6.63612005457039,-17.5278940005878,8.27248421056138,0.6835582,1.0577132,-0.47616947,347.8198,80.055275,-4.8038807,WAL
2068512245000,280.994857,5.90758564583129,-16.7947343660233,7.04207060955227,0.6588182,1.3399329,-0.5329799,347.9943,79.93964,-4.0690255,WAL
2068517298000,280.99991,5.16087482080925,-16.0432829190751,5.78095906271676,0.5696318,1.4941764,-0.5500842,348.2545,79.75608,-3.3712084,WAL
2068522246000,281.004858,4.18102037239557,-14.9106254016668,4.7133034568757,0.45142943,1.5283848,-0.52778757,348.58124,79.53061,-2.718069,WAL
2068527309000,281.009921,2.63853149570078,-12.8901127547515,3.98394766334993,0.3408628,1.5054774,-0.5036584,348.94818,79.2774,-2.1045337,WAL
2068532325000,281.014937,1.20544819479811,-10.9953586018644,3.48712141345634,0.23579398,1.4361442,-0.4783075,349.4027,79.20234,-1.6654083,WAL
2068537323000,281.019935,-0.0568308153931608,-9.29382469836746,3.38539941567813,0.15118915,1.3509285,-0.46120325,349.8371,79.129845,-1.2478744,WAL
2068542277000,281.024889,-1.24959850583942,-7.83075201459854,3.30560624233577,0.050396383,1.2617421,-0.4120286,350.29816,79.086075,-1.0300953,WAL
2068547302000,281.029914,-2.31276387116788,-6.90809330291971,3.27750482846715,-0.07880162,1.1582005,-0.3213151,350.71884,79.066795,-0.831998,WAL
2068552358000,281.03497,-3.32645302087693,-6.18932384636771,3.29018320143498,-0.23518312,1.0671816,-0.17440203,351.1225,79.02065,-0.84656155,WAL
2068557313000,281.039925,-4.14925681733931,-6.12312104681614,3.42731715928251,-0.36071593,0.98929626,0.024740042,351.48944,78.998886,-0.89945155,WAL
2068562318000,281.04493,-4.8501860106514,-6.26662981257577,3.60414583165592,-0.44806966,0.9309586,0.23457226,351.8478,78.96436,-1.1447389,WAL
2068567293000,281.049905,-5.11607527578178,-7.10555645623016,3.90670945837583,-0.46670106,0.69058317,0.33078352,352.12775,78.93746,-1.4009366,WAL
2068572276000,281.054888,-5.38901474162856,-8.09383221576437,4.12754462620839,-0.4654793,0.33017266,0.50762904,352.3582,78.8675,-1.846561,WAL
2068577307000,281.059919,-5.704108446113,-9.97491834129911,3.85983350658898,-0.44073927,-0.14569137,0.63224554,352.48566,78.77649,-2.2846837,WAL
2068582316000,281.064928,-6.01782428108866,-11.8477786877121,3.59329305773713,-0.38026363,-0.6817256,0.7119634,352.501,78.63153,-2.763975,WAL
2068587328000,281.06994,-6.33172800736097,-13.721760731278,3.32659297196243,-0.27030787,-1.1026118,0.7846564,352.40875,78.4397,-3.2513664,WAL
2068592279000,281.074891,-6.64641551779183,-15.5053889298638,3.09923467789883,-0.06872234,-1.3304645,0.816116,352.2211,78.190346,-3.7237983,WAL
2068597303000,281.079915,-7.02084265522373,-16.5069814870623,3.3004890803891,0.2742785,-1.4471397,0.82436264,351.94537,77.85641,-4.186275,WAL
2068602297000,281.084909,-7.36030824547139,-17.4908563702141,3.47212464804446,0.81489426,-1.3891076,0.82924956,351.76855,77.61166,-4.621592,WAL
2068607314000,281.089926,-6.42073433771099,-18.0199841171264,2.53255084355702,1.4056009,-1.221425,0.7699956,351.60004,77.264404,-5.023053,WAL
2068612273000,281.094885,-5.42584636067809,-18.2981153589355,1.53172677041387,1.711339,-1.0797043,0.59315014,351.4671,76.86355,-5.4047337,WAL
2068617297000,281.099909,-3.62140512859172,-15.6324639389147,-0.3501778899517,1.6389514,-0.80878556,0.2883284,351.43417,76.441216,-5.7328396,WAL
2068622647000,281.105259,-1.74534693198177,-12.8012786056914,-2.30457352924765,1.1924089,-0.38056904,0.032986723,351.58743,76.28813,-5.8431463,WAL
2068627306000,281.109918,-1.13123789849716,-10.5025188202734,-2.8937862930717,0.473726,-0.008857546,-0.16065755,351.81088,76.25276,-5.9014416,WAL
2068632295000,281.114907,-0.473631122782479,-8.04093638424626,-3.52473338015438,-0.355829,-0.028710667,-0.37904188,351.87268,76.50164,-5.7695327,WAL
2068637329000,281.119941,-0.112210011478041,-6.09569498445946,-3.07977859028716,-1.003957,-0.36163223,-0.49449542,351.9534,76.8959,-5.619878,WAL
2068642287000,281.124899,0.178535860396959,-4.29607833445946,-2.40805543403716,-1.3744467,-0.7150178,-0.453262,352.0219,77.42977,-5.455922,WAL
2068647309000,281.129921,0.00926839457731959,-3.26251289127148,-1.72367955506137,-1.6902641,-1.0326678,-0.36896262,351.95306,78.13067,-5.2218723,WAL
2068652291000,281.134903,-0.196849682907216,-2.30219010419244,-1.04442672912126,-1.9636264,-1.3857478,-0.2855795,351.76883,78.90396,-4.98229,WAL
2068657314000,281.139926,-0.486060086236219,-1.96215341253573,-1.38119823562679,-2.1768184,-1.563815,-0.21227567,351.5263,79.63907,-4.745596,WAL
2068662276000,281.144888,-0.781969336136178,-1.70505191094324,-1.84204049054716,-2.3194554,-1.8759671,-0.18051068,351.14246,80.41404,-4.5014853,WAL
2068667295000,281.149907,-1.09762376360512,-1.90761803365308,-2.81431615481615,-2.3759604,-2.1621575,-0.10293079,350.73062,81.09301,-4.3219852,WAL
2068672250000,281.154862,-1.41056372005995,-2.144693791247,-3.81477575878297,-2.4529295,-2.3848178,-0.00030543262,350.24695,81.7945,-4.1532617,WAL
2068677306000,281.159918,-1.83842556753019,-2.78772048324882,-4.68516519533512,-2.479502,-2.5781567,0.13316862,349.7218,82.49275,-4.0426393,WAL
2068682289000,281.164901,-2.26957528981285,-3.45644239085461,-5.5298666151747,-2.463314,-2.7693577,0.25961772,349.13385,83.16169,-3.9575005,WAL
2068687335000,281.169947,-2.90537242103929,-4.30906745428813,-6.24360575690748,-2.4055874,-2.9132164,0.3680463,348.56332,83.859665,-3.921507,WAL
2068692246000,281.174858,-3.58591128948036,-5.19327132285594,-6.89434002154626,-2.3429737,-2.9095511,0.47525316,347.98288,84.471375,-3.925166,WAL
2068697302000,281.179914,-3.94174263729904,-5.66949154575373,-7.05375754303007,-2.257758,-2.7320948,0.5900958,347.42593,84.98493,-4.036456,WAL
2068702289000,281.184901,-4.23532780836013,-6.0669609166446,-7.12602470994893,-2.1991148,-2.4443772,0.74067414,346.9082,85.31752,-4.1932893,WAL
2068707312000,281.189924,-4.3057658700253,-6.44845752599073,-6.74179334106239,-2.1587977,-2.1108449,0.92271197,346.4858,85.36859,-4.4886327,WAL
2068712240000,281.194852,-4.30079185181282,-6.81654261266864,-6.21453577613828,-2.1245892,-1.8139644,1.1184943,346.1455,85.16223,-4.832334,WAL
2068717301000,281.199913,-4.19099876286336,-7.39282875877991,-5.43890165324303,-2.1093178,-1.6081028,1.3289373,345.89014,95.33025,-5.2855296,WAL
2068722252000,281.204864,-4.06442175337156,-7.99289676310065,-4.63724805934348,-2.0937407,-1.5030339,1.4785993,345.70456,95.98587,-5.7735343,WAL
2068727307000,281.209919,-3.67166552141968,-8.8795902899703,-4.083657127426,-2.0980167,-1.4196508,1.5796975,345.56274,96.75301,-6.3113112,WAL
2068732348000,281.21496,-3.22307490410959,-9.82301834141201,-3.58881998303477,-2.0818288,-1.3622295,1.6804903,345.4591,97.59034,-6.884319,WAL
2068737313000,281.219925,-2.33566709785589,-11.1456660982425,-2.96251362147627,-2.0503693,-1.2928963,1.7528778,345.36728,98.39771,-7.4495773,WAL
2068742312000,281.224924,-1.29235726026362,-12.6096654190685,-2.28520367998243,-1.9883664,-1.2153164,1.7876972,345.30737,99.21214,-8.022667,WAL
2068747314000,281.229926,-0.551740342809583,-13.4034890601366,-1.7111974670355,-1.9300288,-1.1572843,1.7870862,345.2302,99.915535,-8.510395,WAL
2068752309000,281.234921,-0.155905764420283,-13.4357083240643,-1.25552740252093,-1.9068159,-1.1572843,1.7467692,345.1671,100.60321,-8.987157,WAL
2068757283000,281.239895,0.163503132611012,-13.340305035524,-0.885778085470693,-1.8915442,-1.1756102,1.68385,345.06445,100.98634,-9.204192,WAL
2068762303000,281.244915,0.365746801452744,-13.0391862227727,-0.647579963043844,-1.8881844,-1.2370021,1.6502525,344.9531,101.36119,-9.417534,WAL
2068767267000,281.249879,0.557620917929277,-12.6297972516725,-0.480301715144951,-1.9388863,-1.3020593,1.5427402,344.84064,101.58398,-9.499183,WAL
2068772322000,281.254934,0.727266793080599,-11.8586802717426,-0.526568776884358,-1.981036,-1.378112,1.3955216,344.70633,101.788994,-9.564323,WAL
2068777236000,281.259848,0.864482048277887,-11.2471054594912,-0.702069884207436,-2.0088303,-1.4395039,1.2675453,344.57672,101.92214,-9.561788,WAL
2068782301000,281.264913,0.954660507622309,-10.872152727593,-1.12448478836595,-1.9929478,-1.4752395,1.1594223,344.4274,102.03041,-9.529274,WAL
2068787290000,281.269902,0.958549190048154,-10.5243190794543,-1.55156557239165,-1.8918496,-1.4358387,1.0699304,344.28326,102.12189,-9.466936,WAL
2068792313000,281.274925,0.779991920646067,-10.2202890035112,-2.00519760042135,-1.7449366,-1.3854424,0.9392053,344.12415,102.17266,-9.366513,WAL
2068797239000,281.279851,0.606452997851014,-9.84989341380655,-2.4313920273791,-1.5653422,-1.3487904,0.7996226,343.93124,102.28264,-9.287034,WAL
2068802299000,281.284911,0.43163143849064,-9.31125404563183,-2.82828429726989,-1.3319917,-1.2855659,0.6780604,343.75446,102.33212,-9.173709,WAL
2068807259000,281.289871,0.210573904865591,-8.85182719354839,-3.11492086021505,-1.1111639,-1.215011,0.5867361,343.5678,102.44892,-9.103734,WAL
2068812305000,281.294917,-0.151303608798003,-8.57346006912442,-3.12419976436252,-0.9233228,-1.2244794,0.49510628,343.37045,102.50098,-8.999605,WAL
2068817279000,281.299891,-0.469428944124948,-8.29691278578817,-3.17449360449938,-0.8353582,-1.3301591,0.36132678,343.1529,102.61851,-8.932175,WAL
2068822329000,281.304941,-0.624502284009102,-8.00677545128258,-3.40460243310923,-0.86376345,-1.4770721,0.22082779,342.9161,102.70155,-8.837889,WAL
2068827278000,281.30989,-0.762898824419931,-7.75266030924306,-3.64396954796501,-0.9431759,-1.6511687,0.12583824,342.64725,102.829285,-8.798678,WAL
2068832301000,281.314913,-0.863535436653671,-7.58340775446938,-3.92758166465386,-1.0564915,-1.840537,0.06994407,342.328,102.949295,-8.737003,WAL
2068837312000,281.319924,-0.980211585068833,-7.47641916561433,-4.23090930128351,-1.2202033,-2.017077,0.03726278,341.95834,103.15309,-8.710615,WAL
2068842315000,281.324927,-1.18354702627057,-7.69959201190353,-4.64253968384225,-1.359786,-2.097406,0.018020526,341.56158,103.36753,-8.675411,WAL
2068847321000,281.329933,-1.34837805497251,-7.93204634932534,-4.974946792004,-1.4278975,-2.0839667,-0.01985312,341.13916,103.65721,-8.665918,WAL
2068852313000,281.334925,-1.38182645077461,-8.19485606446777,-5.03706513443278,-1.4043792,-1.9569068,-0.05009095,340.72726,103.95428,-8.64992,WAL
2068857330000,281.339942,-1.38366387149434,-8.43977034816804,-4.99192445942835,-1.3558154,-1.842675,-0.05681047,340.3253,104.3225,-8.6649065,WAL
2068862307000,281.344919,-1.27851655969691,-8.61806352052561,-4.58505017446768,-1.3362677,-1.5922203,-0.03634648,339.9985,104.68951,-8.6630535,WAL
2068867284000,281.349896,-1.16562944081274,-8.80154783734877,-4.11750441826078,-1.317331,-1.3176364,0.025350908,339.71075,105.05866,-8.666235,WAL
2068872321000,281.354933,-1.00102735375866,-9.02101697425292,-3.24960239106607,-1.312444,-1.0549643,0.10720685,339.49234,105.4297,-8.664932,WAL
2068877310000,281.359922,-0.847794116901866,-9.22745432076873,-2.41347603579055,-1.3646729,-0.8573494,0.17867808,339.3275,105.752045,-8.637546,WAL
2068882307000,281.364919,-0.732276722129793,-9.39184499675053,-1.66705603856652,-1.4654657,-0.7483099,0.2415972,339.21445,106.09204,-8.6185255,WAL
2068887355000,281.369967,-0.611216608306736,-9.55104431937824,-0.911687215554404,-1.5879441,-0.7165449,0.2855795,339.1593,106.30962,-8.538972,WAL
2068892308000,281.37492,-0.424430170692228,-9.60019860994819,-0.149795147129534,-1.6643023,-0.7492262,0.3036,339.11374,106.54264,-8.468639,WAL
2068897280000,281.379892,-0.245095232382895,-9.62713161298548,0.552603192251864,-1.6762142,-0.86254174,0.31490102,339.05176,106.684006,-8.379719,WAL
2068902287000,281.384899,-0.127521995712436,-9.48134079629266,0.778343806894861,-1.6151277,-1.0079277,0.30665436,338.96643,106.824936,-8.298695,WAL
2068907291000,281.389903,-0.0180441000747543,-9.32662288762037,0.979384178203117,-1.4737124,-1.1322387,0.29718593,338.73157,106.96315,-8.296145,WAL
2068912306000,281.394918,-0.003740212323836,-9.06438463933287,0.888792885628909,-1.2846496,-1.205848,0.28924468,338.47293,107.06906,-8.296868,WAL
2068917356000,281.399968,0.00453160323140741,-8.79825629718519,0.786793547543704,-1.0677924,-1.2281445,0.28680122,338.16296,107.13266,-8.31222,WAL
2068922321000,281.404933,-0.061214949816,-8.511788792,0.55668062144,-0.84482664,-1.2180653,0.29168814,337.84546,107.14414,-8.327741,WAL
2068927462000,281.410074,-0.134401818936602,-8.22103830611869,0.307395026511242,-0.66156703,-1.174083,0.3115413,337.5433,107.126434,-8.343184,WAL
2068932296000,281.414908,-0.266646824681165,-8.02053822263177,-0.0637441834463694,-0.5412266,-1.0882565,0.34055737,337.26074,107.06953,-8.355577,WAL
2068937373000,281.419985,-0.405539645153889,-7.80995921479911,-0.453540163784556,-0.4636467,-0.99204516,0.36193767,337.00327,107.03542,-8.391122,WAL
2068942325000,281.424937,-0.610645374435086,-7.66120049190633,-0.82060625332272,-0.462425,-0.8921687,0.3912592,336.77737,106.99541,-8.42731,WAL
2068947238000,281.42985,-0.823282749486442,-7.52105302900575,-1.18305634392975,-0.5002986,-0.7987063,0.42271876,336.58182,106.949455,-8.460714,WAL
2068952290000,281.434902,-1.02670450251416,-7.46441988444798,-1.50969133712611,-0.5833763,-0.75777835,0.46273044,336.45538,106.97979,-8.509154,WAL
2068957246000,281.439858,-1.22479965906787,-7.41725440616118,-1.82570023864653,-0.6994407,-0.6603453,0.4783075,336.37302,107.02818,-8.546891,WAL
2068962304000,281.444916,-1.3928496296386,-7.47159425656429,-1.98041704951071,-0.7669413,-0.5729916,0.52381694,336.38736,107.12422,-8.591534,WAL
2068967264000,281.449876,-1.55393222551109,-7.5360272564674,-2.11388555062494,-0.90469146,-0.535118,0.5742133,336.41202,107.26645,-8.638727,WAL
2068972308000,281.45492,-1.6460158287888,-7.79343384370055,-2.23850728253195,-1.0552697,-0.4972443,0.6206391,336.4639,107.50891,-8.743299,WAL
2068977243000,281.459855,-1.72272354044431,-8.08108777492392,-2.35836310389531,-1.1911873,-0.46486846,0.6407976,336.5209,107.77599,-8.849488,WAL
2068982295000,281.464907,-1.72156210234139,-8.40528970864804,-2.26848903865181,-1.2846496,-0.4615087,0.6774496,336.57635,108.109566,-9.009393,WAL
2068987319000,281.469931,-1.70793469206949,-8.73234774490181,-2.14584225134063,-1.3316863,-0.51923543,0.6985244,336.61935,108.4524,-9.167811,WAL
2068992416000,281.475028,-1.73564832754646,-9.03911539092514,-1.84930023104558,-1.3631458,-0.61483586,0.72082096,336.65344,108.811356,-9.338102,WAL
2068997239000,281.479851,-1.7740152399647,-9.32207140130827,-1.51838574289274,-1.3845261,-0.7516697,0.72356987,336.6565,109.16571,-9.511365,WAL
2069002373000,281.484985,-1.83743354130197,-9.64840998193907,-1.2070216636102,-1.3842206,-0.874759,0.7174612,336.615,109.51849,-9.706594,WAL
2069007296000,281.489908,-1.90293445446065,-9.96655708598789,-0.916946211987695,-1.4025466,-0.9960158,0.72112644,336.53683,109.86947,-9.9094095,WAL
2069012341000,281.494953,-2.03221018969133,-10.3501983738128,-0.632109985696478,-1.4052955,-1.078788,0.7067711,336.41086,110.20021,-10.1401415,WAL
2069017312000,281.499924,-2.17350314360902,-10.7411091484962,-0.354233849548872,-1.395827,-1.1227703,0.6753115,336.26367,110.51938,-10.366257,WAL
2069022354000,281.504966,-2.30582792656467,-11.0434001144447,-0.151689545857342,-1.3848315,-1.1230757,0.65087694,336.0806,110.81856,-10.618233,WAL
2069027323000,281.509935,-2.4334707554242,-11.3175960110272,0.0279559807897874,-1.3509285,-1.1065824,0.6414085,335.89142,111.09861,-10.8603525,WAL
2069032305000,281.514917,-2.54791941440449,-11.4025284517595,0.218727820037703,-1.2687671,-1.0958922,0.65148777,335.69287,111.33167,-11.118946,WAL
2069037347000,281.519959,-2.65995251792343,-11.4352044527262,0.414785712201276,-1.1285735,-1.133155,0.6899723,335.48917,111.53864,-11.377981,WAL
2069042310000,281.524922,-2.55660466245542,-11.3034021190163,0.241931668325512,-0.9239337,-1.2052372,0.7461719,335.26807,111.713646,-11.674578,WAL
2069047311000,281.529923,-2.36779930991177,-11.1056058565797,-0.0772391879979351,-0.65393126,-1.2837334,0.8136725,335.04028,111.84318,-11.980334,WAL
2069052303000,281.534915,-2.12664499317286,-11.0698602323175,-0.408474246862996,-0.3118467,-1.3069462,0.870483,334.80612,111.910545,-12.319373,WAL
2069057313000,281.539925,-1.84650688520871,-11.1509532085019,-0.750046232138284,0.026267206,-1.278541,0.8897252,334.56744,111.921616,-12.659158,WAL
2069062304000,281.544916,-1.5674311772548,-11.2317386464533,-1.09032283463508,0.19120082,-1.1081096,0.8940013,334.37436,111.92281,-12.955653,WAL
2069067292000,281.549904,-1.28852321667093,-11.3124755257362,-1.43039490300896,0.47769663,-0.8402451,0.86254174,334.21765,111.8215,-13.227902,WAL
2069072314000,281.554926,0.00353526815726302,-11.1247722238896,-2.03185528670468,0.6435465,-0.52656585,0.8032878,334.10904,111.73308,-13.485457,WAL
2069077308000,281.55992,1.7738266835034,-10.8089901530612,-2.75432546615646,0.6533204,-0.21227567,0.70952,334.07245,111.611824,-13.696064,WAL
2069082300000,281.564912,2.4879704267666,-10.8233400149893,-2.91241560171306,0.5021312,0.042455133,0.59131753,334.09436,111.491455,-13.764557,WAL
2069087329000,281.569941,2.69891832727273,-10.9967861818182,-2.79991000909091,0.24007004,0.21685717,0.45631635,334.17413,111.378555,-13.783303,WAL
2069092311000,281.574923,2.55529385170341,-11.2575791342685,-2.45076321044947,-0.05009095,0.26083946,0.27366763,334.1699,111.19973,-13.49809,WAL
2069097300000,281.579912,2.19965513627255,-11.572182741483,-1.95834043595763,-0.3200934,0.1386664,0.054367006,334.15286,111.04969,-13.170756,WAL
2069102284000,281.584896,1.65540404015009,-11.787094974359,-1.52076576001668,-0.5323691,-0.07696902,-0.14477506,334.0758,110.89715,-12.781963,WAL
2069107316000,281.589928,0.932094636022514,-11.9126691794872,-1.12897315955806,-0.6731735,-0.30268374,-0.29626966,333.94843,110.77031,-12.365049,WAL
2069112306000,281.594918,0.278392765389474,-11.9224790389474,-0.979616612421053,-0.75319684,-0.4813618,-0.38515055,333.7614,110.637405,-11.992074,WAL
2069117298000,281.59991,-0.334640183219139,-11.8584307235407,-0.984191481856459,-0.754724,-0.5635232,-0.4083634,333.53534,110.51479,-11.614125,WAL
2069122314000,281.604926,-0.813607681047082,-11.9181251483453,-1.0512462601211,-0.69974613,-0.5412266,-0.37904188,333.31302,110.41687,-11.348422,WAL
2069127309000,281.609921,-1.16317767448585,-12.0929099964506,-1.1760926844869,-0.59681535,-0.39370266,-0.3115413,333.1084,110.31599,-11.088375,WAL
2069132299000,281.614911,-1.27475381927711,-12.5142321927711,-1.15937055783133,-0.46822822,-0.19120082,-0.21563543,332.96658,110.270485,-10.945026,WAL
2069137322000,281.619934,-1.22838821288675,-13.1030754568675,-1.04809312186024,-0.34605515,0.008246681,-0.124311075,332.87283,110.213806,-10.809429,WAL
2069142310000,281.624922,-1.07435377516987,-13.741464444768,-0.77299759862551,-0.21777347,0.17959438,-0.058337633,332.84726,110.17654,-10.7325,WAL
2069147308000,281.62992,-0.82346038507086,-14.4290979398175,-0.350195805655213,-0.06658431,0.30909783,-0.04337143,332.86957,110.11166,-10.655093,WAL
2069152306000,281.634918,-0.512969873877147,-15.0308053690786,0.0985249521447163,0.09407325,0.36377025,-0.062002823,332.90445,109.979065,-10.563128,WAL
2069157316000,281.639928,-0.133327499252473,-15.5353303643935,0.578073211863613,0.17684549,0.43249258,-0.08093964,332.9812,109.8346,-10.46615,WAL
2069162305000,281.644917,0.236196804738528,-15.8538177894737,0.914585951056377,0.35246924,0.453262,-0.12858713,333.02597,109.53035,-10.311333,WAL
2069167302000,281.649914,0.599212303989417,-16.0196392894737,1.13418792328058,0.55924714,0.40317106,-0.19303341,333.0696,109.20045,-10.151863,WAL
2069172312000,281.654924,0.931796047474112,-16.0718557514721,1.17032370742944,0.79290307,0.3191771,-0.2602286,333.0831,108.72792,-9.92638,WAL
2069177307000,281.659919,1.21832727004264,-15.9601574093401,0.942069986586802,1.0351112,0.2415972,-0.34697145,333.08252,108.20215,-9.688049,WAL
2069182298000,281.66491,1.40254657197274,-15.7389654112595,0.716168279869293,1.2782356,0.2012801,-0.441961,333.05185,107.56469,-9.38471,WAL
2069187333000,281.669945,1.45656867630473,-15.3743164303053,0.491076223926804,1.534188,0.19364429,-0.5552765,333.00772,106.86458,-9.063724,WAL
2069192292000,281.674904,1.44473314617828,-14.9471689735338,0.287431950455219,1.7858646,0.1872302,-0.68386364,332.94867,106.11383,-8.685002,WAL
2069197307000,281.679919,1.27694646213212,-14.3522883568706,0.124729646061825,1.9798143,0.16982053,-0.8231409,332.88364,105.31315,-8.282218,WAL
2069202299000,281.684911,1.02767032840818,-13.7397700862069,-0.00249596071672013,2.1526892,0.12889257,-0.95111716,332.8121,104.48936,-7.855849,WAL
2069207314000,281.689926,0.656967420128308,-13.094650862069,-0.0795251290858059,2.3533583,0.10567969,-1.0806206,332.73984,103.60827,-7.3994336,WAL
2069212239000,281.694851,0.212399661923848,-12.4843904011833,-0.155524637807043,2.5760188,0.08979719,-1.1890492,332.6675,102.72725,-6.954928,WAL
2069217299000,281.699911,-0.365645003406814,-11.8924727697299,-0.234138712871457,2.8157833,0.10567969,-1.2742649,332.59964,101.79582,-6.489017,WAL
2069222244000,281.704856,-0.950291462455642,-11.4463249742472,-0.305049887786677,3.0363057,0.1386664,-1.3408492,332.5452,100.87905,-6.0717936,WAL
2069227309000,281.709921,-1.59455335138396,-11.2938660606306,-0.364066242769948,3.2513304,0.22418754,-1.4074335,332.51453,99.91377,-5.63608,WAL
2069232299000,281.714911,-2.1960441755485,-11.2553448411278,-0.490732087327752,3.452916,0.31642818,-1.4474452,332.52026,99.01056,-5.3031745,WAL
2069237332000,281.719944,-2.7387124352194,-11.4315962197844,-0.750470712097768,3.6114354,0.4288274,-1.473407,332.56256,98.08675,-4.9609203,WAL
2069242305000,281.724917,-3.27474502035643,-11.6695853204994,-1.09742465466501,3.6926804,0.6078109,-1.4801265,332.6765,97.2665,-4.731557,WAL
2069247308000,281.72992,-3.81355238615267,-12.0851065699037,-1.69559223640999,3.6612208,0.84421575,-1.4541647,332.84735,96.48211,-4.5105314,WAL
2069252343000,281.734955,-4.34986088823083,-12.491867123956,-2.23122150461276,3.53355,0.96791595,-1.4187346,333.06345,95.90811,-4.419113,WAL
2069257314000,281.739926,-4.85140798936978,-12.839786640186,-2.44810671585991,3.4235942,1.1218541,-1.3930782,333.36032,95.39833,-4.3357406,WAL
2069262389000,281.745001,-5.36119206602526,-13.1953824672279,-2.66014670673482,3.2275066,1.135904,-1.3344351,333.66922,95.25958,-4.44326,WAL
2069267298000,281.74991,-5.82764251060333,-13.5440424948888,-2.75437913866506,3.0460796,1.0115929,-1.2366967,333.98062,95.17804,-4.5653296,WAL
2069272358000,281.75497,-6.3193923206047,-13.9089659073348,-2.84230088673012,2.894585,0.829555,-1.146594,334.29193,95.198044,-4.7507687,WAL
2069277308000,281.75992,-6.93429743258679,-14.3336482841545,-2.81575815156775,2.7754662,0.66645396,-1.0827587,334.5716,95.271454,-4.948929,WAL
2069282311000,281.764923,-7.555786377081,-14.7628777652109,-2.78893122146323,2.6661212,0.50488013,-1.0903945,334.82016,95.410545,-5.1877985,WAL
2069287341000,281.769953,-8.69178088246366,-15.0007091308167,-2.21970907113876,2.5842655,0.28863382,-1.2095132,335.00586,95.55063,-5.401828,WAL
2069292619000,281.775231,-9.82061824085426,-15.1776574447301,-1.60631092042713,2.4972172,-0.08979719,-1.4624114,335.09814,95.66123,-5.565087,WAL
2069297307000,281.779919,-9.50101010955112,-14.6538547917738,-1.44650685477556,2.4361305,-0.50793445,-1.7061466,335.1502,95.80194,-5.751111,WAL
2069302696000,281.785308,-9.08459788799476,-14.0522108256761,-1.32389787546552,2.3414464,-0.6954701,-1.7708983,335.22485,96.04844,-6.034674,WAL
2069307311000,281.789923,-8.06310928829419,-13.5435343584729,-2.0476247060073,2.2058344,-0.40591997,-1.6936239,335.31754,96.27071,-6.270116,WAL
2069312287000,281.794899,-6.96171659661271,-12.9950675977356,-2.82796375449612,1.8686367,-0.08979719,-1.6600263,335.3626,83.58432,-6.412917,WAL
2069317299000,281.799911,-5.81121625575854,-12.3617632545671,-2.96173969841144,1.5131133,0.0067195175,-1.6132951,335.42935,83.41603,-6.571184,WAL
2069322253000,281.804865,-4.66658058697379,-11.7211444569102,-2.97587099324861,1.4001031,0.14874569,-1.488984,335.59818,83.22254,-6.7517567,WAL
2069327311000,281.809923,-3.75472854057426,-11.3099232197046,-3.4699957257591,1.5173893,0.5122105,-1.3726143,335.79715,83.21194,-6.7574296,WAL
2069332298000,281.81491,-2.90915563057518,-10.9550451705348,-4.05707743410696,1.7415768,1.0308352,-1.3048081,336.07916,83.18076,-6.78429,WAL
2069337304000,281.819916,-1.73109632863503,-10.8508747388478,-3.53436012467278,1.9746219,1.3939945,-1.2632693,336.37738,83.28205,-6.6735544,WAL
2069342271000,281.824883,-0.388468243638145,-10.8805228330514,-2.42891555498175,2.2186625,1.670411,-1.2727377,336.79422,83.36296,-6.5751324,WAL
2069347278000,281.82989,0.619279065825618,-10.9140811199512,-1.57794865620104,2.3790147,1.7858646,-1.3057245,337.213,83.58974,-6.3228955,WAL
2069352284000,281.834896,1.11191219686642,-10.9531013340116,-1.11945844165225,2.5231788,1.8894062,-1.3075571,337.70016,83.78274,-6.088829,WAL
2069357271000,281.839883,1.50243709635443,-10.8860491695639,-0.89294898795073,2.6080892,1.9764545,-1.3164146,338.15668,84.108284,-5.6788316,WAL
2069362272000,281.844884,1.76409883514453,-10.6814776187543,-0.964311275831926,2.701857,1.9578232,-1.3387111,338.60248,84.38145,-5.2811656,WAL
2069367267000,281.849879,1.86351166840855,-10.4714837874109,-1.09929304813935,2.685058,1.8332067,-1.3509285,339.03537,84.64806,-4.807994,WAL
2069372280000,281.854892,1.73997426134204,-10.2529174339371,-1.32261063807403,2.5738807,1.7916678,-1.2822062,339.47833,84.82514,-4.370307,WAL
2069377255000,281.859867,1.55951929671988,-9.99189150822448,-1.62515307152395,2.452013,1.8353447,-1.2241739,339.89612,84.97233,-3.8916347,WAL
2069382282000,281.864894,1.28934307227866,-9.66115892791485,-2.0537085425254,2.2941043,1.8777997,-1.1737776,340.29242,85.05568,-3.4476452,WAL
2069387247000,281.869859,1.01705427682391,-9.32272026106065,-2.45829133367516,2.1881194,1.9898936,-1.1154399,340.724,85.0744,-3.0406697,WAL
2069392277000,281.874889,0.73006809106358,-8.95575427512452,-2.82996195883387,2.107485,2.1465805,-1.0638218,341.1698,85.06012,-2.6641748,WAL
2069397249000,281.879861,0.415331218603883,-8.58156293011152,-3.14343560821974,2.0372355,2.273335,-1.0097603,341.64777,85.00619,-2.3322997,WAL
2069402222000,281.884834,0.0218949323234201,-8.17829052843866,-3.32048185436803,1.9553796,2.3533583,-0.95264435,342.145,84.93508,-2.033104,WAL
2069407190000,281.889802,-0.34544209211499,-7.77011925420945,-3.42715958767967,1.8811595,2.3719897,-0.9104946,342.68713,84.8238,-1.7587947,WAL
2069412228000,281.89484,-0.666245931895962,-7.34552585571526,-3.39413568733744,1.8164078,2.3576343,-0.86498517,343.23157,84.706535,-1.5155538,WAL
2069417225000,281.899837,-0.980310000498257,-6.9342765679311,-3.32620252522042,1.7718146,2.3218987,-0.82986045,343.8179,84.54241,-1.3135031,WAL
2069422232000,281.904844,-1.2851045497683,-6.5459093367234,-3.17380523518557,1.7259997,2.2925773,-0.79626286,344.39398,84.3858,-1.1341103,WAL
2069427197000,281.909809,-1.56174659333333,-6.19725808888889,-3.02206779944444,1.6945401,2.2519548,-0.7644979,344.99124,84.177,-1.0094291,WAL
2069432211000,281.914823,-1.79107287894737,-5.91645063157895,-2.86762355131579,1.6432275,2.2220223,-0.75441855,345.57767,83.986145,-0.8969669,WAL
2069437361000,281.919973,-1.99832800931683,-5.64589890156905,-2.73132468860735,1.5537357,2.1896465,-0.7556403,346.18646,83.76043,-0.8403449,WAL
2069442226000,281.924838,-2.13454620764058,-5.42794965149596,-2.64959387392067,1.4556919,2.1749856,-0.7669413,346.78772,83.5557,-0.7925329,WAL
2069447217000,281.929829,-2.26326405457213,-5.21085536772616,-2.59131080782396,1.352761,2.176513,-0.7651087,347.4126,83.32832,-0.7942693,WAL
2069452335000,281.934947,-2.35913518137897,-5.00952601144254,-2.61527856449878,1.3112222,2.1740694,-0.7663304,348.02917,83.116615,-0.80047685,WAL
2069457329000,281.939941,-2.44529723739628,-4.80723911258941,-2.59230608183119,1.2098186,2.1838431,-0.79229224,348.6717,82.91518,-0.82959294,WAL
2069462305000,281.944917,-2.50438198139247,-4.58453475627086,-2.40141656576061,1.138042,2.228131,-0.78801614,349.31934,82.72078,-0.8772978,WAL
2069467322000,281.949934,-2.56098187312253,-4.35778775889328,-2.16780297233202,1.0668762,2.2806654,-0.8063421,349.98904,82.54034,-0.92910606,WAL
2069472325000,281.954937,-2.59497296599777,-4.11499481059086,-1.623946703233,0.99387777,2.2553146,-0.8414669,350.64685,82.38483,-0.9850748,WAL
2069477315000,281.959927,-2.63466090902421,-3.8648739247799,-1.10758789773111,0.84879726,2.1988094,-0.8943067,351.33282,82.21984,-1.0515575,WAL
2069482300000,281.964912,-2.70909101870873,-3.56715321173881,-0.748571827674248,0.6423248,2.1270328,-0.9129381,352.00446,82.096016,-1.125651,WAL
2069487690000,281.970302,-2.78593623275621,-3.25321838202169,-0.36175976833858,0.47158796,2.0448713,-0.9101892,352.6855,81.8902,-1.220219,WAL
2069492314000,281.974926,-2.76270273530955,-3.17964551206716,-0.0635958219517314,0.31703907,2.0561724,-0.9257663,353.37067,81.74264,-1.3150818,WAL
2069497288000,281.9799,-2.73771064700944,-3.1005037613851,0.25713676224554,0.15424347,1.9825631,-0.9242391,354.0347,81.5083,-1.4553572,WAL
2069502314000,281.984926,-2.80092897118388,-2.99286075314861,0.562276754740554,-0.0015271631,1.8579466,-0.90285885,354.68295,81.32128,-1.6052268,WAL
2069507260000,281.989872,-2.90592355619144,-2.8735487813602,0.853398160255919,-0.14874569,1.7479908,-0.87109387,355.3099,81.18076,-1.7647835,WAL
2069512304000,281.994916,-3.00088089301179,-2.78261965283401,1.00311444384351,-0.2947425,1.6542231,-0.82650065,355.943,81.00802,-1.9168705,WAL
2069517479000,282.000091,-3.09248094361908,-2.70410526518219,1.08599066600951,-0.4392121,1.5971072,-0.78893244,356.54987,80.87883,-2.080213,WAL
2069522320000,282.004932,-3.09726452857808,-2.60245026322443,1.0688300077783,-0.5757405,1.53205,-0.7480045,357.16754,80.80428,-2.2447014,WAL
2069527333000,282.009945,-2.99184953416062,-2.45870257995209,0.921887933768048,-0.7174612,1.4743233,-0.70157874,357.76627,80.76588,-2.4240756,WAL
2069532330000,282.014942,-2.88677099294697,-2.31541369638699,0.775414855006986,-0.8555168,1.4205672,-0.66828656,358.36865,80.75417,-2.6193836,WAL
2069537354000,282.019966,-2.78024306435455,-2.2109801395412,0.639170940583684,-0.98746365,1.3833044,-0.6374379,358.95496,80.77082,-2.8283174,WAL
2069542318000,282.02493,-2.67376849866974,-2.16258265562644,0.519790392664585,-1.1016954,1.3432927,-0.59773165,359.52103,80.809784,-3.0490174,WAL
2069547293000,282.029905,-2.56705799015203,-2.11407792507126,0.400145302838333,-1.2000448,1.3274102,-0.56230146,0.07637747,80.89952,-3.2347476,WAL
2069552354000,282.034966,-2.45223727057115,-2.10524738664085,0.319872767550823,-1.2547172,1.2831224,-0.54275376,0.6095647,80.99724,-3.4262426,WAL
2069557485000,282.040097,-2.32855836506292,-2.1433024192062,0.286574594187803,-1.366811,1.244638,-0.49296826,1.1354301,81.11889,-3.6373909,WAL
2069562405000,282.045017,-2.25259453272865,-2.19260288260582,0.322756677040816,-1.4865406,1.1817188,-0.4578435,1.6271253,81.24871,-3.820001,WAL
2069567315000,282.049927,-2.23482352441421,-2.25924411739418,0.451596580102041,-1.602605,1.073901,-0.4129449,2.0913215,81.386826,-4.017552,WAL
2069572358000,282.05497,-2.23257269294442,-2.3402708287386,0.619957753914989,-1.717753,0.9456194,-0.36926803,2.5516236,81.53838,-4.1745615,WAL
2069577469000,282.060081,-2.27047690152297,-2.45398363038203,0.88107611409396,-1.8329011,0.77121735,-0.3387248,2.9655464,81.70131,-4.3361363,WAL
2069582334000,282.064946,-2.306556724402,-2.56222326646016,1.12962646085011,-1.9544634,0.54641896,-0.32162055,3.3332195,81.888626,-4.4840007,WAL
2069587383000,282.069995,-2.47416387770082,-3.32985165192716,2.24040677455033,-2.0900755,0.2932153,-0.28344148,3.6403587,82.08187,-4.6398764,WAL
2069592289000,282.074901,-2.62360324673881,-4.14108753625184,3.28487105131333,-2.2360723,0.021380283,-0.2180789,3.8760839,82.2788,-4.8002386,WAL
2069597287000,282.079899,-2.68010877124447,-5.17231310034432,3.99589872515494,-2.364354,-0.25870144,-0.160963,4.0365014,82.484406,-4.9596696,WAL
2069602389000,282.085001,-2.72453957531405,-6.34886220681663,4.71302912860064,-2.4602597,-0.4728097,-0.058948494,4.131752,82.58771,-5.1710844,WAL
2069607354000,282.089966,-2.69212724884604,-8.20099369045671,5.36127522281624,-2.4944682,-0.6236934,0.06505715,4.159684,82.665436,-5.39535,WAL
2069612330000,282.094942,-2.6208799533234,-10.0777170713785,6.07422066320589,-2.463314,-0.6658431,0.24801129,4.1605597,82.64335,-5.643881,WAL
2069617368000,282.09998,-2.11741565800596,-12.2058055571729,7.49999728207646,-2.298686,-0.5170974,0.43310347,4.1643243,82.56175,-5.9207926,WAL
2069622361000,282.104973,-1.61844836413539,-14.3148857099263,8.91303869891266,-1.9382755,-0.28802297,0.6032294,4.1721663,82.37777,-6.1768103,WAL
2069627479000,282.110091,-0.221844688261221,-15.6190501235945,10.4921920454259,-1.2391402,-0.09896017,0.61300325,4.2017546,82.116005,-6.426917,WAL
2069632341000,282.114953,1.29854421608348,-16.6703385555456,12.0209580047675,-0.2312125,-0.063224554,0.35460728,4.246237,81.78136,-6.635365,WAL
2069637510000,282.120122,3.16324565735764,-17.5053024857378,12.1976801898878,0.6609562,0.056505036,-0.08368854,4.289317,81.42989,-6.6201677,WAL
2069642328000,282.12494,5.05906291901967,-18.1039812815364,11.4422042949233,1.0876455,0.35063666,-0.3659083,4.3909445,80.998566,-6.577124,WAL
2069647312000,282.129924,5.91677754469357,-18.5202990911809,10.0967888953662,1.2415836,0.61544675,-0.4550946,4.3922896,80.5735,-6.169371,WAL
2069652250000,282.134862,6.13826665082212,-18.8171892675635,8.44268978804185,1.2483032,1.178359,-0.5235115,4.588616,80.05966,-5.739941,WAL
2069657237000,282.139849,5.66324194975605,-17.9558338692193,7.01971625774289,1.1426234,1.6239853,-0.5571091,4.791695,79.72945,-5.0330486,WAL
2069662251000,282.144863,4.74138374735893,-16.3514948015486,5.74643148599915,1.0076222,1.8445076,-0.58062744,5.1085362,79.32433,-4.3791614,WAL
2069667245000,282.149857,3.66724918970519,-14.1540767103416,4.94845743233505,0.8689558,1.8668042,-0.573297,5.553681,79.06824,-3.7233653,WAL
2069672242000,282.154854,2.53412876820777,-11.731079813664,4.32591293340197,0.7443393,1.758681,-0.5543602,6.016543,78.793976,-3.120263,WAL
2069677251000,282.159863,1.46124831564738,-9.28488777224199,3.92334449396035,0.6123924,1.6255124,-0.5204572,6.526798,78.57943,-2.6602805,WAL
2069682303000,282.164915,0.4232607649879,-6.80552438434164,3.67245662626335,0.47219884,1.5054774,-0.4831944,6.992163,78.3802,-2.2302945,WAL
2069688086000,282.170698,-0.482878758939759,-4.89336381365462,3.49680377751004,0.31581733,1.4046847,-0.4288274,7.4465704,78.20041,-1.9914799,WAL
2069692233000,282.174845,-1.0392673570255,-3.82880691406556,3.40778162703839,0.11942416,1.3142766,-0.33444872,7.854989,78.06439,-1.7778617,WAL
2069697213000,282.179825,-1.66569125381113,-3.00492555907741,3.31809536604633,-0.10048734,1.2345587,-0.20311269,8.243633,77.92791,-1.7410325,WAL
2069702215000,282.184827,-2.2489510928529,-2.67773088479509,3.24696605458325,-0.34330627,1.1392636,-0.05589417,8.592815,77.84852,-1.7310692,WAL
2069707195000,282.189807,-2.79246571845154,-2.7050784694829,3.28555916758971,-0.569021,0.9388999,0.099571034,8.895518,77.781845,-1.8594733,WAL
2069712327000,282.194939,-3.30630657797871,-3.17262725821795,3.46146863056419,-0.77824235,0.6062838,0.24587326,9.124862,77.768936,-2.0141706,WAL
2069717238000,282.19985,-3.76734201376119,-3.98208455618147,3.66937167940851,-0.9673051,0.11575896,0.38789943,9.261943,77.785866,-2.2776687,WAL
2069722240000,282.204852,-4.17693567204507,-5.51444682848808,3.95849643707876,-1.1142182,-0.50488013,0.49938235,9.261154,77.83303,-2.5477283,WAL
2069727197000,282.209809,-4.615902900808,-7.34692890881108,4.04339827549057,-1.2159272,-1.2195925,0.5726862,9.107186,77.87799,-2.887482,WAL
2069732213000,282.214825,-5.12418480530973,-9.80978611504425,3.73842923893805,-1.2513574,-1.9022343,0.64721173,8.780477,77.92054,-3.2255118,WAL
2069737233000,282.219845,-5.72217955571605,-12.1635093586463,3.14527148534874,-1.1548407,-2.3649647,0.7330383,8.3298435,77.93104,-3.599918,WAL
2069742232000,282.224844,-6.56190917215229,-14.203557829447,1.76712733852662,-1.0183123,-2.4657576,0.84849185,7.7849336,77.9128,-3.9816098,WAL
2069747209000,282.229821,-7.37604347952087,-15.8828825880989,0.70453918231762,-0.89461213,-2.4281893,0.8900307,7.2153087,77.96843,-4.3678055,WAL
2069752264000,282.234876,-8.15701290161321,-16.850910693296,0.274304466563659,-0.5152648,-2.1200078,0.92149025,6.696478,77.89095,-4.777935,WAL
2069757228000,282.23984,-8.39295924972486,-17.6816962356178,0.201667718508454,0.13622294,-1.4413365,0.95630956,6.4369946,77.89161,-5.243126,WAL
2069762222000,282.244834,-7.11056600350175,-18.1745558194097,1.12996739152876,1.0772609,-0.8164214,0.9108001,6.2658763,77.70073,-5.6855316,WAL
2069767229000,282.249841,-5.58285779210733,-18.1024052090623,1.49606308783173,1.781283,-0.67256266,0.6114761,6.2199683,77.458954,-6.1366477,WAL
2069772211000,282.254823,-3.37407173680951,-16.4188510822685,0.253327916650285,1.8002199,-0.61391956,0.15699236,6.3425307,77.17815,-6.5364957,WAL
2069777226000,282.259838,-1.42393079319456,-14.4016538638911,-1.02312345756605,1.2647965,-0.33475417,-0.1563815,6.523188,76.90831,-6.706352,WAL
2069782221000,282.264833,-0.428142280254203,-11.2754522300841,-2.3827578084968,0.42943826,0.0143553335,-0.34330627,6.75452,76.76643,-6.789665,WAL
2069787238000,282.26985,0.394930634665868,-8.38330149026071,-3.36718741839976,-0.42394048,-0.025045475,-0.52442783,6.838453,76.96489,-6.5766864,WAL
2069792230000,282.274842,0.614603133413245,-6.34416797392868,-3.05678056002397,-1.0629056,-0.39278635,-0.5390886,6.9236674,77.31072,-6.3673844,WAL
2069797215000,282.279827,0.686156722962751,-4.5715065791213,-2.73464922288443,-1.4492778,-0.8695667,-0.49541172,6.8937526,77.88277,-6.0833554,WAL
2069802328000,282.28494,0.227829219616046,-3.7016196804298,-2.36050439793696,-1.7140878,-1.2699889,-0.48502702,6.7802153,78.582634,-5.7752457,WAL
2069807303000,282.289915,-0.211494525842337,-2.89098847515006,-2.06677755162065,-1.9187278,-1.5375478,-0.47067168,6.547916,79.28556,-5.4657674,WAL
2069812310000,282.294922,-0.614444717171869,-2.28656318064226,-2.18670316593637,-2.0717494,-1.7562376,-0.43249258,6.2126975,80.0304,-5.1533375,WAL
2069817277000,282.299889,-1.03816681629564,-1.75774053909172,-2.33608408860196,-2.182927,-2.0250182,-0.3268129,5.804201,80.71049,-4.926107,WAL
2069822291000,282.304903,-1.61303488909667,-1.65797007499753,-2.67340335704957,-2.2739458,-2.371379,-0.21227567,5.3102236,81.40548,-4.7064366,WAL
2069827298000,282.30991,-2.18243297850602,-1.62290827871807,-3.02055338251566,-2.3386977,-2.7415633,-0.118507855,4.8150196,82.06271,-4.535165,WAL
2069832330000,282.314942,-2.72123747045783,-2.05023600097349,-3.44323633839036,-2.336865,-3.0390546,-0.036651913,4.2425337,82.687386,-4.390224,WAL
2069837432000,282.320044,-3.25612304986831,-2.47931029426661,-3.88359021613655,-2.2773056,-3.1920764,0.04734206,3.6823401,83.24737,-4.334113,WAL
2069842308000,282.32492,-3.62980863588938,-2.83880534718395,-4.4464836675547,-2.2275202,-3.2113185,0.13775012,3.0819585,83.75482,-4.302997,WAL
2069847299000,282.329911,-4.00321882965892,-3.22258842466634,-4.94665973568957,-2.2049181,-3.1422908,0.19517145,2.506608,84.18548,-4.366435,WAL
2069852477000,282.335089,-4.27285589769649,-3.82559485905091,-4.48092292596144,-2.1496348,-2.9932396,0.32467487,1.9572798,84.498184,-4.479378,WAL
2069857449000,282.340061,-4.52866263542181,-4.41676461470153,-4.03110789289591,-2.0830505,-2.853657,0.45631635,1.483708,84.7089,-4.6548953,WAL
2069862310000,282.344922,-4.74454667192896,-5.12872245436606,-3.56259382540701,-2.0201313,-2.810591,0.6053675,1.0357398,84.77887,-4.873707,WAL
2069867569000,282.350181,-4.95459717785142,-5.92161904501519,-3.10706163371997,-1.9498819,-2.8542678,0.7812967,0.6425538,84.68086,-5.1485,WAL
2069872316000,282.354928,-4.87926810416091,-6.8925271544693,-3.27445952184479,-1.9007072,-2.9061913,1.0045679,0.27072734,84.45985,-5.4772835,WAL
2069877268000,282.35988,-4.80068593164872,-7.90536409527755,-3.44908651615576,-1.8493946,-2.8667905,1.2657127,359.90735,84.094444,-5.891606,WAL
2069882344000,282.364956,-4.48824020690164,-9.2521551498474,-3.80493788606872,-1.7999145,-2.6224444,1.5497651,359.6028,83.63202,-6.3679814,WAL
2069887293000,282.369905,-4.14293380579896,-10.6193815695579,-4.18290836932165,-1.7629571,-2.2088888,1.8216002,359.3744,96.91516,-6.904968,WAL
2069892330000,282.374942,-3.45964137516327,-11.8117179062594,-4.2839012632975,-1.733941,-1.6780468,2.0460932,359.167,97.58066,-7.53475,WAL
2069897243000,282.379855,-2.72218220611876,-12.9320887330453,-4.32171966450316,-1.7330247,-1.1502593,2.2241604,359.09506,98.31432,-8.213965,WAL
2069902373000,282.384985,-1.95652908757709,-13.8160753400881,-3.94090247682819,-1.7666223,-0.6951646,2.3441954,359.0698,99.09768,-8.908402,WAL
2069907248000,282.38986,-1.22983080563877,-14.5976187321586,-3.49300036229075,-1.824349,-0.42852196,2.3924537,359.15662,99.91346,-9.615957,WAL
2069912345000,282.394957,-0.394466485014872,-14.8487791017252,-3.25421145526472,-1.9578232,-0.2996294,2.3341162,359.25876,100.63819,-10.20116,WAL
2069917274000,282.399886,0.43392161899762,-14.937701956276,-3.08572571484236,-2.1218405,-0.23182335,2.2208006,359.43015,101.3689,-10.768644,WAL
2069922337000,282.404949,1.28862592518588,-14.4271244397988,-3.21048063541071,-2.207056,-0.21410827,2.081218,359.5529,101.93698,-11.170242,WAL
2069927246000,282.409858,2.11845002834434,-13.7549206104921,-3.41909561191204,-2.1868975,-0.21777347,1.9544634,359.69397,102.484314,-11.53448,WAL
2069932323000,282.414935,2.49968406669111,-13.0279418531476,-3.09109463765581,-2.0576997,-0.18570304,1.8063285,359.79184,102.87196,-11.732611,WAL
2069937347000,282.419959,2.70631107764743,-12.2971874498795,-2.57200703250236,-1.7993035,-0.301462,1.5460999,359.84344,103.182915,-11.864651,WAL
2069942350000,282.424962,2.92540529660185,-11.3712608903153,-2.23884838012082,-1.5286902,-0.40622538,1.2162327,359.85876,103.37392,-11.857994,WAL
2069947263000,282.429875,3.14302773069662,-10.4252695574854,-1.94572434957523,-1.4086553,-0.65393126,1.0458013,359.7968,103.53113,-11.831755,WAL
2069952370000,282.434982,3.21161958093662,-9.43685963762048,-1.90874028030377,-1.2473868,-0.9764681,0.72021013,359.65234,103.4803,-11.654378,WAL
2069957323000,282.439935,3.21623776758836,-8.47626601207283,-1.97801385165028,-1.1969905,-1.4605788,0.43401974,359.3827,103.39998,-11.455938,WAL
2069962341000,282.444953,2.98396700101688,-7.76012875879601,-2.4529938203071,-1.2947289,-2.012801,0.21380283,358.9963,103.2154,-11.17628,WAL
2069967344000,282.449956,2.63317194407159,-7.17547046621924,-3.13022333310962,-1.4694363,-2.518292,0.03268129,358.4716,102.98081,-10.84297,WAL
2069972361000,282.454973,2.18304430183107,-6.98736742996653,-3.94352503350069,-1.6676621,-2.903137,-0.12492194,357.82086,102.775665,-10.505063,WAL
2069977345000,282.459957,1.69436501535735,-6.96857208789132,-4.80811121054341,-1.788308,-3.0833423,-0.23884831,357.07864,102.55996,-10.136524,WAL
2069982345000,282.464957,1.1942178303381,-7.12347515390833,-5.47400632272055,-1.8093829,-3.0057623,-0.3005457,356.302,102.53588,-9.85971,WAL
2069987414000,282.470026,0.682212225612617,-7.36751525117792,-6.04821834568753,-1.7608191,-2.7146852,-0.32375857,355.53482,102.51502,-9.557654,WAL
2069992343000,282.474955,0.253377532636051,-7.68014937705847,-6.05188313857981,-1.674687,-2.2944098,-0.344528,354.86646,102.67319,-9.3379545,WAL
2069997324000,282.479936,-0.142290081701396,-8.03721512816104,-5.75271982460044,-1.5906931,-1.8646661,-0.35277468,354.28394,102.83669,-9.101961,WAL
2070002351000,282.484963,-0.495398259827974,-8.44863028589581,-5.12790589744893,-1.5323554,-1.4993688,-0.31703907,353.8453,103.12867,-8.940079,WAL
2070007354000,282.489966,-0.823215030363601,-8.88415828208386,-4.34114558948294,-1.4899004,-1.2137892,-0.24251351,353.5049,103.425934,-8.770722,WAL
2070012339000,282.494951,-1.09175301221963,-9.32840228793261,-3.57155984369228,-1.4743233,-0.9963212,-0.15393804,353.23886,103.74052,-8.65186,WAL
2070017358000,282.49997,-1.32591187716939,-9.78208514767076,-2.80566507912311,-1.4608842,-0.78893244,-0.06078109,353.0517,104.065285,-8.540714,WAL
2070022346000,282.504958,-1.48781113859841,-10.0484449606362,-1.98694267781113,-1.4703526,-0.5635232,0.055283304,352.9056,104.33248,-8.474266,WAL
2070027347000,282.509959,-1.61159190371769,-10.2150727129225,-1.13476017797614,-1.509448,-0.4083634,0.14844026,352.80023,104.61288,-8.419126,WAL
2070032350000,282.514962,-1.58221528061765,-10.2043236655882,-0.2150950644,-1.5909985,-0.30970868,0.20891592,352.70956,104.78649,-8.375651,WAL
2070037386000,282.519998,-1.46400747438235,-10.0908443177451,0.749480903066666,-1.6740762,-0.3023783,0.2733622,352.6425,104.98232,-8.355932,WAL
2070042349000,282.524961,-1.30049172292458,-9.88643489537908,1.66027998671734,-1.7211128,-0.34666604,0.29535335,352.54218,105.03228,-8.32576,WAL
2070047347000,282.529959,-1.10420639569914,-9.61833803620724,2.55074487247449,-1.7208074,-0.5412266,0.33750305,352.41144,105.10746,-8.329848,WAL
2070052336000,282.534948,-0.955931411875,-9.36118917248062,2.92235519612403,-1.6056592,-0.79901177,0.36071593,352.1958,105.18943,-8.376003,WAL
2070057348000,282.53996,-0.839654891375,-9.11003163604651,2.94095942930233,-1.3778065,-1.0024298,0.36865717,351.948,105.245926,-8.436508,WAL
2070062340000,282.544952,-0.75257702236333,-8.90955977706122,2.6400640406588,-1.0842859,-1.1163563,0.35796702,351.60474,105.258896,-8.522682,WAL
2070067331000,282.549943,-0.690926872172835,-8.75306352802857,2.05675865576942,-0.7770206,-1.1123856,0.33628133,351.24158,105.21078,-8.61016,WAL
2070072349000,282.554961,-0.653344635895965,-8.60452160780763,1.41635177145789,-0.5314528,-1.0821478,0.31764993,350.84888,105.11659,-8.693608,WAL
2070077347000,282.559959,-0.638897016511722,-8.46486172794044,0.727683129405373,-0.33933565,-1.0412198,0.28069258,350.4626,104.95619,-8.761039,WAL
2070082300000,282.564912,-0.69859338783239,-8.36682972405918,0.101635307605997,-0.2312125,-1.0433578,0.25809056,350.08698,104.79231,-8.813231,WAL
2070087411000,282.570023,-0.82981877211697,-8.30364688332837,-0.491308889810347,-0.20463985,-1.0757337,0.22113322,349.71817,104.597824,-8.846407,WAL
2070092346000,282.574958,-1.02504788428799,-8.21571159457041,-0.971417304176611,-0.2602286,-1.1261301,0.21227567,349.36563,104.43147,-8.866716,WAL
2070097304000,282.579916,-1.28474356582339,-8.10238978937947,-1.36804340047733,-0.38515055,-1.1823297,0.22999077,349.01154,104.28018,-8.882892,WAL
2070102306000,282.584918,-1.56088368485175,-8.04220279650651,-1.74188984525883,-0.55955255,-1.2241739,0.2751948,348.6726,104.20155,-8.9157715,WAL
2070107346000,282.589958,-1.85372642641159,-8.03747967682748,-2.09141189712301,-0.75747293,-1.2052372,0.32498032,348.34735,104.16558,-8.951029,WAL
2070112335000,282.594947,-2.10898749314108,-8.09663405923617,-2.34097312587685,-0.9202685,-1.1157454,0.37904188,348.06345,104.25549,-9.048503,WAL
2070117328000,282.59994,-2.32328813307677,-8.2317364472915,-2.47607565986945,-1.0500773,-1.0128145,0.44135013,347.80054,104.38899,-9.154943,WAL
2070122284000,282.604896,-2.47813274590576,-8.37695289701598,-2.46625235450618,-1.1447614,-0.9080512,0.5143485,347.5866,104.649536,-9.334544,WAL
2070127345000,282.609957,-2.54630878383402,-8.54252331116246,-2.23250641092133,-1.2195925,-0.8530733,0.5693264,347.39557,104.932816,-9.51705,WAL
2070132294000,282.614906,-2.57036945601191,-8.71896441964286,-1.97053068821429,-1.2690725,-0.8222246,0.6429357,347.25217,105.27331,-9.747471,WAL
2070137343000,282.619955,-2.53199370002976,-8.92043604910714,-1.65393164053571,-1.3051136,-0.82253003,0.68600166,347.12067,105.62028,-9.976361,WAL
2070142309000,282.624921,-2.47902312394898,-9.10424681029759,-1.35724474564006,-1.3429873,-0.820392,0.70707655,346.97742,105.9621,-10.227676,WAL
2070147333000,282.629945,-2.40175011195087,-9.26788444695324,-1.07997063654228,-1.3402383,-0.8145888,0.7501425,346.84476,106.30239,-10.488031,WAL
2070152312000,282.634924,-2.33423448280995,-9.43494680036705,-0.800510885715742,-1.3466524,-0.80878556,0.78984874,346.6957,106.62529,-10.746357,WAL
2070157349000,282.639961,-2.28996999649266,-9.6169228050571,-0.505414799861338,-1.321607,-0.81092364,0.82802784,346.5546,106.937416,-11.0075655,WAL
2070162244000,282.644856,-2.25323988786338,-9.8139873023122,-0.233460739577857,-1.3020593,-0.8341365,0.84116143,346.38086,107.2207,-11.262565,WAL
2070167345000,282.649957,-2.22980553268733,-10.0670782403339,0.0149436014717452,-1.237613,-0.89552844,0.8509353,346.2043,107.486244,-11.521124,WAL
2070172295000,282.654907,-2.19861745371917,-10.31964436745,0.219978263367644,-1.1459832,-1.0085385,0.86834496,345.99124,107.72568,-11.785546,WAL
2070177344000,282.659956,-2.13757721079821,-10.6013685655467,0.304495581631385,-1.0247264,-1.1435398,0.8891144,345.7624,107.94061,-12.05037,WAL
2070182357000,282.664969,-2.06136838327849,-10.8705059901286,0.186313723350284,-0.86467975,-1.2913691,0.91599244,345.4834,108.13152,-12.332527,WAL
2070187413000,282.670025,-1.9116993393459,-11.0925954155948,-0.875853347919035,-0.6563747,-1.4043792,0.94042706,345.18344,108.28607,-12.617213,WAL
2070192357000,282.674969,-1.61334922766551,-11.3212104034843,-1.83448617845694,-0.40530908,-1.4321736,0.95264435,344.84653,108.39376,-12.896741,WAL
2070197317000,282.679929,-0.591924848571429,-11.6049396857143,-2.41613063918367,-0.13958271,-1.3524556,0.95111716,344.5158,108.45789,-13.169722,WAL
2070202348000,282.68496,0.382996892099893,-11.8352311334175,-2.91962046097561,0.10751228,-1.1468995,0.9459248,344.23575,108.50727,-13.379575,WAL
2070207352000,282.689964,1.03493815257992,-11.7653803309688,-2.97084433414634,0.32742378,-0.8772025,0.9254609,344.0057,108.50873,-13.567338,WAL
2070212307000,282.694919,1.656026585,-11.6887229217054,-2.99328279329457,0.46303585,-0.58276546,0.872621,343.7527,108.406685,-13.575458,WAL
2070217340000,282.699952,2.05302333375,-11.5392652556202,-2.74574371062984,0.45570546,-0.3359759,0.74128497,343.563,108.27409,-13.540713,WAL
2070222538000,282.70515,2.4295428362545,-11.4078938922569,-2.49725864114646,0.31581733,-0.15851954,0.5540548,343.37225,108.07205,-13.379468,WAL
2070227346000,282.709958,2.39269189235694,-11.5506913960584,-2.34985481745698,0.092240654,-0.07696902,0.32498032,343.21637,107.85876,-13.164667,WAL
2070232522000,282.715134,2.32049676648775,-11.7055475658241,-2.18093623652776,-0.14202617,-0.043676864,0.08368854,343.02637,107.60615,-12.859194,WAL
2070237383000,282.719995,1.86164644994633,-11.8645549697472,-1.89926574095833,-0.33017266,-0.032070424,-0.1255328,342.8437,107.35692,-12.501835,WAL
2070242768000,282.72538,1.32734126724701,-12.0150052219804,-1.58481038226333,-0.42455134,-0.06688975,-0.28313604,342.63385,107.110985,-12.11495,WAL
2070247337000,282.729949,0.578517195192403,-11.8505239338213,-1.29047494125037,-0.4428773,-0.09468412,-0.3381139,342.42554,106.87887,-11.706136,WAL
2070252691000,282.735303,-0.289284882541457,-11.6556611781256,-0.955835643059437,-0.44165558,-0.16676621,-0.39278635,342.21497,106.664,-11.335495,WAL
2070257347000,282.739959,-0.81269562463201,-11.435496227874,-0.910141041382523,-0.41050145,-0.22815818,-0.4175264,342.00107,106.45401,-10.967621,WAL
2070262243000,282.744855,-1.36308630188187,-11.2039825688467,-0.862091047866592,-0.36377025,-0.24007004,-0.40042216,341.81882,106.31555,-10.745136,WAL
2070267356000,282.749968,-1.50211634094278,-11.3947760287578,-0.836742606842573,-0.29138273,-0.17134771,-0.3387248,341.6468,106.17471,-10.531976,WAL
2070272252000,282.754864,-1.53455206273347,-11.6774294292914,-0.818207944619033,-0.18020524,-0.06169739,-0.26053402,341.48868,106.02737,-10.331129,WAL
2070277333000,282.759945,-1.26258143163082,-12.2587722499022,-0.612943717745405,-0.03359759,0.03573562,-0.19486602,341.37173,105.93387,-10.251206,WAL
2070282277000,282.764889,-0.915389350660931,-12.9022347199844,-0.362965477839265,0.13836098,0.124005646,-0.15210545,341.29007,105.82391,-10.18247,WAL
2070287495000,282.770107,-0.492941325051339,-13.6366265051339,0.0769131221283946,0.3182608,0.17562376,-0.16157386,341.21527,105.68015,-10.119461,WAL
2070292277000,282.774889,-0.0886366932117838,-14.3265813211784,0.533953159882929,0.5018258,0.17195857,-0.20586158,341.15372,105.50481,-10.058765,WAL
2070297328000,282.77994,0.294698438411269,-14.8809198075322,0.837752246587278,0.6805039,0.108123146,-0.2773328,341.06183,105.219864,-9.9253645,WAL
2070302367000,282.784979,0.654445732541388,-15.3434521006874,1.04799416697647,0.84421575,0.025961773,-0.36865717,340.96414,104.89519,-9.779546,WAL
2070307355000,282.789967,1.01033527416115,-15.6077939410426,1.01934055024824,1.0207558,-0.032375857,-0.46273044,340.82614,104.424034,-9.541326,WAL
2070312347000,282.794959,1.36636898431423,-15.7462512021101,0.836378793359537,1.2040154,-0.08032878,-0.5748242,340.6689,103.90808,-9.282883,WAL
2070317349000,282.799961,1.58649662847616,-15.6677300162237,0.657677970190107,1.4129313,-0.09285152,-0.68691796,340.48163,103.28127,-8.946392,WAL
2070322350000,282.804962,1.73903927383299,-15.4818189487409,0.481300559828805,1.6203201,-0.067500606,-0.8054258,340.2955,102.60934,-8.585823,WAL
2070327356000,282.809968,1.61949946180361,-15.145747002505,0.494367607765531,1.7980819,-0.06627888,-0.9285152,340.08163,101.87575,-8.154621,WAL
2070332328000,282.81494,1.36185839294589,-14.7354299624248,0.604103583517034,1.9706513,-0.086132,-1.0613784,339.87457,101.09399,-7.6976967,WAL
2070337345000,282.819957,0.900744120170487,-14.1529025550294,0.758951462966471,2.1578815,-0.1001819,-1.1282681,339.66608,100.283646,-7.2181087,WAL
2070342307000,282.824919,0.342637065190377,-13.4912754531161,0.934485150312559,2.264172,-0.13408493,-1.2342533,339.45062,99.44111,-6.702777,WAL
2070347313000,282.829925,-0.276540206866378,-12.8039510819866,1.13605198358297,2.511267,-0.14477506,-1.3295482,339.25247,98.56505,-6.2266364,WAL
2070352379000,282.834991,-0.950640577792669,-12.0916039885692,1.36075209724084,2.795014,-0.17745635,-1.4138476,339.04608,97.667145,-5.735149,WAL
2070357292000,282.839904,-1.59344369601442,-11.6982759938608,1.42229858409667,3.0955596,-0.22724187,-1.4764613,338.86374,96.79463,-5.328771,WAL
2070362321000,282.844933,-2.24110729818749,-11.576252420191,1.33782079325668,3.385415,-0.24404067,-1.5238034,338.69116,95.908104,-4.910714,WAL
2070367323000,282.849935,-2.91424757915152,-11.6800768242424,1.02286106975758,3.592804,-0.19211712,-1.5625933,338.5581,95.13132,-4.596976,WAL
2070372318000,282.85493,-3.61970989551515,-12.0424716424242,0.443028906575758,3.6884043,-0.07727446,-1.597718,338.45074,94.4568,-4.278491,WAL
2070377318000,282.85993,-4.29810513095144,-12.4554515307586,-0.209483996548314,3.6835175,0.095294975,-1.6050484,338.40094,94.0883,-4.0818987,WAL
2070382347000,282.864959,-4.95067766591831,-12.9246369376916,-0.943032707635249,3.5488217,0.3304781,-1.5839735,338.41464,86.03541,-3.8927233,WAL
2070387315000,282.869927,-5.59533472571457,-13.3881312907724,-1.66768373103551,3.3301318,0.5626069,-1.5274686,338.4581,85.809044,-3.897479,WAL
2070392348000,282.87496,-6.24842630823361,-13.8576898815646,-2.40181589705272,3.1025846,0.68752885,-1.4596626,338.54916,85.47747,-3.916468,WAL
2070397275000,282.879887,-6.80910287557222,-14.2630207035161,-2.90856856099153,2.8787024,0.6429357,-1.3732251,338.66013,85.07514,-4.052172,WAL
2070402401000,282.885013,-7.28724354402454,-14.6120635088147,-3.15242032436934,2.6535985,0.48380527,-1.2895365,338.77893,84.68457,-4.2005844,WAL
2070407264000,282.889876,-7.70996733577928,-14.869868724978,-3.29090212979161,2.4382687,0.3203988,-1.237613,338.92505,84.28142,-4.401764,WAL
2070412331000,282.894943,-8.09927464749046,-15.0170457161726,-3.28140684643381,2.2672265,0.15974127,-1.2296717,339.02893,83.91128,-4.601382,WAL
2070417251000,282.899863,-8.39683149743899,-15.0283959659536,-3.21992490189816,2.1728477,-0.002443461,-1.2629639,339.11752,83.53061,-4.8147845,WAL
2070422320000,282.904932,-8.5382192812092,-14.7699971109772,-3.0492842994175,2.1820107,-0.17806722,-1.3362677,339.1589,83.18089,-5.0034537,WAL
2070427322000,282.909934,-8.50060782629022,-14.6216064882207,-2.85674066976808,2.2815816,-0.4382958,-1.473407,339.15994,82.80787,-5.180748,WAL
2070432300000,282.914912,-8.13789009322578,-14.6696775680631,-2.62075563421945,2.3353379,-0.550695,-1.6762142,339.1587,82.48143,-5.3058114,WAL
2070437387000,282.919999,-7.71040251457698,-14.6440924588415,-2.55803296011814,2.1184807,-0.3680463,-1.7540996,339.18817,82.15428,-5.433565,WAL
2070442318000,282.92493,-7.04452607188453,-14.2886583117378,-3.28689766607279,1.8826867,0.14569137,-1.8506162,339.28958,81.87297,-5.4982033,WAL
2070447389000,282.930001,-6.33295481826549,-13.9007531832686,-3.97972244205359,1.455081,0.5225952,-1.853976,339.38644,81.689644,-5.5078187,WAL
2070452367000,282.934979,-5.34321366665985,-13.2766800887707,-4.04310473286971,1.3261884,0.82650065,-1.743104,339.60754,81.49466,-5.5339007,WAL
2070457301000,282.939913,-4.3562816226696,-12.6735080575482,-4.06388786402238,1.4278975,1.0497719,-1.5968018,339.8761,81.46856,-5.438422,WAL
2070462349000,282.944961,-3.29850623212109,-12.1808456505145,-3.74510633619742,1.6630806,1.3041973,-1.4737124,340.23315,81.42344,-5.381596,WAL
2070467325000,282.949937,-2.28807011782609,-11.7213935349589,-3.38142675352526,1.8646661,1.5399913,-1.4052955,340.59393,81.42984,-5.2239633,WAL
2070472344000,282.954956,-1.52085923130435,-11.4625184101058,-2.62833641950646,2.057394,1.6487253,-1.3640621,340.98438,81.36286,-5.1045656,WAL
2070477355000,282.959967,-0.751823765012658,-11.2118540599156,-1.8803029985654,2.2296581,1.724778,-1.3710871,341.36996,81.29719,-4.872819,WAL
2070482353000,282.964965,0.0515342849789029,-11.0547729887482,-1.18016970872011,2.336865,1.7672331,-1.3909402,341.77182,81.184296,-4.661312,WAL
2070487700000,282.970312,0.901393678195648,-10.8853693331408,-0.44776134848835,2.392759,1.7846428,-1.4019357,342.12744,80.98932,-4.394337,WAL
2070492366000,282.974978,0.983140479701521,-10.6444319366455,-0.951149519333719,2.3793201,1.7947221,-1.4040737,342.48856,80.770004,-4.13795,WAL
2070497245000,282.979857,1.06861897188908,-10.392495897747,-1.47751704731369,2.3170118,1.8854356,-1.3680327,342.80164,80.48157,-3.8273885,WAL
2070502333000,282.984945,1.00929296285798,-10.1014760173478,-1.64200418444575,2.2595906,2.1114557,-1.3075571,343.1498,80.177605,-3.5447855,WAL
2070507254000,282.989866,0.926151290865432,-9.81509870449868,-1.73438379319808,2.1713204,2.2424862,-1.2406673,343.48932,79.883835,-3.2885149,WAL
2070512343000,282.994955,0.834494187632131,-9.43120036157222,-1.91822105808052,2.0451767,2.3044891,-1.1633929,343.86343,79.64043,-3.0248172,WAL
2070517307000,282.999919,0.743787690948292,-9.03662724117535,-2.1177753735165,1.9098701,2.3542747,-1.0797043,344.25986,79.41222,-2.8004866,WAL
2070522321000,283.004933,0.575338929101338,-8.6292830144913,-2.29594137467042,1.8350391,2.4162774,-0.9932669,344.71518,79.16829,-2.5900466,WAL
2070527263000,283.009875,0.380061515946463,-8.22443936771661,-2.462641544762,1.7733418,2.4630086,-0.9108001,345.16824,78.95063,-2.41513,WAL
2070532293000,283.014905,0.096324938208076,-7.88226859536342,-2.51576931542993,1.7424932,2.4758368,-0.83169305,345.66006,78.72668,-2.255515,WAL
2070537343000,283.019955,-0.22073334055677,-7.56521045094537,-2.52495945177197,1.7324139,2.4736989,-0.7959574,346.1515,78.51229,-2.1181831,WAL
2070542303000,283.024915,-0.540548137296117,-7.27391793928605,-2.51401590553499,1.7128662,2.3860397,-0.73914695,346.6517,78.28616,-2.0216749,WAL
2070547285000,283.029897,-0.866688720123422,-6.99307470508877,-2.49136726905915,1.6875153,2.2681427,-0.7076874,347.13596,78.06705,-1.9344679,WAL
2070552314000,283.034926,-1.17755019204545,-6.69625674329756,-2.50410822148569,1.6557503,2.1389446,-0.6808093,347.63947,77.821075,-1.9008309,WAL
2070557318000,283.03993,-1.47000556022727,-6.38867443685817,-2.54948908890993,1.629483,2.0277672,-0.6704246,348.10934,77.58505,-1.8727158,WAL
2070562315000,283.044927,-1.68308829276864,-6.09119353162706,-2.5786917534024,1.5839735,1.9434677,-0.66156703,348.6002,77.32906,-1.8970771,WAL
2070567326000,283.049938,-1.84880424102173,-5.79875358702011,-2.59818788203331,1.5485435,1.892155,-0.66339964,349.06577,77.08348,-1.9232696,WAL
2070572354000,283.054966,-1.97274582598327,-5.53079709395134,-2.58662930123089,1.498147,1.8509218,-0.6618725,349.5456,76.83417,-1.9955325,WAL
2070577314000,283.059926,-2.07323831641504,-5.27956610635638,-2.55922218900856,1.4407257,1.8341229,-0.6753115,350.0165,76.60335,-2.067798,WAL
2070582310000,283.064922,-2.17389504519154,-5.06483746314844,-2.50641576159218,1.3756685,1.8106046,-0.6808093,350.49716,76.36417,-2.173155,WAL
2070587327000,283.069939,-2.27455171078412,-4.87790331242019,-2.43451815761173,1.3045027,1.8106046,-0.68539083,350.9786,76.14861,-2.2817888,WAL
2070592311000,283.074923,-2.36975663510402,-4.63872601871339,-2.33238873098364,1.2165382,1.7953329,-0.6979135,351.46878,75.929855,-2.4111872,WAL
2070597306000,283.079918,-2.46154488020602,-4.35853047978186,-2.20678380117148,1.1282681,1.8164078,-0.71868294,351.96848,75.73617,-2.5457225,WAL
2070602294000,283.084906,-2.5446229336087,-4.0650371978239,-1.94066867273826,1.0173961,1.8545868,-0.7431176,352.49042,75.543724,-2.701936,WAL
2070607320000,283.089932,-2.62220997310095,-3.75953832476325,-1.57213046300625,0.8949176,1.865277,-0.76174897,353.01035,75.383354,-2.8596528,WAL
2070612309000,283.094921,-2.69526113672105,-3.46924387566346,-1.12104747309023,0.75991637,1.8640553,-0.7858781,353.5593,75.209435,-3.0439565,WAL
2070617282000,283.099894,-2.76547751140161,-3.18837808366424,-0.615489174578337,0.57940567,1.8338175,-0.78801614,354.10178,75.08416,-3.2338574,WAL
2070622284000,283.104896,-2.79105557316099,-3.03771822557141,-0.35773135080547,0.419359,1.7715092,-0.7715228,354.6586,74.88835,-3.46581,WAL
2070627311000,283.109923,-2.78144536810061,-2.98966694939615,-0.295264651637888,0.25045475,1.8506162,-0.8014552,355.2488,74.74938,-3.6980145,WAL
2070632312000,283.114924,-2.79325649225456,-2.91819892287124,-0.118981080236803,0.096516706,1.8689423,-0.79809546,355.8069,74.47408,-4.015296,WAL
2070637370000,283.119982,-2.82193313142575,-2.82738983166256,0.148666820069068,0.022907447,1.8356501,-0.7483099,356.3706,74.22462,-4.3431454,WAL
2070642426000,283.125038,-2.88267036825681,-2.80815537608825,0.385326096024647,-0.08735373,1.7647897,-0.70738196,356.9422,73.98285,-4.671871,WAL
2070647338000,283.12995,-2.96682280888491,-2.84555658014311,0.591032327787716,-0.1863139,1.7131716,-0.6835582,357.5068,73.758484,-5.011175,WAL
2070652377000,283.134989,-2.97271505295073,-2.84626413798701,0.691987401527884,-0.31031954,1.6215417,-0.6606508,358.04947,73.46223,-5.3871136,WAL
2070657359000,283.139971,-2.9089294203495,-2.81437125032468,0.696543514744079,-0.43585235,1.534188,-0.636827,358.57693,73.19844,-5.76552,WAL
2070662342000,283.144954,-2.81467274488268,-2.74431206954568,0.657414555636545,-0.5571091,1.4596626,-0.6038403,359.115,72.928314,-6.152305,WAL
2070667328000,283.14994,-2.68117315496755,-2.625115952002,0.562057661601598,-0.68783426,1.3713925,-0.56688297,359.62204,72.69766,-6.53669,WAL
2070672286000,283.154898,-2.52061826106696,-2.51687723710511,0.469447139394,-0.79168135,1.2916746,-0.52534413,0.11666261,72.48663,-6.901675,WAL
2070677347000,283.159959,-2.31838646294457,-2.42057650296046,0.377961343914166,-0.8921687,1.2351695,-0.48349985,0.58946306,72.308846,-7.268877,WAL
2070682289000,283.164901,-2.15787897177143,-2.35614080211429,0.34054031088,-1.006095,1.1603385,-0.43310347,1.038335,72.16983,-7.5998397,WAL
2070687384000,283.169996,-2.04635019815238,-2.33290551559048,0.377716555813333,-1.1160508,1.0913107,-0.37659842,1.4684278,72.05122,-7.937378,WAL
2070692269000,283.174881,-1.96218263914717,-2.31454722547062,0.461503484110244,-1.2330315,1.0033462,-0.31337386,1.8683496,71.9859,-8.223975,WAL
2070697320000,283.179932,-1.92696611105564,-2.30448536030161,0.65771002300988,-1.3414601,0.8912524,-0.24770586,2.236763,71.937164,-8.51715,WAL
2070702270000,283.184882,-1.90755839071975,-2.35696866783881,0.919398540908651,-1.4715744,0.713796,-0.20586158,2.5461094,71.923225,-8.7830715,WAL
2070707363000,283.189975,-1.91228324225516,-2.51288896585295,1.30211176195873,-1.6029104,0.50426924,-0.18600847,2.8114402,71.92718,-9.046284,WAL
2070712242000,283.194854,-1.9182554828187,-2.68247926134934,1.66286494895944,-1.7440202,0.25534168,-0.18051068,3.0445342,71.95388,-9.267305,WAL
2070717304000,283.199916,-1.92764039456006,-2.90302473626948,2.02418424699448,-1.8542814,0.02443461,-0.15210545,3.2200298,71.99513,-9.481608,WAL
2070722247000,283.204859,-1.9381352473217,-3.16835852402816,2.41073844803592,-1.9715676,-0.18020524,-0.10873401,3.3355565,72.098175,-9.655677,WAL
2070727312000,283.209924,-1.9529826584022,-3.59398472176309,2.91060164949495,-2.074193,-0.27183503,-0.046120327,3.413579,72.2097,-9.830477,WAL
2070732280000,283.214892,-1.9882835459604,-4.15525705039604,3.4439001930297,-2.159714,-0.41141775,-0.013133603,3.4115133,72.36157,-9.969137,WAL
2070737323000,283.219935,-2.07435537287129,-5.07335617128713,4.08943854534653,-2.169488,-0.50854534,0.094989546,3.3840806,72.48812,-10.138908,WAL
2070742282000,283.224894,-2.09747628443631,-6.20444229779405,4.74958712048249,-2.1783454,-0.53023106,0.25625798,3.332595,72.62819,-10.295671,WAL
2070747310000,283.229922,-1.95735442479114,-7.95822521708439,5.48635667328452,-2.1157317,-0.41355577,0.3933972,3.285149,72.730644,-10.474393,WAL
2070752330000,283.234942,-1.72911771383927,-9.81789160575987,6.29010762064604,-1.9608774,-0.1872302,0.5674938,3.2330098,72.72495,-10.692022,WAL
2070757320000,283.239932,-1.01308415501459,-12.2682141617046,7.46644865732633,-1.6450601,0.099571034,0.68844515,3.2216413,72.65158,-10.936483,WAL
2070762293000,283.244905,-0.21759544601985,-14.6042417880292,8.68883888176018,-1.0680978,0.25992316,0.6230826,3.1919014,72.4927,-11.063177,WAL
2070767307000,283.249919,1.41640142457363,-15.8832337683816,10.4298234321957,-0.27030787,0.31215215,0.35308012,3.2133124,72.24259,-11.168605,WAL
2070772306000,283.254918,3.07871722237407,-17.080970772745,11.9377942616166,0.54641896,0.44409904,-0.039095376,3.1777925,71.99997,-10.9877825,WAL
2070777312000,283.259924,4.99282025673565,-17.6987245624756,11.7365561402772,1.0998629,0.71776664,-0.4098906,3.2186236,71.68741,-10.764473,WAL
2070782368000,283.26498,6.7505647240566,-18.208671504717,11.3772916514151,1.3552046,1.1154399,-0.5720753,3.139186,71.42399,-10.2203245,WAL
2070787329000,283.269941,6.50327505298471,-17.4281632975764,9.27146508410052,1.3811663,1.4837917,-0.659429,3.185587,71.09346,-9.664771,WAL
2070792304000,283.274916,6.25528752756994,-16.6454524871503,7.15969584959336,1.210124,1.7229455,-0.72601336,3.2020743,70.94037,-8.837433,WAL
2070797310000,283.279922,5.31410711870395,-14.9779533469264,5.84642354370647,0.96486163,1.7681495,-0.75991637,3.3122654,70.74412,-8.07966,WAL
2070802311000,283.284923,3.93149139578076,-12.7493316745735,5.05359502888867,0.7425067,1.6691893,-0.7852673,3.4846718,70.543526,-7.374851,WAL
2070807287000,283.289899,2.55007148897984,-10.4209952470071,4.51798617957638,0.5852089,1.4880677,-0.7791586,3.7178426,70.49444,-6.7791376,WAL
2070812313000,283.294925,1.1513422716873,-8.00277003478973,4.12890291261639,0.453262,1.3191634,-0.77304995,3.9209015,70.47274,-6.2032056,WAL
2070817294000,283.299906,0.0307772438642298,-6.29783834725849,3.88322532525177,0.31215215,1.1997393,-0.7125743,4.1606116,70.417114,-5.85776,WAL
2070822287000,283.304899,-0.963552307114882,-4.92450424575718,3.70487037411414,0.14355333,1.1136073,-0.6041457,4.348358,70.39296,-5.527034,WAL
2070827304000,283.309916,-1.97668955959639,-4.02401463740839,3.46416341848115,-0.042760566,1.0968086,-0.44929138,4.6019697,70.32215,-5.423855,WAL
2070832289000,283.314901,-2.99589480925119,-3.55751267203399,3.17006430270844,-0.12950343,1.1004738,-0.35613444,4.8284855,70.26619,-5.331088,WAL
2070837318000,283.31993,-3.71776383888174,-3.59598620425532,3.10143716654132,-0.31612277,1.1459832,-0.13652839,5.1335573,70.21295,-5.4581623,WAL
2070842301000,283.324913,-4.26557794478971,-3.91239610212766,3.1581077086195,-0.50610185,1.174083,0.087659165,5.423503,70.17439,-5.6125817,WAL
2070847309000,283.329921,-4.52894128997827,-4.54947440103901,3.52459239464438,-0.6976081,1.1209377,0.28955013,5.749585,70.14322,-5.955016,WAL
2070852376000,283.334988,-4.62061168122225,-5.38825783719656,4.08378128826863,-0.8781188,0.9224065,0.47678033,6.022411,70.13439,-6.3445683,WAL
2070857316000,283.339928,-4.71475367542214,-6.78611094296435,4.57923201210131,-1.0164797,0.4859433,0.6041457,6.229563,70.12618,-6.8216634,WAL
2070862305000,283.344917,-4.81435479111945,-8.74825417023139,5.03241755653533,-1.1136073,-0.10415252,0.68875057,6.3257475,70.12577,-7.3045325,WAL
2070867289000,283.349901,-5.01059392920704,-11.0011300359897,4.91182449713269,-1.094976,-0.78801614,0.75411314,6.258329,70.08077,-7.7598963,WAL
2070872306000,283.354918,-5.27662340488432,-13.4761554254499,4.38451567352185,-0.95233893,-1.3906348,0.81061816,6.0440516,70.00659,-8.185029,WAL
2070877310000,283.359922,-5.78571274052237,-15.2346356475977,3.38425731895527,-0.73914695,-1.7482964,0.86162543,5.689901,69.92416,-8.558018,WAL
2070882300000,283.364912,-6.47964637808206,-16.4455264282234,2.02433404383588,-0.47708577,-1.7214183,0.9282097,5.276709,69.77932,-8.918132,WAL
2070887357000,283.369969,-6.66987138550885,-17.3650375358005,1.46584277962591,-0.14263703,-1.4541647,0.926988,4.8754706,69.72842,-9.232377,WAL
2070892312000,283.374924,-6.38832159845133,-17.9854011440064,1.66626804501207,0.30726522,-1.1826351,0.88606006,4.4946523,69.57558,-9.537074,WAL
2070897308000,283.37992,-5.40538075967604,-18.0880274448785,1.51052564419247,1.0348058,-0.9440922,0.8035932,4.267735,69.40308,-9.913106,WAL
2070902375000,283.384987,-3.76859265010958,-17.7135083112911,1.02503766564078,1.6099354,-0.96761054,0.56138515,4.0705256,69.17952,-10.216382,WAL
2070907312000,283.389924,-2.31932502549395,-15.9584888296371,-0.0534592632056451,1.6978999,-1.1377366,0.105068825,3.9096465,68.97011,-10.374279,WAL
2070912308000,283.39492,-1.04601129648589,-12.3362971691532,-1.94896029747984,1.320996,-1.1151345,-0.32650748,3.821279,68.774475,-10.477144,WAL
2070917291000,283.399903,-0.373715426276781,-9.21720977803513,-3.12675439224088,0.59895337,-0.6035349,-0.5109888,3.7432148,68.79861,-10.353428,WAL
2070922289000,283.404901,-0.461481550712218,-6.71818421405134,-3.39929139635206,-0.27000242,-0.355829,-0.52656585,3.621928,68.98896,-10.141768,WAL
2070927296000,283.409908,-0.567786795313307,-4.80466216688317,-3.33713094274854,-0.98624194,-0.17287487,-0.49296826,3.5981455,69.40939,-9.87894,WAL
2070932292000,283.414904,-0.705507927346668,-3.9112407503063,-2.69796370593402,-1.2586879,-0.31337386,-0.40042216,3.5449677,69.92653,-9.623961,WAL
2070937341000,283.419953,-0.84469007218983,-3.00834148443428,-2.05201587193151,-1.5961909,-0.62980205,-0.28008172,3.5073287,70.54202,-9.460769,WAL
2070942318000,283.42493,-1.09788910788509,-2.45588885047053,-1.6315008324418,-1.8164078,-0.97219205,-0.14813483,3.4115252,71.17535,-9.314555,WAL
2070947303000,283.429915,-1.41001042169391,-2.07283083358098,-1.31937948900446,-2.0030272,-1.2684617,-0.04795292,3.231034,71.86269,-9.173421,WAL
2070952302000,283.434914,-1.71219502768787,-1.89030235339656,-1.63932996859087,-2.1276436,-1.5131133,0.03573562,2.9589388,72.42811,-9.08936,WAL
2070957294000,283.439906,-2.00788064063499,-1.82130906429234,-2.31447849150603,-2.2290473,-1.7174476,0.14508049,2.6067748,73.00301,-9.023861,WAL
2070962307000,283.444919,-2.36460535168808,-2.16795599781894,-2.91294487043123,-2.2892175,-1.9608774,0.24312437,2.204832,73.49034,-9.002769,WAL
2070967302000,283.449914,-2.74573191054676,-2.69200507221392,-3.4751066255851,-2.3005185,-2.2837198,0.32498032,1.7218776,73.957695,-8.989691,WAL
2070972314000,283.454926,-3.09511540306803,-3.35028173596972,-4.0094758529236,-2.271808,-2.593123,0.41447207,1.2168587,74.4054,-9.035193,WAL
2070977325000,283.459937,-3.42973594687718,-4.06732598660225,-4.53052805863134,-2.189341,-2.770274,0.5161811,0.66197574,74.80471,-9.093892,WAL
2070982297000,283.464909,-3.57501541025194,-4.83833744846899,-5.05369779522287,-2.1065688,-2.7834074,0.6218608,0.1053642,75.194016,-9.220058,WAL
2070987356000,283.469968,-3.63604626465116,-5.6505164655814,-5.58889092488372,-2.0076087,-2.6590965,0.73945236,359.54404,75.514,-9.372095,WAL
2070992357000,283.474969,-3.6246521714206,-6.24758157461882,-5.55980472845853,-1.926669,-2.5060747,0.8518516,358.9996,75.82341,-9.607464,WAL
2070997308000,283.47992,-3.57175352584604,-6.71926061963555,-5.20714738281889,-1.8564194,-2.3597724,0.9633345,358.49506,76.05556,-9.87873,WAL
2071002303000,283.484915,-3.51509597349322,-7.38023052716945,-4.8506722692332,-1.815797,-2.2033908,1.0983357,358.0256,76.282875,-10.21024,WAL
2071007318000,283.48993,-3.45447413442726,-8.25419611221205,-4.49199289650784,-1.8038851,-2.0491474,1.2275337,357.60394,76.431786,-10.575487,WAL
2071012307000,283.494919,-3.33547088345549,-9.20546389905209,-4.20539936214209,-1.8008307,-1.8509218,1.3585643,357.2016,76.50036,-10.979089,WAL
2071017302000,283.499914,-3.17185663939216,-10.2198725929835,-3.97166460224763,-1.824349,-1.6453656,1.4697418,356.85248,76.49731,-11.416068,WAL
2071022318000,283.50493,-2.84433328175676,-11.0970168603604,-3.62844506644144,-1.8503108,-1.5464053,1.5442673,356.4957,76.437645,-11.8554945,WAL
2071027311000,283.509923,-2.36949208111179,-11.8410975608108,-3.18787073074324,-1.8698585,-1.3319917,1.5839735,356.23926,76.31563,-12.321497,WAL
2071032297000,283.514909,-1.86619268292683,-12.3532628048781,-2.65908214878049,-1.8710803,-1.1346822,1.6740762,355.9681,76.16508,-12.764418,WAL
2071037401000,283.520013,-1.32825071758874,-12.6973521580409,-2.04844537796946,-1.8600847,-1.0528263,1.7589865,355.7332,75.967766,-13.212379,WAL
2071042367000,283.524979,-0.80698385454779,-12.9034890678216,-1.74313061790531,-1.8939877,-1.0784826,1.8319849,355.4627,75.79554,-13.581444,WAL
2071047311000,283.529923,-0.289649625498474,-13.0106841760016,-1.65923854443351,-1.9361374,-1.1294898,1.8710803,355.21423,75.58206,-13.959252,WAL
2071052310000,283.534922,0.156865752737658,-13.0429997645773,-1.68765553673388,-1.9727893,-1.1322387,1.8640553,354.90256,75.41759,-14.238198,WAL
2071057283000,283.539895,0.530602844857554,-13.0051531943975,-1.82011932274759,-1.9960022,-1.0454959,1.8255708,354.6079,75.23869,-14.513358,WAL
2071062311000,283.544923,0.746166747980428,-12.8373168555118,-1.83779498424638,-1.992337,-0.8891144,1.7266107,354.2844,75.141106,-14.685711,WAL
2071067284000,283.549896,0.800997949563465,-12.5448841302888,-1.74184041725991,-1.9737056,-0.77946407,1.5558738,353.97885,75.0639,-14.822716,WAL
2071072277000,283.554889,1.00820640289109,-12.1234812504951,-1.85070936889109,-1.9065105,-0.75747293,1.3494014,353.66946,75.05814,-14.87471,WAL
2071077313000,283.559925,1.43319284732673,-11.5170396485149,-2.25182013732673,-1.8121318,-0.7623598,1.1074986,353.38876,75.09817,-14.867455,WAL
2071082276000,283.564888,1.6765246321466,-10.9753141233698,-2.32089462475964,-1.6896533,-0.7110472,0.92179567,353.1124,75.15815,-14.827645,WAL
2071087337000,283.569949,1.65345548125654,-10.5093176704426,-1.887195204693,-1.4724907,-0.64843345,0.77274454,352.83966,75.266785,-14.729084,WAL
2071092239000,283.574851,1.58459718377635,-9.98455370485793,-1.52275614628781,-1.2403619,-0.8341365,0.5549711,352.49594,75.46295,-14.536967,WAL
2071097311000,283.579923,1.39661519587534,-9.25736041837254,-1.28530518973419,-1.1618657,-1.2296717,0.3622431,352.10675,104.31254,-14.310948,WAL
2071102255000,283.584867,1.14064156100265,-8.6289736297459,-1.34420483849701,-1.185384,-1.7006488,0.21013765,351.60162,104.05518,-14.050992,WAL
2071107361000,283.589973,0.723273925056411,-8.14924055940351,-2.01583088651035,-1.2226468,-2.1197023,0.08399397,350.99554,103.75088,-13.744115,WAL
2071112241000,283.594853,0.337621975293532,-7.76602498063682,-2.70236612705473,-1.2913691,-2.3695462,-0.023823744,350.28793,103.46738,-13.458302,WAL
2071117336000,283.599948,-0.031366188238806,-7.5572554038209,-3.53258948232836,-1.3616186,-2.4410176,-0.09437868,349.51523,103.15648,-13.1446905,WAL
2071122290000,283.604902,-0.360534109772637,-7.43007783877144,-4.25219758556043,-1.4199562,-2.4107797,-0.11362094,348.77374,102.9562,-12.931946,WAL
2071127346000,283.609958,-0.621273844850419,-7.49284857287595,-4.76401997471081,-1.4413365,-2.2852468,-0.1133155,348.04202,102.74507,-12.7026825,WAL
2071132308000,283.61492,-0.803169154196429,-7.58312088392857,-5.13128710982143,-1.4963144,-2.0751092,-0.10170906,347.4065,102.64113,-12.556805,WAL
2071137377000,283.619989,-0.798558140850114,-7.74911763402356,-5.15895345952698,-1.525636,-1.7898352,-0.06291912,346.82974,102.55882,-12.416627,WAL
2071142310000,283.624922,-0.773156832705476,-7.93851329570794,-5.11506295041934,-1.5308284,-1.4831808,0.0067195175,346.34872,102.56922,-12.336537,WAL
2071147348000,283.62996,-0.649383104549581,-8.2622292773557,-4.73898109703996,-1.5088371,-1.2617421,0.11209377,345.9246,102.62111,-12.274774,WAL
2071152295000,283.634907,-0.515463473307922,-8.58724661429896,-4.33975851363964,-1.4914275,-1.0754282,0.21563543,345.5606,102.716,-12.2296,WAL
2071157325000,283.639937,-0.307036948428969,-8.95943655969919,-3.75914173245081,-1.4654657,-0.8720101,0.2938262,345.26453,102.84912,-12.201534,WAL
2071162311000,283.644923,-0.0847168191241818,-9.27145402738084,-3.13732186721674,-1.4220943,-0.6731735,0.3622431,344.96725,102.97782,-12.170168,WAL
2071167292000,283.649904,0.196737288299069,-9.36820399419194,-2.34133450998433,-1.3793337,-0.5036584,0.4202753,344.7197,103.13269,-12.151746,WAL
2071172482000,283.655094,0.489078533899124,-9.46754643592067,-1.50230527031108,-1.3613132,-0.44532076,0.47555858,344.41913,103.22925,-12.103576,WAL
2071177313000,283.659925,0.749913226396859,-9.54207067824424,-0.603357138356992,-1.3866642,-0.48288897,0.48533243,344.1388,103.333405,-12.055152,WAL
2071182460000,283.665072,1.0206577646668,-9.60836186994161,0.32300658985303,-1.4278975,-0.6044512,0.4569272,343.6926,103.2981,-11.9493685,WAL
2071187319000,283.669931,1.19866068023958,-9.52872934578216,0.857015287658546,-1.4538593,-0.75961095,0.39828414,343.233,103.26044,-11.838407,WAL
2071192350000,283.674962,1.37048441783753,-9.44229875194092,1.36714768358265,-1.4065173,-0.93187493,0.34880406,342.7084,103.18112,-11.712981,WAL
2071197309000,283.679921,1.38397367722969,-9.30740521899262,1.33567263544783,-1.2944235,-1.0720685,0.29168814,342.15695,103.08222,-11.572581,WAL
2071202639000,283.685251,1.39637386986855,-9.16160031041456,1.29784622044489,-1.1530081,-1.106277,0.24220806,341.61487,102.96547,-11.420936,WAL
2071207320000,283.689932,1.30571866097068,-8.99388798463094,1.0712079899454,-0.9737192,-1.0567969,0.19425514,341.06436,102.8162,-11.25578,WAL
2071212643000,283.695255,1.19596235449511,-8.80604331991877,0.811227289087133,-0.7993172,-0.98349303,0.160963,340.51883,102.66165,-11.093244,WAL
2071217296000,283.699908,0.957404925623039,-8.70321691600517,0.535652341921728,-0.6783658,-0.9095783,0.13713925,339.99573,102.4819,-10.918635,WAL
2071222264000,283.704876,0.702697574100055,-8.59342934354809,0.241421450557504,-0.58093286,-0.86193085,0.12614368,339.48523,102.314545,-10.763319,WAL
2071227347000,283.709959,0.328004488534995,-8.4077313957948,-0.0119717081436776,-0.5662721,-0.7699956,0.12522738,339.01727,102.140594,-10.600723,WAL
2071232272000,283.714884,-0.0622506417580064,-8.21030807495376,-0.246124775772413,-0.55833083,-0.7275405,0.13408493,338.5572,101.9562,-10.438107,WAL
2071237376000,283.719988,-0.516481845569265,-8.04891529250677,-0.494348257380881,-0.5842926,-0.6743952,0.16249016,338.1196,101.84543,-10.334903,WAL
2071242251000,283.724863,-0.966070140784432,-7.90841905416792,-0.733192033712509,-0.66523224,-0.66645396,0.21013765,337.69122,101.750244,-10.239336,WAL
2071247366000,283.729978,-1.402060950566,-7.79216469520622,-0.994801084979821,-0.75686204,-0.65301496,0.28496864,337.26245,101.75374,-10.241146,WAL
2071252269000,283.734881,-1.80879856027168,-7.69048046169899,-1.24901211759031,-0.86926126,-0.63041294,0.3747658,336.85382,101.78626,-10.256789,WAL
2071257353000,283.739965,-2.17737076368876,-7.6754696943655,-1.47235770054656,-0.979217,-0.5891795,0.4615087,336.46,101.93833,-10.379667,WAL
2071262274000,283.744886,-2.51456420720461,-7.69420274766968,-1.67373706997913,-1.0864239,-0.54702985,0.56321776,336.0919,102.12501,-10.523376,WAL
2071267329000,283.749941,-2.73556833569707,-7.79663282623544,-1.7956820534552,-1.1725558,-0.5009095,0.643852,335.81772,102.42834,-10.748612,WAL
2071272264000,283.754876,-2.90171475664926,-7.92954968541583,-1.88112883238248,-1.2574661,-0.48899764,0.7263188,335.5559,102.76257,-10.994629,WAL
2071277325000,283.759937,-3.03239830399881,-8.17820533415817,-1.89199427533406,-1.318858,-0.46853364,0.7831292,335.35474,103.178955,-11.303006,WAL
2071282293000,283.764905,-3.14542037775908,-8.46547011174899,-1.87315723025834,-1.3607023,-0.45112398,0.8237518,335.1622,103.609665,-11.620737,WAL
2071287378000,283.76999,-3.16938447550059,-8.71730752974087,-1.70900224575972,-1.3909402,-0.441961,0.8472701,334.98038,104.07984,-11.970515,WAL
2071292312000,283.774924,-3.15547047926973,-8.9445693713192,-1.49101620795053,-1.4037683,-0.4334089,0.8671232,334.8079,104.54989,-12.320151,WAL
2071297307000,283.779919,-3.10666519398043,-9.15366475358308,-1.16534326071958,-1.4165965,-0.42424592,0.88025683,334.63275,105.02778,-12.681384,WAL
2071302349000,283.784961,-3.03984611016112,-9.35412175585648,-0.783520479934763,-1.4132367,-0.42180246,0.87995136,334.46158,105.492775,-13.033409,WAL
2071307354000,283.789966,-2.97567716701385,-9.84321228759227,-0.0170385885832743,-1.3741413,-0.42149702,0.87872964,334.2567,105.9226,-13.380505,WAL
2071312364000,283.794976,-2.91260339989888,-10.4885062657498,0.958180380169886,-1.3045027,-0.46211955,0.88117313,334.0463,106.33332,-13.718148,WAL
2071317286000,283.799898,-2.76853381679037,-10.9446167002006,1.35615650029087,-1.1774428,-0.5109888,0.8857546,333.7715,106.66927,-14.041499,WAL
2071322290000,283.804902,-2.58107423981946,-11.3195357537613,1.48112946795386,-1.0299188,-0.6618725,0.893085,333.46805,106.979965,-14.3593235,WAL
2071327342000,283.809954,-2.28463144582783,-11.6091209834333,1.216115214596,-0.93523467,-0.86590147,0.9092729,333.18143,107.23379,-14.672708,WAL
2071332322000,283.814934,-1.94047381436122,-11.8514853700579,0.765317166969204,-0.6921103,-1.0626001,0.9294315,332.85764,107.44135,-14.986466,WAL
2071337305000,283.819917,-1.48894627959972,-11.9730954824136,0.119028318920044,-0.4269948,-1.2092078,0.93859446,332.4823,107.6026,-15.268144,WAL
2071342290000,283.824902,-0.992291169176657,-12.0440461630833,-0.609399178013475,-0.11759156,-1.2791518,0.91721416,332.07587,107.719955,-15.542862,WAL
2071347277000,283.829889,-0.372291827122009,-11.9700857825871,-1.33265640444753,0.17592919,-1.215011,0.88208944,331.6399,107.78175,-15.7501335,WAL
2071352284000,283.834896,0.308439174942917,-11.8272751871339,-2.05623053544128,0.42271876,-1.047023,0.8017606,331.21945,107.795135,-15.929084,WAL
2071357278000,283.83989,1.00173057532882,-11.5388419515743,-2.55172838351933,0.593761,-0.79045963,0.68630713,330.81857,107.740654,-15.9957485,WAL
2071362276000,283.844888,1.7028203938621,-11.1763739039458,-2.9332738409725,0.64599,-0.50885075,0.5589417,330.4809,107.65114,-16.024902,WAL
2071367277000,283.849889,2.12764312193069,-11.0391909141584,-3.01169039153465,0.559858,-0.23976462,0.44226643,330.18628,107.49614,-15.919607,WAL
2071372278000,283.85489,2.40741763,-11.02022326,-2.93107749,0.38056904,0.008857546,0.3268129,329.96982,107.31761,-15.770735,WAL
2071377281000,283.859893,2.19671788474958,-11.3018171088405,-2.42793268607272,0.119729586,0.16554448,0.18600847,329.78394,107.066734,-15.482448,WAL
2071382286000,283.864898,1.70579508935607,-11.7551571370185,-1.683327264187,-0.15332718,0.21197024,0.02321288,329.63495,106.81045,-15.155566,WAL
2071392287000,283.874899,0.724832276822503,-12.6610219965206,-0.19545537122415,-0.54092115,-0.030848695,-0.30604348,329.2958,106.242676,-14.333818,WAL
2071397307000,283.879919,0.138208671801638,-12.8154809438884,0.321472234015772,-0.57940567,-0.22907446,-0.41355577,329.08047,105.94445,-13.922234,WAL
2071402210000,283.884822,-0.50741778822566,-12.7347779901931,0.649032721530684,-0.5216789,-0.39675698,-0.47219884,328.82758,105.642555,-13.496709,WAL
2071407228000,283.88984,-0.879488988503276,-12.7704423233179,0.686395475653668,-0.36041048,-0.4633413,-0.4914411,328.56735,105.34999,-13.165859,WAL
2071412224000,283.894836,-1.02860067684274,-12.8966134807416,0.495226673623941,-0.12980886,-0.41325033,-0.46914452,328.29788,105.04334,-12.84009,WAL
2071417257000,283.899869,-1.15959880580089,-13.0474083611384,0.306166467890088,0.12339478,-0.35124752,-0.43127087,328.03955,104.78027,-12.628079,WAL
2071422205000,283.904817,-1.03559211180896,-13.5072664494603,0.166658991776251,0.26053402,-0.19242255,-0.40469822,327.83035,104.5096,-12.418263,WAL
2071427203000,283.909815,-0.891837349619607,-13.9875717155239,0.0667987798593991,0.5027421,-0.049480084,-0.36926803,327.64392,104.24141,-12.249345,WAL
2071432224000,283.914836,-0.683456029077427,-14.5247326467643,0.10847504300077,0.743423,0.04337143,-0.36835176,327.494,103.95979,-12.078515,WAL
2071437278000,283.91989,-0.44906938614264,-15.0524385050076,0.117563657924127,0.96852684,0.083383106,-0.41325033,327.36163,103.641045,-11.882629,WAL
2071442252000,283.924864,-0.0924692218209408,-15.5054169362671,-0.0414607426707132,1.1795808,0.10842858,-0.47678033,327.25638,103.2975,-11.684326,WAL
2071447240000,283.929852,0.288232430246266,-15.9079491433093,-0.20706115005044,1.3729197,0.112399206,-0.5656612,327.14856,102.87532,-11.42385,WAL
2071452289000,283.934901,0.780803881817822,-16.0753274132628,-0.403133270010879,1.5745052,0.13347405,-0.66981375,327.05676,102.42156,-11.147317,WAL
2071457244000,283.939856,1.21267697290418,-16.203175953317,-0.533960391972482,1.745242,0.17012598,-0.7965683,326.95767,101.88887,-10.783445,WAL
2071462248000,283.94486,1.37281053017199,-16.1372387248157,-0.336148273690418,1.8741345,0.21135938,-0.945314,326.87,101.32635,-10.393894,WAL
2071467255000,283.949867,1.46604392502752,-16.0186563640548,-0.0882938907155008,1.9926424,0.17959438,-1.1163563,326.7615,100.669106,-9.896731,WAL
2071472282000,283.954894,1.085450927139,-15.5272579333533,0.51391023438607,2.091908,0.0720821,-1.2834278,326.64767,99.98777,-9.37288,WAL
2071477264000,283.959876,0.675219754907677,-15.0117755900875,1.11623683770651,2.2101104,-0.11362094,-1.4340062,326.4978,99.25083,-8.799252,WAL
2071482251000,283.964863,0.0393542342565597,-14.3016485991254,1.75674380626822,2.393981,-0.33353242,-1.5580118,326.3142,98.497284,-8.201836,WAL
2071487302000,283.969914,-0.604451432292399,-13.5980272204037,2.37259798935636,2.659402,-0.5766568,-1.6584991,326.0951,97.781586,-7.6439924,WAL
2071492279000,283.974891,-1.23620334659102,-13.0907113005824,2.58796785678281,2.9752192,-0.79076505,-1.7379116,325.83243,97.09748,-7.0688276,WAL
2071497266000,283.979878,-1.86803398374092,-12.6209043484405,2.75400393535354,3.2699616,-0.926988,-1.7965547,325.55573,83.4045,-6.586943,WAL
2071502319000,283.984931,-2.49404619587099,-12.603753205653,2.32951620707071,3.4724634,-0.9569204,-1.8304577,325.2646,83.755196,-6.096403,WAL
2071507310000,283.989922,-3.11237727656388,-12.5868125063353,1.91023691717172,3.5271358,-0.8384125,-1.8726074,325.01758,83.80848,-5.69867,WAL
2071512342000,283.994954,-3.67459134799589,-12.8020282498458,0.797608228125385,3.445891,-0.5546656,-1.8704693,324.82782,83.64923,-5.312951,WAL
2071517286000,283.999898,-4.21473528879753,-13.0599348299075,-0.433530158324769,3.2577443,-0.36896262,-1.8567249,324.66138,83.32818,-4.927266,WAL
2071522331000,284.004943,-4.7237601728972,-13.3895395093458,-1.41208671920561,3.1340442,0.0027488936,-1.8228219,324.6549,82.84873,-4.70958,WAL
2071527247000,284.009859,-5.21417233099688,-13.719536538162,-2.32874520383956,2.8933632,0.24556783,-1.7550159,324.67484,82.365074,-4.5160923,WAL
2071532318000,284.01493,-5.65223171670946,-14.0182277159758,-2.90461544566214,2.6746736,0.36254853,-1.6811012,324.72443,81.98986,-4.574019,WAL
2071537277000,284.019889,-6.06599577787968,-14.3013295856566,-3.38806596348129,2.5051584,0.34574974,-1.5900823,324.8084,81.65103,-4.653844,WAL
2071542346000,284.024958,-6.47782465232628,-14.5900977229607,-3.61000773957704,2.4092526,0.27947086,-1.4975362,324.93054,81.393555,-4.746928,WAL
2071547298000,284.02991,-6.87422123125881,-14.8718735046324,-3.6816456755287,2.34389,0.16646078,-1.4046847,325.0321,81.159004,-4.8558893,WAL
2071552318000,284.03493,-7.44674299989833,-15.0493864482513,-3.62862050628304,2.252871,-0.01160644,-1.3469579,325.1213,80.95401,-4.948528,WAL
2071557327000,284.039939,-8.10513856897113,-15.1713120063034,-3.51157235758438,2.133447,-0.19150625,-1.3857478,325.17862,80.77589,-5.028819,WAL
2071562342000,284.044954,-8.53160654153937,-15.1019914219966,-3.53599354695969,2.05434,-0.36468655,-1.5876387,325.211,80.59693,-5.087571,WAL
2071567305000,284.049917,-8.85481048359121,-14.952099235439,-3.62030761454617,1.990199,-0.38515055,-1.7846428,325.2381,80.45229,-5.1279297,WAL
2071572320000,284.054932,-8.30002542828048,-14.2531564582485,-3.76974823522452,1.8765781,-0.22815818,-1.7947221,325.3053,80.26371,-5.220707,WAL
2071577312000,284.059924,-7.30780478935118,-13.2841187718941,-3.95057347397925,1.679574,0.1591304,-1.6410894,325.4324,80.120766,-5.3061547,WAL
2071582294000,284.064906,-6.48471357379197,-12.4730088007957,-3.89947572817776,1.3570372,0.52870387,-1.4987578,325.61758,80.0091,-5.4121356,WAL
2071587401000,284.070013,-5.7538821018824,-11.7469233304871,-3.69066682115273,1.0839803,0.7333437,-1.3900238,325.8578,79.9179,-5.5540533,WAL
2071592380000,284.074992,-4.2842096135337,-11.2769304026412,-3.1105556071949,1.1181889,0.97341377,-1.271516,326.1596,79.8967,-5.6069503,WAL
2071597310000,284.079922,-2.23742456672131,-10.9974321795082,-2.24196189590164,1.3045027,1.3393221,-1.1603385,326.54663,79.88783,-5.7009287,WAL
2071602277000,284.084889,-0.530467978530826,-10.926115,-1.44746296526017,1.502423,1.5968018,-1.1078042,326.94,79.883644,-5.723786,WAL
2071607318000,284.08993,0.509158865249235,-11.263862,-0.798355828481635,1.6945401,1.7052304,-1.1441506,327.3903,79.83376,-5.7639837,WAL
2071612306000,284.094918,1.33677130733696,-11.5363050597826,-0.372610654002717,1.7876972,1.7418822,-1.2611313,327.7293,79.87904,-5.597352,WAL
2071617306000,284.099918,1.97839588567279,-11.7516751872189,-0.148266415340798,1.8548924,1.8240436,-1.3368785,328.1048,79.87851,-5.444474,WAL
2071622287000,284.104899,2.48554283972213,-11.7590817710767,-0.0953054033340701,1.9010127,1.8616118,-1.475545,328.48395,79.888435,-5.0506353,WAL
2071627312000,284.109924,2.7793182707294,-11.4247857259236,-0.323234607873066,1.9792033,1.8887954,-1.5897768,328.88046,79.85692,-4.6582994,WAL
2071632293000,284.114905,2.78969103940984,-11.0256318503812,-0.47687167919596,2.0237966,1.9312505,-1.591304,329.28387,79.82015,-4.1335626,WAL
2071637352000,284.119964,2.49225149509852,-10.545890472126,-0.55363028969799,2.0497584,1.9691241,-1.5534303,329.69424,79.73605,-3.6052759,WAL
2071642417000,284.125029,2.16427327280152,-10.0027132546511,-0.734680768124149,2.0292943,1.947133,-1.5008959,330.07883,79.644394,-3.04303,WAL
2071647284000,284.129896,1.81741359169616,-9.41474396596787,-1.01809045811598,1.9654589,1.8848248,-1.4126259,330.45572,79.51407,-2.517316,WAL
2071652272000,284.134884,1.43176911100762,-8.78820002370872,-1.3257998596105,1.8710803,1.8979583,-1.2977833,330.84875,79.33886,-2.0864058,WAL
2071657313000,284.139925,0.951454969199831,-8.08305813558425,-1.68859035339754,1.7815884,1.9663752,-1.1569787,331.2285,79.15599,-1.7011498,WAL
2071662277000,284.144889,0.477014690742475,-7.5460626722408,-1.9850446483612,1.7159204,2.0415115,-1.0067059,331.56985,78.982895,-1.4654701,WAL
2071667315000,284.149927,-0.0070785018881987,-7.27865872670807,-2.17868182720497,1.6530013,2.0622811,-0.8741482,331.9014,78.827965,-1.2746944,WAL
2071672395000,284.155007,-0.481814311022892,-6.96750108828359,-2.4369230400367,1.5790867,2.0879374,-0.8164214,332.30185,78.67076,-1.137962,WAL
2071677339000,284.159951,-0.911707761130107,-6.56504764522361,-2.83937657860524,1.4966198,2.1267273,-0.763887,332.69818,78.532486,-1.0455987,WAL
2071682295000,284.164907,-1.33041025630181,-6.18833389628862,-3.1585186250942,1.4495832,2.186592,-0.68875057,333.18707,78.37946,-0.99489015,WAL
2071687355000,284.169967,-1.70927866191598,-5.90988852138282,-3.14938927166541,1.4581354,2.207667,-0.6389651,333.66913,78.236916,-0.9575423,WAL
2071692297000,284.174909,-2.0716895322518,-5.64470449220743,-3.12918317251803,1.4465289,2.2079725,-0.6017023,334.19855,78.12979,-0.9792021,WAL
2071697323000,284.179935,-2.35199839816047,-5.45338258703088,-2.97790526493807,1.4257594,2.1539109,-0.58123827,334.71304,78.02638,-1.0130594,WAL
2071702207000,284.184819,-2.62438767414494,-5.26746611570531,-2.83090142478277,1.3866642,2.0809124,-0.57726765,335.2649,77.8968,-1.1107743,WAL
2071707226000,284.189838,-2.74825778827236,-5.05712577330607,-2.64371301072179,1.3286319,2.0280726,-0.5876524,335.80463,77.78259,-1.2132585,WAL
2071712228000,284.19484,-2.84301046541346,-4.85417446902698,-2.47341854652771,1.246776,1.9975294,-0.6026186,336.32794,77.69025,-1.3172498,WAL
2071717237000,284.199849,-2.82899351048018,-4.73736748699717,-2.50145221245739,1.2089024,1.9477439,-0.6105598,336.86954,77.5518,-1.4735265,WAL
2071722400000,284.205012,-2.80840463786286,-4.61568728069245,-2.50128017426946,1.1355985,1.9193386,-0.6310238,337.4327,77.40465,-1.6443743,WAL
2071727207000,284.209819,-2.71517011680008,-4.4869347828238,-2.150540332954,1.058324,1.9019289,-0.6560693,337.98465,77.272125,-1.814813,WAL
2071732758000,284.21537,-2.6094528751068,-4.32995807037616,-1.74699032364281,1.0030408,1.8628336,-0.71929383,338.529,77.15044,-1.9625005,WAL
2071737291000,284.219903,-2.54612440424091,-4.1037849871314,-1.43487147537772,0.9272934,1.8396207,-0.73914695,339.07056,77.05718,-2.1201713,WAL
2071742367000,284.224979,-2.47604948801956,-3.85332651965394,-1.082175576735,0.8170323,1.8408424,-0.7816021,339.62833,76.92544,-2.2469585,WAL
2071747208000,284.22982,-2.41937309584352,-3.64841938123002,-0.707239170735377,0.70524395,1.8460348,-0.81031275,340.1796,76.81724,-2.3763747,WAL
2071752211000,284.234823,-2.36080007579462,-3.43665519747978,-0.319755832744029,0.5852089,1.8335121,-0.83077675,340.74152,76.67463,-2.4990294,WAL
2071757195000,284.239807,-2.36029191361899,-3.32437768831724,-0.0762330016520821,0.4447099,1.7962493,-0.84574294,341.29764,76.57104,-2.6197665,WAL
2071762476000,284.245088,-2.36537892637296,-3.21500683442969,0.167943777860591,0.31948254,1.7705929,-0.83260936,341.851,76.49636,-2.74797,WAL
2071767235000,284.249847,-2.36996311377992,-3.1164467333786,0.387984924177731,0.19914207,1.7800614,-0.82558435,342.41687,76.365616,-2.881109,WAL
2071772198000,284.25481,-2.37474380764434,-3.0136617404144,0.617458386916114,0.08857546,1.78617,-0.80878556,342.9852,76.25874,-3.011018,WAL
2071777202000,284.259814,-2.36647370832697,-2.9813938249809,0.73496320618029,-0.004886922,1.7880026,-0.75319684,343.54962,76.17654,-3.159501,WAL
2071782215000,284.264827,-2.35730478197097,-2.95388704591291,0.844990403832124,-0.101098195,1.7873917,-0.6957755,344.11145,76.122604,-3.3182995,WAL
2071787254000,284.269866,-2.33440230928594,-2.97114865606268,0.943582882805763,-0.19181168,1.779145,-0.63132924,344.66324,75.90415,-3.539216,WAL
2071792178000,284.27479,-2.3096066111894,-2.99594419881165,1.03780604881691,-0.30695978,1.7180585,-0.573297,345.1951,75.71806,-3.7754245,WAL
2071797195000,284.279807,-2.16366023683188,-3.03253448931001,0.895147602526725,-0.43035457,1.6615535,-0.5360342,345.74197,75.49948,-4.015332,WAL
2071802208000,284.28482,-2.00969707371234,-3.06985892939747,0.736518793051506,-0.54550266,1.6267341,-0.49846604,346.27237,75.31014,-4.272467,WAL
2071807195000,284.289807,-1.83134310592533,-3.09317730172155,0.54494627512261,-0.6554584,1.6187929,-0.45356745,346.81232,75.13865,-4.522396,WAL
2071812176000,284.294788,-1.64991193830948,-3.11466258173856,0.349191591649985,-0.77763146,1.6029104,-0.43493605,347.33746,75.00318,-4.775282,WAL
2071817235000,284.299847,-1.46563964821339,-3.13648431062957,0.150371486512862,-0.840856,1.5964963,-0.3930918,347.85867,74.93554,-4.9894724,WAL
2071822183000,284.304795,-1.28541049395456,-3.1578272468922,-0.0440862877940147,-0.95264435,1.6105462,-0.35155296,348.37695,74.909256,-5.211655,WAL
2071827204000,284.309816,-1.17144858530918,-3.20064620253225,0.0135622981392261,-1.0680978,1.5971072,-0.31581733,348.90033,74.88226,-5.42891,WAL
2071832223000,284.314835,-1.06660056145675,-3.24623223156297,0.104734518042489,-1.2034045,1.5580118,-0.2779437,349.41428,74.88183,-5.6597223,WAL
2071837247000,284.319859,-1.06297802909423,-3.32107477872168,0.390072475957727,-1.3219124,1.4648548,-0.23396139,349.88092,75.1102,-5.7827435,WAL
2071842202000,284.324814,-1.08703046155406,-3.40285314954635,0.724401515698718,-1.4489723,1.3289373,-0.19425514,350.32028,75.362366,-5.9102745,WAL
2071847212000,284.329824,-1.11134987358711,-3.48553925203508,1.0624415740443,-1.5662584,1.16492,-0.15332718,350.7199,75.61875,-6.0145645,WAL
2071852215000,284.334827,-1.13563530640174,-3.56810982503928,1.40000932093112,-1.7037032,0.97158116,-0.11209377,351.06857,75.896866,-6.119767,WAL
2071857215000,284.339827,-1.1958581759064,-3.70620889480767,1.86927973633625,-1.8209893,0.7492262,-0.087964594,351.36932,76.18338,-6.2134953,WAL
2071862191000,284.344803,-1.26286216232801,-3.85457485403234,2.36223761858994,-1.956296,0.50640726,-0.027183503,351.60373,76.48617,-6.315835,WAL
2071867210000,284.349822,-1.33299117841332,-4.35281341467189,2.93209931736533,-2.082745,0.27091873,0.047647487,351.79932,76.59536,-6.4408975,WAL
2071872214000,284.354826,-1.40339623314398,-4.9160533624094,3.51411406725759,-2.1771238,0.040317107,0.14172074,351.9212,76.71469,-6.5724154,WAL
2071877212000,284.359824,-1.55982268053604,-5.99805921389279,4.39963806801847,-2.2165246,-0.122783914,0.30482176,352.01315,76.844986,-6.7435594,WAL
2071882207000,284.364819,-1.73749150120458,-7.20812859975908,5.3600104022887,-2.0967948,-0.22815818,0.47708577,352.0495,76.935036,-6.9297924,WAL
2071887237000,284.369849,-1.46162305673067,-9.40247427609193,6.46360132844493,-1.8555032,-0.21135938,0.5870415,352.08328,76.97047,-7.1435733,WAL
2071892212000,284.374824,-1.08240020452691,-11.8010593298179,7.58704918587205,-1.4385877,-0.12950343,0.6239988,352.09772,76.91445,-7.3757753,WAL
2071897212000,284.379824,-0.182354871283156,-13.7014677784085,9.01207028716845,-0.8573494,-0.10842858,0.50762904,352.11795,76.70163,-7.598996,WAL
2071902254000,284.384866,0.857380588734462,-15.4879218592542,10.5244124873446,-0.15515977,-0.11789699,0.23548855,352.15164,76.391624,-7.780179,WAL
2071907255000,284.389867,2.14107447527646,-16.5894066581754,11.1247469873618,0.5018258,-0.07696902,-0.063224554,352.1481,76.01329,-7.7654176,WAL
2071912248000,284.39486,3.50079951054502,-17.4817264529028,11.4457937322275,0.9691377,0.13316862,-0.19883664,352.1905,75.5482,-7.7259555,WAL
2071917242000,284.399854,4.51723116556316,-18.0264434914925,9.67436941280747,1.1267409,0.5842926,-0.38637227,352.21332,75.11877,-7.375933,WAL
2071922261000,284.404873,5.41507930512299,-18.4486980786018,7.1408369240614,1.2837334,1.3164146,-0.41630468,352.38275,74.56433,-7.087717,WAL
2071927255000,284.409867,5.526993271944,-18.3955101604739,6.08652722073236,1.284955,1.88849,-0.43188173,352.54504,74.16307,-6.5556126,WAL
2071932231000,284.414843,5.06507872159397,-17.9951846634356,6.11218912530964,1.1636983,2.1655173,-0.46120325,352.85208,73.73091,-6.087976,WAL
2071937286000,284.419898,3.4111578717493,-15.2798571778404,5.30548895252433,1.0079277,2.2510383,-0.4605924,353.2453,73.6357,-5.5117455,WAL
2071942254000,284.424866,1.32506747496589,-11.7135946696989,4.18886806730647,0.83658,2.1774292,-0.4633413,353.66595,73.54506,-4.98692,WAL
2071947251000,284.429863,-0.0991559770108539,-9.04369261252521,3.61774338574585,0.66645396,2.0525072,-0.44348818,354.1174,73.44339,-4.5742245,WAL
2071952283000,284.434895,-0.904568114311786,-7.21068595802517,3.55756886310633,0.5018258,1.9382755,-0.41233405,354.54318,73.368324,-4.191463,WAL
2071957310000,284.439922,-1.56737006921522,-5.73843635927219,3.48874916715677,0.33933565,1.8228219,-0.36682457,355.0585,73.23071,-4.1722455,WAL
2071962306000,284.444918,-2.05101555761808,-4.71838409652637,3.40960728415732,0.12767084,1.6823229,-0.30024028,355.52014,73.15099,-4.1630154,WAL
2071967293000,284.449905,-2.5196744843448,-3.8696495816958,3.35746782573011,-0.090713486,1.5351044,-0.2443461,356.00125,73.027016,-4.287776,WAL
2071972293000,284.454905,-2.95115581101943,-3.479756736185,3.37826203917056,-0.3191771,1.3723087,-0.16432275,356.42764,72.95811,-4.427371,WAL
2071977271000,284.459883,-3.35286001645193,-3.4143260987116,3.47630495262636,-0.5195409,1.1850786,-0.06688975,356.84784,72.886475,-4.6538515,WAL
2071982287000,284.464899,-3.71944764039643,-3.79043552237859,3.68102277668979,-0.68416905,0.97219205,0.035430185,357.20663,72.85698,-4.889964,WAL
2071987341000,284.469953,-3.95692210476877,-4.32229145419572,3.84851397081029,-0.8237518,0.68966687,0.1441642,357.51254,72.82938,-5.1953015,WAL
2071992314000,284.474926,-4.00654385224012,-5.05898418898774,3.95920859838904,-0.9969321,0.25259277,0.21777347,357.70926,72.841675,-5.490525,WAL
2071997240000,284.479852,-4.05569662280997,-5.78871441452272,4.06885704710267,-1.1774428,-0.25809056,0.28710666,357.81427,72.84696,-5.8369007,WAL
2072002302000,284.484914,-4.13950778226311,-7.54786448828607,4.00493275616997,-1.3414601,-0.8032878,0.32498032,357.78326,72.87886,-6.1570234,WAL
2072007289000,284.489901,-4.22557745173101,-9.38703442293465,3.92339329585507,-1.4193454,-1.0815369,0.33567044,357.6798,72.91981,-6.4691415,WAL
2072012306000,284.494918,-4.56397838860834,-11.6816882381092,3.58588437190253,-1.3845261,-1.6136005,0.33750305,357.35233,72.980385,-6.7173386,WAL
2072017321000,284.499933,-4.9635039734586,-14.0835429293404,3.18635873797221,-1.3246613,-2.0265455,0.3436117,356.98035,73.042564,-6.9550476,WAL
2072022290000,284.504902,-5.71194651984482,-15.5662811698001,2.65517333207998,-1.1472049,-2.348166,0.37690386,356.51065,73.15807,-7.125151,WAL
2072027310000,284.509922,-6.57752674863225,-16.7857451825326,2.07652572698697,-0.8170323,-2.5002716,0.41172317,355.98135,73.21078,-7.270639,WAL
2072032282000,284.514894,-6.66661363344175,-17.5235742391429,1.30752454603023,-0.24587326,-2.3606887,0.44776422,355.50488,73.28372,-7.4020457,WAL
2072037363000,284.519975,-6.49904610283145,-18.1193693634972,0.455722808965946,0.50793445,-1.8765781,0.41996986,355.09677,73.22273,-7.526615,WAL
2072042399000,284.525011,-5.54875530968832,-17.549036766288,-0.328978447177056,1.0363328,-1.3811663,0.22785273,354.79037,73.14103,-7.716628,WAL
2072047307000,284.529919,-4.25586481070222,-16.450300656074,-1.06588194714326,1.1102476,-0.96486163,-0.06047566,354.6152,73.00235,-7.88576,WAL
2072052295000,284.534907,-3.09698842328031,-14.1089122185619,-1.84785650134351,0.8414669,-0.5467244,-0.28313604,354.55923,72.94174,-8.023942,WAL
2072057321000,284.539933,-2.06748784292777,-10.6582750230546,-2.66524891568143,0.2883284,-0.19547687,-0.40286562,354.6158,72.95874,-8.13005,WAL
2072062306000,284.544918,-1.55362827966805,-8.12200673029046,-2.74143061161826,-0.3213151,-0.115453534,-0.5018258,354.63736,73.19502,-8.042705,WAL
2072067295000,284.549907,-1.28621889065908,-6.01500466631284,-2.46018966181608,-0.79901177,-0.27183503,-0.48441613,354.68832,73.529106,-7.9654584,WAL
2072072289000,284.554901,-1.2599419416204,-4.57036621083693,-1.88070533891014,-1.0928379,-0.54428095,-0.36896262,354.6799,73.979965,-7.8325014,WAL
2072077311000,284.559923,-1.39840094976352,-3.57148333687024,-1.09445591739256,-1.3246613,-0.8872818,-0.19975294,354.59988,74.51709,-7.7068634,WAL
2072082284000,284.564896,-1.62064516181177,-2.94929158377786,-1.07803021403124,-1.534799,-1.2754866,-0.06078109,354.41672,75.022095,-7.5918217,WAL
2072087392000,284.570004,-1.89557190042865,-2.51127260404839,-1.47877093385597,-1.6975945,-1.5381587,0.06994407,354.16138,75.542046,-7.5104284,WAL
2072092327000,284.574939,-2.14328359420994,-2.29225536555846,-2.25312529757191,-1.8295414,-1.6334536,0.22540927,353.85455,75.95285,-7.4956703,WAL
2072097309000,284.579921,-2.37943574469556,-2.22987558909227,-3.33586078003362,-1.9443841,-1.643533,0.38453966,353.4927,76.36695,-7.509341,WAL
2072102300000,284.584912,-2.62592000072712,-2.44116618982036,-4.31705790710009,-2.0399845,-1.7553213,0.52442783,353.11102,76.76864,-7.593224,WAL
2072107323000,284.589935,-2.88825100966638,-3.04812806467066,-5.15548812968349,-2.083356,-1.8777997,0.6227771,352.72305,77.144226,-7.7100315,WAL
2072112305000,284.594917,-3.18230334763398,-3.69637445852846,-5.75628082717743,-2.0653355,-2.1502457,0.6569856,352.3128,77.56332,-7.86006,WAL
2072117307000,284.599919,-3.50613210235133,-4.38627051823259,-6.16458678044479,-2.044566,-2.4049764,0.70341134,351.87723,77.93378,-8.035124,WAL
2072122313000,284.604925,-3.64580696844367,-4.93975974165558,-6.50860680246598,-1.9721785,-2.473088,0.74372846,351.4182,78.31413,-8.2610445,WAL
2072127311000,284.609923,-3.6017280144275,-5.35606112745319,-6.78777371579863,-1.9391917,-2.359467,0.8167268,350.9467,78.63141,-8.503958,WAL
2072132294000,284.614906,-3.46367630439529,-5.733347938949,-6.8139867799942,-1.9620992,-2.1502457,0.89858276,350.48285,78.894035,-8.819171,WAL
2072137373000,284.619985,-3.24283896068393,-6.08574811313756,-6.62603998444745,-1.9938642,-1.917506,1.0213667,350.06598,79.056786,-9.169086,WAL
2072142377000,284.624989,-3.1096804175391,-6.56813450688267,-6.2440276653432,-2.0189097,-1.758681,1.1615603,349.67383,79.15316,-9.547898,WAL
2072147308000,284.62992,-3.06545970453226,-7.18280141106845,-5.66473730385804,-2.0320432,-1.6685784,1.2760975,349.33792,79.14492,-9.956182,WAL
2072152287000,284.634899,-3.0324258660914,-7.93658945445829,-5.05782424097156,-2.0409007,-1.6630806,1.3613132,348.99036,79.05406,-10.368711,WAL
2072157319000,284.639931,-3.02215832391605,-8.9633390618728,-4.40070427565782,-2.0289888,-1.6578883,1.4364496,348.6785,78.857376,-10.809505,WAL
2072162304000,284.644916,-2.95358723736075,-9.95782736618109,-3.93318966580977,-2.0207422,-1.641395,1.4990633,348.34323,78.57444,-11.254869,WAL
2072167293000,284.649905,-2.81711578577549,-10.9267754324479,-3.67844286118252,-1.9761491,-1.6227635,1.541213,348.02,78.22175,-11.71071,WAL
2072172259000,284.654871,-2.56653748306653,-11.7299925082121,-3.40611966756757,-1.9214766,-1.5867225,1.5873333,347.6803,77.83194,-12.150938,WAL
2072177309000,284.659921,-2.09899614678794,-12.2478070144491,-3.09442547837838,-1.8668042,-1.572978,1.6120734,347.34778,77.41038,-12.589484,WAL
2072182306000,284.664918,-1.63258406360887,-12.6089258020491,-2.78973144758778,-1.8383989,-1.5387696,1.6218473,346.99774,102.98219,-12.973765,WAL
2072187402000,284.670014,-1.1519775612076,-12.7788370770914,-2.48389089905501,-1.8585575,-1.4575244,1.6255124,346.67212,103.3909,-13.354837,WAL
2072192286000,284.674898,-0.557646568581756,-12.7403391767336,-2.3753321962808,-1.920255,-1.2699889,1.6279559,346.33835,103.720345,-13.643717,WAL
2072197309000,284.679921,0.233948971595168,-12.4291917279559,-2.51260319420717,-2.0100522,-1.0155635,1.5989398,346.05344,104.04901,-13.9165325,WAL
2072202256000,284.684868,0.801936112709584,-12.1359726267853,-2.51930285737942,-2.084883,-0.88422745,1.5158621,345.74426,104.28327,-14.087417,WAL
2072207319000,284.689931,0.917358364396605,-11.8649816041192,-2.24329311369282,-2.1175644,-0.6462954,1.3591752,345.5439,104.49729,-14.221239,WAL
2072212236000,284.694848,1.08145817376326,-11.4584512338308,-2.139268709265,-2.1096232,-0.54733527,1.2562444,345.2927,104.608475,-14.235147,WAL
2072217293000,284.699905,1.33604135809631,-10.8038087462687,-2.30292937862574,-2.0231857,-0.5662721,1.0616838,345.07358,104.659515,-14.177263,WAL
2072222337000,284.704949,1.50051521238902,-10.1227191609348,-2.33414408138586,-1.8881844,-0.5665775,0.92485,344.8651,104.677086,-14.091621,WAL
2072227310000,284.709922,1.41789124578018,-9.37424231462394,-2.00364796120012,-1.6462818,-0.6221663,0.7846564,344.62943,104.63294,-13.953096,WAL
2072232334000,284.714946,1.2510259552713,-8.76025147360234,-1.81875641434715,-1.4462235,-0.86284715,0.6658431,344.32495,104.561386,-13.782335,WAL
2072237410000,284.720022,0.890740327733553,-8.46668552575716,-1.97443546260408,-1.3432927,-1.2318097,0.52503866,343.95978,104.439384,-13.571908,WAL
2072242371000,284.724983,0.54431214649268,-8.18850554552422,-2.17214447571976,-1.3005321,-1.6074919,0.376293,343.51273,104.29288,-13.367762,WAL
2072247303000,284.729915,0.237997353380368,-7.97037244665422,-2.67338682937997,-1.3118331,-1.9172006,0.20616703,342.97363,104.09998,-13.12417,WAL
2072252302000,284.734914,-0.0756727964844044,-7.77242325394594,-3.17348774889593,-1.3466524,-2.1087067,0.05009095,342.37973,103.99877,-12.952275,WAL
2072257319000,284.739931,-0.427733986934548,-7.84378696163977,-3.58263992139816,-1.4089607,-2.189952,-0.05375614,341.72836,103.87128,-12.749074,WAL
2072262368000,284.74498,-0.769215137826711,-7.92342263358545,-3.97777826833892,-1.5033394,-2.2229385,-0.1255328,341.0663,103.85305,-12.602521,WAL
2072267297000,284.749909,-0.940948529143131,-8.09967489623743,-4.15403100289134,-1.5748106,-2.1633792,-0.17256944,340.4079,103.82447,-12.431382,WAL
2072272652000,284.755264,-1.12122965755451,-8.29415681077706,-4.33643545611373,-1.6081028,-2.055867,-0.19272798,339.7806,103.89581,-12.31591,WAL
2072277311000,284.759923,-1.13837241471521,-8.52987016924407,-4.29357856321199,-1.6136005,-1.9407189,-0.1563815,339.17407,103.98464,-12.200622,WAL
2072283237000,284.765849,-1.15768948814391,-8.83164017906787,-4.19762501275552,-1.5964963,-1.7989981,-0.08735373,338.60684,104.132034,-12.117789,WAL
2072287402000,284.770014,-1.14545910016353,-9.06401814666803,-3.70025547585854,-1.5424347,-1.711339,-0.010995574,338.05893,104.294,-12.044787,WAL
2072292854000,284.775466,-1.12317486764307,-9.35909951347099,-3.04561762212389,-1.5338826,-1.668273,0.04184427,337.51907,104.47176,-11.981194,WAL
2072297305000,284.779917,-0.976476459410029,-9.41358728121927,-2.43786705309735,-1.5635096,-1.6209309,0.07849618,337.00867,104.66662,-11.929978,WAL
2072302307000,284.784919,-0.811617902235988,-9.47482022084563,-1.75488157876106,-1.5803084,-1.5989398,0.13103059,336.46313,104.80824,-11.884663,WAL
2072307317000,284.789929,-0.635668672720559,-9.37776976966068,-1.1562646502475,-1.611768,-1.5989398,0.1554652,335.92877,104.95989,-11.838739,WAL
2072312242000,284.794854,-0.461503631827345,-9.26479754411178,-0.577283586824351,-1.6307048,-1.6203201,0.20769419,335.40173,105.13044,-11.813393,WAL
2072317296000,284.799908,-0.352428932650496,-9.15470019237946,-0.310385208830404,-1.6554449,-1.6465873,0.24495697,334.79825,105.18545,-11.748396,WAL
2072322255000,284.804867,-0.254489330344692,-9.04743326770107,-0.0911870359835019,-1.6230689,-1.6539177,0.2706133,334.20767,105.24296,-11.691994,WAL
2072327318000,284.80993,-0.177911184854369,-8.93097688088126,-0.0267063448356983,-1.5317446,-1.6355917,0.2919936,333.5647,105.233826,-11.629295,WAL
2072332329000,284.814941,-0.106231748883495,-8.81449779508962,0.00913337034297984,-1.416902,-1.5738943,0.3173445,332.95233,105.223434,-11.570047,WAL
2072337760000,284.820372,-0.113844846094478,-8.71279808117099,-0.00454945997205589,-1.2663237,-1.4682146,0.3436117,332.3785,105.25053,-11.547466,WAL
2072342294000,284.824906,-0.144956845933773,-8.63501813378372,-0.0312168886046369,-1.1166617,-1.3472633,0.35246924,331.84012,105.25728,-11.519882,WAL
2072347277000,284.829889,-0.179149853256052,-8.54953567285941,-0.0605251808137571,-0.9611965,-1.2293663,0.37384954,331.33096,105.26972,-11.511275,WAL
2072352277000,284.834889,-0.213459513422898,-8.46376158001945,-0.0899334611761093,-0.83016586,-1.1270463,0.3979787,330.8631,105.2603,-11.497612,WAL
2072357279000,284.839891,-0.331368592498005,-8.42758848922586,-0.141741324261373,-0.7165449,-1.0494665,0.40286562,330.42365,105.24822,-11.493935,WAL
2072362278000,284.84489,-0.469872111312849,-8.40370858938548,-0.19905312676676,-0.65087694,-0.9831876,0.41355577,330.02084,105.22662,-11.491366,WAL
2072367292000,284.849904,-0.646154678553715,-8.33047793304236,-0.290468602005753,-0.6087272,-0.95722586,0.43279803,329.64197,105.20095,-11.498199,WAL
2072372281000,284.854893,-0.830994357161988,-8.24516707231425,-0.389997657433786,-0.6038403,-0.9584476,0.45051312,329.28323,105.172386,-11.503118,WAL
2072377274000,284.859886,-0.974400265558195,-8.15195531828979,-0.564394646935867,-0.61453044,-0.98471475,0.46761733,328.94003,105.15105,-11.524344,WAL
2072382306000,284.864918,-1.10718166952969,-8.0558032407601,-0.761277410428504,-0.6542367,-1.024421,0.5109888,328.60355,105.14457,-11.556,WAL
2072392349000,284.874961,-1.2162832586139,-8.00021402330882,-1.33498673708484,-0.7867944,-1.0345002,0.5897904,327.8691,105.339645,-11.792632,WAL
2072397375000,284.879987,-1.15979078516885,-8.04799843000301,-1.64993910546147,-0.8765916,-0.981355,0.6264423,327.49887,105.503654,-11.955269,WAL
2072402207000,284.884819,-1.0763202730935,-8.1129200469987,-1.95599771430003,-0.9850202,-0.9407325,0.6450737,327.14026,105.685265,-12.115996,WAL
2072407232000,284.889844,-0.968792804180759,-8.26954476468902,-2.11435707236075,-1.0290025,-0.8536842,0.6719518,326.78937,105.91043,-12.294883,WAL
2072412225000,284.894837,-0.85458383711092,-8.4568473783319,-2.21486095803955,-1.1044444,-0.7825184,0.70249504,326.45795,106.157,-12.469827,WAL
2072417226000,284.899838,-0.777105387064795,-8.72643540937593,-2.05977984425202,-1.1643091,-0.7476991,0.7156286,326.1137,106.427055,-12.63348,WAL
2072422234000,284.904846,-0.719821852349955,-9.04149478550811,-1.76381487003085,-1.2134838,-0.79626286,0.7254025,325.77582,106.70487,-12.796548,WAL
2072427227000,284.909839,-0.686305649170342,-9.41465273030876,-1.41996427585591,-1.2513574,-0.8961393,0.7171558,325.40674,106.985016,-12.942179,WAL
2072432253000,284.914865,-0.666085948771267,-9.82410229678639,-1.04589952816635,-1.2614367,-1.0183123,0.70616025,325.02573,107.26084,-13.085303,WAL
2072437257000,284.919869,-0.723860216010707,-10.2954983635372,-0.772935730866462,-1.258077,-1.1136073,0.6783658,324.62656,107.51858,-13.226122,WAL
2072442227000,284.924839,-0.808795382561713,-10.786234498166,-0.537004686938634,-1.2153164,-1.1768318,0.6407976,324.2086,107.75809,-13.359218,WAL
2072447226000,284.929838,-0.935208266192034,-11.0851122878584,-0.410022583883009,-1.1691961,-1.2110404,0.59406644,323.7867,107.965775,-13.487191,WAL
2072452315000,284.934927,-1.08056399151434,-11.3101798491437,-0.325622493205696,-1.0986412,-1.2180653,0.56046885,323.35965,108.14956,-13.605498,WAL
2072457321000,284.939933,-1.23598965981513,-11.4242095911937,-0.2937655312951,-0.9963212,-1.2140946,0.5296202,322.9285,108.29301,-13.722787,WAL
2072462303000,284.944915,-1.39722571933207,-11.4811161036676,-0.289023287259716,-0.86254174,-1.2147056,0.5128214,322.49893,108.40872,-13.83119,WAL
2072467293000,284.949905,-1.4839660854704,-11.5470113885693,-0.389153509289293,-0.68386364,-1.2177598,0.5119051,322.07547,108.50131,-13.957575,WAL
2072472326000,284.954938,-1.52868689149193,-11.6185646968825,-0.550148350260716,-0.4633413,-1.2040154,0.528093,321.6626,108.558464,-14.078681,WAL
2072477308000,284.95992,-1.49169232881356,-11.7331090214095,-0.832003220838537,-0.20738874,-1.1453724,0.5296202,321.26083,108.59104,-14.218898,WAL
2072482368000,284.96498,-1.36681133822976,-11.8964147662801,-1.24987434584597,0.056199603,-1.0118983,0.5375614,320.89246,108.58667,-14.354819,WAL
2072487363000,284.969975,-1.12241162396141,-11.8995696372317,-1.62053089621973,0.31795537,-0.81214535,0.4972443,320.55682,108.55093,-14.475975,WAL
2072492333000,284.974945,-0.747560406989565,-11.7308866238433,-1.94384011122268,0.47494772,-0.5696318,0.44837508,320.27914,108.48981,-14.581999,WAL
2072497276000,284.979888,-0.323016923384012,-11.505032568514,-2.17836621461501,0.4978552,-0.34605515,0.38606682,320.03403,108.417816,-14.640881,WAL
2072502300000,284.984912,0.177235273496812,-11.1982743725356,-2.30106959156449,0.38881573,-0.24617869,0.3109304,319.82614,108.33159,-14.673919,WAL
2072507254000,284.989866,0.589691225693802,-11.108830259482,-2.36311036859389,0.3036,-0.06261369,0.27763826,319.68552,108.22952,-14.634984,WAL
2072512303000,284.994915,0.88043723679926,-11.3593190429232,-2.33179914222017,0.11362094,0.09285152,0.20250183,319.5633,108.13984,-14.560512,WAL
2072517259000,284.999871,1.02665007042937,-11.5858388280409,-2.17335510683616,-0.056199603,0.19700404,0.1282817,319.4584,108.0237,-14.407257,WAL
2072522337000,285.004949,0.688043909036818,-11.7500116019622,-1.56283807925942,-0.19639318,0.2003638,0.04917465,319.36676,107.91998,-14.231705,WAL
2072527245000,285.009857,0.382609128886113,-11.8485518144596,-1.04906371514387,-0.30757064,0.105068825,-0.035124753,319.25552,107.78558,-13.987844,WAL
2072532363000,285.014975,0.110023281485452,-11.8248486309342,-0.673764314471669,-0.37659842,-0.06566802,-0.12889257,319.1206,107.65457,-13.72852,WAL
2072537375000,285.019987,-0.156916981736923,-11.8016363691465,-0.306237820495688,-0.4071417,-0.2764165,-0.20738874,318.95712,107.51145,-13.512559,WAL
2072542308000,285.02492,-0.373190086201284,-11.8622047450177,-0.0224236274125332,-0.3924809,-0.42363504,-0.27763826,318.7609,107.3586,-13.283414,WAL
2072547443000,285.030055,-0.565897288513526,-11.9598796715053,0.250918847482326,-0.32559118,-0.49571714,-0.31764993,318.52646,107.19631,-13.053097,WAL
2072552298000,285.03491,-0.456331365542464,-12.3017253973042,0.395545869831275,-0.21685717,-0.50518554,-0.33505958,318.2732,107.02502,-12.883645,WAL
2072557283000,285.039895,-0.34383164854746,-12.6527245616929,0.544045500399661,-0.08674286,-0.44990227,-0.3368922,318.02316,106.83407,-12.742761,WAL
2072562303000,285.044915,-0.193663998257146,-13.2369438559904,0.732360090633403,0.051618114,-0.34788775,-0.34788775,317.78687,106.61957,-12.594943,WAL
2072567311000,285.049923,-0.0408165963489692,-13.8387806674634,0.923419330549746,0.20097467,-0.24373524,-0.38056904,317.57034,106.37822,-12.440007,WAL
2072572355000,285.054967,0.141081238636683,-14.2751492326072,0.983214319992973,0.36865717,-0.17837265,-0.419359,317.37164,106.07048,-12.251982,WAL
2072577289000,285.059901,0.321341721363317,-14.6878507673928,1.03065128000703,0.5555819,-0.14660765,-0.47342056,317.19537,105.72803,-12.05048,WAL
2072582318000,285.06493,0.529162357607202,-14.9436999140451,0.810147230965057,0.7538077,-0.09743301,-0.52931476,317.03485,105.298584,-11.799801,WAL
2072587363000,285.069975,0.739613846495015,-15.1868883498209,0.566958844022844,0.94806284,-0.021991149,-0.5867361,316.89404,104.8346,-11.53616,WAL
2072592348000,285.07496,0.936055915879653,-15.1580766961754,0.345150864897501,1.1462886,0.07727446,-0.6600399,316.76752,104.29395,-11.217992,WAL
2072597241000,285.079853,1.12722090964814,-15.0911686015298,0.130090255640999,1.3475688,0.12797627,-0.7247916,316.6532,103.72259,-10.892337,WAL
2072602305000,285.084917,1.16961297054036,-14.9162220916059,0.0482356791577553,1.5244142,0.23365596,-0.77304995,316.57864,103.113594,-10.514428,WAL
2072607300000,285.089912,1.19224768990253,-14.730618158607,-0.0151414499706634,1.600467,0.30695978,-0.8689558,316.5117,102.47921,-10.1139555,WAL
2072612307000,285.094919,1.02141337917493,-14.399255305831,0.165647222586275,1.7754798,0.32070425,-0.97585726,316.45605,101.80045,-9.678818,WAL
2072617309000,285.099921,0.798143821459738,-14.0287226319913,0.412668810039667,1.9556851,0.2846632,-1.0784826,316.41046,101.106125,-9.227774,WAL
2072622329000,285.104941,0.410643791328341,-13.5453324520103,0.681308437000394,2.172237,0.21685717,-1.1817188,316.36026,100.38122,-8.759561,WAL
2072627333000,285.109945,-0.0238117925108396,-13.0305972346275,0.95520434940875,2.4373524,0.11728613,-1.2858714,316.29468,99.6204,-8.274945,WAL
2072632292000,285.114904,-0.457404171794373,-12.5731903179827,1.00064063410573,2.720183,-0.007941248,-1.391551,316.20987,98.84913,-7.8149533,WAL
2072637452000,285.120064,-0.909661417242722,-12.1161216274949,0.966961925508714,2.9944615,-0.074830994,-1.4691309,316.12076,98.06647,-7.343896,WAL
2072642329000,285.124941,-1.48776633106167,-12.0460692383366,0.793064440697456,3.2381966,-0.06261369,-1.509448,316.0373,97.35551,-6.942807,WAL
2072647302000,285.129914,-2.14047615221065,-12.1265400621421,0.556121848074721,3.441004,0.0021380284,-1.5445728,315.96048,96.69444,-6.530346,WAL
2072652330000,285.134942,-2.85333667165698,-12.4440249150748,0.199285485873131,3.5698965,0.07086037,-1.5922203,315.9039,96.223366,-6.2033134,WAL
2072657323000,285.139935,-3.60295942034884,-12.9454284858804,-0.24750953714701,3.5964692,0.1386664,-1.6163495,315.8791,84.09855,-5.8818517,WAL
2072662308000,285.14492,-4.28745044125622,-13.4327580361845,-0.853000835854872,3.474907,0.2611449,-1.5989398,315.90256,84.113045,-5.7262745,WAL
2072667292000,285.149904,-4.93453736028479,-13.9122540299425,-1.5512960434702,3.2888985,0.38087448,-1.568702,315.95825,83.998955,-5.5763564,WAL
2072672322000,285.154934,-5.55529512276988,-14.3100370096764,-2.15170030749924,3.066849,0.4529566,-1.5125023,316.0365,83.660286,-5.6506634,WAL
2072677310000,285.159922,-6.1475337716964,-14.642268679871,-2.67171491856668,2.846632,0.4550946,-1.426065,316.1389,83.29634,-5.740337,WAL
2072682301000,285.164913,-6.73012136305291,-14.9386218441746,-3.13187986013299,2.641992,0.40408736,-1.320996,316.23907,82.86495,-6.0278893,WAL
2072687338000,285.16995,-7.31119457588898,-15.2128886056664,-3.55490107054062,2.4718661,0.3817908,-1.2321151,316.3547,82.461174,-6.3142786,WAL
2072692398000,285.17501,-7.86607876709511,-15.2995030565553,-3.65484427403599,2.3393085,0.3643811,-1.1847731,316.47433,82.076195,-6.62538,WAL
2072697306000,285.179918,-8.37960742130004,-15.2218260258906,-3.47359898064635,2.252871,0.32406402,-1.1643091,316.58435,81.713165,-6.9296513,WAL
2072702296000,285.184908,-8.81286612799145,-15.0708670037393,-3.14389388583333,2.245846,0.15363261,-1.1664472,316.68488,81.38209,-7.1809044,WAL
2072707326000,285.189938,-9.07533808418803,-14.777516167735,-2.52631258166667,2.2849414,-0.064751714,-1.2260065,316.7623,81.07825,-7.4032364,WAL
2072712309000,285.194921,-8.79358554912465,-14.4969180185593,-2.47359952587774,2.3475552,-0.28710666,-1.4062119,316.82416,80.74027,-7.6038437,WAL
2072717297000,285.199909,-7.90245618186167,-14.2272940239166,-3.04940626736822,2.2934935,-0.17531833,-1.5613716,316.9236,80.43372,-7.7850623,WAL
2072722369000,285.204981,-6.88289788472865,-13.87768311443,-3.43296087000421,1.9587394,0.1441642,-1.5952746,317.04663,80.09987,-7.98007,WAL
2072727313000,285.209925,-5.71264975683635,-13.4195436209508,-3.49271816811106,1.6120734,0.3286455,-1.5567901,317.168,79.80553,-8.142933,WAL
2072732305000,285.214917,-4.56414562838112,-12.8759931335071,-3.51765838887924,1.4950926,0.56291234,-1.4853189,317.34146,79.698875,-8.156398,WAL
2072737331000,285.219943,-3.44434065031374,-12.2394237183126,-3.50371891688387,1.5460999,0.84421575,-1.3949108,317.57703,79.61154,-8.192096,WAL
2072742282000,285.224894,-2.42229498531047,-11.7519657054556,-3.38905528947517,1.740966,1.1618657,-1.321607,317.83282,79.630165,-8.1172905,WAL
2072747299000,285.229911,-1.50780697501178,-11.4667535335909,-3.12195244072364,1.9388863,1.4547756,-1.2892311,318.1563,79.62577,-8.066933,WAL
2072752275000,285.234887,-0.683645121034002,-11.2183795186099,-2.75330688501555,2.1010711,1.602605,-1.3045027,318.46143,79.68958,-7.917522,WAL
2072757318000,285.23993,-0.0671907050734742,-11.0577910985734,-2.10577064743108,2.2311852,1.65911,-1.35551,318.8184,79.71796,-7.7789884,WAL
2072762244000,285.244856,0.431120466061336,-10.9312875133883,-1.6507076742333,2.3075435,1.717753,-1.4080443,319.1615,79.78743,-7.544554,WAL
2072767297000,285.249909,0.789809307328824,-10.846098605763,-1.4444616583897,2.3338106,1.7745636,-1.4132367,319.51364,79.82983,-7.320457,WAL
2072772303000,285.254915,1.08884062502809,-10.793596021657,-1.22587732440903,2.3338106,1.8442022,-1.4138476,319.89523,79.86307,-6.981513,WAL
2072777312000,285.259924,1.22605242964552,-10.8327996721831,-0.966154953638778,2.2913556,1.9211712,-1.4376713,320.2904,79.880974,-6.6510196,WAL
2072782272000,285.264884,1.31460749491122,-10.6853015918064,-0.941916623502629,2.1945333,2.0320432,-1.4135422,320.7209,79.89825,-6.2512007,WAL
2072787321000,285.269933,1.29062507045928,-10.0857417317726,-1.47912217495288,2.1203132,2.1569653,-1.3701707,321.17236,79.89117,-5.86883,WAL
2072792244000,285.274856,1.21410578790827,-9.57487956964162,-1.95897751111883,2.024102,2.223855,-1.3225232,321.64,79.857185,-5.4753947,WAL
2072797308000,285.27992,0.992636551494093,-9.24749018494987,-2.33451234920083,1.9141463,2.24157,-1.2434162,322.12057,79.80608,-5.1213107,WAL
2072802299000,285.284911,0.758853457747611,-8.92526112903226,-2.70602731879671,1.8808541,2.3041837,-1.2043208,322.58768,79.772964,-4.807076,WAL
2072807320000,285.289932,0.481377907673825,-8.6022974516129,-3.08357597766531,1.790446,2.417194,-1.1441506,323.06104,79.75295,-4.536822,WAL
2072812290000,285.294902,0.200736304554125,-8.29076349287189,-3.4422645982106,1.7033978,2.5066855,-1.0622946,323.52405,79.72868,-4.322469,WAL
2072817284000,285.299896,-0.114314366343526,-8.02273579274408,-3.71969728038541,1.675298,2.5983152,-0.977079,324.00656,79.696236,-4.1415343,WAL
2072822308000,285.30492,-0.433121648831015,-7.75183141461971,-3.97809615566736,1.6496416,2.6572638,-0.9129381,324.51532,79.683205,-3.9885783,WAL
2072827313000,285.309925,-0.764110549156555,-7.47285512405051,-4.08684986337181,1.641395,2.713769,-0.8756753,325.03595,79.66061,-3.8642173,WAL
2072832343000,285.314955,-1.08243804763514,-7.18305821621622,-4.17729999662162,1.6417004,2.7214046,-0.8405506,325.6069,79.642456,-3.7460217,WAL
2072837316000,285.319928,-1.27172844388911,-6.8139418372814,-4.10158360093402,1.6490307,2.7113254,-0.8194757,326.1787,79.618385,-3.6432712,WAL
2072842299000,285.324911,-1.45730351251577,-6.45038951020666,-4.01465365898904,1.6487253,2.69697,-0.79901177,326.79227,79.5737,-3.571891,WAL
2072847306000,285.329918,-1.59687192511885,-6.1572958000194,-3.80064873699428,1.6239853,2.6731462,-0.76083267,327.3913,79.52839,-3.517053,WAL
2072852594000,285.335206,-1.74352586125891,-5.8428357267945,-3.57330462660375,1.5894713,2.651766,-0.7470882,328.0224,79.448006,-3.4801698,WAL
2072857319000,285.339931,-1.86618033420339,-5.50667168603554,-3.35525225661078,1.561677,2.6160305,-0.74372846,328.6355,79.36976,-3.455776,WAL
2072862535000,285.345147,-2.00122171515206,-5.15105895546158,-3.13129707212525,1.4941764,2.5906794,-0.73761976,329.27917,79.25378,-3.4578054,WAL
2072867284000,285.349896,-2.11989428557675,-5.01192551894008,-3.12720487326795,1.400714,2.5638015,-0.70402217,329.9059,79.150215,-3.4735072,WAL
2072872264000,285.354876,-2.24433930573151,-4.86602437893648,-3.12291362241317,1.3246613,2.5583036,-0.68294734,330.56693,79.00409,-3.512774,WAL
2072877348000,285.35996,-2.38318701148825,-4.57801383381201,-2.67984306057441,1.2684617,2.63344,-0.72692966,331.24075,78.881645,-3.5527198,WAL
2072882294000,285.364906,-2.52113034553123,-4.26407390926893,-2.14233971419964,1.1572843,2.638327,-0.75747293,331.8874,78.79231,-3.6046426,WAL
2072887415000,285.370027,-2.61829678800551,-3.87744593265768,-1.51623660572666,1.0241156,2.5986207,-0.7742717,332.56546,78.706894,-3.6685805,WAL
2072892306000,285.374918,-2.70125682023025,-3.49490784319591,-0.90325406786382,0.85918194,2.5705209,-0.77732605,333.24503,78.66139,-3.734727,WAL
2072897326000,285.379938,-2.76081473193219,-3.21178965898681,-0.40085679498166,0.67011917,2.496301,-0.77396625,333.9478,78.5451,-3.840549,WAL
2072902269000,285.384881,-2.81243764607911,-2.96306139784872,0.0590558708119362,0.57604593,2.4022276,-0.77366084,334.63406,78.44715,-3.9487424,WAL
2072907349000,285.389961,-2.87327300120084,-2.82774940339237,0.398152875765036,0.3903429,2.298686,-0.76052725,335.33273,78.27145,-4.109343,WAL
2072912243000,285.394855,-2.93424524767337,-2.73394592467727,0.684253373205244,0.23701571,2.2058344,-0.74128497,336.0046,78.10944,-4.274811,WAL
2072917336000,285.399948,-2.95688734942236,-2.7427752922851,0.84695386518504,0.092240654,2.1096232,-0.732122,336.6468,77.83869,-4.4896936,WAL
2072922285000,285.404897,-2.96616781461719,-2.7845376037008,0.962960382690425,-0.040927973,2.0112739,-0.72204274,337.25885,77.60233,-4.7119975,WAL
2072927346000,285.409958,-2.95489542231947,-2.81034225929978,0.999466562582057,-0.17073683,1.89918,-0.7076874,337.83676,77.26866,-4.970015,WAL
2072932324000,285.414936,-2.93592861846031,-2.8293093107221,1.00420828830316,-0.29901853,1.8032742,-0.6881397,338.39035,76.97135,-5.2330503,WAL
2072937350000,285.419962,-2.86667807848866,-2.79778372042068,0.931662235547765,-0.42119157,1.6927075,-0.6597345,338.91202,76.68758,-5.5049715,WAL
2072942337000,285.424949,-2.77831192535787,-2.74662435582822,0.829343637484663,-0.535118,1.5949692,-0.63041294,339.40878,76.434586,-5.7807045,WAL
2072947344000,285.429956,-2.65833564489896,-2.68273079820365,0.738883882371375,-0.6658431,1.4969252,-0.5934556,339.87015,76.21648,-6.05763,WAL
2072952337000,285.434949,-2.52295607756517,-2.61270693449185,0.654855177673533,-0.77304995,1.4071281,-0.5540548,340.30417,76.01752,-6.3388324,WAL
2072957352000,285.439964,-2.39035822736238,-2.56785841742981,0.601632980270705,-0.88606006,1.3161092,-0.5216789,340.7692,75.88301,-6.5417695,WAL
2072962347000,285.444959,-2.26038181280064,-2.53897468038643,0.567935389262353,-1.0005972,1.2315043,-0.48655418,341.2064,75.76894,-6.753688,WAL
2072967345000,285.449957,-2.15866747406457,-2.54018246312568,0.588195025609636,-1.0998629,1.1319333,-0.45662177,341.62305,75.70648,-6.9188733,WAL
2072972355000,285.454967,-2.0734036942245,-2.55912984884984,0.640300657853688,-1.2046263,1.0250319,-0.42332962,342.00916,75.66527,-7.0911517,WAL
2072977346000,285.459958,-2.05996847659913,-2.59818334465634,0.787196808661105,-1.325883,0.9049969,-0.398895,342.37177,75.66815,-7.2198052,WAL
2072982369000,285.464981,-2.09341413307509,-2.6507407977056,0.997426171841478,-1.4498887,0.75900006,-0.35430184,342.6911,75.685356,-7.3568945,WAL
2072987459000,285.470071,-2.17657811641939,-2.69225256627102,1.23315361181998,-1.5748106,0.59437186,-0.33475417,342.98022,75.74834,-7.459339,WAL
2072992426000,285.475038,-2.28949920126607,-2.72518785402572,1.47781589681503,-1.6948457,0.41355577,-0.30909783,343.2181,75.82697,-7.566803,WAL
2072997308000,285.47992,-2.39487654005117,-2.77331959061208,1.73872478608542,-1.8289305,0.31031954,-0.29443705,343.45865,75.91557,-7.6713896,WAL
2073002346000,285.484958,-2.49932976786066,-2.83504208094863,2.02359760865971,-1.8976529,0.118507855,-0.2415972,343.61737,76.00156,-7.7772956,WAL
2073007351000,285.489963,-2.58587425132064,-3.05568392279478,2.34700019603309,-2.0259347,-0.0421497,-0.17898351,343.80164,76.092445,-7.89691,WAL
2073012347000,285.494959,-2.65740683292136,-3.41334658181999,2.70466280526263,-2.1517727,-0.19181168,-0.11881329,343.93015,76.185074,-8.018623,WAL
2073017327000,285.499939,-2.72090534883974,-4.09865202462723,3.1439312678977,-2.245846,-0.31948254,0.007941248,344.02823,76.28743,-8.203226,WAL
2073022337000,285.504949,-2.77775902870544,-5.08411640262664,3.6603525891182,-2.264783,-0.3839288,0.13713925,344.097,76.37975,-8.397459,WAL
2073027349000,285.509961,-2.68912019813274,-6.60228173076625,4.29561849688467,-2.2003367,-0.32742378,0.312763,344.18698,76.43491,-8.640524,WAL
2073032374000,285.514986,-2.45632487039474,-8.65088108157895,5.04987537236842,-2.0497584,-0.19792034,0.45448375,344.27252,76.446526,-8.905659,WAL
2073037322000,285.519934,-2.12603111776962,-10.8321564939974,6.07585995390416,-1.8035797,-0.02076942,0.59437186,344.38223,76.3353,-9.20003,WAL
2073042342000,285.524954,-1.6585834007342,-13.2600225402322,7.48774274862586,-1.2843442,0.18509217,0.70249504,344.52707,76.1133,-9.52392,WAL
2073047268000,285.52988,-0.77477602597078,-15.1360140817955,8.89083040455594,-0.4098906,0.28069258,0.64476824,344.67276,75.82429,-9.703079,WAL
2073052348000,285.53496,0.763661935582469,-16.3237443509227,10.3638033572664,0.6401868,0.43493605,0.31429017,344.89386,75.43913,-9.839396,WAL
2073057243000,285.539855,2.33412154026911,-17.2655237439099,11.2565307207809,1.3567317,0.7324274,-0.06841691,345.10452,75.040596,-9.801603,WAL
2073062349000,285.544961,4.1617664402779,-17.8116668205083,11.0544146659045,1.6410894,1.2257011,-0.3659083,345.41986,74.5688,-9.718193,WAL
2073067397000,285.550009,5.80256172017318,-18.2363817550768,10.6970358040717,1.6432275,1.7290541,-0.5531385,345.66754,74.17684,-9.331351,WAL
2073072332000,285.554944,5.41768767832182,-17.271760944851,8.46086948673333,1.3973542,2.0583105,-0.66920286,346.0309,73.7848,-8.933665,WAL
2073077349000,285.559961,4.92679023733032,-16.1282229803922,6.38377221349925,1.0842859,2.1019874,-0.7257079,346.3253,73.643776,-8.234219,WAL
2073082343000,285.564955,3.75006189813348,-13.8649372843137,5.6714232609917,0.81489426,1.9071213,-0.7483099,346.67758,73.50054,-7.573341,WAL
2073087389000,285.570001,2.56198311239713,-11.5752208953941,4.95388520949846,0.636827,1.6129897,-0.75136423,347.09122,73.52597,-6.9812202,WAL
2073092394000,285.575006,1.45322017564176,-9.08295732425793,4.41422182730809,0.5012149,1.3158038,-0.75502944,347.4498,73.5752,-6.400846,WAL
2073097456000,285.580068,0.349018449317015,-6.63185837933281,3.88242823919266,0.3744604,1.1985176,-0.7119634,347.85086,73.55365,-6.0450683,WAL
2073102346000,285.584958,-0.501438304255823,-5.13893703566917,3.54501877008488,0.22540927,1.0256428,-0.6765333,348.14774,73.56241,-5.6715727,WAL
2073107604000,285.590216,-1.39520888133626,-3.61345412305091,3.18810071217439,0.13164146,0.91538155,-0.5662721,348.4806,73.481064,-5.515181,WAL
2073112346000,285.594958,-1.95970915639338,-3.16932523368065,2.93490573745544,-0.070554934,0.870483,-0.43096542,348.77466,73.46007,-5.3711867,WAL
2073117309000,285.599921,-2.55051785844073,-2.70449780265058,2.66991065952838,-0.25717425,0.8924741,-0.2764165,349.08978,73.37151,-5.408893,WAL
2073122350000,285.604962,-3.05247010784274,-2.77342588705645,2.78957511006048,-0.42271876,0.9334021,-0.11148291,349.38458,73.31622,-5.487251,WAL
2073127286000,285.609898,-3.52422825808468,-2.94973950850806,2.98494960304435,-0.5757405,0.9483683,0.058643065,349.66397,73.290215,-5.610999,WAL
2073132366000,285.614978,-3.71734745340661,-3.58790302724344,3.30009964256609,-0.7287622,0.838718,0.21319197,349.94812,73.2696,-5.8699884,WAL
2073137285000,285.619897,-3.85126665740548,-4.28874683975173,3.62596975845731,-0.8530733,0.56688297,0.3484986,350.17847,73.25989,-6.1605573,WAL
2073142357000,285.624969,-4.0229575944987,-5.55659036844728,3.90377527107833,-1.0054842,0.12675454,0.4166101,350.34476,73.23184,-6.525998,WAL
2073147245000,285.629857,-4.20023834937214,-6.97017059368148,4.15103529180785,-1.0910053,-0.43951756,0.47311515,350.3899,73.19328,-6.895246,WAL
2073152332000,285.634944,-4.69193295748032,-9.16747560918967,3.97553084429383,-1.1282681,-1.0867293,0.49938235,350.2987,73.15827,-7.2383184,WAL
2073157296000,285.639908,-5.28895753700787,-11.5887424322735,3.63911205924449,-1.07665,-1.6539177,0.5519168,350.06622,73.101555,-7.565133,WAL
2073162346000,285.644958,-5.56240997739441,-13.5866596970058,2.53820693394805,-0.960891,-2.0076087,0.6044512,349.73624,73.068726,-7.847506,WAL
2073167293000,285.649905,-5.70332737656157,-15.3669170560182,1.17130723011105,-0.79412484,-1.9865338,0.7309003,349.3491,72.98777,-8.142787,WAL
2073172349000,285.654961,-6.00659346735566,-16.5465086180066,0.851298434671569,-0.5467244,-1.6249015,0.8564331,349.04788,73.00367,-8.440792,WAL
2073177334000,285.659946,-6.3718929595548,-17.4431532314419,0.984134640673755,-0.10262536,-1.1994339,0.8698721,348.78156,72.91942,-8.73258,WAL
2073182373000,285.664985,-5.66091152688172,-18.0188133565365,1.48206370792303,0.6411031,-0.7678576,0.82802784,348.63416,72.89694,-9.023333,WAL
2073187474000,285.670086,-4.46750606630824,-18.4565481513865,2.14557876077155,1.4605788,-0.64721173,0.6252206,348.53586,72.755844,-9.268678,WAL
2073192370000,285.674982,-2.92929124852136,-17.7232418512945,1.71430794670701,1.8881844,-0.68600166,0.18295415,348.5546,72.5679,-9.466004,WAL
2073197331000,285.679943,-1.09927062980425,-16.1832251753315,0.539294579827405,1.7638733,-0.81489426,-0.106595986,348.58813,72.32743,-9.642625,WAL
2073202354000,285.684966,-0.0179746715875517,-13.561948115521,-0.995617201820957,1.4993688,-0.77304995,-0.573297,348.62378,72.17873,-9.47164,WAL
2073207351000,285.689963,0.688967955652945,-10.4466877065196,-2.68756651533977,0.74067414,-0.30176744,-0.6872234,348.7373,72.1692,-9.349098,WAL
2073212340000,285.694952,0.866874878954004,-8.01361039071011,-3.03561966430301,-0.10476339,0.0290161,-0.7535023,348.75433,72.468765,-8.925537,WAL
2073217335000,285.699947,0.755897330310672,-5.94846270748437,-2.64961081040952,-0.7968737,-0.14446963,-0.77854776,348.75757,72.912,-8.49329,WAL
2073222322000,285.704934,0.247204735809964,-4.59165123406572,-2.16920715870676,-1.1921035,-0.5925393,-0.6765333,348.69833,73.51778,-8.07998,WAL
2073227344000,285.709956,-0.471180337910764,-3.59054677335453,-1.63621185012046,-1.395827,-1.0897835,-0.550695,348.5676,74.24007,-7.655833,WAL
2073232373000,285.714985,-1.23278365183023,-2.86184800153344,-1.54105494358924,-1.5247196,-1.5418239,-0.44532076,348.33194,74.9111,-7.289225,WAL
2073237445000,285.720057,-2.03048967747329,-2.31883134193708,-1.75249502241789,-1.6432275,-1.8842138,-0.3475823,347.9743,75.609474,-6.932934,WAL
2073242360000,285.724972,-2.68311563216303,-2.11931884100081,-2.19071575700161,-1.7440202,-2.123673,-0.23518312,347.55478,76.16857,-6.7250996,WAL
2073247347000,285.729959,-3.2564997809322,-2.15786565423729,-2.80746512097458,-1.7938058,-2.2883012,-0.12461651,347.05377,76.72666,-6.531126,WAL
2073252339000,285.734951,-3.78664073976009,-2.34805484613809,-3.23869773136337,-1.7928895,-2.4327707,0.00030543262,346.59766,77.22983,-6.45901,WAL
2073257354000,285.739966,-4.28780733567388,-2.64781798564463,-3.53846101759313,-1.8054122,-2.5824327,0.112704635,346.0915,77.72003,-6.406573,WAL
2073262344000,285.744956,-4.68718641121401,-2.88701098572579,-3.80076789261123,-1.8167132,-2.665205,0.2180789,345.61932,78.19345,-6.4556465,WAL
2073267339000,285.749951,-5.00018711974029,-3.07481152146165,-4.0319068162573,-1.8054122,-2.68628,0.32742378,345.1235,78.62111,-6.531516,WAL
2073272433000,285.755045,-5.22042275616629,-3.2192741960512,-4.11575201230281,-1.7617353,-2.6340508,0.42730024,344.66028,78.98711,-6.7024546,WAL
2073277347000,285.759959,-5.3558283942653,-3.3219956154182,-4.07839883538049,-1.7229455,-2.5540276,0.52381694,344.20395,79.29858,-6.8996434,WAL
2073282374000,285.764986,-5.44331102097252,-3.50045352453054,-3.9083101074916,-1.6511687,-2.4889705,0.6243043,343.7671,79.52733,-7.180251,WAL
2073287428000,285.77004,-5.48636412787112,-3.74442076398498,-3.62128986103973,-1.5781704,-2.4672847,0.7602218,343.34674,79.678406,-7.4936748,WAL
2073292367000,285.774979,-5.49207471659879,-4.17069026415019,-3.30845514282309,-1.5247196,-2.483778,0.9239337,342.93768,79.72948,-7.8683596,WAL
2073297324000,285.779936,-5.4637808676865,-4.7742904703288,-2.96421426636535,-1.5100589,-2.5265386,1.0030408,342.5382,79.72049,-8.249614,WAL
2073302333000,285.784945,-5.27242816298658,-5.62455943589988,-2.87635698119349,-1.518611,-2.529593,1.1603385,342.14172,79.58897,-8.703786,WAL
2073307303000,285.789915,-4.91455812634434,-6.7162901554202,-3.05755706980109,-1.600467,-2.3976462,1.3365731,341.78345,79.40691,-9.17861,WAL
2073312284000,285.794896,-4.46863927985337,-8.00128463167155,-3.24458841290323,-1.709201,-2.1633792,1.5180001,341.4021,79.12959,-9.719153,WAL
2073317297000,285.799909,-3.87733172240469,-9.60626200058651,-3.4416909483871,-1.808772,-1.8255708,1.6667458,341.09924,78.79143,-10.295332,WAL
2073322327000,285.804939,-3.10411207336245,-11.1305279906425,-3.62499369453109,-1.9419407,-1.4410311,1.7974709,340.78586,78.44961,-10.879799,WAL
2073327279000,285.809891,-1.99961496593886,-12.4667725196507,-3.77784820815138,-2.0964894,-1.0656544,1.9709567,340.57544,78.02472,-11.515344,WAL
2073332346000,285.814958,-0.953827724914252,-13.6408308689139,-3.72941778390499,-2.2018638,-0.829555,2.1331415,340.36728,77.6737,-12.043584,WAL
2073337341000,285.819953,-0.0391605459964519,-14.5319239026217,-3.39938322669032,-2.3084598,-0.7315111,2.2397375,340.23672,77.25562,-12.598606,WAL
2073342281000,285.824893,0.762517175055467,-15.2922006844295,-3.14813624059033,-2.3811526,-0.71685034,2.268448,340.04678,76.978165,-12.967897,WAL
2073347389000,285.830001,1.42148042209192,-15.878483830626,-3.01246738619255,-2.4043655,-0.70524395,2.1670444,339.8935,76.66891,-13.323636,WAL
2073352189000,285.834801,1.98248032228133,-16.1856681662404,-2.8868425541688,-2.3915374,-0.68752885,1.9559906,339.67032,103.45852,-13.456887,WAL
2073357245000,285.839857,2.46296852803069,-16.0469708363171,-2.75805188081841,-2.3423629,-0.6939429,1.6627752,339.4485,103.56391,-13.537974,WAL
2073362186000,285.844798,2.88275181881053,-15.6199479376895,-2.59807919033552,-2.2559254,-0.78893244,1.3304645,339.16113,103.48442,-13.4140625,WAL
2073367240000,285.849852,3.23310762628387,-14.7203853752323,-2.38029040105644,-2.112372,-0.91904676,1.0387764,338.86014,103.36077,-13.230392,WAL
2073372209000,285.854821,3.5350860043045,-13.7655885990434,-2.26416479824631,-1.9281962,-1.003957,0.7867944,338.50858,103.121056,-12.920951,WAL
2073377254000,285.859866,3.76135194192906,-12.6631445017935,-2.33156320328816,-1.7293595,-1.0574077,0.56291234,338.12402,102.82838,-12.553376,WAL
2073382230000,285.864842,3.86082407666407,-11.6086201735111,-2.33495067526275,-1.5543466,-1.1417072,0.37140608,337.66745,102.49202,-12.139882,WAL
2073387263000,285.869875,3.72479819069677,-10.6048427872713,-2.21768696695212,-1.4401149,-1.2211196,0.21410827,337.1941,102.116875,-11.685731,WAL
2073392227000,285.874839,3.30982426013097,-9.59835963443105,-2.17232470353991,-1.3903292,-1.412015,0.14477506,336.6485,101.75623,-11.236935,WAL
2073397227000,285.879839,2.20099783894847,-8.54406571775648,-2.29956708752017,-1.3264939,-1.6395624,0.030543262,336.0657,101.349396,-10.740936,WAL
2073402268000,285.88488,1.16364030176796,-7.64055631668508,-2.50661549944751,-1.2745703,-1.8860464,-0.08093964,335.42017,101.00528,-10.301392,WAL
2073407245000,285.889857,0.483755279462582,-7.42988778089402,-3.04765064590658,-1.2431108,-2.1154263,-0.20555615,334.71414,100.63843,-9.8329115,WAL
2073412246000,285.894858,-0.136961739694686,-7.2247116125844,-3.54770872988551,-1.2599095,-2.259896,-0.32925636,334.03406,100.451324,-9.534644,WAL
2073417233000,285.899845,-0.496829061993346,-7.04711477745376,-3.8655135644975,-1.3121386,-2.2446244,-0.42210788,333.33694,100.250336,-9.209151,WAL
2073422246000,285.904858,-0.857966936198147,-6.90759500422876,-4.06630886423681,-1.3536774,-2.1108449,-0.44684792,332.68,100.22824,-9.010641,WAL
2073427243000,285.909855,-1.21452071681434,-6.98950585640354,-3.5941161115586,-1.3778065,-1.9413297,-0.39767328,332.03943,100.2205,-8.80432,WAL
2073432229000,285.914841,-1.54946226728493,-7.08989241282557,-3.15551535102605,-1.3875804,-1.858252,-0.30818152,331.43588,100.33265,-8.677,WAL
2073437274000,285.919886,-1.77826257371744,-7.29009270584057,-2.88381502446725,-1.4428637,-1.8176296,-0.20647246,330.87067,100.48674,-8.563692,WAL
2073442258000,285.92487,-1.98853004825109,-7.48106675549253,-2.63455440468898,-1.4743233,-1.750129,-0.102319926,330.35434,100.697845,-8.535842,WAL
2073447247000,285.929859,-2.10145001211949,-7.63012107761392,-2.50356730885801,-1.484708,-1.6019942,0.0070249503,329.87796,100.9451,-8.532784,WAL
2073452580000,285.935192,-2.21689136509824,-7.79707603717884,-2.3353206070529,-1.496009,-1.3946054,0.12370021,329.44907,101.236046,-8.592765,WAL
2073457313000,285.939925,-2.26712778475567,-8.02085656906801,-1.90602677732997,-1.4624114,-1.1850786,0.22693644,329.06934,101.53977,-8.670772,WAL
2073462429000,285.945041,-2.30224424551534,-8.24938051652242,-1.4393691518391,-1.4672983,-1.0323622,0.31429017,328.72632,101.88083,-8.795087,WAL
2073467298000,285.94991,-2.0958786143391,-8.2998259998033,-0.962435158757868,-1.4941764,-0.97066486,0.3998113,328.42358,102.23451,-8.938198,WAL
2073472610000,285.955222,-1.86566031285629,-8.34884335451306,-0.466044735020784,-1.5442673,-0.97585726,0.47983465,328.12405,102.56387,-9.10662,WAL
2073477309000,285.959921,-1.60288487555424,-8.3221198847981,-0.305707148921219,-1.5662584,-1.029308,0.56199604,327.8375,102.90003,-9.291341,WAL
2073482735000,285.965347,-1.30469569891726,-8.2949226700715,-0.136716503064351,-1.5500705,-1.0616838,0.62980205,327.53247,103.215294,-9.487125,WAL
2073487312000,285.969924,-1.10932135584734,-8.31120419258984,-0.167243741512675,-1.4660766,-1.0833695,0.6747007,327.2256,103.52222,-9.692954,WAL
2073492295000,285.974907,-0.896616450556226,-8.32892995765624,-0.20047888007243,-1.409877,-1.1172725,0.6881397,326.8916,103.8219,-9.889131,WAL
2073497306000,285.979918,-0.682716334077444,-8.34675532565698,-0.233900770364008,-1.2681563,-1.162782,0.7076874,326.5591,104.08778,-10.092759,WAL
2073502269000,285.984881,-0.470865151063237,-8.36440994577027,-0.267002514829603,-1.1175779,-1.1548407,0.7125743,326.2409,104.330696,-10.286729,WAL
2073507317000,285.989929,-0.365213693461342,-8.3768592738229,-0.270997904830967,-0.958753,-1.1362094,0.6939429,325.91547,104.55905,-10.491632,WAL
2073512277000,285.994889,-0.311847284963742,-8.38656194770708,-0.261294911796548,-0.84940815,-1.1184943,0.6621779,325.60095,104.75765,-10.685459,WAL
2073517291000,285.999903,-0.4096455236945,-8.3788737587,-0.2863311870465,-0.7690793,-1.0977248,0.6264423,325.26608,104.91861,-10.824733,WAL
2073522333000,286.004945,-0.5665758652975,-8.3643875885,-0.3249601952575,-0.7501425,-1.0839803,0.569021,324.93878,105.053604,-10.942409,WAL
2073527307000,286.009919,-0.7213897326385,-8.3500967891,-0.3630682251745,-0.7831292,-1.0656544,0.5335908,324.60602,105.19073,-11.061112,WAL
2073532310000,286.014922,-0.877106214003,-8.3357226698,-0.401398437011,-0.8579602,-1.0381655,0.50671273,324.28394,105.31782,-11.159869,WAL
2073537434000,286.020046,-1.09073450200233,-8.21641480936682,-0.523711935320469,-0.9410379,-1.0134255,0.5207626,323.96515,105.46614,-11.268604,WAL
2073542417000,286.025029,-1.31747165604577,-8.0637145842141,-0.671785174635896,-1.0351112,-0.990518,0.5549711,323.65933,105.625305,-11.369629,WAL
2073547342000,286.029954,-1.49705346379117,-7.98567133308383,-0.838723262004117,-1.1233811,-0.95203346,0.59559363,323.39233,105.82455,-11.506362,WAL
2073552296000,286.034908,-1.65685565409805,-7.94128186152695,-1.01628128728481,-1.1814134,-0.89461213,0.6569856,323.14655,106.041016,-11.650154,WAL
2073557314000,286.039926,-1.71231947408002,-8.03597294759527,-1.16909804279175,-1.2092078,-0.84299403,0.71929383,322.90204,106.34495,-11.868981,WAL
2073562315000,286.044927,-1.67245795720825,-8.25521139444742,-1.29722431092087,-1.2290609,-0.77549344,0.7742717,322.68747,106.659,-12.089926,WAL
2073567382000,286.049994,-1.63207037352714,-8.47734321012425,-1.42704150760359,-1.2305881,-0.7266242,0.81153446,322.4821,107.017586,-12.34986,WAL
2073572276000,286.054888,-1.57378506390105,-8.72499530177321,-1.49521242675131,-1.2223413,-0.6835582,0.84879726,322.30237,107.3766,-12.611251,WAL
2073577312000,286.059924,-1.4101366168345,-9.15787218947023,-1.25765819916813,-1.20371,-0.6713409,0.8549059,322.1323,107.72234,-12.863111,WAL
2073582307000,286.064919,-1.26447048181818,-9.57418507140265,-1.0166186357104,-1.1847731,-0.6774496,0.8503244,321.9458,108.07903,-13.109487,WAL
2073587390000,286.070002,-1.14964089090909,-9.97167225875522,-0.760460338813282,-1.1472049,-0.7440339,0.84207773,321.74945,108.416115,-13.349501,WAL
2073592256000,286.074868,-1.04384335660171,-10.3544731670275,-0.517662014734715,-1.1343768,-0.83077675,0.8344419,321.52667,108.721985,-13.573828,WAL
2073597314000,286.079926,-0.963934914646871,-10.7689976223322,-0.282931005735024,-1.0998629,-0.9416488,0.79901177,321.28052,108.998184,-13.785088,WAL
2073602289000,286.084901,-0.890857723200498,-11.1257330143213,-0.10419398477335,-1.0537425,-1.0680978,0.7651087,320.9955,109.23729,-13.98931,WAL
2073607327000,286.089939,-0.840787186899128,-11.2659306832711,-0.149257454896638,-0.9993755,-1.1917981,0.7440339,320.68225,109.455864,-14.187705,WAL
2073612295000,286.094907,-0.782585195235425,-11.3518774168036,-0.252418254706565,-0.9221011,-1.3072516,0.7125743,320.32605,109.627205,-14.373365,WAL
2073617303000,286.099915,-0.699118917536498,-11.2915959711882,-0.521365125842599,-0.8222246,-1.3946054,0.68019843,319.94495,109.773476,-14.55323,WAL
2073622297000,286.104909,-0.593619450750465,-11.2364422530494,-0.834499796971263,-0.67256266,-1.423316,0.6603453,319.54617,109.880264,-14.713951,WAL
2073627316000,286.109928,-0.394876462023982,-11.201662046103,-1.33632586607401,-0.505491,-1.3836098,0.6435465,319.1452,109.95473,-14.861848,WAL
2073632335000,286.114947,-0.177431073988311,-11.162451337998,-1.80254849648502,-0.29749137,-1.2867876,0.6374379,318.74475,110.0309,-15.009083,WAL
2073637379000,286.119991,0.0929647158865657,-11.1107582270333,-2.17235453833553,-0.093767814,-1.112691,0.627664,318.3824,110.0696,-15.137445,WAL
2073642294000,286.124906,0.356445149517616,-11.0603871643069,-2.53270281266052,0.10262536,-0.8753699,0.6221663,318.0574,110.1006,-15.228094,WAL
2073647323000,286.129935,0.627046420329617,-11.0051202787203,-2.68059139219583,0.24709499,-0.6282749,0.57360244,317.78818,110.09107,-15.288123,WAL
2073652284000,286.134896,0.89419245639554,-10.9498485344644,-2.781922570635,0.28710666,-0.43310347,0.48624873,317.57483,110.05506,-15.320748,WAL
2073657318000,286.13993,1.07191128738397,-11.0730531801577,-2.83179832470306,0.20616703,-0.31031954,0.3680463,317.39716,110.000275,-15.266157,WAL
2073662245000,286.144857,1.21790716391855,-11.247306894201,-2.86476516250125,0.032986723,-0.25045475,0.21197024,317.25266,109.9295,-15.168669,WAL
2073667290000,286.149902,1.13276126762279,-11.5740625948919,-2.88378912612967,-0.13347405,-0.24587326,0.06505715,317.09506,109.84708,-15.014496,WAL
2073672304000,286.154916,0.972386433605108,-11.9466978540275,-2.89793988516699,-0.28038713,-0.2864958,-0.058948494,316.93536,109.767746,-14.825096,WAL
2073677309000,286.159921,0.633768049586816,-12.2411314706545,-2.85585519804676,-0.39370266,-0.32895094,-0.14630222,316.75488,109.67833,-14.586471,WAL
2073682276000,286.164888,0.231747213433186,-12.5046786529252,-2.7933185271387,-0.4813618,-0.33444872,-0.19700404,316.57037,109.599815,-14.328689,WAL
2073687317000,286.169929,-0.229260737349434,-12.5803848410272,-2.69142219296851,-0.51343226,-0.3472769,-0.21319197,316.374,109.53276,-14.079435,WAL
2073692388000,286.175,-0.729104091391012,-12.5259463925405,-2.56274968915724,-0.56169057,-0.321926,-0.22693644,316.1864,109.48346,-13.82067,WAL
2073697306000,286.179918,-1.1280037462367,-12.317489901677,-2.37268478283661,-0.54550266,-0.3100141,-0.20677789,316.00323,109.483,-13.650285,WAL
2073702327000,286.184939,-1.48743268803258,-12.0179654787734,-2.14228160638237,-0.52198434,-0.28955013,-0.16432275,315.83246,109.49647,-13.484487,WAL
2073707314000,286.189926,-1.63876509052497,-11.8707409842083,-1.90472996021127,-0.45998153,-0.22174409,-0.12156218,315.69354,109.55698,-13.412979,WAL
2073712307000,286.194919,-1.62345876453265,-11.8452304408878,-1.65982858450704,-0.3436117,-0.10598512,-0.06688975,315.57935,109.611885,-13.352871,WAL
2073717288000,286.1999,-1.39951827678413,-12.135229174119,-1.36121106021617,-0.20433442,-0.023518313,-0.029932396,315.4848,109.69181,-13.378467,WAL
2073722370000,286.204982,-1.06804225593722,-12.5868053304708,-1.02973501428783,-0.06688975,0.026267206,-0.017104227,315.41678,109.751625,-13.405211,WAL
2073727310000,286.209922,-0.682991156903161,-13.2116165375815,-0.65716980233718,0.07788532,0.070554934,-0.027183503,315.37283,109.75842,-13.428308,WAL
2073732325000,286.214937,-0.258863060034119,-13.9442010945309,-0.252320266306071,0.21288654,0.084910266,-0.07971791,315.33298,109.73262,-13.441103,WAL
2073737300000,286.219912,0.0932378655048012,-14.5472612068563,0.0763600651530109,0.35521814,0.059253927,-0.15363261,315.28275,109.57287,-13.371641,WAL
2073742314000,286.224926,0.412123279852822,-15.0902288552454,0.369389906337611,0.51007247,0.019242255,-0.25137106,315.22836,109.37089,-13.282626,WAL
2073747304000,286.229916,0.704799846872999,-15.530371733191,0.589837284717183,0.66614854,-0.03970624,-0.34788775,315.13977,109.01443,-13.093463,WAL
2073752303000,286.234915,0.964911372907733,-15.8369311522266,0.715248197323178,0.838718,-0.054367006,-0.453262,315.0483,108.60907,-12.878244,WAL
2073757310000,286.239922,1.08819516758855,-15.9781254836091,0.818926823769918,1.0048733,-0.048563786,-0.5653558,314.92755,108.07461,-12.576675,WAL
2073762308000,286.24492,0.974034542388105,-15.8323886124023,0.884508474147468,1.1618657,-0.043982297,-0.679893,314.80087,107.49697,-12.252063,WAL
2073767289000,286.249901,0.860262218633919,-15.6871474448391,0.949867057686999,1.3115277,-0.076358154,-0.79076505,314.6554,106.83122,-11.861595,WAL
2073772354000,286.254966,0.744571228909977,-15.539456918096,1.01632785383792,1.4584408,-0.11911872,-0.9053023,314.50867,106.12542,-11.446189,WAL
2073777261000,286.259873,0.468518019439976,-14.7969716586238,1.14632221519214,1.6239853,-0.19822577,-1.01312,314.33926,105.38235,-11.016941,WAL
2073782300000,286.264912,-0.0441972735061066,-13.1965330223414,1.37153354298481,1.8096883,-0.23579398,-1.1038336,314.17255,104.602715,-10.5682335,WAL
2073787319000,286.269931,-0.442744158192628,-11.9761321644867,1.41341783057868,1.9117028,-0.32253686,-1.1478158,313.979,103.83041,-10.15426,WAL
2073792313000,286.274925,-0.679697047419738,-11.2937079036861,1.19542121920333,2.1487186,-0.3915646,-1.2290609,313.78278,102.98872,-9.711493,WAL
2073797270000,286.279882,-0.961776820062648,-10.7813078898908,1.0175514372131,2.4040601,-0.38912117,-1.3151928,313.60126,102.20814,-9.366157,WAL
2073802303000,286.284915,-1.32322014568391,-10.5250954646417,0.898595376243,2.6728408,-0.3032946,-1.3762794,313.43137,101.39516,-9.008529,WAL
2073807244000,286.289856,-1.70324601578095,-10.4299731893333,0.79040850602,2.919936,-0.18234327,-1.4117095,313.2891,100.630585,-8.692074,WAL
2073812307000,286.294919,-2.1604126868,-10.753222112,0.70266945004,3.1493158,-0.10048734,-1.4333953,313.16934,99.85431,-8.366081,WAL
2073817258000,286.29987,-2.59881904608047,-11.1291563836582,0.560656282179594,3.3423493,-0.04153884,-1.459357,313.09515,99.176605,-8.113709,WAL
2073822307000,286.304919,-3.00493853372045,-11.7959950485276,0.149522902994608,3.462995,0.035124753,-1.4880677,313.0608,98.540504,-7.859173,WAL
2073827263000,286.309875,-3.39184745847602,-12.4366250679884,-0.303997214658056,3.465744,0.13744467,-1.5244142,313.07288,98.07201,-7.697338,WAL
2073832307000,286.314919,-3.7497728702313,-13.0460652189847,-0.918274539936918,3.3673947,0.25442538,-1.5402967,313.12314,97.694664,-7.5398374,WAL
2073837328000,286.31994,-4.11133870709473,-13.6061147284978,-1.53058100796671,3.174972,0.3475823,-1.541213,313.21875,97.5136,-7.472927,WAL
2073842316000,286.324928,-4.48527461514071,-14.0321177055093,-2.14118501141498,2.960253,0.38789943,-1.5283848,313.34125,97.41042,-7.4099913,WAL
2073847312000,286.329924,-4.86347631506324,-14.3988672272902,-2.7201802488693,2.7669141,0.39492437,-1.4996742,313.49997,82.51086,-7.4786153,WAL
2073852306000,286.334918,-5.25301788577999,-14.5775979699118,-3.19679615272135,2.6309967,0.38453966,-1.4596626,313.66803,82.40609,-7.5494103,WAL
2073857276000,286.339888,-5.60317226903754,-14.701277053815,-3.62740505050334,2.5347853,0.4175264,-1.4138476,313.86664,82.1403,-7.795835,WAL
2073862305000,286.344917,-5.73910743070844,-14.5109680356572,-3.80865164884749,2.4770586,0.49632803,-1.3662001,314.07407,81.88515,-8.031598,WAL
2073867560000,286.350172,-5.86420826415576,-14.3460260574529,-3.94371351918289,2.4443772,0.6960809,-1.2980887,314.3288,81.616196,-8.288645,WAL
2073872424000,286.355036,-5.7849121783594,-14.5839149358442,-3.44315591024577,2.3848178,0.7968737,-1.3151928,314.57495,81.38123,-8.512734,WAL
2073877275000,286.359887,-5.666173741282,-14.7708946997581,-3.04126052560976,2.251344,0.76052725,-1.4373659,314.83923,81.18575,-8.70037,WAL
2073882317000,286.364929,-5.30117959070752,-14.6589630111873,-3.21645772804878,2.0925188,0.70616025,-1.5778649,315.12234,81.019394,-8.861426,WAL
2073887309000,286.369921,-4.91631913612782,-14.4479640505967,-3.30730815734293,1.9798143,0.8530733,-1.6178766,315.45447,80.89068,-8.976286,WAL
2073892311000,286.374923,-4.41078205787553,-13.725092909064,-2.97658286360588,1.6423112,1.0122037,-1.6688838,315.7682,80.831894,-9.037451,WAL
2073897266000,286.379878,-3.88609428390326,-13.0248837416989,-2.71043185438596,1.3494014,1.0213667,-1.627345,316.06067,80.84184,-9.032681,WAL
2073902297000,286.384909,-3.18885837105759,-12.4231598853206,-2.86325068596491,1.3161092,1.0363328,-1.5088371,316.3897,80.85131,-9.031816,WAL
2073907277000,286.389889,-2.50100055199364,-11.8643298038188,-2.9754934123362,1.4608842,1.1688906,-1.3747523,316.74066,80.9102,-8.977272,WAL
2073912306000,286.394918,-1.82482453066267,-11.5938596023961,-2.77714850381879,1.6426166,1.4923438,-1.2922854,317.14066,80.950096,-8.94233,WAL
2073917771000,286.400383,-1.09920119314701,-11.3143212621649,-2.53681523485567,1.7938058,1.8035797,-1.2925909,317.5537,81.080864,-8.813368,WAL
2073922326000,286.404938,-0.600017547576907,-11.2468635905155,-2.05112305129897,1.9248364,1.9767599,-1.3255776,318.00955,81.186386,-8.703544,WAL
2073927466000,286.410078,-0.058356659041257,-11.1754923961224,-1.53385819399063,2.0100522,2.021964,-1.3704761,318.49362,81.38728,-8.487946,WAL
2073932297000,286.414909,0.183960394380961,-11.166990315538,-1.42757876862997,2.068695,2.021964,-1.3976597,319.0027,81.57674,-8.277994,WAL
2073937355000,286.419967,0.437663490263714,-11.1580887374805,-1.31630546424699,2.096184,2.0448713,-1.4001031,319.52673,81.862595,-7.9389987,WAL
2073942309000,286.424921,0.478289271538797,-11.0847740065388,-1.88911906098518,2.08977,2.2052236,-1.3778065,320.08258,82.12392,-7.6145654,WAL
2073947525000,286.430137,0.476887718042802,-10.9844222459144,-2.54166579163424,2.0964894,2.4917192,-1.3332134,320.6734,82.35244,-7.3114448,WAL
2073952304000,286.434916,0.325516412209144,-10.7306526970817,-2.46598023866732,2.111761,2.798679,-1.2654073,321.31088,82.59683,-6.9686246,WAL
2073957646000,286.440258,0.156734609340935,-10.4409877197526,-2.38026138838423,2.132836,2.9043589,-1.1856894,321.94064,82.8203,-6.678679,WAL
2073962308000,286.44492,0.0186686684016235,-10.0569917367607,-2.2810264744685,2.1248949,2.8927524,-1.099252,322.6088,83.00508,-6.426248,WAL
2073967262000,286.449874,-0.128044903330112,-9.6489445253189,-2.17557607473908,2.0638082,2.8567114,-1.0311406,323.3162,83.15022,-6.20119,WAL
2073972339000,286.454951,-0.285185101065773,-9.0924801638246,-2.2572394546082,2.0027218,2.8038714,-0.9569204,323.99976,83.253105,-6.015393,WAL
2073977262000,286.459874,-0.438320697603532,-8.53736394305725,-2.35773471435242,1.9449949,2.763249,-0.872621,324.6617,83.32689,-5.8632917,WAL
2073982308000,286.46492,-0.672217883425076,-8.04186923528287,-2.44662613238723,1.9260582,2.7049112,-0.8374963,325.3126,83.35535,-5.7331676,WAL
2073987331000,286.469943,-0.911268290550459,-7.55457391169725,-2.53397136932339,1.881465,2.6062565,-0.7806858,325.92667,83.355736,-5.6421022,WAL
2073992362000,286.474974,-1.14348649825635,-7.10119184261242,-2.62641506118079,1.8298469,2.5094345,-0.7367035,326.53943,83.33889,-5.560188,WAL
2073997242000,286.479854,-1.36746284861833,-6.66753539721627,-2.71695879116957,1.7745636,2.4584272,-0.7113526,327.1258,83.30966,-5.4973674,WAL
2074002307000,286.484919,-1.53293997965543,-6.31873147764075,-2.77297795659951,1.7269161,2.4248295,-0.6765333,327.71762,83.25208,-5.453897,WAL
2074007318000,286.48993,-1.68654939657315,-5.98892328036151,-2.82267516945961,1.6847663,2.3918428,-0.6420194,328.28537,83.18841,-5.425128,WAL
2074012307000,286.494919,-1.83557021326816,-5.75388873114525,-2.74101336382682,1.6606371,2.349693,-0.63132924,328.89276,83.122665,-5.36837,WAL
2074017290000,286.499902,-1.98315181971269,-5.54917860055866,-2.61723522625698,1.6178766,2.3084598,-0.6246097,329.48373,83.05278,-5.328077,WAL
2074022334000,286.504946,-2.11240738934946,-5.39127797786014,-2.46582096092851,1.5619824,2.2650883,-0.61666846,330.09296,82.97415,-5.288109,WAL
2074027312000,286.509924,-2.23329947636789,-5.25178716424461,-2.30773117795767,1.4822645,2.2061398,-0.6429357,330.68146,82.90754,-5.246929,WAL
2074032316000,286.514928,-2.30615991037717,-5.17332622422986,-2.2037842171406,1.3961325,2.1658227,-0.6630942,331.28824,82.81298,-5.225533,WAL
2074037368000,286.51998,-2.35870764390798,-5.12077854058057,-2.12257431477093,1.3035865,2.1792617,-0.70249504,331.89035,82.7395,-5.1987386,WAL
2074042365000,286.524977,-2.41456011994442,-5.08012288933766,-2.05476940394627,1.2134838,2.1927009,-0.70646566,332.50537,82.64177,-5.1924443,WAL
2074047307000,286.529919,-2.47155600679944,-5.04504837769338,-1.99338907723946,1.1414018,2.2036965,-0.73823065,333.1213,82.56785,-5.1749606,WAL
2074052293000,286.534905,-2.57412984269073,-4.98153034074929,-1.81150690484836,1.0839803,2.2104158,-0.77732605,333.7421,82.48747,-5.1751513,WAL
2074057321000,286.539933,-2.72067343278413,-4.89057234859901,-1.51336655564068,1.0091494,2.1951442,-0.82711154,334.3567,82.429924,-5.170155,WAL
2074062309000,286.544921,-2.80994360598656,-4.78416190195479,-1.1635868201181,0.9034697,2.1749856,-0.88789266,335.00165,82.386826,-5.139538,WAL
2074067292000,286.549904,-2.86338833567502,-4.6675552881796,-0.779756963765017,0.75411314,2.1618521,-0.93126404,335.64114,82.36998,-5.1071286,WAL
2074072320000,286.554932,-2.8856794192927,-4.50011909463598,-0.476381533453522,0.59528816,2.1679606,-0.9468411,336.2931,82.31399,-5.114146,WAL
2074077311000,286.559923,-2.8904010739109,-4.30652938175442,-0.221409368837301,0.4633413,2.1566598,-0.95172805,336.9329,82.285324,-5.118656,WAL
2074082321000,286.564933,-2.89794436532973,-4.16971350129194,0.024966913620324,0.33322698,2.1022928,-0.94806284,337.6015,82.223015,-5.1238847,WAL
2074087373000,286.569985,-2.90727371234092,-4.06709039192056,0.267530106389317,0.28160888,2.0451767,-0.93218035,338.26123,82.16425,-5.1396565,WAL
2074092369000,286.574981,-2.93122258511905,-3.90550319804688,0.542418497645089,0.16737708,1.9446895,-0.9034697,338.91165,82.091095,-5.1664085,WAL
2074097309000,286.579921,-2.96642302559524,-3.69870051835938,0.841622443850446,0.07727446,1.8365663,-0.8735373,339.53802,82.01411,-5.205664,WAL
2074102284000,286.584896,-2.97642483068258,-3.54330181164549,1.01125629349416,-0.022602014,1.707063,-0.8341365,340.12204,81.89008,-5.285149,WAL
2074107322000,286.589934,-2.94664367104058,-3.46884887366905,0.976511627112803,-0.13744467,1.5806139,-0.79137594,340.67032,81.77814,-5.37916,WAL
2074112303000,286.594915,-2.91719945584075,-3.3952382972378,0.942160062355846,-0.24648413,1.4645494,-0.75533485,341.26596,81.64987,-5.4432573,WAL
2074117289000,286.599901,-2.8877256841109,-3.32155382944293,0.907774015000257,-0.3390302,1.3460416,-0.7153232,341.8183,81.53044,-5.525532,WAL
2074122313000,286.604925,-2.81668288747859,-3.2113327218898,0.846535907547094,-0.43096542,1.2544118,-0.679893,342.36484,81.434364,-5.597087,WAL
2074127310000,286.609922,-2.70580631847487,-3.0667111254659,0.759762899355294,-0.52778757,1.1701124,-0.6453791,342.874,81.34846,-5.6833344,WAL
2074132302000,286.614914,-2.55743792134864,-2.96178894533716,0.751628642572931,-0.6301075,1.0784826,-0.6065892,343.36804,81.29425,-5.7515144,WAL
2074137410000,286.620022,-2.37028021506456,-2.89160487876614,0.817133820229555,-0.7440339,0.98807454,-0.5739079,343.83356,81.253456,-5.8311925,WAL
2074142384000,286.624996,-2.24134081491886,-2.83970730457436,0.957681593489608,-0.86193085,0.8854492,-0.548557,344.28632,81.264206,-5.87211,WAL
2074147309000,286.629921,-2.1786740342887,-2.80837379740913,1.19044428211066,-0.9969321,0.7611381,-0.5122105,344.70172,81.28819,-5.927525,WAL
2074152282000,286.634894,-2.12117642075293,-2.79487938680797,1.46594223277444,-1.1414018,0.61758476,-0.48716503,345.08224,81.37125,-5.9409895,WAL
2074157317000,286.639929,-2.07541308647053,-2.82030356169988,1.83204826989349,-1.2776246,0.47952923,-0.45937067,345.42435,81.465546,-5.9660435,WAL
2074162311000,286.644923,-2.07931401959104,-2.8128248812074,2.19721409476144,-1.4245378,0.33567044,-0.43554693,345.7145,81.58059,-6.0008917,WAL
2074167290000,286.649902,-2.14895806085686,-2.76175255842259,2.5640057771665,-1.5693128,0.17073683,-0.39767328,345.95633,81.705605,-6.0444517,WAL
2074172305000,286.654917,-2.19126483440508,-2.83882797378661,2.94964074329306,-1.7082846,0.013744468,-0.30757064,346.15338,81.81235,-6.1179585,WAL
2074177312000,286.659924,-2.18635483669875,-3.13342793870571,3.36208090951259,-1.8735237,-0.059253927,-0.18234327,346.32413,81.924675,-6.2102776,WAL
2074182257000,286.664869,-2.10015737704788,-3.8235106339533,3.8645125319351,-1.9507982,-0.17195857,-0.13133603,346.44937,81.979675,-6.3346863,WAL
2074187365000,286.669977,-1.89205600166205,-5.12051430581717,4.52269339113573,-2.0906863,-0.24007004,0.030848695,346.55847,82.00619,-6.5248833,WAL
2074192239000,286.674851,-1.58542478248908,-6.71655315934566,5.18702422855284,-2.1835377,-0.2724459,0.16523905,346.64777,81.98129,-6.7240796,WAL
2074197308000,286.67992,-1.09361451563342,-8.95000355795148,5.93601974393531,-2.1844542,-0.2611449,0.32375857,346.72272,81.90453,-6.97302,WAL
2074202288000,286.6849,-0.539872045944807,-11.179879998736,6.77380239203708,-2.0708332,-0.22174409,0.4569272,346.79218,81.80963,-7.17399,WAL
2074207320000,286.689932,0.241814861828523,-13.5452443703392,7.94125713313672,-1.8646661,-0.18325958,0.49174652,346.85834,81.68485,-7.385308,WAL
2074212241000,286.694853,1.07679882481711,-15.4231905601201,8.96258564153067,-1.5604553,-0.079107046,0.5390886,346.9161,81.61475,-7.454868,WAL
2074217287000,286.699899,2.0739293153067,-16.4792423530294,9.76935500112549,-1.0827587,0.004581489,0.5335908,346.97375,81.50773,-7.5130396,WAL
2074222311000,286.704923,3.10659628820327,-17.4259240989111,10.3224167208106,-0.5009095,0.105068825,0.43554693,347.00317,81.48159,-7.3695984,WAL
2074227311000,286.709923,4.27979864754991,-17.9859709833636,9.96031700312563,0.06841691,0.19914207,0.20463985,347.05707,81.4109,-7.193832,WAL
2074232319000,286.714931,5.26436339680395,-18.4765994055162,9.41764044549012,0.45875978,0.3680463,-0.03848451,347.09555,81.40117,-6.814871,WAL
2074237374000,286.719986,5.62523363874394,-18.7382309821096,8.27187702814014,0.6542367,0.7174612,-0.25961772,347.22797,81.31614,-6.408749,WAL
2074242365000,286.724977,5.87722319568892,-18.871129241656,7.15108834343175,0.7031059,1.0488557,-0.41233405,347.38013,81.35168,-5.7904415,WAL
2074247308000,286.72992,5.15813688652118,-17.8380755545571,6.13829069807445,0.67073005,1.2797627,-0.48808134,347.62167,81.30013,-5.181533,WAL
2074252286000,286.734898,4.36129113321285,-16.5720683363454,5.19442539923695,0.602924,1.3942999,-0.5131268,347.96976,81.3608,-4.4959316,WAL
2074257320000,286.739932,3.28189852827309,-14.4423249598394,4.52646040128514,0.5195409,1.4199562,-0.5122105,348.36185,81.35868,-3.8471317,WAL
2074262326000,286.744938,2.20944151024621,-12.307166037366,3.97073897839143,0.39858958,1.3820826,-0.5006041,348.825,81.370995,-3.2969997,WAL
2074267286000,286.749898,1.14999167851888,-10.1332296928647,3.78728449234334,0.269697,1.3139712,-0.4822781,349.27716,81.35972,-2.7793243,WAL
2074272371000,286.754983,0.0949773350603031,-7.99293933862488,3.64502786275642,0.119729586,1.2195925,-0.43585235,349.73605,81.32909,-2.4331648,WAL
2074277312000,286.759924,-0.773261225580868,-6.35889496897227,3.73770505020101,-0.062002823,1.1618657,-0.408058,350.17526,81.32431,-2.099711,WAL
2074282301000,286.764913,-1.59649495950144,-4.92627544592522,3.82411453254075,-0.16554448,1.0488557,-0.34697145,350.57068,81.25699,-1.9627703,WAL
2074287394000,286.770006,-2.23248301710451,-4.29496367056568,3.88490747129434,-0.36254853,0.9492846,-0.26053402,350.9468,81.25893,-1.84289,WAL
2074292366000,286.774978,-2.82700082557286,-3.78975259170717,3.95431494141454,-0.5516113,0.86651236,-0.13805555,351.27933,81.18987,-1.8943015,WAL
2074297309000,286.779921,-3.25431687485369,-3.97758364973713,4.08579687816685,-0.71685034,0.77549344,0.00580322,351.57553,81.15951,-1.9733005,WAL
2074302330000,286.784942,-3.64718836093979,-4.24491203445913,4.21968846558003,-0.85154617,0.63346726,0.14508049,351.83325,81.11001,-2.1849895,WAL
2074307351000,286.789963,-3.71779792452276,-5.11105689916789,4.35620023935389,-0.98868537,0.31795537,0.25900686,352.00955,81.0895,-2.4204063,WAL
2074312360000,286.794972,-3.80067319879728,-6.04550300950534,4.48765256684772,-1.1007792,-0.12797627,0.3417791,352.11356,81.04607,-2.738939,WAL
2074317334000,286.799946,-4.03168698634336,-7.81506839825412,4.5615769171096,-1.2082914,-0.6609562,0.40561453,352.09775,81.01404,-3.0677168,WAL
2074322529000,286.805141,-4.27991949519794,-9.69687102405993,4.59846242223435,-1.2342533,-1.2370021,0.46273044,351.9537,80.97702,-3.3918462,WAL
2074327349000,286.809961,-4.6417268485068,-12.0783878798988,3.87026797437246,-1.1600331,-1.7632625,0.53786683,351.66895,80.91677,-3.7167048,WAL
2074332604000,286.815216,-5.05737065109489,-14.6117315272106,3.0665709611106,-1.0311406,-2.1175644,0.61819565,351.31006,80.8761,-4.0314612,WAL
2074337349000,286.819961,-5.83412022408759,-15.7033798707844,2.15546467228125,-0.82772243,-2.1649065,0.68203104,350.89044,80.77873,-4.3455534,WAL
2074342321000,286.824933,-6.64802936569343,-16.8472524870646,1.20077121220549,-0.5479461,-1.9795089,0.6750061,350.59015,80.84264,-4.582457,WAL
2074347298000,286.82991,-6.83337436642599,-17.5598417623345,1.19217993393502,-0.06505715,-1.5470163,0.63255095,350.3536,80.78898,-4.823257,WAL
2074352299000,286.834911,-6.88620532761733,-18.1842059804452,1.38429235595668,0.6404922,-1.0558805,0.57451874,350.19443,80.61078,-5.056162,WAL
2074357332000,286.839944,-5.16795497041217,-18.5413405732137,1.29254759178676,1.320996,-0.9007208,0.36071593,350.20023,80.48517,-5.270879,WAL
2074362253000,286.844865,-3.13049816034465,-18.8357991687998,1.14531874032047,1.5784758,-0.915687,-0.01740966,350.30344,80.32072,-5.4285145,WAL
2074367322000,286.849934,-1.32222973315212,-16.0003608790155,-0.39629915531284,1.3417655,-0.8573494,-0.42302418,350.47586,80.148476,-5.5163984,WAL
2074372255000,286.854867,0.382175841148562,-12.6429148549965,-2.16140959276465,0.70829827,-0.7128797,-0.5543602,350.66647,80.02911,-5.5785484,WAL
2074377326000,286.859938,1.00062963986799,-9.71088307693823,-3.06397529269038,0.3173445,-0.36865717,-0.61086524,350.869,80.13552,-5.3048806,WAL
2074382259000,286.864871,1.3496769790267,-6.97435223145503,-3.73880011923948,-0.42455134,-0.3304781,-0.6805039,351.01794,80.48175,-5.001122,WAL
2074387331000,286.869943,1.16290680687778,-5.26716319470559,-3.43177602671945,-0.9663888,-0.5308419,-0.6200282,351.0506,80.99476,-4.603147,WAL
2074392256000,286.874868,0.836176994408709,-3.90423341365661,-2.86700032360218,-1.2562444,-0.81000733,-0.51007247,351.06064,81.615616,-4.2080493,WAL
2074397316000,286.879928,0.371087470197836,-2.95610112552383,-2.37633331877985,-1.4422529,-1.1218541,-0.42913285,350.92917,82.32604,-3.8310132,WAL
2074402258000,286.88487,-0.122447062362343,-2.1673683287204,-1.9243110082643,-1.6044376,-1.368949,-0.33567044,350.72678,83.07899,-3.4847798,WAL
2074407351000,286.889963,-0.584931767483296,-1.74916428507795,-2.07394393429844,-1.7696766,-1.5323554,-0.22510384,350.4634,83.757965,-3.2228582,WAL
2074412268000,286.89488,-1.01355394704174,-1.4983746688777,-2.45696799749201,-1.8542814,-1.6594155,-0.081855945,350.13525,84.4312,-2.9930882,WAL
2074417342000,286.899954,-1.53934442493747,-1.58640763342034,-2.90102466613377,-1.9107865,-1.8668042,0.06505715,349.75735,85.01371,-2.8706303,WAL
2074422432000,286.905044,-2.11189059774878,-1.86207810313214,-3.37284508081566,-1.9434677,-2.1615467,0.1966986,349.3177,85.56796,-2.7833107,WAL
2074427350000,286.909962,-2.56532044614155,-2.20923045854874,-3.88061582713601,-1.9208658,-2.3985624,0.34574974,348.94696,86.09005,-2.7533448,WAL
2074432327000,286.914939,-3.00437011027352,-2.57659850476549,-4.40478730143811,-1.8768835,-2.5219572,0.48808134,348.5275,86.5231,-2.7584133,WAL
2074437376000,286.919988,-3.32232636927005,-2.99632654409733,-4.81300275941724,-1.8264871,-2.538756,0.5882632,348.15363,86.828545,-2.8337805,WAL
2074442430000,286.925042,-3.5840329343046,-3.43735066875939,-5.16679151421848,-1.7910569,-2.4474316,0.6585127,347.78253,86.96218,-2.9409716,WAL
2074447325000,286.929937,-3.62352039679022,-3.75566346939243,-5.20076975811998,-1.7559321,-2.2904391,0.72143185,347.456,86.86048,-3.1387737,WAL
2074452344000,286.934956,-3.57301155508216,-4.03575742346198,-5.10434368297669,-1.7241671,-2.1407773,0.81122905,347.16354,93.414505,-3.362551,WAL
2074457313000,286.939925,-3.51784160032847,-4.45435139478547,-4.71166495311024,-1.7284433,-2.0518963,0.93951076,346.88843,93.90237,-3.6786907,WAL
2074462281000,286.944893,-3.45923653886266,-4.96714634555533,-4.12073027735578,-1.7440202,-1.9883664,1.0916162,346.66138,94.48712,-4.023862,WAL
2074467334000,286.949946,-3.49815522964539,-5.83535527485309,-3.64171328001013,-1.7980819,-1.9376645,1.2498302,346.41104,95.17708,-4.4356494,WAL
2074472412000,286.955024,-3.59177122085106,-6.8996208306383,-3.22783225340426,-1.8365663,-1.9055941,1.4285084,346.18954,95.92113,-4.891738,WAL
2074477344000,286.959956,-3.53961112828343,-8.19562571553513,-3.23799422164246,-1.8325957,-1.7708983,1.5173893,345.99957,96.65309,-5.362729,WAL
2074482356000,286.964968,-3.4210249496887,-9.63289039228185,-3.43721896800079,-1.808772,-1.536937,1.6749926,345.86603,97.43451,-5.8941627,WAL
2074487364000,286.969976,-2.80878828659284,-11.6350511056951,-3.33325138291477,-1.7553213,-1.2608259,1.7956384,345.81775,98.14641,-6.4030967,WAL
2074492407000,286.975019,-1.93493630919517,-13.9462222549436,-3.07061833516907,-1.7211128,-1.0525209,1.8832976,345.83148,98.86781,-6.9333844,WAL
2074497308000,286.97992,-1.28267113578752,-14.877865969046,-2.75886191562347,-1.7342464,-0.91874135,1.922393,345.84283,99.614044,-7.473499,WAL
2074502348000,286.98496,-0.726522490538033,-15.0711040278293,-2.40537759573284,-1.8121318,-0.80573124,1.9431623,345.91928,100.36183,-8.015837,WAL
2074507313000,286.989925,-0.191972201332812,-14.9961430467071,-2.20325508653508,-1.8637499,-0.7263188,1.9303342,345.99228,100.87992,-8.335795,WAL
2074512365000,286.994977,0.342244064827047,-14.7266711240962,-2.10397593117061,-1.9434677,-0.6420194,1.8332067,346.10098,101.39148,-8.62918,WAL
2074517453000,287.000065,0.696357856516408,-14.268112206996,-1.89849052080779,-2.0222695,-0.49877146,1.6826283,346.23438,101.77933,-8.794512,WAL
2074522389000,287.005001,0.894102154775334,-13.6748794119005,-1.61551161663181,-2.0754147,-0.35185838,1.4899004,346.3873,102.14328,-8.918503,WAL
2074529104000,287.011716,1.17116335267952,-12.8466778563838,-1.28203013332321,-2.1025982,-0.35888332,1.1468995,346.47717,102.42128,-8.910969,WAL
2074532568000,287.01518,1.35750617466221,-12.3052762702292,-1.38779227979353,-2.0405953,-0.43676865,1.0302242,346.5865,102.69988,-8.91545,WAL
2074537369000,287.019981,1.61577173134204,-11.5549099263701,-1.53437543949446,-1.9682078,-0.634689,0.820392,346.5999,102.88539,-8.806859,WAL
2074542516000,287.025128,1.85067603004769,-10.7334074387917,-1.64048875310016,-1.709201,-0.8750645,0.6209445,346.56918,103.000656,-8.679058,WAL
2074547489000,287.030101,1.86487279864865,-9.85320719256757,-1.48432419966216,-1.4031575,-1.2516629,0.42424592,346.4293,103.05342,-8.514494,WAL
2074552300000,287.034912,1.86350595357071,-9.0187614934987,-1.36752552138428,-1.1578951,-1.6792686,0.2733622,346.1872,103.08132,-8.315646,WAL
2074557313000,287.039925,1.73865878803761,-8.28888614222845,-1.52598535833167,-0.9935723,-2.0668626,0.14905111,345.83792,103.033394,-8.0884695,WAL
2074562294000,287.044906,1.5714996112782,-7.622597866224,-1.74009112043746,-0.88117313,-2.312125,0.033292156,345.3975,102.962265,-7.867851,WAL
2074567305000,287.049917,1.04666706315789,-7.43984359890636,-2.42424777990431,-0.8585711,-2.4049764,-0.083383106,344.88568,102.85689,-7.6218433,WAL
2074572511000,287.055123,0.496000630214558,-7.28415537228795,-3.12997760104271,-0.91446525,-2.375044,-0.20005837,344.34238,102.8095,-7.39887,WAL
2074577320000,287.059932,-0.05809840563465,-7.42729742215761,-3.73948667355123,-1.0027353,-2.3231206,-0.24770586,343.77997,102.761154,-7.162455,WAL
2074582431000,287.065043,-0.61876391536826,-7.57838983643329,-4.36049883356,-1.065349,-2.189341,-0.2996294,343.2316,102.87115,-7.0117493,WAL
2074587360000,287.069972,-0.885504702576382,-7.71402094201705,-4.69957598381381,-1.1921035,-1.9856175,-0.28771752,342.72238,103.022285,-6.8562636,WAL
2074592685000,287.075297,-1.17277743382498,-7.87965447463127,-5.00968678367748,-1.2751812,-1.7342464,-0.24648413,342.2669,103.31133,-6.7964635,WAL
2074597423000,287.080035,-1.4137061780531,-8.33920385646018,-4.36721025663717,-1.3579534,-1.4865406,-0.1881465,341.8718,103.6354,-6.732156,WAL
2074602196000,287.084808,-1.65641468294985,-8.80214796778761,-3.7199877020649,-1.4074335,-1.2055426,-0.13591751,341.56473,104.0433,-6.7132444,WAL
2074607233000,287.089845,-1.69835611468813,-8.95595018189135,-2.97305417655936,-1.4220943,-0.9810496,-0.039095376,341.3179,104.47372,-6.709992,WAL
2074612210000,287.094822,-1.72233183581489,-9.08062353118712,-2.22980632092555,-1.4456125,-0.8671232,0.056199603,341.1215,104.92097,-6.708881,WAL
2074617219000,287.099831,-1.56182007951,-9.0793890053,-1.46348935191,-1.4828753,-0.81214535,0.15607607,340.9948,105.30651,-6.743263,WAL
2074622206000,287.104818,-1.38988572414,-9.0698374042,-0.69933677774,-1.5152513,-0.8210029,0.24037547,340.88605,105.69688,-6.7940454,WAL
2074627227000,287.109839,-1.1323889946274,-8.96608240642722,-0.0681819973455378,-1.5409076,-0.88239485,0.30818152,340.78952,106.01078,-6.8584557,WAL
2074632221000,287.114833,-0.870677607282857,-8.8566392268431,0.550408669290618,-1.5598444,-1.0299188,0.3539964,340.66983,106.32769,-6.9438667,WAL
2074637259000,287.119871,-0.671612961251887,-8.72698145607326,0.544063253211231,-1.5619824,-1.2189816,0.39187005,340.48834,106.59704,-7.055756,WAL
2074642195000,287.124807,-0.481329699293549,-8.59854064617088,0.491735349715206,-1.4993688,-1.3878858,0.40011674,340.27524,106.84713,-7.1770434,WAL
2074647226000,287.129838,-0.382405829288735,-8.47748098212226,0.236529823356401,-1.3600914,-1.4813483,0.3930918,339.95395,107.06113,-7.331142,WAL
2074652262000,287.134874,-0.289693805036524,-8.35695532929642,-0.0323350721453287,-1.169807,-1.4920384,0.38453966,339.6126,107.239174,-7.4887486,WAL
2074657316000,287.139928,-0.24479006284264,-8.28375836118704,-0.28936466936353,-0.96883225,-1.4581354,0.3811799,339.24387,107.386406,-7.630416,WAL
2074662242000,287.144854,-0.207948708883249,-8.21928565755564,-0.538043801376416,-0.795652,-1.3820826,0.36193767,338.886,107.48339,-7.75799,WAL
2074667348000,287.14996,-0.333900054683773,-8.21134693344693,-0.708924639049815,-0.67073005,-1.2819008,0.35308012,338.55283,107.570694,-7.8659253,WAL
2074672480000,287.155092,-0.496462905961712,-8.2162731802145,-0.861635181970532,-0.6044512,-1.2131784,0.3295618,338.2341,107.6211,-7.956324,WAL
2074677348000,287.15996,-0.777700347601156,-8.17023369653179,-0.927732381647399,-0.59559363,-1.1869112,0.32559118,337.9411,107.69193,-8.040471,WAL
2074682331000,287.164943,-1.08572754576879,-8.11506449364162,-0.982901440520231,-0.6038403,-1.1710287,0.3155119,337.66647,107.74417,-8.107904,WAL
2074687376000,287.169988,-1.41266423561412,-8.02471323608155,-1.08061145801094,-0.6658431,-1.1691961,0.3136793,337.42722,107.82793,-8.185751,WAL
2074692310000,287.174922,-1.73691940416708,-7.92602715138737,-1.18869653055196,-0.77671516,-1.180497,0.32986724,337.19342,107.92486,-8.261819,WAL
2074697305000,287.179917,-1.97360718009408,-7.80774107095677,-1.30221574757806,-0.8943067,-1.17897,0.3640757,336.97244,108.099045,-8.413839,WAL
2074702343000,287.184955,-2.18123948619896,-7.68219614793835,-1.4181035627502,-1.0134255,-1.1420126,0.41416663,336.7651,108.30069,-8.567684,WAL
2074707349000,287.189961,-2.42982097242991,-7.64826119994035,-1.52546788143766,-1.1093313,-1.0955868,0.47708577,336.59756,108.58477,-8.790871,WAL
2074712341000,287.194953,-2.69124548084112,-7.64350793050308,-1.63003767487572,-1.1936307,-1.0952814,0.5390886,336.43527,108.89313,-9.021254,WAL
2074717347000,287.199959,-2.83188349238714,-7.78981820138684,-1.67786277686633,-1.2544118,-1.0989466,0.6072,336.30576,109.26612,-9.305432,WAL
2074722482000,287.205094,-2.93345871172421,-7.99296838752828,-1.70688423924461,-1.3096951,-1.0790935,0.68294734,336.1923,109.65493,-9.597223,WAL
2074727352000,287.209964,-2.9537257714873,-8.28134142732769,-1.66192682162031,-1.3573426,-1.0442741,0.7583892,336.0923,110.09743,-9.953843,WAL
2074732398000,287.21501,-2.94593463359129,-8.61636064159613,-1.58791093025393,-1.3921618,-1.0158689,0.80878556,336.00433,110.54169,-10.311205,WAL
2074737326000,287.219938,-2.93530705477078,-8.98505288286905,-1.44757449734591,-1.4217888,-1.0106765,0.8530733,335.91974,111.003845,-10.697882,WAL
2074742341000,287.224953,-2.91423767464356,-9.50125302599254,-1.07359278008335,-1.4205672,-1.0387764,0.8695667,335.83936,111.45373,-11.07837,WAL
2074747250000,287.229862,-2.86185484947742,-9.94722970548712,-0.710020663073908,-1.4156802,-1.1154399,0.89675015,335.71576,111.89501,-11.479798,WAL
2074752308000,287.23492,-2.75788807484136,-10.3133739641657,-0.339356418701008,-1.3771957,-1.2260065,0.90133166,335.5778,112.31336,-11.8734,WAL
2074757270000,287.239882,-2.65335751030383,-10.636416985469,-0.00848882364597094,-1.3096951,-1.3900238,0.9147707,335.37485,112.66882,-12.278874,WAL
2074762316000,287.244928,-2.53936290435931,-10.8552861641819,0.228619826259672,-1.2009611,-1.564426,0.93737274,335.142,112.998474,-12.688682,WAL
2074767313000,287.249925,-2.41931959575028,-11.0527714715167,0.412207736731762,-1.0564915,-1.6496416,0.94225967,334.85284,113.24065,-13.082614,WAL
2074772325000,287.254937,-2.25419121007791,-11.1304790246889,0.276219604893251,-0.8750645,-1.7986927,0.9425651,334.50018,113.44653,-13.492903,WAL
2074777300000,287.259912,-2.06524323308225,-11.2274020617656,0.0710484264477252,-0.7742717,-1.8826867,0.9618073,334.11932,113.5995,-13.885428,WAL
2074782344000,287.264956,-1.74019920046199,-11.4311610196846,-0.511119861197148,-0.54061574,-1.8533652,0.9627236,333.72687,113.67587,-14.264852,WAL
2074787330000,287.269942,-1.3938513486069,-11.6311936448276,-1.087453027,-0.27091873,-1.7201965,0.977079,333.3127,113.75522,-14.643117,WAL
2074792402000,287.275014,-0.920677857517241,-11.828000362069,-1.677873135,-0.007941248,-1.475545,0.9691377,332.93668,113.78098,-14.991809,WAL
2074797291000,287.279903,-0.464576674958621,-12.0177062060345,-2.24699062475,0.24495697,-1.1600331,0.9560041,332.6144,113.77162,-15.255308,WAL
2074802299000,287.284911,0.245594327542061,-11.8900821025386,-2.72049484238925,0.41691554,-0.8210029,0.9193522,332.36823,113.71968,-15.478087,WAL
2074807275000,287.289887,0.995157508077651,-11.7050635739174,-3.171181441334,0.44501534,-0.46944994,0.86193085,332.21475,113.64203,-15.655973,WAL
2074812307000,287.294919,1.71864883851287,-11.4133900781697,-3.35773426177312,0.33964106,-0.17195857,0.76144356,332.1232,113.55055,-15.692089,WAL
2074817284000,287.299896,2.42747132815062,-11.1044156408008,-3.48950254297426,0.12461651,0.03481932,0.605062,332.09802,113.4579,-15.674053,WAL
2074822365000,287.304977,2.95882924545455,-11.0482781018584,-3.45176783654445,-0.13591751,0.13164146,0.4202753,332.08273,113.35673,-15.502223,WAL
2074827245000,287.309857,3.40481688181818,-11.0811405267705,-3.35787580319438,-0.37048978,0.12797627,0.22510384,332.08325,113.267944,-15.280074,WAL
2074832353000,287.314965,3.07081189565864,-11.4452597061448,-2.65254940214744,-0.54336464,0.03726278,0.054061573,332.0285,113.15544,-14.923874,WAL
2074837448000,287.32006,2.46298696863438,-11.9215406092777,-1.74081182215302,-0.6426302,-0.14538592,-0.09621128,331.93207,113.05466,-14.535727,WAL
2074842389000,287.325001,1.78266521080057,-12.022848472288,-1.37425585101847,-0.6844745,-0.38148534,-0.21991149,331.74902,112.91066,-14.06402,WAL
2074847311000,287.329923,1.05026587507343,-11.9067363705353,-1.32066573988631,-0.6747007,-0.569021,-0.30909783,331.52164,112.771355,-13.582008,WAL
2074852295000,287.334907,0.349779465422054,-11.8587465188689,-1.34670968302323,-0.60994893,-0.6417139,-0.35277468,331.24088,112.56216,-13.195442,WAL
2074857323000,287.339935,-0.313306462121308,-11.8840551230947,-1.45806754161674,-0.53023106,-0.56169057,-0.3475823,330.95355,112.349754,-12.808316,WAL
2074862304000,287.344916,-0.717263175375758,-12.1124152907071,-1.41295236889899,-0.4370741,-0.40530908,-0.33353242,330.69864,112.19168,-12.545793,WAL
2074867294000,287.349906,-0.944136731072727,-12.4841017412121,-1.2584853059697,-0.33841935,-0.30757064,-0.31612277,330.45514,112.02047,-12.288137,WAL
2074872327000,287.354939,-0.924637746710136,-12.9434657504446,-0.943157502252519,-0.2764165,-0.13500121,-0.26206118,330.30573,111.91878,-12.129404,WAL
2074877326000,287.359938,-0.744907547006521,-13.4542779125667,-0.526940110337878,-0.20250183,-0.038179077,-0.20738874,330.16702,111.797264,-11.976737,WAL
2074882362000,287.364974,-0.518429621476382,-13.997130277969,0.0200986547905909,-0.0983493,0.017715093,-0.16982053,330.06433,111.64626,-11.8534,WAL
2074887318000,287.36993,-0.26427885199847,-14.5508161333907,0.646398753103844,0.017104227,0.06078109,-0.18570304,329.98767,111.47887,-11.725742,WAL
2074892309000,287.374921,-0.0221213997597873,-15.0088636481159,1.10289394793252,0.16920967,0.031154128,-0.22876903,329.8841,111.1922,-11.565251,WAL
2074897309000,287.379921,0.206169587679472,-15.3644705977812,1.37947724306409,0.34666604,-0.052839845,-0.3109304,329.77643,110.86967,-11.3944845,WAL
2074902284000,287.384896,0.418205940213106,-15.6551758247203,1.55818777149707,0.54244834,-0.15454891,-0.41416663,329.62054,110.38036,-11.16431,WAL
2074907320000,287.389932,0.598068271234949,-15.8042043992541,1.51707635732552,0.7257079,-0.21960606,-0.5149594,329.45166,109.85031,-10.9210825,WAL
2074912308000,287.39492,0.686799550486111,-15.7751048257937,1.43039391675595,0.9089675,-0.24953845,-0.63499445,329.24304,109.19812,-10.6118965,WAL
2074917330000,287.399942,0.658171709236111,-15.5126834043651,1.28248361122024,1.0677924,-0.2706133,-0.75594574,329.02014,108.50732,-10.285137,WAL
2074922311000,287.404923,0.565297901934704,-15.0879520737606,1.18102760405079,1.2443326,-0.29779682,-0.8872818,328.7818,107.749214,-9.904147,WAL
2074927312000,287.409924,0.381908450241838,-14.4316106342201,1.14241926925635,1.4291192,-0.32284227,-1.0149527,328.54037,106.95022,-9.499133,WAL
2074932297000,287.414909,0.146946038769231,-13.7328047537482,1.16676289097501,1.6197093,-0.3436117,-1.1191051,328.30148,106.13612,-9.081591,WAL
2074937333000,287.419945,-0.160243763076923,-12.9671935913768,1.27546084272415,1.8362609,-0.35063666,-1.212262,328.0625,105.271,-8.639275,WAL
2074942266000,287.424878,-0.480178405502034,-12.2579512124718,1.33579885601446,2.0964894,-0.3399465,-1.2873985,327.83185,104.39068,-8.217719,WAL
2074947311000,287.429923,-0.83822894478807,-11.5986141668324,1.32269945538183,2.3619106,-0.33383787,-1.3503176,327.60397,103.46211,-7.7797585,WAL
2074952282000,287.434894,-1.21026562067709,-10.9995178727234,1.31114125532462,2.6282477,-0.2950479,-1.4043792,327.40118,102.515526,-7.385737,WAL
2074957317000,287.439929,-1.68036944851082,-10.6378997925862,1.30597528275123,2.888171,-0.24251351,-1.4431691,327.21326,101.520546,-6.981793,WAL
2074962255000,287.444867,-2.14025381150711,-10.4588267412322,1.24805315731754,3.121827,-0.21166481,-1.4914275,327.0446,100.53864,-6.636186,WAL
2074967290000,287.449902,-2.60644913856872,-10.6873536985782,1.06523142440284,3.2919528,-0.14660765,-1.5143349,326.91263,99.538605,-6.2875657,WAL
2074972348000,287.45496,-3.072869977085,-10.9731101089385,0.813950234110734,3.3615913,-0.0711658,-1.561677,326.81003,98.5884,-5.9971714,WAL
2074977314000,287.459926,-3.52359328237231,-11.4665335335196,0.311037947745611,3.4510832,0.025961773,-1.5958854,326.74573,97.64613,-5.7070475,WAL
2074982302000,287.464914,-3.96626943624619,-11.9626277177263,-0.213325855395774,3.4498615,0.17256944,-1.6123788,326.73636,96.856316,-5.498139,WAL
2074987315000,287.469927,-4.36940465468303,-12.4632241306635,-0.820243680593522,3.3771684,0.31887165,-1.6111571,326.76733,96.14193,-5.2899566,WAL
2074992531000,287.475143,-4.79389308106748,-12.9828235269605,-1.45645908082686,3.2210925,0.43218717,-1.5754215,326.84973,95.66663,-5.1819506,WAL
2074997309000,287.479921,-5.24431607649568,-13.4432559176419,-2.09706095187575,3.032335,0.5369505,-1.5580118,326.9809,95.29551,-5.0734262,WAL
2075002278000,287.48489,-5.70044391093969,-13.8715854554198,-2.68928681928471,2.8386908,0.5839872,-1.5289958,327.14496,95.1735,-5.084336,WAL
2075007320000,287.489932,-6.1116172430575,-14.0941032302144,-2.97952675603086,2.6887233,0.5714644,-1.4697418,327.3262,95.12828,-5.1085567,WAL
2075012306000,287.494918,-6.4952881268307,-14.2779678470025,-3.15139782510252,2.5717428,0.50885075,-1.3924674,327.5041,95.26086,-5.2587957,WAL
2075017291000,287.499903,-6.78894609548916,-14.3199188463191,-2.87172370134739,2.4388795,0.3943135,-1.310306,327.66467,84.582016,-5.4168935,WAL
2075022370000,287.504982,-7.06314122746521,-14.2919382669893,-2.58121412331115,2.3243423,0.22571471,-1.2434162,327.78833,84.3158,-5.6782427,WAL
2075027312000,287.509924,-7.20630077253479,-13.914951066344,-2.27103481002218,2.2565362,0.029626964,-1.1905763,327.8735,84.047165,-5.9394426,WAL
2075032373000,287.514985,-7.25036992160125,-13.6430459079965,-1.91454584690222,2.271197,-0.12095132,-1.178359,327.93097,83.75812,-6.2105618,WAL
2075037400000,287.520012,-6.83571302691592,-13.883357861799,-1.38680071492121,2.3671029,-0.22602014,-1.2932017,327.9502,83.50036,-6.442373,WAL
2075042346000,287.524958,-6.38846098727735,-14.0760775928753,-1.01772456832061,2.3457224,-0.31612277,-1.4648548,327.94287,83.254295,-6.6434026,WAL
2075047307000,287.529919,-5.69100740722255,-13.9923834157369,-1.59893594167645,2.1270328,-0.016493361,-1.5906931,328.02457,83.0351,-6.815407,WAL
2075052290000,287.534902,-4.98269122653812,-13.8722428283471,-2.16126577874963,1.7116444,0.28893927,-1.6600263,328.07718,82.91947,-6.8645287,WAL
2075057322000,287.539934,-4.17799965424908,-13.3357819135275,-2.48218444210317,1.4651603,0.59712076,-1.6701056,328.22003,82.82122,-6.893777,WAL
2075062316000,287.544928,-3.37822863133379,-12.8067285904687,-2.76764377131813,1.4187346,0.73426,-1.5989398,328.35605,82.862564,-6.811051,WAL
2075067286000,287.549898,-2.56779404203934,-12.3223308646639,-2.63722895783345,1.5357152,1.0094548,-1.5632042,328.61676,82.92051,-6.720574,WAL
2075072523000,287.555135,-1.72646063462924,-11.8373241929351,-2.46829752911038,1.6450601,1.2287555,-1.4923438,328.8687,83.087326,-6.519311,WAL
2075077292000,287.559904,-1.11860032969078,-11.7139238721105,-1.91985217313119,1.8933768,1.366811,-1.4541647,329.17126,83.21944,-6.327383,WAL
2075082568000,287.56518,-0.461180950683793,-11.5923535721572,-1.34591765866075,2.0674734,1.3942999,-1.4737124,329.46136,83.42295,-6.0458093,WAL
2075087414000,287.570026,-0.0228620448205516,-11.6449519865886,-1.1793564553929,2.1734586,1.3991868,-1.5259414,329.7788,83.58695,-5.776368,WAL
2075092273000,287.574885,0.416632706229694,-11.6976915028334,-1.01234843090291,2.2116377,1.4630222,-1.5784758,330.12067,83.76955,-5.394461,WAL
2075097302000,287.579914,0.706008495638453,-11.532981033408,-1.0044817483296,2.2061398,1.5265522,-1.5949692,330.46027,83.902626,-5.021144,WAL
2075102274000,287.584886,0.974998572237265,-11.347470759326,-1.0137572620337,2.1514673,1.6853772,-1.539075,330.84094,83.988495,-4.669347,WAL
2075107310000,287.589922,0.982048003540891,-11.1915482665728,-1.32539304280253,2.1138992,1.9550742,-1.4801265,331.2621,84.06541,-4.235749,WAL
2075112268000,287.59488,0.943837114988432,-11.0434805715723,-1.68362013856755,2.096184,2.175902,-1.4227052,331.7094,84.08111,-3.8345149,WAL
2075117321000,287.599933,0.873129413587286,-10.6509550517359,-1.94594437809291,2.0390682,2.3341162,-1.3494014,332.19608,84.065506,-3.424246,WAL
2075122312000,287.604924,0.798335737295844,-10.2255661422983,-2.18902389437653,1.9743165,2.4587326,-1.2565498,332.72876,83.99543,-3.0547764,WAL
2075127312000,287.609924,0.669456480202089,-9.70349365859611,-2.45535654974129,1.894904,2.574797,-1.1490375,333.258,83.92158,-2.7493649,WAL
2075132237000,287.614849,0.531315966338963,-9.16935017036025,-2.72242814961437,1.8197676,2.6710083,-1.039998,333.80597,83.82686,-2.4866147,WAL
2075137314000,287.619926,0.36618759374462,-8.6628977930177,-2.83672337735055,1.7828102,2.7113254,-0.93828905,334.3312,83.719376,-2.2924657,WAL
2075142288000,287.6249,0.197608314748924,-8.17994118527021,-2.90051013413678,1.7757853,2.6890287,-0.86926126,334.85434,83.60637,-2.1308563,WAL
2075147311000,287.629923,-0.0270479854262086,-7.74318643946141,-2.94182807250848,1.7458528,2.634662,-0.82344633,335.42426,83.488335,-1.9605376,WAL
2075152285000,287.634897,-0.274515844624682,-7.33410710803647,-2.97213029012935,1.7293595,2.5488353,-0.79504114,335.96936,83.35843,-1.8119618,WAL
2075157296000,287.639908,-0.501172479415825,-6.94431923487046,-2.90587252072622,1.6820174,2.4627032,-0.7669413,336.53406,83.2126,-1.6778828,WAL
2075162277000,287.644889,-0.720667845211563,-6.56258789096729,-2.81521134523357,1.6303993,2.4251351,-0.75411314,337.08118,83.06967,-1.5540156,WAL
2075167312000,287.649924,-1.03284195709317,-6.01857959978377,-2.59820640634577,1.609019,2.3426683,-0.713796,337.62408,82.898026,-1.462925,WAL
2075172424000,287.655036,-1.37342586932406,-5.42485917462631,-2.34506970118454,1.5409076,2.2773056,-0.68508536,338.15582,82.75494,-1.3780644,WAL
2075177424000,287.660036,-1.57912639373737,-5.10341856884849,-2.20914293440404,1.4746287,2.2021692,-0.6582073,338.68942,82.57628,-1.3345261,WAL
2075182343000,287.664955,-1.72663726636364,-4.89880665236364,-2.12349156736364,1.3881912,2.1206186,-0.6444628,339.19788,82.42484,-1.2989094,WAL
2075187319000,287.669931,-1.84062096034393,-4.67089930395732,-2.03185462407542,1.2962561,2.0503693,-0.6426302,339.73907,82.21584,-1.3263388,WAL
2075192285000,287.674897,-1.93915703920025,-4.43441275585828,-1.9382453440174,1.2027937,2.047315,-0.64965516,340.27325,82.03551,-1.3609023,WAL
2075197314000,287.679926,-2.04943102718695,-4.25809545324356,-1.8435400315117,1.0852021,2.0390682,-0.6588182,340.80536,81.85561,-1.4208804,WAL
2075202281000,287.684893,-2.16164177692156,-4.10380566015333,-1.75003105712601,0.9963212,2.0289888,-0.6554584,341.33347,81.69706,-1.4882109,WAL
2075207293000,287.689905,-2.31996485875371,-4.012558856182,-1.48036025598417,0.8897252,2.022575,-0.6469063,341.87473,81.545746,-1.5765167,WAL
2075212312000,287.694924,-2.49587395789318,-3.94599867529179,-1.14280485432245,0.79626286,2.0158553,-0.66706485,342.41187,81.419334,-1.6629059,WAL
2075217325000,287.699937,-2.61138173526493,-3.79185670188529,-0.727481953780512,0.6985244,2.0088303,-0.6957755,342.96368,81.28945,-1.7743067,WAL
2075222298000,287.70491,-2.70116984734074,-3.60282921178805,-0.283267470480254,0.5720753,1.988061,-0.72601336,343.50864,81.196205,-1.8840683,WAL
2075227314000,287.709926,-2.73266506636625,-3.42223964491433,0.075779791715361,0.38545597,1.9767599,-0.76174897,344.0765,81.06268,-2.0362241,WAL
2075232341000,287.714953,-2.73743302426463,-3.24582331076557,0.395236530682381,0.1966986,1.9679024,-0.77274454,344.63754,80.96491,-2.1915627,WAL
2075237303000,287.719915,-2.71360296603325,-3.15103106594418,0.67236973689133,0.048258353,1.9294178,-0.763887,345.18896,80.778046,-2.395847,WAL
2075242328000,287.72494,-2.67550049572447,-3.09387731074822,0.934324394328979,-0.09590584,1.8753563,-0.7556403,345.73215,80.64097,-2.6008837,WAL
2075247306000,287.729918,-2.64701807532083,-3.04348651861797,1.0983226425074,-0.21135938,1.7895297,-0.7449502,346.22818,80.40006,-2.8533785,WAL
2075252282000,287.734894,-2.62349677384008,-2.99644386653504,1.21122498785785,-0.3286455,1.7131716,-0.72509706,346.71048,80.19674,-3.1123114,WAL
2075257295000,287.739907,-2.5823008590435,-2.91697641695532,1.27503188137178,-0.4373795,1.6667458,-0.70921457,347.1386,79.87002,-3.409398,WAL
2075262312000,287.744924,-2.53029181899232,-2.8176865705373,1.30812852975792,-0.5384777,1.5757269,-0.7021896,347.53552,79.57883,-3.7036889,WAL
2075267304000,287.749916,-2.44650534972535,-2.68198581603546,1.26714900104076,-0.59528816,1.4727961,-0.6817256,347.9693,79.32398,-3.9632742,WAL
2075272355000,287.754967,-2.33929068300087,-2.51883306444059,1.17391884336513,-0.7086037,1.3741413,-0.6637051,348.37845,79.11254,-4.2213993,WAL
2075277376000,287.759988,-2.21599271063283,-2.36141485754058,1.05459689909595,-0.8045095,1.2852604,-0.62949663,348.7767,78.938225,-4.463165,WAL
2075282336000,287.764948,-2.0793555131806,-2.21013796582083,0.913079752599137,-0.91599244,1.2043208,-0.5849035,349.1471,78.79281,-4.709613,WAL
2075287333000,287.769945,-1.9475566972973,-2.16146023247189,0.798150996804103,-1.0180069,1.1334605,-0.5296202,349.51907,78.68736,-4.9152474,WAL
2075292329000,287.774941,-1.82013169189189,-2.18977687843756,0.703762127638587,-1.1200215,1.0555751,-0.48502702,349.86334,78.60362,-5.127086,WAL
2075297307000,287.779919,-1.73397102192783,-2.24874790849234,0.696641472622837,-1.2040154,0.98746365,-0.43279803,350.17902,78.53068,-5.321671,WAL
2075302282000,287.784894,-1.68215783557093,-2.33353322089965,0.762585562415225,-1.3063353,0.9071349,-0.37110063,350.4659,78.47811,-5.526887,WAL
2075307273000,287.789885,-1.64952251414291,-2.48160244698139,0.923224482138757,-1.4110987,0.81336707,-0.31795537,350.71396,78.42431,-5.7098002,WAL
2075312316000,287.794928,-1.63518285544339,-2.6919167591251,1.17655778535432,-1.5063937,0.6881397,-0.27122417,350.92804,78.38486,-5.900876,WAL
2075317278000,287.79989,-1.63732450827423,-2.98177535098503,1.45999142616233,-1.6209309,0.5225952,-0.22388211,351.1145,78.375496,-6.0744815,WAL
2075322342000,287.804954,-1.65643287777778,-3.36394209259259,1.78483305925926,-1.7327193,0.35369098,-0.18478674,351.263,78.38035,-6.249953,WAL
2075327345000,287.809957,-1.67948743084544,-3.74442001102213,2.21612937351387,-1.842675,0.1826487,-0.14172074,351.37802,78.425835,-6.4147897,WAL
2075332311000,287.814923,-1.70697328963012,-4.12529568775594,2.76584687721268,-1.9630154,0.023518313,-0.08368854,351.44574,78.485344,-6.5841203,WAL
2075337382000,287.819994,-1.73028347881188,-4.57229196979098,3.33589771779978,-2.0705278,-0.14966199,0.028710667,351.47272,78.55729,-6.760182,WAL
2075342279000,287.824891,-1.67869091712871,-5.90853883792079,4.02207855653465,-2.1474967,-0.23304509,0.14874569,351.47644,78.62941,-6.947771,WAL
2075347274000,287.829886,-1.57834652169729,-7.39612668346457,4.73373249807524,-2.17804,-0.2751948,0.27580565,351.46695,78.67978,-7.1544003,WAL
2075352289000,287.834901,-1.30755763081559,-9.3336682040245,5.4900739619617,-2.1557434,-0.23640485,0.419359,351.44818,78.69986,-7.3946104,WAL
2075357281000,287.839893,-1.01901559024189,-11.2913790245821,6.36299025699115,-2.0454822,-0.18967366,0.56230146,351.42465,78.67577,-7.6129966,WAL
2075362263000,287.844875,-0.634319864306785,-13.3931314945919,7.84547606106195,-1.9165897,-0.03726278,0.6337727,351.4352,78.62508,-7.8499017,WAL
2075367281000,287.849893,-0.0756814217605125,-15.3803194689534,9.37410239301581,-1.4718798,0.093462385,0.7293731,351.3971,78.480064,-8.017696,WAL
2075372275000,287.854887,1.62905745726418,-16.4871645738196,11.1331956811654,-0.70707655,0.13683382,0.58368176,351.3795,78.28585,-8.1318,WAL
2075377274000,287.859886,3.35094674344293,-17.4793957560469,12.4054758422147,0.2611449,0.13805555,0.10934488,351.33865,78.01809,-8.051318,WAL
2075382272000,287.864884,5.13728724066516,-17.9859017838246,11.6276262033258,1.0525209,0.34391713,-0.35338554,351.3731,77.65745,-7.944956,WAL
2075387302000,287.869914,6.79520921045521,-18.4771352467262,10.7786732236541,1.4929546,0.8359691,-0.52656585,351.463744582167,77.2758645328535,-7.39409558016793,WAL
2075397278000,287.87989,6.75626055304088,-18.7440835094716,7.67650312003988,1.5537357,1.7574593,-0.61391956,351.64352,76.519066,-6.301574,WAL
2075402208000,287.88482,5.73008139710867,-17.1436206959123,6.593836977667,1.3399329,1.9355265,-0.65087694,351.912,76.16519,-5.61007,WAL
2075407226000,287.889838,4.65022149427865,-15.4199754468732,5.56607087080403,1.0858129,1.9608774,-0.6536258,352.2658,75.95334,-4.9640136,WAL
2075412224000,287.894836,3.3491992963505,-13.0999705375404,5.01563826177533,0.86467975,1.8732183,-0.6407976,352.64465,75.7444,-4.361717,WAL
2075417430000,287.900042,1.9968813696068,-10.6860166792774,4.46765661795962,0.66156703,1.7321084,-0.6102544,353.05182,75.568924,-3.9406664,WAL
2075422229000,287.904841,0.785632027226355,-8.49306936219979,4.27717788209352,0.45662177,1.5940529,-0.5757405,353.42822,75.43642,-3.539231,WAL
2075427228000,287.90984,-0.419301120815053,-6.37453981044165,4.09238689507653,0.25320363,1.4666874,-0.50885075,353.808,75.29861,-3.3547325,WAL
2075432222000,287.914834,-1.30057468037438,-5.19950843015502,3.98514204749927,0.030543262,1.3545936,-0.39828414,354.14236,75.21597,-3.1894877,WAL
2075437233000,287.919845,-2.17079074484432,-4.09636367678932,3.86417381043267,-0.1966986,1.2895365,-0.26236662,354.49918,75.09679,-3.2139127,WAL
2075442231000,287.924843,-2.91111893906187,-3.68507036467853,3.62223645507481,-0.42332962,1.2431108,-0.09193522,354.8169,75.03025,-3.2739854,WAL
2075447218000,287.92983,-3.61131129970238,-3.35835246309524,3.41638328809524,-0.6398814,1.2104294,0.09132435,355.15057,74.94839,-3.4999466,WAL
2075452272000,287.934884,-4.02952421972926,-3.66039514642857,3.4767917859447,-0.8390234,1.0986412,0.26053402,355.4362,74.90887,-3.7617123,WAL
2075457416000,287.940028,-4.41813213923655,-4.00440573216521,3.56846313360451,-1.0033462,0.82833326,0.4016439,355.68378,74.88655,-4.1604357,WAL
2075462310000,287.944922,-4.33433313013588,-4.77954848045771,4.0251687547917,-1.1233811,0.59650993,0.453262,355.90366,74.88653,-4.5771875,WAL
2075467295000,287.949907,-4.24897594575362,-5.56910438569641,4.49036645025925,-1.1636983,-0.0015271631,0.52778757,355.9409,74.8606,-5.0578284,WAL
2075472324000,287.954936,-4.1032485127081,-7.06704773053459,4.83711430529418,-1.2000448,-0.72143185,0.5681047,355.87744,74.84373,-5.518084,WAL
2075477334000,287.959946,-3.9444897926171,-8.71912825581636,5.15463153825871,-1.1530081,-1.398576,0.6017023,355.65433,74.78895,-5.9574738,WAL
2075482304000,287.964916,-3.95574042981465,-11.0165836104668,4.5847438310338,-1.0494665,-1.9068159,0.6401868,355.26126,74.68467,-6.342047,WAL
2075487282000,287.969894,-3.98881736239469,-13.4028500059471,3.8995782562692,-0.890947,-2.064419,0.6808093,354.77713,74.53874,-6.7094,WAL
2075492310000,287.974922,-4.36753114069952,-14.9839129409777,2.64299510147059,-0.7147123,-1.9065105,0.70157874,354.2292,74.40326,-7.012504,WAL
2075497244000,287.979856,-4.79478965484897,-16.4018466846184,1.31896345735294,-0.46028697,-1.6093245,0.68203104,353.68387,74.207214,-7.304158,WAL
2075502295000,287.984907,-4.9402832175883,-17.2663048040367,1.15569111943157,-0.043676864,-1.2883148,0.59803706,353.2114,74.157036,-7.5515103,WAL
2075507252000,287.989864,-5.02827606749047,-18.0044685138503,1.21924163580476,0.5500842,-1.1716396,0.4642576,352.78793,74.00707,-7.7663116,WAL
2075512308000,287.99492,-3.07311549399808,-15.7872595008629,-0.0962032836625119,1.0534371,-1.2861768,0.20861048,352.4501,73.97041,-7.944542,WAL
2075517280000,287.999892,-0.922868123183126,-13.2763551675935,-1.54339746023011,1.1600331,-1.4257594,-0.124311075,352.16174,73.91201,-8.056156,WAL
2075522342000,288.004954,-0.403637520816,-10.625997428,-2.41750968898,0.90316427,-1.2971723,-0.39370266,351.9452,73.874695,-8.105278,WAL
2075527264000,288.009876,-0.257512672928,-8.028746624,-3.13870637884,0.29657507,-0.9459248,-0.55924714,351.77322,73.93163,-8.0903,WAL
2075532302000,288.014914,-0.437462951396693,-6.28731199711098,-3.13032583638175,-0.40194935,-0.7110472,-0.65484756,351.5347,74.286316,-7.777553,WAL
2075537286000,288.019898,-0.68947854894202,-4.77046327465631,-2.95439043777645,-0.9975429,-0.75686204,-0.6377433,351.31442,74.76589,-7.4610143,WAL
2075542310000,288.024922,-1.09128845688384,-3.87141503042439,-2.65260370775055,-1.4110987,-0.92087936,-0.51251596,351.12354,75.34895,-7.192492,WAL
2075547289000,288.029901,-1.52356039577605,-3.12562719725045,-2.32483710001992,-1.6224581,-1.0919216,-0.3998113,350.9112,76.022964,-6.925934,WAL
2075552291000,288.034903,-1.84871152960418,-2.7985308685908,-2.35534425782481,-1.7336355,-1.2641857,-0.29657507,350.65506,76.66218,-6.7510233,WAL
2075557321000,288.039933,-2.14884449524464,-2.57343113283856,-2.47451465465457,-1.817935,-1.3252722,-0.20066923,350.3727,77.32294,-6.605237,WAL
2075562307000,288.044919,-2.43829597920463,-2.64014117437622,-2.605239638755,-1.8500054,-1.4202617,-0.13500121,350.0442,77.87985,-6.5520926,WAL
2075567405000,288.050017,-2.72932722392915,-2.88543889189304,-2.74659771904113,-1.8912388,-1.520749,0.02076942,349.6872,78.41443,-6.5508933,WAL
2075572387000,288.054999,-3.03028310866458,-3.20155340073694,-2.94720995232247,-1.9046779,-1.6679676,0.18448131,349.30493,78.89283,-6.6197934,WAL
2075577334000,288.059946,-3.36883742798124,-3.69880528163243,-3.29634414590219,-1.9165897,-1.87444,0.3286455,348.8746,79.32932,-6.7216244,WAL
2075582301000,288.064913,-3.61678633281445,-4.09084061016623,-3.62089325846065,-1.9049833,-2.065641,0.4615087,348.41733,79.689476,-6.910531,WAL
2075587320000,288.069932,-3.76920092503123,-4.37257646265975,-3.92110353537042,-1.8796324,-2.1841488,0.5928447,347.92374,79.98052,-7.134304,WAL
2075592300000,288.074912,-3.81789304266547,-4.60520987943269,-4.13870155794687,-1.8380935,-2.2064452,0.7067711,347.41638,80.200935,-7.4305325,WAL
2075597307000,288.079919,-3.71426171409275,-4.76929280882485,-4.23801509860423,-1.7980819,-2.1487186,0.829555,346.90375,80.33088,-7.762804,WAL
2075602249000,288.084861,-3.59843052493366,-4.96654962201465,-4.27150499743127,-1.7415768,-2.017077,0.95203346,346.42065,80.378716,-8.147115,WAL
2075607320000,288.089932,-3.4128552856597,-5.34285485468634,-3.98798727674345,-1.6982054,-1.9037615,1.0616838,345.9577,80.332825,-8.559563,WAL
2075612249000,288.094861,-3.23823097831633,-5.80312961479592,-3.6940088127551,-1.6792686,-1.8231273,1.1646146,345.52286,80.22002,-8.984173,WAL
2075617339000,288.099951,-3.07242850845616,-6.51700163388133,-3.3439811893613,-1.6872098,-1.7980819,1.2486086,345.11432,80.02372,-9.431189,WAL
2075622322000,288.104934,-2.89614698353539,-7.27204348807196,-3.06802372741494,-1.7321084,-1.7828102,1.3161092,344.7004,79.76582,-9.882613,WAL
2075627313000,288.109925,-2.6578119967149,-8.27678868586234,-3.08671679864099,-1.7870862,-1.7635679,1.3982705,344.30426,79.43741,-10.357084,WAL
2075632285000,288.114897,-2.4111203381227,-9.2967916466143,-3.12346843700905,-1.8255708,-1.6841555,1.4819591,343.90936,79.08821,-10.804387,WAL
2075637328000,288.11994,-2.09897663988267,-10.4589271029134,-3.28194133981307,-1.8194622,-1.5155567,1.5421293,343.55518,78.695465,-11.261438,WAL
2075642299000,288.124911,-1.77046419766149,-11.5544920155356,-3.38717089243663,-1.7983873,-1.3322971,1.5787812,343.20657,78.334404,-11.657254,WAL
2075647309000,288.129921,-1.28988156577269,-12.2998851819297,-3.1272639824816,-1.7910569,-1.2269229,1.5879441,342.89224,102.05415,-12.053772,WAL
2075652295000,288.134907,-0.789182514645436,-12.9378431474632,-2.87388693987736,-1.8075503,-1.1997393,1.6126842,342.5802,102.38427,-12.3676195,WAL
2075657324000,288.139936,-0.169953045485115,-13.0521622501236,-2.64524833665315,-1.8527542,-1.1294898,1.636508,342.3173,102.731674,-12.676332,WAL
2075662322000,288.144934,0.405726358967024,-13.1707758859754,-2.43054559157727,-1.8668042,-1.067487,1.7220291,342.02054,103.00207,-12.895889,WAL
2075667311000,288.149923,0.752155095921732,-13.3178899402066,-2.28817767790028,-1.8616118,-1.0366384,1.7733418,341.7393,103.279274,-13.108213,WAL
2075672397000,288.155009,1.08117975502435,-13.431616008846,-2.13804954409104,-1.8325957,-0.93676186,1.7641789,341.45258,103.44553,-13.207453,WAL
2075677403000,288.160015,1.26701798909651,-13.3363144268959,-1.9617414682139,-1.7968601,-0.7501425,1.6670512,341.20227,103.607124,-13.293364,WAL
2075682298000,288.16491,1.42460294011662,-13.2013864094127,-1.78285681923365,-1.7696766,-0.5467244,1.5173893,340.9368,103.68667,-13.29869,WAL
2075687309000,288.169921,1.40461562431487,-12.7496742911287,-1.55100475735943,-1.7684549,-0.45173484,1.3307699,340.69223,103.73601,-13.266871,WAL
2075692304000,288.174916,1.38469212752187,-12.2994044785506,-1.31989299342774,-1.7742581,-0.45631635,1.1093313,340.4388,103.70378,-13.157256,WAL
2075697306000,288.179918,1.38902937662865,-11.7301495279335,-1.44065500253238,-1.6924021,-0.51923543,0.8512407,340.18948,103.61387,-12.9897785,WAL
2075702303000,288.184915,1.40290583214769,-11.1149597101295,-1.69968236541659,-1.5241088,-0.61361414,0.61666846,339.92285,103.47449,-12.7742605,WAL
2075707283000,288.189895,1.4461056636166,-10.3747656195011,-1.72061842781286,-1.2623531,-0.75900006,0.44409904,339.58304,103.31327,-12.556941,WAL
2075712337000,288.194949,1.5062251410827,-9.55313305724045,-1.61039937707277,-1.044885,-1.0198395,0.31306845,339.17838,103.09717,-12.295567,WAL
2075717313000,288.199925,1.44670716578239,-8.9411752124183,-1.58678223341023,-0.9059132,-1.325883,0.21746802,338.71085,102.88832,-12.041347,WAL
2075722437000,288.205049,1.33822532864283,-8.38933213398693,-1.59621543663975,-0.838718,-1.599856,0.101098195,338.1764,102.6306,-11.752031,WAL
2075727340000,288.209952,1.03710304319372,-7.97672762931937,-1.92468749528796,-0.8029824,-1.7950275,-0.0076358155,337.56143,102.38325,-11.481282,WAL
2075732310000,288.214922,0.626659998896417,-7.62003326508572,-2.42796889976388,-0.83291477,-1.8600847,-0.099265605,336.91077,102.113235,-11.184861,WAL
2075737289000,288.219901,0.235090964231227,-7.46277634220329,-3.00443532197345,-0.9272934,-1.8255708,-0.15760323,336.23294,101.883156,-10.917255,WAL
2075742318000,288.22493,-0.151386415316029,-7.39597773049336,-3.61993629601744,-1.0616838,-1.6991217,-0.16493362,335.57193,101.65429,-10.635632,WAL
2075747312000,288.229924,-0.469969091552063,-7.49704980157171,-4.10478131876228,-1.1710287,-1.4703526,-0.15393804,334.98663,101.56591,-10.439758,WAL
2075752292000,288.234904,-0.755749277799607,-7.67976199017682,-4.52642427023576,-1.2461652,-1.3139712,-0.10629055,334.42212,101.50301,-10.248835,WAL
2075757315000,288.239927,-0.959288017254156,-7.91804355918286,-4.59176920859203,-1.260215,-0.9807441,-0.07086037,334.02078,101.57572,-10.1233015,WAL
2075762309000,288.244921,-1.11254765600841,-8.18624726437012,-4.44808823787302,-1.3090842,-0.6976081,0.0033597588,333.65216,101.696175,-10.017605,WAL
2075767307000,288.249919,-1.12916876352021,-8.52216299762282,-3.58156447569334,-1.3637567,-0.4813618,0.087659165,333.3745,101.91871,-9.964958,WAL
2075772368000,288.25498,-1.0667592044374,-8.90142118383518,-2.28536607971474,-1.3961325,-0.33017266,0.18570304,333.1598,102.17804,-9.928599,WAL
2075777339000,288.259951,-0.904406095745676,-9.0711875315568,-1.33025384645161,-1.4150693,-0.25900686,0.27550024,332.9723,102.484985,-9.937198,WAL
2075782308000,288.26492,-0.681932234352501,-9.12013183309958,-0.564943854322581,-1.4459181,-0.24984388,0.33475417,332.8097,102.819595,-9.958749,WAL
2075787317000,288.269929,-0.461105810627236,-9.11443069837929,0.199726105506209,-1.4792101,-0.32742378,0.3631594,332.53497,103.03377,-9.99681,WAL
2075792318000,288.27493,-0.24436983370764,-9.04890612481583,0.955781843352978,-1.5210545,-0.47036624,0.37782016,332.2499,103.25986,-10.045283,WAL
2075797305000,288.279917,-0.086372260431431,-8.95706680495298,1.21200148590448,-1.5497651,-0.72173727,0.38912117,331.90952,103.437996,-10.09635,WAL
2075802294000,288.284906,0.0292823251086491,-8.8458605504143,1.10524343509915,-1.5354098,-0.97585726,0.37751472,331.53326,103.60964,-10.148221,WAL
2075807315000,288.289927,0.102137154524918,-8.71611807979819,0.876152634946458,-1.4413365,-1.1426234,0.35521814,331.16162,103.748314,-10.201976,WAL
2075812309000,288.294921,0.116910604632414,-8.5634591306631,0.487118492318781,-1.2867876,-1.2073752,0.34055737,330.75027,103.867096,-10.2590475,WAL
2075817279000,288.299891,0.0910275064804723,-8.44739603950954,0.128317033197094,-1.1010846,-1.1951579,0.33292156,330.3053,103.96616,-10.305428,WAL
2075822341000,288.304953,0.0205783927275204,-8.36814056757493,-0.206316246784741,-0.92485,-1.1340714,0.31978795,329.86,104.02911,-10.344089,WAL
2075827269000,288.309881,-0.0969251630430591,-8.29704001960154,-0.507307124700086,-0.7816021,-1.0525209,0.30451632,329.4069,104.09741,-10.383353,WAL
2075832305000,288.314917,-0.344888142079049,-8.2402151031491,-0.750104228230505,-0.70188415,-0.9505063,0.28680122,328.98303,104.137924,-10.411225,WAL
2075837297000,288.319909,-0.646172898027164,-8.17971580509567,-0.930081997521562,-0.6835582,-0.8546005,0.28252518,328.5634,104.21226,-10.457352,WAL
2075842315000,288.324927,-1.02730835474373,-8.11301724754635,-1.02536586294438,-0.7031059,-0.7861836,0.30451632,328.17334,104.27811,-10.498912,WAL
2075847240000,288.329852,-1.38206180734032,-8.05054249943391,-1.12409705000472,-0.74464476,-0.75625116,0.31978795,327.78027,104.39306,-10.582406,WAL
2075852294000,288.334906,-1.71542215007076,-7.99117695372205,-1.23369498788565,-0.8246681,-0.72418076,0.34025195,327.41882,104.521164,-10.664989,WAL
2075857245000,288.339857,-2.03720827025651,-7.94744419307818,-1.33290751074919,-0.8756753,-0.68844515,0.39187005,327.07346,104.71589,-10.826916,WAL
2075862311000,288.344923,-2.35327396817997,-7.94250566815961,-1.41192390944625,-0.9746355,-0.6407976,0.46822822,326.75482,104.937454,-10.991128,WAL
2075867317000,288.349929,-2.612568005226,-7.94753341234987,-1.47500556440818,-1.063211,-0.59650993,0.5497787,326.47958,105.21521,-11.212447,WAL
2075872329000,288.354941,-2.75779285348859,-7.97393788008618,-1.50581077676721,-1.1407908,-0.5412266,0.623388,326.23392,105.51369,-11.440025,WAL
2075877301000,288.359913,-2.8845033262742,-8.016104919597,-1.52789222338996,-1.1942415,-0.4831944,0.7125743,326.00806,105.909256,-11.760542,WAL
2075882306000,288.364918,-2.89870671935006,-8.16287367725207,-1.49475085752667,-1.210735,-0.45998153,0.77366084,325.7988,106.30706,-12.079635,WAL
2075887346000,288.369958,-2.89655124942281,-8.31653325210331,-1.44990527962238,-1.2290609,-0.4642576,0.84238315,325.6164,106.75425,-12.445433,WAL
2075892302000,288.374914,-2.77118520043044,-8.51154763402465,-1.31989609570534,-1.2391402,-0.48838675,0.8970556,325.44455,107.19621,-12.810048,WAL
2075897337000,288.379949,-2.64262726098583,-8.71806712512472,-1.18052543458392,-1.2470814,-0.5540548,0.93584555,325.25253,107.65601,-13.199277,WAL
2075902299000,288.384911,-2.50037991073638,-9.0310112857713,-0.948187978666933,-1.2596041,-0.61300325,0.96669424,325.06543,108.111275,-13.587659,WAL
2075907380000,288.389992,-2.35523474037743,-9.36063787006094,-0.708069957877924,-1.2626585,-0.6914995,0.97249746,324.8526,108.52388,-13.948962,WAL
2075912309000,288.394921,-2.22068408629841,-9.79212739414193,-0.448248013025359,-1.2565498,-0.7761043,0.9773844,324.63016,108.928116,-14.308657,WAL
2075917627000,288.400239,-2.08145982993848,-10.2523865235817,-0.165561578639781,-1.2293663,-0.86376345,0.960891,324.37964,109.270355,-14.631252,WAL
2075922407000,288.405019,-2.01440997972854,-10.6144557707255,0.111577607748267,-1.1710287,-0.9950995,0.9266826,324.09903,109.590324,-14.9457245,WAL
2075927470000,288.410082,-1.94325265869766,-10.9965147627744,0.401607565666851,-1.1050552,-1.1505647,0.8915578,323.78174,109.89808,-15.26288,WAL
2075932309000,288.414921,-1.86204056345693,-11.2230537840804,0.341767104504704,-0.979217,-1.3038919,0.8680395,323.4297,110.17035,-15.572506,WAL
2075937334000,288.419946,-1.77770686257148,-11.4583004429072,0.279626514023243,-0.7993172,-1.4077389,0.8512407,323.05182,110.37913,-15.862012,WAL
2075942320000,288.424932,-1.63909899538399,-11.6525602881944,-0.156513090910948,-0.5525276,-1.4532484,0.84665924,322.64856,110.54582,-16.145668,WAL
2075947268000,288.42988,-1.48908192144608,-11.8364523645833,-0.674313963909314,-0.26389378,-1.4532484,0.84207773,322.23074,110.66632,-16.419327,WAL
2075952334000,288.434946,-1.17293876133122,-11.9103225103011,-1.32495352290016,-0.105374254,-1.3726143,0.84665924,321.81937,110.75015,-16.659492,WAL
2075957251000,288.439863,-0.83712071358954,-11.9616276259905,-1.97793321710578,0.18967366,-1.1957687,0.81489426,321.43777,110.75343,-16.873516,WAL
2075962348000,288.44496,-0.366125258336599,-11.6795644819749,-2.4360252112069,0.4016439,-0.9425651,0.75686204,321.0856,110.76959,-17.045544,WAL
2075967261000,288.449873,0.113232970341889,-11.3384825372257,-2.83241748663793,0.4896085,-0.65087694,0.68111473,320.79956,110.74824,-17.184576,WAL
2075972415000,288.455027,0.551212920112236,-11.0014608108027,-3.13896127090891,0.41141775,-0.35308012,0.5742133,320.5786,110.70129,-17.216026,WAL
2075977245000,288.459857,0.945216116474597,-10.6908940856799,-3.39853986555767,0.19547687,-0.092240654,0.42913285,320.43088,110.63706,-17.199442,WAL
2075982342000,288.464954,1.11163105903217,-10.6909843505637,-3.49237987528183,-0.09560041,0.08368854,0.29718593,320.32925,110.560684,-17.079382,WAL
2075987302000,288.469914,1.20740792714692,-10.7780541480158,-3.53591477400788,-0.3827071,0.18173242,0.16523905,320.27365,110.48642,-16.910954,WAL
2075992337000,288.474949,1.10898642553965,-11.0316669712674,-3.29336179687598,-0.6227771,0.17256944,0.064751714,320.2054,110.43913,-16.683548,WAL
2075997322000,288.479934,0.889513329008463,-11.3858165590847,-2.87436778115139,-0.7892379,0.08582657,0.0009162979,320.13657,110.4115,-16.432558,WAL
2076002342000,288.484954,0.517574410596898,-11.5612717841607,-2.33721158559446,-0.91721416,-0.027488936,-0.04062254,320.03976,110.398544,-16.150871,WAL
2076007358000,288.48997,0.0818516623124939,-11.6596608222959,-1.75156274010534,-0.9392053,-0.15882497,-0.06078109,319.90933,110.39665,-15.869353,WAL
2076012346000,288.494958,-0.324969646699438,-11.5831881516854,-1.22116392514045,-0.8756753,-0.28099802,-0.07422013,319.7445,110.387474,-15.6219015,WAL
2076017332000,288.499944,-0.717776285533708,-11.4155268988764,-0.718179816573034,-0.72326446,-0.35246924,-0.0693332,319.55777,110.3726,-15.384453,WAL
2076022363000,288.504975,-0.933279265723878,-11.4260855220267,-0.406655253830502,-0.5204572,-0.38453966,-0.050701816,319.3598,110.34352,-15.234778,WAL
2076027346000,288.509958,-1.05465792648286,-11.5280436132872,-0.197883979631702,-0.31337386,-0.37507126,-0.015577064,319.15735,110.29189,-15.096006,WAL
2076032336000,288.514948,-1.01435269084021,-11.8139919403594,-0.101823924663332,-0.14385876,-0.35155296,0.02565634,318.9676,110.22373,-15.039164,WAL
2076037323000,288.519935,-0.903014270655658,-12.180480975425,-0.0554329212586693,-0.016798794,-0.31948254,0.043066,318.78647,110.128105,-14.9849415,WAL
2076042315000,288.524927,-0.691895343458308,-12.7207239806392,-0.0444896726630813,0.070554934,-0.26328292,0.043676864,318.62512,110.004166,-14.950547,WAL
2076047308000,288.52992,-0.422490023904938,-13.3623981327597,-0.0542862296912518,0.124005646,-0.20250183,0.0033597588,318.47546,109.86026,-14.90733,WAL
2076052285000,288.534897,-0.137913601860534,-13.9998846509397,0.139813808106825,0.22021692,-0.1020145,-0.027488936,318.34216,109.668465,-14.836744,WAL
2076057314000,288.539926,0.15744041874184,-14.6429942652819,0.435167843632047,0.27855456,-0.07819075,-0.09743301,318.20175,109.46069,-14.746321,WAL
2076062340000,288.544952,0.408757192913082,-15.097865756551,0.736545750815782,0.40317106,-0.10995574,-0.18325958,318.05997,109.16265,-14.580842,WAL
2076067321000,288.549933,0.635168703061406,-15.4516339797291,1.03842774464551,0.5497787,-0.15821409,-0.267559,317.9195,108.84148,-14.399338,WAL
2076072349000,288.554961,0.875728958498024,-15.6268885573123,1.10379321106719,0.7165449,-0.19364429,-0.3491095,317.75613,108.39821,-14.136117,WAL
2076077347000,288.559959,1.12167500711462,-15.6978344758893,1.03284724310277,0.91324353,-0.20341812,-0.43676865,317.58655,107.91403,-13.854859,WAL
2076082337000,288.564949,1.31780394508449,-15.2963528072197,0.80528660844086,1.1233811,-0.19150625,-0.52748215,317.39774,107.32869,-13.517198,WAL
2076087314000,288.569926,1.48254044710061,-14.6007988999616,0.48038958702957,1.3573426,-0.18906279,-0.64751714,317.2046,106.693596,-13.154944,WAL
2076092309000,288.574921,1.44856020301058,-13.9576236216436,0.315387864149715,1.5632042,-0.18203785,-0.7883216,317.01285,105.995026,-12.730659,WAL
2076097305000,288.579917,1.23444181590724,-13.3639309332791,0.295922549764036,1.7641789,-0.1740966,-0.9407325,316.8246,105.245636,-12.277765,WAL
2076102295000,288.584907,0.917230864920382,-12.717150736465,0.327020116978503,1.9636264,-0.14355333,-1.0592403,316.6538,104.48295,-11.792391,WAL
2076107361000,288.589973,0.511642427802548,-12.0170283264331,0.399446623606688,2.1939225,-0.11301007,-1.1612549,316.4879,103.66898,-11.27685,WAL
2076112342000,288.594954,0.066417090955414,-11.4798011701062,0.485162255142251,2.4459045,-0.065973446,-1.2565498,316.34662,102.858315,-10.782118,WAL
2076117315000,288.599927,-0.41489328866242,-11.0632048301486,0.582233272399151,2.724459,-0.028099801,-1.3503176,316.21686,102.007774,-10.266058,WAL
2076122325000,288.604937,-0.940382154390056,-10.7488519248708,0.642122237482125,2.980106,-0.004581489,-1.4395039,316.11212,101.198975,-9.81047,WAL
2076127312000,288.609924,-1.62859015116489,-10.8644284338357,0.547559287658123,3.1853569,0.040317107,-1.5402967,316.03177,100.37096,-9.330778,WAL
2076132239000,288.614851,-2.30549442258001,-11.1168992100923,0.326929584400157,3.3249395,0.122478485,-1.6291776,315.98633,99.64764,-8.946794,WAL
2076137323000,288.619935,-2.99858597058708,-11.6235732654624,-0.127164875505596,3.3991597,0.28405234,-1.715615,315.98724,98.95097,-8.541641,WAL
2076142241000,288.624853,-3.6328868454787,-12.114293089235,-0.627989347732478,3.3933563,0.39064834,-1.7611245,316.01505,98.45076,-8.262026,WAL
2076147342000,288.629954,-4.2147163457169,-12.6245127278974,-1.27695291502519,3.3313537,0.6215554,-1.7708983,316.13718,98.02686,-7.9760323,WAL
2076152271000,288.634883,-4.79095161330859,-13.1089049022269,-1.88356596479321,3.1853569,0.8539896,-1.7562376,316.31015,97.87409,-7.8715267,WAL
2076157322000,288.639934,-5.46293360021209,-13.555182980912,-2.38627008748674,3.0976977,1.0467176,-1.7040086,316.5465,82.203575,-7.781939,WAL
2076162258000,288.64487,-6.09476153591767,-13.9474751748426,-2.74978353724648,2.9132164,1.1542299,-1.6395624,316.82465,82.02252,-7.931707,WAL
2076167310000,288.649922,-6.6699899583375,-14.2230047638126,-2.75461738614247,2.7553077,1.0876455,-1.5641204,317.1088,81.82118,-8.0887375,WAL
2076172354000,288.654966,-7.19553658036111,-14.4559202856039,-2.67371829504683,2.6096163,0.86742866,-1.4828753,317.38617,81.50425,-8.375484,WAL
2076177421000,288.660033,-7.59378732055615,-14.5777381671333,-2.36448838969779,2.4798074,0.59773165,-1.393689,317.62698,81.19,-8.661587,WAL
2076182307000,288.664919,-7.94951849322344,-14.6363709060847,-2.08312218945869,2.3561072,0.31520647,-1.318858,317.81735,80.84844,-8.968514,WAL
2076187351000,288.669963,-8.20018774084249,-14.4545133558201,-1.86194350797721,2.2611177,0.047647487,-1.2669345,317.93445,80.5141,-9.268278,WAL
2076192339000,288.674951,-8.31673523951066,-14.2924223795279,-1.61713301960241,2.2214115,-0.18509217,-1.2596041,317.99432,80.139465,-9.592867,WAL
2076197326000,288.679938,-8.01090626101501,-14.1874356151199,-1.28848094957469,2.235767,-0.33628133,-1.2843442,318.00482,79.78128,-9.897372,WAL
2076202315000,288.684927,-7.63470814219653,-14.1136662369942,-1.13377213121387,2.2925773,-0.52564955,-1.3625349,317.95605,79.42131,-10.18081,WAL
2076207349000,288.689961,-6.81792097239386,-14.23378237353,-2.06106553456249,2.317928,-0.47769663,-1.4825699,317.9407,79.09505,-10.427038,WAL
2076212296000,288.694908,-5.99521883243576,-14.2634984940741,-2.90409976461553,2.0583105,0.04428773,-1.6441438,318.0072,78.86225,-10.577422,WAL
2076217322000,288.699934,-5.02315707508296,-13.6930396312696,-3.29657537263677,1.565953,0.46578476,-1.7018706,318.06665,78.65966,-10.7134,WAL
2076222501000,288.705113,-4.01585011757292,-13.0966040824271,-3.64760995770912,1.3426818,0.84391034,-1.6496416,318.22757,78.65596,-10.688331,WAL
2076227344000,288.709956,-2.98821085147881,-12.4083684485212,-3.16678787061693,1.3640621,1.0558805,-1.5528195,318.45694,78.68045,-10.661457,WAL
2076232439000,288.715051,-1.93173001246291,-11.710094851632,-2.6472339925816,1.5647314,1.1933253,-1.4453071,318.72534,78.846115,-10.509087,WAL
2076237359000,288.719971,-1.19070682575668,-11.3279320267062,-1.99010025133531,1.8014416,1.2470814,-1.3860532,319.02,78.988785,-10.375372,WAL
2076242531000,288.725143,-0.429424154954955,-10.9511586921097,-1.34453498366498,1.9834795,1.2379184,-1.3741413,319.30026,79.18785,-10.144524,WAL
2076247332000,288.729944,0.0712794879279279,-10.8919843827344,-1.27170536789427,2.1200078,1.2605205,-1.3768903,319.59735,79.34705,-9.935758,WAL
2076252672000,288.735284,0.599126439577998,-10.8299103305681,-1.19236344580703,2.17804,1.4135422,-1.3924674,319.9276,79.565926,-9.597586,WAL
2076257357000,288.739969,0.765002079442741,-10.8137274365194,-1.13976872330929,2.2708917,1.4581354,-1.3939945,320.22906,79.73926,-9.273799,WAL
2076262306000,288.744918,0.940224820465284,-10.7966326355275,-1.08421028539225,2.2748623,1.6236799,-1.4092661,320.60428,79.9885,-8.842857,WAL
2076267310000,288.749922,0.957228310055693,-10.6479770715759,-1.00202085257838,2.2727242,1.7037032,-1.428203,320.9646,80.19526,-8.423435,WAL
2076272286000,288.754898,0.932654152382426,-10.466128802599,-0.913553905482673,2.228131,1.740966,-1.4223998,321.3562,80.37357,-8.023147,WAL
2076277343000,288.759955,0.747316788273619,-10.1703976069856,-1.10662147265813,2.151162,1.8044959,-1.3582588,321.77048,80.540726,-7.6049023,WAL
2076282234000,288.764846,0.54105506055044,-9.86569251661329,-1.34100974465973,2.0494528,1.8903224,-1.2858714,322.19684,80.68364,-7.2066107,WAL
2076287375000,288.769987,0.321540300692637,-9.50078403545755,-1.6702381983777,1.9602666,2.0103576,-1.2147056,322.6484,80.77651,-6.845986,WAL
2076292244000,288.774856,0.113170802420828,-9.14746179152905,-1.99638178268895,1.8832976,2.1658227,-1.1392636,323.12653,80.84367,-6.524252,WAL
2076297317000,288.779929,-0.104791597978973,-8.7333876821476,-2.34976533009084,1.8164078,2.2907448,-1.0482447,323.59808,80.864876,-6.3106575,WAL
2076302304000,288.784916,-0.319287833190773,-8.31414473818516,-2.70075916582627,1.7730364,2.3753495,-0.95478237,324.09067,80.86833,-6.1339464,WAL
2076307325000,288.789937,-0.585036329122149,-7.95925086525131,-2.9211974734176,1.7510452,2.4016168,-0.88514376,324.60123,80.862595,-5.991712,WAL
2076312288000,288.7949,-0.857251414774366,-7.621328933307,-3.11362543624963,1.7449366,2.3948972,-0.8353582,325.1138,80.8402,-5.880793,WAL
2076317293000,288.799905,-1.09703017265507,-7.31269684997102,-3.13579082962319,1.7595973,2.3512204,-0.7910705,325.62332,80.80304,-5.796037,WAL
2076322369000,288.804981,-1.33187013070725,-7.00740492510145,-3.11700364631884,1.7421877,2.2934935,-0.7672467,326.11618,80.763084,-5.7260528,WAL
2076327316000,288.809928,-1.5298373736957,-6.76935448871633,-3.02313135799563,1.7192802,2.194228,-0.75625116,326.63406,80.713104,-5.640917,WAL
2076332285000,288.814897,-1.71844615243064,-6.54995241947747,-2.90380731207636,1.6899587,2.1126773,-0.7519751,327.13235,80.660835,-5.566456,WAL
2076337305000,288.819917,-1.90557311080354,-6.31838805630393,-2.77079766576264,1.6270396,2.0030272,-0.75716746,327.6347,80.58904,-5.494649,WAL
2076342281000,288.824893,-2.0818130152303,-6.062039236221,-2.60523906905749,1.5564847,1.96271,-0.7443393,328.1271,80.51894,-5.435717,WAL
2076347278000,288.82989,-2.21483723105565,-5.83033301093286,-2.45734710087146,1.4792101,1.8723019,-0.7498371,328.61246,80.41768,-5.3883533,WAL
2076352313000,288.834925,-2.30078953755199,-5.62500253975045,-2.32841874084967,1.4401149,1.8072448,-0.7583892,329.08893,80.32033,-5.3498282,WAL
2076357282000,288.839894,-2.38109032241719,-5.33368464739748,-2.16232854879732,1.3518448,1.7809776,-0.77304995,329.5746,80.20574,-5.330269,WAL
2076362262000,288.844874,-2.45631497994874,-4.93875474124606,-1.95075891413644,1.258077,1.7757853,-0.7819075,330.04443,80.10088,-5.3147655,WAL
2076367258000,288.84987,-2.50460839409026,-4.57916726912369,-1.60340946289295,1.174083,1.7693712,-0.7852673,330.52652,79.98225,-5.3109164,WAL
2076372278000,288.85489,-2.51651594251251,-4.2671892517858,-1.07233242527468,1.078788,1.8231273,-0.8185594,331.0227,79.893745,-5.304657,WAL
2076377260000,288.859872,-2.52833335411403,-3.95757282103334,-0.545275492722049,0.9633345,1.8649716,-0.86345804,331.5397,79.778015,-5.314401,WAL
2076382289000,288.864901,-2.54026225073067,-3.64503548055679,-0.0132463249566553,0.8042041,1.8597792,-0.90316427,332.05692,79.69881,-5.3230295,WAL
2076387258000,288.86987,-2.53147857353612,-3.3526534043251,0.345451440231939,0.636827,1.8350391,-0.9166033,332.58667,79.64976,-5.32182,WAL
2076392282000,288.874894,-2.49031654038023,-3.08281326592205,0.446069800809886,0.44929138,1.8362609,-0.91904676,333.1199,79.646324,-5.319407,WAL
2076397242000,288.879854,-2.46263554558793,-2.85449705454639,0.59812985116553,0.26725355,1.8799378,-0.88331115,333.67108,79.433876,-5.4091353,WAL
2076402206000,288.884818,-2.46754763849969,-2.72187049463732,0.883031475988841,0.12950343,1.8979583,-0.82863873,334.21152,79.25189,-5.51064,WAL
2076407178000,288.88979,-2.46595636172089,-2.61904273441776,1.16979721632715,-0.008857546,1.8823812,-0.7959574,334.75653,79.06517,-5.6169505,WAL
2076412228000,288.89484,-2.45125194092429,-2.57492931848586,1.46388578580116,-0.14294247,1.8438967,-0.76083267,335.2943,78.9005,-5.746691,WAL
2076417213000,288.899825,-2.41416647038286,-2.53521587120611,1.67164003047014,-0.27214047,1.7571539,-0.7189884,335.8492,78.72117,-5.878748,WAL
2076422239000,288.904851,-2.33777994449514,-2.50179685960127,1.73847825308471,-0.39095375,1.6374242,-0.6808093,336.3788,78.56464,-6.0233808,WAL
2076427200000,288.909812,-2.2403883926012,-2.45615885473562,1.74089584102266,-0.5140431,1.4999796,-0.6239988,336.91754,78.40526,-6.164597,WAL
2076432223000,288.914835,-2.10063161414875,-2.38628048983149,1.62443185087159,-0.6337727,1.3542882,-0.5717699,337.41486,78.26565,-6.3148236,WAL
2076437218000,288.91983,-1.95379981337697,-2.31286459202291,1.48006825543056,-0.7309003,1.2980887,-0.52870387,337.9193,78.167244,-6.4468946,WAL
2076442228000,288.92484,-1.78696476387809,-2.229447016036,1.26416400139088,-0.8304713,1.1774428,-0.50579643,338.35944,78.08916,-6.5813813,WAL
2076447211000,288.929823,-1.6322601539185,-2.1783033015674,1.05787689858934,-0.8738427,1.0784826,-0.46211955,338.76346,78.028404,-6.7082496,WAL
2076452304000,288.934916,-1.49734956101789,-2.19179435146598,0.864505042504149,-0.9651671,1.0045679,-0.41263947,339.1361,77.99333,-6.841146,WAL
2076457297000,288.939909,-1.37280372262664,-2.21322112874601,0.707929734785689,-1.0458013,0.9462303,-0.36865717,339.49075,77.990906,-6.9130793,WAL
2076462305000,288.944917,-1.28361018709706,-2.27268354489904,0.703682425681899,-1.1542299,0.90285885,-0.32162055,339.82288,78.003334,-7.0002174,WAL
2076467327000,288.949939,-1.19416730861672,-2.33231218985122,0.699423243110166,-1.2712106,0.86651236,-0.2706133,340.13956,78.08848,-7.044779,WAL
2076472315000,288.954927,-1.2024959604336,-2.50143155410376,0.898018894047619,-1.3848315,0.79198676,-0.22479841,340.42743,78.18369,-7.1000953,WAL
2076477565000,288.960177,-1.21952787100271,-2.68878267198993,1.12430014404762,-1.500285,0.71868294,-0.1863139,340.6999,78.290726,-7.168175,WAL
2076482306000,288.964918,-1.23490849728997,-2.85796965292296,1.32864288809524,-1.6300939,0.6133087,-0.1432479,340.9512,78.444,-7.206286,WAL
2076487570000,288.970182,-1.25198582628726,-3.04582037379017,1.5555275547619,-1.7537941,0.4792238,-0.095294975,341.19214,78.62013,-7.2359095,WAL
2076492309000,288.974921,-1.34387728664817,-3.33821851588036,2.02856138566142,-1.883603,0.32986724,-0.040011674,341.39304,78.806046,-7.2762403,WAL
2076497246000,288.979858,-1.45565195110494,-3.66868279418234,2.57771532855381,-2.0100522,0.17959438,0.04520403,341.54922,78.99178,-7.3336926,WAL
2076502301000,288.984913,-1.6643229153605,-4.29386186363636,3.43385559968652,-2.1297817,0.024740042,0.15760323,341.66705,79.14473,-7.425238,WAL
2076507250000,288.989862,-1.88718635317398,-4.96245208011364,4.32995214126176,-2.2293527,-0.1142318,0.33017266,341.7394,79.2786,-7.5510116,WAL
2076512306000,288.994918,-1.84295786250358,-6.5144178868519,5.37356523523346,-2.2519548,-0.24129178,0.4728097,341.8047,79.381035,-7.7290263,WAL
2076517299000,288.999911,-1.72881434502053,-8.27222801795092,6.43738283533849,-2.187203,-0.2782491,0.6215554,341.8485,79.43227,-7.9521747,WAL
2076522318000,289.00493,-1.1755129398541,-10.7477868045823,7.99655282574746,-1.9929478,-0.23701571,0.7315111,341.91357,79.3238,-8.25698,WAL
2076527246000,289.009858,-0.4530243939176,-13.4680286276585,9.72761548186582,-1.5952746,-0.19181168,0.75869465,341.96158,79.14606,-8.571229,WAL
2076532304000,289.014916,0.613522181358901,-15.1027604165207,11.2734976106758,-0.93309665,-0.3042109,0.65301496,341.9643,78.869026,-8.804808,WAL
2076537305000,289.019917,1.7747667374758,-16.3390669074398,12.7261578642943,-0.113926366,-0.46303585,0.3848451,341.96027,78.539116,-8.985973,WAL
2076542387000,289.024999,3.1436323413721,-17.2708812240117,12.7806288791048,0.52015173,-0.464563,0.20616703,341.88016,78.201256,-8.959759,WAL
2076547311000,289.029923,4.59352994061912,-17.9613082108346,11.9027994576448,0.7333437,-0.2171626,-0.055283304,341.833,77.8682,-8.832951,WAL
2076552304000,289.034916,5.54190992737541,-18.4113869398593,10.3854270822352,1.0070114,0.40286562,-0.204029,341.79294,77.48472,-8.4828415,WAL
2076557319000,289.039931,6.24617005924898,-18.7444832100466,8.56291581080947,1.1169671,1.1139128,-0.26175576,341.86932,77.07961,-8.123762,WAL
2076562312000,289.044924,5.92253307635468,-18.2272056064039,7.23507744921182,1.1007792,1.6285667,-0.33292156,342.022,76.90207,-7.5266104,WAL
2076567291000,289.049903,5.07692473399015,-17.2782449970443,6.15927571113301,1.0015136,1.8988746,-0.39706242,342.3279,76.66603,-6.982109,WAL
2076572391000,289.055003,3.94280555739844,-15.5699504139567,5.33957861668479,0.8216137,1.9440787,-0.4260785,342.73077,76.67704,-6.350637,WAL
2076577390000,289.060002,2.67934010394386,-13.4783706916082,4.69601554917466,0.65148777,1.8643607,-0.4456262,343.1832,76.66321,-5.756837,WAL
2076582305000,289.064917,1.43180425087342,-11.4487072708829,4.42834858043623,0.46089783,1.6902641,-0.45142943,343.67648,76.69531,-5.2928514,WAL
2076587329000,289.069941,0.153228015148109,-9.39107038508429,4.38710431107724,0.267559,1.4404203,-0.43157628,344.11838,76.74371,-4.8472834,WAL
2076592345000,289.074957,-1.02528927135135,-7.70377168784815,4.40256895048484,0.08368854,1.2147056,-0.34147367,344.55472,76.75966,-4.6081753,WAL
2076597325000,289.079937,-2.10272438486487,-6.3754268106045,4.47144593624923,-0.116675265,1.0241156,-0.2003638,344.918,76.816154,-4.3852882,WAL
2076602330000,289.084942,-3.05421155008899,-5.60578495184892,4.37919214076528,-0.31520647,0.91354895,-0.021991149,345.26007,76.770485,-4.3937607,WAL
2076607298000,289.08991,-3.90095523021554,-5.26238337225628,4.16750626985367,-0.5186246,0.8732319,0.17837265,345.5553,76.76335,-4.4419475,WAL
2076612343000,289.094955,-4.44252856923993,-5.31163463425283,4.07538817886485,-0.69913524,0.7825184,0.35888332,345.81384,76.6707,-4.6835165,WAL
2076617293000,289.099905,-4.71535063363763,-5.68323729351062,4.08479583117682,-0.84788096,0.48258355,0.48563787,345.99188,76.60319,-4.9502335,WAL
2076622330000,289.104942,-4.99507470934996,-6.50084005946374,4.13228922380528,-0.9682214,0.0021380284,0.57696223,346.10837,76.514534,-5.3623605,WAL
2076627307000,289.109919,-5.27331382787177,-7.69396636667656,4.21245999254972,-1.0387764,-0.6038403,0.6102544,346.10052,76.428955,-5.7663054,WAL
2076632305000,289.114917,-5.56743558466199,-9.3516780591403,4.10724475009135,-1.0143417,-1.207986,0.59589905,345.9694,76.33059,-6.1822886,WAL
2076637367000,289.119979,-5.87977432236754,-11.4821097664198,3.81821462638715,-0.8906415,-1.4914275,0.56413406,345.7588,76.20851,-6.5820565,WAL
2076642387000,289.124999,-6.31251812285074,-13.7282280338841,3.15823296897228,-0.68294734,-1.960572,0.55955255,345.3561,76.083046,-6.94317,WAL
2076647311000,289.129923,-6.88915051299356,-16.0963815486792,2.04898611961169,-0.5522222,-2.081218,0.5497787,344.97974,75.94328,-7.290314,WAL
2076652298000,289.13491,-7.12801112420184,-17.8750930084016,1.12397646669892,-0.27488935,-1.8915442,0.5348125,344.65546,75.87739,-7.579512,WAL
2076657319000,289.139931,-6.49386209671063,-18.095454034625,0.695497380940985,0.10476339,-1.5974126,0.54275376,344.33707,75.748924,-7.8570642,WAL
2076662292000,289.144904,-5.86577543793472,-18.3137084427924,0.271114490386476,0.6450737,-1.2983941,0.55741453,344.1381,75.699005,-8.131043,WAL
2076667368000,289.14998,-5.22467994629054,-18.5364833022048,-0.162058152375376,1.2293663,-1.2308935,0.4334089,343.9692,75.55813,-8.357517,WAL
2076672333000,289.154945,-3.77087485383827,-16.4687357669161,-1.05413089180076,1.4199562,-1.4187346,0.10567969,343.83112,75.41776,-8.522954,WAL
2076677311000,289.159923,-0.873437785374603,-10.4148998659834,-2.76425388958696,1.1670581,-1.4263704,-0.21410827,343.7742,75.266655,-8.66057,WAL
2076682236000,289.164848,0.846878185888738,-6.1614732522388,-3.7955730531886,0.60048056,-1.1218541,-0.40683624,343.69333,75.33476,-8.59365,WAL
2076687369000,289.169981,0.832585362810622,-4.46539269797441,-3.82892302676875,-0.12339478,-0.82711154,-0.46486846,343.61743,75.52283,-8.478393,WAL
2076692244000,289.174856,0.706612516512421,-3.14884753248904,-3.69747781889917,-0.8344419,-0.7996226,-0.4810564,343.40045,75.98517,-8.1262245,WAL
2076697308000,289.17992,0.347550844135996,-2.37875471729177,-3.22975271908427,-1.3127494,-0.99021256,-0.43585235,343.1996,76.56171,-7.7812223,WAL
2076702257000,289.184869,0.00247398903817411,-1.75491744372854,-2.92205380640275,-1.6297885,-1.2699889,-0.35918877,342.99667,77.22302,-7.4691396,WAL
2076707315000,289.189927,-0.335066376596243,-1.45162031223995,-2.99543209523329,-1.8493946,-1.5158621,-0.2938262,342.74084,77.96213,-7.1599855,WAL
2076712254000,289.194866,-0.649196256254292,-1.30109466107132,-3.19972633562249,-2.0302107,-1.6878207,-0.23365596,342.44504,78.65108,-6.921925,WAL
2076717327000,289.199939,-0.935175694417738,-1.49174758666732,-3.72402185612675,-2.1426098,-1.8090774,-0.14049901,342.08594,79.34643,-6.7041736,WAL
2076722330000,289.204942,-1.22596528230273,-1.80593953755831,-4.21135751049131,-2.200642,-1.9236146,-0.00061086525,341.71954,80.019325,-6.5456734,WAL
2076727346000,289.209958,-1.54065104976675,-2.45438307447146,-4.62140279001489,-2.2171354,-2.0662518,0.13500121,341.30515,80.66686,-6.4082475,WAL
2076732294000,289.214906,-1.86126814175824,-3.11083108791209,-4.98662225,-2.173764,-2.2317963,0.29749137,340.85715,81.26902,-6.3491564,WAL
2076737297000,289.219909,-2.21546844659341,-3.82401798421578,-5.24030618727273,-2.0857995,-2.3225098,0.43799037,340.38766,81.798584,-6.3211236,WAL
2076742312000,289.224924,-2.50771969861612,-4.48813997115291,-5.43123749197934,-2.0564778,-2.4288,0.5015204,339.83585,82.24552,-6.3773775,WAL
2076747308000,289.22992,-2.61496572083618,-5.00105598362733,-5.4359002630153,-1.996613,-2.4153612,0.6017023,339.2939,82.56164,-6.4858985,WAL
2076752305000,289.234917,-2.72297705544914,-5.54771234726283,-5.34647445584232,-1.9459113,-2.261423,0.70249504,338.7638,82.75116,-6.665403,WAL
2076757321000,289.239933,-2.83436497398931,-6.23056886255671,-4.88155092798669,-1.9138408,-2.0363193,0.8078693,338.26425,82.8174,-6.875712,WAL
2076762310000,289.244922,-2.95143340990864,-6.94328606039371,-4.37165209806914,-1.88849,-1.7983873,0.92271197,337.8065,82.739555,-7.1410527,WAL
2076767320000,289.249932,-3.09152701544692,-7.77932859529057,-3.6892606996515,-1.8335121,-1.6245961,1.0641272,337.40268,82.534546,-7.443678,WAL
2076772377000,289.254989,-3.20304928592679,-8.64771726178922,-3.03972031860956,-1.7974709,-1.5173893,1.2263119,337.05148,97.79947,-7.7986197,WAL
2076777315000,289.259927,-3.06834763695538,-9.69539713002427,-2.72541633209199,-1.7821994,-1.4419475,1.3912456,336.75006,98.2281,-8.1908455,WAL
2076782309000,289.264921,-2.89045311571945,-10.7017556501454,-2.46158950454666,-1.7461584,-1.3784174,1.5436565,336.49533,98.71732,-8.616286,WAL
2076787371000,289.269983,-2.54018622152613,-11.5048065576262,-2.4146025566746,-1.7336355,-1.2660183,1.7131716,336.2862,99.27241,-9.0844145,WAL
2076792281000,289.274893,-2.2004370215085,-12.2837437278615,-2.36902651675919,-1.711339,-1.1508701,1.8723019,336.09634,99.80798,-9.529909,WAL
2076797310000,289.279922,-1.73510227062607,-12.9359744656947,-2.1078954765223,-1.6694947,-1.0980303,1.9746219,335.92987,100.36944,-9.995829,WAL
2076802373000,289.284985,-1.26497100710262,-13.5562551920523,-1.84134920369215,-1.6581937,-1.0848967,2.0274618,335.79416,100.954926,-10.480408,WAL
2076807317000,289.289929,-0.902956107142857,-13.8706363928571,-1.75084550357143,-1.6542231,-1.1154399,2.0018053,335.64175,101.44379,-10.869451,WAL
2076812316000,289.294928,-0.53392875102219,-14.1564048995999,-1.68375524176064,-1.706452,-1.1065824,1.9016235,335.49686,101.80517,-11.135814,WAL
2076817352000,289.299964,-0.126027846198618,-14.0555262078938,-1.91182888526737,-1.7672331,-0.99021256,1.7458528,335.3766,102.14058,-11.371581,WAL
2076822384000,289.304996,0.281549070614769,-13.9547276422335,-2.13972137417243,-1.790446,-0.77091193,1.5531249,335.2688,102.35707,-11.486467,WAL
2076827380000,289.309992,0.568864266770958,-13.5554108090089,-2.11727715829576,-1.8035797,-0.5164866,1.3399329,335.20187,102.534485,-11.548045,WAL
2076832259000,289.314871,0.835447946424036,-13.1297370281586,-2.06568026290605,-1.7962493,-0.43157628,1.1166617,335.14343,102.663635,-11.553105,WAL
2076837370000,289.319982,1.15633387946361,-12.3959207141776,-2.22345443199957,-1.7696766,-0.33658674,0.9080512,335.1345,102.71546,-11.446627,WAL
2076842264000,289.324876,1.48072110793771,-11.5748152700335,-2.46167632565156,-1.711339,-0.2507602,0.8023715,335.13757,102.74431,-11.311852,WAL
2076847285000,289.329897,1.57828863061645,-10.7793805302048,-2.14409492796131,-1.5354098,-0.2773328,0.61300325,335.09354,102.69452,-11.095872,WAL
2076852196000,289.334808,1.63153024880107,-10.0097974662962,-1.73268256164454,-1.3683381,-0.5317582,0.4437936,334.9973,102.629395,-10.868562,WAL
2076857240000,289.339852,1.43240767158514,-9.26741341366942,-1.56580270753213,-1.2788464,-0.9786061,0.31123585,334.81525,102.55502,-10.611281,WAL
2076862177000,289.344789,1.20629700662549,-8.54668568755604,-1.433904827837,-1.2614367,-1.459357,0.18478674,334.5366,102.44056,-10.324447,WAL
2076867212000,289.349824,0.764705342603088,-8.06374084381473,-1.97111163445378,-1.2733486,-1.865277,0.06414085,334.12448,102.32561,-10.058635,WAL
2076872220000,289.354832,0.296065006859488,-7.61853218843072,-2.59908958403361,-1.318858,-2.0796907,-0.064446285,333.62473,102.191826,-9.766855,WAL
2076877227000,289.359839,-0.150911631594459,-7.39252429410551,-3.17055531488358,-1.3735305,-2.154827,-0.16646078,333.05328,102.10806,-9.52448,WAL
2076882180000,289.364792,-0.588949642897141,-7.21078529908635,-3.72509283480696,-1.4230106,-2.1368067,-0.22907446,332.44867,102.01959,-9.260286,WAL
2076887259000,289.369871,-0.914130334383954,-7.18096665749079,-4.09829123119116,-1.4520267,-2.026851,-0.2687807,331.8644,102.07657,-9.076598,WAL
2076892214000,289.374826,-1.20063581719198,-7.19067865017397,-4.41393284416701,-1.4691309,-1.8307631,-0.26847526,331.31244,102.143524,-8.88033,WAL
2076897227000,289.379839,-1.35533770889014,-7.35580875818828,-4.31058108525173,-1.486846,-1.5916094,-0.22693644,330.81314,102.37188,-8.781438,WAL
2076902289000,289.384901,-1.48689821727494,-7.55088145012165,-4.12911814355231,-1.491733,-1.3836098,-0.17562376,330.3625,102.61067,-8.676979,WAL
2076907315000,289.389927,-1.57263636649995,-7.77871924762682,-3.74808073972645,-1.527774,-1.215011,-0.103847094,329.97595,102.95262,-8.636069,WAL
2076912297000,289.394909,-1.64081679344697,-8.01735028427069,-3.2951683757783,-1.5491543,-1.0885619,-0.021685716,329.63907,103.308846,-8.60343,WAL
2076917323000,289.399935,-1.67818912757456,-8.36930268825403,-2.86448656715568,-1.5528195,-0.9816604,0.053450707,329.34485,103.68437,-8.607367,WAL
2076922341000,289.404953,-1.70601832305762,-8.75427351635943,-2.44241004820963,-1.5894713,-0.8863655,0.12736541,329.08658,104.085075,-8.6256275,WAL
2076927312000,289.409924,-1.57988830906149,-8.94698659993003,-1.96708257063763,-1.5824465,-0.81122905,0.19394971,328.8556,104.44529,-8.666559,WAL
2076932300000,289.414912,-1.38769211359223,-9.05979750800315,-1.46570127082131,-1.5833627,-0.8020661,0.27550024,328.63733,104.82382,-8.726944,WAL
2076937286000,289.419898,-1.16898188873598,-9.11412895556514,-0.910726287468076,-1.5775595,-0.8530733,0.30024028,328.42792,105.11101,-8.764152,WAL
2076942313000,289.424925,-0.909369039414366,-9.08297532668248,-0.272078626522325,-1.5790867,-0.9669997,0.35063666,328.21033,105.409424,-8.830617,WAL
2076947307000,289.429919,-0.675324452412782,-8.96787807808072,0.134325170334408,-1.5506815,-1.1172725,0.36957347,327.9275,105.67605,-8.917951,WAL
2076952287000,289.434899,-0.460934255227206,-8.78611270135835,0.358036675341738,-1.4743233,-1.2886202,0.37568212,327.61374,105.92909,-9.018997,WAL
2076957343000,289.439955,-0.295728052092518,-8.60782030216467,0.413091957382623,-1.3637567,-1.3988814,0.3915646,327.2607,106.140335,-9.13701,WAL
2076962342000,289.444954,-0.182158119639221,-8.43746543066126,0.304254111830582,-1.2327261,-1.4654657,0.39278635,326.87778,106.3206,-9.2556095,WAL
2076967336000,289.449948,-0.154488370480874,-8.26957474309654,0.000509364907103821,-1.0757337,-1.4501941,0.39920044,326.47784,106.47488,-9.380762,WAL
2076972376000,289.454988,-0.216031121956284,-8.10252981850638,-0.509416339355191,-0.9419542,-1.3735305,0.40591997,326.08212,106.5987,-9.501668,WAL
2076977295000,289.459907,-0.328563437140799,-7.98281491263954,-0.878172827943824,-0.8335256,-1.2400564,0.42210788,325.70126,106.71434,-9.616221,WAL
2076982344000,289.464956,-0.57481976424456,-7.96789032421935,-0.935383901733628,-0.7632761,-1.071763,0.44440445,325.35806,106.805786,-9.722104,WAL
2076987324000,289.469936,-0.817710734531097,-7.95316969630639,-0.991813124841813,-0.7107417,-0.91599244,0.46181414,325.05908,106.94616,-9.828914,WAL
2076992346000,289.474958,-1.06265018288029,-7.93832491851947,-1.04871825706055,-0.72204274,-0.7834347,0.4896085,324.80927,107.08636,-9.929964,WAL
2076997239000,289.479851,-1.29491761373461,-7.92419355975574,-1.07137430070757,-0.7620544,-0.6948592,0.5216789,324.5892,107.2379,-10.039925,WAL
2077002338000,289.48495,-1.52684303648347,-7.90999405315499,-1.04297523808278,-0.8374963,-0.65057147,0.56230146,324.4005,107.40208,-10.149594,WAL
2077007246000,289.489858,-1.72973235545929,-7.92391892253618,-1.03547654072069,-0.90377516,-0.63285637,0.61575216,324.26404,107.63928,-10.342958,WAL
2077012347000,289.494959,-1.89806897140888,-7.99606309324604,-1.06914389404352,-0.9810496,-0.6426302,0.68019843,324.13983,107.8968,-10.542246,WAL
2077017265000,289.499877,-2.01819456297468,-8.09538677670095,-1.12142971400316,-1.0690142,-0.6747007,0.7284568,324.01544,108.20358,-10.800687,WAL
2077022372000,289.504984,-2.04237806653481,-8.26950835586432,-1.2230005299644,-1.1420126,-0.70249504,0.78038037,323.89862,108.52543,-11.068902,WAL
2077027273000,289.509885,-2.04311316267943,-8.44228379106858,-1.29684405933014,-1.1988231,-0.72143185,0.8210029,323.78772,108.89103,-11.376796,WAL
2077032351000,289.514963,-1.9849421215311,-8.636187261563,-1.31138681961722,-1.2522738,-0.7370089,0.8549059,323.67734,109.26707,-11.687689,WAL
2077037310000,289.519922,-1.92153600798422,-8.83626302940071,-1.29403121557392,-1.2840388,-0.7641924,0.8720101,323.55505,109.6706,-12.01418,WAL
2077042351000,289.524963,-1.83991092000751,-9.06753393838061,-1.19426724020289,-1.3005321,-0.820392,0.90041536,323.42758,110.075874,-12.344367,WAL
2077047316000,289.529928,-1.76386769798339,-9.31138534608541,-1.08096929724199,-1.3014483,-0.87995136,0.91324353,323.2854,110.48297,-12.670463,WAL
2077052343000,289.534955,-1.7115181221036,-9.64927816251483,-0.881088949347568,-1.3020593,-0.9642508,0.9147707,323.12567,110.88219,-12.995738,WAL
2077057335000,289.539947,-1.65834879980371,-9.98018646785749,-0.677854446585533,-1.2727377,-1.047023,0.90285885,322.92773,111.25196,-13.3162365,WAL
2077062343000,289.544955,-1.59715653489057,-10.2814410883306,-0.442499414421435,-1.2211196,-1.1038336,0.8921687,322.71744,111.60595,-13.632102,WAL
2077067351000,289.549963,-1.53819306185608,-10.5655780273945,-0.216988101089727,-1.1661417,-1.1673635,0.8680395,322.47595,111.91836,-13.938618,WAL
2077072353000,289.554965,-1.50015571900744,-10.6891991682382,-0.0838576558119107,-1.0742066,-1.2360858,0.84788096,322.21915,112.20158,-14.239852,WAL
2077077326000,289.559938,-1.45103756930451,-10.8157296789721,0.0196048156966143,-0.97433007,-1.3234396,0.8344419,321.9261,112.43544,-14.534964,WAL
2077082342000,289.564954,-1.26488463257189,-10.9871862369978,-0.225333291608301,-0.8341365,-1.4263704,0.8197812,321.60916,112.63076,-14.823371,WAL
2077087348000,289.56996,-1.06647066767889,-11.1687521198785,-0.515317991658498,-0.6392705,-1.4679092,0.8246681,321.27646,112.77916,-15.110996,WAL
2077092347000,289.574959,-0.775526094267791,-11.4268484024701,-1.13944098564987,-0.41050145,-1.457219,0.829555,320.92957,112.88454,-15.390706,WAL
2077097315000,289.579927,-0.47286089319797,-11.6625092385787,-1.7554238071066,-0.12705997,-1.3408492,0.82344633,320.59268,112.93089,-15.618475,WAL
2077102343000,289.584955,0.00659270493557207,-11.634306006638,-2.32418739757907,0.16615535,-1.1227703,0.7883216,320.2886,112.92245,-15.822613,WAL
2077107574000,289.590186,0.505305209059579,-11.5841222384151,-2.88717599180296,0.42455134,-0.7724391,0.7284568,320.03586,112.88801,-15.943436,WAL
2077112343000,289.594955,0.958821871658878,-11.2951162885514,-3.06502561425234,0.5653558,-0.41783184,0.6273586,319.84424,112.8039,-16.02062,WAL
2077117688000,289.6003,1.45644133722999,-10.9887343722999,-3.26376834739517,0.5235115,-0.13194689,0.49327368,319.71353,112.69121,-15.966182,WAL
2077122375000,289.604987,1.67580645169583,-11.0764803631121,-3.4260986136448,0.3381139,0.057421334,0.33505958,319.64893,112.55686,-15.8574915,WAL
2077127296000,289.609908,1.90612344087577,-11.1686071010654,-3.59653327125403,0.05955936,0.12186762,0.17745635,319.59113,112.42121,-15.650847,WAL
2077132329000,289.614941,1.77636131001084,-11.5475753390482,-3.47498911477978,-0.22204952,0.21380283,0.035430185,319.5849,112.29977,-15.391499,WAL
2077137309000,289.619921,1.6165874140605,-11.9470102015962,-3.32931300067987,-0.33567044,0.20799962,-0.024129177,319.5639,112.19132,-15.119011,WAL
2077142311000,289.624923,1.15368662015534,-12.1124943045478,-2.85482801742463,-0.5360342,0.13805555,-0.10995574,319.52435,112.12442,-14.765749,WAL
2077147251000,289.629863,0.660527571223301,-12.2478710035769,-2.34716413392948,-0.7012733,0.0421497,-0.15607607,319.4748,112.08005,-14.41664,WAL
2077152298000,289.63491,0.148858389934621,-12.0015761541357,-1.8255233442001,-0.8014552,-0.077579886,-0.18325958,319.38702,112.04645,-14.084708,WAL
2077157252000,289.639864,-0.354009812912333,-11.7289937751362,-1.31325579618623,-0.818254,-0.18112154,-0.20586158,319.27478,112.03167,-13.755846,WAL
2077162308000,289.64492,-0.700448135379458,-11.5435339851942,-0.974086736887978,-0.766025,-0.24281894,-0.19272798,319.15314,112.020584,-13.521809,WAL
2077167305000,289.649917,-1.02575191405904,-11.3697417778192,-0.65769541179067,-0.66431594,-0.27366763,-0.16371189,319.0126,112.005035,-13.297452,WAL
2077172330000,289.654942,-1.19545264925816,-11.5372106557864,-0.348885644290801,-0.49938235,-0.25503623,-0.11209377,318.8866,111.97657,-13.181929,WAL
2077177248000,289.65986,-1.31524597706655,-11.8017538160237,-0.049402359689911,-0.31215215,-0.21563543,-0.051923547,318.76294,111.927315,-13.079568,WAL
2077182303000,289.664915,-1.21106237458726,-12.2469767995283,0.230650846852889,-0.14660765,-0.19517145,-0.004886922,318.65436,111.85809,-13.053308,WAL
2077187274000,289.669886,-1.07539188466981,-12.7101278396226,0.501991830107311,-0.002443461,-0.19975294,0.03390302,318.55588,111.7612,-13.040162,WAL
2077192313000,289.674925,-0.823098701943005,-13.3912218017138,0.776228072738143,0.13316862,-0.20433442,0.044898596,318.46027,111.59971,-13.044526,WAL
2077197240000,289.679852,-0.555109343471503,-14.0964573431646,1.04421740175369,0.25992316,-0.19822577,0.011301007,318.36737,111.40998,-13.046211,WAL
2077202364000,289.684976,-0.307209278938663,-14.6703685402186,1.30413913232254,0.38912117,-0.2171626,-0.04795292,318.25308,111.123726,-13.011717,WAL
2077207304000,289.689916,-0.074318545375603,-15.1920436293197,1.55100329083391,0.5235115,-0.24923302,-0.13316862,318.1339,110.80384,-12.961254,WAL
2077212340000,289.694952,0.173136220950389,-15.5154375005977,1.58768055558876,0.675617,-0.2657264,-0.22510384,317.98764,110.36392,-12.837912,WAL
2077217306000,289.699918,0.419503814698147,-15.7854938048416,1.57346705026898,0.8313876,-0.26358834,-0.32498032,317.83383,109.88722,-12.691334,WAL
2077222381000,289.704993,0.655832279549487,-15.882793391209,1.38791439899332,1.0045679,-0.25045475,-0.42119157,317.66266,109.30036,-12.474972,WAL
2077227322000,289.709934,0.882216425161966,-15.9346731524968,1.16624660113625,1.174083,-0.20555615,-0.52534413,317.49893,108.6754,-12.229634,WAL
2077232323000,289.714935,1.00361052740625,-15.7326016099089,0.93383569673945,1.3616186,-0.18295415,-0.58551437,317.32675,107.98587,-11.933411,WAL
2077237374000,289.719986,1.09833774699403,-15.4626295422501,0.697017635405855,1.4504995,-0.11728613,-0.6966918,317.17636,107.26924,-11.593812,WAL
2077242344000,289.724956,1.01489648242023,-15.0645307980132,0.565184352588802,1.63437,-0.08307768,-0.8268061,317.02704,106.49505,-11.203226,WAL
2077247349000,289.729961,0.875419697652017,-14.6220523377483,0.464183944752157,1.8530598,-0.05467244,-0.95111716,316.89658,105.69305,-10.787309,WAL
2077252334000,289.734946,0.611069961106374,-13.9319760120948,0.483974801407753,2.083356,-0.036957346,-1.0549643,316.7799,104.870415,-10.338389,WAL
2077257373000,289.739985,0.304885574275801,-13.1569466399326,0.541384382680678,2.3515258,-0.0036651916,-1.1432343,316.6784,103.99307,-9.865582,WAL
2077262339000,289.744951,-0.0244451411159435,-12.3418700293565,0.558986582227933,2.64749,0.031154128,-1.2168436,316.59268,103.10324,-9.404563,WAL
2077267327000,289.749939,-0.364405217118711,-11.5061347461698,0.56370824659484,2.957504,0.08246681,-1.2644911,316.52728,102.16787,-8.932511,WAL
2077272373000,289.754985,-0.807921990134858,-11.0226741175608,0.578687889604222,3.277292,0.16126843,-1.312444,316.4926,101.23405,-8.506173,WAL
2077277348000,289.75996,-1.28283164451285,-10.6827882238835,0.597311804291996,3.554014,0.22418754,-1.3692545,316.47595,100.27319,-8.070686,WAL
2077282326000,289.764938,-1.85089422796901,-10.6993210857115,0.574870437685594,3.7528505,0.2996294,-1.4333953,316.50528,99.36769,-7.695079,WAL
2077287314000,289.769926,-2.46457999433167,-10.8867059181132,0.532708801478866,3.821573,0.39584067,-1.5005904,316.56808,98.48409,-7.309212,WAL
2077292309000,289.774921,-3.0136570555533,-11.2753692530513,0.342035753401139,3.7705657,0.49602258,-1.5619824,316.67816,97.73913,-7.007232,WAL
2077297305000,289.779917,-3.52462138032954,-11.7814673051261,0.0646551301139137,3.6233473,0.58093286,-1.5717562,316.82248,97.09117,-6.71038,WAL
2077302297000,289.784909,-4.01603517475295,-12.3173082454951,-0.452533360108506,3.415653,0.6704246,-1.5476271,317.02795,96.68305,-6.5371175,WAL
2077307319000,289.789931,-4.50061686804883,-12.871781417361,-1.09553588736679,3.1816916,0.75502944,-1.5137241,317.265,96.39826,-6.374088,WAL
2077312309000,289.794921,-5.0398137389065,-13.3390728526149,-1.8084912203645,2.987742,0.79717916,-1.4731015,317.54352,83.66035,-6.3383613,WAL
2077317302000,289.799914,-5.61763405452654,-13.751124925317,-2.57102454432449,2.805704,0.82344633,-1.4294246,317.84488,83.63894,-6.3187156,WAL
2077322296000,289.804908,-6.15353683223067,-14.1324558848622,-3.16012123037425,2.6413813,0.83199847,-1.3634512,318.18387,83.43754,-6.4729977,WAL
2077327320000,289.809932,-6.66189895645305,-14.4935354827688,-3.62572408910832,2.52043,0.8081747,-1.3130548,318.51746,83.22831,-6.6283684,WAL
2077332310000,289.814922,-7.06422545108789,-14.6270139410524,-3.24931796785201,2.4278839,0.679893,-1.29198,318.87527,82.87541,-6.9889827,WAL
2077337362000,289.819974,-7.3888436407553,-14.5806401837439,-2.19198995776862,2.3909266,0.4196644,-1.2492194,319.17676,82.53093,-7.3381133,WAL
2077342283000,289.824895,-7.1493414900604,-14.6340079860272,-1.52450132288873,2.3759604,0.098043874,-1.2275337,319.43317,82.19733,-7.679478,WAL
2077347309000,289.829921,-6.26738709775822,-14.8015300864469,-1.25843690124885,2.3722951,-0.20158553,-1.2534955,319.61383,81.890274,-7.9888883,WAL
2077352282000,289.834894,-5.40242226206348,-14.6468623132027,-1.46509802403741,2.3469443,-0.53786683,-1.3723087,319.71753,81.56227,-8.285718,WAL
2077357279000,289.839891,-4.5406363906079,-14.1850208897622,-2.12215022800716,2.166739,-0.49266282,-1.5076154,319.8449,81.273476,-8.548756,WAL
2077362300000,289.844912,-3.68276534133096,-13.6014443217812,-2.51825003036137,1.7107282,-0.15974127,-1.5555683,319.93256,81.165474,-8.630545,WAL
2077367340000,289.849952,-2.82970344085703,-12.8961195113547,-2.65168985263626,1.359786,0.13469578,-1.5476271,320.02344,81.089806,-8.682642,WAL
2077372318000,289.85493,-2.06636512330421,-12.278292559144,-2.54572046343379,1.2947289,0.44348818,-1.4844025,320.1906,81.17826,-8.600871,WAL
2077377316000,289.859928,-1.3850646201335,-11.7426494367331,-2.18392649347207,1.3765849,0.7199047,-1.4153748,320.42398,81.27482,-8.523882,WAL
2077382310000,289.864922,-0.784065847513207,-11.3409177645769,-1.87481382986146,1.5161675,0.9049969,-1.3509285,320.682,81.47356,-8.344266,WAL
2077387353000,289.869965,-0.278627515797867,-11.1050463051929,-1.62931518144124,1.6624697,1.0677924,-1.3109168,321.00128,81.649475,-8.18277,WAL
2077392283000,289.874895,0.177840059914538,-10.9469400109101,-1.42471778781707,1.8115209,1.2305881,-1.3118331,321.3438,81.915405,-7.900242,WAL
2077397312000,289.879924,0.593820367500682,-10.8812589573598,-1.26270443094827,1.9055941,1.4217888,-1.3820826,321.73273,82.17363,-7.619814,WAL
2077402208000,289.88482,0.912478066559459,-10.8093805293781,-1.1128259400052,1.9398025,1.5628988,-1.432479,322.13184,82.49821,-7.241577,WAL
2077407233000,289.889845,0.925000434553214,-10.7066974068176,-0.9876022862191,1.9489655,1.6927075,-1.4379768,322.57574,82.80397,-6.8702335,WAL
2077412176000,289.894788,0.937318457437419,-10.6056899093417,-0.864422083101743,1.9825631,1.7880026,-1.4758505,323.03058,83.17533,-6.3918676,WAL
2077417216000,289.899828,0.94987820563414,-10.5027002699974,-0.738824627364039,1.9950858,1.7363845,-1.462106,323.47366,83.500786,-5.940529,WAL
2077422205000,289.904817,0.864114839320457,-10.3325586635656,-0.819141902062898,1.9892827,1.7165314,-1.4330899,323.95395,83.8018,-5.488412,WAL
2077427227000,289.909839,0.611215080260896,-10.0456145130954,-1.24712604563657,1.9110919,1.7577647,-1.4110987,324.42923,84.069565,-5.0536075,WAL
2077432174000,289.914786,0.334294606191129,-9.74466118593949,-1.70891096240086,1.8747455,1.863139,-1.3487904,324.92096,84.25848,-4.638173,WAL
2077437260000,289.919872,0.00522115846568105,-9.40604902065994,-2.24782846248898,1.7690657,2.0042489,-1.2812898,325.42697,84.421364,-4.2467947,WAL
2077442188000,289.9248,-0.302324625801918,-9.07354533757478,-2.69801967002184,1.6600263,2.1768184,-1.1771374,325.96805,84.55654,-3.9525456,WAL
2077447225000,289.929837,-0.595483488012534,-8.7254198098946,-3.02324265558826,1.5922203,2.3521366,-1.0824533,326.5355,84.667755,-3.6911025,WAL
2077452283000,289.934895,-0.895697795853706,-8.38182665919153,-3.27890221607315,1.5625933,2.485,-0.9868528,327.14145,84.774,-3.474284,WAL
2077457317000,289.939929,-1.21121808233686,-8.05702609923003,-3.32994232483157,1.5506815,2.5573874,-0.9126327,327.76392,84.860435,-3.2914114,WAL
2077462281000,289.944893,-1.50592492954779,-7.74020499505828,-3.38730541521678,1.5522085,2.5439484,-0.8588765,328.41867,84.90977,-3.106067,WAL
2077467312000,289.949924,-1.73054460809324,-7.43472220596737,-3.4771533053986,1.5577064,2.5149322,-0.8246681,329.07864,84.93861,-2.946955,WAL
2077472399000,289.955011,-1.95175402168236,-7.12101662820124,-3.5669927089584,1.5424347,2.5039365,-0.8038987,329.7684,84.91537,-2.8172586,WAL
2077477311000,289.959923,-2.07555939307622,-6.74483867334751,-3.63841882739144,1.5357152,2.479502,-0.7831292,330.43857,84.87469,-2.7052753,WAL
2077482334000,289.964946,-2.19826819978791,-6.36487973488865,-3.69921677900318,1.5152513,2.4862216,-0.7635816,331.13025,84.80672,-2.6227221,WAL
2077487323000,289.969935,-2.27004604851538,-6.04821314422057,-3.60210560302227,1.4764613,2.4785857,-0.75777835,331.8055,84.73902,-2.5495384,WAL
2077492273000,289.974885,-2.34126279559915,-5.73402199893955,-3.50575356431601,1.4410311,2.4700336,-0.7504479,332.49374,84.65535,-2.4945815,WAL
2077497308000,289.97992,-2.36355527736413,-5.43198860175194,-3.1986819588692,1.3790283,2.434298,-0.75625116,333.16772,84.58643,-2.4444907,WAL
2077502265000,289.984877,-2.37300624244475,-5.13900819082222,-2.84427047228748,1.3072516,2.3612995,-0.7715228,333.82416,84.527214,-2.4001696,WAL
2077507318000,289.98993,-2.35602066937431,-4.82073943534577,-2.45184115192097,1.2159272,2.2757785,-0.78038037,334.48196,84.451866,-2.3696008,WAL
2077512243000,289.994855,-2.33248712132522,-4.50539106118152,-2.06118568939228,1.1139128,2.2122486,-0.79320854,335.12177,84.3988,-2.3395765,WAL
2077517308000,289.99992,-2.33074145362579,-4.20868651619552,-1.69736383665501,0.9978484,2.1636846,-0.7852673,335.76086,84.30614,-2.3240113,WAL
2077522287000,290.004899,-2.33524971523116,-3.92467182513945,-1.35023470704359,0.9098838,2.104736,-0.795652,336.37622,84.23492,-2.3051102,WAL
2077527312000,290.009924,-2.3597437058217,-3.66107766442094,-0.847237157033153,0.806953,2.0592268,-0.8038987,337.0028,84.127396,-2.296329,WAL
2077532262000,290.014874,-2.39345104561372,-3.41248576947827,-0.278425384479602,0.74006325,1.958434,-0.8210029,337.5942,84.033775,-2.2867298,WAL
2077537298000,290.01991,-2.42418939514937,-3.11834829038441,0.274141344827069,0.5656612,1.8399261,-0.8332202,338.18945,83.92405,-2.2880988,WAL
2077542317000,290.024929,-2.44992333819467,-2.76836577284506,0.788821635280008,0.3707952,1.7223345,-0.8194757,338.75302,83.834595,-2.2973773,WAL
2077547304000,290.029916,-2.50006421891892,-2.51870021891892,1.12385122972973,0.17348573,1.6249015,-0.80909103,339.31616,83.636185,-2.3327107,WAL
2077552296000,290.034908,-2.56978148339491,-2.34673106037332,1.31905949261132,-0.020463986,1.543351,-0.77824235,339.8458,83.48484,-2.384619,WAL
2077557314000,290.039926,-2.61972009354839,-2.26754067096774,1.46432471290323,-0.17837265,1.4694363,-0.732122,340.39285,83.29563,-2.4513152,WAL
2077562307000,290.044919,-2.64928845121097,-2.28232479834072,1.55795784550139,-0.312763,1.3906348,-0.6737844,340.91104,83.146576,-2.5356548,WAL
2077567314000,290.049926,-2.67829558090144,-2.32074340053492,1.60464113621595,-0.4392121,1.3017539,-0.6401868,341.43665,83.02173,-2.6364758,WAL
2077572319000,290.054931,-2.70678402106984,-2.37772052876672,1.61413729946508,-0.5626069,1.2360858,-0.6035349,341.9425,82.92218,-2.7581842,WAL
2077577312000,290.059924,-2.69965291171662,-2.41637864530946,1.5227197030362,-0.68661255,1.178359,-0.5662721,342.4284,82.83714,-2.900092,WAL
2077582304000,290.064916,-2.66243428719346,-2.43964026741923,1.34593090864149,-0.79443026,1.105666,-0.52931476,342.88828,82.771454,-3.0534117,WAL
2077587303000,290.069915,-2.59177519235193,-2.46802451739481,1.1330151874382,-0.8781188,1.0784826,-0.48563787,343.3641,82.718216,-3.206286,WAL
2077592311000,290.074923,-2.48531428854808,-2.50189842525477,0.88138024121683,-0.9605856,1.0671816,-0.45020768,343.82108,82.68325,-3.3680332,WAL
2077597309000,290.079921,-2.38756574754527,-2.5321831085869,0.664434072357663,-1.0308352,1.0454959,-0.40469822,344.2569,82.66966,-3.5276265,WAL
2077602293000,290.084905,-2.29846583893971,-2.55891314629457,0.481779338797835,-1.1038336,1.0195341,-0.3640757,344.6857,82.66593,-3.6974247,WAL
2077607264000,290.089876,-2.21508357634011,-2.60550222014787,0.331125619935305,-1.1753048,0.9932669,-0.3210097,345.13058,82.68441,-3.8080788,WAL
2077612309000,290.094921,-2.14066127812693,-2.68984749145615,0.236857308182378,-1.2599095,0.93615097,-0.26542094,345.55533,82.70926,-3.935353,WAL
2077617309000,290.099921,-2.09533194295498,-2.80062130993051,0.243613944083996,-1.3240504,0.8527679,-0.21135938,345.99298,82.72501,-4.0034914,WAL
2077622333000,290.104945,-2.09048615353006,-2.95084088330144,0.393833527574781,-1.409877,0.7339546,-0.16157386,346.39813,82.753296,-4.089713,WAL
2077627265000,290.109877,-2.11751769064391,-3.23830894146245,0.7507735881139,-1.4963144,0.6627888,-0.13805555,346.77866,82.811485,-4.1692033,WAL
2077632305000,290.114917,-2.18935081694613,-3.72677455035222,1.40684995005457,-1.5467108,0.4990769,-0.09254608,347.09344,82.86246,-4.266754,WAL
2077637298000,290.11991,-2.26083152863188,-4.16905817622003,1.9969114851622,-1.6352862,0.3359759,-0.036651913,347.43707,82.93052,-4.3355055,WAL
2077642312000,290.124924,-2.3330732029149,-4.55284189994358,2.5026029222661,-1.7253889,0.18081611,0.020158553,347.73117,82.99539,-4.417144,WAL
2077647242000,290.129854,-2.40014376428286,-5.12674057942469,3.04581106052737,-1.822211,0.015882496,0.10751228,347.96436,83.04427,-4.5710893,WAL
2077652294000,290.134906,-2.45813251957651,-6.24785814662405,3.72717998226129,-1.9126191,-0.11942416,0.2406809,348.1577,83.079895,-4.7491946,WAL
2077657249000,290.139861,-2.42974581261868,-7.65171309206738,4.47587682257274,-1.9636264,-0.23671028,0.35796702,348.3079,83.062294,-4.976594,WAL
2077662304000,290.144916,-2.1677989123124,-9.91533042866769,5.45941328367535,-1.9703459,-0.33292156,0.5290093,348.41867,83.00107,-5.2492847,WAL
2077667308000,290.14992,-1.7267771022971,-12.0720889238207,6.64696312944623,-1.8713857,-0.2938262,0.6762278,348.54987,82.85235,-5.536822,WAL
2077672326000,290.154938,-0.90072678257447,-14.0574256561188,8.28967700664127,-1.6255124,-0.13103059,0.7742717,348.681,82.64906,-5.849267,WAL
2077677304000,290.159916,0.173068569524369,-15.7562319195537,9.86893039694657,-1.169807,0.14385876,0.7861836,348.83713,82.39722,-6.0686617,WAL
2077682302000,290.164914,1.92502244002349,-16.7446336212566,11.3210846717557,-0.43066,0.2434298,0.64568454,348.9816,82.083176,-6.259011,WAL
2077687313000,290.169925,3.63570643261281,-17.6236007705947,12.2688978198028,0.49235737,0.21868975,0.26145032,349.07315,81.76064,-6.2129483,WAL
2077692313000,290.174925,5.19066170704253,-18.1291994358004,11.5295786645084,1.212262,0.25992316,-0.24495697,349.21414,81.383156,-6.0943727,WAL
2077697324000,290.179936,6.40654612624396,-18.4640559485357,10.7166755607051,1.5137241,0.57818395,-0.5345071,349.30377,81.016304,-5.6669745,WAL
2077702287000,290.184899,6.44708881726851,-18.2117896360535,9.66706714936973,1.565953,1.0128145,-0.64599,349.4653,80.52111,-5.184451,WAL
2077707280000,290.189892,6.38787920661471,-17.8027867559399,8.62446154544763,1.4483615,1.3396275,-0.6994407,349.65384,80.17217,-4.432894,WAL
2077712310000,290.194922,5.49056105227143,-16.0905574506748,7.68593998500285,1.219287,1.5103643,-0.72112644,349.94424,79.74765,-3.722106,WAL
2077717670000,290.200282,4.51617218782609,-14.2566180695652,6.69893481304348,0.9416488,1.5283848,-0.71929383,350.32654,79.40853,-3.0240057,WAL
2077722397000,290.205009,3.45994729637538,-12.5378161607404,5.97010059857942,0.69058317,1.4382823,-0.70249504,350.73096,79.06765,-2.3694482,WAL
2077727341000,290.209953,2.35523482264313,-10.7401100813603,5.2078081601808,0.44593164,1.378112,-0.6844745,351.19492,78.789314,-1.8608682,WAL
2077732303000,290.214915,1.15630159034989,-8.84125828430756,4.68885330031427,0.34422258,1.2315043,-0.6533204,351.60333,78.51541,-1.3720965,WAL
2077737289000,290.219901,-0.0892189996312593,-6.89044321579719,4.27868209434318,0.12308934,1.0546589,-0.59773165,351.97964,78.32348,-0.9091329,WAL
2077742317000,290.224929,-1.14327926713638,-5.64536684920875,4.03486316409636,-0.07788532,0.86529064,-0.516792,352.3441,78.16611,-0.629359,WAL
2077747289000,290.229901,-2.1271777476202,-4.62307233051104,3.84288282267917,-0.28221974,0.6979135,-0.3643811,352.6524,78.06521,-0.383363,WAL
2077752286000,290.234898,-2.97242262665892,-4.23362390008718,3.52433826058316,-0.4700608,0.59498274,-0.17073683,352.93097,77.99392,-0.3379685,WAL
2077757288000,290.2399,-3.77985774513223,-4.01552361726242,3.17166532879977,-0.6600399,0.56230146,0.036651913,353.17093,77.978584,-0.33522442,WAL
2077762307000,290.244919,-4.31745666264351,-4.19440167559611,3.00581775183986,-0.86834496,0.6075055,0.22693644,353.40424,77.9995,-0.5262327,WAL
2077767308000,290.24992,-4.74981988180748,-4.52337350135414,2.91182584368561,-1.0662653,0.59498274,0.37110063,353.60214,78.06333,-0.75795704,WAL
2077772359000,290.254971,-4.95384560466614,-5.242712404042,3.07505259780067,-1.221425,0.4569272,0.48380527,353.79156,78.18611,-1.1462951,WAL
2077777328000,290.25994,-5.05284778541708,-6.11959085934218,3.34848769859322,-1.3255776,0.15821409,0.56291234,353.92584,78.329895,-1.5561434,WAL
2077782359000,290.264971,-5.06319356406507,-7.5713711546238,3.79152242029631,-1.352761,-0.26145032,0.6053675,354.0014,78.48214,-2.0308442,WAL
2077787412000,290.270024,-5.03039222031568,-9.30047932629999,4.31634666036603,-1.2699889,-0.7519751,0.64568454,353.96985,78.60175,-2.5051804,WAL
2077792352000,290.274964,-5.09078783619909,-11.4459520927602,4.4411575321267,-1.071763,-1.2592987,0.6960809,353.82855,78.6564,-2.9677272,WAL
2077797315000,290.279927,-5.20809694631839,-13.8801137289181,4.32873649724393,-0.8491027,-1.5796975,0.77274454,353.60138,78.65105,-3.427389,WAL
2077802338000,290.28495,-5.31465492675874,-15.5087517126391,3.43774734272655,-0.59315014,-1.642922,0.84116143,353.33688,78.561386,-3.8287497,WAL
2077807350000,290.289962,-5.41481160923092,-16.710633695151,2.15478629996025,-0.29260445,-1.4095715,0.8750645,353.06937,78.385544,-4.2284,WAL
2077812330000,290.294942,-5.13842678652713,-17.522900228104,1.82206871625686,0.0693332,-0.9263771,0.8072584,352.96188,78.23971,-4.5299892,WAL
2077817373000,290.299985,-4.65752944238976,-18.1411965206259,1.98891064779516,0.5448918,-0.623388,0.6731735,352.87817,77.9901,-4.8110485,WAL
2077822352000,290.304964,-3.48459436980504,-18.1815811373567,2.4206070660723,1.1087204,-0.61911196,0.505491,352.93845,77.84139,-5.0145097,WAL
2077827352000,290.309964,-1.99276297958264,-17.9657816859998,2.97417971229548,1.3139712,-0.88178396,0.37720928,353.01218,77.66828,-5.190566,WAL
2077832344000,290.314956,-0.802494716542644,-16.1015046386186,2.30981210618584,1.4477507,-1.350623,0.029626964,353.02386,77.44273,-5.177083,WAL
2077837387000,290.319999,0.234193234659416,-13.3047507513833,0.964421523833238,1.2009611,-1.7803668,-0.3491095,352.97952,77.2856,-5.108967,WAL
2077842344000,290.324956,0.733209655442354,-10.4001500705895,-0.579264865534879,0.6618725,-1.7015651,-0.5720753,352.8963,77.20963,-4.805975,WAL
2077847336000,290.329948,0.812731296860381,-7.34850710063416,-2.3138307098347,-0.025045475,-1.3439035,-0.68691796,352.78265,77.262764,-4.433538,WAL
2077852344000,290.334956,0.545206419559548,-5.31798051828456,-2.93703259266879,-0.6948592,-1.0870347,-0.64843345,352.62677,77.54598,-3.9538302,WAL
2077857368000,290.33998,0.0665307345986671,-3.90519008212112,-2.88591197325413,-1.2183707,-1.0302242,-0.51923543,352.50446,77.959915,-3.489895,WAL
2077862332000,290.344944,-0.397048356527464,-2.96437288592927,-2.71937718017306,-1.5583172,-1.1633929,-0.39095375,352.27402,78.53999,-3.132822,WAL
2077867306000,290.349918,-0.854043635703537,-2.38640830805117,-2.45951702498119,-1.7867808,-1.3075571,-0.26633725,352.04498,79.21725,-2.8172245,WAL
2077872289000,290.354901,-1.26941127807951,-1.96380479267451,-2.35082623282008,-1.9367483,-1.4391985,-0.14569137,351.79736,79.898094,-2.6089659,WAL
2077877317000,290.359929,-1.62889005243561,-1.75710449155468,-2.45417645376073,-2.0222695,-1.5121969,-0.020158553,351.5179,80.60909,-2.435707,WAL
2077882278000,290.36489,-2.04088731149535,-1.81789604200594,-2.69746145299358,-2.1090124,-1.543351,0.13439035,351.27267,81.28759,-2.3470364,WAL
2077887346000,290.369958,-2.61741496153846,-2.59899796153846,-3.32978210769231,-2.173764,-1.6172657,0.3100141,350.98962,81.95932,-2.2973037,WAL
2077892291000,290.374903,-3.09072914848188,-3.3416770337904,-3.89614708854065,-2.1933117,-1.7867808,0.45142943,350.76285,82.60222,-2.2830107,WAL
2077897307000,290.379919,-3.18012262029383,-4.00977605475024,-4.249016154476,-2.1517727,-1.9978348,0.55955255,350.49985,83.20849,-2.307522,WAL
2077902326000,290.384938,-3.24121183082736,-4.66074101079596,-4.58233593453725,-2.0738876,-2.140472,0.66920286,350.21442,83.80903,-2.4642,WAL
2077907317000,290.389929,-3.14269828838944,-5.20960234375307,-4.80281871106095,-1.9764545,-2.1539109,0.786489,349.91046,84.33001,-2.6501894,WAL
2077912295000,290.394907,-3.03296545373075,-5.78121880426085,-4.99858054405881,-1.890628,-2.060143,0.92179567,349.54236,84.79943,-2.9283345,WAL
2077917325000,290.399937,-2.82578731030206,-6.56175073964793,-4.99376250035007,-1.8038851,-1.9999728,1.0598512,349.16974,85.1361,-3.2369096,WAL
2077922449000,290.405061,-2.61972286700828,-7.38202050108396,-4.9732136571147,-1.7284433,-1.8435913,1.1930199,348.8175,85.35621,-3.5969415,WAL
2077927372000,290.409984,-2.45247029708317,-8.32513835612929,-4.85706617386677,-1.6618589,-1.6398678,1.2538009,348.5072,85.41898,-3.9733453,WAL
2077932278000,290.41489,-2.28598612210371,-9.26514271092313,-4.72749446108863,-1.6261233,-1.3836098,1.3600914,348.217,85.32039,-4.390017,WAL
2077937286000,290.419898,-2.11841497020964,-10.2264728837808,-4.42322024262597,-1.611768,-1.1163563,1.4520267,347.99948,85.08419,-4.8164577,WAL
2077942249000,290.424861,-1.95234954951269,-11.1791649061236,-4.12168011757999,-1.6285667,-0.8539896,1.5387696,347.83377,84.745026,-5.242911,WAL
2077947307000,290.429919,-1.60878423326081,-11.8557937364257,-3.67784696932054,-1.6566665,-0.64904433,1.5824465,347.73804,95.6826,-5.6765575,WAL
2077952266000,290.434878,-1.25181210679458,-12.4851919193947,-3.22693487410741,-1.6927075,-0.53786683,1.6358972,347.70026,96.19263,-6.13012,WAL
2077957318000,290.43993,-0.819400636276945,-12.6700092537002,-2.51744538750373,-1.6667458,-0.573297,1.666135,347.66226,96.69238,-6.5386906,WAL
2077962243000,290.444855,-0.388363452359193,-12.7871388355021,-1.79124149110957,-1.6563611,-0.77213365,1.6743816,347.61652,97.22317,-6.9488587,WAL
2077967299000,290.449911,-0.0858320698336218,-12.8401577964032,-1.45373127397576,-1.6667458,-1.0140363,1.704925,347.52353,97.69246,-7.2977343,WAL
2077972307000,290.454919,0.190917200918446,-12.8816700610694,-1.18620697714945,-1.6792686,-1.2272283,1.6896533,347.38678,98.153046,-7.630827,WAL
2077977312000,290.459924,0.431461192602041,-12.8724933628118,-1.35546017800454,-1.6905695,-1.2873985,1.6401732,347.2036,98.48561,-7.8685756,WAL
2077982245000,290.464857,0.659103076794218,-12.8501755461073,-1.63666485491308,-1.7195857,-1.1386528,1.5720617,347.02383,98.80771,-8.0902605,WAL
2077987322000,290.469934,0.743895145950546,-12.6966744661127,-1.69451569045951,-1.704314,-0.89827734,1.4679092,346.82736,99.03723,-8.235091,WAL
2077992315000,290.474927,0.753469069746721,-12.4812611806988,-1.63707209769747,-1.6896533,-0.68019843,1.3035865,346.66885,99.23375,-8.337053,WAL
2077997307000,290.479919,0.770300878668366,-12.1849445358394,-1.61161372321334,-1.6612481,-0.5180137,1.1096367,346.5322,99.40922,-8.386084,WAL
2078002300000,290.484912,0.790611826858872,-11.8498138668366,-1.60145826767548,-1.6371188,-0.41630468,0.8872818,346.43826,99.53657,-8.376054,WAL
2078007322000,290.489934,0.802402300563687,-11.3654686028481,-1.61814503623418,-1.6053538,-0.3472769,0.6960809,346.37228,99.62294,-8.3219,WAL
2078012307000,290.494919,0.811844611298457,-10.8461412412975,-1.64175082539557,-1.4978416,-0.3408628,0.52198434,346.31146,99.649376,-8.210363,WAL
2078017306000,290.499918,0.74333976276557,-10.2559435960081,-1.48462650289799,-1.3967434,-0.41172317,0.35246924,346.22864,99.651276,-8.063486,WAL
2078022362000,290.504974,0.65041138033778,-9.63796998119182,-1.27089127134632,-1.3860532,-0.6835582,0.28680122,346.08557,99.64104,-7.905283,WAL
2078027310000,290.509922,0.36531686734477,-9.12165474352042,-1.35669676969047,-1.3973542,-1.0458013,0.16126843,345.87802,99.59982,-7.710163,WAL
2078032300000,290.514912,-0.0089339514506806,-8.6404751751818,-1.57500973491516,-1.4401149,-1.416902,0.052534413,345.58676,99.55834,-7.5115943,WAL
2078037296000,290.519908,-0.409020273992473,-8.22141224666667,-2.08298952916129,-1.4706581,-1.6606371,-0.025961773,345.219,99.51172,-7.3227077,WAL
2078042310000,290.524922,-0.832405760484946,-7.85482199333333,-2.84198555832258,-1.4963144,-1.7574593,-0.06872234,344.78662,99.46121,-7.119768,WAL
2078047306000,290.529918,-1.15116462479929,-7.60900230472792,-3.29345060321142,-1.5210545,-1.6875153,-0.099265605,344.33554,99.547226,-7.0057006,WAL
2078052301000,290.534913,-1.42142531570027,-7.41934558572703,-3.60164254879572,-1.5247196,-1.599856,-0.106901415,343.8643,99.6327,-6.8865304,WAL
2078057319000,290.539931,-1.59670443656196,-7.31320314884355,-3.78336485429755,-1.5335772,-1.5008959,-0.0729984,343.44177,99.89801,-6.8627033,WAL
2078062311000,290.544923,-1.72224660644379,-7.25043216474094,-3.89924994194526,-1.5473217,-1.3744467,-0.005192355,343.0543,100.173584,-6.8413324,WAL
2078067313000,290.549925,-1.80081946231238,-7.33762258620031,-3.83786199701628,-1.5473217,-1.2360858,0.0842994,342.71375,100.54424,-6.888097,WAL
2078072416000,290.555028,-1.85861222547985,-7.49766390923315,-3.69115731550987,-1.5326608,-1.0861185,0.18295415,342.41623,100.928795,-6.9498825,WAL
2078077370000,290.559982,-1.89617022161864,-7.75888556140175,-3.5365640541219,-1.5164729,-0.9645562,0.28344148,342.16437,101.3543,-7.0517216,WAL
2078082287000,290.564899,-1.91508346532784,-8.12296474987449,-3.37107340618536,-1.5057828,-0.79473567,0.36560285,341.97308,101.788025,-7.1652946,WAL
2078087346000,290.569958,-1.79000750289577,-8.45014469072714,-3.0404418660066,-1.5005904,-0.5879578,0.42302418,341.80878,102.2262,-7.3094296,WAL
2078092291000,290.574903,-1.52279392773342,-8.72240029170659,-2.55643244686469,-1.4929546,-0.4034765,0.48838675,341.69128,102.66937,-7.468106,WAL
2078097280000,290.579892,-1.22025887125954,-8.84369687709924,-1.92961151122137,-1.4731015,-0.3005457,0.55833083,341.59625,103.08354,-7.6332383,WAL
2078102321000,290.584933,-0.893193500133588,-8.86672962938931,-1.20638251209924,-1.4721853,-0.32162055,0.6017023,341.5204,103.49766,-7.8021746,WAL
2078107291000,290.589903,-0.58232763176501,-8.89295444962282,-0.594960474930247,-1.4639386,-0.43218717,0.61666846,341.40756,103.800514,-7.9300985,WAL
2078112293000,290.594905,-0.280364800269712,-8.9226557952878,-0.0751883731011677,-1.4379768,-0.57696223,0.5919284,341.28,104.09098,-8.058183,WAL
2078117329000,290.599941,-0.0397785992183288,-8.89464306006931,0.23819403035233,-1.3552046,-0.6441574,0.5647449,341.08914,104.13982,-8.093283,WAL
2078122358000,290.60497,0.154945500754717,-8.82509878706199,0.400464121731806,-1.3008375,-0.79320854,0.5488624,340.83966,104.18714,-8.134954,WAL
2078127360000,290.609972,0.174010052863572,-8.79995818014659,0.420751891087566,-1.1746938,-0.89980453,0.52687126,340.53467,104.20478,-8.174263,WAL
2078132276000,290.614888,0.0307392854159702,-8.81610126976983,0.309767489994085,-1.024421,-0.9575313,0.48899764,340.2071,104.1982,-8.206777,WAL
2078137813000,290.620425,-0.130629762459817,-8.83428359020188,0.184763293725858,-0.8933904,-0.9633345,0.45020768,339.86087,104.19451,-8.233598,WAL
2078142280000,290.624892,-0.260814977713771,-8.84895226012601,0.0839155883384339,-0.7892379,-0.9239337,0.40683624,339.51492,104.15395,-8.2456255,WAL
2078147283000,290.629895,-0.406621253047448,-8.86538103908963,-0.0290329386490935,-0.7180721,-0.8732319,0.37843102,339.16348,104.1115,-8.263444,WAL
2078152229000,290.634841,-0.698615642016893,-8.78295864658014,-0.0194959229449938,-0.68539083,-0.80878556,0.34605515,338.83057,104.04588,-8.2618885,WAL
2078157210000,290.639822,-1.02291901895344,-8.67977118747425,0.0148998861532757,-0.68691796,-0.7489208,0.33475417,338.5163,103.971115,-8.253015,WAL
2078162211000,290.644823,-1.27895511699676,-8.55904555465626,-0.13279680475738,-0.71593404,-0.7360926,0.35643986,338.20764,103.92715,-8.287685,WAL
2078167243000,290.649855,-1.52674470183775,-8.43515112159588,-0.307167273899257,-0.7528914,-0.70707655,0.38881573,337.92856,103.88759,-8.315345,WAL
2078172254000,290.654866,-1.71882008174098,-8.32860964945804,-0.449800653498715,-0.7987063,-0.6224717,0.44165558,337.68542,103.91073,-8.412864,WAL
2078177528000,290.66014,-1.89687858617546,-8.22714787449995,-0.587539660602847,-0.8381071,-0.5354234,0.49510628,337.46094,103.94689,-8.514033,WAL
2078182207000,290.664819,-1.90938486671318,-8.23965393738952,-0.650070871761094,-0.86070913,-0.4654793,0.5589417,337.2583,104.03298,-8.668911,WAL
2078187232000,290.669844,-1.92281595448879,-8.25308479142246,-0.717226104945576,-0.8912524,-0.4456262,0.61819565,337.0753,104.17515,-8.865094,WAL
2078192209000,290.674821,-1.83881456373874,-8.36593787889026,-0.842668786466012,-0.91996306,-0.46578476,0.67073005,336.91324,104.32934,-9.069082,WAL
2078197216000,290.679828,-1.73572562117117,-8.49848139086814,-0.980120675716626,-0.93187493,-0.5317582,0.7110472,336.75485,104.49168,-9.281002,WAL
2078202215000,290.684827,-1.58388235057091,-8.71309408824119,-1.16985625648037,-0.9440922,-0.6133087,0.73426,336.57843,104.68639,-9.51376,WAL
2078207196000,290.689808,-1.42621319585337,-8.93765267487981,-1.36574820030048,-0.94959,-0.68875057,0.7602218,336.39587,104.884995,-9.7539215,WAL
2078212201000,290.694813,-1.30474846325786,-9.17393839268338,-1.46790011473615,-0.95294976,-0.72601336,0.77518797,336.18796,105.09259,-9.982602,WAL
2078217225000,290.699837,-1.18770501026385,-9.41252715615644,-1.5579335509637,-0.958753,-0.8081747,0.7828238,335.95554,105.29906,-10.214626,WAL
2078222249000,290.704861,-1.08539287149712,-9.76120155854127,-1.54540431263596,-0.96883225,-0.89736104,0.7852673,335.6955,105.519035,-10.426857,WAL
2078227186000,290.709798,-0.989601331285989,-10.1393258515675,-1.50002934482832,-0.9718866,-0.9605856,0.77457714,335.42758,105.73007,-10.632112,WAL
2078232202000,290.714814,-0.95269797380241,-10.4230398689157,-1.27675492722892,-0.97158116,-1.0253373,0.7476991,335.122,105.93364,-10.813473,WAL
2078237208000,290.71982,-0.924972767527711,-10.6910502525301,-1.02722814313253,-0.9691377,-1.0946705,0.72173727,334.80505,106.12795,-10.98779,WAL
2078242201000,290.724813,-0.934807980962258,-10.810773832136,-0.861075388293029,-0.9825767,-1.1502593,0.6957755,334.45926,106.307884,-11.1410885,WAL
2078247204000,290.729816,-0.954199984579581,-10.8931899424264,-0.7156354497521,-0.9779953,-1.1838568,0.6542367,334.1063,106.468994,-11.278166,WAL
2078252237000,290.734849,-0.946296988736106,-10.9914631662514,-0.738859453401687,-0.9392053,-1.1960741,0.6227771,333.73895,106.62069,-11.421383,WAL
2078257196000,290.739808,-0.932644794260253,-11.0915787997317,-0.798018888351859,-0.86529064,-1.2159272,0.61727935,333.36584,106.75579,-11.556755,WAL
2078262202000,290.744814,-0.85357403797054,-11.2371208445172,-1.09399734111293,-0.73364913,-1.2208142,0.6267477,332.99258,106.872116,-11.699283,WAL
2078267243000,290.749855,-0.749870030099223,-11.4000849889525,-1.47918364722381,-0.50640726,-1.1646146,0.6392705,332.63724,106.949165,-11.833015,WAL
2078272241000,290.754853,-0.566878892081218,-11.3710727766497,-1.72946434822335,-0.2144137,-1.0485502,0.6444628,332.3018,106.982185,-11.951701,WAL
2078277233000,290.759845,-0.362268662305166,-11.2901797196178,-1.94359133633921,0.0888809,-0.8949176,0.6188065,331.99857,106.96225,-12.054321,WAL
2078282207000,290.764819,-0.139837457412867,-11.1424500393439,-2.06389303374012,0.33933565,-0.68844515,0.54641896,331.72568,106.921684,-12.124176,WAL
2078287241000,290.769853,0.0907856617924436,-10.973012666504,-2.15802495122523,0.4382958,-0.44073927,0.4474588,331.5122,106.8423,-12.164321,WAL
2078292204000,290.774816,0.181433431934758,-10.96239162941,-2.33511131690357,0.3817908,-0.21533,0.32925636,331.34183,106.72632,-12.13375,WAL
2078297212000,290.779824,0.220669055781777,-11.0114361272114,-2.54600281108498,0.21227567,-0.01740966,0.19456059,331.23224,106.59371,-12.058498,WAL
2078302231000,290.784843,0.0882155645580323,-11.2070205219062,-2.74402385434281,0.027488936,0.098043874,0.07971791,331.12164,106.46792,-11.938204,WAL
2078307212000,290.789824,-0.0951129305294005,-11.4453480675442,-2.93651873422367,-0.17592919,0.13805555,0.0070249503,331.0424,106.363884,-11.787847,WAL
2078312202000,290.794814,-0.422315692487098,-11.501446888944,-2.92297429997023,-0.37140608,0.15210545,-0.005497787,330.97964,106.30715,-11.617757,WAL
2078317253000,290.799865,-0.820778705780072,-11.4726422530766,-2.81255686333863,-0.4456262,0.17287487,-0.02107485,330.92493,106.25561,-11.427865,WAL
2078322251000,290.804863,-1.1826643874182,-11.3092063117192,-2.46881079119572,-0.57787853,0.16249016,-0.0106901415,330.87012,106.28872,-11.267616,WAL
2078327215000,290.809827,-1.52674196062859,-11.082963374182,-2.01632516220504,-0.67256266,0.10903945,-0.007330383,330.8049,106.32811,-11.106123,WAL
2078332203000,290.814815,-1.66847485430412,-10.9824867505368,-1.56931577303338,-0.70066243,0.0571159,-0.0067195175,330.74002,106.432396,-11.0306,WAL
2078337282000,290.819894,-1.70170582036892,-10.9492556357603,-1.11832444126,-0.65393126,0.019242255,0.01160644,330.66336,106.54277,-10.963732,WAL
2078342227000,290.824839,-1.60921284109065,-11.1321961588691,-0.679679616817587,-0.5513059,-0.022602014,0.03023783,330.5981,106.64372,-10.962766,WAL
2078347243000,290.829855,-1.43521734456183,-11.4560216294396,-0.235024414161384,-0.3839288,-0.0870483,0.052534413,330.51703,106.72164,-10.9706545,WAL
2078352225000,290.834837,-1.15540314999504,-11.8833509148398,0.070794836079754,-0.21471913,-0.16676621,0.06872234,330.4358,106.74069,-10.992614,WAL
2078357218000,290.83983,-0.809143775756373,-12.3766517369309,0.293728947837516,-0.04550946,-0.23732115,0.08399397,330.34158,106.72721,-11.023257,WAL
2078362210000,290.844822,-0.491034811576991,-12.9722618358932,0.46994089535903,0.1255328,-0.27763826,0.060170226,330.21954,106.62905,-11.035801,WAL
2078367225000,290.849837,-0.190333184214439,-13.6394435124242,0.615593254545099,0.26206118,-0.25809056,0.022296581,330.09634,106.504555,-11.048648,WAL
2078372249000,290.854861,0.0635274913737253,-14.2004283683263,0.693396438572286,0.4083634,-0.23732115,-0.044593163,329.9436,106.26459,-10.983995,WAL
2078377219000,290.859831,0.277669943983203,-14.6715418336333,0.717190027854429,0.52473325,-0.21563543,-0.11575896,329.79694,105.99917,-10.906965,WAL
2078382198000,290.86481,0.494855097355647,-15.0269566743981,0.603895544421609,0.63163465,-0.16371189,-0.20586158,329.63867,105.634895,-10.747491,WAL
2078387238000,290.86985,0.716870550086123,-15.2914856467998,0.377156361802701,0.7287622,-0.063224554,-0.27977628,329.50165,105.245995,-10.571717,WAL
2078392192000,290.874804,0.870204478642113,-15.4309219165233,0.152879100168977,0.8381071,0.06536258,-0.3631594,329.36826,104.787384,-10.328627,WAL
2078397225000,290.879837,0.962868786870384,-15.4553072420318,-0.0763431276656885,0.9550878,0.17806722,-0.45204028,329.26047,104.30244,-10.064667,WAL
2078402228000,290.88484,0.91894154630786,-15.316226230449,-0.133552268673803,1.0711522,0.2144137,-0.56046885,329.157,103.77759,-9.73621,WAL
2078407210000,290.889822,0.758152965199722,-15.0372105278026,-0.0436998172851621,1.207986,0.20097467,-0.691194,329.07224,103.215195,-9.381983,WAL
2078412194000,290.894806,0.581771856424526,-14.6237295169889,0.0933920985217731,1.3603969,0.13713925,-0.7651087,328.97855,102.641975,-9.011613,WAL
2078417239000,290.899851,0.388360929896505,-14.0765184346807,0.277368333212263,1.432479,0.048258353,-0.8906415,328.8717,102.03423,-8.601353,WAL
2078422225000,290.904837,0.132908142594835,-13.4659162604923,0.44388190511703,1.6151277,-0.05955936,-0.99265605,328.75232,101.39338,-8.218658,WAL
2078427215000,290.909827,-0.194937102703793,-12.7764771795803,0.593340782195319,1.8472565,-0.12980886,-1.0748174,328.62036,100.72195,-7.8167787,WAL
2078432194000,290.914806,-0.549771693444072,-12.2106348055272,0.658060934683569,2.1203132,-0.18448131,-1.1603385,328.47327,100.01829,-7.4358726,WAL
2078437246000,290.919858,-0.939854587070766,-11.7688541032105,0.632212062237117,2.4190264,-0.16432275,-1.2473868,328.33228,99.26701,-7.0381947,WAL
2078442187000,290.924799,-1.32136677578999,-11.3367799840206,0.606931128199524,2.701857,-0.11575896,-1.3213016,328.2029,98.514656,-6.6879134,WAL
2078447212000,290.929824,-1.7093649033581,-10.8973603424644,0.581220402933605,2.982855,-0.03848451,-1.3988814,328.09415,97.72349,-6.317118,WAL
2078452204000,290.934816,-2.1703767177223,-10.7109739783371,0.485571962492263,3.1945198,0.058643065,-1.4596626,328.01077,96.92692,-5.934895,WAL
2078457246000,290.939858,-2.76810228093666,-10.9600261012998,0.266405938250464,3.2989779,0.1826487,-1.5048665,327.96613,96.15202,-5.541425,WAL
2078462161000,290.944773,-3.32684920107917,-11.252757318552,-0.0567364530560188,3.3301318,0.35613444,-1.5198327,327.99615,95.592186,-5.3005104,WAL
2078467197000,290.949809,-3.86624719181791,-11.621819093888,-0.53935565592073,3.2895093,0.5546656,-1.496009,328.079,95.14691,-5.0665045,WAL
2078472212000,290.954824,-4.39687285500602,-11.9888209237059,-1.03166843429976,3.1881058,0.7724391,-1.4492778,328.22275,94.968506,-4.9671426,WAL
2078477212000,290.959824,-4.91568058975722,-12.353907952197,-1.54086862490971,3.0469959,0.9275989,-1.3991868,328.41348,85.07503,-4.8847766,WAL
2078482165000,290.964777,-5.42791642152573,-12.7094346169919,-1.94507533814311,2.9104674,0.98349303,-1.3429873,328.63226,84.8885,-4.970891,WAL
2078487244000,290.969856,-5.95046968193377,-13.064195458358,-2.19916094834418,2.7638597,0.9288206,-1.2831224,328.8675,84.65044,-5.07365,WAL
2078492173000,290.974785,-6.41139227521275,-13.3780152712294,-2.33720914347275,2.617863,0.7703011,-1.2174544,329.07437,84.30065,-5.3280053,WAL
2078497217000,290.979829,-6.80059943432917,-13.6447751064639,-2.28473172547529,2.4941628,0.5329799,-1.1695015,329.246,83.95721,-5.5809193,WAL
2078502295000,290.984907,-7.17733806865079,-13.8465042698413,-2.08687741775397,2.3909266,0.28221974,-1.1664472,329.40945,83.61117,-5.821159,WAL
2078507320000,290.989932,-7.47810949350198,-13.7271505496032,-1.19888510607242,2.3200662,-0.0009162979,-1.1914927,329.4981,83.27718,-6.052472,WAL
2078512311000,290.994923,-7.54995688679245,-13.5793698867925,-0.453181728490566,2.310598,-0.15515977,-1.2046263,329.57745,82.90248,-6.3048983,WAL
2078517302000,290.999914,-6.44720462067999,-13.2802427444424,-0.413000462978704,2.316401,-0.5006041,-1.210124,329.52448,82.54733,-6.532913,WAL
2078522511000,291.005123,-5.3304065022141,-12.9864437491367,-0.481592962730043,2.3032675,-0.86345804,-1.2412782,329.43463,82.08071,-6.8439274,WAL
2078527312000,291.009924,-4.81206545959781,-12.9911135822669,-2.20005690513711,2.2611177,-1.1087204,-1.2516629,329.28745,81.62787,-7.1373453,WAL
2078532446000,291.015058,-4.24975084768755,-12.9699481939982,-3.89709940639011,2.1432207,-0.9660834,-1.2147056,329.10706,81.34309,-7.238324,WAL
2078537324000,291.019936,-3.62302700067961,-12.6483394582524,-3.88885304621359,1.9349157,-0.2883284,-1.2516629,329.02325,81.10293,-7.317571,WAL
2078542248000,291.02486,-2.99039308869373,-12.3236979218005,-3.88052892208297,1.5149459,0.4370741,-1.3460416,328.96277,81.16276,-7.1870265,WAL
2078547307000,291.029919,-2.30345022218168,-11.8153050668705,-3.3229271714173,1.2751812,0.8368854,-1.3726143,329.00415,81.21887,-7.07688,WAL
2078552274000,291.034886,-1.61847853418483,-11.2663895957195,-2.61918910023671,1.2779301,0.9804387,-1.3179418,329.17728,81.30569,-6.9775968,WAL
2078557342000,291.039954,-1.15549842494624,-11.0285335734767,-2.24835275232975,1.3863586,1.0213667,-1.2366967,329.39606,81.49754,-6.7839346,WAL
2078562337000,291.044949,-0.775313936236559,-10.8980782158329,-1.99489647322736,1.5283848,1.1203269,-1.1899655,329.66602,81.673256,-6.605853,WAL
2078567305000,291.049917,-0.398791274409245,-10.8183587681809,-1.75472327429767,1.6927075,1.2990049,-1.1994339,329.9251,81.81144,-6.4004664,WAL
2078572384000,291.054996,-0.0208308358079299,-10.9540370834828,-1.56089734088464,1.8567249,1.5250251,-1.2751812,330.22107,81.92109,-6.199192,WAL
2078577360000,291.059972,0.302619503739889,-11.0692652605868,-1.36825599308803,1.96271,1.6688838,-1.3286319,330.5158,82.020874,-5.951337,WAL
2078582290000,291.064902,0.429920407720856,-11.1104505040444,-1.16607225960666,2.0091357,1.7351627,-1.382999,330.84814,82.102936,-5.6948504,WAL
2078587406000,291.070018,0.562024144996035,-11.153189592387,-0.956260498858049,1.9963076,1.7690657,-1.426065,331.21057,82.1901,-5.3404503,WAL
2078592351000,291.074963,0.616133393190215,-11.0226171263105,-0.788286454118822,1.9355265,1.7201965,-1.4291192,331.56232,82.25383,-4.994372,WAL
2078597310000,291.079922,0.635101461731403,-10.8092261324014,-0.636541638404393,1.8533652,1.7559321,-1.3997977,331.94168,82.3022,-4.6613636,WAL
2078602361000,291.084973,0.552369404744817,-10.4837124950159,-0.912595620821372,1.8216002,1.8918496,-1.3240504,332.33868,82.297104,-4.310565,WAL
2078607347000,291.089959,0.419096020330941,-10.1076912076356,-1.40285135698166,1.779756,2.0638082,-1.237613,332.74896,82.280975,-3.986758,WAL
2078612327000,291.094939,0.162576865578313,-9.77755823192771,-1.75003454291165,1.7574593,2.1218405,-1.1939361,333.1665,82.20774,-3.68074,WAL
2078617363000,291.099975,-0.161853812951807,-9.46765462349398,-2.02604278704819,1.7327193,2.1960607,-1.1178834,333.62708,82.11096,-3.427025,WAL
2078622361000,291.104973,-0.440241849812146,-9.14940978923566,-2.36505063826657,1.6814066,2.2623394,-1.03786,334.049,82.041275,-3.246291,WAL
2078627389000,291.110001,-0.698687131788093,-8.8239598580161,-2.73836047279594,1.6569719,2.3331997,-0.9822713,334.4832,81.95794,-3.0924933,WAL
2078632343000,291.114955,-0.946625252476422,-8.51399623033544,-2.95478250270297,1.6502525,2.370768,-0.93737274,334.9927,81.85115,-2.9403725,WAL
2078637414000,291.120026,-1.19688210020904,-8.20235579290229,-3.09643730077783,1.6316211,2.3649647,-0.9098838,335.50128,81.74573,-2.8086588,WAL
2078642316000,291.124928,-1.42706659771299,-7.8786111742866,-3.12743076748738,1.6203201,2.3044891,-0.8927795,336.04504,81.64891,-2.6834693,WAL
2078647341000,291.129953,-1.65511628608221,-7.53157888676213,-3.08776991835789,1.5851953,2.223244,-0.8872818,336.57468,81.56027,-2.569011,WAL
2078652323000,291.134935,-1.8547945924758,-7.19145176825666,-3.02435289911187,1.5482379,2.1520782,-0.88086766,337.12015,81.45683,-2.4825213,WAL
2078657363000,291.139975,-2.04264189553937,-6.8494735600938,-2.94728732082626,1.5079209,2.081218,-0.87781334,337.63776,81.36408,-2.399977,WAL
2078662346000,291.144958,-2.17490840432845,-6.33679559648376,-2.80036123826268,1.4547756,1.9999728,-0.8604037,338.15906,81.24539,-2.3558939,WAL
2078667332000,291.149944,-2.27895930042591,-5.73140783283479,-2.61590714129358,1.378112,1.9251418,-0.8368854,338.65778,81.14565,-2.3179045,WAL
2078672364000,291.154976,-2.30857680695061,-5.35949569202406,-2.43630352102928,1.3051136,1.8784106,-0.840856,339.1679,81.02332,-2.310205,WAL
2078677353000,291.159965,-2.29444529106773,-5.12868063748398,-2.26201477595386,1.2089024,1.9013181,-0.8536842,339.67288,80.93039,-2.312126,WAL
2078682343000,291.164955,-2.31383170533039,-4.9513755100365,-2.01271424443911,1.0961977,1.8976529,-0.86529064,340.18353,80.80621,-2.340612,WAL
2078687373000,291.169985,-2.35547051103534,-4.80795350456204,-1.7119903417307,0.9990701,1.8973475,-0.8686504,340.6992,80.70734,-2.3749056,WAL
2078692349000,291.174961,-2.41898010993179,-4.61647635701736,-1.3896999704382,0.9266826,1.8860464,-0.8741482,341.2235,80.59691,-2.4101963,WAL
2078697327000,291.179939,-2.50273845831955,-4.37998200015502,-1.04481221534105,0.82253003,1.8701639,-0.89736104,341.74466,80.5255,-2.4450123,WAL
2078702334000,291.184946,-2.58338506059764,-4.12816899003927,-0.683276425424768,0.69058317,1.8781052,-0.9086621,342.2858,80.41667,-2.5071106,WAL
2078707349000,291.189961,-2.66158361313093,-3.86597378115123,-0.310683506111484,0.54458636,1.8698585,-0.9193522,342.8162,80.34322,-2.5672412,WAL
2078712340000,291.194952,-2.72006496656814,-3.60639347580267,-0.0371739436336765,0.38087448,1.8530598,-0.91813046,343.3653,80.23196,-2.6653035,WAL
2078717351000,291.199963,-2.75919607038019,-3.3471500981959,0.138915916262359,0.28802297,1.815797,-0.9077458,343.90366,80.14131,-2.7674832,WAL
2078722339000,291.204951,-2.78486329656092,-3.20967547972132,0.37205312047732,0.11484267,1.8023579,-0.88208944,344.44968,80.00585,-2.9287543,WAL
2078727347000,291.209959,-2.799082225546,-3.176497863277,0.656432897862437,-0.022907447,1.790446,-0.8164214,344.98077,79.880424,-3.1082885,WAL
2078732327000,291.214939,-2.82031886899255,-3.16511780638965,0.88553364870051,-0.1301143,1.736079,-0.766025,345.48492,79.71004,-3.3300185,WAL
2078737360000,291.219972,-2.84866081460212,-3.17456508871031,1.06503212623775,-0.24404067,1.6572775,-0.7351763,345.9752,79.57209,-3.5666287,WAL
2078742342000,291.224954,-2.85894262857,-3.15010248847968,1.14070291427998,-0.3436117,1.5668694,-0.70829827,346.44266,79.341484,-3.8431664,WAL
2078747341000,291.229953,-2.84933411412945,-3.087647044285,1.10226885651781,-0.44104472,1.4795157,-0.6780604,346.8876,79.138115,-4.1266165,WAL
2078752331000,291.234943,-2.78825912288979,-2.99894869947799,1.00146348615188,-0.5180137,1.4156802,-0.63316184,347.3572,78.93512,-4.4011884,WAL
2078757376000,291.239988,-2.66929183154733,-2.87998135844578,0.830150580655964,-0.5867361,1.3640621,-0.5751296,347.80258,78.74988,-4.685372,WAL
2078762296000,291.244908,-2.56538846255083,-2.78647357413468,0.672961803163741,-0.64660084,1.3191634,-0.5112942,348.24738,78.572395,-4.963601,WAL
2078767317000,291.249929,-2.47477870876723,-2.71970866537737,0.525124899365268,-0.7098254,1.2702943,-0.45356745,348.67297,78.40523,-5.254086,WAL
2078772356000,291.254968,-2.37167343274686,-2.71021079885342,0.420029628816843,-0.77763146,1.2345587,-0.3979787,349.08243,78.26755,-5.523312,WAL
2078777412000,291.260024,-2.25202254556687,-2.77721516773747,0.372169263949788,-0.82986045,1.196685,-0.35277468,349.4749,78.13296,-5.8028927,WAL
2078782240000,291.264852,-2.15492207171815,-2.86382651563707,0.378715565374517,-0.9104946,1.1432343,-0.3109304,349.8376,78.043015,-6.0711493,WAL
2078787365000,291.269977,-2.079121046139,-2.99174077722008,0.468729244911197,-0.9972375,1.0748174,-0.2724459,350.18338,77.9561,-6.3473015,WAL
2078792244000,291.274856,-2.01560173860212,-3.11966694099349,0.597194500699913,-1.1123856,0.9831876,-0.23273966,350.54105,77.94109,-6.562429,WAL
2078797325000,291.279937,-1.96829958948187,-3.26630370205113,0.824244964654418,-1.2205088,0.870483,-0.19608775,350.8705,77.93216,-6.7829475,WAL
2078802257000,291.284869,-1.92443536616519,-3.41765427195073,1.05444857904887,-1.3292428,0.80756384,-0.16676621,351.1983,77.940506,-6.978038,WAL
2078807357000,291.289969,-1.88498323066438,-3.60012026346931,1.32075030057553,-1.4450017,0.6609562,-0.13775012,351.46753,77.96216,-7.172788,WAL
2078812272000,291.294884,-1.84991214377151,-3.77463934397798,1.59675617274604,-1.5619824,0.5271767,-0.119729586,351.73755,77.99026,-7.3473554,WAL
2078817328000,291.29994,-1.82134840325435,-3.9507824602104,1.93000011037263,-1.6270396,0.38240165,-0.09254608,351.9596,78.018845,-7.5236444,WAL
2078822343000,291.304955,-1.80159059767697,-4.23509081858423,2.31779750576184,-1.7553213,0.2507602,-0.038179077,352.16043,78.081505,-7.6845756,WAL
2078827356000,291.309968,-1.80598135114322,-4.82784304085422,2.86664205582586,-1.8524488,0.16157386,0.017104227,352.32947,78.138054,-7.8466473,WAL
2078832338000,291.31495,-1.8043407949921,-5.46446408152904,3.43949920624259,-1.9303342,0.08979719,0.099265605,352.47128,78.22163,-8.011158,WAL
2078837371000,291.319983,-1.72816526617938,-6.69755554429079,4.35836671829316,-1.9434677,0.048563786,0.22907446,352.59033,78.280655,-8.199403,WAL
2078842461000,291.325073,-1.62559851404664,-8.03796513694325,5.32762553197878,-1.8777997,0.06078109,0.37659842,352.7048,78.29387,-8.398624,WAL
2078847344000,291.329956,-1.21838913781603,-10.453137893344,6.74115652837554,-1.7293595,0.0729984,0.52381694,352.79916,78.258675,-8.627645,WAL
2078852459000,291.335071,-0.726588722087575,-12.9215651432243,8.2778177397944,-1.4608842,0.105068825,0.63407815,352.88046,78.13982,-8.838327,WAL
2078857346000,291.339958,0.517821539009588,-14.5499384685183,10.4104319376297,-0.9569204,0.0030543262,0.5833763,352.92075,77.955025,-9.031331,WAL
2078862580000,291.345192,1.85242630108539,-16.2279806531553,12.5342548223994,-0.21655174,-0.20586158,0.36377025,352.85727,77.72097,-9.041943,WAL
2078867335000,291.349947,3.08589431059456,-16.9978046940736,12.6304827133321,0.5335908,-0.3747658,0.005192355,352.77945,77.4349,-8.990554,WAL
2078872787000,291.355399,4.49310262637363,-17.8654949991547,12.6835896310698,0.9773844,-0.2134974,-0.3100141,352.60223,77.14827,-8.630399,WAL
2078877364000,291.359976,5.50175271428571,-18.227786021978,11.32911703663,1.2278391,0.26053402,-0.47861293,352.49615,76.745705,-8.2423525,WAL
2078882245000,291.364857,6.57739638461539,-18.6141400710059,9.88468165680473,1.3353515,0.87964594,-0.5571091,352.4306,76.464066,-7.5939116,WAL
2078887358000,291.36997,6.28663816781197,-18.3024047841848,8.40398537635694,1.2803736,1.3405437,-0.6160576,352.4946,76.114136,-6.969889,WAL
2078892253000,291.374865,5.67503763101285,-17.8355336169704,6.99403622587392,1.103528,1.5622878,-0.6600399,352.69366,75.72176,-6.3933296,WAL
2078897327000,291.379939,4.69602636622963,-16.2692098825798,5.99790433288345,0.88453287,1.5949692,-0.68936145,352.96704,75.58161,-5.6749134,WAL
2078902263000,291.384875,3.65700065031331,-14.4737002680035,5.14572080179312,0.6646214,1.5745052,-0.6942484,353.30167,75.43423,-5.0103717,WAL
2078907349000,291.389961,2.51072274475774,-12.2545089479746,4.54972673284353,0.49877146,1.4871514,-0.6966918,353.67725,75.40049,-4.4487677,WAL
2078912307000,291.394919,1.36516276624305,-9.95396052104845,4.07358870770453,0.4129449,1.3826935,-0.68936145,354.03787,75.371704,-3.9167528,WAL
2078917339000,291.399951,0.360135862612436,-7.86365544153305,3.9192136305045,0.22693644,1.2739595,-0.63285637,354.40472,75.383194,-3.5603082,WAL
2078922373000,291.404985,-0.582563471001173,-5.86984667061009,3.89564616315995,0.038789943,1.1701124,-0.5296202,354.73132,75.40289,-3.2254362,WAL
2078927341000,291.409953,-1.37259124458143,-4.55744613901372,3.84963258059256,-0.15149458,1.0644327,-0.3915646,355.05533,75.40616,-3.0786417,WAL
2078932323000,291.414935,-2.09837007448797,-3.55179184368662,3.79270869834957,-0.3173445,0.9779953,-0.22510384,355.34076,75.444336,-2.9663951,WAL
2078937343000,291.419955,-2.73333716965799,-3.12463409339374,3.6153578470038,-0.48075095,0.93187493,-0.043066,355.62854,75.41351,-3.0307581,WAL
2078942366000,291.424978,-3.31923177297087,-2.99808082462243,3.37631277289292,-0.657291,0.9071349,0.14935656,355.88406,75.41972,-3.1406724,WAL
2078947340000,291.429952,-3.71647346729277,-3.31366893879134,3.26992606508779,-0.86620694,0.80848014,0.32528573,356.11606,75.40377,-3.3962533,WAL
2078952345000,291.434957,-4.00026790104124,-3.91061594277256,3.2454610365047,-1.0549643,0.5543602,0.45112398,356.28635,75.41346,-3.6799777,WAL
2078957337000,291.439949,-4.21056720584603,-4.93091184305348,3.43552798346778,-1.2092078,0.12736541,0.5342017,356.38785,75.44949,-4.070138,WAL
2078962354000,291.444966,-4.38282968070909,-6.18459913561398,3.74177223888059,-1.2965615,-0.41172317,0.59528816,356.379,75.494156,-4.4652143,WAL
2078967351000,291.449963,-4.61566849500845,-8.00646373684996,4.0556981831759,-1.2550226,-1.0219775,0.6609562,356.23767,75.541214,-4.8839316,WAL
2078972398000,291.45501,-4.88480562898479,-10.1643663736701,4.37770145028338,-1.1246029,-1.5784758,0.7305948,355.95737,75.561806,-5.287987,WAL
2078977352000,291.459964,-5.3379188854302,-12.9718664616768,3.21432446279604,-0.91354895,-1.8918496,0.84513205,355.57785,75.53584,-5.702287,WAL
2078982353000,291.464965,-5.90266806730289,-16.1976383982212,1.19941393161087,-0.643852,-1.890017,0.9477574,355.13205,75.43847,-6.1114206,WAL
2078987349000,291.469961,-5.57088066706255,-17.717358202692,0.905959847300079,-0.32406402,-1.4822645,0.95356065,354.74527,75.321625,-6.5146465,WAL
2078992358000,291.47497,-4.7163043185867,-18.2490939913895,1.61335922848872,0.11789699,-0.9282097,0.84482664,354.41068,75.10154,-6.9092617,WAL
2078997307000,291.479919,-3.36271751077905,-17.9573972183163,1.93341763939824,0.75991637,-0.5897904,0.68416905,354.26712,75.14106,-7.263136,WAL
2079002348000,291.48496,-1.65095181546956,-17.125968761625,2.01166978050856,1.4343116,-0.5983425,0.41996986,354.20114,75.06466,-7.5538487,WAL
2079007349000,291.489961,-0.429873645477063,-14.6535545155058,0.767552618190825,1.7492126,-0.89858276,0.22571471,354.1209,74.94785,-7.6777053,WAL
2079012348000,291.49496,0.518792869800852,-11.2430978351333,-1.22939042792034,1.7131716,-1.3151928,-0.25473082,354.04034,74.83043,-7.6368876,WAL
2079017384000,291.499996,0.795940395773378,-8.3380115249951,-2.42934636590865,1.3429873,-1.4193454,-0.63529986,353.90637,74.814354,-7.3695474,WAL
2079022378000,291.50499,0.659989559090374,-5.77838533562047,-3.1278524759655,0.64568454,-1.0961977,-0.81061816,353.7902,74.92141,-7.0374956,WAL
2079027346000,291.509958,0.34569490648497,-4.00257558054108,-3.15019459758517,-0.1255328,-0.786489,-0.88300574,353.59293,75.245445,-6.5849905,WAL
2079032348000,291.51496,-0.10069752698998,-2.77379638963928,-2.68460247327655,-0.83077675,-0.73914695,-0.81245077,353.40683,75.72788,-6.1332498,WAL
2079037357000,291.519969,-0.585168889767442,-1.99746393065891,-2.26792514032946,-1.3066407,-0.8414669,-0.65179324,353.25128,76.29401,-5.771998,WAL
2079042356000,291.524968,-1.09545867186047,-1.54748117389535,-1.88752734944767,-1.5674802,-1.0250319,-0.48838675,353.07416,76.975784,-5.4320908,WAL
2079047340000,291.529952,-1.49810237715784,-1.28952487154091,-1.84350929709792,-1.7296649,-1.2000448,-0.35979962,352.8772,77.625694,-5.207146,WAL
2079052334000,291.534946,-1.80255909530051,-1.20893334332522,-2.11214759981277,-1.829236,-1.3536774,-0.25259277,352.62302,78.30494,-5.015586,WAL
2079057324000,291.539936,-2.16990883888889,-1.35413316036036,-2.403059521997,-1.9043725,-1.4789047,-0.11759156,352.37964,78.942696,-4.930213,WAL
2079062348000,291.54496,-2.64464892777778,-1.87531529060489,-2.73331354138782,-1.9507982,-1.6194037,0.036651913,352.08224,79.56471,-4.874548,WAL
2079067351000,291.549963,-3.05191710655981,-2.46909925983972,-3.15438245411101,-1.9611828,-1.8606955,0.16920967,351.76508,80.18601,-4.8771644,WAL
2079072368000,291.55498,-3.39894588057782,-3.13463372086673,-3.66304097900465,-1.953547,-2.1438315,0.29810223,351.3932,80.75967,-4.916263,WAL
2079077305000,291.559917,-3.65357927327444,-3.69073731055237,-4.17477657140083,-1.9318613,-2.3432791,0.43768495,350.99857,81.287766,-5.056678,WAL
2079082349000,291.564961,-3.82239731618289,-4.15498705096593,-4.70936712222114,-1.919644,-2.4028385,0.5766568,350.56866,81.742805,-5.226967,WAL
2079087286000,291.569898,-3.90467708502318,-4.64333049808506,-5.0290648582947,-1.9129245,-2.2996023,0.732122,350.12296,82.1133,-5.5018144,WAL
2079092316000,291.574928,-3.87554708865148,-5.18709063313848,-5.07761485224753,-1.9083431,-2.1212296,0.87781334,349.69122,82.37817,-5.8109846,WAL
2079097309000,291.579921,-3.83676508424125,-5.85670720680934,-4.92912098856031,-1.8771889,-1.9440787,1.006095,349.27863,82.53447,-6.2024655,WAL
2079102303000,291.584915,-3.78558872918288,-6.6894853688716,-4.53366789229572,-1.820073,-1.8616118,1.1166617,348.90106,82.54796,-6.629016,WAL
2079107282000,291.589894,-3.72298023938239,-7.61374709645077,-4.19153243390816,-1.7886134,-1.7259997,1.1737776,348.57727,82.44189,-7.080553,WAL
2079112309000,291.594921,-3.64092451939042,-8.69977969260076,-3.93088455035091,-1.7354681,-1.6032158,1.2757921,348.2847,82.18755,-7.5723033,WAL
2079117299000,291.599911,-3.47474279736842,-9.69991978289474,-3.76066074736842,-1.706452,-1.4520267,1.3695599,348.031,81.8492,-8.053186,WAL
2079122322000,291.604934,-3.17449670064103,-10.5844283092949,-3.72820172820513,-1.7238617,-1.2669345,1.4501941,347.83374,81.4255,-8.553084,WAL
2079127567000,291.610179,-2.83772748606805,-11.4858987741021,-3.68747249289225,-1.7321084,-1.0858129,1.5283848,347.65344,80.95458,-9.045414,WAL
2079132307000,291.614919,-2.24992147491493,-12.0307994073724,-3.56733696888469,-1.7174476,-0.9334021,1.5882497,347.52814,99.56364,-9.545402,WAL
2079137354000,291.619966,-1.62404448371456,-12.6109921280718,-3.43942051536862,-1.700038,-0.8268061,1.6597209,347.41898,100.04624,-9.977779,WAL
2079142314000,291.624926,-0.950399080481815,-12.7908701141851,-2.98357273926018,-1.6850718,-0.7834347,1.7458528,347.3437,100.5642,-10.421044,WAL
2079147657000,291.630269,-0.23287369839372,-12.9390524963768,-2.46702248152174,-1.6578883,-0.8356637,1.7965547,347.2791,101.09908,-10.864592,WAL
2079152303000,291.634915,0.106079785238759,-12.9555867143255,-2.1859390930602,-1.6423112,-0.979217,1.8161024,347.15164,101.53728,-11.200631,WAL
2079157252000,291.639864,0.467138930847269,-12.9731992508361,-1.88652417926421,-1.6380352,-1.0821478,1.7553213,346.99075,101.82983,-11.39874,WAL
2079162307000,291.644919,0.708793961708543,-12.9657923595249,-1.97291408685244,-1.6368134,-1.0436633,1.6902641,346.83337,102.12638,-11.596872,WAL
2079167302000,291.649914,0.918582455678392,-12.9526807697579,-2.14773785464596,-1.5775595,-0.88422745,1.5482379,346.68265,102.379295,-11.750815,WAL
2079172323000,291.654935,1.08329274651163,-12.8168856976744,-2.19353423255814,-1.5473217,-0.68111473,1.3390167,346.53992,102.50484,-11.784201,WAL
2079177323000,291.659935,1.22065090653622,-12.6108484064133,-2.16410036307755,-1.5195273,-0.55924714,1.135904,346.41666,102.59166,-11.7782135,WAL
2079182309000,291.664921,1.31960012876997,-12.3145266924459,-2.14553800056727,-1.4953982,-0.51007247,0.9379836,346.30444,102.62518,-11.697154,WAL
2079187371000,291.669983,1.40209991273518,-11.9707773134159,-2.13178804454949,-1.4300356,-0.49388456,0.7079928,346.2083,102.59746,-11.551955,WAL
2079192313000,291.674925,1.47340268690464,-11.4301689215953,-2.09484358459123,-1.3643675,-0.5357288,0.49602258,346.0769,102.540146,-11.365846,WAL
2079197305000,291.679917,1.53846041871663,-10.7295477571444,-2.03979467430127,-1.3225232,-0.5864306,0.33505958,345.93768,102.442345,-11.13494,WAL
2079202296000,291.684908,1.51691878241831,-10.0720565793389,-2.0060059608061,-1.3213016,-0.7535023,0.2669481,345.72256,102.357506,-10.903889,WAL
2079207322000,291.689934,1.44892792150862,-9.43294144552218,-1.98334234050287,-1.3390167,-0.990518,0.16707164,345.46234,102.23284,-10.627446,WAL
2079212310000,291.694922,1.15513543534312,-9.01020012490083,-1.99299388107894,-1.4123205,-1.2614367,0.057726767,345.12357,102.1421,-10.366539,WAL
2079217297000,291.699909,0.662573738000793,-8.77339205404601,-2.03088321197937,-1.4731015,-1.5296066,-0.06383542,344.71173,102.03552,-10.083968,WAL
2079222331000,291.704943,0.156416760043487,-8.53967208470053,-2.11813062016209,-1.5180001,-1.7424932,-0.17562376,344.23392,101.98405,-9.830064,WAL
2079227315000,291.709927,-0.353064064008697,-8.31323578305989,-2.25021819596758,-1.5268577,-1.9007072,-0.24862215,343.69293,101.927025,-9.560198,WAL
2079232308000,291.71492,-0.737980136256537,-8.12826586940306,-2.59087621182042,-1.5293012,-1.9404135,-0.25137106,343.13828,101.971855,-9.380357,WAL
2079237299000,291.719911,-0.992650434427232,-7.98678266589048,-3.14737803030094,-1.5033394,-1.8551978,-0.19394971,342.5782,102.01618,-9.196322,WAL
2079242314000,291.724926,-1.25077378746895,-7.98614220634833,-3.47629361269666,-1.4453071,-1.6975945,-0.113926366,342.05164,102.16728,-9.116221,WAL
2079247309000,291.729921,-1.51044191167541,-8.14898481302788,-3.53790982605576,-1.3836098,-1.4856243,-0.025961773,341.57297,102.32668,-9.045659,WAL
2079252299000,291.734911,-1.6777321813196,-8.32121258247531,-3.49780647386005,-1.3402383,-1.2672399,0.074830994,341.15665,102.614426,-9.058987,WAL
2079257323000,291.739935,-1.61707168323177,-8.51835945198571,-3.20461405763816,-1.3222178,-1.0516045,0.16523905,340.80594,102.909355,-9.082063,WAL
2079262268000,291.74488,-1.54367807348194,-8.69119772271535,-2.79817695091789,-1.2858714,-0.8671232,0.23732115,340.5195,103.252686,-9.167309,WAL
2079267294000,291.749906,-1.4465769600464,-8.83199416229574,-2.19129490322776,-1.2672399,-0.763887,0.29352075,340.2763,103.60458,-9.263134,WAL
2079272287000,291.754899,-1.32108845806883,-8.94156584799235,-1.65756031215105,-1.2666291,-0.7461719,0.35063666,340.03305,103.938576,-9.372912,WAL
2079277311000,291.759923,-1.15089594319312,-9.00596286520076,-1.22517938228489,-1.2886202,-0.79779,0.38515055,339.80283,104.270805,-9.485308,WAL
2079282244000,291.764856,-0.972080171295507,-9.0348738866189,-0.816963367937645,-1.3206906,-0.8756753,0.38331795,339.5389,104.55396,-9.6003895,WAL
2079287367000,291.769979,-0.758312847517428,-8.98261958423703,-0.432182149422928,-1.3460416,-0.9639453,0.37201694,339.26346,104.83501,-9.719511,WAL
2079292267000,291.774879,-0.570967700005516,-8.92280826670957,-0.158450061014066,-1.3365731,-1.0833695,0.37140608,338.93396,105.08225,-9.836663,WAL
2079297306000,291.779918,-0.433431296605682,-8.82963888471086,-0.180633349344488,-1.3112222,-1.1404854,0.35185838,338.6024,105.31695,-9.940742,WAL
2079302320000,291.784932,-0.301948720112056,-8.73495366033016,-0.212559115607804,-1.2443326,-1.2339478,0.33750305,338.2236,105.498436,-10.02812,WAL
2079307322000,291.789934,-0.239643422765383,-8.61513586743372,-0.370718702321161,-1.2027937,-1.2651019,0.3268129,337.85162,105.67069,-10.106343,WAL
2079312329000,291.794941,-0.184796157514006,-8.49600968767507,-0.53038606785014,-1.0809261,-1.2538009,0.2996294,337.4449,105.83278,-10.182687,WAL
2079317293000,291.799905,-0.222248316502101,-8.38781412815126,-0.705162802552521,-0.94989544,-1.2137892,0.2941316,337.04425,105.98013,-10.258183,WAL
2079322295000,291.804907,-0.259987176143207,-8.27879031897759,-0.881277473580182,-0.84757555,-1.1630874,0.30115658,336.64838,106.12996,-10.3285475,WAL
2079327316000,291.809928,-0.380182155025891,-8.20637278856991,-0.968207736418672,-0.7812967,-1.094976,0.3036,336.27454,106.2526,-10.388559,WAL
2079332273000,291.814885,-0.521167282790131,-8.14491780353335,-1.02966281582394,-0.75594574,-1.0491611,0.30482176,335.91516,106.3589,-10.444537,WAL
2079337332000,291.819944,-0.684854611835536,-8.08700043661282,-1.0868086898091,-0.77640975,-0.9935723,0.31856623,335.57675,106.50481,-10.519471,WAL
2079342284000,291.824896,-0.944841301762114,-8.05450217914831,-1.11466438061674,-0.8222246,-0.9315695,0.3481932,335.26053,106.64952,-10.591613,WAL
2079347283000,291.829895,-1.20546167658974,-8.01619254677013,-1.1320870328832,-0.8927795,-0.8784242,0.3680463,334.96848,106.847725,-10.702662,WAL
2079352293000,291.834905,-1.45205743099869,-7.93399401245591,-1.06439407178273,-0.95905846,-0.8405506,0.41416663,334.69925,107.05889,-10.821003,WAL
2079357306000,291.839918,-1.69382574853639,-7.87004785158228,-1.00181997095036,-1.0256428,-0.83016586,0.46914452,334.45306,107.33411,-10.9990635,WAL
2079362268000,291.84488,-1.90059845178006,-7.92644035348101,-0.973623695465783,-1.0940597,-0.799928,0.5311473,334.2325,107.624374,-11.180923,WAL
2079367295000,291.849907,-2.10084267425655,-7.98654828462067,-0.956668368794779,-1.1582005,-0.77640975,0.5983425,334.03986,107.949356,-11.413203,WAL
2079372280000,291.854892,-2.2226652324075,-8.07088671528119,-1.03632158930219,-1.1997393,-0.7812967,0.66553766,333.85742,108.28393,-11.653792,WAL
2079377315000,291.859927,-2.33984218957843,-8.15055116843137,-1.11849030162745,-1.2348641,-0.8020661,0.72387534,333.67065,108.68351,-11.96727,WAL
2079382286000,291.864898,-2.38184767566667,-8.15988592666667,-1.22117059533333,-1.2547172,-0.84788096,0.77304995,333.48514,109.08551,-12.288213,WAL
2079387522000,291.870134,-2.42186420771218,-8.17720322500497,-1.32871870669847,-1.2794572,-0.88697636,0.8390234,333.29388,109.530914,-12.655238,WAL
2079392350000,291.874962,-2.40807868908766,-8.2828928568873,-1.42062248407871,-1.2916746,-0.93279123,0.8762862,333.0958,109.96595,-13.019018,WAL
2079397635000,291.880247,-2.38572554432033,-8.44322279789852,-1.50427386838319,-1.31672,-0.97402465,0.91721416,332.89557,110.43203,-13.407333,WAL
2079402213000,291.884825,-2.29442131255206,-9.02424960914427,-1.40881953487315,-1.3231341,-0.99387777,0.9300423,332.69586,110.88192,-13.786443,WAL
2079407222000,291.889834,-2.19452116031806,-9.65997772131768,-1.30437856577054,-1.3274102,-1.0247264,0.95233893,332.4895,111.331024,-14.162122,WAL
2079412227000,291.894839,-2.09684247624117,-10.1633831878448,-1.06587740041614,-1.3481796,-1.067487,0.96669424,332.28088,111.76979,-14.528428,WAL
2079417217000,291.899829,-1.99972122684603,-10.6489889519017,-0.811512234926933,-1.3466524,-1.1307116,0.958753,332.06396,112.18904,-14.885844,WAL
2079422254000,291.904866,-1.92461368830804,-11.01627199418,-0.551513373072126,-1.3066407,-1.180497,0.95294976,331.82208,112.54846,-15.2048235,WAL
2079427214000,291.909826,-1.85549983588651,-11.3519684231968,-0.294804815183953,-1.2534955,-1.2357804,0.95294976,331.56564,112.892334,-15.518135,WAL
2079432224000,291.914836,-1.70095756067097,-11.458401511248,-0.352359804259585,-1.1905763,-1.3100005,0.9468411,331.24957,113.20634,-15.835847,WAL
2079437240000,291.919852,-1.53651071865219,-11.538275325802,-0.446329407945031,-1.0711522,-1.3869696,0.93767816,330.9199,113.48811,-16.148735,WAL
2079442229000,291.924841,-1.27744953118191,-11.6422200010278,-0.863719672458376,-0.89644474,-1.4083499,0.93218035,330.57156,113.69714,-16.437849,WAL
2079447186000,291.929798,-1.00422809719424,-11.7495571366906,-1.33209930196403,-0.66675943,-1.3548992,0.9285152,330.2246,113.863365,-16.716642,WAL
2079452287000,291.934899,-0.649271139269926,-11.6673070520958,-1.82794296365221,-0.38759398,-1.2244794,0.8979719,329.8708,113.98041,-16.962217,WAL
2079457254000,291.939866,-0.295881430463175,-11.5669616252408,-2.31221776464276,-0.089186326,-0.9978484,0.8512407,329.56116,114.04064,-17.182152,WAL
2079462307000,291.944919,0.107173827613023,-11.2715442938605,-2.60451638424186,0.15760323,-0.6768387,0.7996226,329.30396,114.06298,-17.32562,WAL
2079467294000,291.949906,0.520349347657674,-10.9116819099535,-2.82221104221395,0.3023783,-0.376293,0.7125743,329.10306,114.029655,-17.424812,WAL
2079472336000,291.954948,0.904448541558442,-10.6568717792208,-2.96507897272727,0.32620203,-0.12492194,0.5983425,328.96576,113.975624,-17.425636,WAL
2079477312000,291.959924,1.26092659662338,-10.4786327516883,-3.05419858989091,0.19822577,0.027488936,0.46761733,328.88068,113.90296,-17.381205,WAL
2079482305000,291.964917,1.36988747032652,-10.6121917658965,-3.01340816528547,-0.014660766,0.087964594,0.3313944,328.81448,113.818016,-17.24497,WAL
2079487312000,291.969924,1.3561532129177,-10.9006119841512,-2.90811168190758,-0.25381452,0.05681047,0.20738874,328.7569,113.74126,-17.073723,WAL
2079492316000,291.974928,1.1878945737132,-11.2172464103238,-2.6488187756413,-0.49571714,-0.024740042,0.09315695,328.67184,113.66674,-16.828327,WAL
2079497310000,291.979922,0.906325146404542,-11.55412457664,-2.27674493230656,-0.6921103,-0.076358154,0.0421497,328.58234,113.62338,-16.570395,WAL
2079502283000,291.984895,0.523021204984917,-11.6426471049951,-1.87629068630754,-0.7623598,-0.18234327,-0.040927973,328.43472,113.5541,-16.279963,WAL
2079507305000,291.989917,0.0849399888920666,-11.6096730760039,-1.45705166695397,-0.86742866,-0.30543262,-0.10781772,328.26633,113.53175,-15.9914,WAL
2079512310000,291.994922,-0.320589456886584,-11.4740195040399,-1.13979577731771,-0.90316427,-0.4266894,-0.15210545,328.0639,113.480484,-15.73422,WAL
2079517296000,291.999908,-0.706399594657756,-11.2787329290773,-0.882588985978055,-0.86162543,-0.52381694,-0.19303341,327.83096,113.42817,-15.473755,WAL
2079522326000,292.004938,-0.961685126030624,-11.2817040636042,-0.755744301519435,-0.75411314,-0.5564982,-0.19700404,327.59497,113.37506,-15.294847,WAL
2079527318000,292.00993,-1.13530848339223,-11.4037096607774,-0.708819075229682,-0.6239988,-0.5317582,-0.18661933,327.349,113.30585,-15.11545,WAL
2079532305000,292.014917,-1.16823762912963,-11.6735183839992,-0.645598594529647,-0.47342056,-0.48655418,-0.14508049,327.1091,113.257835,-15.0346985,WAL
2079537349000,292.019961,-1.10217571517046,-12.0510147536388,-0.570099271329491,-0.3277292,-0.42210788,-0.10781772,326.88525,113.18485,-14.952875,WAL
2079542310000,292.024922,-0.951835548224138,-12.5087956034483,-0.436537286,-0.1881465,-0.38606682,-0.06658431,326.6765,113.09687,-14.907148,WAL
2079547307000,292.029919,-0.728575482251521,-13.0426789350913,-0.252105070588235,-0.059864793,-0.3387248,-0.0580322,326.49243,112.98233,-14.85653,WAL
2079552278000,292.03489,-0.515289409603668,-13.5733667784679,-0.034369996923987,0.044593163,-0.2742785,-0.09254608,326.3116,112.81413,-14.782975,WAL
2079557298000,292.03991,-0.306739178942128,-14.1089616300897,0.212098471891945,0.15790866,-0.2125811,-0.16157386,326.1443,112.614784,-14.699346,WAL
2079562310000,292.044922,-0.0847405103507063,-14.5143298207501,0.381029107023868,0.29352075,-0.1872302,-0.23732115,325.96643,112.3141,-14.550478,WAL
2079567300000,292.049912,0.148032343667803,-14.8076232079883,0.483449165708719,0.4334089,-0.19181168,-0.32375857,325.79495,111.97946,-14.3799515,WAL
2079572303000,292.054915,0.366757676453958,-15.0693180298869,0.44238969756462,0.5729916,-0.17989981,-0.39736784,325.61353,111.54212,-14.147555,WAL
2079577315000,292.059927,0.570307374636511,-15.2970998675283,0.248532839983845,0.7275405,-0.15393804,-0.4810564,325.43292,111.06317,-13.892652,WAL
2079582339000,292.064951,0.742703808717168,-15.4230808732394,0.0062411454015988,0.8918633,-0.1414153,-0.569021,325.239,110.501595,-13.578251,WAL
2079587380000,292.069992,0.88512645060906,-15.4506466232394,-0.28319843324705,1.0680978,-0.13164146,-0.67256266,325.0516,109.89825,-13.241083,WAL
2079592347000,292.074959,0.969219919974137,-15.3605721574654,-0.499170464188799,1.2669345,-0.12736541,-0.7849618,324.86337,109.241714,-12.847375,WAL
2079597325000,292.079937,0.97396211736795,-15.1044931020591,-0.617725483213966,1.4611896,-0.13775012,-0.83291477,324.67944,108.55643,-12.451612,WAL
2079602307000,292.084919,0.866954845845272,-14.6987929197708,-0.64519277265043,1.5693128,-0.15790866,-0.9578367,324.49356,107.8425,-11.988774,WAL
2079607340000,292.089952,0.585804214040115,-14.0575726504298,-0.531746016905444,1.7931949,-0.19730948,-1.0852021,324.30487,107.06997,-11.523186,WAL
2079612240000,292.094852,0.210820222942779,-13.3355341280654,-0.433565781580382,2.0088303,-0.22785273,-1.2336423,324.11694,106.28687,-11.032705,WAL
2079617347000,292.099959,-0.317485672513624,-12.4502643043013,-0.3478945644239,2.232407,-0.23151793,-1.3842206,323.92657,105.446846,-10.515942,WAL
2079622293000,292.104905,-0.857867776639915,-11.6691007600561,-0.284532659692516,2.4529295,-0.1704314,-1.5015068,323.75476,104.595436,-10.029462,WAL
2079627360000,292.109972,-1.45845635187585,-10.9934389454651,-0.251687965898279,2.6719246,-0.07574729,-1.5745052,323.59555,103.695305,-9.519854,WAL
2079632240000,292.114852,-2.06117583018775,-10.5412215053082,-0.194305716023788,2.8588493,0.04917465,-1.6136005,323.48157,102.84402,-9.096589,WAL
2079637375000,292.119987,-2.75244657225007,-10.531553440578,-0.0734541916411088,3.0292807,0.19211712,-1.647809,323.40695,101.96015,-8.656862,WAL
2079642269000,292.124881,-3.38253535488381,-10.6258225871179,0.00831541288544981,3.1425962,0.32498032,-1.681712,323.39023,101.179855,-8.336299,WAL
2079647344000,292.129956,-3.9589582198438,-11.0007320341336,0.00362904748915244,3.1841352,0.44440445,-1.6615535,323.42154,100.41615,-8.025353,WAL
2079652286000,292.134898,-4.51124632019297,-11.4007880059073,-0.0429386408979029,3.1566463,0.5662721,-1.6258179,323.51367,99.78276,-7.8442535,WAL
2079657312000,292.139924,-5.03726450130944,-11.9457613870237,-0.256189242827607,3.075401,0.64568454,-1.5928311,323.63763,99.20057,-7.6749163,WAL
2079662296000,292.144908,-5.53616313200104,-12.4601945395333,-0.461974180137583,2.9535334,0.66706485,-1.5607607,323.80206,98.79167,-7.6316757,WAL
2079667315000,292.149927,-5.92959779571578,-12.8536292469523,-0.641949602577499,2.8163943,0.5821546,-1.5152513,323.96594,98.458534,-7.6076865,WAL
2079673217000,292.155829,-6.39021459695683,-13.3157081146497,-0.861473034091598,2.6755898,0.36896262,-1.4474452,324.11948,98.33407,-7.715407,WAL
2079677326000,292.159938,-6.68462168435952,-13.6300073566879,-1.11609543833788,2.5738807,0.1282817,-1.3457361,324.24463,98.27685,-7.84479,WAL
2079682250000,292.164862,-7.03742297381458,-14.0066463121019,-1.42122094783136,2.499355,-0.06352998,-1.2556335,324.33945,98.381454,-8.078919,WAL
2079687299000,292.169911,-7.48934550833001,-14.1521966572227,-1.97936660483839,2.4486532,-0.17012598,-1.2269229,324.393,98.51683,-8.3145895,WAL
2079692255000,292.174867,-7.94389609352554,-14.2658346125299,-2.55702464534118,2.4220808,-0.20555615,-1.2168436,324.41663,98.68566,-8.559904,WAL
2079697310000,292.179922,-7.97542326468262,-14.0669166468262,-2.21680827184101,2.4016168,-0.19394971,-1.2311989,324.43802,98.97056,-8.8871355,WAL
2079702270000,292.184882,-7.95194050415266,-13.8320890415266,-1.76593892637928,2.3445008,-0.21960606,-1.2852604,324.44247,99.23792,-9.18578,WAL
2079707308000,292.18992,-7.03142763227978,-13.3843261134523,-2.4466830606575,2.3258693,-0.28893927,-1.3805555,324.4605,99.593956,-9.554203,WAL
2079712267000,292.194879,-5.98903552824115,-12.9117746779826,-3.28986244502975,2.2748623,-0.42577308,-1.4361442,324.45483,99.92083,-9.890788,WAL
2079717293000,292.199905,-5.15399099984918,-12.4127231639174,-3.54753120237534,2.1584923,-0.19211712,-1.4147639,324.55157,100.20178,-10.182891,WAL
2079722364000,292.204976,-4.36206240839853,-11.9046074343482,-3.67112699272316,1.8011361,0.20769419,-1.391551,324.66022,100.456,-10.441522,WAL
2079727378000,292.20999,-3.55654699891431,-11.4152568526561,-3.48392451806902,1.4602734,0.49846604,-1.3900238,324.7812,100.52591,-10.50814,WAL
2079732278000,292.21489,-2.76049126994959,-10.9421722074447,-3.17914879298178,1.3545936,0.7098254,-1.3396275,324.9913,100.610756,-10.586676,WAL
2079737312000,292.219924,-2.07814601240395,-10.5993490987925,-2.71504036421515,1.421178,0.88789266,-1.2663237,325.25406,100.57009,-10.533998,WAL
2079742317000,292.224929,-1.47746245838822,-10.3406603721186,-2.16697148354372,1.5897768,1.033584,-1.2333369,325.5586,100.532135,-10.481591,WAL
2079747305000,292.229917,-0.952006112374447,-10.2947236801966,-1.83566912493366,1.7751744,1.1414018,-1.1991285,325.8786,100.39171,-10.331407,WAL
2079752311000,292.234923,-0.513818494862899,-10.5067502887469,-1.76499370354791,1.9663752,1.251052,-1.2305881,326.23068,100.24042,-10.174732,WAL
2079757285000,292.239897,-0.146433935476143,-10.6499296418447,-1.55069702850868,2.0937407,1.4037683,-1.3231341,326.60696,99.93645,-9.882843,WAL
2079762306000,292.244918,0.127158926110002,-10.6979283569575,-1.12830803479736,2.191479,1.5549575,-1.3530666,327.00723,99.648346,-9.60938,WAL
2079767286000,292.249898,0.348263375315895,-10.6709640210262,-0.886965482581489,2.2574525,1.6432275,-1.3539828,327.4128,99.240555,-9.219114,WAL
2079772414000,292.255026,0.501422929955734,-10.5326261610664,-0.901787393937626,2.2473733,1.6502525,-1.3487904,327.83096,98.84401,-8.835225,WAL
2079777304000,292.259916,0.550102512963841,-10.4498535835803,-0.95991830361391,2.1813998,1.7742581,-1.2938126,328.3054,98.40124,-8.400999,WAL
2079782304000,292.264916,0.469680788008299,-10.430930939834,-1.07818551365145,2.1077905,1.9798143,-1.276403,328.8004,82.02365,-7.972353,WAL
2079787272000,292.269884,0.390049242488493,-10.3237322706885,-1.22109207773969,2.031127,2.0299053,-1.2513574,329.28394,82.43703,-7.5431414,WAL
2079792312000,292.274924,0.309690719405543,-10.0779297283322,-1.40544393514837,1.9657644,2.0809124,-1.1756102,329.8194,82.80538,-7.14861,WAL
2079797240000,292.279852,0.201891640791712,-9.80982717038201,-1.6538908387705,1.9291124,2.0983222,-1.1389582,330.35852,83.14102,-6.782798,WAL
2079802298000,292.28491,0.0354002299116174,-9.4816010680546,-2.03919952338211,1.8570304,2.1340578,-1.0549643,330.9059,83.42365,-6.4671273,WAL
2079807267000,292.289879,-0.167949901263094,-9.14203607429963,-2.3425789954933,1.8133535,2.1930063,-0.9767735,331.46405,83.67696,-6.1814823,WAL
2079812314000,292.294926,-0.462311333151238,-8.75936671477873,-2.48485378205441,1.78617,2.209805,-0.9053023,332.00616,83.8933,-5.931404,WAL
2079817288000,292.2999,-0.726761130180252,-8.424991320067,-2.58941341137343,1.784032,2.1655173,-0.84513205,332.5555,84.094475,-5.6974864,WAL
2079822338000,292.30495,-0.94662744857234,-8.1665515888499,-2.62798642142287,1.7892243,2.1062634,-0.81122905,333.09155,84.26887,-5.488238,WAL
2079827293000,292.309905,-1.16235766790557,-7.91297359515074,-2.66583380059021,1.7800614,2.0409007,-0.7867944,333.6308,84.39639,-5.3176823,WAL
2079832303000,292.314915,-1.4218105687408,-7.63046607672903,-2.63377092118983,1.756543,1.9669861,-0.77274454,334.13892,84.503586,-5.1638775,WAL
2079837788000,292.3204,-1.71139957786517,-7.31673938075843,-2.58606619199438,1.7278323,1.9046779,-0.7693848,334.62097,84.594894,-5.0232396,WAL
2079842309000,292.324921,-1.87761371955056,-7.08160737752809,-2.59417414831461,1.675298,1.8689423,-0.7788532,335.12408,84.66008,-4.8852963,WAL
2079847240000,292.329852,-2.05890147284644,-6.82515174648876,-2.60301739817416,1.6276505,1.8164078,-0.7858781,335.6339,84.67892,-4.768075,WAL
2079852304000,292.334916,-2.17666427121822,-6.46098462707372,-2.51421316263866,1.5793921,1.7941113,-0.79137594,336.13684,84.69059,-4.6576815,WAL
2079857254000,292.339866,-2.27438763089231,-6.07939754795327,-2.40252921888682,1.4993688,1.7773124,-0.77763146,336.62073,84.69658,-4.5589223,WAL
2079862311000,292.344923,-2.33562837159937,-5.78600473166559,-2.2499383924032,1.4333953,1.7754798,-0.75136423,337.12674,84.66703,-4.4803824,WAL
2079867289000,292.349901,-2.38385865834636,-5.5273156569668,-2.08770952493332,1.3542882,1.7684549,-0.745561,337.62228,84.6426,-4.4077783,WAL
2079872339000,292.354951,-2.40972422768274,-5.23912991576983,-1.78882535452566,1.2684617,1.7583756,-0.7620544,338.13858,84.59092,-4.350444,WAL
2079877332000,292.359944,-2.41963956469673,-4.93671040262312,-1.40212493319855,1.1508701,1.7293595,-0.766025,338.64362,84.54545,-4.3057785,WAL
2079882306000,292.364918,-2.35944291717441,-4.58837719668698,-1.04394488046459,1.0051788,1.7284433,-0.75228053,339.1727,84.48326,-4.2725945,WAL
2079887311000,292.369923,-2.26361560714966,-4.21419412428599,-0.697141216479436,0.87872964,1.7214183,-0.73945236,339.6884,84.43321,-4.2452745,WAL
2079892314000,292.374926,-2.22754093220339,-3.91652829322034,-0.345617226504237,0.7501425,1.6939293,-0.74036866,340.21838,84.35391,-4.230336,WAL
2079897309000,292.379921,-2.23767570254237,-3.67836119025424,0.0090999946345339,0.66920286,1.6548339,-0.71929383,340.73883,84.2757,-4.2330704,WAL
2079902304000,292.384916,-2.23131576349491,-3.52684208651506,0.365924574051466,0.5164866,1.6056592,-0.7021896,341.2618,84.19374,-4.228903,WAL
2079907320000,292.389932,-2.21694196672651,-3.41664292792739,0.725269748414123,0.3747658,1.5247196,-0.68203104,341.75986,84.11411,-4.2391076,WAL
2079912310000,292.394922,-2.29840243356992,-3.32830139366967,0.895070442067907,0.21044308,1.4477507,-0.65026605,342.27396,84.00523,-4.255387,WAL
2079917289000,292.399901,-2.42645939092653,-3.25055244142528,0.972819298801074,0.060170226,1.3927728,-0.6227771,342.76605,83.913,-4.2846165,WAL
2079922336000,292.404948,-2.47180673974268,-3.26932444200182,0.985530147523047,-0.07269296,1.3698653,-0.58123827,343.2754,83.79515,-4.3183346,WAL
2079927309000,292.409921,-2.45733234236653,-3.35617062473913,0.95175664600851,-0.19364429,1.3356569,-0.5503896,343.76077,83.69787,-4.364132,WAL
2079932308000,292.41492,-2.40088638419579,-3.38172694839737,0.859541982607646,-0.30879238,1.2980887,-0.5225952,344.26663,83.59253,-4.4372563,WAL
2079937298000,292.41991,-2.31784055729871,-3.3678860334524,0.730359587888589,-0.42210788,1.2437216,-0.5112942,344.75424,83.5051,-4.5196533,WAL
2079942306000,292.424918,-2.20836458053404,-3.34832682507134,0.602087575519772,-0.5216789,1.2067643,-0.48838675,345.25098,83.429214,-4.588692,WAL
2079947309000,292.429921,-2.07652145768447,-3.32391145083571,0.475127527517326,-0.60994893,1.1554517,-0.45998153,345.72388,83.36648,-4.66722,WAL
2079952301000,292.434913,-1.93814030160635,-3.32955575788659,0.400072169049739,-0.68539083,1.1102476,-0.43585235,346.19836,83.34355,-4.709196,WAL
2079957324000,292.439936,-1.7938367150958,-3.35748541688601,0.362832529744533,-0.7648033,1.0647382,-0.40469822,346.65283,83.32625,-4.766842,WAL
2079962308000,292.44492,-1.65843075370867,-3.3879901025916,0.383517302314567,-0.8371908,1.0238101,-0.3924809,347.10083,83.35316,-4.7792387,WAL
2079967303000,292.449915,-1.53018369472744,-3.42123931438785,0.459515555263628,-0.9266826,0.97524637,-0.37843102,347.52838,83.38549,-4.806539,WAL
2079972329000,292.454941,-1.44918525767348,-3.46102519765812,0.601276211359056,-1.0082331,0.90041536,-0.3680463,347.9385,83.45489,-4.7909274,WAL
2079977329000,292.459941,-1.41701436795278,-3.50698354298877,0.808088909314713,-1.0995574,0.82253003,-0.36102137,348.3289,83.533485,-4.7839966,WAL
2079982309000,292.464921,-1.43198933875,-3.52192080096774,1.02630349396169,-1.2177598,0.70952,-0.34513888,348.697,83.64293,-4.741193,WAL
2079987327000,292.469939,-1.5143441275,-3.49285444064516,1.26367889639113,-1.3185526,0.6423248,-0.3210097,349.0508,83.75485,-4.7087502,WAL
2079992310000,292.474922,-1.57802558585924,-3.51795127156166,1.48891290350521,-1.4395039,0.52778757,-0.3005457,349.3804,83.87498,-4.6601024,WAL
2079997308000,292.47992,-1.61776210625404,-3.6150850802878,1.7008411966885,-1.4996742,0.3998113,-0.24831672,349.68115,83.98243,-4.631681,WAL
2080002276000,292.484888,-1.66398210616008,-3.75286614445273,1.95078826723862,-1.6362026,0.29077184,-0.21074851,349.93777,84.10109,-4.652827,WAL
2080007319000,292.489931,-1.73089524007247,-4.0153716275818,2.32138400314398,-1.7858646,0.17470746,-0.15454891,350.15262,84.20559,-4.6929855,WAL
2080012258000,292.49487,-1.74303073499096,-4.47840423869801,2.7929899022604,-1.9187278,0.05131268,-0.06352998,350.34552,84.29486,-4.7613463,WAL
2080017298000,292.49991,-1.6654464818264,-5.29788778300181,3.45730519339964,-2.0696115,-0.058337633,0.0290161,350.50723,84.38023,-4.8441,WAL
2080022276000,292.504888,-1.54418823476469,-6.30163063663376,4.14070177753283,-2.189952,-0.17348573,0.122783914,350.62738,84.406555,-4.977109,WAL
2080027317000,292.509929,-1.34984142581233,-7.62966766375923,4.87644338591009,-2.2314909,-0.26419923,0.26419923,350.71997,84.38494,-5.1465683,WAL
2080032240000,292.514852,-1.05836629823253,-9.16866684720209,5.69524290814729,-2.1868975,-0.33078352,0.39950588,350.78635,84.32012,-5.3179064,WAL
2080037323000,292.519935,-0.507923411000677,-11.351619582681,6.78671957063883,-2.064419,-0.3417791,0.50793445,350.83862,84.20859,-5.51631,WAL
2080042265000,292.524877,0.166910072519481,-13.3264374805195,7.97611227272727,-1.8020525,-0.2929099,0.57787853,350.86847,84.07522,-5.6786747,WAL
2080047308000,292.52992,1.33300676483263,-14.8370622730016,9.62808219910371,-1.3494014,-0.26358834,0.550695,350.88397,83.91964,-5.8353643,WAL
2080052444000,292.535056,2.542209406137,-16.325880160967,11.1894798097944,-0.6585127,-0.3390302,0.3549127,350.83203,83.85996,-5.8108563,WAL
2080057322000,292.539934,3.94672011778076,-17.151211654923,11.2377452485794,0.16554448,-0.41630468,-0.0012217305,350.78604,83.78499,-5.727948,WAL
2080062294000,292.544906,5.31666680309651,-17.9377019232754,11.1532522392912,0.81397796,-0.258396,-0.38026363,350.68344,83.79114,-5.3692746,WAL
2080067306000,292.549918,6.20018437034234,-18.2886320237399,9.98899041923275,1.1297953,0.19181168,-0.59223384,350.65765,83.66245,-4.9773445,WAL
2080072341000,292.554953,7.08775638771719,-18.6411725376742,8.81938581747807,1.2272283,0.689056,-0.6267477,350.64264,83.56022,-4.3271675,WAL
2080077326000,292.559938,6.61039690443893,-17.9710754929694,7.73082167640842,1.2064588,1.0607675,-0.59589905,350.74667,83.272575,-3.684085,WAL
2080082242000,292.564854,5.79263745012407,-17.0494739081886,6.67508978081059,1.0897835,1.1756102,-0.57910025,350.93878,82.854485,-3.0713563,WAL
2080087307000,292.569919,4.57186853566292,-15.4006966117695,5.70718512893751,0.9462303,1.2977833,-0.537256,351.2422,82.56038,-2.352348,WAL
2080092319000,292.574931,3.11823862746885,-13.3150533005166,4.82722859860225,0.8542951,1.3200798,-0.50671273,351.5579,82.189125,-1.6816049,WAL
2080097309000,292.579921,1.6960376098246,-11.2985647197477,4.21893730396137,0.6621779,1.2837334,-0.45234573,351.9386,81.89955,-1.1609112,WAL
2080102331000,292.584943,0.278977821038628,-9.30330650216792,3.75922229564446,0.4560109,1.2049317,-0.41722095,352.30856,81.60692,-0.66980153,WAL
2080107319000,292.589931,-0.953674244627159,-7.64809609053677,3.52132721960906,0.27488935,1.0995574,-0.37568212,352.69705,81.377525,-0.3842151,WAL
2080112312000,292.594924,-2.07627823204054,-6.19909619714552,3.42241934427552,0.06566802,0.960891,-0.28680122,353.04297,81.20829,-0.12807915,WAL
2080117302000,292.599914,-2.98833185605666,-5.43208180306447,3.3125978300954,-0.16890424,0.8344419,-0.14172074,353.37827,81.098465,-0.0952385,WAL
2080122343000,292.604955,-3.80713259131734,-4.99011546784234,3.19629092789824,-0.39736784,0.73761976,0.025350908,353.6743,81.04738,-0.09229084,WAL
2080127307000,292.609919,-4.49592410403102,-4.94867704452495,3.0338422780896,-0.59956425,0.69027776,0.21563543,353.9487,81.01624,-0.29414183,WAL
2080132307000,292.614919,-5.11163892186958,-5.16857514637208,2.83837717961016,-0.782213,0.66920286,0.38820487,354.196,81.03702,-0.53608656,WAL
2080137309000,292.619921,-5.45918277652103,-5.71647005438955,2.88635328487138,-0.93462384,0.52381694,0.5222898,354.40323,81.081055,-0.9357118,WAL
2080142322000,292.624934,-5.65521615175582,-6.45159457184565,3.07258495552266,-1.0629056,0.2843578,0.6252206,354.57138,81.14356,-1.3706458,WAL
2080147312000,292.629924,-5.76696657317212,-7.69546941297601,3.31766338936596,-1.1545353,-0.05467244,0.68569624,354.68604,81.21922,-1.9033998,WAL
2080152302000,292.634914,-5.83975891075781,-9.17861612975057,3.59063515412224,-1.1600331,-0.4615087,0.73945236,354.71054,81.261215,-2.448586,WAL
2080157328000,292.63994,-6.08061360459864,-11.154822793977,3.68635640787466,-1.0754282,-0.8729264,0.77304995,354.64655,81.25007,-3.0083444,WAL
2080162310000,292.644922,-6.43982214044155,-13.4605546372978,3.65237723164106,-0.9053023,-1.2235631,0.8164214,354.48416,81.1698,-3.56641,WAL
2080167308000,292.64992,-6.62509270328941,-15.1289576927282,3.14941494787701,-0.68661255,-1.3994923,0.79901177,354.2787,81.03895,-4.0807843,WAL
2080172352000,292.654964,-6.70053326836506,-16.4020140589556,2.34314594875549,-0.4129449,-1.361924,0.76144356,354.03848,80.824135,-4.5833025,WAL
2080177373000,292.659985,-6.49344856768802,-17.3123062729805,2.01254324512535,-0.01740966,-1.1725558,0.70157874,353.85446,80.591,-5.0429068,WAL
2080182352000,292.664964,-6.08075311686232,-17.9526952276164,2.03151773267012,0.4615087,-0.977079,0.61911196,353.69296,80.27672,-5.466697,WAL
2080187335000,292.669947,-5.2355545367389,-18.2578516148642,2.01624785639769,0.8906415,-0.8949176,0.44806966,353.65714,80.07853,-5.7668476,WAL
2080192349000,292.674961,-4.04440030095107,-18.3002240690264,1.97387481229532,1.0097603,-0.86437434,0.3005457,353.6688,79.85067,-6.042674,WAL
2080197307000,292.679919,-2.35057366044547,-15.6864664434524,0.870344743615591,0.9807441,-0.9810496,-0.06414085,353.66614,79.67806,-6.1284328,WAL
2080202300000,292.684912,-0.160797638709677,-10.5632175,-1.23679823064516,0.61850107,-0.9755518,-0.3622431,353.71075,79.57319,-6.1933823,WAL
2080207305000,292.689917,1.09817738633385,-6.87070999667187,-2.32864114105044,0.019242255,-0.8231409,-0.54428095,353.73468,79.66605,-6.0409126,WAL
2080212306000,292.694918,1.1131207800312,-5.09742613364535,-2.06464102969319,-0.6267477,-0.7626653,-0.66431594,353.73868,79.88614,-5.8274817,WAL
2080217311000,292.699923,0.958694308058608,-3.83647782398304,-1.85010172122614,-1.1743884,-0.91354895,-0.6976081,353.58163,80.400345,-5.4371915,WAL
2080222337000,292.704949,0.638549798571429,-3.07091478120301,-1.68306977669173,-1.5735888,-1.212873,-0.65301496,353.3945,81.03309,-5.036049,WAL
2080227302000,292.709914,0.231982455612067,-2.53533879306711,-1.7355605137691,-1.8188512,-1.5204436,-0.5702427,353.15268,81.68884,-4.6546397,WAL
2080232302000,292.714914,-0.295843864248695,-2.28531582845678,-2.07355451879714,-2.008525,-1.7941113,-0.50701815,352.82947,82.41611,-4.2745357,WAL
2080237314000,292.719926,-0.843533262547406,-2.21537651928527,-2.48756002458846,-2.1224513,-2.0176878,-0.4437936,352.42532,83.10161,-3.9749968,WAL
2080242315000,292.724927,-1.4223683073036,-2.45988441296103,-3.03146551241925,-2.1612413,-2.191479,-0.3408628,351.95313,83.78832,-3.7018788,WAL
2080247292000,292.729904,-1.94789585931761,-2.81599459895591,-3.54355698303347,-2.1416936,-2.3099868,-0.21105394,351.45584,84.44219,-3.530321,WAL
2080252302000,292.734914,-2.41306779732451,-3.31694896858395,-4.02214723948914,-2.1041253,-2.4303274,-0.064751714,350.90726,85.05217,-3.3934276,WAL
2080257252000,292.739864,-2.88571983347522,-3.83563489601703,-4.44270359592581,-2.0549507,-2.493552,0.07819075,350.39816,85.58876,-3.3486092,WAL
2080262309000,292.744921,-3.40108830290869,-4.42462753501571,-4.74210818314584,-2.0146337,-2.4966063,0.24587326,349.87448,86.00762,-3.3547852,WAL
2080267300000,292.749912,-3.80754178461393,-4.96806587002077,-4.98852378744572,-1.996613,-2.4266622,0.39614612,349.3822,86.258316,-3.4641078,WAL
2080272336000,292.754948,-4.0032976741363,-5.43696956985086,-5.13420270834435,-1.9764545,-2.2812762,0.52870387,348.91837,86.31701,-3.6174572,WAL
2080277252000,292.759864,-4.1543589133874,-5.88353561080682,-5.19871336154413,-1.9651535,-2.0992384,0.6649268,348.5224,93.876656,-3.8764098,WAL
2080282306000,292.764918,-4.14416270527702,-6.29647998978302,-4.94380932992416,-1.930945,-1.999362,0.8249735,348.1557,94.24438,-4.177997,WAL
2080287290000,292.769902,-4.12994257352124,-6.74139128473601,-4.61870513809051,-1.8649716,-1.7983873,0.91507614,347.8609,94.77576,-4.5453763,WAL
2080292315000,292.774927,-4.10606235319571,-7.27630891822152,-4.12199605660977,-1.8298469,-1.6609426,1.1053606,347.59073,95.43118,-4.9819317,WAL
2080297282000,292.779894,-4.02925397729684,-7.85157502282629,-3.74063008302709,-1.7681495,-1.6129897,1.2791518,347.34793,96.11552,-5.4394054,WAL
2080302302000,292.784914,-3.81979431088274,-8.54825621433984,-3.62679323854897,-1.7125608,-1.5882497,1.4450017,347.1528,96.8468,-5.9410357,WAL
2080307288000,292.7899,-3.6005369361255,-9.26349160916335,-3.54145631830677,-1.6850718,-1.5317446,1.6087136,346.98184,97.56739,-6.4735317,WAL
2080312308000,292.79492,-3.3275979861255,-10.0918856091633,-3.58455201830677,-1.6377298,-1.4013249,1.7345519,346.854,98.29383,-7.0303392,WAL
2080317315000,292.799927,-3.03634617278546,-10.881926315094,-3.56818416363824,-1.5949692,-1.2195925,1.817935,346.73987,98.99656,-7.575134,WAL
2080322345000,292.804957,-2.65340244751187,-11.5035877852571,-3.26978639830683,-1.5454891,-1.0680978,1.8738291,346.66785,99.69729,-8.133547,WAL
2080327334000,292.809946,-2.28554764073002,-12.0648719979096,-2.96550075043415,-1.5522085,-0.98532563,1.8729129,346.60135,100.356384,-8.641226,WAL
2080332309000,292.814921,-1.95611872410355,-12.4517596446374,-2.63607187380608,-1.600467,-0.9263771,1.8432859,346.5809,101.00408,-9.141558,WAL
2080337322000,292.819934,-1.62417356650587,-12.8416024130889,-2.3041267565123,-1.6539177,-0.9324858,1.7440202,346.54276,101.53154,-9.536872,WAL
2080342289000,292.824901,-1.20999910916755,-12.7678478103717,-2.150064195463,-1.7208074,-0.9822713,1.5964963,346.51218,102.03688,-9.900587,WAL
2080347255000,292.829867,-0.767450510919974,-12.5405930494442,-2.05437801057291,-1.7925841,-1.01312,1.426065,346.48615,102.51052,-10.221095,WAL
2080352294000,292.834906,-0.318396466101303,-12.3099976526835,-1.95728524261858,-1.8432859,-1.0418307,1.2748758,346.4303,102.82319,-10.404017,WAL
2080357256000,292.839868,0.123795669320457,-12.0829259402948,-1.8616761307731,-1.8713857,-1.0952814,1.1246029,346.35428,103.09942,-10.538657,WAL
2080362275000,292.844887,0.431261990268422,-11.5990293284278,-1.8349465510312,-1.8264871,-1.1734722,0.95264435,346.24817,103.34276,-10.635341,WAL
2080367324000,292.849936,0.696856835978858,-11.0327611378381,-1.82993533088403,-1.7724255,-1.3002267,0.7486154,346.10666,103.54421,-10.6837015,WAL
2080372348000,292.85496,0.998068959840475,-10.3494282716565,-2.17293233503988,-1.6853772,-1.4349225,0.5748242,345.90134,103.58019,-10.572498,WAL
2080377335000,292.859947,1.30370869321091,-9.64955772398442,-2.57602245169727,-1.5522085,-1.5589281,0.44990227,345.6539,103.568565,-10.426706,WAL
2080382362000,292.864974,1.27081477272727,-9.0945421778001,-2.83811630180814,-1.4269812,-1.6517797,0.3277292,345.3546,103.509514,-10.22684,WAL
2080387309000,292.869921,1.08997044181818,-8.61387714726268,-3.03323790827725,-1.4110987,-1.917506,0.2501493,344.96445,103.435486,-10.021071,WAL
2080397328000,292.87994,0.418019882650987,-7.95503760119593,-3.79067272519434,-1.5308284,-2.4523184,-0.0888809,343.95102,103.33709,-9.520015,WAL
2080402239000,292.884851,0.0676529039816743,-7.83565082282382,-4.18262660558101,-1.6120734,-2.6459627,-0.22510384,343.31888,103.368866,-9.309353,WAL
2080407232000,292.889844,-0.285846338733861,-7.79581995035402,-4.57595688713036,-1.6426166,-2.7464502,-0.321926,342.636,103.390114,-9.069104,WAL
2080412245000,292.894857,-0.594139003103448,-7.96245856108229,-4.84264185810192,-1.6362026,-2.7406468,-0.37018433,341.9172,103.54941,-8.909522,WAL
2080417249000,292.899861,-0.886615901034483,-8.1964397170176,-5.06687389252365,-1.5906931,-2.6239717,-0.3915646,341.20148,103.69939,-8.728041,WAL
2080422279000,292.904891,-1.10588462399665,-8.61002868632285,-5.0539077692338,-1.5048665,-2.4043655,-0.36163223,340.52985,103.94816,-8.61508,WAL
2080427252000,292.909864,-1.3031304231634,-9.0655728459718,-4.97876667587023,-1.4147639,-2.0955732,-0.33841935,339.91788,104.18466,-8.481752,WAL
2080432245000,292.914857,-1.3574155140856,-9.44383820924125,-4.64192849620623,-1.3365731,-1.7537941,-0.28710666,339.38672,104.47198,-8.399309,WAL
2080437303000,292.919915,-1.36683953245136,-9.80195100554475,-4.21784717772374,-1.3020593,-1.4025466,-0.21074851,338.94965,104.75729,-8.310518,WAL
2080442250000,292.924862,-1.4072111895036,-9.97444385158867,-3.47807908620445,-1.3081679,-1.1258247,-0.14202617,338.585,105.03979,-8.243033,WAL
2080447252000,292.929864,-1.46070166657192,-10.0765621366359,-2.59791719368592,-1.3646729,-0.9294315,-0.084910266,338.30026,105.33433,-8.175892,WAL
2080452244000,292.934856,-1.50231030176861,-10.1138366312292,-1.77460651687512,-1.4364496,-0.80909103,-0.046120327,338.0568,105.57557,-8.101653,WAL
2080457255000,292.939867,-1.53982400701583,-10.1279040564784,-0.968062270256009,-1.4984524,-0.8081747,-0.0061086523,337.83752,105.83339,-8.038339,WAL
2080462251000,292.944863,-1.45108001972817,-10.0452803504412,-0.273319279470535,-1.5103643,-0.8885035,0.04153884,337.61426,105.97742,-7.9775934,WAL
2080467235000,292.949847,-1.30583971819657,-9.91940591449437,0.370579397393245,-1.4999796,-1.0158689,0.087964594,337.38208,106.13424,-7.931224,WAL
2080472272000,292.954884,-1.12392334307784,-9.73962992810458,0.723028991027926,-1.4178182,-1.1233811,0.124311075,337.11618,106.23151,-7.931706,WAL
2080477253000,292.959865,-0.930242894761339,-9.54122552069717,0.954500717458903,-1.2681563,-1.151481,0.14752395,336.84564,106.31176,-7.942759,WAL
2080482247000,292.964859,-0.76772869494968,-9.34981211537054,0.792782595860933,-1.0458013,-1.1325442,0.16065755,336.52893,106.357285,-7.9955697,WAL
2080487299000,292.969911,-0.617226518115279,-9.15947096660567,0.456365950064044,-0.9221011,-1.0580186,0.17348573,336.22836,106.39088,-8.04938,WAL
2080492391000,292.975003,-0.475293087759092,-8.97693277664494,0.0634078417637166,-0.63407815,-0.93676186,0.18845193,335.93286,106.34209,-8.103284,WAL
2080497306000,292.979918,-0.346659478688249,-8.80871982047509,-0.362072570187093,-0.38331795,-0.838718,0.20005837,335.65747,106.27181,-8.153177,WAL
2080502327000,292.984939,-0.246857274489213,-8.71125665648704,-0.729761959284799,-0.19120082,-0.8356637,0.21563543,335.39264,106.15952,-8.168892,WAL
2080507342000,292.989954,-0.166424737221949,-8.65921201310216,-1.05622344046892,-0.09621128,-0.8894198,0.21502456,335.14474,106.01151,-8.178415,WAL
2080512340000,292.994952,-0.117099008431516,-8.69486759326065,-1.40821586143707,-0.121256754,-0.9761627,0.19730948,334.86386,105.89508,-8.183141,WAL
2080517327000,292.999939,-0.0886988856364718,-8.78953459345887,-1.77741740933598,-0.22266038,-1.0833695,0.16065755,334.5684,105.77607,-8.185385,WAL
2080522351000,293.004963,-0.101143928740806,-8.87887479807786,-2.16073126458762,-0.42149702,-1.1960741,0.10415252,334.22964,105.70863,-8.170687,WAL
2080527360000,293.009972,-0.143483053129744,-8.96355278552515,-2.55119207413945,-0.6704246,-1.2938126,0.040011674,333.87085,105.675476,-8.14736,WAL
2080532329000,293.014941,-0.35457485226907,-8.95487843064845,-2.75927610265581,-0.91232723,-1.3912456,0.0036651916,333.4717,105.72805,-8.121531,WAL
2080537331000,293.019943,-0.712095985183677,-8.86665909188718,-2.81499368949307,-1.1145236,-1.4395039,-0.027183503,333.06238,105.8228,-8.079847,WAL
2080542349000,293.024961,-1.01680280006531,-8.75262097734694,-2.75104529730612,-1.244638,-1.428203,-0.035430185,332.64902,105.9919,-8.033175,WAL
2080547346000,293.029958,-1.26096246121633,-8.61100854683673,-2.55571746232653,-1.3048081,-1.3713925,-0.03573562,332.2386,106.186844,-7.977423,WAL
2080552331000,293.034943,-1.50541605217864,-8.45746453907717,-2.32030385196127,-1.3588698,-1.3148874,-0.02321288,331.83444,106.46492,-8.001241,WAL
2080557373000,293.039985,-1.75350277760103,-8.29048272522478,-2.04359180795376,-1.3658947,-1.294118,0.007941248,331.44263,106.74099,-8.023879,WAL
2080562343000,293.044955,-1.97295436728248,-8.18393270282082,-1.7981891352801,-1.3591752,-1.2733486,0.05009095,331.0921,107.0228,-8.085217,WAL
2080567308000,293.04992,-2.16658788784267,-8.13670503893524,-1.5809416841478,-1.3289373,-1.2522738,0.10873401,330.75586,107.298096,-8.152859,WAL
2080572439000,293.055051,-2.34494111046397,-8.12801339151036,-1.33828733713228,-1.2852604,-1.2235631,0.16890424,330.45697,107.55916,-8.269323,WAL
2080577319000,293.059931,-2.49257339476802,-8.16030810424482,-1.08915801393386,-1.2366967,-1.207986,0.24465153,330.17133,107.81251,-8.399401,WAL
2080582314000,293.064926,-2.62740141228306,-8.22163492309905,-0.898913097559689,-1.2009611,-1.1743884,0.2761111,329.87204,108.083405,-8.602605,WAL
2080587345000,293.069957,-2.74289872908237,-8.31865280621344,-0.788035554760763,-1.1829406,-1.1582005,0.36041048,329.58972,108.354866,-8.832665,WAL
2080592282000,293.074894,-2.83118729245476,-8.43692898180145,-0.73386674899908,-1.1374311,-1.1533136,0.4392121,329.3143,108.60336,-9.103957,WAL
2080597325000,293.079937,-2.87562689316021,-8.59987392659237,-0.77830622596258,-1.0931433,-1.1490375,0.50793445,329.05695,108.850105,-9.384671,WAL
2080602292000,293.084904,-2.88294458296471,-8.78046644971985,-0.853404289244077,-1.0503827,-1.1520919,0.5717699,328.80704,109.09672,-9.708875,WAL
2080607352000,293.089964,-2.83530995286543,-8.99482183751106,-0.977254188231593,-0.9767735,-1.1414018,0.6215554,328.57446,109.32603,-10.035636,WAL
2080612243000,293.094855,-2.75545741027113,-9.22610595468039,-1.12589932669701,-0.9083566,-1.1520919,0.66828656,328.3289,109.562675,-10.388349,WAL
2080617345000,293.099957,-2.61041228575104,-9.51136157154166,-1.33379729475559,-0.82863873,-1.1710287,0.70524395,328.09515,109.77901,-10.740029,WAL
2080622358000,293.10497,-2.4362082831582,-9.76432171888557,-1.53289469911308,-0.75747293,-1.1777482,0.72418076,327.84824,109.98892,-11.085855,WAL
2080627407000,293.110019,-2.20313543299913,-9.96942560117613,-1.72401446252772,-0.6844745,-1.1786644,0.7315111,327.60797,110.178665,-11.427675,WAL
2080632269000,293.114881,-1.9382653824355,-10.1494813913215,-1.9080705897005,-0.6188065,-1.1930199,0.73975784,327.3348,110.35594,-11.7457285,WAL
2080637343000,293.119955,-1.54921626943758,-10.288770891371,-2.10019363508945,-0.56016344,-1.1826351,0.73639804,327.07632,110.513145,-12.049334,WAL
2080642286000,293.124898,-1.17323118948566,-10.4419713254552,-2.27392668827005,-0.5018258,-1.1545353,0.7266242,326.78973,110.65603,-12.313563,WAL
2080647344000,293.129956,-0.797876759623208,-10.6531080406819,-2.40999262040876,-0.44073927,-1.0812315,0.7076874,326.52615,110.77916,-12.559781,WAL
2080652316000,293.134928,-0.439085236177614,-10.8521126401088,-2.51610118799067,-0.40775254,-0.9819659,0.6954701,326.23618,110.88018,-12.740108,WAL
2080657349000,293.139961,-0.120623843408473,-11.0160264764866,-2.50205143058686,-0.3643811,-0.883922,0.6627888,325.97116,110.95566,-12.896373,WAL
2080662302000,293.144914,0.184828844629943,-11.1528064020321,-2.46731315427831,-0.3155119,-0.8051204,0.6218608,325.6874,111.01056,-12.991369,WAL
2080667357000,293.149969,0.440409115916924,-11.1190503416675,-2.28406701248132,-0.28313604,-0.77304995,0.5693264,325.42072,111.0499,-13.065787,WAL
2080672341000,293.154953,0.665542568462758,-11.0815102228385,-2.11129559271879,-0.25900686,-0.77457714,0.48258355,325.14435,111.04085,-13.067098,WAL
2080677409000,293.160021,0.704001540253566,-11.0131386281916,-1.9916453243969,-0.22968534,-0.7892379,0.37782016,324.87262,111.0108,-13.046006,WAL
2080682285000,293.164897,0.741003502852615,-10.9473572754886,-1.8765279786318,-0.204029,-0.7993172,0.31245756,324.56635,110.95932,-13.004637,WAL
2080687346000,293.169958,0.525195374174873,-10.9407827248583,-1.89452728006565,-0.21227567,-0.8374963,0.16523905,324.23776,110.876274,-12.915223,WAL
2080692248000,293.17486,0.27069123850194,-10.945452619815,-1.93655548134885,-0.2144137,-0.84971356,0.015577064,323.9135,110.7756,-12.805938,WAL
2080697321000,293.179933,0.00730905158460163,-10.9502854180842,-1.98004978267681,-0.23793201,-0.86620694,-0.118202426,323.56433,110.65928,-12.673445,WAL
2080702268000,293.18488,-0.249531413363175,-10.9549981823336,-2.02246379976127,-0.2764165,-0.8579602,-0.21960606,323.21472,110.52902,-12.5090275,WAL
2080707345000,293.189957,-0.689958131307983,-10.9677782532351,-1.97072586317937,-0.3417791,-0.83199847,-0.2910773,322.8561,110.40004,-12.323971,WAL
2080712243000,293.194855,-1.15221303915588,-10.9817857726458,-1.90068724225562,-0.42119157,-0.82527894,-0.3268129,322.495,110.276115,-12.124446,WAL
2080717345000,293.199957,-1.56471638502349,-10.9337307455098,-1.80306474788616,-0.51251596,-0.8530733,-0.34880406,322.1509,110.220474,-11.998702,WAL
2080722332000,293.204944,-1.95182512884775,-10.872145406558,-1.70188863703601,-0.59803706,-0.883922,-0.344528,321.8124,110.18345,-11.87212,WAL
2080727412000,293.210024,-2.2337052225964,-10.8570092994201,-1.59176198078136,-0.63438356,-0.8906415,-0.3182608,321.4902,110.195656,-11.830848,WAL
2080732315000,293.214927,-2.44867905089022,-10.8665638891037,-1.48188644415505,-0.65240407,-0.86742866,-0.2782491,321.17462,110.22693,-11.794345,WAL
2080737343000,293.219955,-2.51239882455653,-11.0744674519129,-1.3106203463707,-0.61727935,-0.81581056,-0.23915374,320.87598,110.292366,-11.844301,WAL
2080742351000,293.224963,-2.50320127648864,-11.3733877641193,-1.11287287083134,-0.5555819,-0.7690793,-0.204029,320.59128,110.3598,-11.89923,WAL
2080747342000,293.229954,-2.41696033003369,-11.8595341720174,-0.877666106305985,-0.46578476,-0.6945538,-0.18875736,320.33063,110.42281,-11.992851,WAL
2080752298000,293.23491,-2.28057343954618,-12.4662208592945,-0.619001230348791,-0.33169982,-0.6453791,-0.20616703,320.08185,110.459625,-12.080681,WAL
2080757315000,293.239927,-2.11562097264075,-13.0266080127582,-0.373425631407857,-0.18448131,-0.6270532,-0.22235495,319.84933,110.439224,-12.158221,WAL
2080762307000,293.244919,-1.93167178770757,-13.5445704720535,-0.141068802090725,-0.0421497,-0.6081163,-0.23945917,319.63367,110.3869,-12.223575,WAL
2080767285000,293.249897,-1.75613235732484,-14.0135913613202,-0.0726384436548929,0.112704635,-0.56046885,-0.26511553,319.42188,110.229576,-12.240128,WAL
2080772373000,293.254985,-1.58214166178344,-14.460323850029,-0.114960502290677,0.28527406,-0.48563787,-0.28802297,319.22577,110.03804,-12.247446,WAL
2080777388000,293.26,-1.45260527310705,-14.7664241546997,-0.211718515460649,0.4792238,-0.4428773,-0.31887165,319.02655,109.747025,-12.203466,WAL
2080782305000,293.264917,-1.36039419164491,-14.9552375966057,-0.352230731294293,0.6814202,-0.3680463,-0.3268129,318.86118,109.42365,-12.151055,WAL
2080787290000,293.269902,-1.26411023821293,-15.041308726447,-0.476951871688847,0.79320854,-0.29168814,-0.34605515,318.68787,109.054474,-12.053688,WAL
2080792318000,293.27493,-1.16239456292776,-14.9548502803126,-0.573581731346641,1.010982,-0.20677789,-0.37934732,318.541,108.62478,-11.945546,WAL
2080797307000,293.279919,-1.04495809890309,-14.7202995761296,-0.643691128186575,1.2324207,-0.1337795,-0.40683624,318.41037,108.178314,-11.810474,WAL
2080802296000,293.284908,-0.910329605051827,-14.3308382640636,-0.686964575507699,1.4453071,-0.06414085,-0.453262,318.30408,107.690636,-11.658499,WAL
2080807316000,293.289928,-0.787395294693307,-13.8489192743257,-0.622027472163836,1.6621643,-0.046120327,-0.52106804,318.19415,107.166176,-11.488484,WAL
2080812312000,293.294924,-0.677460051564436,-13.2801244247752,-0.449954930721279,1.8805487,-0.09437868,-0.6081163,318.08655,106.60066,-11.304192,WAL
2080817299000,293.299911,-0.6592278284136,-12.5043911597958,-0.317999429364284,2.0735822,-0.18509217,-0.7244862,317.97028,105.99885,-11.088231,WAL
2080822371000,293.304983,-0.734085980584666,-11.5031636059526,-0.224426774569447,2.2369885,-0.31215215,-0.86498517,317.83005,105.35558,-10.850781,WAL
2080827385000,293.309997,-0.955259599029872,-10.8474432264912,-0.327713344034195,2.3796256,-0.4092797,-0.9981538,317.66266,104.6642,-10.59049,WAL
2080832311000,293.314923,-1.35854512954567,-10.6254098446835,-0.676623348225915,2.5149322,-0.43066,-1.1059716,317.48358,103.94182,-10.305548,WAL
2080837282000,293.319894,-1.77968652743085,-10.4820812403604,-1.02604588417854,2.6288586,-0.36865717,-1.1997393,317.3077,103.225815,-10.029861,WAL
2080842318000,293.32493,-2.23448450035624,-10.4972409511735,-1.37472431953479,2.7171285,-0.2125811,-1.2776246,317.1594,102.4974,-9.731039,WAL
2080847278000,293.32989,-2.71749664230732,-10.6086387463888,-1.62599416026175,2.7650816,-0.017104227,-1.3222178,317.06073,101.90708,-9.524334,WAL
2080852296000,293.334908,-3.25326867257392,-10.8509008784295,-1.75644299310713,2.7656925,0.16065755,-1.3338243,317.01172,101.332596,-9.308222,WAL
2080857250000,293.339862,-3.79107480576471,-11.1514816952941,-1.87567956505882,2.7605,0.29535335,-1.3014483,317.0196,100.928856,-9.215015,WAL
2080862306000,293.344918,-4.35597876121569,-11.5692257643137,-1.98011555752941,2.7534752,0.38759398,-1.2330315,317.0765,100.56281,-9.130955,WAL
2080867264000,293.349876,-4.89903282125498,-11.9748697713147,-2.02957141705179,2.748588,0.42760566,-1.1664472,317.17142,100.28045,-9.117798,WAL
2080872388000,293.355,-5.43666938886454,-12.385428740239,-1.96603259219123,2.7495046,0.46761733,-1.1145236,317.30133,100.044395,-9.121106,WAL
2080877332000,293.359944,-5.88770976071637,-12.6661558719097,-1.81098408135098,2.7394252,0.45875978,-1.0986412,317.4443,99.89074,-9.189278,WAL
2080882350000,293.364962,-6.2057781865291,-12.7129306260463,-1.46017318111738,2.728735,0.3943135,-1.0955868,317.58963,99.78022,-9.268374,WAL
2080887259000,293.369871,-6.47036528616162,-12.6797097086869,-1.12476407253535,2.6768115,0.25625798,-1.1023064,317.73666,99.76238,-9.413524,WAL
2080892345000,293.374957,-6.60812447666667,-12.4140314533333,-0.800046450333333,2.5802948,0.0018325958,-1.1099422,317.83636,99.778694,-9.557135,WAL
2080897262000,293.379874,-6.63782511282429,-12.0525212012879,-0.550186220603496,2.4981334,-0.2938262,-1.1313224,317.89706,99.81576,-9.7052765,WAL
2080902346000,293.384958,-6.39595037516099,-11.4030427736891,-0.46060298824287,2.422997,-0.5534439,-1.1368202,317.9022,99.89272,-9.85195,WAL
2080907298000,293.38991,-6.1380638878457,-10.7675753051332,-0.407349010443923,2.3561072,-0.7641924,-1.1108584,317.85306,100.01256,-10.008603,WAL
2080912341000,293.394953,-5.6944853338708,-10.0972793427901,-0.629138235966935,2.3139575,-0.88178396,-1.0497719,317.76605,79.8269,-10.168315,WAL
2080917338000,293.39995,-5.23822507214576,-9.47909229389048,-0.874940236663036,2.251344,-0.90377516,-0.97341377,317.64404,79.66198,-10.298102,WAL
2080922436000,293.405048,-4.68226967113576,-9.09717490959501,-1.26652627402515,2.2033908,-0.82527894,-0.89858276,317.52917,79.45398,-10.441646,WAL
2080927414000,293.410026,-4.14437675599388,-8.77879727121238,-1.65683314842714,2.1459696,-0.68233645,-0.8405506,317.40735,79.29031,-10.5173645,WAL
2080932332000,293.414944,-3.63983310661452,-8.75877571773508,-2.08529472734229,2.0839667,-0.46211955,-0.79229224,317.34064,79.090614,-10.613504,WAL
2080937321000,293.419933,-3.12800548019044,-8.7384651178371,-2.51994190448903,2.0182989,-0.20250183,-0.77824235,317.29654,78.997925,-10.5941515,WAL
2080942341000,293.424953,-2.56453962587919,-8.98741063498138,-2.69632374833471,1.9715676,0.13500121,-0.77579886,317.34485,78.88274,-10.593318,WAL
2080947239000,293.429851,-2.00173095384775,-9.30277789956558,-2.79821141947662,1.9312505,0.42730024,-0.8038987,317.46027,78.76433,-10.595456,WAL
2080952356000,293.434968,-1.69018051731192,-9.70150704110506,-2.52549570043017,1.8600847,0.56291234,-0.8546005,317.5819,78.79178,-10.46871,WAL
2080957250000,293.439862,-1.44376146530924,-10.0957769629099,-2.19395028798394,1.7751744,0.5757405,-0.91446525,317.75354,78.82503,-10.3404875,WAL
2080962344000,293.444956,-1.24734396308927,-10.5066367801404,-2.03006315496489,1.700038,0.5503896,-0.9941832,317.92056,78.98484,-10.093172,WAL
2080967274000,293.449886,-1.07686337632899,-10.9044249807422,-1.93061610481444,1.6132951,0.5696318,-1.0842859,318.10242,79.162704,-9.835505,WAL
2080972421000,293.455033,-0.912328854449591,-11.2181160123189,-1.62119668085148,1.5647314,0.59956425,-1.1294898,318.26425,79.370636,-9.520994,WAL
2080977294000,293.459906,-0.760556251138268,-11.4848679798955,-1.26706059045038,1.5506815,0.6072,-1.151481,318.42197,79.584785,-9.199881,WAL
2080982348000,293.46496,-0.656071557101025,-11.6283047853587,-0.857425720568082,1.536937,0.56169057,-1.2049317,318.55258,79.846855,-8.803058,WAL
2080987273000,293.469885,-0.573203444607125,-11.7203804124939,-0.44308507156857,1.5149459,0.44776422,-1.2302825,318.6613,80.0878,-8.421582,WAL
2080992349000,293.474961,-0.697386417109685,-11.733907743151,-0.225653328765455,1.5018122,0.35888332,-1.2461652,318.75928,80.31891,-7.9939804,WAL
2080997267000,293.479879,-0.913237632447296,-11.7099242914757,-0.110532677580202,1.5018122,0.3213151,-1.2629639,318.83795,80.52809,-7.574317,WAL
2081002340000,293.484952,-1.19690822592886,-11.6684714715149,-0.341390905019915,1.5335772,0.33322698,-1.269378,318.90927,80.67416,-7.1412067,WAL
2081007305000,293.489917,-1.49841679166749,-11.6213607888636,-0.704143410349351,1.5464053,0.42913285,-1.2745703,318.99463,80.79217,-6.7226453,WAL
2081012341000,293.494953,-1.73580607212954,-11.3514917421001,-0.966723658182532,1.5528195,0.56382865,-1.2797627,319.1092,80.82848,-6.3261003,WAL
2081017292000,293.499904,-1.94054109710501,-10.9932055091266,-1.18076483346614,1.5632042,0.6429357,-1.2666291,319.23538,80.82548,-5.9514627,WAL
2081022414000,293.505026,-2.13140557799727,-10.570703640538,-1.4023295071346,1.5717562,0.72356987,-1.2269229,319.41043,80.79858,-5.604405,WAL
2081027351000,293.509963,-2.30528654162026,-10.1384850347799,-1.61595459170957,1.5683966,0.73975784,-1.1997393,319.58896,80.746414,-5.271592,WAL
2081032304000,293.514916,-2.43297208220906,-9.71067288152112,-1.64210118505637,1.5384641,0.625526,-1.1786644,319.7639,80.665276,-4.968615,WAL
2081037297000,293.519909,-2.54719194257596,-9.28120618364227,-1.61011960316262,1.4514158,0.50854534,-1.1557571,319.9408,80.577126,-4.6847653,WAL
2081042317000,293.524929,-2.63098593817041,-8.90680124124671,-1.60902270121433,1.366811,0.4636467,-1.1432343,320.11496,80.47533,-4.4192333,WAL
2081047305000,293.529917,-2.69866111526007,-8.56359130641571,-1.6235245465088,1.2950343,0.44929138,-1.1468995,320.26385,80.379684,-4.1605606,WAL
2081052286000,293.534898,-2.73951753372081,-8.22971937659084,-1.55252324839162,1.219287,0.408058,-1.1447614,320.40802,80.26069,-3.926856,WAL
2081057316000,293.539928,-2.76848124050506,-7.89663750465979,-1.44149599135184,1.1450669,0.38453966,-1.1365148,320.5527,80.15225,-3.7014494,WAL
2081062307000,293.544919,-2.78712861522923,-7.52616023651847,-1.42421495018319,1.0467176,0.376293,-1.1230757,320.6975,80.042595,-3.4900866,WAL
2081067319000,293.549931,-2.80138708276067,-7.13642693785523,-1.44797919507872,0.9636399,0.4447099,-1.0848967,320.85544,79.94064,-3.2973745,WAL
2081072330000,293.554942,-2.74109892212442,-6.70192161788358,-1.32261850758152,0.89949906,0.4810564,-1.044885,321.01813,79.82251,-3.1144364,WAL
2081077314000,293.559926,-2.64561828359672,-6.24838823592719,-1.12688309889978,0.8558222,0.5531385,-1.0235047,321.2089,79.71642,-2.9483004,WAL
2081082307000,293.564919,-2.50898054312518,-5.78706510383912,-0.821024384791687,0.77091193,0.61758476,-0.9755518,321.4108,79.61628,-2.8067863,WAL
2081087286000,293.569898,-2.35298899531415,-5.32367858519196,-0.463161583923795,0.6817256,0.66553766,-0.9251554,321.62653,79.52593,-2.6806011,WAL
2081092311000,293.574923,-2.2015692474597,-4.8858536372169,-0.077448835372373,0.5726862,0.70616025,-0.85154617,321.86716,79.41283,-2.5698855,WAL
2081097305000,293.579917,-2.05519129649051,-4.47111625382575,0.322651033140175,0.45753807,0.7058548,-0.7797695,322.1066,79.32171,-2.4786465,WAL
2081102296000,293.584908,-1.97452915393771,-4.1359808996826,0.64641734110494,0.3408628,0.691194,-0.70463306,322.36377,79.17752,-2.398828,WAL
2081107285000,293.589897,-1.93187810287641,-3.8469012566951,0.926018863880183,0.21319197,0.6646214,-0.625526,322.61307,79.06285,-2.344587,WAL
2081112310000,293.594922,-1.89205147982491,-3.5746990166929,1.15958587910683,0.08979719,0.63194007,-0.5479461,322.87067,78.88349,-2.29182,WAL
2081117332000,293.599944,-1.85420394697029,-3.31449741974228,1.36301630027543,-0.018325957,0.5864306,-0.4728097,323.11285,78.730576,-2.2630095,WAL
2081122387000,293.604999,-1.85581525194304,-3.13995683281914,1.49161350518145,-0.14660765,0.5390886,-0.39828414,323.3611,78.51845,-2.2322364,WAL
2081127376000,293.609988,-1.88416212539306,-3.026569240354,1.56720516771482,-0.24648413,0.49205196,-0.33261612,323.59335,78.32603,-2.2221048,WAL
2081132309000,293.614921,-1.90661612605042,-2.95496800252101,1.58111197478992,-0.33658674,0.43096542,-0.25137106,323.82245,78.04863,-2.1827116,WAL
2081137340000,293.619952,-1.92523140918574,-2.9130837248044,1.54853526574906,-0.4092797,0.3707952,-0.18142697,324.03665,77.79736,-2.162594,WAL
2081142346000,293.624958,-1.94906520967448,-2.89947077951526,1.44013764673968,-0.47678033,0.3277292,-0.112704635,324.2553,77.51957,-2.1411119,WAL
2081147344000,293.629956,-1.97818893732887,-2.91403259265795,1.25568732091066,-0.5207626,0.28313604,-0.05009095,324.4541,77.26045,-2.140133,WAL
2081152338000,293.63495,-1.9894903338337,-2.94329522144973,1.08137910632036,-0.56077427,0.23182335,0.014966198,324.65088,77.01752,-2.14159,WAL
2081157348000,293.63996,-1.98475205929291,-2.9859397417934,0.915539348963065,-0.59986967,0.19028452,0.07391469,324.83527,76.79105,-2.161573,WAL
2081162348000,293.64496,-1.89658350939358,-3.09770031371383,0.737831670646056,-0.6389651,0.15515977,0.13500121,324.99933,76.63748,-2.214222,WAL
2081167373000,293.649985,-1.72491836596314,-3.27890240125842,0.547092653924891,-0.68844515,0.13194689,0.2003638,325.1516,76.49716,-2.283966,WAL
2081172410000,293.655022,-1.58846504481875,-3.41786350673759,0.438403053315603,-0.7473936,0.1160644,0.24862215,325.28378,76.43664,-2.3804061,WAL
2081177357000,293.659969,-1.49046410743696,-3.51119778386525,0.415069484033688,-0.78984874,0.09437868,0.27091873,325.40567,76.38211,-2.485057,WAL
2081182340000,293.664952,-1.36597895595062,-3.62028842597531,0.425739893195062,-0.8231409,0.065973446,0.30176744,325.48633,76.426,-2.5872579,WAL
2081187340000,293.669952,-1.20991248681481,-3.74797919140741,0.477762046281482,-0.8863655,0.038179077,0.3304781,325.56012,76.48563,-2.6921837,WAL
2081192301000,293.674913,-1.072641366666,-3.89490713139339,0.569370582876155,-0.9431759,0.00030543262,0.35063666,325.61377,76.56926,-2.777453,WAL
2081197316000,293.679928,-0.958164819829179,-4.0713918994935,0.71723614204787,-1.0076222,-0.05009095,0.35216382,325.65585,76.66838,-2.8611941,WAL
2081202262000,293.684874,-0.857048654620135,-4.30240013877071,0.89217047000098,-1.0742066,-0.10048734,0.34238997,325.68027,76.78776,-2.905396,WAL
2081207353000,293.689965,-0.771017911265562,-4.62740501728262,1.1168062610548,-1.1630874,-0.15393804,0.3182608,325.69086,76.92848,-2.9410608,WAL
2081212242000,293.694854,-0.681301420686985,-4.91910838074059,1.33183976886727,-1.2318097,-0.23151793,0.28955013,325.68048,77.05644,-2.9323905,WAL
2081217336000,293.699948,-0.574753854178497,-5.18547724644098,1.55462102682418,-1.3112222,-0.31520647,0.2443461,325.65613,77.21133,-2.907835,WAL
2081222356000,293.704968,-0.442395587454879,-5.50383927603513,1.77029692056751,-1.395827,-0.37293324,0.20738874,325.6391,77.34763,-2.826285,WAL
2081227347000,293.709959,-0.262479002082811,-5.9190316110414,1.97789303989962,-1.4828753,-0.42058071,0.17012598,325.60416,77.5065,-2.7285502,WAL
2081232244000,293.714856,-0.0299278738541565,-6.40984016557071,2.25403959832172,-1.6022996,-0.5027421,0.15057829,325.5529,77.64632,-2.5733244,WAL
2081237294000,293.719906,0.364038045274315,-7.14555959338502,2.73819046837766,-1.7162259,-0.5766568,0.08155051,325.49536,77.81104,-2.3953383,WAL
2081242265000,293.724877,0.741719379461094,-7.86671378938686,3.22785006543855,-1.8359555,-0.6774496,0.009773844,325.4222,77.96489,-2.127191,WAL
2081247305000,293.729917,1.09119254525708,-8.58777838108331,3.76754279021171,-1.9165897,-0.7687739,-0.0021380284,325.3302,78.135735,-1.8619335,WAL
2081252374000,293.734986,1.46032394357769,-9.36162628189784,4.3392392392071,-1.9278907,-0.8332202,0.011911872,325.22803,78.26002,-1.4841354,WAL
2081257363000,293.739975,2.04747379839709,-10.7401523432357,5.26846767867066,-1.8909334,-0.88056225,0.087964594,325.1001,78.38618,-1.1331971,WAL
2081262332000,293.744944,2.63349702430822,-12.2207666653201,6.20556270718037,-1.7455474,-0.8689558,0.15485434,324.97046,78.448944,-0.74752915,WAL
2081267354000,293.749966,3.23091687288427,-14.1684526479499,7.20126245480711,-1.4886786,-0.89369583,0.1881465,324.81396,78.46537,-0.3866002,WAL
2081272359000,293.754971,3.84389222432973,-15.8967122028812,8.04222595638255,-1.133155,-0.9166033,0.16310102,324.6411,78.42222,-0.021054057,WAL
2081277323000,293.759935,4.5144640665066,-16.8526337947179,8.3370873577431,-0.9407325,-1.0033462,0.029626964,324.44965,78.351776,0.35601053,WAL
2081282314000,293.764926,5.17462216065118,-17.7114705800079,8.4844832231487,-0.5849035,-1.056186,-0.22693644,324.24594,78.09576,0.8274157,WAL
2081287295000,293.769907,5.78072372900536,-18.1849864723049,8.07252376891006,-0.28893927,-0.9914343,-0.54305923,324.06787,77.80272,1.3278904,WAL
2081292297000,293.774909,6.28715226763729,-18.6052863797147,7.59462313640805,0.014049901,-0.82741696,-0.75686204,323.8748,77.44583,1.9217436,WAL
2081297307000,293.779919,6.36216455872582,-18.7928182089115,6.84449924643346,0.32834008,-0.5925393,-0.8582657,323.74194,76.99512,2.5313094,WAL
2081302291000,293.784903,6.22387776159176,-18.6897616863987,6.14246851791725,0.66248333,-0.23060162,-0.8219192,323.6443,76.50595,3.2045388,WAL
2081307294000,293.789906,4.81523685538507,-16.8590029315977,5.70137893872501,0.94134337,0.16157386,-0.7089091,323.62976,75.948074,3.8288748,WAL
2081312328000,293.79494,3.40407227970287,-14.9319344708894,5.27809068820518,1.0906999,0.5103779,-0.60231316,323.69797,75.41566,4.43038,WAL
2081317363000,293.799975,2.03426297695242,-12.4343313635816,4.99251202834772,1.1145236,0.7883216,-0.4914411,323.8461,74.86671,4.942658,WAL
2081322321000,293.804933,0.717541789493433,-10.0354335148218,4.72098855741088,0.9957104,0.9560041,-0.36377025,324.1381,74.35492,5.248973,WAL
2081327346000,293.809958,-0.413432980675422,-7.98732370046411,4.507148781811,0.7959574,1.0192287,-0.22571471,324.46194,73.89103,5.4912696,WAL
2081332282000,293.814894,-1.49876551911508,-6.06387331422472,4.3032554541044,0.5476407,1.0051788,-0.09743301,324.86588,73.48645,5.5451856,WAL
2081337292000,293.819904,-2.37865904376092,-4.87671526454493,4.14962307005628,0.2764165,0.9434814,0.016798794,325.25934,73.16609,5.555149,WAL
2081342442000,293.825054,-3.2754060930998,-3.7133318949668,3.98356245918583,0.014660766,0.83077675,0.13805555,325.66895,72.94348,5.3856454,WAL
2081347272000,293.829884,-4.02326528576653,-3.30824154735829,3.72982463087287,-0.23915374,0.6792821,0.28527406,326.03772,72.8046,5.18271,WAL
2081352672000,293.835284,-4.864318394997,-2.89346338819292,3.44489349205523,-0.47861293,0.46975538,0.47036624,326.36798,72.75453,4.8232436,WAL
2081357314000,293.839926,-5.69168768493096,-3.34273392843706,3.17355191727036,-0.68294734,0.20799962,0.6918049,326.62573,72.76948,4.4284415,WAL
2081362666000,293.845278,-6.63577577574114,-3.90341714113906,2.8594358249322,-0.8304713,-0.055283304,0.9462303,326.83997,72.86567,3.89168,WAL
2081367336000,293.849948,-7.25060619143365,-5.30037883364818,2.5582944146638,-0.9859365,-0.17745635,1.2009611,327.00146,73.01601,3.3034098,WAL
2081372307000,293.854919,-7.90506486304124,-6.78738024124193,2.23774324754512,-1.1594223,-0.38026363,1.3106114,327.1104,73.23967,2.6165414,WAL
2081377332000,293.859944,-8.24377239988022,-9.01882238470753,2.07551910928329,-1.2492194,-0.6087272,1.5149459,327.15137,73.46473,1.8512043,WAL
2081382268000,293.86488,-8.51273414314234,-11.3545382745059,1.94811640646836,-1.3994923,-0.86590147,1.6285667,327.1293,73.717926,1.1056626,WAL
2081387347000,293.869959,-8.5776869629889,-13.4016042263679,1.66059076324897,-1.4914275,-1.2657127,1.6395624,327.10675,73.99348,0.36752307,WAL
2081392247000,293.874859,-8.59646302580774,-15.3026919826948,1.35078391319396,-1.4630222,-1.7055358,1.5732834,327.00897,74.22916,-0.33616164,WAL
2081397327000,293.879939,-8.406410582162,-16.4726528153504,0.567011122641319,-1.3393221,-1.9669861,1.4376713,326.83032,74.51622,-1.0276555,WAL
2081402190000,293.884802,-8.18035533769845,-17.4239670478309,-0.280694654879159,-1.0983357,-1.9486601,1.2519683,326.62512,74.71917,-1.649644,WAL
2081407245000,293.889857,-7.30105485321176,-18.0080949126114,-0.418614669935457,-0.8072584,-1.7773124,1.0235047,326.33997,74.95817,-2.2146227,WAL
2081412177000,293.894789,-6.31391305737117,-18.496826250794,-0.40409787540211,-0.46670106,-1.5622878,0.8555168,326.08664,75.08682,-2.727798,WAL
2081417258000,293.89987,-4.58637645291238,-18.388991423397,0.277042997983358,-0.14263703,-1.4144585,0.67011917,325.82224,75.26322,-3.1312246,WAL
2081422204000,293.904816,-2.80577089064121,-18.1988752209496,1.03287289011062,0.11911872,-1.4514158,0.44348818,325.58517,75.353615,-3.464552,WAL
2081427251000,293.909863,-1.6481161290334,-16.7838778398749,1.42403281173444,0.24251351,-1.5387696,0.17806722,325.33286,75.45145,-3.6141384,WAL
2081432175000,293.914787,-0.644185437619816,-15.1709277654122,1.73330060206841,0.2012801,-1.5683966,-0.051618114,325.10318,75.53018,-3.706615,WAL
2081437249000,293.919861,-0.163876435386902,-13.5235567412983,1.65067822225525,0.042760566,-1.5711454,-0.25900686,324.8212,75.60533,-3.4952688,WAL
2081442211000,293.924823,0.209759533501774,-11.915099391025,1.50031249386327,-0.16829337,-1.6019942,-0.4016439,324.53708,75.71576,-3.2399392,WAL
2081447250000,293.929862,0.376180757545084,-10.4370647297848,1.19130681995346,-0.40103304,-1.6328428,-0.5155703,324.2676,75.83323,-2.8155615,WAL
2081452225000,293.934837,0.477807803986814,-9.02352488709521,0.840231527389955,-0.59437186,-1.7690657,-0.61178154,323.96844,75.99659,-2.3568645,WAL
2081457305000,293.939917,0.379756063593086,-7.79350189324643,0.255651056286011,-0.763887,-1.9657644,-0.58368176,323.63495,76.17834,-1.8587793,WAL
2081462319000,293.944931,0.202868736100878,-6.66414426137716,-0.411078146358742,-0.97249746,-2.0754147,-0.52534413,323.28943,76.415405,-1.348315,WAL
2081467328000,293.94994,-0.193730118531606,-5.73034089810561,-1.19371498204751,-1.1863003,-2.0971005,-0.4456262,322.89664,76.692795,-0.8509755,WAL
2081472476000,293.955088,-0.745394811111111,-4.89800454722222,-2.07444283611111,-1.2819008,-2.125811,-0.38973203,322.46576,76.98068,-0.36142695,WAL
2081477343000,293.959955,-1.55777081949275,-4.02276295466423,-3.0267217849169,-1.4758505,-2.2235496,-0.2602286,321.93088,77.41597,0.01159083,WAL
2081482307000,293.964919,-2.58994245953502,-3.06823263344221,-4.08172896950716,-1.6612481,-2.3854287,-0.12675454,321.364,77.86687,0.36991534,WAL
2081487296000,293.969908,-3.13771917788045,-2.63552183187987,-4.80927973577823,-1.8759671,-2.636189,-0.0061086523,320.71588,78.45951,0.6220495,WAL
2081492327000,293.974939,-3.17018295356627,-2.75842053232746,-5.18956999429685,-2.0479257,-2.888171,0.09560041,320.01212,79.08895,0.8463867,WAL
2081497308000,293.97992,-3.20232409184715,-2.88009781853884,-5.5660807829435,-2.160325,-3.0839531,0.17348573,319.3628,79.74758,1.0629117,WAL
2081502298000,293.98491,-3.23452330486091,-3.00199495931273,-5.9432718761671,-2.219579,-3.2177327,0.2302962,318.6461,80.42966,1.2655387,WAL
2081507300000,293.989912,-3.19062426080357,-3.22710190035714,-6.19265404125,-2.2186625,-3.2537737,0.26450464,317.89026,81.11479,1.4566008,WAL
2081512313000,293.994925,-2.99237482530134,-3.66110752263393,-6.18193797046875,-2.159714,-3.1923819,0.28985557,317.11383,81.78742,1.6355196,WAL
2081517292000,293.999904,-2.81661307769376,-4.11006501822306,-6.09674749935728,-2.08977,-3.1316006,0.3484986,316.27063,82.55277,1.7884524,WAL
2081522333000,294.004945,-2.65690747953686,-4.58005541095463,-5.94616806470699,-1.983174,-3.072652,0.43463063,315.43326,83.2746,1.9237446,WAL
2081527317000,294.009929,-2.54713128781068,-5.18823257484049,-5.72678204417674,-1.8741345,-3.0002646,0.5488624,314.58517,83.96759,2.044289,WAL
2081532309000,294.014921,-2.50160482777831,-5.98949953592991,-5.41264890424721,-1.7617353,-2.9000828,0.6585127,313.75275,84.61231,2.1396494,WAL
2081537276000,294.019888,-2.44516507527357,-6.97386196727694,-4.98537906417298,-1.6417004,-2.7843237,0.7535023,312.89438,85.30226,2.1190999,WAL
2081542319000,294.024931,-2.36385890450337,-8.37639274978956,-4.30444018907828,-1.525636,-2.6316075,0.8338311,312.07288,85.9525,2.068357,WAL
2081547305000,294.029917,-2.17419653081523,-9.65726202571258,-4.03203038907714,-1.4080443,-2.484389,0.8857546,311.26297,86.6279,1.9031878,WAL
2081552286000,294.034898,-1.83665946790911,-10.7934785611919,-4.30301088718358,-1.3002267,-2.2605069,0.9111055,310.5217,87.26493,1.7185011,WAL
2081557273000,294.039885,-1.3735820399177,-11.684138,-4.73472603292181,-1.1942415,-1.9178114,0.93523467,309.88245,87.84042,1.4802649,WAL
2081562313000,294.044925,-0.724400881471444,-12.2267370243902,-5.40328580166616,-1.1059716,-1.7211128,0.95294976,309.27005,88.375916,1.2377127,WAL
2081567280000,294.049892,-0.138368351034483,-12.6469988275862,-5.81609386896552,-1.0268645,-1.2718215,0.9673051,308.79724,88.83994,1.0334568,WAL
2081572477000,294.055089,0.397646131340777,-12.9223823170635,-5.89477473391957,-1.0033462,-0.8014552,1.0070114,308.39154,89.17977,0.8199272,WAL
2081577309000,294.059921,0.858904119881565,-13.0425609341811,-5.70310219060285,-0.99112886,-0.36896262,1.040609,308.04062,90.894356,0.71332926,WAL
2081582328000,294.06494,1.28352360329094,-12.9679025174255,-5.11516768242889,-1.0338894,-0.03573562,1.0158689,307.80005,91.25665,0.6146895,WAL
2081587260000,294.069872,1.62121017076383,-12.7632336892011,-4.37905877117354,-1.1615603,0.1572978,0.92485,307.6199,91.7744,0.6134702,WAL
2081592355000,294.074967,1.8068466523266,-12.2824830877963,-3.29379931755926,-1.319469,0.1695151,0.77366084,307.48465,92.32884,0.6371502,WAL
2081597242000,294.079854,1.91494151681773,-11.7965720325123,-2.32429280534778,-1.4761559,-0.0125227375,0.6209445,307.35233,92.85784,0.7370079,WAL
2081602337000,294.084949,1.84283240849261,-11.2245064364532,-1.50224902063842,-1.6276505,-0.33444872,0.45631635,307.18167,93.42801,0.877729,WAL
2081607327000,294.089939,1.7090393253316,-10.6863325268774,-0.765031863229281,-1.7296649,-0.7104363,0.2929099,306.98175,93.89287,1.0859147,WAL
2081612345000,294.094957,1.39751375804328,-10.2070622308766,-0.213871202989927,-1.7977765,-1.1585059,0.12186762,306.66632,94.39634,1.3302115,WAL
2081617353000,294.099965,1.05058990328346,-9.80134288392409,0.17380571962446,-1.8380935,-1.6490307,-0.021685716,306.27124,94.8239,1.5870916,WAL
2081622385000,294.104997,0.600573226990662,-9.59811000913746,0.106061281500151,-1.8133535,-2.110234,-0.1695151,305.75458,95.26673,1.8785107,WAL
2081627370000,294.109982,0.110572276586742,-9.43992714762576,-0.0626432107757405,-1.733941,-2.4904976,-0.30634892,305.1581,95.6345,2.157107,WAL
2081632310000,294.114922,-0.489970494076164,-9.39544252891396,-0.494144309562764,-1.6111571,-2.726597,-0.44532076,304.47137,96.00328,2.46544,WAL
2081637278000,294.11989,-1.06393001457536,-9.33150475214648,-0.958153216282197,-1.4358387,-2.8780916,-0.5885687,303.71707,96.34945,2.6996834,WAL
2081642320000,294.124932,-1.44354682088549,-9.1367011075825,-1.63247260161374,-1.2623531,-2.905275,-0.70341134,302.93176,96.67858,2.958646,WAL
2081647302000,294.129914,-1.76535313330105,-8.92617693287485,-2.30419795879504,-1.0763446,-2.8066204,-0.729984,302.13916,96.990326,3.0961628,WAL
2081652292000,294.134904,-1.87644559416893,-8.64381707719876,-2.99852571838435,-0.9016371,-2.5680776,-0.6068946,301.38235,97.25435,3.2242,WAL
2081657298000,294.13991,-2.00385610143598,-8.3775241708217,-3.68880876489828,-0.7473936,-2.1908681,-0.41172317,300.66684,97.534096,3.2795506,WAL
2081662312000,294.144924,-2.23369950143598,-8.2195066708217,-4.34003156489828,-0.60139686,-1.9874501,-0.22632557,299.9746,97.755875,3.302748,WAL
2081667292000,294.149904,-2.46187982065249,-8.09986011437566,-4.88805217056186,-0.47250426,-1.5250251,-0.13622294,299.4222,98.02579,3.2993324,WAL
2081672369000,294.154981,-2.69378597376705,-8.23436598635887,-4.76746094963274,-0.40103304,-1.001819,0.035430185,298.95514,98.242455,3.229977,WAL
2081677394000,294.160006,-2.91059498207235,-8.37262211834853,-4.60479424691853,-0.30482176,-0.5332854,0.17287487,298.5687,98.49512,3.1336768,WAL
2081682309000,294.164921,-2.8964443232388,-8.59903325072653,-3.67556372632528,-0.30909783,-0.22204952,0.2611449,298.29102,98.74597,3.0184238,WAL
2081687471000,294.170083,-2.83927164270864,-8.82433482417583,-2.72059516097416,-0.42180246,-0.13041973,0.31398472,298.1068,98.96171,2.8413894,WAL
2081692320000,294.174932,-2.25540682185922,-8.8795033003663,-2.08615955698446,-0.64751714,-0.23793201,0.37048978,297.95853,99.20686,2.6454713,WAL
2081697589000,294.180201,-1.6154573945065,-8.95092575930138,-1.43723022760848,-0.89675015,-0.45478916,0.43004912,297.8698,99.34716,2.4172068,WAL
2081702295000,294.184907,-0.979997532829073,-9.14771344437369,-1.32653721361776,-1.1078042,-0.6951646,0.44898596,297.74475,99.544014,2.1817346,WAL
2081707278000,294.18989,-0.307133850139179,-9.35608425498044,-1.20932869497862,-1.2293663,-0.9370673,0.4361578,297.5793,99.70518,2.0247307,WAL
2081712310000,294.194922,0.295119726787394,-9.57236550047037,-1.31326581086548,-1.2403619,-1.1081096,0.40317106,297.36612,99.894806,1.8632281,WAL
2081717288000,294.1999,0.873657983714958,-9.78763520018815,-1.46574869434619,-1.210124,-1.208597,0.31673363,297.10178,100.11023,1.7154429,WAL
2081722391000,294.205003,1.26079678584925,-9.81163466386731,-1.52028532668486,-1.1236867,-1.3100005,0.18784106,296.77026,100.30357,1.7095066,WAL
2081727294000,294.209906,1.54668744237875,-9.75248521362587,-1.53014361986143,-0.9944886,-1.4337007,0.065973446,296.4016,100.47712,1.7207643,WAL
2081732305000,294.214917,1.56676554,-9.697475,-1.4250288,-0.8539896,-1.570229,-0.054367006,295.96222,100.65469,1.8755584,WAL
2081737299000,294.219911,1.51340930971602,-9.64411871906694,-1.2892130193712,-0.72234815,-1.6957619,-0.16920967,295.48734,100.805954,2.0542881,WAL
2081742316000,294.224928,1.24343184324324,-9.62650286486486,-1.13989885135135,-0.65118235,-1.8026633,-0.2764165,294.96564,100.951454,2.3191016,WAL
2081747301000,294.229913,0.926769600891001,-9.61705006910207,-0.988657178942679,-0.6236934,-1.9000963,-0.34605515,294.4105,101.085945,2.593837,WAL
2081752303000,294.234915,0.502170290150778,-9.57431843142023,-0.94655463760214,-0.63194007,-1.9825631,-0.37415496,293.8354,101.20329,2.8615496,WAL
2081757354000,294.239966,0.0457376332684825,-9.52255796498055,-0.932438148988327,-0.6542367,-2.039679,-0.39492437,293.24103,101.33142,3.1373467,WAL
2081762290000,294.244902,-0.379181674365675,-9.36208778361684,-1.04978019435047,-0.6826419,-2.0567832,-0.3921755,292.65997,101.43765,3.336409,WAL
2081767392000,294.250004,-0.811003478138364,-9.15778475596313,-1.21693702083531,-0.6939429,-2.0317378,-0.35796702,292.0801,101.55018,3.528208,WAL
2081772318000,294.25493,-1.18498364628863,-8.91304118530318,-1.44906331813741,-0.7351763,-1.981036,-0.30604348,291.52115,101.65958,3.6181169,WAL
2081777323000,294.259935,-1.54127905692896,-8.63818499596474,-1.72391982636721,-0.75136423,-1.8799378,-0.22724187,290.99088,101.76137,3.6939836,WAL
2081782287000,294.264899,-1.79241908591751,-8.45139449140729,-1.93467958851442,-0.7858781,-1.7574593,-0.12583824,290.47598,101.884895,3.6568887,WAL
2081787318000,294.26993,-2.01322152948253,-8.29039240443002,-2.12788166058812,-0.7996226,-1.6340646,-0.023823744,289.99695,101.9999,3.6039188,WAL
2081792310000,294.274922,-2.20175079427623,-8.14977774116038,-2.31633945014651,-0.79779,-1.488984,0.08582657,289.54944,102.14552,3.4699783,WAL
2081797286000,294.279898,-2.3739723511428,-8.01944814553624,-2.50252501029498,-0.80848014,-1.3603969,0.19333886,289.13956,102.29086,3.3159726,WAL
2081802208000,294.28482,-2.46249685959596,-8.00617392424242,-2.54554430732323,-0.7828238,-1.2382239,0.2996294,288.74896,102.444405,3.0954187,WAL
2081807250000,294.289862,-2.49733540620491,-8.0714961991342,-2.49328639646465,-0.7651087,-1.1319333,0.3894266,288.3968,102.599594,2.858992,WAL
2081812207000,294.294819,-2.42779380747193,-8.1743459918407,-2.40500860076608,-0.7287622,-1.0348058,0.48838675,288.064,102.7681,2.567231,WAL
2081817219000,294.299831,-2.18349228567531,-8.34309046964529,-2.25389424979536,-0.7171558,-0.97066486,0.57757306,287.75803,102.939545,2.2615914,WAL
2081822253000,294.304865,-1.9381184108301,-8.51257564547696,-2.10211658762724,-0.7134906,-0.9007208,0.6588182,287.49112,103.09035,1.9317728,WAL
2081827210000,294.309822,-1.69649777165495,-8.67946837821387,-1.95266051465002,-0.7141015,-0.82986045,0.71837753,287.248,103.24294,1.5925834,WAL
2081832206000,294.314818,-1.42174584634869,-8.81010604537662,-1.87985654767571,-0.71929383,-0.7663304,0.75777835,287.0202,103.39906,1.2414976,WAL
2081837272000,294.319884,-1.11842847792478,-8.91284247690834,-1.8676260170717,-0.7296785,-0.71593404,0.77274454,286.8119,103.56261,0.89035094,WAL
2081842304000,294.324916,-0.817146796537259,-9.01488940218816,-1.8554775705657,-0.72112644,-0.67103547,0.7846564,286.63812,103.66638,0.6159584,WAL
2081847220000,294.329832,-0.522810400332762,-9.1145838943733,-1.84360917568821,-0.7312057,-0.64873886,0.7828238,286.47272,103.78146,0.34868494,WAL
2081852225000,294.334837,-0.341895656801675,-9.24942989900078,-1.81349239091399,-0.7247916,-0.6609562,0.7696902,286.31067,103.891945,0.0875067,WAL
2081857193000,294.339805,-0.241688184769152,-9.40556711138323,-1.77154508194063,-0.7086037,-0.6704246,0.7452556,286.15512,104.00458,-0.16286947,WAL
2081862189000,294.344801,-0.140915936324207,-9.56258432415752,-1.72936135496179,-0.68539083,-0.71776664,0.7275405,285.9729,104.092834,-0.30056897,WAL
2081867222000,294.349834,-0.0393973761914185,-9.72076439459248,-1.68686521847571,-0.64812803,-0.7855727,0.689056,285.7799,104.1716,-0.42439768,WAL
2081872222000,294.354834,-0.00746587641247405,-9.89202497588218,-1.64932170311357,-0.623388,-0.890947,0.65026605,285.56088,104.24697,-0.5485734,WAL
2081877206000,294.359818,-0.0404910452024316,-10.0760221173273,-1.6162965082139,-0.5751296,-0.9957104,0.58184916,285.3193,104.30389,-0.65533674,WAL
2081882213000,294.364825,-0.10115537619085,-10.2510581132928,-1.60392612132339,-0.5421429,-1.105666,0.50854534,285.0484,104.32241,-0.7133036,WAL
2081887235000,294.369847,-0.190866725639113,-10.4163162281563,-1.61336941399961,-0.51159966,-1.1954633,0.4266894,284.75018,104.32775,-0.7539449,WAL
2081892197000,294.374809,-0.287056230277078,-10.5663847928463,-1.6682816350529,-0.47861293,-1.2596041,0.33169982,284.42975,104.30955,-0.78073865,WAL
2081897215000,294.379827,-0.393579269622166,-10.7019597770277,-1.77964665256423,-0.47128254,-1.3035865,0.25625798,284.0878,104.291115,-0.7938129,WAL
2081902207000,294.384819,-0.523072312387986,-10.7893847221451,-1.87191162451427,-0.44257188,-1.3121386,0.18784106,283.73758,104.25476,-0.80168885,WAL
2081907218000,294.38983,-0.680055780892149,-10.8226839298176,-1.94326775785091,-0.40408736,-1.2809844,0.12308934,283.38373,104.21515,-0.7891711,WAL
2081912172000,294.394784,-0.850898307690802,-10.783064481409,-1.98446616446184,-0.36651915,-1.2272283,0.062002823,283.01184,104.184296,-0.7926977,WAL
2081917208000,294.39982,-1.04437980158513,-10.6509310763209,-1.98918522168297,-0.32925636,-1.1585059,0.0033597588,282.65094,104.144264,-0.77501094,WAL
2081922182000,294.404794,-1.23744952167804,-10.5344262870333,-2.01499706784424,-0.32345316,-1.1142182,-0.047647487,282.29102,104.11867,-0.775356,WAL
2081927212000,294.409824,-1.43566559684866,-10.4377355925331,-2.07301158550783,-0.3210097,-1.0262536,-0.09101892,281.96112,104.08513,-0.75319004,WAL
2081932160000,294.414772,-1.64324023138686,-10.3700184540146,-2.01322661167883,-0.31948254,-0.9388999,-0.12767084,281.63593,104.06231,-0.76012146,WAL
2081937231000,294.419843,-1.87483489888078,-10.3416598427251,-1.77690542671533,-0.3323107,-0.87689704,-0.16279559,281.32742,104.04411,-0.75044566,WAL
2081942161000,294.424773,-2.09196226974479,-10.325417488798,-1.52279245881551,-0.40378192,-0.850019,-0.18448131,281.03085,104.06099,-0.76737416,WAL
2081947210000,294.429822,-2.2992041454023,-10.3301276264368,-1.2166397091954,-0.52534413,-0.8567385,-0.20555615,280.74158,104.09642,-0.7721659,WAL
2081952205000,294.434817,-2.45445338596086,-10.3442876506774,-0.913170859693929,-0.63346726,-0.9166033,-0.20708331,280.44543,104.10955,-0.82646954,WAL
2081957219000,294.439831,-2.495412155715,-10.3804276972403,-0.607184918283994,-0.72387534,-0.9575313,-0.20861048,280.15295,104.15261,-0.8728738,WAL
2081962189000,294.444801,-2.53601149470146,-10.4162505993979,-0.303884134716508,-0.75808376,-1.0598512,-0.2134974,279.84393,104.15939,-0.9647209,WAL
2081967215000,294.449827,-2.5770682910286,-10.4524771398896,0.00283412246864032,-0.79717916,-1.180497,-0.20280726,279.52094,104.1942,-1.0624865,WAL
2081972217000,294.454829,-2.57875873757417,-10.5646484112441,0.236822497979483,-0.78801614,-1.3075571,-0.18478674,279.16348,104.22479,-1.1697462,WAL
2081977212000,294.459824,-2.49697105065875,-10.838877076134,0.318610139682188,-0.7602218,-1.4056009,-0.16371189,278.78317,104.26197,-1.2847874,WAL
2081982198000,294.46481,-2.40321710154993,-11.1115245947342,0.340845828210631,-0.72173727,-1.4611896,-0.14385876,278.42108,104.18626,-1.4144827,WAL
2081987237000,294.469849,-2.28335243350224,-11.3848166246398,0.240159479014406,-0.63499445,-1.4645494,-0.12034045,278.05035,104.09264,-1.5500082,WAL
2081992211000,294.474823,-2.16245856750705,-11.640401627799,0.0982508239310002,-0.52412236,-1.4584408,-0.09254608,277.66818,103.95615,-1.6806777,WAL
2081997209000,294.479821,-2.03543280998507,-11.8666657881904,-0.135952853030353,-0.39828414,-1.416902,-0.07696902,277.29834,103.79599,-1.8075317,WAL
2082002295000,294.484907,-1.90617050451153,-12.0969137913418,-0.374280164159894,-0.26358834,-1.3686435,-0.06963864,276.93433,103.61021,-1.9109802,WAL
2082007327000,294.489939,-1.71310395157233,-12.3796788679245,-0.763675052327044,-0.111177474,-1.3109168,-0.082161374,276.58734,103.38978,-2.0052576,WAL
2082012297000,294.494909,-1.51511438268657,-12.6710827852672,-1.16119220275397,0.026267206,-1.2293663,-0.10934488,276.2633,103.14188,-2.0882988,WAL
2082017319000,294.499931,-1.2928181761194,-13.0554700987,-1.5641041920077,0.17379116,-1.1145236,-0.14905111,275.93658,102.88349,-2.1324074,WAL
2082022386000,294.504998,-1.0690028722377,-13.4468949693593,-1.97003541771588,0.30115658,-0.97494096,-0.18784106,275.614,102.642685,-2.1307223,WAL
2082027404000,294.510016,-0.872672107985144,-14.026963189415,-2.34038660139276,0.42058071,-0.7858781,-0.23579398,275.338,102.36791,-2.1038172,WAL
2082032297000,294.514909,-0.681232006453111,-14.5925817228412,-2.70151221752089,0.53786683,-0.52503866,-0.28008172,275.1019,102.109695,-2.0107198,WAL
2082037291000,294.519903,-0.575895081746372,-15.1445109070525,-2.86734561818013,0.63804877,-0.23609942,-0.3210097,274.92688,101.82928,-1.8943119,WAL
2082042296000,294.524908,-0.486702810547079,-15.693043167473,-2.99667438976554,0.7706065,0.04428773,-0.3494149,274.82336,101.514275,-1.7572783,WAL
2082047306000,294.529918,-0.552958814776506,-15.9458018076655,-2.77934942077651,0.9062186,0.25137106,-0.38698313,274.73248,101.20704,-1.563643,WAL
2082052289000,294.534901,-0.685979650048781,-16.0693211756098,-2.41354205804878,1.0720685,0.35430184,-0.42271876,274.69067,100.86388,-1.359002,WAL
2082057363000,294.539975,-0.860865378823296,-15.7456874912837,-1.73638995986529,1.2479976,0.35735616,-0.47403142,274.66833,100.487724,-1.1248916,WAL
2082062336000,294.544948,-1.04955580551704,-15.2315060871632,-0.939173038847068,1.4312572,0.2910773,-0.50823987,274.65494,100.076004,-0.89180773,WAL
2082067330000,294.549942,-1.22294495459969,-14.4294497739607,-0.144673193033102,1.5418239,0.13897185,-0.591623,274.62457,99.58679,-0.6678488,WAL
2082072407000,294.555019,-1.39137951050808,-13.4749869647806,0.660069804618938,1.7825048,-0.029321533,-0.68233645,274.5717,99.025276,-0.44230518,WAL
2082077388000,294.56,-1.50982110399961,-12.6062307261881,1.29783618262273,2.053118,-0.18173242,-0.7510588,274.5292,98.33331,-0.24421924,WAL
2082082307000,294.564919,-1.59734875867397,-11.7908417778212,1.83221559104244,2.3582454,-0.29993483,-0.8145888,274.4516,97.583015,-0.031990893,WAL
2082087303000,294.569915,-1.78919851690287,-11.1151315007758,2.25409019333816,2.680782,-0.39461896,-0.85918194,274.3834,96.66466,0.15619466,WAL
2082092320000,294.574932,-2.06752929398986,-10.5634405496017,2.57715266075308,2.977968,-0.44226643,-0.8518516,274.30624,95.691216,0.34226108,WAL
2082097306000,294.579918,-2.52260732677238,-10.2593490536061,2.58944514341688,3.2128458,-0.42180246,-0.8164214,274.2595,94.59557,0.51312655,WAL
2082102290000,294.584902,-3.0890290607468,-10.1079771980563,2.40877618865473,3.40985,-0.35460728,-0.8026769,274.22803,93.46533,0.6848094,WAL
2082107329000,294.589941,-3.4988719624536,-10.1828229523344,2.17571627216253,3.5921931,-0.28099802,-0.84482664,274.2515,92.28829,0.8186754,WAL
2082112312000,294.594924,-3.82049390066419,-10.3739320507912,1.91935094851534,3.733914,-0.23854288,-0.8940013,274.3036,91.27269,0.94742614,WAL
2082117343000,294.599955,-4.08330412411474,-10.5625251444115,1.53255810779426,3.7745364,-0.22327125,-0.91751957,274.37866,88.92662,0.9874159,WAL
2082122397000,294.605009,-4.30831455285856,-10.7492357012859,1.06338738935707,3.7088683,-0.24373524,-0.93492925,274.4734,88.022575,1.035665,WAL
2082127333000,294.609945,-4.71371551013756,-11.1777184226761,0.268872331788245,3.5708127,-0.24098633,-0.94897914,274.57947,86.9366,1.0362269,WAL
2082132310000,294.614922,-5.2461828529554,-11.7737634447687,-0.756325811579825,3.3707545,-0.18967366,-0.94134337,274.70947,85.842674,1.0308625,WAL
2082137302000,294.619914,-5.70926222912729,-12.3610452336854,-1.54946237346304,3.1160235,-0.16126843,-0.97066486,274.80695,84.874985,1.0069207,WAL
2082142318000,294.62493,-5.86947533240689,-12.9057702867148,-1.33584479089494,2.8814514,-0.27122417,-1.031446,274.89297,83.96258,0.9895454,WAL
2082147242000,294.629854,-5.88988077447687,-13.2419440390354,-1.16589381434738,2.6798658,-0.6075055,-1.1236867,274.84128,83.33477,0.9166146,WAL
2082152295000,294.634907,-5.68554337184949,-13.2601079548184,-1.05691392317725,2.5421157,-0.79443026,-1.1887437,274.811,82.759766,0.8551202,WAL
2082157286000,294.639898,-5.47987925672815,-13.2043698315694,-1.07429358037496,2.368019,-1.1129965,-1.2034045,274.67255,82.23216,0.8032531,WAL
2082162348000,294.64496,-5.25999222195343,-12.9307320204616,-1.46031774098377,2.2635612,-1.3445144,-1.1942415,274.51373,81.72966,0.77149135,WAL
2082167322000,294.649934,-4.90077653520255,-12.7145239776991,-1.97832820566753,2.0952678,-1.5039502,-1.1914927,274.286,81.28501,0.79146296,WAL
2082172458000,294.65507,-4.14987539866294,-12.6310906262722,-2.88137270840152,2.0274618,-1.4999796,-1.2345587,274.0459,80.84839,0.8276239,WAL
2082177326000,294.659938,-3.55999480451983,-12.4629840638508,-3.60194839173088,1.96271,-1.25319,-1.3164146,273.7556,80.51934,0.92057836,WAL
2082182334000,294.664946,-3.27156388687277,-12.0573781814978,-3.98952749761323,1.7562376,-0.8491027,-1.4477507,273.519,80.253525,1.0319761,WAL
2082187336000,294.669948,-2.99733436630629,-11.6220965321365,-4.35936885875818,1.4822645,-0.44959682,-1.5836681,273.19318,80.18316,1.3090667,WAL
2082192348000,294.67496,-2.80213933686769,-11.0127070288633,-4.63073768795874,1.2974777,-0.050396383,-1.6643023,272.98508,80.13927,1.583962,WAL
2082197295000,294.679907,-2.59843104655387,-10.4565213759679,-4.78158139776312,1.2586879,0.37965274,-1.6685784,272.7981,80.174545,1.9294233,WAL
2082202332000,294.684944,-2.3125329296052,-10.2121243158876,-4.10372629217092,1.3304645,0.8185594,-1.6358972,272.72498,80.21624,2.2614837,WAL
2082207354000,294.689966,-2.02318255706114,-9.97553234230769,-3.40822492996055,1.4532484,1.1774428,-1.5937474,272.6806,80.26505,2.6276956,WAL
2082212333000,294.694945,-1.6422835084714,-9.89559066730769,-2.28904005598619,1.4834863,1.239751,-1.5537357,272.67078,80.30792,2.972467,WAL
2082217454000,294.700066,-1.24924834630876,-9.82208267415841,-1.15820529767357,1.4627168,1.1343768,-1.4984524,272.7579,80.19234,3.3135939,WAL
2082222417000,294.705029,-0.834080746479537,-9.98535071263127,-0.607758345167534,1.4605788,0.9795224,-1.4523321,272.8453,80.06055,3.6386178,WAL
2082227576000,294.710188,-0.402988382463536,-10.1534327382617,-0.046503479358042,1.493871,0.852157,-1.4263704,273.02548,79.724754,3.968258,WAL
2082232336000,294.714948,-0.0250058935124875,-10.2399591718282,0.0126985979006993,1.5293012,0.77549344,-1.3884968,273.1746,79.39692,4.2785583,WAL
2082237682000,294.720294,0.388676479532605,-10.3339354136826,0.0717574644016208,1.604743,0.7812967,-1.3374895,273.3305,78.94841,4.631991,WAL
2082242349000,294.724961,0.515028617497173,-10.3465704410102,-0.0377477068816434,1.7116444,0.8371908,-1.2550226,273.4787,78.49557,4.95787,WAL
2082247282000,294.729894,0.64858231292876,-10.3599256134565,-0.153494227117414,1.8216002,0.9257663,-1.1472049,273.5821,78.00457,5.3329754,WAL
2082252336000,294.734948,0.582592539151795,-10.1466351184546,-0.479626360052952,1.9211712,0.96791595,-1.0180069,273.6869,77.508575,5.668182,WAL
2082257301000,294.739913,0.480016082194548,-9.89485635595215,-0.838643932626005,1.9889772,1.0351112,-0.9483683,273.8247,77.00679,5.9744906,WAL
2082262330000,294.744942,0.378050811966884,-9.40956562117411,-1.15470435727045,2.017077,1.1737776,-0.80756384,273.93585,76.53082,6.253618,WAL
2082267276000,294.749888,0.278230972512795,-8.87719336909182,-1.45416380614551,2.084883,1.3387111,-0.6618725,274.07193,76.04627,6.4975104,WAL
2082272426000,294.755038,0.0850617760633965,-8.40054361611475,-1.51667645868603,2.1383338,1.4068227,-0.5458081,274.17252,75.63367,6.703751,WAL
2082277336000,294.759948,-0.11894777619444,-7.96338032711174,-1.52083991609704,2.1557434,1.3888022,-0.46578476,274.29007,75.23533,6.868889,WAL
2082282363000,294.764975,-0.307761424208958,-7.50608360956441,-1.66415950704746,2.1239784,1.3399329,-0.4184427,274.3846,74.88259,7.010733,WAL
2082287338000,294.76995,-0.479074506574892,-7.04598560232176,-1.91378715960551,2.0680842,1.3435981,-0.34697145,274.48322,74.552475,7.117367,WAL
2082292301000,294.774913,-0.71665289770046,-6.62343328784243,-1.95034512718456,2.0433443,1.3567317,-0.30848694,274.61176,74.22415,7.1756973,WAL
2082297293000,294.779905,-0.998660270945811,-6.22193114987003,-1.84996964260148,1.958434,1.3219124,-0.29168814,274.72473,73.93803,7.221072,WAL
2082302224000,294.784836,-1.24424138766502,-5.90100933270936,-1.72390635631527,1.8414533,1.2437216,-0.29046643,274.74356,73.66788,7.290412,WAL
2082307273000,294.789885,-1.47290721508374,-5.62470492182266,-1.57622628992118,1.7232509,1.1575897,-0.2950479,274.7508,73.42721,7.357635,WAL
2082312265000,294.794877,-1.6686419903116,-5.41422097405076,-1.35906365108337,1.5867225,1.071763,-0.30543262,274.81073,73.21118,7.359711,WAL
2082317241000,294.799853,-1.84073206261865,-5.25196471404251,-1.08863648261453,1.42973,0.9963212,-0.31520647,274.8499,73.03531,7.3672333,WAL
2082322273000,294.804885,-1.97744861676232,-5.07716144747675,-0.834125087764694,1.2702943,0.9401216,-0.33200526,274.94305,72.876366,7.318685,WAL
2082327251000,294.809863,-2.09066457215516,-4.89790281038987,-0.593541219498318,1.1224649,0.88422745,-0.3454443,275.01514,72.75818,7.2767663,WAL
2082332238000,294.81485,-2.20138900634795,-4.77238629045824,-0.317866011267606,0.97433007,0.8035932,-0.3753767,275.14682,72.64199,7.1873713,WAL
2082337341000,294.819953,-2.31287685199365,-4.68028746590954,-0.0124863197887324,0.81489426,0.7165449,-0.41691554,275.2619,72.56713,7.1091785,WAL
2082342217000,294.824829,-2.43637242613636,-4.59757440625,0.238549554545455,0.65484756,0.65393126,-0.462425,275.39548,72.469406,7.0197983,WAL
2082347235000,294.829847,-2.5752914944378,-4.51613919901316,0.468484558628389,0.49510628,0.59406644,-0.50671273,275.50726,72.411064,6.9474115,WAL
2082352233000,294.834845,-2.70757694328255,-4.44633754951524,0.652681926454294,0.34972036,0.571159,-0.5225952,275.68625,72.34073,6.8302107,WAL
2082357245000,294.839857,-2.83578938732687,-4.38460560630194,0.804637456094183,0.28099802,0.5381723,-0.5503896,275.8483,72.28735,6.733343,WAL
2082362220000,294.844832,-2.93157383359723,-4.30756808560119,0.944995304205839,0.15790866,0.5195409,-0.5647449,276.0647,72.246864,6.589855,WAL
2082367248000,294.84986,-3.00305154324592,-4.21702975289461,1.07842046173182,0.015882496,0.50732356,-0.5833763,276.2737,72.2268,6.4569755,WAL
2082372262000,294.854874,-3.03327353679873,-4.12915290110217,1.2297357658028,-0.10445796,0.50762904,-0.57757306,276.51834,72.20643,6.283497,WAL
2082377258000,294.85987,-3.02852269847086,-4.04363751355377,1.39601520649389,-0.22113322,0.52412236,-0.5543602,276.76068,72.22247,6.110332,WAL
2082382254000,294.864866,-2.97401415675302,-4.00559346707534,1.53952704476963,-0.34605515,0.54305923,-0.51068336,277.0085,72.23345,5.9219737,WAL
2082387256000,294.869868,-2.87455136005537,-4.01032988728495,1.66267149740953,-0.46578476,0.5580254,-0.48349985,277.25497,72.2739,5.7317834,WAL
2082392229000,294.874841,-2.72995411036445,-4.03410280868697,1.78094753875187,-0.5635232,0.56321776,-0.4370741,277.52313,72.30575,5.5171485,WAL
2082397232000,294.879844,-2.53859008471293,-4.07715958082876,1.8957659641338,-0.6627888,0.5320636,-0.3912592,277.77817,72.37066,5.298884,WAL
2082402253000,294.884865,-2.21498386333641,-4.11430711747466,2.01320015321659,-0.74097955,0.48258355,-0.34574974,278.0255,72.4265,5.0895963,WAL
2082407328000,294.88994,-1.75359802623963,-4.14566346102304,2.13414596289401,-0.82863873,0.38759398,-0.31581733,278.244,72.511986,4.8808126,WAL
2082412245000,294.894857,-1.41134086947685,-4.17108301896876,2.17677540940911,-0.8885035,0.2660318,-0.27458394,278.42844,72.58543,4.7017508,WAL
2082417346000,294.899958,-1.27344674789236,-4.18717082327343,2.06646009294317,-0.95478237,0.13652839,-0.23426682,278.57745,72.68437,4.5256095,WAL
2082422419000,294.905031,-1.13630954365826,-4.20317031969326,1.95675031046293,-1.0262536,0.010079277,-0.19456059,278.65518,72.75942,4.4653287,WAL
2082427331000,294.909943,-1.00352461418893,-4.21866204577531,1.85052234840045,-1.0763446,-0.069027774,-0.15699236,278.7047,72.84753,4.4022756,WAL
2082432298000,294.91491,-0.873111396668667,-4.24634654302721,1.75088090548219,-1.146594,-0.1301143,-0.11728613,278.7179,72.96145,4.3376036,WAL
2082437302000,294.919914,-0.78202252740096,-4.39975914098639,1.73170431196479,-1.2119566,-0.1872302,-0.0852157,278.70557,73.087654,4.2718105,WAL
2082442278000,294.92489,-0.690907764938108,-4.55402215439434,1.71888269429708,-1.2730432,-0.23487769,-0.057726767,278.61075,73.277176,4.2844725,WAL
2082447306000,294.929918,-0.592985553320071,-4.72857919927498,1.77423003806366,-1.3051136,-0.25411993,-0.040011674,278.50507,73.47503,4.292753,WAL
2082452269000,294.934881,-0.496329241414677,-4.90087963955791,1.82886187320955,-1.346347,-0.25350907,-0.040011674,278.37186,73.699905,4.325214,WAL
2082457325000,294.939937,-0.374071124699454,-5.14159391693989,1.95963450163934,-1.3634512,-0.24862215,-0.028710667,278.2314,73.92521,4.349832,WAL
2082462244000,294.944856,-0.250126964224853,-5.38948219806719,2.10264703469945,-1.3930782,-0.22479841,-0.01740966,278.09555,74.16121,4.3718977,WAL
2082467299000,294.949911,-0.129867144115721,-5.70776114945415,2.34451770973435,-1.4266758,-0.16646078,-0.0033597588,277.95966,74.39119,4.412116,WAL
2082472298000,294.95491,-0.0122715904203057,-6.03441551075328,2.60148572906659,-1.4639386,-0.07666359,0.00030543262,277.8387,74.62578,4.446708,WAL
2082477306000,294.959918,0.131343975768639,-6.66779122192596,2.99571670938365,-1.496009,0.026572637,0.049480084,277.73074,74.83903,4.487778,WAL
2082482272000,294.964884,0.287417151250128,-7.45791181858271,3.45905897296688,-1.5183055,0.15515977,0.12980886,277.65256,75.05803,4.5094504,WAL
2082487295000,294.969907,0.631715453981528,-8.44273689949349,4.1639479809713,-1.525636,0.26511553,0.17134771,277.61688,75.22211,4.545346,WAL
2082492319000,294.974931,1.05699456418512,-9.50832385668885,4.97150052187903,-1.5317446,0.3277292,0.19058995,277.59973,75.392914,4.558842,WAL
2082497306000,294.979918,1.71219103258593,-10.7902095045437,6.14485928402805,-1.4874569,0.31429017,0.2883284,277.609,75.48421,4.558378,WAL
2082502346000,294.984958,2.47977342452588,-12.187113905966,7.49885533381075,-1.398576,0.24801129,0.35246924,277.62128,75.56272,4.560508,WAL
2082507444000,294.990056,3.40766269122054,-13.8324977996404,8.94500142839593,-1.2024882,0.023518313,0.34055737,277.63397,75.44445,4.653019,WAL
2082512370000,294.994982,4.37359830178785,-15.5287746574111,10.3774131994507,-0.93218035,-0.441961,0.28771752,277.5567,75.293846,4.75657,WAL
2082517336000,294.999948,4.91829773598131,-16.6379432276368,10.8718685460614,-0.6114761,-0.9071349,0.160963,277.48578,74.81475,5.0488005,WAL
2082522428000,295.00504,5.26243433544726,-17.475032384608,10.9044221886325,-0.26725355,-1.1383474,0.0036651916,277.35193,74.28825,5.3622727,WAL
2082527356000,295.009968,5.54309987315175,-18.0732742309391,10.1073833661794,0.16768251,-1.0595458,-0.16646078,277.2183,73.48818,5.870841,WAL
2082532339000,295.014951,5.78900801478599,-18.5249429092439,8.70219361110527,0.62125,-0.68966687,-0.37140608,277.11487,72.643074,6.382401,WAL
2082537319000,295.019931,5.68450883962429,-18.1351601175784,7.61890852171501,1.0393872,-0.12614368,-0.4541783,277.04828,71.80856,6.885663,WAL
2082542350000,295.024962,5.4031330991824,-17.3191705045747,6.68567922497567,1.38025,0.3924809,-0.40561453,277.07608,70.92945,7.3372517,WAL
2082547339000,295.029951,4.53758781961295,-15.5919680703901,6.05288278112905,1.5225816,0.6102544,-0.36987892,277.07938,70.251434,7.7884355,WAL
2082552318000,295.03493,3.3088190965908,-13.2969910552492,5.60344982393462,1.4526376,0.95447695,-0.35369098,277.25317,69.57768,8.142162,WAL
2082557422000,295.040034,2.19788335401807,-10.8919842952871,5.21974032242736,1.3524556,1.2137892,-0.31520647,277.42102,68.9886,8.430803,WAL
2082562345000,295.044957,1.2128941447284,-8.54175414124964,4.89446492535225,1.0729848,1.3811663,-0.2507602,277.6489,68.49007,8.665667,WAL
2082567335000,295.049947,0.320372136518636,-6.6305469042724,4.56103307160983,0.732122,1.4779885,-0.18600847,277.97797,68.047195,8.726284,WAL
2082572423000,295.055035,-0.50558759702617,-5.05591031394726,4.2180905739096,0.35918877,1.4837917,-0.11453723,278.31754,67.70395,8.756045,WAL
2082577402000,295.060014,-1.32751683334997,-4.05200802525696,3.91582817202874,0.05009095,1.3888022,-0.023823744,278.69394,67.40936,8.656683,WAL
2082582351000,295.064963,-2.15520194500549,-3.4749932453348,3.64150970976948,-0.22999077,1.1924089,0.07422013,279.0347,67.214806,8.546358,WAL
2082587340000,295.069952,-3.05605222978599,-3.24361949724421,3.32257536955927,-0.48349985,0.9083566,0.22052236,279.33557,67.107544,8.324772,WAL
2082592356000,295.074968,-4.01839352019936,-3.30934042037526,2.96580493109548,-0.70463306,0.5891795,0.41355577,279.55725,67.076996,8.08986,WAL
2082597308000,295.07992,-4.96406194106981,-3.76531743127833,2.60354558945301,-0.8940013,0.301462,0.62888575,279.694,67.16193,7.721664,WAL
2082602325000,295.084937,-5.91754514113025,-4.63652016355394,2.22602434987408,-1.056186,0.06169739,0.8246681,279.7371,67.30792,7.3369193,WAL
2082607348000,295.08996,-6.54642669474188,-5.79893578667304,2.05619625814532,-1.2082914,-0.22388211,0.97005403,279.648,67.606476,6.7963786,WAL
2082612347000,295.094959,-6.85765650133843,-7.23608491502868,2.08823468665392,-1.3866642,-0.6230826,1.0421361,279.4476,67.95368,6.261618,WAL
2082617377000,295.099989,-6.98463477505407,-8.93607198578638,2.06720350079308,-1.5671748,-1.0500773,1.1071932,279.11737,68.49493,5.552781,WAL
2082622353000,295.104965,-6.85702028622927,-10.9631787625914,1.97394673136265,-1.6823229,-1.5057828,1.1184943,278.6668,69.046745,4.8848586,WAL
2082627325000,295.109937,-6.93255219674267,-12.9018708097424,1.63974578324943,-1.7162259,-1.9385809,1.1093313,278.07965,69.7091,4.169418,WAL
2082632347000,295.114959,-7.23637828925081,-14.7628058494226,1.03209354866252,-1.6288722,-2.1923954,1.0537425,277.4188,70.338905,3.4955382,WAL
2082637295000,295.119907,-7.39053694920821,-16.1855111932551,0.458580200645161,-1.4285084,-2.176513,1.0009027,276.69238,71.04969,2.8514903,WAL
2082642352000,295.124964,-7.36213242778104,-17.1133962965298,-0.0953102905376344,-1.1716396,-1.919644,0.94989544,275.96875,71.684265,2.2342703,WAL
2082647288000,295.1299,-7.0276804853917,-17.8417229610775,-0.324759696505299,-0.8943067,-1.702176,0.86620694,275.20294,72.41627,1.6213857,WAL
2082652328000,295.13494,-6.21024210171338,-18.3101958777855,-0.076181947851243,-0.7452556,-1.1933253,0.7849618,274.59814,73.06546,0.9955058,WAL
2082657300000,295.139912,-5.09747052371483,-18.5267771778861,0.544159201459879,-0.43157628,-0.76052725,0.5879578,274.02643,73.668686,0.4570025,WAL
2082662333000,295.144945,-3.45837100656259,-18.3350697724968,1.79984368063041,-0.15393804,-0.6200282,0.39614612,273.52893,74.1945,-0.05499669,WAL
2082667276000,295.149888,-1.98886544986636,-17.6745548053356,2.75061696951099,-0.02076942,-0.6805039,0.21471913,273.12488,74.625626,-0.39867288,WAL
2082672497000,295.155109,-0.697028876945159,-16.1005930834488,3.23072466600673,-0.027183503,-0.79504114,0.076358154,272.76108,74.99204,-0.6931034,WAL
2082677278000,295.15989,0.278455862501235,-14.5402119436926,3.38815741459054,-0.094989546,-0.9425651,-0.04917465,272.42972,75.157135,-0.71263754,WAL
2082682331000,295.164943,0.909463675713721,-12.661529954312,3.01050883333004,-0.19792034,-1.1215485,-0.1469131,272.0668,75.329605,-0.6901765,WAL
2082687307000,295.169919,1.34923968159835,-10.9182629811265,1.93924261424359,-0.35827246,-1.2910637,-0.19853121,271.69577,75.419624,-0.47146416,WAL
2082692349000,295.174961,1.40619782682591,-9.38039301041974,-0.64285950682198,-0.5488624,-1.3640621,-0.2134974,271.30743,75.54517,-0.23632005,WAL
2082697280000,295.179892,1.27513677396911,-7.68737395980044,-2.71774483723496,-0.7119634,-1.3570372,-0.19425514,270.8892,75.68501,0.09949541,WAL
2082702330000,295.184942,0.658014767924782,-5.46480708845822,-3.67822789873357,-0.9104946,-1.3161092,-0.16279559,270.46228,75.882126,0.43198964,WAL
2082707382000,295.189994,0.0973685524270865,-3.56264746537491,-4.53408013285902,-1.1004738,-1.325883,-0.12583824,269.91025,76.43744,0.7678182,WAL
2082712346000,295.194958,-0.24805754686043,-2.85740243209204,-4.9946483086588,-1.3191634,-1.396438,-0.0852157,269.347,77.04953,1.087445,WAL
2082717339000,295.199951,-0.590248631911076,-2.22415907471837,-5.41041086940485,-1.5158621,-1.5335772,-0.010995574,268.76736,77.79729,1.2475028,WAL
2082722429000,295.205041,-0.920696729448709,-1.84511579169574,-5.66796608722959,-1.7220291,-1.6988163,0.05589417,268.15503,78.61286,1.3957148,WAL
2082727415000,295.210027,-1.19553349615052,-1.54161735699827,-5.90175049929066,-1.9104811,-1.8478674,0.10598512,267.49268,79.542694,1.4640019,WAL
2082732329000,295.214941,-1.30952065506055,-1.46019794563149,-6.07273125891003,-2.0711386,-1.9184223,0.16249016,266.80005,80.53056,1.504184,WAL
2082737279000,295.219891,-1.42434288473183,-1.37818205506055,-6.24496462482699,-2.2235496,-1.8811595,0.19364429,266.08243,81.61543,1.4742967,WAL
2082742349000,295.224961,-1.44114661216791,-1.44811798575983,-6.12909015802338,-2.34389,-1.7898352,0.23304509,265.3569,82.74545,1.4122231,WAL
2082747582000,295.230194,-1.44679791867117,-1.55293968054424,-5.94700275379879,-2.4303274,-1.7018706,0.27397305,264.64038,83.915375,1.3244317,WAL
2082752333000,295.234945,-1.45583538798292,-1.81954670028801,-5.44993911058695,-2.4471262,-1.681712,0.29565877,263.91956,85.14235,1.1901863,WAL
2082757438000,295.24005,-1.46903930762478,-2.11519972012861,-4.91402506052873,-2.4419339,-1.7076738,0.37812558,263.21667,86.374115,1.0099794,WAL
2082762336000,295.244948,-1.58873718856793,-2.68017359619271,-4.3442631732367,-2.3710735,-1.8280143,0.5006041,262.496,87.59736,0.79705584,WAL
2082767488000,295.2501,-1.71549096756329,-3.30968838188291,-3.77541354129747,-2.2482896,-1.9889772,0.6533204,261.7768,88.71671,0.5458616,WAL
2082772369000,295.254981,-1.84492560745649,-4.29431626440862,-3.57201630520174,-2.0607538,-2.1820107,0.83016586,261.0187,89.742355,0.23907092,WAL
2082777571000,295.260183,-1.98004496385862,-5.39553400957074,-3.37585117111722,-1.8298469,-2.3536637,1.0323622,260.21692,90.810715,-0.12195481,WAL
2082782337000,295.264949,-2.07087264868758,-7.00880626712783,-3.43640290078651,-1.5534303,-2.4373524,1.2724323,259.39218,91.718094,-0.5549871,WAL
2082787328000,295.26994,-2.16598825401308,-8.69824013986544,-3.49981324127736,-1.2651019,-2.3790147,1.5500705,258.51578,92.523224,-1.0273597,WAL
2082792347000,295.274959,-2.07597657607597,-10.9009764839361,-3.74110239232168,-1.001819,-2.1526892,1.8466456,257.67407,93.30179,-1.5741944,WAL
2082797237000,295.279849,-1.97188755586987,-13.0915769264498,-3.99186226421499,-0.81092364,-1.7974709,2.1484132,256.8989,94.07413,-2.1969287,WAL
2082802334000,295.284946,-1.72281880075898,-14.7028999708086,-4.12633821552982,-0.68569624,-1.3130548,2.3945918,256.21887,94.822014,-2.863203,WAL
2082807283000,295.289895,-1.46916899482339,-16.210962891408,-4.24624540177095,-0.6047566,-0.68936145,2.488665,255.69318,95.56185,-3.5479066,WAL
2082812333000,295.294945,-1.20573631635105,-16.8377914378352,-3.88665386862994,-0.6423248,-0.044593163,2.413834,255.35251,96.290344,-4.18315,WAL
2082817254000,295.299866,-0.948384984323744,-17.3203253593369,-3.46845793129205,-0.8185594,0.4999932,2.1810944,255.1688,96.99959,-4.7669644,WAL
2082822412000,295.305024,-0.6760829429768,-16.5874412614241,-2.80743363276087,-1.0769554,0.8918633,1.8469511,255.14624,97.61372,-5.1908007,WAL
2082827247000,295.309859,-0.420311880006026,-15.6480639364266,-2.14242888846038,-1.3539828,1.1038336,1.4501941,255.22163,98.19053,-5.508467,WAL
2082832342000,295.314954,-0.139485186218353,-14.2092369248474,-1.43164586059241,-1.577254,1.104139,1.0305296,255.35995,98.635155,-5.664521,WAL
2082837272000,295.319884,0.134545846974882,-12.7256897608326,-0.741843610407285,-1.7592919,0.88697636,0.66675943,255.48187,99.06087,-5.7242026,WAL
2082842334000,295.324946,0.278536215309973,-11.3664164357592,-0.014862840491165,-1.8759671,0.41233405,0.37690386,255.53235,99.38521,-5.678549,WAL
2082847243000,295.329855,0.391174830179695,-10.0804583830488,0.693821800729759,-1.9346102,0.064751714,0.25381452,255.54613,99.709366,-5.5866985,WAL
2082852334000,295.334946,0.380633451304348,-9.13975308074534,0.457366864242236,-1.9343048,-0.75655663,0.060170226,255.2873,99.92857,-5.420356,WAL
2082857369000,295.339981,0.343196173994565,-8.29273453746118,0.0174787854873836,-1.8771889,-1.5280794,-0.07727446,254.93974,100.147606,-5.2551465,WAL
2082862343000,295.344955,0.049751786740465,-8.02892879573312,-0.643731583532253,-1.7186694,-2.0668626,-0.19364429,254.43594,100.26377,-5.0822983,WAL
2082867299000,295.349911,-0.313251308551877,-7.92384912718124,-1.36496137413062,-1.4676038,-2.350915,-0.32406402,253.78137,100.32738,-4.893714,WAL
2082872362000,295.354974,-0.738826219081561,-8.01498981065189,-1.95638470892483,-1.2098186,-2.39337,-0.4334089,253.0307,100.43073,-4.708872,WAL
2082877322000,295.359934,-1.17035137863033,-8.15725070153739,-2.49697672809224,-1.0042624,-2.2971587,-0.52687126,252.23697,100.47669,-4.5025425,WAL
2082882342000,295.364954,-1.5114944799861,-8.24438653693041,-2.76438099854065,-0.85062987,-2.129171,-0.5561928,251.41959,100.60272,-4.345255,WAL
2082887359000,295.369971,-1.82630547734538,-8.31593419656508,-2.95517552126477,-0.7473936,-1.9193386,-0.4990769,250.64343,100.695915,-4.1846476,WAL
2082892346000,295.374958,-2.165571151154,-8.47572787868086,-2.90160283774373,-0.66889745,-1.6933185,-0.40653083,249.8952,100.870384,-4.0932393,WAL
2082897336000,295.379948,-2.51262088553522,-8.66113849696578,-2.77799608983287,-0.63071835,-1.4837917,-0.310625,249.20581,101.03977,-4.0141726,WAL
2082902328000,295.38494,-2.69279251139968,-8.82806735472839,-2.50304390363799,-0.6273586,-1.2953397,-0.22540927,248.56387,101.258316,-4.008326,WAL
2082907391000,295.390003,-2.82256641597938,-8.99148636984536,-2.17620602396907,-0.6844745,-1.1203269,-0.13133603,247.98346,101.49459,-4.024702,WAL
2082912342000,295.394954,-2.81166747613793,-9.10833385527094,-1.88973424017734,-0.79626286,-0.9456194,-0.03359759,247.47269,101.7613,-4.1323576,WAL
2082917330000,295.399942,-2.75519162013793,-9.21187244955665,-1.61206146989163,-0.9202685,-0.786489,0.043982297,247.01144,102.052086,-4.252366,WAL
2082922356000,295.404968,-2.42156703170211,-9.24830023342072,-1.29507452795417,-1.0338894,-0.6441574,0.11759156,246.62025,102.336784,-4.418024,WAL
2082927346000,295.409958,-1.9807586974949,-9.25758059656277,-0.965628322691523,-1.1249083,-0.56230146,0.1863139,246.2608,102.652756,-4.5973616,WAL
2082932327000,295.414939,-1.50464045051391,-9.25447032627973,-0.679043273256751,-1.153619,-0.56077427,0.23793201,245.93555,102.93454,-4.7797556,WAL
2082937332000,295.419944,-1.00716085,-9.24481033333333,-0.413398833333333,-1.1383474,-0.6374379,0.26725355,245.61331,103.22978,-4.9734254,WAL
2082942350000,295.424962,-0.592023495306547,-9.18833693958556,-0.363221758536823,-1.0870347,-0.6924158,0.26083946,245.32799,103.43439,-5.084434,WAL
2082947344000,295.429956,-0.21979605462905,-9.10923895631871,-0.419055863998443,-0.99296147,-0.81306165,0.26083946,245.0044,103.6242,-5.2131696,WAL
2082952339000,295.434951,0.0452866007329192,-9.04108156689342,-0.646603931529133,-0.9388999,-0.9053023,0.25137106,244.69073,103.72379,-5.2431946,WAL
2082957361000,295.439973,0.244436599714286,-8.97943964852608,-0.98326226462585,-0.8341365,-0.95264435,0.2519819,244.357,103.784836,-5.280587,WAL
2082962341000,295.444953,0.345063497590028,-8.93764075969529,-1.27610288393352,-0.72601336,-0.97066486,0.23793201,244.0153,103.80676,-5.234389,WAL
2082967342000,295.449954,0.378230814333201,-8.90921154907004,-1.54144145745944,-0.6575964,-0.99082345,0.20830505,243.6602,103.8102,-5.1880527,WAL
2082972339000,295.454951,0.328470266421365,-8.88080853115727,-1.75572992456973,-0.6056729,-1.0308352,0.17959438,243.28378,103.824326,-5.0923443,WAL
2082977346000,295.459958,0.214639830860534,-8.85235133827893,-1.93121848961424,-0.59864795,-1.0900891,0.13805555,242.89539,103.82986,-4.989677,WAL
2082982339000,295.464951,0.0476465147038853,-8.81489105884572,-2.028280758808,-0.6435465,-1.1600331,0.09132435,242.47896,103.87279,-4.869602,WAL
2082987360000,295.469972,-0.165480787099208,-8.76954485665786,-2.06002310033949,-0.700357,-1.2339478,0.064446285,242.04541,103.918015,-4.751058,WAL
2082992345000,295.474957,-0.416735553236958,-8.71391939739158,-2.09089798837209,-0.782213,-1.2476922,0.03940081,241.60858,104.02324,-4.645052,WAL
2082997327000,295.479939,-0.721618296417348,-8.64394620013618,-2.12088653875969,-0.87995136,-1.2168436,0.040011674,241.16519,104.150276,-4.544508,WAL
2083002327000,295.484939,-1.03022087265322,-8.538475626891,-2.09298370087277,-0.990518,-1.1756102,0.06719518,240.71771,104.3307,-4.496911,WAL
2083007395000,295.490007,-1.34556822796742,-8.39727516083204,-2.00826347038402,-1.1029172,-1.1123856,0.095294975,240.28644,104.538315,-4.4495473,WAL
2083012343000,295.494955,-1.64250265169728,-8.26834203474441,-1.93737195416334,-1.2040154,-1.0317514,0.1554652,239.86703,104.80669,-4.4822693,WAL
2083017346000,295.499958,-1.92952010634984,-8.14875155351438,-1.87996847322284,-1.2760975,-0.9468411,0.22540927,239.46991,105.09816,-4.522909,WAL
2083022389000,295.505001,-2.18504018501136,-8.04606858166189,-1.80940521244936,-1.3072516,-0.8518516,0.2932153,239.09366,105.42354,-4.647723,WAL
2083027442000,295.510054,-2.40019888210651,-7.96478622636103,-1.72334170365577,-1.3402383,-0.7870999,0.37995818,238.73926,105.77201,-4.793424,WAL
2083032292000,295.514904,-2.55573703548006,-7.87128624372231,-1.62720840301329,-1.3377949,-0.7318166,0.46273044,238.39296,106.13461,-5.0087323,WAL
2083037352000,295.519964,-2.64640316684392,-7.75198883357952,-1.50791089321517,-1.3096951,-0.70066243,0.5589417,238.06519,106.503265,-5.247247,WAL
2083042257000,295.524869,-2.72232342040775,-7.68240436597369,-1.38416644242242,-1.2699889,-0.68661255,0.6075055,237.74194,106.87325,-5.538942,WAL
2083047350000,295.529962,-2.78110570417797,-7.68730299618359,-1.24210903073215,-1.2479976,-0.70554936,0.7021896,237.4288,107.249985,-5.866864,WAL
2083052260000,295.534872,-2.77697266109205,-7.80775588707833,-1.05700786496284,-1.1899655,-0.7415904,0.78893244,237.11539,107.6022,-6.2227597,WAL
2083057407000,295.540019,-2.67363562502382,-8.12246398837431,-0.784573554907566,-1.1368202,-0.7788532,0.8597928,236.8021,107.9554,-6.5977917,WAL
2083062244000,295.544856,-2.57373356982681,-8.4334230415457,-0.592501298332165,-1.0910053,-0.83658,0.92179567,236.47852,108.28349,-7.0094066,WAL
2083067357000,295.549969,-2.46098728746621,-8.80107430723796,-0.553285197449194,-1.0549643,-0.8903361,0.97219205,236.14978,108.606026,-7.4345846,WAL
2083072298000,295.55491,-2.33971226584036,-9.18201310163609,-0.544970189092712,-1.0177015,-0.95294976,1.0012082,235.82062,108.84651,-7.8430204,WAL
2083077312000,295.559924,-2.18734930976698,-9.62957909866138,-0.606867608924145,-0.9728029,-1.0076222,1.031446,235.48178,109.082825,-8.26296,WAL
2083082275000,295.564887,-2.02502867825186,-10.0541071464632,-0.701889686003579,-0.90408057,-1.0516045,1.0445796,235.13608,109.26456,-8.646998,WAL
2083087296000,295.569908,-1.83027866839974,-10.4345492197419,-0.887581607553923,-0.8185594,-1.0839803,1.0348058,234.77777,109.43314,-9.029677,WAL
2083092295000,295.574907,-1.62442803605645,-10.7908045166965,-1.09978714168157,-0.7244862,-1.0870347,1.0180069,234.42978,109.548805,-9.3583355,WAL
2083097325000,295.579937,-1.35154328749752,-11.0253893795468,-1.46363340644007,-0.6243043,-1.0735956,0.9746355,234.0735,109.63893,-9.6717005,WAL
2083102332000,295.584944,-1.07488572494213,-11.2392173152006,-1.82214631045525,-0.5164866,-1.0531317,0.94134337,233.74132,109.687775,-9.9145775,WAL
2083107387000,295.589999,-0.766715387485532,-11.3419413704668,-2.16300138178048,-0.4025602,-0.9825767,0.90194255,233.42252,109.70632,-10.133777,WAL
2083112329000,295.594941,-0.465858512797778,-11.4386467769513,-2.49015207591987,-0.28588495,-0.8677341,0.84665924,233.1363,109.69894,-10.253563,WAL
2083117345000,295.599957,-0.165714947263711,-11.4910523610037,-2.74741800486958,-0.17165314,-0.7244862,0.8002335,232.87534,109.663055,-10.355299,WAL
2083122527000,295.605139,0.137563172265492,-11.5329765385925,-2.98607691029132,-0.098043874,-0.59437186,0.75777835,232.65604,109.60902,-10.352575,WAL
2083127371000,295.609983,0.360480628635499,-11.4633148819702,-2.96750046852538,-0.045814894,-0.47036624,0.70066243,232.46964,109.52734,-10.324604,WAL
2083132396000,295.615008,0.583053849419202,-11.3868988613196,-2.92572772125642,-0.02687807,-0.37048978,0.6356053,232.32422,109.42976,-10.201202,WAL
2083137279000,295.619891,0.693911724456737,-11.2621836457922,-2.61163033790992,-0.070249505,-0.3390302,0.5323691,232.18524,109.32588,-10.053994,WAL
2083142527000,295.625139,0.794565664451362,-11.1413567463035,-2.27513056333658,-0.16310102,-0.36743546,0.40622538,232.05563,109.197624,-9.8370285,WAL
2083147343000,295.629955,0.66894182233463,-11.1862223774319,-1.97901725734436,-0.30848694,-0.4089743,0.33200526,231.92595,109.09292,-9.61373,WAL
2083152636000,295.635248,0.520431113881338,-11.2384483991002,-1.65441515969632,-0.38912117,-0.4822781,0.08002335,231.75737,108.910225,-9.309418,WAL
2083157499000,295.640111,0.14939155236667,-11.3519433165245,-1.37504421932702,-0.54061574,-0.5702427,-0.00061086525,231.58224,108.80406,-9.045509,WAL
2083162302000,295.644914,-0.217070099690693,-11.4640379265161,-1.09912017519918,-0.66828656,-0.6731735,-0.14752395,231.34938,108.64289,-8.749752,WAL
2083167356000,295.649968,-0.686342954947047,-11.4514591610533,-0.893894128031676,-0.7480045,-0.7715228,-0.25411993,231.09322,108.51197,-8.458318,WAL
2083172382000,295.654994,-1.16854576761759,-11.4147196333365,-0.705605379190917,-0.7974846,-0.8341365,-0.2828306,230.81636,108.406425,-8.162711,WAL
2083177432000,295.660044,-1.62142432198697,-11.244424805171,-0.604444302540717,-0.8023715,-0.8582657,-0.28924468,230.50441,108.29458,-7.944856,WAL
2083182244000,295.664856,-2.04360717964169,-11.0427151109528,-0.534080479869707,-0.7641924,-0.8509353,-0.2501493,230.18948,108.19346,-7.7404766,WAL
2083187327000,295.669939,-2.2342518185569,-11.0201461794492,-0.609904832271247,-0.69027776,-0.82894415,-0.19303341,229.8496,108.10792,-7.6509433,WAL
2083192258000,295.67487,-2.34612209843056,-11.0527751773764,-0.726436350281315,-0.5662721,-0.8008443,-0.12614368,229.52145,108.009346,-7.576215,WAL
2083197325000,295.679937,-2.0820042110527,-11.5007777747891,-0.923069950641888,-0.419359,-0.7620544,-0.062002823,229.18001,107.93173,-7.605992,WAL
2083202314000,295.684926,-1.69645662116396,-12.0790988851327,-1.14213106046583,-0.27885997,-0.70524395,-0.025961773,228.85812,107.831276,-7.641819,WAL
2083207552000,295.690164,-1.29166642757061,-12.6862838873334,-1.37212546681135,-0.11881329,-0.5992588,-0.0030543262,228.56427,107.72393,-7.7029567,WAL
2083212344000,295.694956,-0.936895470634461,-13.1598051277778,-1.49185132873591,0.026267206,-0.46853364,-0.0067195175,228.29755,107.58922,-7.758211,WAL
2083217488000,295.7001,-0.571983655935588,-13.5842137055556,-1.52754923913849,0.18112154,-0.3182608,-0.03176499,228.06966,107.41556,-7.8019238,WAL
2083222753000,295.705365,-0.199272478661265,-14.0238933359169,-1.57220396859257,0.31673363,-0.18295415,-0.07360926,227.92601,107.15822,-7.6808305,WAL
2083227448000,295.71006,0.125456679450414,-14.4674256936762,-1.6910073171041,0.42271876,-0.01740966,-0.14080444,227.83212,106.87073,-7.535669,WAL
2083232434000,295.715046,0.470312820524925,-14.938448555399,-1.81717419584287,0.5174029,0.16523905,-0.22540927,227.81068,106.496704,-7.2685733,WAL
2083237429000,295.720041,0.818657097390744,-15.3527778284119,-1.89090054995168,0.60994893,0.3475823,-0.3115413,227.83334,106.10046,-6.9797153,WAL
2083242272000,295.724884,1.15730978768388,-15.7362521118866,-1.94568261273489,0.70341134,0.43127087,-0.35063666,227.87964,105.68812,-6.6841717,WAL
2083247309000,295.729921,1.2980828411199,-15.8960233799459,-1.76670354256236,0.75319684,0.5561928,-0.4260785,228.0081,105.2278,-6.2676015,WAL
2083252252000,295.734864,1.40240415549434,-16.0145702155665,-1.55331904038866,0.86284715,0.6102544,-0.48838675,228.14009,104.74287,-5.8584924,WAL
2083257333000,295.739945,1.25047634767961,-15.8328942543418,-1.21277163080573,0.99112886,0.5656612,-0.5696318,228.29565,104.21834,-5.373436,WAL
2083262302000,295.744914,1.0607960787226,-15.6070846349056,-0.860508435854608,1.1368202,0.42546764,-0.68294734,228.43425,103.67274,-4.883677,WAL
2083267345000,295.749957,0.809554017753712,-15.0823222723919,-0.514381347572118,1.3292428,0.21655174,-0.79504114,228.54825,103.05639,-4.3794856,WAL
2083272308000,295.75492,0.544326392490305,-14.475445900123,-0.17722754455689,1.5387696,-0.02443461,-0.93187493,228.60954,102.40893,-3.8653717,WAL
2083277438000,295.76005,0.242767391625182,-13.7013787557561,0.0127680823169467,1.751656,-0.21594086,-1.0589349,228.6137,101.69024,-3.3852966,WAL
2083282301000,295.764913,-0.0567000167848994,-12.8947486789048,0.114200588769965,1.9651535,-0.3417791,-1.1749994,228.57144,100.930664,-2.8932955,WAL
2083287330000,295.769942,-0.464576146747487,-12.1723249244037,0.0821985641395624,2.1878138,-0.3866777,-1.2809844,228.49127,100.10778,-2.4352717,WAL
2083292312000,295.774924,-0.906611977794205,-11.4998663884289,-0.00244658810171497,2.4242187,-0.355829,-1.3625349,228.40727,99.242546,-1.9631603,WAL
2083297309000,295.779921,-1.40694875675676,-11.0620885066825,-0.0516271502049302,2.6554313,-0.25992316,-1.4156802,228.32378,98.35202,-1.5277885,WAL
2083302342000,295.784954,-1.93661986306306,-10.7280614359964,-0.0850298293705574,2.8496864,-0.122478485,-1.4425583,228.27525,97.430275,-1.0809568,WAL
2083307367000,295.789979,-2.48732192189257,-10.6376622175724,-0.0855781284911514,2.9996538,0.04550946,-1.4563028,228.24107,96.5129,-0.6970277,WAL
2083312364000,295.794976,-3.04528503797626,-10.6625712689985,-0.0706326903526962,3.1239648,0.21777347,-1.4395039,228.2648,95.577,-0.31571168,WAL
2083317337000,295.799949,-3.57193067786941,-10.903320646842,0.0345738786116232,3.1963525,0.35124752,-1.4132367,228.31502,94.65483,-0.017041322,WAL
2083322447000,295.805059,-4.10370508118754,-11.2214356230717,0.172265448806636,3.2183435,0.40775254,-1.396438,228.41034,93.74595,0.2761302,WAL
2083327330000,295.809942,-4.61040344390004,-11.5610197239276,0.298636377596419,3.189022,0.35002577,-1.357648,228.51463,92.85804,0.46866548,WAL
2083332336000,295.814948,-5.12925071776859,-11.9242128057851,0.425989810557851,3.1102204,0.1966986,-1.3161092,228.62544,92.03303,0.6507858,WAL
2083337338000,295.81995,-5.59221848745592,-12.2801421140554,0.380078123064987,2.9746084,0.09040806,-1.2544118,228.75232,91.27928,0.7335619,WAL
2083342335000,295.824947,-6.02617105783375,-12.6321257592947,0.245070722736524,2.8344147,-0.14294247,-1.2260065,228.81541,90.83668,0.8099558,WAL
2083347310000,295.829922,-6.46056889157393,-12.8677949308426,-0.0760625275238474,2.7605,-0.36102137,-1.1667526,228.86867,89.002174,0.783681,WAL
2083352328000,295.83494,-6.89987604387917,-13.0492476856121,-0.491494575323927,2.6493225,-0.52595496,-1.1337659,228.88394,88.42563,0.75875026,WAL
2083357321000,295.839933,-7.3300803758501,-13.0918779003668,-1.05752365769406,2.557082,-0.602924,-1.1160508,228.85571,87.805626,0.6674287,WAL
2083362313000,295.844925,-7.75663620985427,-13.063440772182,-1.70209679974224,2.5027149,-0.5329799,-1.1585059,228.83365,87.17075,0.5887146,WAL
2083367316000,295.849928,-7.8588121330495,-12.931703869703,-2.12585102535644,2.4254405,-0.38759398,-1.2189816,228.79839,86.63868,0.4554486,WAL
2083372319000,295.854931,-7.77816704233663,-12.7419504819802,-2.42471275962376,2.3445008,-0.2764165,-1.2840388,228.7819,86.118225,0.34187,WAL
2083377309000,295.859921,-7.17620878794228,-12.2393459808262,-2.78693782381894,2.2898283,-0.16187929,-1.2730432,228.77467,85.72451,0.17394981,WAL
2083382327000,295.864939,-6.25003735121566,-11.5411551093101,-3.19065362915596,2.255009,0.10934488,-1.1389582,228.84636,85.346535,-0.008112555,WAL
2083387322000,295.869934,-5.47115893828458,-11.0407823946455,-3.6756744283887,2.1398609,0.5891795,-1.035722,229.0150829973,85.0846284518452,-0.179149709972997,WAL
2083392326000,295.874938,-4.78689337144274,-10.6701390669311,-4.2173844951413,1.881465,0.9831876,-0.99296147,229.18411,84.82225,-0.35049504,WAL
2083397310000,295.879922,-4.08054586480214,-10.2789447438262,-4.17701307256769,1.7104226,1.2089024,-0.93676186,229.36795,84.67849,-0.41645908,WAL
2083402292000,295.884904,-3.35656669425766,-9.87200235465635,-3.71801967828027,1.700038,1.2932017,-0.8536842,229.61719,84.56366,-0.50502217,WAL
2083407329000,295.889941,-2.40406965146959,-9.74666613597973,-3.20108805135135,1.772731,1.3448198,-0.7690793,229.82156,84.59291,-0.4902974,WAL
2083412303000,295.894915,-1.29365833931757,-9.84322349087838,-2.64990566810811,1.863139,1.4526376,-0.75228053,230.05994,84.61875,-0.48190796,WAL
2083417336000,295.899948,-0.298642734250181,-9.99182934697896,-2.1531885683076,1.9312505,1.5696182,-0.7812967,230.3276,84.568794,-0.38294426,WAL
2083422342000,295.904954,0.173369067980102,-10.3445959256918,-1.90476126574775,2.0045543,1.7101172,-0.8558222,230.6297,84.49136,-0.28036162,WAL
2083427303000,295.909915,0.581515646142925,-10.6468211178419,-1.65468909678183,2.05434,1.8429805,-0.9502009,230.94421,84.277855,0.0044362075,WAL
2083432306000,295.914918,0.826408144266919,-10.8191530399432,-1.39165645465215,2.096184,1.9162843,-1.0598512,231.28592,84.032036,0.30637985,WAL
2083437332000,295.919944,1.0611517199747,-10.9443942118603,-1.19595295879549,2.1786509,1.9199494,-1.1551461,231.65404,83.70589,0.68381715,WAL
2083442309000,295.924921,1.23273759624441,-10.8099079531037,-1.37217619040669,2.20278,1.9318613,-1.1844677,232.04971,83.36571,1.0622935,WAL
2083447304000,295.929916,1.38400053490276,-10.673807128915,-1.56938074498465,2.221106,2.008525,-1.1948525,232.46107,82.925125,1.4856555,WAL
2083452224000,295.934836,1.33577345609007,-10.5291261442682,-1.95519762727738,2.2214115,2.0977113,-1.1670581,232.88382,82.47128,1.8940899,WAL
2083457279000,295.939891,1.26671097335885,-10.3742549282909,-2.30497302134152,2.2437081,2.1545217,-1.1081096,233.29123,82.010635,2.3073044,WAL
2083462231000,295.944843,1.07565706786182,-10.1832006936247,-2.35273660494511,2.2504275,2.2721133,-1.0818423,233.74484,81.547356,2.7059226,WAL
2083467264000,295.949876,0.870149474961409,-9.96586819552741,-2.38724613680982,2.243097,2.320677,-1.0500773,234.16795,81.13926,3.0663793,WAL
2083472262000,295.954874,0.60018131307738,-9.61538307460914,-2.33988318773006,2.2015584,2.3041837,-0.999681,234.60568,80.741066,3.4040954,WAL
2083477214000,295.959826,0.327843214924459,-9.26766120588526,-2.29296753315888,2.1371121,2.2424862,-0.95814216,235.03703,80.354706,3.69655,WAL
2083482259000,295.964871,0.012963248823936,-8.90984332299793,-2.24525853192456,2.080607,2.147802,-0.93279123,235.45349,79.982895,3.9751956,WAL
2083487265000,295.969877,-0.296167773370209,-8.55810499875543,-2.19696719589095,2.01219,2.047315,-0.9077458,235.86694,79.63661,4.203044,WAL
2083492271000,295.974883,-0.575558151639668,-8.2360955321612,-2.14014207443698,1.9507982,1.9486601,-0.89949906,236.25345,79.30798,4.4278045,WAL
2083497258000,295.97987,-0.847534201586207,-7.91886987303448,-2.08739394413793,1.8637499,1.8658879,-0.9077458,236.63419,79.0034,4.5994773,WAL
2083502219000,295.984831,-1.03944870258128,-7.6473811275468,-2.08271300847291,1.7681495,1.7910569,-0.9117164,236.98766,78.723236,4.768174,WAL
2083507406000,295.990018,-1.23963536676683,-7.36495862617188,-2.07639724879808,1.6569719,1.7479908,-0.9294315,237.34093,78.463936,4.900522,WAL
2083512248000,295.99486,-1.42077165751202,-7.11879903789063,-2.05317465985577,1.5546521,1.7253889,-0.9416488,237.6771,78.23196,5.0319896,WAL
2083517392000,296.000004,-1.60727291826138,-6.85679998550175,-2.02613715075846,1.4498887,1.7046194,-0.95478237,238.00995,78.030136,5.138954,WAL
2083522277000,296.004889,-1.71190169509918,-6.60205165309218,-1.97154827327888,1.3414601,1.6994271,-0.9596693,238.3385,77.85912,5.2447953,WAL
2083527530000,296.010142,-1.82273560240132,-6.32769576813144,-1.90069732139802,1.251052,1.7006488,-0.9691377,238.67609,77.70683,5.3199587,WAL
2083532236000,296.014848,-1.88845860284853,-6.07356691847171,-1.5939899707272,1.1655309,1.6991217,-0.9789116,239.00806,77.58392,5.395107,WAL
2083537261000,296.019873,-1.95863668981139,-5.80221174007389,-1.26649221528291,1.1163563,1.6685784,-0.98471475,239.34518,77.46259,5.450338,WAL
2083542249000,296.024861,-1.95426256987515,-5.68108866596859,-1.08329384519533,1.0177015,1.5897768,-1.0097603,239.66531,77.3752,5.515078,WAL
2083547204000,296.029816,-1.94470698308498,-5.57119921832461,-0.911293163238018,0.90102625,1.5509869,-1.0296134,239.98366,77.30755,5.57794,WAL
2083552244000,296.034856,-1.93058221649402,-5.41551922845618,-0.436390487737052,0.79229224,1.5378532,-1.0439687,240.30095,77.19182,5.6481724,WAL
2083557178000,296.03979,-1.91646311354582,-5.26020914516932,0.0483657339840638,0.6945538,1.5109752,-1.0439687,240.59863,77.10442,5.7212043,WAL
2083562249000,296.044861,-1.89306781901639,-5.13662248819672,0.349255171081967,0.5879578,1.4355333,-1.065349,240.90358,77.009735,5.798702,WAL
2083567172000,296.049784,-1.86964671377049,-5.01951705979136,0.625623851034277,0.43493605,1.3796391,-1.0699304,241.19943,76.955124,5.870697,WAL
2083572309000,296.054921,-1.9193777802412,-4.9697446285287,0.72474854345972,0.2855795,1.3454307,-1.0604621,241.57773,76.84807,5.916543,WAL
2083577248000,296.05986,-1.97413882957067,-4.92867382961891,0.802326657761698,0.15699236,1.3307699,-1.0412198,241.94072,76.77689,5.961625,WAL
2083582303000,296.064915,-2.04605978561789,-4.93839391717756,0.833922546157702,0.05467244,1.3228287,-1.0201449,242.33708,76.68566,5.996356,WAL
2083587269000,296.069881,-2.11941000867554,-4.95673149687681,0.856844480092539,-0.038179077,1.328021,-1.0036516,242.72769,76.62754,6.0257597,WAL
2083592315000,296.074927,-2.18515638403869,-4.97602542321644,0.739996498186215,-0.13683382,1.3539828,-0.9877691,243.13528,76.590576,6.033086,WAL
2083597282000,296.079894,-2.24746830995566,-4.99519822339782,0.586613195828295,-0.24312437,1.3991868,-0.96944314,243.54372,76.58197,6.0328608,WAL
2083602289000,296.084901,-2.24893324669655,-4.93193411913857,0.458447401243422,-0.3390302,1.4459181,-0.9392053,243.96265,76.60289,6.002379,WAL
2083607369000,296.089981,-2.23471083079322,-4.84659967322159,0.335186374309102,-0.43951756,1.4899004,-0.9101892,244.3866,76.65392,5.964651,WAL
2083612311000,296.094923,-2.16109717626267,-4.71958864958608,0.259591949160078,-0.52290064,1.518611,-0.8903361,244.79102,76.758995,5.906712,WAL
2083617334000,296.099946,-2.06713469844666,-4.57640768651288,0.196950312856478,-0.6096435,1.5396858,-0.8573494,245.19571,76.89462,5.8361025,WAL
2083622342000,296.104954,-1.95331387155556,-4.39710201733333,0.187776348903704,-0.7153232,1.5317446,-0.83658,245.57925,77.073654,5.7669425,WAL
2083627339000,296.109951,-1.82671257634921,-4.19453981809524,0.213096613232804,-0.79779,1.498147,-0.8011498,245.95047,77.27268,5.686453,WAL
2083632305000,296.114917,-1.71673939501408,-4.02599510702025,0.282036125663428,-0.8744536,1.4758505,-0.75747293,246.30264,77.49333,5.6226296,WAL
2083637299000,296.119911,-1.61249473607302,-3.86962820931795,0.36890665815094,-0.9550878,1.3961325,-0.74006325,246.62024,77.73365,5.562937,WAL
2083642317000,296.124929,-1.50009167559072,-3.72089140936484,0.509817022579666,-0.9999864,1.2932017,-0.6988298,246.9345,77.973885,5.5136895,WAL
2083647309000,296.129921,-1.38090997517884,-3.58098241200954,0.70154413784522,-1.0848967,1.1798862,-0.65301496,247.21448,78.24334,5.464232,WAL
2083652287000,296.134899,-1.29069427719298,-3.52758426373278,0.931964041758351,-1.1539245,1.0491611,-0.6035349,247.47272,78.48674,5.4325714,WAL
2083657339000,296.139951,-1.21396591929825,-3.51799322525523,1.18612676171077,-1.2351695,0.8729264,-0.5510005,247.67706,78.75667,5.3956594,WAL
2083662311000,296.144923,-1.15442389851211,-3.58088840297579,1.41815250000972,-1.3161092,0.6921103,-0.51343226,247.88036,79.00112,5.374806,WAL
2083667316000,296.149928,-1.10314983214043,-3.68343653571915,1.64189381416902,-1.3833044,0.50762904,-0.46395215,248.02448,79.26665,5.3444247,WAL
2083672318000,296.15493,-1.09060583344913,-3.78155541498759,1.81485951533499,-1.4495832,0.32559118,-0.40011674,248.15045,79.495964,5.3224244,WAL
2083677314000,296.159926,-1.104852689866,-3.87653455694293,1.95257922654094,-1.5201381,0.16065755,-0.3304781,248.22267,79.74618,5.291964,WAL
2083682306000,296.164918,-1.13472660052028,-4.11538885696117,2.09581199789961,-1.5964963,0.04428773,-0.2452624,248.29712,79.98168,5.2518377,WAL
2083687308000,296.16992,-1.1762651767415,-4.46154340177281,2.24350459019173,-1.6759088,-0.04153884,-0.15790866,248.3274,80.24119,5.1969423,WAL
2083692309000,296.174921,-1.22876555217391,-4.92989913163911,2.45886017724025,-1.7510452,-0.09040806,-0.044898596,248.34827,80.50873,5.114132,WAL
2083697306000,296.179918,-1.29226004130435,-5.52088628400694,2.74214331005307,-1.806634,-0.10629055,0.09865474,248.34659,80.804375,5.0003176,WAL
2083702287000,296.184899,-1.15014726764936,-7.08938398511074,3.3754919565978,-1.8032742,-0.10140363,0.28191432,248.34525,81.112564,4.833212,WAL
2083707370000,296.189982,-0.823990385636516,-9.55368018732552,4.33131273855388,-1.736079,-0.02565634,0.44012842,248.35188,81.432205,4.6324043,WAL
2083712243000,296.194855,-0.414622234041642,-11.7841051426348,5.21641163346955,-1.6001616,0.10293079,0.5882632,248.39464,81.72756,4.364772,WAL
2083717325000,296.199937,0.172553979274178,-13.8913101122787,6.08770550206266,-1.3616186,0.30848694,0.7141015,248.47136,81.99377,4.0586963,WAL
2083722286000,296.204898,0.913087593816254,-15.6106772826855,7.05686309893993,-1.0064005,0.5216789,0.7516697,248.65756,82.01831,3.798752,WAL
2083727314000,296.209926,2.00487732502945,-16.6646562367491,8.28099059952886,-0.48166725,0.77854776,0.63132924,248.90517,81.9308,3.5499084,WAL
2083732253000,296.214865,3.12314448271226,-17.5466470943143,9.15857047944679,0.19486602,0.8784242,0.5290093,249.22194,81.55953,3.4067428,WAL
2083737295000,296.219907,4.37992302958125,-18.0614158275067,9.2374091129466,0.54611355,1.0827587,0.2275473,249.63553,81.12407,3.3422623,WAL
2083742356000,296.224968,5.41547305287561,-18.5098672513598,9.1645878674543,1.1050552,1.3387111,-0.09193522,250.19582,80.21771,3.523097,WAL
2083747303000,296.229915,5.64781399161837,-18.712637789835,8.568949879358,1.3420709,1.6542231,-0.36102137,250.82016,79.34667,3.7348814,WAL
2083752684000,296.235296,5.84992161835697,-18.8598762290291,7.89629940529278,1.3377949,1.9755383,-0.50854534,251.54202,78.395035,4.153777,WAL
2083757379000,296.239991,5.03718891481762,-17.5556099042104,6.82563334159541,1.1530081,2.1493294,-0.59712076,252.30142,77.47316,4.572753,WAL
2083762269000,296.244881,4.15706816513541,-16.1275722770311,5.74558061945837,0.9309586,2.185065,-0.6417139,253.0701,76.70855,4.989772,WAL
2083767339000,296.249951,2.98338574367101,-14.1065019550652,4.89819190531595,0.713796,2.1025982,-0.6435465,253.83997,76.02416,5.3779745,WAL
2083772315000,296.254927,1.85788505243187,-12.1100671073972,4.12212487395309,0.5311473,1.9520199,-0.6426302,254.5722,75.5325,5.6839833,WAL
2083777313000,296.259925,0.903405435951002,-10.0193018110341,3.71306213778369,0.40561453,1.7938058,-0.62125,255.26752,75.09813,5.9713264,WAL
2083782556000,296.265168,-0.0894207865806716,-7.85467961609337,3.29228042764128,0.28924468,1.6578883,-0.5742133,255.89531,74.815285,6.1235394,WAL
2083787304000,296.269916,-0.885436975876331,-6.24402706695332,3.01297641117936,0.14019357,1.5577064,-0.5225952,256.481,74.57968,6.270553,WAL
2083792328000,296.27494,-1.70785633893644,-4.60900796612639,2.7297108059552,-0.04428773,1.4740179,-0.4560109,257.00104,74.41997,6.2837524,WAL
2083797305000,296.279917,-2.27207868890002,-3.86249830058277,2.60384582054271,-0.26389378,1.4251486,-0.37720928,257.4958,74.31584,6.282486,WAL
2083802266000,296.284878,-2.83448718360954,-3.11838850537243,2.47838546437807,-0.50762904,1.3671165,-0.28191432,257.95868,74.30128,6.1625123,WAL
2083807369000,296.289981,-3.2379319872688,-3.09507392678792,2.61364453890259,-0.73426,1.2953397,-0.16279559,258.39468,74.349464,6.0178027,WAL
2083812295000,296.294907,-3.60149047709618,-3.18232805545623,2.78330515061652,-0.91690874,1.1814134,-0.032070424,258.7924,74.45929,5.850717,WAL
2083817336000,296.299948,-3.85210746462128,-3.73676355119847,3.0531557464046,-1.0543534,0.981355,0.105374254,259.1295,74.65031,5.5827723,WAL
2083822327000,296.304939,-4.09040914790988,-4.32335262294343,3.3281194111697,-1.1676689,0.7113526,0.26389378,259.40042,74.894104,5.2861037,WAL
2083827395000,296.310007,-4.20927201145877,-5.4379125960653,3.58595296061113,-1.2702943,0.5519168,0.40958515,259.6395,75.17862,4.910746,WAL
2083832285000,296.314897,-4.30238439687108,-6.60426663541231,3.83098535449979,-1.3454307,0.15577064,0.47433686,259.72733,75.48507,4.5505137,WAL
2083837304000,296.319916,-4.42508964407796,-8.36932457111444,3.88986636005997,-1.3665055,-0.33322698,0.5821546,259.7296,75.80711,4.108486,WAL
2083842283000,296.324895,-4.54900329355322,-10.1660727373313,3.93275951196402,-1.3756685,-0.8753699,0.6960809,259.5979,76.138336,3.6792202,WAL
2083847308000,296.32992,-5.04261620892857,-12.4065826785714,3.12494629642857,-1.3185526,-1.3411547,0.81031275,259.33987,76.46721,3.2204685,WAL
2083852289000,296.334901,-5.56213441118524,-14.6625084654631,2.25440218673469,-1.1725558,-1.6264287,0.945314,258.97055,76.764885,2.7518945,WAL
2083857313000,296.339925,-6.22592311394695,-15.9536112413585,1.23755982036978,-0.95233893,-1.6368134,1.0613784,258.5194,77.08738,2.240779,WAL
2083862244000,296.344856,-6.89498222204582,-17.0971805983722,0.222108406953376,-0.627664,-1.3683381,1.135293,258.0627,77.31889,1.7143155,WAL
2083867351000,296.349963,-6.89767737150446,-17.723595430848,0.402296749531398,-0.16218472,-0.850019,1.1523973,257.57993,77.676414,1.0785728,WAL
2083872298000,296.35491,-6.81678430155568,-18.2628831895276,0.725869634679378,0.5012149,-0.2666427,1.1023064,257.1996,77.84045,0.4442229,WAL
2083877312000,296.359924,-5.65909852598296,-18.0859721416692,1.19967080357663,1.1505647,0.094989546,0.9279043,256.85675,78.043434,-0.24322546,WAL
2083882243000,296.364855,-4.2386685205831,-17.7223811284262,1.70385071147418,1.4767667,0.28252518,0.63621616,256.65558,78.09748,-0.8734629,WAL
2083887295000,296.369907,-2.95873885292406,-15.7524466167277,1.3678832057918,1.3408492,0.37720928,0.34972036,256.5746,78.03316,-1.4218566,WAL
2083892315000,296.374927,-1.72221337653243,-13.4734486105322,0.862442104881254,0.82986045,0.45081854,0.15057829,256.56433,77.966675,-1.8953694,WAL
2083897307000,296.379919,-0.689711552762623,-11.3319045832755,0.464614296250372,0.17898351,0.4550946,-0.002443461,256.63254,77.925255,-2.095826,WAL
2083902290000,296.384902,0.261778086221605,-9.24430834351751,0.10958085993453,-0.4266894,0.26206118,-0.1554652,256.6799,78.02098,-2.2251318,WAL
2083907328000,296.38994,0.751451886223984,-7.57347967988107,0.0664396883052527,-0.9025534,-0.21960606,-0.2507602,256.6812,78.302734,-2.136454,WAL
2083912314000,296.394926,1.03066373534192,-6.11116662442022,0.161087769988107,-1.2681563,-0.7486154,-0.22021692,256.61298,78.718254,-2.02946,WAL
2083917357000,296.399969,0.949823920175987,-5.12231169667579,-0.00488672267794288,-1.5183055,-1.1942415,-0.16462818,256.4799,79.271645,-1.7147,WAL
2083922353000,296.404965,0.701894362397341,-4.36916694360579,-0.290239607812867,-1.6948457,-1.5387696,-0.118202426,256.21823,79.894264,-1.3928518,WAL
2083927310000,296.409922,0.436350986481312,-3.88699546213269,-0.76091250516274,-1.8057177,-1.6872098,-0.10445796,255.91476,80.50886,-1.0366026,WAL
2083932307000,296.414919,0.157497138936152,-3.55237091828852,-1.342521966458,-1.8973475,-1.9138408,-0.10842858,255.48619,81.15415,-0.67881715,WAL
2083937289000,296.419901,-0.148922508609817,-3.27214230334814,-1.96323297021346,-1.9187278,-2.0418172,-0.10720685,255.02182,81.82432,-0.37302142,WAL
2083942358000,296.42497,-0.559204984878102,-3.17220182465056,-2.7364576480117,-1.9489655,-2.1389446,-0.09773844,254.49661,82.51209,-0.07251615,WAL
2083947264000,296.429876,-0.940664338094868,-3.11770124152411,-3.38027030361586,-1.9672915,-2.2730296,-0.065973446,253.84357,83.28511,0.11762106,WAL
2083952290000,296.434902,-1.30559206597589,-3.13173691321928,-3.86684069539269,-1.9633209,-2.3906212,0.005497787,253.16081,84.05661,0.28341475,WAL
2083957366000,296.439978,-1.68314690465873,-3.22515413820568,-4.33622359766046,-1.9459113,-2.4804184,0.089491755,252.36812,84.94528,0.33620092,WAL
2083962310000,296.444922,-2.06844015189706,-3.47077860595056,-4.75041377306479,-1.9144517,-2.4755313,0.18692477,251.56332,85.8312,0.3504831,WAL
2083967239000,296.449851,-2.37636006519685,-3.74389053535433,-5.06069387751968,-1.8591684,-2.35794,0.2864958,250.70529,86.80312,0.2490585,WAL
2083972327000,296.454939,-2.54901413385827,-4.07960669094488,-5.18538858838583,-1.8063285,-2.1713204,0.39828414,249.86697,87.76838,0.099898405,WAL
2083977240000,296.459852,-2.68396123143349,-4.63852652134455,-5.12174374134073,-1.7446312,-2.028378,0.5494733,249.00552,88.77882,-0.17138678,WAL
2083982305000,296.464917,-2.75354116640528,-5.72861279890982,-4.65323845837238,-1.6588045,-1.887879,0.7165449,248.20135,89.46048,-0.49433583,WAL
2083987268000,296.46988,-2.80487529554823,-6.78649787798846,-4.25143916141797,-1.5906931,-1.7715092,0.91904676,247.42264,91.19577,-0.90023035,WAL
2083992318000,296.47493,-2.79989149093157,-7.82811413571723,-4.03713535474031,-1.5070046,-1.6563611,1.1203269,246.69376,92.218864,-1.3617915,WAL
2083997273000,296.479885,-2.74599959124473,-8.84005901486383,-3.86827782429996,-1.4395039,-1.4993688,1.3026701,246.05742,93.17496,-1.7812485,WAL
2084002289000,296.484901,-2.57095018618143,-9.83968364777522,-3.79917929771768,-1.389413,-1.3078625,1.4605788,245.46841,94.13599,-2.249686,WAL
2084007368000,296.48998,-2.30781115404323,-10.8135725164131,-3.74879457117694,-1.348485,-1.1016954,1.5882497,244.96155,95.05433,-2.7762983,WAL
2084012312000,296.494924,-1.75339914827862,-11.6286056613291,-3.7677488142514,-1.3203852,-0.8921687,1.6972891,244.52002,95.96661,-3.3303556,WAL
2084017311000,296.499923,-1.23887184615385,-12.4331467040074,-3.65060457284201,-1.3316863,-0.6805039,1.7965547,244.17506,96.82853,-3.8708372,WAL
2084022331000,296.504943,-0.893418615384615,-13.168341543252,-3.02613155653616,-1.3252722,-0.49113566,1.9046779,243.89445,97.676674,-4.426889,WAL
2084027558000,296.51017,-0.541141060177381,-13.8971963031606,-2.3861332399484,-1.3206906,-0.4373795,1.9352211,243.67255,98.41668,-4.8404183,WAL
2084032305000,296.514917,-0.291891845808213,-14.2099798176736,-1.90229646420125,-1.3426818,-0.4437936,1.9135354,243.49303,99.14782,-5.255802,WAL
2084037278000,296.51989,-0.0275739964866505,-14.431091525182,-1.47256765679612,-1.3646729,-0.49174652,1.815797,243.37561,99.693085,-5.5769753,WAL
2084042319000,296.524931,0.255602345237055,-14.1479150835356,-1.40421479644013,-1.4278975,-0.52503866,1.6404786,243.25775,100.22199,-5.863491,WAL
2084047294000,296.529906,0.499678425658908,-13.7944390214654,-1.29649809434834,-1.484708,-0.45937067,1.3942999,243.18582,100.618484,-6.0496597,WAL
2084052365000,296.534977,0.60524274300788,-13.1346620093289,-1.02379022286025,-1.5274686,-0.36377025,1.1362094,243.10431,100.9885,-6.1817007,WAL
2084057758000,296.54037,0.724069491221977,-12.4150735017367,-0.76810704230081,-1.5329664,-0.29535335,0.90102625,243.02861,101.28883,-6.1964874,WAL
2084062276000,296.544888,0.888015257120303,-11.6363312207136,-0.891066354836333,-1.4850134,-0.32803464,0.66614854,242.93784,101.54524,-6.1445036,WAL
2084067274000,296.549886,1.04146037044248,-10.7868593164208,-0.998192341521141,-1.4425583,-0.4034765,0.4373795,242.85779,101.74682,-6.020001,WAL
2084072322000,296.554934,0.903607084778761,-10.0548109640118,-0.803296323294985,-1.3497068,-0.50426924,0.23915374,242.75015,101.89845,-5.8486795,WAL
2084077415000,296.560027,0.738329957186787,-9.33440763852792,-0.624050408444599,-1.2250903,-0.7632761,0.0720821,242.5488,102.030975,-5.606224,WAL
2084082279000,296.564891,0.29473976732467,-8.84461041364944,-0.642533352723936,-1.1050552,-1.1365148,-0.07086037,242.27823,102.12835,-5.3384647,WAL
2084087521000,296.570133,-0.185030000530376,-8.33323552854388,-0.700972415621987,-1.0366384,-1.5375478,-0.19639318,241.93683,102.21848,-5.0976496,WAL
2084092343000,296.574955,-0.643706405949855,-8.03041978748312,-1.14628927706847,-0.99387777,-1.887879,-0.31306845,241.5012,102.27834,-4.846362,WAL
2084097668000,296.58028,-1.14664636298594,-7.70177271182796,-1.64576905310174,-0.98868537,-2.1539109,-0.3894266,240.9654,102.39382,-4.7117405,WAL
2084102217000,296.584829,-1.50248036498139,-7.53962042741935,-2.23131875998759,-1.0235047,-2.3252585,-0.42485678,240.35867,102.50614,-4.576291,WAL
2084107488000,296.5901,-1.90116772240739,-7.36594885858849,-2.90638353431382,-1.0726794,-2.4291058,-0.42760566,239.66669,102.74658,-4.548348,WAL
2084112228000,296.59484,-2.09256921743801,-7.38417756333701,-3.47147361944584,-1.106277,-2.4330764,-0.36987892,238.96077,102.997635,-4.537819,WAL
2084117477000,296.600089,-2.29432863131749,-7.42038175888474,-4.07251190394659,-1.1264355,-2.3582454,-0.29810223,238.20305,103.38858,-4.6096654,WAL
2084122264000,296.604876,-2.36183928909287,-7.63641560058904,-4.33805350495779,-1.1441506,-2.2883012,-0.19792034,237.45258,103.79652,-4.713247,WAL
2084127499000,296.610111,-2.4314902882515,-7.87661663063919,-4.61663192492165,-1.135293,-1.9859229,-0.080634214,236.76312,104.316635,-4.849138,WAL
2084132225000,296.614837,-2.40999728948618,-8.17322019314275,-4.62952767929528,-1.1172725,-1.853976,-0.03756821,236.05087,104.83834,-5.005947,WAL
2084137244000,296.619856,-2.38717177937126,-8.48821242340203,-4.64322293769589,-1.1215485,-1.5888605,0.031154128,235.47742,105.41849,-5.183144,WAL
2084142227000,296.624839,-2.11043398316982,-8.62617966486295,-4.19490662443613,-1.1133019,-1.3035865,0.106595986,234.95148,105.98818,-5.3681006,WAL
2084147195000,296.629807,-1.80245727694953,-8.74167096738141,-3.68963263442905,-1.1340714,-1.0537425,0.19822577,234.49628,106.56711,-5.5635695,WAL
2084152291000,296.634903,-1.58363534406395,-8.88125168621128,-2.93891141424289,-1.1575897,-0.893085,0.27672195,234.11874,107.12892,-5.763582,WAL
2084157290000,296.639902,-1.37924812540649,-9.02040883422654,-2.17789496780816,-1.2174544,-0.80970186,0.32436943,233.79276,107.70159,-5.9679537,WAL
2084162312000,296.644924,-1.1724564701659,-9.17637985406317,-1.4444874818071,-1.3304645,-0.84604836,0.33567044,233.51779,108.18222,-6.1295714,WAL
2084167242000,296.649854,-0.968892061505296,-9.33569154025682,-0.736437499334521,-1.450805,-0.97127575,0.32834008,233.24286,108.67509,-6.30027,WAL
2084172394000,296.655006,-0.741531208454601,-9.42817549702808,-0.330016092426727,-1.5424347,-1.1478158,0.30024028,232.99449,109.02993,-6.4370966,WAL
2084177311000,296.659923,-0.514723422197172,-9.46678085037918,-0.165942373207625,-1.5549575,-1.294118,0.2742785,232.72003,109.389,-6.5808115,WAL
2084182308000,296.66492,-0.337696729196403,-9.40817970592175,-0.271463504473357,-1.4895949,-1.3680327,0.2501493,232.45764,109.60015,-6.677294,WAL
2084187296000,296.669908,-0.191460093179948,-9.29393193513824,-0.531947534298288,-1.3466524,-1.3610078,0.23732115,232.17757,109.788506,-6.7752657,WAL
2084192316000,296.674928,-0.127299960347482,-9.14356664022239,-0.816509594921416,-1.1905763,-1.2913691,0.23243423,231.91573,109.90793,-6.8236666,WAL
2084197308000,296.67992,-0.132411415016572,-8.96466591361061,-1.11808531898856,-1.0213667,-1.1618657,0.23640485,231.67436,109.98353,-6.864777,WAL
2084202285000,296.684897,-0.1908976234379,-8.80856949886911,-1.32989913369063,-0.87872964,-1.0415252,0.25503623,231.463,110.06691,-6.8781195,WAL
2084207360000,296.689972,-0.276927841650113,-8.66040659814141,-1.50195955015242,-0.7883216,-0.9416488,0.27855456,231.28487,110.11919,-6.884552,WAL
2084212312000,296.694924,-0.409144788677228,-8.53033391162436,-1.55515170700515,-0.72387534,-0.8518516,0.301462,231.12306,110.19396,-6.8893914,WAL
2084217308000,296.69992,-0.568965379179233,-8.40704385569765,-1.54601915441878,-0.6988298,-0.8017606,0.3268129,230.98207,110.25697,-6.8964415,WAL
2084222379000,296.704991,-0.756199349061914,-8.29789010881801,-1.51672010375235,-0.7171558,-0.7800749,0.35308012,230.85156,110.3599,-6.927737,WAL
2084227398000,296.71001,-0.961609588055034,-8.20269965228268,-1.4716299811132,-0.766025,-0.7733554,0.3680463,230.7331,110.464294,-6.9596863,WAL
2084232306000,296.714918,-1.12743688969432,-8.12535582882096,-1.44112117921397,-0.81214535,-0.7993172,0.3903429,230.59962,110.59245,-7.0392747,WAL
2084237295000,296.719907,-1.2758035527802,-8.05580902358079,-1.41793886238719,-0.9071349,-0.8197812,0.40958515,230.47145,110.74585,-7.1199894,WAL
2084242321000,296.724933,-1.39763627488057,-7.94681104080414,-1.42133415169188,-1.0180069,-0.8417723,0.45081854,230.32402,110.93069,-7.255995,WAL
2084247309000,296.729921,-1.49747222671178,-7.80894258180733,-1.4451046424164,-1.1215485,-0.82802784,0.4859433,230.18272,111.13736,-7.3921785,WAL
2084252263000,296.734875,-1.60097567276665,-7.73345063508392,-1.49350479945858,-1.2189816,-0.82436264,0.5213735,230.02402,111.38507,-7.5731606,WAL
2084257324000,296.739936,-1.71031560473741,-7.70720897103411,-1.56348237236058,-1.29198,-0.8145888,0.569021,229.87564,111.65467,-7.76244,WAL
2084262296000,296.744908,-1.80157416395982,-7.72737078392633,-1.61397551598995,-1.3365731,-0.786489,0.627664,229.7174,111.960175,-7.9826055,WAL
2084267307000,296.749919,-1.8618370498535,-7.83785274139808,-1.62904123746337,-1.3665055,-0.75747293,0.6743952,229.56566,112.27996,-8.208344,WAL
2084272301000,296.754913,-1.91088508081181,-8.00780077490775,-1.60618239471095,-1.3793337,-0.74189585,0.7254025,229.41237,112.63261,-8.4713125,WAL
2084277312000,296.759924,-1.94531783139606,-8.25866789169742,-1.53239798787413,-1.3814718,-0.75747293,0.7602218,229.26129,112.98802,-8.739024,WAL
2084282332000,296.764944,-1.97117726698729,-8.62723921667812,-1.29965093457575,-1.3637567,-0.79381937,0.7840455,229.10999,113.33968,-9.021817,WAL
2084287301000,296.769913,-1.98752461126761,-9.11765997183099,-0.899140743661972,-1.3457361,-0.8240572,0.78954333,228.9574,113.68795,-9.305655,WAL
2084292291000,296.774903,-2.0121174977663,-9.58533771919161,-0.532916343096794,-1.3222178,-0.87109387,0.79290307,228.80019,114.00246,-9.590584,WAL
2084297314000,296.779926,-2.08521320228435,-9.90939538241402,-0.376978782456567,-1.3029755,-0.9101892,0.7849618,228.63603,114.307655,-9.871592,WAL
2084302302000,296.784914,-2.15779957977511,-10.231195028871,-0.222127786543079,-1.2748758,-0.9388999,0.78038037,228.48119,114.48617,-10.132912,WAL
2084307349000,296.789961,-2.23124453711189,-10.5568010464468,-0.0654451529473737,-1.2290609,-0.96669424,0.77366084,228.31448,114.65208,-10.390555,WAL
2084312300000,296.794912,-2.29828338719984,-10.8338962732685,0.053690174372693,-1.1701124,-0.9923506,0.7687739,228.13994,114.80542,-10.645269,WAL
2084317306000,296.799918,-2.3458539478071,-10.9433080212344,0.0346619968219885,-1.0830641,-1.0180069,0.7666359,227.95726,114.938,-10.896888,WAL
2084322345000,296.804957,-2.36834102607316,-11.0316239317842,-0.0356976469356103,-0.9645562,-1.044885,0.7779369,227.7789,114.96915,-11.150121,WAL
2084327338000,296.80995,-2.28355908465845,-11.0271616360582,-0.321278820920493,-0.8142834,-1.1227703,0.7861836,227.57903,114.97251,-11.404457,WAL
2084332480000,296.815092,-2.18684503474374,-11.0232635655542,-0.625762730810489,-0.7296785,-1.1823297,0.8026769,227.37695,114.967804,-11.663428,WAL
2084337294000,296.819906,-1.98536302113627,-11.0278427945967,-1.03330592012714,-0.5335908,-1.2009611,0.8197812,227.16594,114.90373,-11.922137,WAL
2084342547000,296.825159,-1.74444113043056,-11.0335337346681,-1.48399558225289,-0.30879238,-1.1725558,0.8188649,226.95938,114.850624,-12.15622,WAL
2084347328000,296.82994,-1.27718436780056,-11.0468841973953,-1.96460252880746,-0.083383106,-1.0998629,0.8020661,226.76097,114.7546,-12.381607,WAL
2084352665000,296.835277,-0.750191629144786,-11.057327033946,-2.49260289082896,0.10293079,-0.95539325,0.77121735,226.61012,114.6529,-12.538984,WAL
2084357336000,296.839948,-0.171310271549137,-10.9692363716242,-2.76945920180983,0.24404067,-0.743423,0.73364913,226.49695,114.509995,-12.671119,WAL
2084362304000,296.844916,0.444378571211553,-10.8755445689235,-3.06391909325769,0.28924468,-0.52656585,0.68966687,226.48979,114.36791,-12.656561,WAL
2084367305000,296.849917,0.955249743100511,-10.8641125298126,-3.13252952998296,0.2519819,-0.312763,0.6081163,226.53276,114.2065,-12.602655,WAL
2084372259000,296.854871,1.44019178406654,-10.8688669599158,-3.15630118405652,0.11453723,-0.16493362,0.505491,226.61046,114.05446,-12.518862,WAL
2084377328000,296.85994,1.55468345278957,-11.0295320552977,-2.92056209186334,-0.081855945,-0.09162979,0.35277468,226.78339,113.89723,-12.277612,WAL
2084382269000,296.864881,1.59206394498864,-11.2164342723413,-2.64020861992693,-0.2938262,-0.1020145,0.16126843,226.95403,113.762634,-12.0023155,WAL
2084387363000,296.869975,1.30911714514786,-11.3780658797168,-2.30542187678467,-0.5012149,-0.22968534,-0.036957346,227.11758,113.6063,-11.637538,WAL
2084392320000,296.874932,0.961132441857559,-11.5283321423574,-1.9693001973511,-0.67011917,-0.41447207,-0.19883664,227.24014,113.48048,-11.251068,WAL
2084397294000,296.879906,0.514389343909348,-11.5682313229462,-1.63944257186025,-0.78801614,-0.5751296,-0.30695978,227.33588,113.333984,-10.837231,WAL
2084402217000,296.884829,-0.0643699022237961,-11.4524794597734,-1.32335101344665,-0.8579602,-0.70738196,-0.364992,227.37367,113.21464,-10.424221,WAL
2084407223000,296.889835,-0.647557274969281,-11.3073064304731,-1.04511146912759,-0.8872818,-0.7809912,-0.35460728,227.3889,113.11014,-10.06299,WAL
2084412232000,296.894844,-1.2173448989658,-11.0911798259267,-0.878104710628712,-0.8491027,-0.81336707,-0.30298916,227.37878,113.01359,-9.722037,WAL
2084417211000,296.899823,-1.6291848621532,-11.0000346809636,-0.763158686122999,-0.7797695,-0.8014552,-0.2321288,227.31021,112.936485,-9.525919,WAL
2084422273000,296.904885,-1.72242484785306,-11.1678666211473,-0.753834694855027,-0.70005155,-0.75319684,-0.19333886,227.2478,112.853485,-9.341017,WAL
2084427308000,296.90992,-1.81516750451027,-11.3348033692359,-0.744560436452373,-0.6411031,-0.6737844,-0.10567969,227.14908,112.80324,-9.301694,WAL
2084432222000,296.914834,-1.90568139027264,-11.4977283305284,-0.735509054964658,-0.5137377,-0.602924,-0.040927973,227.0658,112.71806,-9.263559,WAL
2084437223000,296.919835,-1.92803584658436,-11.7461936740741,-0.739368879300412,-0.39858958,-0.5109888,0.015271631,227.02054,112.63179,-9.236901,WAL
2084442248000,296.92486,-1.60127167683128,-12.4096239518519,-0.808682498899177,-0.24801129,-0.40378192,0.038789943,227.00438,112.50892,-9.210118,WAL
2084447232000,296.929844,-1.2622972763733,-13.0527517666864,-0.841760580655641,-0.102319926,-0.2770274,0.022602014,227.02107,112.35498,-9.197942,WAL
2084452255000,296.934867,-0.869241839771609,-13.649438476078,-0.751784053396338,0.0571159,-0.17012598,-0.026267206,227.06313,112.1608,-9.17355,WAL
2084457292000,296.939904,-0.480988877740586,-14.2247512411835,-0.681912928133094,0.22571471,-0.07971791,-0.090713486,227.18776,111.875984,-9.051811,WAL
2084462281000,296.944893,-0.11924546376569,-14.7054889551704,-0.691432484857541,0.37873647,0.0015271631,-0.15974127,227.3362,111.55492,-8.908763,WAL
2084467272000,296.949884,0.220385261149717,-15.138332665528,-0.714504003581886,0.52412236,0.106595986,-0.24098633,227.58061,111.1214,-8.648092,WAL
2084472314000,296.954926,0.470158038112434,-15.3739676764591,-0.794619789195784,0.68783426,0.21685717,-0.32345316,227.84459,110.64821,-8.368532,WAL
2084477265000,296.959877,0.69717846352492,-15.5877351117363,-0.870180680506431,0.82436264,0.3286455,-0.40530908,228.19685,110.106575,-7.9901543,WAL
2084482278000,296.96489,0.817778665690313,-15.6986870267283,-0.92806879164992,0.9434814,0.41447207,-0.49205196,228.56569,109.5348,-7.594862,WAL
2084487264000,296.969876,0.905634213577437,-15.7639524477981,-0.968880004235527,1.0687088,0.4361578,-0.5766568,228.99599,108.92842,-7.1408405,WAL
2084492281000,296.974893,0.815293782211776,-15.5785170776843,-0.916577642701633,1.2030991,0.40500367,-0.6771441,229.42554,108.29711,-6.6744885,WAL
2084497243000,296.979855,0.717242640752008,-15.3610262670288,-0.850741614926783,1.3674219,0.30176744,-0.7809912,229.84097,107.62799,-6.1941257,WAL
2084502336000,296.984948,0.555965965791214,-14.9002358290033,-0.684857047614549,1.5540411,0.16371189,-0.9095783,230.2278,106.92639,-5.703593,WAL
2084507467000,296.990079,0.394027045099059,-14.4221001275765,-0.522492742261357,1.7550159,0.023823744,-1.0247264,230.57307,106.19737,-5.2293606,WAL
2084512336000,296.994948,0.249388903313988,-13.7362349271063,-0.447840780198119,1.9599612,-0.074830994,-1.1441506,230.8862,105.4273,-4.742393,WAL
2084517576000,297.000188,0.0816867796675739,-12.9803928562403,-0.384050614455677,2.1755965,-0.119729586,-1.2498302,231.16121,104.61794,-4.2778068,WAL
2084522382000,297.004994,-0.209108182474728,-12.0856392631221,-0.513789929836703,2.4233024,-0.12308934,-1.3353515,231.42442,103.75851,-3.803294,WAL
2084527678000,297.01029,-0.557476525514514,-11.1361219634487,-0.647246802126531,2.5466971,-0.028405234,-1.4089607,231.6731,102.903984,-3.339625,WAL
2084532334000,297.014946,-1.47343631359051,-11.0974195528016,-0.556940891400328,2.8866436,0.02687807,-1.434617,231.92249,101.94144,-2.8800366,WAL
2084537278000,297.01989,-2.44605340814543,-11.0563231786093,-0.461049048051885,2.990491,0.14385876,-1.4773777,232.14105,101.07355,-2.4416437,WAL
2084542363000,297.024975,-3.09351139274508,-11.3025805436195,-0.290024032509643,3.163671,0.26358834,-1.4840971,232.39304,100.11451,-2.0130506,WAL
2084547345000,297.029957,-3.68472205190367,-11.5791146507445,-0.113614401610073,3.2791247,0.3491095,-1.4789047,232.68195,99.164055,-1.5822315,WAL
2084552345000,297.034957,-4.29003516727273,-11.9402222940039,0.0333206201377176,3.3515122,0.41630468,-1.4526376,232.87558,98.18276,-1.283254,WAL
2084557350000,297.039962,-4.89729636727273,-12.3110690759188,0.17702365930793,3.3631186,0.4370741,-1.425454,233.09659,97.20538,-0.99180156,WAL
2084562334000,297.044946,-5.41403239208854,-12.6173167954499,0.148228514454806,3.3060026,0.37690386,-1.3970488,233.28813,96.22072,-0.7809981,WAL
2084567236000,297.049848,-5.90475203021111,-12.9059751697069,0.0856858234964132,3.1871893,0.22327125,-1.350623,233.47612,95.26952,-0.59060663,WAL
2084572373000,297.054985,-6.43307917433726,-13.1913724857373,-0.401899608977926,3.046385,0.025045475,-1.3026701,233.62772,94.33886,-0.48817995,WAL
2084577282000,297.059894,-6.94011895296845,-13.4614778281423,-0.932632897536136,2.8933632,-0.15699236,-1.2452488,233.75583,93.46315,-0.40701273,WAL
2084582350000,297.064962,-7.47389450923993,-13.5858580455654,-1.64094643179822,2.7629435,-0.2648101,-1.2098186,233.83716,92.649826,-0.39654344,WAL
2084587272000,297.069884,-7.99360248141282,-13.6870402272417,-2.3492208390965,2.6364944,-0.25870144,-1.2082914,233.91202,91.89878,-0.39328712,WAL
2084592364000,297.074976,-8.20838301702848,-13.5829033234415,-2.58017313577973,2.4608707,-0.15515977,-1.2452488,233.947,91.324486,-0.45179778,WAL
2084597250000,297.079862,-8.35283238627764,-13.4431137054372,-2.70598393795061,2.3038783,-0.083383106,-1.3561208,233.98468,90.83128,-0.48637846,WAL
2084602341000,297.084953,-7.78176785646146,-12.9550639093553,-3.06718621525933,2.2018638,-0.082161374,-1.4489723,233.9628,90.63152,-0.5750313,WAL
2084607370000,297.089982,-7.06272650690257,-12.3994410727096,-3.47339787631604,2.107485,0.018020526,-1.4831808,233.99706,89.34904,-0.642818,WAL
2084612342000,297.094954,-6.24733030074634,-11.7880419184065,-3.49905905482602,1.9440787,0.25259277,-1.4486669,234.05054,89.18507,-0.7141693,WAL
2084617284000,297.099896,-5.40720640025214,-11.1627216616238,-3.41791066717095,1.6728544,0.31490102,-1.3775011,234.08836,89.00163,-0.78230804,WAL
2084622359000,297.104971,-4.5869010067141,-10.6152348487824,-3.56740614466379,1.5855007,0.41050145,-1.3322971,234.17276,88.92058,-0.7589536,WAL
2084627319000,297.109931,-3.79672553903197,-10.1059051283696,-3.7768502589037,1.4761559,0.5320636,-1.2189816,234.28195,88.86522,-0.7751766,WAL
2084632338000,297.11495,-3.04093843491124,-9.94944270019724,-3.60367495956607,1.5070046,0.7470882,-1.1175779,234.44287,88.85319,-0.69926137,WAL
2084637351000,297.119963,-2.29761109153846,-9.88789354102564,-3.32906983974359,1.616044,1.042747,-1.0393872,234.65968,88.824844,-0.65200174,WAL
2084642357000,297.124969,-1.58753138243888,-9.85537101371497,-2.80776603685152,1.7663169,1.2257011,-1.0296134,234.89804,88.88122,-0.5067366,WAL
2084647346000,297.129958,-0.88951232039356,-9.83162888729875,-2.21421247978533,1.9260582,1.2592987,-1.0790935,235.17361,88.886086,-0.37010494,WAL
2084652339000,297.134951,-0.325574484664227,-10.089974704777,-1.88295682950252,2.038152,1.2932017,-1.1178834,235.51636,88.83204,-0.1376916,WAL
2084657427000,297.140039,0.204536007781624,-10.4465946426664,-1.63235916723371,2.0803015,1.3970488,-1.1508701,235.8857,88.70111,0.10113806,WAL
2084662345000,297.144957,0.622098086659442,-10.6554739946803,-1.5775097854103,2.0882428,1.4993688,-1.1835514,236.30429,88.3929,0.44166484,WAL
2084667331000,297.149943,1.01252726118018,-10.8201126872229,-1.58691771069845,2.079996,1.6630806,-1.1976013,236.77019,88.03686,0.7762781,WAL
2084672354000,297.154966,1.23688414178503,-10.8178840097889,-1.63183087092131,2.0916026,1.8716911,-1.212262,237.27435,87.58127,1.1887978,WAL
2084677355000,297.159967,1.3885626000096,-10.7443429129559,-1.69158298210173,2.091908,2.0564778,-1.2012665,237.81998,87.117874,1.5845209,WAL
2084682344000,297.164956,1.48110308049453,-10.5676746173776,-1.7930101170328,2.0980167,2.1923954,-1.1487321,238.39345,86.614624,2.0007262,WAL
2084687337000,297.169949,1.53762988069156,-10.327435126293,-1.92019551585066,2.079996,2.2947154,-1.0693196,239.0102,86.12274,2.3921096,WAL
2084692350000,297.174962,1.5346073380888,-9.94923443428304,-2.05205865508995,2.0677788,2.3710735,-0.9761627,239.63618,85.63013,2.7664747,WAL
2084697322000,297.179934,1.49004633740252,-9.47886912015182,-2.18574160544868,2.0421226,2.4254405,-0.89461213,240.2832,85.16106,3.1099546,WAL
2084702332000,297.184944,1.36251761870758,-9.00625968117439,-2.27507237698436,2.0195205,2.466063,-0.8231409,240.85153,84.69053,3.4473948,WAL
2084707405000,297.190017,1.19049117580407,-8.52840847860726,-2.3419716102095,1.9837849,2.4785857,-0.7632761,241.42589,84.2466,3.756017,WAL
2084712342000,297.194954,0.961215654529412,-8.11764924068627,-2.49877203681373,1.9507982,2.410169,-0.732122,241.95883,83.82625,4.047582,WAL
2084717344000,297.199956,0.693521384341176,-7.73254477029412,-2.71010952820588,1.9049833,2.3848178,-0.70188415,242.50557,83.432014,4.314933,WAL
2084722356000,297.204968,0.416057469144718,-7.41567515965123,-2.71093880789737,1.8860464,2.3386977,-0.6808093,243.0125,83.05788,4.555767,WAL
2084727350000,297.209962,0.133258517426538,-7.14725591791942,-2.56714273906595,1.8567249,2.2434027,-0.6560693,243.49599,82.706604,4.7840223,WAL
2084732329000,297.214941,-0.146647168486487,-6.91249472200772,-2.44729926602317,1.7983873,2.1319196,-0.65576386,243.9313,82.40753,4.9796195,WAL
2084737328000,297.21994,-0.426282158921691,-6.69921370592021,-2.34302856904267,1.7278323,2.033876,-0.67164636,244.34167,82.123085,5.1714916,WAL
2084742327000,297.224939,-0.673402837457578,-6.49906918898477,-2.27452263632309,1.6285667,1.9666806,-0.6808093,244.73154,81.85465,5.3445716,WAL
2084747342000,297.229954,-0.896939034538931,-6.3081322911374,-2.2326096753515,1.5286902,1.9135354,-0.6881397,245.09634,81.60279,5.520277,WAL
2084752352000,297.234964,-1.10430693881988,-6.10920002173913,-2.13571717329193,1.428203,1.8848248,-0.6948592,245.44458,81.370636,5.6835403,WAL
2084757370000,297.239982,-1.29687924911841,-5.9021846486676,-1.98647364914847,1.3298537,1.856114,-0.7079928,245.77615,81.15991,5.848271,WAL
2084762343000,297.244955,-1.46920514899856,-5.72297680151414,-1.82768427630091,1.2379184,1.8258762,-0.7266242,246.09784,80.975204,6.005083,WAL
2084767332000,297.249944,-1.62488078623862,-5.56730106865357,-1.65827251404887,1.1230757,1.8020525,-0.75441855,246.41095,80.81369,6.1648035,WAL
2084772296000,297.254908,-1.76674249697822,-5.49206641475755,-1.53275347048489,1.0189233,1.7977765,-0.7651087,246.72713,80.65531,6.3094654,WAL
2084777310000,297.259922,-1.89207840281096,-5.52581066999297,-1.46526496001405,0.9447031,1.8634444,-0.8228355,247.05566,80.50136,6.4695387,WAL
2084782266000,297.264878,-1.97678517192109,-5.4792064339207,-1.21030777960544,0.84757555,1.8509218,-0.88056225,247.39557,80.366005,6.591807,WAL
2084787294000,297.269906,-2.00906491266041,-5.32241921806167,-0.693831523302049,0.7324274,1.78617,-0.9272934,247.73657,80.241554,6.7241573,WAL
2084792247000,297.274859,-2.064515,-5.18349787234042,-0.238605128085106,0.57971114,1.7290541,-0.9569204,248.08557,80.14394,6.8320174,WAL
2084797306000,297.279918,-2.16959976213592,-5.07340897438546,0.11668135659781,0.43310347,1.6694947,-0.9691377,248.41187,80.063515,6.947898,WAL
2084802256000,297.284868,-2.29019277069167,-4.97192203030892,0.375221237454828,0.2959642,1.6325374,-0.9621128,248.82224,79.949265,7.030203,WAL
2084807412000,297.290024,-2.44368955534292,-4.87598657120653,0.504734207417913,0.16920967,1.6377298,-0.93370754,249.22398,79.86615,7.1079473,WAL
2084812327000,297.294939,-2.57190046548459,-4.83334672934583,0.645793647065417,0.06414085,1.6249015,-0.91904676,249.66064,79.76858,7.161984,WAL
2084817305000,297.299917,-2.66863836421877,-4.879412349599,0.820843105040101,-0.035430185,1.6096299,-0.9114109,250.09424,79.7012,7.2075105,WAL
2084822272000,297.304884,-2.75068016631717,-4.92071095489465,0.940294882874282,-0.089186326,1.5778649,-0.9104946,250.5387,79.644295,7.2246623,WAL
2084827317000,297.309929,-2.79451876985583,-4.94993660581712,0.911069186176026,-0.20708331,1.5714508,-0.8943067,250.98167,79.62609,7.2330475,WAL
2084832256000,297.314868,-2.82645073032098,-4.95485024660871,0.866081675238823,-0.30848694,1.582141,-0.88178396,251.44107,79.59972,7.223923,WAL
2084837294000,297.319906,-2.83105991316393,-4.89954115942873,0.778508953068399,-0.41783184,1.5968018,-0.8695667,251.89561,79.6026,7.2087593,WAL
2084842264000,297.324876,-2.80604921688127,-4.83415800647876,0.694803496076245,-0.5235115,1.59558,-0.84238315,252.34006,79.64122,7.179729,WAL
2084847311000,297.329923,-2.65413195832911,-4.72144523806144,0.621295217793775,-0.6258314,1.5888605,-0.82986045,252.78296,79.70047,7.1502023,WAL
2084852283000,297.334895,-2.49702974526603,-4.6136880139389,0.570403176002428,-0.7104363,1.575116,-0.79779,253.20396,79.79809,7.109093,WAL
2084857367000,297.339979,-2.30988007360914,-4.51518821381752,0.595028146603277,-0.7901542,1.536326,-0.77640975,253.61082,79.914085,7.0684648,WAL
2084862359000,297.344971,-2.12421776351496,-4.43636258314651,0.638380664181694,-0.86254174,1.4709635,-0.7507534,253.99554,80.042305,7.0461645,WAL
2084867340000,297.349952,-1.93357684655424,-4.40846393368749,0.736025995551223,-0.94989544,1.3716979,-0.7150178,254.35327,80.1925,7.0174985,WAL
2084872341000,297.354953,-1.74685426359433,-4.37830736038798,0.863216913571213,-1.033584,1.2458596,-0.68691796,254.69127,80.32803,7.0205336,WAL
2084877359000,297.359971,-1.57779462065534,-4.33966512890743,1.10473076701578,-1.1023064,1.0894781,-0.64996064,254.98598,80.4819,7.015041,WAL
2084882343000,297.364955,-1.42144023425944,-4.3184397625503,1.35204737923932,-1.2006557,0.91354895,-0.6200282,255.25223,80.61332,7.0417485,WAL
2084887317000,297.369929,-1.30734978831194,-4.35951233643418,1.62586436373826,-1.2791518,0.7309003,-0.58032197,255.46638,80.757385,7.0596848,WAL
2084892319000,297.374931,-1.20195763080402,-4.40519441990955,1.88458754698492,-1.3649784,0.5338962,-0.54519725,255.667,80.85855,7.1071563,WAL
2084897309000,297.379921,-1.16353488155779,-4.48203976794975,2.02386998165829,-1.4361442,0.36560285,-0.49296826,255.819,80.9768,7.1420226,WAL
2084902289000,297.384901,-1.13097034002394,-4.60159717822227,2.17907137983839,-1.5137241,0.23579398,-0.44043383,255.965,81.048004,7.1952453,WAL
2084907327000,297.389939,-1.13819020011971,-5.02034951611133,2.44861297419194,-1.5888605,0.12644911,-0.3680463,256.06473,81.14123,7.2309847,WAL
2084912306000,297.394918,-1.1453255084597,-5.43419784686752,2.71499796789705,-1.6673567,0.07666359,-0.2932153,256.16724,81.22885,7.2629676,WAL
2084917303000,297.399915,-1.1524866122506,-5.84954231539306,2.98234599230846,-1.7446312,0.030543262,-0.25870144,256.237,81.32927,7.287902,WAL
2084922320000,297.404932,-1.14033032932862,-6.33029670954064,3.2999983345583,-1.7925841,-0.0012217305,-0.18906279,256.2971,81.456276,7.285507,WAL
2084927313000,297.409925,-0.990675929227663,-7.26201571398284,3.96620179795053,-1.8594738,-0.013439035,-0.047036625,256.34546,81.6163,7.2529554,WAL
2084932292000,297.414904,-0.831393938396496,-8.24802864663874,4.63283078212721,-1.8616118,-0.0106901415,0.07574729,256.4536,81.72696,7.1984286,WAL
2084937289000,297.419901,-0.608111724585793,-9.59683561626357,5.31634782047229,-1.8338175,-0.0070249503,0.20311269,256.5528,81.875435,7.10412,WAL
2084942479000,297.425091,-0.351957266441767,-11.0296813542169,6.05412644305221,-1.7519615,0.058643065,0.35002577,256.75705,81.94516,7.005956,WAL
2084947311000,297.429923,0.182343937670683,-12.7533838313253,7.08091387791165,-1.598329,0.14905111,0.43371433,256.96292,82.014626,6.892511,WAL
2084952445000,297.435057,0.789308202410359,-14.545939589243,8.13806496294821,-1.3585643,0.2883284,0.45998153,257.2761,81.9693,6.7909007,WAL
2084957322000,297.439934,1.84066033678287,-15.7787198639442,8.73352140358566,-0.9972375,0.38606682,0.45906523,257.58975,81.892136,6.6760087,WAL
2084962486000,297.445098,2.95568484153801,-17.0356335852024,9.29138327789106,-0.4981606,0.5131268,0.3387248,258.08112,81.53063,6.6967206,WAL
2084967344000,297.449956,4.02629530604913,-17.6364397423051,8.94354760054374,0.07574729,0.70066243,0.1160644,258.5973,81.07814,6.7369657,WAL
2084972713000,297.455325,5.15951992923353,-18.282058728197,8.53280801126283,0.573297,0.9761627,-0.08979719,259.2299,80.338844,6.9975286,WAL
2084977362000,297.459974,5.41690159922257,-18.5749415578591,7.7961641609688,0.86284715,1.3060299,-0.2959642,259.91156,79.5333,7.280807,WAL
2084982656000,297.465268,5.66561627987728,-18.8445749537353,6.95868396300769,0.97341377,1.5228871,-0.4373795,260.5822,78.62427,7.757499,WAL
2084987343000,297.469955,4.94862146196552,-17.7341070108113,6.24606110674978,0.92149025,1.6019942,-0.48502702,261.28925,77.73774,8.206306,WAL
2084992303000,297.474915,4.18986441122042,-16.5589585156326,5.49193066786793,0.7910705,1.568091,-0.48655418,261.97403,76.98017,8.667462,WAL
2084997317000,297.479929,3.04291725134314,-14.7663992129094,4.92330415141908,0.65209866,1.4703526,-0.46883908,262.64584,76.27912,9.09293,WAL
2085002286000,297.484898,1.87300060936877,-12.936993117608,4.37674084770764,0.5403103,1.3771957,-0.45173484,263.2929,75.640915,9.483607,WAL
2085007472000,297.490084,0.625935551744186,-10.9910708573505,4.06952260053987,0.42210788,1.3090842,-0.44135013,263.871,75.174644,9.762681,WAL
2085012326000,297.494938,-0.546827535465116,-9.16194638268273,3.83786565211794,0.28313604,1.2959507,-0.40622538,264.42685,74.76256,10.014965,WAL
2085017333000,297.499945,-1.4251722831453,-8.07093659040518,3.77807615010301,0.19730948,1.2907583,-0.39614612,264.9267,74.480515,10.125876,WAL
2085022279000,297.504891,-2.25233859612479,-7.09041938487197,3.74090006734033,-0.027183503,1.2690725,-0.34238997,265.41028,74.277756,10.211946,WAL
2085027350000,297.509962,-2.900258,-6.68397623083067,3.7636009442492,-0.23793201,1.2125676,-0.24648413,265.8638,74.16729,10.158407,WAL
2085032245000,297.514857,-3.489983125,-6.39847447613818,3.79636352721645,-0.41722095,1.1160508,-0.108123146,266.29303,74.11598,10.080601,WAL
2085037348000,297.51996,-3.90873630126009,-6.60256628995865,3.80601054546171,-0.5696318,0.93859446,0.059253927,266.66614,74.16466,9.883157,WAL
2085042287000,297.524899,-4.2765929531896,-6.89592028083284,3.81066695569994,-0.6927212,0.65576386,0.23945917,266.97168,74.26972,9.656304,WAL
2085047347000,297.529959,-4.55187083734026,-7.81191756969848,3.76449210880591,-0.8008443,0.27977628,0.40653083,267.1942,74.46178,9.337992,WAL
2085052308000,297.53492,-4.79853100447284,-8.85073606094249,3.7075704784345,-0.88239485,-0.160963,0.5540548,267.30707,74.696266,8.998462,WAL
2085057426000,297.540038,-5.03378630078823,-10.4844250275882,3.50872547930405,-0.91996306,-0.63255095,0.659429,267.28638,75.001305,8.599395,WAL
2085062335000,297.544947,-5.25522391525521,-12.1745810339325,3.28728795921369,-0.8881981,-1.0818423,0.7367035,267.13934,75.31872,8.196295,WAL
2085067330000,297.549942,-5.60509424943935,-13.9205473017329,2.54721580644241,-0.8029824,-1.3594806,0.8222246,266.86548,75.71447,7.7227917,WAL
2085072373000,297.554985,-6.00386703261978,-15.6928713537207,1.61182237971458,-0.6774496,-1.4230106,0.88697636,266.5231,76.08796,7.253273,WAL
2085077351000,297.559963,-6.34113107115269,-16.7518576407162,0.989408729301951,-0.47555858,-1.25319,0.93401295,266.09854,76.53929,6.7065606,WAL
2085082309000,297.564921,-6.66111521472541,-17.611516593442,0.454510116841682,-0.1872302,-0.9239337,0.9263771,265.70538,76.91707,6.1636095,WAL
2085087347000,297.569959,-6.18819977693907,-18.0487503833727,0.929288648154936,0.22571471,-0.6078109,0.8698721,265.25082,77.39892,5.5568123,WAL
2085092352000,297.574964,-5.49537193031649,-18.361201870855,1.68551259088521,0.79290307,-0.41630468,0.7651087,264.86923,77.72286,4.9755144,WAL
2085097308000,297.57992,-4.11644363131524,-17.1512448438413,1.52115281031315,1.3075571,-0.4605924,0.57726765,264.4762,78.013916,4.411256,WAL
2085102356000,297.584968,-2.36032505177453,-15.1478569924843,0.890363108517745,1.4123205,-0.5491679,0.3323107,264.14957,78.20775,3.9099863,WAL
2085107373000,297.589985,-1.18558537134925,-12.7322913116609,-0.276253401448025,1.0430524,-0.59559363,0.06872234,263.91678,78.21555,3.5783327,WAL
2085112351000,297.594963,-0.202676937016686,-10.1995882142309,-1.6066084824415,0.41691554,-0.5681047,-0.13927728,263.69855,78.237335,3.3159008,WAL
2085117337000,297.599949,0.356556416408175,-8.08617241909295,-2.07026235925719,0.0580322,-0.47861293,-0.24007004,263.50427,78.23557,3.3253736,WAL
2085122374000,297.604986,0.707675603947368,-6.16401965789474,-2.10177312807018,-0.6041457,-0.57848936,-0.43401974,263.28174,78.46262,3.4271557,WAL
2085127339000,297.609951,0.705141893036212,-4.72795605758517,-2.04671573099421,-1.1523973,-0.90285885,-0.50243664,262.9732,78.81684,3.7478676,WAL
2085132351000,297.614963,0.386314472423398,-3.69433802034498,-1.9130138384294,-1.5586227,-1.187522,-0.41996986,262.64038,79.287,4.0741377,WAL
2085137345000,297.619957,0.0294562654246417,-3.11825613551986,-2.0097790132442,-1.8808541,-1.4566082,-0.37415496,262.27704,79.7364,4.6076956,WAL
2085142352000,297.624964,-0.348728575104357,-2.77696737088583,-2.22654344227181,-2.1010711,-1.6719382,-0.33536503,261.82675,80.21394,5.1135507,WAL
2085147328000,297.62994,-0.745185652942227,-2.56807305338495,-2.53881483047449,-2.2635612,-1.840537,-0.2764165,261.3068,80.697876,5.5192943,WAL
2085152343000,297.634955,-1.15995724653961,-2.4536532945007,-2.92498157893587,-2.341141,-2.0179935,-0.17592919,260.7058,81.16045,5.895035,WAL
2085157361000,297.639973,-1.64677480204082,-2.65391811208791,-3.2503111733124,-2.3765712,-2.228131,-0.040011674,259.99503,81.68717,6.122703,WAL
2085162335000,297.644947,-2.18425800943878,-3.09325212802198,-3.52606339868524,-2.3829854,-2.4620924,0.09101892,259.2129,82.167534,6.312179,WAL
2085167341000,297.649953,-2.69324427369971,-3.65365038999019,-3.83070395780177,-2.3243423,-2.6529877,0.19394971,258.31314,82.71391,6.338744,WAL
2085172416000,297.655028,-3.1797441826791,-4.33093468930324,-4.16457650392542,-2.2446244,-2.7052166,0.267559,257.37772,83.18599,6.3195033,WAL
2085177350000,297.659962,-3.50053524167718,-4.83620379093468,-4.44887257378433,-2.1636846,-2.598926,0.3652974,256.3453,83.629196,6.20084,WAL
2085182347000,297.664959,-3.66774777249345,-5.18920791487916,-4.69504658018053,-2.0824397,-2.3948972,0.4831944,255.32092,83.95115,6.035444,WAL
2085187330000,297.669942,-3.80640283858663,-5.48124612366995,-4.8098431287894,-2.0097466,-2.169488,0.6398814,254.25621,95.8278,5.785361,WAL
2085192357000,297.674969,-3.90788798725156,-5.69388186548886,-4.74701900115439,-1.9281962,-1.9950858,0.8179486,253.23419,95.756195,5.478501,WAL
2085197306000,297.679918,-3.93019998263993,-5.96983068811733,-4.56932644806944,-1.8090774,-1.8860464,1.0277808,252.225,95.82485,5.089173,WAL
2085202330000,297.684942,-3.84859414263195,-6.3394571900429,-4.23330210022947,-1.6859881,-1.7996091,1.2473868,251.26535,96.03119,4.6368895,WAL
2085207285000,297.689897,-3.70168040511606,-6.82875940360966,-3.96381260710564,-1.5778649,-1.7589865,1.457219,250.31682,96.36627,4.1558824,WAL
2085212333000,297.694945,-3.45893114808148,-7.50204476114638,-3.77602557233539,-1.4676038,-1.6502525,1.5656476,249.4198,96.79089,3.640488,WAL
2085217239000,297.699851,-3.21033766124862,-8.24620628090991,-3.59460773129572,-1.4052955,-1.5183055,1.7528778,248.59572,97.219376,3.0566804,WAL
2085222411000,297.705023,-2.91748843779938,-9.24884282048301,-3.40599283665698,-1.3316863,-1.3582588,1.9117028,247.8193,97.69919,2.4575653,WAL
2085227246000,297.709858,-2.46250671803155,-10.3663877058657,-3.24515428122225,-1.2993103,-1.1982121,2.0222695,247.1753,98.16703,1.7762463,WAL
2085232347000,297.714959,-1.56272375615377,-11.9629255423633,-3.11134045697554,-1.3179418,-0.9798279,2.11451,246.60785,98.68965,1.0747249,WAL
2085237289000,297.719901,-0.778942151129888,-13.2515482841423,-2.98386733601886,-1.3820826,-0.7189884,2.2284365,246.16989,99.20642,0.37921485,WAL
2085242326000,297.724938,-0.347649941678129,-13.4861523246217,-2.86301071210454,-1.4138476,-0.57604593,2.2489004,245.76859,99.76012,-0.2963222,WAL
2085247281000,297.729893,0.0766210326783258,-13.7169371212419,-2.74412157740224,-1.4501941,-0.49571714,2.1798725,245.51837,100.255516,-0.77877814,WAL
2085252297000,297.734909,0.506115120947141,-13.9505630626842,-2.62376882267636,-1.461495,-0.4382958,2.0350976,245.30362,100.75452,-1.227665,WAL
2085257360000,297.739972,0.93432780854232,-14.0633977719436,-2.50137404094828,-1.4401149,-0.33261612,1.844813,245.12881,101.25188,-1.624105,WAL
2085262348000,297.74496,1.32273263808777,-13.3988982492163,-2.37502552844828,-1.4043792,-0.23823744,1.5974126,244.958,101.73407,-1.9521142,WAL
2085267283000,297.749895,1.69173106196589,-12.7364938653068,-2.24836799558642,-1.3585643,-0.23640485,1.3142766,244.83385,102.09098,-2.0304475,WAL
2085272414000,297.755026,1.89478314654475,-11.9890893261825,-2.09715904058379,-1.3130548,-0.25686884,1.0644327,244.71555,102.41915,-2.049005,WAL
2085277307000,297.759919,2.08841671696852,-11.2763529375769,-1.95296387066995,-1.2180653,-0.30818152,0.8164214,244.54608,102.67733,-1.8910948,WAL
2085282349000,297.764961,2.04716520440954,-10.5225157945233,-1.56995134340079,-1.1139128,-0.5112942,0.5647449,244.31209,102.90779,-1.6861049,WAL
2085287308000,297.76992,1.95154172552099,-9.77665333816571,-1.13964583817578,-1.0439687,-0.8881981,0.31887165,243.99966,103.11364,-1.4425602,WAL
2085292339000,297.774951,1.60515029488372,-9.18996446491406,-1.26385775158746,-1.0619892,-1.4511104,0.065973446,243.54993,103.311646,-1.0813427,WAL
2085297247000,297.779859,1.21543911534884,-8.65292356177958,-1.50148653654196,-1.1301007,-2.0335703,-0.17134771,242.98047,103.51164,-0.7031753,WAL
2085302342000,297.784954,0.776856469789646,-8.31865148237441,-2.1885970683892,-1.1921035,-2.4868324,-0.36743546,242.30704,103.69413,-0.34673494,WAL
2085307308000,297.78992,0.342887589286332,-8.03542921189127,-2.94233245576794,-1.241889,-2.652377,-0.50488013,241.55112,103.90561,0.021907834,WAL
2085312348000,297.79496,-0.139953560722122,-8.03051819409535,-3.6266429058448,-1.2596041,-2.8069258,-0.54367006,240.65347,104.199326,0.2798322,WAL
2085317244000,297.799856,-0.62164801989627,-8.11002130361061,-4.26734330081787,-1.2705997,-2.7577512,-0.59315014,239.76738,104.51432,0.56443536,WAL
2085322358000,297.80497,-1.02956848408039,-8.21041046783568,-4.60070985858536,-1.2269229,-2.5439484,-0.63224554,238.78159,104.95864,0.78484225,WAL
2085327262000,297.809874,-1.39044360708305,-8.31219588405083,-4.81353369986208,-1.176221,-2.2162192,-0.6462954,237.84955,105.4065,1.0024036,WAL
2085332336000,297.814948,-1.62504612795037,-8.39099079191043,-4.64080436414162,-1.1203269,-1.8270979,-0.6404922,236.94766,105.93951,1.1186305,WAL
2085337265000,297.819877,-1.80121631406092,-8.45764962537825,-4.32655495987492,-1.1029172,-1.4459181,-0.57879484,236.14337,106.46321,1.2292243,WAL
2085342326000,297.824938,-1.97269736019346,-8.5847720793292,-3.59804400644517,-1.1114693,-1.128879,-0.46975538,235.41508,107.00584,1.2618598,WAL
2085347264000,297.829876,-2.13677888144254,-8.72896495021554,-2.74780352849332,-1.138042,-0.91874135,-0.34391713,234.77164,107.53864,1.2811873,WAL
2085352330000,297.834942,-2.16832819399158,-8.86832565011253,-2.0808783200411,-1.1814134,-0.77579886,-0.22999077,234.23102,108.01856,1.2441772,WAL
2085357319000,297.839931,-2.17300366666014,-9.00391450396321,-1.46371548840395,-1.2431108,-0.6719518,-0.10873401,233.74992,108.50083,1.178253,WAL
2085362315000,297.844927,-1.99779234193226,-9.0500749454491,-0.908054300983115,-1.3029755,-0.5635232,0.010995574,233.41364,108.856735,1.0332842,WAL
2085367307000,297.849919,-1.77807591327805,-9.07395714427016,-0.368316193663703,-1.3219124,-0.4831944,0.108123146,233.10727,109.212395,0.86753035,WAL
2085372305000,297.854917,-1.51134768677849,-9.04117669570794,0.144134949231376,-1.3081679,-0.45753807,0.1731803,232.87926,109.469696,0.6873793,WAL
2085377315000,297.859927,-1.23203759156389,-8.99383602673902,0.650680438397632,-1.2565498,-0.5320636,0.21594086,232.65242,109.71727,0.4860027,WAL
2085382340000,297.864952,-1.0294411952274,-8.8904255369863,0.68278693299726,-1.1753048,-0.6545421,0.24678956,232.48077,109.86086,0.31563827,WAL
2085387308000,297.86992,-0.8516918297599,-8.77192605404732,0.576137334009465,-1.0467176,-0.8038987,0.26145032,232.28372,109.973564,0.12999225,WAL
2085392333000,297.874945,-0.671903069398755,-8.65206697559153,0.468264098318306,-0.90194255,-0.91782504,0.2864958,232.12096,109.97481,-0.010176981,WAL
2085397329000,297.879941,-0.493151895913325,-8.53289962117061,0.361013414634122,-0.75747293,-0.98899084,0.30543262,231.93027,109.93887,-0.1606804,WAL
2085402226000,297.884838,-0.43930457381796,-8.41055822622684,-0.0682115812136021,-0.63316184,-0.9981538,0.33353242,231.7556,109.854195,-0.28150055,WAL
2085407273000,297.889885,-0.424541543863775,-8.28261148360823,-0.619364504241499,-0.5439755,-0.99204516,0.34208453,231.56683,109.73973,-0.40461007,WAL
2085412240000,297.894852,-0.439697801015948,-8.23322497145107,-1.11110755243158,-0.5195409,-0.95386606,0.35796702,231.37498,109.66185,-0.51342016,WAL
2085417254000,297.899866,-0.463333406083875,-8.20486215849577,-1.59327403994881,-0.50701815,-0.89888823,0.35735616,231.19029,109.56393,-0.61503446,WAL
2085422275000,297.904887,-0.526987054721193,-8.20496158734608,-1.92710393216538,-0.5183192,-0.8268061,0.36774087,230.98436,109.55892,-0.7209881,WAL
2085427250000,297.909862,-0.60330238430874,-8.21450119591551,-2.20851670721794,-0.59589905,-0.77763146,0.36865717,230.78833,109.570526,-0.81897444,WAL
2085432248000,297.91486,-0.738873925935135,-8.25216709542998,-2.37097452176904,-0.70432764,-0.7812967,0.38148534,230.55853,109.67622,-0.92338073,WAL
2085437239000,297.919851,-0.893893954281081,-8.29914282889435,-2.49311152687961,-0.8417723,-0.7993172,0.37995818,230.3389,109.81161,-1.0198882,WAL
2085442306000,297.924918,-1.0664368827864,-8.31612509128878,-2.51790590662291,-0.98471475,-0.82772243,0.398895,230.09238,110.03122,-1.1320202,WAL
2085447247000,297.929859,-1.24054225022375,-8.32083073538186,-2.5037892200179,-1.1191051,-0.8436049,0.40194935,229.84425,110.284035,-1.2402816,WAL
2085452229000,297.934841,-1.43337280807112,-8.31220880910998,-2.36238805396064,-1.219287,-0.86193085,0.43951756,229.57472,110.587265,-1.39972,WAL
2085457308000,297.93992,-1.63743881927879,-8.29763236829488,-2.16318080562381,-1.3154984,-0.8695667,0.47586402,229.30515,110.92254,-1.5601428,WAL
2085462248000,297.94486,-1.8152261574908,-8.30018809981111,-1.95339637065315,-1.3842206,-0.8732319,0.5235115,229.03577,111.28403,-1.7705952,WAL
2085467235000,297.949847,-1.98615200051695,-8.30968417278059,-1.73499105517447,-1.4440855,-0.87109387,0.56382865,228.7695,111.66518,-1.987656,WAL
2085472348000,297.95496,-2.12853476717337,-8.33483686580248,-1.54601978043458,-1.4749341,-0.86926126,0.61666846,228.50806,112.034515,-2.2569435,WAL
2085477351000,297.959963,-2.25364499299636,-8.36611459722093,-1.37622730110976,-1.4947872,-0.84574294,0.66950834,228.25757,112.41386,-2.5315945,WAL
2085482342000,297.964954,-2.3905603286645,-8.44361569692034,-1.19060388183003,-1.5112807,-0.8335256,0.7284568,228.01479,112.771965,-2.8559828,WAL
2085487335000,297.969947,-2.53687637166124,-8.5568926286645,-0.992369342453854,-1.5103643,-0.8384125,0.77518797,227.778,113.12847,-3.1862605,WAL
2085492355000,297.974967,-2.67510183060362,-8.73696823103622,-0.806606087672032,-1.4908166,-0.8491027,0.8213083,227.55019,113.46013,-3.5529568,WAL
2085497324000,297.979936,-2.80436271714286,-8.97155277142857,-0.634258242285714,-1.4819591,-0.8622363,0.8729264,227.32571,113.79435,-3.9290316,WAL
2085502342000,297.984954,-2.8790108253399,-9.2239048764532,-0.4699542023133,-1.4492778,-0.88025683,0.9077458,227.1011,114.086006,-4.335098,WAL
2085507365000,297.989977,-2.90744679539901,-9.48930782453202,-0.313555985933005,-1.4043792,-0.89827734,0.9288206,226.87617,114.37272,-4.7463546,WAL
2085512346000,297.994958,-2.9406173503361,-9.79972042546461,-0.185268996132859,-1.3808609,-0.94897914,0.93951076,226.64352,114.624985,-5.17638,WAL
2085517327000,297.999939,-2.9783414334223,-10.153383735172,-0.0815278242704627,-1.3093897,-1.0146471,0.95203346,226.4033,114.85335,-5.6088977,WAL
2085522305000,298.004917,-2.93995141433072,-10.4543120991483,-0.0966855348358194,-1.20371,-1.108415,0.960891,226.15346,115.02553,-6.0400653,WAL
2085527315000,298.009927,-2.82185017847191,-10.7023247339142,-0.23604498032393,-1.0742066,-1.1979067,0.95325524,225.88538,115.17335,-6.469401,WAL
2085532304000,298.014916,-2.70424397773347,-10.949297794762,-0.374820284423768,-0.9120218,-1.2721269,0.9618073,225.61809,115.254074,-6.894927,WAL
2085537283000,298.019895,-2.58687350800473,-11.1957758204106,-0.513317425957761,-0.72143185,-1.3234396,0.9615019,225.33012,115.295395,-7.3148236,WAL
2085542309000,298.024921,-2.30939137402704,-11.3828946300696,-0.809350036931585,-0.5002986,-1.3264939,0.947452,225.04323,115.29446,-7.7243204,WAL
2085547337000,298.029949,-1.81623098312167,-11.4864578353134,-1.31730526119213,-0.27855456,-1.2641857,0.9434814,224.7607,115.24975,-8.124942,WAL
2085552359000,298.034971,-1.21329109579111,-11.5874695233827,-1.78790694684334,-0.06047566,-1.1099422,0.9104946,224.52849,115.13185,-8.421356,WAL
2085557365000,298.039977,-0.493981843117693,-11.6855571771239,-2.21762415233827,0.12064589,-0.88300574,0.8604037,224.3306,114.97162,-8.688501,WAL
2085562303000,298.044915,0.2697786396,-11.66675339,-2.519562054,0.23671028,-0.6017023,0.79626286,224.23346,114.79826,-8.799271,WAL
2085567327000,298.049939,1.121394247024,-11.4887324716,-2.65909229976,0.27763826,-0.35613444,0.70432764,224.17989,114.59716,-8.865573,WAL
2085572281000,298.054893,1.8703626224246,-11.3056130215985,-2.67954417311635,0.19914207,-0.1591304,0.571159,224.2445,114.39072,-8.679081,WAL
2085577312000,298.059924,2.50337554105703,-11.1089949117149,-2.53567760297601,0.032986723,-0.050701816,0.40561453,224.33699,114.1936,-8.45281,WAL
2085582275000,298.064887,2.90649428198371,-11.0573617623383,-2.37174870340201,-0.16646078,-0.038179077,0.20555615,224.5394,113.99216,-8.003338,WAL
2085587299000,298.069911,2.98948898059415,-11.2141298206037,-2.17348356063249,-0.36377025,-0.11056661,0.0036651916,224.72498,113.83119,-7.530011,WAL
2085592245000,298.074857,2.65297821993608,-11.4212548693568,-1.89362506967639,-0.5177083,-0.26542094,-0.18325958,224.9517,113.656876,-6.938017,WAL
2085597304000,298.079916,1.38029505913903,-11.750313209149,-1.41939333845386,-0.63591075,-0.45051312,-0.32620203,225.12744,113.5295,-6.343255,WAL
2085602313000,298.084925,0.288489275626604,-11.8839607104796,-1.10285994710874,-0.7266242,-0.5311473,-0.40561453,225.29735,113.39705,-5.738098,WAL
2085607330000,298.089942,-0.451130538099467,-11.6137155053286,-1.10760109626998,-0.7611381,-0.65301496,-0.42302418,225.39516,113.29272,-5.1635885,WAL
2085612289000,298.094901,-1.08551795629309,-11.4031288983652,-1.14528764329328,-0.7629707,-0.72173727,-0.4474588,225.36922,113.19835,-4.809759,WAL
2085617302000,298.099914,-1.49212952515265,-11.3274796970652,-1.26348869338192,-0.7330383,-0.7119634,-0.4166101,225.34065,113.11486,-4.4838905,WAL
2085622351000,298.104963,-1.78698753088773,-11.3468246229881,-1.31932692803397,-0.6545421,-0.61269784,-0.35094208,225.23763,113.07107,-4.334427,WAL
2085627313000,298.109925,-1.77291023840229,-11.6189849577367,-1.20670888213686,-0.55863625,-0.44501534,-0.25350907,225.16583,113.01969,-4.1974363,WAL
2085632310000,298.114922,-1.70263535736099,-11.9794039786805,-1.05658216006914,-0.4334089,-0.2764165,-0.1518,225.08183,112.98344,-4.1578803,WAL
2085637295000,298.119907,-1.4550621039758,-12.6120911019879,-0.790670109939499,-0.31764993,-0.13469578,-0.06780604,225.04636,112.92797,-4.1249866,WAL
2085642325000,298.124937,-1.19269825734597,-13.241182943128,-0.482970622559242,-0.19364429,-0.0012217305,-0.022296581,225.0828,112.807274,-4.0818586,WAL
2085647306000,298.129918,-0.867148548521327,-13.8154171740284,0.0279615382312796,-0.057421334,0.13103059,-0.028099801,225.16199,112.654816,-4.0320563,WAL
2085652458000,298.13507,-0.527173580434783,-14.4029192736132,0.541108019179696,0.10262536,0.19028452,-0.054367006,225.32416,112.37597,-3.9135215,WAL
2085657329000,298.139941,-0.167492586956522,-14.8824936881559,0.845837768747055,0.27183503,0.19547687,-0.100792766,225.50621,112.06187,-3.7818086,WAL
2085662310000,298.144922,0.175362874424752,-15.3198504617002,1.09531169086813,0.4352415,0.15790866,-0.16462818,225.78903,111.58992,-3.5590823,WAL
2085667299000,298.149911,0.404999116124962,-15.5159980396515,1.06182304710123,0.6017023,0.10598512,-0.22510384,226.06819,111.08181,-3.331045,WAL
2085672314000,298.154926,0.604863658774634,-15.6695472854634,0.990742589814634,0.7724391,0.0571159,-0.29901853,226.41792,110.47107,-3.0132241,WAL
2085677314000,298.159926,0.665594614872195,-15.6275028952195,0.752490345912195,0.9465357,0.014660766,-0.37690386,226.75322,109.830826,-2.6919637,WAL
2085682292000,298.164904,0.709364517729334,-15.5430036548664,0.520376183331726,1.128879,-0.0290161,-0.48563787,227.10068,109.14332,-2.3223248,WAL
2085687293000,298.169905,0.640067310041478,-15.1687984149706,0.321724181527925,1.312444,-0.07422013,-0.5897904,227.43465,108.42907,-1.9484701,WAL
2085692389000,298.175001,0.565356623752127,-14.7760797130832,0.122590335497448,1.5008959,-0.1563815,-0.7189884,227.73413,107.7135,-1.5578763,WAL
2085697302000,298.179914,0.44316851432793,-14.2578336657115,-0.0290914671935166,1.6911805,-0.22296582,-0.84635377,228.02335,106.9697,-1.1539222,WAL
2085702344000,298.184956,0.317772127656488,-13.7259800994896,-0.184755959187785,1.8961257,-0.24587326,-0.9682214,228.26138,106.22861,-0.75817657,WAL
2085707327000,298.189939,0.0330396843318556,-13.0049913223559,-0.315388695085497,1.9984456,-0.28008172,-1.0250319,228.48305,105.48919,-0.36255914,WAL
2085712279000,298.194891,-0.282321719054254,-12.2491250255436,-0.440532111948491,2.2317963,-0.30879238,-1.1255192,228.69843,104.68279,0.06626479,WAL
2085717302000,298.199914,-0.747363173074205,-11.6543309611307,-0.620360497031802,2.4856107,-0.29871312,-1.2238685,228.8687,103.909966,0.47136,WAL
2085722302000,298.204914,-1.22206747224971,-11.0762258374558,-0.80366214112289,2.7278187,-0.25320363,-1.3182472,229.04776,103.106804,0.89404666,WAL
2085727313000,298.209925,-1.70068347962114,-10.7998439329361,-0.85845992477238,2.9394836,-0.14538592,-1.398576,229.18141,102.300934,1.2823777,WAL
2085732289000,298.214901,-2.17630328302271,-10.562034056574,-0.897286052891333,3.1270192,-0.034513887,-1.4624114,229.34007,101.47159,1.6872596,WAL
2085737295000,298.219907,-2.71026192017895,-10.6791204894346,-0.858014805459737,3.2791247,0.0729984,-1.5085317,229.43112,100.65146,2.0332837,WAL
2085742263000,298.224875,-3.24463794096707,-10.8240358577955,-0.81272869078241,3.3744197,0.17440203,-1.5543466,229.56519,99.83947,2.396138,WAL
2085747312000,298.229924,-3.75719211926366,-11.1537085162459,-0.999927096398753,3.3918293,0.2669481,-1.5754215,229.66486,99.04083,2.700106,WAL
2085752304000,298.234916,-4.2573401523388,-11.5192016553667,-1.23557377094658,3.338684,0.37110063,-1.5778649,229.81235,98.2874,3.0104625,WAL
2085757321000,298.239933,-4.72823597893687,-11.8879017897676,-1.69581780546524,3.2296445,0.48991394,-1.5720617,229.94553,97.56385,3.2545843,WAL
2085762284000,298.244896,-5.18803261154882,-12.2528948766331,-2.19353572768525,3.0757065,0.6356053,-1.5442673,230.13269,96.921005,3.4916701,WAL
2085767307000,298.249919,-5.54487048631829,-12.4874637878649,-2.42905225668527,2.8695395,0.7510588,-1.5131133,230.31277,96.37366,3.657028,WAL
2085772294000,298.254906,-5.87704977788963,-12.6928901247369,-2.60825433060309,2.653904,0.7779369,-1.4563028,230.52312,95.91071,3.8043737,WAL
2085777312000,298.259924,-6.23153883288032,-12.9802717529412,-2.47645731738337,2.4593434,0.6728681,-1.3952162,230.65656,95.55281,3.8780117,WAL
2085782311000,298.264923,-6.59569555086207,-13.310441,-2.17542113706897,2.2941043,0.45081854,-1.3826935,230.77249,95.268936,3.9472587,WAL
2085787290000,298.269902,-6.94891587205534,-13.6176632284585,-1.90944488193676,2.189952,0.1554652,-1.4147639,230.8031,95.024475,3.9643404,WAL
2085792319000,298.274931,-7.30108665423913,-13.9174840586957,-1.65721434336957,2.0561724,-0.105374254,-1.5100589,230.78561,94.850624,3.9952438,WAL
2085797309000,298.279921,-7.2874115073332,-13.9985310554999,-1.73651527356241,1.9095647,-0.20891592,-1.6581937,230.73988,94.66966,4.0085835,WAL
2085802329000,298.284941,-7.08031382630735,-13.9648172947305,-1.9917752328892,1.7763962,-0.33078352,-1.7302758,230.6207,94.53499,4.0263453,WAL
2085807313000,298.289925,-6.5489892647053,-13.6779053016826,-2.16484173954541,1.7052304,-0.17928895,-1.8274034,230.55844,94.42534,4.0611773,WAL
2085812311000,298.294923,-5.84724095109712,-13.2587401606809,-2.29671399167569,1.428203,0.049785517,-1.8591684,230.48874,94.37669,4.099198,WAL
2085817308000,298.29992,-5.21566312640573,-12.5995190678759,-2.51730145244869,1.1426234,0.14630222,-1.81091,230.38881,94.39203,4.1691914,WAL
2085822392000,298.305004,-4.61606286418138,-11.7814600294033,-2.79618527954177,1.0268645,0.2611449,-1.7073684,230.36201,94.417206,4.234219,WAL
2085827285000,298.309897,-4.0727145727918,-11.1970480223441,-3.0787359079616,1.1194105,0.52106804,-1.5806139,230.40295,94.51905,4.361563,WAL
2085832296000,298.314908,-3.54625204929418,-10.778974920384,-3.38067766007905,1.3435981,0.91751957,-1.459968,230.51607,94.59252,4.4594593,WAL
2085837487000,298.320099,-2.9668219705582,-10.3843082268669,-3.59134729106383,1.6184875,1.2092078,-1.4074335,230.61139,94.74198,4.6279397,WAL
2085842316000,298.324928,-2.07160589821277,-10.4190363319149,-2.71928331829787,1.8316795,1.2760975,-1.3878858,230.75496,94.85643,4.7683587,WAL
2085847273000,298.329885,-1.15266076037547,-10.4546849582812,-1.82410396170213,1.9352211,1.2421945,-1.4004086,230.9009,95.06744,4.994724,WAL
2085852333000,298.334945,-0.639957514630454,-10.4300981166518,-1.32613613027605,1.9905044,1.2119566,-1.3942999,231.06673,95.25691,5.204437,WAL
2085857407000,298.340019,-0.356295667627387,-10.372404522707,-1.05208997764915,2.0393736,1.2666291,-1.3814718,231.24716,95.44297,5.4100327,WAL
2085862351000,298.344963,-0.160740349080568,-10.3956907741845,-1.02098469556266,2.0809124,1.2990049,-1.3384057,231.54144,95.74059,5.736326,WAL
2085867281000,298.349893,-0.00982709340697566,-10.462270106703,-1.11863447595187,2.1041253,1.409877,-1.3017539,231.87752,83.94571,6.052105,WAL
2085872332000,298.354944,0.0925089481989529,-10.4452384408377,-1.32883964115183,2.1007655,1.59558,-1.273654,232.26218,83.58062,6.390497,WAL
2085877310000,298.359922,0.142428681440838,-10.3453990473298,-1.64333388707853,2.0598376,1.7779233,-1.2339478,232.68097,83.213326,6.70539,WAL
2085882310000,298.364922,0.141840228825373,-10.1657482919048,-1.83460567899687,1.9758437,1.9575176,-1.185384,233.10925,82.82254,7.028139,WAL
2085887295000,298.369907,0.106626962819473,-9.93245985192698,-1.9402454862069,1.9068159,2.1013765,-1.1151345,233.58163,82.44474,7.3229756,WAL
2085892316000,298.374928,0.0590548490263239,-9.60294329560586,-2.20194454870429,1.8536706,2.132225,-1.0326678,234.0286,82.09456,7.597044,WAL
2085897306000,298.379918,-0.00457799437529448,-9.14772373501997,-2.67184860135204,1.8026633,2.1407773,-0.9599747,234.50964,81.76657,7.8453565,WAL
2085902314000,298.384926,-0.0907837939974028,-8.71331628531676,-2.96290728901772,1.7687603,2.2162192,-0.91354895,234.9362,81.44196,8.088585,WAL
2085907312000,298.389924,-0.201777396135794,-8.30485993915221,-3.05170224564512,1.7779233,2.287385,-0.8384125,235.3634,81.14732,8.295922,WAL
2085912279000,298.394891,-0.32143962109589,-7.90515541643836,-3.08436157479452,1.7831156,2.2974641,-0.7788532,235.7301,80.89899,8.482565,WAL
2085917308000,298.39992,-0.463539659810327,-7.51438038946259,-2.99301151205479,1.7831156,2.2892175,-0.73914695,236.11115,80.667366,8.647982,WAL
2085922373000,298.404985,-0.569222657351969,-7.16539059460761,-2.93424354074039,1.7660115,2.2339342,-0.7128797,236.4454,80.45749,8.784522,WAL
2085927311000,298.409923,-0.622814436991217,-6.88403385642648,-2.9208456074889,1.7357736,2.1688771,-0.68508536,236.7736,80.26156,8.906372,WAL
2085932243000,298.414855,-0.689772906519115,-6.64046161629779,-2.87685737581489,1.676825,2.1313088,-0.6591236,237.08987,80.07127,9.016143,WAL
2085937301000,298.419913,-0.792109832897384,-6.48451950724346,-2.75502766036217,1.6325374,2.0708332,-0.659429,237.3804,79.88505,9.1242285,WAL
2085942244000,298.424856,-0.876239430991984,-6.34376892656313,-2.68339055282565,1.5598444,2.0146337,-0.66156703,237.6708,79.720665,9.20856,WAL
2085947310000,298.429922,-0.924852777144289,-6.22709696686373,-2.72228118913828,1.4963144,1.9883664,-0.6569856,237.95152,79.564316,9.289233,WAL
2085952312000,298.434924,-0.996715331333664,-6.1393019840357,-2.71851685327714,1.4248432,2.0082195,-0.64904433,238.24026,79.41351,9.364681,WAL
2085957328000,298.43994,-1.12055955066931,-6.11072247228557,-2.62325204621715,1.3811663,2.0277672,-0.64843345,238.52014,79.26894,9.439049,WAL
2085962293000,298.444905,-1.25233252153978,-6.04385140402506,-2.48852504665844,1.3692545,1.9785925,-0.65301496,238.76561,79.13347,9.505279,WAL
2085967303000,298.449915,-1.40719417077084,-5.88443504936396,-2.25623250147143,1.3231341,1.8945986,-0.65148777,239.0053,79.012505,9.567991,WAL
2085972351000,298.454963,-1.56673890694444,-5.70910708194444,-1.99689717222222,1.2134838,1.9281962,-0.6789767,239.26038,78.89184,9.627403,WAL
2085977311000,298.459923,-1.73743974455128,-5.47843032514569,-1.64165499662005,1.0522153,1.9370537,-0.70249504,239.48283,78.789116,9.685918,WAL
2085982316000,298.464928,-1.91182559657407,-5.25351559152842,-1.28267639758516,0.91232723,1.9129245,-0.68019843,239.71104,78.67926,9.737744,WAL
2085987324000,298.469936,-2.10014655245902,-5.07931860163934,-0.92015847147541,0.75502944,1.8698585,-0.6704246,239.9354,78.58869,9.797769,WAL
2085992312000,298.474924,-2.2923355696527,-4.91049680948051,-0.563585416267776,0.63194007,1.8075503,-0.6401868,240.18042,78.490974,9.83374,WAL
2085997323000,298.479935,-2.5291023868337,-4.78514972515237,-0.247896352547161,0.5137377,1.779756,-0.59803706,240.41922,78.42275,9.862117,WAL
2086002537000,298.485149,-2.77254052235594,-4.6565346609318,0.0689970152078775,0.4447099,1.7153096,-0.5558874,240.71127,78.370155,9.837938,WAL
2086007371000,298.489983,-2.96247881900073,-4.55945504497629,0.22094761726477,0.27397305,1.6936239,-0.52839845,241.00156,78.35782,9.805561,WAL
2086012327000,298.494939,-3.15721075904449,-4.45992534355397,0.376733133150985,0.22479841,1.6670512,-0.46883908,241.3338,78.358055,9.705709,WAL
2086017324000,298.499936,-3.30034837666539,-4.32469255710184,0.46361717585758,0.12614368,1.6453656,-0.4279111,241.65494,78.394005,9.604201,WAL
2086022318000,298.50493,-3.43309819827718,-4.18278738748086,0.536858487733538,0.02321288,1.6209309,-0.3848451,241.95953,78.45271,9.486625,WAL
2086027348000,298.50996,-3.47755967367897,-3.99259234393472,0.594892307592795,-0.07727446,1.5741998,-0.35063666,242.27531,78.53973,9.332112,WAL
2086032278000,298.51489,-3.49165469527316,-3.79056370108469,0.646574102497761,-0.17623462,1.5357152,-0.3042109,242.57788,78.655106,9.163616,WAL
2086037341000,298.519953,-3.27446729806326,-3.42407887293431,0.805875046510949,-0.28313604,1.4825699,-0.28099802,242.86485,78.7927,8.973256,WAL
2086042322000,298.524934,-2.97734500050608,-3.00625048747445,1.00086163608759,-0.3979787,1.3942999,-0.26633725,243.12192,78.95563,8.776471,WAL
2086047338000,298.52995,-2.71436513992564,-2.80706014812582,1.14550298374033,-0.52015173,1.280679,-0.24098633,243.35901,79.13106,8.5788,WAL
2086052375000,298.534987,-2.46713798321777,-2.7101084013667,1.26669276842528,-0.64721173,1.1487321,-0.22968534,243.55804,79.32605,8.386444,WAL
2086057363000,298.539975,-2.18752702868502,-2.65150481397475,1.38578240077527,-0.77671516,0.9944886,-0.21166481,243.7864,79.48429,8.225894,WAL
2086062332000,298.544944,-1.89427547566842,-2.60893602660769,1.50402899393698,-0.9129381,0.8472701,-0.2003638,243.97256,79.66617,8.068965,WAL
2086067324000,298.549936,-1.68854228947368,-2.5741449,1.60537530526316,-1.0494665,0.6835582,-0.18600847,244.14421,79.82863,7.947755,WAL
2086072376000,298.554988,-1.52237364809245,-2.54270756031746,1.69968718362573,-1.176221,0.52381694,-0.18234327,244.26965,80.012245,7.831162,WAL
2086077346000,298.559958,-1.41364610763741,-2.54991153765445,1.78624784707073,-1.3063353,0.3643811,-0.16187929,244.3915,80.17836,7.7471423,WAL
2086082332000,298.564944,-1.35261078635492,-2.59060176954623,1.86762825774393,-1.4352279,0.22113322,-0.1469131,244.46835,80.363365,7.6678033,WAL
2086087341000,298.569953,-1.30352641116581,-2.70320181039779,2.01295121364711,-1.5543466,0.082161374,-0.12095132,244.52142,80.53306,7.6116776,WAL
2086092354000,298.574966,-1.26098239906459,-2.85446933219772,2.1925814266345,-1.6856827,-0.032375857,-0.09865474,244.53696,80.724815,7.5552363,WAL
2086097306000,298.579918,-1.26831690987985,-3.3284088281402,2.41761738294112,-1.8096883,-0.099571034,-0.08552113,244.53899,80.91635,7.505288,WAL
2086102344000,298.584956,-1.30664317847284,-4.01349063536888,2.67631955837553,-1.8713857,-0.1966986,-0.027488936,244.49487,81.1286,7.439265,WAL
2086107359000,298.589971,-1.32736609560581,-5.06510402389651,3.15787615084428,-1.9932534,-0.28496864,0.047647487,244.4602,81.34139,7.375843,WAL
2086112354000,298.594966,-1.33681333881702,-6.34992979115237,3.78139459737336,-2.1087067,-0.3659083,0.14905111,244.39523,81.57507,7.2899303,WAL
2086117340000,298.599952,-1.29302516046733,-7.70770353552694,4.6406620915403,-2.175291,-0.39767328,0.2742785,244.34113,81.8319,7.1565943,WAL
2086122364000,298.604976,-1.21042624010491,-9.13024063042442,5.67773768585598,-2.144748,-0.3930918,0.37720928,244.26965,82.1037,7.002388,WAL
2086127341000,298.609953,-0.903023856364351,-10.9378500845324,6.84391849621356,-2.035403,-0.40286562,0.514654,244.24957,82.36108,6.797403,WAL
2086132330000,298.614942,-0.355766971247255,-13.1721055395683,8.16004824346838,-1.8212948,-0.3100141,0.5858198,244.2552,82.6053,6.584378,WAL
2086137331000,298.619943,0.381920247726325,-15.0466926535815,9.55394563678673,-1.4767667,-0.226631,0.677755,244.37904,82.72605,6.3593473,WAL
2086142346000,298.624958,1.4460707785949,-16.3003492946176,11.0797142294618,-0.95325524,-0.22632557,0.6261369,244.49628,82.76253,6.162519,WAL
2086147327000,298.629939,2.61509806249341,-17.3110818606808,11.6758211612393,-0.24404067,-0.32406402,0.3930918,244.76288,82.4436,6.1118393,WAL
2086152317000,298.634929,3.95975660712404,-17.9607478876594,10.8498886035409,0.42943826,-0.3005457,-0.01863139,245.04524,81.97865,6.1246915,WAL
2086157302000,298.639914,5.07165491949218,-18.4385191583317,9.66568521635451,0.8472701,-0.01160644,-0.35338554,245.54498,81.07063,6.3856564,WAL
2086162314000,298.644926,5.94748072567098,-18.7397298098088,8.09939360291562,1.0207558,0.45814893,-0.52503866,246.07825,80.078575,6.678325,WAL
2086167293000,298.649905,6.08735269781775,-18.4979205939251,6.78763463698024,1.0451905,0.93859446,-0.58184916,246.6316,79.04001,7.1633224,WAL
2086172336000,298.654948,5.19483157257446,-17.4867130858154,5.80491192421115,0.98715824,1.2321151,-0.61422503,247.24973,78.03255,7.6289525,WAL
2086177284000,298.659896,4.21060948079248,-16.0914998104362,4.99214155912938,0.8723156,1.3295482,-0.63163465,247.8312,77.23705,8.118609,WAL
2086182303000,298.664915,3.0347788324807,-14.0170305404148,4.41540323192261,0.7012733,1.3301591,-0.6243043,248.4458,76.51545,8.559864,WAL
2086187275000,298.669887,1.82366402687689,-11.8771357859179,3.92159892984881,0.52595496,1.3005321,-0.6056729,248.9903,75.999954,8.883102,WAL
2086192322000,298.674934,0.43523177612527,-9.41345112941685,3.6867137299784,0.3387248,1.2788464,-0.5821546,249.52527,75.54811,9.18157,WAL
2086197263000,298.679875,-0.738230991454722,-7.36350136648491,3.53126416327167,0.12767084,1.2278391,-0.5726862,249.99594,75.25155,9.350466,WAL
2086202301000,298.684913,-1.62144572459591,-5.88364694819864,3.49837853242454,0.02321288,1.1435398,-0.516792,250.44223,74.99079,9.496869,WAL
2086207280000,298.689892,-2.40535402307539,-4.70063666092103,3.41201026964392,-0.20433442,1.039998,-0.4111123,250.84691,74.87548,9.502885,WAL
2086212314000,298.694926,-3.00953296065248,-4.09645767327432,3.21061732383131,-0.4098906,0.94806284,-0.27152961,251.22449,74.79464,9.486418,WAL
2086217239000,298.699851,-3.55258707989691,-3.72731445491673,3.03534839452815,-0.59131753,0.8750645,-0.07849618,251.56561,74.81281,9.347506,WAL
2086222353000,298.704965,-4.00408869587629,-3.86325043513085,2.90426716574147,-0.75228053,0.81183994,0.13988814,251.87244,74.898926,9.166359,WAL
2086227259000,298.709871,-4.32243174156677,-4.19715372957904,2.85290041773069,-0.89888823,0.68386364,0.355829,252.10136,75.107506,8.878919,WAL
2086232305000,298.714917,-4.36733884388068,-5.04140790956231,2.9831312488988,-1.040609,0.37507126,0.49235737,252.25021,75.370895,8.567595,WAL
2086237276000,298.719888,-4.4251835629614,-6.01232588167053,3.0819643888842,-1.1792754,-0.13744467,0.571159,252.26303,75.7538,8.171674,WAL
2086242320000,298.724932,-4.56782790423961,-7.85651058700696,3.00045341271884,-1.2825116,-0.72326446,0.6200282,252.15842,76.17254,7.7691755,WAL
2086247278000,298.72989,-4.77829031810213,-9.74204691920731,2.84753614742759,-1.2935071,-1.2977833,0.63316184,251.89218,76.62612,7.35434,WAL
2086252305000,298.734917,-5.20944532227515,-11.879475976372,2.4668352973609,-1.2333369,-1.7825048,0.66675943,251.48056,77.090836,6.947797,WAL
2086257342000,298.739954,-5.65885962084419,-13.9257500432517,1.96306081505993,-1.1282681,-2.0274618,0.73731434,250.92664,77.64327,6.4898915,WAL
2086262309000,298.744921,-6.19427846,-15.437812,0.81785933,-1.0085385,-1.9590448,0.8060367,250.32571,78.17148,6.0341964,WAL
2086267318000,298.74993,-6.64359792043651,-16.7764012551587,-0.0547996687532738,-0.8713993,-1.6560557,0.850019,249.62213,78.83831,5.4713397,WAL
2086272330000,298.754942,-6.79597564821429,-17.5049571107143,-0.00241985491160714,-0.6310238,-1.2782356,0.816116,248.96977,79.42298,4.9169164,WAL
2086277331000,298.759943,-6.6957650326969,-18.1513399522673,0.223352159596659,-0.21533,-0.88056225,0.7779369,248.28143,80.14068,4.2653112,WAL
2086282305000,298.764917,-5.71047390011933,-18.5113510089499,1.05706003526313,0.3387248,-0.6264423,0.6588182,247.68414,80.69966,3.6607132,WAL
2086287286000,298.769898,-4.60414785555001,-18.4617655023957,1.60972469292474,0.7724391,-0.6105598,0.45998153,247.14972,81.137985,3.0900733,WAL
2086292319000,298.774931,-3.00678081655021,-16.7681710503094,1.03717449141945,0.82650065,-0.64812803,0.22143865,246.69643,81.468414,2.5844188,WAL
2086297307000,298.779919,-1.57841277618975,-14.9515311515039,0.360590090497586,0.4810564,-0.73364913,0.10262536,246.35138,81.593636,2.2554688,WAL
2086302311000,298.784923,-0.759835854572967,-12.5803273126625,-0.751606855933903,0.22968534,-0.75686204,-0.04520403,246.03198,81.64304,2.0163105,WAL
2086307380000,298.789992,0.0367953085274157,-10.2015227934099,-1.82187902001862,-0.310625,-0.79381937,-0.17501289,245.72894,81.84006,2.0232131,WAL
2086312312000,298.794924,0.320211717026485,-8.23715367646389,-2.01245214292365,-0.8164214,-1.0393872,-0.29657507,245.36815,82.084,2.0774612,WAL
2086317286000,298.799898,0.532828213609689,-6.3671497114809,-2.18867004411186,-1.2437216,-1.398576,-0.28893927,244.94563,82.54413,2.3245244,WAL
2086322366000,298.804978,0.144814782416306,-5.37555982176054,-2.23657290350532,-1.5427402,-1.7348573,-0.2556471,244.45695,83.070854,2.587737,WAL
2086327282000,298.809894,-0.228306707037073,-4.4264003849971,-2.3157768947094,-1.7302758,-1.9660698,-0.24220806,243.89949,83.61224,2.8139288,WAL
2086332305000,298.814917,-0.581263533463989,-3.58116167941688,-2.78948206815988,-1.8689423,-2.0766363,-0.2144137,243.27643,84.18537,3.0186815,WAL
2086337625000,298.820237,-0.959306919811321,-2.72577600188679,-3.29116894716981,-1.9960022,-2.0894647,-0.12736541,242.59866,84.78699,3.1396532,WAL
2086342348000,298.82496,-1.34472238088355,-2.43671445998174,-3.73623230975857,-2.104736,-2.127949,0.015882496,241.87778,85.373344,3.2239056,WAL
2086347484000,298.830096,-1.75589580005639,-2.15829819726504,-4.20285858989662,-2.1762075,-2.2250767,0.15088372,241.07217,86.01436,3.1837397,WAL
2086352300000,298.834912,-2.04632513268797,-2.32735396463346,-4.43260102673872,-2.201253,-2.3145685,0.25442538,240.25615,86.57778,3.0957918,WAL
2086357336000,298.839948,-2.35002158599624,-2.50413237918233,-4.67283834234023,-2.172237,-2.3719897,0.3371976,239.35916,87.08128,2.88581,WAL
2086362313000,298.844925,-2.44736661357335,-2.74469533120215,-4.90507079267536,-2.1218405,-2.3445008,0.43401974,238.46432,92.68814,2.6238992,WAL
2086367643000,298.850255,-2.52785787372192,-3.01053335772657,-5.14190675619675,-2.0650299,-2.2354615,0.5684101,237.58218,92.806,2.3103464,WAL
2086372338000,298.85495,-2.51915080347599,-3.28045135341789,-5.12449279754067,-1.9981402,-2.1108449,0.7266242,236.6799,93.240944,1.8925521,WAL
2086377249000,298.859861,-2.51004315236251,-3.56278730162665,-5.1062776855151,-1.9285016,-2.025629,0.8750645,235.78685,93.94387,1.4072627,WAL
2086382307000,298.864919,-2.49618090554952,-4.0270316667325,-4.77224853935025,-1.8377881,-1.994475,1.0436633,234.93057,94.77959,0.8579482,WAL
2086387268000,298.86988,-2.48210654805964,-4.50087031207663,-4.41100524380369,-1.749518,-2.0045543,1.2162327,234.10536,95.69504,0.25380385,WAL
2086392324000,298.874936,-2.45188489080141,-5.21017434979463,-4.00863600129907,-1.6575829,-2.03693,1.4034629,233.3074,96.64413,-0.40418655,WAL
2086397244000,298.879856,-2.42037997228007,-5.93028724309867,-3.61257379249212,-1.6163495,-2.0485365,1.5005904,232.53223,97.628395,-1.0921757,WAL
2086402316000,298.884928,-2.2590518340089,-8.12690255412753,-3.50921080889768,-1.5503759,-1.9929478,1.6829338,231.81084,98.5489,-1.8210846,WAL
2086407297000,298.889909,-2.06569684980722,-10.6782441272368,-3.490346927217,-1.4666874,-1.8347337,1.8551978,231.13281,99.47988,-2.5708869,WAL
2086412314000,298.894926,-1.80198033037023,-12.2301289404247,-3.35749957720353,-1.38025,-1.5989398,2.0042489,230.51297,100.315575,-3.2723515,WAL
2086417248000,298.89986,-1.52225160026311,-13.4556075972562,-3.19321448532231,-1.3307699,-1.2873985,2.1368067,229.97401,101.15728,-3.9987109,WAL
2086422314000,298.904926,-1.06257907859353,-14.3036778308283,-3.04038456018651,-1.3072516,-1.0512991,2.225382,229.5346,101.872284,-4.6351333,WAL
2086427278000,298.90989,-0.514951676895228,-14.9034602786615,-2.89956603691717,-1.3197744,-0.8784242,2.2540927,229.1752,102.58199,-5.263339,WAL
2086432305000,298.914917,-0.014939507466243,-14.8724727672756,-2.82635220687053,-1.3946054,-0.7147123,2.248595,228.94958,103.19187,-5.8051624,WAL
2086437292000,298.919904,0.468725360917395,-14.697025631255,-2.76945044774623,-1.486846,-0.50243664,2.165212,228.78645,103.791405,-6.306406,WAL
2086442317000,298.924929,0.895555833383099,-14.0279457291729,-2.59285826357122,-1.5809193,-0.24801129,2.0152445,228.72595,104.29821,-6.652255,WAL
2086447292000,298.929904,1.30338273345277,-13.2454872166816,-2.38894491257092,-1.6743816,-0.0720821,1.7956384,228.69258,104.79569,-6.941886,WAL
2086452306000,298.934918,1.71401475880884,-12.3909470530259,-2.4304040515658,-1.7321084,0.025045475,1.5607607,228.70802,105.21991,-7.0774775,WAL
2086457369000,298.939981,2.12855617623439,-11.5106285063401,-2.53753255978866,-1.7348573,0.14660765,1.3539828,228.76349,105.618805,-7.1514287,WAL
2086462309000,298.944921,2.32783778284988,-10.6960182898851,-2.2191240014127,-1.6074919,0.23823744,1.1368202,228.87079,105.94484,-7.131843,WAL
2086467298000,298.94991,2.44933186735732,-9.89055744302128,-1.73314756941044,-1.4581354,0.11056661,0.9053023,228.93091,106.23103,-7.0635056,WAL
2086472294000,298.954906,2.35881520773657,-9.19833930179028,-1.49336331809463,-1.3374895,-0.29077184,0.6762278,228.98505,106.498436,-6.9469166,WAL
2086477337000,298.959949,2.11692430559463,-8.58074592071611,-1.42645731473785,-1.2632693,-0.87598073,0.44135013,228.93088,106.708694,-6.793023,WAL
2086482306000,298.964918,1.74812459489877,-8.18160639368797,-1.87837898991663,-1.215011,-1.4581354,0.20677789,228.76804,106.8377,-6.6083713,WAL
2086487300000,298.969912,1.3256787348551,-7.86358504390631,-2.53815409341008,-1.1951579,-1.7095064,0.0015271631,228.51938,106.93429,-6.3914657,WAL
2086492317000,298.974929,0.804402854132892,-7.85405649643215,-3.17865423907597,-1.1890492,-2.0864103,-0.080634214,228.0497,107.05061,-6.2457004,WAL
2086497306000,298.979918,0.244159631132892,-7.97855479643215,-3.80593508907597,-1.1759156,-2.2922719,-0.21960606,227.54207,107.136986,-6.040528,WAL
2086502309000,298.984921,-0.277391918061064,-8.273246331451,-4.05145664036179,-1.135904,-2.3124304,-0.34391713,226.94823,107.350975,-5.9365764,WAL
2086507329000,298.989941,-0.783547425821401,-8.64135964500383,-4.13428197975689,-1.0778717,-2.1487186,-0.43585235,226.34456,107.54909,-5.811449,WAL
2086512308000,298.99492,-1.20150878170639,-9.00938020998865,-3.88021358785471,-1.0403035,-1.8839084,-0.5030475,225.71683,107.85642,-5.7647085,WAL
2086517300000,298.999912,-1.56779715945895,-9.38019061634506,-3.4144395892168,-1.0442741,-1.5787812,-0.52381694,225.14568,108.156166,-5.695817,WAL
2086522310000,299.004922,-1.94097337236744,-9.69963169081404,-2.83576475138163,-1.0580186,-1.2843442,-0.4905248,224.61072,108.47829,-5.6798124,WAL
2086527314000,299.009926,-2.31932109826096,-9.96549768633308,-2.14553574508695,-1.1111639,-1.0021244,-0.4373795,224.15974,108.81085,-5.646581,WAL
2086532304000,299.014916,-2.62646431584039,-10.1012728787787,-1.39696407422612,-1.2034045,-0.76083267,-0.36468655,223.78905,109.10757,-5.660814,WAL
2086537285000,299.019897,-2.89083495634825,-10.1589534008464,-0.61346569350665,-1.2797627,-0.5558874,-0.2678644,223.49463,109.41774,-5.679265,WAL
2086542344000,299.024956,-2.97572767776239,-10.0516669581561,0.173006830319517,-1.352761,-0.42363504,-0.15699236,223.2553,109.68065,-5.7555623,WAL
2086547341000,299.029953,-2.95679196914631,-9.85284231427441,0.944637519940647,-1.4431691,-0.36865717,-0.034513887,223.06137,109.97391,-5.850661,WAL
2086552294000,299.034906,-2.78156917333662,-9.57215767570232,1.53101000251355,-1.5173893,-0.37323865,0.10873401,222.91495,110.20567,-6.007923,WAL
2086557327000,299.039939,-2.50600451043864,-9.23482810625924,2.01562380555939,-1.498147,-0.4428773,0.23243423,222.7752,110.4412,-6.192737,WAL
2086562310000,299.044922,-2.15086648113548,-8.95089533789044,2.15341407931264,-1.3649784,-0.56199604,0.33414328,222.6533,110.5781,-6.4041634,WAL
2086567302000,299.049914,-1.73783352915599,-8.70126026640084,2.05355995592899,-1.1334605,-0.6719518,0.3912592,222.52142,110.68765,-6.6400867,WAL
2086572310000,299.054922,-1.32314398404754,-8.50632215931602,1.73946902840163,-0.8570439,-0.7593055,0.43768495,222.40309,110.69134,-6.8583636,WAL
2086577313000,299.059925,-0.908509522083203,-8.37144094546971,1.19494904970285,-0.57940567,-0.8414669,0.4541783,222.25798,110.63546,-7.0902667,WAL
2086582308000,299.06492,-0.563793472785995,-8.27985923034076,0.59426051061599,-0.31398472,-0.9126327,0.46853364,222.12839,110.51207,-7.271707,WAL
2086587292000,299.069904,-0.273351400020595,-8.22177080832241,-0.0491804214941022,-0.1301143,-0.94714653,0.4578435,221.98607,110.33836,-7.4507127,WAL
2086592315000,299.074927,-0.0423434444635721,-8.1755692878881,-0.719586296188134,-0.071776666,-1.0054842,0.45478916,221.8422,110.18194,-7.5808587,WAL
2086597302000,299.079914,0.104473452274823,-8.14620608330772,-1.41451961048263,-0.00580322,-1.0158689,0.43951756,221.70198,109.976555,-7.6991835,WAL
2086602310000,299.084922,0.149201376953392,-8.15527731887709,-2.00035488200468,-0.025045475,-1.0067059,0.4071417,221.5782,109.86426,-7.7652445,WAL
2086607323000,299.089935,0.0800870593512687,-8.2071127492352,-2.46255681979485,-0.13439035,-0.96852684,0.36102137,221.46004,109.75856,-7.819027,WAL
2086612285000,299.094897,-0.0323340646501426,-8.24822854112744,-2.87356499908971,-0.31673363,-0.9410379,0.31337386,221.35449,109.77288,-7.841546,WAL
2086617300000,299.099912,-0.279899457148497,-8.25876345119544,-3.14746710574687,-0.5296202,-0.9236283,0.27152961,221.25471,109.82013,-7.8513875,WAL
2086622286000,299.104898,-0.542205705911526,-8.23659128030153,-3.30601203177941,-0.77121735,-0.90194255,0.25595254,221.13272,109.985634,-7.880772,WAL
2086627308000,299.10992,-0.82842702953779,-8.1698064509026,-3.31078253328705,-0.97219205,-0.87598073,0.25686884,221.0145,110.19115,-7.903381,WAL
2086632238000,299.11485,-1.09641727213759,-8.07592937367059,-3.25879559740347,-1.1484267,-0.81581056,0.2761111,220.88794,110.50491,-7.9674635,WAL
2086637294000,299.119906,-1.3515785311967,-7.93675058436332,-3.11961661432404,-1.2904528,-0.74097955,0.3210097,220.7741,110.85945,-8.037036,WAL
2086642246000,299.124858,-1.59650292021759,-7.78768546116652,-2.93591493018032,-1.3836098,-0.6630942,0.3659083,220.66583,111.28576,-8.146771,WAL
2086647305000,299.129917,-1.83564914288305,-7.60710561045633,-2.64308286655586,-1.4340062,-0.6206391,0.42394048,220.57072,111.73454,-8.270027,WAL
2086652310000,299.134922,-2.04264920292141,-7.48114528337716,-2.37090174084137,-1.4776831,-0.5928447,0.48380527,220.46695,112.208626,-8.451662,WAL
2086657330000,299.139942,-2.19246103016847,-7.45773719300808,-2.13213907242185,-1.4963144,-0.58246,0.5421429,220.37328,112.685455,-8.645028,WAL
2086662285000,299.144897,-2.3301080459364,-7.46493490600707,-1.8906579385159,-1.4947872,-0.58032197,0.60231316,220.26051,113.15061,-8.896313,WAL
2086667301000,299.149913,-2.44327009893993,-7.54980643345112,-1.63132837526502,-1.4957036,-0.5705481,0.6747007,220.15894,113.6207,-9.161813,WAL
2086672329000,299.154941,-2.55833271385872,-7.67968415793564,-1.39203851838199,-1.4691309,-0.573297,0.73761976,220.04932,114.06157,-9.464779,WAL
2086677310000,299.159922,-2.67714819856531,-7.94107817466374,-1.21619150176348,-1.4300356,-0.5693264,0.7828238,219.94928,114.49837,-9.77658,WAL
2086682318000,299.16493,-2.78697602999511,-8.23554639086468,-1.01073350520762,-1.4071281,-0.5693264,0.8164214,219.85263,114.901726,-10.1132145,WAL
2086687290000,299.169902,-2.86606459198828,-8.62633611807523,-0.71764110049829,-1.3552046,-0.5681047,0.8313876,219.75948,115.28452,-10.451519,WAL
2086692314000,299.174926,-2.93569902798327,-9.04865783094796,-0.436406016604182,-1.3246613,-0.59223384,0.84604836,219.66127,115.63283,-10.805185,WAL
2086697293000,299.179905,-2.96228795226766,-9.58043770483271,-0.219262598333086,-1.2709051,-0.6563747,0.8399397,219.55096,115.95619,-11.156326,WAL
2086702304000,299.184916,-2.98311800701894,-10.1174071587238,-0.00492494244656032,-1.181108,-0.7333437,0.82527894,219.43738,116.195465,-11.499388,WAL
2086707326000,299.189938,-2.86324081415753,-10.697612888335,0.110157145175972,-1.0589349,-0.8393288,0.8231409,219.2983,116.41084,-11.849051,WAL
2086712498000,299.19511,-2.72302476786695,-11.2720594665424,0.2061277932604,-0.9007208,-0.9639453,0.8127562,219.14412,116.51483,-12.174053,WAL
2086717301000,299.199913,-2.38905618357535,-11.5247923651884,0.0210911485184458,-0.70524395,-1.072374,0.79717916,218.96373,116.57859,-12.500967,WAL
2086722631000,299.205243,-2.00947268461852,-11.791756754794,-0.19765497494084,-0.4859433,-1.144456,0.77763146,218.78757,116.52519,-12.771754,WAL
2086727310000,299.209922,-1.54784504543044,-11.8328917699918,-0.581582951136271,-0.28924468,-1.1676689,0.74036866,218.5909,116.43007,-13.034174,WAL
2086732491000,299.215103,-1.0362765797931,-11.8735888275862,-1.00589495517241,-0.08582657,-1.1133019,0.6963864,218.43654,116.249344,-13.202696,WAL
2086737288000,299.2199,-0.557554163495074,-11.8518287339901,-1.38887287512315,0.064446285,-0.98990715,0.6450737,218.29033,116.036255,-13.350121,WAL
2086742298000,299.22491,-0.0575751546034482,-11.8291024323607,-1.78885606856764,0.17134771,-0.8390234,0.593761,218.21092,115.78239,-13.377648,WAL
2086747310000,299.229922,0.413717670402711,-11.7257640161483,-2.0095266226575,0.21288654,-0.6899723,0.53023106,218.15924,115.50898,-13.375362,WAL
2086752324000,299.234936,0.88279409573126,-11.6156749288278,-2.21534587483054,0.16920967,-0.5656612,0.4364632,218.13486,115.22835,-13.338666,WAL
2086757323000,299.239935,1.08240962022466,-11.6203089555666,-2.18292582142786,0.057726767,-0.46639562,0.31581733,218.19287,114.95192,-13.161023,WAL
2086762246000,299.244858,1.25659084114828,-11.634431550674,-2.13114225174239,-0.093462385,-0.42821655,0.17562376,218.257,114.688736,-12.954064,WAL
2086767341000,299.249953,0.9525929984375,-11.766004625,-2.0045454140625,-0.25259277,-0.42302418,0.022907447,218.38138,114.43279,-12.646254,WAL
2086772328000,299.25494,0.605285057016509,-11.9068050424528,-1.87313154408412,-0.40317106,-0.43218717,-0.11362094,218.49734,114.20351,-12.31532,WAL
2086777312000,299.259924,0.0684639123059754,-11.9573702909607,-1.73375857807649,-0.52320606,-0.46028697,-0.22693644,218.61467,113.9732,-11.936939,WAL
2086782242000,299.264854,-0.487159941604951,-11.9956894499341,-1.59485261459876,-0.6044512,-0.4746423,-0.30604348,218.7202,113.76711,-11.544811,WAL
2086787294000,299.269906,-1.03140661690266,-11.8278705742153,-1.43838155899594,-0.6258314,-0.4841107,-0.3222314,218.80333,113.59925,-11.197942,WAL
2086792251000,299.274863,-1.56258413930092,-11.6398432542826,-1.28325892188336,-0.6637051,-0.505491,-0.33444872,218.87135,113.45474,-10.847668,WAL
2086797308000,299.27992,-1.87863394617931,-11.5227008411034,-1.25630797994483,-0.6575964,-0.5103779,-0.3036,218.89139,113.34098,-10.614852,WAL
2086802300000,299.284912,-2.15998338750345,-11.4171949784828,-1.24751581707586,-0.6084218,-0.4896085,-0.24740042,218.91487,113.23276,-10.392782,WAL
2086807322000,299.289934,-2.15611832321083,-11.7151735567376,-1.27081019061896,-0.52687126,-0.4288274,-0.16157386,218.8941,113.16086,-10.286384,WAL
2086812244000,299.294856,-2.03961797878788,-12.1659787222222,-1.30626683787879,-0.42424592,-0.30634892,-0.067500606,218.904,113.08132,-10.191703,WAL
2086817305000,299.299917,-1.67477271552575,-12.7143424275869,-1.2473976284437,-0.27947086,-0.1731803,0.003970624,218.90561,113.009834,-10.163646,WAL
2086822317000,299.304929,-1.26796402848095,-13.2731456512061,-1.17140036015647,-0.111177474,-0.005192355,0.027794369,218.95604,112.91306,-10.132378,WAL
2086827315000,299.309927,-0.825908115683362,-13.7990843877334,-1.06300115459996,0.058643065,0.1572978,0.029932396,219.07875,112.75922,-10.071024,WAL
2086832263000,299.314875,-0.373367416956706,-14.3069358928268,-0.942323640189941,0.23396139,0.28069258,0.029932396,219.166353284598,112.639583048268,-10.02409182856,WAL
2086837301000,299.319913,0.0157335692883413,-14.6813022093601,-1.00234807811236,0.3903429,0.36560285,-0.03970624,219.25555,112.51777,-9.976306,WAL
2086842311000,299.324923,0.386302088725634,-15.0209895144355,-1.10381326894538,0.5149594,0.45173484,-0.10354166,219.51651,112.21448,-9.79018,WAL
2086847307000,299.329919,0.702048190742101,-15.2771739441587,-1.17532258552535,0.63713247,0.59895337,-0.17928895,219.90724,111.753456,-9.474934,WAL
2086852320000,299.334932,0.989283072108744,-15.4888212571639,-1.23075388432875,0.7684685,0.7504479,-0.2501493,220.31609,111.26365,-9.145456,WAL
2086857320000,299.339932,0.885086915535131,-15.4777925916054,-0.968998368374183,0.89980453,0.88300574,-0.31215215,220.81305,110.71846,-8.724353,WAL
2086862307000,299.344919,0.646094128186274,-15.3899990845588,-0.598315676960784,1.0137309,0.890947,-0.36743546,221.30794,110.15255,-8.299238,WAL
2086867306000,299.349918,0.349993933883314,-15.1670285971412,-0.349784377125438,1.1181889,0.7910705,-0.44776422,221.84473,109.54415,-7.8261228,WAL
2086872350000,299.354962,0.0352853781493582,-14.9039887056593,-0.13371583513944,1.2568552,0.6087272,-0.5644395,222.34776,108.90532,-7.352617,WAL
2086877313000,299.359925,-0.148972018668004,-14.4405795078713,0.0175019438662389,1.4401149,0.44837508,-0.6780604,222.79535,108.208664,-6.9115963,WAL
2086882306000,299.364918,-0.288016734214379,-13.8987846871553,0.146957363851399,1.6526959,0.3652974,-0.7791586,223.20622,107.475266,-6.4654164,WAL
2086887298000,299.36991,-0.433428216582303,-13.2873352281685,0.195436425753478,1.8872682,0.22174409,-0.83077675,223.50858,106.694595,-6.080872,WAL
2086892319000,299.374931,-0.582068533776082,-12.6463239666731,0.214016463583849,2.0024164,0.1142318,-0.9459248,223.79092,105.89088,-5.6652055,WAL
2086897306000,299.379918,-0.827676792367396,-12.0994250610329,0.176097105746679,2.2311852,0.010079277,-1.0604621,224.0158,105.01703,-5.284219,WAL
2086902299000,299.384911,-1.12381644030566,-11.5978981361502,0.109226870708221,2.4834726,-0.055283304,-1.1753048,224.22293,104.1126,-4.8843107,WAL
2086907318000,299.38993,-1.49845354326942,-11.3221402053691,0.0286376828306807,2.733622,-0.064446285,-1.280679,224.3903,103.18034,-4.4962697,WAL
2086912312000,299.394924,-1.91114693001918,-11.1662335583893,-0.0584864652092042,2.946814,-0.029321533,-1.368949,224.55875,102.198906,-4.089739,WAL
2086917305000,299.399917,-2.38437844808433,-11.1494199722279,-0.129035480908169,3.1199942,0.039095376,-1.4361442,224.68959,101.20175,-3.710845,WAL
2086922317000,299.404929,-2.90494282266369,-11.2369912862356,-0.187416536070545,3.2577443,0.13469578,-1.466382,224.85,100.16989,-3.3213181,WAL
2086927310000,299.409922,-3.39828040553288,-11.39167257635,-0.243354688934232,3.338073,0.23426682,-1.4874569,224.99117,99.15066,-2.9764218,WAL
2086932308000,299.41492,-3.87524831586789,-11.5915451434944,-0.297865328264212,3.3631186,0.3173445,-1.4618006,225.1704,98.128456,-2.6396763,WAL
2086937300000,299.419912,-4.31496014467354,-11.7559415979381,-0.430791774295533,3.338073,0.35430184,-1.4352279,225.33313,97.13993,-2.3652985,WAL
2086942336000,299.424948,-4.72008956762123,-11.8848463247423,-0.647167658083238,3.2601879,0.38056904,-1.3939945,225.53195,96.1804,-2.105943,WAL
2086947305000,299.429917,-5.09445552617247,-12.0206279446294,-0.997231040090772,3.1514537,0.3726278,-1.3381003,225.6924,95.277405,-1.9228014,WAL
2086952303000,299.434915,-5.43238182450832,-12.1702808683812,-1.55722354447806,3.0143147,0.42302418,-1.260215,225.891,94.43022,-1.7601568,WAL
2086957303000,299.439915,-5.81147165527518,-12.3680658366779,-2.05518118054838,2.82403,0.5580254,-1.1963795,226.08229,93.70579,-1.6627698,WAL
2086962313000,299.444925,-6.24999173922114,-12.6349914297636,-2.46510200848401,2.586098,0.6918049,-1.1621711,226.29848,93.064545,-1.5814884,WAL
2086967240000,299.449852,-6.81018691791401,-12.9321332698065,-2.62384600364191,2.3365595,0.6988298,-1.1664472,226.48494,92.61076,-1.554219,WAL
2086972317000,299.454929,-7.59358147397273,-13.2936999879874,-2.39670797432548,2.1676552,0.5290093,-1.2938126,226.66428,92.21223,-1.5015482,WAL
2086977273000,299.459885,-8.16512985988754,-13.488649735239,-2.28333691504217,2.0867157,0.22418754,-1.5234979,226.75642,91.93848,-1.4679887,WAL
2086982305000,299.464917,-8.28255749850047,-13.3079915031865,-2.42786317056232,2.0305161,0.07269296,-1.7354681,226.84729,91.695,-1.4009073,WAL
2086987318000,299.46993,-8.23621127885669,-13.0280086208545,-2.60823335081167,2.0073032,-0.043982297,-1.78617,226.8491,91.532936,-1.4025469,WAL
2086992320000,299.474932,-7.39178704925804,-12.2599169238124,-2.96604024464695,1.9248364,0.061086524,-1.781283,226.87544,91.39446,-1.3567065,WAL
2086997308000,299.47992,-6.57192651067201,-11.4961370047535,-3.31989382249977,1.7837266,0.23182335,-1.6536123,226.86671,91.34496,-1.3426356,WAL
2087002301000,299.484913,-5.86775235157983,-10.7429376727561,-3.65861058437879,1.7290541,0.46181414,-1.4792101,226.90892,88.6492,-1.341377,WAL
2087007504000,299.490116,-5.13087639650797,-9.97129199857883,-4.00723399126992,1.7592919,0.7984009,-1.3151928,227.02432,88.6832,-1.2801967,WAL
2087012312000,299.494924,-4.39703093188509,-9.48517786762765,-4.25496512971272,1.8466456,1.2165382,-1.2067643,227.22885,88.66665,-1.2540699,WAL
2087017479000,299.500091,-3.61433706041165,-9.01284743597969,-4.43187771130714,2.0228803,1.6539177,-1.0797043,227.50958,88.69548,-1.1852741,WAL
2087022324000,299.504936,-2.94870934937183,-9.14514619834269,-3.57193631716119,2.1746802,1.8457294,-0.979217,227.83469,88.6857,-1.1410241,WAL
2087027246000,299.509858,-2.27250303487481,-9.27954754165553,-2.69832815576049,2.2724187,1.8017471,-0.9779953,228.2183,88.7531,-1.0138562,WAL
2087032304000,299.514916,-0.938296639794851,-9.77244615839826,-1.98500311142124,2.2837198,1.7519615,-0.97341377,228.6471,88.771706,-0.91720206,WAL
2087037268000,299.51988,0.538660684067462,-10.3491631790117,-1.33326648414045,2.293188,1.8402315,-0.9645562,229.09586,88.75466,-0.82309496,WAL
2087042319000,299.524931,1.20807086541252,-10.6194803603029,-0.91588476933041,2.3765712,1.9688187,-0.9810496,229.57689,88.58589,-0.6238561,WAL
2087047244000,299.529856,1.61224148114588,-10.788667556397,-0.582208977306696,2.4593434,1.9773707,-1.0228939,230.046,88.342606,-0.4239161,WAL
2087052305000,299.534917,1.86042190732915,-10.7722028096326,-0.591962594346088,2.4819455,1.9373591,-1.0381655,230.58623,87.93858,-0.046013277,WAL
2087057331000,299.539943,2.05284413043975,-10.694317988578,-0.715662543660765,2.4553728,1.9013181,-1.0393872,231.13127,87.453064,0.3300007,WAL
2087062309000,299.544921,2.11345168261946,-10.5446312086427,-0.940953618027794,2.4132233,1.8872682,-1.0122037,231.70316,86.85835,0.73806334,WAL
2087067258000,299.54987,2.10894039543118,-10.3596678686465,-1.21614237204455,2.3588562,1.9431623,-0.9761627,232.28586,86.25833,1.1322644,WAL
2087072319000,299.554931,1.92276167975207,-10.0471384607438,-1.53325866859504,2.3014348,2.007914,-0.9315695,232.80737,85.64825,1.5318985,WAL
2087077309000,299.559921,1.59693251590909,-9.64232110227273,-1.87389813181818,2.2354615,2.031127,-0.88239485,233.33316,85.05851,1.9096388,WAL
2087082306000,299.564918,1.18527596867369,-9.24047917468867,-2.09857534951402,2.1774292,2.0412061,-0.852157,233.83014,84.51432,2.2660928,WAL
2087087297000,299.569909,0.72312208746178,-8.84123616377442,-2.25343321418447,2.1450534,2.0073032,-0.81061816,234.31992,83.991066,2.5979602,WAL
2087092314000,299.574926,0.258560672506834,-8.43991334555027,-2.40909779183457,2.0882428,1.919644,-0.7819075,234.75908,83.55067,2.882442,WAL
2087097308000,299.57992,-0.203871001060039,-8.04043035686949,-2.56404873877189,1.9990565,1.8414533,-0.79076505,235.191,83.131325,3.16094,WAL
2087102303000,299.584915,-0.585573997925105,-7.74395532147497,-2.60213592858235,1.9052887,1.8414533,-0.79137594,235.61105,82.72967,3.4218078,WAL
2087107325000,299.589937,-0.930157913847918,-7.49585499258693,-2.58375813354987,1.8289305,1.8054122,-0.79626286,235.99905,82.348206,3.684531,WAL
2087112310000,299.594922,-1.23066722692199,-7.29582163092199,-2.56825780776359,1.7330247,1.7559321,-0.8145888,236.35495,82.08177,3.8429785,WAL
2087117304000,299.599916,-1.50202361937589,-7.12848508737589,-2.55468990077541,1.6264287,1.7171422,-0.8179486,236.70184,81.84252,3.9962313,WAL
2087122326000,299.604938,-1.7475963058836,-6.94334773237043,-2.55938120836873,1.5366315,1.7006488,-0.82527894,237.0443,81.640594,4.115008,WAL
2087127314000,299.609926,-1.96067009403144,-6.7404204664401,-2.58474722255735,1.4364496,1.7033978,-0.82833326,237.37859,81.471,4.231595,WAL
2087132307000,299.614919,-2.14207954469027,-6.56885274280973,-2.6093514920354,1.3234396,1.7229455,-0.84207773,237.69629,81.327965,4.3161845,WAL
2087137302000,299.619914,-2.30082791818182,-6.41972542045455,-2.63340424545455,1.2305881,1.7330247,-0.8594874,238.00908,81.20644,4.4008,WAL
2087142310000,299.624922,-2.42773204862878,-6.22315826063195,-2.50169720435215,1.1450669,1.765706,-0.8784242,238.32922,81.12094,4.4587193,WAL
2087147311000,299.629923,-2.53242791406002,-5.99473087721582,-2.26375201950517,1.0864239,1.7928895,-0.9071349,238.64749,81.04954,4.522552,WAL
2087152304000,299.634916,-2.60033759423356,-5.72739117907853,-1.97363255496957,1.0115929,1.790446,-0.9379836,238.96326,81.01032,4.565228,WAL
2087157323000,299.639935,-2.64212196908143,-5.4302577013909,-1.64399997363083,0.91782504,1.7672331,-0.97402465,239.27719,80.98637,4.6160374,WAL
2087162311000,299.644923,-2.67198274890418,-5.12749491710074,-1.28698067176413,0.7877107,1.7681495,-0.98837996,239.60579,80.94575,4.6594377,WAL
2087167309000,299.649921,-2.69079939613759,-4.81701989390663,-0.90123915787715,0.6398814,1.7712038,-0.9801333,239.92294,80.9312,4.706075,WAL
2087172303000,299.654915,-2.70765939100328,-4.57032955160033,-0.552109594347558,0.50640726,1.7376062,-0.98807454,240.241,80.871124,4.77309,WAL
2087177313000,299.659925,-2.72242547686705,-4.3931370351867,-0.242022646423882,0.4083634,1.7162259,-0.97524637,240.55505,80.84238,4.830088,WAL
2087182308000,299.66492,-2.76936990319089,-4.28369371587983,0.0171163787661877,0.30848694,1.6740762,-0.9627236,240.92268,80.78789,4.873152,WAL
2087187301000,299.669913,-2.84521323777757,-4.23461874034335,0.231262284059339,0.26053402,1.6462818,-0.9245446,241.28091,80.75101,4.9042673,WAL
2087192298000,299.67491,-2.92368512121089,-4.19125207102804,0.397260427184072,0.16035213,1.6129897,-0.8888089,241.66824,80.70449,4.9195127,WAL
2087197302000,299.679914,-3.00644408325884,-4.15717459719626,0.484887634636327,0.059864793,1.591304,-0.8527679,242.04446,80.67649,4.9230433,WAL
2087202307000,299.684919,-3.03496748280212,-4.08661875139624,0.5363012,-0.04153884,1.5809193,-0.81183994,242.43828,80.64895,4.8993325,WAL
2087207338000,299.68995,-2.98625306311988,-3.96367281083293,0.5363012,-0.16646078,1.5647314,-0.7809912,242.8183,80.656006,4.8682284,WAL
2087212291000,299.694903,-2.93829390575831,-3.842633008883,0.5363012,-0.26206118,1.5476271,-0.7452556,243.19977,80.67998,4.8088055,WAL
2087217872000,299.700484,-2.88425391843043,-3.70624634732788,0.5363012,-0.37995818,1.5106697,-0.71776664,243.56454,80.74316,4.7439184,WAL
